timestamp;name;progress;eng_4;eng_1;grace_eng;prox_epsilon;prox_weight;gaze_weight
1731800118.1104803;/app/bags/user95_2017-02-24.bag;0.834065854549408;0.0;0.9619645476341248;0.0;0.7960547501412467;0.9444047902630928;0.055595209736907236
1731800118.310412;/app/bags/user95_2017-02-24.bag;0.834065854549408;0.0;0.9619645476341248;0.0;0.7960547501412467;0.9444047902630928;0.055595209736907236
1731800118.5104191;/app/bags/user95_2017-02-24.bag;0.834065854549408;0.0;0.9619645476341248;0.0;0.7960547501412467;0.9444047902630928;0.055595209736907236
1731800118.710416;/app/bags/user95_2017-02-24.bag;0.834065854549408;0.0;0.9619645476341248;0.0;0.7960547501412467;0.9444047902630928;0.055595209736907236
1731800118.9104147;/app/bags/user95_2017-02-24.bag;0.834065854549408;0.0;0.9619645476341248;0.0;0.7960547501412467;0.9444047902630928;0.055595209736907236
1731800119.1105251;/app/bags/user95_2017-02-24.bag;0.834065854549408;0.0;0.9619645476341248;0.0;0.7960547501412467;0.9444047902630928;0.055595209736907236
1731800119.3104098;/app/bags/user95_2017-02-24.bag;0.834065854549408;0.0;0.9619645476341248;0.0;0.7960547501412467;0.9444047902630928;0.055595209736907236
1731800119.5104468;/app/bags/user95_2017-02-24.bag;0.834065854549408;0.0;0.9619645476341248;0.0;0.7960547501412467;0.9444047902630928;0.055595209736907236
1731800119.710367;/app/bags/user95_2017-02-24.bag;0.834065854549408;0.0;0.9619645476341248;0.0;0.7960547501412467;0.9444047902630928;0.055595209736907236
1731800119.9104083;/app/bags/user95_2017-02-24.bag;0.834065854549408;0.0;0.9619645476341248;0.0;0.7960547501412467;0.9444047902630928;0.055595209736907236
1731800120.1103535;/app/bags/user95_2017-02-24.bag;0.834065854549408;0.0;0.9619645476341248;0.0;0.7960547501412467;0.9444047902630928;0.055595209736907236
1731800120.310385;/app/bags/user95_2017-02-24.bag;0.834065854549408;0.0;0.9619645476341248;0.0;0.7960547501412467;0.9444047902630928;0.055595209736907236
1731800120.5105464;/app/bags/user95_2017-02-24.bag;0.834065854549408;0.0;0.9619645476341248;0.0;0.7960547501412467;0.9444047902630928;0.055595209736907236
1731800120.710391;/app/bags/user95_2017-02-24.bag;0.834065854549408;0.0;0.9619645476341248;0.0;0.7960547501412467;0.9444047902630928;0.055595209736907236
1731800120.9103687;/app/bags/user95_2017-02-24.bag;0.834065854549408;0.0;0.9619645476341248;0.0;0.7960547501412467;0.9444047902630928;0.055595209736907236
1731800121.11049;/app/bags/user95_2017-02-24.bag;0.834065854549408;0.0;0.9619645476341248;0.0;0.7960547501412467;0.9444047902630928;0.055595209736907236
1731800121.3103583;/app/bags/user95_2017-02-24.bag;0.834065854549408;0.0;0.9619645476341248;0.0;0.7960547501412467;0.9444047902630928;0.055595209736907236
1731800121.510517;/app/bags/user95_2017-02-24.bag;0.834065854549408;0.0;0.9619645476341248;0.0;0.7960547501412467;0.9444047902630928;0.055595209736907236
1731800121.7103949;/app/bags/user95_2017-02-24.bag;0.834065854549408;0.0;0.9619645476341248;0.0;0.7960547501412467;0.9444047902630928;0.055595209736907236
1731800121.9104133;/app/bags/user95_2017-02-24.bag;0.834065854549408;0.0;0.9619645476341248;0.0;0.7960547501412467;0.9444047902630928;0.055595209736907236
1731800122.1103733;/app/bags/user95_2017-02-24.bag;0.834065854549408;0.0;0.9619645476341248;0.0;0.7960547501412467;0.9444047902630928;0.055595209736907236
1731800122.3104339;/app/bags/user95_2017-02-24.bag;0.834065854549408;0.0;0.9619645476341248;0.0;0.7960547501412467;0.9444047902630928;0.055595209736907236
1731800122.5104525;/app/bags/user95_2017-02-24.bag;0.834065854549408;0.0;0.9619645476341248;0.0;0.7960547501412467;0.9444047902630928;0.055595209736907236
1731800122.7103906;/app/bags/user95_2017-02-24.bag;0.834065854549408;0.0;0.9619645476341248;0.0;0.7960547501412467;0.9444047902630928;0.055595209736907236
1731800122.9104197;/app/bags/user95_2017-02-24.bag;0.834065854549408;0.0;0.9619645476341248;0.0;0.7960547501412467;0.9444047902630928;0.055595209736907236
1731800123.1104107;/app/bags/user95_2017-02-24.bag;0.834065854549408;0.0;0.9619645476341248;0.0;0.7960547501412467;0.9444047902630928;0.055595209736907236
1731800123.3104544;/app/bags/user95_2017-02-24.bag;0.834065854549408;0.0;0.9619645476341248;0.0;0.7960547501412467;0.9444047902630928;0.055595209736907236
1731800123.510419;/app/bags/user95_2017-02-24.bag;0.834065854549408;0.0;0.9619645476341248;0.0;0.7960547501412467;0.9444047902630928;0.055595209736907236
1731800123.7105746;/app/bags/user95_2017-02-24.bag;0.834065854549408;0.0;0.9619645476341248;0.0;0.7960547501412467;0.9444047902630928;0.055595209736907236
1731800123.9104385;/app/bags/user95_2017-02-24.bag;0.834065854549408;0.0;0.9619645476341248;0.0;0.7960547501412467;0.9444047902630928;0.055595209736907236
1731800124.1104455;/app/bags/user95_2017-02-24.bag;0.834065854549408;0.0;0.9619645476341248;0.0;0.7960547501412467;0.9444047902630928;0.055595209736907236
1731800124.3103793;/app/bags/user95_2017-02-24.bag;0.834065854549408;0.0;0.9619645476341248;0.0;0.7960547501412467;0.9444047902630928;0.055595209736907236
1731800124.5103877;/app/bags/user95_2017-02-24.bag;0.834065854549408;0.0;0.9619645476341248;0.0;0.7960547501412467;0.9444047902630928;0.055595209736907236
1731800124.7104502;/app/bags/user95_2017-02-24.bag;0.834065854549408;0.0;0.9619645476341248;0.0;0.7960547501412467;0.9444047902630928;0.055595209736907236
1731800124.9103975;/app/bags/user95_2017-02-24.bag;0.834065854549408;0.0;0.9619645476341248;0.0;0.7960547501412467;0.9444047902630928;0.055595209736907236
1731800125.1104753;/app/bags/user95_2017-02-24.bag;0.834065854549408;0.0;0.9619645476341248;0.0;0.7960547501412467;0.9444047902630928;0.055595209736907236
1731800125.3103857;/app/bags/user95_2017-02-24.bag;0.834065854549408;0.0;0.9619645476341248;0.0;0.7960547501412467;0.9444047902630928;0.055595209736907236
1731800125.510385;/app/bags/user95_2017-02-24.bag;0.834065854549408;0.0;0.9619645476341248;0.0;0.7960547501412467;0.9444047902630928;0.055595209736907236
1731800125.7104135;/app/bags/user95_2017-02-24.bag;0.834065854549408;0.0;0.9619645476341248;0.0;0.7960547501412467;0.9444047902630928;0.055595209736907236
1731800125.9104078;/app/bags/user95_2017-02-24.bag;0.834065854549408;0.0;0.9619645476341248;0.0;0.7960547501412467;0.9444047902630928;0.055595209736907236
1731800126.1103854;/app/bags/user95_2017-02-24.bag;0.834065854549408;0.0;0.9619645476341248;0.0;0.7960547501412467;0.9444047902630928;0.055595209736907236
1731800126.3103867;/app/bags/user95_2017-02-24.bag;0.834065854549408;0.0;0.9619645476341248;0.0;0.7960547501412467;0.9444047902630928;0.055595209736907236
1731800126.5103667;/app/bags/user95_2017-02-24.bag;0.834065854549408;0.0;0.9619645476341248;0.0;0.7960547501412467;0.9444047902630928;0.055595209736907236
1731800126.7103977;/app/bags/user95_2017-02-24.bag;0.834065854549408;0.0;0.9619645476341248;0.0;0.7960547501412467;0.9444047902630928;0.055595209736907236
1731800126.9103465;/app/bags/user95_2017-02-24.bag;0.834065854549408;0.0;0.9619645476341248;0.0;0.7960547501412467;0.9444047902630928;0.055595209736907236
1731800127.1104174;/app/bags/user95_2017-02-24.bag;0.834065854549408;0.0;0.9619645476341248;0.0;0.7960547501412467;0.9444047902630928;0.055595209736907236
1731800127.3103836;/app/bags/user95_2017-02-24.bag;0.834065854549408;0.0;0.9619645476341248;0.0;0.7960547501412467;0.9444047902630928;0.055595209736907236
1731800127.5104594;/app/bags/user95_2017-02-24.bag;0.834065854549408;0.0;0.9619645476341248;0.0;0.7960547501412467;0.9444047902630928;0.055595209736907236
1731800127.7103975;/app/bags/user95_2017-02-24.bag;0.834065854549408;0.0;0.9619645476341248;0.0;0.7960547501412467;0.9444047902630928;0.055595209736907236
1731800127.9103968;/app/bags/user95_2017-02-24.bag;0.834065854549408;0.0;0.9619645476341248;0.0;0.7960547501412467;0.9444047902630928;0.055595209736907236
1731800128.1104362;/app/bags/user95_2017-02-24.bag;0.834065854549408;0.0;0.9619645476341248;0.0;0.7960547501412467;0.9444047902630928;0.055595209736907236
1731800128.3103921;/app/bags/user95_2017-02-24.bag;0.834065854549408;0.0;0.9619645476341248;0.0;0.7960547501412467;0.9444047902630928;0.055595209736907236
1731800128.5103686;/app/bags/user95_2017-02-24.bag;0.834065854549408;0.0;0.9619645476341248;0.0;0.7960547501412467;0.9444047902630928;0.055595209736907236
1731800128.7104278;/app/bags/user95_2017-02-24.bag;0.834065854549408;0.0;0.9619645476341248;0.0;0.7960547501412467;0.9444047902630928;0.055595209736907236
1731800128.9103963;/app/bags/user95_2017-02-24.bag;0.834065854549408;0.0;0.9619645476341248;0.0;0.7960547501412467;0.9444047902630928;0.055595209736907236
1731800129.110401;/app/bags/user95_2017-02-24.bag;0.834065854549408;0.0;0.9619645476341248;0.0;0.7960547501412467;0.9444047902630928;0.055595209736907236
1731800129.3103883;/app/bags/user95_2017-02-24.bag;0.834065854549408;0.0;0.9619645476341248;0.0;0.7960547501412467;0.9444047902630928;0.055595209736907236
1731800129.5104659;/app/bags/user95_2017-02-24.bag;0.834065854549408;0.0;0.9619645476341248;0.0;0.7960547501412467;0.9444047902630928;0.055595209736907236
1731800129.710441;/app/bags/user95_2017-02-24.bag;0.834065854549408;0.0;0.9619645476341248;0.0;0.7960547501412467;0.9444047902630928;0.055595209736907236
1731800129.9103954;/app/bags/user95_2017-02-24.bag;0.834065854549408;0.0;0.9619645476341248;0.0;0.7960547501412467;0.9444047902630928;0.055595209736907236
1731800130.1104379;/app/bags/user95_2017-02-24.bag;0.834065854549408;0.0;0.9619645476341248;0.0;0.7960547501412467;0.9444047902630928;0.055595209736907236
1731800130.310351;/app/bags/user95_2017-02-24.bag;0.834065854549408;0.0;0.9619645476341248;0.0;0.7960547501412467;0.9444047902630928;0.055595209736907236
1731800130.5103724;/app/bags/user95_2017-02-24.bag;0.834065854549408;0.0;0.9619645476341248;0.0;0.7960547501412467;0.9444047902630928;0.055595209736907236
1731800130.7104967;/app/bags/user95_2017-02-24.bag;0.834065854549408;0.0;0.9619645476341248;0.0;0.7960547501412467;0.9444047902630928;0.055595209736907236
1731800130.9104002;/app/bags/user95_2017-02-24.bag;0.834065854549408;0.0;0.9619645476341248;0.0;0.7960547501412467;0.9444047902630928;0.055595209736907236
1731800131.1104586;/app/bags/user95_2017-02-24.bag;0.834065854549408;0.0;0.9619645476341248;0.0;0.7960547501412467;0.9444047902630928;0.055595209736907236
1731800131.3103635;/app/bags/user95_2017-02-24.bag;0.834065854549408;0.0;0.9619645476341248;0.0;0.7960547501412467;0.9444047902630928;0.055595209736907236
1731800131.5104187;/app/bags/user95_2017-02-24.bag;0.834065854549408;0.0;0.9619645476341248;0.0;0.7960547501412467;0.9444047902630928;0.055595209736907236
1731800131.710396;/app/bags/user95_2017-02-24.bag;0.834065854549408;0.0;0.9619645476341248;0.0;0.7960547501412467;0.9444047902630928;0.055595209736907236
1731800131.9103482;/app/bags/user95_2017-02-24.bag;0.834065854549408;0.0;0.9619645476341248;0.0;0.7960547501412467;0.9444047902630928;0.055595209736907236
1731800132.1103508;/app/bags/user95_2017-02-24.bag;0.834065854549408;0.0;0.9619645476341248;0.0;0.7960547501412467;0.9444047902630928;0.055595209736907236
1731800132.3103795;/app/bags/user95_2017-02-24.bag;0.834065854549408;0.0;0.9619645476341248;0.0;0.7960547501412467;0.9444047902630928;0.055595209736907236
1731800132.5103824;/app/bags/user95_2017-02-24.bag;0.834065854549408;0.0;0.9619645476341248;0.0;0.7960547501412467;0.9444047902630928;0.055595209736907236
1731800132.710421;/app/bags/user95_2017-02-24.bag;0.834065854549408;0.0;0.9619645476341248;0.0;0.7960547501412467;0.9444047902630928;0.055595209736907236
1731800132.9104292;/app/bags/user95_2017-02-24.bag;0.834065854549408;0.0;0.9619645476341248;0.0;0.7960547501412467;0.9444047902630928;0.055595209736907236
1731800133.11041;/app/bags/user95_2017-02-24.bag;0.834065854549408;0.0;0.9619645476341248;0.0;0.7960547501412467;0.9444047902630928;0.055595209736907236
1731800133.3105204;/app/bags/user95_2017-02-24.bag;0.834065854549408;0.0;0.9619645476341248;0.0;0.7960547501412467;0.9444047902630928;0.055595209736907236
1731800133.5104146;/app/bags/user95_2017-02-24.bag;0.834065854549408;0.0;0.9619645476341248;0.0;0.7960547501412467;0.9444047902630928;0.055595209736907236
1731800133.7104301;/app/bags/user95_2017-02-24.bag;0.834065854549408;0.0;0.9619645476341248;0.0;0.7960547501412467;0.9444047902630928;0.055595209736907236
1731800133.9103844;/app/bags/user95_2017-02-24.bag;0.834065854549408;0.0;0.9619645476341248;0.0;0.7960547501412467;0.9444047902630928;0.055595209736907236
1731800134.110398;/app/bags/user95_2017-02-24.bag;0.834065854549408;0.0;0.9619645476341248;0.0;0.7960547501412467;0.9444047902630928;0.055595209736907236
1731800134.3103728;/app/bags/user95_2017-02-24.bag;0.834065854549408;0.0;0.9619645476341248;0.0;0.7960547501412467;0.9444047902630928;0.055595209736907236
1731800134.5104232;/app/bags/user95_2017-02-24.bag;0.834065854549408;0.0;0.9619645476341248;0.0;0.7960547501412467;0.9444047902630928;0.055595209736907236
1731800134.710391;/app/bags/user95_2017-02-24.bag;0.834065854549408;0.0;0.9619645476341248;0.0;0.7960547501412467;0.9444047902630928;0.055595209736907236
1731800134.9104223;/app/bags/user95_2017-02-24.bag;0.834065854549408;0.0;0.9619645476341248;0.0;0.7960547501412467;0.9444047902630928;0.055595209736907236
1731800135.1103668;/app/bags/user95_2017-02-24.bag;0.834065854549408;0.0;0.9619645476341248;0.0;0.7960547501412467;0.9444047902630928;0.055595209736907236
1731800135.3104503;/app/bags/user95_2017-02-24.bag;0.834065854549408;0.0;0.9619645476341248;0.0;0.7960547501412467;0.9444047902630928;0.055595209736907236
1731800135.5103908;/app/bags/user95_2017-02-24.bag;0.834065854549408;0.0;0.9619645476341248;0.0;0.7960547501412467;0.9444047902630928;0.055595209736907236
1731800135.7103987;/app/bags/user95_2017-02-24.bag;0.834065854549408;0.0;0.9619645476341248;0.0;0.7960547501412467;0.9444047902630928;0.055595209736907236
1731800135.9103782;/app/bags/user95_2017-02-24.bag;0.834065854549408;0.0;0.9619645476341248;0.0;0.7960547501412467;0.9444047902630928;0.055595209736907236
1731800136.1104643;/app/bags/user95_2017-02-24.bag;0.834065854549408;0.0;0.9619645476341248;0.0;0.7960547501412467;0.9444047902630928;0.055595209736907236
1731800136.310455;/app/bags/user95_2017-02-24.bag;0.834065854549408;0.0;0.9619645476341248;0.0;0.7960547501412467;0.9444047902630928;0.055595209736907236
1731800136.510511;/app/bags/user95_2017-02-24.bag;0.834065854549408;0.0;0.9619645476341248;0.0;0.7960547501412467;0.9444047902630928;0.055595209736907236
1731800136.7104168;/app/bags/user95_2017-02-24.bag;0.834065854549408;0.0;0.9619645476341248;0.0;0.7960547501412467;0.9444047902630928;0.055595209736907236
1731800136.910424;/app/bags/user95_2017-02-24.bag;0.834065854549408;0.0;0.9619645476341248;0.0;0.7960547501412467;0.9444047902630928;0.055595209736907236
1731800137.1104038;/app/bags/user95_2017-02-24.bag;0.834065854549408;0.0;0.9619645476341248;0.0;0.7960547501412467;0.9444047902630928;0.055595209736907236
1731800137.3103855;/app/bags/user95_2017-02-24.bag;0.834065854549408;0.0;0.9619645476341248;0.0;0.7960547501412467;0.9444047902630928;0.055595209736907236
1731800137.5103946;/app/bags/user95_2017-02-24.bag;0.834065854549408;0.0;0.9619645476341248;0.0;0.7960547501412467;0.9444047902630928;0.055595209736907236
1731800137.7104003;/app/bags/user95_2017-02-24.bag;0.834065854549408;0.0;0.9619645476341248;0.0;0.7960547501412467;0.9444047902630928;0.055595209736907236
1731800137.9104304;/app/bags/user95_2017-02-24.bag;0.834065854549408;0.0;0.9619645476341248;0.0;0.7960547501412467;0.9444047902630928;0.055595209736907236
1731800138.11064;/app/bags/user95_2017-02-24.bag;0.834065854549408;0.0;0.9619645476341248;0.0;0.7960547501412467;0.9444047902630928;0.055595209736907236
1731800138.3104215;/app/bags/user95_2017-02-24.bag;0.834065854549408;0.0;0.9619645476341248;0.0;0.7960547501412467;0.9444047902630928;0.055595209736907236
1731800138.510429;/app/bags/user95_2017-02-24.bag;0.834065854549408;0.0;0.9619645476341248;0.0;0.7960547501412467;0.9444047902630928;0.055595209736907236
1731800138.7104194;/app/bags/user95_2017-02-24.bag;0.834065854549408;0.0;0.9619645476341248;0.0;0.7960547501412467;0.9444047902630928;0.055595209736907236
1731800138.9103963;/app/bags/user95_2017-02-24.bag;0.834065854549408;0.0;0.9619645476341248;0.0;0.7960547501412467;0.9444047902630928;0.055595209736907236
1731800139.1103864;/app/bags/user95_2017-02-24.bag;0.834065854549408;0.0;0.9619645476341248;0.0;0.7960547501412467;0.9444047902630928;0.055595209736907236
1731800139.3103921;/app/bags/user95_2017-02-24.bag;0.834065854549408;0.0;0.9619645476341248;0.0;0.7960547501412467;0.9444047902630928;0.055595209736907236
1731800139.5105429;/app/bags/user95_2017-02-24.bag;0.834065854549408;0.0;0.9619645476341248;0.0;0.7960547501412467;0.9444047902630928;0.055595209736907236
1731800139.7104828;/app/bags/user95_2017-02-24.bag;0.834065854549408;0.0;0.9619645476341248;0.0;0.7960547501412467;0.9444047902630928;0.055595209736907236
1731800139.9103427;/app/bags/user95_2017-02-24.bag;0.834065854549408;0.0;0.9619645476341248;0.0;0.7960547501412467;0.9444047902630928;0.055595209736907236
1731800140.1104264;/app/bags/user95_2017-02-24.bag;0.834065854549408;0.0;0.9619645476341248;0.0;0.7960547501412467;0.9444047902630928;0.055595209736907236
1731800140.3103817;/app/bags/user95_2017-02-24.bag;0.834065854549408;0.0;0.9619645476341248;0.0;0.7960547501412467;0.9444047902630928;0.055595209736907236
1731800140.510418;/app/bags/user95_2017-02-24.bag;0.834065854549408;0.0;0.9619645476341248;0.0;0.7960547501412467;0.9444047902630928;0.055595209736907236
1731800140.7103703;/app/bags/user95_2017-02-24.bag;0.834065854549408;0.0;0.9619645476341248;0.0;0.7960547501412467;0.9444047902630928;0.055595209736907236
1731800140.9103854;/app/bags/user95_2017-02-24.bag;0.834065854549408;0.0;0.9619645476341248;0.0;0.7960547501412467;0.9444047902630928;0.055595209736907236
1731800141.1103685;/app/bags/user95_2017-02-24.bag;0.834065854549408;0.0;0.9619645476341248;0.0;0.7960547501412467;0.9444047902630928;0.055595209736907236
1731800141.3104172;/app/bags/user95_2017-02-24.bag;0.834065854549408;0.0;0.9619645476341248;0.0;0.7960547501412467;0.9444047902630928;0.055595209736907236
1731800141.5104067;/app/bags/user95_2017-02-24.bag;0.834065854549408;0.0;0.9619645476341248;0.0;0.7960547501412467;0.9444047902630928;0.055595209736907236
1731800141.710388;/app/bags/user95_2017-02-24.bag;0.834065854549408;0.0;0.9619645476341248;0.0;0.7960547501412467;0.9444047902630928;0.055595209736907236
1731800141.910445;/app/bags/user95_2017-02-24.bag;0.834065854549408;0.0;0.9619645476341248;0.0;0.7960547501412467;0.9444047902630928;0.055595209736907236
1731800142.1104596;/app/bags/user95_2017-02-24.bag;0.834065854549408;0.0;0.9619645476341248;0.0;0.7960547501412467;0.9444047902630928;0.055595209736907236
1731800142.3104062;/app/bags/user95_2017-02-24.bag;0.834065854549408;0.0;0.9619645476341248;0.0;0.7960547501412467;0.9444047902630928;0.055595209736907236
1731800142.51039;/app/bags/user95_2017-02-24.bag;0.834065854549408;0.0;0.9619645476341248;0.0;0.7960547501412467;0.9444047902630928;0.055595209736907236
1731800142.7103715;/app/bags/user95_2017-02-24.bag;0.834065854549408;0.0;0.9619645476341248;0.0;0.7960547501412467;0.9444047902630928;0.055595209736907236
1731800142.91043;/app/bags/user95_2017-02-24.bag;0.834065854549408;0.0;0.9619645476341248;0.0;0.7960547501412467;0.9444047902630928;0.055595209736907236
1731800143.1103547;/app/bags/user95_2017-02-24.bag;0.834065854549408;0.0;0.9619645476341248;0.0;0.7960547501412467;0.9444047902630928;0.055595209736907236
1731800143.3104577;/app/bags/user95_2017-02-24.bag;0.834065854549408;0.0;0.9619645476341248;0.0;0.7960547501412467;0.9444047902630928;0.055595209736907236
1731800143.510393;/app/bags/user95_2017-02-24.bag;0.834065854549408;0.0;0.9619645476341248;0.0;0.7960547501412467;0.9444047902630928;0.055595209736907236
1731800143.7103932;/app/bags/user95_2017-02-24.bag;0.834065854549408;0.0;0.9619645476341248;0.0;0.7960547501412467;0.9444047902630928;0.055595209736907236
1731800143.9104035;/app/bags/user95_2017-02-24.bag;0.834065854549408;0.0;0.9619645476341248;0.0;0.7960547501412467;0.9444047902630928;0.055595209736907236
1731800144.110395;/app/bags/user95_2017-02-24.bag;0.834065854549408;0.0;0.9619645476341248;0.0;0.7960547501412467;0.9444047902630928;0.055595209736907236
1731800144.3103802;/app/bags/user95_2017-02-24.bag;0.834065854549408;0.0;0.9619645476341248;0.0;0.7960547501412467;0.9444047902630928;0.055595209736907236
1731800144.5103807;/app/bags/user95_2017-02-24.bag;0.834065854549408;0.0;0.9619645476341248;0.0;0.7960547501412467;0.9444047902630928;0.055595209736907236
1731800144.7103944;/app/bags/user95_2017-02-24.bag;0.834065854549408;0.0;0.9619645476341248;0.0;0.7960547501412467;0.9444047902630928;0.055595209736907236
1731800144.910494;/app/bags/user95_2017-02-24.bag;0.834065854549408;0.0;0.9619645476341248;0.0;0.7960547501412467;0.9444047902630928;0.055595209736907236
1731800145.110448;/app/bags/user95_2017-02-24.bag;0.834065854549408;0.0;0.9619645476341248;0.0;0.7960547501412467;0.9444047902630928;0.055595209736907236
1731800145.3103874;/app/bags/user95_2017-02-24.bag;0.834065854549408;0.0;0.9619645476341248;0.0;0.7960547501412467;0.9444047902630928;0.055595209736907236
1731800145.5103657;/app/bags/user95_2017-02-24.bag;0.834065854549408;0.0;0.9619645476341248;0.0;0.7960547501412467;0.9444047902630928;0.055595209736907236
1731800145.710402;/app/bags/user95_2017-02-24.bag;0.834065854549408;0.0;0.9619645476341248;0.0;0.7960547501412467;0.9444047902630928;0.055595209736907236
1731800145.9104133;/app/bags/user95_2017-02-24.bag;0.834065854549408;0.0;0.9619645476341248;0.0;0.7960547501412467;0.9444047902630928;0.055595209736907236
1731800146.1103811;/app/bags/user95_2017-02-24.bag;0.834065854549408;0.0;0.9619645476341248;0.0;0.7960547501412467;0.9444047902630928;0.055595209736907236
1731800146.3105106;/app/bags/user95_2017-02-24.bag;0.834065854549408;0.0;0.9619645476341248;0.0;0.7960547501412467;0.9444047902630928;0.055595209736907236
1731800146.510492;/app/bags/user95_2017-02-24.bag;0.834065854549408;0.0;0.9619645476341248;0.0;0.7960547501412467;0.9444047902630928;0.055595209736907236
1731800146.7104154;/app/bags/user95_2017-02-24.bag;0.834065854549408;0.0;0.9619645476341248;0.0;0.7960547501412467;0.9444047902630928;0.055595209736907236
1731800146.9104013;/app/bags/user95_2017-02-24.bag;0.834065854549408;0.0;0.9619645476341248;0.0;0.7960547501412467;0.9444047902630928;0.055595209736907236
1731800147.110434;/app/bags/user95_2017-02-24.bag;0.834065854549408;0.0;0.9619645476341248;0.0;0.7960547501412467;0.9444047902630928;0.055595209736907236
1731800147.3103833;/app/bags/user95_2017-02-24.bag;0.834065854549408;0.0;0.9619645476341248;0.0;0.7960547501412467;0.9444047902630928;0.055595209736907236
1731800147.510379;/app/bags/user95_2017-02-24.bag;0.834065854549408;0.0;0.9619645476341248;0.0;0.7960547501412467;0.9444047902630928;0.055595209736907236
1731800147.7104213;/app/bags/user95_2017-02-24.bag;0.834065854549408;0.0;0.9619645476341248;0.0;0.7960547501412467;0.9444047902630928;0.055595209736907236
1731800147.9104395;/app/bags/user95_2017-02-24.bag;0.834065854549408;0.0;0.9619645476341248;0.0;0.7960547501412467;0.9444047902630928;0.055595209736907236
1731800148.110455;/app/bags/user95_2017-02-24.bag;0.834065854549408;0.0;0.9619645476341248;0.0;0.7960547501412467;0.9444047902630928;0.055595209736907236
1731800148.3104024;/app/bags/user95_2017-02-24.bag;0.834065854549408;0.0;0.9619645476341248;0.0;0.7960547501412467;0.9444047902630928;0.055595209736907236
1731800148.5103881;/app/bags/user95_2017-02-24.bag;0.834065854549408;0.0;0.9619645476341248;0.0;0.7960547501412467;0.9444047902630928;0.055595209736907236
1731800148.710469;/app/bags/user95_2017-02-24.bag;0.834065854549408;0.0;0.9619645476341248;0.0;0.7960547501412467;0.9444047902630928;0.055595209736907236
1731800148.9103982;/app/bags/user95_2017-02-24.bag;0.834065854549408;0.0;0.9619645476341248;0.0;0.7960547501412467;0.9444047902630928;0.055595209736907236
1731800149.1104167;/app/bags/user95_2017-02-24.bag;0.834065854549408;0.0;0.9619645476341248;0.0;0.7960547501412467;0.9444047902630928;0.055595209736907236
1731800149.310392;/app/bags/user95_2017-02-24.bag;0.834065854549408;0.0;0.9619645476341248;0.0;0.7960547501412467;0.9444047902630928;0.055595209736907236
1731800149.5105371;/app/bags/user95_2017-02-24.bag;0.834065854549408;0.0;0.9619645476341248;0.0;0.7960547501412467;0.9444047902630928;0.055595209736907236
1731800149.710503;/app/bags/user95_2017-02-24.bag;0.834065854549408;0.0;0.9619645476341248;0.0;0.7960547501412467;0.9444047902630928;0.055595209736907236
1731800149.9103684;/app/bags/user95_2017-02-24.bag;0.834065854549408;0.0;0.9619645476341248;0.0;0.7960547501412467;0.9444047902630928;0.055595209736907236
1731800150.1103973;/app/bags/user95_2017-02-24.bag;0.834065854549408;0.0;0.9619645476341248;0.0;0.7960547501412467;0.9444047902630928;0.055595209736907236
1731800150.3104653;/app/bags/user95_2017-02-24.bag;0.834065854549408;0.0;0.9619645476341248;0.0;0.7960547501412467;0.9444047902630928;0.055595209736907236
1731800150.5104358;/app/bags/user95_2017-02-24.bag;0.834065854549408;0.0;0.9619645476341248;0.0;0.7960547501412467;0.9444047902630928;0.055595209736907236
1731800150.7104073;/app/bags/user95_2017-02-24.bag;0.834065854549408;0.0;0.9619645476341248;0.0;0.7960547501412467;0.9444047902630928;0.055595209736907236
1731800150.9104557;/app/bags/user95_2017-02-24.bag;0.834065854549408;0.0;0.9619645476341248;0.0;0.7960547501412467;0.9444047902630928;0.055595209736907236
1731800151.1105492;/app/bags/user95_2017-02-24.bag;0.834065854549408;0.0;0.9619645476341248;0.0;0.7960547501412467;0.9444047902630928;0.055595209736907236
1731800151.310411;/app/bags/user95_2017-02-24.bag;0.834065854549408;0.0;0.9619645476341248;0.0;0.7960547501412467;0.9444047902630928;0.055595209736907236
1731800151.5103827;/app/bags/user95_2017-02-24.bag;0.834065854549408;0.0;0.9619645476341248;0.0;0.7960547501412467;0.9444047902630928;0.055595209736907236
1731800151.7103765;/app/bags/user95_2017-02-24.bag;0.834065854549408;0.0;0.9619645476341248;0.0;0.7960547501412467;0.9444047902630928;0.055595209736907236
1731800151.9104111;/app/bags/user95_2017-02-24.bag;0.834065854549408;0.0;0.9619645476341248;0.0;0.7960547501412467;0.9444047902630928;0.055595209736907236
1731800152.1103916;/app/bags/user95_2017-02-24.bag;0.834065854549408;0.0;0.9619645476341248;0.0;0.7960547501412467;0.9444047902630928;0.055595209736907236
1731800152.31045;/app/bags/user95_2017-02-24.bag;0.834065854549408;0.0;0.9619645476341248;0.0;0.7960547501412467;0.9444047902630928;0.055595209736907236
1731800152.510408;/app/bags/user95_2017-02-24.bag;0.834065854549408;0.0;0.9619645476341248;0.0;0.7960547501412467;0.9444047902630928;0.055595209736907236
1731800152.7103436;/app/bags/user95_2017-02-24.bag;0.834065854549408;0.0;0.9619645476341248;0.0;0.7960547501412467;0.9444047902630928;0.055595209736907236
1731800152.9104285;/app/bags/user95_2017-02-24.bag;0.834065854549408;0.0;0.9619645476341248;0.0;0.7960547501412467;0.9444047902630928;0.055595209736907236
1731800153.1105666;/app/bags/user95_2017-02-24.bag;0.834065854549408;0.0;0.9619645476341248;0.0;0.7960547501412467;0.9444047902630928;0.055595209736907236
1731800153.310396;/app/bags/user95_2017-02-24.bag;0.834065854549408;0.0;0.9619645476341248;0.0;0.7960547501412467;0.9444047902630928;0.055595209736907236
1731800153.5104146;/app/bags/user95_2017-02-24.bag;0.834065854549408;0.0;0.9619645476341248;0.0;0.7960547501412467;0.9444047902630928;0.055595209736907236
1731800153.710367;/app/bags/user95_2017-02-24.bag;0.834065854549408;0.0;0.9619645476341248;0.0;0.7960547501412467;0.9444047902630928;0.055595209736907236
1731800153.9103844;/app/bags/user95_2017-02-24.bag;0.834065854549408;0.0;0.9619645476341248;0.0;0.7960547501412467;0.9444047902630928;0.055595209736907236
1731800154.1104562;/app/bags/user95_2017-02-24.bag;0.834065854549408;0.0;0.9619645476341248;0.0;0.7960547501412467;0.9444047902630928;0.055595209736907236
1731800154.31039;/app/bags/user95_2017-02-24.bag;0.834065854549408;0.0;0.9619645476341248;0.0;0.7960547501412467;0.9444047902630928;0.055595209736907236
1731800154.5103967;/app/bags/user95_2017-02-24.bag;0.834065854549408;0.0;0.9619645476341248;0.0;0.7960547501412467;0.9444047902630928;0.055595209736907236
1731800154.710407;/app/bags/user95_2017-02-24.bag;0.834065854549408;0.0;0.9619645476341248;0.0;0.7960547501412467;0.9444047902630928;0.055595209736907236
1731800154.9104047;/app/bags/user95_2017-02-24.bag;0.834065854549408;0.0;0.9619645476341248;0.0;0.7960547501412467;0.9444047902630928;0.055595209736907236
1731800155.110399;/app/bags/user95_2017-02-24.bag;0.834065854549408;0.0;0.9619645476341248;0.0;0.7960547501412467;0.9444047902630928;0.055595209736907236
1731800155.310583;/app/bags/user95_2017-02-24.bag;0.834065854549408;0.0;0.9619645476341248;0.0;0.7960547501412467;0.9444047902630928;0.055595209736907236
1731800155.5103948;/app/bags/user95_2017-02-24.bag;0.834065854549408;0.0;0.9619645476341248;0.0;0.7960547501412467;0.9444047902630928;0.055595209736907236
1731800155.710456;/app/bags/user95_2017-02-24.bag;0.834065854549408;0.0;0.9619645476341248;0.0;0.7960547501412467;0.9444047902630928;0.055595209736907236
1731800155.9104154;/app/bags/user95_2017-02-24.bag;0.834065854549408;0.0;0.9619645476341248;0.0;0.7960547501412467;0.9444047902630928;0.055595209736907236
1731800156.1103659;/app/bags/user95_2017-02-24.bag;0.834065854549408;0.0;0.9619645476341248;0.0;0.7960547501412467;0.9444047902630928;0.055595209736907236
1731800156.3104024;/app/bags/user95_2017-02-24.bag;0.834065854549408;0.0;0.9619645476341248;0.0;0.7960547501412467;0.9444047902630928;0.055595209736907236
1731800156.5104213;/app/bags/user95_2017-02-24.bag;0.834065854549408;0.0;0.9619645476341248;0.0;0.7960547501412467;0.9444047902630928;0.055595209736907236
1731800156.7103503;/app/bags/user95_2017-02-24.bag;0.834065854549408;0.0;0.9619645476341248;0.0;0.7960547501412467;0.9444047902630928;0.055595209736907236
1731800156.9103842;/app/bags/user95_2017-02-24.bag;0.834065854549408;0.0;0.9619645476341248;0.0;0.7960547501412467;0.9444047902630928;0.055595209736907236
1731800157.110457;/app/bags/user95_2017-02-24.bag;0.834065854549408;0.0;0.9619645476341248;0.0;0.7960547501412467;0.9444047902630928;0.055595209736907236
1731800157.3103857;/app/bags/user95_2017-02-24.bag;0.834065854549408;0.0;0.9619645476341248;0.0;0.7960547501412467;0.9444047902630928;0.055595209736907236
1731800157.5103557;/app/bags/user95_2017-02-24.bag;0.834065854549408;0.0;0.9619645476341248;0.0;0.7960547501412467;0.9444047902630928;0.055595209736907236
1731800157.710594;/app/bags/user95_2017-02-24.bag;0.834065854549408;0.0;0.9619645476341248;0.0;0.7960547501412467;0.9444047902630928;0.055595209736907236
1731800157.9103465;/app/bags/user95_2017-02-24.bag;0.834065854549408;0.0;0.9619645476341248;0.0;0.7960547501412467;0.9444047902630928;0.055595209736907236
1731800158.1104178;/app/bags/user95_2017-02-24.bag;0.834065854549408;0.0;0.9619645476341248;0.0;0.7960547501412467;0.9444047902630928;0.055595209736907236
1731800158.3104208;/app/bags/user95_2017-02-24.bag;0.834065854549408;0.0;0.9619645476341248;0.0;0.7960547501412467;0.9444047902630928;0.055595209736907236
1731800158.510386;/app/bags/user95_2017-02-24.bag;0.834065854549408;0.0;0.9619645476341248;0.0;0.7960547501412467;0.9444047902630928;0.055595209736907236
1731800158.7104585;/app/bags/user95_2017-02-24.bag;0.834065854549408;0.0;0.9619645476341248;0.0;0.7960547501412467;0.9444047902630928;0.055595209736907236
1731800158.910393;/app/bags/user95_2017-02-24.bag;0.834065854549408;0.0;0.9619645476341248;0.0;0.7960547501412467;0.9444047902630928;0.055595209736907236
1731800159.110416;/app/bags/user95_2017-02-24.bag;0.834065854549408;0.0;0.9619645476341248;0.0;0.7960547501412467;0.9444047902630928;0.055595209736907236
1731800159.31041;/app/bags/user95_2017-02-24.bag;0.834065854549408;0.0;0.9619645476341248;0.0;0.7960547501412467;0.9444047902630928;0.055595209736907236
1731800159.510387;/app/bags/user95_2017-02-24.bag;0.834065854549408;0.0;0.9619645476341248;0.0;0.7960547501412467;0.9444047902630928;0.055595209736907236
1731800159.7103584;/app/bags/user95_2017-02-24.bag;0.834065854549408;0.0;0.9619645476341248;0.0;0.7960547501412467;0.9444047902630928;0.055595209736907236
1731800159.9103723;/app/bags/user95_2017-02-24.bag;0.834065854549408;0.0;0.9619645476341248;0.0;0.7960547501412467;0.9444047902630928;0.055595209736907236
1731800160.1103752;/app/bags/user95_2017-02-24.bag;0.834065854549408;0.0;0.9619645476341248;0.0;0.7960547501412467;0.9444047902630928;0.055595209736907236
1731800160.3104222;/app/bags/user95_2017-02-24.bag;0.834065854549408;0.0;0.9619645476341248;0.0;0.7960547501412467;0.9444047902630928;0.055595209736907236
1731800160.5104427;/app/bags/user95_2017-02-24.bag;0.834065854549408;0.0;0.9619645476341248;0.0;0.7960547501412467;0.9444047902630928;0.055595209736907236
1731800160.7103698;/app/bags/user95_2017-02-24.bag;0.834065854549408;0.0;0.9619645476341248;0.0;0.7960547501412467;0.9444047902630928;0.055595209736907236
1731800160.910379;/app/bags/user95_2017-02-24.bag;0.834065854549408;0.0;0.9619645476341248;0.0;0.7960547501412467;0.9444047902630928;0.055595209736907236
1731800161.1104064;/app/bags/user95_2017-02-24.bag;0.834065854549408;0.0;0.9619645476341248;0.0;0.7960547501412467;0.9444047902630928;0.055595209736907236
1731800161.3104281;/app/bags/user95_2017-02-24.bag;0.834065854549408;0.0;0.9619645476341248;0.0;0.7960547501412467;0.9444047902630928;0.055595209736907236
1731800161.5104322;/app/bags/user95_2017-02-24.bag;0.834065854549408;0.0;0.9619645476341248;0.0;0.7960547501412467;0.9444047902630928;0.055595209736907236
1731800161.7103827;/app/bags/user95_2017-02-24.bag;0.834065854549408;0.0;0.9619645476341248;0.0;0.7960547501412467;0.9444047902630928;0.055595209736907236
1731800161.9104433;/app/bags/user95_2017-02-24.bag;0.834065854549408;0.0;0.9619645476341248;0.0;0.7960547501412467;0.9444047902630928;0.055595209736907236
1731800162.1104891;/app/bags/user95_2017-02-24.bag;0.834065854549408;0.0;0.9619645476341248;0.0;0.7960547501412467;0.9444047902630928;0.055595209736907236
1731800162.310399;/app/bags/user95_2017-02-24.bag;0.834065854549408;0.0;0.9619645476341248;0.0;0.7960547501412467;0.9444047902630928;0.055595209736907236
1731800162.5104008;/app/bags/user95_2017-02-24.bag;0.834065854549408;0.0;0.9619645476341248;0.0;0.7960547501412467;0.9444047902630928;0.055595209736907236
1731800162.7104251;/app/bags/user95_2017-02-24.bag;0.834065854549408;0.0;0.9619645476341248;0.0;0.7960547501412467;0.9444047902630928;0.055595209736907236
1731800162.910396;/app/bags/user95_2017-02-24.bag;0.834065854549408;0.0;0.9619645476341248;0.0;0.7960547501412467;0.9444047902630928;0.055595209736907236
1731800163.110381;/app/bags/user95_2017-02-24.bag;0.834065854549408;0.0;0.9619645476341248;0.0;0.7960547501412467;0.9444047902630928;0.055595209736907236
1731800163.3103683;/app/bags/user95_2017-02-24.bag;0.834065854549408;0.0;0.9619645476341248;0.0;0.7960547501412467;0.9444047902630928;0.055595209736907236
1731800163.5103483;/app/bags/user95_2017-02-24.bag;0.834065854549408;0.0;0.9619645476341248;0.0;0.7960547501412467;0.9444047902630928;0.055595209736907236
1731800163.7104397;/app/bags/user95_2017-02-24.bag;0.834065854549408;0.0;0.9619645476341248;0.0;0.7960547501412467;0.9444047902630928;0.055595209736907236
1731800163.9103696;/app/bags/user95_2017-02-24.bag;0.834065854549408;0.0;0.9619645476341248;0.0;0.7960547501412467;0.9444047902630928;0.055595209736907236
1731800164.1104786;/app/bags/user95_2017-02-24.bag;0.834065854549408;0.0;0.9619645476341248;0.0;0.7960547501412467;0.9444047902630928;0.055595209736907236
1731800164.310396;/app/bags/user95_2017-02-24.bag;0.834065854549408;0.0;0.9619645476341248;0.0;0.7960547501412467;0.9444047902630928;0.055595209736907236
1731800164.5103834;/app/bags/user95_2017-02-24.bag;0.834065854549408;0.0;0.9619645476341248;0.0;0.7960547501412467;0.9444047902630928;0.055595209736907236
1731800164.710415;/app/bags/user95_2017-02-24.bag;0.834065854549408;0.0;0.9619645476341248;0.0;0.7960547501412467;0.9444047902630928;0.055595209736907236
1731800164.910405;/app/bags/user95_2017-02-24.bag;0.834065854549408;0.0;0.9619645476341248;0.0;0.7960547501412467;0.9444047902630928;0.055595209736907236
1731800165.1104076;/app/bags/user95_2017-02-24.bag;0.834065854549408;0.0;0.9619645476341248;0.0;0.7960547501412467;0.9444047902630928;0.055595209736907236
1731800165.3104393;/app/bags/user95_2017-02-24.bag;0.834065854549408;0.0;0.9619645476341248;0.0;0.7960547501412467;0.9444047902630928;0.055595209736907236
1731800165.5104635;/app/bags/user95_2017-02-24.bag;0.834065854549408;0.0;0.9619645476341248;0.0;0.7960547501412467;0.9444047902630928;0.055595209736907236
1731800165.7103925;/app/bags/user95_2017-02-24.bag;0.834065854549408;0.0;0.9619645476341248;0.0;0.7960547501412467;0.9444047902630928;0.055595209736907236
1731800165.9104116;/app/bags/user95_2017-02-24.bag;0.834065854549408;0.0;0.9619645476341248;0.0;0.7960547501412467;0.9444047902630928;0.055595209736907236
1731800166.110435;/app/bags/user95_2017-02-24.bag;0.834065854549408;0.0;0.9619645476341248;0.0;0.7960547501412467;0.9444047902630928;0.055595209736907236
1731800166.3104067;/app/bags/user95_2017-02-24.bag;0.834065854549408;0.0;0.9619645476341248;0.0;0.7960547501412467;0.9444047902630928;0.055595209736907236
1731800166.5104356;/app/bags/user95_2017-02-24.bag;0.834065854549408;0.0;0.9619645476341248;0.0;0.7960547501412467;0.9444047902630928;0.055595209736907236
1731800166.710398;/app/bags/user95_2017-02-24.bag;0.834065854549408;0.0;0.9619645476341248;0.0;0.7960547501412467;0.9444047902630928;0.055595209736907236
1731800166.9103947;/app/bags/user95_2017-02-24.bag;0.834065854549408;0.0;0.9619645476341248;0.0;0.7960547501412467;0.9444047902630928;0.055595209736907236
1731800167.1103919;/app/bags/user95_2017-02-24.bag;0.834065854549408;0.0;0.9619645476341248;0.0;0.7960547501412467;0.9444047902630928;0.055595209736907236
1731800167.3103921;/app/bags/user95_2017-02-24.bag;0.834065854549408;0.0;0.9619645476341248;0.0;0.7960547501412467;0.9444047902630928;0.055595209736907236
1731800167.5103593;/app/bags/user95_2017-02-24.bag;0.834065854549408;0.0;0.9619645476341248;0.0;0.7960547501412467;0.9444047902630928;0.055595209736907236
1731800167.710387;/app/bags/user95_2017-02-24.bag;0.834065854549408;0.0;0.9619645476341248;0.0;0.7960547501412467;0.9444047902630928;0.055595209736907236
1731800167.9103744;/app/bags/user95_2017-02-24.bag;0.834065854549408;0.0;0.9619645476341248;0.0;0.7960547501412467;0.9444047902630928;0.055595209736907236
1731800168.1103992;/app/bags/user95_2017-02-24.bag;0.834065854549408;0.0;0.9619645476341248;0.0;0.7960547501412467;0.9444047902630928;0.055595209736907236
1731800168.3104467;/app/bags/user95_2017-02-24.bag;0.834065854549408;0.0;0.9619645476341248;0.0;0.7960547501412467;0.9444047902630928;0.055595209736907236
1731800168.5104237;/app/bags/user95_2017-02-24.bag;0.834065854549408;0.0;0.9619645476341248;0.0;0.7960547501412467;0.9444047902630928;0.055595209736907236
1731800168.710324;/app/bags/user95_2017-02-24.bag;0.834065854549408;0.0;0.9619645476341248;0.0;0.7960547501412467;0.9444047902630928;0.055595209736907236
1731800168.9104016;/app/bags/user95_2017-02-24.bag;0.834065854549408;0.0;0.9619645476341248;0.0;0.7960547501412467;0.9444047902630928;0.055595209736907236
1731800169.110382;/app/bags/user95_2017-02-24.bag;0.834065854549408;0.0;0.9619645476341248;0.0;0.7960547501412467;0.9444047902630928;0.055595209736907236
1731800169.3104255;/app/bags/user95_2017-02-24.bag;0.834065854549408;0.0;0.9619645476341248;0.0;0.7960547501412467;0.9444047902630928;0.055595209736907236
1731800169.5103948;/app/bags/user95_2017-02-24.bag;0.834065854549408;0.0;0.9619645476341248;0.0;0.7960547501412467;0.9444047902630928;0.055595209736907236
1731800169.710388;/app/bags/user95_2017-02-24.bag;0.834065854549408;0.0;0.9619645476341248;0.0;0.7960547501412467;0.9444047902630928;0.055595209736907236
1731800169.9103978;/app/bags/user95_2017-02-24.bag;0.834065854549408;0.0;0.9619645476341248;0.0;0.7960547501412467;0.9444047902630928;0.055595209736907236
1731800170.1104152;/app/bags/user95_2017-02-24.bag;0.834065854549408;0.0;0.9619645476341248;0.0;0.7960547501412467;0.9444047902630928;0.055595209736907236
1731800170.3104167;/app/bags/user95_2017-02-24.bag;0.834065854549408;0.0;0.9619645476341248;0.0;0.7960547501412467;0.9444047902630928;0.055595209736907236
1731800170.510383;/app/bags/user95_2017-02-24.bag;0.834065854549408;0.0;0.9619645476341248;0.0;0.7960547501412467;0.9444047902630928;0.055595209736907236
1731800170.7103913;/app/bags/user95_2017-02-24.bag;0.834065854549408;0.0;0.9619645476341248;0.0;0.7960547501412467;0.9444047902630928;0.055595209736907236
1731800170.910427;/app/bags/user95_2017-02-24.bag;0.834065854549408;0.0;0.9619645476341248;0.0;0.7960547501412467;0.9444047902630928;0.055595209736907236
1731800171.1104028;/app/bags/user95_2017-02-24.bag;0.834065854549408;0.0;0.9619645476341248;0.0;0.7960547501412467;0.9444047902630928;0.055595209736907236
1731800171.31037;/app/bags/user95_2017-02-24.bag;0.834065854549408;0.0;0.9619645476341248;0.0;0.7960547501412467;0.9444047902630928;0.055595209736907236
1731800171.5103908;/app/bags/user95_2017-02-24.bag;0.834065854549408;0.0;0.9619645476341248;0.0;0.7960547501412467;0.9444047902630928;0.055595209736907236
1731800171.7103822;/app/bags/user95_2017-02-24.bag;0.834065854549408;0.0;0.9619645476341248;0.0;0.7960547501412467;0.9444047902630928;0.055595209736907236
1731800171.910383;/app/bags/user95_2017-02-24.bag;0.834065854549408;0.0;0.9619645476341248;0.0;0.7960547501412467;0.9444047902630928;0.055595209736907236
1731800172.110413;/app/bags/user95_2017-02-24.bag;0.834065854549408;0.0;0.9619645476341248;0.0;0.7960547501412467;0.9444047902630928;0.055595209736907236
1731800172.3104672;/app/bags/user95_2017-02-24.bag;0.834065854549408;0.0;0.9619645476341248;0.0;0.7960547501412467;0.9444047902630928;0.055595209736907236
1731800172.5104635;/app/bags/user95_2017-02-24.bag;0.834065854549408;0.0;0.9619645476341248;0.0;0.7960547501412467;0.9444047902630928;0.055595209736907236
1731800172.7104094;/app/bags/user95_2017-02-24.bag;0.834065854549408;0.0;0.9619645476341248;0.0;0.7960547501412467;0.9444047902630928;0.055595209736907236
1731800172.9104125;/app/bags/user95_2017-02-24.bag;0.834065854549408;0.0;0.9619645476341248;0.0;0.7960547501412467;0.9444047902630928;0.055595209736907236
1731800173.1104198;/app/bags/user95_2017-02-24.bag;0.834065854549408;0.0;0.9619645476341248;0.0;0.7960547501412467;0.9444047902630928;0.055595209736907236
1731800173.3104625;/app/bags/user95_2017-02-24.bag;0.834065854549408;0.0;0.9619645476341248;0.0;0.7960547501412467;0.9444047902630928;0.055595209736907236
1731800173.5104246;/app/bags/user95_2017-02-24.bag;0.834065854549408;0.0;0.9619645476341248;0.0;0.7960547501412467;0.9444047902630928;0.055595209736907236
1731800173.7103765;/app/bags/user95_2017-02-24.bag;0.834065854549408;0.0;0.9619645476341248;0.0;0.7960547501412467;0.9444047902630928;0.055595209736907236
1731800173.9104528;/app/bags/user95_2017-02-24.bag;0.834065854549408;0.0;0.9619645476341248;0.0;0.7960547501412467;0.9444047902630928;0.055595209736907236
1731800174.1104465;/app/bags/user95_2017-02-24.bag;0.834065854549408;0.0;0.9619645476341248;0.0;0.7960547501412467;0.9444047902630928;0.055595209736907236
1731800174.3104181;/app/bags/user95_2017-02-24.bag;0.834065854549408;0.0;0.9619645476341248;0.0;0.7960547501412467;0.9444047902630928;0.055595209736907236
1731800174.5103943;/app/bags/user95_2017-02-24.bag;0.834065854549408;0.0;0.9619645476341248;0.0;0.7960547501412467;0.9444047902630928;0.055595209736907236
1731800174.7104716;/app/bags/user95_2017-02-24.bag;0.834065854549408;0.0;0.9619645476341248;0.0;0.7960547501412467;0.9444047902630928;0.055595209736907236
1731800174.9103496;/app/bags/user95_2017-02-24.bag;0.834065854549408;0.0;0.9619645476341248;0.0;0.7960547501412467;0.9444047902630928;0.055595209736907236
1731800175.1103806;/app/bags/user95_2017-02-24.bag;0.834065854549408;0.0;0.9619645476341248;0.0;0.7960547501412467;0.9444047902630928;0.055595209736907236
1731800175.3104188;/app/bags/user95_2017-02-24.bag;0.834065854549408;0.0;0.9619645476341248;0.0;0.7960547501412467;0.9444047902630928;0.055595209736907236
1731800175.5104847;/app/bags/user95_2017-02-24.bag;0.834065854549408;0.0;0.9619645476341248;0.0;0.7960547501412467;0.9444047902630928;0.055595209736907236
1731800175.710413;/app/bags/user95_2017-02-24.bag;0.834065854549408;0.0;0.9619645476341248;0.0;0.7960547501412467;0.9444047902630928;0.055595209736907236
1731800175.9104037;/app/bags/user95_2017-02-24.bag;0.834065854549408;0.0;0.9619645476341248;0.0;0.7960547501412467;0.9444047902630928;0.055595209736907236
1731800176.1103961;/app/bags/user95_2017-02-24.bag;0.834065854549408;0.0;0.9619645476341248;0.0;0.7960547501412467;0.9444047902630928;0.055595209736907236
1731800176.3103828;/app/bags/user95_2017-02-24.bag;0.834065854549408;0.0;0.9619645476341248;0.0;0.7960547501412467;0.9444047902630928;0.055595209736907236
1731800176.5104575;/app/bags/user95_2017-02-24.bag;0.834065854549408;0.0;0.9619645476341248;0.0;0.7960547501412467;0.9444047902630928;0.055595209736907236
1731800176.7105517;/app/bags/user95_2017-02-24.bag;0.834065854549408;0.0;0.9619645476341248;0.0;0.7960547501412467;0.9444047902630928;0.055595209736907236
1731800176.9104116;/app/bags/user95_2017-02-24.bag;0.834065854549408;0.0;0.9619645476341248;0.0;0.7960547501412467;0.9444047902630928;0.055595209736907236
1731800177.1103847;/app/bags/user95_2017-02-24.bag;0.834065854549408;0.0;0.9619645476341248;0.0;0.7960547501412467;0.9444047902630928;0.055595209736907236
1731800177.3103979;/app/bags/user95_2017-02-24.bag;0.834065854549408;0.0;0.9619645476341248;0.0;0.7960547501412467;0.9444047902630928;0.055595209736907236
1731800177.510433;/app/bags/user95_2017-02-24.bag;0.834065854549408;0.0;0.9619645476341248;0.0;0.7960547501412467;0.9444047902630928;0.055595209736907236
1731800177.7104108;/app/bags/user95_2017-02-24.bag;0.834065854549408;0.0;0.9619645476341248;0.0;0.7960547501412467;0.9444047902630928;0.055595209736907236
1731800177.910426;/app/bags/user95_2017-02-24.bag;0.834065854549408;0.0;0.9619645476341248;0.0;0.7960547501412467;0.9444047902630928;0.055595209736907236
1731800178.1104226;/app/bags/user95_2017-02-24.bag;0.834065854549408;0.0;0.9619645476341248;0.0;0.7960547501412467;0.9444047902630928;0.055595209736907236
1731800178.3103871;/app/bags/user95_2017-02-24.bag;0.834065854549408;0.0;0.9619645476341248;0.0;0.7960547501412467;0.9444047902630928;0.055595209736907236
1731800178.5103962;/app/bags/user95_2017-02-24.bag;0.834065854549408;0.0;0.9619645476341248;0.0;0.7960547501412467;0.9444047902630928;0.055595209736907236
1731800178.7104468;/app/bags/user95_2017-02-24.bag;0.834065854549408;0.0;0.9619645476341248;0.0;0.7960547501412467;0.9444047902630928;0.055595209736907236
1731800178.9104242;/app/bags/user95_2017-02-24.bag;0.834065854549408;0.0;0.9619645476341248;0.0;0.7960547501412467;0.9444047902630928;0.055595209736907236
1731800179.1104276;/app/bags/user95_2017-02-24.bag;0.834065854549408;0.0;0.9619645476341248;0.0;0.7960547501412467;0.9444047902630928;0.055595209736907236
1731800179.3104382;/app/bags/user95_2017-02-24.bag;0.834065854549408;0.0;0.9619645476341248;0.0;0.7960547501412467;0.9444047902630928;0.055595209736907236
1731800179.5103657;/app/bags/user95_2017-02-24.bag;0.834065854549408;0.0;0.9619645476341248;0.0;0.7960547501412467;0.9444047902630928;0.055595209736907236
1731800179.710452;/app/bags/user95_2017-02-24.bag;0.834065854549408;0.0;0.9619645476341248;0.0;0.7960547501412467;0.9444047902630928;0.055595209736907236
1731800179.910373;/app/bags/user95_2017-02-24.bag;0.834065854549408;0.0;0.9619645476341248;0.0;0.7960547501412467;0.9444047902630928;0.055595209736907236
1731800180.11035;/app/bags/user95_2017-02-24.bag;0.834065854549408;0.0;0.9619645476341248;0.0;0.7960547501412467;0.9444047902630928;0.055595209736907236
1731800180.310416;/app/bags/user95_2017-02-24.bag;0.834065854549408;0.0;0.9619645476341248;0.0;0.7960547501412467;0.9444047902630928;0.055595209736907236
1731800180.510384;/app/bags/user95_2017-02-24.bag;0.834065854549408;0.0;0.9619645476341248;0.0;0.7960547501412467;0.9444047902630928;0.055595209736907236
1731800180.7103815;/app/bags/user95_2017-02-24.bag;0.834065854549408;0.0;0.9619645476341248;0.0;0.7960547501412467;0.9444047902630928;0.055595209736907236
1731800180.9104636;/app/bags/user95_2017-02-24.bag;0.834065854549408;0.0;0.9619645476341248;0.0;0.7960547501412467;0.9444047902630928;0.055595209736907236
1731800181.1104376;/app/bags/user95_2017-02-24.bag;0.834065854549408;0.0;0.9619645476341248;0.0;0.7960547501412467;0.9444047902630928;0.055595209736907236
1731800181.3104355;/app/bags/user95_2017-02-24.bag;0.834065854549408;0.0;0.9619645476341248;0.0;0.7960547501412467;0.9444047902630928;0.055595209736907236
1731800181.510403;/app/bags/user95_2017-02-24.bag;0.834065854549408;0.0;0.9619645476341248;0.0;0.7960547501412467;0.9444047902630928;0.055595209736907236
1731800181.7104716;/app/bags/user95_2017-02-24.bag;0.834065854549408;0.0;0.9619645476341248;0.0;0.7960547501412467;0.9444047902630928;0.055595209736907236
1731800181.9104092;/app/bags/user95_2017-02-24.bag;0.834065854549408;0.0;0.9619645476341248;0.0;0.7960547501412467;0.9444047902630928;0.055595209736907236
1731800182.1103933;/app/bags/user95_2017-02-24.bag;0.834065854549408;0.0;0.9619645476341248;0.0;0.7960547501412467;0.9444047902630928;0.055595209736907236
1731800182.310389;/app/bags/user95_2017-02-24.bag;0.834065854549408;0.0;0.9619645476341248;0.0;0.7960547501412467;0.9444047902630928;0.055595209736907236
1731800182.5103683;/app/bags/user95_2017-02-24.bag;0.834065854549408;0.0;0.9619645476341248;0.0;0.7960547501412467;0.9444047902630928;0.055595209736907236
1731800182.7104385;/app/bags/user95_2017-02-24.bag;0.834065854549408;0.0;0.9619645476341248;0.0;0.7960547501412467;0.9444047902630928;0.055595209736907236
1731800182.9104092;/app/bags/user95_2017-02-24.bag;0.834065854549408;0.0;0.9619645476341248;0.0;0.7960547501412467;0.9444047902630928;0.055595209736907236
1731800183.1104138;/app/bags/user95_2017-02-24.bag;0.834065854549408;0.0;0.9619645476341248;0.0;0.7960547501412467;0.9444047902630928;0.055595209736907236
1731800183.310477;/app/bags/user95_2017-02-24.bag;0.834065854549408;0.0;0.9619645476341248;0.0;0.7960547501412467;0.9444047902630928;0.055595209736907236
1731800183.5104208;/app/bags/user95_2017-02-24.bag;0.834065854549408;0.0;0.9619645476341248;0.0;0.7960547501412467;0.9444047902630928;0.055595209736907236
1731800183.7103758;/app/bags/user95_2017-02-24.bag;0.834065854549408;0.0;0.9619645476341248;0.0;0.7960547501412467;0.9444047902630928;0.055595209736907236
1731800183.9103937;/app/bags/user95_2017-02-24.bag;0.834065854549408;0.0;0.9619645476341248;0.0;0.7960547501412467;0.9444047902630928;0.055595209736907236
1731800184.1104612;/app/bags/user95_2017-02-24.bag;0.834065854549408;0.0;0.9619645476341248;0.0;0.7960547501412467;0.9444047902630928;0.055595209736907236
1731800184.3103676;/app/bags/user95_2017-02-24.bag;0.834065854549408;0.0;0.9619645476341248;0.0;0.7960547501412467;0.9444047902630928;0.055595209736907236
1731800184.510396;/app/bags/user95_2017-02-24.bag;0.834065854549408;0.0;0.9619645476341248;0.0;0.7960547501412467;0.9444047902630928;0.055595209736907236
1731800184.7104013;/app/bags/user95_2017-02-24.bag;0.834065854549408;0.0;0.9619645476341248;0.0;0.7960547501412467;0.9444047902630928;0.055595209736907236
1731800184.9103773;/app/bags/user95_2017-02-24.bag;0.834065854549408;0.0;0.9619645476341248;0.0;0.7960547501412467;0.9444047902630928;0.055595209736907236
1731800185.1104167;/app/bags/user95_2017-02-24.bag;0.834065854549408;0.0;0.9619645476341248;0.0;0.7960547501412467;0.9444047902630928;0.055595209736907236
1731800185.3104427;/app/bags/user95_2017-02-24.bag;0.834065854549408;0.0;0.9619645476341248;0.0;0.7960547501412467;0.9444047902630928;0.055595209736907236
1731800185.5104146;/app/bags/user95_2017-02-24.bag;0.834065854549408;0.0;0.9619645476341248;0.0;0.7960547501412467;0.9444047902630928;0.055595209736907236
1731800185.710389;/app/bags/user95_2017-02-24.bag;0.834065854549408;0.0;0.9619645476341248;0.0;0.7960547501412467;0.9444047902630928;0.055595209736907236
1731800185.9103954;/app/bags/user95_2017-02-24.bag;0.834065854549408;0.0;0.9619645476341248;0.0;0.7960547501412467;0.9444047902630928;0.055595209736907236
1731800186.1103952;/app/bags/user95_2017-02-24.bag;0.834065854549408;0.0;0.9619645476341248;0.0;0.7960547501412467;0.9444047902630928;0.055595209736907236
1731800186.3104005;/app/bags/user95_2017-02-24.bag;0.834065854549408;0.0;0.9619645476341248;0.0;0.7960547501412467;0.9444047902630928;0.055595209736907236
1731800186.5103927;/app/bags/user95_2017-02-24.bag;0.834065854549408;0.0;0.9619645476341248;0.0;0.7960547501412467;0.9444047902630928;0.055595209736907236
1731800186.710363;/app/bags/user95_2017-02-24.bag;0.834065854549408;0.0;0.9619645476341248;0.0;0.7960547501412467;0.9444047902630928;0.055595209736907236
1731800186.910388;/app/bags/user95_2017-02-24.bag;0.834065854549408;0.0;0.9619645476341248;0.0;0.7960547501412467;0.9444047902630928;0.055595209736907236
1731800187.1103902;/app/bags/user95_2017-02-24.bag;0.834065854549408;0.0;0.9619645476341248;0.0;0.7960547501412467;0.9444047902630928;0.055595209736907236
1731800187.3104014;/app/bags/user95_2017-02-24.bag;0.834065854549408;0.0;0.9619645476341248;0.0;0.7960547501412467;0.9444047902630928;0.055595209736907236
1731800187.5105026;/app/bags/user95_2017-02-24.bag;0.834065854549408;0.0;0.9619645476341248;0.0;0.7960547501412467;0.9444047902630928;0.055595209736907236
1731800187.7104218;/app/bags/user95_2017-02-24.bag;0.834065854549408;0.0;0.9619645476341248;0.0;0.7960547501412467;0.9444047902630928;0.055595209736907236
1731800187.9103758;/app/bags/user95_2017-02-24.bag;0.834065854549408;0.0;0.9619645476341248;0.0;0.7960547501412467;0.9444047902630928;0.055595209736907236
1731800188.110406;/app/bags/user95_2017-02-24.bag;0.834065854549408;0.0;0.9619645476341248;0.0;0.7960547501412467;0.9444047902630928;0.055595209736907236
1731800188.3103867;/app/bags/user95_2017-02-24.bag;0.834065854549408;0.0;0.9619645476341248;0.0;0.7960547501412467;0.9444047902630928;0.055595209736907236
1731800188.510407;/app/bags/user95_2017-02-24.bag;0.834065854549408;0.0;0.9619645476341248;0.0;0.7960547501412467;0.9444047902630928;0.055595209736907236
1731800188.7104142;/app/bags/user95_2017-02-24.bag;0.834065854549408;0.0;0.9619645476341248;0.0;0.7960547501412467;0.9444047902630928;0.055595209736907236
1731800188.9104242;/app/bags/user95_2017-02-24.bag;0.834065854549408;0.0;0.9619645476341248;0.0;0.7960547501412467;0.9444047902630928;0.055595209736907236
1731800189.1104295;/app/bags/user95_2017-02-24.bag;0.834065854549408;0.0;0.9619645476341248;0.0;0.7960547501412467;0.9444047902630928;0.055595209736907236
1731800189.310431;/app/bags/user95_2017-02-24.bag;0.834065854549408;0.0;0.9619645476341248;0.0;0.7960547501412467;0.9444047902630928;0.055595209736907236
1731800189.510407;/app/bags/user95_2017-02-24.bag;0.834065854549408;0.0;0.9619645476341248;0.0;0.7960547501412467;0.9444047902630928;0.055595209736907236
1731800189.7104023;/app/bags/user95_2017-02-24.bag;0.834065854549408;0.0;0.9619645476341248;0.0;0.7960547501412467;0.9444047902630928;0.055595209736907236
1731800189.9103904;/app/bags/user95_2017-02-24.bag;0.834065854549408;0.0;0.9619645476341248;0.0;0.7960547501412467;0.9444047902630928;0.055595209736907236
1731800190.11039;/app/bags/user95_2017-02-24.bag;0.834065854549408;0.0;0.9619645476341248;0.0;0.7960547501412467;0.9444047902630928;0.055595209736907236
1731800190.3104692;/app/bags/user95_2017-02-24.bag;0.834065854549408;0.0;0.9619645476341248;0.0;0.7960547501412467;0.9444047902630928;0.055595209736907236
1731800190.510455;/app/bags/user95_2017-02-24.bag;0.834065854549408;0.0;0.9619645476341248;0.0;0.7960547501412467;0.9444047902630928;0.055595209736907236
1731800190.7103915;/app/bags/user95_2017-02-24.bag;0.834065854549408;0.0;0.9619645476341248;0.0;0.7960547501412467;0.9444047902630928;0.055595209736907236
1731800190.9104223;/app/bags/user95_2017-02-24.bag;0.834065854549408;0.0;0.9619645476341248;0.0;0.7960547501412467;0.9444047902630928;0.055595209736907236
1731800191.1104434;/app/bags/user95_2017-02-24.bag;0.834065854549408;0.0;0.9619645476341248;0.0;0.7960547501412467;0.9444047902630928;0.055595209736907236
1731800191.310422;/app/bags/user95_2017-02-24.bag;0.834065854549408;0.0;0.9619645476341248;0.0;0.7960547501412467;0.9444047902630928;0.055595209736907236
1731800191.5105793;/app/bags/user95_2017-02-24.bag;0.834065854549408;0.0;0.9619645476341248;0.0;0.7960547501412467;0.9444047902630928;0.055595209736907236
1731800191.7106607;/app/bags/user95_2017-02-24.bag;0.834065854549408;0.0;0.9619645476341248;0.0;0.7960547501412467;0.9444047902630928;0.055595209736907236
1731800191.9103847;/app/bags/user95_2017-02-24.bag;0.834065854549408;0.0;0.9619645476341248;0.0;0.7960547501412467;0.9444047902630928;0.055595209736907236
1731800192.1104515;/app/bags/user95_2017-02-24.bag;0.834065854549408;0.0;0.9619645476341248;0.0;0.7960547501412467;0.9444047902630928;0.055595209736907236
1731800192.3103971;/app/bags/user95_2017-02-24.bag;0.834065854549408;0.0;0.9619645476341248;0.0;0.7960547501412467;0.9444047902630928;0.055595209736907236
1731800192.510402;/app/bags/user95_2017-02-24.bag;0.834065854549408;0.0;0.9619645476341248;0.0;0.7960547501412467;0.9444047902630928;0.055595209736907236
1731800192.7104015;/app/bags/user95_2017-02-24.bag;0.834065854549408;0.0;0.9619645476341248;0.0;0.7960547501412467;0.9444047902630928;0.055595209736907236
1731800192.9104085;/app/bags/user95_2017-02-24.bag;0.834065854549408;0.0;0.9619645476341248;0.0;0.7960547501412467;0.9444047902630928;0.055595209736907236
1731800193.110456;/app/bags/user95_2017-02-24.bag;0.834065854549408;0.0;0.9619645476341248;0.0;0.7960547501412467;0.9444047902630928;0.055595209736907236
1731800193.3104095;/app/bags/user95_2017-02-24.bag;0.834065854549408;0.0;0.9619645476341248;0.0;0.7960547501412467;0.9444047902630928;0.055595209736907236
1731800193.5103736;/app/bags/user95_2017-02-24.bag;0.834065854549408;0.0;0.9619645476341248;0.0;0.7960547501412467;0.9444047902630928;0.055595209736907236
1731800193.7104502;/app/bags/user95_2017-02-24.bag;0.834065854549408;0.0;0.9619645476341248;0.0;0.7960547501412467;0.9444047902630928;0.055595209736907236
1731800193.9104147;/app/bags/user95_2017-02-24.bag;0.834065854549408;0.0;0.9619645476341248;0.0;0.7960547501412467;0.9444047902630928;0.055595209736907236
1731800194.1103578;/app/bags/user95_2017-02-24.bag;0.834065854549408;0.0;0.9619645476341248;0.0;0.7960547501412467;0.9444047902630928;0.055595209736907236
1731800194.3103576;/app/bags/user95_2017-02-24.bag;0.834065854549408;0.0;0.9619645476341248;0.0;0.7960547501412467;0.9444047902630928;0.055595209736907236
1731800194.510404;/app/bags/user95_2017-02-24.bag;0.834065854549408;0.0;0.9619645476341248;0.0;0.7960547501412467;0.9444047902630928;0.055595209736907236
1731800194.7104204;/app/bags/user95_2017-02-24.bag;0.834065854549408;0.0;0.9619645476341248;0.0;0.7960547501412467;0.9444047902630928;0.055595209736907236
1731800194.9104028;/app/bags/user95_2017-02-24.bag;0.834065854549408;0.0;0.9619645476341248;0.0;0.7960547501412467;0.9444047902630928;0.055595209736907236
1731800195.1104343;/app/bags/user95_2017-02-24.bag;0.834065854549408;0.0;0.9619645476341248;0.0;0.7960547501412467;0.9444047902630928;0.055595209736907236
1731800195.3104181;/app/bags/user95_2017-02-24.bag;0.834065854549408;0.0;0.9619645476341248;0.0;0.7960547501412467;0.9444047902630928;0.055595209736907236
1731800195.5103974;/app/bags/user95_2017-02-24.bag;0.834065854549408;0.0;0.9619645476341248;0.0;0.7960547501412467;0.9444047902630928;0.055595209736907236
1731800195.7103992;/app/bags/user95_2017-02-24.bag;0.834065854549408;0.0;0.9619645476341248;0.0;0.7960547501412467;0.9444047902630928;0.055595209736907236
1731800195.9103959;/app/bags/user95_2017-02-24.bag;0.834065854549408;0.0;0.9619645476341248;0.0;0.7960547501412467;0.9444047902630928;0.055595209736907236
1731800196.1103442;/app/bags/user95_2017-02-24.bag;0.834065854549408;0.0;0.9619645476341248;0.0;0.7960547501412467;0.9444047902630928;0.055595209736907236
1731800196.3104692;/app/bags/user95_2017-02-24.bag;0.834065854549408;0.0;0.9619645476341248;0.0;0.7960547501412467;0.9444047902630928;0.055595209736907236
1731800196.5104086;/app/bags/user95_2017-02-24.bag;0.834065854549408;0.0;0.9619645476341248;0.0;0.7960547501412467;0.9444047902630928;0.055595209736907236
1731800196.7104063;/app/bags/user95_2017-02-24.bag;0.834065854549408;0.0;0.9619645476341248;0.0;0.7960547501412467;0.9444047902630928;0.055595209736907236
1731800196.910401;/app/bags/user95_2017-02-24.bag;0.834065854549408;0.0;0.9619645476341248;0.0;0.7960547501412467;0.9444047902630928;0.055595209736907236
1731800197.1104586;/app/bags/user95_2017-02-24.bag;0.834065854549408;0.0;0.9619645476341248;0.0;0.7960547501412467;0.9444047902630928;0.055595209736907236
1731800197.3104236;/app/bags/user95_2017-02-24.bag;0.834065854549408;0.0;0.9619645476341248;0.0;0.7960547501412467;0.9444047902630928;0.055595209736907236
1731800197.5104368;/app/bags/user95_2017-02-24.bag;0.834065854549408;0.0;0.9619645476341248;0.0;0.7960547501412467;0.9444047902630928;0.055595209736907236
1731800197.710389;/app/bags/user95_2017-02-24.bag;0.834065854549408;0.0;0.9619645476341248;0.0;0.7960547501412467;0.9444047902630928;0.055595209736907236
1731800197.9104264;/app/bags/user95_2017-02-24.bag;0.834065854549408;0.0;0.9619645476341248;0.0;0.7960547501412467;0.9444047902630928;0.055595209736907236
1731800198.1104488;/app/bags/user95_2017-02-24.bag;0.834065854549408;0.0;0.9619645476341248;0.0;0.7960547501412467;0.9444047902630928;0.055595209736907236
1731800198.3104658;/app/bags/user95_2017-02-24.bag;0.834065854549408;0.0;0.9619645476341248;0.0;0.7960547501412467;0.9444047902630928;0.055595209736907236
1731800198.5106087;/app/bags/user95_2017-02-24.bag;0.834065854549408;0.0;0.9619645476341248;0.0;0.7960547501412467;0.9444047902630928;0.055595209736907236
1731800198.7104194;/app/bags/user95_2017-02-24.bag;0.834065854549408;0.0;0.9619645476341248;0.0;0.7960547501412467;0.9444047902630928;0.055595209736907236
1731800198.910447;/app/bags/user95_2017-02-24.bag;0.834065854549408;0.0;0.9619645476341248;0.0;0.7960547501412467;0.9444047902630928;0.055595209736907236
1731800199.1104734;/app/bags/user95_2017-02-24.bag;0.834065854549408;0.0;0.9619645476341248;0.0;0.7960547501412467;0.9444047902630928;0.055595209736907236
1731800199.3103864;/app/bags/user95_2017-02-24.bag;0.834065854549408;0.0;0.9619645476341248;0.0;0.7960547501412467;0.9444047902630928;0.055595209736907236
1731800199.510385;/app/bags/user95_2017-02-24.bag;0.834065854549408;0.0;0.9619645476341248;0.0;0.7960547501412467;0.9444047902630928;0.055595209736907236
1731800199.7104435;/app/bags/user95_2017-02-24.bag;0.834065854549408;0.0;0.9619645476341248;0.0;0.7960547501412467;0.9444047902630928;0.055595209736907236
1731800199.910461;/app/bags/user95_2017-02-24.bag;0.834065854549408;0.0;0.9619645476341248;0.0;0.7960547501412467;0.9444047902630928;0.055595209736907236
1731800200.1103852;/app/bags/user95_2017-02-24.bag;0.834065854549408;0.0;0.9619645476341248;0.0;0.7960547501412467;0.9444047902630928;0.055595209736907236
1731800200.3104045;/app/bags/user95_2017-02-24.bag;0.834065854549408;0.0;0.9619645476341248;0.0;0.7960547501412467;0.9444047902630928;0.055595209736907236
1731800200.5104098;/app/bags/user95_2017-02-24.bag;0.834065854549408;0.0;0.9619645476341248;0.0;0.7960547501412467;0.9444047902630928;0.055595209736907236
1731800200.7103875;/app/bags/user95_2017-02-24.bag;0.834065854549408;0.0;0.9619645476341248;0.0;0.7960547501412467;0.9444047902630928;0.055595209736907236
1731800200.9105027;/app/bags/user95_2017-02-24.bag;0.834065854549408;0.0;0.9619645476341248;0.0;0.7960547501412467;0.9444047902630928;0.055595209736907236
1731800201.110394;/app/bags/user95_2017-02-24.bag;0.834065854549408;0.0;0.9619645476341248;0.0;0.7960547501412467;0.9444047902630928;0.055595209736907236
1731800201.3103747;/app/bags/user95_2017-02-24.bag;0.834065854549408;0.0;0.9619645476341248;0.0;0.7960547501412467;0.9444047902630928;0.055595209736907236
1731800201.5104163;/app/bags/user95_2017-02-24.bag;0.834065854549408;0.0;0.9619645476341248;0.0;0.7960547501412467;0.9444047902630928;0.055595209736907236
1731800201.7103884;/app/bags/user95_2017-02-24.bag;0.834065854549408;0.0;0.9619645476341248;0.0;0.7960547501412467;0.9444047902630928;0.055595209736907236
1731800201.9103808;/app/bags/user95_2017-02-24.bag;0.834065854549408;0.0;0.9619645476341248;0.0;0.7960547501412467;0.9444047902630928;0.055595209736907236
1731800202.1104507;/app/bags/user95_2017-02-24.bag;0.834065854549408;0.0;0.9619645476341248;0.0;0.7960547501412467;0.9444047902630928;0.055595209736907236
1731800202.310423;/app/bags/user95_2017-02-24.bag;0.834065854549408;0.0;0.9619645476341248;0.0;0.7960547501412467;0.9444047902630928;0.055595209736907236
1731800202.5103936;/app/bags/user95_2017-02-24.bag;0.834065854549408;0.0;0.9619645476341248;0.0;0.7960547501412467;0.9444047902630928;0.055595209736907236
1731800202.710424;/app/bags/user95_2017-02-24.bag;0.834065854549408;0.0;0.9619645476341248;0.0;0.7960547501412467;0.9444047902630928;0.055595209736907236
1731800202.9104407;/app/bags/user95_2017-02-24.bag;0.834065854549408;0.0;0.9619645476341248;0.0;0.7960547501412467;0.9444047902630928;0.055595209736907236
1731800203.110462;/app/bags/user95_2017-02-24.bag;0.834065854549408;0.0;0.9619645476341248;0.0;0.7960547501412467;0.9444047902630928;0.055595209736907236
1731800203.3103874;/app/bags/user95_2017-02-24.bag;0.834065854549408;0.0;0.9619645476341248;0.0;0.7960547501412467;0.9444047902630928;0.055595209736907236
1731800203.510402;/app/bags/user95_2017-02-24.bag;0.834065854549408;0.0;0.9619645476341248;0.0;0.7960547501412467;0.9444047902630928;0.055595209736907236
1731800203.7104237;/app/bags/user95_2017-02-24.bag;0.834065854549408;0.0;0.9619645476341248;0.0;0.7960547501412467;0.9444047902630928;0.055595209736907236
1731800203.9103744;/app/bags/user95_2017-02-24.bag;0.834065854549408;0.0;0.9619645476341248;0.0;0.7960547501412467;0.9444047902630928;0.055595209736907236
1731800204.1104484;/app/bags/user95_2017-02-24.bag;0.834065854549408;0.0;0.9619645476341248;0.0;0.7960547501412467;0.9444047902630928;0.055595209736907236
1731800204.3104126;/app/bags/user95_2017-02-24.bag;0.834065854549408;0.0;0.9619645476341248;0.0;0.7960547501412467;0.9444047902630928;0.055595209736907236
1731800204.5104158;/app/bags/user95_2017-02-24.bag;0.834065854549408;0.0;0.9619645476341248;0.0;0.7960547501412467;0.9444047902630928;0.055595209736907236
1731800204.7104547;/app/bags/user95_2017-02-24.bag;0.834065854549408;0.0;0.9619645476341248;0.0;0.7960547501412467;0.9444047902630928;0.055595209736907236
1731800204.910384;/app/bags/user95_2017-02-24.bag;0.834065854549408;0.0;0.9619645476341248;0.0;0.7960547501412467;0.9444047902630928;0.055595209736907236
1731800205.110397;/app/bags/user95_2017-02-24.bag;0.834065854549408;0.0;0.9619645476341248;0.0;0.7960547501412467;0.9444047902630928;0.055595209736907236
1731800205.3103528;/app/bags/user95_2017-02-24.bag;0.834065854549408;0.0;0.9619645476341248;0.0;0.7960547501412467;0.9444047902630928;0.055595209736907236
1731800205.5103936;/app/bags/user95_2017-02-24.bag;0.834065854549408;0.0;0.9619645476341248;0.0;0.7960547501412467;0.9444047902630928;0.055595209736907236
1731800205.7103934;/app/bags/user95_2017-02-24.bag;0.834065854549408;0.0;0.9619645476341248;0.0;0.7960547501412467;0.9444047902630928;0.055595209736907236
1731800205.91037;/app/bags/user95_2017-02-24.bag;0.834065854549408;0.0;0.9619645476341248;0.0;0.7960547501412467;0.9444047902630928;0.055595209736907236
1731800206.1106694;/app/bags/user95_2017-02-24.bag;0.834065854549408;0.0;0.9619645476341248;0.0;0.7960547501412467;0.9444047902630928;0.055595209736907236
1731800206.310383;/app/bags/user95_2017-02-24.bag;0.834065854549408;0.0;0.9619645476341248;0.0;0.7960547501412467;0.9444047902630928;0.055595209736907236
1731800206.5103655;/app/bags/user95_2017-02-24.bag;0.834065854549408;0.0;0.9619645476341248;0.0;0.7960547501412467;0.9444047902630928;0.055595209736907236
1731800206.7104125;/app/bags/user95_2017-02-24.bag;0.834065854549408;0.0;0.9619645476341248;0.0;0.7960547501412467;0.9444047902630928;0.055595209736907236
1731800206.9104075;/app/bags/user95_2017-02-24.bag;0.834065854549408;0.0;0.9619645476341248;0.0;0.7960547501412467;0.9444047902630928;0.055595209736907236
1731800207.110349;/app/bags/user95_2017-02-24.bag;0.834065854549408;0.0;0.9619645476341248;0.0;0.7960547501412467;0.9444047902630928;0.055595209736907236
1731800207.310423;/app/bags/user95_2017-02-24.bag;0.834065854549408;0.0;0.9619645476341248;0.0;0.7960547501412467;0.9444047902630928;0.055595209736907236
1731800207.5103726;/app/bags/user95_2017-02-24.bag;0.834065854549408;0.0;0.9619645476341248;0.0;0.7960547501412467;0.9444047902630928;0.055595209736907236
1731800207.710409;/app/bags/user95_2017-02-24.bag;0.834065854549408;0.0;0.9619645476341248;0.0;0.7960547501412467;0.9444047902630928;0.055595209736907236
1731800207.9104147;/app/bags/user95_2017-02-24.bag;0.834065854549408;0.0;0.9619645476341248;0.0;0.7960547501412467;0.9444047902630928;0.055595209736907236
1731800208.110404;/app/bags/user95_2017-02-24.bag;0.834065854549408;0.0;0.9619645476341248;0.0;0.7960547501412467;0.9444047902630928;0.055595209736907236
1731800208.3103833;/app/bags/user95_2017-02-24.bag;0.834065854549408;0.0;0.9619645476341248;0.0;0.7960547501412467;0.9444047902630928;0.055595209736907236
1731800208.5103924;/app/bags/user95_2017-02-24.bag;0.834065854549408;0.0;0.9619645476341248;0.0;0.7960547501412467;0.9444047902630928;0.055595209736907236
1731800208.7105684;/app/bags/user95_2017-02-24.bag;0.834065854549408;0.0;0.9619645476341248;0.0;0.7960547501412467;0.9444047902630928;0.055595209736907236
1731800208.9104133;/app/bags/user95_2017-02-24.bag;0.834065854549408;0.0;0.9619645476341248;0.0;0.7960547501412467;0.9444047902630928;0.055595209736907236
1731800209.1103687;/app/bags/user95_2017-02-24.bag;0.834065854549408;0.0;0.9619645476341248;0.0;0.7960547501412467;0.9444047902630928;0.055595209736907236
1731800209.3103507;/app/bags/user95_2017-02-24.bag;0.834065854549408;0.0;0.9619645476341248;0.0;0.7960547501412467;0.9444047902630928;0.055595209736907236
1731800209.5104885;/app/bags/user95_2017-02-24.bag;0.834065854549408;0.0;0.9619645476341248;0.0;0.7960547501412467;0.9444047902630928;0.055595209736907236
1731800209.710401;/app/bags/user95_2017-02-24.bag;0.834065854549408;0.0;0.9619645476341248;0.0;0.7960547501412467;0.9444047902630928;0.055595209736907236
1731800209.9103491;/app/bags/user95_2017-02-24.bag;0.834065854549408;0.0;0.9619645476341248;0.0;0.7960547501412467;0.9444047902630928;0.055595209736907236
1731800210.1104434;/app/bags/user95_2017-02-24.bag;0.834065854549408;0.0;0.9619645476341248;0.0;0.7960547501412467;0.9444047902630928;0.055595209736907236
1731800210.3103619;/app/bags/user95_2017-02-24.bag;0.834065854549408;0.0;0.9619645476341248;0.0;0.7960547501412467;0.9444047902630928;0.055595209736907236
1731800210.5103924;/app/bags/user95_2017-02-24.bag;0.834065854549408;0.0;0.9619645476341248;0.0;0.7960547501412467;0.9444047902630928;0.055595209736907236
1731800210.7103736;/app/bags/user95_2017-02-24.bag;0.834065854549408;0.0;0.9619645476341248;0.0;0.7960547501412467;0.9444047902630928;0.055595209736907236
1731800210.910377;/app/bags/user95_2017-02-24.bag;0.834065854549408;0.0;0.9619645476341248;0.0;0.7960547501412467;0.9444047902630928;0.055595209736907236
1731800211.11043;/app/bags/user95_2017-02-24.bag;0.834065854549408;0.0;0.9619645476341248;0.0;0.7960547501412467;0.9444047902630928;0.055595209736907236
1731800211.3104024;/app/bags/user95_2017-02-24.bag;0.834065854549408;0.0;0.9619645476341248;0.0;0.7960547501412467;0.9444047902630928;0.055595209736907236
1731800211.5104346;/app/bags/user95_2017-02-24.bag;0.834065854549408;0.0;0.9619645476341248;0.0;0.7960547501412467;0.9444047902630928;0.055595209736907236
1731800211.7104006;/app/bags/user95_2017-02-24.bag;0.834065854549408;0.0;0.9619645476341248;0.0;0.7960547501412467;0.9444047902630928;0.055595209736907236
1731800211.910424;/app/bags/user95_2017-02-24.bag;0.834065854549408;0.0;0.9619645476341248;0.0;0.7960547501412467;0.9444047902630928;0.055595209736907236
1731800212.1106045;/app/bags/user95_2017-02-24.bag;0.834065854549408;0.0;0.9619645476341248;0.0;0.7960547501412467;0.9444047902630928;0.055595209736907236
1731800212.310391;/app/bags/user95_2017-02-24.bag;0.834065854549408;0.0;0.9619645476341248;0.0;0.7960547501412467;0.9444047902630928;0.055595209736907236
1731800212.5103335;/app/bags/user95_2017-02-24.bag;0.834065854549408;0.0;0.9619645476341248;0.0;0.7960547501412467;0.9444047902630928;0.055595209736907236
1731800212.710423;/app/bags/user95_2017-02-24.bag;0.834065854549408;0.0;0.9619645476341248;0.0;0.7960547501412467;0.9444047902630928;0.055595209736907236
1731800212.9104025;/app/bags/user95_2017-02-24.bag;0.834065854549408;0.0;0.9619645476341248;0.0;0.7960547501412467;0.9444047902630928;0.055595209736907236
1731800213.110413;/app/bags/user95_2017-02-24.bag;0.834065854549408;0.0;0.9619645476341248;0.0;0.7960547501412467;0.9444047902630928;0.055595209736907236
1731800213.3104722;/app/bags/user95_2017-02-24.bag;0.834065854549408;0.0;0.9619645476341248;0.0;0.7960547501412467;0.9444047902630928;0.055595209736907236
1731800213.5105333;/app/bags/user95_2017-02-24.bag;0.834065854549408;0.0;0.9619645476341248;0.0;0.7960547501412467;0.9444047902630928;0.055595209736907236
1731800213.7104297;/app/bags/user95_2017-02-24.bag;0.834065854549408;0.0;0.9619645476341248;0.0;0.7960547501412467;0.9444047902630928;0.055595209736907236
1731800213.9104047;/app/bags/user95_2017-02-24.bag;0.834065854549408;0.0;0.9619645476341248;0.0;0.7960547501412467;0.9444047902630928;0.055595209736907236
1731800214.1104362;/app/bags/user95_2017-02-24.bag;0.834065854549408;0.0;0.9619645476341248;0.0;0.7960547501412467;0.9444047902630928;0.055595209736907236
1731800214.3104663;/app/bags/user95_2017-02-24.bag;0.834065854549408;0.0;0.9619645476341248;0.0;0.7960547501412467;0.9444047902630928;0.055595209736907236
1731800214.5103803;/app/bags/user95_2017-02-24.bag;0.834065854549408;0.0;0.9619645476341248;0.0;0.7960547501412467;0.9444047902630928;0.055595209736907236
1731800214.71042;/app/bags/user95_2017-02-24.bag;0.834065854549408;0.0;0.9619645476341248;0.0;0.7960547501412467;0.9444047902630928;0.055595209736907236
1731800214.9104035;/app/bags/user95_2017-02-24.bag;0.834065854549408;0.0;0.9619645476341248;0.0;0.7960547501412467;0.9444047902630928;0.055595209736907236
1731800215.1103473;/app/bags/user95_2017-02-24.bag;0.834065854549408;0.0;0.9619645476341248;0.0;0.7960547501412467;0.9444047902630928;0.055595209736907236
1731800215.3103976;/app/bags/user95_2017-02-24.bag;0.834065854549408;0.0;0.9619645476341248;0.0;0.7960547501412467;0.9444047902630928;0.055595209736907236
1731800215.5104256;/app/bags/user95_2017-02-24.bag;0.834065854549408;0.0;0.9619645476341248;0.0;0.7960547501412467;0.9444047902630928;0.055595209736907236
1731800215.7104025;/app/bags/user95_2017-02-24.bag;0.834065854549408;0.0;0.9619645476341248;0.0;0.7960547501412467;0.9444047902630928;0.055595209736907236
1731800215.9104843;/app/bags/user95_2017-02-24.bag;0.834065854549408;0.0;0.9619645476341248;0.0;0.7960547501412467;0.9444047902630928;0.055595209736907236
1731800216.110514;/app/bags/user95_2017-02-24.bag;0.834065854549408;0.0;0.9619645476341248;0.0;0.7960547501412467;0.9444047902630928;0.055595209736907236
1731800216.3104627;/app/bags/user95_2017-02-24.bag;0.834065854549408;0.0;0.9619645476341248;0.0;0.7960547501412467;0.9444047902630928;0.055595209736907236
1731800216.510362;/app/bags/user95_2017-02-24.bag;0.834065854549408;0.0;0.9619645476341248;0.0;0.7960547501412467;0.9444047902630928;0.055595209736907236
1731800216.710357;/app/bags/user95_2017-02-24.bag;0.834065854549408;0.0;0.9619645476341248;0.0;0.7960547501412467;0.9444047902630928;0.055595209736907236
1731800216.910379;/app/bags/user95_2017-02-24.bag;0.834065854549408;0.0;0.9619645476341248;0.0;0.7960547501412467;0.9444047902630928;0.055595209736907236
1731800217.1104221;/app/bags/user95_2017-02-24.bag;0.834065854549408;0.0;0.9619645476341248;0.0;0.7960547501412467;0.9444047902630928;0.055595209736907236
1731800217.310358;/app/bags/user95_2017-02-24.bag;0.834065854549408;0.0;0.9619645476341248;0.0;0.7960547501412467;0.9444047902630928;0.055595209736907236
1731800217.510404;/app/bags/user95_2017-02-24.bag;0.834065854549408;0.0;0.9619645476341248;0.0;0.7960547501412467;0.9444047902630928;0.055595209736907236
1731800217.7105637;/app/bags/user95_2017-02-24.bag;0.834065854549408;0.0;0.9619645476341248;0.0;0.7960547501412467;0.9444047902630928;0.055595209736907236
1731800217.9104857;/app/bags/user95_2017-02-24.bag;0.834065854549408;0.0;0.9619645476341248;0.0;0.7960547501412467;0.9444047902630928;0.055595209736907236
1731800218.1103923;/app/bags/user95_2017-02-24.bag;0.834065854549408;0.0;0.9619645476341248;0.0;0.7960547501412467;0.9444047902630928;0.055595209736907236
1731800218.3104455;/app/bags/user95_2017-02-24.bag;0.834065854549408;0.0;0.9619645476341248;0.0;0.7960547501412467;0.9444047902630928;0.055595209736907236
1731800218.5104022;/app/bags/user95_2017-02-24.bag;0.834065854549408;0.0;0.9619645476341248;0.0;0.7960547501412467;0.9444047902630928;0.055595209736907236
1731800218.7104278;/app/bags/user95_2017-02-24.bag;0.834065854549408;0.0;0.9619645476341248;0.0;0.7960547501412467;0.9444047902630928;0.055595209736907236
1731800218.9104302;/app/bags/user95_2017-02-24.bag;0.834065854549408;0.0;0.9619645476341248;0.0;0.7960547501412467;0.9444047902630928;0.055595209736907236
1731800219.110412;/app/bags/user95_2017-02-24.bag;0.834065854549408;0.0;0.9619645476341248;0.0;0.7960547501412467;0.9444047902630928;0.055595209736907236
1731800219.3105326;/app/bags/user95_2017-02-24.bag;0.834065854549408;0.0;0.9619645476341248;0.0;0.7960547501412467;0.9444047902630928;0.055595209736907236
1731800219.5104368;/app/bags/user95_2017-02-24.bag;0.834065854549408;0.0;0.9619645476341248;0.0;0.7960547501412467;0.9444047902630928;0.055595209736907236
1731800219.7104445;/app/bags/user95_2017-02-24.bag;0.834065854549408;0.0;0.9619645476341248;0.0;0.7960547501412467;0.9444047902630928;0.055595209736907236
1731800219.9103937;/app/bags/user95_2017-02-24.bag;0.834065854549408;0.0;0.9619645476341248;0.0;0.7960547501412467;0.9444047902630928;0.055595209736907236
1731800220.1104314;/app/bags/user95_2017-02-24.bag;0.834065854549408;0.0;0.9619645476341248;0.0;0.7960547501412467;0.9444047902630928;0.055595209736907236
1731800220.3104634;/app/bags/user95_2017-02-24.bag;0.834065854549408;0.0;0.9619645476341248;0.0;0.7960547501412467;0.9444047902630928;0.055595209736907236
1731800220.5103927;/app/bags/user95_2017-02-24.bag;0.834065854549408;0.0;0.9619645476341248;0.0;0.7960547501412467;0.9444047902630928;0.055595209736907236
1731800220.710375;/app/bags/user95_2017-02-24.bag;0.834065854549408;0.0;0.9619645476341248;0.0;0.7960547501412467;0.9444047902630928;0.055595209736907236
1731800220.9103773;/app/bags/user95_2017-02-24.bag;0.834065854549408;0.0;0.9619645476341248;0.0;0.7960547501412467;0.9444047902630928;0.055595209736907236
1731800221.1103687;/app/bags/user95_2017-02-24.bag;0.834065854549408;0.0;0.9619645476341248;0.0;0.7960547501412467;0.9444047902630928;0.055595209736907236
1731800221.3103743;/app/bags/user95_2017-02-24.bag;0.834065854549408;0.0;0.9619645476341248;0.0;0.7960547501412467;0.9444047902630928;0.055595209736907236
1731800221.510373;/app/bags/user95_2017-02-24.bag;0.834065854549408;0.0;0.9619645476341248;0.0;0.7960547501412467;0.9444047902630928;0.055595209736907236
1731800221.710403;/app/bags/user95_2017-02-24.bag;0.834065854549408;0.0;0.9619645476341248;0.0;0.7960547501412467;0.9444047902630928;0.055595209736907236
1731800221.9104097;/app/bags/user95_2017-02-24.bag;0.834065854549408;0.0;0.9619645476341248;0.0;0.7960547501412467;0.9444047902630928;0.055595209736907236
1731800222.1104228;/app/bags/user95_2017-02-24.bag;0.834065854549408;0.0;0.9619645476341248;0.0;0.7960547501412467;0.9444047902630928;0.055595209736907236
1731800222.3103857;/app/bags/user95_2017-02-24.bag;0.834065854549408;0.0;0.9619645476341248;0.0;0.7960547501412467;0.9444047902630928;0.055595209736907236
1731800222.5104182;/app/bags/user95_2017-02-24.bag;0.834065854549408;0.0;0.9619645476341248;0.0;0.7960547501412467;0.9444047902630928;0.055595209736907236
1731800222.7104023;/app/bags/user95_2017-02-24.bag;0.834065854549408;0.0;0.9619645476341248;0.0;0.7960547501412467;0.9444047902630928;0.055595209736907236
1731800222.9104078;/app/bags/user95_2017-02-24.bag;0.834065854549408;0.0;0.9619645476341248;0.0;0.7960547501412467;0.9444047902630928;0.055595209736907236
1731800223.11041;/app/bags/user95_2017-02-24.bag;0.834065854549408;0.0;0.9619645476341248;0.0;0.7960547501412467;0.9444047902630928;0.055595209736907236
1731800223.3103979;/app/bags/user95_2017-02-24.bag;0.834065854549408;0.0;0.9619645476341248;0.0;0.7960547501412467;0.9444047902630928;0.055595209736907236
1731800223.5104504;/app/bags/user95_2017-02-24.bag;0.834065854549408;0.0;0.9619645476341248;0.0;0.7960547501412467;0.9444047902630928;0.055595209736907236
1731800223.7104082;/app/bags/user95_2017-02-24.bag;0.834065854549408;0.0;0.9619645476341248;0.0;0.7960547501412467;0.9444047902630928;0.055595209736907236
1731800223.9104364;/app/bags/user95_2017-02-24.bag;0.834065854549408;0.0;0.9619645476341248;0.0;0.7960547501412467;0.9444047902630928;0.055595209736907236
1731800224.1104228;/app/bags/user95_2017-02-24.bag;0.834065854549408;0.0;0.9619645476341248;0.0;0.7960547501412467;0.9444047902630928;0.055595209736907236
1731800224.3104064;/app/bags/user95_2017-02-24.bag;0.834065854549408;0.0;0.9619645476341248;0.0;0.7960547501412467;0.9444047902630928;0.055595209736907236
1731800224.5104342;/app/bags/user95_2017-02-24.bag;0.834065854549408;0.0;0.9619645476341248;0.0;0.7960547501412467;0.9444047902630928;0.055595209736907236
1731800224.7105694;/app/bags/user95_2017-02-24.bag;0.834065854549408;0.0;0.9619645476341248;0.0;0.7960547501412467;0.9444047902630928;0.055595209736907236
1731800224.9103978;/app/bags/user95_2017-02-24.bag;0.834065854549408;0.0;0.9619645476341248;0.0;0.7960547501412467;0.9444047902630928;0.055595209736907236
1731800225.110398;/app/bags/user95_2017-02-24.bag;0.834065854549408;0.0;0.9619645476341248;0.0;0.7960547501412467;0.9444047902630928;0.055595209736907236
1731800225.3104017;/app/bags/user95_2017-02-24.bag;0.834065854549408;0.0;0.9619645476341248;0.0;0.7960547501412467;0.9444047902630928;0.055595209736907236
1731800225.5104573;/app/bags/user95_2017-02-24.bag;0.834065854549408;0.0;0.9619645476341248;0.0;0.7960547501412467;0.9444047902630928;0.055595209736907236
1731800225.7103426;/app/bags/user95_2017-02-24.bag;0.834065854549408;0.0;0.9619645476341248;0.0;0.7960547501412467;0.9444047902630928;0.055595209736907236
1731800225.910494;/app/bags/user95_2017-02-24.bag;0.834065854549408;0.0;0.9619645476341248;0.0;0.7960547501412467;0.9444047902630928;0.055595209736907236
1731800226.110484;/app/bags/user95_2017-02-24.bag;0.834065854549408;0.0;0.9619645476341248;0.0;0.7960547501412467;0.9444047902630928;0.055595209736907236
1731800226.310445;/app/bags/user95_2017-02-24.bag;0.834065854549408;0.0;0.9619645476341248;0.0;0.7960547501412467;0.9444047902630928;0.055595209736907236
1731800226.5104046;/app/bags/user95_2017-02-24.bag;0.834065854549408;0.0;0.9619645476341248;0.0;0.7960547501412467;0.9444047902630928;0.055595209736907236
1731800226.710371;/app/bags/user95_2017-02-24.bag;0.834065854549408;0.0;0.9619645476341248;0.0;0.7960547501412467;0.9444047902630928;0.055595209736907236
1731800226.9103816;/app/bags/user95_2017-02-24.bag;0.834065854549408;0.0;0.9619645476341248;0.0;0.7960547501412467;0.9444047902630928;0.055595209736907236
1731800227.1105137;/app/bags/user95_2017-02-24.bag;0.834065854549408;0.0;0.9619645476341248;0.0;0.7960547501412467;0.9444047902630928;0.055595209736907236
1731800227.3103955;/app/bags/user95_2017-02-24.bag;0.834065854549408;0.0;0.9619645476341248;0.0;0.7960547501412467;0.9444047902630928;0.055595209736907236
1731800227.5103831;/app/bags/user95_2017-02-24.bag;0.834065854549408;0.0;0.9619645476341248;0.0;0.7960547501412467;0.9444047902630928;0.055595209736907236
1731800227.7104013;/app/bags/user95_2017-02-24.bag;0.834065854549408;0.0;0.9619645476341248;0.0;0.7960547501412467;0.9444047902630928;0.055595209736907236
1731800227.9105337;/app/bags/user95_2017-02-24.bag;0.834065854549408;0.0;0.9619645476341248;0.0;0.7960547501412467;0.9444047902630928;0.055595209736907236
1731800228.1104777;/app/bags/user95_2017-02-24.bag;0.834065854549408;0.0;0.9619645476341248;0.0;0.7960547501412467;0.9444047902630928;0.055595209736907236
1731800228.3103933;/app/bags/user95_2017-02-24.bag;0.834065854549408;0.0;0.9619645476341248;0.0;0.7960547501412467;0.9444047902630928;0.055595209736907236
1731800228.510423;/app/bags/user95_2017-02-24.bag;0.834065854549408;0.0;0.9619645476341248;0.0;0.7960547501412467;0.9444047902630928;0.055595209736907236
1731800228.7104077;/app/bags/user95_2017-02-24.bag;0.834065854549408;0.0;0.9619645476341248;0.0;0.7960547501412467;0.9444047902630928;0.055595209736907236
1731800228.910407;/app/bags/user95_2017-02-24.bag;0.834065854549408;0.0;0.9619645476341248;0.0;0.7960547501412467;0.9444047902630928;0.055595209736907236
1731800229.1104133;/app/bags/user95_2017-02-24.bag;0.834065854549408;0.0;0.9619645476341248;0.0;0.7960547501412467;0.9444047902630928;0.055595209736907236
1731800229.31042;/app/bags/user95_2017-02-24.bag;0.834065854549408;0.0;0.9619645476341248;0.0;0.7960547501412467;0.9444047902630928;0.055595209736907236
1731800229.5103772;/app/bags/user95_2017-02-24.bag;0.834065854549408;0.0;0.9619645476341248;0.0;0.7960547501412467;0.9444047902630928;0.055595209736907236
1731800229.7103803;/app/bags/user95_2017-02-24.bag;0.834065854549408;0.0;0.9619645476341248;0.0;0.7960547501412467;0.9444047902630928;0.055595209736907236
1731800229.9103997;/app/bags/user95_2017-02-24.bag;0.834065854549408;0.0;0.9619645476341248;0.0;0.7960547501412467;0.9444047902630928;0.055595209736907236
1731800230.110476;/app/bags/user95_2017-02-24.bag;0.834065854549408;0.0;0.9619645476341248;0.0;0.7960547501412467;0.9444047902630928;0.055595209736907236
1731800230.3105462;/app/bags/user95_2017-02-24.bag;0.834065854549408;0.0;0.9619645476341248;0.0;0.7960547501412467;0.9444047902630928;0.055595209736907236
1731800230.5104043;/app/bags/user95_2017-02-24.bag;0.834065854549408;0.0;0.9619645476341248;0.0;0.7960547501412467;0.9444047902630928;0.055595209736907236
1731800230.7104993;/app/bags/user95_2017-02-24.bag;0.834065854549408;0.0;0.9619645476341248;0.0;0.7960547501412467;0.9444047902630928;0.055595209736907236
1731800230.910431;/app/bags/user95_2017-02-24.bag;0.834065854549408;0.0;0.9619645476341248;0.0;0.7960547501412467;0.9444047902630928;0.055595209736907236
1731800231.110376;/app/bags/user95_2017-02-24.bag;0.834065854549408;0.0;0.9619645476341248;0.0;0.7960547501412467;0.9444047902630928;0.055595209736907236
1731800231.3104093;/app/bags/user95_2017-02-24.bag;0.834065854549408;0.0;0.9619645476341248;0.0;0.7960547501412467;0.9444047902630928;0.055595209736907236
1731800231.5104063;/app/bags/user95_2017-02-24.bag;0.834065854549408;0.0;0.9619645476341248;0.0;0.7960547501412467;0.9444047902630928;0.055595209736907236
1731800231.7104092;/app/bags/user95_2017-02-24.bag;0.834065854549408;0.0;0.9619645476341248;0.0;0.7960547501412467;0.9444047902630928;0.055595209736907236
1731800231.9103863;/app/bags/user95_2017-02-24.bag;0.834065854549408;0.0;0.9619645476341248;0.0;0.7960547501412467;0.9444047902630928;0.055595209736907236
1731800232.110409;/app/bags/user95_2017-02-24.bag;0.834065854549408;0.0;0.9619645476341248;0.0;0.7960547501412467;0.9444047902630928;0.055595209736907236
1731800232.310389;/app/bags/user95_2017-02-24.bag;0.834065854549408;0.0;0.9619645476341248;0.0;0.7960547501412467;0.9444047902630928;0.055595209736907236
1731800232.5103998;/app/bags/user95_2017-02-24.bag;0.834065854549408;0.0;0.9619645476341248;0.0;0.7960547501412467;0.9444047902630928;0.055595209736907236
1731800232.7104235;/app/bags/user95_2017-02-24.bag;0.834065854549408;0.0;0.9619645476341248;0.0;0.7960547501412467;0.9444047902630928;0.055595209736907236
1731800232.9104187;/app/bags/user95_2017-02-24.bag;0.834065854549408;0.0;0.9619645476341248;0.0;0.7960547501412467;0.9444047902630928;0.055595209736907236
1731800233.110404;/app/bags/user95_2017-02-24.bag;0.834065854549408;0.0;0.9619645476341248;0.0;0.7960547501412467;0.9444047902630928;0.055595209736907236
1731800233.3104649;/app/bags/user95_2017-02-24.bag;0.834065854549408;0.0;0.9619645476341248;0.0;0.7960547501412467;0.9444047902630928;0.055595209736907236
1731800233.5103893;/app/bags/user95_2017-02-24.bag;0.834065854549408;0.0;0.9619645476341248;0.0;0.7960547501412467;0.9444047902630928;0.055595209736907236
1731800233.7104442;/app/bags/user95_2017-02-24.bag;0.834065854549408;0.0;0.9619645476341248;0.0;0.7960547501412467;0.9444047902630928;0.055595209736907236
1731800233.9103725;/app/bags/user95_2017-02-24.bag;0.834065854549408;0.0;0.9619645476341248;0.0;0.7960547501412467;0.9444047902630928;0.055595209736907236
1731800234.1103342;/app/bags/user95_2017-02-24.bag;0.834065854549408;0.0;0.9619645476341248;0.0;0.7960547501412467;0.9444047902630928;0.055595209736907236
1731800234.3104563;/app/bags/user95_2017-02-24.bag;0.834065854549408;0.0;0.9619645476341248;0.0;0.7960547501412467;0.9444047902630928;0.055595209736907236
1731800234.510405;/app/bags/user95_2017-02-24.bag;0.834065854549408;0.0;0.9619645476341248;0.0;0.7960547501412467;0.9444047902630928;0.055595209736907236
1731800234.7104745;/app/bags/user95_2017-02-24.bag;0.834065854549408;0.0;0.9619645476341248;0.0;0.7960547501412467;0.9444047902630928;0.055595209736907236
1731800234.910371;/app/bags/user95_2017-02-24.bag;0.834065854549408;0.0;0.9619645476341248;0.0;0.7960547501412467;0.9444047902630928;0.055595209736907236
1731800235.1104481;/app/bags/user95_2017-02-24.bag;0.834065854549408;0.0;0.9619645476341248;0.0;0.7960547501412467;0.9444047902630928;0.055595209736907236
1731800235.3103874;/app/bags/user95_2017-02-24.bag;0.834065854549408;0.0;0.9619645476341248;0.0;0.7960547501412467;0.9444047902630928;0.055595209736907236
1731800235.510387;/app/bags/user95_2017-02-24.bag;0.834065854549408;0.0;0.9619645476341248;0.0;0.7960547501412467;0.9444047902630928;0.055595209736907236
1731800235.7103705;/app/bags/user95_2017-02-24.bag;0.834065854549408;0.0;0.9619645476341248;0.0;0.7960547501412467;0.9444047902630928;0.055595209736907236
1731800235.910431;/app/bags/user95_2017-02-24.bag;0.834065854549408;0.0;0.9619645476341248;0.0;0.7960547501412467;0.9444047902630928;0.055595209736907236
1731800236.1103702;/app/bags/user95_2017-02-24.bag;0.834065854549408;0.0;0.9619645476341248;0.0;0.7960547501412467;0.9444047902630928;0.055595209736907236
1731800236.310376;/app/bags/user95_2017-02-24.bag;0.834065854549408;0.0;0.9619645476341248;0.0;0.7960547501412467;0.9444047902630928;0.055595209736907236
1731800236.5104299;/app/bags/user95_2017-02-24.bag;0.834065854549408;0.0;0.9619645476341248;0.0;0.7960547501412467;0.9444047902630928;0.055595209736907236
1731800236.7104094;/app/bags/user95_2017-02-24.bag;0.834065854549408;0.0;0.9619645476341248;0.0;0.7960547501412467;0.9444047902630928;0.055595209736907236
1731800236.910381;/app/bags/user95_2017-02-24.bag;0.834065854549408;0.0;0.9619645476341248;0.0;0.7960547501412467;0.9444047902630928;0.055595209736907236
1731800237.1104162;/app/bags/user95_2017-02-24.bag;0.834065854549408;0.0;0.9619645476341248;0.0;0.7960547501412467;0.9444047902630928;0.055595209736907236
1731800237.3105528;/app/bags/user95_2017-02-24.bag;0.834065854549408;0.0;0.9619645476341248;0.0;0.7960547501412467;0.9444047902630928;0.055595209736907236
1731800237.5104084;/app/bags/user95_2017-02-24.bag;0.834065854549408;0.0;0.9619645476341248;0.0;0.7960547501412467;0.9444047902630928;0.055595209736907236
1731800237.7103906;/app/bags/user95_2017-02-24.bag;0.834065854549408;0.0;0.9619645476341248;0.0;0.7960547501412467;0.9444047902630928;0.055595209736907236
1731800237.9104052;/app/bags/user95_2017-02-24.bag;0.834065854549408;0.0;0.9619645476341248;0.0;0.7960547501412467;0.9444047902630928;0.055595209736907236
1731800238.1104014;/app/bags/user95_2017-02-24.bag;0.834065854549408;0.0;0.9619645476341248;0.0;0.7960547501412467;0.9444047902630928;0.055595209736907236
1731800238.3103752;/app/bags/user95_2017-02-24.bag;0.834065854549408;0.0;0.9619645476341248;0.0;0.7960547501412467;0.9444047902630928;0.055595209736907236
1731800238.5103903;/app/bags/user95_2017-02-24.bag;0.834065854549408;0.0;0.9619645476341248;0.0;0.7960547501412467;0.9444047902630928;0.055595209736907236
1731800238.7103562;/app/bags/user95_2017-02-24.bag;0.834065854549408;0.0;0.9619645476341248;0.0;0.7960547501412467;0.9444047902630928;0.055595209736907236
1731800238.9105418;/app/bags/user95_2017-02-24.bag;0.834065854549408;0.0;0.9619645476341248;0.0;0.7960547501412467;0.9444047902630928;0.055595209736907236
1731800239.1103761;/app/bags/user95_2017-02-24.bag;0.834065854549408;0.0;0.9619645476341248;0.0;0.7960547501412467;0.9444047902630928;0.055595209736907236
1731800239.3104417;/app/bags/user95_2017-02-24.bag;0.834065854549408;0.0;0.9619645476341248;0.0;0.7960547501412467;0.9444047902630928;0.055595209736907236
1731800239.510396;/app/bags/user95_2017-02-24.bag;0.834065854549408;0.0;0.9619645476341248;0.0;0.7960547501412467;0.9444047902630928;0.055595209736907236
1731800239.7103984;/app/bags/user95_2017-02-24.bag;0.834065854549408;0.0;0.9619645476341248;0.0;0.7960547501412467;0.9444047902630928;0.055595209736907236
1731800239.9103763;/app/bags/user95_2017-02-24.bag;0.834065854549408;0.0;0.9619645476341248;0.0;0.7960547501412467;0.9444047902630928;0.055595209736907236
1731800240.110425;/app/bags/user95_2017-02-24.bag;0.834065854549408;0.0;0.9619645476341248;0.0;0.7960547501412467;0.9444047902630928;0.055595209736907236
1731800240.310443;/app/bags/user95_2017-02-24.bag;0.834065854549408;0.0;0.9619645476341248;0.0;0.7960547501412467;0.9444047902630928;0.055595209736907236
1731800240.510469;/app/bags/user95_2017-02-24.bag;0.834065854549408;0.0;0.9619645476341248;0.0;0.7960547501412467;0.9444047902630928;0.055595209736907236
1731800240.7103717;/app/bags/user95_2017-02-24.bag;0.834065854549408;0.0;0.9619645476341248;0.0;0.7960547501412467;0.9444047902630928;0.055595209736907236
1731800240.9104025;/app/bags/user95_2017-02-24.bag;0.834065854549408;0.0;0.9619645476341248;0.0;0.7960547501412467;0.9444047902630928;0.055595209736907236
1731800241.1104267;/app/bags/user95_2017-02-24.bag;0.834065854549408;0.0;0.9619645476341248;0.0;0.7960547501412467;0.9444047902630928;0.055595209736907236
1731800241.3104432;/app/bags/user95_2017-02-24.bag;0.834065854549408;0.0;0.9619645476341248;0.0;0.7960547501412467;0.9444047902630928;0.055595209736907236
1731800241.5103872;/app/bags/user95_2017-02-24.bag;0.834065854549408;0.0;0.9619645476341248;0.0;0.7960547501412467;0.9444047902630928;0.055595209736907236
1731800241.710415;/app/bags/user95_2017-02-24.bag;0.834065854549408;0.0;0.9619645476341248;0.0;0.7960547501412467;0.9444047902630928;0.055595209736907236
1731800241.9104095;/app/bags/user95_2017-02-24.bag;0.834065854549408;0.0;0.9619645476341248;0.0;0.7960547501412467;0.9444047902630928;0.055595209736907236
1731800242.110378;/app/bags/user95_2017-02-24.bag;0.834065854549408;0.0;0.9619645476341248;0.0;0.7960547501412467;0.9444047902630928;0.055595209736907236
1731800242.3103907;/app/bags/user95_2017-02-24.bag;0.834065854549408;0.0;0.9619645476341248;0.0;0.7960547501412467;0.9444047902630928;0.055595209736907236
1731800242.5103986;/app/bags/user95_2017-02-24.bag;0.834065854549408;0.0;0.9619645476341248;0.0;0.7960547501412467;0.9444047902630928;0.055595209736907236
1731800242.7103403;/app/bags/user95_2017-02-24.bag;0.834065854549408;0.0;0.9619645476341248;0.0;0.7960547501412467;0.9444047902630928;0.055595209736907236
1731800242.910387;/app/bags/user95_2017-02-24.bag;0.834065854549408;0.0;0.9619645476341248;0.0;0.7960547501412467;0.9444047902630928;0.055595209736907236
1731800243.1104057;/app/bags/user95_2017-02-24.bag;0.834065854549408;0.0;0.9619645476341248;0.0;0.7960547501412467;0.9444047902630928;0.055595209736907236
1731800243.310418;/app/bags/user95_2017-02-24.bag;0.834065854549408;0.0;0.9619645476341248;0.0;0.7960547501412467;0.9444047902630928;0.055595209736907236
1731800243.5104175;/app/bags/user95_2017-02-24.bag;0.834065854549408;0.0;0.9619645476341248;0.0;0.7960547501412467;0.9444047902630928;0.055595209736907236
1731800243.7104003;/app/bags/user95_2017-02-24.bag;0.834065854549408;0.0;0.9619645476341248;0.0;0.7960547501412467;0.9444047902630928;0.055595209736907236
1731800243.9103835;/app/bags/user95_2017-02-24.bag;0.834065854549408;0.0;0.9619645476341248;0.0;0.7960547501412467;0.9444047902630928;0.055595209736907236
1731800244.110366;/app/bags/user95_2017-02-24.bag;0.834065854549408;0.0;0.9619645476341248;0.0;0.7960547501412467;0.9444047902630928;0.055595209736907236
1731800244.3104544;/app/bags/user95_2017-02-24.bag;0.834065854549408;0.0;0.9619645476341248;0.0;0.7960547501412467;0.9444047902630928;0.055595209736907236
1731800244.5104058;/app/bags/user95_2017-02-24.bag;0.834065854549408;0.0;0.9619645476341248;0.0;0.7960547501412467;0.9444047902630928;0.055595209736907236
1731800244.7104263;/app/bags/user95_2017-02-24.bag;0.834065854549408;0.0;0.9619645476341248;0.0;0.7960547501412467;0.9444047902630928;0.055595209736907236
1731800244.9103928;/app/bags/user95_2017-02-24.bag;0.834065854549408;0.0;0.9619645476341248;0.0;0.7960547501412467;0.9444047902630928;0.055595209736907236
1731800245.1104302;/app/bags/user95_2017-02-24.bag;0.834065854549408;0.0;0.9619645476341248;0.0;0.7960547501412467;0.9444047902630928;0.055595209736907236
1731800245.3103957;/app/bags/user95_2017-02-24.bag;0.834065854549408;0.0;0.9619645476341248;0.0;0.7960547501412467;0.9444047902630928;0.055595209736907236
1731800245.5104036;/app/bags/user95_2017-02-24.bag;0.834065854549408;0.0;0.9619645476341248;0.0;0.7960547501412467;0.9444047902630928;0.055595209736907236
1731800245.7103841;/app/bags/user95_2017-02-24.bag;0.834065854549408;0.0;0.9619645476341248;0.0;0.7960547501412467;0.9444047902630928;0.055595209736907236
1731800245.9104488;/app/bags/user95_2017-02-24.bag;0.834065854549408;0.0;0.9619645476341248;0.0;0.7960547501412467;0.9444047902630928;0.055595209736907236
1731800246.1104107;/app/bags/user95_2017-02-24.bag;0.834065854549408;0.0;0.9619645476341248;0.0;0.7960547501412467;0.9444047902630928;0.055595209736907236
1731800246.3104212;/app/bags/user95_2017-02-24.bag;0.834065854549408;0.0;0.9619645476341248;0.0;0.7960547501412467;0.9444047902630928;0.055595209736907236
1731800246.5104122;/app/bags/user95_2017-02-24.bag;0.834065854549408;0.0;0.9619645476341248;0.0;0.7960547501412467;0.9444047902630928;0.055595209736907236
1731800246.710416;/app/bags/user95_2017-02-24.bag;0.834065854549408;0.0;0.9619645476341248;0.0;0.7960547501412467;0.9444047902630928;0.055595209736907236
1731800246.9103734;/app/bags/user95_2017-02-24.bag;0.834065854549408;0.0;0.9619645476341248;0.0;0.7960547501412467;0.9444047902630928;0.055595209736907236
1731800247.110398;/app/bags/user95_2017-02-24.bag;0.834065854549408;0.0;0.9619645476341248;0.0;0.7960547501412467;0.9444047902630928;0.055595209736907236
1731800247.3104172;/app/bags/user95_2017-02-24.bag;0.834065854549408;0.0;0.9619645476341248;0.0;0.7960547501412467;0.9444047902630928;0.055595209736907236
1731800247.5104127;/app/bags/user95_2017-02-24.bag;0.834065854549408;0.0;0.9619645476341248;0.0;0.7960547501412467;0.9444047902630928;0.055595209736907236
1731800247.710377;/app/bags/user95_2017-02-24.bag;0.834065854549408;0.0;0.9619645476341248;0.0;0.7960547501412467;0.9444047902630928;0.055595209736907236
1731800247.9104133;/app/bags/user95_2017-02-24.bag;0.834065854549408;0.0;0.9619645476341248;0.0;0.7960547501412467;0.9444047902630928;0.055595209736907236
1731800248.1104722;/app/bags/user95_2017-02-24.bag;0.834065854549408;0.0;0.9619645476341248;0.0;0.7960547501412467;0.9444047902630928;0.055595209736907236
1731800248.3103633;/app/bags/user95_2017-02-24.bag;0.834065854549408;0.0;0.9619645476341248;0.0;0.7960547501412467;0.9444047902630928;0.055595209736907236
1731800248.5103908;/app/bags/user95_2017-02-24.bag;0.834065854549408;0.0;0.9619645476341248;0.0;0.7960547501412467;0.9444047902630928;0.055595209736907236
1731800248.710362;/app/bags/user95_2017-02-24.bag;0.834065854549408;0.0;0.9619645476341248;0.0;0.7960547501412467;0.9444047902630928;0.055595209736907236
1731800248.9103963;/app/bags/user95_2017-02-24.bag;0.834065854549408;0.0;0.9619645476341248;0.0;0.7960547501412467;0.9444047902630928;0.055595209736907236
1731800249.1105216;/app/bags/user95_2017-02-24.bag;0.834065854549408;0.0;0.9619645476341248;0.0;0.7960547501412467;0.9444047902630928;0.055595209736907236
1731800249.3104274;/app/bags/user95_2017-02-24.bag;0.834065854549408;0.0;0.9619645476341248;0.0;0.7960547501412467;0.9444047902630928;0.055595209736907236
1731800249.5104089;/app/bags/user95_2017-02-24.bag;0.834065854549408;0.0;0.9619645476341248;0.0;0.7960547501412467;0.9444047902630928;0.055595209736907236
1731800249.7103925;/app/bags/user95_2017-02-24.bag;0.834065854549408;0.0;0.9619645476341248;0.0;0.7960547501412467;0.9444047902630928;0.055595209736907236
1731800249.9103913;/app/bags/user95_2017-02-24.bag;0.834065854549408;0.0;0.9619645476341248;0.0;0.7960547501412467;0.9444047902630928;0.055595209736907236
1731800250.1104372;/app/bags/user95_2017-02-24.bag;0.834065854549408;0.0;0.9619645476341248;0.0;0.7960547501412467;0.9444047902630928;0.055595209736907236
1731800250.310405;/app/bags/user95_2017-02-24.bag;0.834065854549408;0.0;0.9619645476341248;0.0;0.7960547501412467;0.9444047902630928;0.055595209736907236
1731800250.5103662;/app/bags/user95_2017-02-24.bag;0.834065854549408;0.0;0.9619645476341248;0.0;0.7960547501412467;0.9444047902630928;0.055595209736907236
1731800250.7103639;/app/bags/user95_2017-02-24.bag;0.834065854549408;0.0;0.9619645476341248;0.0;0.7960547501412467;0.9444047902630928;0.055595209736907236
1731800250.910549;/app/bags/user95_2017-02-24.bag;0.834065854549408;0.0;0.9619645476341248;0.0;0.7960547501412467;0.9444047902630928;0.055595209736907236
1731800251.1103747;/app/bags/user95_2017-02-24.bag;0.834065854549408;0.0;0.9619645476341248;0.0;0.7960547501412467;0.9444047902630928;0.055595209736907236
1731800251.3103993;/app/bags/user95_2017-02-24.bag;0.834065854549408;0.0;0.9619645476341248;0.0;0.7960547501412467;0.9444047902630928;0.055595209736907236
1731800251.5104065;/app/bags/user95_2017-02-24.bag;0.834065854549408;0.0;0.9619645476341248;0.0;0.7960547501412467;0.9444047902630928;0.055595209736907236
1731800251.710369;/app/bags/user95_2017-02-24.bag;0.834065854549408;0.0;0.9619645476341248;0.0;0.7960547501412467;0.9444047902630928;0.055595209736907236
1731800251.9104397;/app/bags/user95_2017-02-24.bag;0.834065854549408;0.0;0.9619645476341248;0.0;0.7960547501412467;0.9444047902630928;0.055595209736907236
1731800252.110442;/app/bags/user95_2017-02-24.bag;0.834065854549408;0.0;0.9619645476341248;0.0;0.7960547501412467;0.9444047902630928;0.055595209736907236
1731800252.3104024;/app/bags/user95_2017-02-24.bag;0.834065854549408;0.0;0.9619645476341248;0.0;0.7960547501412467;0.9444047902630928;0.055595209736907236
1731800252.510388;/app/bags/user95_2017-02-24.bag;0.834065854549408;0.0;0.9619645476341248;0.0;0.7960547501412467;0.9444047902630928;0.055595209736907236
1731800252.710405;/app/bags/user95_2017-02-24.bag;0.834065854549408;0.0;0.9619645476341248;0.0;0.7960547501412467;0.9444047902630928;0.055595209736907236
1731800252.9104373;/app/bags/user95_2017-02-24.bag;0.834065854549408;0.0;0.9619645476341248;0.0;0.7960547501412467;0.9444047902630928;0.055595209736907236
1731800253.1103725;/app/bags/user95_2017-02-24.bag;0.834065854549408;0.0;0.9619645476341248;0.0;0.7960547501412467;0.9444047902630928;0.055595209736907236
1731800253.3103774;/app/bags/user95_2017-02-24.bag;0.834065854549408;0.0;0.9619645476341248;0.0;0.7960547501412467;0.9444047902630928;0.055595209736907236
1731800253.5104194;/app/bags/user95_2017-02-24.bag;0.834065854549408;0.0;0.9619645476341248;0.0;0.7960547501412467;0.9444047902630928;0.055595209736907236
1731800253.710404;/app/bags/user95_2017-02-24.bag;0.834065854549408;0.0;0.9619645476341248;0.0;0.7960547501412467;0.9444047902630928;0.055595209736907236
1731800253.9104056;/app/bags/user95_2017-02-24.bag;0.834065854549408;0.0;0.9619645476341248;0.0;0.7960547501412467;0.9444047902630928;0.055595209736907236
1731800254.1103878;/app/bags/user95_2017-02-24.bag;0.834065854549408;0.0;0.9619645476341248;0.0;0.7960547501412467;0.9444047902630928;0.055595209736907236
1731800254.3103976;/app/bags/user95_2017-02-24.bag;0.834065854549408;0.0;0.9619645476341248;0.0;0.7960547501412467;0.9444047902630928;0.055595209736907236
1731800254.5103981;/app/bags/user95_2017-02-24.bag;0.834065854549408;0.0;0.9619645476341248;0.0;0.7960547501412467;0.9444047902630928;0.055595209736907236
1731800254.7103913;/app/bags/user95_2017-02-24.bag;0.834065854549408;0.0;0.9619645476341248;0.0;0.7960547501412467;0.9444047902630928;0.055595209736907236
1731800254.910428;/app/bags/user95_2017-02-24.bag;0.834065854549408;0.0;0.9619645476341248;0.0;0.7960547501412467;0.9444047902630928;0.055595209736907236
1731800255.1103802;/app/bags/user95_2017-02-24.bag;0.834065854549408;0.0;0.9619645476341248;0.0;0.7960547501412467;0.9444047902630928;0.055595209736907236
1731800255.3104389;/app/bags/user95_2017-02-24.bag;0.834065854549408;0.0;0.9619645476341248;0.0;0.7960547501412467;0.9444047902630928;0.055595209736907236
1731800255.510376;/app/bags/user95_2017-02-24.bag;0.834065854549408;0.0;0.9619645476341248;0.0;0.7960547501412467;0.9444047902630928;0.055595209736907236
1731800255.7103822;/app/bags/user95_2017-02-24.bag;0.834065854549408;0.0;0.9619645476341248;0.0;0.7960547501412467;0.9444047902630928;0.055595209736907236
1731800255.9104452;/app/bags/user95_2017-02-24.bag;0.834065854549408;0.0;0.9619645476341248;0.0;0.7960547501412467;0.9444047902630928;0.055595209736907236
1731800256.1104069;/app/bags/user95_2017-02-24.bag;0.834065854549408;0.0;0.9619645476341248;0.0;0.7960547501412467;0.9444047902630928;0.055595209736907236
1731800256.3103802;/app/bags/user95_2017-02-24.bag;0.834065854549408;0.0;0.9619645476341248;0.0;0.7960547501412467;0.9444047902630928;0.055595209736907236
1731800256.5104036;/app/bags/user95_2017-02-24.bag;0.834065854549408;0.0;0.9619645476341248;0.0;0.7960547501412467;0.9444047902630928;0.055595209736907236
1731800256.710414;/app/bags/user95_2017-02-24.bag;0.834065854549408;0.0;0.9619645476341248;0.0;0.7960547501412467;0.9444047902630928;0.055595209736907236
1731800256.910381;/app/bags/user95_2017-02-24.bag;0.834065854549408;0.0;0.9619645476341248;0.0;0.7960547501412467;0.9444047902630928;0.055595209736907236
1731800257.1104088;/app/bags/user95_2017-02-24.bag;0.834065854549408;0.0;0.9619645476341248;0.0;0.7960547501412467;0.9444047902630928;0.055595209736907236
1731800257.3103917;/app/bags/user95_2017-02-24.bag;0.834065854549408;0.0;0.9619645476341248;0.0;0.7960547501412467;0.9444047902630928;0.055595209736907236
1731800257.5104127;/app/bags/user95_2017-02-24.bag;0.834065854549408;0.0;0.9619645476341248;0.0;0.7960547501412467;0.9444047902630928;0.055595209736907236
1731800257.7103803;/app/bags/user95_2017-02-24.bag;0.834065854549408;0.0;0.9619645476341248;0.0;0.7960547501412467;0.9444047902630928;0.055595209736907236
1731800257.910422;/app/bags/user95_2017-02-24.bag;0.834065854549408;0.0;0.9619645476341248;0.0;0.7960547501412467;0.9444047902630928;0.055595209736907236
1731800258.1104214;/app/bags/user95_2017-02-24.bag;0.834065854549408;0.0;0.9619645476341248;0.0;0.7960547501412467;0.9444047902630928;0.055595209736907236
1731800258.310403;/app/bags/user95_2017-02-24.bag;0.834065854549408;0.0;0.9619645476341248;0.0;0.7960547501412467;0.9444047902630928;0.055595209736907236
1731800258.5104156;/app/bags/user95_2017-02-24.bag;0.834065854549408;0.0;0.9619645476341248;0.0;0.7960547501412467;0.9444047902630928;0.055595209736907236
1731800258.7103982;/app/bags/user95_2017-02-24.bag;0.834065854549408;0.0;0.9619645476341248;0.0;0.7960547501412467;0.9444047902630928;0.055595209736907236
1731800258.9104035;/app/bags/user95_2017-02-24.bag;0.834065854549408;0.0;0.9619645476341248;0.0;0.7960547501412467;0.9444047902630928;0.055595209736907236
1731800259.1104138;/app/bags/user95_2017-02-24.bag;0.834065854549408;0.0;0.9619645476341248;0.0;0.7960547501412467;0.9444047902630928;0.055595209736907236
1731800259.310452;/app/bags/user95_2017-02-24.bag;0.834065854549408;0.0;0.9619645476341248;0.0;0.7960547501412467;0.9444047902630928;0.055595209736907236
1731800259.510363;/app/bags/user95_2017-02-24.bag;0.834065854549408;0.0;0.9619645476341248;0.0;0.7960547501412467;0.9444047902630928;0.055595209736907236
1731800259.7103493;/app/bags/user95_2017-02-24.bag;0.834065854549408;0.0;0.9619645476341248;0.0;0.7960547501412467;0.9444047902630928;0.055595209736907236
1731800259.910398;/app/bags/user95_2017-02-24.bag;0.834065854549408;0.0;0.9619645476341248;0.0;0.7960547501412467;0.9444047902630928;0.055595209736907236
1731800260.1104486;/app/bags/user95_2017-02-24.bag;0.834065854549408;0.0;0.9619645476341248;0.0;0.7960547501412467;0.9444047902630928;0.055595209736907236
1731800260.3104665;/app/bags/user95_2017-02-24.bag;0.834065854549408;0.0;0.9619645476341248;0.0;0.7960547501412467;0.9444047902630928;0.055595209736907236
1731800260.5103958;/app/bags/user95_2017-02-24.bag;0.834065854549408;0.0;0.9619645476341248;0.0;0.7960547501412467;0.9444047902630928;0.055595209736907236
1731800260.710386;/app/bags/user95_2017-02-24.bag;0.834065854549408;0.0;0.9619645476341248;0.0;0.7960547501412467;0.9444047902630928;0.055595209736907236
1731800260.910393;/app/bags/user95_2017-02-24.bag;0.834065854549408;0.0;0.9619645476341248;0.0;0.7960547501412467;0.9444047902630928;0.055595209736907236
1731800261.110404;/app/bags/user95_2017-02-24.bag;0.834065854549408;0.0;0.9619645476341248;0.0;0.7960547501412467;0.9444047902630928;0.055595209736907236
1731800261.3104074;/app/bags/user95_2017-02-24.bag;0.834065854549408;0.0;0.9619645476341248;0.0;0.7960547501412467;0.9444047902630928;0.055595209736907236
1731800261.5105114;/app/bags/user95_2017-02-24.bag;0.834065854549408;0.0;0.9619645476341248;0.0;0.7960547501412467;0.9444047902630928;0.055595209736907236
1731800261.7104218;/app/bags/user95_2017-02-24.bag;0.834065854549408;0.0;0.9619645476341248;0.0;0.7960547501412467;0.9444047902630928;0.055595209736907236
1731800261.9104218;/app/bags/user95_2017-02-24.bag;0.834065854549408;0.0;0.9619645476341248;0.0;0.7960547501412467;0.9444047902630928;0.055595209736907236
1731800262.1104088;/app/bags/user95_2017-02-24.bag;0.834065854549408;0.0;0.9619645476341248;0.0;0.7960547501412467;0.9444047902630928;0.055595209736907236
1731800262.3103807;/app/bags/user95_2017-02-24.bag;0.834065854549408;0.0;0.9619645476341248;0.0;0.7960547501412467;0.9444047902630928;0.055595209736907236
1731800262.5104055;/app/bags/user95_2017-02-24.bag;0.834065854549408;0.0;0.9619645476341248;0.0;0.7960547501412467;0.9444047902630928;0.055595209736907236
1731800262.7104115;/app/bags/user95_2017-02-24.bag;0.834065854549408;0.0;0.9619645476341248;0.0;0.7960547501412467;0.9444047902630928;0.055595209736907236
1731800262.9103894;/app/bags/user95_2017-02-24.bag;0.834065854549408;0.0;0.9619645476341248;0.0;0.7960547501412467;0.9444047902630928;0.055595209736907236
1731800263.110417;/app/bags/user95_2017-02-24.bag;0.834065854549408;0.0;0.9619645476341248;0.0;0.7960547501412467;0.9444047902630928;0.055595209736907236
1731800263.3104272;/app/bags/user95_2017-02-24.bag;0.834065854549408;0.0;0.9619645476341248;0.0;0.7960547501412467;0.9444047902630928;0.055595209736907236
1731800263.5103734;/app/bags/user95_2017-02-24.bag;0.834065854549408;0.0;0.9619645476341248;0.0;0.7960547501412467;0.9444047902630928;0.055595209736907236
1731800263.710416;/app/bags/user95_2017-02-24.bag;0.834065854549408;0.0;0.9619645476341248;0.0;0.7960547501412467;0.9444047902630928;0.055595209736907236
1731800263.9104846;/app/bags/user95_2017-02-24.bag;0.834065854549408;0.0;0.9619645476341248;0.0;0.7960547501412467;0.9444047902630928;0.055595209736907236
1731800264.1103835;/app/bags/user95_2017-02-24.bag;0.834065854549408;0.0;0.9619645476341248;0.0;0.7960547501412467;0.9444047902630928;0.055595209736907236
1731800264.3104587;/app/bags/user95_2017-02-24.bag;0.834065854549408;0.0;0.9619645476341248;0.0;0.7960547501412467;0.9444047902630928;0.055595209736907236
1731800264.5103433;/app/bags/user95_2017-02-24.bag;0.834065854549408;0.0;0.9619645476341248;0.0;0.7960547501412467;0.9444047902630928;0.055595209736907236
1731800264.710434;/app/bags/user95_2017-02-24.bag;0.834065854549408;0.0;0.9619645476341248;0.0;0.7960547501412467;0.9444047902630928;0.055595209736907236
1731800264.9104111;/app/bags/user95_2017-02-24.bag;0.834065854549408;0.0;0.9619645476341248;0.0;0.7960547501412467;0.9444047902630928;0.055595209736907236
1731800265.1104136;/app/bags/user95_2017-02-24.bag;0.834065854549408;0.0;0.9619645476341248;0.0;0.7960547501412467;0.9444047902630928;0.055595209736907236
1731800265.3103995;/app/bags/user95_2017-02-24.bag;0.834065854549408;0.0;0.9619645476341248;0.0;0.7960547501412467;0.9444047902630928;0.055595209736907236
1731800265.5103953;/app/bags/user95_2017-02-24.bag;0.834065854549408;0.0;0.9619645476341248;0.0;0.7960547501412467;0.9444047902630928;0.055595209736907236
1731800265.7105289;/app/bags/user95_2017-02-24.bag;0.834065854549408;0.0;0.9619645476341248;0.0;0.7960547501412467;0.9444047902630928;0.055595209736907236
1731800265.9104195;/app/bags/user95_2017-02-24.bag;0.834065854549408;0.0;0.9619645476341248;0.0;0.7960547501412467;0.9444047902630928;0.055595209736907236
1731800266.1103954;/app/bags/user95_2017-02-24.bag;0.834065854549408;0.0;0.9619645476341248;0.0;0.7960547501412467;0.9444047902630928;0.055595209736907236
1731800266.3104303;/app/bags/user95_2017-02-24.bag;0.834065854549408;0.0;0.9619645476341248;0.0;0.7960547501412467;0.9444047902630928;0.055595209736907236
1731800266.5104213;/app/bags/user95_2017-02-24.bag;0.834065854549408;0.0;0.9619645476341248;0.0;0.7960547501412467;0.9444047902630928;0.055595209736907236
1731800266.7103875;/app/bags/user95_2017-02-24.bag;0.834065854549408;0.0;0.9619645476341248;0.0;0.7960547501412467;0.9444047902630928;0.055595209736907236
1731800266.9104552;/app/bags/user95_2017-02-24.bag;0.834065854549408;0.0;0.9619645476341248;0.0;0.7960547501412467;0.9444047902630928;0.055595209736907236
1731800267.110398;/app/bags/user95_2017-02-24.bag;0.834065854549408;0.0;0.9619645476341248;0.0;0.7960547501412467;0.9444047902630928;0.055595209736907236
1731800267.310392;/app/bags/user95_2017-02-24.bag;0.834065854549408;0.0;0.9619645476341248;0.0;0.7960547501412467;0.9444047902630928;0.055595209736907236
1731800267.5104342;/app/bags/user95_2017-02-24.bag;0.834065854549408;0.0;0.9619645476341248;0.0;0.7960547501412467;0.9444047902630928;0.055595209736907236
1731800267.710386;/app/bags/user95_2017-02-24.bag;0.834065854549408;0.0;0.9619645476341248;0.0;0.7960547501412467;0.9444047902630928;0.055595209736907236
1731800267.9104052;/app/bags/user95_2017-02-24.bag;0.834065854549408;0.0;0.9619645476341248;0.0;0.7960547501412467;0.9444047902630928;0.055595209736907236
1731800268.1103876;/app/bags/user95_2017-02-24.bag;0.834065854549408;0.0;0.9619645476341248;0.0;0.7960547501412467;0.9444047902630928;0.055595209736907236
1731800268.3105323;/app/bags/user95_2017-02-24.bag;0.834065854549408;0.0;0.9619645476341248;0.0;0.7960547501412467;0.9444047902630928;0.055595209736907236
1731800268.5104022;/app/bags/user95_2017-02-24.bag;0.834065854549408;0.0;0.9619645476341248;0.0;0.7960547501412467;0.9444047902630928;0.055595209736907236
1731800268.7103636;/app/bags/user95_2017-02-24.bag;0.834065854549408;0.0;0.9619645476341248;0.0;0.7960547501412467;0.9444047902630928;0.055595209736907236
1731800268.9103854;/app/bags/user95_2017-02-24.bag;0.834065854549408;0.0;0.9619645476341248;0.0;0.7960547501412467;0.9444047902630928;0.055595209736907236
1731800269.1103764;/app/bags/user95_2017-02-24.bag;0.834065854549408;0.0;0.9619645476341248;0.0;0.7960547501412467;0.9444047902630928;0.055595209736907236
1731800269.3104215;/app/bags/user95_2017-02-24.bag;0.834065854549408;0.0;0.9619645476341248;0.0;0.7960547501412467;0.9444047902630928;0.055595209736907236
1731800269.510385;/app/bags/user95_2017-02-24.bag;0.834065854549408;0.0;0.9619645476341248;0.0;0.7960547501412467;0.9444047902630928;0.055595209736907236
1731800269.7104182;/app/bags/user95_2017-02-24.bag;0.834065854549408;0.0;0.9619645476341248;0.0;0.7960547501412467;0.9444047902630928;0.055595209736907236
1731800269.910461;/app/bags/user95_2017-02-24.bag;0.834065854549408;0.0;0.9619645476341248;0.0;0.7960547501412467;0.9444047902630928;0.055595209736907236
1731800270.1103854;/app/bags/user95_2017-02-24.bag;0.834065854549408;0.0;0.9619645476341248;0.0;0.7960547501412467;0.9444047902630928;0.055595209736907236
1731800270.3104043;/app/bags/user95_2017-02-24.bag;0.834065854549408;0.0;0.9619645476341248;0.0;0.7960547501412467;0.9444047902630928;0.055595209736907236
1731800270.5104153;/app/bags/user95_2017-02-24.bag;0.834065854549408;0.0;0.9619645476341248;0.0;0.7960547501412467;0.9444047902630928;0.055595209736907236
1731800270.7104008;/app/bags/user95_2017-02-24.bag;0.834065854549408;0.0;0.9619645476341248;0.0;0.7960547501412467;0.9444047902630928;0.055595209736907236
1731800270.9103844;/app/bags/user95_2017-02-24.bag;0.834065854549408;0.0;0.9619645476341248;0.0;0.7960547501412467;0.9444047902630928;0.055595209736907236
1731800271.110484;/app/bags/user95_2017-02-24.bag;0.834065854549408;0.0;0.9619645476341248;0.0;0.7960547501412467;0.9444047902630928;0.055595209736907236
1731800271.3104112;/app/bags/user95_2017-02-24.bag;0.834065854549408;0.0;0.9619645476341248;0.0;0.7960547501412467;0.9444047902630928;0.055595209736907236
1731800271.510381;/app/bags/user95_2017-02-24.bag;0.834065854549408;0.0;0.9619645476341248;0.0;0.7960547501412467;0.9444047902630928;0.055595209736907236
1731800271.710405;/app/bags/user95_2017-02-24.bag;0.834065854549408;0.0;0.9619645476341248;0.0;0.7960547501412467;0.9444047902630928;0.055595209736907236
1731800271.9104018;/app/bags/user95_2017-02-24.bag;0.834065854549408;0.0;0.9619645476341248;0.0;0.7960547501412467;0.9444047902630928;0.055595209736907236
1731800272.1104093;/app/bags/user95_2017-02-24.bag;0.834065854549408;0.0;0.9619645476341248;0.0;0.7960547501412467;0.9444047902630928;0.055595209736907236
1731800272.3103995;/app/bags/user95_2017-02-24.bag;0.834065854549408;0.0;0.9619645476341248;0.0;0.7960547501412467;0.9444047902630928;0.055595209736907236
1731800272.5103939;/app/bags/user95_2017-02-24.bag;0.834065854549408;0.0;0.9619645476341248;0.0;0.7960547501412467;0.9444047902630928;0.055595209736907236
1731800272.7102697;/app/bags/user95_2017-02-24.bag;0.834065854549408;0.0;0.9619645476341248;0.0;0.7960547501412467;0.9444047902630928;0.055595209736907236
1731800272.9104598;/app/bags/user95_2017-02-24.bag;0.834065854549408;0.0;0.9619645476341248;0.0;0.7960547501412467;0.9444047902630928;0.055595209736907236
1731800273.1104076;/app/bags/user95_2017-02-24.bag;0.834065854549408;0.0;0.9619645476341248;0.0;0.7960547501412467;0.9444047902630928;0.055595209736907236
1731800273.3103962;/app/bags/user95_2017-02-24.bag;0.834065854549408;0.0;0.9619645476341248;0.0;0.7960547501412467;0.9444047902630928;0.055595209736907236
1731800273.5104659;/app/bags/user95_2017-02-24.bag;0.834065854549408;0.0;0.9619645476341248;0.0;0.7960547501412467;0.9444047902630928;0.055595209736907236
1731800273.7104027;/app/bags/user95_2017-02-24.bag;0.834065854549408;0.0;0.9619645476341248;0.0;0.7960547501412467;0.9444047902630928;0.055595209736907236
1731800273.9104078;/app/bags/user95_2017-02-24.bag;0.834065854549408;0.0;0.9619645476341248;0.0;0.7960547501412467;0.9444047902630928;0.055595209736907236
1731800274.110405;/app/bags/user95_2017-02-24.bag;0.834065854549408;0.0;0.9619645476341248;0.0;0.7960547501412467;0.9444047902630928;0.055595209736907236
1731800274.3104863;/app/bags/user95_2017-02-24.bag;0.834065854549408;0.0;0.9619645476341248;0.0;0.7960547501412467;0.9444047902630928;0.055595209736907236
1731800274.5103662;/app/bags/user95_2017-02-24.bag;0.834065854549408;0.0;0.9619645476341248;0.0;0.7960547501412467;0.9444047902630928;0.055595209736907236
1731800274.7103977;/app/bags/user95_2017-02-24.bag;0.834065854549408;0.0;0.9619645476341248;0.0;0.7960547501412467;0.9444047902630928;0.055595209736907236
1731800274.9104848;/app/bags/user95_2017-02-24.bag;0.834065854549408;0.0;0.9619645476341248;0.0;0.7960547501412467;0.9444047902630928;0.055595209736907236
1731800275.1104653;/app/bags/user95_2017-02-24.bag;0.834065854549408;0.0;0.9619645476341248;0.0;0.7960547501412467;0.9444047902630928;0.055595209736907236
1731800275.3103833;/app/bags/user95_2017-02-24.bag;0.834065854549408;0.0;0.9619645476341248;0.0;0.7960547501412467;0.9444047902630928;0.055595209736907236
1731800275.5103989;/app/bags/user95_2017-02-24.bag;0.834065854549408;0.0;0.9619645476341248;0.0;0.7960547501412467;0.9444047902630928;0.055595209736907236
1731800275.7103474;/app/bags/user95_2017-02-24.bag;0.834065854549408;0.0;0.9619645476341248;0.0;0.7960547501412467;0.9444047902630928;0.055595209736907236
1731800275.9104786;/app/bags/user95_2017-02-24.bag;0.834065854549408;0.0;0.9619645476341248;0.0;0.7960547501412467;0.9444047902630928;0.055595209736907236
1731800276.1103654;/app/bags/user95_2017-02-24.bag;0.834065854549408;0.0;0.9619645476341248;0.0;0.7960547501412467;0.9444047902630928;0.055595209736907236
1731800276.3104541;/app/bags/user95_2017-02-24.bag;0.834065854549408;0.0;0.9619645476341248;0.0;0.7960547501412467;0.9444047902630928;0.055595209736907236
1731800276.5104258;/app/bags/user95_2017-02-24.bag;0.834065854549408;0.0;0.9619645476341248;0.0;0.7960547501412467;0.9444047902630928;0.055595209736907236
1731800276.7103853;/app/bags/user95_2017-02-24.bag;0.834065854549408;0.0;0.9619645476341248;0.0;0.7960547501412467;0.9444047902630928;0.055595209736907236
1731800276.9103909;/app/bags/user95_2017-02-24.bag;0.834065854549408;0.0;0.9619645476341248;0.0;0.7960547501412467;0.9444047902630928;0.055595209736907236
1731800277.1104202;/app/bags/user95_2017-02-24.bag;0.834065854549408;0.0;0.9619645476341248;0.0;0.7960547501412467;0.9444047902630928;0.055595209736907236
1731800277.310417;/app/bags/user95_2017-02-24.bag;0.834065854549408;0.0;0.9619645476341248;0.0;0.7960547501412467;0.9444047902630928;0.055595209736907236
1731800277.5104418;/app/bags/user95_2017-02-24.bag;0.834065854549408;0.0;0.9619645476341248;0.0;0.7960547501412467;0.9444047902630928;0.055595209736907236
1731800277.7103708;/app/bags/user95_2017-02-24.bag;0.834065854549408;0.0;0.9619645476341248;0.0;0.7960547501412467;0.9444047902630928;0.055595209736907236
1731800277.9104266;/app/bags/user95_2017-02-24.bag;0.834065854549408;0.0;0.9619645476341248;0.0;0.7960547501412467;0.9444047902630928;0.055595209736907236
1731800278.1103783;/app/bags/user95_2017-02-24.bag;0.834065854549408;0.0;0.9619645476341248;0.0;0.7960547501412467;0.9444047902630928;0.055595209736907236
1731800278.3104951;/app/bags/user95_2017-02-24.bag;0.834065854549408;0.0;0.9619645476341248;0.0;0.7960547501412467;0.9444047902630928;0.055595209736907236
1731800278.5104294;/app/bags/user95_2017-02-24.bag;0.834065854549408;0.0;0.9619645476341248;0.0;0.7960547501412467;0.9444047902630928;0.055595209736907236
1731800278.7103498;/app/bags/user95_2017-02-24.bag;0.834065854549408;0.0;0.9619645476341248;0.0;0.7960547501412467;0.9444047902630928;0.055595209736907236
1731800278.910389;/app/bags/user95_2017-02-24.bag;0.834065854549408;0.0;0.9619645476341248;0.0;0.7960547501412467;0.9444047902630928;0.055595209736907236
1731800279.1104069;/app/bags/user95_2017-02-24.bag;0.834065854549408;0.0;0.9619645476341248;0.0;0.7960547501412467;0.9444047902630928;0.055595209736907236
1731800279.3104076;/app/bags/user95_2017-02-24.bag;0.834065854549408;0.0;0.9619645476341248;0.0;0.7960547501412467;0.9444047902630928;0.055595209736907236
1731800279.5103903;/app/bags/user95_2017-02-24.bag;0.834065854549408;0.0;0.9619645476341248;0.0;0.7960547501412467;0.9444047902630928;0.055595209736907236
1731800279.7103868;/app/bags/user95_2017-02-24.bag;0.834065854549408;0.0;0.9619645476341248;0.0;0.7960547501412467;0.9444047902630928;0.055595209736907236
1731800279.9103954;/app/bags/user95_2017-02-24.bag;0.834065854549408;0.0;0.9619645476341248;0.0;0.7960547501412467;0.9444047902630928;0.055595209736907236
1731800280.1103675;/app/bags/user95_2017-02-24.bag;0.834065854549408;0.0;0.9619645476341248;0.0;0.7960547501412467;0.9444047902630928;0.055595209736907236
1731800280.3103957;/app/bags/user95_2017-02-24.bag;0.834065854549408;0.0;0.9619645476341248;0.0;0.7960547501412467;0.9444047902630928;0.055595209736907236
1731800280.5104437;/app/bags/user95_2017-02-24.bag;0.834065854549408;0.0;0.9619645476341248;0.0;0.7960547501412467;0.9444047902630928;0.055595209736907236
1731800280.7103634;/app/bags/user95_2017-02-24.bag;0.834065854549408;0.0;0.9619645476341248;0.0;0.7960547501412467;0.9444047902630928;0.055595209736907236
1731800280.9103813;/app/bags/user95_2017-02-24.bag;0.834065854549408;0.0;0.9619645476341248;0.0;0.7960547501412467;0.9444047902630928;0.055595209736907236
1731800281.1104174;/app/bags/user95_2017-02-24.bag;0.834065854549408;0.0;0.9619645476341248;0.0;0.7960547501412467;0.9444047902630928;0.055595209736907236
1731800281.3104072;/app/bags/user95_2017-02-24.bag;0.834065854549408;0.0;0.9619645476341248;0.0;0.7960547501412467;0.9444047902630928;0.055595209736907236
1731800281.5104167;/app/bags/user95_2017-02-24.bag;0.834065854549408;0.0;0.9619645476341248;0.0;0.7960547501412467;0.9444047902630928;0.055595209736907236
1731800281.7103515;/app/bags/user95_2017-02-24.bag;0.834065854549408;0.0;0.9619645476341248;0.0;0.7960547501412467;0.9444047902630928;0.055595209736907236
1731800281.910396;/app/bags/user95_2017-02-24.bag;0.834065854549408;0.0;0.9619645476341248;0.0;0.7960547501412467;0.9444047902630928;0.055595209736907236
1731800282.1103852;/app/bags/user95_2017-02-24.bag;0.834065854549408;0.0;0.9619645476341248;0.0;0.7960547501412467;0.9444047902630928;0.055595209736907236
1731800282.310477;/app/bags/user95_2017-02-24.bag;0.834065854549408;0.0;0.9619645476341248;0.0;0.7960547501412467;0.9444047902630928;0.055595209736907236
1731800282.5103867;/app/bags/user95_2017-02-24.bag;0.834065854549408;0.0;0.9619645476341248;0.0;0.7960547501412467;0.9444047902630928;0.055595209736907236
1731800282.7104194;/app/bags/user95_2017-02-24.bag;0.834065854549408;0.0;0.9619645476341248;0.0;0.7960547501412467;0.9444047902630928;0.055595209736907236
1731800282.9104025;/app/bags/user95_2017-02-24.bag;0.834065854549408;0.0;0.9619645476341248;0.0;0.7960547501412467;0.9444047902630928;0.055595209736907236
1731800283.11045;/app/bags/user95_2017-02-24.bag;0.834065854549408;0.0;0.9619645476341248;0.0;0.7960547501412467;0.9444047902630928;0.055595209736907236
1731800283.3104212;/app/bags/user95_2017-02-24.bag;0.834065854549408;0.0;0.9619645476341248;0.0;0.7960547501412467;0.9444047902630928;0.055595209736907236
1731800283.5104837;/app/bags/user95_2017-02-24.bag;0.834065854549408;0.0;0.9619645476341248;0.0;0.7960547501412467;0.9444047902630928;0.055595209736907236
1731800283.7103677;/app/bags/user95_2017-02-24.bag;0.834065854549408;0.0;0.9619645476341248;0.0;0.7960547501412467;0.9444047902630928;0.055595209736907236
1731800283.9104269;/app/bags/user95_2017-02-24.bag;0.834065854549408;0.0;0.9619645476341248;0.0;0.7960547501412467;0.9444047902630928;0.055595209736907236
1731800284.110655;/app/bags/user95_2017-02-24.bag;0.834065854549408;0.0;0.9619645476341248;0.0;0.7960547501412467;0.9444047902630928;0.055595209736907236
1731800284.3104389;/app/bags/user95_2017-02-24.bag;0.834065854549408;0.0;0.9619645476341248;0.0;0.7960547501412467;0.9444047902630928;0.055595209736907236
1731800284.5103676;/app/bags/user95_2017-02-24.bag;0.834065854549408;0.0;0.9619645476341248;0.0;0.7960547501412467;0.9444047902630928;0.055595209736907236
1731800284.710386;/app/bags/user95_2017-02-24.bag;0.834065854549408;0.0;0.9619645476341248;0.0;0.7960547501412467;0.9444047902630928;0.055595209736907236
1731800284.9104085;/app/bags/user95_2017-02-24.bag;0.834065854549408;0.0;0.9619645476341248;0.0;0.7960547501412467;0.9444047902630928;0.055595209736907236
1731800285.1103861;/app/bags/user95_2017-02-24.bag;0.834065854549408;0.0;0.9619645476341248;0.0;0.7960547501412467;0.9444047902630928;0.055595209736907236
1731800285.3104033;/app/bags/user95_2017-02-24.bag;0.834065854549408;0.0;0.9619645476341248;0.0;0.7960547501412467;0.9444047902630928;0.055595209736907236
1731800285.5103693;/app/bags/user95_2017-02-24.bag;0.834065854549408;0.0;0.9619645476341248;0.0;0.7960547501412467;0.9444047902630928;0.055595209736907236
1731800285.7103724;/app/bags/user95_2017-02-24.bag;0.834065854549408;0.0;0.9619645476341248;0.0;0.7960547501412467;0.9444047902630928;0.055595209736907236
1731800285.9103875;/app/bags/user95_2017-02-24.bag;0.834065854549408;0.0;0.9619645476341248;0.0;0.7960547501412467;0.9444047902630928;0.055595209736907236
1731800286.1104145;/app/bags/user95_2017-02-24.bag;0.834065854549408;0.0;0.9619645476341248;0.0;0.7960547501412467;0.9444047902630928;0.055595209736907236
1731800286.3103893;/app/bags/user95_2017-02-24.bag;0.834065854549408;0.0;0.9619645476341248;0.0;0.7960547501412467;0.9444047902630928;0.055595209736907236
1731800286.5104406;/app/bags/user95_2017-02-24.bag;0.834065854549408;0.0;0.9619645476341248;0.0;0.7960547501412467;0.9444047902630928;0.055595209736907236
1731800286.7103813;/app/bags/user95_2017-02-24.bag;0.834065854549408;0.0;0.9619645476341248;0.0;0.7960547501412467;0.9444047902630928;0.055595209736907236
1731800286.9103749;/app/bags/user95_2017-02-24.bag;0.834065854549408;0.0;0.9619645476341248;0.0;0.7960547501412467;0.9444047902630928;0.055595209736907236
1731800287.1105318;/app/bags/user95_2017-02-24.bag;0.834065854549408;0.0;0.9619645476341248;0.0;0.7960547501412467;0.9444047902630928;0.055595209736907236
1731800287.310409;/app/bags/user95_2017-02-24.bag;0.834065854549408;0.0;0.9619645476341248;0.0;0.7960547501412467;0.9444047902630928;0.055595209736907236
1731800287.5104723;/app/bags/user95_2017-02-24.bag;0.834065854549408;0.0;0.9619645476341248;0.0;0.7960547501412467;0.9444047902630928;0.055595209736907236
1731800287.710404;/app/bags/user95_2017-02-24.bag;0.834065854549408;0.0;0.9619645476341248;0.0;0.7960547501412467;0.9444047902630928;0.055595209736907236
1731800287.9106681;/app/bags/user95_2017-02-24.bag;0.834065854549408;0.0;0.9619645476341248;0.0;0.7960547501412467;0.9444047902630928;0.055595209736907236
1731800288.1104383;/app/bags/user95_2017-02-24.bag;0.834065854549408;0.0;0.9619645476341248;0.0;0.7960547501412467;0.9444047902630928;0.055595209736907236
1731800288.3104827;/app/bags/user95_2017-02-24.bag;0.834065854549408;0.0;0.9619645476341248;0.0;0.7960547501412467;0.9444047902630928;0.055595209736907236
1731800288.5106287;/app/bags/user95_2017-02-24.bag;0.834065854549408;0.0;0.9619645476341248;0.0;0.7960547501412467;0.9444047902630928;0.055595209736907236
1731800288.7104924;/app/bags/user95_2017-02-24.bag;0.834065854549408;0.0;0.9619645476341248;0.0;0.7960547501412467;0.9444047902630928;0.055595209736907236
1731800288.9105282;/app/bags/user95_2017-02-24.bag;0.834065854549408;0.0;0.9619645476341248;0.0;0.7960547501412467;0.9444047902630928;0.055595209736907236
1731800289.1103904;/app/bags/user95_2017-02-24.bag;0.834065854549408;0.0;0.9619645476341248;0.0;0.7960547501412467;0.9444047902630928;0.055595209736907236
1731800289.3104212;/app/bags/user95_2017-02-24.bag;0.834065854549408;0.0;0.9619645476341248;0.0;0.7960547501412467;0.9444047902630928;0.055595209736907236
1731800289.5103953;/app/bags/user95_2017-02-24.bag;0.834065854549408;0.0;0.9619645476341248;0.0;0.7960547501412467;0.9444047902630928;0.055595209736907236
1731800289.7104034;/app/bags/user95_2017-02-24.bag;0.834065854549408;0.0;0.9619645476341248;0.0;0.7960547501412467;0.9444047902630928;0.055595209736907236
1731800289.910418;/app/bags/user95_2017-02-24.bag;0.834065854549408;0.0;0.9619645476341248;0.0;0.7960547501412467;0.9444047902630928;0.055595209736907236
1731800290.1104062;/app/bags/user95_2017-02-24.bag;0.834065854549408;0.0;0.9619645476341248;0.0;0.7960547501412467;0.9444047902630928;0.055595209736907236
1731800290.3103786;/app/bags/user95_2017-02-24.bag;0.834065854549408;0.0;0.9619645476341248;0.0;0.7960547501412467;0.9444047902630928;0.055595209736907236
1731800290.5104153;/app/bags/user95_2017-02-24.bag;0.834065854549408;0.0;0.9619645476341248;0.0;0.7960547501412467;0.9444047902630928;0.055595209736907236
1731800290.7104332;/app/bags/user95_2017-02-24.bag;0.834065854549408;0.0;0.9619645476341248;0.0;0.7960547501412467;0.9444047902630928;0.055595209736907236
1731800290.9104857;/app/bags/user95_2017-02-24.bag;0.834065854549408;0.0;0.9619645476341248;0.0;0.7960547501412467;0.9444047902630928;0.055595209736907236
1731800291.110563;/app/bags/user95_2017-02-24.bag;0.834065854549408;0.0;0.9619645476341248;0.0;0.7960547501412467;0.9444047902630928;0.055595209736907236
1731800291.3104177;/app/bags/user95_2017-02-24.bag;0.834065854549408;0.0;0.9619645476341248;0.0;0.7960547501412467;0.9444047902630928;0.055595209736907236
1731800291.5104532;/app/bags/user95_2017-02-24.bag;0.834065854549408;0.0;0.9619645476341248;0.0;0.7960547501412467;0.9444047902630928;0.055595209736907236
1731800291.7104175;/app/bags/user95_2017-02-24.bag;0.834065854549408;0.0;0.9619645476341248;0.0;0.7960547501412467;0.9444047902630928;0.055595209736907236
1731800291.91044;/app/bags/user95_2017-02-24.bag;0.834065854549408;0.0;0.9619645476341248;0.0;0.7960547501412467;0.9444047902630928;0.055595209736907236
1731800292.1104093;/app/bags/user95_2017-02-24.bag;0.834065854549408;0.0;0.9619645476341248;0.0;0.7960547501412467;0.9444047902630928;0.055595209736907236
1731800292.310414;/app/bags/user95_2017-02-24.bag;0.834065854549408;0.0;0.9619645476341248;0.0;0.7960547501412467;0.9444047902630928;0.055595209736907236
1731800292.5104957;/app/bags/user95_2017-02-24.bag;0.834065854549408;0.0;0.9619645476341248;0.0;0.7960547501412467;0.9444047902630928;0.055595209736907236
1731800292.7103872;/app/bags/user95_2017-02-24.bag;0.834065854549408;0.0;0.9619645476341248;0.0;0.7960547501412467;0.9444047902630928;0.055595209736907236
1731800292.9103963;/app/bags/user95_2017-02-24.bag;0.834065854549408;0.0;0.9619645476341248;0.0;0.7960547501412467;0.9444047902630928;0.055595209736907236
1731800293.110392;/app/bags/user95_2017-02-24.bag;0.834065854549408;0.0;0.9619645476341248;0.0;0.7960547501412467;0.9444047902630928;0.055595209736907236
1731800293.3105354;/app/bags/user95_2017-02-24.bag;0.834065854549408;0.0;0.9619645476341248;0.0;0.7960547501412467;0.9444047902630928;0.055595209736907236
1731800293.5104392;/app/bags/user95_2017-02-24.bag;0.834065854549408;0.0;0.9619645476341248;0.0;0.7960547501412467;0.9444047902630928;0.055595209736907236
1731800293.7104154;/app/bags/user95_2017-02-24.bag;0.834065854549408;0.0;0.9619645476341248;0.0;0.7960547501412467;0.9444047902630928;0.055595209736907236
1731800293.9104187;/app/bags/user95_2017-02-24.bag;0.834065854549408;0.0;0.9619645476341248;0.0;0.7960547501412467;0.9444047902630928;0.055595209736907236
1731800294.110367;/app/bags/user95_2017-02-24.bag;0.834065854549408;0.0;0.9619645476341248;0.0;0.7960547501412467;0.9444047902630928;0.055595209736907236
1731800294.310412;/app/bags/user95_2017-02-24.bag;0.834065854549408;0.0;0.9619645476341248;0.0;0.7960547501412467;0.9444047902630928;0.055595209736907236
1731800294.5103605;/app/bags/user95_2017-02-24.bag;0.834065854549408;0.0;0.9619645476341248;0.0;0.7960547501412467;0.9444047902630928;0.055595209736907236
1731800294.710401;/app/bags/user95_2017-02-24.bag;0.834065854549408;0.0;0.9619645476341248;0.0;0.7960547501412467;0.9444047902630928;0.055595209736907236
1731800294.9106107;/app/bags/user95_2017-02-24.bag;0.834065854549408;0.0;0.9619645476341248;0.0;0.7960547501412467;0.9444047902630928;0.055595209736907236
1731800295.11038;/app/bags/user95_2017-02-24.bag;0.834065854549408;0.0;0.9619645476341248;0.0;0.7960547501412467;0.9444047902630928;0.055595209736907236
1731800295.3104038;/app/bags/user95_2017-02-24.bag;0.834065854549408;0.0;0.9619645476341248;0.0;0.7960547501412467;0.9444047902630928;0.055595209736907236
1731800295.5103776;/app/bags/user95_2017-02-24.bag;0.834065854549408;0.0;0.9619645476341248;0.0;0.7960547501412467;0.9444047902630928;0.055595209736907236
1731800295.7103891;/app/bags/user95_2017-02-24.bag;0.834065854549408;0.0;0.9619645476341248;0.0;0.7960547501412467;0.9444047902630928;0.055595209736907236
1731800295.9103758;/app/bags/user95_2017-02-24.bag;0.834065854549408;0.0;0.9619645476341248;0.0;0.7960547501412467;0.9444047902630928;0.055595209736907236
1731800296.1104045;/app/bags/user95_2017-02-24.bag;0.834065854549408;0.0;0.9619645476341248;0.0;0.7960547501412467;0.9444047902630928;0.055595209736907236
1731800296.3104336;/app/bags/user95_2017-02-24.bag;0.834065854549408;0.0;0.9619645476341248;0.0;0.7960547501412467;0.9444047902630928;0.055595209736907236
1731800296.5103781;/app/bags/user95_2017-02-24.bag;0.834065854549408;0.0;0.9619645476341248;0.0;0.7960547501412467;0.9444047902630928;0.055595209736907236
1731800296.7103977;/app/bags/user95_2017-02-24.bag;0.834065854549408;0.0;0.9619645476341248;0.0;0.7960547501412467;0.9444047902630928;0.055595209736907236
1731800296.9103785;/app/bags/user95_2017-02-24.bag;0.834065854549408;0.0;0.9619645476341248;0.0;0.7960547501412467;0.9444047902630928;0.055595209736907236
1731800297.110475;/app/bags/user95_2017-02-24.bag;0.834065854549408;0.0;0.9619645476341248;0.0;0.7960547501412467;0.9444047902630928;0.055595209736907236
1731800297.3103855;/app/bags/user95_2017-02-24.bag;0.834065854549408;0.0;0.9619645476341248;0.0;0.7960547501412467;0.9444047902630928;0.055595209736907236
1731800297.5104074;/app/bags/user95_2017-02-24.bag;0.834065854549408;0.0;0.9619645476341248;0.0;0.7960547501412467;0.9444047902630928;0.055595209736907236
1731800297.7103965;/app/bags/user95_2017-02-24.bag;0.834065854549408;0.0;0.9619645476341248;0.0;0.7960547501412467;0.9444047902630928;0.055595209736907236
1731800297.910439;/app/bags/user95_2017-02-24.bag;0.834065854549408;0.0;0.9619645476341248;0.0;0.7960547501412467;0.9444047902630928;0.055595209736907236
1731800298.1104066;/app/bags/user95_2017-02-24.bag;0.834065854549408;0.0;0.9619645476341248;0.0;0.7960547501412467;0.9444047902630928;0.055595209736907236
1731800298.310404;/app/bags/user95_2017-02-24.bag;0.834065854549408;0.0;0.9619645476341248;0.0;0.7960547501412467;0.9444047902630928;0.055595209736907236
1731800298.5103667;/app/bags/user95_2017-02-24.bag;0.834065854549408;0.0;0.9619645476341248;0.0;0.7960547501412467;0.9444047902630928;0.055595209736907236
1731800298.7104483;/app/bags/user95_2017-02-24.bag;0.834065854549408;0.0;0.9619645476341248;0.0;0.7960547501412467;0.9444047902630928;0.055595209736907236
1731800298.9104009;/app/bags/user95_2017-02-24.bag;0.834065854549408;0.0;0.9619645476341248;0.0;0.7960547501412467;0.9444047902630928;0.055595209736907236
1731800299.110378;/app/bags/user95_2017-02-24.bag;0.834065854549408;0.0;0.9619645476341248;0.0;0.7960547501412467;0.9444047902630928;0.055595209736907236
1731800299.31041;/app/bags/user95_2017-02-24.bag;0.834065854549408;0.0;0.9619645476341248;0.0;0.7960547501412467;0.9444047902630928;0.055595209736907236
1731800299.510385;/app/bags/user95_2017-02-24.bag;0.834065854549408;0.0;0.9619645476341248;0.0;0.7960547501412467;0.9444047902630928;0.055595209736907236
1731800299.7103922;/app/bags/user95_2017-02-24.bag;0.834065854549408;0.0;0.9619645476341248;0.0;0.7960547501412467;0.9444047902630928;0.055595209736907236
1731800299.9104052;/app/bags/user95_2017-02-24.bag;0.834065854549408;0.0;0.9619645476341248;0.0;0.7960547501412467;0.9444047902630928;0.055595209736907236
1731800300.1104052;/app/bags/user95_2017-02-24.bag;0.834065854549408;0.0;0.9619645476341248;0.0;0.7960547501412467;0.9444047902630928;0.055595209736907236
1731800300.310439;/app/bags/user95_2017-02-24.bag;0.834065854549408;0.0;0.9619645476341248;0.0;0.7960547501412467;0.9444047902630928;0.055595209736907236
1731800300.5104473;/app/bags/user95_2017-02-24.bag;0.834065854549408;0.0;0.9619645476341248;0.0;0.7960547501412467;0.9444047902630928;0.055595209736907236
1731800300.710406;/app/bags/user95_2017-02-24.bag;0.834065854549408;0.0;0.9619645476341248;0.0;0.7960547501412467;0.9444047902630928;0.055595209736907236
1731800300.9103835;/app/bags/user95_2017-02-24.bag;0.834065854549408;0.0;0.9619645476341248;0.0;0.7960547501412467;0.9444047902630928;0.055595209736907236
1731800301.1103556;/app/bags/user95_2017-02-24.bag;0.834065854549408;0.0;0.9619645476341248;0.0;0.7960547501412467;0.9444047902630928;0.055595209736907236
1731800301.3104467;/app/bags/user95_2017-02-24.bag;0.834065854549408;0.0;0.9619645476341248;0.0;0.7960547501412467;0.9444047902630928;0.055595209736907236
1731800301.5103714;/app/bags/user95_2017-02-24.bag;0.834065854549408;0.0;0.9619645476341248;0.0;0.7960547501412467;0.9444047902630928;0.055595209736907236
1731800301.7103903;/app/bags/user95_2017-02-24.bag;0.834065854549408;0.0;0.9619645476341248;0.0;0.7960547501412467;0.9444047902630928;0.055595209736907236
1731800301.9103897;/app/bags/user95_2017-02-24.bag;0.834065854549408;0.0;0.9619645476341248;0.0;0.7960547501412467;0.9444047902630928;0.055595209736907236
1731800302.1103551;/app/bags/user95_2017-02-24.bag;0.834065854549408;0.0;0.9619645476341248;0.0;0.7960547501412467;0.9444047902630928;0.055595209736907236
1731800302.310453;/app/bags/user95_2017-02-24.bag;0.834065854549408;0.0;0.9619645476341248;0.0;0.7960547501412467;0.9444047902630928;0.055595209736907236
1731800302.5103996;/app/bags/user95_2017-02-24.bag;0.834065854549408;0.0;0.9619645476341248;0.0;0.7960547501412467;0.9444047902630928;0.055595209736907236
1731800302.7104318;/app/bags/user95_2017-02-24.bag;0.834065854549408;0.0;0.9619645476341248;0.0;0.7960547501412467;0.9444047902630928;0.055595209736907236
1731800302.9104593;/app/bags/user95_2017-02-24.bag;0.834065854549408;0.0;0.9619645476341248;0.0;0.7960547501412467;0.9444047902630928;0.055595209736907236
1731800303.110425;/app/bags/user95_2017-02-24.bag;0.834065854549408;0.0;0.9619645476341248;0.0;0.7960547501412467;0.9444047902630928;0.055595209736907236
1731800303.3104374;/app/bags/user95_2017-02-24.bag;0.834065854549408;0.0;0.9619645476341248;0.0;0.7960547501412467;0.9444047902630928;0.055595209736907236
1731800303.5104167;/app/bags/user95_2017-02-24.bag;0.834065854549408;0.0;0.9619645476341248;0.0;0.7960547501412467;0.9444047902630928;0.055595209736907236
1731800303.7103827;/app/bags/user95_2017-02-24.bag;0.834065854549408;0.0;0.9619645476341248;0.0;0.7960547501412467;0.9444047902630928;0.055595209736907236
1731800303.9103956;/app/bags/user95_2017-02-24.bag;0.834065854549408;0.0;0.9619645476341248;0.0;0.7960547501412467;0.9444047902630928;0.055595209736907236
1731800304.1104758;/app/bags/user95_2017-02-24.bag;0.834065854549408;0.0;0.9619645476341248;0.0;0.7960547501412467;0.9444047902630928;0.055595209736907236
1731800304.3103929;/app/bags/user95_2017-02-24.bag;0.834065854549408;0.0;0.9619645476341248;0.0;0.7960547501412467;0.9444047902630928;0.055595209736907236
1731800304.5103662;/app/bags/user95_2017-02-24.bag;0.834065854549408;0.0;0.9619645476341248;0.0;0.7960547501412467;0.9444047902630928;0.055595209736907236
1731800304.7104292;/app/bags/user95_2017-02-24.bag;0.834065854549408;0.0;0.9619645476341248;0.0;0.7960547501412467;0.9444047902630928;0.055595209736907236
1731800304.9103987;/app/bags/user95_2017-02-24.bag;0.834065854549408;0.0;0.9619645476341248;0.0;0.7960547501412467;0.9444047902630928;0.055595209736907236
1731800305.1104164;/app/bags/user95_2017-02-24.bag;0.834065854549408;0.0;0.9619645476341248;0.0;0.7960547501412467;0.9444047902630928;0.055595209736907236
1731800305.3104126;/app/bags/user95_2017-02-24.bag;0.834065854549408;0.0;0.9619645476341248;0.0;0.7960547501412467;0.9444047902630928;0.055595209736907236
1731800305.5103908;/app/bags/user95_2017-02-24.bag;0.834065854549408;0.0;0.9619645476341248;0.0;0.7960547501412467;0.9444047902630928;0.055595209736907236
1731800305.710369;/app/bags/user95_2017-02-24.bag;0.834065854549408;0.0;0.9619645476341248;0.0;0.7960547501412467;0.9444047902630928;0.055595209736907236
1731800305.9105072;/app/bags/user95_2017-02-24.bag;0.834065854549408;0.0;0.9619645476341248;0.0;0.7960547501412467;0.9444047902630928;0.055595209736907236
1731800306.1104167;/app/bags/user95_2017-02-24.bag;0.834065854549408;0.0;0.9619645476341248;0.0;0.7960547501412467;0.9444047902630928;0.055595209736907236
1731800306.3104327;/app/bags/user95_2017-02-24.bag;0.834065854549408;0.0;0.9619645476341248;0.0;0.7960547501412467;0.9444047902630928;0.055595209736907236
1731800306.5103683;/app/bags/user95_2017-02-24.bag;0.834065854549408;0.0;0.9619645476341248;0.0;0.7960547501412467;0.9444047902630928;0.055595209736907236
1731800306.7104669;/app/bags/user95_2017-02-24.bag;0.834065854549408;0.0;0.9619645476341248;0.0;0.7960547501412467;0.9444047902630928;0.055595209736907236
1731800306.910412;/app/bags/user95_2017-02-24.bag;0.834065854549408;0.0;0.9619645476341248;0.0;0.7960547501412467;0.9444047902630928;0.055595209736907236
1731800307.1103888;/app/bags/user95_2017-02-24.bag;0.834065854549408;0.0;0.9619645476341248;0.0;0.7960547501412467;0.9444047902630928;0.055595209736907236
1731800307.3104112;/app/bags/user95_2017-02-24.bag;0.834065854549408;0.0;0.9619645476341248;0.0;0.7960547501412467;0.9444047902630928;0.055595209736907236
1731800307.5103898;/app/bags/user95_2017-02-24.bag;0.834065854549408;0.0;0.9619645476341248;0.0;0.7960547501412467;0.9444047902630928;0.055595209736907236
1731800307.7103689;/app/bags/user95_2017-02-24.bag;0.834065854549408;0.0;0.9619645476341248;0.0;0.7960547501412467;0.9444047902630928;0.055595209736907236
1731800307.910374;/app/bags/user95_2017-02-24.bag;0.834065854549408;0.0;0.9619645476341248;0.0;0.7960547501412467;0.9444047902630928;0.055595209736907236
1731800308.110447;/app/bags/user95_2017-02-24.bag;0.834065854549408;0.0;0.9619645476341248;0.0;0.7960547501412467;0.9444047902630928;0.055595209736907236
1731800308.310418;/app/bags/user95_2017-02-24.bag;0.834065854549408;0.0;0.9619645476341248;0.0;0.7960547501412467;0.9444047902630928;0.055595209736907236
1731800308.510469;/app/bags/user95_2017-02-24.bag;0.834065854549408;0.0;0.9619645476341248;0.0;0.7960547501412467;0.9444047902630928;0.055595209736907236
1731800308.710405;/app/bags/user95_2017-02-24.bag;0.834065854549408;0.0;0.9619645476341248;0.0;0.7960547501412467;0.9444047902630928;0.055595209736907236
1731800308.9104571;/app/bags/user95_2017-02-24.bag;0.834065854549408;0.0;0.9619645476341248;0.0;0.7960547501412467;0.9444047902630928;0.055595209736907236
1731800309.110444;/app/bags/user95_2017-02-24.bag;0.834065854549408;0.0;0.9619645476341248;0.0;0.7960547501412467;0.9444047902630928;0.055595209736907236
1731800309.3103933;/app/bags/user95_2017-02-24.bag;0.834065854549408;0.0;0.9619645476341248;0.0;0.7960547501412467;0.9444047902630928;0.055595209736907236
1731800309.5103908;/app/bags/user95_2017-02-24.bag;0.834065854549408;0.0;0.9619645476341248;0.0;0.7960547501412467;0.9444047902630928;0.055595209736907236
1731800309.710469;/app/bags/user95_2017-02-24.bag;0.834065854549408;0.0;0.9619645476341248;0.0;0.7960547501412467;0.9444047902630928;0.055595209736907236
1731800309.9104056;/app/bags/user95_2017-02-24.bag;0.834065854549408;0.0;0.9619645476341248;0.0;0.7960547501412467;0.9444047902630928;0.055595209736907236
1731800310.110458;/app/bags/user95_2017-02-24.bag;0.834065854549408;0.0;0.9619645476341248;0.0;0.7960547501412467;0.9444047902630928;0.055595209736907236
1731800310.310408;/app/bags/user95_2017-02-24.bag;0.834065854549408;0.0;0.9619645476341248;0.0;0.7960547501412467;0.9444047902630928;0.055595209736907236
1731800310.5103815;/app/bags/user95_2017-02-24.bag;0.834065854549408;0.0;0.9619645476341248;0.0;0.7960547501412467;0.9444047902630928;0.055595209736907236
1731800310.7104483;/app/bags/user95_2017-02-24.bag;0.834065854549408;0.0;0.9619645476341248;0.0;0.7960547501412467;0.9444047902630928;0.055595209736907236
1731800310.910461;/app/bags/user95_2017-02-24.bag;0.834065854549408;0.0;0.9619645476341248;0.0;0.7960547501412467;0.9444047902630928;0.055595209736907236
1731800311.1104412;/app/bags/user95_2017-02-24.bag;0.834065854549408;0.0;0.9619645476341248;0.0;0.7960547501412467;0.9444047902630928;0.055595209736907236
1731800311.3104582;/app/bags/user95_2017-02-24.bag;0.834065854549408;0.0;0.9619645476341248;0.0;0.7960547501412467;0.9444047902630928;0.055595209736907236
1731800311.5103927;/app/bags/user95_2017-02-24.bag;0.834065854549408;0.0;0.9619645476341248;0.0;0.7960547501412467;0.9444047902630928;0.055595209736907236
1731800311.710404;/app/bags/user95_2017-02-24.bag;0.834065854549408;0.0;0.9619645476341248;0.0;0.7960547501412467;0.9444047902630928;0.055595209736907236
1731800311.910392;/app/bags/user95_2017-02-24.bag;0.834065854549408;0.0;0.9619645476341248;0.0;0.7960547501412467;0.9444047902630928;0.055595209736907236
1731800312.110383;/app/bags/user95_2017-02-24.bag;0.834065854549408;0.0;0.9619645476341248;0.0;0.7960547501412467;0.9444047902630928;0.055595209736907236
1731800312.3104005;/app/bags/user95_2017-02-24.bag;0.834065854549408;0.0;0.9619645476341248;0.0;0.7960547501412467;0.9444047902630928;0.055595209736907236
1731800312.5103874;/app/bags/user95_2017-02-24.bag;0.834065854549408;0.0;0.9619645476341248;0.0;0.7960547501412467;0.9444047902630928;0.055595209736907236
1731800312.710397;/app/bags/user95_2017-02-24.bag;0.834065854549408;0.0;0.9619645476341248;0.0;0.7960547501412467;0.9444047902630928;0.055595209736907236
1731800312.9103768;/app/bags/user95_2017-02-24.bag;0.834065854549408;0.0;0.9619645476341248;0.0;0.7960547501412467;0.9444047902630928;0.055595209736907236
1731800313.110448;/app/bags/user95_2017-02-24.bag;0.834065854549408;0.0;0.9619645476341248;0.0;0.7960547501412467;0.9444047902630928;0.055595209736907236
1731800313.3103936;/app/bags/user95_2017-02-24.bag;0.834065854549408;0.0;0.9619645476341248;0.0;0.7960547501412467;0.9444047902630928;0.055595209736907236
1731800313.510411;/app/bags/user95_2017-02-24.bag;0.834065854549408;0.0;0.9619645476341248;0.0;0.7960547501412467;0.9444047902630928;0.055595209736907236
1731800313.7103918;/app/bags/user95_2017-02-24.bag;0.834065854549408;0.0;0.9619645476341248;0.0;0.7960547501412467;0.9444047902630928;0.055595209736907236
1731800313.9103754;/app/bags/user95_2017-02-24.bag;0.834065854549408;0.0;0.9619645476341248;0.0;0.7960547501412467;0.9444047902630928;0.055595209736907236
1731800314.1104248;/app/bags/user95_2017-02-24.bag;0.834065854549408;0.0;0.9619645476341248;0.0;0.7960547501412467;0.9444047902630928;0.055595209736907236
1731800314.310421;/app/bags/user95_2017-02-24.bag;0.834065854549408;0.0;0.9619645476341248;0.0;0.7960547501412467;0.9444047902630928;0.055595209736907236
1731800314.5103917;/app/bags/user95_2017-02-24.bag;0.834065854549408;0.0;0.9619645476341248;0.0;0.7960547501412467;0.9444047902630928;0.055595209736907236
1731800314.7103655;/app/bags/user95_2017-02-24.bag;0.834065854549408;0.0;0.9619645476341248;0.0;0.7960547501412467;0.9444047902630928;0.055595209736907236
1731800314.9103684;/app/bags/user95_2017-02-24.bag;0.834065854549408;0.0;0.9619645476341248;0.0;0.7960547501412467;0.9444047902630928;0.055595209736907236
1731800315.1104195;/app/bags/user95_2017-02-24.bag;0.834065854549408;0.0;0.9619645476341248;0.0;0.7960547501412467;0.9444047902630928;0.055595209736907236
1731800315.3104672;/app/bags/user95_2017-02-24.bag;0.834065854549408;0.0;0.9619645476341248;0.0;0.7960547501412467;0.9444047902630928;0.055595209736907236
1731800315.5103536;/app/bags/user95_2017-02-24.bag;0.834065854549408;0.0;0.9619645476341248;0.0;0.7960547501412467;0.9444047902630928;0.055595209736907236
1731800315.7103646;/app/bags/user95_2017-02-24.bag;0.834065854549408;0.0;0.9619645476341248;0.0;0.7960547501412467;0.9444047902630928;0.055595209736907236
1731800315.91045;/app/bags/user95_2017-02-24.bag;0.834065854549408;0.0;0.9619645476341248;0.0;0.7960547501412467;0.9444047902630928;0.055595209736907236
1731800316.110381;/app/bags/user95_2017-02-24.bag;0.834065854549408;0.0;0.9619645476341248;0.0;0.7960547501412467;0.9444047902630928;0.055595209736907236
1731800316.3104646;/app/bags/user95_2017-02-24.bag;0.834065854549408;0.0;0.9619645476341248;0.0;0.7960547501412467;0.9444047902630928;0.055595209736907236
1731800316.5104501;/app/bags/user95_2017-02-24.bag;0.834065854549408;0.0;0.9619645476341248;0.0;0.7960547501412467;0.9444047902630928;0.055595209736907236
1731800316.7103639;/app/bags/user95_2017-02-24.bag;0.834065854549408;0.0;0.9619645476341248;0.0;0.7960547501412467;0.9444047902630928;0.055595209736907236
1731800316.910375;/app/bags/user95_2017-02-24.bag;0.834065854549408;0.0;0.9619645476341248;0.0;0.7960547501412467;0.9444047902630928;0.055595209736907236
1731800317.1104367;/app/bags/user95_2017-02-24.bag;0.834065854549408;0.0;0.9619645476341248;0.0;0.7960547501412467;0.9444047902630928;0.055595209736907236
1731800317.3104205;/app/bags/user95_2017-02-24.bag;0.834065854549408;0.0;0.9619645476341248;0.0;0.7960547501412467;0.9444047902630928;0.055595209736907236
1731800317.510505;/app/bags/user95_2017-02-24.bag;0.834065854549408;0.0;0.9619645476341248;0.0;0.7960547501412467;0.9444047902630928;0.055595209736907236
1731800317.7104578;/app/bags/user95_2017-02-24.bag;0.834065854549408;0.0;0.9619645476341248;0.0;0.7960547501412467;0.9444047902630928;0.055595209736907236
1731800317.9103446;/app/bags/user95_2017-02-24.bag;0.834065854549408;0.0;0.9619645476341248;0.0;0.7960547501412467;0.9444047902630928;0.055595209736907236
1731800318.1103632;/app/bags/user95_2017-02-24.bag;0.834065854549408;0.0;0.9619645476341248;0.0;0.7960547501412467;0.9444047902630928;0.055595209736907236
1731800318.310494;/app/bags/user95_2017-02-24.bag;0.834065854549408;0.0;0.9619645476341248;0.0;0.7960547501412467;0.9444047902630928;0.055595209736907236
1731800318.5104647;/app/bags/user95_2017-02-24.bag;0.834065854549408;0.0;0.9619645476341248;0.0;0.7960547501412467;0.9444047902630928;0.055595209736907236
1731800318.7104192;/app/bags/user95_2017-02-24.bag;0.834065854549408;0.0;0.9619645476341248;0.0;0.7960547501412467;0.9444047902630928;0.055595209736907236
1731800318.9103646;/app/bags/user95_2017-02-24.bag;0.834065854549408;0.0;0.9619645476341248;0.0;0.7960547501412467;0.9444047902630928;0.055595209736907236
1731800319.1104019;/app/bags/user95_2017-02-24.bag;0.834065854549408;0.0;0.9619645476341248;0.0;0.7960547501412467;0.9444047902630928;0.055595209736907236
1731800319.3104026;/app/bags/user95_2017-02-24.bag;0.834065854549408;0.0;0.9619645476341248;0.0;0.7960547501412467;0.9444047902630928;0.055595209736907236
1731800319.5103614;/app/bags/user95_2017-02-24.bag;0.834065854549408;0.0;0.9619645476341248;0.0;0.7960547501412467;0.9444047902630928;0.055595209736907236
1731800319.710388;/app/bags/user95_2017-02-24.bag;0.834065854549408;0.0;0.9619645476341248;0.0;0.7960547501412467;0.9444047902630928;0.055595209736907236
1731800319.9103892;/app/bags/user95_2017-02-24.bag;0.834065854549408;0.0;0.9619645476341248;0.0;0.7960547501412467;0.9444047902630928;0.055595209736907236
1731800320.110392;/app/bags/user95_2017-02-24.bag;0.834065854549408;0.0;0.9619645476341248;0.0;0.7960547501412467;0.9444047902630928;0.055595209736907236
1731800320.3104599;/app/bags/user95_2017-02-24.bag;0.834065854549408;0.0;0.9619645476341248;0.0;0.7960547501412467;0.9444047902630928;0.055595209736907236
1731800320.5103645;/app/bags/user95_2017-02-24.bag;0.834065854549408;0.0;0.9619645476341248;0.0;0.7960547501412467;0.9444047902630928;0.055595209736907236
1731800320.710389;/app/bags/user95_2017-02-24.bag;0.834065854549408;0.0;0.9619645476341248;0.0;0.7960547501412467;0.9444047902630928;0.055595209736907236
1731800320.9104404;/app/bags/user95_2017-02-24.bag;0.834065854549408;0.0;0.9619645476341248;0.0;0.7960547501412467;0.9444047902630928;0.055595209736907236
1731800321.1104896;/app/bags/user95_2017-02-24.bag;0.834065854549408;0.0;0.9619645476341248;0.0;0.7960547501412467;0.9444047902630928;0.055595209736907236
1731800321.310407;/app/bags/user95_2017-02-24.bag;0.834065854549408;0.0;0.9619645476341248;0.0;0.7960547501412467;0.9444047902630928;0.055595209736907236
1731800321.5104628;/app/bags/user95_2017-02-24.bag;0.834065854549408;0.0;0.9619645476341248;0.0;0.7960547501412467;0.9444047902630928;0.055595209736907236
1731800321.710418;/app/bags/user95_2017-02-24.bag;0.834065854549408;0.0;0.9619645476341248;0.0;0.7960547501412467;0.9444047902630928;0.055595209736907236
1731800321.9103906;/app/bags/user95_2017-02-24.bag;0.834065854549408;0.0;0.9619645476341248;0.0;0.7960547501412467;0.9444047902630928;0.055595209736907236
1731800322.1104343;/app/bags/user95_2017-02-24.bag;0.834065854549408;0.0;0.9619645476341248;0.0;0.7960547501412467;0.9444047902630928;0.055595209736907236
1731800322.3103743;/app/bags/user95_2017-02-24.bag;0.834065854549408;0.0;0.9619645476341248;0.0;0.7960547501412467;0.9444047902630928;0.055595209736907236
1731800322.510409;/app/bags/user95_2017-02-24.bag;0.834065854549408;0.0;0.9619645476341248;0.0;0.7960547501412467;0.9444047902630928;0.055595209736907236
1731800322.7104325;/app/bags/user95_2017-02-24.bag;0.834065854549408;0.0;0.9619645476341248;0.0;0.7960547501412467;0.9444047902630928;0.055595209736907236
1731800322.9103868;/app/bags/user95_2017-02-24.bag;0.834065854549408;0.0;0.9619645476341248;0.0;0.7960547501412467;0.9444047902630928;0.055595209736907236
1731800323.1103864;/app/bags/user95_2017-02-24.bag;0.834065854549408;0.0;0.9619645476341248;0.0;0.7960547501412467;0.9444047902630928;0.055595209736907236
1731800323.3103945;/app/bags/user95_2017-02-24.bag;0.834065854549408;0.0;0.9619645476341248;0.0;0.7960547501412467;0.9444047902630928;0.055595209736907236
1731800323.510466;/app/bags/user95_2017-02-24.bag;0.834065854549408;0.0;0.9619645476341248;0.0;0.7960547501412467;0.9444047902630928;0.055595209736907236
1731800323.7103922;/app/bags/user95_2017-02-24.bag;0.834065854549408;0.0;0.9619645476341248;0.0;0.7960547501412467;0.9444047902630928;0.055595209736907236
1731800323.9103696;/app/bags/user95_2017-02-24.bag;0.834065854549408;0.0;0.9619645476341248;0.0;0.7960547501412467;0.9444047902630928;0.055595209736907236
1731800324.1103656;/app/bags/user95_2017-02-24.bag;0.834065854549408;0.0;0.9619645476341248;0.0;0.7960547501412467;0.9444047902630928;0.055595209736907236
1731800324.3103945;/app/bags/user95_2017-02-24.bag;0.834065854549408;0.0;0.9619645476341248;0.0;0.7960547501412467;0.9444047902630928;0.055595209736907236
1731800324.5103943;/app/bags/user95_2017-02-24.bag;0.834065854549408;0.0;0.9619645476341248;0.0;0.7960547501412467;0.9444047902630928;0.055595209736907236
1731800324.7104776;/app/bags/user95_2017-02-24.bag;0.834065854549408;0.0;0.9619645476341248;0.0;0.7960547501412467;0.9444047902630928;0.055595209736907236
1731800324.9104857;/app/bags/user95_2017-02-24.bag;0.834065854549408;0.0;0.9619645476341248;0.0;0.7960547501412467;0.9444047902630928;0.055595209736907236
1731800325.110551;/app/bags/user95_2017-02-24.bag;0.834065854549408;0.0;0.9619645476341248;0.0;0.7960547501412467;0.9444047902630928;0.055595209736907236
1731800325.3103974;/app/bags/user95_2017-02-24.bag;0.834065854549408;0.0;0.9619645476341248;0.0;0.7960547501412467;0.9444047902630928;0.055595209736907236
1731800325.5104403;/app/bags/user95_2017-02-24.bag;0.834065854549408;0.0;0.9619645476341248;0.0;0.7960547501412467;0.9444047902630928;0.055595209736907236
1731800325.710527;/app/bags/user95_2017-02-24.bag;0.834065854549408;0.0;0.9619645476341248;0.0;0.7960547501412467;0.9444047902630928;0.055595209736907236
1731800325.910374;/app/bags/user95_2017-02-24.bag;0.834065854549408;0.0;0.9619645476341248;0.0;0.7960547501412467;0.9444047902630928;0.055595209736907236
1731800326.1103654;/app/bags/user95_2017-02-24.bag;0.834065854549408;0.0;0.9619645476341248;0.0;0.7960547501412467;0.9444047902630928;0.055595209736907236
1731800326.3104038;/app/bags/user95_2017-02-24.bag;0.834065854549408;0.0;0.9619645476341248;0.0;0.7960547501412467;0.9444047902630928;0.055595209736907236
1731800326.5104976;/app/bags/user95_2017-02-24.bag;0.834065854549408;0.0;0.9619645476341248;0.0;0.7960547501412467;0.9444047902630928;0.055595209736907236
1731800326.7104208;/app/bags/user95_2017-02-24.bag;0.834065854549408;0.0;0.9619645476341248;0.0;0.7960547501412467;0.9444047902630928;0.055595209736907236
1731800326.9104;/app/bags/user95_2017-02-24.bag;0.834065854549408;0.0;0.9619645476341248;0.0;0.7960547501412467;0.9444047902630928;0.055595209736907236
1731800327.1103845;/app/bags/user95_2017-02-24.bag;0.834065854549408;0.0;0.9619645476341248;0.0;0.7960547501412467;0.9444047902630928;0.055595209736907236
1731800327.3103716;/app/bags/user95_2017-02-24.bag;0.834065854549408;0.0;0.9619645476341248;0.0;0.7960547501412467;0.9444047902630928;0.055595209736907236
1731800327.5103934;/app/bags/user95_2017-02-24.bag;0.834065854549408;0.0;0.9619645476341248;0.0;0.7960547501412467;0.9444047902630928;0.055595209736907236
1731800327.7104042;/app/bags/user95_2017-02-24.bag;0.834065854549408;0.0;0.9619645476341248;0.0;0.7960547501412467;0.9444047902630928;0.055595209736907236
1731800327.9103813;/app/bags/user95_2017-02-24.bag;0.834065854549408;0.0;0.9619645476341248;0.0;0.7960547501412467;0.9444047902630928;0.055595209736907236
1731800328.1104271;/app/bags/user95_2017-02-24.bag;0.834065854549408;0.0;0.9619645476341248;0.0;0.7960547501412467;0.9444047902630928;0.055595209736907236
1731800328.31045;/app/bags/user95_2017-02-24.bag;0.834065854549408;0.0;0.9619645476341248;0.0;0.7960547501412467;0.9444047902630928;0.055595209736907236
1731800328.5104094;/app/bags/user95_2017-02-24.bag;0.834065854549408;0.0;0.9619645476341248;0.0;0.7960547501412467;0.9444047902630928;0.055595209736907236
1731800328.710413;/app/bags/user95_2017-02-24.bag;0.834065854549408;0.0;0.9619645476341248;0.0;0.7960547501412467;0.9444047902630928;0.055595209736907236
1731800328.910406;/app/bags/user95_2017-02-24.bag;0.834065854549408;0.0;0.9619645476341248;0.0;0.7960547501412467;0.9444047902630928;0.055595209736907236
1731800329.1103818;/app/bags/user95_2017-02-24.bag;0.834065854549408;0.0;0.9619645476341248;0.0;0.7960547501412467;0.9444047902630928;0.055595209736907236
1731800329.3103755;/app/bags/user95_2017-02-24.bag;0.834065854549408;0.0;0.9619645476341248;0.0;0.7960547501412467;0.9444047902630928;0.055595209736907236
1731800329.5104406;/app/bags/user95_2017-02-24.bag;0.834065854549408;0.0;0.9619645476341248;0.0;0.7960547501412467;0.9444047902630928;0.055595209736907236
1731800329.7103918;/app/bags/user95_2017-02-24.bag;0.834065854549408;0.0;0.9619645476341248;0.0;0.7960547501412467;0.9444047902630928;0.055595209736907236
1731800329.9104018;/app/bags/user95_2017-02-24.bag;0.834065854549408;0.0;0.9619645476341248;0.0;0.7960547501412467;0.9444047902630928;0.055595209736907236
1731800330.11042;/app/bags/user95_2017-02-24.bag;0.834065854549408;0.0;0.9619645476341248;0.0;0.7960547501412467;0.9444047902630928;0.055595209736907236
1731800330.310387;/app/bags/user95_2017-02-24.bag;0.834065854549408;0.0;0.9619645476341248;0.0;0.7960547501412467;0.9444047902630928;0.055595209736907236
1731800330.5103936;/app/bags/user95_2017-02-24.bag;0.834065854549408;0.0;0.9619645476341248;0.0;0.7960547501412467;0.9444047902630928;0.055595209736907236
1731800330.7104027;/app/bags/user95_2017-02-24.bag;0.834065854549408;0.0;0.9619645476341248;0.0;0.7960547501412467;0.9444047902630928;0.055595209736907236
1731800330.9103925;/app/bags/user95_2017-02-24.bag;0.834065854549408;0.0;0.9619645476341248;0.0;0.7960547501412467;0.9444047902630928;0.055595209736907236
1731800331.1103983;/app/bags/user95_2017-02-24.bag;0.834065854549408;0.0;0.9619645476341248;0.0;0.7960547501412467;0.9444047902630928;0.055595209736907236
1731800331.3104074;/app/bags/user95_2017-02-24.bag;0.834065854549408;0.0;0.9619645476341248;0.0;0.7960547501412467;0.9444047902630928;0.055595209736907236
1731800331.5104084;/app/bags/user95_2017-02-24.bag;0.834065854549408;0.0;0.9619645476341248;0.0;0.7960547501412467;0.9444047902630928;0.055595209736907236
1731800331.7104087;/app/bags/user95_2017-02-24.bag;0.834065854549408;0.0;0.9619645476341248;0.0;0.7960547501412467;0.9444047902630928;0.055595209736907236
1731800331.9103718;/app/bags/user95_2017-02-24.bag;0.834065854549408;0.0;0.9619645476341248;0.0;0.7960547501412467;0.9444047902630928;0.055595209736907236
1731800332.110379;/app/bags/user95_2017-02-24.bag;0.834065854549408;0.0;0.9619645476341248;0.0;0.7960547501412467;0.9444047902630928;0.055595209736907236
1731800332.310377;/app/bags/user95_2017-02-24.bag;0.834065854549408;0.0;0.9619645476341248;0.0;0.7960547501412467;0.9444047902630928;0.055595209736907236
1731800332.5104194;/app/bags/user95_2017-02-24.bag;0.834065854549408;0.0;0.9619645476341248;0.0;0.7960547501412467;0.9444047902630928;0.055595209736907236
1731800332.710423;/app/bags/user95_2017-02-24.bag;0.834065854549408;0.0;0.9619645476341248;0.0;0.7960547501412467;0.9444047902630928;0.055595209736907236
1731800332.910488;/app/bags/user95_2017-02-24.bag;0.834065854549408;0.0;0.9619645476341248;0.0;0.7960547501412467;0.9444047902630928;0.055595209736907236
1731800333.1104195;/app/bags/user95_2017-02-24.bag;0.834065854549408;0.0;0.9619645476341248;0.0;0.7960547501412467;0.9444047902630928;0.055595209736907236
1731800333.3104916;/app/bags/user95_2017-02-24.bag;0.834065854549408;0.0;0.9619645476341248;0.0;0.7960547501412467;0.9444047902630928;0.055595209736907236
1731800333.5105286;/app/bags/user95_2017-02-24.bag;0.834065854549408;0.0;0.9619645476341248;0.0;0.7960547501412467;0.9444047902630928;0.055595209736907236
1731800333.7104003;/app/bags/user95_2017-02-24.bag;0.834065854549408;0.0;0.9619645476341248;0.0;0.7960547501412467;0.9444047902630928;0.055595209736907236
1731800333.9104116;/app/bags/user95_2017-02-24.bag;0.834065854549408;0.0;0.9619645476341248;0.0;0.7960547501412467;0.9444047902630928;0.055595209736907236
1731800334.1104105;/app/bags/user95_2017-02-24.bag;0.834065854549408;0.0;0.9619645476341248;0.0;0.7960547501412467;0.9444047902630928;0.055595209736907236
1731800334.3104596;/app/bags/user95_2017-02-24.bag;0.834065854549408;0.0;0.9619645476341248;0.0;0.7960547501412467;0.9444047902630928;0.055595209736907236
1731800334.5103667;/app/bags/user95_2017-02-24.bag;0.834065854549408;0.0;0.9619645476341248;0.0;0.7960547501412467;0.9444047902630928;0.055595209736907236
1731800334.7103815;/app/bags/user95_2017-02-24.bag;0.834065854549408;0.0;0.9619645476341248;0.0;0.7960547501412467;0.9444047902630928;0.055595209736907236
1731800334.9103868;/app/bags/user95_2017-02-24.bag;0.834065854549408;0.0;0.9619645476341248;0.0;0.7960547501412467;0.9444047902630928;0.055595209736907236
1731800335.1103904;/app/bags/user95_2017-02-24.bag;0.834065854549408;0.0;0.9619645476341248;0.0;0.7960547501412467;0.9444047902630928;0.055595209736907236
1731800335.3104427;/app/bags/user95_2017-02-24.bag;0.834065854549408;0.0;0.9619645476341248;0.0;0.7960547501412467;0.9444047902630928;0.055595209736907236
1731800335.5103984;/app/bags/user95_2017-02-24.bag;0.834065854549408;0.0;0.9619645476341248;0.0;0.7960547501412467;0.9444047902630928;0.055595209736907236
1731800335.7103903;/app/bags/user95_2017-02-24.bag;0.834065854549408;0.0;0.9619645476341248;0.0;0.7960547501412467;0.9444047902630928;0.055595209736907236
1731800335.9103854;/app/bags/user95_2017-02-24.bag;0.834065854549408;0.0;0.9619645476341248;0.0;0.7960547501412467;0.9444047902630928;0.055595209736907236
1731800336.1104007;/app/bags/user95_2017-02-24.bag;0.834065854549408;0.0;0.9619645476341248;0.0;0.7960547501412467;0.9444047902630928;0.055595209736907236
1731800336.3103905;/app/bags/user95_2017-02-24.bag;0.834065854549408;0.0;0.9619645476341248;0.0;0.7960547501412467;0.9444047902630928;0.055595209736907236
1731800336.5104237;/app/bags/user95_2017-02-24.bag;0.834065854549408;0.0;0.9619645476341248;0.0;0.7960547501412467;0.9444047902630928;0.055595209736907236
1731800336.7105498;/app/bags/user95_2017-02-24.bag;0.834065854549408;0.0;0.9619645476341248;0.0;0.7960547501412467;0.9444047902630928;0.055595209736907236
1731800336.9104111;/app/bags/user95_2017-02-24.bag;0.834065854549408;0.0;0.9619645476341248;0.0;0.7960547501412467;0.9444047902630928;0.055595209736907236
1731800337.1103702;/app/bags/user95_2017-02-24.bag;0.834065854549408;0.0;0.9619645476341248;0.0;0.7960547501412467;0.9444047902630928;0.055595209736907236
1731800337.3103812;/app/bags/user95_2017-02-24.bag;0.834065854549408;0.0;0.9619645476341248;0.0;0.7960547501412467;0.9444047902630928;0.055595209736907236
1731800337.5104065;/app/bags/user95_2017-02-24.bag;0.834065854549408;0.0;0.9619645476341248;0.0;0.7960547501412467;0.9444047902630928;0.055595209736907236
1731800337.7103784;/app/bags/user95_2017-02-24.bag;0.834065854549408;0.0;0.9619645476341248;0.0;0.7960547501412467;0.9444047902630928;0.055595209736907236
1731800337.910486;/app/bags/user95_2017-02-24.bag;0.834065854549408;0.0;0.9619645476341248;0.0;0.7960547501412467;0.9444047902630928;0.055595209736907236
1731800338.1103952;/app/bags/user95_2017-02-24.bag;0.834065854549408;0.0;0.9619645476341248;0.0;0.7960547501412467;0.9444047902630928;0.055595209736907236
1731800338.3104982;/app/bags/user95_2017-02-24.bag;0.834065854549408;0.0;0.9619645476341248;0.0;0.7960547501412467;0.9444047902630928;0.055595209736907236
1731800338.5103939;/app/bags/user95_2017-02-24.bag;0.834065854549408;0.0;0.9619645476341248;0.0;0.7960547501412467;0.9444047902630928;0.055595209736907236
1731800338.7104232;/app/bags/user95_2017-02-24.bag;0.834065854549408;0.0;0.9619645476341248;0.0;0.7960547501412467;0.9444047902630928;0.055595209736907236
1731800338.9104156;/app/bags/user95_2017-02-24.bag;0.834065854549408;0.0;0.9619645476341248;0.0;0.7960547501412467;0.9444047902630928;0.055595209736907236
1731800339.110438;/app/bags/user95_2017-02-24.bag;0.834065854549408;0.0;0.9619645476341248;0.0;0.7960547501412467;0.9444047902630928;0.055595209736907236
1731800339.3103755;/app/bags/user95_2017-02-24.bag;0.834065854549408;0.0;0.9619645476341248;0.0;0.7960547501412467;0.9444047902630928;0.055595209736907236
1731800339.5104396;/app/bags/user95_2017-02-24.bag;0.834065854549408;0.0;0.9619645476341248;0.0;0.7960547501412467;0.9444047902630928;0.055595209736907236
1731800339.710409;/app/bags/user95_2017-02-24.bag;0.834065854549408;0.0;0.9619645476341248;0.0;0.7960547501412467;0.9444047902630928;0.055595209736907236
1731800339.9103606;/app/bags/user95_2017-02-24.bag;0.834065854549408;0.0;0.9619645476341248;0.0;0.7960547501412467;0.9444047902630928;0.055595209736907236
1731800340.1103957;/app/bags/user95_2017-02-24.bag;0.834065854549408;0.0;0.9619645476341248;0.0;0.7960547501412467;0.9444047902630928;0.055595209736907236
1731800340.3104045;/app/bags/user95_2017-02-24.bag;0.834065854549408;0.0;0.9619645476341248;0.0;0.7960547501412467;0.9444047902630928;0.055595209736907236
1731800340.510398;/app/bags/user95_2017-02-24.bag;0.834065854549408;0.0;0.9619645476341248;0.0;0.7960547501412467;0.9444047902630928;0.055595209736907236
1731800340.7103662;/app/bags/user95_2017-02-24.bag;0.834065854549408;0.0;0.9619645476341248;0.0;0.7960547501412467;0.9444047902630928;0.055595209736907236
1731800340.9103649;/app/bags/user95_2017-02-24.bag;0.834065854549408;0.0;0.9619645476341248;0.0;0.7960547501412467;0.9444047902630928;0.055595209736907236
1731800341.1105075;/app/bags/user95_2017-02-24.bag;0.834065854549408;0.0;0.9619645476341248;0.0;0.7960547501412467;0.9444047902630928;0.055595209736907236
1731800341.3103995;/app/bags/user95_2017-02-24.bag;0.834065854549408;0.0;0.9619645476341248;0.0;0.7960547501412467;0.9444047902630928;0.055595209736907236
1731800341.5105093;/app/bags/user95_2017-02-24.bag;0.834065854549408;0.0;0.9619645476341248;0.0;0.7960547501412467;0.9444047902630928;0.055595209736907236
1731800341.7104192;/app/bags/user95_2017-02-24.bag;0.834065854549408;0.0;0.9619645476341248;0.0;0.7960547501412467;0.9444047902630928;0.055595209736907236
1731800341.9104054;/app/bags/user95_2017-02-24.bag;0.834065854549408;0.0;0.9619645476341248;0.0;0.7960547501412467;0.9444047902630928;0.055595209736907236
1731800342.1103976;/app/bags/user95_2017-02-24.bag;0.834065854549408;0.0;0.9619645476341248;0.0;0.7960547501412467;0.9444047902630928;0.055595209736907236
1731800342.310483;/app/bags/user95_2017-02-24.bag;0.834065854549408;0.0;0.9619645476341248;0.0;0.7960547501412467;0.9444047902630928;0.055595209736907236
1731800342.5103939;/app/bags/user95_2017-02-24.bag;0.834065854549408;0.0;0.9619645476341248;0.0;0.7960547501412467;0.9444047902630928;0.055595209736907236
1731800342.710404;/app/bags/user95_2017-02-24.bag;0.834065854549408;0.0;0.9619645476341248;0.0;0.7960547501412467;0.9444047902630928;0.055595209736907236
1731800342.910406;/app/bags/user95_2017-02-24.bag;0.834065854549408;0.0;0.9619645476341248;0.0;0.7960547501412467;0.9444047902630928;0.055595209736907236
1731800343.1104019;/app/bags/user95_2017-02-24.bag;0.834065854549408;0.0;0.9619645476341248;0.0;0.7960547501412467;0.9444047902630928;0.055595209736907236
1731800343.310419;/app/bags/user95_2017-02-24.bag;0.834065854549408;0.0;0.9619645476341248;0.0;0.7960547501412467;0.9444047902630928;0.055595209736907236
1731800343.5103893;/app/bags/user95_2017-02-24.bag;0.834065854549408;0.0;0.9619645476341248;0.0;0.7960547501412467;0.9444047902630928;0.055595209736907236
1731800343.710449;/app/bags/user95_2017-02-24.bag;0.834065854549408;0.0;0.9619645476341248;0.0;0.7960547501412467;0.9444047902630928;0.055595209736907236
1731800343.9104054;/app/bags/user95_2017-02-24.bag;0.834065854549408;0.0;0.9619645476341248;0.0;0.7960547501412467;0.9444047902630928;0.055595209736907236
1731800344.1104283;/app/bags/user95_2017-02-24.bag;0.834065854549408;0.0;0.9619645476341248;0.0;0.7960547501412467;0.9444047902630928;0.055595209736907236
1731800344.3104115;/app/bags/user95_2017-02-24.bag;0.834065854549408;0.0;0.9619645476341248;0.0;0.7960547501412467;0.9444047902630928;0.055595209736907236
1731800344.5103903;/app/bags/user95_2017-02-24.bag;0.834065854549408;0.0;0.9619645476341248;0.0;0.7960547501412467;0.9444047902630928;0.055595209736907236
1731800344.7104056;/app/bags/user95_2017-02-24.bag;0.834065854549408;0.0;0.9619645476341248;0.0;0.7960547501412467;0.9444047902630928;0.055595209736907236
1731800344.9104986;/app/bags/user95_2017-02-24.bag;0.834065854549408;0.0;0.9619645476341248;0.0;0.7960547501412467;0.9444047902630928;0.055595209736907236
1731800345.110383;/app/bags/user95_2017-02-24.bag;0.834065854549408;0.0;0.9619645476341248;0.0;0.7960547501412467;0.9444047902630928;0.055595209736907236
1731800345.310445;/app/bags/user95_2017-02-24.bag;0.834065854549408;0.0;0.9619645476341248;0.0;0.7960547501412467;0.9444047902630928;0.055595209736907236
1731800345.510424;/app/bags/user95_2017-02-24.bag;0.834065854549408;0.0;0.9619645476341248;0.0;0.7960547501412467;0.9444047902630928;0.055595209736907236
1731800345.7103927;/app/bags/user95_2017-02-24.bag;0.834065854549408;0.0;0.9619645476341248;0.0;0.7960547501412467;0.9444047902630928;0.055595209736907236
1731800345.9103646;/app/bags/user95_2017-02-24.bag;0.834065854549408;0.0;0.9619645476341248;0.0;0.7960547501412467;0.9444047902630928;0.055595209736907236
1731800346.110386;/app/bags/user95_2017-02-24.bag;0.834065854549408;0.0;0.9619645476341248;0.0;0.7960547501412467;0.9444047902630928;0.055595209736907236
1731800346.3104086;/app/bags/user95_2017-02-24.bag;0.834065854549408;0.0;0.9619645476341248;0.0;0.7960547501412467;0.9444047902630928;0.055595209736907236
1731800346.5103862;/app/bags/user95_2017-02-24.bag;0.834065854549408;0.0;0.9619645476341248;0.0;0.7960547501412467;0.9444047902630928;0.055595209736907236
1731800346.7106996;/app/bags/user95_2017-02-24.bag;0.834065854549408;0.0;0.9619645476341248;0.0;0.7960547501412467;0.9444047902630928;0.055595209736907236
1731800346.9104111;/app/bags/user95_2017-02-24.bag;0.834065854549408;0.0;0.9619645476341248;0.0;0.7960547501412467;0.9444047902630928;0.055595209736907236
1731800347.1104257;/app/bags/user95_2017-02-24.bag;0.834065854549408;0.0;0.9619645476341248;0.0;0.7960547501412467;0.9444047902630928;0.055595209736907236
1731800347.3103921;/app/bags/user95_2017-02-24.bag;0.834065854549408;0.0;0.9619645476341248;0.0;0.7960547501412467;0.9444047902630928;0.055595209736907236
1731800347.5103867;/app/bags/user95_2017-02-24.bag;0.834065854549408;0.0;0.9619645476341248;0.0;0.7960547501412467;0.9444047902630928;0.055595209736907236
1731800347.7103767;/app/bags/user95_2017-02-24.bag;0.834065854549408;0.0;0.9619645476341248;0.0;0.7960547501412467;0.9444047902630928;0.055595209736907236
1731800347.9105196;/app/bags/user95_2017-02-24.bag;0.834065854549408;0.0;0.9619645476341248;0.0;0.7960547501412467;0.9444047902630928;0.055595209736907236
1731800348.1104095;/app/bags/user95_2017-02-24.bag;0.834065854549408;0.0;0.9619645476341248;0.0;0.7960547501412467;0.9444047902630928;0.055595209736907236
1731800348.3104467;/app/bags/user95_2017-02-24.bag;0.834065854549408;0.0;0.9619645476341248;0.0;0.7960547501412467;0.9444047902630928;0.055595209736907236
1731800348.5104299;/app/bags/user95_2017-02-24.bag;0.834065854549408;0.0;0.9619645476341248;0.0;0.7960547501412467;0.9444047902630928;0.055595209736907236
1731800348.71037;/app/bags/user95_2017-02-24.bag;0.834065854549408;0.0;0.9619645476341248;0.0;0.7960547501412467;0.9444047902630928;0.055595209736907236
1731800348.9105387;/app/bags/user95_2017-02-24.bag;0.834065854549408;0.0;0.9619645476341248;0.0;0.7960547501412467;0.9444047902630928;0.055595209736907236
1731800349.110412;/app/bags/user95_2017-02-24.bag;0.834065854549408;0.0;0.9619645476341248;0.0;0.7960547501412467;0.9444047902630928;0.055595209736907236
1731800349.310393;/app/bags/user95_2017-02-24.bag;0.834065854549408;0.0;0.9619645476341248;0.0;0.7960547501412467;0.9444047902630928;0.055595209736907236
1731800349.5103815;/app/bags/user95_2017-02-24.bag;0.834065854549408;0.0;0.9619645476341248;0.0;0.7960547501412467;0.9444047902630928;0.055595209736907236
1731800349.7104146;/app/bags/user95_2017-02-24.bag;0.834065854549408;0.0;0.9619645476341248;0.0;0.7960547501412467;0.9444047902630928;0.055595209736907236
1731800349.9105437;/app/bags/user95_2017-02-24.bag;0.834065854549408;0.0;0.9619645476341248;0.0;0.7960547501412467;0.9444047902630928;0.055595209736907236
1731800350.11038;/app/bags/user95_2017-02-24.bag;0.834065854549408;0.0;0.9619645476341248;0.0;0.7960547501412467;0.9444047902630928;0.055595209736907236
1731800350.3103652;/app/bags/user95_2017-02-24.bag;0.834065854549408;0.0;0.9619645476341248;0.0;0.7960547501412467;0.9444047902630928;0.055595209736907236
1731800350.510383;/app/bags/user95_2017-02-24.bag;0.834065854549408;0.0;0.9619645476341248;0.0;0.7960547501412467;0.9444047902630928;0.055595209736907236
1731800350.710408;/app/bags/user95_2017-02-24.bag;0.834065854549408;0.0;0.9619645476341248;0.0;0.7960547501412467;0.9444047902630928;0.055595209736907236
1731800350.9104588;/app/bags/user95_2017-02-24.bag;0.834065854549408;0.0;0.9619645476341248;0.0;0.7960547501412467;0.9444047902630928;0.055595209736907236
1731800351.1105027;/app/bags/user95_2017-02-24.bag;0.834065854549408;0.0;0.9619645476341248;0.0;0.7960547501412467;0.9444047902630928;0.055595209736907236
1731800351.3103795;/app/bags/user95_2017-02-24.bag;0.834065854549408;0.0;0.9619645476341248;0.0;0.7960547501412467;0.9444047902630928;0.055595209736907236
1731800351.5103657;/app/bags/user95_2017-02-24.bag;0.834065854549408;0.0;0.9619645476341248;0.0;0.7960547501412467;0.9444047902630928;0.055595209736907236
1731800351.7104337;/app/bags/user95_2017-02-24.bag;0.834065854549408;0.0;0.9619645476341248;0.0;0.7960547501412467;0.9444047902630928;0.055595209736907236
1731800351.9103706;/app/bags/user95_2017-02-24.bag;0.834065854549408;0.0;0.9619645476341248;0.0;0.7960547501412467;0.9444047902630928;0.055595209736907236
1731800352.110381;/app/bags/user95_2017-02-24.bag;0.834065854549408;0.0;0.9619645476341248;0.0;0.7960547501412467;0.9444047902630928;0.055595209736907236
1731800352.3104086;/app/bags/user95_2017-02-24.bag;0.834065854549408;0.0;0.9619645476341248;0.0;0.7960547501412467;0.9444047902630928;0.055595209736907236
1731800352.5103843;/app/bags/user95_2017-02-24.bag;0.834065854549408;0.0;0.9619645476341248;0.0;0.7960547501412467;0.9444047902630928;0.055595209736907236
1731800352.710375;/app/bags/user95_2017-02-24.bag;0.834065854549408;0.0;0.9619645476341248;0.0;0.7960547501412467;0.9444047902630928;0.055595209736907236
1731800352.9103928;/app/bags/user95_2017-02-24.bag;0.834065854549408;0.0;0.9619645476341248;0.0;0.7960547501412467;0.9444047902630928;0.055595209736907236
1731800353.1104515;/app/bags/user95_2017-02-24.bag;0.834065854549408;0.0;0.9619645476341248;0.0;0.7960547501412467;0.9444047902630928;0.055595209736907236
1731800353.3103974;/app/bags/user95_2017-02-24.bag;0.834065854549408;0.0;0.9619645476341248;0.0;0.7960547501412467;0.9444047902630928;0.055595209736907236
1731800353.5103674;/app/bags/user95_2017-02-24.bag;0.834065854549408;0.0;0.9619645476341248;0.0;0.7960547501412467;0.9444047902630928;0.055595209736907236
1731800353.7103882;/app/bags/user95_2017-02-24.bag;0.834065854549408;0.0;0.9619645476341248;0.0;0.7960547501412467;0.9444047902630928;0.055595209736907236
1731800353.9117155;/app/bags/user95_2017-02-24.bag;0.834065854549408;0.0;0.9619645476341248;0.0;0.7960547501412467;0.9444047902630928;0.055595209736907236
1731800354.110411;/app/bags/user95_2017-02-24.bag;0.834065854549408;0.0;0.9619645476341248;0.0;0.7960547501412467;0.9444047902630928;0.055595209736907236
1731800354.3103693;/app/bags/user95_2017-02-24.bag;0.834065854549408;0.0;0.9619645476341248;0.0;0.7960547501412467;0.9444047902630928;0.055595209736907236
1731800354.510402;/app/bags/user95_2017-02-24.bag;0.834065854549408;0.0;0.9619645476341248;0.0;0.7960547501412467;0.9444047902630928;0.055595209736907236
1731800354.710395;/app/bags/user95_2017-02-24.bag;0.834065854549408;0.0;0.9619645476341248;0.0;0.7960547501412467;0.9444047902630928;0.055595209736907236
1731800354.9103963;/app/bags/user95_2017-02-24.bag;0.834065854549408;0.0;0.9619645476341248;0.0;0.7960547501412467;0.9444047902630928;0.055595209736907236
1731800355.1104178;/app/bags/user95_2017-02-24.bag;0.834065854549408;0.0;0.9619645476341248;0.0;0.7960547501412467;0.9444047902630928;0.055595209736907236
1731800355.3103883;/app/bags/user95_2017-02-24.bag;0.834065854549408;0.0;0.9619645476341248;0.0;0.7960547501412467;0.9444047902630928;0.055595209736907236
1731800355.5104005;/app/bags/user95_2017-02-24.bag;0.834065854549408;0.0;0.9619645476341248;0.0;0.7960547501412467;0.9444047902630928;0.055595209736907236
1731800355.7103984;/app/bags/user95_2017-02-24.bag;0.834065854549408;0.0;0.9619645476341248;0.0;0.7960547501412467;0.9444047902630928;0.055595209736907236
1731800355.910343;/app/bags/user95_2017-02-24.bag;0.834065854549408;0.0;0.9619645476341248;0.0;0.7960547501412467;0.9444047902630928;0.055595209736907236
1731800356.1103637;/app/bags/user95_2017-02-24.bag;0.834065854549408;0.0;0.9619645476341248;0.0;0.7960547501412467;0.9444047902630928;0.055595209736907236
1731800356.3104217;/app/bags/user95_2017-02-24.bag;0.834065854549408;0.0;0.9619645476341248;0.0;0.7960547501412467;0.9444047902630928;0.055595209736907236
1731800356.5104513;/app/bags/user95_2017-02-24.bag;0.834065854549408;0.0;0.9619645476341248;0.0;0.7960547501412467;0.9444047902630928;0.055595209736907236
1731800356.7104037;/app/bags/user95_2017-02-24.bag;0.834065854549408;0.0;0.9619645476341248;0.0;0.7960547501412467;0.9444047902630928;0.055595209736907236
1731800356.9103916;/app/bags/user95_2017-02-24.bag;0.834065854549408;0.0;0.9619645476341248;0.0;0.7960547501412467;0.9444047902630928;0.055595209736907236
1731800357.1103783;/app/bags/user95_2017-02-24.bag;0.834065854549408;0.0;0.9619645476341248;0.0;0.7960547501412467;0.9444047902630928;0.055595209736907236
1731800357.3103838;/app/bags/user95_2017-02-24.bag;0.834065854549408;0.0;0.9619645476341248;0.0;0.7960547501412467;0.9444047902630928;0.055595209736907236
1731800357.5103579;/app/bags/user95_2017-02-24.bag;0.834065854549408;0.0;0.9619645476341248;0.0;0.7960547501412467;0.9444047902630928;0.055595209736907236
1731800357.710377;/app/bags/user95_2017-02-24.bag;0.834065854549408;0.0;0.9619645476341248;0.0;0.7960547501412467;0.9444047902630928;0.055595209736907236
1731800357.9103982;/app/bags/user95_2017-02-24.bag;0.834065854549408;0.0;0.9619645476341248;0.0;0.7960547501412467;0.9444047902630928;0.055595209736907236
1731800358.110409;/app/bags/user95_2017-02-24.bag;0.834065854549408;0.0;0.9619645476341248;0.0;0.7960547501412467;0.9444047902630928;0.055595209736907236
1731800358.3103626;/app/bags/user95_2017-02-24.bag;0.834065854549408;0.0;0.9619645476341248;0.0;0.7960547501412467;0.9444047902630928;0.055595209736907236
1731800358.51055;/app/bags/user95_2017-02-24.bag;0.834065854549408;0.0;0.9619645476341248;0.0;0.7960547501412467;0.9444047902630928;0.055595209736907236
1731800358.7104034;/app/bags/user95_2017-02-24.bag;0.834065854549408;0.0;0.9619645476341248;0.0;0.7960547501412467;0.9444047902630928;0.055595209736907236
1731800358.9104142;/app/bags/user95_2017-02-24.bag;0.834065854549408;0.0;0.9619645476341248;0.0;0.7960547501412467;0.9444047902630928;0.055595209736907236
1731800359.1104178;/app/bags/user95_2017-02-24.bag;0.834065854549408;0.0;0.9619645476341248;0.0;0.7960547501412467;0.9444047902630928;0.055595209736907236
1731800359.310438;/app/bags/user95_2017-02-24.bag;0.834065854549408;0.0;0.9619645476341248;0.0;0.7960547501412467;0.9444047902630928;0.055595209736907236
1731800359.5105627;/app/bags/user95_2017-02-24.bag;0.834065854549408;0.0;0.9619645476341248;0.0;0.7960547501412467;0.9444047902630928;0.055595209736907236
1731800359.7103972;/app/bags/user95_2017-02-24.bag;0.834065854549408;0.0;0.9619645476341248;0.0;0.7960547501412467;0.9444047902630928;0.055595209736907236
1731800359.91048;/app/bags/user95_2017-02-24.bag;0.834065854549408;0.0;0.9619645476341248;0.0;0.7960547501412467;0.9444047902630928;0.055595209736907236
1731800360.110384;/app/bags/user95_2017-02-24.bag;0.834065854549408;0.0;0.9619645476341248;0.0;0.7960547501412467;0.9444047902630928;0.055595209736907236
1731800360.3103647;/app/bags/user95_2017-02-24.bag;0.834065854549408;0.0;0.9619645476341248;0.0;0.7960547501412467;0.9444047902630928;0.055595209736907236
1731800360.5104358;/app/bags/user95_2017-02-24.bag;0.834065854549408;0.0;0.9619645476341248;0.0;0.7960547501412467;0.9444047902630928;0.055595209736907236
1731800360.7104092;/app/bags/user95_2017-02-24.bag;0.834065854549408;0.0;0.9619645476341248;0.0;0.7960547501412467;0.9444047902630928;0.055595209736907236
1731800360.9103825;/app/bags/user95_2017-02-24.bag;0.834065854549408;0.0;0.9619645476341248;0.0;0.7960547501412467;0.9444047902630928;0.055595209736907236
1731800361.1104045;/app/bags/user95_2017-02-24.bag;0.834065854549408;0.0;0.9619645476341248;0.0;0.7960547501412467;0.9444047902630928;0.055595209736907236
1731800361.310385;/app/bags/user95_2017-02-24.bag;0.834065854549408;0.0;0.9619645476341248;0.0;0.7960547501412467;0.9444047902630928;0.055595209736907236
1731800361.5104287;/app/bags/user95_2017-02-24.bag;0.834065854549408;0.0;0.9619645476341248;0.0;0.7960547501412467;0.9444047902630928;0.055595209736907236
1731800361.7103882;/app/bags/user95_2017-02-24.bag;0.834065854549408;0.0;0.9619645476341248;0.0;0.7960547501412467;0.9444047902630928;0.055595209736907236
1731800361.9105163;/app/bags/user95_2017-02-24.bag;0.834065854549408;0.0;0.9619645476341248;0.0;0.7960547501412467;0.9444047902630928;0.055595209736907236
1731800362.1103384;/app/bags/user95_2017-02-24.bag;0.834065854549408;0.0;0.9619645476341248;0.0;0.7960547501412467;0.9444047902630928;0.055595209736907236
1731800362.3106978;/app/bags/user95_2017-02-24.bag;0.834065854549408;0.0;0.9619645476341248;0.0;0.7960547501412467;0.9444047902630928;0.055595209736907236
1731800362.5103815;/app/bags/user95_2017-02-24.bag;0.834065854549408;0.0;0.9619645476341248;0.0;0.7960547501412467;0.9444047902630928;0.055595209736907236
1731800362.7103927;/app/bags/user95_2017-02-24.bag;0.834065854549408;0.0;0.9619645476341248;0.0;0.7960547501412467;0.9444047902630928;0.055595209736907236
1731800362.9104505;/app/bags/user95_2017-02-24.bag;0.834065854549408;0.0;0.9619645476341248;0.0;0.7960547501412467;0.9444047902630928;0.055595209736907236
1731800363.1104333;/app/bags/user95_2017-02-24.bag;0.834065854549408;0.0;0.9619645476341248;0.0;0.7960547501412467;0.9444047902630928;0.055595209736907236
1731800363.3103738;/app/bags/user95_2017-02-24.bag;0.834065854549408;0.0;0.9619645476341248;0.0;0.7960547501412467;0.9444047902630928;0.055595209736907236
1731800363.5104055;/app/bags/user95_2017-02-24.bag;0.834065854549408;0.0;0.9619645476341248;0.0;0.7960547501412467;0.9444047902630928;0.055595209736907236
1731800363.7103782;/app/bags/user95_2017-02-24.bag;0.834065854549408;0.0;0.9619645476341248;0.0;0.7960547501412467;0.9444047902630928;0.055595209736907236
1731800363.910539;/app/bags/user95_2017-02-24.bag;0.834065854549408;0.0;0.9619645476341248;0.0;0.7960547501412467;0.9444047902630928;0.055595209736907236
1731800364.11039;/app/bags/user95_2017-02-24.bag;0.834065854549408;0.0;0.9619645476341248;0.0;0.7960547501412467;0.9444047902630928;0.055595209736907236
1731800364.3103714;/app/bags/user95_2017-02-24.bag;0.834065854549408;0.0;0.9619645476341248;0.0;0.7960547501412467;0.9444047902630928;0.055595209736907236
1731800364.5104084;/app/bags/user95_2017-02-24.bag;0.834065854549408;0.0;0.9619645476341248;0.0;0.7960547501412467;0.9444047902630928;0.055595209736907236
1731800364.7104025;/app/bags/user95_2017-02-24.bag;0.834065854549408;0.0;0.9619645476341248;0.0;0.7960547501412467;0.9444047902630928;0.055595209736907236
1731800364.9105158;/app/bags/user95_2017-02-24.bag;0.834065854549408;0.0;0.9619645476341248;0.0;0.7960547501412467;0.9444047902630928;0.055595209736907236
1731800365.1104054;/app/bags/user95_2017-02-24.bag;0.834065854549408;0.0;0.9619645476341248;0.0;0.7960547501412467;0.9444047902630928;0.055595209736907236
1731800365.3103616;/app/bags/user95_2017-02-24.bag;0.834065854549408;0.0;0.9619645476341248;0.0;0.7960547501412467;0.9444047902630928;0.055595209736907236
1731800365.5104637;/app/bags/user95_2017-02-24.bag;0.834065854549408;0.0;0.9619645476341248;0.0;0.7960547501412467;0.9444047902630928;0.055595209736907236
1731800365.7103682;/app/bags/user95_2017-02-24.bag;0.834065854549408;0.0;0.9619645476341248;0.0;0.7960547501412467;0.9444047902630928;0.055595209736907236
1731800365.910418;/app/bags/user95_2017-02-24.bag;0.834065854549408;0.0;0.9619645476341248;0.0;0.7960547501412467;0.9444047902630928;0.055595209736907236
1731800366.1103988;/app/bags/user95_2017-02-24.bag;0.834065854549408;0.0;0.9619645476341248;0.0;0.7960547501412467;0.9444047902630928;0.055595209736907236
1731800366.310369;/app/bags/user95_2017-02-24.bag;0.834065854549408;0.0;0.9619645476341248;0.0;0.7960547501412467;0.9444047902630928;0.055595209736907236
1731800366.5103917;/app/bags/user95_2017-02-24.bag;0.834065854549408;0.0;0.9619645476341248;0.0;0.7960547501412467;0.9444047902630928;0.055595209736907236
1731800366.710361;/app/bags/user95_2017-02-24.bag;0.834065854549408;0.0;0.9619645476341248;0.0;0.7960547501412467;0.9444047902630928;0.055595209736907236
1731800366.910384;/app/bags/user95_2017-02-24.bag;0.834065854549408;0.0;0.9619645476341248;0.0;0.7960547501412467;0.9444047902630928;0.055595209736907236
1731800367.1103904;/app/bags/user95_2017-02-24.bag;0.834065854549408;0.0;0.9619645476341248;0.0;0.7960547501412467;0.9444047902630928;0.055595209736907236
1731800367.3103912;/app/bags/user95_2017-02-24.bag;0.834065854549408;0.0;0.9619645476341248;0.0;0.7960547501412467;0.9444047902630928;0.055595209736907236
1731800367.5104573;/app/bags/user95_2017-02-24.bag;0.834065854549408;0.0;0.9619645476341248;0.0;0.7960547501412467;0.9444047902630928;0.055595209736907236
1731800367.7103665;/app/bags/user95_2017-02-24.bag;0.834065854549408;0.0;0.9619645476341248;0.0;0.7960547501412467;0.9444047902630928;0.055595209736907236
1731800367.9104788;/app/bags/user95_2017-02-24.bag;0.834065854549408;0.0;0.9619645476341248;0.0;0.7960547501412467;0.9444047902630928;0.055595209736907236
1731800368.1104054;/app/bags/user95_2017-02-24.bag;0.834065854549408;0.0;0.9619645476341248;0.0;0.7960547501412467;0.9444047902630928;0.055595209736907236
1731800368.310532;/app/bags/user95_2017-02-24.bag;0.834065854549408;0.0;0.9619645476341248;0.0;0.7960547501412467;0.9444047902630928;0.055595209736907236
1731800368.5103767;/app/bags/user95_2017-02-24.bag;0.834065854549408;0.0;0.9619645476341248;0.0;0.7960547501412467;0.9444047902630928;0.055595209736907236
1731800368.7103794;/app/bags/user95_2017-02-24.bag;0.834065854549408;0.0;0.9619645476341248;0.0;0.7960547501412467;0.9444047902630928;0.055595209736907236
1731800368.9103892;/app/bags/user95_2017-02-24.bag;0.834065854549408;0.0;0.9619645476341248;0.0;0.7960547501412467;0.9444047902630928;0.055595209736907236
1731800369.110362;/app/bags/user95_2017-02-24.bag;0.834065854549408;0.0;0.9619645476341248;0.0;0.7960547501412467;0.9444047902630928;0.055595209736907236
1731800369.3103821;/app/bags/user95_2017-02-24.bag;0.834065854549408;0.0;0.9619645476341248;0.0;0.7960547501412467;0.9444047902630928;0.055595209736907236
1731800369.510411;/app/bags/user95_2017-02-24.bag;0.834065854549408;0.0;0.9619645476341248;0.0;0.7960547501412467;0.9444047902630928;0.055595209736907236
1731800369.7104096;/app/bags/user95_2017-02-24.bag;0.834065854549408;0.0;0.9619645476341248;0.0;0.7960547501412467;0.9444047902630928;0.055595209736907236
1731800369.9104154;/app/bags/user95_2017-02-24.bag;0.834065854549408;0.0;0.9619645476341248;0.0;0.7960547501412467;0.9444047902630928;0.055595209736907236
1731800370.110403;/app/bags/user95_2017-02-24.bag;0.834065854549408;0.0;0.9619645476341248;0.0;0.7960547501412467;0.9444047902630928;0.055595209736907236
1731800370.310458;/app/bags/user95_2017-02-24.bag;0.834065854549408;0.0;0.9619645476341248;0.0;0.7960547501412467;0.9444047902630928;0.055595209736907236
1731800370.510373;/app/bags/user95_2017-02-24.bag;0.834065854549408;0.0;0.9619645476341248;0.0;0.7960547501412467;0.9444047902630928;0.055595209736907236
1731800370.710385;/app/bags/user95_2017-02-24.bag;0.834065854549408;0.0;0.9619645476341248;0.0;0.7960547501412467;0.9444047902630928;0.055595209736907236
1731800370.9104006;/app/bags/user95_2017-02-24.bag;0.834065854549408;0.0;0.9619645476341248;0.0;0.7960547501412467;0.9444047902630928;0.055595209736907236
1731800371.1103983;/app/bags/user95_2017-02-24.bag;0.834065854549408;0.0;0.9619645476341248;0.0;0.7960547501412467;0.9444047902630928;0.055595209736907236
1731800371.3105073;/app/bags/user95_2017-02-24.bag;0.834065854549408;0.0;0.9619645476341248;0.0;0.7960547501412467;0.9444047902630928;0.055595209736907236
1731800371.5103707;/app/bags/user95_2017-02-24.bag;0.834065854549408;0.0;0.9619645476341248;0.0;0.7960547501412467;0.9444047902630928;0.055595209736907236
1731800371.7104135;/app/bags/user95_2017-02-24.bag;0.834065854549408;0.0;0.9619645476341248;0.0;0.7960547501412467;0.9444047902630928;0.055595209736907236
1731800371.9105031;/app/bags/user95_2017-02-24.bag;0.834065854549408;0.0;0.9619645476341248;0.0;0.7960547501412467;0.9444047902630928;0.055595209736907236
1731800372.1104517;/app/bags/user95_2017-02-24.bag;0.834065854549408;0.0;0.9619645476341248;0.0;0.7960547501412467;0.9444047902630928;0.055595209736907236
1731800372.310401;/app/bags/user95_2017-02-24.bag;0.834065854549408;0.0;0.9619645476341248;0.0;0.7960547501412467;0.9444047902630928;0.055595209736907236
1731800372.5104136;/app/bags/user95_2017-02-24.bag;0.834065854549408;0.0;0.9619645476341248;0.0;0.7960547501412467;0.9444047902630928;0.055595209736907236
1731800372.7104135;/app/bags/user95_2017-02-24.bag;0.834065854549408;0.0;0.9619645476341248;0.0;0.7960547501412467;0.9444047902630928;0.055595209736907236
1731800372.910409;/app/bags/user95_2017-02-24.bag;0.834065854549408;0.0;0.9619645476341248;0.0;0.7960547501412467;0.9444047902630928;0.055595209736907236
1731800373.1104884;/app/bags/user95_2017-02-24.bag;0.834065854549408;0.0;0.9619645476341248;0.0;0.7960547501412467;0.9444047902630928;0.055595209736907236
1731800373.3103652;/app/bags/user95_2017-02-24.bag;0.834065854549408;0.0;0.9619645476341248;0.0;0.7960547501412467;0.9444047902630928;0.055595209736907236
1731800373.5103986;/app/bags/user95_2017-02-24.bag;0.834065854549408;0.0;0.9619645476341248;0.0;0.7960547501412467;0.9444047902630928;0.055595209736907236
1731800373.7104115;/app/bags/user95_2017-02-24.bag;0.834065854549408;0.0;0.9619645476341248;0.0;0.7960547501412467;0.9444047902630928;0.055595209736907236
1731800373.910447;/app/bags/user95_2017-02-24.bag;0.834065854549408;0.0;0.9619645476341248;0.0;0.7960547501412467;0.9444047902630928;0.055595209736907236
1731800374.110434;/app/bags/user95_2017-02-24.bag;0.834065854549408;0.0;0.9619645476341248;0.0;0.7960547501412467;0.9444047902630928;0.055595209736907236
1731800374.3104537;/app/bags/user95_2017-02-24.bag;0.834065854549408;0.0;0.9619645476341248;0.0;0.7960547501412467;0.9444047902630928;0.055595209736907236
1731800374.5104077;/app/bags/user95_2017-02-24.bag;0.834065854549408;0.0;0.9619645476341248;0.0;0.7960547501412467;0.9444047902630928;0.055595209736907236
1731800374.7103815;/app/bags/user95_2017-02-24.bag;0.834065854549408;0.0;0.9619645476341248;0.0;0.7960547501412467;0.9444047902630928;0.055595209736907236
1731800374.910419;/app/bags/user95_2017-02-24.bag;0.834065854549408;0.0;0.9619645476341248;0.0;0.7960547501412467;0.9444047902630928;0.055595209736907236
1731800375.1104887;/app/bags/user95_2017-02-24.bag;0.834065854549408;0.0;0.9619645476341248;0.0;0.7960547501412467;0.9444047902630928;0.055595209736907236
1731800375.310356;/app/bags/user95_2017-02-24.bag;0.834065854549408;0.0;0.9619645476341248;0.0;0.7960547501412467;0.9444047902630928;0.055595209736907236
1731800375.5104365;/app/bags/user95_2017-02-24.bag;0.834065854549408;0.0;0.9619645476341248;0.0;0.7960547501412467;0.9444047902630928;0.055595209736907236
1731800375.7103896;/app/bags/user95_2017-02-24.bag;0.834065854549408;0.0;0.9619645476341248;0.0;0.7960547501412467;0.9444047902630928;0.055595209736907236
1731800375.910423;/app/bags/user95_2017-02-24.bag;0.834065854549408;0.0;0.9619645476341248;0.0;0.7960547501412467;0.9444047902630928;0.055595209736907236
1731800376.1104307;/app/bags/user95_2017-02-24.bag;0.834065854549408;0.0;0.9619645476341248;0.0;0.7960547501412467;0.9444047902630928;0.055595209736907236
1731800376.3103685;/app/bags/user95_2017-02-24.bag;0.834065854549408;0.0;0.9619645476341248;0.0;0.7960547501412467;0.9444047902630928;0.055595209736907236
1731800376.5104423;/app/bags/user95_2017-02-24.bag;0.834065854549408;0.0;0.9619645476341248;0.0;0.7960547501412467;0.9444047902630928;0.055595209736907236
1731800376.7104232;/app/bags/user95_2017-02-24.bag;0.834065854549408;0.0;0.9619645476341248;0.0;0.7960547501412467;0.9444047902630928;0.055595209736907236
1731800376.910387;/app/bags/user95_2017-02-24.bag;0.834065854549408;0.0;0.9619645476341248;0.0;0.7960547501412467;0.9444047902630928;0.055595209736907236
1731800377.110382;/app/bags/user95_2017-02-24.bag;0.834065854549408;0.0;0.9619645476341248;0.0;0.7960547501412467;0.9444047902630928;0.055595209736907236
1731800377.310435;/app/bags/user95_2017-02-24.bag;0.834065854549408;0.0;0.9619645476341248;0.0;0.7960547501412467;0.9444047902630928;0.055595209736907236
1731800377.5104008;/app/bags/user95_2017-02-24.bag;0.834065854549408;0.0;0.9619645476341248;0.0;0.7960547501412467;0.9444047902630928;0.055595209736907236
1731800377.7103944;/app/bags/user95_2017-02-24.bag;0.834065854549408;0.0;0.9619645476341248;0.0;0.7960547501412467;0.9444047902630928;0.055595209736907236
1731800377.9103785;/app/bags/user95_2017-02-24.bag;0.834065854549408;0.0;0.9619645476341248;0.0;0.7960547501412467;0.9444047902630928;0.055595209736907236
1731800378.110487;/app/bags/user95_2017-02-24.bag;0.834065854549408;0.0;0.9619645476341248;0.0;0.7960547501412467;0.9444047902630928;0.055595209736907236
1731800378.3103926;/app/bags/user95_2017-02-24.bag;0.834065854549408;0.0;0.9619645476341248;0.0;0.7960547501412467;0.9444047902630928;0.055595209736907236
1731800378.5104458;/app/bags/user95_2017-02-24.bag;0.834065854549408;0.0;0.9619645476341248;0.0;0.7960547501412467;0.9444047902630928;0.055595209736907236
1731800378.7104602;/app/bags/user95_2017-02-24.bag;0.834065854549408;0.0;0.9619645476341248;0.0;0.7960547501412467;0.9444047902630928;0.055595209736907236
1731800378.9104114;/app/bags/user95_2017-02-24.bag;0.834065854549408;0.0;0.9619645476341248;0.0;0.7960547501412467;0.9444047902630928;0.055595209736907236
1731800379.1103926;/app/bags/user95_2017-02-24.bag;0.834065854549408;0.0;0.9619645476341248;0.0;0.7960547501412467;0.9444047902630928;0.055595209736907236
1731800379.310417;/app/bags/user95_2017-02-24.bag;0.834065854549408;0.0;0.9619645476341248;0.0;0.7960547501412467;0.9444047902630928;0.055595209736907236
1731800379.5103872;/app/bags/user95_2017-02-24.bag;0.834065854549408;0.0;0.9619645476341248;0.0;0.7960547501412467;0.9444047902630928;0.055595209736907236
1731800379.7104244;/app/bags/user95_2017-02-24.bag;0.834065854549408;0.0;0.9619645476341248;0.0;0.7960547501412467;0.9444047902630928;0.055595209736907236
1731800379.91039;/app/bags/user95_2017-02-24.bag;0.834065854549408;0.0;0.9619645476341248;0.0;0.7960547501412467;0.9444047902630928;0.055595209736907236
1731800380.1104069;/app/bags/user95_2017-02-24.bag;0.834065854549408;0.0;0.9619645476341248;0.0;0.7960547501412467;0.9444047902630928;0.055595209736907236
1731800380.310407;/app/bags/user95_2017-02-24.bag;0.834065854549408;0.0;0.9619645476341248;0.0;0.7960547501412467;0.9444047902630928;0.055595209736907236
1731800380.5104291;/app/bags/user95_2017-02-24.bag;0.834065854549408;0.0;0.9619645476341248;0.0;0.7960547501412467;0.9444047902630928;0.055595209736907236
1731800380.710376;/app/bags/user95_2017-02-24.bag;0.834065854549408;0.0;0.9619645476341248;0.0;0.7960547501412467;0.9444047902630928;0.055595209736907236
1731800380.9104092;/app/bags/user95_2017-02-24.bag;0.834065854549408;0.0;0.9619645476341248;0.0;0.7960547501412467;0.9444047902630928;0.055595209736907236
1731800381.1104093;/app/bags/user95_2017-02-24.bag;0.834065854549408;0.0;0.9619645476341248;0.0;0.7960547501412467;0.9444047902630928;0.055595209736907236
1731800381.3103874;/app/bags/user95_2017-02-24.bag;0.834065854549408;0.0;0.9619645476341248;0.0;0.7960547501412467;0.9444047902630928;0.055595209736907236
1731800381.5103438;/app/bags/user95_2017-02-24.bag;0.834065854549408;0.0;0.9619645476341248;0.0;0.7960547501412467;0.9444047902630928;0.055595209736907236
1731800381.7104232;/app/bags/user95_2017-02-24.bag;0.834065854549408;0.0;0.9619645476341248;0.0;0.7960547501412467;0.9444047902630928;0.055595209736907236
1731800381.9104054;/app/bags/user95_2017-02-24.bag;0.834065854549408;0.0;0.9619645476341248;0.0;0.7960547501412467;0.9444047902630928;0.055595209736907236
1731800382.1104262;/app/bags/user95_2017-02-24.bag;0.834065854549408;0.0;0.9619645476341248;0.0;0.7960547501412467;0.9444047902630928;0.055595209736907236
1731800382.31041;/app/bags/user95_2017-02-24.bag;0.834065854549408;0.0;0.9619645476341248;0.0;0.7960547501412467;0.9444047902630928;0.055595209736907236
1731800382.5104034;/app/bags/user95_2017-02-24.bag;0.834065854549408;0.0;0.9619645476341248;0.0;0.7960547501412467;0.9444047902630928;0.055595209736907236
1731800382.7104237;/app/bags/user95_2017-02-24.bag;0.834065854549408;0.0;0.9619645476341248;0.0;0.7960547501412467;0.9444047902630928;0.055595209736907236
1731800382.9103851;/app/bags/user95_2017-02-24.bag;0.834065854549408;0.0;0.9619645476341248;0.0;0.7960547501412467;0.9444047902630928;0.055595209736907236
1731800383.1104288;/app/bags/user95_2017-02-24.bag;0.834065854549408;0.0;0.9619645476341248;0.0;0.7960547501412467;0.9444047902630928;0.055595209736907236
1731800383.3104565;/app/bags/user95_2017-02-24.bag;0.834065854549408;0.0;0.9619645476341248;0.0;0.7960547501412467;0.9444047902630928;0.055595209736907236
1731800383.5104454;/app/bags/user95_2017-02-24.bag;0.834065854549408;0.0;0.9619645476341248;0.0;0.7960547501412467;0.9444047902630928;0.055595209736907236
1731800383.710377;/app/bags/user95_2017-02-24.bag;0.834065854549408;0.0;0.9619645476341248;0.0;0.7960547501412467;0.9444047902630928;0.055595209736907236
1731800383.9104505;/app/bags/user95_2017-02-24.bag;0.834065854549408;0.0;0.9619645476341248;0.0;0.7960547501412467;0.9444047902630928;0.055595209736907236
1731800384.1104558;/app/bags/user95_2017-02-24.bag;0.834065854549408;0.0;0.9619645476341248;0.0;0.7960547501412467;0.9444047902630928;0.055595209736907236
1731800384.3103747;/app/bags/user95_2017-02-24.bag;0.834065854549408;0.0;0.9619645476341248;0.0;0.7960547501412467;0.9444047902630928;0.055595209736907236
1731800384.510368;/app/bags/user95_2017-02-24.bag;0.834065854549408;0.0;0.9619645476341248;0.0;0.7960547501412467;0.9444047902630928;0.055595209736907236
1731800384.7103925;/app/bags/user95_2017-02-24.bag;0.834065854549408;0.0;0.9619645476341248;0.0;0.7960547501412467;0.9444047902630928;0.055595209736907236
1731800384.910391;/app/bags/user95_2017-02-24.bag;0.834065854549408;0.0;0.9619645476341248;0.0;0.7960547501412467;0.9444047902630928;0.055595209736907236
1731800385.1104782;/app/bags/user95_2017-02-24.bag;0.834065854549408;0.0;0.9619645476341248;0.0;0.7960547501412467;0.9444047902630928;0.055595209736907236
1731800385.310342;/app/bags/user95_2017-02-24.bag;0.834065854549408;0.0;0.9619645476341248;0.0;0.7960547501412467;0.9444047902630928;0.055595209736907236
1731800385.5103683;/app/bags/user95_2017-02-24.bag;0.834065854549408;0.0;0.9619645476341248;0.0;0.7960547501412467;0.9444047902630928;0.055595209736907236
1731800385.7104788;/app/bags/user95_2017-02-24.bag;0.834065854549408;0.0;0.9619645476341248;0.0;0.7960547501412467;0.9444047902630928;0.055595209736907236
1731800385.910378;/app/bags/user95_2017-02-24.bag;0.834065854549408;0.0;0.9619645476341248;0.0;0.7960547501412467;0.9444047902630928;0.055595209736907236
1731800386.1104033;/app/bags/user95_2017-02-24.bag;0.834065854549408;0.0;0.9619645476341248;0.0;0.7960547501412467;0.9444047902630928;0.055595209736907236
1731800386.310377;/app/bags/user95_2017-02-24.bag;0.834065854549408;0.0;0.9619645476341248;0.0;0.7960547501412467;0.9444047902630928;0.055595209736907236
1731800386.510403;/app/bags/user95_2017-02-24.bag;0.834065854549408;0.0;0.9619645476341248;0.0;0.7960547501412467;0.9444047902630928;0.055595209736907236
1731800386.710381;/app/bags/user95_2017-02-24.bag;0.834065854549408;0.0;0.9619645476341248;0.0;0.7960547501412467;0.9444047902630928;0.055595209736907236
1731800386.9104016;/app/bags/user95_2017-02-24.bag;0.834065854549408;0.0;0.9619645476341248;0.0;0.7960547501412467;0.9444047902630928;0.055595209736907236
1731800387.1104107;/app/bags/user95_2017-02-24.bag;0.834065854549408;0.0;0.9619645476341248;0.0;0.7960547501412467;0.9444047902630928;0.055595209736907236
1731800387.3103902;/app/bags/user95_2017-02-24.bag;0.834065854549408;0.0;0.9619645476341248;0.0;0.7960547501412467;0.9444047902630928;0.055595209736907236
1731800387.5104475;/app/bags/user95_2017-02-24.bag;0.834065854549408;0.0;0.9619645476341248;0.0;0.7960547501412467;0.9444047902630928;0.055595209736907236
1731800387.710472;/app/bags/user95_2017-02-24.bag;0.834065854549408;0.0;0.9619645476341248;0.0;0.7960547501412467;0.9444047902630928;0.055595209736907236
1731800387.9104192;/app/bags/user95_2017-02-24.bag;0.834065854549408;0.0;0.9619645476341248;0.0;0.7960547501412467;0.9444047902630928;0.055595209736907236
1731800388.1103923;/app/bags/user95_2017-02-24.bag;0.834065854549408;0.0;0.9619645476341248;0.0;0.7960547501412467;0.9444047902630928;0.055595209736907236
1731800388.3104162;/app/bags/user95_2017-02-24.bag;0.834065854549408;0.0;0.9619645476341248;0.0;0.7960547501412467;0.9444047902630928;0.055595209736907236
1731800388.5104494;/app/bags/user95_2017-02-24.bag;0.834065854549408;0.0;0.9619645476341248;0.0;0.7960547501412467;0.9444047902630928;0.055595209736907236
1731800388.7103558;/app/bags/user95_2017-02-24.bag;0.834065854549408;0.0;0.9619645476341248;0.0;0.7960547501412467;0.9444047902630928;0.055595209736907236
1731800388.9104342;/app/bags/user95_2017-02-24.bag;0.834065854549408;0.0;0.9619645476341248;0.0;0.7960547501412467;0.9444047902630928;0.055595209736907236
1731800389.1104357;/app/bags/user95_2017-02-24.bag;0.834065854549408;0.0;0.9619645476341248;0.0;0.7960547501412467;0.9444047902630928;0.055595209736907236
1731800389.3104036;/app/bags/user95_2017-02-24.bag;0.834065854549408;0.0;0.9619645476341248;0.0;0.7960547501412467;0.9444047902630928;0.055595209736907236
1731800389.5103767;/app/bags/user95_2017-02-24.bag;0.834065854549408;0.0;0.9619645476341248;0.0;0.7960547501412467;0.9444047902630928;0.055595209736907236
1731800389.7103844;/app/bags/user95_2017-02-24.bag;0.834065854549408;0.0;0.9619645476341248;0.0;0.7960547501412467;0.9444047902630928;0.055595209736907236
1731800389.910368;/app/bags/user95_2017-02-24.bag;0.834065854549408;0.0;0.9619645476341248;0.0;0.7960547501412467;0.9444047902630928;0.055595209736907236
1731800390.110393;/app/bags/user95_2017-02-24.bag;0.834065854549408;0.0;0.9619645476341248;0.0;0.7960547501412467;0.9444047902630928;0.055595209736907236
1731800390.3103604;/app/bags/user95_2017-02-24.bag;0.834065854549408;0.0;0.9619645476341248;0.0;0.7960547501412467;0.9444047902630928;0.055595209736907236
1731800390.5104396;/app/bags/user95_2017-02-24.bag;0.834065854549408;0.0;0.9619645476341248;0.0;0.7960547501412467;0.9444047902630928;0.055595209736907236
1731800390.7103848;/app/bags/user95_2017-02-24.bag;0.834065854549408;0.0;0.9619645476341248;0.0;0.7960547501412467;0.9444047902630928;0.055595209736907236
1731800390.9104347;/app/bags/user95_2017-02-24.bag;0.834065854549408;0.0;0.9619645476341248;0.0;0.7960547501412467;0.9444047902630928;0.055595209736907236
1731800391.1104095;/app/bags/user95_2017-02-24.bag;0.834065854549408;0.0;0.9619645476341248;0.0;0.7960547501412467;0.9444047902630928;0.055595209736907236
1731800391.3103802;/app/bags/user95_2017-02-24.bag;0.834065854549408;0.0;0.9619645476341248;0.0;0.7960547501412467;0.9444047902630928;0.055595209736907236
1731800391.510431;/app/bags/user95_2017-02-24.bag;0.834065854549408;0.0;0.9619645476341248;0.0;0.7960547501412467;0.9444047902630928;0.055595209736907236
1731800391.7105653;/app/bags/user95_2017-02-24.bag;0.834065854549408;0.0;0.9619645476341248;0.0;0.7960547501412467;0.9444047902630928;0.055595209736907236
1731800391.9104156;/app/bags/user95_2017-02-24.bag;0.834065854549408;0.0;0.9619645476341248;0.0;0.7960547501412467;0.9444047902630928;0.055595209736907236
1731800392.1104085;/app/bags/user95_2017-02-24.bag;0.834065854549408;0.0;0.9619645476341248;0.0;0.7960547501412467;0.9444047902630928;0.055595209736907236
1731800392.3104024;/app/bags/user95_2017-02-24.bag;0.834065854549408;0.0;0.9619645476341248;0.0;0.7960547501412467;0.9444047902630928;0.055595209736907236
1731800392.5103729;/app/bags/user95_2017-02-24.bag;0.834065854549408;0.0;0.9619645476341248;0.0;0.7960547501412467;0.9444047902630928;0.055595209736907236
1731800392.7103896;/app/bags/user95_2017-02-24.bag;0.834065854549408;0.0;0.9619645476341248;0.0;0.7960547501412467;0.9444047902630928;0.055595209736907236
1731800392.910381;/app/bags/user95_2017-02-24.bag;0.834065854549408;0.0;0.9619645476341248;0.0;0.7960547501412467;0.9444047902630928;0.055595209736907236
1731800393.110396;/app/bags/user95_2017-02-24.bag;0.834065854549408;0.0;0.9619645476341248;0.0;0.7960547501412467;0.9444047902630928;0.055595209736907236
1731800393.3103993;/app/bags/user95_2017-02-24.bag;0.834065854549408;0.0;0.9619645476341248;0.0;0.7960547501412467;0.9444047902630928;0.055595209736907236
1731800393.5104153;/app/bags/user95_2017-02-24.bag;0.834065854549408;0.0;0.9619645476341248;0.0;0.7960547501412467;0.9444047902630928;0.055595209736907236
1731800393.7103922;/app/bags/user95_2017-02-24.bag;0.834065854549408;0.0;0.9619645476341248;0.0;0.7960547501412467;0.9444047902630928;0.055595209736907236
1731800393.9103928;/app/bags/user95_2017-02-24.bag;0.834065854549408;0.0;0.9619645476341248;0.0;0.7960547501412467;0.9444047902630928;0.055595209736907236
1731800394.110383;/app/bags/user95_2017-02-24.bag;0.834065854549408;0.0;0.9619645476341248;0.0;0.7960547501412467;0.9444047902630928;0.055595209736907236
1731800394.3104067;/app/bags/user95_2017-02-24.bag;0.834065854549408;0.0;0.9619645476341248;0.0;0.7960547501412467;0.9444047902630928;0.055595209736907236
1731800394.5104203;/app/bags/user95_2017-02-24.bag;0.834065854549408;0.0;0.9619645476341248;0.0;0.7960547501412467;0.9444047902630928;0.055595209736907236
1731800394.7104301;/app/bags/user95_2017-02-24.bag;0.834065854549408;0.0;0.9619645476341248;0.0;0.7960547501412467;0.9444047902630928;0.055595209736907236
1731800394.9103963;/app/bags/user95_2017-02-24.bag;0.834065854549408;0.0;0.9619645476341248;0.0;0.7960547501412467;0.9444047902630928;0.055595209736907236
1731800395.1104195;/app/bags/user95_2017-02-24.bag;0.834065854549408;0.0;0.9619645476341248;0.0;0.7960547501412467;0.9444047902630928;0.055595209736907236
1731800395.3104153;/app/bags/user95_2017-02-24.bag;0.834065854549408;0.0;0.9619645476341248;0.0;0.7960547501412467;0.9444047902630928;0.055595209736907236
1731800395.5103986;/app/bags/user95_2017-02-24.bag;0.834065854549408;0.0;0.9619645476341248;0.0;0.7960547501412467;0.9444047902630928;0.055595209736907236
1731800395.7103736;/app/bags/user95_2017-02-24.bag;0.834065854549408;0.0;0.9619645476341248;0.0;0.7960547501412467;0.9444047902630928;0.055595209736907236
1731800395.9104552;/app/bags/user95_2017-02-24.bag;0.834065854549408;0.0;0.9619645476341248;0.0;0.7960547501412467;0.9444047902630928;0.055595209736907236
1731800396.1105425;/app/bags/user95_2017-02-24.bag;0.834065854549408;0.0;0.9619645476341248;0.0;0.7960547501412467;0.9444047902630928;0.055595209736907236
1731800396.3104384;/app/bags/user95_2017-02-24.bag;0.834065854549408;0.0;0.9619645476341248;0.0;0.7960547501412467;0.9444047902630928;0.055595209736907236
1731800396.5104253;/app/bags/user95_2017-02-24.bag;0.834065854549408;0.0;0.9619645476341248;0.0;0.7960547501412467;0.9444047902630928;0.055595209736907236
1731800396.7103975;/app/bags/user95_2017-02-24.bag;0.834065854549408;0.0;0.9619645476341248;0.0;0.7960547501412467;0.9444047902630928;0.055595209736907236
1731800396.9103928;/app/bags/user95_2017-02-24.bag;0.834065854549408;0.0;0.9619645476341248;0.0;0.7960547501412467;0.9444047902630928;0.055595209736907236
1731800397.1103785;/app/bags/user95_2017-02-24.bag;0.834065854549408;0.0;0.9619645476341248;0.0;0.7960547501412467;0.9444047902630928;0.055595209736907236
1731800397.3104033;/app/bags/user95_2017-02-24.bag;0.834065854549408;0.0;0.9619645476341248;0.0;0.7960547501412467;0.9444047902630928;0.055595209736907236
1731800397.5104115;/app/bags/user95_2017-02-24.bag;0.834065854549408;0.0;0.9619645476341248;0.0;0.7960547501412467;0.9444047902630928;0.055595209736907236
1731800397.710471;/app/bags/user95_2017-02-24.bag;0.834065854549408;0.0;0.9619645476341248;0.0;0.7960547501412467;0.9444047902630928;0.055595209736907236
1731800397.9105055;/app/bags/user95_2017-02-24.bag;0.834065854549408;0.0;0.9619645476341248;0.0;0.7960547501412467;0.9444047902630928;0.055595209736907236
1731800398.1105063;/app/bags/user95_2017-02-24.bag;0.834065854549408;0.0;0.9619645476341248;0.0;0.7960547501412467;0.9444047902630928;0.055595209736907236
1731800398.3104744;/app/bags/user95_2017-02-24.bag;0.834065854549408;0.0;0.9619645476341248;0.0;0.7960547501412467;0.9444047902630928;0.055595209736907236
1731800398.5104015;/app/bags/user95_2017-02-24.bag;0.834065854549408;0.0;0.9619645476341248;0.0;0.7960547501412467;0.9444047902630928;0.055595209736907236
1731800398.7103992;/app/bags/user95_2017-02-24.bag;0.834065854549408;0.0;0.9619645476341248;0.0;0.7960547501412467;0.9444047902630928;0.055595209736907236
1731800398.910379;/app/bags/user95_2017-02-24.bag;0.834065854549408;0.0;0.9619645476341248;0.0;0.7960547501412467;0.9444047902630928;0.055595209736907236
1731800399.110437;/app/bags/user95_2017-02-24.bag;0.834065854549408;0.0;0.9619645476341248;0.0;0.7960547501412467;0.9444047902630928;0.055595209736907236
1731800399.3103886;/app/bags/user95_2017-02-24.bag;0.834065854549408;0.0;0.9619645476341248;0.0;0.7960547501412467;0.9444047902630928;0.055595209736907236
1731800399.5103838;/app/bags/user95_2017-02-24.bag;0.834065854549408;0.0;0.9619645476341248;0.0;0.7960547501412467;0.9444047902630928;0.055595209736907236
1731800399.7103555;/app/bags/user95_2017-02-24.bag;0.834065854549408;0.0;0.9619645476341248;0.0;0.7960547501412467;0.9444047902630928;0.055595209736907236
1731800399.9104574;/app/bags/user95_2017-02-24.bag;0.834065854549408;0.0;0.9619645476341248;0.0;0.7960547501412467;0.9444047902630928;0.055595209736907236
1731800400.1104338;/app/bags/user95_2017-02-24.bag;0.834065854549408;0.0;0.9619645476341248;0.0;0.7960547501412467;0.9444047902630928;0.055595209736907236
1731800400.310408;/app/bags/user95_2017-02-24.bag;0.834065854549408;0.0;0.9619645476341248;0.0;0.7960547501412467;0.9444047902630928;0.055595209736907236
1731800400.5103722;/app/bags/user95_2017-02-24.bag;0.834065854549408;0.0;0.9619645476341248;0.0;0.7960547501412467;0.9444047902630928;0.055595209736907236
1731800400.7103822;/app/bags/user95_2017-02-24.bag;0.834065854549408;0.0;0.9619645476341248;0.0;0.7960547501412467;0.9444047902630928;0.055595209736907236
1731800400.910382;/app/bags/user95_2017-02-24.bag;0.834065854549408;0.0;0.9619645476341248;0.0;0.7960547501412467;0.9444047902630928;0.055595209736907236
1731800401.110421;/app/bags/user95_2017-02-24.bag;0.834065854549408;0.0;0.9619645476341248;0.0;0.7960547501412467;0.9444047902630928;0.055595209736907236
1731800401.3103883;/app/bags/user95_2017-02-24.bag;0.834065854549408;0.0;0.9619645476341248;0.0;0.7960547501412467;0.9444047902630928;0.055595209736907236
1731800401.510474;/app/bags/user95_2017-02-24.bag;0.834065854549408;0.0;0.9619645476341248;0.0;0.7960547501412467;0.9444047902630928;0.055595209736907236
1731800401.7104347;/app/bags/user95_2017-02-24.bag;0.834065854549408;0.0;0.9619645476341248;0.0;0.7960547501412467;0.9444047902630928;0.055595209736907236
1731800401.9103723;/app/bags/user95_2017-02-24.bag;0.834065854549408;0.0;0.9619645476341248;0.0;0.7960547501412467;0.9444047902630928;0.055595209736907236
1731800402.11035;/app/bags/user95_2017-02-24.bag;0.834065854549408;0.0;0.9619645476341248;0.0;0.7960547501412467;0.9444047902630928;0.055595209736907236
1731800402.3103945;/app/bags/user95_2017-02-24.bag;0.834065854549408;0.0;0.9619645476341248;0.0;0.7960547501412467;0.9444047902630928;0.055595209736907236
1731800402.5103984;/app/bags/user95_2017-02-24.bag;0.834065854549408;0.0;0.9619645476341248;0.0;0.7960547501412467;0.9444047902630928;0.055595209736907236
1731800402.710368;/app/bags/user95_2017-02-24.bag;0.834065854549408;0.0;0.9619645476341248;0.0;0.7960547501412467;0.9444047902630928;0.055595209736907236
1731800402.910375;/app/bags/user95_2017-02-24.bag;0.834065854549408;0.0;0.9619645476341248;0.0;0.7960547501412467;0.9444047902630928;0.055595209736907236
1731800403.1103783;/app/bags/user95_2017-02-24.bag;0.834065854549408;0.0;0.9619645476341248;0.0;0.7960547501412467;0.9444047902630928;0.055595209736907236
1731800403.3104136;/app/bags/user95_2017-02-24.bag;0.834065854549408;0.0;0.9619645476341248;0.0;0.7960547501412467;0.9444047902630928;0.055595209736907236
1731800403.5103695;/app/bags/user95_2017-02-24.bag;0.834065854549408;0.0;0.9619645476341248;0.0;0.7960547501412467;0.9444047902630928;0.055595209736907236
1731800403.710386;/app/bags/user95_2017-02-24.bag;0.834065854549408;0.0;0.9619645476341248;0.0;0.7960547501412467;0.9444047902630928;0.055595209736907236
1731800403.9103642;/app/bags/user95_2017-02-24.bag;0.834065854549408;0.0;0.9619645476341248;0.0;0.7960547501412467;0.9444047902630928;0.055595209736907236
1731800404.1104193;/app/bags/user95_2017-02-24.bag;0.834065854549408;0.0;0.9619645476341248;0.0;0.7960547501412467;0.9444047902630928;0.055595209736907236
1731800404.3104315;/app/bags/user95_2017-02-24.bag;0.834065854549408;0.0;0.9619645476341248;0.0;0.7960547501412467;0.9444047902630928;0.055595209736907236
1731800404.5104222;/app/bags/user95_2017-02-24.bag;0.834065854549408;0.0;0.9619645476341248;0.0;0.7960547501412467;0.9444047902630928;0.055595209736907236
1731800404.7103777;/app/bags/user95_2017-02-24.bag;0.834065854549408;0.0;0.9619645476341248;0.0;0.7960547501412467;0.9444047902630928;0.055595209736907236
1731800404.9104054;/app/bags/user95_2017-02-24.bag;0.834065854549408;0.0;0.9619645476341248;0.0;0.7960547501412467;0.9444047902630928;0.055595209736907236
1731800405.110378;/app/bags/user95_2017-02-24.bag;0.834065854549408;0.0;0.9619645476341248;0.0;0.7960547501412467;0.9444047902630928;0.055595209736907236
1731800405.3103855;/app/bags/user95_2017-02-24.bag;0.834065854549408;0.0;0.9619645476341248;0.0;0.7960547501412467;0.9444047902630928;0.055595209736907236
1731800405.5104241;/app/bags/user95_2017-02-24.bag;0.834065854549408;0.0;0.9619645476341248;0.0;0.7960547501412467;0.9444047902630928;0.055595209736907236
1731800405.7104502;/app/bags/user95_2017-02-24.bag;0.834065854549408;0.0;0.9619645476341248;0.0;0.7960547501412467;0.9444047902630928;0.055595209736907236
1731800405.9105015;/app/bags/user95_2017-02-24.bag;0.834065854549408;0.0;0.9619645476341248;0.0;0.7960547501412467;0.9444047902630928;0.055595209736907236
1731800406.1104207;/app/bags/user95_2017-02-24.bag;0.834065854549408;0.0;0.9619645476341248;0.0;0.7960547501412467;0.9444047902630928;0.055595209736907236
1731800406.310433;/app/bags/user95_2017-02-24.bag;0.834065854549408;0.0;0.9619645476341248;0.0;0.7960547501412467;0.9444047902630928;0.055595209736907236
1731800406.5104108;/app/bags/user95_2017-02-24.bag;0.834065854549408;0.0;0.9619645476341248;0.0;0.7960547501412467;0.9444047902630928;0.055595209736907236
1731800406.7103896;/app/bags/user95_2017-02-24.bag;0.834065854549408;0.0;0.9619645476341248;0.0;0.7960547501412467;0.9444047902630928;0.055595209736907236
1731800406.9104187;/app/bags/user95_2017-02-24.bag;0.834065854549408;0.0;0.9619645476341248;0.0;0.7960547501412467;0.9444047902630928;0.055595209736907236
1731800407.1103997;/app/bags/user95_2017-02-24.bag;0.834065854549408;0.0;0.9619645476341248;0.0;0.7960547501412467;0.9444047902630928;0.055595209736907236
1731800407.3104508;/app/bags/user95_2017-02-24.bag;0.834065854549408;0.0;0.9619645476341248;0.0;0.7960547501412467;0.9444047902630928;0.055595209736907236
1731800407.510483;/app/bags/user95_2017-02-24.bag;0.834065854549408;0.0;0.9619645476341248;0.0;0.7960547501412467;0.9444047902630928;0.055595209736907236
1731800407.7103927;/app/bags/user95_2017-02-24.bag;0.834065854549408;0.0;0.9619645476341248;0.0;0.7960547501412467;0.9444047902630928;0.055595209736907236
1731800407.9104085;/app/bags/user95_2017-02-24.bag;0.834065854549408;0.0;0.9619645476341248;0.0;0.7960547501412467;0.9444047902630928;0.055595209736907236
1731800408.1104743;/app/bags/user95_2017-02-24.bag;0.834065854549408;0.0;0.9619645476341248;0.0;0.7960547501412467;0.9444047902630928;0.055595209736907236
1731800408.3103786;/app/bags/user95_2017-02-24.bag;0.834065854549408;0.0;0.9619645476341248;0.0;0.7960547501412467;0.9444047902630928;0.055595209736907236
1731800408.510357;/app/bags/user95_2017-02-24.bag;0.834065854549408;0.0;0.9619645476341248;0.0;0.7960547501412467;0.9444047902630928;0.055595209736907236
1731800408.7104287;/app/bags/user95_2017-02-24.bag;0.834065854549408;0.0;0.9619645476341248;0.0;0.7960547501412467;0.9444047902630928;0.055595209736907236
1731800408.9103713;/app/bags/user95_2017-02-24.bag;0.834065854549408;0.0;0.9619645476341248;0.0;0.7960547501412467;0.9444047902630928;0.055595209736907236
1731800409.1103883;/app/bags/user95_2017-02-24.bag;0.834065854549408;0.0;0.9619645476341248;0.0;0.7960547501412467;0.9444047902630928;0.055595209736907236
1731800409.3104002;/app/bags/user95_2017-02-24.bag;0.834065854549408;0.0;0.9619645476341248;0.0;0.7960547501412467;0.9444047902630928;0.055595209736907236
1731800409.5110016;/app/bags/user95_2017-02-24.bag;0.834065854549408;0.0;0.9619645476341248;0.0;0.7960547501412467;0.9444047902630928;0.055595209736907236
1731800409.710224;/app/bags/user95_2017-02-24.bag;0.834065854549408;0.0;0.9619645476341248;0.0;0.7960547501412467;0.9444047902630928;0.055595209736907236
1731800409.9103897;/app/bags/user95_2017-02-24.bag;0.834065854549408;0.0;0.9619645476341248;0.0;0.7960547501412467;0.9444047902630928;0.055595209736907236
1731800410.110434;/app/bags/user95_2017-02-24.bag;0.834065854549408;0.0;0.9619645476341248;0.0;0.7960547501412467;0.9444047902630928;0.055595209736907236
1731800410.3103943;/app/bags/user95_2017-02-24.bag;0.834065854549408;0.0;0.9619645476341248;0.0;0.7960547501412467;0.9444047902630928;0.055595209736907236
1731800410.510441;/app/bags/user95_2017-02-24.bag;0.834065854549408;0.0;0.9619645476341248;0.0;0.7960547501412467;0.9444047902630928;0.055595209736907236
1731800410.7103896;/app/bags/user95_2017-02-24.bag;0.834065854549408;0.0;0.9619645476341248;0.0;0.7960547501412467;0.9444047902630928;0.055595209736907236
1731800410.910407;/app/bags/user95_2017-02-24.bag;0.834065854549408;0.0;0.9619645476341248;0.0;0.7960547501412467;0.9444047902630928;0.055595209736907236
1731800411.1103446;/app/bags/user95_2017-02-24.bag;0.834065854549408;0.0;0.9619645476341248;0.0;0.7960547501412467;0.9444047902630928;0.055595209736907236
1731800411.3104103;/app/bags/user95_2017-02-24.bag;0.834065854549408;0.0;0.9619645476341248;0.0;0.7960547501412467;0.9444047902630928;0.055595209736907236
1731800411.5104206;/app/bags/user95_2017-02-24.bag;0.834065854549408;0.0;0.9619645476341248;0.0;0.7960547501412467;0.9444047902630928;0.055595209736907236
1731800411.7104547;/app/bags/user95_2017-02-24.bag;0.834065854549408;0.0;0.9619645476341248;0.0;0.7960547501412467;0.9444047902630928;0.055595209736907236
1731800411.9103906;/app/bags/user95_2017-02-24.bag;0.834065854549408;0.0;0.9619645476341248;0.0;0.7960547501412467;0.9444047902630928;0.055595209736907236
1731800412.1104395;/app/bags/user95_2017-02-24.bag;0.834065854549408;0.0;0.9619645476341248;0.0;0.7960547501412467;0.9444047902630928;0.055595209736907236
1731800412.3103971;/app/bags/user95_2017-02-24.bag;0.834065854549408;0.0;0.9619645476341248;0.0;0.7960547501412467;0.9444047902630928;0.055595209736907236
1731800412.5104015;/app/bags/user95_2017-02-24.bag;0.834065854549408;0.0;0.9619645476341248;0.0;0.7960547501412467;0.9444047902630928;0.055595209736907236
1731800412.710418;/app/bags/user95_2017-02-24.bag;0.834065854549408;0.0;0.9619645476341248;0.0;0.7960547501412467;0.9444047902630928;0.055595209736907236
1731800412.9103808;/app/bags/user95_2017-02-24.bag;0.834065854549408;0.0;0.9619645476341248;0.0;0.7960547501412467;0.9444047902630928;0.055595209736907236
1731800413.1105466;/app/bags/user95_2017-02-24.bag;0.834065854549408;0.0;0.9619645476341248;0.0;0.7960547501412467;0.9444047902630928;0.055595209736907236
1731800413.3104308;/app/bags/user95_2017-02-24.bag;0.834065854549408;0.0;0.9619645476341248;0.0;0.7960547501412467;0.9444047902630928;0.055595209736907236
1731800413.510387;/app/bags/user95_2017-02-24.bag;0.834065854549408;0.0;0.9619645476341248;0.0;0.7960547501412467;0.9444047902630928;0.055595209736907236
1731800413.7117271;/app/bags/user95_2017-02-24.bag;0.834065854549408;0.0;0.9619645476341248;0.0;0.7960547501412467;0.9444047902630928;0.055595209736907236
1731800413.9103887;/app/bags/user95_2017-02-24.bag;0.834065854549408;0.0;0.9619645476341248;0.0;0.7960547501412467;0.9444047902630928;0.055595209736907236
1731800414.1105647;/app/bags/user95_2017-02-24.bag;0.834065854549408;0.0;0.9619645476341248;0.0;0.7960547501412467;0.9444047902630928;0.055595209736907236
1731800414.3104572;/app/bags/user95_2017-02-24.bag;0.834065854549408;0.0;0.9619645476341248;0.0;0.7960547501412467;0.9444047902630928;0.055595209736907236
1731800414.5103662;/app/bags/user95_2017-02-24.bag;0.834065854549408;0.0;0.9619645476341248;0.0;0.7960547501412467;0.9444047902630928;0.055595209736907236
1731800414.710389;/app/bags/user95_2017-02-24.bag;0.834065854549408;0.0;0.9619645476341248;0.0;0.7960547501412467;0.9444047902630928;0.055595209736907236
1731800414.9104106;/app/bags/user95_2017-02-24.bag;0.834065854549408;0.0;0.9619645476341248;0.0;0.7960547501412467;0.9444047902630928;0.055595209736907236
1731800415.110435;/app/bags/user95_2017-02-24.bag;0.834065854549408;0.0;0.9619645476341248;0.0;0.7960547501412467;0.9444047902630928;0.055595209736907236
1731800415.310411;/app/bags/user95_2017-02-24.bag;0.834065854549408;0.0;0.9619645476341248;0.0;0.7960547501412467;0.9444047902630928;0.055595209736907236
1731800415.5103989;/app/bags/user95_2017-02-24.bag;0.834065854549408;0.0;0.9619645476341248;0.0;0.7960547501412467;0.9444047902630928;0.055595209736907236
1731800415.7104363;/app/bags/user95_2017-02-24.bag;0.834065854549408;0.0;0.9619645476341248;0.0;0.7960547501412467;0.9444047902630928;0.055595209736907236
1731800415.9103627;/app/bags/user95_2017-02-24.bag;0.834065854549408;0.0;0.9619645476341248;0.0;0.7960547501412467;0.9444047902630928;0.055595209736907236
1731800416.1104193;/app/bags/user95_2017-02-24.bag;0.834065854549408;0.0;0.9619645476341248;0.0;0.7960547501412467;0.9444047902630928;0.055595209736907236
1731800416.3104482;/app/bags/user95_2017-02-24.bag;0.834065854549408;0.0;0.9619645476341248;0.0;0.7960547501412467;0.9444047902630928;0.055595209736907236
1731800416.510386;/app/bags/user95_2017-02-24.bag;0.834065854549408;0.0;0.9619645476341248;0.0;0.7960547501412467;0.9444047902630928;0.055595209736907236
1731800416.7103736;/app/bags/user95_2017-02-24.bag;0.834065854549408;0.0;0.9619645476341248;0.0;0.7960547501412467;0.9444047902630928;0.055595209736907236
1731800416.9104497;/app/bags/user95_2017-02-24.bag;0.834065854549408;0.0;0.9619645476341248;0.0;0.7960547501412467;0.9444047902630928;0.055595209736907236
1731800417.110378;/app/bags/user95_2017-02-24.bag;0.834065854549408;0.0;0.9619645476341248;0.0;0.7960547501412467;0.9444047902630928;0.055595209736907236
1731800417.3104033;/app/bags/user95_2017-02-24.bag;0.834065854549408;0.0;0.9619645476341248;0.0;0.7960547501412467;0.9444047902630928;0.055595209736907236
1731800417.5103831;/app/bags/user95_2017-02-24.bag;0.834065854549408;0.0;0.9619645476341248;0.0;0.7960547501412467;0.9444047902630928;0.055595209736907236
1731800417.710406;/app/bags/user95_2017-02-24.bag;0.834065854549408;0.0;0.9619645476341248;0.0;0.7960547501412467;0.9444047902630928;0.055595209736907236
1731800417.9105084;/app/bags/user95_2017-02-24.bag;0.834065854549408;0.0;0.9619645476341248;0.0;0.7960547501412467;0.9444047902630928;0.055595209736907236
1731800418.1103635;/app/bags/user95_2017-02-24.bag;0.834065854549408;0.0;0.9619645476341248;0.0;0.7960547501412467;0.9444047902630928;0.055595209736907236
1731800418.3103986;/app/bags/user95_2017-02-24.bag;0.834065854549408;0.0;0.9619645476341248;0.0;0.7960547501412467;0.9444047902630928;0.055595209736907236
1731800418.510435;/app/bags/user95_2017-02-24.bag;0.834065854549408;0.0;0.9619645476341248;0.0;0.7960547501412467;0.9444047902630928;0.055595209736907236
1731800418.7104826;/app/bags/user95_2017-02-24.bag;0.834065854549408;0.0;0.9619645476341248;0.0;0.7960547501412467;0.9444047902630928;0.055595209736907236
1731800418.9103808;/app/bags/user95_2017-02-24.bag;0.834065854549408;0.0;0.9619645476341248;0.0;0.7960547501412467;0.9444047902630928;0.055595209736907236
1731800419.110462;/app/bags/user95_2017-02-24.bag;0.834065854549408;0.0;0.9619645476341248;0.0;0.7960547501412467;0.9444047902630928;0.055595209736907236
1731800419.3103793;/app/bags/user95_2017-02-24.bag;0.834065854549408;0.0;0.9619645476341248;0.0;0.7960547501412467;0.9444047902630928;0.055595209736907236
1731800419.5104046;/app/bags/user95_2017-02-24.bag;0.834065854549408;0.0;0.9619645476341248;0.0;0.7960547501412467;0.9444047902630928;0.055595209736907236
1731800419.710401;/app/bags/user95_2017-02-24.bag;0.834065854549408;0.0;0.9619645476341248;0.0;0.7960547501412467;0.9444047902630928;0.055595209736907236
1731800419.9104724;/app/bags/user95_2017-02-24.bag;0.834065854549408;0.0;0.9619645476341248;0.0;0.7960547501412467;0.9444047902630928;0.055595209736907236
1731800420.110401;/app/bags/user95_2017-02-24.bag;0.834065854549408;0.0;0.9619645476341248;0.0;0.7960547501412467;0.9444047902630928;0.055595209736907236
1731800420.3103988;/app/bags/user95_2017-02-24.bag;0.834065854549408;0.0;0.9619645476341248;0.0;0.7960547501412467;0.9444047902630928;0.055595209736907236
1731800420.5104258;/app/bags/user95_2017-02-24.bag;0.834065854549408;0.0;0.9619645476341248;0.0;0.7960547501412467;0.9444047902630928;0.055595209736907236
1731800420.7103815;/app/bags/user95_2017-02-24.bag;0.834065854549408;0.0;0.9619645476341248;0.0;0.7960547501412467;0.9444047902630928;0.055595209736907236
1731800420.9103746;/app/bags/user95_2017-02-24.bag;0.834065854549408;0.0;0.9619645476341248;0.0;0.7960547501412467;0.9444047902630928;0.055595209736907236
1731800421.110432;/app/bags/user95_2017-02-24.bag;0.834065854549408;0.0;0.9619645476341248;0.0;0.7960547501412467;0.9444047902630928;0.055595209736907236
1731800421.310421;/app/bags/user95_2017-02-24.bag;0.834065854549408;0.0;0.9619645476341248;0.0;0.7960547501412467;0.9444047902630928;0.055595209736907236
1731800421.510455;/app/bags/user95_2017-02-24.bag;0.834065854549408;0.0;0.9619645476341248;0.0;0.7960547501412467;0.9444047902630928;0.055595209736907236
1731800421.7103717;/app/bags/user95_2017-02-24.bag;0.834065854549408;0.0;0.9619645476341248;0.0;0.7960547501412467;0.9444047902630928;0.055595209736907236
1731800421.910416;/app/bags/user95_2017-02-24.bag;0.834065854549408;0.0;0.9619645476341248;0.0;0.7960547501412467;0.9444047902630928;0.055595209736907236
1731800422.110433;/app/bags/user95_2017-02-24.bag;0.834065854549408;0.0;0.9619645476341248;0.0;0.7960547501412467;0.9444047902630928;0.055595209736907236
1731800422.3103547;/app/bags/user95_2017-02-24.bag;0.834065854549408;0.0;0.9619645476341248;0.0;0.7960547501412467;0.9444047902630928;0.055595209736907236
1731800422.5103507;/app/bags/user95_2017-02-24.bag;0.834065854549408;0.0;0.9619645476341248;0.0;0.7960547501412467;0.9444047902630928;0.055595209736907236
1731800422.7104073;/app/bags/user95_2017-02-24.bag;0.834065854549408;0.0;0.9619645476341248;0.0;0.7960547501412467;0.9444047902630928;0.055595209736907236
1731800422.9103634;/app/bags/user95_2017-02-24.bag;0.834065854549408;0.0;0.9619645476341248;0.0;0.7960547501412467;0.9444047902630928;0.055595209736907236
1731800423.1103754;/app/bags/user95_2017-02-24.bag;0.834065854549408;0.0;0.9619645476341248;0.0;0.7960547501412467;0.9444047902630928;0.055595209736907236
1731800423.3103364;/app/bags/user95_2017-02-24.bag;0.834065854549408;0.0;0.9619645476341248;0.0;0.7960547501412467;0.9444047902630928;0.055595209736907236
1731800423.5103848;/app/bags/user95_2017-02-24.bag;0.834065854549408;0.0;0.9619645476341248;0.0;0.7960547501412467;0.9444047902630928;0.055595209736907236
1731800423.7104466;/app/bags/user95_2017-02-24.bag;0.834065854549408;0.0;0.9619645476341248;0.0;0.7960547501412467;0.9444047902630928;0.055595209736907236
1731800423.9104435;/app/bags/user95_2017-02-24.bag;0.834065854549408;0.0;0.9619645476341248;0.0;0.7960547501412467;0.9444047902630928;0.055595209736907236
1731800424.1103652;/app/bags/user95_2017-02-24.bag;0.834065854549408;0.0;0.9619645476341248;0.0;0.7960547501412467;0.9444047902630928;0.055595209736907236
1731800424.3105006;/app/bags/user95_2017-02-24.bag;0.834065854549408;0.0;0.9619645476341248;0.0;0.7960547501412467;0.9444047902630928;0.055595209736907236
1731800424.5104003;/app/bags/user95_2017-02-24.bag;0.834065854549408;0.0;0.9619645476341248;0.0;0.7960547501412467;0.9444047902630928;0.055595209736907236
1731800424.7103987;/app/bags/user95_2017-02-24.bag;0.834065854549408;0.0;0.9619645476341248;0.0;0.7960547501412467;0.9444047902630928;0.055595209736907236
1731800424.9103997;/app/bags/user95_2017-02-24.bag;0.834065854549408;0.0;0.9619645476341248;0.0;0.7960547501412467;0.9444047902630928;0.055595209736907236
1731800425.1103806;/app/bags/user95_2017-02-24.bag;0.834065854549408;0.0;0.9619645476341248;0.0;0.7960547501412467;0.9444047902630928;0.055595209736907236
1731800425.310372;/app/bags/user95_2017-02-24.bag;0.834065854549408;0.0;0.9619645476341248;0.0;0.7960547501412467;0.9444047902630928;0.055595209736907236
1731800425.5103595;/app/bags/user95_2017-02-24.bag;0.834065854549408;0.0;0.9619645476341248;0.0;0.7960547501412467;0.9444047902630928;0.055595209736907236
1731800425.7103946;/app/bags/user95_2017-02-24.bag;0.834065854549408;0.0;0.9619645476341248;0.0;0.7960547501412467;0.9444047902630928;0.055595209736907236
1731800425.9104111;/app/bags/user95_2017-02-24.bag;0.834065854549408;0.0;0.9619645476341248;0.0;0.7960547501412467;0.9444047902630928;0.055595209736907236
1731800426.1104128;/app/bags/user95_2017-02-24.bag;0.834065854549408;0.0;0.9619645476341248;0.0;0.7960547501412467;0.9444047902630928;0.055595209736907236
1731800426.310398;/app/bags/user95_2017-02-24.bag;0.834065854549408;0.0;0.9619645476341248;0.0;0.7960547501412467;0.9444047902630928;0.055595209736907236
1731800426.5104043;/app/bags/user95_2017-02-24.bag;0.834065854549408;0.0;0.9619645476341248;0.0;0.7960547501412467;0.9444047902630928;0.055595209736907236
1731800426.710381;/app/bags/user95_2017-02-24.bag;0.834065854549408;0.0;0.9619645476341248;0.0;0.7960547501412467;0.9444047902630928;0.055595209736907236
1731800426.910393;/app/bags/user95_2017-02-24.bag;0.834065854549408;0.0;0.9619645476341248;0.0;0.7960547501412467;0.9444047902630928;0.055595209736907236
1731800427.1104486;/app/bags/user95_2017-02-24.bag;0.834065854549408;0.0;0.9619645476341248;0.0;0.7960547501412467;0.9444047902630928;0.055595209736907236
1731800427.3103824;/app/bags/user95_2017-02-24.bag;0.834065854549408;0.0;0.9619645476341248;0.0;0.7960547501412467;0.9444047902630928;0.055595209736907236
1731800427.5104122;/app/bags/user95_2017-02-24.bag;0.834065854549408;0.0;0.9619645476341248;0.0;0.7960547501412467;0.9444047902630928;0.055595209736907236
1731800427.7103968;/app/bags/user95_2017-02-24.bag;0.834065854549408;0.0;0.9619645476341248;0.0;0.7960547501412467;0.9444047902630928;0.055595209736907236
1731800427.9104495;/app/bags/user95_2017-02-24.bag;0.834065854549408;0.0;0.9619645476341248;0.0;0.7960547501412467;0.9444047902630928;0.055595209736907236
1731800428.1104035;/app/bags/user95_2017-02-24.bag;0.834065854549408;0.0;0.9619645476341248;0.0;0.7960547501412467;0.9444047902630928;0.055595209736907236
1731800428.3104274;/app/bags/user95_2017-02-24.bag;0.834065854549408;0.0;0.9619645476341248;0.0;0.7960547501412467;0.9444047902630928;0.055595209736907236
1731800428.5104275;/app/bags/user95_2017-02-24.bag;0.834065854549408;0.0;0.9619645476341248;0.0;0.7960547501412467;0.9444047902630928;0.055595209736907236
1731800428.710479;/app/bags/user95_2017-02-24.bag;0.834065854549408;0.0;0.9619645476341248;0.0;0.7960547501412467;0.9444047902630928;0.055595209736907236
1731800428.9105034;/app/bags/user95_2017-02-24.bag;0.834065854549408;0.0;0.9619645476341248;0.0;0.7960547501412467;0.9444047902630928;0.055595209736907236
1731800429.1105862;/app/bags/user95_2017-02-24.bag;0.834065854549408;0.0;0.9619645476341248;0.0;0.7960547501412467;0.9444047902630928;0.055595209736907236
1731800429.3104396;/app/bags/user95_2017-02-24.bag;0.834065854549408;0.0;0.9619645476341248;0.0;0.7960547501412467;0.9444047902630928;0.055595209736907236
1731800429.510459;/app/bags/user95_2017-02-24.bag;0.834065854549408;0.0;0.9619645476341248;0.0;0.7960547501412467;0.9444047902630928;0.055595209736907236
1731800429.7104425;/app/bags/user95_2017-02-24.bag;0.834065854549408;0.0;0.9619645476341248;0.0;0.7960547501412467;0.9444047902630928;0.055595209736907236
1731800429.9103837;/app/bags/user95_2017-02-24.bag;0.834065854549408;0.0;0.9619645476341248;0.0;0.7960547501412467;0.9444047902630928;0.055595209736907236
1731800430.1104357;/app/bags/user95_2017-02-24.bag;0.834065854549408;0.0;0.9619645476341248;0.0;0.7960547501412467;0.9444047902630928;0.055595209736907236
1731800430.3103626;/app/bags/user95_2017-02-24.bag;0.834065854549408;0.0;0.9619645476341248;0.0;0.7960547501412467;0.9444047902630928;0.055595209736907236
1731800430.5103884;/app/bags/user95_2017-02-24.bag;0.834065854549408;0.0;0.9619645476341248;0.0;0.7960547501412467;0.9444047902630928;0.055595209736907236
1731800430.7103891;/app/bags/user95_2017-02-24.bag;0.834065854549408;0.0;0.9619645476341248;0.0;0.7960547501412467;0.9444047902630928;0.055595209736907236
1731800430.9103742;/app/bags/user95_2017-02-24.bag;0.834065854549408;0.0;0.9619645476341248;0.0;0.7960547501412467;0.9444047902630928;0.055595209736907236
1731800431.1104238;/app/bags/user95_2017-02-24.bag;0.834065854549408;0.0;0.9619645476341248;0.0;0.7960547501412467;0.9444047902630928;0.055595209736907236
1731800431.3104975;/app/bags/user95_2017-02-24.bag;0.834065854549408;0.0;0.9619645476341248;0.0;0.7960547501412467;0.9444047902630928;0.055595209736907236
1731800431.5103977;/app/bags/user95_2017-02-24.bag;0.834065854549408;0.0;0.9619645476341248;0.0;0.7960547501412467;0.9444047902630928;0.055595209736907236
1731800431.7103987;/app/bags/user95_2017-02-24.bag;0.834065854549408;0.0;0.9619645476341248;0.0;0.7960547501412467;0.9444047902630928;0.055595209736907236
1731800431.910394;/app/bags/user95_2017-02-24.bag;0.834065854549408;0.0;0.9619645476341248;0.0;0.7960547501412467;0.9444047902630928;0.055595209736907236
1731800432.1104326;/app/bags/user95_2017-02-24.bag;0.834065854549408;0.0;0.9619645476341248;0.0;0.7960547501412467;0.9444047902630928;0.055595209736907236
1731800432.3103943;/app/bags/user95_2017-02-24.bag;0.834065854549408;0.0;0.9619645476341248;0.0;0.7960547501412467;0.9444047902630928;0.055595209736907236
1731800432.510376;/app/bags/user95_2017-02-24.bag;0.834065854549408;0.0;0.9619645476341248;0.0;0.7960547501412467;0.9444047902630928;0.055595209736907236
1731800432.7104373;/app/bags/user95_2017-02-24.bag;0.834065854549408;0.0;0.9619645476341248;0.0;0.7960547501412467;0.9444047902630928;0.055595209736907236
1731800432.9104435;/app/bags/user95_2017-02-24.bag;0.834065854549408;0.0;0.9619645476341248;0.0;0.7960547501412467;0.9444047902630928;0.055595209736907236
1731800433.110398;/app/bags/user95_2017-02-24.bag;0.834065854549408;0.0;0.9619645476341248;0.0;0.7960547501412467;0.9444047902630928;0.055595209736907236
1731800433.3103883;/app/bags/user95_2017-02-24.bag;0.834065854549408;0.0;0.9619645476341248;0.0;0.7960547501412467;0.9444047902630928;0.055595209736907236
1731800433.5104702;/app/bags/user95_2017-02-24.bag;0.834065854549408;0.0;0.9619645476341248;0.0;0.7960547501412467;0.9444047902630928;0.055595209736907236
1731800433.7103808;/app/bags/user95_2017-02-24.bag;0.834065854549408;0.0;0.9619645476341248;0.0;0.7960547501412467;0.9444047902630928;0.055595209736907236
1731800433.9103835;/app/bags/user95_2017-02-24.bag;0.834065854549408;0.0;0.9619645476341248;0.0;0.7960547501412467;0.9444047902630928;0.055595209736907236
1731800434.1103797;/app/bags/user95_2017-02-24.bag;0.834065854549408;0.0;0.9619645476341248;0.0;0.7960547501412467;0.9444047902630928;0.055595209736907236
1731800434.3103852;/app/bags/user95_2017-02-24.bag;0.834065854549408;0.0;0.9619645476341248;0.0;0.7960547501412467;0.9444047902630928;0.055595209736907236
1731800434.5103822;/app/bags/user95_2017-02-24.bag;0.834065854549408;0.0;0.9619645476341248;0.0;0.7960547501412467;0.9444047902630928;0.055595209736907236
1731800434.7104325;/app/bags/user95_2017-02-24.bag;0.834065854549408;0.0;0.9619645476341248;0.0;0.7960547501412467;0.9444047902630928;0.055595209736907236
1731800434.910391;/app/bags/user95_2017-02-24.bag;0.834065854549408;0.0;0.9619645476341248;0.0;0.7960547501412467;0.9444047902630928;0.055595209736907236
1731800435.1103642;/app/bags/user95_2017-02-24.bag;0.834065854549408;0.0;0.9619645476341248;0.0;0.7960547501412467;0.9444047902630928;0.055595209736907236
1731800435.310401;/app/bags/user95_2017-02-24.bag;0.834065854549408;0.0;0.9619645476341248;0.0;0.7960547501412467;0.9444047902630928;0.055595209736907236
1731800435.5104764;/app/bags/user95_2017-02-24.bag;0.834065854549408;0.0;0.9619645476341248;0.0;0.7960547501412467;0.9444047902630928;0.055595209736907236
1731800435.7103508;/app/bags/user95_2017-02-24.bag;0.834065854549408;0.0;0.9619645476341248;0.0;0.7960547501412467;0.9444047902630928;0.055595209736907236
1731800435.9103644;/app/bags/user95_2017-02-24.bag;0.834065854549408;0.0;0.9619645476341248;0.0;0.7960547501412467;0.9444047902630928;0.055595209736907236
1731800436.1105406;/app/bags/user95_2017-02-24.bag;0.834065854549408;0.0;0.9619645476341248;0.0;0.7960547501412467;0.9444047902630928;0.055595209736907236
1731800436.310407;/app/bags/user95_2017-02-24.bag;0.834065854549408;0.0;0.9619645476341248;0.0;0.7960547501412467;0.9444047902630928;0.055595209736907236
1731800436.5103877;/app/bags/user95_2017-02-24.bag;0.834065854549408;0.0;0.9619645476341248;0.0;0.7960547501412467;0.9444047902630928;0.055595209736907236
1731800436.7104373;/app/bags/user95_2017-02-24.bag;0.834065854549408;0.0;0.9619645476341248;0.0;0.7960547501412467;0.9444047902630928;0.055595209736907236
1731800436.9105089;/app/bags/user95_2017-02-24.bag;0.834065854549408;0.0;0.9619645476341248;0.0;0.7960547501412467;0.9444047902630928;0.055595209736907236
1731800437.1104457;/app/bags/user95_2017-02-24.bag;0.834065854549408;0.0;0.9619645476341248;0.0;0.7960547501412467;0.9444047902630928;0.055595209736907236
1731800437.310401;/app/bags/user95_2017-02-24.bag;0.834065854549408;0.0;0.9619645476341248;0.0;0.7960547501412467;0.9444047902630928;0.055595209736907236
1731800437.5104482;/app/bags/user95_2017-02-24.bag;0.834065854549408;0.0;0.9619645476341248;0.0;0.7960547501412467;0.9444047902630928;0.055595209736907236
1731800437.7104266;/app/bags/user95_2017-02-24.bag;0.834065854549408;0.0;0.9619645476341248;0.0;0.7960547501412467;0.9444047902630928;0.055595209736907236
1731800437.9104192;/app/bags/user95_2017-02-24.bag;0.834065854549408;0.0;0.9619645476341248;0.0;0.7960547501412467;0.9444047902630928;0.055595209736907236
1731800438.1104014;/app/bags/user95_2017-02-24.bag;0.834065854549408;0.0;0.9619645476341248;0.0;0.7960547501412467;0.9444047902630928;0.055595209736907236
1731800438.31042;/app/bags/user95_2017-02-24.bag;0.834065854549408;0.0;0.9619645476341248;0.0;0.7960547501412467;0.9444047902630928;0.055595209736907236
1731800438.5104232;/app/bags/user95_2017-02-24.bag;0.834065854549408;0.0;0.9619645476341248;0.0;0.7960547501412467;0.9444047902630928;0.055595209736907236
1731800438.7104163;/app/bags/user95_2017-02-24.bag;0.834065854549408;0.0;0.9619645476341248;0.0;0.7960547501412467;0.9444047902630928;0.055595209736907236
1731800438.9104064;/app/bags/user95_2017-02-24.bag;0.834065854549408;0.0;0.9619645476341248;0.0;0.7960547501412467;0.9444047902630928;0.055595209736907236
1731800439.110388;/app/bags/user95_2017-02-24.bag;0.834065854549408;0.0;0.9619645476341248;0.0;0.7960547501412467;0.9444047902630928;0.055595209736907236
1731800439.3104248;/app/bags/user95_2017-02-24.bag;0.834065854549408;0.0;0.9619645476341248;0.0;0.7960547501412467;0.9444047902630928;0.055595209736907236
1731800439.5104368;/app/bags/user95_2017-02-24.bag;0.834065854549408;0.0;0.9619645476341248;0.0;0.7960547501412467;0.9444047902630928;0.055595209736907236
1731800439.7104056;/app/bags/user95_2017-02-24.bag;0.834065854549408;0.0;0.9619645476341248;0.0;0.7960547501412467;0.9444047902630928;0.055595209736907236
1731800439.910398;/app/bags/user95_2017-02-24.bag;0.834065854549408;0.0;0.9619645476341248;0.0;0.7960547501412467;0.9444047902630928;0.055595209736907236
1731800440.1105788;/app/bags/user95_2017-02-24.bag;0.834065854549408;0.0;0.9619645476341248;0.0;0.7960547501412467;0.9444047902630928;0.055595209736907236
1731800440.3104198;/app/bags/user95_2017-02-24.bag;0.834065854549408;0.0;0.9619645476341248;0.0;0.7960547501412467;0.9444047902630928;0.055595209736907236
1731800440.510398;/app/bags/user95_2017-02-24.bag;0.834065854549408;0.0;0.9619645476341248;0.0;0.7960547501412467;0.9444047902630928;0.055595209736907236
1731800440.7104018;/app/bags/user95_2017-02-24.bag;0.834065854549408;0.0;0.9619645476341248;0.0;0.7960547501412467;0.9444047902630928;0.055595209736907236
1731800440.9103818;/app/bags/user95_2017-02-24.bag;0.834065854549408;0.0;0.9619645476341248;0.0;0.7960547501412467;0.9444047902630928;0.055595209736907236
1731800441.1104171;/app/bags/user95_2017-02-24.bag;0.834065854549408;0.0;0.9619645476341248;0.0;0.7960547501412467;0.9444047902630928;0.055595209736907236
1731800441.3104863;/app/bags/user95_2017-02-24.bag;0.834065854549408;0.0;0.9619645476341248;0.0;0.7960547501412467;0.9444047902630928;0.055595209736907236
1731800441.5103657;/app/bags/user95_2017-02-24.bag;0.834065854549408;0.0;0.9619645476341248;0.0;0.7960547501412467;0.9444047902630928;0.055595209736907236
1731800441.7103753;/app/bags/user95_2017-02-24.bag;0.834065854549408;0.0;0.9619645476341248;0.0;0.7960547501412467;0.9444047902630928;0.055595209736907236
1731800441.910513;/app/bags/user95_2017-02-24.bag;0.834065854549408;0.0;0.9619645476341248;0.0;0.7960547501412467;0.9444047902630928;0.055595209736907236
1731800442.110398;/app/bags/user95_2017-02-24.bag;0.834065854549408;0.0;0.9619645476341248;0.0;0.7960547501412467;0.9444047902630928;0.055595209736907236
1731800442.3103664;/app/bags/user95_2017-02-24.bag;0.834065854549408;0.0;0.9619645476341248;0.0;0.7960547501412467;0.9444047902630928;0.055595209736907236
1731800442.510469;/app/bags/user95_2017-02-24.bag;0.834065854549408;0.0;0.9619645476341248;0.0;0.7960547501412467;0.9444047902630928;0.055595209736907236
1731800442.7104094;/app/bags/user95_2017-02-24.bag;0.834065854549408;0.0;0.9619645476341248;0.0;0.7960547501412467;0.9444047902630928;0.055595209736907236
1731800442.9104002;/app/bags/user95_2017-02-24.bag;0.834065854549408;0.0;0.9619645476341248;0.0;0.7960547501412467;0.9444047902630928;0.055595209736907236
1731800443.1103966;/app/bags/user95_2017-02-24.bag;0.834065854549408;0.0;0.9619645476341248;0.0;0.7960547501412467;0.9444047902630928;0.055595209736907236
1731800443.3103817;/app/bags/user95_2017-02-24.bag;0.834065854549408;0.0;0.9619645476341248;0.0;0.7960547501412467;0.9444047902630928;0.055595209736907236
1731800443.510464;/app/bags/user95_2017-02-24.bag;0.834065854549408;0.0;0.9619645476341248;0.0;0.7960547501412467;0.9444047902630928;0.055595209736907236
1731800443.7104173;/app/bags/user95_2017-02-24.bag;0.834065854549408;0.0;0.9619645476341248;0.0;0.7960547501412467;0.9444047902630928;0.055595209736907236
1731800443.9103909;/app/bags/user95_2017-02-24.bag;0.834065854549408;0.0;0.9619645476341248;0.0;0.7960547501412467;0.9444047902630928;0.055595209736907236
1731800444.1104722;/app/bags/user95_2017-02-24.bag;0.834065854549408;0.0;0.9619645476341248;0.0;0.7960547501412467;0.9444047902630928;0.055595209736907236
1731800444.3104415;/app/bags/user95_2017-02-24.bag;0.834065854549408;0.0;0.9619645476341248;0.0;0.7960547501412467;0.9444047902630928;0.055595209736907236
1731800444.5104551;/app/bags/user95_2017-02-24.bag;0.834065854549408;0.0;0.9619645476341248;0.0;0.7960547501412467;0.9444047902630928;0.055595209736907236
1731800444.7103715;/app/bags/user95_2017-02-24.bag;0.834065854549408;0.0;0.9619645476341248;0.0;0.7960547501412467;0.9444047902630928;0.055595209736907236
1731800444.9103851;/app/bags/user95_2017-02-24.bag;0.834065854549408;0.0;0.9619645476341248;0.0;0.7960547501412467;0.9444047902630928;0.055595209736907236
1731800445.110403;/app/bags/user95_2017-02-24.bag;0.834065854549408;0.0;0.9619645476341248;0.0;0.7960547501412467;0.9444047902630928;0.055595209736907236
1731800445.3104055;/app/bags/user95_2017-02-24.bag;0.834065854549408;0.0;0.9619645476341248;0.0;0.7960547501412467;0.9444047902630928;0.055595209736907236
1731800445.5104232;/app/bags/user95_2017-02-24.bag;0.834065854549408;0.0;0.9619645476341248;0.0;0.7960547501412467;0.9444047902630928;0.055595209736907236
1731800445.7103996;/app/bags/user95_2017-02-24.bag;0.834065854549408;0.0;0.9619645476341248;0.0;0.7960547501412467;0.9444047902630928;0.055595209736907236
1731800445.9104023;/app/bags/user95_2017-02-24.bag;0.834065854549408;0.0;0.9619645476341248;0.0;0.7960547501412467;0.9444047902630928;0.055595209736907236
1731800446.110425;/app/bags/user95_2017-02-24.bag;0.834065854549408;0.0;0.9619645476341248;0.0;0.7960547501412467;0.9444047902630928;0.055595209736907236
1731800446.310542;/app/bags/user95_2017-02-24.bag;0.834065854549408;0.0;0.9619645476341248;0.0;0.7960547501412467;0.9444047902630928;0.055595209736907236
1731800446.5103858;/app/bags/user95_2017-02-24.bag;0.834065854549408;0.0;0.9619645476341248;0.0;0.7960547501412467;0.9444047902630928;0.055595209736907236
1731800446.7103875;/app/bags/user95_2017-02-24.bag;0.834065854549408;0.0;0.9619645476341248;0.0;0.7960547501412467;0.9444047902630928;0.055595209736907236
1731800446.9104111;/app/bags/user95_2017-02-24.bag;0.834065854549408;0.0;0.9619645476341248;0.0;0.7960547501412467;0.9444047902630928;0.055595209736907236
1731800447.1104133;/app/bags/user95_2017-02-24.bag;0.834065854549408;0.0;0.9619645476341248;0.0;0.7960547501412467;0.9444047902630928;0.055595209736907236
1731800447.3104131;/app/bags/user95_2017-02-24.bag;0.834065854549408;0.0;0.9619645476341248;0.0;0.7960547501412467;0.9444047902630928;0.055595209736907236
1731800447.5103977;/app/bags/user95_2017-02-24.bag;0.834065854549408;0.0;0.9619645476341248;0.0;0.7960547501412467;0.9444047902630928;0.055595209736907236
1731800447.7103796;/app/bags/user95_2017-02-24.bag;0.834065854549408;0.0;0.9619645476341248;0.0;0.7960547501412467;0.9444047902630928;0.055595209736907236
1731800447.910493;/app/bags/user95_2017-02-24.bag;0.834065854549408;0.0;0.9619645476341248;0.0;0.7960547501412467;0.9444047902630928;0.055595209736907236
1731800448.110383;/app/bags/user95_2017-02-24.bag;0.834065854549408;0.0;0.9619645476341248;0.0;0.7960547501412467;0.9444047902630928;0.055595209736907236
1731800448.3104382;/app/bags/user95_2017-02-24.bag;0.834065854549408;0.0;0.9619645476341248;0.0;0.7960547501412467;0.9444047902630928;0.055595209736907236
1731800448.5103836;/app/bags/user95_2017-02-24.bag;0.834065854549408;0.0;0.9619645476341248;0.0;0.7960547501412467;0.9444047902630928;0.055595209736907236
1731800448.710377;/app/bags/user95_2017-02-24.bag;0.834065854549408;0.0;0.9619645476341248;0.0;0.7960547501412467;0.9444047902630928;0.055595209736907236
1731800448.9103975;/app/bags/user95_2017-02-24.bag;0.834065854549408;0.0;0.9619645476341248;0.0;0.7960547501412467;0.9444047902630928;0.055595209736907236
1731800449.1104722;/app/bags/user95_2017-02-24.bag;0.834065854549408;0.0;0.9619645476341248;0.0;0.7960547501412467;0.9444047902630928;0.055595209736907236
1731800449.3105035;/app/bags/user95_2017-02-24.bag;0.834065854549408;0.0;0.9619645476341248;0.0;0.7960547501412467;0.9444047902630928;0.055595209736907236
1731800449.5104132;/app/bags/user95_2017-02-24.bag;0.834065854549408;0.0;0.9619645476341248;0.0;0.7960547501412467;0.9444047902630928;0.055595209736907236
1731800449.710412;/app/bags/user95_2017-02-24.bag;0.834065854549408;0.0;0.9619645476341248;0.0;0.7960547501412467;0.9444047902630928;0.055595209736907236
1731800449.9104168;/app/bags/user95_2017-02-24.bag;0.834065854549408;0.0;0.9619645476341248;0.0;0.7960547501412467;0.9444047902630928;0.055595209736907236
1731800450.110424;/app/bags/user95_2017-02-24.bag;0.834065854549408;0.0;0.9619645476341248;0.0;0.7960547501412467;0.9444047902630928;0.055595209736907236
1731800450.3103874;/app/bags/user95_2017-02-24.bag;0.834065854549408;0.0;0.9619645476341248;0.0;0.7960547501412467;0.9444047902630928;0.055595209736907236
1731800450.5104122;/app/bags/user95_2017-02-24.bag;0.834065854549408;0.0;0.9619645476341248;0.0;0.7960547501412467;0.9444047902630928;0.055595209736907236
1731800450.7103982;/app/bags/user95_2017-02-24.bag;0.834065854549408;0.0;0.9619645476341248;0.0;0.7960547501412467;0.9444047902630928;0.055595209736907236
1731800450.910399;/app/bags/user95_2017-02-24.bag;0.834065854549408;0.0;0.9619645476341248;0.0;0.7960547501412467;0.9444047902630928;0.055595209736907236
1731800451.1104064;/app/bags/user95_2017-02-24.bag;0.834065854549408;0.0;0.9619645476341248;0.0;0.7960547501412467;0.9444047902630928;0.055595209736907236
1731800451.3104918;/app/bags/user95_2017-02-24.bag;0.834065854549408;0.0;0.9619645476341248;0.0;0.7960547501412467;0.9444047902630928;0.055595209736907236
1731800451.5103672;/app/bags/user95_2017-02-24.bag;0.834065854549408;0.0;0.9619645476341248;0.0;0.7960547501412467;0.9444047902630928;0.055595209736907236
1731800451.7103765;/app/bags/user95_2017-02-24.bag;0.834065854549408;0.0;0.9619645476341248;0.0;0.7960547501412467;0.9444047902630928;0.055595209736907236
1731800451.9103801;/app/bags/user95_2017-02-24.bag;0.834065854549408;0.0;0.9619645476341248;0.0;0.7960547501412467;0.9444047902630928;0.055595209736907236
1731800452.1104112;/app/bags/user95_2017-02-24.bag;0.834065854549408;0.0;0.9619645476341248;0.0;0.7960547501412467;0.9444047902630928;0.055595209736907236
1731800452.310384;/app/bags/user95_2017-02-24.bag;0.834065854549408;0.0;0.9619645476341248;0.0;0.7960547501412467;0.9444047902630928;0.055595209736907236
1731800452.510398;/app/bags/user95_2017-02-24.bag;0.834065854549408;0.0;0.9619645476341248;0.0;0.7960547501412467;0.9444047902630928;0.055595209736907236
1731800452.710366;/app/bags/user95_2017-02-24.bag;0.834065854549408;0.0;0.9619645476341248;0.0;0.7960547501412467;0.9444047902630928;0.055595209736907236
1731800452.9104395;/app/bags/user95_2017-02-24.bag;0.834065854549408;0.0;0.9619645476341248;0.0;0.7960547501412467;0.9444047902630928;0.055595209736907236
1731800453.1103842;/app/bags/user95_2017-02-24.bag;0.834065854549408;0.0;0.9619645476341248;0.0;0.7960547501412467;0.9444047902630928;0.055595209736907236
1731800453.310376;/app/bags/user95_2017-02-24.bag;0.834065854549408;0.0;0.9619645476341248;0.0;0.7960547501412467;0.9444047902630928;0.055595209736907236
1731800453.5104666;/app/bags/user95_2017-02-24.bag;0.834065854549408;0.0;0.9619645476341248;0.0;0.7960547501412467;0.9444047902630928;0.055595209736907236
1731800453.7103984;/app/bags/user95_2017-02-24.bag;0.834065854549408;0.0;0.9619645476341248;0.0;0.7960547501412467;0.9444047902630928;0.055595209736907236
1731800453.9103858;/app/bags/user95_2017-02-24.bag;0.834065854549408;0.0;0.9619645476341248;0.0;0.7960547501412467;0.9444047902630928;0.055595209736907236
1731800454.110483;/app/bags/user95_2017-02-24.bag;0.834065854549408;0.0;0.9619645476341248;0.0;0.7960547501412467;0.9444047902630928;0.055595209736907236
1731800454.3103626;/app/bags/user95_2017-02-24.bag;0.834065854549408;0.0;0.9619645476341248;0.0;0.7960547501412467;0.9444047902630928;0.055595209736907236
1731800454.51038;/app/bags/user95_2017-02-24.bag;0.834065854549408;0.0;0.9619645476341248;0.0;0.7960547501412467;0.9444047902630928;0.055595209736907236
1731800454.7104487;/app/bags/user95_2017-02-24.bag;0.834065854549408;0.0;0.9619645476341248;0.0;0.7960547501412467;0.9444047902630928;0.055595209736907236
1731800454.9103663;/app/bags/user95_2017-02-24.bag;0.834065854549408;0.0;0.9619645476341248;0.0;0.7960547501412467;0.9444047902630928;0.055595209736907236
1731800455.1104658;/app/bags/user95_2017-02-24.bag;0.834065854549408;0.0;0.9619645476341248;0.0;0.7960547501412467;0.9444047902630928;0.055595209736907236
1731800455.3103957;/app/bags/user95_2017-02-24.bag;0.834065854549408;0.0;0.9619645476341248;0.0;0.7960547501412467;0.9444047902630928;0.055595209736907236
1731800455.51038;/app/bags/user95_2017-02-24.bag;0.834065854549408;0.0;0.9619645476341248;0.0;0.7960547501412467;0.9444047902630928;0.055595209736907236
1731800455.7103806;/app/bags/user95_2017-02-24.bag;0.834065854549408;0.0;0.9619645476341248;0.0;0.7960547501412467;0.9444047902630928;0.055595209736907236
1731800455.9103923;/app/bags/user95_2017-02-24.bag;0.834065854549408;0.0;0.9619645476341248;0.0;0.7960547501412467;0.9444047902630928;0.055595209736907236
1731800456.1104703;/app/bags/user95_2017-02-24.bag;0.834065854549408;0.0;0.9619645476341248;0.0;0.7960547501412467;0.9444047902630928;0.055595209736907236
1731800456.3104217;/app/bags/user95_2017-02-24.bag;0.834065854549408;0.0;0.9619645476341248;0.0;0.7960547501412467;0.9444047902630928;0.055595209736907236
1731800456.5103998;/app/bags/user95_2017-02-24.bag;0.834065854549408;0.0;0.9619645476341248;0.0;0.7960547501412467;0.9444047902630928;0.055595209736907236
1731800456.7103655;/app/bags/user95_2017-02-24.bag;0.834065854549408;0.0;0.9619645476341248;0.0;0.7960547501412467;0.9444047902630928;0.055595209736907236
1731800456.9104135;/app/bags/user95_2017-02-24.bag;0.834065854549408;0.0;0.9619645476341248;0.0;0.7960547501412467;0.9444047902630928;0.055595209736907236
1731800457.1104245;/app/bags/user95_2017-02-24.bag;0.834065854549408;0.0;0.9619645476341248;0.0;0.7960547501412467;0.9444047902630928;0.055595209736907236
1731800457.3104675;/app/bags/user95_2017-02-24.bag;0.834065854549408;0.0;0.9619645476341248;0.0;0.7960547501412467;0.9444047902630928;0.055595209736907236
1731800457.5104032;/app/bags/user95_2017-02-24.bag;0.834065854549408;0.0;0.9619645476341248;0.0;0.7960547501412467;0.9444047902630928;0.055595209736907236
1731800457.710406;/app/bags/user95_2017-02-24.bag;0.834065854549408;0.0;0.9619645476341248;0.0;0.7960547501412467;0.9444047902630928;0.055595209736907236
1731800457.910499;/app/bags/user95_2017-02-24.bag;0.834065854549408;0.0;0.9619645476341248;0.0;0.7960547501412467;0.9444047902630928;0.055595209736907236
1731800458.1103776;/app/bags/user95_2017-02-24.bag;0.834065854549408;0.0;0.9619645476341248;0.0;0.7960547501412467;0.9444047902630928;0.055595209736907236
1731800458.3104007;/app/bags/user95_2017-02-24.bag;0.834065854549408;0.0;0.9619645476341248;0.0;0.7960547501412467;0.9444047902630928;0.055595209736907236
1731800458.5104077;/app/bags/user95_2017-02-24.bag;0.834065854549408;0.0;0.9619645476341248;0.0;0.7960547501412467;0.9444047902630928;0.055595209736907236
1731800458.7104237;/app/bags/user95_2017-02-24.bag;0.834065854549408;0.0;0.9619645476341248;0.0;0.7960547501412467;0.9444047902630928;0.055595209736907236
1731800458.9104557;/app/bags/user95_2017-02-24.bag;0.834065854549408;0.0;0.9619645476341248;0.0;0.7960547501412467;0.9444047902630928;0.055595209736907236
1731800459.1104338;/app/bags/user95_2017-02-24.bag;0.834065854549408;0.0;0.9619645476341248;0.0;0.7960547501412467;0.9444047902630928;0.055595209736907236
1731800459.310404;/app/bags/user95_2017-02-24.bag;0.834065854549408;0.0;0.9619645476341248;0.0;0.7960547501412467;0.9444047902630928;0.055595209736907236
1731800459.5103707;/app/bags/user95_2017-02-24.bag;0.834065854549408;0.0;0.9619645476341248;0.0;0.7960547501412467;0.9444047902630928;0.055595209736907236
1731800459.7104688;/app/bags/user95_2017-02-24.bag;0.834065854549408;0.0;0.9619645476341248;0.0;0.7960547501412467;0.9444047902630928;0.055595209736907236
1731800459.9104083;/app/bags/user95_2017-02-24.bag;0.834065854549408;0.0;0.9619645476341248;0.0;0.7960547501412467;0.9444047902630928;0.055595209736907236
1731800460.1104207;/app/bags/user95_2017-02-24.bag;0.834065854549408;0.0;0.9619645476341248;0.0;0.7960547501412467;0.9444047902630928;0.055595209736907236
1731800460.3104463;/app/bags/user95_2017-02-24.bag;0.834065854549408;0.0;0.9619645476341248;0.0;0.7960547501412467;0.9444047902630928;0.055595209736907236
1731800460.5104115;/app/bags/user95_2017-02-24.bag;0.834065854549408;0.0;0.9619645476341248;0.0;0.7960547501412467;0.9444047902630928;0.055595209736907236
1731800460.7104094;/app/bags/user95_2017-02-24.bag;0.834065854549408;0.0;0.9619645476341248;0.0;0.7960547501412467;0.9444047902630928;0.055595209736907236
1731800460.910433;/app/bags/user95_2017-02-24.bag;0.834065854549408;0.0;0.9619645476341248;0.0;0.7960547501412467;0.9444047902630928;0.055595209736907236
1731800461.110431;/app/bags/user95_2017-02-24.bag;0.834065854549408;0.0;0.9619645476341248;0.0;0.7960547501412467;0.9444047902630928;0.055595209736907236
1731800461.3104725;/app/bags/user95_2017-02-24.bag;0.834065854549408;0.0;0.9619645476341248;0.0;0.7960547501412467;0.9444047902630928;0.055595209736907236
1731800461.5104067;/app/bags/user95_2017-02-24.bag;0.834065854549408;0.0;0.9619645476341248;0.0;0.7960547501412467;0.9444047902630928;0.055595209736907236
1731800461.710416;/app/bags/user95_2017-02-24.bag;0.834065854549408;0.0;0.9619645476341248;0.0;0.7960547501412467;0.9444047902630928;0.055595209736907236
1731800461.910427;/app/bags/user95_2017-02-24.bag;0.834065854549408;0.0;0.9619645476341248;0.0;0.7960547501412467;0.9444047902630928;0.055595209736907236
1731800462.1103876;/app/bags/user95_2017-02-24.bag;0.834065854549408;0.0;0.9619645476341248;0.0;0.7960547501412467;0.9444047902630928;0.055595209736907236
1731800462.310409;/app/bags/user95_2017-02-24.bag;0.834065854549408;0.0;0.9619645476341248;0.0;0.7960547501412467;0.9444047902630928;0.055595209736907236
1731800462.5104856;/app/bags/user95_2017-02-24.bag;0.834065854549408;0.0;0.9619645476341248;0.0;0.7960547501412467;0.9444047902630928;0.055595209736907236
1731800462.7102463;/app/bags/user95_2017-02-24.bag;0.834065854549408;0.0;0.9619645476341248;0.0;0.7960547501412467;0.9444047902630928;0.055595209736907236
1731800462.9103746;/app/bags/user95_2017-02-24.bag;0.834065854549408;0.0;0.9619645476341248;0.0;0.7960547501412467;0.9444047902630928;0.055595209736907236
1731800463.110406;/app/bags/user95_2017-02-24.bag;0.834065854549408;0.0;0.9619645476341248;0.0;0.7960547501412467;0.9444047902630928;0.055595209736907236
1731800463.3103912;/app/bags/user95_2017-02-24.bag;0.834065854549408;0.0;0.9619645476341248;0.0;0.7960547501412467;0.9444047902630928;0.055595209736907236
1731800463.5103848;/app/bags/user95_2017-02-24.bag;0.834065854549408;0.0;0.9619645476341248;0.0;0.7960547501412467;0.9444047902630928;0.055595209736907236
1731800463.7103882;/app/bags/user95_2017-02-24.bag;0.834065854549408;0.0;0.9619645476341248;0.0;0.7960547501412467;0.9444047902630928;0.055595209736907236
1731800463.910388;/app/bags/user95_2017-02-24.bag;0.834065854549408;0.0;0.9619645476341248;0.0;0.7960547501412467;0.9444047902630928;0.055595209736907236
1731800464.1104152;/app/bags/user95_2017-02-24.bag;0.834065854549408;0.0;0.9619645476341248;0.0;0.7960547501412467;0.9444047902630928;0.055595209736907236
1731800464.3104658;/app/bags/user95_2017-02-24.bag;0.834065854549408;0.0;0.9619645476341248;0.0;0.7960547501412467;0.9444047902630928;0.055595209736907236
1731800464.5103822;/app/bags/user95_2017-02-24.bag;0.834065854549408;0.0;0.9619645476341248;0.0;0.7960547501412467;0.9444047902630928;0.055595209736907236
1731800464.7103696;/app/bags/user95_2017-02-24.bag;0.834065854549408;0.0;0.9619645476341248;0.0;0.7960547501412467;0.9444047902630928;0.055595209736907236
1731800464.9104085;/app/bags/user95_2017-02-24.bag;0.834065854549408;0.0;0.9619645476341248;0.0;0.7960547501412467;0.9444047902630928;0.055595209736907236
1731800465.1104157;/app/bags/user95_2017-02-24.bag;0.834065854549408;0.0;0.9619645476341248;0.0;0.7960547501412467;0.9444047902630928;0.055595209736907236
1731800465.3103855;/app/bags/user95_2017-02-24.bag;0.834065854549408;0.0;0.9619645476341248;0.0;0.7960547501412467;0.9444047902630928;0.055595209736907236
1731800465.510411;/app/bags/user95_2017-02-24.bag;0.834065854549408;0.0;0.9619645476341248;0.0;0.7960547501412467;0.9444047902630928;0.055595209736907236
1731800465.710454;/app/bags/user95_2017-02-24.bag;0.834065854549408;0.0;0.9619645476341248;0.0;0.7960547501412467;0.9444047902630928;0.055595209736907236
1731800465.9103858;/app/bags/user95_2017-02-24.bag;0.834065854549408;0.0;0.9619645476341248;0.0;0.7960547501412467;0.9444047902630928;0.055595209736907236
1731800466.1103773;/app/bags/user95_2017-02-24.bag;0.834065854549408;0.0;0.9619645476341248;0.0;0.7960547501412467;0.9444047902630928;0.055595209736907236
1731800466.3104024;/app/bags/user95_2017-02-24.bag;0.834065854549408;0.0;0.9619645476341248;0.0;0.7960547501412467;0.9444047902630928;0.055595209736907236
1731800466.510366;/app/bags/user95_2017-02-24.bag;0.834065854549408;0.0;0.9619645476341248;0.0;0.7960547501412467;0.9444047902630928;0.055595209736907236
1731800466.7104194;/app/bags/user95_2017-02-24.bag;0.834065854549408;0.0;0.9619645476341248;0.0;0.7960547501412467;0.9444047902630928;0.055595209736907236
1731800466.9103808;/app/bags/user95_2017-02-24.bag;0.834065854549408;0.0;0.9619645476341248;0.0;0.7960547501412467;0.9444047902630928;0.055595209736907236
1731800467.110398;/app/bags/user95_2017-02-24.bag;0.834065854549408;0.0;0.9619645476341248;0.0;0.7960547501412467;0.9444047902630928;0.055595209736907236
1731800467.3103979;/app/bags/user95_2017-02-24.bag;0.834065854549408;0.0;0.9619645476341248;0.0;0.7960547501412467;0.9444047902630928;0.055595209736907236
1731800467.5103674;/app/bags/user95_2017-02-24.bag;0.834065854549408;0.0;0.9619645476341248;0.0;0.7960547501412467;0.9444047902630928;0.055595209736907236
1731800467.7103674;/app/bags/user95_2017-02-24.bag;0.834065854549408;0.0;0.9619645476341248;0.0;0.7960547501412467;0.9444047902630928;0.055595209736907236
1731800467.9103918;/app/bags/user95_2017-02-24.bag;0.834065854549408;0.0;0.9619645476341248;0.0;0.7960547501412467;0.9444047902630928;0.055595209736907236
1731800468.1104286;/app/bags/user95_2017-02-24.bag;0.834065854549408;0.0;0.9619645476341248;0.0;0.7960547501412467;0.9444047902630928;0.055595209736907236
1731800468.310436;/app/bags/user95_2017-02-24.bag;0.834065854549408;0.0;0.9619645476341248;0.0;0.7960547501412467;0.9444047902630928;0.055595209736907236
1731800468.5104241;/app/bags/user95_2017-02-24.bag;0.834065854549408;0.0;0.9619645476341248;0.0;0.7960547501412467;0.9444047902630928;0.055595209736907236
1731800468.710401;/app/bags/user95_2017-02-24.bag;0.834065854549408;0.0;0.9619645476341248;0.0;0.7960547501412467;0.9444047902630928;0.055595209736907236
1731800468.9103253;/app/bags/user95_2017-02-24.bag;0.834065854549408;0.0;0.9619645476341248;0.0;0.7960547501412467;0.9444047902630928;0.055595209736907236
1731800469.1103659;/app/bags/user95_2017-02-24.bag;0.834065854549408;0.0;0.9619645476341248;0.0;0.7960547501412467;0.9444047902630928;0.055595209736907236
1731800469.310431;/app/bags/user95_2017-02-24.bag;0.834065854549408;0.0;0.9619645476341248;0.0;0.7960547501412467;0.9444047902630928;0.055595209736907236
1731800469.5104227;/app/bags/user95_2017-02-24.bag;0.834065854549408;0.0;0.9619645476341248;0.0;0.7960547501412467;0.9444047902630928;0.055595209736907236
1731800469.7103882;/app/bags/user95_2017-02-24.bag;0.834065854549408;0.0;0.9619645476341248;0.0;0.7960547501412467;0.9444047902630928;0.055595209736907236
1731800469.9103558;/app/bags/user95_2017-02-24.bag;0.834065854549408;0.0;0.9619645476341248;0.0;0.7960547501412467;0.9444047902630928;0.055595209736907236
1731800470.110407;/app/bags/user95_2017-02-24.bag;0.834065854549408;0.0;0.9619645476341248;0.0;0.7960547501412467;0.9444047902630928;0.055595209736907236
1731800470.3104246;/app/bags/user95_2017-02-24.bag;0.834065854549408;0.0;0.9619645476341248;0.0;0.7960547501412467;0.9444047902630928;0.055595209736907236
1731800470.5103903;/app/bags/user95_2017-02-24.bag;0.834065854549408;0.0;0.9619645476341248;0.0;0.7960547501412467;0.9444047902630928;0.055595209736907236
1731800470.7103693;/app/bags/user95_2017-02-24.bag;0.834065854549408;0.0;0.9619645476341248;0.0;0.7960547501412467;0.9444047902630928;0.055595209736907236
1731800470.9104025;/app/bags/user95_2017-02-24.bag;0.834065854549408;0.0;0.9619645476341248;0.0;0.7960547501412467;0.9444047902630928;0.055595209736907236
1731800471.1104372;/app/bags/user95_2017-02-24.bag;0.834065854549408;0.0;0.9619645476341248;0.0;0.7960547501412467;0.9444047902630928;0.055595209736907236
1731800471.310383;/app/bags/user95_2017-02-24.bag;0.834065854549408;0.0;0.9619645476341248;0.0;0.7960547501412467;0.9444047902630928;0.055595209736907236
1731800471.5105913;/app/bags/user95_2017-02-24.bag;0.834065854549408;0.0;0.9619645476341248;0.0;0.7960547501412467;0.9444047902630928;0.055595209736907236
1731800471.710398;/app/bags/user95_2017-02-24.bag;0.834065854549408;0.0;0.9619645476341248;0.0;0.7960547501412467;0.9444047902630928;0.055595209736907236
1731800471.910408;/app/bags/user95_2017-02-24.bag;0.834065854549408;0.0;0.9619645476341248;0.0;0.7960547501412467;0.9444047902630928;0.055595209736907236
1731800472.1104114;/app/bags/user95_2017-02-24.bag;0.834065854549408;0.0;0.9619645476341248;0.0;0.7960547501412467;0.9444047902630928;0.055595209736907236
1731800472.3104777;/app/bags/user95_2017-02-24.bag;0.834065854549408;0.0;0.9619645476341248;0.0;0.7960547501412467;0.9444047902630928;0.055595209736907236
1731800472.5104427;/app/bags/user95_2017-02-24.bag;0.834065854549408;0.0;0.9619645476341248;0.0;0.7960547501412467;0.9444047902630928;0.055595209736907236
1731800472.7103956;/app/bags/user95_2017-02-24.bag;0.834065854549408;0.0;0.9619645476341248;0.0;0.7960547501412467;0.9444047902630928;0.055595209736907236
1731800472.9104047;/app/bags/user95_2017-02-24.bag;0.834065854549408;0.0;0.9619645476341248;0.0;0.7960547501412467;0.9444047902630928;0.055595209736907236
1731800473.110378;/app/bags/user95_2017-02-24.bag;0.834065854549408;0.0;0.9619645476341248;0.0;0.7960547501412467;0.9444047902630928;0.055595209736907236
1731800473.3104048;/app/bags/user95_2017-02-24.bag;0.834065854549408;0.0;0.9619645476341248;0.0;0.7960547501412467;0.9444047902630928;0.055595209736907236
1731800473.510389;/app/bags/user95_2017-02-24.bag;0.834065854549408;0.0;0.9619645476341248;0.0;0.7960547501412467;0.9444047902630928;0.055595209736907236
1731800473.7103705;/app/bags/user95_2017-02-24.bag;0.834065854549408;0.0;0.9619645476341248;0.0;0.7960547501412467;0.9444047902630928;0.055595209736907236
1731800473.9104226;/app/bags/user95_2017-02-24.bag;0.834065854549408;0.0;0.9619645476341248;0.0;0.7960547501412467;0.9444047902630928;0.055595209736907236
1731800474.1103888;/app/bags/user95_2017-02-24.bag;0.834065854549408;0.0;0.9619645476341248;0.0;0.7960547501412467;0.9444047902630928;0.055595209736907236
1731800474.3103824;/app/bags/user95_2017-02-24.bag;0.834065854549408;0.0;0.9619645476341248;0.0;0.7960547501412467;0.9444047902630928;0.055595209736907236
1731800474.5103974;/app/bags/user95_2017-02-24.bag;0.834065854549408;0.0;0.9619645476341248;0.0;0.7960547501412467;0.9444047902630928;0.055595209736907236
1731800474.7104602;/app/bags/user95_2017-02-24.bag;0.834065854549408;0.0;0.9619645476341248;0.0;0.7960547501412467;0.9444047902630928;0.055595209736907236
1731800474.9105697;/app/bags/user95_2017-02-24.bag;0.834065854549408;0.0;0.9619645476341248;0.0;0.7960547501412467;0.9444047902630928;0.055595209736907236
1731800475.1104076;/app/bags/user95_2017-02-24.bag;0.834065854549408;0.0;0.9619645476341248;0.0;0.7960547501412467;0.9444047902630928;0.055595209736907236
1731800475.310437;/app/bags/user95_2017-02-24.bag;0.834065854549408;0.0;0.9619645476341248;0.0;0.7960547501412467;0.9444047902630928;0.055595209736907236
1731800475.5104084;/app/bags/user95_2017-02-24.bag;0.834065854549408;0.0;0.9619645476341248;0.0;0.7960547501412467;0.9444047902630928;0.055595209736907236
1731800475.7105;/app/bags/user95_2017-02-24.bag;0.834065854549408;0.0;0.9619645476341248;0.0;0.7960547501412467;0.9444047902630928;0.055595209736907236
1731800475.9104323;/app/bags/user95_2017-02-24.bag;0.834065854549408;0.0;0.9619645476341248;0.0;0.7960547501412467;0.9444047902630928;0.055595209736907236
1731800476.1104531;/app/bags/user95_2017-02-24.bag;0.834065854549408;0.0;0.9619645476341248;0.0;0.7960547501412467;0.9444047902630928;0.055595209736907236
1731800476.3103824;/app/bags/user95_2017-02-24.bag;0.834065854549408;0.0;0.9619645476341248;0.0;0.7960547501412467;0.9444047902630928;0.055595209736907236
1731800476.5104032;/app/bags/user95_2017-02-24.bag;0.834065854549408;0.0;0.9619645476341248;0.0;0.7960547501412467;0.9444047902630928;0.055595209736907236
1731800476.7104049;/app/bags/user95_2017-02-24.bag;0.834065854549408;0.0;0.9619645476341248;0.0;0.7960547501412467;0.9444047902630928;0.055595209736907236
1731800476.910377;/app/bags/user95_2017-02-24.bag;0.834065854549408;0.0;0.9619645476341248;0.0;0.7960547501412467;0.9444047902630928;0.055595209736907236
1731800477.1104205;/app/bags/user95_2017-02-24.bag;0.834065854549408;0.0;0.9619645476341248;0.0;0.7960547501412467;0.9444047902630928;0.055595209736907236
1731800477.3103664;/app/bags/user95_2017-02-24.bag;0.834065854549408;0.0;0.9619645476341248;0.0;0.7960547501412467;0.9444047902630928;0.055595209736907236
1731800477.510403;/app/bags/user95_2017-02-24.bag;0.834065854549408;0.0;0.9619645476341248;0.0;0.7960547501412467;0.9444047902630928;0.055595209736907236
1731800477.7104268;/app/bags/user95_2017-02-24.bag;0.834065854549408;0.0;0.9619645476341248;0.0;0.7960547501412467;0.9444047902630928;0.055595209736907236
1731800477.9104984;/app/bags/user95_2017-02-24.bag;0.834065854549408;0.0;0.9619645476341248;0.0;0.7960547501412467;0.9444047902630928;0.055595209736907236
1731800478.110428;/app/bags/user95_2017-02-24.bag;0.834065854549408;0.0;0.9619645476341248;0.0;0.7960547501412467;0.9444047902630928;0.055595209736907236
1731800478.31039;/app/bags/user95_2017-02-24.bag;0.834065854549408;0.0;0.9619645476341248;0.0;0.7960547501412467;0.9444047902630928;0.055595209736907236
1731800478.5103893;/app/bags/user95_2017-02-24.bag;0.834065854549408;0.0;0.9619645476341248;0.0;0.7960547501412467;0.9444047902630928;0.055595209736907236
1731800478.710413;/app/bags/user95_2017-02-24.bag;0.834065854549408;0.0;0.9619645476341248;0.0;0.7960547501412467;0.9444047902630928;0.055595209736907236
1731800478.9104266;/app/bags/user95_2017-02-24.bag;0.834065854549408;0.0;0.9619645476341248;0.0;0.7960547501412467;0.9444047902630928;0.055595209736907236
1731800479.110443;/app/bags/user95_2017-02-24.bag;0.834065854549408;0.0;0.9619645476341248;0.0;0.7960547501412467;0.9444047902630928;0.055595209736907236
1731800479.3104386;/app/bags/user95_2017-02-24.bag;0.834065854549408;0.0;0.9619645476341248;0.0;0.7960547501412467;0.9444047902630928;0.055595209736907236
1731800479.5104387;/app/bags/user95_2017-02-24.bag;0.834065854549408;0.0;0.9619645476341248;0.0;0.7960547501412467;0.9444047902630928;0.055595209736907236
1731800479.7104006;/app/bags/user95_2017-02-24.bag;0.834065854549408;0.0;0.9619645476341248;0.0;0.7960547501412467;0.9444047902630928;0.055595209736907236
1731800479.9103916;/app/bags/user95_2017-02-24.bag;0.834065854549408;0.0;0.9619645476341248;0.0;0.7960547501412467;0.9444047902630928;0.055595209736907236
1731800480.1103675;/app/bags/user95_2017-02-24.bag;0.834065854549408;0.0;0.9619645476341248;0.0;0.7960547501412467;0.9444047902630928;0.055595209736907236
1731800480.310406;/app/bags/user95_2017-02-24.bag;0.834065854549408;0.0;0.9619645476341248;0.0;0.7960547501412467;0.9444047902630928;0.055595209736907236
1731800480.5103726;/app/bags/user95_2017-02-24.bag;0.834065854549408;0.0;0.9619645476341248;0.0;0.7960547501412467;0.9444047902630928;0.055595209736907236
1731800480.7104073;/app/bags/user95_2017-02-24.bag;0.834065854549408;0.0;0.9619645476341248;0.0;0.7960547501412467;0.9444047902630928;0.055595209736907236
1731800480.9104018;/app/bags/user95_2017-02-24.bag;0.834065854549408;0.0;0.9619645476341248;0.0;0.7960547501412467;0.9444047902630928;0.055595209736907236
1731800481.1105514;/app/bags/user95_2017-02-24.bag;0.834065854549408;0.0;0.9619645476341248;0.0;0.7960547501412467;0.9444047902630928;0.055595209736907236
1731800481.3104117;/app/bags/user95_2017-02-24.bag;0.834065854549408;0.0;0.9619645476341248;0.0;0.7960547501412467;0.9444047902630928;0.055595209736907236
1731800481.5103767;/app/bags/user95_2017-02-24.bag;0.834065854549408;0.0;0.9619645476341248;0.0;0.7960547501412467;0.9444047902630928;0.055595209736907236
1731800481.7105672;/app/bags/user95_2017-02-24.bag;0.834065854549408;0.0;0.9619645476341248;0.0;0.7960547501412467;0.9444047902630928;0.055595209736907236
1731800481.9104075;/app/bags/user95_2017-02-24.bag;0.834065854549408;0.0;0.9619645476341248;0.0;0.7960547501412467;0.9444047902630928;0.055595209736907236
1731800482.1104136;/app/bags/user95_2017-02-24.bag;0.834065854549408;0.0;0.9619645476341248;0.0;0.7960547501412467;0.9444047902630928;0.055595209736907236
1731800482.3103664;/app/bags/user95_2017-02-24.bag;0.834065854549408;0.0;0.9619645476341248;0.0;0.7960547501412467;0.9444047902630928;0.055595209736907236
1731800482.5104358;/app/bags/user95_2017-02-24.bag;0.834065854549408;0.0;0.9619645476341248;0.0;0.7960547501412467;0.9444047902630928;0.055595209736907236
1731800482.7104087;/app/bags/user95_2017-02-24.bag;0.834065854549408;0.0;0.9619645476341248;0.0;0.7960547501412467;0.9444047902630928;0.055595209736907236
1731800482.9104023;/app/bags/user95_2017-02-24.bag;0.834065854549408;0.0;0.9619645476341248;0.0;0.7960547501412467;0.9444047902630928;0.055595209736907236
1731800483.1104002;/app/bags/user95_2017-02-24.bag;0.834065854549408;0.0;0.9619645476341248;0.0;0.7960547501412467;0.9444047902630928;0.055595209736907236
1731800483.3104196;/app/bags/user95_2017-02-24.bag;0.834065854549408;0.0;0.9619645476341248;0.0;0.7960547501412467;0.9444047902630928;0.055595209736907236
1731800483.510387;/app/bags/user95_2017-02-24.bag;0.834065854549408;0.0;0.9619645476341248;0.0;0.7960547501412467;0.9444047902630928;0.055595209736907236
1731800483.7104125;/app/bags/user95_2017-02-24.bag;0.834065854549408;0.0;0.9619645476341248;0.0;0.7960547501412467;0.9444047902630928;0.055595209736907236
1731800483.910431;/app/bags/user95_2017-02-24.bag;0.834065854549408;0.0;0.9619645476341248;0.0;0.7960547501412467;0.9444047902630928;0.055595209736907236
1731800484.110431;/app/bags/user95_2017-02-24.bag;0.834065854549408;0.0;0.9619645476341248;0.0;0.7960547501412467;0.9444047902630928;0.055595209736907236
1731800484.3104482;/app/bags/user95_2017-02-24.bag;0.834065854549408;0.0;0.9619645476341248;0.0;0.7960547501412467;0.9444047902630928;0.055595209736907236
1731800484.5103846;/app/bags/user95_2017-02-24.bag;0.834065854549408;0.0;0.9619645476341248;0.0;0.7960547501412467;0.9444047902630928;0.055595209736907236
1731800484.7103953;/app/bags/user95_2017-02-24.bag;0.834065854549408;0.0;0.9619645476341248;0.0;0.7960547501412467;0.9444047902630928;0.055595209736907236
1731800484.9104695;/app/bags/user95_2017-02-24.bag;0.834065854549408;0.0;0.9619645476341248;0.0;0.7960547501412467;0.9444047902630928;0.055595209736907236
1731800485.110383;/app/bags/user95_2017-02-24.bag;0.834065854549408;0.0;0.9619645476341248;0.0;0.7960547501412467;0.9444047902630928;0.055595209736907236
1731800485.310406;/app/bags/user95_2017-02-24.bag;0.834065854549408;0.0;0.9619645476341248;0.0;0.7960547501412467;0.9444047902630928;0.055595209736907236
1731800485.5103726;/app/bags/user95_2017-02-24.bag;0.834065854549408;0.0;0.9619645476341248;0.0;0.7960547501412467;0.9444047902630928;0.055595209736907236
1731800485.7103572;/app/bags/user95_2017-02-24.bag;0.834065854549408;0.0;0.9619645476341248;0.0;0.7960547501412467;0.9444047902630928;0.055595209736907236
1731800485.9103582;/app/bags/user95_2017-02-24.bag;0.834065854549408;0.0;0.9619645476341248;0.0;0.7960547501412467;0.9444047902630928;0.055595209736907236
1731800486.1103928;/app/bags/user95_2017-02-24.bag;0.834065854549408;0.0;0.9619645476341248;0.0;0.7960547501412467;0.9444047902630928;0.055595209736907236
1731800486.3104901;/app/bags/user95_2017-02-24.bag;0.834065854549408;0.0;0.9619645476341248;0.0;0.7960547501412467;0.9444047902630928;0.055595209736907236
1731800486.5104842;/app/bags/user95_2017-02-24.bag;0.834065854549408;0.0;0.9619645476341248;0.0;0.7960547501412467;0.9444047902630928;0.055595209736907236
1731800486.7104268;/app/bags/user95_2017-02-24.bag;0.834065854549408;0.0;0.9619645476341248;0.0;0.7960547501412467;0.9444047902630928;0.055595209736907236
1731800486.9103951;/app/bags/user95_2017-02-24.bag;0.834065854549408;0.0;0.9619645476341248;0.0;0.7960547501412467;0.9444047902630928;0.055595209736907236
1731800487.110334;/app/bags/user95_2017-02-24.bag;0.834065854549408;0.0;0.9619645476341248;0.0;0.7960547501412467;0.9444047902630928;0.055595209736907236
1731800487.310392;/app/bags/user95_2017-02-24.bag;0.834065854549408;0.0;0.9619645476341248;0.0;0.7960547501412467;0.9444047902630928;0.055595209736907236
1731800487.51047;/app/bags/user95_2017-02-24.bag;0.834065854549408;0.0;0.9619645476341248;0.0;0.7960547501412467;0.9444047902630928;0.055595209736907236
1731800487.7103932;/app/bags/user95_2017-02-24.bag;0.834065854549408;0.0;0.9619645476341248;0.0;0.7960547501412467;0.9444047902630928;0.055595209736907236
1731800487.910433;/app/bags/user95_2017-02-24.bag;0.834065854549408;0.0;0.9619645476341248;0.0;0.7960547501412467;0.9444047902630928;0.055595209736907236
1731800488.1104043;/app/bags/user95_2017-02-24.bag;0.834065854549408;0.0;0.9619645476341248;0.0;0.7960547501412467;0.9444047902630928;0.055595209736907236
1731800488.3104694;/app/bags/user95_2017-02-24.bag;0.834065854549408;0.0;0.9619645476341248;0.0;0.7960547501412467;0.9444047902630928;0.055595209736907236
1731800488.5103805;/app/bags/user95_2017-02-24.bag;0.834065854549408;0.0;0.9619645476341248;0.0;0.7960547501412467;0.9444047902630928;0.055595209736907236
1731800488.7103753;/app/bags/user95_2017-02-24.bag;0.834065854549408;0.0;0.9619645476341248;0.0;0.7960547501412467;0.9444047902630928;0.055595209736907236
1731800488.9104288;/app/bags/user95_2017-02-24.bag;0.834065854549408;0.0;0.9619645476341248;0.0;0.7960547501412467;0.9444047902630928;0.055595209736907236
1731800489.1104085;/app/bags/user95_2017-02-24.bag;0.834065854549408;0.0;0.9619645476341248;0.0;0.7960547501412467;0.9444047902630928;0.055595209736907236
1731800489.3103936;/app/bags/user95_2017-02-24.bag;0.834065854549408;0.0;0.9619645476341248;0.0;0.7960547501412467;0.9444047902630928;0.055595209736907236
1731800489.5104275;/app/bags/user95_2017-02-24.bag;0.834065854549408;0.0;0.9619645476341248;0.0;0.7960547501412467;0.9444047902630928;0.055595209736907236
1731800489.7104156;/app/bags/user95_2017-02-24.bag;0.834065854549408;0.0;0.9619645476341248;0.0;0.7960547501412467;0.9444047902630928;0.055595209736907236
1731800489.9104133;/app/bags/user95_2017-02-24.bag;0.834065854549408;0.0;0.9619645476341248;0.0;0.7960547501412467;0.9444047902630928;0.055595209736907236
1731800490.1103833;/app/bags/user95_2017-02-24.bag;0.834065854549408;0.0;0.9619645476341248;0.0;0.7960547501412467;0.9444047902630928;0.055595209736907236
1731800490.3104656;/app/bags/user95_2017-02-24.bag;0.834065854549408;0.0;0.9619645476341248;0.0;0.7960547501412467;0.9444047902630928;0.055595209736907236
1731800490.5104597;/app/bags/user95_2017-02-24.bag;0.834065854549408;0.0;0.9619645476341248;0.0;0.7960547501412467;0.9444047902630928;0.055595209736907236
1731800490.7103345;/app/bags/user95_2017-02-24.bag;0.834065854549408;0.0;0.9619645476341248;0.0;0.7960547501412467;0.9444047902630928;0.055595209736907236
1731800490.9105206;/app/bags/user95_2017-02-24.bag;0.834065854549408;0.0;0.9619645476341248;0.0;0.7960547501412467;0.9444047902630928;0.055595209736907236
1731800491.1104863;/app/bags/user95_2017-02-24.bag;0.834065854549408;0.0;0.9619645476341248;0.0;0.7960547501412467;0.9444047902630928;0.055595209736907236
1731800491.3103635;/app/bags/user95_2017-02-24.bag;0.834065854549408;0.0;0.9619645476341248;0.0;0.7960547501412467;0.9444047902630928;0.055595209736907236
1731800491.510375;/app/bags/user95_2017-02-24.bag;0.834065854549408;0.0;0.9619645476341248;0.0;0.7960547501412467;0.9444047902630928;0.055595209736907236
1731800491.7103853;/app/bags/user95_2017-02-24.bag;0.834065854549408;0.0;0.9619645476341248;0.0;0.7960547501412467;0.9444047902630928;0.055595209736907236
1731800491.9103804;/app/bags/user95_2017-02-24.bag;0.834065854549408;0.0;0.9619645476341248;0.0;0.7960547501412467;0.9444047902630928;0.055595209736907236
1731800492.110401;/app/bags/user95_2017-02-24.bag;0.834065854549408;0.0;0.9619645476341248;0.0;0.7960547501412467;0.9444047902630928;0.055595209736907236
1731800492.3103998;/app/bags/user95_2017-02-24.bag;0.834065854549408;0.0;0.9619645476341248;0.0;0.7960547501412467;0.9444047902630928;0.055595209736907236
1731800492.510411;/app/bags/user95_2017-02-24.bag;0.834065854549408;0.0;0.9619645476341248;0.0;0.7960547501412467;0.9444047902630928;0.055595209736907236
1731800492.7103953;/app/bags/user95_2017-02-24.bag;0.834065854549408;0.0;0.9619645476341248;0.0;0.7960547501412467;0.9444047902630928;0.055595209736907236
1731800492.910461;/app/bags/user95_2017-02-24.bag;0.834065854549408;0.0;0.9619645476341248;0.0;0.7960547501412467;0.9444047902630928;0.055595209736907236
1731800493.1105218;/app/bags/user95_2017-02-24.bag;0.834065854549408;0.0;0.9619645476341248;0.0;0.7960547501412467;0.9444047902630928;0.055595209736907236
1731800493.3104234;/app/bags/user95_2017-02-24.bag;0.834065854549408;0.0;0.9619645476341248;0.0;0.7960547501412467;0.9444047902630928;0.055595209736907236
1731800493.5103612;/app/bags/user95_2017-02-24.bag;0.834065854549408;0.0;0.9619645476341248;0.0;0.7960547501412467;0.9444047902630928;0.055595209736907236
1731800493.7103782;/app/bags/user95_2017-02-24.bag;0.834065854549408;0.0;0.9619645476341248;0.0;0.7960547501412467;0.9444047902630928;0.055595209736907236
1731800493.910453;/app/bags/user95_2017-02-24.bag;0.834065854549408;0.0;0.9619645476341248;0.0;0.7960547501412467;0.9444047902630928;0.055595209736907236
1731800494.1103866;/app/bags/user95_2017-02-24.bag;0.834065854549408;0.0;0.9619645476341248;0.0;0.7960547501412467;0.9444047902630928;0.055595209736907236
1731800494.3103971;/app/bags/user95_2017-02-24.bag;0.834065854549408;0.0;0.9619645476341248;0.0;0.7960547501412467;0.9444047902630928;0.055595209736907236
1731800494.510365;/app/bags/user95_2017-02-24.bag;0.834065854549408;0.0;0.9619645476341248;0.0;0.7960547501412467;0.9444047902630928;0.055595209736907236
1731800494.7104282;/app/bags/user95_2017-02-24.bag;0.834065854549408;0.0;0.9619645476341248;0.0;0.7960547501412467;0.9444047902630928;0.055595209736907236
1731800494.9104042;/app/bags/user95_2017-02-24.bag;0.834065854549408;0.0;0.9619645476341248;0.0;0.7960547501412467;0.9444047902630928;0.055595209736907236
1731800495.1104088;/app/bags/user95_2017-02-24.bag;0.834065854549408;0.0;0.9619645476341248;0.0;0.7960547501412467;0.9444047902630928;0.055595209736907236
1731800495.3105567;/app/bags/user95_2017-02-24.bag;0.834065854549408;0.0;0.9619645476341248;0.0;0.7960547501412467;0.9444047902630928;0.055595209736907236
1731800495.5104227;/app/bags/user95_2017-02-24.bag;0.834065854549408;0.0;0.9619645476341248;0.0;0.7960547501412467;0.9444047902630928;0.055595209736907236
1731800495.710457;/app/bags/user95_2017-02-24.bag;0.834065854549408;0.0;0.9619645476341248;0.0;0.7960547501412467;0.9444047902630928;0.055595209736907236
1731800495.9105124;/app/bags/user95_2017-02-24.bag;0.834065854549408;0.0;0.9619645476341248;0.0;0.7960547501412467;0.9444047902630928;0.055595209736907236
1731800496.1103888;/app/bags/user95_2017-02-24.bag;0.834065854549408;0.0;0.9619645476341248;0.0;0.7960547501412467;0.9444047902630928;0.055595209736907236
1731800496.3104415;/app/bags/user95_2017-02-24.bag;0.834065854549408;0.0;0.9619645476341248;0.0;0.7960547501412467;0.9444047902630928;0.055595209736907236
1731800496.510386;/app/bags/user95_2017-02-24.bag;0.834065854549408;0.0;0.9619645476341248;0.0;0.7960547501412467;0.9444047902630928;0.055595209736907236
1731800496.7103891;/app/bags/user95_2017-02-24.bag;0.834065854549408;0.0;0.9619645476341248;0.0;0.7960547501412467;0.9444047902630928;0.055595209736907236
1731800496.9104326;/app/bags/user95_2017-02-24.bag;0.834065854549408;0.0;0.9619645476341248;0.0;0.7960547501412467;0.9444047902630928;0.055595209736907236
1731800497.1104138;/app/bags/user95_2017-02-24.bag;0.834065854549408;0.0;0.9619645476341248;0.0;0.7960547501412467;0.9444047902630928;0.055595209736907236
1731800497.31039;/app/bags/user95_2017-02-24.bag;0.834065854549408;0.0;0.9619645476341248;0.0;0.7960547501412467;0.9444047902630928;0.055595209736907236
1731800497.51042;/app/bags/user95_2017-02-24.bag;0.834065854549408;0.0;0.9619645476341248;0.0;0.7960547501412467;0.9444047902630928;0.055595209736907236
1731800497.710402;/app/bags/user95_2017-02-24.bag;0.834065854549408;0.0;0.9619645476341248;0.0;0.7960547501412467;0.9444047902630928;0.055595209736907236
1731800497.9103956;/app/bags/user95_2017-02-24.bag;0.834065854549408;0.0;0.9619645476341248;0.0;0.7960547501412467;0.9444047902630928;0.055595209736907236
1731800498.1104014;/app/bags/user95_2017-02-24.bag;0.834065854549408;0.0;0.9619645476341248;0.0;0.7960547501412467;0.9444047902630928;0.055595209736907236
1731800498.3104224;/app/bags/user95_2017-02-24.bag;0.834065854549408;0.0;0.9619645476341248;0.0;0.7960547501412467;0.9444047902630928;0.055595209736907236
1731800498.5103502;/app/bags/user95_2017-02-24.bag;0.834065854549408;0.0;0.9619645476341248;0.0;0.7960547501412467;0.9444047902630928;0.055595209736907236
1731800498.7104144;/app/bags/user95_2017-02-24.bag;0.834065854549408;0.0;0.9619645476341248;0.0;0.7960547501412467;0.9444047902630928;0.055595209736907236
1731800498.9103673;/app/bags/user95_2017-02-24.bag;0.834065854549408;0.0;0.9619645476341248;0.0;0.7960547501412467;0.9444047902630928;0.055595209736907236
1731800499.1103957;/app/bags/user95_2017-02-24.bag;0.834065854549408;0.0;0.9619645476341248;0.0;0.7960547501412467;0.9444047902630928;0.055595209736907236
1731800499.3104093;/app/bags/user95_2017-02-24.bag;0.834065854549408;0.0;0.9619645476341248;0.0;0.7960547501412467;0.9444047902630928;0.055595209736907236
1731800499.5103836;/app/bags/user95_2017-02-24.bag;0.834065854549408;0.0;0.9619645476341248;0.0;0.7960547501412467;0.9444047902630928;0.055595209736907236
1731800499.7104533;/app/bags/user95_2017-02-24.bag;0.834065854549408;0.0;0.9619645476341248;0.0;0.7960547501412467;0.9444047902630928;0.055595209736907236
1731800499.910393;/app/bags/user95_2017-02-24.bag;0.834065854549408;0.0;0.9619645476341248;0.0;0.7960547501412467;0.9444047902630928;0.055595209736907236
1731800500.1104128;/app/bags/user95_2017-02-24.bag;0.834065854549408;0.0;0.9619645476341248;0.0;0.7960547501412467;0.9444047902630928;0.055595209736907236
1731800500.3103876;/app/bags/user95_2017-02-24.bag;0.834065854549408;0.0;0.9619645476341248;0.0;0.7960547501412467;0.9444047902630928;0.055595209736907236
1731800500.5104582;/app/bags/user95_2017-02-24.bag;0.834065854549408;0.0;0.9619645476341248;0.0;0.7960547501412467;0.9444047902630928;0.055595209736907236
1731800500.7103815;/app/bags/user95_2017-02-24.bag;0.834065854549408;0.0;0.9619645476341248;0.0;0.7960547501412467;0.9444047902630928;0.055595209736907236
1731800500.9104056;/app/bags/user95_2017-02-24.bag;0.834065854549408;0.0;0.9619645476341248;0.0;0.7960547501412467;0.9444047902630928;0.055595209736907236
1731800501.1104171;/app/bags/user95_2017-02-24.bag;0.834065854549408;0.0;0.9619645476341248;0.0;0.7960547501412467;0.9444047902630928;0.055595209736907236
1731800501.3103576;/app/bags/user95_2017-02-24.bag;0.834065854549408;0.0;0.9619645476341248;0.0;0.7960547501412467;0.9444047902630928;0.055595209736907236
1731800501.5103855;/app/bags/user95_2017-02-24.bag;0.834065854549408;0.0;0.9619645476341248;0.0;0.7960547501412467;0.9444047902630928;0.055595209736907236
1731800501.7104702;/app/bags/user95_2017-02-24.bag;0.834065854549408;0.0;0.9619645476341248;0.0;0.7960547501412467;0.9444047902630928;0.055595209736907236
1731800501.9103842;/app/bags/user95_2017-02-24.bag;0.834065854549408;0.0;0.9619645476341248;0.0;0.7960547501412467;0.9444047902630928;0.055595209736907236
1731800502.1103852;/app/bags/user95_2017-02-24.bag;0.834065854549408;0.0;0.9619645476341248;0.0;0.7960547501412467;0.9444047902630928;0.055595209736907236
1731800502.3104494;/app/bags/user95_2017-02-24.bag;0.834065854549408;0.0;0.9619645476341248;0.0;0.7960547501412467;0.9444047902630928;0.055595209736907236
1731800502.5104132;/app/bags/user95_2017-02-24.bag;0.834065854549408;0.0;0.9619645476341248;0.0;0.7960547501412467;0.9444047902630928;0.055595209736907236
1731800502.710407;/app/bags/user95_2017-02-24.bag;0.834065854549408;0.0;0.9619645476341248;0.0;0.7960547501412467;0.9444047902630928;0.055595209736907236
1731800502.910403;/app/bags/user95_2017-02-24.bag;0.834065854549408;0.0;0.9619645476341248;0.0;0.7960547501412467;0.9444047902630928;0.055595209736907236
1731800503.110404;/app/bags/user95_2017-02-24.bag;0.834065854549408;0.0;0.9619645476341248;0.0;0.7960547501412467;0.9444047902630928;0.055595209736907236
1731800503.3104112;/app/bags/user95_2017-02-24.bag;0.834065854549408;0.0;0.9619645476341248;0.0;0.7960547501412467;0.9444047902630928;0.055595209736907236
1731800503.510467;/app/bags/user95_2017-02-24.bag;0.834065854549408;0.0;0.9619645476341248;0.0;0.7960547501412467;0.9444047902630928;0.055595209736907236
1731800503.7104018;/app/bags/user95_2017-02-24.bag;0.834065854549408;0.0;0.9619645476341248;0.0;0.7960547501412467;0.9444047902630928;0.055595209736907236
1731800503.910429;/app/bags/user95_2017-02-24.bag;0.834065854549408;0.0;0.9619645476341248;0.0;0.7960547501412467;0.9444047902630928;0.055595209736907236
1731800504.1103969;/app/bags/user95_2017-02-24.bag;0.834065854549408;0.0;0.9619645476341248;0.0;0.7960547501412467;0.9444047902630928;0.055595209736907236
1731800504.31041;/app/bags/user95_2017-02-24.bag;0.834065854549408;0.0;0.9619645476341248;0.0;0.7960547501412467;0.9444047902630928;0.055595209736907236
1731800504.510386;/app/bags/user95_2017-02-24.bag;0.834065854549408;0.0;0.9619645476341248;0.0;0.7960547501412467;0.9444047902630928;0.055595209736907236
1731800504.7104402;/app/bags/user95_2017-02-24.bag;0.834065854549408;0.0;0.9619645476341248;0.0;0.7960547501412467;0.9444047902630928;0.055595209736907236
1731800504.9104466;/app/bags/user95_2017-02-24.bag;0.834065854549408;0.0;0.9619645476341248;0.0;0.7960547501412467;0.9444047902630928;0.055595209736907236
1731800505.1104102;/app/bags/user95_2017-02-24.bag;0.834065854549408;0.0;0.9619645476341248;0.0;0.7960547501412467;0.9444047902630928;0.055595209736907236
1731800505.3104236;/app/bags/user95_2017-02-24.bag;0.834065854549408;0.0;0.9619645476341248;0.0;0.7960547501412467;0.9444047902630928;0.055595209736907236
1731800505.510411;/app/bags/user95_2017-02-24.bag;0.834065854549408;0.0;0.9619645476341248;0.0;0.7960547501412467;0.9444047902630928;0.055595209736907236
1731800505.7104425;/app/bags/user95_2017-02-24.bag;0.834065854549408;0.0;0.9619645476341248;0.0;0.7960547501412467;0.9444047902630928;0.055595209736907236
1731800505.9103794;/app/bags/user95_2017-02-24.bag;0.834065854549408;0.0;0.9619645476341248;0.0;0.7960547501412467;0.9444047902630928;0.055595209736907236
1731800506.1104722;/app/bags/user95_2017-02-24.bag;0.834065854549408;0.0;0.9619645476341248;0.0;0.7960547501412467;0.9444047902630928;0.055595209736907236
1731800506.310432;/app/bags/user95_2017-02-24.bag;0.834065854549408;0.0;0.9619645476341248;0.0;0.7960547501412467;0.9444047902630928;0.055595209736907236
1731800506.5103815;/app/bags/user95_2017-02-24.bag;0.834065854549408;0.0;0.9619645476341248;0.0;0.7960547501412467;0.9444047902630928;0.055595209736907236
1731800506.710413;/app/bags/user95_2017-02-24.bag;0.834065854549408;0.0;0.9619645476341248;0.0;0.7960547501412467;0.9444047902630928;0.055595209736907236
1731800506.9103863;/app/bags/user95_2017-02-24.bag;0.834065854549408;0.0;0.9619645476341248;0.0;0.7960547501412467;0.9444047902630928;0.055595209736907236
1731800507.1105082;/app/bags/user95_2017-02-24.bag;0.834065854549408;0.0;0.9619645476341248;0.0;0.7960547501412467;0.9444047902630928;0.055595209736907236
1731800507.3104212;/app/bags/user95_2017-02-24.bag;0.834065854549408;0.0;0.9619645476341248;0.0;0.7960547501412467;0.9444047902630928;0.055595209736907236
1731800507.5103889;/app/bags/user95_2017-02-24.bag;0.834065854549408;0.0;0.9619645476341248;0.0;0.7960547501412467;0.9444047902630928;0.055595209736907236
1731800507.7104173;/app/bags/user95_2017-02-24.bag;0.834065854549408;0.0;0.9619645476341248;0.0;0.7960547501412467;0.9444047902630928;0.055595209736907236
1731800507.9104707;/app/bags/user95_2017-02-24.bag;0.834065854549408;0.0;0.9619645476341248;0.0;0.7960547501412467;0.9444047902630928;0.055595209736907236
1731800508.1103947;/app/bags/user95_2017-02-24.bag;0.834065854549408;0.0;0.9619645476341248;0.0;0.7960547501412467;0.9444047902630928;0.055595209736907236
1731800508.3103821;/app/bags/user95_2017-02-24.bag;0.834065854549408;0.0;0.9619645476341248;0.0;0.7960547501412467;0.9444047902630928;0.055595209736907236
1731800508.5103486;/app/bags/user95_2017-02-24.bag;0.834065854549408;0.0;0.9619645476341248;0.0;0.7960547501412467;0.9444047902630928;0.055595209736907236
1731800508.7104247;/app/bags/user95_2017-02-24.bag;0.834065854549408;0.0;0.9619645476341248;0.0;0.7960547501412467;0.9444047902630928;0.055595209736907236
1731800508.910393;/app/bags/user95_2017-02-24.bag;0.834065854549408;0.0;0.9619645476341248;0.0;0.7960547501412467;0.9444047902630928;0.055595209736907236
1731800509.1104174;/app/bags/user95_2017-02-24.bag;0.834065854549408;0.0;0.9619645476341248;0.0;0.7960547501412467;0.9444047902630928;0.055595209736907236
1731800509.3103642;/app/bags/user95_2017-02-24.bag;0.834065854549408;0.0;0.9619645476341248;0.0;0.7960547501412467;0.9444047902630928;0.055595209736907236
1731800509.5104115;/app/bags/user95_2017-02-24.bag;0.834065854549408;0.0;0.9619645476341248;0.0;0.7960547501412467;0.9444047902630928;0.055595209736907236
1731800509.710402;/app/bags/user95_2017-02-24.bag;0.834065854549408;0.0;0.9619645476341248;0.0;0.7960547501412467;0.9444047902630928;0.055595209736907236
1731800509.910458;/app/bags/user95_2017-02-24.bag;0.834065854549408;0.0;0.9619645476341248;0.0;0.7960547501412467;0.9444047902630928;0.055595209736907236
1731800510.1104054;/app/bags/user95_2017-02-24.bag;0.834065854549408;0.0;0.9619645476341248;0.0;0.7960547501412467;0.9444047902630928;0.055595209736907236
1731800510.3103611;/app/bags/user95_2017-02-24.bag;0.834065854549408;0.0;0.9619645476341248;0.0;0.7960547501412467;0.9444047902630928;0.055595209736907236
1731800510.5103705;/app/bags/user95_2017-02-24.bag;0.834065854549408;0.0;0.9619645476341248;0.0;0.7960547501412467;0.9444047902630928;0.055595209736907236
1731800510.7104816;/app/bags/user95_2017-02-24.bag;0.834065854549408;0.0;0.9619645476341248;0.0;0.7960547501412467;0.9444047902630928;0.055595209736907236
1731800510.910396;/app/bags/user95_2017-02-24.bag;0.834065854549408;0.0;0.9619645476341248;0.0;0.7960547501412467;0.9444047902630928;0.055595209736907236
1731800511.1103644;/app/bags/user95_2017-02-24.bag;0.834065854549408;0.0;0.9619645476341248;0.0;0.7960547501412467;0.9444047902630928;0.055595209736907236
1731800511.3105175;/app/bags/user95_2017-02-24.bag;0.834065854549408;0.0;0.9619645476341248;0.0;0.7960547501412467;0.9444047902630928;0.055595209736907236
1731800511.510467;/app/bags/user95_2017-02-24.bag;0.834065854549408;0.0;0.9619645476341248;0.0;0.7960547501412467;0.9444047902630928;0.055595209736907236
1731800511.7104888;/app/bags/user95_2017-02-24.bag;0.834065854549408;0.0;0.9619645476341248;0.0;0.7960547501412467;0.9444047902630928;0.055595209736907236
1731800511.9104755;/app/bags/user95_2017-02-24.bag;0.834065854549408;0.0;0.9619645476341248;0.0;0.7960547501412467;0.9444047902630928;0.055595209736907236
1731800512.1104004;/app/bags/user95_2017-02-24.bag;0.834065854549408;0.0;0.9619645476341248;0.0;0.7960547501412467;0.9444047902630928;0.055595209736907236
1731800512.310478;/app/bags/user95_2017-02-24.bag;0.834065854549408;0.0;0.9619645476341248;0.0;0.7960547501412467;0.9444047902630928;0.055595209736907236
1731800512.5103807;/app/bags/user95_2017-02-24.bag;0.834065854549408;0.0;0.9619645476341248;0.0;0.7960547501412467;0.9444047902630928;0.055595209736907236
1731800512.7105417;/app/bags/user95_2017-02-24.bag;0.834065854549408;0.0;0.9619645476341248;0.0;0.7960547501412467;0.9444047902630928;0.055595209736907236
1731800512.9104888;/app/bags/user95_2017-02-24.bag;0.834065854549408;0.0;0.9619645476341248;0.0;0.7960547501412467;0.9444047902630928;0.055595209736907236
1731800513.1104374;/app/bags/user95_2017-02-24.bag;0.834065854549408;0.0;0.9619645476341248;0.0;0.7960547501412467;0.9444047902630928;0.055595209736907236
1731800513.3104045;/app/bags/user95_2017-02-24.bag;0.834065854549408;0.0;0.9619645476341248;0.0;0.7960547501412467;0.9444047902630928;0.055595209736907236
1731800513.5103874;/app/bags/user95_2017-02-24.bag;0.834065854549408;0.0;0.9619645476341248;0.0;0.7960547501412467;0.9444047902630928;0.055595209736907236
1731800513.7104316;/app/bags/user95_2017-02-24.bag;0.834065854549408;0.0;0.9619645476341248;0.0;0.7960547501412467;0.9444047902630928;0.055595209736907236
1731800513.910482;/app/bags/user95_2017-02-24.bag;0.834065854549408;0.0;0.9619645476341248;0.0;0.7960547501412467;0.9444047902630928;0.055595209736907236
1731800514.110359;/app/bags/user95_2017-02-24.bag;0.834065854549408;0.0;0.9619645476341248;0.0;0.7960547501412467;0.9444047902630928;0.055595209736907236
1731800514.3103962;/app/bags/user95_2017-02-24.bag;0.834065854549408;0.0;0.9619645476341248;0.0;0.7960547501412467;0.9444047902630928;0.055595209736907236
1731800514.5103786;/app/bags/user95_2017-02-24.bag;0.834065854549408;0.0;0.9619645476341248;0.0;0.7960547501412467;0.9444047902630928;0.055595209736907236
1731800514.7104013;/app/bags/user95_2017-02-24.bag;0.834065854549408;0.0;0.9619645476341248;0.0;0.7960547501412467;0.9444047902630928;0.055595209736907236
1731800514.9104261;/app/bags/user95_2017-02-24.bag;0.834065854549408;0.0;0.9619645476341248;0.0;0.7960547501412467;0.9444047902630928;0.055595209736907236
1731800515.1103966;/app/bags/user95_2017-02-24.bag;0.834065854549408;0.0;0.9619645476341248;0.0;0.7960547501412467;0.9444047902630928;0.055595209736907236
1731800515.3103735;/app/bags/user95_2017-02-24.bag;0.834065854549408;0.0;0.9619645476341248;0.0;0.7960547501412467;0.9444047902630928;0.055595209736907236
1731800515.5104148;/app/bags/user95_2017-02-24.bag;0.834065854549408;0.0;0.9619645476341248;0.0;0.7960547501412467;0.9444047902630928;0.055595209736907236
1731800515.7104285;/app/bags/user95_2017-02-24.bag;0.834065854549408;0.0;0.9619645476341248;0.0;0.7960547501412467;0.9444047902630928;0.055595209736907236
1731800515.9103878;/app/bags/user95_2017-02-24.bag;0.834065854549408;0.0;0.9619645476341248;0.0;0.7960547501412467;0.9444047902630928;0.055595209736907236
1731800516.1104019;/app/bags/user95_2017-02-24.bag;0.834065854549408;0.0;0.9619645476341248;0.0;0.7960547501412467;0.9444047902630928;0.055595209736907236
1731800516.3104005;/app/bags/user95_2017-02-24.bag;0.834065854549408;0.0;0.9619645476341248;0.0;0.7960547501412467;0.9444047902630928;0.055595209736907236
1731800516.510432;/app/bags/user95_2017-02-24.bag;0.834065854549408;0.0;0.9619645476341248;0.0;0.7960547501412467;0.9444047902630928;0.055595209736907236
1731800516.7104154;/app/bags/user95_2017-02-24.bag;0.834065854549408;0.0;0.9619645476341248;0.0;0.7960547501412467;0.9444047902630928;0.055595209736907236
1731800516.910409;/app/bags/user95_2017-02-24.bag;0.834065854549408;0.0;0.9619645476341248;0.0;0.7960547501412467;0.9444047902630928;0.055595209736907236
1731800517.1104445;/app/bags/user95_2017-02-24.bag;0.834065854549408;0.0;0.9619645476341248;0.0;0.7960547501412467;0.9444047902630928;0.055595209736907236
1731800517.310382;/app/bags/user95_2017-02-24.bag;0.834065854549408;0.0;0.9619645476341248;0.0;0.7960547501412467;0.9444047902630928;0.055595209736907236
1731800517.5104122;/app/bags/user95_2017-02-24.bag;0.834065854549408;0.0;0.9619645476341248;0.0;0.7960547501412467;0.9444047902630928;0.055595209736907236
1731800517.7103868;/app/bags/user95_2017-02-24.bag;0.834065854549408;0.0;0.9619645476341248;0.0;0.7960547501412467;0.9444047902630928;0.055595209736907236
1731800517.910425;/app/bags/user95_2017-02-24.bag;0.834065854549408;0.0;0.9619645476341248;0.0;0.7960547501412467;0.9444047902630928;0.055595209736907236
1731800518.1104245;/app/bags/user95_2017-02-24.bag;0.834065854549408;0.0;0.9619645476341248;0.0;0.7960547501412467;0.9444047902630928;0.055595209736907236
1731800518.3104875;/app/bags/user95_2017-02-24.bag;0.834065854549408;0.0;0.9619645476341248;0.0;0.7960547501412467;0.9444047902630928;0.055595209736907236
1731800518.5104399;/app/bags/user95_2017-02-24.bag;0.834065854549408;0.0;0.9619645476341248;0.0;0.7960547501412467;0.9444047902630928;0.055595209736907236
1731800518.710405;/app/bags/user95_2017-02-24.bag;0.834065854549408;0.0;0.9619645476341248;0.0;0.7960547501412467;0.9444047902630928;0.055595209736907236
1731800518.910423;/app/bags/user95_2017-02-24.bag;0.834065854549408;0.0;0.9619645476341248;0.0;0.7960547501412467;0.9444047902630928;0.055595209736907236
1731800519.110412;/app/bags/user95_2017-02-24.bag;0.834065854549408;0.0;0.9619645476341248;0.0;0.7960547501412467;0.9444047902630928;0.055595209736907236
1731800519.3103895;/app/bags/user95_2017-02-24.bag;0.834065854549408;0.0;0.9619645476341248;0.0;0.7960547501412467;0.9444047902630928;0.055595209736907236
1731800519.5104516;/app/bags/user95_2017-02-24.bag;0.834065854549408;0.0;0.9619645476341248;0.0;0.7960547501412467;0.9444047902630928;0.055595209736907236
1731800519.7121253;/app/bags/user95_2017-02-24.bag;0.834065854549408;0.0;0.9619645476341248;0.0;0.7960547501412467;0.9444047902630928;0.055595209736907236
1731800519.9104888;/app/bags/user95_2017-02-24.bag;0.834065854549408;0.0;0.9619645476341248;0.0;0.7960547501412467;0.9444047902630928;0.055595209736907236
1731800520.1104746;/app/bags/user95_2017-02-24.bag;0.834065854549408;0.0;0.9619645476341248;0.0;0.7960547501412467;0.9444047902630928;0.055595209736907236
1731800520.310474;/app/bags/user95_2017-02-24.bag;0.834065854549408;0.0;0.9619645476341248;0.0;0.7960547501412467;0.9444047902630928;0.055595209736907236
1731800520.510446;/app/bags/user95_2017-02-24.bag;0.834065854549408;0.0;0.9619645476341248;0.0;0.7960547501412467;0.9444047902630928;0.055595209736907236
1731800520.7103934;/app/bags/user95_2017-02-24.bag;0.834065854549408;0.0;0.9619645476341248;0.0;0.7960547501412467;0.9444047902630928;0.055595209736907236
1731800520.9103906;/app/bags/user95_2017-02-24.bag;0.834065854549408;0.0;0.9619645476341248;0.0;0.7960547501412467;0.9444047902630928;0.055595209736907236
1731800521.110456;/app/bags/user95_2017-02-24.bag;0.834065854549408;0.0;0.9619645476341248;0.0;0.7960547501412467;0.9444047902630928;0.055595209736907236
1731800521.3104231;/app/bags/user95_2017-02-24.bag;0.834065854549408;0.0;0.9619645476341248;0.0;0.7960547501412467;0.9444047902630928;0.055595209736907236
1731800521.5104156;/app/bags/user95_2017-02-24.bag;0.834065854549408;0.0;0.9619645476341248;0.0;0.7960547501412467;0.9444047902630928;0.055595209736907236
1731800521.7103865;/app/bags/user95_2017-02-24.bag;0.834065854549408;0.0;0.9619645476341248;0.0;0.7960547501412467;0.9444047902630928;0.055595209736907236
1731800521.910412;/app/bags/user95_2017-02-24.bag;0.834065854549408;0.0;0.9619645476341248;0.0;0.7960547501412467;0.9444047902630928;0.055595209736907236
1731800522.1103675;/app/bags/user95_2017-02-24.bag;0.834065854549408;0.0;0.9619645476341248;0.0;0.7960547501412467;0.9444047902630928;0.055595209736907236
1731800522.3103793;/app/bags/user95_2017-02-24.bag;0.834065854549408;0.0;0.9619645476341248;0.0;0.7960547501412467;0.9444047902630928;0.055595209736907236
1731800522.5103877;/app/bags/user95_2017-02-24.bag;0.834065854549408;0.0;0.9619645476341248;0.0;0.7960547501412467;0.9444047902630928;0.055595209736907236
1731800522.7103934;/app/bags/user95_2017-02-24.bag;0.834065854549408;0.0;0.9619645476341248;0.0;0.7960547501412467;0.9444047902630928;0.055595209736907236
1731800522.910363;/app/bags/user95_2017-02-24.bag;0.834065854549408;0.0;0.9619645476341248;0.0;0.7960547501412467;0.9444047902630928;0.055595209736907236
1731800523.110522;/app/bags/user95_2017-02-24.bag;0.834065854549408;0.0;0.9619645476341248;0.0;0.7960547501412467;0.9444047902630928;0.055595209736907236
1731800523.3103995;/app/bags/user95_2017-02-24.bag;0.834065854549408;0.0;0.9619645476341248;0.0;0.7960547501412467;0.9444047902630928;0.055595209736907236
1731800523.510371;/app/bags/user95_2017-02-24.bag;0.834065854549408;0.0;0.9619645476341248;0.0;0.7960547501412467;0.9444047902630928;0.055595209736907236
1731800523.7105744;/app/bags/user95_2017-02-24.bag;0.834065854549408;0.0;0.9619645476341248;0.0;0.7960547501412467;0.9444047902630928;0.055595209736907236
1731800523.9105191;/app/bags/user95_2017-02-24.bag;0.834065854549408;0.0;0.9619645476341248;0.0;0.7960547501412467;0.9444047902630928;0.055595209736907236
1731800524.1103969;/app/bags/user95_2017-02-24.bag;0.834065854549408;0.0;0.9619645476341248;0.0;0.7960547501412467;0.9444047902630928;0.055595209736907236
1731800524.3103986;/app/bags/user95_2017-02-24.bag;0.834065854549408;0.0;0.9619645476341248;0.0;0.7960547501412467;0.9444047902630928;0.055595209736907236
1731800524.5103798;/app/bags/user95_2017-02-24.bag;0.834065854549408;0.0;0.9619645476341248;0.0;0.7960547501412467;0.9444047902630928;0.055595209736907236
1731800524.710395;/app/bags/user95_2017-02-24.bag;0.834065854549408;0.0;0.9619645476341248;0.0;0.7960547501412467;0.9444047902630928;0.055595209736907236
1731800524.910429;/app/bags/user95_2017-02-24.bag;0.834065854549408;0.0;0.9619645476341248;0.0;0.7960547501412467;0.9444047902630928;0.055595209736907236
1731800525.110443;/app/bags/user95_2017-02-24.bag;0.834065854549408;0.0;0.9619645476341248;0.0;0.7960547501412467;0.9444047902630928;0.055595209736907236
1731800525.3104208;/app/bags/user95_2017-02-24.bag;0.834065854549408;0.0;0.9619645476341248;0.0;0.7960547501412467;0.9444047902630928;0.055595209736907236
1731800525.510403;/app/bags/user95_2017-02-24.bag;0.834065854549408;0.0;0.9619645476341248;0.0;0.7960547501412467;0.9444047902630928;0.055595209736907236
1731800525.7103887;/app/bags/user95_2017-02-24.bag;0.834065854549408;0.0;0.9619645476341248;0.0;0.7960547501412467;0.9444047902630928;0.055595209736907236
1731800525.9104514;/app/bags/user95_2017-02-24.bag;0.834065854549408;0.0;0.9619645476341248;0.0;0.7960547501412467;0.9444047902630928;0.055595209736907236
1731800526.110383;/app/bags/user95_2017-02-24.bag;0.834065854549408;0.0;0.9619645476341248;0.0;0.7960547501412467;0.9444047902630928;0.055595209736907236
1731800526.3103964;/app/bags/user95_2017-02-24.bag;0.834065854549408;0.0;0.9619645476341248;0.0;0.7960547501412467;0.9444047902630928;0.055595209736907236
1731800526.51038;/app/bags/user95_2017-02-24.bag;0.834065854549408;0.0;0.9619645476341248;0.0;0.7960547501412467;0.9444047902630928;0.055595209736907236
1731800526.7103813;/app/bags/user95_2017-02-24.bag;0.834065854549408;0.0;0.9619645476341248;0.0;0.7960547501412467;0.9444047902630928;0.055595209736907236
1731800526.9104202;/app/bags/user95_2017-02-24.bag;0.834065854549408;0.0;0.9619645476341248;0.0;0.7960547501412467;0.9444047902630928;0.055595209736907236
1731800527.1103957;/app/bags/user95_2017-02-24.bag;0.834065854549408;0.0;0.9619645476341248;0.0;0.7960547501412467;0.9444047902630928;0.055595209736907236
1731800527.310414;/app/bags/user95_2017-02-24.bag;0.834065854549408;0.0;0.9619645476341248;0.0;0.7960547501412467;0.9444047902630928;0.055595209736907236
1731800527.510362;/app/bags/user95_2017-02-24.bag;0.834065854549408;0.0;0.9619645476341248;0.0;0.7960547501412467;0.9444047902630928;0.055595209736907236
1731800527.7105122;/app/bags/user95_2017-02-24.bag;0.834065854549408;0.0;0.9619645476341248;0.0;0.7960547501412467;0.9444047902630928;0.055595209736907236
1731800527.9103813;/app/bags/user95_2017-02-24.bag;0.834065854549408;0.0;0.9619645476341248;0.0;0.7960547501412467;0.9444047902630928;0.055595209736907236
1731800528.1104188;/app/bags/user95_2017-02-24.bag;0.834065854549408;0.0;0.9619645476341248;0.0;0.7960547501412467;0.9444047902630928;0.055595209736907236
1731800528.3103733;/app/bags/user95_2017-02-24.bag;0.834065854549408;0.0;0.9619645476341248;0.0;0.7960547501412467;0.9444047902630928;0.055595209736907236
1731800528.5104222;/app/bags/user95_2017-02-24.bag;0.834065854549408;0.0;0.9619645476341248;0.0;0.7960547501412467;0.9444047902630928;0.055595209736907236
1731800528.710348;/app/bags/user95_2017-02-24.bag;0.834065854549408;0.0;0.9619645476341248;0.0;0.7960547501412467;0.9444047902630928;0.055595209736907236
1731800528.9103632;/app/bags/user95_2017-02-24.bag;0.834065854549408;0.0;0.9619645476341248;0.0;0.7960547501412467;0.9444047902630928;0.055595209736907236
1731800529.1105251;/app/bags/user95_2017-02-24.bag;0.834065854549408;0.0;0.9619645476341248;0.0;0.7960547501412467;0.9444047902630928;0.055595209736907236
1731800529.3103538;/app/bags/user95_2017-02-24.bag;0.834065854549408;0.0;0.9619645476341248;0.0;0.7960547501412467;0.9444047902630928;0.055595209736907236
1731800529.510415;/app/bags/user95_2017-02-24.bag;0.834065854549408;0.0;0.9619645476341248;0.0;0.7960547501412467;0.9444047902630928;0.055595209736907236
1731800529.7103982;/app/bags/user95_2017-02-24.bag;0.834065854549408;0.0;0.9619645476341248;0.0;0.7960547501412467;0.9444047902630928;0.055595209736907236
1731800529.9103875;/app/bags/user95_2017-02-24.bag;0.834065854549408;0.0;0.9619645476341248;0.0;0.7960547501412467;0.9444047902630928;0.055595209736907236
1731800530.110446;/app/bags/user95_2017-02-24.bag;0.834065854549408;0.0;0.9619645476341248;0.0;0.7960547501412467;0.9444047902630928;0.055595209736907236
1731800530.310429;/app/bags/user95_2017-02-24.bag;0.834065854549408;0.0;0.9619645476341248;0.0;0.7960547501412467;0.9444047902630928;0.055595209736907236
1731800530.5104094;/app/bags/user95_2017-02-24.bag;0.834065854549408;0.0;0.9619645476341248;0.0;0.7960547501412467;0.9444047902630928;0.055595209736907236
1731800530.7104628;/app/bags/user95_2017-02-24.bag;0.834065854549408;0.0;0.9619645476341248;0.0;0.7960547501412467;0.9444047902630928;0.055595209736907236
1731800530.9104722;/app/bags/user95_2017-02-24.bag;0.834065854549408;0.0;0.9619645476341248;0.0;0.7960547501412467;0.9444047902630928;0.055595209736907236
1731800531.1105428;/app/bags/user95_2017-02-24.bag;0.834065854549408;0.0;0.9619645476341248;0.0;0.7960547501412467;0.9444047902630928;0.055595209736907236
1731800531.3103824;/app/bags/user95_2017-02-24.bag;0.834065854549408;0.0;0.9619645476341248;0.0;0.7960547501412467;0.9444047902630928;0.055595209736907236
1731800531.510393;/app/bags/user95_2017-02-24.bag;0.834065854549408;0.0;0.9619645476341248;0.0;0.7960547501412467;0.9444047902630928;0.055595209736907236
1731800531.7104611;/app/bags/user95_2017-02-24.bag;0.834065854549408;0.0;0.9619645476341248;0.0;0.7960547501412467;0.9444047902630928;0.055595209736907236
1731800531.910582;/app/bags/user95_2017-02-24.bag;0.834065854549408;0.0;0.9619645476341248;0.0;0.7960547501412467;0.9444047902630928;0.055595209736907236
1731800532.1103857;/app/bags/user95_2017-02-24.bag;0.834065854549408;0.0;0.9619645476341248;0.0;0.7960547501412467;0.9444047902630928;0.055595209736907236
1731800532.3104138;/app/bags/user95_2017-02-24.bag;0.834065854549408;0.0;0.9619645476341248;0.0;0.7960547501412467;0.9444047902630928;0.055595209736907236
1731800532.5104587;/app/bags/user95_2017-02-24.bag;0.834065854549408;0.0;0.9619645476341248;0.0;0.7960547501412467;0.9444047902630928;0.055595209736907236
1731800532.7104454;/app/bags/user95_2017-02-24.bag;0.834065854549408;0.0;0.9619645476341248;0.0;0.7960547501412467;0.9444047902630928;0.055595209736907236
1731800532.910395;/app/bags/user95_2017-02-24.bag;0.834065854549408;0.0;0.9619645476341248;0.0;0.7960547501412467;0.9444047902630928;0.055595209736907236
1731800533.110484;/app/bags/user95_2017-02-24.bag;0.834065854549408;0.0;0.9619645476341248;0.0;0.7960547501412467;0.9444047902630928;0.055595209736907236
1731800533.3103383;/app/bags/user95_2017-02-24.bag;0.834065854549408;0.0;0.9619645476341248;0.0;0.7960547501412467;0.9444047902630928;0.055595209736907236
1731800533.5103836;/app/bags/user95_2017-02-24.bag;0.834065854549408;0.0;0.9619645476341248;0.0;0.7960547501412467;0.9444047902630928;0.055595209736907236
1731800533.7103965;/app/bags/user95_2017-02-24.bag;0.834065854549408;0.0;0.9619645476341248;0.0;0.7960547501412467;0.9444047902630928;0.055595209736907236
1731800533.9102569;/app/bags/user95_2017-02-24.bag;0.834065854549408;0.0;0.9619645476341248;0.0;0.7960547501412467;0.9444047902630928;0.055595209736907236
1731800534.1103883;/app/bags/user95_2017-02-24.bag;0.834065854549408;0.0;0.9619645476341248;0.0;0.7960547501412467;0.9444047902630928;0.055595209736907236
1731800534.3104079;/app/bags/user95_2017-02-24.bag;0.834065854549408;0.0;0.9619645476341248;0.0;0.7960547501412467;0.9444047902630928;0.055595209736907236
1731800534.5104249;/app/bags/user95_2017-02-24.bag;0.834065854549408;0.0;0.9619645476341248;0.0;0.7960547501412467;0.9444047902630928;0.055595209736907236
1731800534.7103772;/app/bags/user95_2017-02-24.bag;0.834065854549408;0.0;0.9619645476341248;0.0;0.7960547501412467;0.9444047902630928;0.055595209736907236
1731800534.9104736;/app/bags/user95_2017-02-24.bag;0.834065854549408;0.0;0.9619645476341248;0.0;0.7960547501412467;0.9444047902630928;0.055595209736907236
1731800535.1105309;/app/bags/user95_2017-02-24.bag;0.834065854549408;0.0;0.9619645476341248;0.0;0.7960547501412467;0.9444047902630928;0.055595209736907236
1731800535.3104196;/app/bags/user95_2017-02-24.bag;0.834065854549408;0.0;0.9619645476341248;0.0;0.7960547501412467;0.9444047902630928;0.055595209736907236
1731800535.5104377;/app/bags/user95_2017-02-24.bag;0.834065854549408;0.0;0.9619645476341248;0.0;0.7960547501412467;0.9444047902630928;0.055595209736907236
1731800535.7104697;/app/bags/user95_2017-02-24.bag;0.834065854549408;0.0;0.9619645476341248;0.0;0.7960547501412467;0.9444047902630928;0.055595209736907236
1731800535.9105098;/app/bags/user95_2017-02-24.bag;0.834065854549408;0.0;0.9619645476341248;0.0;0.7960547501412467;0.9444047902630928;0.055595209736907236
1731800536.1105707;/app/bags/user95_2017-02-24.bag;0.834065854549408;0.0;0.9619645476341248;0.0;0.7960547501412467;0.9444047902630928;0.055595209736907236
1731800536.3104668;/app/bags/user95_2017-02-24.bag;0.834065854549408;0.0;0.9619645476341248;0.0;0.7960547501412467;0.9444047902630928;0.055595209736907236
1731800536.5103998;/app/bags/user95_2017-02-24.bag;0.834065854549408;0.0;0.9619645476341248;0.0;0.7960547501412467;0.9444047902630928;0.055595209736907236
1731800536.7104352;/app/bags/user95_2017-02-24.bag;0.834065854549408;0.0;0.9619645476341248;0.0;0.7960547501412467;0.9444047902630928;0.055595209736907236
1731800536.910391;/app/bags/user95_2017-02-24.bag;0.834065854549408;0.0;0.9619645476341248;0.0;0.7960547501412467;0.9444047902630928;0.055595209736907236
1731800537.110367;/app/bags/user95_2017-02-24.bag;0.834065854549408;0.0;0.9619645476341248;0.0;0.7960547501412467;0.9444047902630928;0.055595209736907236
1731800537.310364;/app/bags/user95_2017-02-24.bag;0.834065854549408;0.0;0.9619645476341248;0.0;0.7960547501412467;0.9444047902630928;0.055595209736907236
1731800537.5104363;/app/bags/user95_2017-02-24.bag;0.834065854549408;0.0;0.9619645476341248;0.0;0.7960547501412467;0.9444047902630928;0.055595209736907236
1731800537.7104454;/app/bags/user95_2017-02-24.bag;0.834065854549408;0.0;0.9619645476341248;0.0;0.7960547501412467;0.9444047902630928;0.055595209736907236
1731800537.9103913;/app/bags/user95_2017-02-24.bag;0.834065854549408;0.0;0.9619645476341248;0.0;0.7960547501412467;0.9444047902630928;0.055595209736907236
1731800538.1104295;/app/bags/user95_2017-02-24.bag;0.834065854549408;0.0;0.9619645476341248;0.0;0.7960547501412467;0.9444047902630928;0.055595209736907236
1731800538.3104737;/app/bags/user95_2017-02-24.bag;0.834065854549408;0.0;0.9619645476341248;0.0;0.7960547501412467;0.9444047902630928;0.055595209736907236
1731800538.5104036;/app/bags/user95_2017-02-24.bag;0.834065854549408;0.0;0.9619645476341248;0.0;0.7960547501412467;0.9444047902630928;0.055595209736907236
1731800538.7104392;/app/bags/user95_2017-02-24.bag;0.834065854549408;0.0;0.9619645476341248;0.0;0.7960547501412467;0.9444047902630928;0.055595209736907236
1731800538.9103358;/app/bags/user95_2017-02-24.bag;0.834065854549408;0.0;0.9619645476341248;0.0;0.7960547501412467;0.9444047902630928;0.055595209736907236
1731800539.110386;/app/bags/user95_2017-02-24.bag;0.834065854549408;0.0;0.9619645476341248;0.0;0.7960547501412467;0.9444047902630928;0.055595209736907236
1731800539.3103898;/app/bags/user95_2017-02-24.bag;0.834065854549408;0.0;0.9619645476341248;0.0;0.7960547501412467;0.9444047902630928;0.055595209736907236
1731800539.510405;/app/bags/user95_2017-02-24.bag;0.834065854549408;0.0;0.9619645476341248;0.0;0.7960547501412467;0.9444047902630928;0.055595209736907236
1731800539.7103903;/app/bags/user95_2017-02-24.bag;0.834065854549408;0.0;0.9619645476341248;0.0;0.7960547501412467;0.9444047902630928;0.055595209736907236
1731800539.910398;/app/bags/user95_2017-02-24.bag;0.834065854549408;0.0;0.9619645476341248;0.0;0.7960547501412467;0.9444047902630928;0.055595209736907236
1731800540.110407;/app/bags/user95_2017-02-24.bag;0.834065854549408;0.0;0.9619645476341248;0.0;0.7960547501412467;0.9444047902630928;0.055595209736907236
1731800540.3104117;/app/bags/user95_2017-02-24.bag;0.834065854549408;0.0;0.9619645476341248;0.0;0.7960547501412467;0.9444047902630928;0.055595209736907236
1731800540.5104136;/app/bags/user95_2017-02-24.bag;0.834065854549408;0.0;0.9619645476341248;0.0;0.7960547501412467;0.9444047902630928;0.055595209736907236
1731800540.710405;/app/bags/user95_2017-02-24.bag;0.834065854549408;0.0;0.9619645476341248;0.0;0.7960547501412467;0.9444047902630928;0.055595209736907236
1731800540.9103937;/app/bags/user95_2017-02-24.bag;0.834065854549408;0.0;0.9619645476341248;0.0;0.7960547501412467;0.9444047902630928;0.055595209736907236
1731800541.110401;/app/bags/user95_2017-02-24.bag;0.834065854549408;0.0;0.9619645476341248;0.0;0.7960547501412467;0.9444047902630928;0.055595209736907236
1731800541.3104205;/app/bags/user95_2017-02-24.bag;0.834065854549408;0.0;0.9619645476341248;0.0;0.7960547501412467;0.9444047902630928;0.055595209736907236
1731800541.5105653;/app/bags/user95_2017-02-24.bag;0.834065854549408;0.0;0.9619645476341248;0.0;0.7960547501412467;0.9444047902630928;0.055595209736907236
1731800541.7104273;/app/bags/user95_2017-02-24.bag;0.834065854549408;0.0;0.9619645476341248;0.0;0.7960547501412467;0.9444047902630928;0.055595209736907236
1731800541.9103916;/app/bags/user95_2017-02-24.bag;0.834065854549408;0.0;0.9619645476341248;0.0;0.7960547501412467;0.9444047902630928;0.055595209736907236
1731800542.1104403;/app/bags/user95_2017-02-24.bag;0.834065854549408;0.0;0.9619645476341248;0.0;0.7960547501412467;0.9444047902630928;0.055595209736907236
1731800542.3103945;/app/bags/user95_2017-02-24.bag;0.834065854549408;0.0;0.9619645476341248;0.0;0.7960547501412467;0.9444047902630928;0.055595209736907236
1731800542.510398;/app/bags/user95_2017-02-24.bag;0.834065854549408;0.0;0.9619645476341248;0.0;0.7960547501412467;0.9444047902630928;0.055595209736907236
1731800542.7104716;/app/bags/user95_2017-02-24.bag;0.834065854549408;0.0;0.9619645476341248;0.0;0.7960547501412467;0.9444047902630928;0.055595209736907236
1731800542.910458;/app/bags/user95_2017-02-24.bag;0.834065854549408;0.0;0.9619645476341248;0.0;0.7960547501412467;0.9444047902630928;0.055595209736907236
1731800543.1104097;/app/bags/user95_2017-02-24.bag;0.834065854549408;0.0;0.9619645476341248;0.0;0.7960547501412467;0.9444047902630928;0.055595209736907236
1731800543.3103817;/app/bags/user95_2017-02-24.bag;0.834065854549408;0.0;0.9619645476341248;0.0;0.7960547501412467;0.9444047902630928;0.055595209736907236
1731800543.51037;/app/bags/user95_2017-02-24.bag;0.834065854549408;0.0;0.9619645476341248;0.0;0.7960547501412467;0.9444047902630928;0.055595209736907236
1731800543.7104783;/app/bags/user95_2017-02-24.bag;0.834065854549408;0.0;0.9619645476341248;0.0;0.7960547501412467;0.9444047902630928;0.055595209736907236
1731800543.9104621;/app/bags/user95_2017-02-24.bag;0.834065854549408;0.0;0.9619645476341248;0.0;0.7960547501412467;0.9444047902630928;0.055595209736907236
1731800544.1104608;/app/bags/user95_2017-02-24.bag;0.834065854549408;0.0;0.9619645476341248;0.0;0.7960547501412467;0.9444047902630928;0.055595209736907236
1731800544.3104417;/app/bags/user95_2017-02-24.bag;0.834065854549408;0.0;0.9619645476341248;0.0;0.7960547501412467;0.9444047902630928;0.055595209736907236
1731800544.51038;/app/bags/user95_2017-02-24.bag;0.834065854549408;0.0;0.9619645476341248;0.0;0.7960547501412467;0.9444047902630928;0.055595209736907236
1731800544.7104292;/app/bags/user95_2017-02-24.bag;0.834065854549408;0.0;0.9619645476341248;0.0;0.7960547501412467;0.9444047902630928;0.055595209736907236
1731800544.91041;/app/bags/user95_2017-02-24.bag;0.834065854549408;0.0;0.9619645476341248;0.0;0.7960547501412467;0.9444047902630928;0.055595209736907236
1731800545.1104715;/app/bags/user95_2017-02-24.bag;0.834065854549408;0.0;0.9619645476341248;0.0;0.7960547501412467;0.9444047902630928;0.055595209736907236
1731800545.310495;/app/bags/user95_2017-02-24.bag;0.834065854549408;0.0;0.9619645476341248;0.0;0.7960547501412467;0.9444047902630928;0.055595209736907236
1731800545.5104046;/app/bags/user95_2017-02-24.bag;0.834065854549408;0.0;0.9619645476341248;0.0;0.7960547501412467;0.9444047902630928;0.055595209736907236
1731800545.710396;/app/bags/user95_2017-02-24.bag;0.834065854549408;0.0;0.9619645476341248;0.0;0.7960547501412467;0.9444047902630928;0.055595209736907236
1731800545.9103649;/app/bags/user95_2017-02-24.bag;0.834065854549408;0.0;0.9619645476341248;0.0;0.7960547501412467;0.9444047902630928;0.055595209736907236
1731800546.110438;/app/bags/user95_2017-02-24.bag;0.834065854549408;0.0;0.9619645476341248;0.0;0.7960547501412467;0.9444047902630928;0.055595209736907236
1731800546.310417;/app/bags/user95_2017-02-24.bag;0.834065854549408;0.0;0.9619645476341248;0.0;0.7960547501412467;0.9444047902630928;0.055595209736907236
1731800546.5103881;/app/bags/user95_2017-02-24.bag;0.834065854549408;0.0;0.9619645476341248;0.0;0.7960547501412467;0.9444047902630928;0.055595209736907236
1731800546.7104027;/app/bags/user95_2017-02-24.bag;0.834065854549408;0.0;0.9619645476341248;0.0;0.7960547501412467;0.9444047902630928;0.055595209736907236
1731800546.9104013;/app/bags/user95_2017-02-24.bag;0.834065854549408;0.0;0.9619645476341248;0.0;0.7960547501412467;0.9444047902630928;0.055595209736907236
1731800547.1104577;/app/bags/user95_2017-02-24.bag;0.834065854549408;0.0;0.9619645476341248;0.0;0.7960547501412467;0.9444047902630928;0.055595209736907236
1731800547.3104184;/app/bags/user95_2017-02-24.bag;0.834065854549408;0.0;0.9619645476341248;0.0;0.7960547501412467;0.9444047902630928;0.055595209736907236
1731800547.5103815;/app/bags/user95_2017-02-24.bag;0.834065854549408;0.0;0.9619645476341248;0.0;0.7960547501412467;0.9444047902630928;0.055595209736907236
1731800547.7103856;/app/bags/user95_2017-02-24.bag;0.834065854549408;0.0;0.9619645476341248;0.0;0.7960547501412467;0.9444047902630928;0.055595209736907236
1731800547.9104898;/app/bags/user95_2017-02-24.bag;0.834065854549408;0.0;0.9619645476341248;0.0;0.7960547501412467;0.9444047902630928;0.055595209736907236
1731800548.1103916;/app/bags/user95_2017-02-24.bag;0.834065854549408;0.0;0.9619645476341248;0.0;0.7960547501412467;0.9444047902630928;0.055595209736907236
1731800548.3103738;/app/bags/user95_2017-02-24.bag;0.834065854549408;0.0;0.9619645476341248;0.0;0.7960547501412467;0.9444047902630928;0.055595209736907236
1731800548.5103564;/app/bags/user95_2017-02-24.bag;0.834065854549408;0.0;0.9619645476341248;0.0;0.7960547501412467;0.9444047902630928;0.055595209736907236
1731800548.710442;/app/bags/user95_2017-02-24.bag;0.834065854549408;0.0;0.9619645476341248;0.0;0.7960547501412467;0.9444047902630928;0.055595209736907236
1731800548.910403;/app/bags/user95_2017-02-24.bag;0.834065854549408;0.0;0.9619645476341248;0.0;0.7960547501412467;0.9444047902630928;0.055595209736907236
1731800549.110394;/app/bags/user95_2017-02-24.bag;0.834065854549408;0.0;0.9619645476341248;0.0;0.7960547501412467;0.9444047902630928;0.055595209736907236
1731800549.3103747;/app/bags/user95_2017-02-24.bag;0.834065854549408;0.0;0.9619645476341248;0.0;0.7960547501412467;0.9444047902630928;0.055595209736907236
1731800549.5103457;/app/bags/user95_2017-02-24.bag;0.834065854549408;0.0;0.9619645476341248;0.0;0.7960547501412467;0.9444047902630928;0.055595209736907236
1731800549.7103567;/app/bags/user95_2017-02-24.bag;0.834065854549408;0.0;0.9619645476341248;0.0;0.7960547501412467;0.9444047902630928;0.055595209736907236
1731800549.9103482;/app/bags/user95_2017-02-24.bag;0.834065854549408;0.0;0.9619645476341248;0.0;0.7960547501412467;0.9444047902630928;0.055595209736907236
1731800550.1104863;/app/bags/user95_2017-02-24.bag;0.834065854549408;0.0;0.9619645476341248;0.0;0.7960547501412467;0.9444047902630928;0.055595209736907236
1731800550.3104048;/app/bags/user95_2017-02-24.bag;0.834065854549408;0.0;0.9619645476341248;0.0;0.7960547501412467;0.9444047902630928;0.055595209736907236
1731800550.51039;/app/bags/user95_2017-02-24.bag;0.834065854549408;0.0;0.9619645476341248;0.0;0.7960547501412467;0.9444047902630928;0.055595209736907236
1731800550.710407;/app/bags/user95_2017-02-24.bag;0.834065854549408;0.0;0.9619645476341248;0.0;0.7960547501412467;0.9444047902630928;0.055595209736907236
1731800550.9103582;/app/bags/user95_2017-02-24.bag;0.834065854549408;0.0;0.9619645476341248;0.0;0.7960547501412467;0.9444047902630928;0.055595209736907236
1731800551.1103883;/app/bags/user95_2017-02-24.bag;0.834065854549408;0.0;0.9619645476341248;0.0;0.7960547501412467;0.9444047902630928;0.055595209736907236
1731800551.3104618;/app/bags/user95_2017-02-24.bag;0.834065854549408;0.0;0.9619645476341248;0.0;0.7960547501412467;0.9444047902630928;0.055595209736907236
1731800551.5104518;/app/bags/user95_2017-02-24.bag;0.834065854549408;0.0;0.9619645476341248;0.0;0.7960547501412467;0.9444047902630928;0.055595209736907236
1731800551.710353;/app/bags/user95_2017-02-24.bag;0.834065854549408;0.0;0.9619645476341248;0.0;0.7960547501412467;0.9444047902630928;0.055595209736907236
1731800551.9103878;/app/bags/user95_2017-02-24.bag;0.834065854549408;0.0;0.9619645476341248;0.0;0.7960547501412467;0.9444047902630928;0.055595209736907236
1731800552.1103818;/app/bags/user95_2017-02-24.bag;0.834065854549408;0.0;0.9619645476341248;0.0;0.7960547501412467;0.9444047902630928;0.055595209736907236
1731800552.3103528;/app/bags/user95_2017-02-24.bag;0.834065854549408;0.0;0.9619645476341248;0.0;0.7960547501412467;0.9444047902630928;0.055595209736907236
1731800552.510416;/app/bags/user95_2017-02-24.bag;0.834065854549408;0.0;0.9619645476341248;0.0;0.7960547501412467;0.9444047902630928;0.055595209736907236
1731800552.710413;/app/bags/user95_2017-02-24.bag;0.834065854549408;0.0;0.9619645476341248;0.0;0.7960547501412467;0.9444047902630928;0.055595209736907236
1731800552.9104016;/app/bags/user95_2017-02-24.bag;0.834065854549408;0.0;0.9619645476341248;0.0;0.7960547501412467;0.9444047902630928;0.055595209736907236
1731800553.1104226;/app/bags/user95_2017-02-24.bag;0.834065854549408;0.0;0.9619645476341248;0.0;0.7960547501412467;0.9444047902630928;0.055595209736907236
1731800553.310408;/app/bags/user95_2017-02-24.bag;0.834065854549408;0.0;0.9619645476341248;0.0;0.7960547501412467;0.9444047902630928;0.055595209736907236
1731800553.5103555;/app/bags/user95_2017-02-24.bag;0.834065854549408;0.0;0.9619645476341248;0.0;0.7960547501412467;0.9444047902630928;0.055595209736907236
1731800553.7103739;/app/bags/user95_2017-02-24.bag;0.834065854549408;0.0;0.9619645476341248;0.0;0.7960547501412467;0.9444047902630928;0.055595209736907236
1731800553.910378;/app/bags/user95_2017-02-24.bag;0.834065854549408;0.0;0.9619645476341248;0.0;0.7960547501412467;0.9444047902630928;0.055595209736907236
1731800554.110401;/app/bags/user95_2017-02-24.bag;0.834065854549408;0.0;0.9619645476341248;0.0;0.7960547501412467;0.9444047902630928;0.055595209736907236
1731800554.3103986;/app/bags/user95_2017-02-24.bag;0.834065854549408;0.0;0.9619645476341248;0.0;0.7960547501412467;0.9444047902630928;0.055595209736907236
1731800554.5104053;/app/bags/user95_2017-02-24.bag;0.834065854549408;0.0;0.9619645476341248;0.0;0.7960547501412467;0.9444047902630928;0.055595209736907236
1731800554.7103872;/app/bags/user95_2017-02-24.bag;0.834065854549408;0.0;0.9619645476341248;0.0;0.7960547501412467;0.9444047902630928;0.055595209736907236
1731800554.910395;/app/bags/user95_2017-02-24.bag;0.834065854549408;0.0;0.9619645476341248;0.0;0.7960547501412467;0.9444047902630928;0.055595209736907236
1731800555.110445;/app/bags/user95_2017-02-24.bag;0.834065854549408;0.0;0.9619645476341248;0.0;0.7960547501412467;0.9444047902630928;0.055595209736907236
1731800555.3104563;/app/bags/user95_2017-02-24.bag;0.834065854549408;0.0;0.9619645476341248;0.0;0.7960547501412467;0.9444047902630928;0.055595209736907236
1731800555.5103855;/app/bags/user95_2017-02-24.bag;0.834065854549408;0.0;0.9619645476341248;0.0;0.7960547501412467;0.9444047902630928;0.055595209736907236
1731800555.7104144;/app/bags/user95_2017-02-24.bag;0.834065854549408;0.0;0.9619645476341248;0.0;0.7960547501412467;0.9444047902630928;0.055595209736907236
1731800555.910389;/app/bags/user95_2017-02-24.bag;0.834065854549408;0.0;0.9619645476341248;0.0;0.7960547501412467;0.9444047902630928;0.055595209736907236
1731800556.110454;/app/bags/user95_2017-02-24.bag;0.834065854549408;0.0;0.9619645476341248;0.0;0.7960547501412467;0.9444047902630928;0.055595209736907236
1731800556.310457;/app/bags/user95_2017-02-24.bag;0.834065854549408;0.0;0.9619645476341248;0.0;0.7960547501412467;0.9444047902630928;0.055595209736907236
1731800556.5104012;/app/bags/user95_2017-02-24.bag;0.834065854549408;0.0;0.9619645476341248;0.0;0.7960547501412467;0.9444047902630928;0.055595209736907236
1731800556.71048;/app/bags/user95_2017-02-24.bag;0.834065854549408;0.0;0.9619645476341248;0.0;0.7960547501412467;0.9444047902630928;0.055595209736907236
1731800556.9103594;/app/bags/user95_2017-02-24.bag;0.834065854549408;0.0;0.9619645476341248;0.0;0.7960547501412467;0.9444047902630928;0.055595209736907236
1731800557.1103961;/app/bags/user95_2017-02-24.bag;0.834065854549408;0.0;0.9619645476341248;0.0;0.7960547501412467;0.9444047902630928;0.055595209736907236
1731800557.310577;/app/bags/user95_2017-02-24.bag;0.834065854549408;0.0;0.9619645476341248;0.0;0.7960547501412467;0.9444047902630928;0.055595209736907236
1731800557.5104613;/app/bags/user95_2017-02-24.bag;0.834065854549408;0.0;0.9619645476341248;0.0;0.7960547501412467;0.9444047902630928;0.055595209736907236
1731800557.7103605;/app/bags/user95_2017-02-24.bag;0.834065854549408;0.0;0.9619645476341248;0.0;0.7960547501412467;0.9444047902630928;0.055595209736907236
1731800557.910392;/app/bags/user95_2017-02-24.bag;0.834065854549408;0.0;0.9619645476341248;0.0;0.7960547501412467;0.9444047902630928;0.055595209736907236
1731800558.1103616;/app/bags/user95_2017-02-24.bag;0.834065854549408;0.0;0.9619645476341248;0.0;0.7960547501412467;0.9444047902630928;0.055595209736907236
1731800558.3104014;/app/bags/user95_2017-02-24.bag;0.834065854549408;0.0;0.9619645476341248;0.0;0.7960547501412467;0.9444047902630928;0.055595209736907236
1731800558.510408;/app/bags/user95_2017-02-24.bag;0.834065854549408;0.0;0.9619645476341248;0.0;0.7960547501412467;0.9444047902630928;0.055595209736907236
1731800558.7103913;/app/bags/user95_2017-02-24.bag;0.834065854549408;0.0;0.9619645476341248;0.0;0.7960547501412467;0.9444047902630928;0.055595209736907236
1731800558.9104536;/app/bags/user95_2017-02-24.bag;0.834065854549408;0.0;0.9619645476341248;0.0;0.7960547501412467;0.9444047902630928;0.055595209736907236
1731800559.1103652;/app/bags/user95_2017-02-24.bag;0.834065854549408;0.0;0.9619645476341248;0.0;0.7960547501412467;0.9444047902630928;0.055595209736907236
1731800559.3104603;/app/bags/user95_2017-02-24.bag;0.834065854549408;0.0;0.9619645476341248;0.0;0.7960547501412467;0.9444047902630928;0.055595209736907236
1731800559.5104089;/app/bags/user95_2017-02-24.bag;0.834065854549408;0.0;0.9619645476341248;0.0;0.7960547501412467;0.9444047902630928;0.055595209736907236
1731800559.7104397;/app/bags/user95_2017-02-24.bag;0.834065854549408;0.0;0.9619645476341248;0.0;0.7960547501412467;0.9444047902630928;0.055595209736907236
1731800559.910382;/app/bags/user95_2017-02-24.bag;0.834065854549408;0.0;0.9619645476341248;0.0;0.7960547501412467;0.9444047902630928;0.055595209736907236
1731800560.110411;/app/bags/user95_2017-02-24.bag;0.834065854549408;0.0;0.9619645476341248;0.0;0.7960547501412467;0.9444047902630928;0.055595209736907236
1731800560.3103943;/app/bags/user95_2017-02-24.bag;0.834065854549408;0.0;0.9619645476341248;0.0;0.7960547501412467;0.9444047902630928;0.055595209736907236
1731800560.5104058;/app/bags/user95_2017-02-24.bag;0.834065854549408;0.0;0.9619645476341248;0.0;0.7960547501412467;0.9444047902630928;0.055595209736907236
1731800560.7103837;/app/bags/user95_2017-02-24.bag;0.834065854549408;0.0;0.9619645476341248;0.0;0.7960547501412467;0.9444047902630928;0.055595209736907236
1731800560.9104514;/app/bags/user95_2017-02-24.bag;0.834065854549408;0.0;0.9619645476341248;0.0;0.7960547501412467;0.9444047902630928;0.055595209736907236
1731800561.110485;/app/bags/user95_2017-02-24.bag;0.834065854549408;0.0;0.9619645476341248;0.0;0.7960547501412467;0.9444047902630928;0.055595209736907236
1731800561.3104196;/app/bags/user95_2017-02-24.bag;0.834065854549408;0.0;0.9619645476341248;0.0;0.7960547501412467;0.9444047902630928;0.055595209736907236
1731800561.510395;/app/bags/user95_2017-02-24.bag;0.834065854549408;0.0;0.9619645476341248;0.0;0.7960547501412467;0.9444047902630928;0.055595209736907236
1731800561.7104535;/app/bags/user95_2017-02-24.bag;0.834065854549408;0.0;0.9619645476341248;0.0;0.7960547501412467;0.9444047902630928;0.055595209736907236
1731800561.9103837;/app/bags/user95_2017-02-24.bag;0.834065854549408;0.0;0.9619645476341248;0.0;0.7960547501412467;0.9444047902630928;0.055595209736907236
1731800562.1103854;/app/bags/user95_2017-02-24.bag;0.834065854549408;0.0;0.9619645476341248;0.0;0.7960547501412467;0.9444047902630928;0.055595209736907236
1731800562.31045;/app/bags/user95_2017-02-24.bag;0.834065854549408;0.0;0.9619645476341248;0.0;0.7960547501412467;0.9444047902630928;0.055595209736907236
1731800562.510366;/app/bags/user95_2017-02-24.bag;0.834065854549408;0.0;0.9619645476341248;0.0;0.7960547501412467;0.9444047902630928;0.055595209736907236
1731800562.7103953;/app/bags/user95_2017-02-24.bag;0.834065854549408;0.0;0.9619645476341248;0.0;0.7960547501412467;0.9444047902630928;0.055595209736907236
1731800562.9103992;/app/bags/user95_2017-02-24.bag;0.834065854549408;0.0;0.9619645476341248;0.0;0.7960547501412467;0.9444047902630928;0.055595209736907236
1731800563.1103802;/app/bags/user95_2017-02-24.bag;0.834065854549408;0.0;0.9619645476341248;0.0;0.7960547501412467;0.9444047902630928;0.055595209736907236
1731800563.3103442;/app/bags/user95_2017-02-24.bag;0.834065854549408;0.0;0.9619645476341248;0.0;0.7960547501412467;0.9444047902630928;0.055595209736907236
1731800563.5104244;/app/bags/user95_2017-02-24.bag;0.834065854549408;0.0;0.9619645476341248;0.0;0.7960547501412467;0.9444047902630928;0.055595209736907236
1731800563.7104027;/app/bags/user95_2017-02-24.bag;0.834065854549408;0.0;0.9619645476341248;0.0;0.7960547501412467;0.9444047902630928;0.055595209736907236
1731800563.9104764;/app/bags/user95_2017-02-24.bag;0.834065854549408;0.0;0.9619645476341248;0.0;0.7960547501412467;0.9444047902630928;0.055595209736907236
1731800564.1104014;/app/bags/user95_2017-02-24.bag;0.834065854549408;0.0;0.9619645476341248;0.0;0.7960547501412467;0.9444047902630928;0.055595209736907236
1731800564.3103843;/app/bags/user95_2017-02-24.bag;0.834065854549408;0.0;0.9619645476341248;0.0;0.7960547501412467;0.9444047902630928;0.055595209736907236
1731800564.5104735;/app/bags/user95_2017-02-24.bag;0.834065854549408;0.0;0.9619645476341248;0.0;0.7960547501412467;0.9444047902630928;0.055595209736907236
1731800564.7103648;/app/bags/user95_2017-02-24.bag;0.834065854549408;0.0;0.9619645476341248;0.0;0.7960547501412467;0.9444047902630928;0.055595209736907236
1731800564.9104302;/app/bags/user95_2017-02-24.bag;0.834065854549408;0.0;0.9619645476341248;0.0;0.7960547501412467;0.9444047902630928;0.055595209736907236
1731800565.1104026;/app/bags/user95_2017-02-24.bag;0.834065854549408;0.0;0.9619645476341248;0.0;0.7960547501412467;0.9444047902630928;0.055595209736907236
1731800565.3104396;/app/bags/user95_2017-02-24.bag;0.834065854549408;0.0;0.9619645476341248;0.0;0.7960547501412467;0.9444047902630928;0.055595209736907236
1731800565.5105166;/app/bags/user95_2017-02-24.bag;0.834065854549408;0.0;0.9619645476341248;0.0;0.7960547501412467;0.9444047902630928;0.055595209736907236
1731800565.7104156;/app/bags/user95_2017-02-24.bag;0.834065854549408;0.0;0.9619645476341248;0.0;0.7960547501412467;0.9444047902630928;0.055595209736907236
1731800565.9103637;/app/bags/user95_2017-02-24.bag;0.834065854549408;0.0;0.9619645476341248;0.0;0.7960547501412467;0.9444047902630928;0.055595209736907236
1731800566.110387;/app/bags/user95_2017-02-24.bag;0.834065854549408;0.0;0.9619645476341248;0.0;0.7960547501412467;0.9444047902630928;0.055595209736907236
1731800566.3103728;/app/bags/user95_2017-02-24.bag;0.834065854549408;0.0;0.9619645476341248;0.0;0.7960547501412467;0.9444047902630928;0.055595209736907236
1731800566.5104132;/app/bags/user95_2017-02-24.bag;0.834065854549408;0.0;0.9619645476341248;0.0;0.7960547501412467;0.9444047902630928;0.055595209736907236
1731800566.7103739;/app/bags/user95_2017-02-24.bag;0.834065854549408;0.0;0.9619645476341248;0.0;0.7960547501412467;0.9444047902630928;0.055595209736907236
1731800566.910432;/app/bags/user95_2017-02-24.bag;0.834065854549408;0.0;0.9619645476341248;0.0;0.7960547501412467;0.9444047902630928;0.055595209736907236
1731800567.1104472;/app/bags/user95_2017-02-24.bag;0.834065854549408;0.0;0.9619645476341248;0.0;0.7960547501412467;0.9444047902630928;0.055595209736907236
1731800567.3103797;/app/bags/user95_2017-02-24.bag;0.834065854549408;0.0;0.9619645476341248;0.0;0.7960547501412467;0.9444047902630928;0.055595209736907236
1731800567.510426;/app/bags/user95_2017-02-24.bag;0.834065854549408;0.0;0.9619645476341248;0.0;0.7960547501412467;0.9444047902630928;0.055595209736907236
1731800567.7104042;/app/bags/user95_2017-02-24.bag;0.834065854549408;0.0;0.9619645476341248;0.0;0.7960547501412467;0.9444047902630928;0.055595209736907236
1731800567.910378;/app/bags/user95_2017-02-24.bag;0.834065854549408;0.0;0.9619645476341248;0.0;0.7960547501412467;0.9444047902630928;0.055595209736907236
1731800568.1103997;/app/bags/user95_2017-02-24.bag;0.834065854549408;0.0;0.9619645476341248;0.0;0.7960547501412467;0.9444047902630928;0.055595209736907236
1731800568.3104067;/app/bags/user95_2017-02-24.bag;0.834065854549408;0.0;0.9619645476341248;0.0;0.7960547501412467;0.9444047902630928;0.055595209736907236
1731800568.5104375;/app/bags/user95_2017-02-24.bag;0.834065854549408;0.0;0.9619645476341248;0.0;0.7960547501412467;0.9444047902630928;0.055595209736907236
1731800568.7104394;/app/bags/user95_2017-02-24.bag;0.834065854549408;0.0;0.9619645476341248;0.0;0.7960547501412467;0.9444047902630928;0.055595209736907236
1731800568.9104269;/app/bags/user95_2017-02-24.bag;0.834065854549408;0.0;0.9619645476341248;0.0;0.7960547501412467;0.9444047902630928;0.055595209736907236
1731800569.11042;/app/bags/user95_2017-02-24.bag;0.834065854549408;0.0;0.9619645476341248;0.0;0.7960547501412467;0.9444047902630928;0.055595209736907236
1731800569.3104112;/app/bags/user95_2017-02-24.bag;0.834065854549408;0.0;0.9619645476341248;0.0;0.7960547501412467;0.9444047902630928;0.055595209736907236
1731800569.5103807;/app/bags/user95_2017-02-24.bag;0.834065854549408;0.0;0.9619645476341248;0.0;0.7960547501412467;0.9444047902630928;0.055595209736907236
1731800569.710517;/app/bags/user95_2017-02-24.bag;0.834065854549408;0.0;0.9619645476341248;0.0;0.7960547501412467;0.9444047902630928;0.055595209736907236
1731800569.9103785;/app/bags/user95_2017-02-24.bag;0.834065854549408;0.0;0.9619645476341248;0.0;0.7960547501412467;0.9444047902630928;0.055595209736907236
1731800570.110407;/app/bags/user95_2017-02-24.bag;0.834065854549408;0.0;0.9619645476341248;0.0;0.7960547501412467;0.9444047902630928;0.055595209736907236
1731800570.3103628;/app/bags/user95_2017-02-24.bag;0.834065854549408;0.0;0.9619645476341248;0.0;0.7960547501412467;0.9444047902630928;0.055595209736907236
1731800570.5103986;/app/bags/user95_2017-02-24.bag;0.834065854549408;0.0;0.9619645476341248;0.0;0.7960547501412467;0.9444047902630928;0.055595209736907236
1731800570.7104046;/app/bags/user95_2017-02-24.bag;0.834065854549408;0.0;0.9619645476341248;0.0;0.7960547501412467;0.9444047902630928;0.055595209736907236
1731800570.9104633;/app/bags/user95_2017-02-24.bag;0.834065854549408;0.0;0.9619645476341248;0.0;0.7960547501412467;0.9444047902630928;0.055595209736907236
1731800571.1104221;/app/bags/user95_2017-02-24.bag;0.834065854549408;0.0;0.9619645476341248;0.0;0.7960547501412467;0.9444047902630928;0.055595209736907236
1731800571.3103726;/app/bags/user95_2017-02-24.bag;0.834065854549408;0.0;0.9619645476341248;0.0;0.7960547501412467;0.9444047902630928;0.055595209736907236
1731800571.5103946;/app/bags/user95_2017-02-24.bag;0.834065854549408;0.0;0.9619645476341248;0.0;0.7960547501412467;0.9444047902630928;0.055595209736907236
1731800571.7103863;/app/bags/user95_2017-02-24.bag;0.834065854549408;0.0;0.9619645476341248;0.0;0.7960547501412467;0.9444047902630928;0.055595209736907236
1731800571.9103417;/app/bags/user95_2017-02-24.bag;0.834065854549408;0.0;0.9619645476341248;0.0;0.7960547501412467;0.9444047902630928;0.055595209736907236
1731800572.1105168;/app/bags/user95_2017-02-24.bag;0.834065854549408;0.0;0.9619645476341248;0.0;0.7960547501412467;0.9444047902630928;0.055595209736907236
1731800572.3104353;/app/bags/user95_2017-02-24.bag;0.834065854549408;0.0;0.9619645476341248;0.0;0.7960547501412467;0.9444047902630928;0.055595209736907236
1731800572.510384;/app/bags/user95_2017-02-24.bag;0.834065854549408;0.0;0.9619645476341248;0.0;0.7960547501412467;0.9444047902630928;0.055595209736907236
1731800572.7104738;/app/bags/user95_2017-02-24.bag;0.834065854549408;0.0;0.9619645476341248;0.0;0.7960547501412467;0.9444047902630928;0.055595209736907236
1731800572.9104047;/app/bags/user95_2017-02-24.bag;0.834065854549408;0.0;0.9619645476341248;0.0;0.7960547501412467;0.9444047902630928;0.055595209736907236
1731800573.1104434;/app/bags/user95_2017-02-24.bag;0.834065854549408;0.0;0.9619645476341248;0.0;0.7960547501412467;0.9444047902630928;0.055595209736907236
1731800573.310393;/app/bags/user95_2017-02-24.bag;0.834065854549408;0.0;0.9619645476341248;0.0;0.7960547501412467;0.9444047902630928;0.055595209736907236
1731800573.5104315;/app/bags/user95_2017-02-24.bag;0.834065854549408;0.0;0.9619645476341248;0.0;0.7960547501412467;0.9444047902630928;0.055595209736907236
1731800573.7103968;/app/bags/user95_2017-02-24.bag;0.834065854549408;0.0;0.9619645476341248;0.0;0.7960547501412467;0.9444047902630928;0.055595209736907236
1731800573.910417;/app/bags/user95_2017-02-24.bag;0.834065854549408;0.0;0.9619645476341248;0.0;0.7960547501412467;0.9444047902630928;0.055595209736907236
1731800574.1104133;/app/bags/user95_2017-02-24.bag;0.834065854549408;0.0;0.9619645476341248;0.0;0.7960547501412467;0.9444047902630928;0.055595209736907236
1731800574.310391;/app/bags/user95_2017-02-24.bag;0.834065854549408;0.0;0.9619645476341248;0.0;0.7960547501412467;0.9444047902630928;0.055595209736907236
1731800574.5104718;/app/bags/user95_2017-02-24.bag;0.834065854549408;0.0;0.9619645476341248;0.0;0.7960547501412467;0.9444047902630928;0.055595209736907236
1731800574.7105255;/app/bags/user95_2017-02-24.bag;0.834065854549408;0.0;0.9619645476341248;0.0;0.7960547501412467;0.9444047902630928;0.055595209736907236
1731800574.9104793;/app/bags/user95_2017-02-24.bag;0.834065854549408;0.0;0.9619645476341248;0.0;0.7960547501412467;0.9444047902630928;0.055595209736907236
1731800575.1104472;/app/bags/user95_2017-02-24.bag;0.834065854549408;0.0;0.9619645476341248;0.0;0.7960547501412467;0.9444047902630928;0.055595209736907236
1731800575.3104255;/app/bags/user95_2017-02-24.bag;0.834065854549408;0.0;0.9619645476341248;0.0;0.7960547501412467;0.9444047902630928;0.055595209736907236
1731800575.510397;/app/bags/user95_2017-02-24.bag;0.834065854549408;0.0;0.9619645476341248;0.0;0.7960547501412467;0.9444047902630928;0.055595209736907236
1731800575.7103796;/app/bags/user95_2017-02-24.bag;0.834065854549408;0.0;0.9619645476341248;0.0;0.7960547501412467;0.9444047902630928;0.055595209736907236
1731800575.91037;/app/bags/user95_2017-02-24.bag;0.834065854549408;0.0;0.9619645476341248;0.0;0.7960547501412467;0.9444047902630928;0.055595209736907236
1731800576.1103923;/app/bags/user95_2017-02-24.bag;0.834065854549408;0.0;0.9619645476341248;0.0;0.7960547501412467;0.9444047902630928;0.055595209736907236
1731800576.3104084;/app/bags/user95_2017-02-24.bag;0.834065854549408;0.0;0.9619645476341248;0.0;0.7960547501412467;0.9444047902630928;0.055595209736907236
1731800576.510426;/app/bags/user95_2017-02-24.bag;0.834065854549408;0.0;0.9619645476341248;0.0;0.7960547501412467;0.9444047902630928;0.055595209736907236
1731800576.710392;/app/bags/user95_2017-02-24.bag;0.834065854549408;0.0;0.9619645476341248;0.0;0.7960547501412467;0.9444047902630928;0.055595209736907236
1731800576.9103975;/app/bags/user95_2017-02-24.bag;0.834065854549408;0.0;0.9619645476341248;0.0;0.7960547501412467;0.9444047902630928;0.055595209736907236
1731800577.1104057;/app/bags/user95_2017-02-24.bag;0.834065854549408;0.0;0.9619645476341248;0.0;0.7960547501412467;0.9444047902630928;0.055595209736907236
1731800577.3103516;/app/bags/user95_2017-02-24.bag;0.834065854549408;0.0;0.9619645476341248;0.0;0.7960547501412467;0.9444047902630928;0.055595209736907236
1731800577.5104444;/app/bags/user95_2017-02-24.bag;0.834065854549408;0.0;0.9619645476341248;0.0;0.7960547501412467;0.9444047902630928;0.055595209736907236
1731800577.7104852;/app/bags/user95_2017-02-24.bag;0.834065854549408;0.0;0.9619645476341248;0.0;0.7960547501412467;0.9444047902630928;0.055595209736907236
1731800577.9104395;/app/bags/user95_2017-02-24.bag;0.834065854549408;0.0;0.9619645476341248;0.0;0.7960547501412467;0.9444047902630928;0.055595209736907236
1731800578.1104345;/app/bags/user95_2017-02-24.bag;0.834065854549408;0.0;0.9619645476341248;0.0;0.7960547501412467;0.9444047902630928;0.055595209736907236
1731800578.3104208;/app/bags/user95_2017-02-24.bag;0.834065854549408;0.0;0.9619645476341248;0.0;0.7960547501412467;0.9444047902630928;0.055595209736907236
1731800578.5103865;/app/bags/user95_2017-02-24.bag;0.834065854549408;0.0;0.9619645476341248;0.0;0.7960547501412467;0.9444047902630928;0.055595209736907236
1731800578.7103734;/app/bags/user95_2017-02-24.bag;0.834065854549408;0.0;0.9619645476341248;0.0;0.7960547501412467;0.9444047902630928;0.055595209736907236
1731800578.910462;/app/bags/user95_2017-02-24.bag;0.834065854549408;0.0;0.9619645476341248;0.0;0.7960547501412467;0.9444047902630928;0.055595209736907236
1731800579.1103997;/app/bags/user95_2017-02-24.bag;0.834065854549408;0.0;0.9619645476341248;0.0;0.7960547501412467;0.9444047902630928;0.055595209736907236
1731800579.310384;/app/bags/user95_2017-02-24.bag;0.834065854549408;0.0;0.9619645476341248;0.0;0.7960547501412467;0.9444047902630928;0.055595209736907236
1731800579.5104568;/app/bags/user95_2017-02-24.bag;0.834065854549408;0.0;0.9619645476341248;0.0;0.7960547501412467;0.9444047902630928;0.055595209736907236
1731800579.7103922;/app/bags/user95_2017-02-24.bag;0.834065854549408;0.0;0.9619645476341248;0.0;0.7960547501412467;0.9444047902630928;0.055595209736907236
1731800579.910396;/app/bags/user95_2017-02-24.bag;0.834065854549408;0.0;0.9619645476341248;0.0;0.7960547501412467;0.9444047902630928;0.055595209736907236
1731800580.110413;/app/bags/user95_2017-02-24.bag;0.834065854549408;0.0;0.9619645476341248;0.0;0.7960547501412467;0.9444047902630928;0.055595209736907236
1731800580.3103826;/app/bags/user95_2017-02-24.bag;0.834065854549408;0.0;0.9619645476341248;0.0;0.7960547501412467;0.9444047902630928;0.055595209736907236
1731800580.5104058;/app/bags/user95_2017-02-24.bag;0.834065854549408;0.0;0.9619645476341248;0.0;0.7960547501412467;0.9444047902630928;0.055595209736907236
1731800580.710402;/app/bags/user95_2017-02-24.bag;0.834065854549408;0.0;0.9619645476341248;0.0;0.7960547501412467;0.9444047902630928;0.055595209736907236
1731800580.9104028;/app/bags/user95_2017-02-24.bag;0.834065854549408;0.0;0.9619645476341248;0.0;0.7960547501412467;0.9444047902630928;0.055595209736907236
1731800581.1104102;/app/bags/user95_2017-02-24.bag;0.834065854549408;0.0;0.9619645476341248;0.0;0.7960547501412467;0.9444047902630928;0.055595209736907236
1731800581.3103645;/app/bags/user95_2017-02-24.bag;0.834065854549408;0.0;0.9619645476341248;0.0;0.7960547501412467;0.9444047902630928;0.055595209736907236
1731800581.5103383;/app/bags/user95_2017-02-24.bag;0.834065854549408;0.0;0.9619645476341248;0.0;0.7960547501412467;0.9444047902630928;0.055595209736907236
1731800581.7103982;/app/bags/user95_2017-02-24.bag;0.834065854549408;0.0;0.9619645476341248;0.0;0.7960547501412467;0.9444047902630928;0.055595209736907236
1731800581.910437;/app/bags/user95_2017-02-24.bag;0.834065854549408;0.0;0.9619645476341248;0.0;0.7960547501412467;0.9444047902630928;0.055595209736907236
1731800582.1104205;/app/bags/user95_2017-02-24.bag;0.834065854549408;0.0;0.9619645476341248;0.0;0.7960547501412467;0.9444047902630928;0.055595209736907236
1731800582.3104084;/app/bags/user95_2017-02-24.bag;0.834065854549408;0.0;0.9619645476341248;0.0;0.7960547501412467;0.9444047902630928;0.055595209736907236
1731800582.510439;/app/bags/user95_2017-02-24.bag;0.834065854549408;0.0;0.9619645476341248;0.0;0.7960547501412467;0.9444047902630928;0.055595209736907236
1731800582.7104397;/app/bags/user95_2017-02-24.bag;0.834065854549408;0.0;0.9619645476341248;0.0;0.7960547501412467;0.9444047902630928;0.055595209736907236
1731800582.9105196;/app/bags/user95_2017-02-24.bag;0.834065854549408;0.0;0.9619645476341248;0.0;0.7960547501412467;0.9444047902630928;0.055595209736907236
1731800583.1103866;/app/bags/user95_2017-02-24.bag;0.834065854549408;0.0;0.9619645476341248;0.0;0.7960547501412467;0.9444047902630928;0.055595209736907236
1731800583.3103878;/app/bags/user95_2017-02-24.bag;0.834065854549408;0.0;0.9619645476341248;0.0;0.7960547501412467;0.9444047902630928;0.055595209736907236
1731800583.51049;/app/bags/user95_2017-02-24.bag;0.834065854549408;0.0;0.9619645476341248;0.0;0.7960547501412467;0.9444047902630928;0.055595209736907236
1731800583.7104826;/app/bags/user95_2017-02-24.bag;0.834065854549408;0.0;0.9619645476341248;0.0;0.7960547501412467;0.9444047902630928;0.055595209736907236
1731800583.9104087;/app/bags/user95_2017-02-24.bag;0.834065854549408;0.0;0.9619645476341248;0.0;0.7960547501412467;0.9444047902630928;0.055595209736907236
1731800584.1103842;/app/bags/user95_2017-02-24.bag;0.834065854549408;0.0;0.9619645476341248;0.0;0.7960547501412467;0.9444047902630928;0.055595209736907236
1731800584.3103714;/app/bags/user95_2017-02-24.bag;0.834065854549408;0.0;0.9619645476341248;0.0;0.7960547501412467;0.9444047902630928;0.055595209736907236
1731800584.5104117;/app/bags/user95_2017-02-24.bag;0.834065854549408;0.0;0.9619645476341248;0.0;0.7960547501412467;0.9444047902630928;0.055595209736907236
1731800584.7103736;/app/bags/user95_2017-02-24.bag;0.834065854549408;0.0;0.9619645476341248;0.0;0.7960547501412467;0.9444047902630928;0.055595209736907236
1731800584.9103708;/app/bags/user95_2017-02-24.bag;0.834065854549408;0.0;0.9619645476341248;0.0;0.7960547501412467;0.9444047902630928;0.055595209736907236
1731800585.1103802;/app/bags/user95_2017-02-24.bag;0.834065854549408;0.0;0.9619645476341248;0.0;0.7960547501412467;0.9444047902630928;0.055595209736907236
1731800585.3103642;/app/bags/user95_2017-02-24.bag;0.834065854549408;0.0;0.9619645476341248;0.0;0.7960547501412467;0.9444047902630928;0.055595209736907236
1731800585.5104496;/app/bags/user95_2017-02-24.bag;0.834065854549408;0.0;0.9619645476341248;0.0;0.7960547501412467;0.9444047902630928;0.055595209736907236
1731800585.7105067;/app/bags/user95_2017-02-24.bag;0.834065854549408;0.0;0.9619645476341248;0.0;0.7960547501412467;0.9444047902630928;0.055595209736907236
1731800585.9104273;/app/bags/user95_2017-02-24.bag;0.834065854549408;0.0;0.9619645476341248;0.0;0.7960547501412467;0.9444047902630928;0.055595209736907236
1731800586.1103911;/app/bags/user95_2017-02-24.bag;0.834065854549408;0.0;0.9619645476341248;0.0;0.7960547501412467;0.9444047902630928;0.055595209736907236
1731800586.3103864;/app/bags/user95_2017-02-24.bag;0.834065854549408;0.0;0.9619645476341248;0.0;0.7960547501412467;0.9444047902630928;0.055595209736907236
1731800586.5103767;/app/bags/user95_2017-02-24.bag;0.834065854549408;0.0;0.9619645476341248;0.0;0.7960547501412467;0.9444047902630928;0.055595209736907236
1731800586.710346;/app/bags/user95_2017-02-24.bag;0.834065854549408;0.0;0.9619645476341248;0.0;0.7960547501412467;0.9444047902630928;0.055595209736907236
1731800586.9104438;/app/bags/user95_2017-02-24.bag;0.834065854549408;0.0;0.9619645476341248;0.0;0.7960547501412467;0.9444047902630928;0.055595209736907236
1731800587.1104097;/app/bags/user95_2017-02-24.bag;0.834065854549408;0.0;0.9619645476341248;0.0;0.7960547501412467;0.9444047902630928;0.055595209736907236
1731800587.3105397;/app/bags/user95_2017-02-24.bag;0.834065854549408;0.0;0.9619645476341248;0.0;0.7960547501412467;0.9444047902630928;0.055595209736907236
1731800587.5104282;/app/bags/user95_2017-02-24.bag;0.834065854549408;0.0;0.9619645476341248;0.0;0.7960547501412467;0.9444047902630928;0.055595209736907236
1731800587.710472;/app/bags/user95_2017-02-24.bag;0.834065854549408;0.0;0.9619645476341248;0.0;0.7960547501412467;0.9444047902630928;0.055595209736907236
1731800587.9104075;/app/bags/user95_2017-02-24.bag;0.834065854549408;0.0;0.9619645476341248;0.0;0.7960547501412467;0.9444047902630928;0.055595209736907236
1731800588.1104455;/app/bags/user95_2017-02-24.bag;0.834065854549408;0.0;0.9619645476341248;0.0;0.7960547501412467;0.9444047902630928;0.055595209736907236
1731800588.3104239;/app/bags/user95_2017-02-24.bag;0.834065854549408;0.0;0.9619645476341248;0.0;0.7960547501412467;0.9444047902630928;0.055595209736907236
1731800588.5103743;/app/bags/user95_2017-02-24.bag;0.834065854549408;0.0;0.9619645476341248;0.0;0.7960547501412467;0.9444047902630928;0.055595209736907236
1731800588.7103956;/app/bags/user95_2017-02-24.bag;0.834065854549408;0.0;0.9619645476341248;0.0;0.7960547501412467;0.9444047902630928;0.055595209736907236
1731800588.9103591;/app/bags/user95_2017-02-24.bag;0.834065854549408;0.0;0.9619645476341248;0.0;0.7960547501412467;0.9444047902630928;0.055595209736907236
1731800589.1103623;/app/bags/user95_2017-02-24.bag;0.834065854549408;0.0;0.9619645476341248;0.0;0.7960547501412467;0.9444047902630928;0.055595209736907236
1731800589.3104746;/app/bags/user95_2017-02-24.bag;0.834065854549408;0.0;0.9619645476341248;0.0;0.7960547501412467;0.9444047902630928;0.055595209736907236
1731800589.510391;/app/bags/user95_2017-02-24.bag;0.834065854549408;0.0;0.9619645476341248;0.0;0.7960547501412467;0.9444047902630928;0.055595209736907236
1731800589.7103992;/app/bags/user95_2017-02-24.bag;0.834065854549408;0.0;0.9619645476341248;0.0;0.7960547501412467;0.9444047902630928;0.055595209736907236
1731800589.910403;/app/bags/user95_2017-02-24.bag;0.834065854549408;0.0;0.9619645476341248;0.0;0.7960547501412467;0.9444047902630928;0.055595209736907236
1731800590.110407;/app/bags/user95_2017-02-24.bag;0.834065854549408;0.0;0.9619645476341248;0.0;0.7960547501412467;0.9444047902630928;0.055595209736907236
1731800590.3103988;/app/bags/user95_2017-02-24.bag;0.834065854549408;0.0;0.9619645476341248;0.0;0.7960547501412467;0.9444047902630928;0.055595209736907236
1731800590.510459;/app/bags/user95_2017-02-24.bag;0.834065854549408;0.0;0.9619645476341248;0.0;0.7960547501412467;0.9444047902630928;0.055595209736907236
1731800590.7104332;/app/bags/user95_2017-02-24.bag;0.834065854549408;0.0;0.9619645476341248;0.0;0.7960547501412467;0.9444047902630928;0.055595209736907236
1731800590.9103985;/app/bags/user95_2017-02-24.bag;0.834065854549408;0.0;0.9619645476341248;0.0;0.7960547501412467;0.9444047902630928;0.055595209736907236
1731800591.1104224;/app/bags/user95_2017-02-24.bag;0.834065854549408;0.0;0.9619645476341248;0.0;0.7960547501412467;0.9444047902630928;0.055595209736907236
1731800591.310401;/app/bags/user95_2017-02-24.bag;0.834065854549408;0.0;0.9619645476341248;0.0;0.7960547501412467;0.9444047902630928;0.055595209736907236
1731800591.5103638;/app/bags/user95_2017-02-24.bag;0.834065854549408;0.0;0.9619645476341248;0.0;0.7960547501412467;0.9444047902630928;0.055595209736907236
1731800591.7104192;/app/bags/user95_2017-02-24.bag;0.834065854549408;0.0;0.9619645476341248;0.0;0.7960547501412467;0.9444047902630928;0.055595209736907236
1731800591.9103897;/app/bags/user95_2017-02-24.bag;0.834065854549408;0.0;0.9619645476341248;0.0;0.7960547501412467;0.9444047902630928;0.055595209736907236
1731800592.1103933;/app/bags/user95_2017-02-24.bag;0.834065854549408;0.0;0.9619645476341248;0.0;0.7960547501412467;0.9444047902630928;0.055595209736907236
1731800592.310409;/app/bags/user95_2017-02-24.bag;0.834065854549408;0.0;0.9619645476341248;0.0;0.7960547501412467;0.9444047902630928;0.055595209736907236
1731800592.5103664;/app/bags/user95_2017-02-24.bag;0.834065854549408;0.0;0.9619645476341248;0.0;0.7960547501412467;0.9444047902630928;0.055595209736907236
1731800592.710444;/app/bags/user95_2017-02-24.bag;0.834065854549408;0.0;0.9619645476341248;0.0;0.7960547501412467;0.9444047902630928;0.055595209736907236
1731800592.9103816;/app/bags/user95_2017-02-24.bag;0.834065854549408;0.0;0.9619645476341248;0.0;0.7960547501412467;0.9444047902630928;0.055595209736907236
1731800593.110398;/app/bags/user95_2017-02-24.bag;0.834065854549408;0.0;0.9619645476341248;0.0;0.7960547501412467;0.9444047902630928;0.055595209736907236
1731800593.3103998;/app/bags/user95_2017-02-24.bag;0.834065854549408;0.0;0.9619645476341248;0.0;0.7960547501412467;0.9444047902630928;0.055595209736907236
1731800593.5103674;/app/bags/user95_2017-02-24.bag;0.834065854549408;0.0;0.9619645476341248;0.0;0.7960547501412467;0.9444047902630928;0.055595209736907236
1731800593.7103906;/app/bags/user95_2017-02-24.bag;0.834065854549408;0.0;0.9619645476341248;0.0;0.7960547501412467;0.9444047902630928;0.055595209736907236
1731800593.9103842;/app/bags/user95_2017-02-24.bag;0.834065854549408;0.0;0.9619645476341248;0.0;0.7960547501412467;0.9444047902630928;0.055595209736907236
1731800594.1103857;/app/bags/user95_2017-02-24.bag;0.834065854549408;0.0;0.9619645476341248;0.0;0.7960547501412467;0.9444047902630928;0.055595209736907236
1731800594.3103669;/app/bags/user95_2017-02-24.bag;0.834065854549408;0.0;0.9619645476341248;0.0;0.7960547501412467;0.9444047902630928;0.055595209736907236
1731800594.5103936;/app/bags/user95_2017-02-24.bag;0.834065854549408;0.0;0.9619645476341248;0.0;0.7960547501412467;0.9444047902630928;0.055595209736907236
1731800594.7103658;/app/bags/user95_2017-02-24.bag;0.834065854549408;0.0;0.9619645476341248;0.0;0.7960547501412467;0.9444047902630928;0.055595209736907236
1731800594.910478;/app/bags/user95_2017-02-24.bag;0.834065854549408;0.0;0.9619645476341248;0.0;0.7960547501412467;0.9444047902630928;0.055595209736907236
1731800595.1104302;/app/bags/user95_2017-02-24.bag;0.834065854549408;0.0;0.9619645476341248;0.0;0.7960547501412467;0.9444047902630928;0.055595209736907236
1731800595.3104446;/app/bags/user95_2017-02-24.bag;0.834065854549408;0.0;0.9619645476341248;0.0;0.7960547501412467;0.9444047902630928;0.055595209736907236
1731800595.5103977;/app/bags/user95_2017-02-24.bag;0.834065854549408;0.0;0.9619645476341248;0.0;0.7960547501412467;0.9444047902630928;0.055595209736907236
1731800595.7104523;/app/bags/user95_2017-02-24.bag;0.834065854549408;0.0;0.9619645476341248;0.0;0.7960547501412467;0.9444047902630928;0.055595209736907236
1731800595.9104598;/app/bags/user95_2017-02-24.bag;0.834065854549408;0.0;0.9619645476341248;0.0;0.7960547501412467;0.9444047902630928;0.055595209736907236
1731800596.1103773;/app/bags/user95_2017-02-24.bag;0.834065854549408;0.0;0.9619645476341248;0.0;0.7960547501412467;0.9444047902630928;0.055595209736907236
1731800596.31043;/app/bags/user95_2017-02-24.bag;0.834065854549408;0.0;0.9619645476341248;0.0;0.7960547501412467;0.9444047902630928;0.055595209736907236
1731800596.5104706;/app/bags/user95_2017-02-24.bag;0.834065854549408;0.0;0.9619645476341248;0.0;0.7960547501412467;0.9444047902630928;0.055595209736907236
1731800596.7104175;/app/bags/user95_2017-02-24.bag;0.834065854549408;0.0;0.9619645476341248;0.0;0.7960547501412467;0.9444047902630928;0.055595209736907236
1731800596.9104311;/app/bags/user95_2017-02-24.bag;0.834065854549408;0.0;0.9619645476341248;0.0;0.7960547501412467;0.9444047902630928;0.055595209736907236
1731800597.1103973;/app/bags/user95_2017-02-24.bag;0.834065854549408;0.0;0.9619645476341248;0.0;0.7960547501412467;0.9444047902630928;0.055595209736907236
1731800597.3103766;/app/bags/user95_2017-02-24.bag;0.834065854549408;0.0;0.9619645476341248;0.0;0.7960547501412467;0.9444047902630928;0.055595209736907236
1731800597.5104108;/app/bags/user95_2017-02-24.bag;0.834065854549408;0.0;0.9619645476341248;0.0;0.7960547501412467;0.9444047902630928;0.055595209736907236
1731800597.7103803;/app/bags/user95_2017-02-24.bag;0.834065854549408;0.0;0.9619645476341248;0.0;0.7960547501412467;0.9444047902630928;0.055595209736907236
1731800597.910364;/app/bags/user95_2017-02-24.bag;0.834065854549408;0.0;0.9619645476341248;0.0;0.7960547501412467;0.9444047902630928;0.055595209736907236
1731800598.1104088;/app/bags/user95_2017-02-24.bag;0.834065854549408;0.0;0.9619645476341248;0.0;0.7960547501412467;0.9444047902630928;0.055595209736907236
1731800598.3104632;/app/bags/user95_2017-02-24.bag;0.834065854549408;0.0;0.9619645476341248;0.0;0.7960547501412467;0.9444047902630928;0.055595209736907236
1731800598.5104058;/app/bags/user95_2017-02-24.bag;0.834065854549408;0.0;0.9619645476341248;0.0;0.7960547501412467;0.9444047902630928;0.055595209736907236
1731800598.7104602;/app/bags/user95_2017-02-24.bag;0.834065854549408;0.0;0.9619645476341248;0.0;0.7960547501412467;0.9444047902630928;0.055595209736907236
1731800598.9103892;/app/bags/user95_2017-02-24.bag;0.834065854549408;0.0;0.9619645476341248;0.0;0.7960547501412467;0.9444047902630928;0.055595209736907236
1731800599.1104715;/app/bags/user95_2017-02-24.bag;0.834065854549408;0.0;0.9619645476341248;0.0;0.7960547501412467;0.9444047902630928;0.055595209736907236
1731800599.310437;/app/bags/user95_2017-02-24.bag;0.834065854549408;0.0;0.9619645476341248;0.0;0.7960547501412467;0.9444047902630928;0.055595209736907236
1731800599.5104203;/app/bags/user95_2017-02-24.bag;0.834065854549408;0.0;0.9619645476341248;0.0;0.7960547501412467;0.9444047902630928;0.055595209736907236
1731800599.710461;/app/bags/user95_2017-02-24.bag;0.834065854549408;0.0;0.9619645476341248;0.0;0.7960547501412467;0.9444047902630928;0.055595209736907236
1731800599.9103909;/app/bags/user95_2017-02-24.bag;0.834065854549408;0.0;0.9619645476341248;0.0;0.7960547501412467;0.9444047902630928;0.055595209736907236
1731800600.1104195;/app/bags/user95_2017-02-24.bag;0.834065854549408;0.0;0.9619645476341248;0.0;0.7960547501412467;0.9444047902630928;0.055595209736907236
1731800600.3104067;/app/bags/user95_2017-02-24.bag;0.834065854549408;0.0;0.9619645476341248;0.0;0.7960547501412467;0.9444047902630928;0.055595209736907236
1731800600.5104065;/app/bags/user95_2017-02-24.bag;0.834065854549408;0.0;0.9619645476341248;0.0;0.7960547501412467;0.9444047902630928;0.055595209736907236
1731800600.710429;/app/bags/user95_2017-02-24.bag;0.834065854549408;0.0;0.9619645476341248;0.0;0.7960547501412467;0.9444047902630928;0.055595209736907236
1731800600.9103992;/app/bags/user95_2017-02-24.bag;0.834065854549408;0.0;0.9619645476341248;0.0;0.7960547501412467;0.9444047902630928;0.055595209736907236
1731800601.110461;/app/bags/user95_2017-02-24.bag;0.834065854549408;0.0;0.9619645476341248;0.0;0.7960547501412467;0.9444047902630928;0.055595209736907236
1731800601.3103924;/app/bags/user95_2017-02-24.bag;0.834065854549408;0.0;0.9619645476341248;0.0;0.7960547501412467;0.9444047902630928;0.055595209736907236
1731800601.510401;/app/bags/user95_2017-02-24.bag;0.834065854549408;0.0;0.9619645476341248;0.0;0.7960547501412467;0.9444047902630928;0.055595209736907236
1731800601.7104516;/app/bags/user95_2017-02-24.bag;0.834065854549408;0.0;0.9619645476341248;0.0;0.7960547501412467;0.9444047902630928;0.055595209736907236
1731800601.9104521;/app/bags/user95_2017-02-24.bag;0.834065854549408;0.0;0.9619645476341248;0.0;0.7960547501412467;0.9444047902630928;0.055595209736907236
1731800602.1103854;/app/bags/user95_2017-02-24.bag;0.834065854549408;0.0;0.9619645476341248;0.0;0.7960547501412467;0.9444047902630928;0.055595209736907236
1731800602.3103967;/app/bags/user95_2017-02-24.bag;0.834065854549408;0.0;0.9619645476341248;0.0;0.7960547501412467;0.9444047902630928;0.055595209736907236
1731800602.5103621;/app/bags/user95_2017-02-24.bag;0.834065854549408;0.0;0.9619645476341248;0.0;0.7960547501412467;0.9444047902630928;0.055595209736907236
1731800602.7105718;/app/bags/user95_2017-02-24.bag;0.834065854549408;0.0;0.9619645476341248;0.0;0.7960547501412467;0.9444047902630928;0.055595209736907236
1731800602.9104025;/app/bags/user95_2017-02-24.bag;0.834065854549408;0.0;0.9619645476341248;0.0;0.7960547501412467;0.9444047902630928;0.055595209736907236
1731800603.1104107;/app/bags/user95_2017-02-24.bag;0.834065854549408;0.0;0.9619645476341248;0.0;0.7960547501412467;0.9444047902630928;0.055595209736907236
1731800603.3104448;/app/bags/user95_2017-02-24.bag;0.834065854549408;0.0;0.9619645476341248;0.0;0.7960547501412467;0.9444047902630928;0.055595209736907236
1731800603.5104291;/app/bags/user95_2017-02-24.bag;0.834065854549408;0.0;0.9619645476341248;0.0;0.7960547501412467;0.9444047902630928;0.055595209736907236
1731800603.7104495;/app/bags/user95_2017-02-24.bag;0.834065854549408;0.0;0.9619645476341248;0.0;0.7960547501412467;0.9444047902630928;0.055595209736907236
1731800603.9104161;/app/bags/user95_2017-02-24.bag;0.834065854549408;0.0;0.9619645476341248;0.0;0.7960547501412467;0.9444047902630928;0.055595209736907236
1731800604.1103656;/app/bags/user95_2017-02-24.bag;0.834065854549408;0.0;0.9619645476341248;0.0;0.7960547501412467;0.9444047902630928;0.055595209736907236
1731800604.3103714;/app/bags/user95_2017-02-24.bag;0.834065854549408;0.0;0.9619645476341248;0.0;0.7960547501412467;0.9444047902630928;0.055595209736907236
1731800604.5103781;/app/bags/user95_2017-02-24.bag;0.834065854549408;0.0;0.9619645476341248;0.0;0.7960547501412467;0.9444047902630928;0.055595209736907236
1731800604.7105641;/app/bags/user95_2017-02-24.bag;0.834065854549408;0.0;0.9619645476341248;0.0;0.7960547501412467;0.9444047902630928;0.055595209736907236
1731800604.9104257;/app/bags/user95_2017-02-24.bag;0.834065854549408;0.0;0.9619645476341248;0.0;0.7960547501412467;0.9444047902630928;0.055595209736907236
1731800605.1104493;/app/bags/user95_2017-02-24.bag;0.834065854549408;0.0;0.9619645476341248;0.0;0.7960547501412467;0.9444047902630928;0.055595209736907236
1731800605.3103933;/app/bags/user95_2017-02-24.bag;0.834065854549408;0.0;0.9619645476341248;0.0;0.7960547501412467;0.9444047902630928;0.055595209736907236
1731800605.5104032;/app/bags/user95_2017-02-24.bag;0.834065854549408;0.0;0.9619645476341248;0.0;0.7960547501412467;0.9444047902630928;0.055595209736907236
1731800605.7103765;/app/bags/user95_2017-02-24.bag;0.834065854549408;0.0;0.9619645476341248;0.0;0.7960547501412467;0.9444047902630928;0.055595209736907236
1731800605.9104667;/app/bags/user95_2017-02-24.bag;0.834065854549408;0.0;0.9619645476341248;0.0;0.7960547501412467;0.9444047902630928;0.055595209736907236
1731800606.110384;/app/bags/user95_2017-02-24.bag;0.834065854549408;0.0;0.9619645476341248;0.0;0.7960547501412467;0.9444047902630928;0.055595209736907236
1731800606.3104012;/app/bags/user95_2017-02-24.bag;0.834065854549408;0.0;0.9619645476341248;0.0;0.7960547501412467;0.9444047902630928;0.055595209736907236
1731800606.5104074;/app/bags/user95_2017-02-24.bag;0.834065854549408;0.0;0.9619645476341248;0.0;0.7960547501412467;0.9444047902630928;0.055595209736907236
1731800606.7104542;/app/bags/user95_2017-02-24.bag;0.834065854549408;0.0;0.9619645476341248;0.0;0.7960547501412467;0.9444047902630928;0.055595209736907236
1731800606.9104323;/app/bags/user95_2017-02-24.bag;0.834065854549408;0.0;0.9619645476341248;0.0;0.7960547501412467;0.9444047902630928;0.055595209736907236
1731800607.1103966;/app/bags/user95_2017-02-24.bag;0.834065854549408;0.0;0.9619645476341248;0.0;0.7960547501412467;0.9444047902630928;0.055595209736907236
1731800607.3104057;/app/bags/user95_2017-02-24.bag;0.834065854549408;0.0;0.9619645476341248;0.0;0.7960547501412467;0.9444047902630928;0.055595209736907236
1731800607.5103734;/app/bags/user95_2017-02-24.bag;0.834065854549408;0.0;0.9619645476341248;0.0;0.7960547501412467;0.9444047902630928;0.055595209736907236
1731800607.7104127;/app/bags/user95_2017-02-24.bag;0.834065854549408;0.0;0.9619645476341248;0.0;0.7960547501412467;0.9444047902630928;0.055595209736907236
1731800607.9104507;/app/bags/user95_2017-02-24.bag;0.834065854549408;0.0;0.9619645476341248;0.0;0.7960547501412467;0.9444047902630928;0.055595209736907236
1731800608.1104507;/app/bags/user95_2017-02-24.bag;0.834065854549408;0.0;0.9619645476341248;0.0;0.7960547501412467;0.9444047902630928;0.055595209736907236
1731800608.3104124;/app/bags/user95_2017-02-24.bag;0.834065854549408;0.0;0.9619645476341248;0.0;0.7960547501412467;0.9444047902630928;0.055595209736907236
1731800608.5103898;/app/bags/user95_2017-02-24.bag;0.834065854549408;0.0;0.9619645476341248;0.0;0.7960547501412467;0.9444047902630928;0.055595209736907236
1731800608.7104077;/app/bags/user95_2017-02-24.bag;0.834065854549408;0.0;0.9619645476341248;0.0;0.7960547501412467;0.9444047902630928;0.055595209736907236
1731800608.910424;/app/bags/user95_2017-02-24.bag;0.834065854549408;0.0;0.9619645476341248;0.0;0.7960547501412467;0.9444047902630928;0.055595209736907236
1731800609.1104007;/app/bags/user95_2017-02-24.bag;0.834065854549408;0.0;0.9619645476341248;0.0;0.7960547501412467;0.9444047902630928;0.055595209736907236
1731800609.3104272;/app/bags/user95_2017-02-24.bag;0.834065854549408;0.0;0.9619645476341248;0.0;0.7960547501412467;0.9444047902630928;0.055595209736907236
1731800609.5103872;/app/bags/user95_2017-02-24.bag;0.834065854549408;0.0;0.9619645476341248;0.0;0.7960547501412467;0.9444047902630928;0.055595209736907236
1731800609.7104375;/app/bags/user95_2017-02-24.bag;0.834065854549408;0.0;0.9619645476341248;0.0;0.7960547501412467;0.9444047902630928;0.055595209736907236
1731800609.9104671;/app/bags/user95_2017-02-24.bag;0.834065854549408;0.0;0.9619645476341248;0.0;0.7960547501412467;0.9444047902630928;0.055595209736907236
1731800610.1103857;/app/bags/user95_2017-02-24.bag;0.834065854549408;0.0;0.9619645476341248;0.0;0.7960547501412467;0.9444047902630928;0.055595209736907236
1731800610.310377;/app/bags/user95_2017-02-24.bag;0.834065854549408;0.0;0.9619645476341248;0.0;0.7960547501412467;0.9444047902630928;0.055595209736907236
1731800610.5104284;/app/bags/user95_2017-02-24.bag;0.834065854549408;0.0;0.9619645476341248;0.0;0.7960547501412467;0.9444047902630928;0.055595209736907236
1731800610.7104368;/app/bags/user95_2017-02-24.bag;0.834065854549408;0.0;0.9619645476341248;0.0;0.7960547501412467;0.9444047902630928;0.055595209736907236
1731800610.9103737;/app/bags/user95_2017-02-24.bag;0.834065854549408;0.0;0.9619645476341248;0.0;0.7960547501412467;0.9444047902630928;0.055595209736907236
1731800611.1104143;/app/bags/user95_2017-02-24.bag;0.834065854549408;0.0;0.9619645476341248;0.0;0.7960547501412467;0.9444047902630928;0.055595209736907236
1731800611.3104494;/app/bags/user95_2017-02-24.bag;0.834065854549408;0.0;0.9619645476341248;0.0;0.7960547501412467;0.9444047902630928;0.055595209736907236
1731800611.5105946;/app/bags/user95_2017-02-24.bag;0.834065854549408;0.0;0.9619645476341248;0.0;0.7960547501412467;0.9444047902630928;0.055595209736907236
1731800611.7104046;/app/bags/user95_2017-02-24.bag;0.834065854549408;0.0;0.9619645476341248;0.0;0.7960547501412467;0.9444047902630928;0.055595209736907236
1731800611.9103894;/app/bags/user95_2017-02-24.bag;0.834065854549408;0.0;0.9619645476341248;0.0;0.7960547501412467;0.9444047902630928;0.055595209736907236
1731800612.1104248;/app/bags/user95_2017-02-24.bag;0.834065854549408;0.0;0.9619645476341248;0.0;0.7960547501412467;0.9444047902630928;0.055595209736907236
1731800612.3104284;/app/bags/user95_2017-02-24.bag;0.834065854549408;0.0;0.9619645476341248;0.0;0.7960547501412467;0.9444047902630928;0.055595209736907236
1731800612.510355;/app/bags/user95_2017-02-24.bag;0.834065854549408;0.0;0.9619645476341248;0.0;0.7960547501412467;0.9444047902630928;0.055595209736907236
1731800612.7104352;/app/bags/user95_2017-02-24.bag;0.834065854549408;0.0;0.9619645476341248;0.0;0.7960547501412467;0.9444047902630928;0.055595209736907236
1731800612.9104893;/app/bags/user95_2017-02-24.bag;0.834065854549408;0.0;0.9619645476341248;0.0;0.7960547501412467;0.9444047902630928;0.055595209736907236
1731800613.110426;/app/bags/user95_2017-02-24.bag;0.834065854549408;0.0;0.9619645476341248;0.0;0.7960547501412467;0.9444047902630928;0.055595209736907236
1731800613.3104353;/app/bags/user95_2017-02-24.bag;0.834065854549408;0.0;0.9619645476341248;0.0;0.7960547501412467;0.9444047902630928;0.055595209736907236
1731800613.510429;/app/bags/user95_2017-02-24.bag;0.834065854549408;0.0;0.9619645476341248;0.0;0.7960547501412467;0.9444047902630928;0.055595209736907236
1731800613.7103844;/app/bags/user95_2017-02-24.bag;0.834065854549408;0.0;0.9619645476341248;0.0;0.7960547501412467;0.9444047902630928;0.055595209736907236
1731800613.910429;/app/bags/user95_2017-02-24.bag;0.834065854549408;0.0;0.9619645476341248;0.0;0.7960547501412467;0.9444047902630928;0.055595209736907236
1731800614.1103632;/app/bags/user95_2017-02-24.bag;0.834065854549408;0.0;0.9619645476341248;0.0;0.7960547501412467;0.9444047902630928;0.055595209736907236
1731800614.3104107;/app/bags/user95_2017-02-24.bag;0.834065854549408;0.0;0.9619645476341248;0.0;0.7960547501412467;0.9444047902630928;0.055595209736907236
1731800614.5103686;/app/bags/user95_2017-02-24.bag;0.834065854549408;0.0;0.9619645476341248;0.0;0.7960547501412467;0.9444047902630928;0.055595209736907236
1731800614.7104;/app/bags/user95_2017-02-24.bag;0.834065854549408;0.0;0.9619645476341248;0.0;0.7960547501412467;0.9444047902630928;0.055595209736907236
1731800614.9103825;/app/bags/user95_2017-02-24.bag;0.834065854549408;0.0;0.9619645476341248;0.0;0.7960547501412467;0.9444047902630928;0.055595209736907236
1731800615.1103861;/app/bags/user95_2017-02-24.bag;0.834065854549408;0.0;0.9619645476341248;0.0;0.7960547501412467;0.9444047902630928;0.055595209736907236
1731800615.3103738;/app/bags/user95_2017-02-24.bag;0.834065854549408;0.0;0.9619645476341248;0.0;0.7960547501412467;0.9444047902630928;0.055595209736907236
1731800615.5103967;/app/bags/user95_2017-02-24.bag;0.834065854549408;0.0;0.9619645476341248;0.0;0.7960547501412467;0.9444047902630928;0.055595209736907236
1731800615.7103846;/app/bags/user95_2017-02-24.bag;0.834065854549408;0.0;0.9619645476341248;0.0;0.7960547501412467;0.9444047902630928;0.055595209736907236
1731800615.9103842;/app/bags/user95_2017-02-24.bag;0.834065854549408;0.0;0.9619645476341248;0.0;0.7960547501412467;0.9444047902630928;0.055595209736907236
1731800616.1103637;/app/bags/user95_2017-02-24.bag;0.834065854549408;0.0;0.9619645476341248;0.0;0.7960547501412467;0.9444047902630928;0.055595209736907236
1731800616.3104935;/app/bags/user95_2017-02-24.bag;0.834065854549408;0.0;0.9619645476341248;0.0;0.7960547501412467;0.9444047902630928;0.055595209736907236
1731800616.5104105;/app/bags/user95_2017-02-24.bag;0.834065854549408;0.0;0.9619645476341248;0.0;0.7960547501412467;0.9444047902630928;0.055595209736907236
1731800616.710391;/app/bags/user95_2017-02-24.bag;0.834065854549408;0.0;0.9619645476341248;0.0;0.7960547501412467;0.9444047902630928;0.055595209736907236
1731800616.910453;/app/bags/user95_2017-02-24.bag;0.834065854549408;0.0;0.9619645476341248;0.0;0.7960547501412467;0.9444047902630928;0.055595209736907236
1731800617.1103861;/app/bags/user95_2017-02-24.bag;0.834065854549408;0.0;0.9619645476341248;0.0;0.7960547501412467;0.9444047902630928;0.055595209736907236
1731800617.310435;/app/bags/user95_2017-02-24.bag;0.834065854549408;0.0;0.9619645476341248;0.0;0.7960547501412467;0.9444047902630928;0.055595209736907236
1731800617.5104644;/app/bags/user95_2017-02-24.bag;0.834065854549408;0.0;0.9619645476341248;0.0;0.7960547501412467;0.9444047902630928;0.055595209736907236
1731800617.7104814;/app/bags/user95_2017-02-24.bag;0.834065854549408;0.0;0.9619645476341248;0.0;0.7960547501412467;0.9444047902630928;0.055595209736907236
1731800617.9103954;/app/bags/user95_2017-02-24.bag;0.834065854549408;0.0;0.9619645476341248;0.0;0.7960547501412467;0.9444047902630928;0.055595209736907236
1731800618.1105318;/app/bags/user95_2017-02-24.bag;0.834065854549408;0.0;0.9619645476341248;0.0;0.7960547501412467;0.9444047902630928;0.055595209736907236
1731800618.310354;/app/bags/user95_2017-02-24.bag;0.834065854549408;0.0;0.9619645476341248;0.0;0.7960547501412467;0.9444047902630928;0.055595209736907236
1731800618.5104046;/app/bags/user95_2017-02-24.bag;0.834065854549408;0.0;0.9619645476341248;0.0;0.7960547501412467;0.9444047902630928;0.055595209736907236
1731800618.7104;/app/bags/user95_2017-02-24.bag;0.834065854549408;0.0;0.9619645476341248;0.0;0.7960547501412467;0.9444047902630928;0.055595209736907236
1731800618.9103749;/app/bags/user95_2017-02-24.bag;0.834065854549408;0.0;0.9619645476341248;0.0;0.7960547501412467;0.9444047902630928;0.055595209736907236
1731800619.1103916;/app/bags/user95_2017-02-24.bag;0.834065854549408;0.0;0.9619645476341248;0.0;0.7960547501412467;0.9444047902630928;0.055595209736907236
1731800619.310414;/app/bags/user95_2017-02-24.bag;0.834065854549408;0.0;0.9619645476341248;0.0;0.7960547501412467;0.9444047902630928;0.055595209736907236
1731800619.5103815;/app/bags/user95_2017-02-24.bag;0.834065854549408;0.0;0.9619645476341248;0.0;0.7960547501412467;0.9444047902630928;0.055595209736907236
1731800619.7103977;/app/bags/user95_2017-02-24.bag;0.834065854549408;0.0;0.9619645476341248;0.0;0.7960547501412467;0.9444047902630928;0.055595209736907236
1731800619.9103878;/app/bags/user95_2017-02-24.bag;0.834065854549408;0.0;0.9619645476341248;0.0;0.7960547501412467;0.9444047902630928;0.055595209736907236
1731800620.1104314;/app/bags/user95_2017-02-24.bag;0.834065854549408;0.0;0.9619645476341248;0.0;0.7960547501412467;0.9444047902630928;0.055595209736907236
1731800620.3103924;/app/bags/user95_2017-02-24.bag;0.834065854549408;0.0;0.9619645476341248;0.0;0.7960547501412467;0.9444047902630928;0.055595209736907236
1731800620.510447;/app/bags/user95_2017-02-24.bag;0.834065854549408;0.0;0.9619645476341248;0.0;0.7960547501412467;0.9444047902630928;0.055595209736907236
1731800620.7104766;/app/bags/user95_2017-02-24.bag;0.834065854549408;0.0;0.9619645476341248;0.0;0.7960547501412467;0.9444047902630928;0.055595209736907236
1731800620.9103913;/app/bags/user95_2017-02-24.bag;0.834065854549408;0.0;0.9619645476341248;0.0;0.7960547501412467;0.9444047902630928;0.055595209736907236
1731800621.1103764;/app/bags/user95_2017-02-24.bag;0.834065854549408;0.0;0.9619645476341248;0.0;0.7960547501412467;0.9444047902630928;0.055595209736907236
1731800621.3104432;/app/bags/user95_2017-02-24.bag;0.834065854549408;0.0;0.9619645476341248;0.0;0.7960547501412467;0.9444047902630928;0.055595209736907236
1731800621.510507;/app/bags/user95_2017-02-24.bag;0.834065854549408;0.0;0.9619645476341248;0.0;0.7960547501412467;0.9444047902630928;0.055595209736907236
1731800621.7103984;/app/bags/user95_2017-02-24.bag;0.834065854549408;0.0;0.9619645476341248;0.0;0.7960547501412467;0.9444047902630928;0.055595209736907236
1731800621.9104042;/app/bags/user95_2017-02-24.bag;0.834065854549408;0.0;0.9619645476341248;0.0;0.7960547501412467;0.9444047902630928;0.055595209736907236
1731800622.1104164;/app/bags/user95_2017-02-24.bag;0.834065854549408;0.0;0.9619645476341248;0.0;0.7960547501412467;0.9444047902630928;0.055595209736907236
1731800622.310401;/app/bags/user95_2017-02-24.bag;0.834065854549408;0.0;0.9619645476341248;0.0;0.7960547501412467;0.9444047902630928;0.055595209736907236
1731800622.5103781;/app/bags/user95_2017-02-24.bag;0.834065854549408;0.0;0.9619645476341248;0.0;0.7960547501412467;0.9444047902630928;0.055595209736907236
1731800622.710408;/app/bags/user95_2017-02-24.bag;0.834065854549408;0.0;0.9619645476341248;0.0;0.7960547501412467;0.9444047902630928;0.055595209736907236
1731800622.910384;/app/bags/user95_2017-02-24.bag;0.834065854549408;0.0;0.9619645476341248;0.0;0.7960547501412467;0.9444047902630928;0.055595209736907236
1731800623.1103861;/app/bags/user95_2017-02-24.bag;0.834065854549408;0.0;0.9619645476341248;0.0;0.7960547501412467;0.9444047902630928;0.055595209736907236
1731800623.3103874;/app/bags/user95_2017-02-24.bag;0.834065854549408;0.0;0.9619645476341248;0.0;0.7960547501412467;0.9444047902630928;0.055595209736907236
1731800623.510438;/app/bags/user95_2017-02-24.bag;0.834065854549408;0.0;0.9619645476341248;0.0;0.7960547501412467;0.9444047902630928;0.055595209736907236
1731800623.7103822;/app/bags/user95_2017-02-24.bag;0.834065854549408;0.0;0.9619645476341248;0.0;0.7960547501412467;0.9444047902630928;0.055595209736907236
1731800623.9103568;/app/bags/user95_2017-02-24.bag;0.834065854549408;0.0;0.9619645476341248;0.0;0.7960547501412467;0.9444047902630928;0.055595209736907236
1731800624.1103952;/app/bags/user95_2017-02-24.bag;0.834065854549408;0.0;0.9619645476341248;0.0;0.7960547501412467;0.9444047902630928;0.055595209736907236
1731800624.3103883;/app/bags/user95_2017-02-24.bag;0.834065854549408;0.0;0.9619645476341248;0.0;0.7960547501412467;0.9444047902630928;0.055595209736907236
1731800624.5104554;/app/bags/user95_2017-02-24.bag;0.834065854549408;0.0;0.9619645476341248;0.0;0.7960547501412467;0.9444047902630928;0.055595209736907236
1731800624.7104392;/app/bags/user95_2017-02-24.bag;0.834065854549408;0.0;0.9619645476341248;0.0;0.7960547501412467;0.9444047902630928;0.055595209736907236
1731800624.910379;/app/bags/user95_2017-02-24.bag;0.834065854549408;0.0;0.9619645476341248;0.0;0.7960547501412467;0.9444047902630928;0.055595209736907236
1731800625.1104174;/app/bags/user95_2017-02-24.bag;0.834065854549408;0.0;0.9619645476341248;0.0;0.7960547501412467;0.9444047902630928;0.055595209736907236
1731800625.3104582;/app/bags/user95_2017-02-24.bag;0.834065854549408;0.0;0.9619645476341248;0.0;0.7960547501412467;0.9444047902630928;0.055595209736907236
1731800625.510353;/app/bags/user95_2017-02-24.bag;0.834065854549408;0.0;0.9619645476341248;0.0;0.7960547501412467;0.9444047902630928;0.055595209736907236
1731800625.7103884;/app/bags/user95_2017-02-24.bag;0.834065854549408;0.0;0.9619645476341248;0.0;0.7960547501412467;0.9444047902630928;0.055595209736907236
1731800625.9104168;/app/bags/user95_2017-02-24.bag;0.834065854549408;0.0;0.9619645476341248;0.0;0.7960547501412467;0.9444047902630928;0.055595209736907236
1731800626.110378;/app/bags/user95_2017-02-24.bag;0.834065854549408;0.0;0.9619645476341248;0.0;0.7960547501412467;0.9444047902630928;0.055595209736907236
1731800626.310375;/app/bags/user95_2017-02-24.bag;0.834065854549408;0.0;0.9619645476341248;0.0;0.7960547501412467;0.9444047902630928;0.055595209736907236
1731800626.5103722;/app/bags/user95_2017-02-24.bag;0.834065854549408;0.0;0.9619645476341248;0.0;0.7960547501412467;0.9444047902630928;0.055595209736907236
1731800626.7103872;/app/bags/user95_2017-02-24.bag;0.834065854549408;0.0;0.9619645476341248;0.0;0.7960547501412467;0.9444047902630928;0.055595209736907236
1731800626.9103925;/app/bags/user95_2017-02-24.bag;0.834065854549408;0.0;0.9619645476341248;0.0;0.7960547501412467;0.9444047902630928;0.055595209736907236
1731800627.1104403;/app/bags/user95_2017-02-24.bag;0.834065854549408;0.0;0.9619645476341248;0.0;0.7960547501412467;0.9444047902630928;0.055595209736907236
1731800627.3104444;/app/bags/user95_2017-02-24.bag;0.834065854549408;0.0;0.9619645476341248;0.0;0.7960547501412467;0.9444047902630928;0.055595209736907236
1731800627.510389;/app/bags/user95_2017-02-24.bag;0.834065854549408;0.0;0.9619645476341248;0.0;0.7960547501412467;0.9444047902630928;0.055595209736907236
1731800627.7103646;/app/bags/user95_2017-02-24.bag;0.834065854549408;0.0;0.9619645476341248;0.0;0.7960547501412467;0.9444047902630928;0.055595209736907236
1731800627.9103856;/app/bags/user95_2017-02-24.bag;0.834065854549408;0.0;0.9619645476341248;0.0;0.7960547501412467;0.9444047902630928;0.055595209736907236
1731800628.110403;/app/bags/user95_2017-02-24.bag;0.834065854549408;0.0;0.9619645476341248;0.0;0.7960547501412467;0.9444047902630928;0.055595209736907236
1731800628.3103826;/app/bags/user95_2017-02-24.bag;0.834065854549408;0.0;0.9619645476341248;0.0;0.7960547501412467;0.9444047902630928;0.055595209736907236
1731800628.5103624;/app/bags/user95_2017-02-24.bag;0.834065854549408;0.0;0.9619645476341248;0.0;0.7960547501412467;0.9444047902630928;0.055595209736907236
1731800628.7103877;/app/bags/user95_2017-02-24.bag;0.834065854549408;0.0;0.9619645476341248;0.0;0.7960547501412467;0.9444047902630928;0.055595209736907236
1731800628.910377;/app/bags/user95_2017-02-24.bag;0.834065854549408;0.0;0.9619645476341248;0.0;0.7960547501412467;0.9444047902630928;0.055595209736907236
1731800629.110402;/app/bags/user95_2017-02-24.bag;0.834065854549408;0.0;0.9619645476341248;0.0;0.7960547501412467;0.9444047902630928;0.055595209736907236
1731800629.3104682;/app/bags/user95_2017-02-24.bag;0.834065854549408;0.0;0.9619645476341248;0.0;0.7960547501412467;0.9444047902630928;0.055595209736907236
1731800629.51036;/app/bags/user95_2017-02-24.bag;0.834065854549408;0.0;0.9619645476341248;0.0;0.7960547501412467;0.9444047902630928;0.055595209736907236
1731800629.7103908;/app/bags/user95_2017-02-24.bag;0.834065854549408;0.0;0.9619645476341248;0.0;0.7960547501412467;0.9444047902630928;0.055595209736907236
1731800629.910409;/app/bags/user95_2017-02-24.bag;0.834065854549408;0.0;0.9619645476341248;0.0;0.7960547501412467;0.9444047902630928;0.055595209736907236
1731800630.1104403;/app/bags/user95_2017-02-24.bag;0.834065854549408;0.0;0.9619645476341248;0.0;0.7960547501412467;0.9444047902630928;0.055595209736907236
1731800630.3104599;/app/bags/user95_2017-02-24.bag;0.834065854549408;0.0;0.9619645476341248;0.0;0.7960547501412467;0.9444047902630928;0.055595209736907236
1731800630.510397;/app/bags/user95_2017-02-24.bag;0.834065854549408;0.0;0.9619645476341248;0.0;0.7960547501412467;0.9444047902630928;0.055595209736907236
1731800630.7103853;/app/bags/user95_2017-02-24.bag;0.834065854549408;0.0;0.9619645476341248;0.0;0.7960547501412467;0.9444047902630928;0.055595209736907236
1731800630.91043;/app/bags/user95_2017-02-24.bag;0.834065854549408;0.0;0.9619645476341248;0.0;0.7960547501412467;0.9444047902630928;0.055595209736907236
1731800631.110404;/app/bags/user95_2017-02-24.bag;0.834065854549408;0.0;0.9619645476341248;0.0;0.7960547501412467;0.9444047902630928;0.055595209736907236
1731800631.3104455;/app/bags/user95_2017-02-24.bag;0.834065854549408;0.0;0.9619645476341248;0.0;0.7960547501412467;0.9444047902630928;0.055595209736907236
1731800631.5103989;/app/bags/user95_2017-02-24.bag;0.834065854549408;0.0;0.9619645476341248;0.0;0.7960547501412467;0.9444047902630928;0.055595209736907236
1731800631.7104325;/app/bags/user95_2017-02-24.bag;0.834065854549408;0.0;0.9619645476341248;0.0;0.7960547501412467;0.9444047902630928;0.055595209736907236
1731800631.9104033;/app/bags/user95_2017-02-24.bag;0.834065854549408;0.0;0.9619645476341248;0.0;0.7960547501412467;0.9444047902630928;0.055595209736907236
1731800632.1103652;/app/bags/user95_2017-02-24.bag;0.834065854549408;0.0;0.9619645476341248;0.0;0.7960547501412467;0.9444047902630928;0.055595209736907236
1731800632.3104084;/app/bags/user95_2017-02-24.bag;0.834065854549408;0.0;0.9619645476341248;0.0;0.7960547501412467;0.9444047902630928;0.055595209736907236
1731800632.5104494;/app/bags/user95_2017-02-24.bag;0.834065854549408;0.0;0.9619645476341248;0.0;0.7960547501412467;0.9444047902630928;0.055595209736907236
1731800632.7104306;/app/bags/user95_2017-02-24.bag;0.834065854549408;0.0;0.9619645476341248;0.0;0.7960547501412467;0.9444047902630928;0.055595209736907236
1731800632.9103825;/app/bags/user95_2017-02-24.bag;0.834065854549408;0.0;0.9619645476341248;0.0;0.7960547501412467;0.9444047902630928;0.055595209736907236
1731800633.1104245;/app/bags/user95_2017-02-24.bag;0.834065854549408;0.0;0.9619645476341248;0.0;0.7960547501412467;0.9444047902630928;0.055595209736907236
1731800633.310464;/app/bags/user95_2017-02-24.bag;0.834065854549408;0.0;0.9619645476341248;0.0;0.7960547501412467;0.9444047902630928;0.055595209736907236
1731800633.5103846;/app/bags/user95_2017-02-24.bag;0.834065854549408;0.0;0.9619645476341248;0.0;0.7960547501412467;0.9444047902630928;0.055595209736907236
1731800633.7103684;/app/bags/user95_2017-02-24.bag;0.834065854549408;0.0;0.9619645476341248;0.0;0.7960547501412467;0.9444047902630928;0.055595209736907236
1731800633.91036;/app/bags/user95_2017-02-24.bag;0.834065854549408;0.0;0.9619645476341248;0.0;0.7960547501412467;0.9444047902630928;0.055595209736907236
1731800634.1104145;/app/bags/user95_2017-02-24.bag;0.834065854549408;0.0;0.9619645476341248;0.0;0.7960547501412467;0.9444047902630928;0.055595209736907236
1731800634.310458;/app/bags/user95_2017-02-24.bag;0.834065854549408;0.0;0.9619645476341248;0.0;0.7960547501412467;0.9444047902630928;0.055595209736907236
1731800634.5104134;/app/bags/user95_2017-02-24.bag;0.834065854549408;0.0;0.9619645476341248;0.0;0.7960547501412467;0.9444047902630928;0.055595209736907236
1731800634.7103474;/app/bags/user95_2017-02-24.bag;0.834065854549408;0.0;0.9619645476341248;0.0;0.7960547501412467;0.9444047902630928;0.055595209736907236
1731800634.910432;/app/bags/user95_2017-02-24.bag;0.834065854549408;0.0;0.9619645476341248;0.0;0.7960547501412467;0.9444047902630928;0.055595209736907236
1731800635.1103823;/app/bags/user95_2017-02-24.bag;0.834065854549408;0.0;0.9619645476341248;0.0;0.7960547501412467;0.9444047902630928;0.055595209736907236
1731800635.3103933;/app/bags/user95_2017-02-24.bag;0.834065854549408;0.0;0.9619645476341248;0.0;0.7960547501412467;0.9444047902630928;0.055595209736907236
1731800635.5103638;/app/bags/user95_2017-02-24.bag;0.834065854549408;0.0;0.9619645476341248;0.0;0.7960547501412467;0.9444047902630928;0.055595209736907236
1731800635.7103765;/app/bags/user95_2017-02-24.bag;0.834065854549408;0.0;0.9619645476341248;0.0;0.7960547501412467;0.9444047902630928;0.055595209736907236
1731800635.9105434;/app/bags/user95_2017-02-24.bag;0.834065854549408;0.0;0.9619645476341248;0.0;0.7960547501412467;0.9444047902630928;0.055595209736907236
1731800636.1103578;/app/bags/user95_2017-02-24.bag;0.834065854549408;0.0;0.9619645476341248;0.0;0.7960547501412467;0.9444047902630928;0.055595209736907236
1731800636.3104196;/app/bags/user95_2017-02-24.bag;0.834065854549408;0.0;0.9619645476341248;0.0;0.7960547501412467;0.9444047902630928;0.055595209736907236
1731800636.5104022;/app/bags/user95_2017-02-24.bag;0.834065854549408;0.0;0.9619645476341248;0.0;0.7960547501412467;0.9444047902630928;0.055595209736907236
1731800636.7103558;/app/bags/user95_2017-02-24.bag;0.834065854549408;0.0;0.9619645476341248;0.0;0.7960547501412467;0.9444047902630928;0.055595209736907236
1731800636.9103458;/app/bags/user95_2017-02-24.bag;0.834065854549408;0.0;0.9619645476341248;0.0;0.7960547501412467;0.9444047902630928;0.055595209736907236
1731800637.1104367;/app/bags/user95_2017-02-24.bag;0.834065854549408;0.0;0.9619645476341248;0.0;0.7960547501412467;0.9444047902630928;0.055595209736907236
1731800637.310404;/app/bags/user95_2017-02-24.bag;0.834065854549408;0.0;0.9619645476341248;0.0;0.7960547501412467;0.9444047902630928;0.055595209736907236
1731800637.51038;/app/bags/user95_2017-02-24.bag;0.834065854549408;0.0;0.9619645476341248;0.0;0.7960547501412467;0.9444047902630928;0.055595209736907236
1731800637.7103996;/app/bags/user95_2017-02-24.bag;0.834065854549408;0.0;0.9619645476341248;0.0;0.7960547501412467;0.9444047902630928;0.055595209736907236
1731800637.910378;/app/bags/user95_2017-02-24.bag;0.834065854549408;0.0;0.9619645476341248;0.0;0.7960547501412467;0.9444047902630928;0.055595209736907236
1731800638.110432;/app/bags/user95_2017-02-24.bag;0.834065854549408;0.0;0.9619645476341248;0.0;0.7960547501412467;0.9444047902630928;0.055595209736907236
1731800638.31045;/app/bags/user95_2017-02-24.bag;0.834065854549408;0.0;0.9619645476341248;0.0;0.7960547501412467;0.9444047902630928;0.055595209736907236
1731800638.510398;/app/bags/user95_2017-02-24.bag;0.834065854549408;0.0;0.9619645476341248;0.0;0.7960547501412467;0.9444047902630928;0.055595209736907236
1731800638.7104368;/app/bags/user95_2017-02-24.bag;0.834065854549408;0.0;0.9619645476341248;0.0;0.7960547501412467;0.9444047902630928;0.055595209736907236
1731800638.9104478;/app/bags/user95_2017-02-24.bag;0.834065854549408;0.0;0.9619645476341248;0.0;0.7960547501412467;0.9444047902630928;0.055595209736907236
1731800639.1104238;/app/bags/user95_2017-02-24.bag;0.834065854549408;0.0;0.9619645476341248;0.0;0.7960547501412467;0.9444047902630928;0.055595209736907236
1731800639.3104022;/app/bags/user95_2017-02-24.bag;0.834065854549408;0.0;0.9619645476341248;0.0;0.7960547501412467;0.9444047902630928;0.055595209736907236
1731800639.5103517;/app/bags/user95_2017-02-24.bag;0.834065854549408;0.0;0.9619645476341248;0.0;0.7960547501412467;0.9444047902630928;0.055595209736907236
1731800639.710397;/app/bags/user95_2017-02-24.bag;0.834065854549408;0.0;0.9619645476341248;0.0;0.7960547501412467;0.9444047902630928;0.055595209736907236
1731800639.9104006;/app/bags/user95_2017-02-24.bag;0.834065854549408;0.0;0.9619645476341248;0.0;0.7960547501412467;0.9444047902630928;0.055595209736907236
1731800640.1103928;/app/bags/user95_2017-02-24.bag;0.834065854549408;0.0;0.9619645476341248;0.0;0.7960547501412467;0.9444047902630928;0.055595209736907236
1731800640.310455;/app/bags/user95_2017-02-24.bag;0.834065854549408;0.0;0.9619645476341248;0.0;0.7960547501412467;0.9444047902630928;0.055595209736907236
1731800640.510438;/app/bags/user95_2017-02-24.bag;0.834065854549408;0.0;0.9619645476341248;0.0;0.7960547501412467;0.9444047902630928;0.055595209736907236
1731800640.7104635;/app/bags/user95_2017-02-24.bag;0.834065854549408;0.0;0.9619645476341248;0.0;0.7960547501412467;0.9444047902630928;0.055595209736907236
1731800640.910399;/app/bags/user95_2017-02-24.bag;0.834065854549408;0.0;0.9619645476341248;0.0;0.7960547501412467;0.9444047902630928;0.055595209736907236
1731800641.1104262;/app/bags/user95_2017-02-24.bag;0.834065854549408;0.0;0.9619645476341248;0.0;0.7960547501412467;0.9444047902630928;0.055595209736907236
1731800641.310394;/app/bags/user95_2017-02-24.bag;0.834065854549408;0.0;0.9619645476341248;0.0;0.7960547501412467;0.9444047902630928;0.055595209736907236
1731800641.510389;/app/bags/user95_2017-02-24.bag;0.834065854549408;0.0;0.9619645476341248;0.0;0.7960547501412467;0.9444047902630928;0.055595209736907236
1731800641.7103612;/app/bags/user95_2017-02-24.bag;0.834065854549408;0.0;0.9619645476341248;0.0;0.7960547501412467;0.9444047902630928;0.055595209736907236
1731800641.9104548;/app/bags/user95_2017-02-24.bag;0.834065854549408;0.0;0.9619645476341248;0.0;0.7960547501412467;0.9444047902630928;0.055595209736907236
1731800642.1103995;/app/bags/user95_2017-02-24.bag;0.834065854549408;0.0;0.9619645476341248;0.0;0.7960547501412467;0.9444047902630928;0.055595209736907236
1731800642.3104768;/app/bags/user95_2017-02-24.bag;0.834065854549408;0.0;0.9619645476341248;0.0;0.7960547501412467;0.9444047902630928;0.055595209736907236
1731800642.5103781;/app/bags/user95_2017-02-24.bag;0.834065854549408;0.0;0.9619645476341248;0.0;0.7960547501412467;0.9444047902630928;0.055595209736907236
1731800642.7103784;/app/bags/user95_2017-02-24.bag;0.834065854549408;0.0;0.9619645476341248;0.0;0.7960547501412467;0.9444047902630928;0.055595209736907236
1731800642.910392;/app/bags/user95_2017-02-24.bag;0.834065854549408;0.0;0.9619645476341248;0.0;0.7960547501412467;0.9444047902630928;0.055595209736907236
1731800643.110537;/app/bags/user95_2017-02-24.bag;0.834065854549408;0.0;0.9619645476341248;0.0;0.7960547501412467;0.9444047902630928;0.055595209736907236
1731800643.3104093;/app/bags/user95_2017-02-24.bag;0.834065854549408;0.0;0.9619645476341248;0.0;0.7960547501412467;0.9444047902630928;0.055595209736907236
1731800643.5103774;/app/bags/user95_2017-02-24.bag;0.834065854549408;0.0;0.9619645476341248;0.0;0.7960547501412467;0.9444047902630928;0.055595209736907236
1731800643.7104883;/app/bags/user95_2017-02-24.bag;0.834065854549408;0.0;0.9619645476341248;0.0;0.7960547501412467;0.9444047902630928;0.055595209736907236
1731800643.9103978;/app/bags/user95_2017-02-24.bag;0.834065854549408;0.0;0.9619645476341248;0.0;0.7960547501412467;0.9444047902630928;0.055595209736907236
1731800644.1103716;/app/bags/user95_2017-02-24.bag;0.834065854549408;0.0;0.9619645476341248;0.0;0.7960547501412467;0.9444047902630928;0.055595209736907236
1731800644.310414;/app/bags/user95_2017-02-24.bag;0.834065854549408;0.0;0.9619645476341248;0.0;0.7960547501412467;0.9444047902630928;0.055595209736907236
1731800644.51055;/app/bags/user95_2017-02-24.bag;0.834065854549408;0.0;0.9619645476341248;0.0;0.7960547501412467;0.9444047902630928;0.055595209736907236
1731800644.7104135;/app/bags/user95_2017-02-24.bag;0.834065854549408;0.0;0.9619645476341248;0.0;0.7960547501412467;0.9444047902630928;0.055595209736907236
1731800644.91042;/app/bags/user95_2017-02-24.bag;0.834065854549408;0.0;0.9619645476341248;0.0;0.7960547501412467;0.9444047902630928;0.055595209736907236
1731800645.1103609;/app/bags/user95_2017-02-24.bag;0.834065854549408;0.0;0.9619645476341248;0.0;0.7960547501412467;0.9444047902630928;0.055595209736907236
1731800645.3104079;/app/bags/user95_2017-02-24.bag;0.834065854549408;0.0;0.9619645476341248;0.0;0.7960547501412467;0.9444047902630928;0.055595209736907236
1731800645.510426;/app/bags/user95_2017-02-24.bag;0.834065854549408;0.0;0.9619645476341248;0.0;0.7960547501412467;0.9444047902630928;0.055595209736907236
1731800645.710401;/app/bags/user95_2017-02-24.bag;0.834065854549408;0.0;0.9619645476341248;0.0;0.7960547501412467;0.9444047902630928;0.055595209736907236
1731800645.9104154;/app/bags/user95_2017-02-24.bag;0.834065854549408;0.0;0.9619645476341248;0.0;0.7960547501412467;0.9444047902630928;0.055595209736907236
1731800646.1103973;/app/bags/user95_2017-02-24.bag;0.834065854549408;0.0;0.9619645476341248;0.0;0.7960547501412467;0.9444047902630928;0.055595209736907236
1731800646.3103824;/app/bags/user95_2017-02-24.bag;0.834065854549408;0.0;0.9619645476341248;0.0;0.7960547501412467;0.9444047902630928;0.055595209736907236
1731800646.5104084;/app/bags/user95_2017-02-24.bag;0.834065854549408;0.0;0.9619645476341248;0.0;0.7960547501412467;0.9444047902630928;0.055595209736907236
1731800646.7104247;/app/bags/user95_2017-02-24.bag;0.834065854549408;0.0;0.9619645476341248;0.0;0.7960547501412467;0.9444047902630928;0.055595209736907236
1731800646.9103854;/app/bags/user95_2017-02-24.bag;0.834065854549408;0.0;0.9619645476341248;0.0;0.7960547501412467;0.9444047902630928;0.055595209736907236
1731800647.1103916;/app/bags/user95_2017-02-24.bag;0.834065854549408;0.0;0.9619645476341248;0.0;0.7960547501412467;0.9444047902630928;0.055595209736907236
1731800647.3103564;/app/bags/user95_2017-02-24.bag;0.834065854549408;0.0;0.9619645476341248;0.0;0.7960547501412467;0.9444047902630928;0.055595209736907236
1731800647.510334;/app/bags/user95_2017-02-24.bag;0.834065854549408;0.0;0.9619645476341248;0.0;0.7960547501412467;0.9444047902630928;0.055595209736907236
1731800647.7103724;/app/bags/user95_2017-02-24.bag;0.834065854549408;0.0;0.9619645476341248;0.0;0.7960547501412467;0.9444047902630928;0.055595209736907236
1731800647.910439;/app/bags/user95_2017-02-24.bag;0.834065854549408;0.0;0.9619645476341248;0.0;0.7960547501412467;0.9444047902630928;0.055595209736907236
1731800648.1104305;/app/bags/user95_2017-02-24.bag;0.834065854549408;0.0;0.9619645476341248;0.0;0.7960547501412467;0.9444047902630928;0.055595209736907236
1731800648.310361;/app/bags/user95_2017-02-24.bag;0.834065854549408;0.0;0.9619645476341248;0.0;0.7960547501412467;0.9444047902630928;0.055595209736907236
1731800648.5104196;/app/bags/user95_2017-02-24.bag;0.834065854549408;0.0;0.9619645476341248;0.0;0.7960547501412467;0.9444047902630928;0.055595209736907236
1731800648.7103815;/app/bags/user95_2017-02-24.bag;0.834065854549408;0.0;0.9619645476341248;0.0;0.7960547501412467;0.9444047902630928;0.055595209736907236
1731800648.9103637;/app/bags/user95_2017-02-24.bag;0.834065854549408;0.0;0.9619645476341248;0.0;0.7960547501412467;0.9444047902630928;0.055595209736907236
1731800649.1104715;/app/bags/user95_2017-02-24.bag;0.834065854549408;0.0;0.9619645476341248;0.0;0.7960547501412467;0.9444047902630928;0.055595209736907236
1731800649.3103797;/app/bags/user95_2017-02-24.bag;0.834065854549408;0.0;0.9619645476341248;0.0;0.7960547501412467;0.9444047902630928;0.055595209736907236
1731800649.5103972;/app/bags/user95_2017-02-24.bag;0.834065854549408;0.0;0.9619645476341248;0.0;0.7960547501412467;0.9444047902630928;0.055595209736907236
1731800649.7104747;/app/bags/user95_2017-02-24.bag;0.834065854549408;0.0;0.9619645476341248;0.0;0.7960547501412467;0.9444047902630928;0.055595209736907236
1731800649.910555;/app/bags/user95_2017-02-24.bag;0.834065854549408;0.0;0.9619645476341248;0.0;0.7960547501412467;0.9444047902630928;0.055595209736907236
1731800650.1103883;/app/bags/user95_2017-02-24.bag;0.834065854549408;0.0;0.9619645476341248;0.0;0.7960547501412467;0.9444047902630928;0.055595209736907236
1731800650.3104277;/app/bags/user95_2017-02-24.bag;0.834065854549408;0.0;0.9619645476341248;0.0;0.7960547501412467;0.9444047902630928;0.055595209736907236
1731800650.5103936;/app/bags/user95_2017-02-24.bag;0.834065854549408;0.0;0.9619645476341248;0.0;0.7960547501412467;0.9444047902630928;0.055595209736907236
1731800650.7104273;/app/bags/user95_2017-02-24.bag;0.834065854549408;0.0;0.9619645476341248;0.0;0.7960547501412467;0.9444047902630928;0.055595209736907236
1731800650.910493;/app/bags/user95_2017-02-24.bag;0.834065854549408;0.0;0.9619645476341248;0.0;0.7960547501412467;0.9444047902630928;0.055595209736907236
1731800651.110419;/app/bags/user95_2017-02-24.bag;0.834065854549408;0.0;0.9619645476341248;0.0;0.7960547501412467;0.9444047902630928;0.055595209736907236
1731800651.3103912;/app/bags/user95_2017-02-24.bag;0.834065854549408;0.0;0.9619645476341248;0.0;0.7960547501412467;0.9444047902630928;0.055595209736907236
1731800651.510416;/app/bags/user95_2017-02-24.bag;0.834065854549408;0.0;0.9619645476341248;0.0;0.7960547501412467;0.9444047902630928;0.055595209736907236
1731800651.7104516;/app/bags/user95_2017-02-24.bag;0.834065854549408;0.0;0.9619645476341248;0.0;0.7960547501412467;0.9444047902630928;0.055595209736907236
1731800651.9104118;/app/bags/user95_2017-02-24.bag;0.834065854549408;0.0;0.9619645476341248;0.0;0.7960547501412467;0.9444047902630928;0.055595209736907236
1731800652.1104236;/app/bags/user95_2017-02-24.bag;0.834065854549408;0.0;0.9619645476341248;0.0;0.7960547501412467;0.9444047902630928;0.055595209736907236
1731800652.310596;/app/bags/user95_2017-02-24.bag;0.834065854549408;0.0;0.9619645476341248;0.0;0.7960547501412467;0.9444047902630928;0.055595209736907236
1731800652.5104825;/app/bags/user95_2017-02-24.bag;0.834065854549408;0.0;0.9619645476341248;0.0;0.7960547501412467;0.9444047902630928;0.055595209736907236
1731800652.7103875;/app/bags/user95_2017-02-24.bag;0.834065854549408;0.0;0.9619645476341248;0.0;0.7960547501412467;0.9444047902630928;0.055595209736907236
1731800652.9104085;/app/bags/user95_2017-02-24.bag;0.834065854549408;0.0;0.9619645476341248;0.0;0.7960547501412467;0.9444047902630928;0.055595209736907236
1731800653.1104124;/app/bags/user95_2017-02-24.bag;0.834065854549408;0.0;0.9619645476341248;0.0;0.7960547501412467;0.9444047902630928;0.055595209736907236
1731800653.3103733;/app/bags/user95_2017-02-24.bag;0.834065854549408;0.0;0.9619645476341248;0.0;0.7960547501412467;0.9444047902630928;0.055595209736907236
1731800653.5104306;/app/bags/user95_2017-02-24.bag;0.834065854549408;0.0;0.9619645476341248;0.0;0.7960547501412467;0.9444047902630928;0.055595209736907236
1731800653.7104142;/app/bags/user95_2017-02-24.bag;0.834065854549408;0.0;0.9619645476341248;0.0;0.7960547501412467;0.9444047902630928;0.055595209736907236
1731800653.9104195;/app/bags/user95_2017-02-24.bag;0.834065854549408;0.0;0.9619645476341248;0.0;0.7960547501412467;0.9444047902630928;0.055595209736907236
1731800654.1103945;/app/bags/user95_2017-02-24.bag;0.834065854549408;0.0;0.9619645476341248;0.0;0.7960547501412467;0.9444047902630928;0.055595209736907236
1731800654.310371;/app/bags/user95_2017-02-24.bag;0.834065854549408;0.0;0.9619645476341248;0.0;0.7960547501412467;0.9444047902630928;0.055595209736907236
1731800654.5103958;/app/bags/user95_2017-02-24.bag;0.834065854549408;0.0;0.9619645476341248;0.0;0.7960547501412467;0.9444047902630928;0.055595209736907236
1731800654.7104318;/app/bags/user95_2017-02-24.bag;0.834065854549408;0.0;0.9619645476341248;0.0;0.7960547501412467;0.9444047902630928;0.055595209736907236
1731800654.910406;/app/bags/user95_2017-02-24.bag;0.834065854549408;0.0;0.9619645476341248;0.0;0.7960547501412467;0.9444047902630928;0.055595209736907236
1731800655.1104026;/app/bags/user95_2017-02-24.bag;0.834065854549408;0.0;0.9619645476341248;0.0;0.7960547501412467;0.9444047902630928;0.055595209736907236
1731800655.3103993;/app/bags/user95_2017-02-24.bag;0.834065854549408;0.0;0.9619645476341248;0.0;0.7960547501412467;0.9444047902630928;0.055595209736907236
1731800655.5103734;/app/bags/user95_2017-02-24.bag;0.834065854549408;0.0;0.9619645476341248;0.0;0.7960547501412467;0.9444047902630928;0.055595209736907236
1731800655.7103567;/app/bags/user95_2017-02-24.bag;0.834065854549408;0.0;0.9619645476341248;0.0;0.7960547501412467;0.9444047902630928;0.055595209736907236
1731800655.910368;/app/bags/user95_2017-02-24.bag;0.834065854549408;0.0;0.9619645476341248;0.0;0.7960547501412467;0.9444047902630928;0.055595209736907236
1731800656.1103637;/app/bags/user95_2017-02-24.bag;0.834065854549408;0.0;0.9619645476341248;0.0;0.7960547501412467;0.9444047902630928;0.055595209736907236
1731800656.3104424;/app/bags/user95_2017-02-24.bag;0.834065854549408;0.0;0.9619645476341248;0.0;0.7960547501412467;0.9444047902630928;0.055595209736907236
1731800656.5104952;/app/bags/user95_2017-02-24.bag;0.834065854549408;0.0;0.9619645476341248;0.0;0.7960547501412467;0.9444047902630928;0.055595209736907236
1731800656.7104077;/app/bags/user95_2017-02-24.bag;0.834065854549408;0.0;0.9619645476341248;0.0;0.7960547501412467;0.9444047902630928;0.055595209736907236
1731800656.9104443;/app/bags/user95_2017-02-24.bag;0.834065854549408;0.0;0.9619645476341248;0.0;0.7960547501412467;0.9444047902630928;0.055595209736907236
1731800657.1104515;/app/bags/user95_2017-02-24.bag;0.834065854549408;0.0;0.9619645476341248;0.0;0.7960547501412467;0.9444047902630928;0.055595209736907236
1731800657.3103836;/app/bags/user95_2017-02-24.bag;0.834065854549408;0.0;0.9619645476341248;0.0;0.7960547501412467;0.9444047902630928;0.055595209736907236
1731800657.5103896;/app/bags/user95_2017-02-24.bag;0.834065854549408;0.0;0.9619645476341248;0.0;0.7960547501412467;0.9444047902630928;0.055595209736907236
1731800657.7103927;/app/bags/user95_2017-02-24.bag;0.834065854549408;0.0;0.9619645476341248;0.0;0.7960547501412467;0.9444047902630928;0.055595209736907236
1731800657.9103818;/app/bags/user95_2017-02-24.bag;0.834065854549408;0.0;0.9619645476341248;0.0;0.7960547501412467;0.9444047902630928;0.055595209736907236
1731800658.1104093;/app/bags/user95_2017-02-24.bag;0.834065854549408;0.0;0.9619645476341248;0.0;0.7960547501412467;0.9444047902630928;0.055595209736907236
1731800658.3104491;/app/bags/user95_2017-02-24.bag;0.834065854549408;0.0;0.9619645476341248;0.0;0.7960547501412467;0.9444047902630928;0.055595209736907236
1731800658.5104878;/app/bags/user95_2017-02-24.bag;0.834065854549408;0.0;0.9619645476341248;0.0;0.7960547501412467;0.9444047902630928;0.055595209736907236
1731800658.710356;/app/bags/user95_2017-02-24.bag;0.834065854549408;0.0;0.9619645476341248;0.0;0.7960547501412467;0.9444047902630928;0.055595209736907236
1731800658.9104102;/app/bags/user95_2017-02-24.bag;0.834065854549408;0.0;0.9619645476341248;0.0;0.7960547501412467;0.9444047902630928;0.055595209736907236
1731800659.1104157;/app/bags/user95_2017-02-24.bag;0.834065854549408;0.0;0.9619645476341248;0.0;0.7960547501412467;0.9444047902630928;0.055595209736907236
1731800659.310393;/app/bags/user95_2017-02-24.bag;0.834065854549408;0.0;0.9619645476341248;0.0;0.7960547501412467;0.9444047902630928;0.055595209736907236
1731800659.5103736;/app/bags/user95_2017-02-24.bag;0.834065854549408;0.0;0.9619645476341248;0.0;0.7960547501412467;0.9444047902630928;0.055595209736907236
1731800659.7104573;/app/bags/user95_2017-02-24.bag;0.834065854549408;0.0;0.9619645476341248;0.0;0.7960547501412467;0.9444047902630928;0.055595209736907236
1731800659.910402;/app/bags/user95_2017-02-24.bag;0.834065854549408;0.0;0.9619645476341248;0.0;0.7960547501412467;0.9444047902630928;0.055595209736907236
1731800660.1104507;/app/bags/user95_2017-02-24.bag;0.834065854549408;0.0;0.9619645476341248;0.0;0.7960547501412467;0.9444047902630928;0.055595209736907236
1731800660.3104944;/app/bags/user95_2017-02-24.bag;0.834065854549408;0.0;0.9619645476341248;0.0;0.7960547501412467;0.9444047902630928;0.055595209736907236
1731800660.51041;/app/bags/user95_2017-02-24.bag;0.834065854549408;0.0;0.9619645476341248;0.0;0.7960547501412467;0.9444047902630928;0.055595209736907236
1731800660.7104094;/app/bags/user95_2017-02-24.bag;0.834065854549408;0.0;0.9619645476341248;0.0;0.7960547501412467;0.9444047902630928;0.055595209736907236
1731800660.9104724;/app/bags/user95_2017-02-24.bag;0.834065854549408;0.0;0.9619645476341248;0.0;0.7960547501412467;0.9444047902630928;0.055595209736907236
1731800661.1103811;/app/bags/user95_2017-02-24.bag;0.834065854549408;0.0;0.9619645476341248;0.0;0.7960547501412467;0.9444047902630928;0.055595209736907236
1731800661.310368;/app/bags/user95_2017-02-24.bag;0.834065854549408;0.0;0.9619645476341248;0.0;0.7960547501412467;0.9444047902630928;0.055595209736907236
1731800661.5103908;/app/bags/user95_2017-02-24.bag;0.834065854549408;0.0;0.9619645476341248;0.0;0.7960547501412467;0.9444047902630928;0.055595209736907236
1731800661.7104473;/app/bags/user95_2017-02-24.bag;0.834065854549408;0.0;0.9619645476341248;0.0;0.7960547501412467;0.9444047902630928;0.055595209736907236
1731800661.9104364;/app/bags/user95_2017-02-24.bag;0.834065854549408;0.0;0.9619645476341248;0.0;0.7960547501412467;0.9444047902630928;0.055595209736907236
1731800662.110389;/app/bags/user95_2017-02-24.bag;0.834065854549408;0.0;0.9619645476341248;0.0;0.7960547501412467;0.9444047902630928;0.055595209736907236
1731800662.3104236;/app/bags/user95_2017-02-24.bag;0.834065854549408;0.0;0.9619645476341248;0.0;0.7960547501412467;0.9444047902630928;0.055595209736907236
1731800662.5104098;/app/bags/user95_2017-02-24.bag;0.834065854549408;0.0;0.9619645476341248;0.0;0.7960547501412467;0.9444047902630928;0.055595209736907236
1731800662.710395;/app/bags/user95_2017-02-24.bag;0.834065854549408;0.0;0.9619645476341248;0.0;0.7960547501412467;0.9444047902630928;0.055595209736907236
1731800662.9103885;/app/bags/user95_2017-02-24.bag;0.834065854549408;0.0;0.9619645476341248;0.0;0.7960547501412467;0.9444047902630928;0.055595209736907236
1731800663.1103666;/app/bags/user95_2017-02-24.bag;0.834065854549408;0.0;0.9619645476341248;0.0;0.7960547501412467;0.9444047902630928;0.055595209736907236
1731800663.310445;/app/bags/user95_2017-02-24.bag;0.834065854549408;0.0;0.9619645476341248;0.0;0.7960547501412467;0.9444047902630928;0.055595209736907236
1731800663.5104244;/app/bags/user95_2017-02-24.bag;0.834065854549408;0.0;0.9619645476341248;0.0;0.7960547501412467;0.9444047902630928;0.055595209736907236
1731800663.7104914;/app/bags/user95_2017-02-24.bag;0.834065854549408;0.0;0.9619645476341248;0.0;0.7960547501412467;0.9444047902630928;0.055595209736907236
1731800663.9105372;/app/bags/user95_2017-02-24.bag;0.834065854549408;0.0;0.9619645476341248;0.0;0.7960547501412467;0.9444047902630928;0.055595209736907236
1731800664.1104028;/app/bags/user95_2017-02-24.bag;0.834065854549408;0.0;0.9619645476341248;0.0;0.7960547501412467;0.9444047902630928;0.055595209736907236
1731800664.3104;/app/bags/user95_2017-02-24.bag;0.834065854549408;0.0;0.9619645476341248;0.0;0.7960547501412467;0.9444047902630928;0.055595209736907236
1731800664.5104134;/app/bags/user95_2017-02-24.bag;0.834065854549408;0.0;0.9619645476341248;0.0;0.7960547501412467;0.9444047902630928;0.055595209736907236
1731800664.7103877;/app/bags/user95_2017-02-24.bag;0.834065854549408;0.0;0.9619645476341248;0.0;0.7960547501412467;0.9444047902630928;0.055595209736907236
1731800664.9103558;/app/bags/user95_2017-02-24.bag;0.834065854549408;0.0;0.9619645476341248;0.0;0.7960547501412467;0.9444047902630928;0.055595209736907236
1731800665.110426;/app/bags/user95_2017-02-24.bag;0.834065854549408;0.0;0.9619645476341248;0.0;0.7960547501412467;0.9444047902630928;0.055595209736907236
1731800665.3103614;/app/bags/user95_2017-02-24.bag;0.834065854549408;0.0;0.9619645476341248;0.0;0.7960547501412467;0.9444047902630928;0.055595209736907236
1731800665.5103874;/app/bags/user95_2017-02-24.bag;0.834065854549408;0.0;0.9619645476341248;0.0;0.7960547501412467;0.9444047902630928;0.055595209736907236
1731800665.710352;/app/bags/user95_2017-02-24.bag;0.834065854549408;0.0;0.9619645476341248;0.0;0.7960547501412467;0.9444047902630928;0.055595209736907236
1731800665.910422;/app/bags/user95_2017-02-24.bag;0.834065854549408;0.0;0.9619645476341248;0.0;0.7960547501412467;0.9444047902630928;0.055595209736907236
1731800666.1103952;/app/bags/user95_2017-02-24.bag;0.834065854549408;0.0;0.9619645476341248;0.0;0.7960547501412467;0.9444047902630928;0.055595209736907236
1731800666.3104079;/app/bags/user95_2017-02-24.bag;0.834065854549408;0.0;0.9619645476341248;0.0;0.7960547501412467;0.9444047902630928;0.055595209736907236
1731800666.5103858;/app/bags/user95_2017-02-24.bag;0.834065854549408;0.0;0.9619645476341248;0.0;0.7960547501412467;0.9444047902630928;0.055595209736907236
1731800666.7103598;/app/bags/user95_2017-02-24.bag;0.834065854549408;0.0;0.9619645476341248;0.0;0.7960547501412467;0.9444047902630928;0.055595209736907236
1731800666.910242;/app/bags/user95_2017-02-24.bag;0.834065854549408;0.0;0.9619645476341248;0.0;0.7960547501412467;0.9444047902630928;0.055595209736907236
1731800667.1104274;/app/bags/user95_2017-02-24.bag;0.834065854549408;0.0;0.9619645476341248;0.0;0.7960547501412467;0.9444047902630928;0.055595209736907236
1731800667.3104708;/app/bags/user95_2017-02-24.bag;0.834065854549408;0.0;0.9619645476341248;0.0;0.7960547501412467;0.9444047902630928;0.055595209736907236
1731800667.5104067;/app/bags/user95_2017-02-24.bag;0.834065854549408;0.0;0.9619645476341248;0.0;0.7960547501412467;0.9444047902630928;0.055595209736907236
1731800667.7103803;/app/bags/user95_2017-02-24.bag;0.834065854549408;0.0;0.9619645476341248;0.0;0.7960547501412467;0.9444047902630928;0.055595209736907236
1731800667.9104035;/app/bags/user95_2017-02-24.bag;0.834065854549408;0.0;0.9619645476341248;0.0;0.7960547501412467;0.9444047902630928;0.055595209736907236
1731800668.110505;/app/bags/user95_2017-02-24.bag;0.834065854549408;0.0;0.9619645476341248;0.0;0.7960547501412467;0.9444047902630928;0.055595209736907236
1731800668.3104224;/app/bags/user95_2017-02-24.bag;0.834065854549408;0.0;0.9619645476341248;0.0;0.7960547501412467;0.9444047902630928;0.055595209736907236
1731800668.510376;/app/bags/user95_2017-02-24.bag;0.834065854549408;0.0;0.9619645476341248;0.0;0.7960547501412467;0.9444047902630928;0.055595209736907236
1731800668.710529;/app/bags/user95_2017-02-24.bag;0.834065854549408;0.0;0.9619645476341248;0.0;0.7960547501412467;0.9444047902630928;0.055595209736907236
1731800668.9104135;/app/bags/user95_2017-02-24.bag;0.834065854549408;0.0;0.9619645476341248;0.0;0.7960547501412467;0.9444047902630928;0.055595209736907236
1731800669.110455;/app/bags/user95_2017-02-24.bag;0.834065854549408;0.0;0.9619645476341248;0.0;0.7960547501412467;0.9444047902630928;0.055595209736907236
1731800669.310576;/app/bags/user95_2017-02-24.bag;0.834065854549408;0.0;0.9619645476341248;0.0;0.7960547501412467;0.9444047902630928;0.055595209736907236
1731800669.5103846;/app/bags/user95_2017-02-24.bag;0.834065854549408;0.0;0.9619645476341248;0.0;0.7960547501412467;0.9444047902630928;0.055595209736907236
1731800669.710408;/app/bags/user95_2017-02-24.bag;0.834065854549408;0.0;0.9619645476341248;0.0;0.7960547501412467;0.9444047902630928;0.055595209736907236
1731800669.9104295;/app/bags/user95_2017-02-24.bag;0.834065854549408;0.0;0.9619645476341248;0.0;0.7960547501412467;0.9444047902630928;0.055595209736907236
1731800670.1105177;/app/bags/user95_2017-02-24.bag;0.834065854549408;0.0;0.9619645476341248;0.0;0.7960547501412467;0.9444047902630928;0.055595209736907236
1731800670.3104446;/app/bags/user95_2017-02-24.bag;0.834065854549408;0.0;0.9619645476341248;0.0;0.7960547501412467;0.9444047902630928;0.055595209736907236
1731800670.510402;/app/bags/user95_2017-02-24.bag;0.834065854549408;0.0;0.9619645476341248;0.0;0.7960547501412467;0.9444047902630928;0.055595209736907236
1731800670.7103956;/app/bags/user95_2017-02-24.bag;0.834065854549408;0.0;0.9619645476341248;0.0;0.7960547501412467;0.9444047902630928;0.055595209736907236
1731800670.9104044;/app/bags/user95_2017-02-24.bag;0.834065854549408;0.0;0.9619645476341248;0.0;0.7960547501412467;0.9444047902630928;0.055595209736907236
1731800671.1104112;/app/bags/user95_2017-02-24.bag;0.834065854549408;0.0;0.9619645476341248;0.0;0.7960547501412467;0.9444047902630928;0.055595209736907236
1731800671.3104386;/app/bags/user95_2017-02-24.bag;0.834065854549408;0.0;0.9619645476341248;0.0;0.7960547501412467;0.9444047902630928;0.055595209736907236
1731800671.5104043;/app/bags/user95_2017-02-24.bag;0.834065854549408;0.0;0.9619645476341248;0.0;0.7960547501412467;0.9444047902630928;0.055595209736907236
1731800671.7104282;/app/bags/user95_2017-02-24.bag;0.834065854549408;0.0;0.9619645476341248;0.0;0.7960547501412467;0.9444047902630928;0.055595209736907236
1731800671.9103951;/app/bags/user95_2017-02-24.bag;0.834065854549408;0.0;0.9619645476341248;0.0;0.7960547501412467;0.9444047902630928;0.055595209736907236
1731800672.1104903;/app/bags/user95_2017-02-24.bag;0.834065854549408;0.0;0.9619645476341248;0.0;0.7960547501412467;0.9444047902630928;0.055595209736907236
1731800672.3103726;/app/bags/user95_2017-02-24.bag;0.834065854549408;0.0;0.9619645476341248;0.0;0.7960547501412467;0.9444047902630928;0.055595209736907236
1731800672.5103827;/app/bags/user95_2017-02-24.bag;0.834065854549408;0.0;0.9619645476341248;0.0;0.7960547501412467;0.9444047902630928;0.055595209736907236
1731800672.710385;/app/bags/user95_2017-02-24.bag;0.834065854549408;0.0;0.9619645476341248;0.0;0.7960547501412467;0.9444047902630928;0.055595209736907236
1731800672.9104612;/app/bags/user95_2017-02-24.bag;0.834065854549408;0.0;0.9619645476341248;0.0;0.7960547501412467;0.9444047902630928;0.055595209736907236
1731800673.1105978;/app/bags/user95_2017-02-24.bag;0.834065854549408;0.0;0.9619645476341248;0.0;0.7960547501412467;0.9444047902630928;0.055595209736907236
1731800673.3103929;/app/bags/user95_2017-02-24.bag;0.834065854549408;0.0;0.9619645476341248;0.0;0.7960547501412467;0.9444047902630928;0.055595209736907236
1731800673.5103915;/app/bags/user95_2017-02-24.bag;0.834065854549408;0.0;0.9619645476341248;0.0;0.7960547501412467;0.9444047902630928;0.055595209736907236
1731800673.7104042;/app/bags/user95_2017-02-24.bag;0.834065854549408;0.0;0.9619645476341248;0.0;0.7960547501412467;0.9444047902630928;0.055595209736907236
1731800673.9104066;/app/bags/user95_2017-02-24.bag;0.834065854549408;0.0;0.9619645476341248;0.0;0.7960547501412467;0.9444047902630928;0.055595209736907236
1731800674.1103985;/app/bags/user95_2017-02-24.bag;0.834065854549408;0.0;0.9619645476341248;0.0;0.7960547501412467;0.9444047902630928;0.055595209736907236
1731800674.3103962;/app/bags/user95_2017-02-24.bag;0.834065854549408;0.0;0.9619645476341248;0.0;0.7960547501412467;0.9444047902630928;0.055595209736907236
1731800674.5103698;/app/bags/user95_2017-02-24.bag;0.834065854549408;0.0;0.9619645476341248;0.0;0.7960547501412467;0.9444047902630928;0.055595209736907236
1731800674.7104821;/app/bags/user95_2017-02-24.bag;0.834065854549408;0.0;0.9619645476341248;0.0;0.7960547501412467;0.9444047902630928;0.055595209736907236
1731800674.9103825;/app/bags/user95_2017-02-24.bag;0.834065854549408;0.0;0.9619645476341248;0.0;0.7960547501412467;0.9444047902630928;0.055595209736907236
1731800675.11042;/app/bags/user95_2017-02-24.bag;0.834065854549408;0.0;0.9619645476341248;0.0;0.7960547501412467;0.9444047902630928;0.055595209736907236
1731800675.3103974;/app/bags/user95_2017-02-24.bag;0.834065854549408;0.0;0.9619645476341248;0.0;0.7960547501412467;0.9444047902630928;0.055595209736907236
1731800675.5104172;/app/bags/user95_2017-02-24.bag;0.834065854549408;0.0;0.9619645476341248;0.0;0.7960547501412467;0.9444047902630928;0.055595209736907236
1731800675.7103908;/app/bags/user95_2017-02-24.bag;0.834065854549408;0.0;0.9619645476341248;0.0;0.7960547501412467;0.9444047902630928;0.055595209736907236
1731800675.910427;/app/bags/user95_2017-02-24.bag;0.834065854549408;0.0;0.9619645476341248;0.0;0.7960547501412467;0.9444047902630928;0.055595209736907236
1731800676.1104367;/app/bags/user95_2017-02-24.bag;0.834065854549408;0.0;0.9619645476341248;0.0;0.7960547501412467;0.9444047902630928;0.055595209736907236
1731800676.310385;/app/bags/user95_2017-02-24.bag;0.834065854549408;0.0;0.9619645476341248;0.0;0.7960547501412467;0.9444047902630928;0.055595209736907236
1731800676.510396;/app/bags/user95_2017-02-24.bag;0.834065854549408;0.0;0.9619645476341248;0.0;0.7960547501412467;0.9444047902630928;0.055595209736907236
1731800676.710414;/app/bags/user95_2017-02-24.bag;0.834065854549408;0.0;0.9619645476341248;0.0;0.7960547501412467;0.9444047902630928;0.055595209736907236
1731800676.9104695;/app/bags/user95_2017-02-24.bag;0.834065854549408;0.0;0.9619645476341248;0.0;0.7960547501412467;0.9444047902630928;0.055595209736907236
1731800677.1103983;/app/bags/user95_2017-02-24.bag;0.834065854549408;0.0;0.9619645476341248;0.0;0.7960547501412467;0.9444047902630928;0.055595209736907236
1731800677.310384;/app/bags/user95_2017-02-24.bag;0.834065854549408;0.0;0.9619645476341248;0.0;0.7960547501412467;0.9444047902630928;0.055595209736907236
1731800677.510387;/app/bags/user95_2017-02-24.bag;0.834065854549408;0.0;0.9619645476341248;0.0;0.7960547501412467;0.9444047902630928;0.055595209736907236
1731800677.7103863;/app/bags/user95_2017-02-24.bag;0.834065854549408;0.0;0.9619645476341248;0.0;0.7960547501412467;0.9444047902630928;0.055595209736907236
1731800677.9103916;/app/bags/user95_2017-02-24.bag;0.834065854549408;0.0;0.9619645476341248;0.0;0.7960547501412467;0.9444047902630928;0.055595209736907236
1731800678.1104362;/app/bags/user95_2017-02-24.bag;0.834065854549408;0.0;0.9619645476341248;0.0;0.7960547501412467;0.9444047902630928;0.055595209736907236
1731800678.3103988;/app/bags/user95_2017-02-24.bag;0.834065854549408;0.0;0.9619645476341248;0.0;0.7960547501412467;0.9444047902630928;0.055595209736907236
1731800678.5103912;/app/bags/user95_2017-02-24.bag;0.834065854549408;0.0;0.9619645476341248;0.0;0.7960547501412467;0.9444047902630928;0.055595209736907236
1731800678.7104833;/app/bags/user95_2017-02-24.bag;0.834065854549408;0.0;0.9619645476341248;0.0;0.7960547501412467;0.9444047902630928;0.055595209736907236
1731800678.910385;/app/bags/user95_2017-02-24.bag;0.834065854549408;0.0;0.9619645476341248;0.0;0.7960547501412467;0.9444047902630928;0.055595209736907236
1731800679.1104631;/app/bags/user95_2017-02-24.bag;0.834065854549408;0.0;0.9619645476341248;0.0;0.7960547501412467;0.9444047902630928;0.055595209736907236
1731800679.3104286;/app/bags/user95_2017-02-24.bag;0.834065854549408;0.0;0.9619645476341248;0.0;0.7960547501412467;0.9444047902630928;0.055595209736907236
1731800679.5103967;/app/bags/user95_2017-02-24.bag;0.834065854549408;0.0;0.9619645476341248;0.0;0.7960547501412467;0.9444047902630928;0.055595209736907236
1731800679.710436;/app/bags/user95_2017-02-24.bag;0.834065854549408;0.0;0.9619645476341248;0.0;0.7960547501412467;0.9444047902630928;0.055595209736907236
1731800679.910409;/app/bags/user95_2017-02-24.bag;0.834065854549408;0.0;0.9619645476341248;0.0;0.7960547501412467;0.9444047902630928;0.055595209736907236
1731800680.1104348;/app/bags/user95_2017-02-24.bag;0.834065854549408;0.0;0.9619645476341248;0.0;0.7960547501412467;0.9444047902630928;0.055595209736907236
1731800680.3104255;/app/bags/user95_2017-02-24.bag;0.834065854549408;0.0;0.9619645476341248;0.0;0.7960547501412467;0.9444047902630928;0.055595209736907236
1731800680.510384;/app/bags/user95_2017-02-24.bag;0.834065854549408;0.0;0.9619645476341248;0.0;0.7960547501412467;0.9444047902630928;0.055595209736907236
1731800680.7103908;/app/bags/user95_2017-02-24.bag;0.834065854549408;0.0;0.9619645476341248;0.0;0.7960547501412467;0.9444047902630928;0.055595209736907236
1731800680.9103668;/app/bags/user95_2017-02-24.bag;0.834065854549408;0.0;0.9619645476341248;0.0;0.7960547501412467;0.9444047902630928;0.055595209736907236
1731800681.1104438;/app/bags/user95_2017-02-24.bag;0.834065854549408;0.0;0.9619645476341248;0.0;0.7960547501412467;0.9444047902630928;0.055595209736907236
1731800681.3103783;/app/bags/user95_2017-02-24.bag;0.834065854549408;0.0;0.9619645476341248;0.0;0.7960547501412467;0.9444047902630928;0.055595209736907236
1731800681.510367;/app/bags/user95_2017-02-24.bag;0.834065854549408;0.0;0.9619645476341248;0.0;0.7960547501412467;0.9444047902630928;0.055595209736907236
1731800681.7104065;/app/bags/user95_2017-02-24.bag;0.834065854549408;0.0;0.9619645476341248;0.0;0.7960547501412467;0.9444047902630928;0.055595209736907236
1731800681.9104452;/app/bags/user95_2017-02-24.bag;0.834065854549408;0.0;0.9619645476341248;0.0;0.7960547501412467;0.9444047902630928;0.055595209736907236
1731800682.1103911;/app/bags/user95_2017-02-24.bag;0.834065854549408;0.0;0.9619645476341248;0.0;0.7960547501412467;0.9444047902630928;0.055595209736907236
1731800682.3103986;/app/bags/user95_2017-02-24.bag;0.834065854549408;0.0;0.9619645476341248;0.0;0.7960547501412467;0.9444047902630928;0.055595209736907236
1731800682.5103645;/app/bags/user95_2017-02-24.bag;0.834065854549408;0.0;0.9619645476341248;0.0;0.7960547501412467;0.9444047902630928;0.055595209736907236
1731800682.7105045;/app/bags/user95_2017-02-24.bag;0.834065854549408;0.0;0.9619645476341248;0.0;0.7960547501412467;0.9444047902630928;0.055595209736907236
1731800682.9104161;/app/bags/user95_2017-02-24.bag;0.834065854549408;0.0;0.9619645476341248;0.0;0.7960547501412467;0.9444047902630928;0.055595209736907236
1731800683.1103826;/app/bags/user95_2017-02-24.bag;0.834065854549408;0.0;0.9619645476341248;0.0;0.7960547501412467;0.9444047902630928;0.055595209736907236
1731800683.3104665;/app/bags/user95_2017-02-24.bag;0.834065854549408;0.0;0.9619645476341248;0.0;0.7960547501412467;0.9444047902630928;0.055595209736907236
1731800683.510421;/app/bags/user95_2017-02-24.bag;0.834065854549408;0.0;0.9619645476341248;0.0;0.7960547501412467;0.9444047902630928;0.055595209736907236
1731800683.7103996;/app/bags/user95_2017-02-24.bag;0.834065854549408;0.0;0.9619645476341248;0.0;0.7960547501412467;0.9444047902630928;0.055595209736907236
1731800683.9103837;/app/bags/user95_2017-02-24.bag;0.834065854549408;0.0;0.9619645476341248;0.0;0.7960547501412467;0.9444047902630928;0.055595209736907236
1731800684.1102245;/app/bags/user95_2017-02-24.bag;0.834065854549408;0.0;0.9619645476341248;0.0;0.7960547501412467;0.9444047902630928;0.055595209736907236
1731800684.3104467;/app/bags/user95_2017-02-24.bag;0.834065854549408;0.0;0.9619645476341248;0.0;0.7960547501412467;0.9444047902630928;0.055595209736907236
1731800684.5104249;/app/bags/user95_2017-02-24.bag;0.834065854549408;0.0;0.9619645476341248;0.0;0.7960547501412467;0.9444047902630928;0.055595209736907236
1731800684.710389;/app/bags/user95_2017-02-24.bag;0.834065854549408;0.0;0.9619645476341248;0.0;0.7960547501412467;0.9444047902630928;0.055595209736907236
1731800684.910429;/app/bags/user95_2017-02-24.bag;0.834065854549408;0.0;0.9619645476341248;0.0;0.7960547501412467;0.9444047902630928;0.055595209736907236
1731800685.1103568;/app/bags/user95_2017-02-24.bag;0.834065854549408;0.0;0.9619645476341248;0.0;0.7960547501412467;0.9444047902630928;0.055595209736907236
1731800685.310378;/app/bags/user95_2017-02-24.bag;0.834065854549408;0.0;0.9619645476341248;0.0;0.7960547501412467;0.9444047902630928;0.055595209736907236
1731800685.5104103;/app/bags/user95_2017-02-24.bag;0.834065854549408;0.0;0.9619645476341248;0.0;0.7960547501412467;0.9444047902630928;0.055595209736907236
1731800685.7103717;/app/bags/user95_2017-02-24.bag;0.834065854549408;0.0;0.9619645476341248;0.0;0.7960547501412467;0.9444047902630928;0.055595209736907236
1731800685.9106581;/app/bags/user95_2017-02-24.bag;0.834065854549408;0.0;0.9619645476341248;0.0;0.7960547501412467;0.9444047902630928;0.055595209736907236
1731800686.1104052;/app/bags/user95_2017-02-24.bag;0.834065854549408;0.0;0.9619645476341248;0.0;0.7960547501412467;0.9444047902630928;0.055595209736907236
1731800686.310466;/app/bags/user95_2017-02-24.bag;0.834065854549408;0.0;0.9619645476341248;0.0;0.7960547501412467;0.9444047902630928;0.055595209736907236
1731800686.510432;/app/bags/user95_2017-02-24.bag;0.834065854549408;0.0;0.9619645476341248;0.0;0.7960547501412467;0.9444047902630928;0.055595209736907236
1731800686.7104168;/app/bags/user95_2017-02-24.bag;0.834065854549408;0.0;0.9619645476341248;0.0;0.7960547501412467;0.9444047902630928;0.055595209736907236
1731800686.9104235;/app/bags/user95_2017-02-24.bag;0.834065854549408;0.0;0.9619645476341248;0.0;0.7960547501412467;0.9444047902630928;0.055595209736907236
1731800687.1104302;/app/bags/user95_2017-02-24.bag;0.834065854549408;0.0;0.9619645476341248;0.0;0.7960547501412467;0.9444047902630928;0.055595209736907236
1731800687.310394;/app/bags/user95_2017-02-24.bag;0.834065854549408;0.0;0.9619645476341248;0.0;0.7960547501412467;0.9444047902630928;0.055595209736907236
1731800687.5104082;/app/bags/user95_2017-02-24.bag;0.834065854549408;0.0;0.9619645476341248;0.0;0.7960547501412467;0.9444047902630928;0.055595209736907236
1731800687.710378;/app/bags/user95_2017-02-24.bag;0.834065854549408;0.0;0.9619645476341248;0.0;0.7960547501412467;0.9444047902630928;0.055595209736907236
1731800687.9104528;/app/bags/user95_2017-02-24.bag;0.834065854549408;0.0;0.9619645476341248;0.0;0.7960547501412467;0.9444047902630928;0.055595209736907236
1731800688.1104128;/app/bags/user95_2017-02-24.bag;0.834065854549408;0.0;0.9619645476341248;0.0;0.7960547501412467;0.9444047902630928;0.055595209736907236
1731800688.3103883;/app/bags/user95_2017-02-24.bag;0.834065854549408;0.0;0.9619645476341248;0.0;0.7960547501412467;0.9444047902630928;0.055595209736907236
1731800688.5104487;/app/bags/user95_2017-02-24.bag;0.834065854549408;0.0;0.9619645476341248;0.0;0.7960547501412467;0.9444047902630928;0.055595209736907236
1731800688.7103548;/app/bags/user95_2017-02-24.bag;0.834065854549408;0.0;0.9619645476341248;0.0;0.7960547501412467;0.9444047902630928;0.055595209736907236
1731800688.9103987;/app/bags/user95_2017-02-24.bag;0.834065854549408;0.0;0.9619645476341248;0.0;0.7960547501412467;0.9444047902630928;0.055595209736907236
1731800689.1104205;/app/bags/user95_2017-02-24.bag;0.834065854549408;0.0;0.9619645476341248;0.0;0.7960547501412467;0.9444047902630928;0.055595209736907236
1731800689.3103952;/app/bags/user95_2017-02-24.bag;0.834065854549408;0.0;0.9619645476341248;0.0;0.7960547501412467;0.9444047902630928;0.055595209736907236
1731800689.5103924;/app/bags/user95_2017-02-24.bag;0.834065854549408;0.0;0.9619645476341248;0.0;0.7960547501412467;0.9444047902630928;0.055595209736907236
1731800689.7104354;/app/bags/user95_2017-02-24.bag;0.834065854549408;0.0;0.9619645476341248;0.0;0.7960547501412467;0.9444047902630928;0.055595209736907236
1731800689.9103703;/app/bags/user95_2017-02-24.bag;0.834065854549408;0.0;0.9619645476341248;0.0;0.7960547501412467;0.9444047902630928;0.055595209736907236
1731800690.110391;/app/bags/user95_2017-02-24.bag;0.834065854549408;0.0;0.9619645476341248;0.0;0.7960547501412467;0.9444047902630928;0.055595209736907236
1731800690.3103468;/app/bags/user95_2017-02-24.bag;0.834065854549408;0.0;0.9619645476341248;0.0;0.7960547501412467;0.9444047902630928;0.055595209736907236
1731800690.510437;/app/bags/user95_2017-02-24.bag;0.834065854549408;0.0;0.9619645476341248;0.0;0.7960547501412467;0.9444047902630928;0.055595209736907236
1731800690.7104154;/app/bags/user95_2017-02-24.bag;0.834065854549408;0.0;0.9619645476341248;0.0;0.7960547501412467;0.9444047902630928;0.055595209736907236
1731800690.9104805;/app/bags/user95_2017-02-24.bag;0.834065854549408;0.0;0.9619645476341248;0.0;0.7960547501412467;0.9444047902630928;0.055595209736907236
1731800691.110398;/app/bags/user95_2017-02-24.bag;0.834065854549408;0.0;0.9619645476341248;0.0;0.7960547501412467;0.9444047902630928;0.055595209736907236
1731800691.3103921;/app/bags/user95_2017-02-24.bag;0.834065854549408;0.0;0.9619645476341248;0.0;0.7960547501412467;0.9444047902630928;0.055595209736907236
1731800691.5103786;/app/bags/user95_2017-02-24.bag;0.834065854549408;0.0;0.9619645476341248;0.0;0.7960547501412467;0.9444047902630928;0.055595209736907236
1731800691.7105968;/app/bags/user95_2017-02-24.bag;0.834065854549408;0.0;0.9619645476341248;0.0;0.7960547501412467;0.9444047902630928;0.055595209736907236
1731800691.9104056;/app/bags/user95_2017-02-24.bag;0.834065854549408;0.0;0.9619645476341248;0.0;0.7960547501412467;0.9444047902630928;0.055595209736907236
1731800692.1103766;/app/bags/user95_2017-02-24.bag;0.834065854549408;0.0;0.9619645476341248;0.0;0.7960547501412467;0.9444047902630928;0.055595209736907236
1731800692.310415;/app/bags/user95_2017-02-24.bag;0.834065854549408;0.0;0.9619645476341248;0.0;0.7960547501412467;0.9444047902630928;0.055595209736907236
1731800692.5104258;/app/bags/user95_2017-02-24.bag;0.834065854549408;0.0;0.9619645476341248;0.0;0.7960547501412467;0.9444047902630928;0.055595209736907236
1731800692.7103474;/app/bags/user95_2017-02-24.bag;0.834065854549408;0.0;0.9619645476341248;0.0;0.7960547501412467;0.9444047902630928;0.055595209736907236
1731800692.9104671;/app/bags/user95_2017-02-24.bag;0.834065854549408;0.0;0.9619645476341248;0.0;0.7960547501412467;0.9444047902630928;0.055595209736907236
1731800693.1104052;/app/bags/user95_2017-02-24.bag;0.834065854549408;0.0;0.9619645476341248;0.0;0.7960547501412467;0.9444047902630928;0.055595209736907236
1731800693.3103771;/app/bags/user95_2017-02-24.bag;0.834065854549408;0.0;0.9619645476341248;0.0;0.7960547501412467;0.9444047902630928;0.055595209736907236
1731800693.5103657;/app/bags/user95_2017-02-24.bag;0.834065854549408;0.0;0.9619645476341248;0.0;0.7960547501412467;0.9444047902630928;0.055595209736907236
1731800693.7103832;/app/bags/user95_2017-02-24.bag;0.834065854549408;0.0;0.9619645476341248;0.0;0.7960547501412467;0.9444047902630928;0.055595209736907236
1731800693.9104798;/app/bags/user95_2017-02-24.bag;0.834065854549408;0.0;0.9619645476341248;0.0;0.7960547501412467;0.9444047902630928;0.055595209736907236
1731800694.1104052;/app/bags/user95_2017-02-24.bag;0.834065854549408;0.0;0.9619645476341248;0.0;0.7960547501412467;0.9444047902630928;0.055595209736907236
1731800694.3103924;/app/bags/user95_2017-02-24.bag;0.834065854549408;0.0;0.9619645476341248;0.0;0.7960547501412467;0.9444047902630928;0.055595209736907236
1731800694.5103722;/app/bags/user95_2017-02-24.bag;0.834065854549408;0.0;0.9619645476341248;0.0;0.7960547501412467;0.9444047902630928;0.055595209736907236
1731800694.7104025;/app/bags/user95_2017-02-24.bag;0.834065854549408;0.0;0.9619645476341248;0.0;0.7960547501412467;0.9444047902630928;0.055595209736907236
1731800694.9104187;/app/bags/user95_2017-02-24.bag;0.834065854549408;0.0;0.9619645476341248;0.0;0.7960547501412467;0.9444047902630928;0.055595209736907236
1731800695.1103938;/app/bags/user95_2017-02-24.bag;0.834065854549408;0.0;0.9619645476341248;0.0;0.7960547501412467;0.9444047902630928;0.055595209736907236
1731800695.3104389;/app/bags/user95_2017-02-24.bag;0.834065854549408;0.0;0.9619645476341248;0.0;0.7960547501412467;0.9444047902630928;0.055595209736907236
1731800695.5105882;/app/bags/user95_2017-02-24.bag;0.834065854549408;0.0;0.9619645476341248;0.0;0.7960547501412467;0.9444047902630928;0.055595209736907236
1731800695.7103646;/app/bags/user95_2017-02-24.bag;0.834065854549408;0.0;0.9619645476341248;0.0;0.7960547501412467;0.9444047902630928;0.055595209736907236
1731800695.910392;/app/bags/user95_2017-02-24.bag;0.834065854549408;0.0;0.9619645476341248;0.0;0.7960547501412467;0.9444047902630928;0.055595209736907236
1731800696.1104321;/app/bags/user95_2017-02-24.bag;0.834065854549408;0.0;0.9619645476341248;0.0;0.7960547501412467;0.9444047902630928;0.055595209736907236
1731800696.3104315;/app/bags/user95_2017-02-24.bag;0.834065854549408;0.0;0.9619645476341248;0.0;0.7960547501412467;0.9444047902630928;0.055595209736907236
1731800696.5104764;/app/bags/user95_2017-02-24.bag;0.834065854549408;0.0;0.9619645476341248;0.0;0.7960547501412467;0.9444047902630928;0.055595209736907236
1731800696.7104619;/app/bags/user95_2017-02-24.bag;0.834065854549408;0.0;0.9619645476341248;0.0;0.7960547501412467;0.9444047902630928;0.055595209736907236
1731800696.910524;/app/bags/user95_2017-02-24.bag;0.834065854549408;0.0;0.9619645476341248;0.0;0.7960547501412467;0.9444047902630928;0.055595209736907236
1731800697.110421;/app/bags/user95_2017-02-24.bag;0.834065854549408;0.0;0.9619645476341248;0.0;0.7960547501412467;0.9444047902630928;0.055595209736907236
1731800697.3104093;/app/bags/user95_2017-02-24.bag;0.834065854549408;0.0;0.9619645476341248;0.0;0.7960547501412467;0.9444047902630928;0.055595209736907236
1731800697.510418;/app/bags/user95_2017-02-24.bag;0.834065854549408;0.0;0.9619645476341248;0.0;0.7960547501412467;0.9444047902630928;0.055595209736907236
1731800697.7103703;/app/bags/user95_2017-02-24.bag;0.834065854549408;0.0;0.9619645476341248;0.0;0.7960547501412467;0.9444047902630928;0.055595209736907236
1731800697.9103642;/app/bags/user95_2017-02-24.bag;0.834065854549408;0.0;0.9619645476341248;0.0;0.7960547501412467;0.9444047902630928;0.055595209736907236
1731800698.1104205;/app/bags/user95_2017-02-24.bag;0.834065854549408;0.0;0.9619645476341248;0.0;0.7960547501412467;0.9444047902630928;0.055595209736907236
1731800698.3104641;/app/bags/user95_2017-02-24.bag;0.834065854549408;0.0;0.9619645476341248;0.0;0.7960547501412467;0.9444047902630928;0.055595209736907236
1731800698.5105183;/app/bags/user95_2017-02-24.bag;0.834065854549408;0.0;0.9619645476341248;0.0;0.7960547501412467;0.9444047902630928;0.055595209736907236
1731800698.7104125;/app/bags/user95_2017-02-24.bag;0.834065854549408;0.0;0.9619645476341248;0.0;0.7960547501412467;0.9444047902630928;0.055595209736907236
1731800698.9104023;/app/bags/user95_2017-02-24.bag;0.834065854549408;0.0;0.9619645476341248;0.0;0.7960547501412467;0.9444047902630928;0.055595209736907236
1731800699.1104379;/app/bags/user95_2017-02-24.bag;0.834065854549408;0.0;0.9619645476341248;0.0;0.7960547501412467;0.9444047902630928;0.055595209736907236
1731800699.310433;/app/bags/user95_2017-02-24.bag;0.834065854549408;0.0;0.9619645476341248;0.0;0.7960547501412467;0.9444047902630928;0.055595209736907236
1731800699.5103972;/app/bags/user95_2017-02-24.bag;0.834065854549408;0.0;0.9619645476341248;0.0;0.7960547501412467;0.9444047902630928;0.055595209736907236
1731800699.710426;/app/bags/user95_2017-02-24.bag;0.834065854549408;0.0;0.9619645476341248;0.0;0.7960547501412467;0.9444047902630928;0.055595209736907236
1731800699.9104085;/app/bags/user95_2017-02-24.bag;0.834065854549408;0.0;0.9619645476341248;0.0;0.7960547501412467;0.9444047902630928;0.055595209736907236
1731800700.1104152;/app/bags/user95_2017-02-24.bag;0.834065854549408;0.0;0.9619645476341248;0.0;0.7960547501412467;0.9444047902630928;0.055595209736907236
1731800700.310379;/app/bags/user95_2017-02-24.bag;0.834065854549408;0.0;0.9619645476341248;0.0;0.7960547501412467;0.9444047902630928;0.055595209736907236
1731800700.5103683;/app/bags/user95_2017-02-24.bag;0.834065854549408;0.0;0.9619645476341248;0.0;0.7960547501412467;0.9444047902630928;0.055595209736907236
1731800700.710395;/app/bags/user95_2017-02-24.bag;0.834065854549408;0.0;0.9619645476341248;0.0;0.7960547501412467;0.9444047902630928;0.055595209736907236
1731800700.910408;/app/bags/user95_2017-02-24.bag;0.834065854549408;0.0;0.9619645476341248;0.0;0.7960547501412467;0.9444047902630928;0.055595209736907236
1731800701.1104438;/app/bags/user95_2017-02-24.bag;0.834065854549408;0.0;0.9619645476341248;0.0;0.7960547501412467;0.9444047902630928;0.055595209736907236
1731800701.310389;/app/bags/user95_2017-02-24.bag;0.834065854549408;0.0;0.9619645476341248;0.0;0.7960547501412467;0.9444047902630928;0.055595209736907236
1731800701.510461;/app/bags/user95_2017-02-24.bag;0.834065854549408;0.0;0.9619645476341248;0.0;0.7960547501412467;0.9444047902630928;0.055595209736907236
1731800701.710404;/app/bags/user95_2017-02-24.bag;0.834065854549408;0.0;0.9619645476341248;0.0;0.7960547501412467;0.9444047902630928;0.055595209736907236
1731800701.9103696;/app/bags/user95_2017-02-24.bag;0.834065854549408;0.0;0.9619645476341248;0.0;0.7960547501412467;0.9444047902630928;0.055595209736907236
1731800702.110446;/app/bags/user95_2017-02-24.bag;0.834065854549408;0.0;0.9619645476341248;0.0;0.7960547501412467;0.9444047902630928;0.055595209736907236
1731800702.310354;/app/bags/user95_2017-02-24.bag;0.834065854549408;0.0;0.9619645476341248;0.0;0.7960547501412467;0.9444047902630928;0.055595209736907236
1731800702.5104148;/app/bags/user95_2017-02-24.bag;0.834065854549408;0.0;0.9619645476341248;0.0;0.7960547501412467;0.9444047902630928;0.055595209736907236
1731800702.7104154;/app/bags/user95_2017-02-24.bag;0.834065854549408;0.0;0.9619645476341248;0.0;0.7960547501412467;0.9444047902630928;0.055595209736907236
1731800702.910396;/app/bags/user95_2017-02-24.bag;0.834065854549408;0.0;0.9619645476341248;0.0;0.7960547501412467;0.9444047902630928;0.055595209736907236
1731800703.1103773;/app/bags/user95_2017-02-24.bag;0.834065854549408;0.0;0.9619645476341248;0.0;0.7960547501412467;0.9444047902630928;0.055595209736907236
1731800703.3103988;/app/bags/user95_2017-02-24.bag;0.834065854549408;0.0;0.9619645476341248;0.0;0.7960547501412467;0.9444047902630928;0.055595209736907236
1731800703.5104094;/app/bags/user95_2017-02-24.bag;0.834065854549408;0.0;0.9619645476341248;0.0;0.7960547501412467;0.9444047902630928;0.055595209736907236
1731800703.7103863;/app/bags/user95_2017-02-24.bag;0.834065854549408;0.0;0.9619645476341248;0.0;0.7960547501412467;0.9444047902630928;0.055595209736907236
1731800703.910392;/app/bags/user95_2017-02-24.bag;0.834065854549408;0.0;0.9619645476341248;0.0;0.7960547501412467;0.9444047902630928;0.055595209736907236
1731800704.110371;/app/bags/user95_2017-02-24.bag;0.834065854549408;0.0;0.9619645476341248;0.0;0.7960547501412467;0.9444047902630928;0.055595209736907236
1731800704.310424;/app/bags/user95_2017-02-24.bag;0.834065854549408;0.0;0.9619645476341248;0.0;0.7960547501412467;0.9444047902630928;0.055595209736907236
1731800704.5103636;/app/bags/user95_2017-02-24.bag;0.834065854549408;0.0;0.9619645476341248;0.0;0.7960547501412467;0.9444047902630928;0.055595209736907236
1731800704.7104251;/app/bags/user95_2017-02-24.bag;0.834065854549408;0.0;0.9619645476341248;0.0;0.7960547501412467;0.9444047902630928;0.055595209736907236
1731800704.9103925;/app/bags/user95_2017-02-24.bag;0.834065854549408;0.0;0.9619645476341248;0.0;0.7960547501412467;0.9444047902630928;0.055595209736907236
1731800705.1104178;/app/bags/user95_2017-02-24.bag;0.834065854549408;0.0;0.9619645476341248;0.0;0.7960547501412467;0.9444047902630928;0.055595209736907236
1731800705.3103771;/app/bags/user95_2017-02-24.bag;0.834065854549408;0.0;0.9619645476341248;0.0;0.7960547501412467;0.9444047902630928;0.055595209736907236
1731800705.5104473;/app/bags/user95_2017-02-24.bag;0.834065854549408;0.0;0.9619645476341248;0.0;0.7960547501412467;0.9444047902630928;0.055595209736907236
1731800705.7104104;/app/bags/user95_2017-02-24.bag;0.834065854549408;0.0;0.9619645476341248;0.0;0.7960547501412467;0.9444047902630928;0.055595209736907236
1731800705.9103956;/app/bags/user95_2017-02-24.bag;0.834065854549408;0.0;0.9619645476341248;0.0;0.7960547501412467;0.9444047902630928;0.055595209736907236
1731800706.1103897;/app/bags/user95_2017-02-24.bag;0.834065854549408;0.0;0.9619645476341248;0.0;0.7960547501412467;0.9444047902630928;0.055595209736907236
1731800706.310418;/app/bags/user95_2017-02-24.bag;0.834065854549408;0.0;0.9619645476341248;0.0;0.7960547501412467;0.9444047902630928;0.055595209736907236
1731800706.5103838;/app/bags/user95_2017-02-24.bag;0.834065854549408;0.0;0.9619645476341248;0.0;0.7960547501412467;0.9444047902630928;0.055595209736907236
1731800706.7103956;/app/bags/user95_2017-02-24.bag;0.834065854549408;0.0;0.9619645476341248;0.0;0.7960547501412467;0.9444047902630928;0.055595209736907236
1731800706.9104085;/app/bags/user95_2017-02-24.bag;0.834065854549408;0.0;0.9619645476341248;0.0;0.7960547501412467;0.9444047902630928;0.055595209736907236
1731800707.110418;/app/bags/user95_2017-02-24.bag;0.834065854549408;0.0;0.9619645476341248;0.0;0.7960547501412467;0.9444047902630928;0.055595209736907236
1731800707.3103752;/app/bags/user95_2017-02-24.bag;0.834065854549408;0.0;0.9619645476341248;0.0;0.7960547501412467;0.9444047902630928;0.055595209736907236
1731800707.510387;/app/bags/user95_2017-02-24.bag;0.834065854549408;0.0;0.9619645476341248;0.0;0.7960547501412467;0.9444047902630928;0.055595209736907236
1731800707.7103984;/app/bags/user95_2017-02-24.bag;0.834065854549408;0.0;0.9619645476341248;0.0;0.7960547501412467;0.9444047902630928;0.055595209736907236
1731800707.9104714;/app/bags/user95_2017-02-24.bag;0.834065854549408;0.0;0.9619645476341248;0.0;0.7960547501412467;0.9444047902630928;0.055595209736907236
1731800708.110452;/app/bags/user95_2017-02-24.bag;0.834065854549408;0.0;0.9619645476341248;0.0;0.7960547501412467;0.9444047902630928;0.055595209736907236
1731800708.3104198;/app/bags/user95_2017-02-24.bag;0.834065854549408;0.0;0.9619645476341248;0.0;0.7960547501412467;0.9444047902630928;0.055595209736907236
1731800708.5104637;/app/bags/user95_2017-02-24.bag;0.834065854549408;0.0;0.9619645476341248;0.0;0.7960547501412467;0.9444047902630928;0.055595209736907236
1731800708.7104373;/app/bags/user95_2017-02-24.bag;0.834065854549408;0.0;0.9619645476341248;0.0;0.7960547501412467;0.9444047902630928;0.055595209736907236
1731800708.9104285;/app/bags/user95_2017-02-24.bag;0.834065854549408;0.0;0.9619645476341248;0.0;0.7960547501412467;0.9444047902630928;0.055595209736907236
1731800709.1104138;/app/bags/user95_2017-02-24.bag;0.834065854549408;0.0;0.9619645476341248;0.0;0.7960547501412467;0.9444047902630928;0.055595209736907236
1731800709.3103802;/app/bags/user95_2017-02-24.bag;0.834065854549408;0.0;0.9619645476341248;0.0;0.7960547501412467;0.9444047902630928;0.055595209736907236
1731800709.510419;/app/bags/user95_2017-02-24.bag;0.834065854549408;0.0;0.9619645476341248;0.0;0.7960547501412467;0.9444047902630928;0.055595209736907236
1731800709.7103765;/app/bags/user95_2017-02-24.bag;0.834065854549408;0.0;0.9619645476341248;0.0;0.7960547501412467;0.9444047902630928;0.055595209736907236
1731800709.9103932;/app/bags/user95_2017-02-24.bag;0.834065854549408;0.0;0.9619645476341248;0.0;0.7960547501412467;0.9444047902630928;0.055595209736907236
1731800710.1103895;/app/bags/user95_2017-02-24.bag;0.834065854549408;0.0;0.9619645476341248;0.0;0.7960547501412467;0.9444047902630928;0.055595209736907236
1731800710.3104203;/app/bags/user95_2017-02-24.bag;0.834065854549408;0.0;0.9619645476341248;0.0;0.7960547501412467;0.9444047902630928;0.055595209736907236
1731800710.5103862;/app/bags/user95_2017-02-24.bag;0.834065854549408;0.0;0.9619645476341248;0.0;0.7960547501412467;0.9444047902630928;0.055595209736907236
1731800710.7104309;/app/bags/user95_2017-02-24.bag;0.834065854549408;0.0;0.9619645476341248;0.0;0.7960547501412467;0.9444047902630928;0.055595209736907236
1731800710.9104216;/app/bags/user95_2017-02-24.bag;0.834065854549408;0.0;0.9619645476341248;0.0;0.7960547501412467;0.9444047902630928;0.055595209736907236
1731800711.1103818;/app/bags/user95_2017-02-24.bag;0.834065854549408;0.0;0.9619645476341248;0.0;0.7960547501412467;0.9444047902630928;0.055595209736907236
1731800711.3104153;/app/bags/user95_2017-02-24.bag;0.834065854549408;0.0;0.9619645476341248;0.0;0.7960547501412467;0.9444047902630928;0.055595209736907236
1731800711.510416;/app/bags/user95_2017-02-24.bag;0.834065854549408;0.0;0.9619645476341248;0.0;0.7960547501412467;0.9444047902630928;0.055595209736907236
1731800711.7104175;/app/bags/user95_2017-02-24.bag;0.834065854549408;0.0;0.9619645476341248;0.0;0.7960547501412467;0.9444047902630928;0.055595209736907236
1731800711.9103897;/app/bags/user95_2017-02-24.bag;0.834065854549408;0.0;0.9619645476341248;0.0;0.7960547501412467;0.9444047902630928;0.055595209736907236
1731800712.1104147;/app/bags/user95_2017-02-24.bag;0.834065854549408;0.0;0.9619645476341248;0.0;0.7960547501412467;0.9444047902630928;0.055595209736907236
1731800712.3103921;/app/bags/user95_2017-02-24.bag;0.834065854549408;0.0;0.9619645476341248;0.0;0.7960547501412467;0.9444047902630928;0.055595209736907236
1731800712.5104277;/app/bags/user95_2017-02-24.bag;0.834065854549408;0.0;0.9619645476341248;0.0;0.7960547501412467;0.9444047902630928;0.055595209736907236
1731800712.7103868;/app/bags/user95_2017-02-24.bag;0.834065854549408;0.0;0.9619645476341248;0.0;0.7960547501412467;0.9444047902630928;0.055595209736907236
1731800712.9104207;/app/bags/user95_2017-02-24.bag;0.834065854549408;0.0;0.9619645476341248;0.0;0.7960547501412467;0.9444047902630928;0.055595209736907236
1731800713.1104083;/app/bags/user95_2017-02-24.bag;0.834065854549408;0.0;0.9619645476341248;0.0;0.7960547501412467;0.9444047902630928;0.055595209736907236
1731800713.3103993;/app/bags/user95_2017-02-24.bag;0.834065854549408;0.0;0.9619645476341248;0.0;0.7960547501412467;0.9444047902630928;0.055595209736907236
1731800713.510489;/app/bags/user95_2017-02-24.bag;0.834065854549408;0.0;0.9619645476341248;0.0;0.7960547501412467;0.9444047902630928;0.055595209736907236
1731800713.7104933;/app/bags/user95_2017-02-24.bag;0.834065854549408;0.0;0.9619645476341248;0.0;0.7960547501412467;0.9444047902630928;0.055595209736907236
1731800713.910427;/app/bags/user95_2017-02-24.bag;0.834065854549408;0.0;0.9619645476341248;0.0;0.7960547501412467;0.9444047902630928;0.055595209736907236
1731800714.110448;/app/bags/user95_2017-02-24.bag;0.834065854549408;0.0;0.9619645476341248;0.0;0.7960547501412467;0.9444047902630928;0.055595209736907236
1731800714.310438;/app/bags/user95_2017-02-24.bag;0.834065854549408;0.0;0.9619645476341248;0.0;0.7960547501412467;0.9444047902630928;0.055595209736907236
1731800714.5104566;/app/bags/user95_2017-02-24.bag;0.834065854549408;0.0;0.9619645476341248;0.0;0.7960547501412467;0.9444047902630928;0.055595209736907236
1731800714.710375;/app/bags/user95_2017-02-24.bag;0.834065854549408;0.0;0.9619645476341248;0.0;0.7960547501412467;0.9444047902630928;0.055595209736907236
1731800714.9102895;/app/bags/user95_2017-02-24.bag;0.834065854549408;0.0;0.9619645476341248;0.0;0.7960547501412467;0.9444047902630928;0.055595209736907236
1731800715.1105359;/app/bags/user95_2017-02-24.bag;0.834065854549408;0.0;0.9619645476341248;0.0;0.7960547501412467;0.9444047902630928;0.055595209736907236
1731800715.3103871;/app/bags/user95_2017-02-24.bag;0.834065854549408;0.0;0.9619645476341248;0.0;0.7960547501412467;0.9444047902630928;0.055595209736907236
1731800715.5104973;/app/bags/user95_2017-02-24.bag;0.834065854549408;0.0;0.9619645476341248;0.0;0.7960547501412467;0.9444047902630928;0.055595209736907236
1731800715.71039;/app/bags/user95_2017-02-24.bag;0.834065854549408;0.0;0.9619645476341248;0.0;0.7960547501412467;0.9444047902630928;0.055595209736907236
1731800715.9103625;/app/bags/user95_2017-02-24.bag;0.834065854549408;0.0;0.9619645476341248;0.0;0.7960547501412467;0.9444047902630928;0.055595209736907236
1731800716.1103954;/app/bags/user95_2017-02-24.bag;0.834065854549408;0.0;0.9619645476341248;0.0;0.7960547501412467;0.9444047902630928;0.055595209736907236
1731800716.3103824;/app/bags/user95_2017-02-24.bag;0.834065854549408;0.0;0.9619645476341248;0.0;0.7960547501412467;0.9444047902630928;0.055595209736907236
1731800716.510274;/app/bags/user95_2017-02-24.bag;0.834065854549408;0.0;0.9619645476341248;0.0;0.7960547501412467;0.9444047902630928;0.055595209736907236
1731800716.7103992;/app/bags/user95_2017-02-24.bag;0.834065854549408;0.0;0.9619645476341248;0.0;0.7960547501412467;0.9444047902630928;0.055595209736907236
1731800716.9103944;/app/bags/user95_2017-02-24.bag;0.834065854549408;0.0;0.9619645476341248;0.0;0.7960547501412467;0.9444047902630928;0.055595209736907236
1731800717.11041;/app/bags/user95_2017-02-24.bag;0.834065854549408;0.0;0.9619645476341248;0.0;0.7960547501412467;0.9444047902630928;0.055595209736907236
1731800717.3103852;/app/bags/user95_2017-02-24.bag;0.834065854549408;0.0;0.9619645476341248;0.0;0.7960547501412467;0.9444047902630928;0.055595209736907236
1731800717.5103488;/app/bags/user95_2017-02-24.bag;0.834065854549408;0.0;0.9619645476341248;0.0;0.7960547501412467;0.9444047902630928;0.055595209736907236
1731800717.7103744;/app/bags/user95_2017-02-24.bag;0.834065854549408;0.0;0.9619645476341248;0.0;0.7960547501412467;0.9444047902630928;0.055595209736907236
1731800717.9104013;/app/bags/user95_2017-02-24.bag;0.834065854549408;0.0;0.9619645476341248;0.0;0.7960547501412467;0.9444047902630928;0.055595209736907236
1731800718.1104016;/app/bags/user95_2017-02-24.bag;0.834065854549408;0.0;0.9619645476341248;0.0;0.7960547501412467;0.9444047902630928;0.055595209736907236
1731800718.3103814;/app/bags/user95_2017-02-24.bag;0.834065854549408;0.0;0.9619645476341248;0.0;0.7960547501412467;0.9444047902630928;0.055595209736907236
1731800718.5103722;/app/bags/user95_2017-02-24.bag;0.834065854549408;0.0;0.9619645476341248;0.0;0.7960547501412467;0.9444047902630928;0.055595209736907236
1731800718.7104535;/app/bags/user95_2017-02-24.bag;0.834065854549408;0.0;0.9619645476341248;0.0;0.7960547501412467;0.9444047902630928;0.055595209736907236
1731800718.9103966;/app/bags/user95_2017-02-24.bag;0.834065854549408;0.0;0.9619645476341248;0.0;0.7960547501412467;0.9444047902630928;0.055595209736907236
1731800719.110382;/app/bags/user95_2017-02-24.bag;0.834065854549408;0.0;0.9619645476341248;0.0;0.7960547501412467;0.9444047902630928;0.055595209736907236
1731800719.3105066;/app/bags/user95_2017-02-24.bag;0.834065854549408;0.0;0.9619645476341248;0.0;0.7960547501412467;0.9444047902630928;0.055595209736907236
1731800719.5104208;/app/bags/user95_2017-02-24.bag;0.834065854549408;0.0;0.9619645476341248;0.0;0.7960547501412467;0.9444047902630928;0.055595209736907236
1731800719.710436;/app/bags/user95_2017-02-24.bag;0.834065854549408;0.0;0.9619645476341248;0.0;0.7960547501412467;0.9444047902630928;0.055595209736907236
1731800719.9103954;/app/bags/user95_2017-02-24.bag;0.834065854549408;0.0;0.9619645476341248;0.0;0.7960547501412467;0.9444047902630928;0.055595209736907236
1731800720.1103935;/app/bags/user95_2017-02-24.bag;0.834065854549408;0.0;0.9619645476341248;0.0;0.7960547501412467;0.9444047902630928;0.055595209736907236
1731800720.310359;/app/bags/user95_2017-02-24.bag;0.834065854549408;0.0;0.9619645476341248;0.0;0.7960547501412467;0.9444047902630928;0.055595209736907236
1731800720.5104284;/app/bags/user95_2017-02-24.bag;0.834065854549408;0.0;0.9619645476341248;0.0;0.7960547501412467;0.9444047902630928;0.055595209736907236
1731800720.710394;/app/bags/user95_2017-02-24.bag;0.834065854549408;0.0;0.9619645476341248;0.0;0.7960547501412467;0.9444047902630928;0.055595209736907236
1731800720.9104416;/app/bags/user95_2017-02-24.bag;0.834065854549408;0.0;0.9619645476341248;0.0;0.7960547501412467;0.9444047902630928;0.055595209736907236
1731800721.1104088;/app/bags/user95_2017-02-24.bag;0.834065854549408;0.0;0.9619645476341248;0.0;0.7960547501412467;0.9444047902630928;0.055595209736907236
1731800721.3104732;/app/bags/user95_2017-02-24.bag;0.834065854549408;0.0;0.9619645476341248;0.0;0.7960547501412467;0.9444047902630928;0.055595209736907236
1731800721.510357;/app/bags/user95_2017-02-24.bag;0.834065854549408;0.0;0.9619645476341248;0.0;0.7960547501412467;0.9444047902630928;0.055595209736907236
1731800721.710573;/app/bags/user95_2017-02-24.bag;0.834065854549408;0.0;0.9619645476341248;0.0;0.7960547501412467;0.9444047902630928;0.055595209736907236
1731800721.9104059;/app/bags/user95_2017-02-24.bag;0.834065854549408;0.0;0.9619645476341248;0.0;0.7960547501412467;0.9444047902630928;0.055595209736907236
1731800722.11041;/app/bags/user95_2017-02-24.bag;0.834065854549408;0.0;0.9619645476341248;0.0;0.7960547501412467;0.9444047902630928;0.055595209736907236
1731800722.3103764;/app/bags/user95_2017-02-24.bag;0.834065854549408;0.0;0.9619645476341248;0.0;0.7960547501412467;0.9444047902630928;0.055595209736907236
1731800722.5103915;/app/bags/user95_2017-02-24.bag;0.834065854549408;0.0;0.9619645476341248;0.0;0.7960547501412467;0.9444047902630928;0.055595209736907236
1731800722.7103806;/app/bags/user95_2017-02-24.bag;0.834065854549408;0.0;0.9619645476341248;0.0;0.7960547501412467;0.9444047902630928;0.055595209736907236
1731800722.9103913;/app/bags/user95_2017-02-24.bag;0.834065854549408;0.0;0.9619645476341248;0.0;0.7960547501412467;0.9444047902630928;0.055595209736907236
1731800723.110462;/app/bags/user95_2017-02-24.bag;0.834065854549408;0.0;0.9619645476341248;0.0;0.7960547501412467;0.9444047902630928;0.055595209736907236
1731800723.3104212;/app/bags/user95_2017-02-24.bag;0.834065854549408;0.0;0.9619645476341248;0.0;0.7960547501412467;0.9444047902630928;0.055595209736907236
1731800723.510417;/app/bags/user95_2017-02-24.bag;0.834065854549408;0.0;0.9619645476341248;0.0;0.7960547501412467;0.9444047902630928;0.055595209736907236
1731800723.7104058;/app/bags/user95_2017-02-24.bag;0.834065854549408;0.0;0.9619645476341248;0.0;0.7960547501412467;0.9444047902630928;0.055595209736907236
1731800723.9103756;/app/bags/user95_2017-02-24.bag;0.834065854549408;0.0;0.9619645476341248;0.0;0.7960547501412467;0.9444047902630928;0.055595209736907236
1731800724.1103554;/app/bags/user95_2017-02-24.bag;0.834065854549408;0.0;0.9619645476341248;0.0;0.7960547501412467;0.9444047902630928;0.055595209736907236
1731800724.3103833;/app/bags/user95_2017-02-24.bag;0.834065854549408;0.0;0.9619645476341248;0.0;0.7960547501412467;0.9444047902630928;0.055595209736907236
1731800724.510415;/app/bags/user95_2017-02-24.bag;0.834065854549408;0.0;0.9619645476341248;0.0;0.7960547501412467;0.9444047902630928;0.055595209736907236
1731800724.7103832;/app/bags/user95_2017-02-24.bag;0.834065854549408;0.0;0.9619645476341248;0.0;0.7960547501412467;0.9444047902630928;0.055595209736907236
1731800724.9104786;/app/bags/user95_2017-02-24.bag;0.834065854549408;0.0;0.9619645476341248;0.0;0.7960547501412467;0.9444047902630928;0.055595209736907236
1731800725.1103683;/app/bags/user95_2017-02-24.bag;0.834065854549408;0.0;0.9619645476341248;0.0;0.7960547501412467;0.9444047902630928;0.055595209736907236
1731800725.3104236;/app/bags/user95_2017-02-24.bag;0.834065854549408;0.0;0.9619645476341248;0.0;0.7960547501412467;0.9444047902630928;0.055595209736907236
1731800725.5104024;/app/bags/user95_2017-02-24.bag;0.834065854549408;0.0;0.9619645476341248;0.0;0.7960547501412467;0.9444047902630928;0.055595209736907236
1731800725.7104025;/app/bags/user95_2017-02-24.bag;0.834065854549408;0.0;0.9619645476341248;0.0;0.7960547501412467;0.9444047902630928;0.055595209736907236
1731800725.9104493;/app/bags/user95_2017-02-24.bag;0.834065854549408;0.0;0.9619645476341248;0.0;0.7960547501412467;0.9444047902630928;0.055595209736907236
1731800726.1103852;/app/bags/user95_2017-02-24.bag;0.834065854549408;0.0;0.9619645476341248;0.0;0.7960547501412467;0.9444047902630928;0.055595209736907236
1731800726.310394;/app/bags/user95_2017-02-24.bag;0.834065854549408;0.0;0.9619645476341248;0.0;0.7960547501412467;0.9444047902630928;0.055595209736907236
1731800726.5103858;/app/bags/user95_2017-02-24.bag;0.834065854549408;0.0;0.9619645476341248;0.0;0.7960547501412467;0.9444047902630928;0.055595209736907236
1731800726.7104745;/app/bags/user95_2017-02-24.bag;0.834065854549408;0.0;0.9619645476341248;0.0;0.7960547501412467;0.9444047902630928;0.055595209736907236
1731800726.910439;/app/bags/user95_2017-02-24.bag;0.834065854549408;0.0;0.9619645476341248;0.0;0.7960547501412467;0.9444047902630928;0.055595209736907236
1731800727.1103683;/app/bags/user95_2017-02-24.bag;0.834065854549408;0.0;0.9619645476341248;0.0;0.7960547501412467;0.9444047902630928;0.055595209736907236
1731800727.3104093;/app/bags/user95_2017-02-24.bag;0.834065854549408;0.0;0.9619645476341248;0.0;0.7960547501412467;0.9444047902630928;0.055595209736907236
1731800727.5104613;/app/bags/user95_2017-02-24.bag;0.834065854549408;0.0;0.9619645476341248;0.0;0.7960547501412467;0.9444047902630928;0.055595209736907236
1731800727.7104096;/app/bags/user95_2017-02-24.bag;0.834065854549408;0.0;0.9619645476341248;0.0;0.7960547501412467;0.9444047902630928;0.055595209736907236
1731800727.9103923;/app/bags/user95_2017-02-24.bag;0.834065854549408;0.0;0.9619645476341248;0.0;0.7960547501412467;0.9444047902630928;0.055595209736907236
1731800728.110428;/app/bags/user95_2017-02-24.bag;0.834065854549408;0.0;0.9619645476341248;0.0;0.7960547501412467;0.9444047902630928;0.055595209736907236
1731800728.3104098;/app/bags/user95_2017-02-24.bag;0.834065854549408;0.0;0.9619645476341248;0.0;0.7960547501412467;0.9444047902630928;0.055595209736907236
1731800728.510409;/app/bags/user95_2017-02-24.bag;0.834065854549408;0.0;0.9619645476341248;0.0;0.7960547501412467;0.9444047902630928;0.055595209736907236
1731800728.7103817;/app/bags/user95_2017-02-24.bag;0.834065854549408;0.0;0.9619645476341248;0.0;0.7960547501412467;0.9444047902630928;0.055595209736907236
1731800728.9103749;/app/bags/user95_2017-02-24.bag;0.834065854549408;0.0;0.9619645476341248;0.0;0.7960547501412467;0.9444047902630928;0.055595209736907236
1731800729.1104927;/app/bags/user95_2017-02-24.bag;0.834065854549408;0.0;0.9619645476341248;0.0;0.7960547501412467;0.9444047902630928;0.055595209736907236
1731800729.3105073;/app/bags/user95_2017-02-24.bag;0.834065854549408;0.0;0.9619645476341248;0.0;0.7960547501412467;0.9444047902630928;0.055595209736907236
1731800729.5103993;/app/bags/user95_2017-02-24.bag;0.834065854549408;0.0;0.9619645476341248;0.0;0.7960547501412467;0.9444047902630928;0.055595209736907236
1731800729.7103782;/app/bags/user95_2017-02-24.bag;0.834065854549408;0.0;0.9619645476341248;0.0;0.7960547501412467;0.9444047902630928;0.055595209736907236
1731800729.9103856;/app/bags/user95_2017-02-24.bag;0.834065854549408;0.0;0.9619645476341248;0.0;0.7960547501412467;0.9444047902630928;0.055595209736907236
1731800730.110455;/app/bags/user95_2017-02-24.bag;0.834065854549408;0.0;0.9619645476341248;0.0;0.7960547501412467;0.9444047902630928;0.055595209736907236
1731800730.3103752;/app/bags/user95_2017-02-24.bag;0.834065854549408;0.0;0.9619645476341248;0.0;0.7960547501412467;0.9444047902630928;0.055595209736907236
1731800730.5104;/app/bags/user95_2017-02-24.bag;0.834065854549408;0.0;0.9619645476341248;0.0;0.7960547501412467;0.9444047902630928;0.055595209736907236
1731800730.7104475;/app/bags/user95_2017-02-24.bag;0.834065854549408;0.0;0.9619645476341248;0.0;0.7960547501412467;0.9444047902630928;0.055595209736907236
1731800730.9104433;/app/bags/user95_2017-02-24.bag;0.834065854549408;0.0;0.9619645476341248;0.0;0.7960547501412467;0.9444047902630928;0.055595209736907236
1731800731.1104805;/app/bags/user95_2017-02-24.bag;0.834065854549408;0.0;0.9619645476341248;0.0;0.7960547501412467;0.9444047902630928;0.055595209736907236
1731800731.3103976;/app/bags/user95_2017-02-24.bag;0.834065854549408;0.0;0.9619645476341248;0.0;0.7960547501412467;0.9444047902630928;0.055595209736907236
1731800731.5103786;/app/bags/user95_2017-02-24.bag;0.834065854549408;0.0;0.9619645476341248;0.0;0.7960547501412467;0.9444047902630928;0.055595209736907236
1731800731.7103882;/app/bags/user95_2017-02-24.bag;0.834065854549408;0.0;0.9619645476341248;0.0;0.7960547501412467;0.9444047902630928;0.055595209736907236
1731800731.9104054;/app/bags/user95_2017-02-24.bag;0.834065854549408;0.0;0.9619645476341248;0.0;0.7960547501412467;0.9444047902630928;0.055595209736907236
1731800732.1103694;/app/bags/user95_2017-02-24.bag;0.834065854549408;0.0;0.9619645476341248;0.0;0.7960547501412467;0.9444047902630928;0.055595209736907236
1731800732.3104563;/app/bags/user95_2017-02-24.bag;0.834065854549408;0.0;0.9619645476341248;0.0;0.7960547501412467;0.9444047902630928;0.055595209736907236
1731800732.5104134;/app/bags/user95_2017-02-24.bag;0.834065854549408;0.0;0.9619645476341248;0.0;0.7960547501412467;0.9444047902630928;0.055595209736907236
1731800732.7104106;/app/bags/user95_2017-02-24.bag;0.834065854549408;0.0;0.9619645476341248;0.0;0.7960547501412467;0.9444047902630928;0.055595209736907236
1731800732.9103978;/app/bags/user95_2017-02-24.bag;0.834065854549408;0.0;0.9619645476341248;0.0;0.7960547501412467;0.9444047902630928;0.055595209736907236
1731800733.1104295;/app/bags/user95_2017-02-24.bag;0.834065854549408;0.0;0.9619645476341248;0.0;0.7960547501412467;0.9444047902630928;0.055595209736907236
1731800733.31046;/app/bags/user95_2017-02-24.bag;0.834065854549408;0.0;0.9619645476341248;0.0;0.7960547501412467;0.9444047902630928;0.055595209736907236
1731800733.5104167;/app/bags/user95_2017-02-24.bag;0.834065854549408;0.0;0.9619645476341248;0.0;0.7960547501412467;0.9444047902630928;0.055595209736907236
1731800733.7103705;/app/bags/user95_2017-02-24.bag;0.834065854549408;0.0;0.9619645476341248;0.0;0.7960547501412467;0.9444047902630928;0.055595209736907236
1731800733.910395;/app/bags/user95_2017-02-24.bag;0.834065854549408;0.0;0.9619645476341248;0.0;0.7960547501412467;0.9444047902630928;0.055595209736907236
1731800734.110417;/app/bags/user95_2017-02-24.bag;0.834065854549408;0.0;0.9619645476341248;0.0;0.7960547501412467;0.9444047902630928;0.055595209736907236
1731800734.3104255;/app/bags/user95_2017-02-24.bag;0.834065854549408;0.0;0.9619645476341248;0.0;0.7960547501412467;0.9444047902630928;0.055595209736907236
1731800734.510385;/app/bags/user95_2017-02-24.bag;0.834065854549408;0.0;0.9619645476341248;0.0;0.7960547501412467;0.9444047902630928;0.055595209736907236
1731800734.7103977;/app/bags/user95_2017-02-24.bag;0.834065854549408;0.0;0.9619645476341248;0.0;0.7960547501412467;0.9444047902630928;0.055595209736907236
1731800734.9106274;/app/bags/user95_2017-02-24.bag;0.834065854549408;0.0;0.9619645476341248;0.0;0.7960547501412467;0.9444047902630928;0.055595209736907236
1731800735.1103895;/app/bags/user95_2017-02-24.bag;0.834065854549408;0.0;0.9619645476341248;0.0;0.7960547501412467;0.9444047902630928;0.055595209736907236
1731800735.3104615;/app/bags/user95_2017-02-24.bag;0.834065854549408;0.0;0.9619645476341248;0.0;0.7960547501412467;0.9444047902630928;0.055595209736907236
1731800735.5103846;/app/bags/user95_2017-02-24.bag;0.834065854549408;0.0;0.9619645476341248;0.0;0.7960547501412467;0.9444047902630928;0.055595209736907236
1731800735.7103837;/app/bags/user95_2017-02-24.bag;0.834065854549408;0.0;0.9619645476341248;0.0;0.7960547501412467;0.9444047902630928;0.055595209736907236
1731800735.9104645;/app/bags/user95_2017-02-24.bag;0.834065854549408;0.0;0.9619645476341248;0.0;0.7960547501412467;0.9444047902630928;0.055595209736907236
1731800736.1105537;/app/bags/user95_2017-02-24.bag;0.834065854549408;0.0;0.9619645476341248;0.0;0.7960547501412467;0.9444047902630928;0.055595209736907236
1731800736.3104556;/app/bags/user95_2017-02-24.bag;0.834065854549408;0.0;0.9619645476341248;0.0;0.7960547501412467;0.9444047902630928;0.055595209736907236
1731800736.5104232;/app/bags/user95_2017-02-24.bag;0.834065854549408;0.0;0.9619645476341248;0.0;0.7960547501412467;0.9444047902630928;0.055595209736907236
1731800736.7103977;/app/bags/user95_2017-02-24.bag;0.834065854549408;0.0;0.9619645476341248;0.0;0.7960547501412467;0.9444047902630928;0.055595209736907236
1731800736.910425;/app/bags/user95_2017-02-24.bag;0.834065854549408;0.0;0.9619645476341248;0.0;0.7960547501412467;0.9444047902630928;0.055595209736907236
1731800737.110372;/app/bags/user95_2017-02-24.bag;0.834065854549408;0.0;0.9619645476341248;0.0;0.7960547501412467;0.9444047902630928;0.055595209736907236
1731800737.3103921;/app/bags/user95_2017-02-24.bag;0.834065854549408;0.0;0.9619645476341248;0.0;0.7960547501412467;0.9444047902630928;0.055595209736907236
1731800737.5103738;/app/bags/user95_2017-02-24.bag;0.834065854549408;0.0;0.9619645476341248;0.0;0.7960547501412467;0.9444047902630928;0.055595209736907236
1731800737.710394;/app/bags/user95_2017-02-24.bag;0.834065854549408;0.0;0.9619645476341248;0.0;0.7960547501412467;0.9444047902630928;0.055595209736907236
1731800737.9103637;/app/bags/user95_2017-02-24.bag;0.834065854549408;0.0;0.9619645476341248;0.0;0.7960547501412467;0.9444047902630928;0.055595209736907236
1731800738.1104069;/app/bags/user95_2017-02-24.bag;0.834065854549408;0.0;0.9619645476341248;0.0;0.7960547501412467;0.9444047902630928;0.055595209736907236
1731800738.310426;/app/bags/user95_2017-02-24.bag;0.834065854549408;0.0;0.9619645476341248;0.0;0.7960547501412467;0.9444047902630928;0.055595209736907236
1731800738.510404;/app/bags/user95_2017-02-24.bag;0.834065854549408;0.0;0.9619645476341248;0.0;0.7960547501412467;0.9444047902630928;0.055595209736907236
1731800738.7104526;/app/bags/user95_2017-02-24.bag;0.834065854549408;0.0;0.9619645476341248;0.0;0.7960547501412467;0.9444047902630928;0.055595209736907236
1731800738.9104576;/app/bags/user95_2017-02-24.bag;0.834065854549408;0.0;0.9619645476341248;0.0;0.7960547501412467;0.9444047902630928;0.055595209736907236
1731800739.110421;/app/bags/user95_2017-02-24.bag;0.834065854549408;0.0;0.9619645476341248;0.0;0.7960547501412467;0.9444047902630928;0.055595209736907236
1731800739.3104222;/app/bags/user95_2017-02-24.bag;0.834065854549408;0.0;0.9619645476341248;0.0;0.7960547501412467;0.9444047902630928;0.055595209736907236
1731800739.5104735;/app/bags/user95_2017-02-24.bag;0.834065854549408;0.0;0.9619645476341248;0.0;0.7960547501412467;0.9444047902630928;0.055595209736907236
1731800739.7103844;/app/bags/user95_2017-02-24.bag;0.834065854549408;0.0;0.9619645476341248;0.0;0.7960547501412467;0.9444047902630928;0.055595209736907236
1731800739.9103785;/app/bags/user95_2017-02-24.bag;0.834065854549408;0.0;0.9619645476341248;0.0;0.7960547501412467;0.9444047902630928;0.055595209736907236
1731800740.1104052;/app/bags/user95_2017-02-24.bag;0.834065854549408;0.0;0.9619645476341248;0.0;0.7960547501412467;0.9444047902630928;0.055595209736907236
1731800740.3103704;/app/bags/user95_2017-02-24.bag;0.834065854549408;0.0;0.9619645476341248;0.0;0.7960547501412467;0.9444047902630928;0.055595209736907236
1731800740.5104036;/app/bags/user95_2017-02-24.bag;0.834065854549408;0.0;0.9619645476341248;0.0;0.7960547501412467;0.9444047902630928;0.055595209736907236
1731800740.7104049;/app/bags/user95_2017-02-24.bag;0.834065854549408;0.0;0.9619645476341248;0.0;0.7960547501412467;0.9444047902630928;0.055595209736907236
1731800740.910418;/app/bags/user95_2017-02-24.bag;0.834065854549408;0.0;0.9619645476341248;0.0;0.7960547501412467;0.9444047902630928;0.055595209736907236
1731800741.1103604;/app/bags/user95_2017-02-24.bag;0.834065854549408;0.0;0.9619645476341248;0.0;0.7960547501412467;0.9444047902630928;0.055595209736907236
1731800741.3104515;/app/bags/user95_2017-02-24.bag;0.834065854549408;0.0;0.9619645476341248;0.0;0.7960547501412467;0.9444047902630928;0.055595209736907236
1731800741.5104005;/app/bags/user95_2017-02-24.bag;0.834065854549408;0.0;0.9619645476341248;0.0;0.7960547501412467;0.9444047902630928;0.055595209736907236
1731800741.7103841;/app/bags/user95_2017-02-24.bag;0.834065854549408;0.0;0.9619645476341248;0.0;0.7960547501412467;0.9444047902630928;0.055595209736907236
1731800741.9103713;/app/bags/user95_2017-02-24.bag;0.834065854549408;0.0;0.9619645476341248;0.0;0.7960547501412467;0.9444047902630928;0.055595209736907236
1731800742.110394;/app/bags/user95_2017-02-24.bag;0.834065854549408;0.0;0.9619645476341248;0.0;0.7960547501412467;0.9444047902630928;0.055595209736907236
1731800742.3104248;/app/bags/user95_2017-02-24.bag;0.834065854549408;0.0;0.9619645476341248;0.0;0.7960547501412467;0.9444047902630928;0.055595209736907236
1731800742.5103946;/app/bags/user95_2017-02-24.bag;0.834065854549408;0.0;0.9619645476341248;0.0;0.7960547501412467;0.9444047902630928;0.055595209736907236
1731800742.7103767;/app/bags/user95_2017-02-24.bag;0.834065854549408;0.0;0.9619645476341248;0.0;0.7960547501412467;0.9444047902630928;0.055595209736907236
1731800742.9104652;/app/bags/user95_2017-02-24.bag;0.834065854549408;0.0;0.9619645476341248;0.0;0.7960547501412467;0.9444047902630928;0.055595209736907236
1731800743.1105044;/app/bags/user95_2017-02-24.bag;0.834065854549408;0.0;0.9619645476341248;0.0;0.7960547501412467;0.9444047902630928;0.055595209736907236
1731800743.3104205;/app/bags/user95_2017-02-24.bag;0.834065854549408;0.0;0.9619645476341248;0.0;0.7960547501412467;0.9444047902630928;0.055595209736907236
1731800743.5104954;/app/bags/user95_2017-02-24.bag;0.834065854549408;0.0;0.9619645476341248;0.0;0.7960547501412467;0.9444047902630928;0.055595209736907236
1731800743.7103612;/app/bags/user95_2017-02-24.bag;0.834065854549408;0.0;0.9619645476341248;0.0;0.7960547501412467;0.9444047902630928;0.055595209736907236
1731800743.9104435;/app/bags/user95_2017-02-24.bag;0.834065854549408;0.0;0.9619645476341248;0.0;0.7960547501412467;0.9444047902630928;0.055595209736907236
1731800744.1104112;/app/bags/user95_2017-02-24.bag;0.834065854549408;0.0;0.9619645476341248;0.0;0.7960547501412467;0.9444047902630928;0.055595209736907236
1731800744.3104012;/app/bags/user95_2017-02-24.bag;0.834065854549408;0.0;0.9619645476341248;0.0;0.7960547501412467;0.9444047902630928;0.055595209736907236
1731800744.5105717;/app/bags/user95_2017-02-24.bag;0.834065854549408;0.0;0.9619645476341248;0.0;0.7960547501412467;0.9444047902630928;0.055595209736907236
1731800744.710413;/app/bags/user95_2017-02-24.bag;0.834065854549408;0.0;0.9619645476341248;0.0;0.7960547501412467;0.9444047902630928;0.055595209736907236
1731800744.9103885;/app/bags/user95_2017-02-24.bag;0.834065854549408;0.0;0.9619645476341248;0.0;0.7960547501412467;0.9444047902630928;0.055595209736907236
1731800745.11043;/app/bags/user95_2017-02-24.bag;0.834065854549408;0.0;0.9619645476341248;0.0;0.7960547501412467;0.9444047902630928;0.055595209736907236
1731800745.3103852;/app/bags/user95_2017-02-24.bag;0.834065854549408;0.0;0.9619645476341248;0.0;0.7960547501412467;0.9444047902630928;0.055595209736907236
1731800745.5103803;/app/bags/user95_2017-02-24.bag;0.834065854549408;0.0;0.9619645476341248;0.0;0.7960547501412467;0.9444047902630928;0.055595209736907236
1731800745.7103996;/app/bags/user95_2017-02-24.bag;0.834065854549408;0.0;0.9619645476341248;0.0;0.7960547501412467;0.9444047902630928;0.055595209736907236
1731800745.910391;/app/bags/user95_2017-02-24.bag;0.834065854549408;0.0;0.9619645476341248;0.0;0.7960547501412467;0.9444047902630928;0.055595209736907236
1731800746.110385;/app/bags/user95_2017-02-24.bag;0.834065854549408;0.0;0.9619645476341248;0.0;0.7960547501412467;0.9444047902630928;0.055595209736907236
1731800746.3104212;/app/bags/user95_2017-02-24.bag;0.834065854549408;0.0;0.9619645476341248;0.0;0.7960547501412467;0.9444047902630928;0.055595209736907236
1731800746.510424;/app/bags/user95_2017-02-24.bag;0.834065854549408;0.0;0.9619645476341248;0.0;0.7960547501412467;0.9444047902630928;0.055595209736907236
1731800746.7104592;/app/bags/user95_2017-02-24.bag;0.834065854549408;0.0;0.9619645476341248;0.0;0.7960547501412467;0.9444047902630928;0.055595209736907236
1731800746.9103825;/app/bags/user95_2017-02-24.bag;0.834065854549408;0.0;0.9619645476341248;0.0;0.7960547501412467;0.9444047902630928;0.055595209736907236
1731800747.1105745;/app/bags/user95_2017-02-24.bag;0.834065854549408;0.0;0.9619645476341248;0.0;0.7960547501412467;0.9444047902630928;0.055595209736907236
1731800747.3103929;/app/bags/user95_2017-02-24.bag;0.834065854549408;0.0;0.9619645476341248;0.0;0.7960547501412467;0.9444047902630928;0.055595209736907236
1731800747.5103729;/app/bags/user95_2017-02-24.bag;0.834065854549408;0.0;0.9619645476341248;0.0;0.7960547501412467;0.9444047902630928;0.055595209736907236
1731800747.7103841;/app/bags/user95_2017-02-24.bag;0.834065854549408;0.0;0.9619645476341248;0.0;0.7960547501412467;0.9444047902630928;0.055595209736907236
1731800747.9103973;/app/bags/user95_2017-02-24.bag;0.834065854549408;0.0;0.9619645476341248;0.0;0.7960547501412467;0.9444047902630928;0.055595209736907236
1731800748.1104043;/app/bags/user95_2017-02-24.bag;0.834065854549408;0.0;0.9619645476341248;0.0;0.7960547501412467;0.9444047902630928;0.055595209736907236
1731800748.31039;/app/bags/user95_2017-02-24.bag;0.834065854549408;0.0;0.9619645476341248;0.0;0.7960547501412467;0.9444047902630928;0.055595209736907236
1731800748.5103884;/app/bags/user95_2017-02-24.bag;0.834065854549408;0.0;0.9619645476341248;0.0;0.7960547501412467;0.9444047902630928;0.055595209736907236
1731800748.710398;/app/bags/user95_2017-02-24.bag;0.834065854549408;0.0;0.9619645476341248;0.0;0.7960547501412467;0.9444047902630928;0.055595209736907236
1731800748.910496;/app/bags/user95_2017-02-24.bag;0.834065854549408;0.0;0.9619645476341248;0.0;0.7960547501412467;0.9444047902630928;0.055595209736907236
1731800749.110435;/app/bags/user95_2017-02-24.bag;0.834065854549408;0.0;0.9619645476341248;0.0;0.7960547501412467;0.9444047902630928;0.055595209736907236
1731800749.310385;/app/bags/user95_2017-02-24.bag;0.834065854549408;0.0;0.9619645476341248;0.0;0.7960547501412467;0.9444047902630928;0.055595209736907236
1731800749.5103648;/app/bags/user95_2017-02-24.bag;0.834065854549408;0.0;0.9619645476341248;0.0;0.7960547501412467;0.9444047902630928;0.055595209736907236
1731800749.710384;/app/bags/user95_2017-02-24.bag;0.834065854549408;0.0;0.9619645476341248;0.0;0.7960547501412467;0.9444047902630928;0.055595209736907236
1731800749.910419;/app/bags/user95_2017-02-24.bag;0.834065854549408;0.0;0.9619645476341248;0.0;0.7960547501412467;0.9444047902630928;0.055595209736907236
1731800750.110389;/app/bags/user95_2017-02-24.bag;0.834065854549408;0.0;0.9619645476341248;0.0;0.7960547501412467;0.9444047902630928;0.055595209736907236
1731800750.3104007;/app/bags/user95_2017-02-24.bag;0.834065854549408;0.0;0.9619645476341248;0.0;0.7960547501412467;0.9444047902630928;0.055595209736907236
1731800750.5104134;/app/bags/user95_2017-02-24.bag;0.834065854549408;0.0;0.9619645476341248;0.0;0.7960547501412467;0.9444047902630928;0.055595209736907236
1731800750.7103844;/app/bags/user95_2017-02-24.bag;0.834065854549408;0.0;0.9619645476341248;0.0;0.7960547501412467;0.9444047902630928;0.055595209736907236
1731800750.9103925;/app/bags/user95_2017-02-24.bag;0.834065854549408;0.0;0.9619645476341248;0.0;0.7960547501412467;0.9444047902630928;0.055595209736907236
1731800751.1103864;/app/bags/user95_2017-02-24.bag;0.834065854549408;0.0;0.9619645476341248;0.0;0.7960547501412467;0.9444047902630928;0.055595209736907236
1731800751.3103907;/app/bags/user95_2017-02-24.bag;0.834065854549408;0.0;0.9619645476341248;0.0;0.7960547501412467;0.9444047902630928;0.055595209736907236
1731800751.5103636;/app/bags/user95_2017-02-24.bag;0.834065854549408;0.0;0.9619645476341248;0.0;0.7960547501412467;0.9444047902630928;0.055595209736907236
1731800751.7104053;/app/bags/user95_2017-02-24.bag;0.834065854549408;0.0;0.9619645476341248;0.0;0.7960547501412467;0.9444047902630928;0.055595209736907236
1731800751.9103837;/app/bags/user95_2017-02-24.bag;0.834065854549408;0.0;0.9619645476341248;0.0;0.7960547501412467;0.9444047902630928;0.055595209736907236
1731800752.110428;/app/bags/user95_2017-02-24.bag;0.834065854549408;0.0;0.9619645476341248;0.0;0.7960547501412467;0.9444047902630928;0.055595209736907236
1731800752.3103952;/app/bags/user95_2017-02-24.bag;0.834065854549408;0.0;0.9619645476341248;0.0;0.7960547501412467;0.9444047902630928;0.055595209736907236
1731800752.5104885;/app/bags/user95_2017-02-24.bag;0.834065854549408;0.0;0.9619645476341248;0.0;0.7960547501412467;0.9444047902630928;0.055595209736907236
1731800752.7104084;/app/bags/user95_2017-02-24.bag;0.834065854549408;0.0;0.9619645476341248;0.0;0.7960547501412467;0.9444047902630928;0.055595209736907236
1731800752.9104216;/app/bags/user95_2017-02-24.bag;0.834065854549408;0.0;0.9619645476341248;0.0;0.7960547501412467;0.9444047902630928;0.055595209736907236
1731800753.1106675;/app/bags/user95_2017-02-24.bag;0.834065854549408;0.0;0.9619645476341248;0.0;0.7960547501412467;0.9444047902630928;0.055595209736907236
1731800753.3104231;/app/bags/user95_2017-02-24.bag;0.834065854549408;0.0;0.9619645476341248;0.0;0.7960547501412467;0.9444047902630928;0.055595209736907236
1731800753.5104294;/app/bags/user95_2017-02-24.bag;0.834065854549408;0.0;0.9619645476341248;0.0;0.7960547501412467;0.9444047902630928;0.055595209736907236
1731800753.710503;/app/bags/user95_2017-02-24.bag;0.834065854549408;0.0;0.9619645476341248;0.0;0.7960547501412467;0.9444047902630928;0.055595209736907236
1731800753.9103754;/app/bags/user95_2017-02-24.bag;0.834065854549408;0.0;0.9619645476341248;0.0;0.7960547501412467;0.9444047902630928;0.055595209736907236
1731800754.110421;/app/bags/user95_2017-02-24.bag;0.834065854549408;0.0;0.9619645476341248;0.0;0.7960547501412467;0.9444047902630928;0.055595209736907236
1731800754.3103647;/app/bags/user95_2017-02-24.bag;0.834065854549408;0.0;0.9619645476341248;0.0;0.7960547501412467;0.9444047902630928;0.055595209736907236
1731800754.5104148;/app/bags/user95_2017-02-24.bag;0.834065854549408;0.0;0.9619645476341248;0.0;0.7960547501412467;0.9444047902630928;0.055595209736907236
1731800754.7104542;/app/bags/user95_2017-02-24.bag;0.834065854549408;0.0;0.9619645476341248;0.0;0.7960547501412467;0.9444047902630928;0.055595209736907236
1731800754.9104764;/app/bags/user95_2017-02-24.bag;0.834065854549408;0.0;0.9619645476341248;0.0;0.7960547501412467;0.9444047902630928;0.055595209736907236
1731800755.110426;/app/bags/user95_2017-02-24.bag;0.834065854549408;0.0;0.9619645476341248;0.0;0.7960547501412467;0.9444047902630928;0.055595209736907236
1731800755.310481;/app/bags/user95_2017-02-24.bag;0.834065854549408;0.0;0.9619645476341248;0.0;0.7960547501412467;0.9444047902630928;0.055595209736907236
1731800755.510461;/app/bags/user95_2017-02-24.bag;0.834065854549408;0.0;0.9619645476341248;0.0;0.7960547501412467;0.9444047902630928;0.055595209736907236
1731800755.7103996;/app/bags/user95_2017-02-24.bag;0.834065854549408;0.0;0.9619645476341248;0.0;0.7960547501412467;0.9444047902630928;0.055595209736907236
1731800755.9103875;/app/bags/user95_2017-02-24.bag;0.834065854549408;0.0;0.9619645476341248;0.0;0.7960547501412467;0.9444047902630928;0.055595209736907236
1731800756.1103947;/app/bags/user95_2017-02-24.bag;0.834065854549408;0.0;0.9619645476341248;0.0;0.7960547501412467;0.9444047902630928;0.055595209736907236
1731800756.3104432;/app/bags/user95_2017-02-24.bag;0.834065854549408;0.0;0.9619645476341248;0.0;0.7960547501412467;0.9444047902630928;0.055595209736907236
1731800756.5103703;/app/bags/user95_2017-02-24.bag;0.834065854549408;0.0;0.9619645476341248;0.0;0.7960547501412467;0.9444047902630928;0.055595209736907236
1731800756.7104027;/app/bags/user95_2017-02-24.bag;0.834065854549408;0.0;0.9619645476341248;0.0;0.7960547501412467;0.9444047902630928;0.055595209736907236
1731800756.910398;/app/bags/user95_2017-02-24.bag;0.834065854549408;0.0;0.9619645476341248;0.0;0.7960547501412467;0.9444047902630928;0.055595209736907236
1731800757.1103604;/app/bags/user95_2017-02-24.bag;0.834065854549408;0.0;0.9619645476341248;0.0;0.7960547501412467;0.9444047902630928;0.055595209736907236
1731800757.3103654;/app/bags/user95_2017-02-24.bag;0.834065854549408;0.0;0.9619645476341248;0.0;0.7960547501412467;0.9444047902630928;0.055595209736907236
1731800757.5103962;/app/bags/user95_2017-02-24.bag;0.834065854549408;0.0;0.9619645476341248;0.0;0.7960547501412467;0.9444047902630928;0.055595209736907236
1731800757.7104354;/app/bags/user95_2017-02-24.bag;0.834065854549408;0.0;0.9619645476341248;0.0;0.7960547501412467;0.9444047902630928;0.055595209736907236
1731800757.9103603;/app/bags/user95_2017-02-24.bag;0.834065854549408;0.0;0.9619645476341248;0.0;0.7960547501412467;0.9444047902630928;0.055595209736907236
1731800758.1103916;/app/bags/user95_2017-02-24.bag;0.834065854549408;0.0;0.9619645476341248;0.0;0.7960547501412467;0.9444047902630928;0.055595209736907236
1731800758.3104155;/app/bags/user95_2017-02-24.bag;0.834065854549408;0.0;0.9619645476341248;0.0;0.7960547501412467;0.9444047902630928;0.055595209736907236
1731800758.5103939;/app/bags/user95_2017-02-24.bag;0.834065854549408;0.0;0.9619645476341248;0.0;0.7960547501412467;0.9444047902630928;0.055595209736907236
1731800758.7104132;/app/bags/user95_2017-02-24.bag;0.834065854549408;0.0;0.9619645476341248;0.0;0.7960547501412467;0.9444047902630928;0.055595209736907236
1731800758.9103954;/app/bags/user95_2017-02-24.bag;0.834065854549408;0.0;0.9619645476341248;0.0;0.7960547501412467;0.9444047902630928;0.055595209736907236
1731800759.1104;/app/bags/user95_2017-02-24.bag;0.834065854549408;0.0;0.9619645476341248;0.0;0.7960547501412467;0.9444047902630928;0.055595209736907236
1731800759.3103988;/app/bags/user95_2017-02-24.bag;0.834065854549408;0.0;0.9619645476341248;0.0;0.7960547501412467;0.9444047902630928;0.055595209736907236
1731800759.5104306;/app/bags/user95_2017-02-24.bag;0.834065854549408;0.0;0.9619645476341248;0.0;0.7960547501412467;0.9444047902630928;0.055595209736907236
1731800759.7103646;/app/bags/user95_2017-02-24.bag;0.834065854549408;0.0;0.9619645476341248;0.0;0.7960547501412467;0.9444047902630928;0.055595209736907236
1731800759.9104033;/app/bags/user95_2017-02-24.bag;0.834065854549408;0.0;0.9619645476341248;0.0;0.7960547501412467;0.9444047902630928;0.055595209736907236
1731800760.1104112;/app/bags/user95_2017-02-24.bag;0.834065854549408;0.0;0.9619645476341248;0.0;0.7960547501412467;0.9444047902630928;0.055595209736907236
1731800760.3104;/app/bags/user95_2017-02-24.bag;0.834065854549408;0.0;0.9619645476341248;0.0;0.7960547501412467;0.9444047902630928;0.055595209736907236
1731800760.5104194;/app/bags/user95_2017-02-24.bag;0.834065854549408;0.0;0.9619645476341248;0.0;0.7960547501412467;0.9444047902630928;0.055595209736907236
1731800760.710356;/app/bags/user95_2017-02-24.bag;0.834065854549408;0.0;0.9619645476341248;0.0;0.7960547501412467;0.9444047902630928;0.055595209736907236
1731800760.9104362;/app/bags/user95_2017-02-24.bag;0.834065854549408;0.0;0.9619645476341248;0.0;0.7960547501412467;0.9444047902630928;0.055595209736907236
1731800761.1104798;/app/bags/user95_2017-02-24.bag;0.834065854549408;0.0;0.9619645476341248;0.0;0.7960547501412467;0.9444047902630928;0.055595209736907236
1731800761.3103595;/app/bags/user95_2017-02-24.bag;0.834065854549408;0.0;0.9619645476341248;0.0;0.7960547501412467;0.9444047902630928;0.055595209736907236
1731800761.5103958;/app/bags/user95_2017-02-24.bag;0.834065854549408;0.0;0.9619645476341248;0.0;0.7960547501412467;0.9444047902630928;0.055595209736907236
1731800761.710477;/app/bags/user95_2017-02-24.bag;0.834065854549408;0.0;0.9619645476341248;0.0;0.7960547501412467;0.9444047902630928;0.055595209736907236
1731800761.9104226;/app/bags/user95_2017-02-24.bag;0.834065854549408;0.0;0.9619645476341248;0.0;0.7960547501412467;0.9444047902630928;0.055595209736907236
1731800762.1103716;/app/bags/user95_2017-02-24.bag;0.834065854549408;0.0;0.9619645476341248;0.0;0.7960547501412467;0.9444047902630928;0.055595209736907236
1731800762.3103962;/app/bags/user95_2017-02-24.bag;0.834065854549408;0.0;0.9619645476341248;0.0;0.7960547501412467;0.9444047902630928;0.055595209736907236
1731800762.5103862;/app/bags/user95_2017-02-24.bag;0.834065854549408;0.0;0.9619645476341248;0.0;0.7960547501412467;0.9444047902630928;0.055595209736907236
1731800762.7104247;/app/bags/user95_2017-02-24.bag;0.834065854549408;0.0;0.9619645476341248;0.0;0.7960547501412467;0.9444047902630928;0.055595209736907236
1731800762.9104116;/app/bags/user95_2017-02-24.bag;0.834065854549408;0.0;0.9619645476341248;0.0;0.7960547501412467;0.9444047902630928;0.055595209736907236
1731800763.1103685;/app/bags/user95_2017-02-24.bag;0.834065854549408;0.0;0.9619645476341248;0.0;0.7960547501412467;0.9444047902630928;0.055595209736907236
1731800763.3104208;/app/bags/user95_2017-02-24.bag;0.834065854549408;0.0;0.9619645476341248;0.0;0.7960547501412467;0.9444047902630928;0.055595209736907236
1731800763.510425;/app/bags/user95_2017-02-24.bag;0.834065854549408;0.0;0.9619645476341248;0.0;0.7960547501412467;0.9444047902630928;0.055595209736907236
1731800763.7113535;/app/bags/user95_2017-02-24.bag;0.834065854549408;0.0;0.9619645476341248;0.0;0.7960547501412467;0.9444047902630928;0.055595209736907236
1731800763.9104016;/app/bags/user95_2017-02-24.bag;0.834065854549408;0.0;0.9619645476341248;0.0;0.7960547501412467;0.9444047902630928;0.055595209736907236
1731800764.1104295;/app/bags/user95_2017-02-24.bag;0.834065854549408;0.0;0.9619645476341248;0.0;0.7960547501412467;0.9444047902630928;0.055595209736907236
1731800764.310391;/app/bags/user95_2017-02-24.bag;0.834065854549408;0.0;0.9619645476341248;0.0;0.7960547501412467;0.9444047902630928;0.055595209736907236
1731800764.510375;/app/bags/user95_2017-02-24.bag;0.834065854549408;0.0;0.9619645476341248;0.0;0.7960547501412467;0.9444047902630928;0.055595209736907236
1731800764.7104034;/app/bags/user95_2017-02-24.bag;0.834065854549408;0.0;0.9619645476341248;0.0;0.7960547501412467;0.9444047902630928;0.055595209736907236
1731800764.910467;/app/bags/user95_2017-02-24.bag;0.834065854549408;0.0;0.9619645476341248;0.0;0.7960547501412467;0.9444047902630928;0.055595209736907236
1731800765.1103783;/app/bags/user95_2017-02-24.bag;0.834065854549408;0.0;0.9619645476341248;0.0;0.7960547501412467;0.9444047902630928;0.055595209736907236
1731800765.3104115;/app/bags/user95_2017-02-24.bag;0.834065854549408;0.0;0.9619645476341248;0.0;0.7960547501412467;0.9444047902630928;0.055595209736907236
1731800765.510367;/app/bags/user95_2017-02-24.bag;0.834065854549408;0.0;0.9619645476341248;0.0;0.7960547501412467;0.9444047902630928;0.055595209736907236
1731800765.7103796;/app/bags/user95_2017-02-24.bag;0.834065854549408;0.0;0.9619645476341248;0.0;0.7960547501412467;0.9444047902630928;0.055595209736907236
1731800765.9104443;/app/bags/user95_2017-02-24.bag;0.834065854549408;0.0;0.9619645476341248;0.0;0.7960547501412467;0.9444047902630928;0.055595209736907236
1731800766.1104798;/app/bags/user95_2017-02-24.bag;0.834065854549408;0.0;0.9619645476341248;0.0;0.7960547501412467;0.9444047902630928;0.055595209736907236
1731800766.3103898;/app/bags/user95_2017-02-24.bag;0.834065854549408;0.0;0.9619645476341248;0.0;0.7960547501412467;0.9444047902630928;0.055595209736907236
1731800766.5104387;/app/bags/user95_2017-02-24.bag;0.834065854549408;0.0;0.9619645476341248;0.0;0.7960547501412467;0.9444047902630928;0.055595209736907236
1731800766.7103949;/app/bags/user95_2017-02-24.bag;0.834065854549408;0.0;0.9619645476341248;0.0;0.7960547501412467;0.9444047902630928;0.055595209736907236
1731800766.9103575;/app/bags/user95_2017-02-24.bag;0.834065854549408;0.0;0.9619645476341248;0.0;0.7960547501412467;0.9444047902630928;0.055595209736907236
1731800767.1104584;/app/bags/user95_2017-02-24.bag;0.834065854549408;0.0;0.9619645476341248;0.0;0.7960547501412467;0.9444047902630928;0.055595209736907236
1731800767.3104537;/app/bags/user95_2017-02-24.bag;0.834065854549408;0.0;0.9619645476341248;0.0;0.7960547501412467;0.9444047902630928;0.055595209736907236
1731800767.5103884;/app/bags/user95_2017-02-24.bag;0.834065854549408;0.0;0.9619645476341248;0.0;0.7960547501412467;0.9444047902630928;0.055595209736907236
1731800767.7104003;/app/bags/user95_2017-02-24.bag;0.834065854549408;0.0;0.9619645476341248;0.0;0.7960547501412467;0.9444047902630928;0.055595209736907236
1731800767.910368;/app/bags/user95_2017-02-24.bag;0.834065854549408;0.0;0.9619645476341248;0.0;0.7960547501412467;0.9444047902630928;0.055595209736907236
1731800768.1103988;/app/bags/user95_2017-02-24.bag;0.834065854549408;0.0;0.9619645476341248;0.0;0.7960547501412467;0.9444047902630928;0.055595209736907236
1731800768.3103547;/app/bags/user95_2017-02-24.bag;0.834065854549408;0.0;0.9619645476341248;0.0;0.7960547501412467;0.9444047902630928;0.055595209736907236
1731800768.5103948;/app/bags/user95_2017-02-24.bag;0.834065854549408;0.0;0.9619645476341248;0.0;0.7960547501412467;0.9444047902630928;0.055595209736907236
1731800768.710454;/app/bags/user95_2017-02-24.bag;0.834065854549408;0.0;0.9619645476341248;0.0;0.7960547501412467;0.9444047902630928;0.055595209736907236
1731800768.9104285;/app/bags/user95_2017-02-24.bag;0.834065854549408;0.0;0.9619645476341248;0.0;0.7960547501412467;0.9444047902630928;0.055595209736907236
1731800769.110409;/app/bags/user95_2017-02-24.bag;0.834065854549408;0.0;0.9619645476341248;0.0;0.7960547501412467;0.9444047902630928;0.055595209736907236
1731800769.3104208;/app/bags/user95_2017-02-24.bag;0.834065854549408;0.0;0.9619645476341248;0.0;0.7960547501412467;0.9444047902630928;0.055595209736907236
1731800769.510405;/app/bags/user95_2017-02-24.bag;0.834065854549408;0.0;0.9619645476341248;0.0;0.7960547501412467;0.9444047902630928;0.055595209736907236
1731800769.7104552;/app/bags/user95_2017-02-24.bag;0.834065854549408;0.0;0.9619645476341248;0.0;0.7960547501412467;0.9444047902630928;0.055595209736907236
1731800769.9103992;/app/bags/user95_2017-02-24.bag;0.834065854549408;0.0;0.9619645476341248;0.0;0.7960547501412467;0.9444047902630928;0.055595209736907236
1731800770.110413;/app/bags/user95_2017-02-24.bag;0.834065854549408;0.0;0.9619645476341248;0.0;0.7960547501412467;0.9444047902630928;0.055595209736907236
1731800770.3104355;/app/bags/user95_2017-02-24.bag;0.834065854549408;0.0;0.9619645476341248;0.0;0.7960547501412467;0.9444047902630928;0.055595209736907236
1731800770.5103936;/app/bags/user95_2017-02-24.bag;0.834065854549408;0.0;0.9619645476341248;0.0;0.7960547501412467;0.9444047902630928;0.055595209736907236
1731800770.710378;/app/bags/user95_2017-02-24.bag;0.834065854549408;0.0;0.9619645476341248;0.0;0.7960547501412467;0.9444047902630928;0.055595209736907236
1731800770.9103765;/app/bags/user95_2017-02-24.bag;0.834065854549408;0.0;0.9619645476341248;0.0;0.7960547501412467;0.9444047902630928;0.055595209736907236
1731800771.110391;/app/bags/user95_2017-02-24.bag;0.834065854549408;0.0;0.9619645476341248;0.0;0.7960547501412467;0.9444047902630928;0.055595209736907236
1731800771.3104103;/app/bags/user95_2017-02-24.bag;0.834065854549408;0.0;0.9619645476341248;0.0;0.7960547501412467;0.9444047902630928;0.055595209736907236
1731800771.510407;/app/bags/user95_2017-02-24.bag;0.834065854549408;0.0;0.9619645476341248;0.0;0.7960547501412467;0.9444047902630928;0.055595209736907236
1731800771.7103674;/app/bags/user95_2017-02-24.bag;0.834065854549408;0.0;0.9619645476341248;0.0;0.7960547501412467;0.9444047902630928;0.055595209736907236
1731800771.9104404;/app/bags/user95_2017-02-24.bag;0.834065854549408;0.0;0.9619645476341248;0.0;0.7960547501412467;0.9444047902630928;0.055595209736907236
1731800772.1103969;/app/bags/user95_2017-02-24.bag;0.834065854549408;0.0;0.9619645476341248;0.0;0.7960547501412467;0.9444047902630928;0.055595209736907236
1731800772.3103962;/app/bags/user95_2017-02-24.bag;0.834065854549408;0.0;0.9619645476341248;0.0;0.7960547501412467;0.9444047902630928;0.055595209736907236
1731800772.5104778;/app/bags/user95_2017-02-24.bag;0.834065854549408;0.0;0.9619645476341248;0.0;0.7960547501412467;0.9444047902630928;0.055595209736907236
1731800772.7103617;/app/bags/user95_2017-02-24.bag;0.834065854549408;0.0;0.9619645476341248;0.0;0.7960547501412467;0.9444047902630928;0.055595209736907236
1731800772.9104483;/app/bags/user95_2017-02-24.bag;0.834065854549408;0.0;0.9619645476341248;0.0;0.7960547501412467;0.9444047902630928;0.055595209736907236
1731800773.110378;/app/bags/user95_2017-02-24.bag;0.834065854549408;0.0;0.9619645476341248;0.0;0.7960547501412467;0.9444047902630928;0.055595209736907236
1731800773.3103912;/app/bags/user95_2017-02-24.bag;0.834065854549408;0.0;0.9619645476341248;0.0;0.7960547501412467;0.9444047902630928;0.055595209736907236
1731800773.5104117;/app/bags/user95_2017-02-24.bag;0.834065854549408;0.0;0.9619645476341248;0.0;0.7960547501412467;0.9444047902630928;0.055595209736907236
1731800773.7103531;/app/bags/user95_2017-02-24.bag;0.834065854549408;0.0;0.9619645476341248;0.0;0.7960547501412467;0.9444047902630928;0.055595209736907236
1731800773.9103816;/app/bags/user95_2017-02-24.bag;0.834065854549408;0.0;0.9619645476341248;0.0;0.7960547501412467;0.9444047902630928;0.055595209736907236
1731800774.1104004;/app/bags/user95_2017-02-24.bag;0.834065854549408;0.0;0.9619645476341248;0.0;0.7960547501412467;0.9444047902630928;0.055595209736907236
1731800774.310387;/app/bags/user95_2017-02-24.bag;0.834065854549408;0.0;0.9619645476341248;0.0;0.7960547501412467;0.9444047902630928;0.055595209736907236
1731800774.5104432;/app/bags/user95_2017-02-24.bag;0.834065854549408;0.0;0.9619645476341248;0.0;0.7960547501412467;0.9444047902630928;0.055595209736907236
1731800774.7104979;/app/bags/user95_2017-02-24.bag;0.834065854549408;0.0;0.9619645476341248;0.0;0.7960547501412467;0.9444047902630928;0.055595209736907236
1731800774.9104428;/app/bags/user95_2017-02-24.bag;0.834065854549408;0.0;0.9619645476341248;0.0;0.7960547501412467;0.9444047902630928;0.055595209736907236
1731800775.1104221;/app/bags/user95_2017-02-24.bag;0.834065854549408;0.0;0.9619645476341248;0.0;0.7960547501412467;0.9444047902630928;0.055595209736907236
1731800775.310399;/app/bags/user95_2017-02-24.bag;0.834065854549408;0.0;0.9619645476341248;0.0;0.7960547501412467;0.9444047902630928;0.055595209736907236
1731800775.5104647;/app/bags/user95_2017-02-24.bag;0.834065854549408;0.0;0.9619645476341248;0.0;0.7960547501412467;0.9444047902630928;0.055595209736907236
1731800775.7104025;/app/bags/user95_2017-02-24.bag;0.834065854549408;0.0;0.9619645476341248;0.0;0.7960547501412467;0.9444047902630928;0.055595209736907236
1731800775.9103956;/app/bags/user95_2017-02-24.bag;0.834065854549408;0.0;0.9619645476341248;0.0;0.7960547501412467;0.9444047902630928;0.055595209736907236
1731800776.1104155;/app/bags/user95_2017-02-24.bag;0.834065854549408;0.0;0.9619645476341248;0.0;0.7960547501412467;0.9444047902630928;0.055595209736907236
1731800776.3103495;/app/bags/user95_2017-02-24.bag;0.834065854549408;0.0;0.9619645476341248;0.0;0.7960547501412467;0.9444047902630928;0.055595209736907236
1731800776.5103867;/app/bags/user95_2017-02-24.bag;0.834065854549408;0.0;0.9619645476341248;0.0;0.7960547501412467;0.9444047902630928;0.055595209736907236
1731800776.710383;/app/bags/user95_2017-02-24.bag;0.834065854549408;0.0;0.9619645476341248;0.0;0.7960547501412467;0.9444047902630928;0.055595209736907236
1731800776.910386;/app/bags/user95_2017-02-24.bag;0.834065854549408;0.0;0.9619645476341248;0.0;0.7960547501412467;0.9444047902630928;0.055595209736907236
1731800777.1104124;/app/bags/user95_2017-02-24.bag;0.834065854549408;0.0;0.9619645476341248;0.0;0.7960547501412467;0.9444047902630928;0.055595209736907236
1731800777.3103635;/app/bags/user95_2017-02-24.bag;0.834065854549408;0.0;0.9619645476341248;0.0;0.7960547501412467;0.9444047902630928;0.055595209736907236
1731800777.5103893;/app/bags/user95_2017-02-24.bag;0.834065854549408;0.0;0.9619645476341248;0.0;0.7960547501412467;0.9444047902630928;0.055595209736907236
1731800777.7104015;/app/bags/user95_2017-02-24.bag;0.834065854549408;0.0;0.9619645476341248;0.0;0.7960547501412467;0.9444047902630928;0.055595209736907236
1731800777.9103942;/app/bags/user95_2017-02-24.bag;0.834065854549408;0.0;0.9619645476341248;0.0;0.7960547501412467;0.9444047902630928;0.055595209736907236
1731800778.110471;/app/bags/user95_2017-02-24.bag;0.834065854549408;0.0;0.9619645476341248;0.0;0.7960547501412467;0.9444047902630928;0.055595209736907236
1731800778.3103921;/app/bags/user95_2017-02-24.bag;0.834065854549408;0.0;0.9619645476341248;0.0;0.7960547501412467;0.9444047902630928;0.055595209736907236
1731800778.5104072;/app/bags/user95_2017-02-24.bag;0.834065854549408;0.0;0.9619645476341248;0.0;0.7960547501412467;0.9444047902630928;0.055595209736907236
1731800778.710401;/app/bags/user95_2017-02-24.bag;0.834065854549408;0.0;0.9619645476341248;0.0;0.7960547501412467;0.9444047902630928;0.055595209736907236
1731800778.9104578;/app/bags/user95_2017-02-24.bag;0.834065854549408;0.0;0.9619645476341248;0.0;0.7960547501412467;0.9444047902630928;0.055595209736907236
1731800779.1103902;/app/bags/user95_2017-02-24.bag;0.834065854549408;0.0;0.9619645476341248;0.0;0.7960547501412467;0.9444047902630928;0.055595209736907236
1731800779.3103895;/app/bags/user95_2017-02-24.bag;0.834065854549408;0.0;0.9619645476341248;0.0;0.7960547501412467;0.9444047902630928;0.055595209736907236
1731800779.510394;/app/bags/user95_2017-02-24.bag;0.834065854549408;0.0;0.9619645476341248;0.0;0.7960547501412467;0.9444047902630928;0.055595209736907236
1731800779.7104084;/app/bags/user95_2017-02-24.bag;0.834065854549408;0.0;0.9619645476341248;0.0;0.7960547501412467;0.9444047902630928;0.055595209736907236
1731800779.9104393;/app/bags/user95_2017-02-24.bag;0.834065854549408;0.0;0.9619645476341248;0.0;0.7960547501412467;0.9444047902630928;0.055595209736907236
1731800780.1103954;/app/bags/user95_2017-02-24.bag;0.834065854549408;0.0;0.9619645476341248;0.0;0.7960547501412467;0.9444047902630928;0.055595209736907236
1731800780.3104017;/app/bags/user95_2017-02-24.bag;0.834065854549408;0.0;0.9619645476341248;0.0;0.7960547501412467;0.9444047902630928;0.055595209736907236
1731800780.5104563;/app/bags/user95_2017-02-24.bag;0.834065854549408;0.0;0.9619645476341248;0.0;0.7960547501412467;0.9444047902630928;0.055595209736907236
1731800780.7104084;/app/bags/user95_2017-02-24.bag;0.834065854549408;0.0;0.9619645476341248;0.0;0.7960547501412467;0.9444047902630928;0.055595209736907236
1731800780.9103913;/app/bags/user95_2017-02-24.bag;0.834065854549408;0.0;0.9619645476341248;0.0;0.7960547501412467;0.9444047902630928;0.055595209736907236
1731800781.1104097;/app/bags/user95_2017-02-24.bag;0.834065854549408;0.0;0.9619645476341248;0.0;0.7960547501412467;0.9444047902630928;0.055595209736907236
1731800781.3103926;/app/bags/user95_2017-02-24.bag;0.834065854549408;0.0;0.9619645476341248;0.0;0.7960547501412467;0.9444047902630928;0.055595209736907236
1731800781.510468;/app/bags/user95_2017-02-24.bag;0.834065854549408;0.0;0.9619645476341248;0.0;0.7960547501412467;0.9444047902630928;0.055595209736907236
1731800781.7104084;/app/bags/user95_2017-02-24.bag;0.834065854549408;0.0;0.9619645476341248;0.0;0.7960547501412467;0.9444047902630928;0.055595209736907236
1731800781.9104612;/app/bags/user95_2017-02-24.bag;0.834065854549408;0.0;0.9619645476341248;0.0;0.7960547501412467;0.9444047902630928;0.055595209736907236
1731800782.112883;/app/bags/user95_2017-02-24.bag;0.834065854549408;0.0;0.9619645476341248;0.0;0.7960547501412467;0.9444047902630928;0.055595209736907236
1731800782.3103936;/app/bags/user95_2017-02-24.bag;0.834065854549408;0.0;0.9619645476341248;0.0;0.7960547501412467;0.9444047902630928;0.055595209736907236
1731800782.510368;/app/bags/user95_2017-02-24.bag;0.834065854549408;0.0;0.9619645476341248;0.0;0.7960547501412467;0.9444047902630928;0.055595209736907236
1731800782.7104082;/app/bags/user95_2017-02-24.bag;0.834065854549408;0.0;0.9619645476341248;0.0;0.7960547501412467;0.9444047902630928;0.055595209736907236
1731800782.9104044;/app/bags/user95_2017-02-24.bag;0.834065854549408;0.0;0.9619645476341248;0.0;0.7960547501412467;0.9444047902630928;0.055595209736907236
1731800783.1103497;/app/bags/user95_2017-02-24.bag;0.834065854549408;0.0;0.9619645476341248;0.0;0.7960547501412467;0.9444047902630928;0.055595209736907236
1731800783.3103795;/app/bags/user95_2017-02-24.bag;0.834065854549408;0.0;0.9619645476341248;0.0;0.7960547501412467;0.9444047902630928;0.055595209736907236
1731800783.510402;/app/bags/user95_2017-02-24.bag;0.834065854549408;0.0;0.9619645476341248;0.0;0.7960547501412467;0.9444047902630928;0.055595209736907236
1731800783.7104006;/app/bags/user95_2017-02-24.bag;0.834065854549408;0.0;0.9619645476341248;0.0;0.7960547501412467;0.9444047902630928;0.055595209736907236
1731800783.910403;/app/bags/user95_2017-02-24.bag;0.834065854549408;0.0;0.9619645476341248;0.0;0.7960547501412467;0.9444047902630928;0.055595209736907236
1731800784.1103833;/app/bags/user95_2017-02-24.bag;0.834065854549408;0.0;0.9619645476341248;0.0;0.7960547501412467;0.9444047902630928;0.055595209736907236
1731800784.3103793;/app/bags/user95_2017-02-24.bag;0.834065854549408;0.0;0.9619645476341248;0.0;0.7960547501412467;0.9444047902630928;0.055595209736907236
1731800784.510427;/app/bags/user95_2017-02-24.bag;0.834065854549408;0.0;0.9619645476341248;0.0;0.7960547501412467;0.9444047902630928;0.055595209736907236
1731800784.7103946;/app/bags/user95_2017-02-24.bag;0.834065854549408;0.0;0.9619645476341248;0.0;0.7960547501412467;0.9444047902630928;0.055595209736907236
1731800784.9103806;/app/bags/user95_2017-02-24.bag;0.834065854549408;0.0;0.9619645476341248;0.0;0.7960547501412467;0.9444047902630928;0.055595209736907236
1731800785.1104038;/app/bags/user95_2017-02-24.bag;0.834065854549408;0.0;0.9619645476341248;0.0;0.7960547501412467;0.9444047902630928;0.055595209736907236
1731800785.3104224;/app/bags/user95_2017-02-24.bag;0.834065854549408;0.0;0.9619645476341248;0.0;0.7960547501412467;0.9444047902630928;0.055595209736907236
1731800785.5103717;/app/bags/user95_2017-02-24.bag;0.834065854549408;0.0;0.9619645476341248;0.0;0.7960547501412467;0.9444047902630928;0.055595209736907236
1731800785.7104547;/app/bags/user95_2017-02-24.bag;0.834065854549408;0.0;0.9619645476341248;0.0;0.7960547501412467;0.9444047902630928;0.055595209736907236
1731800785.910427;/app/bags/user95_2017-02-24.bag;0.834065854549408;0.0;0.9619645476341248;0.0;0.7960547501412467;0.9444047902630928;0.055595209736907236
1731800786.1104307;/app/bags/user95_2017-02-24.bag;0.834065854549408;0.0;0.9619645476341248;0.0;0.7960547501412467;0.9444047902630928;0.055595209736907236
1731800786.3103821;/app/bags/user95_2017-02-24.bag;0.834065854549408;0.0;0.9619645476341248;0.0;0.7960547501412467;0.9444047902630928;0.055595209736907236
1731800786.510376;/app/bags/user95_2017-02-24.bag;0.834065854549408;0.0;0.9619645476341248;0.0;0.7960547501412467;0.9444047902630928;0.055595209736907236
1731800786.7103896;/app/bags/user95_2017-02-24.bag;0.834065854549408;0.0;0.9619645476341248;0.0;0.7960547501412467;0.9444047902630928;0.055595209736907236
1731800786.9104023;/app/bags/user95_2017-02-24.bag;0.834065854549408;0.0;0.9619645476341248;0.0;0.7960547501412467;0.9444047902630928;0.055595209736907236
1731800787.1104107;/app/bags/user95_2017-02-24.bag;0.834065854549408;0.0;0.9619645476341248;0.0;0.7960547501412467;0.9444047902630928;0.055595209736907236
1731800787.310379;/app/bags/user95_2017-02-24.bag;0.834065854549408;0.0;0.9619645476341248;0.0;0.7960547501412467;0.9444047902630928;0.055595209736907236
1731800787.5103905;/app/bags/user95_2017-02-24.bag;0.834065854549408;0.0;0.9619645476341248;0.0;0.7960547501412467;0.9444047902630928;0.055595209736907236
1731800787.7103977;/app/bags/user95_2017-02-24.bag;0.834065854549408;0.0;0.9619645476341248;0.0;0.7960547501412467;0.9444047902630928;0.055595209736907236
1731800787.9104671;/app/bags/user95_2017-02-24.bag;0.834065854549408;0.0;0.9619645476341248;0.0;0.7960547501412467;0.9444047902630928;0.055595209736907236
1731800788.1103988;/app/bags/user95_2017-02-24.bag;0.834065854549408;0.0;0.9619645476341248;0.0;0.7960547501412467;0.9444047902630928;0.055595209736907236
1731800788.3105633;/app/bags/user95_2017-02-24.bag;0.834065854549408;0.0;0.9619645476341248;0.0;0.7960547501412467;0.9444047902630928;0.055595209736907236
1731800788.510356;/app/bags/user95_2017-02-24.bag;0.834065854549408;0.0;0.9619645476341248;0.0;0.7960547501412467;0.9444047902630928;0.055595209736907236
1731800788.710245;/app/bags/user95_2017-02-24.bag;0.834065854549408;0.0;0.9619645476341248;0.0;0.7960547501412467;0.9444047902630928;0.055595209736907236
1731800788.9105525;/app/bags/user95_2017-02-24.bag;0.834065854549408;0.0;0.9619645476341248;0.0;0.7960547501412467;0.9444047902630928;0.055595209736907236
1731800789.1104238;/app/bags/user95_2017-02-24.bag;0.834065854549408;0.0;0.9619645476341248;0.0;0.7960547501412467;0.9444047902630928;0.055595209736907236
1731800789.310389;/app/bags/user95_2017-02-24.bag;0.834065854549408;0.0;0.9619645476341248;0.0;0.7960547501412467;0.9444047902630928;0.055595209736907236
1731800789.5104003;/app/bags/user95_2017-02-24.bag;0.834065854549408;0.0;0.9619645476341248;0.0;0.7960547501412467;0.9444047902630928;0.055595209736907236
1731800789.7104187;/app/bags/user95_2017-02-24.bag;0.834065854549408;0.0;0.9619645476341248;0.0;0.7960547501412467;0.9444047902630928;0.055595209736907236
1731800789.9103599;/app/bags/user95_2017-02-24.bag;0.834065854549408;0.0;0.9619645476341248;0.0;0.7960547501412467;0.9444047902630928;0.055595209736907236
1731800790.1104019;/app/bags/user95_2017-02-24.bag;0.834065854549408;0.0;0.9619645476341248;0.0;0.7960547501412467;0.9444047902630928;0.055595209736907236
1731800790.3103817;/app/bags/user95_2017-02-24.bag;0.834065854549408;0.0;0.9619645476341248;0.0;0.7960547501412467;0.9444047902630928;0.055595209736907236
1731800790.5105023;/app/bags/user95_2017-02-24.bag;0.834065854549408;0.0;0.9619645476341248;0.0;0.7960547501412467;0.9444047902630928;0.055595209736907236
1731800790.710389;/app/bags/user95_2017-02-24.bag;0.834065854549408;0.0;0.9619645476341248;0.0;0.7960547501412467;0.9444047902630928;0.055595209736907236
1731800790.9103823;/app/bags/user95_2017-02-24.bag;0.834065854549408;0.0;0.9619645476341248;0.0;0.7960547501412467;0.9444047902630928;0.055595209736907236
1731800791.1104105;/app/bags/user95_2017-02-24.bag;0.834065854549408;0.0;0.9619645476341248;0.0;0.7960547501412467;0.9444047902630928;0.055595209736907236
1731800791.3104095;/app/bags/user95_2017-02-24.bag;0.834065854549408;0.0;0.9619645476341248;0.0;0.7960547501412467;0.9444047902630928;0.055595209736907236
1731800791.5103889;/app/bags/user95_2017-02-24.bag;0.834065854549408;0.0;0.9619645476341248;0.0;0.7960547501412467;0.9444047902630928;0.055595209736907236
1731800791.710388;/app/bags/user95_2017-02-24.bag;0.834065854549408;0.0;0.9619645476341248;0.0;0.7960547501412467;0.9444047902630928;0.055595209736907236
1731800791.9104426;/app/bags/user95_2017-02-24.bag;0.834065854549408;0.0;0.9619645476341248;0.0;0.7960547501412467;0.9444047902630928;0.055595209736907236
1731800792.1103776;/app/bags/user95_2017-02-24.bag;0.834065854549408;0.0;0.9619645476341248;0.0;0.7960547501412467;0.9444047902630928;0.055595209736907236
1731800792.31041;/app/bags/user95_2017-02-24.bag;0.834065854549408;0.0;0.9619645476341248;0.0;0.7960547501412467;0.9444047902630928;0.055595209736907236
1731800792.5103981;/app/bags/user95_2017-02-24.bag;0.834065854549408;0.0;0.9619645476341248;0.0;0.7960547501412467;0.9444047902630928;0.055595209736907236
1731800792.7106335;/app/bags/user95_2017-02-24.bag;0.834065854549408;0.0;0.9619645476341248;0.0;0.7960547501412467;0.9444047902630928;0.055595209736907236
1731800792.9103868;/app/bags/user95_2017-02-24.bag;0.834065854549408;0.0;0.9619645476341248;0.0;0.7960547501412467;0.9444047902630928;0.055595209736907236
1731800793.1104019;/app/bags/user95_2017-02-24.bag;0.834065854549408;0.0;0.9619645476341248;0.0;0.7960547501412467;0.9444047902630928;0.055595209736907236
1731800793.3104596;/app/bags/user95_2017-02-24.bag;0.834065854549408;0.0;0.9619645476341248;0.0;0.7960547501412467;0.9444047902630928;0.055595209736907236
1731800793.5104327;/app/bags/user95_2017-02-24.bag;0.834065854549408;0.0;0.9619645476341248;0.0;0.7960547501412467;0.9444047902630928;0.055595209736907236
1731800793.7104328;/app/bags/user95_2017-02-24.bag;0.834065854549408;0.0;0.9619645476341248;0.0;0.7960547501412467;0.9444047902630928;0.055595209736907236
1731800793.9104066;/app/bags/user95_2017-02-24.bag;0.834065854549408;0.0;0.9619645476341248;0.0;0.7960547501412467;0.9444047902630928;0.055595209736907236
1731800794.110385;/app/bags/user95_2017-02-24.bag;0.834065854549408;0.0;0.9619645476341248;0.0;0.7960547501412467;0.9444047902630928;0.055595209736907236
1731800794.3104303;/app/bags/user95_2017-02-24.bag;0.834065854549408;0.0;0.9619645476341248;0.0;0.7960547501412467;0.9444047902630928;0.055595209736907236
1731800794.510508;/app/bags/user95_2017-02-24.bag;0.834065854549408;0.0;0.9619645476341248;0.0;0.7960547501412467;0.9444047902630928;0.055595209736907236
1731800794.7104309;/app/bags/user95_2017-02-24.bag;0.834065854549408;0.0;0.9619645476341248;0.0;0.7960547501412467;0.9444047902630928;0.055595209736907236
1731800794.9103882;/app/bags/user95_2017-02-24.bag;0.834065854549408;0.0;0.9619645476341248;0.0;0.7960547501412467;0.9444047902630928;0.055595209736907236
1731800795.1103606;/app/bags/user95_2017-02-24.bag;0.834065854549408;0.0;0.9619645476341248;0.0;0.7960547501412467;0.9444047902630928;0.055595209736907236
1731800795.3104174;/app/bags/user95_2017-02-24.bag;0.834065854549408;0.0;0.9619645476341248;0.0;0.7960547501412467;0.9444047902630928;0.055595209736907236
1731800795.5104089;/app/bags/user95_2017-02-24.bag;0.834065854549408;0.0;0.9619645476341248;0.0;0.7960547501412467;0.9444047902630928;0.055595209736907236
1731800795.7104425;/app/bags/user95_2017-02-24.bag;0.834065854549408;0.0;0.9619645476341248;0.0;0.7960547501412467;0.9444047902630928;0.055595209736907236
1731800795.9104218;/app/bags/user95_2017-02-24.bag;0.834065854549408;0.0;0.9619645476341248;0.0;0.7960547501412467;0.9444047902630928;0.055595209736907236
1731800796.110395;/app/bags/user95_2017-02-24.bag;0.834065854549408;0.0;0.9619645476341248;0.0;0.7960547501412467;0.9444047902630928;0.055595209736907236
1731800796.3104312;/app/bags/user95_2017-02-24.bag;0.834065854549408;0.0;0.9619645476341248;0.0;0.7960547501412467;0.9444047902630928;0.055595209736907236
1731800796.5103877;/app/bags/user95_2017-02-24.bag;0.834065854549408;0.0;0.9619645476341248;0.0;0.7960547501412467;0.9444047902630928;0.055595209736907236
1731800796.710374;/app/bags/user95_2017-02-24.bag;0.834065854549408;0.0;0.9619645476341248;0.0;0.7960547501412467;0.9444047902630928;0.055595209736907236
1731800796.9104562;/app/bags/user95_2017-02-24.bag;0.834065854549408;0.0;0.9619645476341248;0.0;0.7960547501412467;0.9444047902630928;0.055595209736907236
1731800797.1103976;/app/bags/user95_2017-02-24.bag;0.834065854549408;0.0;0.9619645476341248;0.0;0.7960547501412467;0.9444047902630928;0.055595209736907236
1731800797.3104248;/app/bags/user95_2017-02-24.bag;0.834065854549408;0.0;0.9619645476341248;0.0;0.7960547501412467;0.9444047902630928;0.055595209736907236
1731800797.510383;/app/bags/user95_2017-02-24.bag;0.834065854549408;0.0;0.9619645476341248;0.0;0.7960547501412467;0.9444047902630928;0.055595209736907236
1731800797.7103608;/app/bags/user95_2017-02-24.bag;0.834065854549408;0.0;0.9619645476341248;0.0;0.7960547501412467;0.9444047902630928;0.055595209736907236
1731800797.9103675;/app/bags/user95_2017-02-24.bag;0.834065854549408;0.0;0.9619645476341248;0.0;0.7960547501412467;0.9444047902630928;0.055595209736907236
1731800798.1104262;/app/bags/user95_2017-02-24.bag;0.834065854549408;0.0;0.9619645476341248;0.0;0.7960547501412467;0.9444047902630928;0.055595209736907236
1731800798.3103585;/app/bags/user95_2017-02-24.bag;0.834065854549408;0.0;0.9619645476341248;0.0;0.7960547501412467;0.9444047902630928;0.055595209736907236
1731800798.510401;/app/bags/user95_2017-02-24.bag;0.834065854549408;0.0;0.9619645476341248;0.0;0.7960547501412467;0.9444047902630928;0.055595209736907236
1731800798.7104259;/app/bags/user95_2017-02-24.bag;0.834065854549408;0.0;0.9619645476341248;0.0;0.7960547501412467;0.9444047902630928;0.055595209736907236
1731800798.9104488;/app/bags/user95_2017-02-24.bag;0.834065854549408;0.0;0.9619645476341248;0.0;0.7960547501412467;0.9444047902630928;0.055595209736907236
1731800799.1103857;/app/bags/user95_2017-02-24.bag;0.834065854549408;0.0;0.9619645476341248;0.0;0.7960547501412467;0.9444047902630928;0.055595209736907236
1731800799.3103912;/app/bags/user95_2017-02-24.bag;0.834065854549408;0.0;0.9619645476341248;0.0;0.7960547501412467;0.9444047902630928;0.055595209736907236
1731800799.510377;/app/bags/user95_2017-02-24.bag;0.834065854549408;0.0;0.9619645476341248;0.0;0.7960547501412467;0.9444047902630928;0.055595209736907236
1731800799.710382;/app/bags/user95_2017-02-24.bag;0.834065854549408;0.0;0.9619645476341248;0.0;0.7960547501412467;0.9444047902630928;0.055595209736907236
1731800799.9104323;/app/bags/user95_2017-02-24.bag;0.834065854549408;0.0;0.9619645476341248;0.0;0.7960547501412467;0.9444047902630928;0.055595209736907236
1731800800.1104045;/app/bags/user95_2017-02-24.bag;0.834065854549408;0.0;0.9619645476341248;0.0;0.7960547501412467;0.9444047902630928;0.055595209736907236
1731800800.3104916;/app/bags/user95_2017-02-24.bag;0.834065854549408;0.0;0.9619645476341248;0.0;0.7960547501412467;0.9444047902630928;0.055595209736907236
1731800800.5103974;/app/bags/user95_2017-02-24.bag;0.834065854549408;0.0;0.9619645476341248;0.0;0.7960547501412467;0.9444047902630928;0.055595209736907236
1731800800.7104487;/app/bags/user95_2017-02-24.bag;0.834065854549408;0.0;0.9619645476341248;0.0;0.7960547501412467;0.9444047902630928;0.055595209736907236
1731800800.910371;/app/bags/user95_2017-02-24.bag;0.834065854549408;0.0;0.9619645476341248;0.0;0.7960547501412467;0.9444047902630928;0.055595209736907236
1731800801.1103895;/app/bags/user95_2017-02-24.bag;0.834065854549408;0.0;0.9619645476341248;0.0;0.7960547501412467;0.9444047902630928;0.055595209736907236
1731800801.3103836;/app/bags/user95_2017-02-24.bag;0.834065854549408;0.0;0.9619645476341248;0.0;0.7960547501412467;0.9444047902630928;0.055595209736907236
1731800801.5103934;/app/bags/user95_2017-02-24.bag;0.834065854549408;0.0;0.9619645476341248;0.0;0.7960547501412467;0.9444047902630928;0.055595209736907236
1731800801.7103946;/app/bags/user95_2017-02-24.bag;0.834065854549408;0.0;0.9619645476341248;0.0;0.7960547501412467;0.9444047902630928;0.055595209736907236
1731800801.9103663;/app/bags/user95_2017-02-24.bag;0.834065854549408;0.0;0.9619645476341248;0.0;0.7960547501412467;0.9444047902630928;0.055595209736907236
1731800802.1104577;/app/bags/user95_2017-02-24.bag;0.834065854549408;0.0;0.9619645476341248;0.0;0.7960547501412467;0.9444047902630928;0.055595209736907236
1731800802.31045;/app/bags/user95_2017-02-24.bag;0.834065854549408;0.0;0.9619645476341248;0.0;0.7960547501412467;0.9444047902630928;0.055595209736907236
1731800802.5103939;/app/bags/user95_2017-02-24.bag;0.834065854549408;0.0;0.9619645476341248;0.0;0.7960547501412467;0.9444047902630928;0.055595209736907236
1731800802.7103817;/app/bags/user95_2017-02-24.bag;0.834065854549408;0.0;0.9619645476341248;0.0;0.7960547501412467;0.9444047902630928;0.055595209736907236
1731800802.9103992;/app/bags/user95_2017-02-24.bag;0.834065854549408;0.0;0.9619645476341248;0.0;0.7960547501412467;0.9444047902630928;0.055595209736907236
1731800803.1104176;/app/bags/user95_2017-02-24.bag;0.834065854549408;0.0;0.9619645476341248;0.0;0.7960547501412467;0.9444047902630928;0.055595209736907236
1731800803.3104165;/app/bags/user95_2017-02-24.bag;0.834065854549408;0.0;0.9619645476341248;0.0;0.7960547501412467;0.9444047902630928;0.055595209736907236
1731800803.5103674;/app/bags/user95_2017-02-24.bag;0.834065854549408;0.0;0.9619645476341248;0.0;0.7960547501412467;0.9444047902630928;0.055595209736907236
1731800803.7103806;/app/bags/user95_2017-02-24.bag;0.834065854549408;0.0;0.9619645476341248;0.0;0.7960547501412467;0.9444047902630928;0.055595209736907236
1731800803.9104125;/app/bags/user95_2017-02-24.bag;0.834065854549408;0.0;0.9619645476341248;0.0;0.7960547501412467;0.9444047902630928;0.055595209736907236
1731800804.1103733;/app/bags/user95_2017-02-24.bag;0.834065854549408;0.0;0.9619645476341248;0.0;0.7960547501412467;0.9444047902630928;0.055595209736907236
1731800804.3104038;/app/bags/user95_2017-02-24.bag;0.834065854549408;0.0;0.9619645476341248;0.0;0.7960547501412467;0.9444047902630928;0.055595209736907236
1731800804.5104263;/app/bags/user95_2017-02-24.bag;0.834065854549408;0.0;0.9619645476341248;0.0;0.7960547501412467;0.9444047902630928;0.055595209736907236
1731800804.7104626;/app/bags/user95_2017-02-24.bag;0.834065854549408;0.0;0.9619645476341248;0.0;0.7960547501412467;0.9444047902630928;0.055595209736907236
1731800804.9104395;/app/bags/user95_2017-02-24.bag;0.834065854549408;0.0;0.9619645476341248;0.0;0.7960547501412467;0.9444047902630928;0.055595209736907236
1731800805.1104314;/app/bags/user95_2017-02-24.bag;0.834065854549408;0.0;0.9619645476341248;0.0;0.7960547501412467;0.9444047902630928;0.055595209736907236
1731800805.3104544;/app/bags/user95_2017-02-24.bag;0.834065854549408;0.0;0.9619645476341248;0.0;0.7960547501412467;0.9444047902630928;0.055595209736907236
1731800805.5104082;/app/bags/user95_2017-02-24.bag;0.834065854549408;0.0;0.9619645476341248;0.0;0.7960547501412467;0.9444047902630928;0.055595209736907236
1731800805.710426;/app/bags/user95_2017-02-24.bag;0.834065854549408;0.0;0.9619645476341248;0.0;0.7960547501412467;0.9444047902630928;0.055595209736907236
1731800805.9103951;/app/bags/user95_2017-02-24.bag;0.834065854549408;0.0;0.9619645476341248;0.0;0.7960547501412467;0.9444047902630928;0.055595209736907236
1731800806.1103702;/app/bags/user95_2017-02-24.bag;0.834065854549408;0.0;0.9619645476341248;0.0;0.7960547501412467;0.9444047902630928;0.055595209736907236
1731800806.310428;/app/bags/user95_2017-02-24.bag;0.834065854549408;0.0;0.9619645476341248;0.0;0.7960547501412467;0.9444047902630928;0.055595209736907236
1731800806.5104163;/app/bags/user95_2017-02-24.bag;0.834065854549408;0.0;0.9619645476341248;0.0;0.7960547501412467;0.9444047902630928;0.055595209736907236
1731800806.710375;/app/bags/user95_2017-02-24.bag;0.834065854549408;0.0;0.9619645476341248;0.0;0.7960547501412467;0.9444047902630928;0.055595209736907236
1731800806.9103644;/app/bags/user95_2017-02-24.bag;0.834065854549408;0.0;0.9619645476341248;0.0;0.7960547501412467;0.9444047902630928;0.055595209736907236
1731800807.110404;/app/bags/user95_2017-02-24.bag;0.834065854549408;0.0;0.9619645476341248;0.0;0.7960547501412467;0.9444047902630928;0.055595209736907236
1731800807.3104126;/app/bags/user95_2017-02-24.bag;0.834065854549408;0.0;0.9619645476341248;0.0;0.7960547501412467;0.9444047902630928;0.055595209736907236
1731800807.5104032;/app/bags/user95_2017-02-24.bag;0.834065854549408;0.0;0.9619645476341248;0.0;0.7960547501412467;0.9444047902630928;0.055595209736907236
1731800807.7104359;/app/bags/user95_2017-02-24.bag;0.834065854549408;0.0;0.9619645476341248;0.0;0.7960547501412467;0.9444047902630928;0.055595209736907236
1731800807.9103818;/app/bags/user95_2017-02-24.bag;0.834065854549408;0.0;0.9619645476341248;0.0;0.7960547501412467;0.9444047902630928;0.055595209736907236
1731800808.1103957;/app/bags/user95_2017-02-24.bag;0.834065854549408;0.0;0.9619645476341248;0.0;0.7960547501412467;0.9444047902630928;0.055595209736907236
1731800808.310396;/app/bags/user95_2017-02-24.bag;0.834065854549408;0.0;0.9619645476341248;0.0;0.7960547501412467;0.9444047902630928;0.055595209736907236
1731800808.5103662;/app/bags/user95_2017-02-24.bag;0.834065854549408;0.0;0.9619645476341248;0.0;0.7960547501412467;0.9444047902630928;0.055595209736907236
1731800808.7105658;/app/bags/user95_2017-02-24.bag;0.834065854549408;0.0;0.9619645476341248;0.0;0.7960547501412467;0.9444047902630928;0.055595209736907236
1731800808.9103994;/app/bags/user95_2017-02-24.bag;0.834065854549408;0.0;0.9619645476341248;0.0;0.7960547501412467;0.9444047902630928;0.055595209736907236
1731800809.1104083;/app/bags/user95_2017-02-24.bag;0.834065854549408;0.0;0.9619645476341248;0.0;0.7960547501412467;0.9444047902630928;0.055595209736907236
1731800809.3103893;/app/bags/user95_2017-02-24.bag;0.834065854549408;0.0;0.9619645476341248;0.0;0.7960547501412467;0.9444047902630928;0.055595209736907236
1731800809.5104933;/app/bags/user95_2017-02-24.bag;0.834065854549408;0.0;0.9619645476341248;0.0;0.7960547501412467;0.9444047902630928;0.055595209736907236
1731800809.7103918;/app/bags/user95_2017-02-24.bag;0.834065854549408;0.0;0.9619645476341248;0.0;0.7960547501412467;0.9444047902630928;0.055595209736907236
1731800809.9104538;/app/bags/user95_2017-02-24.bag;0.834065854549408;0.0;0.9619645476341248;0.0;0.7960547501412467;0.9444047902630928;0.055595209736907236
1731800810.1104326;/app/bags/user95_2017-02-24.bag;0.834065854549408;0.0;0.9619645476341248;0.0;0.7960547501412467;0.9444047902630928;0.055595209736907236
1731800810.3103852;/app/bags/user95_2017-02-24.bag;0.834065854549408;0.0;0.9619645476341248;0.0;0.7960547501412467;0.9444047902630928;0.055595209736907236
1731800810.5105374;/app/bags/user95_2017-02-24.bag;0.834065854549408;0.0;0.9619645476341248;0.0;0.7960547501412467;0.9444047902630928;0.055595209736907236
1731800810.7104008;/app/bags/user95_2017-02-24.bag;0.834065854549408;0.0;0.9619645476341248;0.0;0.7960547501412467;0.9444047902630928;0.055595209736907236
1731800810.91045;/app/bags/user95_2017-02-24.bag;0.834065854549408;0.0;0.9619645476341248;0.0;0.7960547501412467;0.9444047902630928;0.055595209736907236
1731800811.110382;/app/bags/user95_2017-02-24.bag;0.834065854549408;0.0;0.9619645476341248;0.0;0.7960547501412467;0.9444047902630928;0.055595209736907236
1731800811.3104074;/app/bags/user95_2017-02-24.bag;0.834065854549408;0.0;0.9619645476341248;0.0;0.7960547501412467;0.9444047902630928;0.055595209736907236
1731800811.5103729;/app/bags/user95_2017-02-24.bag;0.834065854549408;0.0;0.9619645476341248;0.0;0.7960547501412467;0.9444047902630928;0.055595209736907236
1731800811.7104712;/app/bags/user95_2017-02-24.bag;0.834065854549408;0.0;0.9619645476341248;0.0;0.7960547501412467;0.9444047902630928;0.055595209736907236
1731800811.9104035;/app/bags/user95_2017-02-24.bag;0.834065854549408;0.0;0.9619645476341248;0.0;0.7960547501412467;0.9444047902630928;0.055595209736907236
1731800812.110411;/app/bags/user95_2017-02-24.bag;0.834065854549408;0.0;0.9619645476341248;0.0;0.7960547501412467;0.9444047902630928;0.055595209736907236
1731800812.3105125;/app/bags/user95_2017-02-24.bag;0.834065854549408;0.0;0.9619645476341248;0.0;0.7960547501412467;0.9444047902630928;0.055595209736907236
1731800812.5104172;/app/bags/user95_2017-02-24.bag;0.834065854549408;0.0;0.9619645476341248;0.0;0.7960547501412467;0.9444047902630928;0.055595209736907236
1731800812.7104204;/app/bags/user95_2017-02-24.bag;0.834065854549408;0.0;0.9619645476341248;0.0;0.7960547501412467;0.9444047902630928;0.055595209736907236
1731800812.910405;/app/bags/user95_2017-02-24.bag;0.834065854549408;0.0;0.9619645476341248;0.0;0.7960547501412467;0.9444047902630928;0.055595209736907236
1731800813.1104517;/app/bags/user95_2017-02-24.bag;0.834065854549408;0.0;0.9619645476341248;0.0;0.7960547501412467;0.9444047902630928;0.055595209736907236
1731800813.3103952;/app/bags/user95_2017-02-24.bag;0.834065854549408;0.0;0.9619645476341248;0.0;0.7960547501412467;0.9444047902630928;0.055595209736907236
1731800813.510412;/app/bags/user95_2017-02-24.bag;0.834065854549408;0.0;0.9619645476341248;0.0;0.7960547501412467;0.9444047902630928;0.055595209736907236
1731800813.7103958;/app/bags/user95_2017-02-24.bag;0.834065854549408;0.0;0.9619645476341248;0.0;0.7960547501412467;0.9444047902630928;0.055595209736907236
1731800813.9104657;/app/bags/user95_2017-02-24.bag;0.834065854549408;0.0;0.9619645476341248;0.0;0.7960547501412467;0.9444047902630928;0.055595209736907236
1731800814.1103668;/app/bags/user95_2017-02-24.bag;0.834065854549408;0.0;0.9619645476341248;0.0;0.7960547501412467;0.9444047902630928;0.055595209736907236
1731800814.3104537;/app/bags/user95_2017-02-24.bag;0.834065854549408;0.0;0.9619645476341248;0.0;0.7960547501412467;0.9444047902630928;0.055595209736907236
1731800814.5103912;/app/bags/user95_2017-02-24.bag;0.834065854549408;0.0;0.9619645476341248;0.0;0.7960547501412467;0.9444047902630928;0.055595209736907236
1731800814.7104545;/app/bags/user95_2017-02-24.bag;0.834065854549408;0.0;0.9619645476341248;0.0;0.7960547501412467;0.9444047902630928;0.055595209736907236
1731800814.910433;/app/bags/user95_2017-02-24.bag;0.834065854549408;0.0;0.9619645476341248;0.0;0.7960547501412467;0.9444047902630928;0.055595209736907236
1731800815.1103644;/app/bags/user95_2017-02-24.bag;0.834065854549408;0.0;0.9619645476341248;0.0;0.7960547501412467;0.9444047902630928;0.055595209736907236
1731800815.3103678;/app/bags/user95_2017-02-24.bag;0.834065854549408;0.0;0.9619645476341248;0.0;0.7960547501412467;0.9444047902630928;0.055595209736907236
1731800815.5103827;/app/bags/user95_2017-02-24.bag;0.834065854549408;0.0;0.9619645476341248;0.0;0.7960547501412467;0.9444047902630928;0.055595209736907236
1731800815.7103722;/app/bags/user95_2017-02-24.bag;0.834065854549408;0.0;0.9619645476341248;0.0;0.7960547501412467;0.9444047902630928;0.055595209736907236
1731800815.9104955;/app/bags/user95_2017-02-24.bag;0.834065854549408;0.0;0.9619645476341248;0.0;0.7960547501412467;0.9444047902630928;0.055595209736907236
1731800816.1104078;/app/bags/user95_2017-02-24.bag;0.834065854549408;0.0;0.9619645476341248;0.0;0.7960547501412467;0.9444047902630928;0.055595209736907236
1731800816.3103786;/app/bags/user95_2017-02-24.bag;0.834065854549408;0.0;0.9619645476341248;0.0;0.7960547501412467;0.9444047902630928;0.055595209736907236
1731800816.5103834;/app/bags/user95_2017-02-24.bag;0.834065854549408;0.0;0.9619645476341248;0.0;0.7960547501412467;0.9444047902630928;0.055595209736907236
1731800816.7104166;/app/bags/user95_2017-02-24.bag;0.834065854549408;0.0;0.9619645476341248;0.0;0.7960547501412467;0.9444047902630928;0.055595209736907236
1731800816.910393;/app/bags/user95_2017-02-24.bag;0.834065854549408;0.0;0.9619645476341248;0.0;0.7960547501412467;0.9444047902630928;0.055595209736907236
1731800817.1104345;/app/bags/user95_2017-02-24.bag;0.834065854549408;0.0;0.9619645476341248;0.0;0.7960547501412467;0.9444047902630928;0.055595209736907236
1731800817.3104272;/app/bags/user95_2017-02-24.bag;0.834065854549408;0.0;0.9619645476341248;0.0;0.7960547501412467;0.9444047902630928;0.055595209736907236
1731800817.510367;/app/bags/user95_2017-02-24.bag;0.834065854549408;0.0;0.9619645476341248;0.0;0.7960547501412467;0.9444047902630928;0.055595209736907236
1731800817.7103548;/app/bags/user95_2017-02-24.bag;0.834065854549408;0.0;0.9619645476341248;0.0;0.7960547501412467;0.9444047902630928;0.055595209736907236
1731800817.9103956;/app/bags/user95_2017-02-24.bag;0.834065854549408;0.0;0.9619645476341248;0.0;0.7960547501412467;0.9444047902630928;0.055595209736907236
1731800818.110364;/app/bags/user95_2017-02-24.bag;0.834065854549408;0.0;0.9619645476341248;0.0;0.7960547501412467;0.9444047902630928;0.055595209736907236
1731800818.3104098;/app/bags/user95_2017-02-24.bag;0.834065854549408;0.0;0.9619645476341248;0.0;0.7960547501412467;0.9444047902630928;0.055595209736907236
1731800818.5103974;/app/bags/user95_2017-02-24.bag;0.834065854549408;0.0;0.9619645476341248;0.0;0.7960547501412467;0.9444047902630928;0.055595209736907236
1731800818.7103753;/app/bags/user95_2017-02-24.bag;0.834065854549408;0.0;0.9619645476341248;0.0;0.7960547501412467;0.9444047902630928;0.055595209736907236
1731800818.9104161;/app/bags/user95_2017-02-24.bag;0.834065854549408;0.0;0.9619645476341248;0.0;0.7960547501412467;0.9444047902630928;0.055595209736907236
1731800819.1103897;/app/bags/user95_2017-02-24.bag;0.834065854549408;0.0;0.9619645476341248;0.0;0.7960547501412467;0.9444047902630928;0.055595209736907236
1731800819.3104167;/app/bags/user95_2017-02-24.bag;0.834065854549408;0.0;0.9619645476341248;0.0;0.7960547501412467;0.9444047902630928;0.055595209736907236
1731800819.5104127;/app/bags/user95_2017-02-24.bag;0.834065854549408;0.0;0.9619645476341248;0.0;0.7960547501412467;0.9444047902630928;0.055595209736907236
1731800819.7103817;/app/bags/user95_2017-02-24.bag;0.834065854549408;0.0;0.9619645476341248;0.0;0.7960547501412467;0.9444047902630928;0.055595209736907236
1731800819.9105108;/app/bags/user95_2017-02-24.bag;0.834065854549408;0.0;0.9619645476341248;0.0;0.7960547501412467;0.9444047902630928;0.055595209736907236
1731800820.1103888;/app/bags/user95_2017-02-24.bag;0.834065854549408;0.0;0.9619645476341248;0.0;0.7960547501412467;0.9444047902630928;0.055595209736907236
1731800820.3103588;/app/bags/user95_2017-02-24.bag;0.834065854549408;0.0;0.9619645476341248;0.0;0.7960547501412467;0.9444047902630928;0.055595209736907236
1731800820.5103762;/app/bags/user95_2017-02-24.bag;0.834065854549408;0.0;0.9619645476341248;0.0;0.7960547501412467;0.9444047902630928;0.055595209736907236
1731800820.7104423;/app/bags/user95_2017-02-24.bag;0.834065854549408;0.0;0.9619645476341248;0.0;0.7960547501412467;0.9444047902630928;0.055595209736907236
1731800820.9104023;/app/bags/user95_2017-02-24.bag;0.834065854549408;0.0;0.9619645476341248;0.0;0.7960547501412467;0.9444047902630928;0.055595209736907236
1731800821.1104002;/app/bags/user95_2017-02-24.bag;0.834065854549408;0.0;0.9619645476341248;0.0;0.7960547501412467;0.9444047902630928;0.055595209736907236
1731800821.3104274;/app/bags/user95_2017-02-24.bag;0.834065854549408;0.0;0.9619645476341248;0.0;0.7960547501412467;0.9444047902630928;0.055595209736907236
1731800821.5104291;/app/bags/user95_2017-02-24.bag;0.834065854549408;0.0;0.9619645476341248;0.0;0.7960547501412467;0.9444047902630928;0.055595209736907236
1731800821.7103937;/app/bags/user95_2017-02-24.bag;0.834065854549408;0.0;0.9619645476341248;0.0;0.7960547501412467;0.9444047902630928;0.055595209736907236
1731800821.9104502;/app/bags/user95_2017-02-24.bag;0.834065854549408;0.0;0.9619645476341248;0.0;0.7960547501412467;0.9444047902630928;0.055595209736907236
1731800822.1104453;/app/bags/user95_2017-02-24.bag;0.834065854549408;0.0;0.9619645476341248;0.0;0.7960547501412467;0.9444047902630928;0.055595209736907236
1731800822.3103852;/app/bags/user95_2017-02-24.bag;0.834065854549408;0.0;0.9619645476341248;0.0;0.7960547501412467;0.9444047902630928;0.055595209736907236
1731800822.5104368;/app/bags/user95_2017-02-24.bag;0.834065854549408;0.0;0.9619645476341248;0.0;0.7960547501412467;0.9444047902630928;0.055595209736907236
1731800822.710404;/app/bags/user95_2017-02-24.bag;0.834065854549408;0.0;0.9619645476341248;0.0;0.7960547501412467;0.9444047902630928;0.055595209736907236
1731800822.9103632;/app/bags/user95_2017-02-24.bag;0.834065854549408;0.0;0.9619645476341248;0.0;0.7960547501412467;0.9444047902630928;0.055595209736907236
1731800823.1104598;/app/bags/user95_2017-02-24.bag;0.834065854549408;0.0;0.9619645476341248;0.0;0.7960547501412467;0.9444047902630928;0.055595209736907236
1731800823.3103852;/app/bags/user95_2017-02-24.bag;0.834065854549408;0.0;0.9619645476341248;0.0;0.7960547501412467;0.9444047902630928;0.055595209736907236
1731800823.5104253;/app/bags/user95_2017-02-24.bag;0.834065854549408;0.0;0.9619645476341248;0.0;0.7960547501412467;0.9444047902630928;0.055595209736907236
1731800823.710397;/app/bags/user95_2017-02-24.bag;0.834065854549408;0.0;0.9619645476341248;0.0;0.7960547501412467;0.9444047902630928;0.055595209736907236
1731800823.9104717;/app/bags/user95_2017-02-24.bag;0.834065854549408;0.0;0.9619645476341248;0.0;0.7960547501412467;0.9444047902630928;0.055595209736907236
1731800824.1104522;/app/bags/user95_2017-02-24.bag;0.834065854549408;0.0;0.9619645476341248;0.0;0.7960547501412467;0.9444047902630928;0.055595209736907236
1731800824.3103878;/app/bags/user95_2017-02-24.bag;0.834065854549408;0.0;0.9619645476341248;0.0;0.7960547501412467;0.9444047902630928;0.055595209736907236
1731800824.510364;/app/bags/user95_2017-02-24.bag;0.834065854549408;0.0;0.9619645476341248;0.0;0.7960547501412467;0.9444047902630928;0.055595209736907236
1731800824.7104216;/app/bags/user95_2017-02-24.bag;0.834065854549408;0.0;0.9619645476341248;0.0;0.7960547501412467;0.9444047902630928;0.055595209736907236
1731800824.910398;/app/bags/user95_2017-02-24.bag;0.834065854549408;0.0;0.9619645476341248;0.0;0.7960547501412467;0.9444047902630928;0.055595209736907236
1731800825.1104362;/app/bags/user95_2017-02-24.bag;0.834065854549408;0.0;0.9619645476341248;0.0;0.7960547501412467;0.9444047902630928;0.055595209736907236
1731800825.310435;/app/bags/user95_2017-02-24.bag;0.834065854549408;0.0;0.9619645476341248;0.0;0.7960547501412467;0.9444047902630928;0.055595209736907236
1731800825.5104344;/app/bags/user95_2017-02-24.bag;0.834065854549408;0.0;0.9619645476341248;0.0;0.7960547501412467;0.9444047902630928;0.055595209736907236
1731800825.7104003;/app/bags/user95_2017-02-24.bag;0.834065854549408;0.0;0.9619645476341248;0.0;0.7960547501412467;0.9444047902630928;0.055595209736907236
1731800825.9104252;/app/bags/user95_2017-02-24.bag;0.834065854549408;0.0;0.9619645476341248;0.0;0.7960547501412467;0.9444047902630928;0.055595209736907236
1731800826.1103847;/app/bags/user95_2017-02-24.bag;0.834065854549408;0.0;0.9619645476341248;0.0;0.7960547501412467;0.9444047902630928;0.055595209736907236
1731800826.3104203;/app/bags/user95_2017-02-24.bag;0.834065854549408;0.0;0.9619645476341248;0.0;0.7960547501412467;0.9444047902630928;0.055595209736907236
1731800826.5104077;/app/bags/user95_2017-02-24.bag;0.834065854549408;0.0;0.9619645476341248;0.0;0.7960547501412467;0.9444047902630928;0.055595209736907236
1731800826.7103791;/app/bags/user95_2017-02-24.bag;0.834065854549408;0.0;0.9619645476341248;0.0;0.7960547501412467;0.9444047902630928;0.055595209736907236
1731800826.9103878;/app/bags/user95_2017-02-24.bag;0.834065854549408;0.0;0.9619645476341248;0.0;0.7960547501412467;0.9444047902630928;0.055595209736907236
1731800827.1105163;/app/bags/user95_2017-02-24.bag;0.834065854549408;0.0;0.9619645476341248;0.0;0.7960547501412467;0.9444047902630928;0.055595209736907236
1731800827.3104007;/app/bags/user95_2017-02-24.bag;0.834065854549408;0.0;0.9619645476341248;0.0;0.7960547501412467;0.9444047902630928;0.055595209736907236
1731800827.5104403;/app/bags/user95_2017-02-24.bag;0.834065854549408;0.0;0.9619645476341248;0.0;0.7960547501412467;0.9444047902630928;0.055595209736907236
1731800827.7104058;/app/bags/user95_2017-02-24.bag;0.834065854549408;0.0;0.9619645476341248;0.0;0.7960547501412467;0.9444047902630928;0.055595209736907236
1731800827.9104092;/app/bags/user95_2017-02-24.bag;0.834065854549408;0.0;0.9619645476341248;0.0;0.7960547501412467;0.9444047902630928;0.055595209736907236
1731800828.1104128;/app/bags/user95_2017-02-24.bag;0.834065854549408;0.0;0.9619645476341248;0.0;0.7960547501412467;0.9444047902630928;0.055595209736907236
1731800828.3103867;/app/bags/user95_2017-02-24.bag;0.834065854549408;0.0;0.9619645476341248;0.0;0.7960547501412467;0.9444047902630928;0.055595209736907236
1731800828.510358;/app/bags/user95_2017-02-24.bag;0.834065854549408;0.0;0.9619645476341248;0.0;0.7960547501412467;0.9444047902630928;0.055595209736907236
1731800828.7103975;/app/bags/user95_2017-02-24.bag;0.834065854549408;0.0;0.9619645476341248;0.0;0.7960547501412467;0.9444047902630928;0.055595209736907236
1731800828.9104142;/app/bags/user95_2017-02-24.bag;0.834065854549408;0.0;0.9619645476341248;0.0;0.7960547501412467;0.9444047902630928;0.055595209736907236
1731800829.1102707;/app/bags/user95_2017-02-24.bag;0.834065854549408;0.0;0.9619645476341248;0.0;0.7960547501412467;0.9444047902630928;0.055595209736907236
1731800829.310409;/app/bags/user95_2017-02-24.bag;0.834065854549408;0.0;0.9619645476341248;0.0;0.7960547501412467;0.9444047902630928;0.055595209736907236
1731800829.5106616;/app/bags/user95_2017-02-24.bag;0.834065854549408;0.0;0.9619645476341248;0.0;0.7960547501412467;0.9444047902630928;0.055595209736907236
1731800829.7104218;/app/bags/user95_2017-02-24.bag;0.834065854549408;0.0;0.9619645476341248;0.0;0.7960547501412467;0.9444047902630928;0.055595209736907236
1731800829.9104242;/app/bags/user95_2017-02-24.bag;0.834065854549408;0.0;0.9619645476341248;0.0;0.7960547501412467;0.9444047902630928;0.055595209736907236
1731800830.1103706;/app/bags/user95_2017-02-24.bag;0.834065854549408;0.0;0.9619645476341248;0.0;0.7960547501412467;0.9444047902630928;0.055595209736907236
1731800830.3103821;/app/bags/user95_2017-02-24.bag;0.834065854549408;0.0;0.9619645476341248;0.0;0.7960547501412467;0.9444047902630928;0.055595209736907236
1731800830.510396;/app/bags/user95_2017-02-24.bag;0.834065854549408;0.0;0.9619645476341248;0.0;0.7960547501412467;0.9444047902630928;0.055595209736907236
1731800830.7103493;/app/bags/user95_2017-02-24.bag;0.834065854549408;0.0;0.9619645476341248;0.0;0.7960547501412467;0.9444047902630928;0.055595209736907236
1731800830.9104042;/app/bags/user95_2017-02-24.bag;0.834065854549408;0.0;0.9619645476341248;0.0;0.7960547501412467;0.9444047902630928;0.055595209736907236
1731800831.1103742;/app/bags/user95_2017-02-24.bag;0.834065854549408;0.0;0.9619645476341248;0.0;0.7960547501412467;0.9444047902630928;0.055595209736907236
1731800831.3103929;/app/bags/user95_2017-02-24.bag;0.834065854549408;0.0;0.9619645476341248;0.0;0.7960547501412467;0.9444047902630928;0.055595209736907236
1731800831.5103536;/app/bags/user95_2017-02-24.bag;0.834065854549408;0.0;0.9619645476341248;0.0;0.7960547501412467;0.9444047902630928;0.055595209736907236
1731800831.7103572;/app/bags/user95_2017-02-24.bag;0.834065854549408;0.0;0.9619645476341248;0.0;0.7960547501412467;0.9444047902630928;0.055595209736907236
1731800831.9104028;/app/bags/user95_2017-02-24.bag;0.834065854549408;0.0;0.9619645476341248;0.0;0.7960547501412467;0.9444047902630928;0.055595209736907236
1731800832.110426;/app/bags/user95_2017-02-24.bag;0.834065854549408;0.0;0.9619645476341248;0.0;0.7960547501412467;0.9444047902630928;0.055595209736907236
1731800832.3103783;/app/bags/user95_2017-02-24.bag;0.834065854549408;0.0;0.9619645476341248;0.0;0.7960547501412467;0.9444047902630928;0.055595209736907236
1731800832.5105;/app/bags/user95_2017-02-24.bag;0.834065854549408;0.0;0.9619645476341248;0.0;0.7960547501412467;0.9444047902630928;0.055595209736907236
1731800832.710391;/app/bags/user95_2017-02-24.bag;0.834065854549408;0.0;0.9619645476341248;0.0;0.7960547501412467;0.9444047902630928;0.055595209736907236
1731800832.9104;/app/bags/user95_2017-02-24.bag;0.834065854549408;0.0;0.9619645476341248;0.0;0.7960547501412467;0.9444047902630928;0.055595209736907236
1731800833.1103718;/app/bags/user95_2017-02-24.bag;0.834065854549408;0.0;0.9619645476341248;0.0;0.7960547501412467;0.9444047902630928;0.055595209736907236
1731800833.3104005;/app/bags/user95_2017-02-24.bag;0.834065854549408;0.0;0.9619645476341248;0.0;0.7960547501412467;0.9444047902630928;0.055595209736907236
1731800833.5104148;/app/bags/user95_2017-02-24.bag;0.834065854549408;0.0;0.9619645476341248;0.0;0.7960547501412467;0.9444047902630928;0.055595209736907236
1731800833.7104013;/app/bags/user95_2017-02-24.bag;0.834065854549408;0.0;0.9619645476341248;0.0;0.7960547501412467;0.9444047902630928;0.055595209736907236
1731800833.9104028;/app/bags/user95_2017-02-24.bag;0.834065854549408;0.0;0.9619645476341248;0.0;0.7960547501412467;0.9444047902630928;0.055595209736907236
1731800834.1103652;/app/bags/user95_2017-02-24.bag;0.834065854549408;0.0;0.9619645476341248;0.0;0.7960547501412467;0.9444047902630928;0.055595209736907236
1731800834.3103607;/app/bags/user95_2017-02-24.bag;0.834065854549408;0.0;0.9619645476341248;0.0;0.7960547501412467;0.9444047902630928;0.055595209736907236
1731800834.5104246;/app/bags/user95_2017-02-24.bag;0.834065854549408;0.0;0.9619645476341248;0.0;0.7960547501412467;0.9444047902630928;0.055595209736907236
1731800834.7103908;/app/bags/user95_2017-02-24.bag;0.834065854549408;0.0;0.9619645476341248;0.0;0.7960547501412467;0.9444047902630928;0.055595209736907236
1731800834.910386;/app/bags/user95_2017-02-24.bag;0.834065854549408;0.0;0.9619645476341248;0.0;0.7960547501412467;0.9444047902630928;0.055595209736907236
1731800835.1104033;/app/bags/user95_2017-02-24.bag;0.834065854549408;0.0;0.9619645476341248;0.0;0.7960547501412467;0.9444047902630928;0.055595209736907236
1731800835.3104033;/app/bags/user95_2017-02-24.bag;0.834065854549408;0.0;0.9619645476341248;0.0;0.7960547501412467;0.9444047902630928;0.055595209736907236
1731800835.5103843;/app/bags/user95_2017-02-24.bag;0.834065854549408;0.0;0.9619645476341248;0.0;0.7960547501412467;0.9444047902630928;0.055595209736907236
1731800835.7104433;/app/bags/user95_2017-02-24.bag;0.834065854549408;0.0;0.9619645476341248;0.0;0.7960547501412467;0.9444047902630928;0.055595209736907236
1731800835.910435;/app/bags/user95_2017-02-24.bag;0.834065854549408;0.0;0.9619645476341248;0.0;0.7960547501412467;0.9444047902630928;0.055595209736907236
1731800836.1104305;/app/bags/user95_2017-02-24.bag;0.834065854549408;0.0;0.9619645476341248;0.0;0.7960547501412467;0.9444047902630928;0.055595209736907236
1731800836.3104188;/app/bags/user95_2017-02-24.bag;0.834065854549408;0.0;0.9619645476341248;0.0;0.7960547501412467;0.9444047902630928;0.055595209736907236
1731800836.5103917;/app/bags/user95_2017-02-24.bag;0.834065854549408;0.0;0.9619645476341248;0.0;0.7960547501412467;0.9444047902630928;0.055595209736907236
1731800836.7104836;/app/bags/user95_2017-02-24.bag;0.834065854549408;0.0;0.9619645476341248;0.0;0.7960547501412467;0.9444047902630928;0.055595209736907236
1731800836.9104066;/app/bags/user95_2017-02-24.bag;0.834065854549408;0.0;0.9619645476341248;0.0;0.7960547501412467;0.9444047902630928;0.055595209736907236
1731800837.110409;/app/bags/user95_2017-02-24.bag;0.834065854549408;0.0;0.9619645476341248;0.0;0.7960547501412467;0.9444047902630928;0.055595209736907236
1731800837.3103964;/app/bags/user95_2017-02-24.bag;0.834065854549408;0.0;0.9619645476341248;0.0;0.7960547501412467;0.9444047902630928;0.055595209736907236
1731800837.5103905;/app/bags/user95_2017-02-24.bag;0.834065854549408;0.0;0.9619645476341248;0.0;0.7960547501412467;0.9444047902630928;0.055595209736907236
1731800837.7104697;/app/bags/user95_2017-02-24.bag;0.834065854549408;0.0;0.9619645476341248;0.0;0.7960547501412467;0.9444047902630928;0.055595209736907236
1731800837.9104478;/app/bags/user95_2017-02-24.bag;0.834065854549408;0.0;0.9619645476341248;0.0;0.7960547501412467;0.9444047902630928;0.055595209736907236
1731800838.1105738;/app/bags/user95_2017-02-24.bag;0.834065854549408;0.0;0.9619645476341248;0.0;0.7960547501412467;0.9444047902630928;0.055595209736907236
1731800838.3103783;/app/bags/user95_2017-02-24.bag;0.834065854549408;0.0;0.9619645476341248;0.0;0.7960547501412467;0.9444047902630928;0.055595209736907236
1731800838.5104094;/app/bags/user95_2017-02-24.bag;0.834065854549408;0.0;0.9619645476341248;0.0;0.7960547501412467;0.9444047902630928;0.055595209736907236
1731800838.7105227;/app/bags/user95_2017-02-24.bag;0.834065854549408;0.0;0.9619645476341248;0.0;0.7960547501412467;0.9444047902630928;0.055595209736907236
1731800838.9104044;/app/bags/user95_2017-02-24.bag;0.834065854549408;0.0;0.9619645476341248;0.0;0.7960547501412467;0.9444047902630928;0.055595209736907236
1731800839.110417;/app/bags/user95_2017-02-24.bag;0.834065854549408;0.0;0.9619645476341248;0.0;0.7960547501412467;0.9444047902630928;0.055595209736907236
1731800839.3103976;/app/bags/user95_2017-02-24.bag;0.834065854549408;0.0;0.9619645476341248;0.0;0.7960547501412467;0.9444047902630928;0.055595209736907236
1731800839.5104592;/app/bags/user95_2017-02-24.bag;0.834065854549408;0.0;0.9619645476341248;0.0;0.7960547501412467;0.9444047902630928;0.055595209736907236
1731800839.710358;/app/bags/user95_2017-02-24.bag;0.834065854549408;0.0;0.9619645476341248;0.0;0.7960547501412467;0.9444047902630928;0.055595209736907236
1731800839.910348;/app/bags/user95_2017-02-24.bag;0.834065854549408;0.0;0.9619645476341248;0.0;0.7960547501412467;0.9444047902630928;0.055595209736907236
1731800840.1103878;/app/bags/user95_2017-02-24.bag;0.834065854549408;0.0;0.9619645476341248;0.0;0.7960547501412467;0.9444047902630928;0.055595209736907236
1731800840.3104026;/app/bags/user95_2017-02-24.bag;0.834065854549408;0.0;0.9619645476341248;0.0;0.7960547501412467;0.9444047902630928;0.055595209736907236
1731800840.510417;/app/bags/user95_2017-02-24.bag;0.834065854549408;0.0;0.9619645476341248;0.0;0.7960547501412467;0.9444047902630928;0.055595209736907236
1731800840.7104502;/app/bags/user95_2017-02-24.bag;0.834065854549408;0.0;0.9619645476341248;0.0;0.7960547501412467;0.9444047902630928;0.055595209736907236
1731800840.9104853;/app/bags/user95_2017-02-24.bag;0.834065854549408;0.0;0.9619645476341248;0.0;0.7960547501412467;0.9444047902630928;0.055595209736907236
1731800841.1103814;/app/bags/user95_2017-02-24.bag;0.834065854549408;0.0;0.9619645476341248;0.0;0.7960547501412467;0.9444047902630928;0.055595209736907236
1731800841.310614;/app/bags/user95_2017-02-24.bag;0.834065854549408;0.0;0.9619645476341248;0.0;0.7960547501412467;0.9444047902630928;0.055595209736907236
1731800841.5103567;/app/bags/user95_2017-02-24.bag;0.834065854549408;0.0;0.9619645476341248;0.0;0.7960547501412467;0.9444047902630928;0.055595209736907236
1731800841.7104003;/app/bags/user95_2017-02-24.bag;0.834065854549408;0.0;0.9619645476341248;0.0;0.7960547501412467;0.9444047902630928;0.055595209736907236
1731800841.9103656;/app/bags/user95_2017-02-24.bag;0.834065854549408;0.0;0.9619645476341248;0.0;0.7960547501412467;0.9444047902630928;0.055595209736907236
1731800842.1105893;/app/bags/user95_2017-02-24.bag;0.834065854549408;0.0;0.9619645476341248;0.0;0.7960547501412467;0.9444047902630928;0.055595209736907236
1731800842.310382;/app/bags/user95_2017-02-24.bag;0.834065854549408;0.0;0.9619645476341248;0.0;0.7960547501412467;0.9444047902630928;0.055595209736907236
1731800842.5103757;/app/bags/user95_2017-02-24.bag;0.834065854549408;0.0;0.9619645476341248;0.0;0.7960547501412467;0.9444047902630928;0.055595209736907236
1731800842.7103922;/app/bags/user95_2017-02-24.bag;0.834065854549408;0.0;0.9619645476341248;0.0;0.7960547501412467;0.9444047902630928;0.055595209736907236
1731800842.9104497;/app/bags/user95_2017-02-24.bag;0.834065854549408;0.0;0.9619645476341248;0.0;0.7960547501412467;0.9444047902630928;0.055595209736907236
1731800843.110407;/app/bags/user95_2017-02-24.bag;0.834065854549408;0.0;0.9619645476341248;0.0;0.7960547501412467;0.9444047902630928;0.055595209736907236
1731800843.3103757;/app/bags/user95_2017-02-24.bag;0.834065854549408;0.0;0.9619645476341248;0.0;0.7960547501412467;0.9444047902630928;0.055595209736907236
1731800843.5104167;/app/bags/user95_2017-02-24.bag;0.834065854549408;0.0;0.9619645476341248;0.0;0.7960547501412467;0.9444047902630928;0.055595209736907236
1731800843.7103994;/app/bags/user95_2017-02-24.bag;0.834065854549408;0.0;0.9619645476341248;0.0;0.7960547501412467;0.9444047902630928;0.055595209736907236
1731800843.9103816;/app/bags/user95_2017-02-24.bag;0.834065854549408;0.0;0.9619645476341248;0.0;0.7960547501412467;0.9444047902630928;0.055595209736907236
1731800844.110446;/app/bags/user95_2017-02-24.bag;0.834065854549408;0.0;0.9619645476341248;0.0;0.7960547501412467;0.9444047902630928;0.055595209736907236
1731800844.3104942;/app/bags/user95_2017-02-24.bag;0.834065854549408;0.0;0.9619645476341248;0.0;0.7960547501412467;0.9444047902630928;0.055595209736907236
1731800844.5104263;/app/bags/user95_2017-02-24.bag;0.834065854549408;0.0;0.9619645476341248;0.0;0.7960547501412467;0.9444047902630928;0.055595209736907236
1731800844.7104108;/app/bags/user95_2017-02-24.bag;0.834065854549408;0.0;0.9619645476341248;0.0;0.7960547501412467;0.9444047902630928;0.055595209736907236
1731800844.9103625;/app/bags/user95_2017-02-24.bag;0.834065854549408;0.0;0.9619645476341248;0.0;0.7960547501412467;0.9444047902630928;0.055595209736907236
1731800845.1104796;/app/bags/user95_2017-02-24.bag;0.834065854549408;0.0;0.9619645476341248;0.0;0.7960547501412467;0.9444047902630928;0.055595209736907236
1731800845.3104248;/app/bags/user95_2017-02-24.bag;0.834065854549408;0.0;0.9619645476341248;0.0;0.7960547501412467;0.9444047902630928;0.055595209736907236
1731800845.5103927;/app/bags/user95_2017-02-24.bag;0.834065854549408;0.0;0.9619645476341248;0.0;0.7960547501412467;0.9444047902630928;0.055595209736907236
1731800845.710416;/app/bags/user95_2017-02-24.bag;0.834065854549408;0.0;0.9619645476341248;0.0;0.7960547501412467;0.9444047902630928;0.055595209736907236
1731800845.9103775;/app/bags/user95_2017-02-24.bag;0.834065854549408;0.0;0.9619645476341248;0.0;0.7960547501412467;0.9444047902630928;0.055595209736907236
1731800846.110361;/app/bags/user95_2017-02-24.bag;0.834065854549408;0.0;0.9619645476341248;0.0;0.7960547501412467;0.9444047902630928;0.055595209736907236
1731800846.3103762;/app/bags/user95_2017-02-24.bag;0.834065854549408;0.0;0.9619645476341248;0.0;0.7960547501412467;0.9444047902630928;0.055595209736907236
1731800846.5103834;/app/bags/user95_2017-02-24.bag;0.834065854549408;0.0;0.9619645476341248;0.0;0.7960547501412467;0.9444047902630928;0.055595209736907236
1731800846.7103634;/app/bags/user95_2017-02-24.bag;0.834065854549408;0.0;0.9619645476341248;0.0;0.7960547501412467;0.9444047902630928;0.055595209736907236
1731800846.910367;/app/bags/user95_2017-02-24.bag;0.834065854549408;0.0;0.9619645476341248;0.0;0.7960547501412467;0.9444047902630928;0.055595209736907236
1731800847.1104019;/app/bags/user95_2017-02-24.bag;0.834065854549408;0.0;0.9619645476341248;0.0;0.7960547501412467;0.9444047902630928;0.055595209736907236
1731800847.31039;/app/bags/user95_2017-02-24.bag;0.834065854549408;0.0;0.9619645476341248;0.0;0.7960547501412467;0.9444047902630928;0.055595209736907236
1731800847.5103848;/app/bags/user95_2017-02-24.bag;0.834065854549408;0.0;0.9619645476341248;0.0;0.7960547501412467;0.9444047902630928;0.055595209736907236
1731800847.7104192;/app/bags/user95_2017-02-24.bag;0.834065854549408;0.0;0.9619645476341248;0.0;0.7960547501412467;0.9444047902630928;0.055595209736907236
1731800847.910433;/app/bags/user95_2017-02-24.bag;0.834065854549408;0.0;0.9619645476341248;0.0;0.7960547501412467;0.9444047902630928;0.055595209736907236
1731800848.1104224;/app/bags/user95_2017-02-24.bag;0.834065854549408;0.0;0.9619645476341248;0.0;0.7960547501412467;0.9444047902630928;0.055595209736907236
1731800848.310356;/app/bags/user95_2017-02-24.bag;0.834065854549408;0.0;0.9619645476341248;0.0;0.7960547501412467;0.9444047902630928;0.055595209736907236
1731800848.5104036;/app/bags/user95_2017-02-24.bag;0.834065854549408;0.0;0.9619645476341248;0.0;0.7960547501412467;0.9444047902630928;0.055595209736907236
1731800848.7105584;/app/bags/user95_2017-02-24.bag;0.834065854549408;0.0;0.9619645476341248;0.0;0.7960547501412467;0.9444047902630928;0.055595209736907236
1731800848.9104064;/app/bags/user95_2017-02-24.bag;0.834065854549408;0.0;0.9619645476341248;0.0;0.7960547501412467;0.9444047902630928;0.055595209736907236
1731800849.1104167;/app/bags/user95_2017-02-24.bag;0.834065854549408;0.0;0.9619645476341248;0.0;0.7960547501412467;0.9444047902630928;0.055595209736907236
1731800849.3103848;/app/bags/user95_2017-02-24.bag;0.834065854549408;0.0;0.9619645476341248;0.0;0.7960547501412467;0.9444047902630928;0.055595209736907236
1731800849.5103912;/app/bags/user95_2017-02-24.bag;0.834065854549408;0.0;0.9619645476341248;0.0;0.7960547501412467;0.9444047902630928;0.055595209736907236
1731800849.7103782;/app/bags/user95_2017-02-24.bag;0.834065854549408;0.0;0.9619645476341248;0.0;0.7960547501412467;0.9444047902630928;0.055595209736907236
1731800849.9104452;/app/bags/user95_2017-02-24.bag;0.834065854549408;0.0;0.9619645476341248;0.0;0.7960547501412467;0.9444047902630928;0.055595209736907236
1731800850.1104093;/app/bags/user95_2017-02-24.bag;0.834065854549408;0.0;0.9619645476341248;0.0;0.7960547501412467;0.9444047902630928;0.055595209736907236
1731800850.3103747;/app/bags/user95_2017-02-24.bag;0.834065854549408;0.0;0.9619645476341248;0.0;0.7960547501412467;0.9444047902630928;0.055595209736907236
1731800850.5103855;/app/bags/user95_2017-02-24.bag;0.834065854549408;0.0;0.9619645476341248;0.0;0.7960547501412467;0.9444047902630928;0.055595209736907236
1731800850.7104497;/app/bags/user95_2017-02-24.bag;0.834065854549408;0.0;0.9619645476341248;0.0;0.7960547501412467;0.9444047902630928;0.055595209736907236
1731800850.910466;/app/bags/user95_2017-02-24.bag;0.834065854549408;0.0;0.9619645476341248;0.0;0.7960547501412467;0.9444047902630928;0.055595209736907236
1731800851.1104155;/app/bags/user95_2017-02-24.bag;0.834065854549408;0.0;0.9619645476341248;0.0;0.7960547501412467;0.9444047902630928;0.055595209736907236
1731800851.3103654;/app/bags/user95_2017-02-24.bag;0.834065854549408;0.0;0.9619645476341248;0.0;0.7960547501412467;0.9444047902630928;0.055595209736907236
1731800851.5104105;/app/bags/user95_2017-02-24.bag;0.834065854549408;0.0;0.9619645476341248;0.0;0.7960547501412467;0.9444047902630928;0.055595209736907236
1731800851.7103727;/app/bags/user95_2017-02-24.bag;0.834065854549408;0.0;0.9619645476341248;0.0;0.7960547501412467;0.9444047902630928;0.055595209736907236
1731800851.9103978;/app/bags/user95_2017-02-24.bag;0.834065854549408;0.0;0.9619645476341248;0.0;0.7960547501412467;0.9444047902630928;0.055595209736907236
1731800852.110442;/app/bags/user95_2017-02-24.bag;0.834065854549408;0.0;0.9619645476341248;0.0;0.7960547501412467;0.9444047902630928;0.055595209736907236
1731800852.3104825;/app/bags/user95_2017-02-24.bag;0.834065854549408;0.0;0.9619645476341248;0.0;0.7960547501412467;0.9444047902630928;0.055595209736907236
1731800852.5103793;/app/bags/user95_2017-02-24.bag;0.834065854549408;0.0;0.9619645476341248;0.0;0.7960547501412467;0.9444047902630928;0.055595209736907236
1731800852.7103693;/app/bags/user95_2017-02-24.bag;0.834065854549408;0.0;0.9619645476341248;0.0;0.7960547501412467;0.9444047902630928;0.055595209736907236
1731800852.9104116;/app/bags/user95_2017-02-24.bag;0.834065854549408;0.0;0.9619645476341248;0.0;0.7960547501412467;0.9444047902630928;0.055595209736907236
1731800853.1105084;/app/bags/user95_2017-02-24.bag;0.834065854549408;0.0;0.9619645476341248;0.0;0.7960547501412467;0.9444047902630928;0.055595209736907236
1731800853.310399;/app/bags/user95_2017-02-24.bag;0.834065854549408;0.0;0.9619645476341248;0.0;0.7960547501412467;0.9444047902630928;0.055595209736907236
1731800853.5103786;/app/bags/user95_2017-02-24.bag;0.834065854549408;0.0;0.9619645476341248;0.0;0.7960547501412467;0.9444047902630928;0.055595209736907236
1731800853.7103767;/app/bags/user95_2017-02-24.bag;0.834065854549408;0.0;0.9619645476341248;0.0;0.7960547501412467;0.9444047902630928;0.055595209736907236
1731800853.9104211;/app/bags/user95_2017-02-24.bag;0.834065854549408;0.0;0.9619645476341248;0.0;0.7960547501412467;0.9444047902630928;0.055595209736907236
1731800854.1104147;/app/bags/user95_2017-02-24.bag;0.834065854549408;0.0;0.9619645476341248;0.0;0.7960547501412467;0.9444047902630928;0.055595209736907236
1731800854.3103864;/app/bags/user95_2017-02-24.bag;0.834065854549408;0.0;0.9619645476341248;0.0;0.7960547501412467;0.9444047902630928;0.055595209736907236
1731800854.5104039;/app/bags/user95_2017-02-24.bag;0.834065854549408;0.0;0.9619645476341248;0.0;0.7960547501412467;0.9444047902630928;0.055595209736907236
1731800854.7103455;/app/bags/user95_2017-02-24.bag;0.834065854549408;0.0;0.9619645476341248;0.0;0.7960547501412467;0.9444047902630928;0.055595209736907236
1731800854.9103785;/app/bags/user95_2017-02-24.bag;0.834065854549408;0.0;0.9619645476341248;0.0;0.7960547501412467;0.9444047902630928;0.055595209736907236
1731800855.1104422;/app/bags/user95_2017-02-24.bag;0.834065854549408;0.0;0.9619645476341248;0.0;0.7960547501412467;0.9444047902630928;0.055595209736907236
1731800855.3104222;/app/bags/user95_2017-02-24.bag;0.834065854549408;0.0;0.9619645476341248;0.0;0.7960547501412467;0.9444047902630928;0.055595209736907236
1731800855.5103664;/app/bags/user95_2017-02-24.bag;0.834065854549408;0.0;0.9619645476341248;0.0;0.7960547501412467;0.9444047902630928;0.055595209736907236
1731800855.7104514;/app/bags/user95_2017-02-24.bag;0.834065854549408;0.0;0.9619645476341248;0.0;0.7960547501412467;0.9444047902630928;0.055595209736907236
1731800855.9104662;/app/bags/user95_2017-02-24.bag;0.834065854549408;0.0;0.9619645476341248;0.0;0.7960547501412467;0.9444047902630928;0.055595209736907236
1731800856.1104279;/app/bags/user95_2017-02-24.bag;0.834065854549408;0.0;0.9619645476341248;0.0;0.7960547501412467;0.9444047902630928;0.055595209736907236
1731800856.3104212;/app/bags/user95_2017-02-24.bag;0.834065854549408;0.0;0.9619645476341248;0.0;0.7960547501412467;0.9444047902630928;0.055595209736907236
1731800856.5104046;/app/bags/user95_2017-02-24.bag;0.834065854549408;0.0;0.9619645476341248;0.0;0.7960547501412467;0.9444047902630928;0.055595209736907236
1731800856.7104514;/app/bags/user95_2017-02-24.bag;0.834065854549408;0.0;0.9619645476341248;0.0;0.7960547501412467;0.9444047902630928;0.055595209736907236
1731800856.9106755;/app/bags/user95_2017-02-24.bag;0.834065854549408;0.0;0.9619645476341248;0.0;0.7960547501412467;0.9444047902630928;0.055595209736907236
1731800857.1104367;/app/bags/user95_2017-02-24.bag;0.834065854549408;0.0;0.9619645476341248;0.0;0.7960547501412467;0.9444047902630928;0.055595209736907236
1731800857.3103964;/app/bags/user95_2017-02-24.bag;0.834065854549408;0.0;0.9619645476341248;0.0;0.7960547501412467;0.9444047902630928;0.055595209736907236
1731800857.510388;/app/bags/user95_2017-02-24.bag;0.834065854549408;0.0;0.9619645476341248;0.0;0.7960547501412467;0.9444047902630928;0.055595209736907236
1731800857.710352;/app/bags/user95_2017-02-24.bag;0.834065854549408;0.0;0.9619645476341248;0.0;0.7960547501412467;0.9444047902630928;0.055595209736907236
1731800857.9104657;/app/bags/user95_2017-02-24.bag;0.834065854549408;0.0;0.9619645476341248;0.0;0.7960547501412467;0.9444047902630928;0.055595209736907236
1731800858.1103573;/app/bags/user95_2017-02-24.bag;0.834065854549408;0.0;0.9619645476341248;0.0;0.7960547501412467;0.9444047902630928;0.055595209736907236
1731800858.3104463;/app/bags/user95_2017-02-24.bag;0.834065854549408;0.0;0.9619645476341248;0.0;0.7960547501412467;0.9444047902630928;0.055595209736907236
1731800858.5104945;/app/bags/user95_2017-02-24.bag;0.834065854549408;0.0;0.9619645476341248;0.0;0.7960547501412467;0.9444047902630928;0.055595209736907236
1731800858.7104084;/app/bags/user95_2017-02-24.bag;0.834065854549408;0.0;0.9619645476341248;0.0;0.7960547501412467;0.9444047902630928;0.055595209736907236
1731800858.9104085;/app/bags/user95_2017-02-24.bag;0.834065854549408;0.0;0.9619645476341248;0.0;0.7960547501412467;0.9444047902630928;0.055595209736907236
1731800859.110387;/app/bags/user95_2017-02-24.bag;0.834065854549408;0.0;0.9619645476341248;0.0;0.7960547501412467;0.9444047902630928;0.055595209736907236
1731800859.3104165;/app/bags/user95_2017-02-24.bag;0.834065854549408;0.0;0.9619645476341248;0.0;0.7960547501412467;0.9444047902630928;0.055595209736907236
1731800859.5104613;/app/bags/user95_2017-02-24.bag;0.834065854549408;0.0;0.9619645476341248;0.0;0.7960547501412467;0.9444047902630928;0.055595209736907236
1731800859.710373;/app/bags/user95_2017-02-24.bag;0.834065854549408;0.0;0.9619645476341248;0.0;0.7960547501412467;0.9444047902630928;0.055595209736907236
1731800859.9104156;/app/bags/user95_2017-02-24.bag;0.834065854549408;0.0;0.9619645476341248;0.0;0.7960547501412467;0.9444047902630928;0.055595209736907236
1731800860.1103773;/app/bags/user95_2017-02-24.bag;0.834065854549408;0.0;0.9619645476341248;0.0;0.7960547501412467;0.9444047902630928;0.055595209736907236
1731800860.310372;/app/bags/user95_2017-02-24.bag;0.834065854549408;0.0;0.9619645476341248;0.0;0.7960547501412467;0.9444047902630928;0.055595209736907236
1731800860.510419;/app/bags/user95_2017-02-24.bag;0.834065854549408;0.0;0.9619645476341248;0.0;0.7960547501412467;0.9444047902630928;0.055595209736907236
1731800860.710484;/app/bags/user95_2017-02-24.bag;0.834065854549408;0.0;0.9619645476341248;0.0;0.7960547501412467;0.9444047902630928;0.055595209736907236
1731800860.9104037;/app/bags/user95_2017-02-24.bag;0.834065854549408;0.0;0.9619645476341248;0.0;0.7960547501412467;0.9444047902630928;0.055595209736907236
1731800861.1103728;/app/bags/user95_2017-02-24.bag;0.834065854549408;0.0;0.9619645476341248;0.0;0.7960547501412467;0.9444047902630928;0.055595209736907236
1731800861.310383;/app/bags/user95_2017-02-24.bag;0.834065854549408;0.0;0.9619645476341248;0.0;0.7960547501412467;0.9444047902630928;0.055595209736907236
1731800861.5104282;/app/bags/user95_2017-02-24.bag;0.834065854549408;0.0;0.9619645476341248;0.0;0.7960547501412467;0.9444047902630928;0.055595209736907236
1731800861.7104218;/app/bags/user95_2017-02-24.bag;0.834065854549408;0.0;0.9619645476341248;0.0;0.7960547501412467;0.9444047902630928;0.055595209736907236
1731800861.9103737;/app/bags/user95_2017-02-24.bag;0.834065854549408;0.0;0.9619645476341248;0.0;0.7960547501412467;0.9444047902630928;0.055595209736907236
1731800862.110394;/app/bags/user95_2017-02-24.bag;0.834065854549408;0.0;0.9619645476341248;0.0;0.7960547501412467;0.9444047902630928;0.055595209736907236
1731800862.310396;/app/bags/user95_2017-02-24.bag;0.834065854549408;0.0;0.9619645476341248;0.0;0.7960547501412467;0.9444047902630928;0.055595209736907236
1731800862.5103836;/app/bags/user95_2017-02-24.bag;0.834065854549408;0.0;0.9619645476341248;0.0;0.7960547501412467;0.9444047902630928;0.055595209736907236
1731800862.710408;/app/bags/user95_2017-02-24.bag;0.834065854549408;0.0;0.9619645476341248;0.0;0.7960547501412467;0.9444047902630928;0.055595209736907236
1731800862.910431;/app/bags/user95_2017-02-24.bag;0.834065854549408;0.0;0.9619645476341248;0.0;0.7960547501412467;0.9444047902630928;0.055595209736907236
1731800863.1104622;/app/bags/user95_2017-02-24.bag;0.834065854549408;0.0;0.9619645476341248;0.0;0.7960547501412467;0.9444047902630928;0.055595209736907236
1731800863.3104408;/app/bags/user95_2017-02-24.bag;0.834065854549408;0.0;0.9619645476341248;0.0;0.7960547501412467;0.9444047902630928;0.055595209736907236
1731800863.5103948;/app/bags/user95_2017-02-24.bag;0.834065854549408;0.0;0.9619645476341248;0.0;0.7960547501412467;0.9444047902630928;0.055595209736907236
1731800863.7104316;/app/bags/user95_2017-02-24.bag;0.834065854549408;0.0;0.9619645476341248;0.0;0.7960547501412467;0.9444047902630928;0.055595209736907236
1731800863.9104393;/app/bags/user95_2017-02-24.bag;0.834065854549408;0.0;0.9619645476341248;0.0;0.7960547501412467;0.9444047902630928;0.055595209736907236
1731800864.1103811;/app/bags/user95_2017-02-24.bag;0.834065854549408;0.0;0.9619645476341248;0.0;0.7960547501412467;0.9444047902630928;0.055595209736907236
1731800864.310403;/app/bags/user95_2017-02-24.bag;0.834065854549408;0.0;0.9619645476341248;0.0;0.7960547501412467;0.9444047902630928;0.055595209736907236
1731800864.5103838;/app/bags/user95_2017-02-24.bag;0.834065854549408;0.0;0.9619645476341248;0.0;0.7960547501412467;0.9444047902630928;0.055595209736907236
1731800864.710359;/app/bags/user95_2017-02-24.bag;0.834065854549408;0.0;0.9619645476341248;0.0;0.7960547501412467;0.9444047902630928;0.055595209736907236
1731800864.9104593;/app/bags/user95_2017-02-24.bag;0.834065854549408;0.0;0.9619645476341248;0.0;0.7960547501412467;0.9444047902630928;0.055595209736907236
1731800865.1105917;/app/bags/user95_2017-02-24.bag;0.834065854549408;0.0;0.9619645476341248;0.0;0.7960547501412467;0.9444047902630928;0.055595209736907236
1731800865.3103988;/app/bags/user95_2017-02-24.bag;0.834065854549408;0.0;0.9619645476341248;0.0;0.7960547501412467;0.9444047902630928;0.055595209736907236
1731800865.5104032;/app/bags/user95_2017-02-24.bag;0.834065854549408;0.0;0.9619645476341248;0.0;0.7960547501412467;0.9444047902630928;0.055595209736907236
1731800865.7104075;/app/bags/user95_2017-02-24.bag;0.834065854549408;0.0;0.9619645476341248;0.0;0.7960547501412467;0.9444047902630928;0.055595209736907236
1731800865.9103715;/app/bags/user95_2017-02-24.bag;0.834065854549408;0.0;0.9619645476341248;0.0;0.7960547501412467;0.9444047902630928;0.055595209736907236
1731800866.1103613;/app/bags/user95_2017-02-24.bag;0.834065854549408;0.0;0.9619645476341248;0.0;0.7960547501412467;0.9444047902630928;0.055595209736907236
1731800866.3103623;/app/bags/user95_2017-02-24.bag;0.834065854549408;0.0;0.9619645476341248;0.0;0.7960547501412467;0.9444047902630928;0.055595209736907236
1731800866.5103695;/app/bags/user95_2017-02-24.bag;0.834065854549408;0.0;0.9619645476341248;0.0;0.7960547501412467;0.9444047902630928;0.055595209736907236
1731800866.7103846;/app/bags/user95_2017-02-24.bag;0.834065854549408;0.0;0.9619645476341248;0.0;0.7960547501412467;0.9444047902630928;0.055595209736907236
1731800866.9103785;/app/bags/user95_2017-02-24.bag;0.834065854549408;0.0;0.9619645476341248;0.0;0.7960547501412467;0.9444047902630928;0.055595209736907236
1731800867.1104364;/app/bags/user95_2017-02-24.bag;0.834065854549408;0.0;0.9619645476341248;0.0;0.7960547501412467;0.9444047902630928;0.055595209736907236
1731800867.3104222;/app/bags/user95_2017-02-24.bag;0.834065854549408;0.0;0.9619645476341248;0.0;0.7960547501412467;0.9444047902630928;0.055595209736907236
1731800867.5104167;/app/bags/user95_2017-02-24.bag;0.834065854549408;0.0;0.9619645476341248;0.0;0.7960547501412467;0.9444047902630928;0.055595209736907236
1731800867.7104037;/app/bags/user95_2017-02-24.bag;0.834065854549408;0.0;0.9619645476341248;0.0;0.7960547501412467;0.9444047902630928;0.055595209736907236
1731800867.910408;/app/bags/user95_2017-02-24.bag;0.834065854549408;0.0;0.9619645476341248;0.0;0.7960547501412467;0.9444047902630928;0.055595209736907236
1731800868.1103864;/app/bags/user95_2017-02-24.bag;0.834065854549408;0.0;0.9619645476341248;0.0;0.7960547501412467;0.9444047902630928;0.055595209736907236
1731800868.3104095;/app/bags/user95_2017-02-24.bag;0.834065854549408;0.0;0.9619645476341248;0.0;0.7960547501412467;0.9444047902630928;0.055595209736907236
1731800868.5104153;/app/bags/user95_2017-02-24.bag;0.834065854549408;0.0;0.9619645476341248;0.0;0.7960547501412467;0.9444047902630928;0.055595209736907236
1731800868.7104168;/app/bags/user95_2017-02-24.bag;0.834065854549408;0.0;0.9619645476341248;0.0;0.7960547501412467;0.9444047902630928;0.055595209736907236
1731800868.9103765;/app/bags/user95_2017-02-24.bag;0.834065854549408;0.0;0.9619645476341248;0.0;0.7960547501412467;0.9444047902630928;0.055595209736907236
1731800869.110376;/app/bags/user95_2017-02-24.bag;0.834065854549408;0.0;0.9619645476341248;0.0;0.7960547501412467;0.9444047902630928;0.055595209736907236
1731800869.3104105;/app/bags/user95_2017-02-24.bag;0.834065854549408;0.0;0.9619645476341248;0.0;0.7960547501412467;0.9444047902630928;0.055595209736907236
1731800869.510449;/app/bags/user95_2017-02-24.bag;0.834065854549408;0.0;0.9619645476341248;0.0;0.7960547501412467;0.9444047902630928;0.055595209736907236
1731800869.710408;/app/bags/user95_2017-02-24.bag;0.834065854549408;0.0;0.9619645476341248;0.0;0.7960547501412467;0.9444047902630928;0.055595209736907236
1731800869.9104095;/app/bags/user95_2017-02-24.bag;0.834065854549408;0.0;0.9619645476341248;0.0;0.7960547501412467;0.9444047902630928;0.055595209736907236
1731800870.110371;/app/bags/user95_2017-02-24.bag;0.834065854549408;0.0;0.9619645476341248;0.0;0.7960547501412467;0.9444047902630928;0.055595209736907236
1731800870.310355;/app/bags/user95_2017-02-24.bag;0.834065854549408;0.0;0.9619645476341248;0.0;0.7960547501412467;0.9444047902630928;0.055595209736907236
1731800870.5103993;/app/bags/user95_2017-02-24.bag;0.834065854549408;0.0;0.9619645476341248;0.0;0.7960547501412467;0.9444047902630928;0.055595209736907236
1731800870.7103984;/app/bags/user95_2017-02-24.bag;0.834065854549408;0.0;0.9619645476341248;0.0;0.7960547501412467;0.9444047902630928;0.055595209736907236
1731800870.9104002;/app/bags/user95_2017-02-24.bag;0.834065854549408;0.0;0.9619645476341248;0.0;0.7960547501412467;0.9444047902630928;0.055595209736907236
1731800871.110413;/app/bags/user95_2017-02-24.bag;0.834065854549408;0.0;0.9619645476341248;0.0;0.7960547501412467;0.9444047902630928;0.055595209736907236
1731800871.3103905;/app/bags/user95_2017-02-24.bag;0.834065854549408;0.0;0.9619645476341248;0.0;0.7960547501412467;0.9444047902630928;0.055595209736907236
1731800871.5103831;/app/bags/user95_2017-02-24.bag;0.834065854549408;0.0;0.9619645476341248;0.0;0.7960547501412467;0.9444047902630928;0.055595209736907236
1731800871.7104702;/app/bags/user95_2017-02-24.bag;0.834065854549408;0.0;0.9619645476341248;0.0;0.7960547501412467;0.9444047902630928;0.055595209736907236
1731800871.910363;/app/bags/user95_2017-02-24.bag;0.834065854549408;0.0;0.9619645476341248;0.0;0.7960547501412467;0.9444047902630928;0.055595209736907236
1731800872.110446;/app/bags/user95_2017-02-24.bag;0.834065854549408;0.0;0.9619645476341248;0.0;0.7960547501412467;0.9444047902630928;0.055595209736907236
1731800872.310442;/app/bags/user95_2017-02-24.bag;0.834065854549408;0.0;0.9619645476341248;0.0;0.7960547501412467;0.9444047902630928;0.055595209736907236
1731800872.5103896;/app/bags/user95_2017-02-24.bag;0.834065854549408;0.0;0.9619645476341248;0.0;0.7960547501412467;0.9444047902630928;0.055595209736907236
1731800872.7104602;/app/bags/user95_2017-02-24.bag;0.834065854549408;0.0;0.9619645476341248;0.0;0.7960547501412467;0.9444047902630928;0.055595209736907236
1731800872.9103918;/app/bags/user95_2017-02-24.bag;0.834065854549408;0.0;0.9619645476341248;0.0;0.7960547501412467;0.9444047902630928;0.055595209736907236
1731800873.1104002;/app/bags/user95_2017-02-24.bag;0.834065854549408;0.0;0.9619645476341248;0.0;0.7960547501412467;0.9444047902630928;0.055595209736907236
1731800873.3103673;/app/bags/user95_2017-02-24.bag;0.834065854549408;0.0;0.9619645476341248;0.0;0.7960547501412467;0.9444047902630928;0.055595209736907236
1731800873.510384;/app/bags/user95_2017-02-24.bag;0.834065854549408;0.0;0.9619645476341248;0.0;0.7960547501412467;0.9444047902630928;0.055595209736907236
1731800873.710476;/app/bags/user95_2017-02-24.bag;0.834065854549408;0.0;0.9619645476341248;0.0;0.7960547501412467;0.9444047902630928;0.055595209736907236
1731800873.9103954;/app/bags/user95_2017-02-24.bag;0.834065854549408;0.0;0.9619645476341248;0.0;0.7960547501412467;0.9444047902630928;0.055595209736907236
1731800874.1103895;/app/bags/user95_2017-02-24.bag;0.834065854549408;0.0;0.9619645476341248;0.0;0.7960547501412467;0.9444047902630928;0.055595209736907236
1731800874.310443;/app/bags/user95_2017-02-24.bag;0.834065854549408;0.0;0.9619645476341248;0.0;0.7960547501412467;0.9444047902630928;0.055595209736907236
1731800874.5103912;/app/bags/user95_2017-02-24.bag;0.834065854549408;0.0;0.9619645476341248;0.0;0.7960547501412467;0.9444047902630928;0.055595209736907236
1731800874.7103946;/app/bags/user95_2017-02-24.bag;0.834065854549408;0.0;0.9619645476341248;0.0;0.7960547501412467;0.9444047902630928;0.055595209736907236
1731800874.9103923;/app/bags/user95_2017-02-24.bag;0.834065854549408;0.0;0.9619645476341248;0.0;0.7960547501412467;0.9444047902630928;0.055595209736907236
1731800875.110417;/app/bags/user95_2017-02-24.bag;0.834065854549408;0.0;0.9619645476341248;0.0;0.7960547501412467;0.9444047902630928;0.055595209736907236
1731800875.3103912;/app/bags/user95_2017-02-24.bag;0.834065854549408;0.0;0.9619645476341248;0.0;0.7960547501412467;0.9444047902630928;0.055595209736907236
1731800875.510398;/app/bags/user95_2017-02-24.bag;0.834065854549408;0.0;0.9619645476341248;0.0;0.7960547501412467;0.9444047902630928;0.055595209736907236
1731800875.7104318;/app/bags/user95_2017-02-24.bag;0.834065854549408;0.0;0.9619645476341248;0.0;0.7960547501412467;0.9444047902630928;0.055595209736907236
1731800875.9103918;/app/bags/user95_2017-02-24.bag;0.834065854549408;0.0;0.9619645476341248;0.0;0.7960547501412467;0.9444047902630928;0.055595209736907236
1731800876.1103761;/app/bags/user95_2017-02-24.bag;0.834065854549408;0.0;0.9619645476341248;0.0;0.7960547501412467;0.9444047902630928;0.055595209736907236
1731800876.3104994;/app/bags/user95_2017-02-24.bag;0.834065854549408;0.0;0.9619645476341248;0.0;0.7960547501412467;0.9444047902630928;0.055595209736907236
1731800876.5104208;/app/bags/user95_2017-02-24.bag;0.834065854549408;0.0;0.9619645476341248;0.0;0.7960547501412467;0.9444047902630928;0.055595209736907236
1731800876.710502;/app/bags/user95_2017-02-24.bag;0.834065854549408;0.0;0.9619645476341248;0.0;0.7960547501412467;0.9444047902630928;0.055595209736907236
1731800876.910374;/app/bags/user95_2017-02-24.bag;0.834065854549408;0.0;0.9619645476341248;0.0;0.7960547501412467;0.9444047902630928;0.055595209736907236
1731800877.110419;/app/bags/user95_2017-02-24.bag;0.834065854549408;0.0;0.9619645476341248;0.0;0.7960547501412467;0.9444047902630928;0.055595209736907236
1731800877.310477;/app/bags/user95_2017-02-24.bag;0.834065854549408;0.0;0.9619645476341248;0.0;0.7960547501412467;0.9444047902630928;0.055595209736907236
1731800877.5103686;/app/bags/user95_2017-02-24.bag;0.834065854549408;0.0;0.9619645476341248;0.0;0.7960547501412467;0.9444047902630928;0.055595209736907236
1731800877.7104352;/app/bags/user95_2017-02-24.bag;0.834065854549408;0.0;0.9619645476341248;0.0;0.7960547501412467;0.9444047902630928;0.055595209736907236
1731800877.9104064;/app/bags/user95_2017-02-24.bag;0.834065854549408;0.0;0.9619645476341248;0.0;0.7960547501412467;0.9444047902630928;0.055595209736907236
1731800878.1106045;/app/bags/user95_2017-02-24.bag;0.834065854549408;0.0;0.9619645476341248;0.0;0.7960547501412467;0.9444047902630928;0.055595209736907236
1731800878.3105078;/app/bags/user95_2017-02-24.bag;0.834065854549408;0.0;0.9619645476341248;0.0;0.7960547501412467;0.9444047902630928;0.055595209736907236
1731800878.5104342;/app/bags/user95_2017-02-24.bag;0.834065854549408;0.0;0.9619645476341248;0.0;0.7960547501412467;0.9444047902630928;0.055595209736907236
1731800878.7104084;/app/bags/user95_2017-02-24.bag;0.834065854549408;0.0;0.9619645476341248;0.0;0.7960547501412467;0.9444047902630928;0.055595209736907236
1731800878.9104607;/app/bags/user95_2017-02-24.bag;0.834065854549408;0.0;0.9619645476341248;0.0;0.7960547501412467;0.9444047902630928;0.055595209736907236
1731800879.11041;/app/bags/user95_2017-02-24.bag;0.834065854549408;0.0;0.9619645476341248;0.0;0.7960547501412467;0.9444047902630928;0.055595209736907236
1731800879.3103893;/app/bags/user95_2017-02-24.bag;0.834065854549408;0.0;0.9619645476341248;0.0;0.7960547501412467;0.9444047902630928;0.055595209736907236
1731800879.5103724;/app/bags/user95_2017-02-24.bag;0.834065854549408;0.0;0.9619645476341248;0.0;0.7960547501412467;0.9444047902630928;0.055595209736907236
1731800879.7103808;/app/bags/user95_2017-02-24.bag;0.834065854549408;0.0;0.9619645476341248;0.0;0.7960547501412467;0.9444047902630928;0.055595209736907236
1731800879.9104111;/app/bags/user95_2017-02-24.bag;0.834065854549408;0.0;0.9619645476341248;0.0;0.7960547501412467;0.9444047902630928;0.055595209736907236
1731800880.1105664;/app/bags/user95_2017-02-24.bag;0.834065854549408;0.0;0.9619645476341248;0.0;0.7960547501412467;0.9444047902630928;0.055595209736907236
1731800880.3103805;/app/bags/user95_2017-02-24.bag;0.834065854549408;0.0;0.9619645476341248;0.0;0.7960547501412467;0.9444047902630928;0.055595209736907236
1731800880.5103858;/app/bags/user95_2017-02-24.bag;0.834065854549408;0.0;0.9619645476341248;0.0;0.7960547501412467;0.9444047902630928;0.055595209736907236
1731800880.7104163;/app/bags/user95_2017-02-24.bag;0.834065854549408;0.0;0.9619645476341248;0.0;0.7960547501412467;0.9444047902630928;0.055595209736907236
1731800880.910379;/app/bags/user95_2017-02-24.bag;0.834065854549408;0.0;0.9619645476341248;0.0;0.7960547501412467;0.9444047902630928;0.055595209736907236
1731800881.1103683;/app/bags/user95_2017-02-24.bag;0.834065854549408;0.0;0.9619645476341248;0.0;0.7960547501412467;0.9444047902630928;0.055595209736907236
1731800881.3104076;/app/bags/user95_2017-02-24.bag;0.834065854549408;0.0;0.9619645476341248;0.0;0.7960547501412467;0.9444047902630928;0.055595209736907236
1731800881.5103915;/app/bags/user95_2017-02-24.bag;0.834065854549408;0.0;0.9619645476341248;0.0;0.7960547501412467;0.9444047902630928;0.055595209736907236
1731800881.7103484;/app/bags/user95_2017-02-24.bag;0.834065854549408;0.0;0.9619645476341248;0.0;0.7960547501412467;0.9444047902630928;0.055595209736907236
1731800881.9104478;/app/bags/user95_2017-02-24.bag;0.834065854549408;0.0;0.9619645476341248;0.0;0.7960547501412467;0.9444047902630928;0.055595209736907236
1731800882.1104245;/app/bags/user95_2017-02-24.bag;0.834065854549408;0.0;0.9619645476341248;0.0;0.7960547501412467;0.9444047902630928;0.055595209736907236
1731800882.3104947;/app/bags/user95_2017-02-24.bag;0.834065854549408;0.0;0.9619645476341248;0.0;0.7960547501412467;0.9444047902630928;0.055595209736907236
1731800882.5103915;/app/bags/user95_2017-02-24.bag;0.834065854549408;0.0;0.9619645476341248;0.0;0.7960547501412467;0.9444047902630928;0.055595209736907236
1731800882.7104151;/app/bags/user95_2017-02-24.bag;0.834065854549408;0.0;0.9619645476341248;0.0;0.7960547501412467;0.9444047902630928;0.055595209736907236
1731800882.9104095;/app/bags/user95_2017-02-24.bag;0.834065854549408;0.0;0.9619645476341248;0.0;0.7960547501412467;0.9444047902630928;0.055595209736907236
1731800883.1104803;/app/bags/user95_2017-02-24.bag;0.834065854549408;0.0;0.9619645476341248;0.0;0.7960547501412467;0.9444047902630928;0.055595209736907236
1731800883.3104804;/app/bags/user95_2017-02-24.bag;0.834065854549408;0.0;0.9619645476341248;0.0;0.7960547501412467;0.9444047902630928;0.055595209736907236
1731800883.510375;/app/bags/user95_2017-02-24.bag;0.834065854549408;0.0;0.9619645476341248;0.0;0.7960547501412467;0.9444047902630928;0.055595209736907236
1731800883.7103887;/app/bags/user95_2017-02-24.bag;0.834065854549408;0.0;0.9619645476341248;0.0;0.7960547501412467;0.9444047902630928;0.055595209736907236
1731800883.9103792;/app/bags/user95_2017-02-24.bag;0.834065854549408;0.0;0.9619645476341248;0.0;0.7960547501412467;0.9444047902630928;0.055595209736907236
1731800884.1104069;/app/bags/user95_2017-02-24.bag;0.834065854549408;0.0;0.9619645476341248;0.0;0.7960547501412467;0.9444047902630928;0.055595209736907236
1731800884.3103807;/app/bags/user95_2017-02-24.bag;0.834065854549408;0.0;0.9619645476341248;0.0;0.7960547501412467;0.9444047902630928;0.055595209736907236
1731800884.510398;/app/bags/user95_2017-02-24.bag;0.834065854549408;0.0;0.9619645476341248;0.0;0.7960547501412467;0.9444047902630928;0.055595209736907236
1731800884.7103944;/app/bags/user95_2017-02-24.bag;0.834065854549408;0.0;0.9619645476341248;0.0;0.7960547501412467;0.9444047902630928;0.055595209736907236
1731800884.9104156;/app/bags/user95_2017-02-24.bag;0.834065854549408;0.0;0.9619645476341248;0.0;0.7960547501412467;0.9444047902630928;0.055595209736907236
1731800885.1105094;/app/bags/user95_2017-02-24.bag;0.834065854549408;0.0;0.9619645476341248;0.0;0.7960547501412467;0.9444047902630928;0.055595209736907236
1731800885.310408;/app/bags/user95_2017-02-24.bag;0.834065854549408;0.0;0.9619645476341248;0.0;0.7960547501412467;0.9444047902630928;0.055595209736907236
1731800885.510377;/app/bags/user95_2017-02-24.bag;0.834065854549408;0.0;0.9619645476341248;0.0;0.7960547501412467;0.9444047902630928;0.055595209736907236
1731800885.7104115;/app/bags/user95_2017-02-24.bag;0.834065854549408;0.0;0.9619645476341248;0.0;0.7960547501412467;0.9444047902630928;0.055595209736907236
1731800885.9106503;/app/bags/user95_2017-02-24.bag;0.834065854549408;0.0;0.9619645476341248;0.0;0.7960547501412467;0.9444047902630928;0.055595209736907236
1731800886.110434;/app/bags/user95_2017-02-24.bag;0.834065854549408;0.0;0.9619645476341248;0.0;0.7960547501412467;0.9444047902630928;0.055595209736907236
1731800886.310496;/app/bags/user95_2017-02-24.bag;0.834065854549408;0.0;0.9619645476341248;0.0;0.7960547501412467;0.9444047902630928;0.055595209736907236
1731800886.5104525;/app/bags/user95_2017-02-24.bag;0.834065854549408;0.0;0.9619645476341248;0.0;0.7960547501412467;0.9444047902630928;0.055595209736907236
1731800886.7103791;/app/bags/user95_2017-02-24.bag;0.834065854549408;0.0;0.9619645476341248;0.0;0.7960547501412467;0.9444047902630928;0.055595209736907236
1731800886.9103963;/app/bags/user95_2017-02-24.bag;0.834065854549408;0.0;0.9619645476341248;0.0;0.7960547501412467;0.9444047902630928;0.055595209736907236
1731800887.1104813;/app/bags/user95_2017-02-24.bag;0.834065854549408;0.0;0.9619645476341248;0.0;0.7960547501412467;0.9444047902630928;0.055595209736907236
1731800887.3104134;/app/bags/user95_2017-02-24.bag;0.834065854549408;0.0;0.9619645476341248;0.0;0.7960547501412467;0.9444047902630928;0.055595209736907236
1731800887.510416;/app/bags/user95_2017-02-24.bag;0.834065854549408;0.0;0.9619645476341248;0.0;0.7960547501412467;0.9444047902630928;0.055595209736907236
1731800887.7104409;/app/bags/user95_2017-02-24.bag;0.834065854549408;0.0;0.9619645476341248;0.0;0.7960547501412467;0.9444047902630928;0.055595209736907236
1731800887.9104075;/app/bags/user95_2017-02-24.bag;0.834065854549408;0.0;0.9619645476341248;0.0;0.7960547501412467;0.9444047902630928;0.055595209736907236
1731800888.1104267;/app/bags/user95_2017-02-24.bag;0.834065854549408;0.0;0.9619645476341248;0.0;0.7960547501412467;0.9444047902630928;0.055595209736907236
1731800888.3103988;/app/bags/user95_2017-02-24.bag;0.834065854549408;0.0;0.9619645476341248;0.0;0.7960547501412467;0.9444047902630928;0.055595209736907236
1731800888.5103948;/app/bags/user95_2017-02-24.bag;0.834065854549408;0.0;0.9619645476341248;0.0;0.7960547501412467;0.9444047902630928;0.055595209736907236
1731800888.7104328;/app/bags/user95_2017-02-24.bag;0.834065854549408;0.0;0.9619645476341248;0.0;0.7960547501412467;0.9444047902630928;0.055595209736907236
1731800888.9104147;/app/bags/user95_2017-02-24.bag;0.834065854549408;0.0;0.9619645476341248;0.0;0.7960547501412467;0.9444047902630928;0.055595209736907236
1731800889.1103802;/app/bags/user95_2017-02-24.bag;0.834065854549408;0.0;0.9619645476341248;0.0;0.7960547501412467;0.9444047902630928;0.055595209736907236
1731800889.3104005;/app/bags/user95_2017-02-24.bag;0.834065854549408;0.0;0.9619645476341248;0.0;0.7960547501412467;0.9444047902630928;0.055595209736907236
1731800889.5103667;/app/bags/user95_2017-02-24.bag;0.834065854549408;0.0;0.9619645476341248;0.0;0.7960547501412467;0.9444047902630928;0.055595209736907236
1731800889.7103722;/app/bags/user95_2017-02-24.bag;0.834065854549408;0.0;0.9619645476341248;0.0;0.7960547501412467;0.9444047902630928;0.055595209736907236
1731800889.9104033;/app/bags/user95_2017-02-24.bag;0.834065854549408;0.0;0.9619645476341248;0.0;0.7960547501412467;0.9444047902630928;0.055595209736907236
1731800890.1104198;/app/bags/user95_2017-02-24.bag;0.834065854549408;0.0;0.9619645476341248;0.0;0.7960547501412467;0.9444047902630928;0.055595209736907236
1731800890.3104022;/app/bags/user95_2017-02-24.bag;0.834065854549408;0.0;0.9619645476341248;0.0;0.7960547501412467;0.9444047902630928;0.055595209736907236
1731800890.5103576;/app/bags/user95_2017-02-24.bag;0.834065854549408;0.0;0.9619645476341248;0.0;0.7960547501412467;0.9444047902630928;0.055595209736907236
1731800890.7104042;/app/bags/user95_2017-02-24.bag;0.834065854549408;0.0;0.9619645476341248;0.0;0.7960547501412467;0.9444047902630928;0.055595209736907236
1731800890.9106038;/app/bags/user95_2017-02-24.bag;0.834065854549408;0.0;0.9619645476341248;0.0;0.7960547501412467;0.9444047902630928;0.055595209736907236
1731800891.110434;/app/bags/user95_2017-02-24.bag;0.834065854549408;0.0;0.9619645476341248;0.0;0.7960547501412467;0.9444047902630928;0.055595209736907236
1731800891.3103993;/app/bags/user95_2017-02-24.bag;0.834065854549408;0.0;0.9619645476341248;0.0;0.7960547501412467;0.9444047902630928;0.055595209736907236
1731800891.5104086;/app/bags/user95_2017-02-24.bag;0.834065854549408;0.0;0.9619645476341248;0.0;0.7960547501412467;0.9444047902630928;0.055595209736907236
1731800891.7104118;/app/bags/user95_2017-02-24.bag;0.834065854549408;0.0;0.9619645476341248;0.0;0.7960547501412467;0.9444047902630928;0.055595209736907236
1731800891.9103987;/app/bags/user95_2017-02-24.bag;0.834065854549408;0.0;0.9619645476341248;0.0;0.7960547501412467;0.9444047902630928;0.055595209736907236
1731800892.1105375;/app/bags/user95_2017-02-24.bag;0.834065854549408;0.0;0.9619645476341248;0.0;0.7960547501412467;0.9444047902630928;0.055595209736907236
1731800892.3103666;/app/bags/user95_2017-02-24.bag;0.834065854549408;0.0;0.9619645476341248;0.0;0.7960547501412467;0.9444047902630928;0.055595209736907236
1731800892.5103993;/app/bags/user95_2017-02-24.bag;0.834065854549408;0.0;0.9619645476341248;0.0;0.7960547501412467;0.9444047902630928;0.055595209736907236
1731800892.7104237;/app/bags/user95_2017-02-24.bag;0.834065854549408;0.0;0.9619645476341248;0.0;0.7960547501412467;0.9444047902630928;0.055595209736907236
1731800892.9103782;/app/bags/user95_2017-02-24.bag;0.834065854549408;0.0;0.9619645476341248;0.0;0.7960547501412467;0.9444047902630928;0.055595209736907236
1731800893.1104763;/app/bags/user95_2017-02-24.bag;0.834065854549408;0.0;0.9619645476341248;0.0;0.7960547501412467;0.9444047902630928;0.055595209736907236
1731800893.3104243;/app/bags/user95_2017-02-24.bag;0.834065854549408;0.0;0.9619645476341248;0.0;0.7960547501412467;0.9444047902630928;0.055595209736907236
1731800893.5104218;/app/bags/user95_2017-02-24.bag;0.834065854549408;0.0;0.9619645476341248;0.0;0.7960547501412467;0.9444047902630928;0.055595209736907236
1731800893.710482;/app/bags/user95_2017-02-24.bag;0.834065854549408;0.0;0.9619645476341248;0.0;0.7960547501412467;0.9444047902630928;0.055595209736907236
1731800893.910383;/app/bags/user95_2017-02-24.bag;0.834065854549408;0.0;0.9619645476341248;0.0;0.7960547501412467;0.9444047902630928;0.055595209736907236
1731800894.1103902;/app/bags/user95_2017-02-24.bag;0.834065854549408;0.0;0.9619645476341248;0.0;0.7960547501412467;0.9444047902630928;0.055595209736907236
1731800894.3104234;/app/bags/user95_2017-02-24.bag;0.834065854549408;0.0;0.9619645476341248;0.0;0.7960547501412467;0.9444047902630928;0.055595209736907236
1731800894.5103912;/app/bags/user95_2017-02-24.bag;0.834065854549408;0.0;0.9619645476341248;0.0;0.7960547501412467;0.9444047902630928;0.055595209736907236
1731800894.7103727;/app/bags/user95_2017-02-24.bag;0.834065854549408;0.0;0.9619645476341248;0.0;0.7960547501412467;0.9444047902630928;0.055595209736907236
1731800894.9104161;/app/bags/user95_2017-02-24.bag;0.834065854549408;0.0;0.9619645476341248;0.0;0.7960547501412467;0.9444047902630928;0.055595209736907236
1731800895.1103902;/app/bags/user95_2017-02-24.bag;0.834065854549408;0.0;0.9619645476341248;0.0;0.7960547501412467;0.9444047902630928;0.055595209736907236
1731800895.3103821;/app/bags/user95_2017-02-24.bag;0.834065854549408;0.0;0.9619645476341248;0.0;0.7960547501412467;0.9444047902630928;0.055595209736907236
1731800895.5104244;/app/bags/user95_2017-02-24.bag;0.834065854549408;0.0;0.9619645476341248;0.0;0.7960547501412467;0.9444047902630928;0.055595209736907236
1731800895.7104046;/app/bags/user95_2017-02-24.bag;0.834065854549408;0.0;0.9619645476341248;0.0;0.7960547501412467;0.9444047902630928;0.055595209736907236
1731800895.9104166;/app/bags/user95_2017-02-24.bag;0.834065854549408;0.0;0.9619645476341248;0.0;0.7960547501412467;0.9444047902630928;0.055595209736907236
1731800896.1104665;/app/bags/user95_2017-02-24.bag;0.834065854549408;0.0;0.9619645476341248;0.0;0.7960547501412467;0.9444047902630928;0.055595209736907236
1731800896.3104222;/app/bags/user95_2017-02-24.bag;0.834065854549408;0.0;0.9619645476341248;0.0;0.7960547501412467;0.9444047902630928;0.055595209736907236
1731800896.5104377;/app/bags/user95_2017-02-24.bag;0.834065854549408;0.0;0.9619645476341248;0.0;0.7960547501412467;0.9444047902630928;0.055595209736907236
1731800896.7104106;/app/bags/user95_2017-02-24.bag;0.834065854549408;0.0;0.9619645476341248;0.0;0.7960547501412467;0.9444047902630928;0.055595209736907236
1731800896.9104888;/app/bags/user95_2017-02-24.bag;0.834065854549408;0.0;0.9619645476341248;0.0;0.7960547501412467;0.9444047902630928;0.055595209736907236
1731800897.110342;/app/bags/user95_2017-02-24.bag;0.834065854549408;0.0;0.9619645476341248;0.0;0.7960547501412467;0.9444047902630928;0.055595209736907236
1731800897.3103673;/app/bags/user95_2017-02-24.bag;0.834065854549408;0.0;0.9619645476341248;0.0;0.7960547501412467;0.9444047902630928;0.055595209736907236
1731800897.510407;/app/bags/user95_2017-02-24.bag;0.834065854549408;0.0;0.9619645476341248;0.0;0.7960547501412467;0.9444047902630928;0.055595209736907236
1731800897.710383;/app/bags/user95_2017-02-24.bag;0.834065854549408;0.0;0.9619645476341248;0.0;0.7960547501412467;0.9444047902630928;0.055595209736907236
1731800897.9104173;/app/bags/user95_2017-02-24.bag;0.834065854549408;0.0;0.9619645476341248;0.0;0.7960547501412467;0.9444047902630928;0.055595209736907236
1731800898.1104002;/app/bags/user95_2017-02-24.bag;0.834065854549408;0.0;0.9619645476341248;0.0;0.7960547501412467;0.9444047902630928;0.055595209736907236
1731800898.3104272;/app/bags/user95_2017-02-24.bag;0.834065854549408;0.0;0.9619645476341248;0.0;0.7960547501412467;0.9444047902630928;0.055595209736907236
1731800898.5104213;/app/bags/user95_2017-02-24.bag;0.834065854549408;0.0;0.9619645476341248;0.0;0.7960547501412467;0.9444047902630928;0.055595209736907236
1731800898.7104006;/app/bags/user95_2017-02-24.bag;0.834065854549408;0.0;0.9619645476341248;0.0;0.7960547501412467;0.9444047902630928;0.055595209736907236
1731800898.9104378;/app/bags/user95_2017-02-24.bag;0.834065854549408;0.0;0.9619645476341248;0.0;0.7960547501412467;0.9444047902630928;0.055595209736907236
1731800899.1104622;/app/bags/user95_2017-02-24.bag;0.834065854549408;0.0;0.9619645476341248;0.0;0.7960547501412467;0.9444047902630928;0.055595209736907236
1731800899.3103898;/app/bags/user95_2017-02-24.bag;0.834065854549408;0.0;0.9619645476341248;0.0;0.7960547501412467;0.9444047902630928;0.055595209736907236
1731800899.5103934;/app/bags/user95_2017-02-24.bag;0.834065854549408;0.0;0.9619645476341248;0.0;0.7960547501412467;0.9444047902630928;0.055595209736907236
1731800899.7103975;/app/bags/user95_2017-02-24.bag;0.834065854549408;0.0;0.9619645476341248;0.0;0.7960547501412467;0.9444047902630928;0.055595209736907236
1731800899.910385;/app/bags/user95_2017-02-24.bag;0.834065854549408;0.0;0.9619645476341248;0.0;0.7960547501412467;0.9444047902630928;0.055595209736907236
1731800900.1104872;/app/bags/user95_2017-02-24.bag;0.834065854549408;0.0;0.9619645476341248;0.0;0.7960547501412467;0.9444047902630928;0.055595209736907236
1731800900.3104258;/app/bags/user95_2017-02-24.bag;0.834065854549408;0.0;0.9619645476341248;0.0;0.7960547501412467;0.9444047902630928;0.055595209736907236
1731800900.5103986;/app/bags/user95_2017-02-24.bag;0.834065854549408;0.0;0.9619645476341248;0.0;0.7960547501412467;0.9444047902630928;0.055595209736907236
1731800900.7106314;/app/bags/user95_2017-02-24.bag;0.834065854549408;0.0;0.9619645476341248;0.0;0.7960547501412467;0.9444047902630928;0.055595209736907236
1731800900.9104176;/app/bags/user95_2017-02-24.bag;0.834065854549408;0.0;0.9619645476341248;0.0;0.7960547501412467;0.9444047902630928;0.055595209736907236
1731800901.110364;/app/bags/user95_2017-02-24.bag;0.834065854549408;0.0;0.9619645476341248;0.0;0.7960547501412467;0.9444047902630928;0.055595209736907236
1731800901.3103807;/app/bags/user95_2017-02-24.bag;0.834065854549408;0.0;0.9619645476341248;0.0;0.7960547501412467;0.9444047902630928;0.055595209736907236
1731800901.510443;/app/bags/user95_2017-02-24.bag;0.834065854549408;0.0;0.9619645476341248;0.0;0.7960547501412467;0.9444047902630928;0.055595209736907236
1731800901.71039;/app/bags/user95_2017-02-24.bag;0.834065854549408;0.0;0.9619645476341248;0.0;0.7960547501412467;0.9444047902630928;0.055595209736907236
1731800901.910518;/app/bags/user95_2017-02-24.bag;0.834065854549408;0.0;0.9619645476341248;0.0;0.7960547501412467;0.9444047902630928;0.055595209736907236
1731800902.110394;/app/bags/user95_2017-02-24.bag;0.834065854549408;0.0;0.9619645476341248;0.0;0.7960547501412467;0.9444047902630928;0.055595209736907236
1731800902.3103619;/app/bags/user95_2017-02-24.bag;0.834065854549408;0.0;0.9619645476341248;0.0;0.7960547501412467;0.9444047902630928;0.055595209736907236
1731800902.510517;/app/bags/user95_2017-02-24.bag;0.834065854549408;0.0;0.9619645476341248;0.0;0.7960547501412467;0.9444047902630928;0.055595209736907236
1731800902.7103608;/app/bags/user95_2017-02-24.bag;0.834065854549408;0.0;0.9619645476341248;0.0;0.7960547501412467;0.9444047902630928;0.055595209736907236
1731800902.9104002;/app/bags/user95_2017-02-24.bag;0.834065854549408;0.0;0.9619645476341248;0.0;0.7960547501412467;0.9444047902630928;0.055595209736907236
1731800903.110449;/app/bags/user95_2017-02-24.bag;0.834065854549408;0.0;0.9619645476341248;0.0;0.7960547501412467;0.9444047902630928;0.055595209736907236
1731800903.3104084;/app/bags/user95_2017-02-24.bag;0.834065854549408;0.0;0.9619645476341248;0.0;0.7960547501412467;0.9444047902630928;0.055595209736907236
1731800903.5104008;/app/bags/user95_2017-02-24.bag;0.834065854549408;0.0;0.9619645476341248;0.0;0.7960547501412467;0.9444047902630928;0.055595209736907236
1731800903.7104094;/app/bags/user95_2017-02-24.bag;0.834065854549408;0.0;0.9619645476341248;0.0;0.7960547501412467;0.9444047902630928;0.055595209736907236
1731800903.9103878;/app/bags/user95_2017-02-24.bag;0.834065854549408;0.0;0.9619645476341248;0.0;0.7960547501412467;0.9444047902630928;0.055595209736907236
1731800904.1104188;/app/bags/user95_2017-02-24.bag;0.834065854549408;0.0;0.9619645476341248;0.0;0.7960547501412467;0.9444047902630928;0.055595209736907236
1731800904.3103945;/app/bags/user95_2017-02-24.bag;0.834065854549408;0.0;0.9619645476341248;0.0;0.7960547501412467;0.9444047902630928;0.055595209736907236
1731800904.5103946;/app/bags/user95_2017-02-24.bag;0.834065854549408;0.0;0.9619645476341248;0.0;0.7960547501412467;0.9444047902630928;0.055595209736907236
1731800904.7104425;/app/bags/user95_2017-02-24.bag;0.834065854549408;0.0;0.9619645476341248;0.0;0.7960547501412467;0.9444047902630928;0.055595209736907236
1731800904.9104311;/app/bags/user95_2017-02-24.bag;0.834065854549408;0.0;0.9619645476341248;0.0;0.7960547501412467;0.9444047902630928;0.055595209736907236
1731800905.1104078;/app/bags/user95_2017-02-24.bag;0.834065854549408;0.0;0.9619645476341248;0.0;0.7960547501412467;0.9444047902630928;0.055595209736907236
1731800905.3104005;/app/bags/user95_2017-02-24.bag;0.834065854549408;0.0;0.9619645476341248;0.0;0.7960547501412467;0.9444047902630928;0.055595209736907236
1731800905.5106118;/app/bags/user95_2017-02-24.bag;0.834065854549408;0.0;0.9619645476341248;0.0;0.7960547501412467;0.9444047902630928;0.055595209736907236
1731800905.7104108;/app/bags/user95_2017-02-24.bag;0.834065854549408;0.0;0.9619645476341248;0.0;0.7960547501412467;0.9444047902630928;0.055595209736907236
1731800905.9103749;/app/bags/user95_2017-02-24.bag;0.834065854549408;0.0;0.9619645476341248;0.0;0.7960547501412467;0.9444047902630928;0.055595209736907236
1731800906.1104617;/app/bags/user95_2017-02-24.bag;0.834065854549408;0.0;0.9619645476341248;0.0;0.7960547501412467;0.9444047902630928;0.055595209736907236
1731800906.3104074;/app/bags/user95_2017-02-24.bag;0.834065854549408;0.0;0.9619645476341248;0.0;0.7960547501412467;0.9444047902630928;0.055595209736907236
1731800906.5103915;/app/bags/user95_2017-02-24.bag;0.834065854549408;0.0;0.9619645476341248;0.0;0.7960547501412467;0.9444047902630928;0.055595209736907236
1731800906.7104144;/app/bags/user95_2017-02-24.bag;0.834065854549408;0.0;0.9619645476341248;0.0;0.7960547501412467;0.9444047902630928;0.055595209736907236
1731800906.9103782;/app/bags/user95_2017-02-24.bag;0.834065854549408;0.0;0.9619645476341248;0.0;0.7960547501412467;0.9444047902630928;0.055595209736907236
1731800907.1104248;/app/bags/user95_2017-02-24.bag;0.834065854549408;0.0;0.9619645476341248;0.0;0.7960547501412467;0.9444047902630928;0.055595209736907236
1731800907.310379;/app/bags/user95_2017-02-24.bag;0.834065854549408;0.0;0.9619645476341248;0.0;0.7960547501412467;0.9444047902630928;0.055595209736907236
1731800907.5103924;/app/bags/user95_2017-02-24.bag;0.834065854549408;0.0;0.9619645476341248;0.0;0.7960547501412467;0.9444047902630928;0.055595209736907236
1731800907.7104483;/app/bags/user95_2017-02-24.bag;0.834065854549408;0.0;0.9619645476341248;0.0;0.7960547501412467;0.9444047902630928;0.055595209736907236
1731800907.9103913;/app/bags/user95_2017-02-24.bag;0.834065854549408;0.0;0.9619645476341248;0.0;0.7960547501412467;0.9444047902630928;0.055595209736907236
1731800908.110406;/app/bags/user95_2017-02-24.bag;0.834065854549408;0.0;0.9619645476341248;0.0;0.7960547501412467;0.9444047902630928;0.055595209736907236
1731800908.3103561;/app/bags/user95_2017-02-24.bag;0.834065854549408;0.0;0.9619645476341248;0.0;0.7960547501412467;0.9444047902630928;0.055595209736907236
1731800908.51046;/app/bags/user95_2017-02-24.bag;0.834065854549408;0.0;0.9619645476341248;0.0;0.7960547501412467;0.9444047902630928;0.055595209736907236
1731800908.7105205;/app/bags/user95_2017-02-24.bag;0.834065854549408;0.0;0.9619645476341248;0.0;0.7960547501412467;0.9444047902630928;0.055595209736907236
1731800908.910389;/app/bags/user95_2017-02-24.bag;0.834065854549408;0.0;0.9619645476341248;0.0;0.7960547501412467;0.9444047902630928;0.055595209736907236
1731800909.1104198;/app/bags/user95_2017-02-24.bag;0.834065854549408;0.0;0.9619645476341248;0.0;0.7960547501412467;0.9444047902630928;0.055595209736907236
1731800909.3103886;/app/bags/user95_2017-02-24.bag;0.834065854549408;0.0;0.9619645476341248;0.0;0.7960547501412467;0.9444047902630928;0.055595209736907236
1731800909.5104046;/app/bags/user95_2017-02-24.bag;0.834065854549408;0.0;0.9619645476341248;0.0;0.7960547501412467;0.9444047902630928;0.055595209736907236
1731800909.7104962;/app/bags/user95_2017-02-24.bag;0.834065854549408;0.0;0.9619645476341248;0.0;0.7960547501412467;0.9444047902630928;0.055595209736907236
1731800909.910398;/app/bags/user95_2017-02-24.bag;0.834065854549408;0.0;0.9619645476341248;0.0;0.7960547501412467;0.9444047902630928;0.055595209736907236
1731800910.1103826;/app/bags/user95_2017-02-24.bag;0.834065854549408;0.0;0.9619645476341248;0.0;0.7960547501412467;0.9444047902630928;0.055595209736907236
1731800910.3105187;/app/bags/user95_2017-02-24.bag;0.834065854549408;0.0;0.9619645476341248;0.0;0.7960547501412467;0.9444047902630928;0.055595209736907236
1731800910.5104206;/app/bags/user95_2017-02-24.bag;0.834065854549408;0.0;0.9619645476341248;0.0;0.7960547501412467;0.9444047902630928;0.055595209736907236
1731800910.7104034;/app/bags/user95_2017-02-24.bag;0.834065854549408;0.0;0.9619645476341248;0.0;0.7960547501412467;0.9444047902630928;0.055595209736907236
1731800910.9104197;/app/bags/user95_2017-02-24.bag;0.834065854549408;0.0;0.9619645476341248;0.0;0.7960547501412467;0.9444047902630928;0.055595209736907236
1731800911.1104302;/app/bags/user95_2017-02-24.bag;0.834065854549408;0.0;0.9619645476341248;0.0;0.7960547501412467;0.9444047902630928;0.055595209736907236
1731800911.3103788;/app/bags/user95_2017-02-24.bag;0.834065854549408;0.0;0.9619645476341248;0.0;0.7960547501412467;0.9444047902630928;0.055595209736907236
1731800911.5103898;/app/bags/user95_2017-02-24.bag;0.834065854549408;0.0;0.9619645476341248;0.0;0.7960547501412467;0.9444047902630928;0.055595209736907236
1731800911.7104037;/app/bags/user95_2017-02-24.bag;0.834065854549408;0.0;0.9619645476341248;0.0;0.7960547501412467;0.9444047902630928;0.055595209736907236
1731800911.9103885;/app/bags/user95_2017-02-24.bag;0.834065854549408;0.0;0.9619645476341248;0.0;0.7960547501412467;0.9444047902630928;0.055595209736907236
1731800912.110403;/app/bags/user95_2017-02-24.bag;0.834065854549408;0.0;0.9619645476341248;0.0;0.7960547501412467;0.9444047902630928;0.055595209736907236
1731800912.3103683;/app/bags/user95_2017-02-24.bag;0.834065854549408;0.0;0.9619645476341248;0.0;0.7960547501412467;0.9444047902630928;0.055595209736907236
1731800912.5103815;/app/bags/user95_2017-02-24.bag;0.834065854549408;0.0;0.9619645476341248;0.0;0.7960547501412467;0.9444047902630928;0.055595209736907236
1731800912.7104013;/app/bags/user95_2017-02-24.bag;0.834065854549408;0.0;0.9619645476341248;0.0;0.7960547501412467;0.9444047902630928;0.055595209736907236
1731800912.910405;/app/bags/user95_2017-02-24.bag;0.834065854549408;0.0;0.9619645476341248;0.0;0.7960547501412467;0.9444047902630928;0.055595209736907236
1731800913.1103656;/app/bags/user95_2017-02-24.bag;0.834065854549408;0.0;0.9619645476341248;0.0;0.7960547501412467;0.9444047902630928;0.055595209736907236
1731800913.310444;/app/bags/user95_2017-02-24.bag;0.834065854549408;0.0;0.9619645476341248;0.0;0.7960547501412467;0.9444047902630928;0.055595209736907236
1731800913.5104024;/app/bags/user95_2017-02-24.bag;0.834065854549408;0.0;0.9619645476341248;0.0;0.7960547501412467;0.9444047902630928;0.055595209736907236
1731800913.7104404;/app/bags/user95_2017-02-24.bag;0.834065854549408;0.0;0.9619645476341248;0.0;0.7960547501412467;0.9444047902630928;0.055595209736907236
1731800913.910417;/app/bags/user95_2017-02-24.bag;0.834065854549408;0.0;0.9619645476341248;0.0;0.7960547501412467;0.9444047902630928;0.055595209736907236
1731800914.1104505;/app/bags/user95_2017-02-24.bag;0.834065854549408;0.0;0.9619645476341248;0.0;0.7960547501412467;0.9444047902630928;0.055595209736907236
1731800914.3103392;/app/bags/user95_2017-02-24.bag;0.834065854549408;0.0;0.9619645476341248;0.0;0.7960547501412467;0.9444047902630928;0.055595209736907236
1731800914.5104153;/app/bags/user95_2017-02-24.bag;0.834065854549408;0.0;0.9619645476341248;0.0;0.7960547501412467;0.9444047902630928;0.055595209736907236
1731800914.710409;/app/bags/user95_2017-02-24.bag;0.834065854549408;0.0;0.9619645476341248;0.0;0.7960547501412467;0.9444047902630928;0.055595209736907236
1731800914.9104614;/app/bags/user95_2017-02-24.bag;0.834065854549408;0.0;0.9619645476341248;0.0;0.7960547501412467;0.9444047902630928;0.055595209736907236
1731800915.110354;/app/bags/user95_2017-02-24.bag;0.834065854549408;0.0;0.9619645476341248;0.0;0.7960547501412467;0.9444047902630928;0.055595209736907236
1731800915.3103576;/app/bags/user95_2017-02-24.bag;0.834065854549408;0.0;0.9619645476341248;0.0;0.7960547501412467;0.9444047902630928;0.055595209736907236
1731800915.5104046;/app/bags/user95_2017-02-24.bag;0.834065854549408;0.0;0.9619645476341248;0.0;0.7960547501412467;0.9444047902630928;0.055595209736907236
1731800915.710346;/app/bags/user95_2017-02-24.bag;0.834065854549408;0.0;0.9619645476341248;0.0;0.7960547501412467;0.9444047902630928;0.055595209736907236
1731800915.9103847;/app/bags/user95_2017-02-24.bag;0.834065854549408;0.0;0.9619645476341248;0.0;0.7960547501412467;0.9444047902630928;0.055595209736907236
1731800916.1104202;/app/bags/user95_2017-02-24.bag;0.834065854549408;0.0;0.9619645476341248;0.0;0.7960547501412467;0.9444047902630928;0.055595209736907236
1731800916.3104215;/app/bags/user95_2017-02-24.bag;0.834065854549408;0.0;0.9619645476341248;0.0;0.7960547501412467;0.9444047902630928;0.055595209736907236
1731800916.5104113;/app/bags/user95_2017-02-24.bag;0.834065854549408;0.0;0.9619645476341248;0.0;0.7960547501412467;0.9444047902630928;0.055595209736907236
1731800916.7104208;/app/bags/user95_2017-02-24.bag;0.834065854549408;0.0;0.9619645476341248;0.0;0.7960547501412467;0.9444047902630928;0.055595209736907236
1731800916.910561;/app/bags/user95_2017-02-24.bag;0.834065854549408;0.0;0.9619645476341248;0.0;0.7960547501412467;0.9444047902630928;0.055595209736907236
1731800917.1104228;/app/bags/user95_2017-02-24.bag;0.834065854549408;0.0;0.9619645476341248;0.0;0.7960547501412467;0.9444047902630928;0.055595209736907236
1731800917.3104386;/app/bags/user95_2017-02-24.bag;0.834065854549408;0.0;0.9619645476341248;0.0;0.7960547501412467;0.9444047902630928;0.055595209736907236
1731800917.5104764;/app/bags/user95_2017-02-24.bag;0.834065854549408;0.0;0.9619645476341248;0.0;0.7960547501412467;0.9444047902630928;0.055595209736907236
1731800917.7104218;/app/bags/user95_2017-02-24.bag;0.834065854549408;0.0;0.9619645476341248;0.0;0.7960547501412467;0.9444047902630928;0.055595209736907236
1731800917.9104366;/app/bags/user95_2017-02-24.bag;0.834065854549408;0.0;0.9619645476341248;0.0;0.7960547501412467;0.9444047902630928;0.055595209736907236
1731800918.1103728;/app/bags/user95_2017-02-24.bag;0.834065854549408;0.0;0.9619645476341248;0.0;0.7960547501412467;0.9444047902630928;0.055595209736907236
1731800918.3103926;/app/bags/user95_2017-02-24.bag;0.834065854549408;0.0;0.9619645476341248;0.0;0.7960547501412467;0.9444047902630928;0.055595209736907236
1731800918.5104167;/app/bags/user95_2017-02-24.bag;0.834065854549408;0.0;0.9619645476341248;0.0;0.7960547501412467;0.9444047902630928;0.055595209736907236
1731800918.7103975;/app/bags/user95_2017-02-24.bag;0.834065854549408;0.0;0.9619645476341248;0.0;0.7960547501412467;0.9444047902630928;0.055595209736907236
1731800918.9103982;/app/bags/user95_2017-02-24.bag;0.834065854549408;0.0;0.9619645476341248;0.0;0.7960547501412467;0.9444047902630928;0.055595209736907236
1731800919.110412;/app/bags/user95_2017-02-24.bag;0.834065854549408;0.0;0.9619645476341248;0.0;0.7960547501412467;0.9444047902630928;0.055595209736907236
1731800919.3104126;/app/bags/user95_2017-02-24.bag;0.834065854549408;0.0;0.9619645476341248;0.0;0.7960547501412467;0.9444047902630928;0.055595209736907236
1731800919.5103986;/app/bags/user95_2017-02-24.bag;0.834065854549408;0.0;0.9619645476341248;0.0;0.7960547501412467;0.9444047902630928;0.055595209736907236
1731800919.7104478;/app/bags/user95_2017-02-24.bag;0.834065854549408;0.0;0.9619645476341248;0.0;0.7960547501412467;0.9444047902630928;0.055595209736907236
1731800919.910435;/app/bags/user95_2017-02-24.bag;0.834065854549408;0.0;0.9619645476341248;0.0;0.7960547501412467;0.9444047902630928;0.055595209736907236
1731800920.1104746;/app/bags/user95_2017-02-24.bag;0.834065854549408;0.0;0.9619645476341248;0.0;0.7960547501412467;0.9444047902630928;0.055595209736907236
1731800920.3104105;/app/bags/user95_2017-02-24.bag;0.834065854549408;0.0;0.9619645476341248;0.0;0.7960547501412467;0.9444047902630928;0.055595209736907236
1731800920.5103867;/app/bags/user95_2017-02-24.bag;0.834065854549408;0.0;0.9619645476341248;0.0;0.7960547501412467;0.9444047902630928;0.055595209736907236
1731800920.710403;/app/bags/user95_2017-02-24.bag;0.834065854549408;0.0;0.9619645476341248;0.0;0.7960547501412467;0.9444047902630928;0.055595209736907236
1731800920.9104123;/app/bags/user95_2017-02-24.bag;0.834065854549408;0.0;0.9619645476341248;0.0;0.7960547501412467;0.9444047902630928;0.055595209736907236
1731800921.11039;/app/bags/user95_2017-02-24.bag;0.834065854549408;0.0;0.9619645476341248;0.0;0.7960547501412467;0.9444047902630928;0.055595209736907236
1731800921.3103888;/app/bags/user95_2017-02-24.bag;0.834065854549408;0.0;0.9619645476341248;0.0;0.7960547501412467;0.9444047902630928;0.055595209736907236
1731800921.510483;/app/bags/user95_2017-02-24.bag;0.834065854549408;0.0;0.9619645476341248;0.0;0.7960547501412467;0.9444047902630928;0.055595209736907236
1731800921.7104003;/app/bags/user95_2017-02-24.bag;0.834065854549408;0.0;0.9619645476341248;0.0;0.7960547501412467;0.9444047902630928;0.055595209736907236
1731800921.9104087;/app/bags/user95_2017-02-24.bag;0.834065854549408;0.0;0.9619645476341248;0.0;0.7960547501412467;0.9444047902630928;0.055595209736907236
1731800922.1103985;/app/bags/user95_2017-02-24.bag;0.834065854549408;0.0;0.9619645476341248;0.0;0.7960547501412467;0.9444047902630928;0.055595209736907236
1731800922.3103957;/app/bags/user95_2017-02-24.bag;0.834065854549408;0.0;0.9619645476341248;0.0;0.7960547501412467;0.9444047902630928;0.055595209736907236
1731800922.5104759;/app/bags/user95_2017-02-24.bag;0.834065854549408;0.0;0.9619645476341248;0.0;0.7960547501412467;0.9444047902630928;0.055595209736907236
1731800922.7104197;/app/bags/user95_2017-02-24.bag;0.834065854549408;0.0;0.9619645476341248;0.0;0.7960547501412467;0.9444047902630928;0.055595209736907236
1731800922.9103668;/app/bags/user95_2017-02-24.bag;0.834065854549408;0.0;0.9619645476341248;0.0;0.7960547501412467;0.9444047902630928;0.055595209736907236
1731800923.1104386;/app/bags/user95_2017-02-24.bag;0.834065854549408;0.0;0.9619645476341248;0.0;0.7960547501412467;0.9444047902630928;0.055595209736907236
1731800923.3103788;/app/bags/user95_2017-02-24.bag;0.834065854549408;0.0;0.9619645476341248;0.0;0.7960547501412467;0.9444047902630928;0.055595209736907236
1731800923.5104053;/app/bags/user95_2017-02-24.bag;0.834065854549408;0.0;0.9619645476341248;0.0;0.7960547501412467;0.9444047902630928;0.055595209736907236
1731800923.710402;/app/bags/user95_2017-02-24.bag;0.834065854549408;0.0;0.9619645476341248;0.0;0.7960547501412467;0.9444047902630928;0.055595209736907236
1731800923.9103951;/app/bags/user95_2017-02-24.bag;0.834065854549408;0.0;0.9619645476341248;0.0;0.7960547501412467;0.9444047902630928;0.055595209736907236
1731800924.1104505;/app/bags/user95_2017-02-24.bag;0.834065854549408;0.0;0.9619645476341248;0.0;0.7960547501412467;0.9444047902630928;0.055595209736907236
1731800924.310382;/app/bags/user95_2017-02-24.bag;0.834065854549408;0.0;0.9619645476341248;0.0;0.7960547501412467;0.9444047902630928;0.055595209736907236
1731800924.510423;/app/bags/user95_2017-02-24.bag;0.834065854549408;0.0;0.9619645476341248;0.0;0.7960547501412467;0.9444047902630928;0.055595209736907236
1731800924.7104087;/app/bags/user95_2017-02-24.bag;0.834065854549408;0.0;0.9619645476341248;0.0;0.7960547501412467;0.9444047902630928;0.055595209736907236
1731800924.9104142;/app/bags/user95_2017-02-24.bag;0.834065854549408;0.0;0.9619645476341248;0.0;0.7960547501412467;0.9444047902630928;0.055595209736907236
1731800925.1105032;/app/bags/user95_2017-02-24.bag;0.834065854549408;0.0;0.9619645476341248;0.0;0.7960547501412467;0.9444047902630928;0.055595209736907236
1731800925.3104086;/app/bags/user95_2017-02-24.bag;0.834065854549408;0.0;0.9619645476341248;0.0;0.7960547501412467;0.9444047902630928;0.055595209736907236
1731800925.510418;/app/bags/user95_2017-02-24.bag;0.834065854549408;0.0;0.9619645476341248;0.0;0.7960547501412467;0.9444047902630928;0.055595209736907236
1731800925.710468;/app/bags/user95_2017-02-24.bag;0.834065854549408;0.0;0.9619645476341248;0.0;0.7960547501412467;0.9444047902630928;0.055595209736907236
1731800925.9103758;/app/bags/user95_2017-02-24.bag;0.834065854549408;0.0;0.9619645476341248;0.0;0.7960547501412467;0.9444047902630928;0.055595209736907236
1731800926.1104612;/app/bags/user95_2017-02-24.bag;0.834065854549408;0.0;0.9619645476341248;0.0;0.7960547501412467;0.9444047902630928;0.055595209736907236
1731800926.3103743;/app/bags/user95_2017-02-24.bag;0.834065854549408;0.0;0.9619645476341248;0.0;0.7960547501412467;0.9444047902630928;0.055595209736907236
1731800926.5105853;/app/bags/user95_2017-02-24.bag;0.834065854549408;0.0;0.9619645476341248;0.0;0.7960547501412467;0.9444047902630928;0.055595209736907236
1731800926.71043;/app/bags/user95_2017-02-24.bag;0.834065854549408;0.0;0.9619645476341248;0.0;0.7960547501412467;0.9444047902630928;0.055595209736907236
1731800926.9103887;/app/bags/user95_2017-02-24.bag;0.834065854549408;0.0;0.9619645476341248;0.0;0.7960547501412467;0.9444047902630928;0.055595209736907236
1731800927.110371;/app/bags/user95_2017-02-24.bag;0.834065854549408;0.0;0.9619645476341248;0.0;0.7960547501412467;0.9444047902630928;0.055595209736907236
1731800927.3103693;/app/bags/user95_2017-02-24.bag;0.834065854549408;0.0;0.9619645476341248;0.0;0.7960547501412467;0.9444047902630928;0.055595209736907236
1731800927.510375;/app/bags/user95_2017-02-24.bag;0.834065854549408;0.0;0.9619645476341248;0.0;0.7960547501412467;0.9444047902630928;0.055595209736907236
1731800927.711023;/app/bags/user95_2017-02-24.bag;0.834065854549408;0.0;0.9619645476341248;0.0;0.7960547501412467;0.9444047902630928;0.055595209736907236
1731800927.910385;/app/bags/user95_2017-02-24.bag;0.834065854549408;0.0;0.9619645476341248;0.0;0.7960547501412467;0.9444047902630928;0.055595209736907236
1731800928.1103776;/app/bags/user95_2017-02-24.bag;0.834065854549408;0.0;0.9619645476341248;0.0;0.7960547501412467;0.9444047902630928;0.055595209736907236
1731800928.3103561;/app/bags/user95_2017-02-24.bag;0.834065854549408;0.0;0.9619645476341248;0.0;0.7960547501412467;0.9444047902630928;0.055595209736907236
1731800928.5104756;/app/bags/user95_2017-02-24.bag;0.834065854549408;0.0;0.9619645476341248;0.0;0.7960547501412467;0.9444047902630928;0.055595209736907236
1731800928.7103968;/app/bags/user95_2017-02-24.bag;0.834065854549408;0.0;0.9619645476341248;0.0;0.7960547501412467;0.9444047902630928;0.055595209736907236
1731800928.9104164;/app/bags/user95_2017-02-24.bag;0.834065854549408;0.0;0.9619645476341248;0.0;0.7960547501412467;0.9444047902630928;0.055595209736907236
1731800929.1104069;/app/bags/user95_2017-02-24.bag;0.834065854549408;0.0;0.9619645476341248;0.0;0.7960547501412467;0.9444047902630928;0.055595209736907236
1731800929.3104165;/app/bags/user95_2017-02-24.bag;0.834065854549408;0.0;0.9619645476341248;0.0;0.7960547501412467;0.9444047902630928;0.055595209736907236
1731800929.5104313;/app/bags/user95_2017-02-24.bag;0.834065854549408;0.0;0.9619645476341248;0.0;0.7960547501412467;0.9444047902630928;0.055595209736907236
1731800929.7104213;/app/bags/user95_2017-02-24.bag;0.834065854549408;0.0;0.9619645476341248;0.0;0.7960547501412467;0.9444047902630928;0.055595209736907236
1731800929.9104116;/app/bags/user95_2017-02-24.bag;0.834065854549408;0.0;0.9619645476341248;0.0;0.7960547501412467;0.9444047902630928;0.055595209736907236
1731800930.110377;/app/bags/user95_2017-02-24.bag;0.834065854549408;0.0;0.9619645476341248;0.0;0.7960547501412467;0.9444047902630928;0.055595209736907236
1731800930.3104055;/app/bags/user95_2017-02-24.bag;0.834065854549408;0.0;0.9619645476341248;0.0;0.7960547501412467;0.9444047902630928;0.055595209736907236
1731800930.510415;/app/bags/user95_2017-02-24.bag;0.834065854549408;0.0;0.9619645476341248;0.0;0.7960547501412467;0.9444047902630928;0.055595209736907236
1731800930.7103577;/app/bags/user95_2017-02-24.bag;0.834065854549408;0.0;0.9619645476341248;0.0;0.7960547501412467;0.9444047902630928;0.055595209736907236
1731800930.9104106;/app/bags/user95_2017-02-24.bag;0.834065854549408;0.0;0.9619645476341248;0.0;0.7960547501412467;0.9444047902630928;0.055595209736907236
1731800931.110466;/app/bags/user95_2017-02-24.bag;0.834065854549408;0.0;0.9619645476341248;0.0;0.7960547501412467;0.9444047902630928;0.055595209736907236
1731800931.3103788;/app/bags/user95_2017-02-24.bag;0.834065854549408;0.0;0.9619645476341248;0.0;0.7960547501412467;0.9444047902630928;0.055595209736907236
1731800931.5103908;/app/bags/user95_2017-02-24.bag;0.834065854549408;0.0;0.9619645476341248;0.0;0.7960547501412467;0.9444047902630928;0.055595209736907236
1731800931.7103975;/app/bags/user95_2017-02-24.bag;0.834065854549408;0.0;0.9619645476341248;0.0;0.7960547501412467;0.9444047902630928;0.055595209736907236
1731800931.9103975;/app/bags/user95_2017-02-24.bag;0.834065854549408;0.0;0.9619645476341248;0.0;0.7960547501412467;0.9444047902630928;0.055595209736907236
1731800932.1104217;/app/bags/user95_2017-02-24.bag;0.834065854549408;0.0;0.9619645476341248;0.0;0.7960547501412467;0.9444047902630928;0.055595209736907236
1731800932.310441;/app/bags/user95_2017-02-24.bag;0.834065854549408;0.0;0.9619645476341248;0.0;0.7960547501412467;0.9444047902630928;0.055595209736907236
1731800932.5104327;/app/bags/user95_2017-02-24.bag;0.834065854549408;0.0;0.9619645476341248;0.0;0.7960547501412467;0.9444047902630928;0.055595209736907236
1731800932.7104006;/app/bags/user95_2017-02-24.bag;0.834065854549408;0.0;0.9619645476341248;0.0;0.7960547501412467;0.9444047902630928;0.055595209736907236
1731800932.9103684;/app/bags/user95_2017-02-24.bag;0.834065854549408;0.0;0.9619645476341248;0.0;0.7960547501412467;0.9444047902630928;0.055595209736907236
1731800933.1104546;/app/bags/user95_2017-02-24.bag;0.834065854549408;0.0;0.9619645476341248;0.0;0.7960547501412467;0.9444047902630928;0.055595209736907236
1731800933.3104286;/app/bags/user95_2017-02-24.bag;0.834065854549408;0.0;0.9619645476341248;0.0;0.7960547501412467;0.9444047902630928;0.055595209736907236
1731800933.5104046;/app/bags/user95_2017-02-24.bag;0.834065854549408;0.0;0.9619645476341248;0.0;0.7960547501412467;0.9444047902630928;0.055595209736907236
1731800933.7104151;/app/bags/user95_2017-02-24.bag;0.834065854549408;0.0;0.9619645476341248;0.0;0.7960547501412467;0.9444047902630928;0.055595209736907236
1731800933.9104111;/app/bags/user95_2017-02-24.bag;0.834065854549408;0.0;0.9619645476341248;0.0;0.7960547501412467;0.9444047902630928;0.055595209736907236
1731800934.1104815;/app/bags/user95_2017-02-24.bag;0.834065854549408;0.0;0.9619645476341248;0.0;0.7960547501412467;0.9444047902630928;0.055595209736907236
1731800934.3103724;/app/bags/user95_2017-02-24.bag;0.834065854549408;0.0;0.9619645476341248;0.0;0.7960547501412467;0.9444047902630928;0.055595209736907236
1731800934.5104048;/app/bags/user95_2017-02-24.bag;0.834065854549408;0.0;0.9619645476341248;0.0;0.7960547501412467;0.9444047902630928;0.055595209736907236
1731800934.7103803;/app/bags/user95_2017-02-24.bag;0.834065854549408;0.0;0.9619645476341248;0.0;0.7960547501412467;0.9444047902630928;0.055595209736907236
1731800934.9103732;/app/bags/user95_2017-02-24.bag;0.834065854549408;0.0;0.9619645476341248;0.0;0.7960547501412467;0.9444047902630928;0.055595209736907236
1731800935.1104014;/app/bags/user95_2017-02-24.bag;0.834065854549408;0.0;0.9619645476341248;0.0;0.7960547501412467;0.9444047902630928;0.055595209736907236
1731800935.3103757;/app/bags/user95_2017-02-24.bag;0.834065854549408;0.0;0.9619645476341248;0.0;0.7960547501412467;0.9444047902630928;0.055595209736907236
1731800935.5103865;/app/bags/user95_2017-02-24.bag;0.834065854549408;0.0;0.9619645476341248;0.0;0.7960547501412467;0.9444047902630928;0.055595209736907236
1731800935.7104316;/app/bags/user95_2017-02-24.bag;0.834065854549408;0.0;0.9619645476341248;0.0;0.7960547501412467;0.9444047902630928;0.055595209736907236
1731800935.910364;/app/bags/user95_2017-02-24.bag;0.834065854549408;0.0;0.9619645476341248;0.0;0.7960547501412467;0.9444047902630928;0.055595209736907236
1731800936.1103806;/app/bags/user95_2017-02-24.bag;0.834065854549408;0.0;0.9619645476341248;0.0;0.7960547501412467;0.9444047902630928;0.055595209736907236
1731800936.3103626;/app/bags/user95_2017-02-24.bag;0.834065854549408;0.0;0.9619645476341248;0.0;0.7960547501412467;0.9444047902630928;0.055595209736907236
1731800936.5103898;/app/bags/user95_2017-02-24.bag;0.834065854549408;0.0;0.9619645476341248;0.0;0.7960547501412467;0.9444047902630928;0.055595209736907236
1731800936.7104018;/app/bags/user95_2017-02-24.bag;0.834065854549408;0.0;0.9619645476341248;0.0;0.7960547501412467;0.9444047902630928;0.055595209736907236
1731800936.910482;/app/bags/user95_2017-02-24.bag;0.834065854549408;0.0;0.9619645476341248;0.0;0.7960547501412467;0.9444047902630928;0.055595209736907236
1731800937.110466;/app/bags/user95_2017-02-24.bag;0.834065854549408;0.0;0.9619645476341248;0.0;0.7960547501412467;0.9444047902630928;0.055595209736907236
1731800937.3103878;/app/bags/user95_2017-02-24.bag;0.834065854549408;0.0;0.9619645476341248;0.0;0.7960547501412467;0.9444047902630928;0.055595209736907236
1731800937.5103993;/app/bags/user95_2017-02-24.bag;0.834065854549408;0.0;0.9619645476341248;0.0;0.7960547501412467;0.9444047902630928;0.055595209736907236
1731800937.7104034;/app/bags/user95_2017-02-24.bag;0.834065854549408;0.0;0.9619645476341248;0.0;0.7960547501412467;0.9444047902630928;0.055595209736907236
1731800937.910379;/app/bags/user95_2017-02-24.bag;0.834065854549408;0.0;0.9619645476341248;0.0;0.7960547501412467;0.9444047902630928;0.055595209736907236
1731800938.110448;/app/bags/user95_2017-02-24.bag;0.834065854549408;0.0;0.9619645476341248;0.0;0.7960547501412467;0.9444047902630928;0.055595209736907236
1731800938.3104856;/app/bags/user95_2017-02-24.bag;0.834065854549408;0.0;0.9619645476341248;0.0;0.7960547501412467;0.9444047902630928;0.055595209736907236
1731800938.5103884;/app/bags/user95_2017-02-24.bag;0.834065854549408;0.0;0.9619645476341248;0.0;0.7960547501412467;0.9444047902630928;0.055595209736907236
1731800938.710482;/app/bags/user95_2017-02-24.bag;0.834065854549408;0.0;0.9619645476341248;0.0;0.7960547501412467;0.9444047902630928;0.055595209736907236
1731800938.9106727;/app/bags/user95_2017-02-24.bag;0.834065854549408;0.0;0.9619645476341248;0.0;0.7960547501412467;0.9444047902630928;0.055595209736907236
1731800939.1103802;/app/bags/user95_2017-02-24.bag;0.834065854549408;0.0;0.9619645476341248;0.0;0.7960547501412467;0.9444047902630928;0.055595209736907236
1731800939.3104072;/app/bags/user95_2017-02-24.bag;0.834065854549408;0.0;0.9619645476341248;0.0;0.7960547501412467;0.9444047902630928;0.055595209736907236
1731800939.5104332;/app/bags/user95_2017-02-24.bag;0.834065854549408;0.0;0.9619645476341248;0.0;0.7960547501412467;0.9444047902630928;0.055595209736907236
1731800939.7104216;/app/bags/user95_2017-02-24.bag;0.834065854549408;0.0;0.9619645476341248;0.0;0.7960547501412467;0.9444047902630928;0.055595209736907236
1731800939.9104738;/app/bags/user95_2017-02-24.bag;0.834065854549408;0.0;0.9619645476341248;0.0;0.7960547501412467;0.9444047902630928;0.055595209736907236
1731800940.1103961;/app/bags/user95_2017-02-24.bag;0.834065854549408;0.0;0.9619645476341248;0.0;0.7960547501412467;0.9444047902630928;0.055595209736907236
1731800940.3103912;/app/bags/user95_2017-02-24.bag;0.834065854549408;0.0;0.9619645476341248;0.0;0.7960547501412467;0.9444047902630928;0.055595209736907236
1731800940.5104215;/app/bags/user95_2017-02-24.bag;0.834065854549408;0.0;0.9619645476341248;0.0;0.7960547501412467;0.9444047902630928;0.055595209736907236
1731800940.7103899;/app/bags/user95_2017-02-24.bag;0.834065854549408;0.0;0.9619645476341248;0.0;0.7960547501412467;0.9444047902630928;0.055595209736907236
1731800940.9104202;/app/bags/user95_2017-02-24.bag;0.834065854549408;0.0;0.9619645476341248;0.0;0.7960547501412467;0.9444047902630928;0.055595209736907236
1731800941.11038;/app/bags/user95_2017-02-24.bag;0.834065854549408;0.0;0.9619645476341248;0.0;0.7960547501412467;0.9444047902630928;0.055595209736907236
1731800941.3104353;/app/bags/user95_2017-02-24.bag;0.834065854549408;0.0;0.9619645476341248;0.0;0.7960547501412467;0.9444047902630928;0.055595209736907236
1731800941.5104039;/app/bags/user95_2017-02-24.bag;0.834065854549408;0.0;0.9619645476341248;0.0;0.7960547501412467;0.9444047902630928;0.055595209736907236
1731800941.7104108;/app/bags/user95_2017-02-24.bag;0.834065854549408;0.0;0.9619645476341248;0.0;0.7960547501412467;0.9444047902630928;0.055595209736907236
1731800941.9103892;/app/bags/user95_2017-02-24.bag;0.834065854549408;0.0;0.9619645476341248;0.0;0.7960547501412467;0.9444047902630928;0.055595209736907236
1731800942.1104026;/app/bags/user95_2017-02-24.bag;0.834065854549408;0.0;0.9619645476341248;0.0;0.7960547501412467;0.9444047902630928;0.055595209736907236
1731800942.3104153;/app/bags/user95_2017-02-24.bag;0.834065854549408;0.0;0.9619645476341248;0.0;0.7960547501412467;0.9444047902630928;0.055595209736907236
1731800942.510397;/app/bags/user95_2017-02-24.bag;0.834065854549408;0.0;0.9619645476341248;0.0;0.7960547501412467;0.9444047902630928;0.055595209736907236
1731800942.7104619;/app/bags/user95_2017-02-24.bag;0.834065854549408;0.0;0.9619645476341248;0.0;0.7960547501412467;0.9444047902630928;0.055595209736907236
1731800942.9104156;/app/bags/user95_2017-02-24.bag;0.834065854549408;0.0;0.9619645476341248;0.0;0.7960547501412467;0.9444047902630928;0.055595209736907236
1731800943.1103935;/app/bags/user95_2017-02-24.bag;0.834065854549408;0.0;0.9619645476341248;0.0;0.7960547501412467;0.9444047902630928;0.055595209736907236
1731800943.3104134;/app/bags/user95_2017-02-24.bag;0.834065854549408;0.0;0.9619645476341248;0.0;0.7960547501412467;0.9444047902630928;0.055595209736907236
1731800943.5104277;/app/bags/user95_2017-02-24.bag;0.834065854549408;0.0;0.9619645476341248;0.0;0.7960547501412467;0.9444047902630928;0.055595209736907236
1731800943.7103922;/app/bags/user95_2017-02-24.bag;0.834065854549408;0.0;0.9619645476341248;0.0;0.7960547501412467;0.9444047902630928;0.055595209736907236
1731800943.9104755;/app/bags/user95_2017-02-24.bag;0.834065854549408;0.0;0.9619645476341248;0.0;0.7960547501412467;0.9444047902630928;0.055595209736907236
1731800944.1103773;/app/bags/user95_2017-02-24.bag;0.834065854549408;0.0;0.9619645476341248;0.0;0.7960547501412467;0.9444047902630928;0.055595209736907236
1731800944.3104694;/app/bags/user95_2017-02-24.bag;0.834065854549408;0.0;0.9619645476341248;0.0;0.7960547501412467;0.9444047902630928;0.055595209736907236
1731800944.51038;/app/bags/user95_2017-02-24.bag;0.834065854549408;0.0;0.9619645476341248;0.0;0.7960547501412467;0.9444047902630928;0.055595209736907236
1731800944.7105043;/app/bags/user95_2017-02-24.bag;0.834065854549408;0.0;0.9619645476341248;0.0;0.7960547501412467;0.9444047902630928;0.055595209736907236
1731800944.9104078;/app/bags/user95_2017-02-24.bag;0.834065854549408;0.0;0.9619645476341248;0.0;0.7960547501412467;0.9444047902630928;0.055595209736907236
1731800945.1104727;/app/bags/user95_2017-02-24.bag;0.834065854549408;0.0;0.9619645476341248;0.0;0.7960547501412467;0.9444047902630928;0.055595209736907236
1731800945.3104055;/app/bags/user95_2017-02-24.bag;0.834065854549408;0.0;0.9619645476341248;0.0;0.7960547501412467;0.9444047902630928;0.055595209736907236
1731800945.5103724;/app/bags/user95_2017-02-24.bag;0.834065854549408;0.0;0.9619645476341248;0.0;0.7960547501412467;0.9444047902630928;0.055595209736907236
1731800945.7104075;/app/bags/user95_2017-02-24.bag;0.834065854549408;0.0;0.9619645476341248;0.0;0.7960547501412467;0.9444047902630928;0.055595209736907236
1731800945.9103954;/app/bags/user95_2017-02-24.bag;0.834065854549408;0.0;0.9619645476341248;0.0;0.7960547501412467;0.9444047902630928;0.055595209736907236
1731800946.1104295;/app/bags/user95_2017-02-24.bag;0.834065854549408;0.0;0.9619645476341248;0.0;0.7960547501412467;0.9444047902630928;0.055595209736907236
1731800946.3104012;/app/bags/user95_2017-02-24.bag;0.834065854549408;0.0;0.9619645476341248;0.0;0.7960547501412467;0.9444047902630928;0.055595209736907236
1731800946.5103836;/app/bags/user95_2017-02-24.bag;0.834065854549408;0.0;0.9619645476341248;0.0;0.7960547501412467;0.9444047902630928;0.055595209736907236
1731800946.7103772;/app/bags/user95_2017-02-24.bag;0.834065854549408;0.0;0.9619645476341248;0.0;0.7960547501412467;0.9444047902630928;0.055595209736907236
1731800946.9103959;/app/bags/user95_2017-02-24.bag;0.834065854549408;0.0;0.9619645476341248;0.0;0.7960547501412467;0.9444047902630928;0.055595209736907236
1731800947.1103678;/app/bags/user95_2017-02-24.bag;0.834065854549408;0.0;0.9619645476341248;0.0;0.7960547501412467;0.9444047902630928;0.055595209736907236
1731800947.3104184;/app/bags/user95_2017-02-24.bag;0.834065854549408;0.0;0.9619645476341248;0.0;0.7960547501412467;0.9444047902630928;0.055595209736907236
1731800947.51044;/app/bags/user95_2017-02-24.bag;0.834065854549408;0.0;0.9619645476341248;0.0;0.7960547501412467;0.9444047902630928;0.055595209736907236
1731800947.710423;/app/bags/user95_2017-02-24.bag;0.834065854549408;0.0;0.9619645476341248;0.0;0.7960547501412467;0.9444047902630928;0.055595209736907236
1731800947.9104698;/app/bags/user95_2017-02-24.bag;0.834065854549408;0.0;0.9619645476341248;0.0;0.7960547501412467;0.9444047902630928;0.055595209736907236
1731800948.1104195;/app/bags/user95_2017-02-24.bag;0.834065854549408;0.0;0.9619645476341248;0.0;0.7960547501412467;0.9444047902630928;0.055595209736907236
1731800948.3104265;/app/bags/user95_2017-02-24.bag;0.834065854549408;0.0;0.9619645476341248;0.0;0.7960547501412467;0.9444047902630928;0.055595209736907236
1731800948.510378;/app/bags/user95_2017-02-24.bag;0.834065854549408;0.0;0.9619645476341248;0.0;0.7960547501412467;0.9444047902630928;0.055595209736907236
1731800948.7106295;/app/bags/user95_2017-02-24.bag;0.834065854549408;0.0;0.9619645476341248;0.0;0.7960547501412467;0.9444047902630928;0.055595209736907236
1731800948.9103827;/app/bags/user95_2017-02-24.bag;0.834065854549408;0.0;0.9619645476341248;0.0;0.7960547501412467;0.9444047902630928;0.055595209736907236
1731800949.1103973;/app/bags/user95_2017-02-24.bag;0.834065854549408;0.0;0.9619645476341248;0.0;0.7960547501412467;0.9444047902630928;0.055595209736907236
1731800949.3104124;/app/bags/user95_2017-02-24.bag;0.834065854549408;0.0;0.9619645476341248;0.0;0.7960547501412467;0.9444047902630928;0.055595209736907236
1731800949.5104127;/app/bags/user95_2017-02-24.bag;0.834065854549408;0.0;0.9619645476341248;0.0;0.7960547501412467;0.9444047902630928;0.055595209736907236
1731800949.7103817;/app/bags/user95_2017-02-24.bag;0.834065854549408;0.0;0.9619645476341248;0.0;0.7960547501412467;0.9444047902630928;0.055595209736907236
1731800949.9104254;/app/bags/user95_2017-02-24.bag;0.834065854549408;0.0;0.9619645476341248;0.0;0.7960547501412467;0.9444047902630928;0.055595209736907236
1731800950.110514;/app/bags/user95_2017-02-24.bag;0.834065854549408;0.0;0.9619645476341248;0.0;0.7960547501412467;0.9444047902630928;0.055595209736907236
1731800950.3104007;/app/bags/user95_2017-02-24.bag;0.834065854549408;0.0;0.9619645476341248;0.0;0.7960547501412467;0.9444047902630928;0.055595209736907236
1731800950.5103912;/app/bags/user95_2017-02-24.bag;0.834065854549408;0.0;0.9619645476341248;0.0;0.7960547501412467;0.9444047902630928;0.055595209736907236
1731800950.7104633;/app/bags/user95_2017-02-24.bag;0.834065854549408;0.0;0.9619645476341248;0.0;0.7960547501412467;0.9444047902630928;0.055595209736907236
1731800950.9103878;/app/bags/user95_2017-02-24.bag;0.834065854549408;0.0;0.9619645476341248;0.0;0.7960547501412467;0.9444047902630928;0.055595209736907236
1731800951.1103945;/app/bags/user95_2017-02-24.bag;0.834065854549408;0.0;0.9619645476341248;0.0;0.7960547501412467;0.9444047902630928;0.055595209736907236
1731800951.310422;/app/bags/user95_2017-02-24.bag;0.834065854549408;0.0;0.9619645476341248;0.0;0.7960547501412467;0.9444047902630928;0.055595209736907236
1731800951.5104103;/app/bags/user95_2017-02-24.bag;0.834065854549408;0.0;0.9619645476341248;0.0;0.7960547501412467;0.9444047902630928;0.055595209736907236
1731800951.7103665;/app/bags/user95_2017-02-24.bag;0.834065854549408;0.0;0.9619645476341248;0.0;0.7960547501412467;0.9444047902630928;0.055595209736907236
1731800951.91054;/app/bags/user95_2017-02-24.bag;0.834065854549408;0.0;0.9619645476341248;0.0;0.7960547501412467;0.9444047902630928;0.055595209736907236
1731800952.110384;/app/bags/user95_2017-02-24.bag;0.834065854549408;0.0;0.9619645476341248;0.0;0.7960547501412467;0.9444047902630928;0.055595209736907236
1731800952.31039;/app/bags/user95_2017-02-24.bag;0.834065854549408;0.0;0.9619645476341248;0.0;0.7960547501412467;0.9444047902630928;0.055595209736907236
1731800952.5104227;/app/bags/user95_2017-02-24.bag;0.834065854549408;0.0;0.9619645476341248;0.0;0.7960547501412467;0.9444047902630928;0.055595209736907236
1731800952.710425;/app/bags/user95_2017-02-24.bag;0.834065854549408;0.0;0.9619645476341248;0.0;0.7960547501412467;0.9444047902630928;0.055595209736907236
1731800952.9104102;/app/bags/user95_2017-02-24.bag;0.834065854549408;0.0;0.9619645476341248;0.0;0.7960547501412467;0.9444047902630928;0.055595209736907236
1731800953.1103995;/app/bags/user95_2017-02-24.bag;0.834065854549408;0.0;0.9619645476341248;0.0;0.7960547501412467;0.9444047902630928;0.055595209736907236
1731800953.3103952;/app/bags/user95_2017-02-24.bag;0.834065854549408;0.0;0.9619645476341248;0.0;0.7960547501412467;0.9444047902630928;0.055595209736907236
1731800953.5104609;/app/bags/user95_2017-02-24.bag;0.834065854549408;0.0;0.9619645476341248;0.0;0.7960547501412467;0.9444047902630928;0.055595209736907236
1731800953.7104418;/app/bags/user95_2017-02-24.bag;0.834065854549408;0.0;0.9619645476341248;0.0;0.7960547501412467;0.9444047902630928;0.055595209736907236
1731800953.9103673;/app/bags/user95_2017-02-24.bag;0.834065854549408;0.0;0.9619645476341248;0.0;0.7960547501412467;0.9444047902630928;0.055595209736907236
1731800954.110413;/app/bags/user95_2017-02-24.bag;0.834065854549408;0.0;0.9619645476341248;0.0;0.7960547501412467;0.9444047902630928;0.055595209736907236
1731800954.3104515;/app/bags/user95_2017-02-24.bag;0.834065854549408;0.0;0.9619645476341248;0.0;0.7960547501412467;0.9444047902630928;0.055595209736907236
1731800954.5105143;/app/bags/user95_2017-02-24.bag;0.834065854549408;0.0;0.9619645476341248;0.0;0.7960547501412467;0.9444047902630928;0.055595209736907236
1731800954.710386;/app/bags/user95_2017-02-24.bag;0.834065854549408;0.0;0.9619645476341248;0.0;0.7960547501412467;0.9444047902630928;0.055595209736907236
1731800954.9104638;/app/bags/user95_2017-02-24.bag;0.834065854549408;0.0;0.9619645476341248;0.0;0.7960547501412467;0.9444047902630928;0.055595209736907236
1731800955.1103823;/app/bags/user95_2017-02-24.bag;0.834065854549408;0.0;0.9619645476341248;0.0;0.7960547501412467;0.9444047902630928;0.055595209736907236
1731800955.3104134;/app/bags/user95_2017-02-24.bag;0.834065854549408;0.0;0.9619645476341248;0.0;0.7960547501412467;0.9444047902630928;0.055595209736907236
1731800955.5104647;/app/bags/user95_2017-02-24.bag;0.834065854549408;0.0;0.9619645476341248;0.0;0.7960547501412467;0.9444047902630928;0.055595209736907236
1731800955.71066;/app/bags/user95_2017-02-24.bag;0.834065854549408;0.0;0.9619645476341248;0.0;0.7960547501412467;0.9444047902630928;0.055595209736907236
1731800955.9103928;/app/bags/user95_2017-02-24.bag;0.834065854549408;0.0;0.9619645476341248;0.0;0.7960547501412467;0.9444047902630928;0.055595209736907236
1731800956.1104317;/app/bags/user95_2017-02-24.bag;0.834065854549408;0.0;0.9619645476341248;0.0;0.7960547501412467;0.9444047902630928;0.055595209736907236
1731800956.3104074;/app/bags/user95_2017-02-24.bag;0.834065854549408;0.0;0.9619645476341248;0.0;0.7960547501412467;0.9444047902630928;0.055595209736907236
1731800956.5103865;/app/bags/user95_2017-02-24.bag;0.834065854549408;0.0;0.9619645476341248;0.0;0.7960547501412467;0.9444047902630928;0.055595209736907236
1731800956.7104383;/app/bags/user95_2017-02-24.bag;0.834065854549408;0.0;0.9619645476341248;0.0;0.7960547501412467;0.9444047902630928;0.055595209736907236
1731800956.9104147;/app/bags/user95_2017-02-24.bag;0.834065854549408;0.0;0.9619645476341248;0.0;0.7960547501412467;0.9444047902630928;0.055595209736907236
1731800957.1104512;/app/bags/user95_2017-02-24.bag;0.834065854549408;0.0;0.9619645476341248;0.0;0.7960547501412467;0.9444047902630928;0.055595209736907236
1731800957.310577;/app/bags/user95_2017-02-24.bag;0.834065854549408;0.0;0.9619645476341248;0.0;0.7960547501412467;0.9444047902630928;0.055595209736907236
1731800957.5105047;/app/bags/user95_2017-02-24.bag;0.834065854549408;0.0;0.9619645476341248;0.0;0.7960547501412467;0.9444047902630928;0.055595209736907236
1731800957.7104077;/app/bags/user95_2017-02-24.bag;0.834065854549408;0.0;0.9619645476341248;0.0;0.7960547501412467;0.9444047902630928;0.055595209736907236
1731800957.9104173;/app/bags/user95_2017-02-24.bag;0.834065854549408;0.0;0.9619645476341248;0.0;0.7960547501412467;0.9444047902630928;0.055595209736907236
1731800958.1103709;/app/bags/user95_2017-02-24.bag;0.834065854549408;0.0;0.9619645476341248;0.0;0.7960547501412467;0.9444047902630928;0.055595209736907236
1731800958.3104;/app/bags/user95_2017-02-24.bag;0.834065854549408;0.0;0.9619645476341248;0.0;0.7960547501412467;0.9444047902630928;0.055595209736907236
1731800958.5104053;/app/bags/user95_2017-02-24.bag;0.834065854549408;0.0;0.9619645476341248;0.0;0.7960547501412467;0.9444047902630928;0.055595209736907236
1731800958.7104387;/app/bags/user95_2017-02-24.bag;0.834065854549408;0.0;0.9619645476341248;0.0;0.7960547501412467;0.9444047902630928;0.055595209736907236
1731800958.9105554;/app/bags/user95_2017-02-24.bag;0.834065854549408;0.0;0.9619645476341248;0.0;0.7960547501412467;0.9444047902630928;0.055595209736907236
1731800959.1103702;/app/bags/user95_2017-02-24.bag;0.834065854549408;0.0;0.9619645476341248;0.0;0.7960547501412467;0.9444047902630928;0.055595209736907236
1731800959.3104136;/app/bags/user95_2017-02-24.bag;0.834065854549408;0.0;0.9619645476341248;0.0;0.7960547501412467;0.9444047902630928;0.055595209736907236
1731800959.510401;/app/bags/user95_2017-02-24.bag;0.834065854549408;0.0;0.9619645476341248;0.0;0.7960547501412467;0.9444047902630928;0.055595209736907236
1731800959.7104514;/app/bags/user95_2017-02-24.bag;0.834065854549408;0.0;0.9619645476341248;0.0;0.7960547501412467;0.9444047902630928;0.055595209736907236
1731800959.91036;/app/bags/user95_2017-02-24.bag;0.834065854549408;0.0;0.9619645476341248;0.0;0.7960547501412467;0.9444047902630928;0.055595209736907236
1731800960.1104033;/app/bags/user95_2017-02-24.bag;0.834065854549408;0.0;0.9619645476341248;0.0;0.7960547501412467;0.9444047902630928;0.055595209736907236
1731800960.3103635;/app/bags/user95_2017-02-24.bag;0.834065854549408;0.0;0.9619645476341248;0.0;0.7960547501412467;0.9444047902630928;0.055595209736907236
1731800960.5103834;/app/bags/user95_2017-02-24.bag;0.834065854549408;0.0;0.9619645476341248;0.0;0.7960547501412467;0.9444047902630928;0.055595209736907236
1731800960.7104163;/app/bags/user95_2017-02-24.bag;0.834065854549408;0.0;0.9619645476341248;0.0;0.7960547501412467;0.9444047902630928;0.055595209736907236
1731800960.9104435;/app/bags/user95_2017-02-24.bag;0.834065854549408;0.0;0.9619645476341248;0.0;0.7960547501412467;0.9444047902630928;0.055595209736907236
1731800961.1104274;/app/bags/user95_2017-02-24.bag;0.834065854549408;0.0;0.9619645476341248;0.0;0.7960547501412467;0.9444047902630928;0.055595209736907236
1731800961.3103695;/app/bags/user95_2017-02-24.bag;0.834065854549408;0.0;0.9619645476341248;0.0;0.7960547501412467;0.9444047902630928;0.055595209736907236
1731800961.5103796;/app/bags/user95_2017-02-24.bag;0.834065854549408;0.0;0.9619645476341248;0.0;0.7960547501412467;0.9444047902630928;0.055595209736907236
1731800961.7104328;/app/bags/user95_2017-02-24.bag;0.834065854549408;0.0;0.9619645476341248;0.0;0.7960547501412467;0.9444047902630928;0.055595209736907236
1731800961.9104843;/app/bags/user95_2017-02-24.bag;0.834065854549408;0.0;0.9619645476341248;0.0;0.7960547501412467;0.9444047902630928;0.055595209736907236
1731800962.1105394;/app/bags/user95_2017-02-24.bag;0.834065854549408;0.0;0.9619645476341248;0.0;0.7960547501412467;0.9444047902630928;0.055595209736907236
1731800962.3103786;/app/bags/user95_2017-02-24.bag;0.834065854549408;0.0;0.9619645476341248;0.0;0.7960547501412467;0.9444047902630928;0.055595209736907236
1731800962.5103912;/app/bags/user95_2017-02-24.bag;0.834065854549408;0.0;0.9619645476341248;0.0;0.7960547501412467;0.9444047902630928;0.055595209736907236
1731800962.710361;/app/bags/user95_2017-02-24.bag;0.834065854549408;0.0;0.9619645476341248;0.0;0.7960547501412467;0.9444047902630928;0.055595209736907236
1731800962.9104226;/app/bags/user95_2017-02-24.bag;0.834065854549408;0.0;0.9619645476341248;0.0;0.7960547501412467;0.9444047902630928;0.055595209736907236
1731800963.1104128;/app/bags/user95_2017-02-24.bag;0.834065854549408;0.0;0.9619645476341248;0.0;0.7960547501412467;0.9444047902630928;0.055595209736907236
1731800963.3103938;/app/bags/user95_2017-02-24.bag;0.834065854549408;0.0;0.9619645476341248;0.0;0.7960547501412467;0.9444047902630928;0.055595209736907236
1731800963.5104048;/app/bags/user95_2017-02-24.bag;0.834065854549408;0.0;0.9619645476341248;0.0;0.7960547501412467;0.9444047902630928;0.055595209736907236
1731800963.7104142;/app/bags/user95_2017-02-24.bag;0.834065854549408;0.0;0.9619645476341248;0.0;0.7960547501412467;0.9444047902630928;0.055595209736907236
1731800963.910451;/app/bags/user95_2017-02-24.bag;0.834065854549408;0.0;0.9619645476341248;0.0;0.7960547501412467;0.9444047902630928;0.055595209736907236
1731800964.1104026;/app/bags/user95_2017-02-24.bag;0.834065854549408;0.0;0.9619645476341248;0.0;0.7960547501412467;0.9444047902630928;0.055595209736907236
1731800964.3104203;/app/bags/user95_2017-02-24.bag;0.834065854549408;0.0;0.9619645476341248;0.0;0.7960547501412467;0.9444047902630928;0.055595209736907236
1731800964.5104363;/app/bags/user95_2017-02-24.bag;0.834065854549408;0.0;0.9619645476341248;0.0;0.7960547501412467;0.9444047902630928;0.055595209736907236
1731800964.7104278;/app/bags/user95_2017-02-24.bag;0.834065854549408;0.0;0.9619645476341248;0.0;0.7960547501412467;0.9444047902630928;0.055595209736907236
1731800964.9104493;/app/bags/user95_2017-02-24.bag;0.834065854549408;0.0;0.9619645476341248;0.0;0.7960547501412467;0.9444047902630928;0.055595209736907236
1731800965.1103818;/app/bags/user95_2017-02-24.bag;0.834065854549408;0.0;0.9619645476341248;0.0;0.7960547501412467;0.9444047902630928;0.055595209736907236
1731800965.3104305;/app/bags/user95_2017-02-24.bag;0.834065854549408;0.0;0.9619645476341248;0.0;0.7960547501412467;0.9444047902630928;0.055595209736907236
1731800965.5104032;/app/bags/user95_2017-02-24.bag;0.834065854549408;0.0;0.9619645476341248;0.0;0.7960547501412467;0.9444047902630928;0.055595209736907236
1731800965.710392;/app/bags/user95_2017-02-24.bag;0.834065854549408;0.0;0.9619645476341248;0.0;0.7960547501412467;0.9444047902630928;0.055595209736907236
1731800965.910382;/app/bags/user95_2017-02-24.bag;0.834065854549408;0.0;0.9619645476341248;0.0;0.7960547501412467;0.9444047902630928;0.055595209736907236
1731800966.1103458;/app/bags/user95_2017-02-24.bag;0.834065854549408;0.0;0.9619645476341248;0.0;0.7960547501412467;0.9444047902630928;0.055595209736907236
1731800966.3104389;/app/bags/user95_2017-02-24.bag;0.834065854549408;0.0;0.9619645476341248;0.0;0.7960547501412467;0.9444047902630928;0.055595209736907236
1731800966.5104218;/app/bags/user95_2017-02-24.bag;0.834065854549408;0.0;0.9619645476341248;0.0;0.7960547501412467;0.9444047902630928;0.055595209736907236
1731800966.7103887;/app/bags/user95_2017-02-24.bag;0.834065854549408;0.0;0.9619645476341248;0.0;0.7960547501412467;0.9444047902630928;0.055595209736907236
1731800966.9103785;/app/bags/user95_2017-02-24.bag;0.834065854549408;0.0;0.9619645476341248;0.0;0.7960547501412467;0.9444047902630928;0.055595209736907236
1731800967.1103983;/app/bags/user95_2017-02-24.bag;0.834065854549408;0.0;0.9619645476341248;0.0;0.7960547501412467;0.9444047902630928;0.055595209736907236
1731800967.3104215;/app/bags/user95_2017-02-24.bag;0.834065854549408;0.0;0.9619645476341248;0.0;0.7960547501412467;0.9444047902630928;0.055595209736907236
1731800967.5105653;/app/bags/user95_2017-02-24.bag;0.834065854549408;0.0;0.9619645476341248;0.0;0.7960547501412467;0.9444047902630928;0.055595209736907236
1731800967.7104478;/app/bags/user95_2017-02-24.bag;0.834065854549408;0.0;0.9619645476341248;0.0;0.7960547501412467;0.9444047902630928;0.055595209736907236
1731800967.9103937;/app/bags/user95_2017-02-24.bag;0.834065854549408;0.0;0.9619645476341248;0.0;0.7960547501412467;0.9444047902630928;0.055595209736907236
1731800968.110375;/app/bags/user95_2017-02-24.bag;0.834065854549408;0.0;0.9619645476341248;0.0;0.7960547501412467;0.9444047902630928;0.055595209736907236
1731800968.310434;/app/bags/user95_2017-02-24.bag;0.834065854549408;0.0;0.9619645476341248;0.0;0.7960547501412467;0.9444047902630928;0.055595209736907236
1731800968.5103796;/app/bags/user95_2017-02-24.bag;0.834065854549408;0.0;0.9619645476341248;0.0;0.7960547501412467;0.9444047902630928;0.055595209736907236
1731800968.7104008;/app/bags/user95_2017-02-24.bag;0.834065854549408;0.0;0.9619645476341248;0.0;0.7960547501412467;0.9444047902630928;0.055595209736907236
1731800968.9104455;/app/bags/user95_2017-02-24.bag;0.834065854549408;0.0;0.9619645476341248;0.0;0.7960547501412467;0.9444047902630928;0.055595209736907236
1731800969.1102865;/app/bags/user95_2017-02-24.bag;0.834065854549408;0.0;0.9619645476341248;0.0;0.7960547501412467;0.9444047902630928;0.055595209736907236
1731800969.310397;/app/bags/user95_2017-02-24.bag;0.834065854549408;0.0;0.9619645476341248;0.0;0.7960547501412467;0.9444047902630928;0.055595209736907236
1731800969.5103707;/app/bags/user95_2017-02-24.bag;0.834065854549408;0.0;0.9619645476341248;0.0;0.7960547501412467;0.9444047902630928;0.055595209736907236
1731800969.7105398;/app/bags/user95_2017-02-24.bag;0.834065854549408;0.0;0.9619645476341248;0.0;0.7960547501412467;0.9444047902630928;0.055595209736907236
1731800969.9103634;/app/bags/user95_2017-02-24.bag;0.834065854549408;0.0;0.9619645476341248;0.0;0.7960547501412467;0.9444047902630928;0.055595209736907236
1731800970.1103587;/app/bags/user95_2017-02-24.bag;0.834065854549408;0.0;0.9619645476341248;0.0;0.7960547501412467;0.9444047902630928;0.055595209736907236
1731800970.3103762;/app/bags/user95_2017-02-24.bag;0.834065854549408;0.0;0.9619645476341248;0.0;0.7960547501412467;0.9444047902630928;0.055595209736907236
1731800970.510382;/app/bags/user95_2017-02-24.bag;0.834065854549408;0.0;0.9619645476341248;0.0;0.7960547501412467;0.9444047902630928;0.055595209736907236
1731800970.7104156;/app/bags/user95_2017-02-24.bag;0.834065854549408;0.0;0.9619645476341248;0.0;0.7960547501412467;0.9444047902630928;0.055595209736907236
1731800970.9104;/app/bags/user95_2017-02-24.bag;0.834065854549408;0.0;0.9619645476341248;0.0;0.7960547501412467;0.9444047902630928;0.055595209736907236
1731800971.1103742;/app/bags/user95_2017-02-24.bag;0.834065854549408;0.0;0.9619645476341248;0.0;0.7960547501412467;0.9444047902630928;0.055595209736907236
1731800971.310449;/app/bags/user95_2017-02-24.bag;0.834065854549408;0.0;0.9619645476341248;0.0;0.7960547501412467;0.9444047902630928;0.055595209736907236
1731800971.5103943;/app/bags/user95_2017-02-24.bag;0.834065854549408;0.0;0.9619645476341248;0.0;0.7960547501412467;0.9444047902630928;0.055595209736907236
1731800971.7105434;/app/bags/user95_2017-02-24.bag;0.834065854549408;0.0;0.9619645476341248;0.0;0.7960547501412467;0.9444047902630928;0.055595209736907236
1731800971.9103851;/app/bags/user95_2017-02-24.bag;0.834065854549408;0.0;0.9619645476341248;0.0;0.7960547501412467;0.9444047902630928;0.055595209736907236
1731800972.1104405;/app/bags/user95_2017-02-24.bag;0.834065854549408;0.0;0.9619645476341248;0.0;0.7960547501412467;0.9444047902630928;0.055595209736907236
1731800972.3103733;/app/bags/user95_2017-02-24.bag;0.834065854549408;0.0;0.9619645476341248;0.0;0.7960547501412467;0.9444047902630928;0.055595209736907236
1731800972.5103893;/app/bags/user95_2017-02-24.bag;0.834065854549408;0.0;0.9619645476341248;0.0;0.7960547501412467;0.9444047902630928;0.055595209736907236
1731800972.7104602;/app/bags/user95_2017-02-24.bag;0.834065854549408;0.0;0.9619645476341248;0.0;0.7960547501412467;0.9444047902630928;0.055595209736907236
1731800972.9104855;/app/bags/user95_2017-02-24.bag;0.834065854549408;0.0;0.9619645476341248;0.0;0.7960547501412467;0.9444047902630928;0.055595209736907236
1731800973.110416;/app/bags/user95_2017-02-24.bag;0.834065854549408;0.0;0.9619645476341248;0.0;0.7960547501412467;0.9444047902630928;0.055595209736907236
1731800973.310403;/app/bags/user95_2017-02-24.bag;0.834065854549408;0.0;0.9619645476341248;0.0;0.7960547501412467;0.9444047902630928;0.055595209736907236
1731800973.510404;/app/bags/user95_2017-02-24.bag;0.834065854549408;0.0;0.9619645476341248;0.0;0.7960547501412467;0.9444047902630928;0.055595209736907236
1731800973.7106123;/app/bags/user95_2017-02-24.bag;0.834065854549408;0.0;0.9619645476341248;0.0;0.7960547501412467;0.9444047902630928;0.055595209736907236
1731800973.9104288;/app/bags/user95_2017-02-24.bag;0.834065854549408;0.0;0.9619645476341248;0.0;0.7960547501412467;0.9444047902630928;0.055595209736907236
1731800974.110438;/app/bags/user95_2017-02-24.bag;0.834065854549408;0.0;0.9619645476341248;0.0;0.7960547501412467;0.9444047902630928;0.055595209736907236
1731800974.3104014;/app/bags/user95_2017-02-24.bag;0.834065854549408;0.0;0.9619645476341248;0.0;0.7960547501412467;0.9444047902630928;0.055595209736907236
1731800974.510385;/app/bags/user95_2017-02-24.bag;0.834065854549408;0.0;0.9619645476341248;0.0;0.7960547501412467;0.9444047902630928;0.055595209736907236
1731800974.7103794;/app/bags/user95_2017-02-24.bag;0.834065854549408;0.0;0.9619645476341248;0.0;0.7960547501412467;0.9444047902630928;0.055595209736907236
1731800974.9103608;/app/bags/user95_2017-02-24.bag;0.834065854549408;0.0;0.9619645476341248;0.0;0.7960547501412467;0.9444047902630928;0.055595209736907236
1731800975.1104245;/app/bags/user95_2017-02-24.bag;0.834065854549408;0.0;0.9619645476341248;0.0;0.7960547501412467;0.9444047902630928;0.055595209736907236
1731800975.3104303;/app/bags/user95_2017-02-24.bag;0.834065854549408;0.0;0.9619645476341248;0.0;0.7960547501412467;0.9444047902630928;0.055595209736907236
1731800975.5103743;/app/bags/user95_2017-02-24.bag;0.834065854549408;0.0;0.9619645476341248;0.0;0.7960547501412467;0.9444047902630928;0.055595209736907236
1731800975.7104352;/app/bags/user95_2017-02-24.bag;0.834065854549408;0.0;0.9619645476341248;0.0;0.7960547501412467;0.9444047902630928;0.055595209736907236
1731800975.9104404;/app/bags/user95_2017-02-24.bag;0.834065854549408;0.0;0.9619645476341248;0.0;0.7960547501412467;0.9444047902630928;0.055595209736907236
1731800976.1104386;/app/bags/user95_2017-02-24.bag;0.834065854549408;0.0;0.9619645476341248;0.0;0.7960547501412467;0.9444047902630928;0.055595209736907236
1731800976.310462;/app/bags/user95_2017-02-24.bag;0.834065854549408;0.0;0.9619645476341248;0.0;0.7960547501412467;0.9444047902630928;0.055595209736907236
1731800976.5103824;/app/bags/user95_2017-02-24.bag;0.834065854549408;0.0;0.9619645476341248;0.0;0.7960547501412467;0.9444047902630928;0.055595209736907236
1731800976.7104151;/app/bags/user95_2017-02-24.bag;0.834065854549408;0.0;0.9619645476341248;0.0;0.7960547501412467;0.9444047902630928;0.055595209736907236
1731800976.9103596;/app/bags/user95_2017-02-24.bag;0.834065854549408;0.0;0.9619645476341248;0.0;0.7960547501412467;0.9444047902630928;0.055595209736907236
1731800977.1103976;/app/bags/user95_2017-02-24.bag;0.834065854549408;0.0;0.9619645476341248;0.0;0.7960547501412467;0.9444047902630928;0.055595209736907236
1731800977.310373;/app/bags/user95_2017-02-24.bag;0.834065854549408;0.0;0.9619645476341248;0.0;0.7960547501412467;0.9444047902630928;0.055595209736907236
1731800977.5104113;/app/bags/user95_2017-02-24.bag;0.834065854549408;0.0;0.9619645476341248;0.0;0.7960547501412467;0.9444047902630928;0.055595209736907236
1731800977.7104926;/app/bags/user95_2017-02-24.bag;0.834065854549408;0.0;0.9619645476341248;0.0;0.7960547501412467;0.9444047902630928;0.055595209736907236
1731800977.9103942;/app/bags/user95_2017-02-24.bag;0.834065854549408;0.0;0.9619645476341248;0.0;0.7960547501412467;0.9444047902630928;0.055595209736907236
1731800978.1104436;/app/bags/user95_2017-02-24.bag;0.834065854549408;0.0;0.9619645476341248;0.0;0.7960547501412467;0.9444047902630928;0.055595209736907236
1731800978.310378;/app/bags/user95_2017-02-24.bag;0.834065854549408;0.0;0.9619645476341248;0.0;0.7960547501412467;0.9444047902630928;0.055595209736907236
1731800978.5104172;/app/bags/user95_2017-02-24.bag;0.834065854549408;0.0;0.9619645476341248;0.0;0.7960547501412467;0.9444047902630928;0.055595209736907236
1731800978.710385;/app/bags/user95_2017-02-24.bag;0.834065854549408;0.0;0.9619645476341248;0.0;0.7960547501412467;0.9444047902630928;0.055595209736907236
1731800978.910455;/app/bags/user95_2017-02-24.bag;0.834065854549408;0.0;0.9619645476341248;0.0;0.7960547501412467;0.9444047902630928;0.055595209736907236
1731800979.1103742;/app/bags/user95_2017-02-24.bag;0.834065854549408;0.0;0.9619645476341248;0.0;0.7960547501412467;0.9444047902630928;0.055595209736907236
1731800979.3103719;/app/bags/user95_2017-02-24.bag;0.834065854549408;0.0;0.9619645476341248;0.0;0.7960547501412467;0.9444047902630928;0.055595209736907236
1731800979.5104098;/app/bags/user95_2017-02-24.bag;0.834065854549408;0.0;0.9619645476341248;0.0;0.7960547501412467;0.9444047902630928;0.055595209736907236
1731800979.7104473;/app/bags/user95_2017-02-24.bag;0.834065854549408;0.0;0.9619645476341248;0.0;0.7960547501412467;0.9444047902630928;0.055595209736907236
1731800979.910412;/app/bags/user95_2017-02-24.bag;0.834065854549408;0.0;0.9619645476341248;0.0;0.7960547501412467;0.9444047902630928;0.055595209736907236
1731800980.110423;/app/bags/user95_2017-02-24.bag;0.834065854549408;0.0;0.9619645476341248;0.0;0.7960547501412467;0.9444047902630928;0.055595209736907236
1731800980.310394;/app/bags/user95_2017-02-24.bag;0.834065854549408;0.0;0.9619645476341248;0.0;0.7960547501412467;0.9444047902630928;0.055595209736907236
1731800980.510411;/app/bags/user95_2017-02-24.bag;0.834065854549408;0.0;0.9619645476341248;0.0;0.7960547501412467;0.9444047902630928;0.055595209736907236
1731800980.710397;/app/bags/user95_2017-02-24.bag;0.834065854549408;0.0;0.9619645476341248;0.0;0.7960547501412467;0.9444047902630928;0.055595209736907236
1731800980.9104276;/app/bags/user95_2017-02-24.bag;0.834065854549408;0.0;0.9619645476341248;0.0;0.7960547501412467;0.9444047902630928;0.055595209736907236
1731800981.1104233;/app/bags/user95_2017-02-24.bag;0.834065854549408;0.0;0.9619645476341248;0.0;0.7960547501412467;0.9444047902630928;0.055595209736907236
1731800981.3104434;/app/bags/user95_2017-02-24.bag;0.834065854549408;0.0;0.9619645476341248;0.0;0.7960547501412467;0.9444047902630928;0.055595209736907236
1731800981.5104163;/app/bags/user95_2017-02-24.bag;0.834065854549408;0.0;0.9619645476341248;0.0;0.7960547501412467;0.9444047902630928;0.055595209736907236
1731800981.7104297;/app/bags/user95_2017-02-24.bag;0.834065854549408;0.0;0.9619645476341248;0.0;0.7960547501412467;0.9444047902630928;0.055595209736907236
1731800981.9103675;/app/bags/user95_2017-02-24.bag;0.834065854549408;0.0;0.9619645476341248;0.0;0.7960547501412467;0.9444047902630928;0.055595209736907236
1731800982.1104221;/app/bags/user95_2017-02-24.bag;0.834065854549408;0.0;0.9619645476341248;0.0;0.7960547501412467;0.9444047902630928;0.055595209736907236
1731800982.3104196;/app/bags/user95_2017-02-24.bag;0.834065854549408;0.0;0.9619645476341248;0.0;0.7960547501412467;0.9444047902630928;0.055595209736907236
1731800982.510423;/app/bags/user95_2017-02-24.bag;0.834065854549408;0.0;0.9619645476341248;0.0;0.7960547501412467;0.9444047902630928;0.055595209736907236
1731800982.7103791;/app/bags/user95_2017-02-24.bag;0.834065854549408;0.0;0.9619645476341248;0.0;0.7960547501412467;0.9444047902630928;0.055595209736907236
1731800982.910388;/app/bags/user95_2017-02-24.bag;0.834065854549408;0.0;0.9619645476341248;0.0;0.7960547501412467;0.9444047902630928;0.055595209736907236
1731800983.1103895;/app/bags/user95_2017-02-24.bag;0.834065854549408;0.0;0.9619645476341248;0.0;0.7960547501412467;0.9444047902630928;0.055595209736907236
1731800983.310403;/app/bags/user95_2017-02-24.bag;0.834065854549408;0.0;0.9619645476341248;0.0;0.7960547501412467;0.9444047902630928;0.055595209736907236
1731800983.5105886;/app/bags/user95_2017-02-24.bag;0.834065854549408;0.0;0.9619645476341248;0.0;0.7960547501412467;0.9444047902630928;0.055595209736907236
1731800983.7103968;/app/bags/user95_2017-02-24.bag;0.834065854549408;0.0;0.9619645476341248;0.0;0.7960547501412467;0.9444047902630928;0.055595209736907236
1731800983.9104643;/app/bags/user95_2017-02-24.bag;0.834065854549408;0.0;0.9619645476341248;0.0;0.7960547501412467;0.9444047902630928;0.055595209736907236
1731800984.1104102;/app/bags/user95_2017-02-24.bag;0.834065854549408;0.0;0.9619645476341248;0.0;0.7960547501412467;0.9444047902630928;0.055595209736907236
1731800984.3104026;/app/bags/user95_2017-02-24.bag;0.834065854549408;0.0;0.9619645476341248;0.0;0.7960547501412467;0.9444047902630928;0.055595209736907236
1731800984.5103834;/app/bags/user95_2017-02-24.bag;0.834065854549408;0.0;0.9619645476341248;0.0;0.7960547501412467;0.9444047902630928;0.055595209736907236
1731800984.7103996;/app/bags/user95_2017-02-24.bag;0.834065854549408;0.0;0.9619645476341248;0.0;0.7960547501412467;0.9444047902630928;0.055595209736907236
1731800984.910406;/app/bags/user95_2017-02-24.bag;0.834065854549408;0.0;0.9619645476341248;0.0;0.7960547501412467;0.9444047902630928;0.055595209736907236
1731800985.1104631;/app/bags/user95_2017-02-24.bag;0.834065854549408;0.0;0.9619645476341248;0.0;0.7960547501412467;0.9444047902630928;0.055595209736907236
1731800985.3104327;/app/bags/user95_2017-02-24.bag;0.834065854549408;0.0;0.9619645476341248;0.0;0.7960547501412467;0.9444047902630928;0.055595209736907236
1731800985.510431;/app/bags/user95_2017-02-24.bag;0.834065854549408;0.0;0.9619645476341248;0.0;0.7960547501412467;0.9444047902630928;0.055595209736907236
1731800985.710391;/app/bags/user95_2017-02-24.bag;0.834065854549408;0.0;0.9619645476341248;0.0;0.7960547501412467;0.9444047902630928;0.055595209736907236
1731800985.9103596;/app/bags/user95_2017-02-24.bag;0.834065854549408;0.0;0.9619645476341248;0.0;0.7960547501412467;0.9444047902630928;0.055595209736907236
1731800986.1104095;/app/bags/user95_2017-02-24.bag;0.834065854549408;0.0;0.9619645476341248;0.0;0.7960547501412467;0.9444047902630928;0.055595209736907236
1731800986.3104427;/app/bags/user95_2017-02-24.bag;0.834065854549408;0.0;0.9619645476341248;0.0;0.7960547501412467;0.9444047902630928;0.055595209736907236
1731800986.5104585;/app/bags/user95_2017-02-24.bag;0.834065854549408;0.0;0.9619645476341248;0.0;0.7960547501412467;0.9444047902630928;0.055595209736907236
1731800986.7104354;/app/bags/user95_2017-02-24.bag;0.834065854549408;0.0;0.9619645476341248;0.0;0.7960547501412467;0.9444047902630928;0.055595209736907236
1731800986.9104023;/app/bags/user95_2017-02-24.bag;0.834065854549408;0.0;0.9619645476341248;0.0;0.7960547501412467;0.9444047902630928;0.055595209736907236
1731800987.1104188;/app/bags/user95_2017-02-24.bag;0.834065854549408;0.0;0.9619645476341248;0.0;0.7960547501412467;0.9444047902630928;0.055595209736907236
1731800987.310382;/app/bags/user95_2017-02-24.bag;0.834065854549408;0.0;0.9619645476341248;0.0;0.7960547501412467;0.9444047902630928;0.055595209736907236
1731800987.510418;/app/bags/user95_2017-02-24.bag;0.834065854549408;0.0;0.9619645476341248;0.0;0.7960547501412467;0.9444047902630928;0.055595209736907236
1731800987.71038;/app/bags/user95_2017-02-24.bag;0.834065854549408;0.0;0.9619645476341248;0.0;0.7960547501412467;0.9444047902630928;0.055595209736907236
1731800987.9104233;/app/bags/user95_2017-02-24.bag;0.834065854549408;0.0;0.9619645476341248;0.0;0.7960547501412467;0.9444047902630928;0.055595209736907236
1731800988.1103573;/app/bags/user95_2017-02-24.bag;0.834065854549408;0.0;0.9619645476341248;0.0;0.7960547501412467;0.9444047902630928;0.055595209736907236
1731800988.3104727;/app/bags/user95_2017-02-24.bag;0.834065854549408;0.0;0.9619645476341248;0.0;0.7960547501412467;0.9444047902630928;0.055595209736907236
1731800988.5104456;/app/bags/user95_2017-02-24.bag;0.834065854549408;0.0;0.9619645476341248;0.0;0.7960547501412467;0.9444047902630928;0.055595209736907236
1731800988.710448;/app/bags/user95_2017-02-24.bag;0.834065854549408;0.0;0.9619645476341248;0.0;0.7960547501412467;0.9444047902630928;0.055595209736907236
1731800988.910412;/app/bags/user95_2017-02-24.bag;0.834065854549408;0.0;0.9619645476341248;0.0;0.7960547501412467;0.9444047902630928;0.055595209736907236
1731800989.110392;/app/bags/user95_2017-02-24.bag;0.834065854549408;0.0;0.9619645476341248;0.0;0.7960547501412467;0.9444047902630928;0.055595209736907236
1731800989.3103714;/app/bags/user95_2017-02-24.bag;0.834065854549408;0.0;0.9619645476341248;0.0;0.7960547501412467;0.9444047902630928;0.055595209736907236
1731800989.5104265;/app/bags/user95_2017-02-24.bag;0.834065854549408;0.0;0.9619645476341248;0.0;0.7960547501412467;0.9444047902630928;0.055595209736907236
1731800989.710376;/app/bags/user95_2017-02-24.bag;0.834065854549408;0.0;0.9619645476341248;0.0;0.7960547501412467;0.9444047902630928;0.055595209736907236
1731800989.9103975;/app/bags/user95_2017-02-24.bag;0.834065854549408;0.0;0.9619645476341248;0.0;0.7960547501412467;0.9444047902630928;0.055595209736907236
1731800990.110407;/app/bags/user95_2017-02-24.bag;0.834065854549408;0.0;0.9619645476341248;0.0;0.7960547501412467;0.9444047902630928;0.055595209736907236
1731800990.3104243;/app/bags/user95_2017-02-24.bag;0.834065854549408;0.0;0.9619645476341248;0.0;0.7960547501412467;0.9444047902630928;0.055595209736907236
1731800990.5103931;/app/bags/user95_2017-02-24.bag;0.834065854549408;0.0;0.9619645476341248;0.0;0.7960547501412467;0.9444047902630928;0.055595209736907236
1731800990.710375;/app/bags/user95_2017-02-24.bag;0.834065854549408;0.0;0.9619645476341248;0.0;0.7960547501412467;0.9444047902630928;0.055595209736907236
1731800990.9104402;/app/bags/user95_2017-02-24.bag;0.834065854549408;0.0;0.9619645476341248;0.0;0.7960547501412467;0.9444047902630928;0.055595209736907236
1731800991.1104937;/app/bags/user95_2017-02-24.bag;0.834065854549408;0.0;0.9619645476341248;0.0;0.7960547501412467;0.9444047902630928;0.055595209736907236
1731800991.3103988;/app/bags/user95_2017-02-24.bag;0.834065854549408;0.0;0.9619645476341248;0.0;0.7960547501412467;0.9444047902630928;0.055595209736907236
1731800991.5103967;/app/bags/user95_2017-02-24.bag;0.834065854549408;0.0;0.9619645476341248;0.0;0.7960547501412467;0.9444047902630928;0.055595209736907236
1731800991.7104504;/app/bags/user95_2017-02-24.bag;0.834065854549408;0.0;0.9619645476341248;0.0;0.7960547501412467;0.9444047902630928;0.055595209736907236
1731800991.910479;/app/bags/user95_2017-02-24.bag;0.834065854549408;0.0;0.9619645476341248;0.0;0.7960547501412467;0.9444047902630928;0.055595209736907236
1731800992.1104069;/app/bags/user95_2017-02-24.bag;0.834065854549408;0.0;0.9619645476341248;0.0;0.7960547501412467;0.9444047902630928;0.055595209736907236
1731800992.3105345;/app/bags/user95_2017-02-24.bag;0.834065854549408;0.0;0.9619645476341248;0.0;0.7960547501412467;0.9444047902630928;0.055595209736907236
1731800992.510417;/app/bags/user95_2017-02-24.bag;0.834065854549408;0.0;0.9619645476341248;0.0;0.7960547501412467;0.9444047902630928;0.055595209736907236
1731800992.7104607;/app/bags/user95_2017-02-24.bag;0.834065854549408;0.0;0.9619645476341248;0.0;0.7960547501412467;0.9444047902630928;0.055595209736907236
1731800992.9106011;/app/bags/user95_2017-02-24.bag;0.834065854549408;0.0;0.9619645476341248;0.0;0.7960547501412467;0.9444047902630928;0.055595209736907236
1731800993.110393;/app/bags/user95_2017-02-24.bag;0.834065854549408;0.0;0.9619645476341248;0.0;0.7960547501412467;0.9444047902630928;0.055595209736907236
1731800993.310389;/app/bags/user95_2017-02-24.bag;0.834065854549408;0.0;0.9619645476341248;0.0;0.7960547501412467;0.9444047902630928;0.055595209736907236
1731800993.5104315;/app/bags/user95_2017-02-24.bag;0.834065854549408;0.0;0.9619645476341248;0.0;0.7960547501412467;0.9444047902630928;0.055595209736907236
1731800993.7105021;/app/bags/user95_2017-02-24.bag;0.834065854549408;0.0;0.9619645476341248;0.0;0.7960547501412467;0.9444047902630928;0.055595209736907236
1731800993.9103749;/app/bags/user95_2017-02-24.bag;0.834065854549408;0.0;0.9619645476341248;0.0;0.7960547501412467;0.9444047902630928;0.055595209736907236
1731800994.110472;/app/bags/user95_2017-02-24.bag;0.834065854549408;0.0;0.9619645476341248;0.0;0.7960547501412467;0.9444047902630928;0.055595209736907236
1731800994.3104556;/app/bags/user95_2017-02-24.bag;0.834065854549408;0.0;0.9619645476341248;0.0;0.7960547501412467;0.9444047902630928;0.055595209736907236
1731800994.5103686;/app/bags/user95_2017-02-24.bag;0.834065854549408;0.0;0.9619645476341248;0.0;0.7960547501412467;0.9444047902630928;0.055595209736907236
1731800994.7104208;/app/bags/user95_2017-02-24.bag;0.834065854549408;0.0;0.9619645476341248;0.0;0.7960547501412467;0.9444047902630928;0.055595209736907236
1731800994.9103863;/app/bags/user95_2017-02-24.bag;0.834065854549408;0.0;0.9619645476341248;0.0;0.7960547501412467;0.9444047902630928;0.055595209736907236
1731800995.1103444;/app/bags/user95_2017-02-24.bag;0.834065854549408;0.0;0.9619645476341248;0.0;0.7960547501412467;0.9444047902630928;0.055595209736907236
1731800995.3104138;/app/bags/user95_2017-02-24.bag;0.834065854549408;0.0;0.9619645476341248;0.0;0.7960547501412467;0.9444047902630928;0.055595209736907236
1731800995.5104012;/app/bags/user95_2017-02-24.bag;0.834065854549408;0.0;0.9619645476341248;0.0;0.7960547501412467;0.9444047902630928;0.055595209736907236
1731800995.7104015;/app/bags/user95_2017-02-24.bag;0.834065854549408;0.0;0.9619645476341248;0.0;0.7960547501412467;0.9444047902630928;0.055595209736907236
1731800995.9104328;/app/bags/user95_2017-02-24.bag;0.834065854549408;0.0;0.9619645476341248;0.0;0.7960547501412467;0.9444047902630928;0.055595209736907236
1731800996.110464;/app/bags/user95_2017-02-24.bag;0.834065854549408;0.0;0.9619645476341248;0.0;0.7960547501412467;0.9444047902630928;0.055595209736907236
1731800996.3105876;/app/bags/user95_2017-02-24.bag;0.834065854549408;0.0;0.9619645476341248;0.0;0.7960547501412467;0.9444047902630928;0.055595209736907236
1731800996.510378;/app/bags/user95_2017-02-24.bag;0.834065854549408;0.0;0.9619645476341248;0.0;0.7960547501412467;0.9444047902630928;0.055595209736907236
1731800996.7104723;/app/bags/user95_2017-02-24.bag;0.834065854549408;0.0;0.9619645476341248;0.0;0.7960547501412467;0.9444047902630928;0.055595209736907236
1731800996.9104831;/app/bags/user95_2017-02-24.bag;0.834065854549408;0.0;0.9619645476341248;0.0;0.7960547501412467;0.9444047902630928;0.055595209736907236
1731800997.1103938;/app/bags/user95_2017-02-24.bag;0.834065854549408;0.0;0.9619645476341248;0.0;0.7960547501412467;0.9444047902630928;0.055595209736907236
1731800997.3103929;/app/bags/user95_2017-02-24.bag;0.834065854549408;0.0;0.9619645476341248;0.0;0.7960547501412467;0.9444047902630928;0.055595209736907236
1731800997.5103772;/app/bags/user95_2017-02-24.bag;0.834065854549408;0.0;0.9619645476341248;0.0;0.7960547501412467;0.9444047902630928;0.055595209736907236
1731800997.7104836;/app/bags/user95_2017-02-24.bag;0.834065854549408;0.0;0.9619645476341248;0.0;0.7960547501412467;0.9444047902630928;0.055595209736907236
1731800997.9104106;/app/bags/user95_2017-02-24.bag;0.834065854549408;0.0;0.9619645476341248;0.0;0.7960547501412467;0.9444047902630928;0.055595209736907236
1731800998.1103747;/app/bags/user95_2017-02-24.bag;0.834065854549408;0.0;0.9619645476341248;0.0;0.7960547501412467;0.9444047902630928;0.055595209736907236
1731800998.3104563;/app/bags/user95_2017-02-24.bag;0.834065854549408;0.0;0.9619645476341248;0.0;0.7960547501412467;0.9444047902630928;0.055595209736907236
1731800998.510632;/app/bags/user95_2017-02-24.bag;0.834065854549408;0.0;0.9619645476341248;0.0;0.7960547501412467;0.9444047902630928;0.055595209736907236
1731800998.7104127;/app/bags/user95_2017-02-24.bag;0.834065854549408;0.0;0.9619645476341248;0.0;0.7960547501412467;0.9444047902630928;0.055595209736907236
1731800998.9103634;/app/bags/user95_2017-02-24.bag;0.834065854549408;0.0;0.9619645476341248;0.0;0.7960547501412467;0.9444047902630928;0.055595209736907236
1731800999.1104739;/app/bags/user95_2017-02-24.bag;0.834065854549408;0.0;0.9619645476341248;0.0;0.7960547501412467;0.9444047902630928;0.055595209736907236
1731800999.3104029;/app/bags/user95_2017-02-24.bag;0.834065854549408;0.0;0.9619645476341248;0.0;0.7960547501412467;0.9444047902630928;0.055595209736907236
1731800999.5103745;/app/bags/user95_2017-02-24.bag;0.834065854549408;0.0;0.9619645476341248;0.0;0.7960547501412467;0.9444047902630928;0.055595209736907236
1731800999.7103996;/app/bags/user95_2017-02-24.bag;0.834065854549408;0.0;0.9619645476341248;0.0;0.7960547501412467;0.9444047902630928;0.055595209736907236
1731800999.9104156;/app/bags/user95_2017-02-24.bag;0.834065854549408;0.0;0.9619645476341248;0.0;0.7960547501412467;0.9444047902630928;0.055595209736907236
1731801000.1103895;/app/bags/user95_2017-02-24.bag;0.834065854549408;0.0;0.9619645476341248;0.0;0.7960547501412467;0.9444047902630928;0.055595209736907236
1731801000.310384;/app/bags/user95_2017-02-24.bag;0.834065854549408;0.0;0.9619645476341248;0.0;0.7960547501412467;0.9444047902630928;0.055595209736907236
1731801000.510455;/app/bags/user95_2017-02-24.bag;0.834065854549408;0.0;0.9619645476341248;0.0;0.7960547501412467;0.9444047902630928;0.055595209736907236
1731801000.7103813;/app/bags/user95_2017-02-24.bag;0.834065854549408;0.0;0.9619645476341248;0.0;0.7960547501412467;0.9444047902630928;0.055595209736907236
1731801000.9103782;/app/bags/user95_2017-02-24.bag;0.834065854549408;0.0;0.9619645476341248;0.0;0.7960547501412467;0.9444047902630928;0.055595209736907236
1731801001.1104083;/app/bags/user95_2017-02-24.bag;0.834065854549408;0.0;0.9619645476341248;0.0;0.7960547501412467;0.9444047902630928;0.055595209736907236
1731801001.310405;/app/bags/user95_2017-02-24.bag;0.834065854549408;0.0;0.9619645476341248;0.0;0.7960547501412467;0.9444047902630928;0.055595209736907236
1731801001.510379;/app/bags/user95_2017-02-24.bag;0.834065854549408;0.0;0.9619645476341248;0.0;0.7960547501412467;0.9444047902630928;0.055595209736907236
1731801001.710374;/app/bags/user95_2017-02-24.bag;0.834065854549408;0.0;0.9619645476341248;0.0;0.7960547501412467;0.9444047902630928;0.055595209736907236
1731801001.9103775;/app/bags/user95_2017-02-24.bag;0.834065854549408;0.0;0.9619645476341248;0.0;0.7960547501412467;0.9444047902630928;0.055595209736907236
1731801002.110439;/app/bags/user95_2017-02-24.bag;0.834065854549408;0.0;0.9619645476341248;0.0;0.7960547501412467;0.9444047902630928;0.055595209736907236
1731801002.3104005;/app/bags/user95_2017-02-24.bag;0.834065854549408;0.0;0.9619645476341248;0.0;0.7960547501412467;0.9444047902630928;0.055595209736907236
1731801002.5104058;/app/bags/user95_2017-02-24.bag;0.834065854549408;0.0;0.9619645476341248;0.0;0.7960547501412467;0.9444047902630928;0.055595209736907236
1731801002.710347;/app/bags/user95_2017-02-24.bag;0.834065854549408;0.0;0.9619645476341248;0.0;0.7960547501412467;0.9444047902630928;0.055595209736907236
1731801002.9103954;/app/bags/user95_2017-02-24.bag;0.834065854549408;0.0;0.9619645476341248;0.0;0.7960547501412467;0.9444047902630928;0.055595209736907236
1731801003.1104248;/app/bags/user95_2017-02-24.bag;0.834065854549408;0.0;0.9619645476341248;0.0;0.7960547501412467;0.9444047902630928;0.055595209736907236
1731801003.3103657;/app/bags/user95_2017-02-24.bag;0.834065854549408;0.0;0.9619645476341248;0.0;0.7960547501412467;0.9444047902630928;0.055595209736907236
1731801003.5104325;/app/bags/user95_2017-02-24.bag;0.834065854549408;0.0;0.9619645476341248;0.0;0.7960547501412467;0.9444047902630928;0.055595209736907236
1731801003.7104635;/app/bags/user95_2017-02-24.bag;0.834065854549408;0.0;0.9619645476341248;0.0;0.7960547501412467;0.9444047902630928;0.055595209736907236
1731801003.9103768;/app/bags/user95_2017-02-24.bag;0.834065854549408;0.0;0.9619645476341248;0.0;0.7960547501412467;0.9444047902630928;0.055595209736907236
1731801004.1104267;/app/bags/user95_2017-02-24.bag;0.834065854549408;0.0;0.9619645476341248;0.0;0.7960547501412467;0.9444047902630928;0.055595209736907236
1731801004.3103704;/app/bags/user95_2017-02-24.bag;0.834065854549408;0.0;0.9619645476341248;0.0;0.7960547501412467;0.9444047902630928;0.055595209736907236
1731801004.510426;/app/bags/user95_2017-02-24.bag;0.834065854549408;0.0;0.9619645476341248;0.0;0.7960547501412467;0.9444047902630928;0.055595209736907236
1731801004.7104337;/app/bags/user95_2017-02-24.bag;0.834065854549408;0.0;0.9619645476341248;0.0;0.7960547501412467;0.9444047902630928;0.055595209736907236
1731801004.9105124;/app/bags/user95_2017-02-24.bag;0.834065854549408;0.0;0.9619645476341248;0.0;0.7960547501412467;0.9444047902630928;0.055595209736907236
1731801005.1103964;/app/bags/user95_2017-02-24.bag;0.834065854549408;0.0;0.9619645476341248;0.0;0.7960547501412467;0.9444047902630928;0.055595209736907236
1731801005.3103795;/app/bags/user95_2017-02-24.bag;0.834065854549408;0.0;0.9619645476341248;0.0;0.7960547501412467;0.9444047902630928;0.055595209736907236
1731801005.510418;/app/bags/user95_2017-02-24.bag;0.834065854549408;0.0;0.9619645476341248;0.0;0.7960547501412467;0.9444047902630928;0.055595209736907236
1731801005.71038;/app/bags/user95_2017-02-24.bag;0.834065854549408;0.0;0.9619645476341248;0.0;0.7960547501412467;0.9444047902630928;0.055595209736907236
1731801005.9104037;/app/bags/user95_2017-02-24.bag;0.834065854549408;0.0;0.9619645476341248;0.0;0.7960547501412467;0.9444047902630928;0.055595209736907236
1731801006.1104348;/app/bags/user95_2017-02-24.bag;0.834065854549408;0.0;0.9619645476341248;0.0;0.7960547501412467;0.9444047902630928;0.055595209736907236
1731801006.3103888;/app/bags/user95_2017-02-24.bag;0.834065854549408;0.0;0.9619645476341248;0.0;0.7960547501412467;0.9444047902630928;0.055595209736907236
1731801006.5103974;/app/bags/user95_2017-02-24.bag;0.834065854549408;0.0;0.9619645476341248;0.0;0.7960547501412467;0.9444047902630928;0.055595209736907236
1731801006.710384;/app/bags/user95_2017-02-24.bag;0.834065854549408;0.0;0.9619645476341248;0.0;0.7960547501412467;0.9444047902630928;0.055595209736907236
1731801006.910434;/app/bags/user95_2017-02-24.bag;0.834065854549408;0.0;0.9619645476341248;0.0;0.7960547501412467;0.9444047902630928;0.055595209736907236
1731801007.1104622;/app/bags/user95_2017-02-24.bag;0.834065854549408;0.0;0.9619645476341248;0.0;0.7960547501412467;0.9444047902630928;0.055595209736907236
1731801007.3105898;/app/bags/user95_2017-02-24.bag;0.834065854549408;0.0;0.9619645476341248;0.0;0.7960547501412467;0.9444047902630928;0.055595209736907236
1731801007.510401;/app/bags/user95_2017-02-24.bag;0.834065854549408;0.0;0.9619645476341248;0.0;0.7960547501412467;0.9444047902630928;0.055595209736907236
1731801007.7104287;/app/bags/user95_2017-02-24.bag;0.834065854549408;0.0;0.9619645476341248;0.0;0.7960547501412467;0.9444047902630928;0.055595209736907236
1731801007.9103522;/app/bags/user95_2017-02-24.bag;0.834065854549408;0.0;0.9619645476341248;0.0;0.7960547501412467;0.9444047902630928;0.055595209736907236
1731801008.1104937;/app/bags/user95_2017-02-24.bag;0.834065854549408;0.0;0.9619645476341248;0.0;0.7960547501412467;0.9444047902630928;0.055595209736907236
1731801008.3103883;/app/bags/user95_2017-02-24.bag;0.834065854549408;0.0;0.9619645476341248;0.0;0.7960547501412467;0.9444047902630928;0.055595209736907236
1731801008.5103788;/app/bags/user95_2017-02-24.bag;0.834065854549408;0.0;0.9619645476341248;0.0;0.7960547501412467;0.9444047902630928;0.055595209736907236
1731801008.7103772;/app/bags/user95_2017-02-24.bag;0.834065854549408;0.0;0.9619645476341248;0.0;0.7960547501412467;0.9444047902630928;0.055595209736907236
1731801008.9103746;/app/bags/user95_2017-02-24.bag;0.834065854549408;0.0;0.9619645476341248;0.0;0.7960547501412467;0.9444047902630928;0.055595209736907236
1731801009.1103487;/app/bags/user95_2017-02-24.bag;0.834065854549408;0.0;0.9619645476341248;0.0;0.7960547501412467;0.9444047902630928;0.055595209736907236
1731801009.3104236;/app/bags/user95_2017-02-24.bag;0.834065854549408;0.0;0.9619645476341248;0.0;0.7960547501412467;0.9444047902630928;0.055595209736907236
1731801009.510327;/app/bags/user95_2017-02-24.bag;0.834065854549408;0.0;0.9619645476341248;0.0;0.7960547501412467;0.9444047902630928;0.055595209736907236
1731801009.7104118;/app/bags/user95_2017-02-24.bag;0.834065854549408;0.0;0.9619645476341248;0.0;0.7960547501412467;0.9444047902630928;0.055595209736907236
1731801009.9104064;/app/bags/user95_2017-02-24.bag;0.834065854549408;0.0;0.9619645476341248;0.0;0.7960547501412467;0.9444047902630928;0.055595209736907236
1731801010.110395;/app/bags/user95_2017-02-24.bag;0.834065854549408;0.0;0.9619645476341248;0.0;0.7960547501412467;0.9444047902630928;0.055595209736907236
1731801010.3103864;/app/bags/user95_2017-02-24.bag;0.834065854549408;0.0;0.9619645476341248;0.0;0.7960547501412467;0.9444047902630928;0.055595209736907236
1731801010.510432;/app/bags/user95_2017-02-24.bag;0.834065854549408;0.0;0.9619645476341248;0.0;0.7960547501412467;0.9444047902630928;0.055595209736907236
1731801010.710391;/app/bags/user95_2017-02-24.bag;0.834065854549408;0.0;0.9619645476341248;0.0;0.7960547501412467;0.9444047902630928;0.055595209736907236
1731801010.9103959;/app/bags/user95_2017-02-24.bag;0.834065854549408;0.0;0.9619645476341248;0.0;0.7960547501412467;0.9444047902630928;0.055595209736907236
1731801011.1104922;/app/bags/user95_2017-02-24.bag;0.834065854549408;0.0;0.9619645476341248;0.0;0.7960547501412467;0.9444047902630928;0.055595209736907236
1731801011.3103735;/app/bags/user95_2017-02-24.bag;0.834065854549408;0.0;0.9619645476341248;0.0;0.7960547501412467;0.9444047902630928;0.055595209736907236
1731801011.5103927;/app/bags/user95_2017-02-24.bag;0.834065854549408;0.0;0.9619645476341248;0.0;0.7960547501412467;0.9444047902630928;0.055595209736907236
1731801011.7103662;/app/bags/user95_2017-02-24.bag;0.834065854549408;0.0;0.9619645476341248;0.0;0.7960547501412467;0.9444047902630928;0.055595209736907236
1731801011.9104605;/app/bags/user95_2017-02-24.bag;0.834065854549408;0.0;0.9619645476341248;0.0;0.7960547501412467;0.9444047902630928;0.055595209736907236
1731801012.1103451;/app/bags/user95_2017-02-24.bag;0.834065854549408;0.0;0.9619645476341248;0.0;0.7960547501412467;0.9444047902630928;0.055595209736907236
1731801012.3103848;/app/bags/user95_2017-02-24.bag;0.834065854549408;0.0;0.9619645476341248;0.0;0.7960547501412467;0.9444047902630928;0.055595209736907236
1731801012.5104175;/app/bags/user95_2017-02-24.bag;0.834065854549408;0.0;0.9619645476341248;0.0;0.7960547501412467;0.9444047902630928;0.055595209736907236
1731801012.7103775;/app/bags/user95_2017-02-24.bag;0.834065854549408;0.0;0.9619645476341248;0.0;0.7960547501412467;0.9444047902630928;0.055595209736907236
1731801012.9103868;/app/bags/user95_2017-02-24.bag;0.834065854549408;0.0;0.9619645476341248;0.0;0.7960547501412467;0.9444047902630928;0.055595209736907236
1731801013.1103737;/app/bags/user95_2017-02-24.bag;0.834065854549408;0.0;0.9619645476341248;0.0;0.7960547501412467;0.9444047902630928;0.055595209736907236
1731801013.3103974;/app/bags/user95_2017-02-24.bag;0.834065854549408;0.0;0.9619645476341248;0.0;0.7960547501412467;0.9444047902630928;0.055595209736907236
1731801013.5103834;/app/bags/user95_2017-02-24.bag;0.834065854549408;0.0;0.9619645476341248;0.0;0.7960547501412467;0.9444047902630928;0.055595209736907236
1731801013.7103822;/app/bags/user95_2017-02-24.bag;0.834065854549408;0.0;0.9619645476341248;0.0;0.7960547501412467;0.9444047902630928;0.055595209736907236
1731801013.9103992;/app/bags/user95_2017-02-24.bag;0.834065854549408;0.0;0.9619645476341248;0.0;0.7960547501412467;0.9444047902630928;0.055595209736907236
1731801014.1103868;/app/bags/user95_2017-02-24.bag;0.834065854549408;0.0;0.9619645476341248;0.0;0.7960547501412467;0.9444047902630928;0.055595209736907236
1731801014.3103902;/app/bags/user95_2017-02-24.bag;0.834065854549408;0.0;0.9619645476341248;0.0;0.7960547501412467;0.9444047902630928;0.055595209736907236
1731801014.5103974;/app/bags/user95_2017-02-24.bag;0.834065854549408;0.0;0.9619645476341248;0.0;0.7960547501412467;0.9444047902630928;0.055595209736907236
1731801014.7104132;/app/bags/user95_2017-02-24.bag;0.834065854549408;0.0;0.9619645476341248;0.0;0.7960547501412467;0.9444047902630928;0.055595209736907236
1731801014.9104626;/app/bags/user95_2017-02-24.bag;0.834065854549408;0.0;0.9619645476341248;0.0;0.7960547501412467;0.9444047902630928;0.055595209736907236
1731801015.110396;/app/bags/user95_2017-02-24.bag;0.834065854549408;0.0;0.9619645476341248;0.0;0.7960547501412467;0.9444047902630928;0.055595209736907236
1731801015.3104246;/app/bags/user95_2017-02-24.bag;0.834065854549408;0.0;0.9619645476341248;0.0;0.7960547501412467;0.9444047902630928;0.055595209736907236
1731801015.510465;/app/bags/user95_2017-02-24.bag;0.834065854549408;0.0;0.9619645476341248;0.0;0.7960547501412467;0.9444047902630928;0.055595209736907236
1731801015.7104836;/app/bags/user95_2017-02-24.bag;0.834065854549408;0.0;0.9619645476341248;0.0;0.7960547501412467;0.9444047902630928;0.055595209736907236
1731801015.9104118;/app/bags/user95_2017-02-24.bag;0.834065854549408;0.0;0.9619645476341248;0.0;0.7960547501412467;0.9444047902630928;0.055595209736907236
1731801016.1103852;/app/bags/user95_2017-02-24.bag;0.834065854549408;0.0;0.9619645476341248;0.0;0.7960547501412467;0.9444047902630928;0.055595209736907236
1731801016.3104706;/app/bags/user95_2017-02-24.bag;0.834065854549408;0.0;0.9619645476341248;0.0;0.7960547501412467;0.9444047902630928;0.055595209736907236
1731801016.5104506;/app/bags/user95_2017-02-24.bag;0.834065854549408;0.0;0.9619645476341248;0.0;0.7960547501412467;0.9444047902630928;0.055595209736907236
1731801016.7104244;/app/bags/user95_2017-02-24.bag;0.834065854549408;0.0;0.9619645476341248;0.0;0.7960547501412467;0.9444047902630928;0.055595209736907236
1731801016.9104311;/app/bags/user95_2017-02-24.bag;0.834065854549408;0.0;0.9619645476341248;0.0;0.7960547501412467;0.9444047902630928;0.055595209736907236
1731801017.1103835;/app/bags/user95_2017-02-24.bag;0.834065854549408;0.0;0.9619645476341248;0.0;0.7960547501412467;0.9444047902630928;0.055595209736907236
1731801017.3104281;/app/bags/user95_2017-02-24.bag;0.834065854549408;0.0;0.9619645476341248;0.0;0.7960547501412467;0.9444047902630928;0.055595209736907236
1731801017.5103967;/app/bags/user95_2017-02-24.bag;0.834065854549408;0.0;0.9619645476341248;0.0;0.7960547501412467;0.9444047902630928;0.055595209736907236
1731801017.7104452;/app/bags/user95_2017-02-24.bag;0.834065854549408;0.0;0.9619645476341248;0.0;0.7960547501412467;0.9444047902630928;0.055595209736907236
1731801017.910399;/app/bags/user95_2017-02-24.bag;0.834065854549408;0.0;0.9619645476341248;0.0;0.7960547501412467;0.9444047902630928;0.055595209736907236
1731801018.1103728;/app/bags/user95_2017-02-24.bag;0.834065854549408;0.0;0.9619645476341248;0.0;0.7960547501412467;0.9444047902630928;0.055595209736907236
1731801018.3104024;/app/bags/user95_2017-02-24.bag;0.834065854549408;0.0;0.9619645476341248;0.0;0.7960547501412467;0.9444047902630928;0.055595209736907236
1731801018.510386;/app/bags/user95_2017-02-24.bag;0.834065854549408;0.0;0.9619645476341248;0.0;0.7960547501412467;0.9444047902630928;0.055595209736907236
1731801018.7103732;/app/bags/user95_2017-02-24.bag;0.834065854549408;0.0;0.9619645476341248;0.0;0.7960547501412467;0.9444047902630928;0.055595209736907236
1731801018.910385;/app/bags/user95_2017-02-24.bag;0.834065854549408;0.0;0.9619645476341248;0.0;0.7960547501412467;0.9444047902630928;0.055595209736907236
1731801019.1103976;/app/bags/user95_2017-02-24.bag;0.834065854549408;0.0;0.9619645476341248;0.0;0.7960547501412467;0.9444047902630928;0.055595209736907236
1731801019.310397;/app/bags/user95_2017-02-24.bag;0.834065854549408;0.0;0.9619645476341248;0.0;0.7960547501412467;0.9444047902630928;0.055595209736907236
1731801019.5103805;/app/bags/user95_2017-02-24.bag;0.834065854549408;0.0;0.9619645476341248;0.0;0.7960547501412467;0.9444047902630928;0.055595209736907236
1731801019.7104084;/app/bags/user95_2017-02-24.bag;0.834065854549408;0.0;0.9619645476341248;0.0;0.7960547501412467;0.9444047902630928;0.055595209736907236
1731801019.9103653;/app/bags/user95_2017-02-24.bag;0.834065854549408;0.0;0.9619645476341248;0.0;0.7960547501412467;0.9444047902630928;0.055595209736907236
1731801020.1104345;/app/bags/user95_2017-02-24.bag;0.834065854549408;0.0;0.9619645476341248;0.0;0.7960547501412467;0.9444047902630928;0.055595209736907236
1731801020.3103979;/app/bags/user95_2017-02-24.bag;0.834065854549408;0.0;0.9619645476341248;0.0;0.7960547501412467;0.9444047902630928;0.055595209736907236
1731801020.510452;/app/bags/user95_2017-02-24.bag;0.834065854549408;0.0;0.9619645476341248;0.0;0.7960547501412467;0.9444047902630928;0.055595209736907236
1731801020.7104342;/app/bags/user95_2017-02-24.bag;0.834065854549408;0.0;0.9619645476341248;0.0;0.7960547501412467;0.9444047902630928;0.055595209736907236
1731801020.910457;/app/bags/user95_2017-02-24.bag;0.834065854549408;0.0;0.9619645476341248;0.0;0.7960547501412467;0.9444047902630928;0.055595209736907236
1731801021.1104004;/app/bags/user95_2017-02-24.bag;0.834065854549408;0.0;0.9619645476341248;0.0;0.7960547501412467;0.9444047902630928;0.055595209736907236
1731801021.3103495;/app/bags/user95_2017-02-24.bag;0.834065854549408;0.0;0.9619645476341248;0.0;0.7960547501412467;0.9444047902630928;0.055595209736907236
1731801021.510553;/app/bags/user95_2017-02-24.bag;0.834065854549408;0.0;0.9619645476341248;0.0;0.7960547501412467;0.9444047902630928;0.055595209736907236
1731801021.7105725;/app/bags/user95_2017-02-24.bag;0.834065854549408;0.0;0.9619645476341248;0.0;0.7960547501412467;0.9444047902630928;0.055595209736907236
1731801021.9103856;/app/bags/user95_2017-02-24.bag;0.834065854549408;0.0;0.9619645476341248;0.0;0.7960547501412467;0.9444047902630928;0.055595209736907236
1731801022.110373;/app/bags/user95_2017-02-24.bag;0.834065854549408;0.0;0.9619645476341248;0.0;0.7960547501412467;0.9444047902630928;0.055595209736907236
1731801022.310373;/app/bags/user95_2017-02-24.bag;0.834065854549408;0.0;0.9619645476341248;0.0;0.7960547501412467;0.9444047902630928;0.055595209736907236
1731801022.510351;/app/bags/user95_2017-02-24.bag;0.834065854549408;0.0;0.9619645476341248;0.0;0.7960547501412467;0.9444047902630928;0.055595209736907236
1731801022.7103887;/app/bags/user95_2017-02-24.bag;0.834065854549408;0.0;0.9619645476341248;0.0;0.7960547501412467;0.9444047902630928;0.055595209736907236
1731801022.9104419;/app/bags/user95_2017-02-24.bag;0.834065854549408;0.0;0.9619645476341248;0.0;0.7960547501412467;0.9444047902630928;0.055595209736907236
1731801023.1104734;/app/bags/user95_2017-02-24.bag;0.834065854549408;0.0;0.9619645476341248;0.0;0.7960547501412467;0.9444047902630928;0.055595209736907236
1731801023.3104856;/app/bags/user95_2017-02-24.bag;0.834065854549408;0.0;0.9619645476341248;0.0;0.7960547501412467;0.9444047902630928;0.055595209736907236
1731801023.510403;/app/bags/user95_2017-02-24.bag;0.834065854549408;0.0;0.9619645476341248;0.0;0.7960547501412467;0.9444047902630928;0.055595209736907236
1731801023.7104514;/app/bags/user95_2017-02-24.bag;0.834065854549408;0.0;0.9619645476341248;0.0;0.7960547501412467;0.9444047902630928;0.055595209736907236
1731801023.9103997;/app/bags/user95_2017-02-24.bag;0.834065854549408;0.0;0.9619645476341248;0.0;0.7960547501412467;0.9444047902630928;0.055595209736907236
1731801024.1104507;/app/bags/user95_2017-02-24.bag;0.834065854549408;0.0;0.9619645476341248;0.0;0.7960547501412467;0.9444047902630928;0.055595209736907236
1731801024.3104348;/app/bags/user95_2017-02-24.bag;0.834065854549408;0.0;0.9619645476341248;0.0;0.7960547501412467;0.9444047902630928;0.055595209736907236
1731801024.5104542;/app/bags/user95_2017-02-24.bag;0.834065854549408;0.0;0.9619645476341248;0.0;0.7960547501412467;0.9444047902630928;0.055595209736907236
1731801024.7104023;/app/bags/user95_2017-02-24.bag;0.834065854549408;0.0;0.9619645476341248;0.0;0.7960547501412467;0.9444047902630928;0.055595209736907236
1731801024.9103749;/app/bags/user95_2017-02-24.bag;0.834065854549408;0.0;0.9619645476341248;0.0;0.7960547501412467;0.9444047902630928;0.055595209736907236
1731801025.1104136;/app/bags/user95_2017-02-24.bag;0.834065854549408;0.0;0.9619645476341248;0.0;0.7960547501412467;0.9444047902630928;0.055595209736907236
1731801025.3104084;/app/bags/user95_2017-02-24.bag;0.834065854549408;0.0;0.9619645476341248;0.0;0.7960547501412467;0.9444047902630928;0.055595209736907236
1731801025.5103838;/app/bags/user95_2017-02-24.bag;0.834065854549408;0.0;0.9619645476341248;0.0;0.7960547501412467;0.9444047902630928;0.055595209736907236
1731801025.710374;/app/bags/user95_2017-02-24.bag;0.834065854549408;0.0;0.9619645476341248;0.0;0.7960547501412467;0.9444047902630928;0.055595209736907236
1731801025.910403;/app/bags/user95_2017-02-24.bag;0.834065854549408;0.0;0.9619645476341248;0.0;0.7960547501412467;0.9444047902630928;0.055595209736907236
1731801026.1103642;/app/bags/user95_2017-02-24.bag;0.834065854549408;0.0;0.9619645476341248;0.0;0.7960547501412467;0.9444047902630928;0.055595209736907236
1731801026.3104281;/app/bags/user95_2017-02-24.bag;0.834065854549408;0.0;0.9619645476341248;0.0;0.7960547501412467;0.9444047902630928;0.055595209736907236
1731801026.5104077;/app/bags/user95_2017-02-24.bag;0.834065854549408;0.0;0.9619645476341248;0.0;0.7960547501412467;0.9444047902630928;0.055595209736907236
1731801026.7104151;/app/bags/user95_2017-02-24.bag;0.834065854549408;0.0;0.9619645476341248;0.0;0.7960547501412467;0.9444047902630928;0.055595209736907236
1731801026.9103844;/app/bags/user95_2017-02-24.bag;0.834065854549408;0.0;0.9619645476341248;0.0;0.7960547501412467;0.9444047902630928;0.055595209736907236
1731801027.1104054;/app/bags/user95_2017-02-24.bag;0.834065854549408;0.0;0.9619645476341248;0.0;0.7960547501412467;0.9444047902630928;0.055595209736907236
1731801027.3104055;/app/bags/user95_2017-02-24.bag;0.834065854549408;0.0;0.9619645476341248;0.0;0.7960547501412467;0.9444047902630928;0.055595209736907236
1731801027.5104716;/app/bags/user95_2017-02-24.bag;0.834065854549408;0.0;0.9619645476341248;0.0;0.7960547501412467;0.9444047902630928;0.055595209736907236
1731801027.710449;/app/bags/user95_2017-02-24.bag;0.834065854549408;0.0;0.9619645476341248;0.0;0.7960547501412467;0.9444047902630928;0.055595209736907236
1731801027.9103928;/app/bags/user95_2017-02-24.bag;0.834065854549408;0.0;0.9619645476341248;0.0;0.7960547501412467;0.9444047902630928;0.055595209736907236
1731801028.1104228;/app/bags/user95_2017-02-24.bag;0.834065854549408;0.0;0.9619645476341248;0.0;0.7960547501412467;0.9444047902630928;0.055595209736907236
1731801028.3104825;/app/bags/user95_2017-02-24.bag;0.834065854549408;0.0;0.9619645476341248;0.0;0.7960547501412467;0.9444047902630928;0.055595209736907236
1731801028.5103936;/app/bags/user95_2017-02-24.bag;0.834065854549408;0.0;0.9619645476341248;0.0;0.7960547501412467;0.9444047902630928;0.055595209736907236
1731801028.7103798;/app/bags/user95_2017-02-24.bag;0.834065854549408;0.0;0.9619645476341248;0.0;0.7960547501412467;0.9444047902630928;0.055595209736907236
1731801028.9104025;/app/bags/user95_2017-02-24.bag;0.834065854549408;0.0;0.9619645476341248;0.0;0.7960547501412467;0.9444047902630928;0.055595209736907236
1731801029.11038;/app/bags/user95_2017-02-24.bag;0.834065854549408;0.0;0.9619645476341248;0.0;0.7960547501412467;0.9444047902630928;0.055595209736907236
1731801029.3104017;/app/bags/user95_2017-02-24.bag;0.834065854549408;0.0;0.9619645476341248;0.0;0.7960547501412467;0.9444047902630928;0.055595209736907236
1731801029.5103786;/app/bags/user95_2017-02-24.bag;0.834065854549408;0.0;0.9619645476341248;0.0;0.7960547501412467;0.9444047902630928;0.055595209736907236
1731801029.710429;/app/bags/user95_2017-02-24.bag;0.834065854549408;0.0;0.9619645476341248;0.0;0.7960547501412467;0.9444047902630928;0.055595209736907236
1731801029.9104621;/app/bags/user95_2017-02-24.bag;0.834065854549408;0.0;0.9619645476341248;0.0;0.7960547501412467;0.9444047902630928;0.055595209736907236
1731801030.1104162;/app/bags/user95_2017-02-24.bag;0.834065854549408;0.0;0.9619645476341248;0.0;0.7960547501412467;0.9444047902630928;0.055595209736907236
1731801030.3103807;/app/bags/user95_2017-02-24.bag;0.834065854549408;0.0;0.9619645476341248;0.0;0.7960547501412467;0.9444047902630928;0.055595209736907236
1731801030.5103664;/app/bags/user95_2017-02-24.bag;0.834065854549408;0.0;0.9619645476341248;0.0;0.7960547501412467;0.9444047902630928;0.055595209736907236
1731801030.7104156;/app/bags/user95_2017-02-24.bag;0.834065854549408;0.0;0.9619645476341248;0.0;0.7960547501412467;0.9444047902630928;0.055595209736907236
1731801030.9103644;/app/bags/user95_2017-02-24.bag;0.834065854549408;0.0;0.9619645476341248;0.0;0.7960547501412467;0.9444047902630928;0.055595209736907236
1731801031.1103866;/app/bags/user95_2017-02-24.bag;0.834065854549408;0.0;0.9619645476341248;0.0;0.7960547501412467;0.9444047902630928;0.055595209736907236
1731801031.3104045;/app/bags/user95_2017-02-24.bag;0.834065854549408;0.0;0.9619645476341248;0.0;0.7960547501412467;0.9444047902630928;0.055595209736907236
1731801031.510457;/app/bags/user95_2017-02-24.bag;0.834065854549408;0.0;0.9619645476341248;0.0;0.7960547501412467;0.9444047902630928;0.055595209736907236
1731801031.7104962;/app/bags/user95_2017-02-24.bag;0.834065854549408;0.0;0.9619645476341248;0.0;0.7960547501412467;0.9444047902630928;0.055595209736907236
1731801031.9104788;/app/bags/user95_2017-02-24.bag;0.834065854549408;0.0;0.9619645476341248;0.0;0.7960547501412467;0.9444047902630928;0.055595209736907236
1731801032.1104376;/app/bags/user95_2017-02-24.bag;0.834065854549408;0.0;0.9619645476341248;0.0;0.7960547501412467;0.9444047902630928;0.055595209736907236
1731801032.31039;/app/bags/user95_2017-02-24.bag;0.834065854549408;0.0;0.9619645476341248;0.0;0.7960547501412467;0.9444047902630928;0.055595209736907236
1731801032.5104363;/app/bags/user95_2017-02-24.bag;0.834065854549408;0.0;0.9619645476341248;0.0;0.7960547501412467;0.9444047902630928;0.055595209736907236
1731801032.7103739;/app/bags/user95_2017-02-24.bag;0.834065854549408;0.0;0.9619645476341248;0.0;0.7960547501412467;0.9444047902630928;0.055595209736907236
1731801032.9103925;/app/bags/user95_2017-02-24.bag;0.834065854549408;0.0;0.9619645476341248;0.0;0.7960547501412467;0.9444047902630928;0.055595209736907236
1731801033.1103895;/app/bags/user95_2017-02-24.bag;0.834065854549408;0.0;0.9619645476341248;0.0;0.7960547501412467;0.9444047902630928;0.055595209736907236
1731801033.310384;/app/bags/user95_2017-02-24.bag;0.834065854549408;0.0;0.9619645476341248;0.0;0.7960547501412467;0.9444047902630928;0.055595209736907236
1731801033.5103967;/app/bags/user95_2017-02-24.bag;0.834065854549408;0.0;0.9619645476341248;0.0;0.7960547501412467;0.9444047902630928;0.055595209736907236
1731801033.7105055;/app/bags/user95_2017-02-24.bag;0.834065854549408;0.0;0.9619645476341248;0.0;0.7960547501412467;0.9444047902630928;0.055595209736907236
1731801033.9104695;/app/bags/user95_2017-02-24.bag;0.834065854549408;0.0;0.9619645476341248;0.0;0.7960547501412467;0.9444047902630928;0.055595209736907236
1731801034.1104326;/app/bags/user95_2017-02-24.bag;0.834065854549408;0.0;0.9619645476341248;0.0;0.7960547501412467;0.9444047902630928;0.055595209736907236
1731801034.3103783;/app/bags/user95_2017-02-24.bag;0.834065854549408;0.0;0.9619645476341248;0.0;0.7960547501412467;0.9444047902630928;0.055595209736907236
1731801034.5103743;/app/bags/user95_2017-02-24.bag;0.834065854549408;0.0;0.9619645476341248;0.0;0.7960547501412467;0.9444047902630928;0.055595209736907236
1731801034.7104337;/app/bags/user95_2017-02-24.bag;0.834065854549408;0.0;0.9619645476341248;0.0;0.7960547501412467;0.9444047902630928;0.055595209736907236
1731801034.9104557;/app/bags/user95_2017-02-24.bag;0.834065854549408;0.0;0.9619645476341248;0.0;0.7960547501412467;0.9444047902630928;0.055595209736907236
1731801035.110426;/app/bags/user95_2017-02-24.bag;0.834065854549408;0.0;0.9619645476341248;0.0;0.7960547501412467;0.9444047902630928;0.055595209736907236
1731801035.3103774;/app/bags/user95_2017-02-24.bag;0.834065854549408;0.0;0.9619645476341248;0.0;0.7960547501412467;0.9444047902630928;0.055595209736907236
1731801035.5103786;/app/bags/user95_2017-02-24.bag;0.834065854549408;0.0;0.9619645476341248;0.0;0.7960547501412467;0.9444047902630928;0.055595209736907236
1731801035.7103674;/app/bags/user95_2017-02-24.bag;0.834065854549408;0.0;0.9619645476341248;0.0;0.7960547501412467;0.9444047902630928;0.055595209736907236
1731801035.9103863;/app/bags/user95_2017-02-24.bag;0.834065854549408;0.0;0.9619645476341248;0.0;0.7960547501412467;0.9444047902630928;0.055595209736907236
1731801036.1103876;/app/bags/user95_2017-02-24.bag;0.834065854549408;0.0;0.9619645476341248;0.0;0.7960547501412467;0.9444047902630928;0.055595209736907236
1731801036.3104076;/app/bags/user95_2017-02-24.bag;0.834065854549408;0.0;0.9619645476341248;0.0;0.7960547501412467;0.9444047902630928;0.055595209736907236
1731801036.5103755;/app/bags/user95_2017-02-24.bag;0.834065854549408;0.0;0.9619645476341248;0.0;0.7960547501412467;0.9444047902630928;0.055595209736907236
1731801036.7103913;/app/bags/user95_2017-02-24.bag;0.834065854549408;0.0;0.9619645476341248;0.0;0.7960547501412467;0.9444047902630928;0.055595209736907236
1731801036.9104197;/app/bags/user95_2017-02-24.bag;0.834065854549408;0.0;0.9619645476341248;0.0;0.7960547501412467;0.9444047902630928;0.055595209736907236
1731801037.1103628;/app/bags/user95_2017-02-24.bag;0.834065854549408;0.0;0.9619645476341248;0.0;0.7960547501412467;0.9444047902630928;0.055595209736907236
1731801037.3103716;/app/bags/user95_2017-02-24.bag;0.834065854549408;0.0;0.9619645476341248;0.0;0.7960547501412467;0.9444047902630928;0.055595209736907236
1731801037.5103593;/app/bags/user95_2017-02-24.bag;0.834065854549408;0.0;0.9619645476341248;0.0;0.7960547501412467;0.9444047902630928;0.055595209736907236
1731801037.710387;/app/bags/user95_2017-02-24.bag;0.834065854549408;0.0;0.9619645476341248;0.0;0.7960547501412467;0.9444047902630928;0.055595209736907236
1731801037.9104068;/app/bags/user95_2017-02-24.bag;0.834065854549408;0.0;0.9619645476341248;0.0;0.7960547501412467;0.9444047902630928;0.055595209736907236
1731801038.1104164;/app/bags/user95_2017-02-24.bag;0.834065854549408;0.0;0.9619645476341248;0.0;0.7960547501412467;0.9444047902630928;0.055595209736907236
1731801038.3104043;/app/bags/user95_2017-02-24.bag;0.834065854549408;0.0;0.9619645476341248;0.0;0.7960547501412467;0.9444047902630928;0.055595209736907236
1731801038.5104172;/app/bags/user95_2017-02-24.bag;0.834065854549408;0.0;0.9619645476341248;0.0;0.7960547501412467;0.9444047902630928;0.055595209736907236
1731801038.7103796;/app/bags/user95_2017-02-24.bag;0.834065854549408;0.0;0.9619645476341248;0.0;0.7960547501412467;0.9444047902630928;0.055595209736907236
1731801038.9103966;/app/bags/user95_2017-02-24.bag;0.834065854549408;0.0;0.9619645476341248;0.0;0.7960547501412467;0.9444047902630928;0.055595209736907236
1731801039.1104054;/app/bags/user95_2017-02-24.bag;0.834065854549408;0.0;0.9619645476341248;0.0;0.7960547501412467;0.9444047902630928;0.055595209736907236
1731801039.3103943;/app/bags/user95_2017-02-24.bag;0.834065854549408;0.0;0.9619645476341248;0.0;0.7960547501412467;0.9444047902630928;0.055595209736907236
1731801039.5103884;/app/bags/user95_2017-02-24.bag;0.834065854549408;0.0;0.9619645476341248;0.0;0.7960547501412467;0.9444047902630928;0.055595209736907236
1731801039.7104201;/app/bags/user95_2017-02-24.bag;0.834065854549408;0.0;0.9619645476341248;0.0;0.7960547501412467;0.9444047902630928;0.055595209736907236
1731801039.9103875;/app/bags/user95_2017-02-24.bag;0.834065854549408;0.0;0.9619645476341248;0.0;0.7960547501412467;0.9444047902630928;0.055595209736907236
1731801040.1103656;/app/bags/user95_2017-02-24.bag;0.834065854549408;0.0;0.9619645476341248;0.0;0.7960547501412467;0.9444047902630928;0.055595209736907236
1731801040.3103824;/app/bags/user95_2017-02-24.bag;0.834065854549408;0.0;0.9619645476341248;0.0;0.7960547501412467;0.9444047902630928;0.055595209736907236
1731801040.5104015;/app/bags/user95_2017-02-24.bag;0.834065854549408;0.0;0.9619645476341248;0.0;0.7960547501412467;0.9444047902630928;0.055595209736907236
1731801040.7104094;/app/bags/user95_2017-02-24.bag;0.834065854549408;0.0;0.9619645476341248;0.0;0.7960547501412467;0.9444047902630928;0.055595209736907236
1731801040.9104714;/app/bags/user95_2017-02-24.bag;0.834065854549408;0.0;0.9619645476341248;0.0;0.7960547501412467;0.9444047902630928;0.055595209736907236
1731801041.110413;/app/bags/user95_2017-02-24.bag;0.834065854549408;0.0;0.9619645476341248;0.0;0.7960547501412467;0.9444047902630928;0.055595209736907236
1731801041.3104045;/app/bags/user95_2017-02-24.bag;0.834065854549408;0.0;0.9619645476341248;0.0;0.7960547501412467;0.9444047902630928;0.055595209736907236
1731801041.5105224;/app/bags/user95_2017-02-24.bag;0.834065854549408;0.0;0.9619645476341248;0.0;0.7960547501412467;0.9444047902630928;0.055595209736907236
1731801041.7103899;/app/bags/user95_2017-02-24.bag;0.834065854549408;0.0;0.9619645476341248;0.0;0.7960547501412467;0.9444047902630928;0.055595209736907236
1731801041.9104466;/app/bags/user95_2017-02-24.bag;0.834065854549408;0.0;0.9619645476341248;0.0;0.7960547501412467;0.9444047902630928;0.055595209736907236
1731801042.110425;/app/bags/user95_2017-02-24.bag;0.834065854549408;0.0;0.9619645476341248;0.0;0.7960547501412467;0.9444047902630928;0.055595209736907236
1731801042.3103864;/app/bags/user95_2017-02-24.bag;0.834065854549408;0.0;0.9619645476341248;0.0;0.7960547501412467;0.9444047902630928;0.055595209736907236
1731801042.5104127;/app/bags/user95_2017-02-24.bag;0.834065854549408;0.0;0.9619645476341248;0.0;0.7960547501412467;0.9444047902630928;0.055595209736907236
1731801042.71042;/app/bags/user95_2017-02-24.bag;0.834065854549408;0.0;0.9619645476341248;0.0;0.7960547501412467;0.9444047902630928;0.055595209736907236
1731801042.9104238;/app/bags/user95_2017-02-24.bag;0.834065854549408;0.0;0.9619645476341248;0.0;0.7960547501412467;0.9444047902630928;0.055595209736907236
1731801043.1105525;/app/bags/user95_2017-02-24.bag;0.834065854549408;0.0;0.9619645476341248;0.0;0.7960547501412467;0.9444047902630928;0.055595209736907236
1731801043.3103774;/app/bags/user95_2017-02-24.bag;0.834065854549408;0.0;0.9619645476341248;0.0;0.7960547501412467;0.9444047902630928;0.055595209736907236
1731801043.5103745;/app/bags/user95_2017-02-24.bag;0.834065854549408;0.0;0.9619645476341248;0.0;0.7960547501412467;0.9444047902630928;0.055595209736907236
1731801043.7105494;/app/bags/user95_2017-02-24.bag;0.834065854549408;0.0;0.9619645476341248;0.0;0.7960547501412467;0.9444047902630928;0.055595209736907236
1731801043.9104033;/app/bags/user95_2017-02-24.bag;0.834065854549408;0.0;0.9619645476341248;0.0;0.7960547501412467;0.9444047902630928;0.055595209736907236
1731801044.110393;/app/bags/user95_2017-02-24.bag;0.834065854549408;0.0;0.9619645476341248;0.0;0.7960547501412467;0.9444047902630928;0.055595209736907236
1731801044.3104181;/app/bags/user95_2017-02-24.bag;0.834065854549408;0.0;0.9619645476341248;0.0;0.7960547501412467;0.9444047902630928;0.055595209736907236
1731801044.5103858;/app/bags/user95_2017-02-24.bag;0.834065854549408;0.0;0.9619645476341248;0.0;0.7960547501412467;0.9444047902630928;0.055595209736907236
1731801044.7105021;/app/bags/user95_2017-02-24.bag;0.834065854549408;0.0;0.9619645476341248;0.0;0.7960547501412467;0.9444047902630928;0.055595209736907236
1731801044.9104662;/app/bags/user95_2017-02-24.bag;0.834065854549408;0.0;0.9619645476341248;0.0;0.7960547501412467;0.9444047902630928;0.055595209736907236
1731801045.1104062;/app/bags/user95_2017-02-24.bag;0.834065854549408;0.0;0.9619645476341248;0.0;0.7960547501412467;0.9444047902630928;0.055595209736907236
1731801045.3104906;/app/bags/user95_2017-02-24.bag;0.834065854549408;0.0;0.9619645476341248;0.0;0.7960547501412467;0.9444047902630928;0.055595209736907236
1731801045.5104141;/app/bags/user95_2017-02-24.bag;0.834065854549408;0.0;0.9619645476341248;0.0;0.7960547501412467;0.9444047902630928;0.055595209736907236
1731801045.7104006;/app/bags/user95_2017-02-24.bag;0.834065854549408;0.0;0.9619645476341248;0.0;0.7960547501412467;0.9444047902630928;0.055595209736907236
1731801045.910383;/app/bags/user95_2017-02-24.bag;0.834065854549408;0.0;0.9619645476341248;0.0;0.7960547501412467;0.9444047902630928;0.055595209736907236
1731801046.11046;/app/bags/user95_2017-02-24.bag;0.834065854549408;0.0;0.9619645476341248;0.0;0.7960547501412467;0.9444047902630928;0.055595209736907236
1731801046.3103862;/app/bags/user95_2017-02-24.bag;0.834065854549408;0.0;0.9619645476341248;0.0;0.7960547501412467;0.9444047902630928;0.055595209736907236
1731801046.510443;/app/bags/user95_2017-02-24.bag;0.834065854549408;0.0;0.9619645476341248;0.0;0.7960547501412467;0.9444047902630928;0.055595209736907236
1731801046.7105129;/app/bags/user95_2017-02-24.bag;0.834065854549408;0.0;0.9619645476341248;0.0;0.7960547501412467;0.9444047902630928;0.055595209736907236
1731801046.910418;/app/bags/user95_2017-02-24.bag;0.834065854549408;0.0;0.9619645476341248;0.0;0.7960547501412467;0.9444047902630928;0.055595209736907236
1731801047.1103756;/app/bags/user95_2017-02-24.bag;0.834065854549408;0.0;0.9619645476341248;0.0;0.7960547501412467;0.9444047902630928;0.055595209736907236
1731801047.310405;/app/bags/user95_2017-02-24.bag;0.834065854549408;0.0;0.9619645476341248;0.0;0.7960547501412467;0.9444047902630928;0.055595209736907236
1731801047.5104377;/app/bags/user95_2017-02-24.bag;0.834065854549408;0.0;0.9619645476341248;0.0;0.7960547501412467;0.9444047902630928;0.055595209736907236
1731801047.7105865;/app/bags/user95_2017-02-24.bag;0.834065854549408;0.0;0.9619645476341248;0.0;0.7960547501412467;0.9444047902630928;0.055595209736907236
1731801047.9104226;/app/bags/user95_2017-02-24.bag;0.834065854549408;0.0;0.9619645476341248;0.0;0.7960547501412467;0.9444047902630928;0.055595209736907236
1731801048.1103964;/app/bags/user95_2017-02-24.bag;0.834065854549408;0.0;0.9619645476341248;0.0;0.7960547501412467;0.9444047902630928;0.055595209736907236
1731801048.3104022;/app/bags/user95_2017-02-24.bag;0.834065854549408;0.0;0.9619645476341248;0.0;0.7960547501412467;0.9444047902630928;0.055595209736907236
1731801048.5104294;/app/bags/user95_2017-02-24.bag;0.834065854549408;0.0;0.9619645476341248;0.0;0.7960547501412467;0.9444047902630928;0.055595209736907236
1731801048.7103932;/app/bags/user95_2017-02-24.bag;0.834065854549408;0.0;0.9619645476341248;0.0;0.7960547501412467;0.9444047902630928;0.055595209736907236
1731801048.9103608;/app/bags/user95_2017-02-24.bag;0.834065854549408;0.0;0.9619645476341248;0.0;0.7960547501412467;0.9444047902630928;0.055595209736907236
1731801049.1104054;/app/bags/user95_2017-02-24.bag;0.834065854549408;0.0;0.9619645476341248;0.0;0.7960547501412467;0.9444047902630928;0.055595209736907236
1731801049.3104079;/app/bags/user95_2017-02-24.bag;0.834065854549408;0.0;0.9619645476341248;0.0;0.7960547501412467;0.9444047902630928;0.055595209736907236
1731801049.5104218;/app/bags/user95_2017-02-24.bag;0.834065854549408;0.0;0.9619645476341248;0.0;0.7960547501412467;0.9444047902630928;0.055595209736907236
1731801049.710394;/app/bags/user95_2017-02-24.bag;0.834065854549408;0.0;0.9619645476341248;0.0;0.7960547501412467;0.9444047902630928;0.055595209736907236
1731801049.9104724;/app/bags/user95_2017-02-24.bag;0.834065854549408;0.0;0.9619645476341248;0.0;0.7960547501412467;0.9444047902630928;0.055595209736907236
1731801050.110454;/app/bags/user95_2017-02-24.bag;0.834065854549408;0.0;0.9619645476341248;0.0;0.7960547501412467;0.9444047902630928;0.055595209736907236
1731801050.3104012;/app/bags/user95_2017-02-24.bag;0.834065854549408;0.0;0.9619645476341248;0.0;0.7960547501412467;0.9444047902630928;0.055595209736907236
1731801050.5104382;/app/bags/user95_2017-02-24.bag;0.834065854549408;0.0;0.9619645476341248;0.0;0.7960547501412467;0.9444047902630928;0.055595209736907236
1731801050.7103674;/app/bags/user95_2017-02-24.bag;0.834065854549408;0.0;0.9619645476341248;0.0;0.7960547501412467;0.9444047902630928;0.055595209736907236
1731801050.9103723;/app/bags/user95_2017-02-24.bag;0.834065854549408;0.0;0.9619645476341248;0.0;0.7960547501412467;0.9444047902630928;0.055595209736907236
1731801051.1103995;/app/bags/user95_2017-02-24.bag;0.834065854549408;0.0;0.9619645476341248;0.0;0.7960547501412467;0.9444047902630928;0.055595209736907236
1731801051.3104155;/app/bags/user95_2017-02-24.bag;0.834065854549408;0.0;0.9619645476341248;0.0;0.7960547501412467;0.9444047902630928;0.055595209736907236
1731801051.510344;/app/bags/user95_2017-02-24.bag;0.834065854549408;0.0;0.9619645476341248;0.0;0.7960547501412467;0.9444047902630928;0.055595209736907236
1731801051.7103698;/app/bags/user95_2017-02-24.bag;0.834065854549408;0.0;0.9619645476341248;0.0;0.7960547501412467;0.9444047902630928;0.055595209736907236
1731801051.9103663;/app/bags/user95_2017-02-24.bag;0.834065854549408;0.0;0.9619645476341248;0.0;0.7960547501412467;0.9444047902630928;0.055595209736907236
1731801052.1104314;/app/bags/user95_2017-02-24.bag;0.834065854549408;0.0;0.9619645476341248;0.0;0.7960547501412467;0.9444047902630928;0.055595209736907236
1731801052.3104463;/app/bags/user95_2017-02-24.bag;0.834065854549408;0.0;0.9619645476341248;0.0;0.7960547501412467;0.9444047902630928;0.055595209736907236
1731801052.510535;/app/bags/user95_2017-02-24.bag;0.834065854549408;0.0;0.9619645476341248;0.0;0.7960547501412467;0.9444047902630928;0.055595209736907236
1731801052.710419;/app/bags/user95_2017-02-24.bag;0.834065854549408;0.0;0.9619645476341248;0.0;0.7960547501412467;0.9444047902630928;0.055595209736907236
1731801052.9103708;/app/bags/user95_2017-02-24.bag;0.834065854549408;0.0;0.9619645476341248;0.0;0.7960547501412467;0.9444047902630928;0.055595209736907236
1731801053.1104333;/app/bags/user95_2017-02-24.bag;0.834065854549408;0.0;0.9619645476341248;0.0;0.7960547501412467;0.9444047902630928;0.055595209736907236
1731801053.3104115;/app/bags/user95_2017-02-24.bag;0.834065854549408;0.0;0.9619645476341248;0.0;0.7960547501412467;0.9444047902630928;0.055595209736907236
1731801053.5104241;/app/bags/user95_2017-02-24.bag;0.834065854549408;0.0;0.9619645476341248;0.0;0.7960547501412467;0.9444047902630928;0.055595209736907236
1731801053.7104392;/app/bags/user95_2017-02-24.bag;0.834065854549408;0.0;0.9619645476341248;0.0;0.7960547501412467;0.9444047902630928;0.055595209736907236
1731801053.9103942;/app/bags/user95_2017-02-24.bag;0.834065854549408;0.0;0.9619645476341248;0.0;0.7960547501412467;0.9444047902630928;0.055595209736907236
1731801054.1104248;/app/bags/user95_2017-02-24.bag;0.834065854549408;0.0;0.9619645476341248;0.0;0.7960547501412467;0.9444047902630928;0.055595209736907236
1731801054.310422;/app/bags/user95_2017-02-24.bag;0.834065854549408;0.0;0.9619645476341248;0.0;0.7960547501412467;0.9444047902630928;0.055595209736907236
1731801054.5104318;/app/bags/user95_2017-02-24.bag;0.834065854549408;0.0;0.9619645476341248;0.0;0.7960547501412467;0.9444047902630928;0.055595209736907236
1731801054.7105236;/app/bags/user95_2017-02-24.bag;0.834065854549408;0.0;0.9619645476341248;0.0;0.7960547501412467;0.9444047902630928;0.055595209736907236
1731801054.9103765;/app/bags/user95_2017-02-24.bag;0.834065854549408;0.0;0.9619645476341248;0.0;0.7960547501412467;0.9444047902630928;0.055595209736907236
1731801055.1104844;/app/bags/user95_2017-02-24.bag;0.834065854549408;0.0;0.9619645476341248;0.0;0.7960547501412467;0.9444047902630928;0.055595209736907236
1731801055.3104398;/app/bags/user95_2017-02-24.bag;0.834065854549408;0.0;0.9619645476341248;0.0;0.7960547501412467;0.9444047902630928;0.055595209736907236
1731801055.5104678;/app/bags/user95_2017-02-24.bag;0.834065854549408;0.0;0.9619645476341248;0.0;0.7960547501412467;0.9444047902630928;0.055595209736907236
1731801055.7104585;/app/bags/user95_2017-02-24.bag;0.834065854549408;0.0;0.9619645476341248;0.0;0.7960547501412467;0.9444047902630928;0.055595209736907236
1731801055.9103932;/app/bags/user95_2017-02-24.bag;0.834065854549408;0.0;0.9619645476341248;0.0;0.7960547501412467;0.9444047902630928;0.055595209736907236
1731801056.1103692;/app/bags/user95_2017-02-24.bag;0.834065854549408;0.0;0.9619645476341248;0.0;0.7960547501412467;0.9444047902630928;0.055595209736907236
1731801056.3103666;/app/bags/user95_2017-02-24.bag;0.834065854549408;0.0;0.9619645476341248;0.0;0.7960547501412467;0.9444047902630928;0.055595209736907236
1731801056.51041;/app/bags/user95_2017-02-24.bag;0.834065854549408;0.0;0.9619645476341248;0.0;0.7960547501412467;0.9444047902630928;0.055595209736907236
1731801056.7103908;/app/bags/user95_2017-02-24.bag;0.834065854549408;0.0;0.9619645476341248;0.0;0.7960547501412467;0.9444047902630928;0.055595209736907236
1731801056.910409;/app/bags/user95_2017-02-24.bag;0.834065854549408;0.0;0.9619645476341248;0.0;0.7960547501412467;0.9444047902630928;0.055595209736907236
1731801057.1104596;/app/bags/user95_2017-02-24.bag;0.834065854549408;0.0;0.9619645476341248;0.0;0.7960547501412467;0.9444047902630928;0.055595209736907236
1731801057.3103423;/app/bags/user95_2017-02-24.bag;0.834065854549408;0.0;0.9619645476341248;0.0;0.7960547501412467;0.9444047902630928;0.055595209736907236
1731801057.5103908;/app/bags/user95_2017-02-24.bag;0.834065854549408;0.0;0.9619645476341248;0.0;0.7960547501412467;0.9444047902630928;0.055595209736907236
1731801057.710345;/app/bags/user95_2017-02-24.bag;0.834065854549408;0.0;0.9619645476341248;0.0;0.7960547501412467;0.9444047902630928;0.055595209736907236
1731801057.9103775;/app/bags/user95_2017-02-24.bag;0.834065854549408;0.0;0.9619645476341248;0.0;0.7960547501412467;0.9444047902630928;0.055595209736907236
1731801058.1104007;/app/bags/user95_2017-02-24.bag;0.834065854549408;0.0;0.9619645476341248;0.0;0.7960547501412467;0.9444047902630928;0.055595209736907236
1731801058.3104057;/app/bags/user95_2017-02-24.bag;0.834065854549408;0.0;0.9619645476341248;0.0;0.7960547501412467;0.9444047902630928;0.055595209736907236
1731801058.5104356;/app/bags/user95_2017-02-24.bag;0.834065854549408;0.0;0.9619645476341248;0.0;0.7960547501412467;0.9444047902630928;0.055595209736907236
1731801058.710496;/app/bags/user95_2017-02-24.bag;0.834065854549408;0.0;0.9619645476341248;0.0;0.7960547501412467;0.9444047902630928;0.055595209736907236
1731801058.9104161;/app/bags/user95_2017-02-24.bag;0.834065854549408;0.0;0.9619645476341248;0.0;0.7960547501412467;0.9444047902630928;0.055595209736907236
1731801059.1103845;/app/bags/user95_2017-02-24.bag;0.834065854549408;0.0;0.9619645476341248;0.0;0.7960547501412467;0.9444047902630928;0.055595209736907236
1731801059.3103995;/app/bags/user95_2017-02-24.bag;0.834065854549408;0.0;0.9619645476341248;0.0;0.7960547501412467;0.9444047902630928;0.055595209736907236
1731801059.5103865;/app/bags/user95_2017-02-24.bag;0.834065854549408;0.0;0.9619645476341248;0.0;0.7960547501412467;0.9444047902630928;0.055595209736907236
1731801059.7106016;/app/bags/user95_2017-02-24.bag;0.834065854549408;0.0;0.9619645476341248;0.0;0.7960547501412467;0.9444047902630928;0.055595209736907236
1731801059.9103875;/app/bags/user95_2017-02-24.bag;0.834065854549408;0.0;0.9619645476341248;0.0;0.7960547501412467;0.9444047902630928;0.055595209736907236
1731801060.1103916;/app/bags/user95_2017-02-24.bag;0.834065854549408;0.0;0.9619645476341248;0.0;0.7960547501412467;0.9444047902630928;0.055595209736907236
1731801060.310385;/app/bags/user95_2017-02-24.bag;0.834065854549408;0.0;0.9619645476341248;0.0;0.7960547501412467;0.9444047902630928;0.055595209736907236
1731801060.5103984;/app/bags/user95_2017-02-24.bag;0.834065854549408;0.0;0.9619645476341248;0.0;0.7960547501412467;0.9444047902630928;0.055595209736907236
1731801060.710475;/app/bags/user95_2017-02-24.bag;0.834065854549408;0.0;0.9619645476341248;0.0;0.7960547501412467;0.9444047902630928;0.055595209736907236
1731801060.9103987;/app/bags/user95_2017-02-24.bag;0.834065854549408;0.0;0.9619645476341248;0.0;0.7960547501412467;0.9444047902630928;0.055595209736907236
1731801061.1106117;/app/bags/user95_2017-02-24.bag;0.834065854549408;0.0;0.9619645476341248;0.0;0.7960547501412467;0.9444047902630928;0.055595209736907236
1731801061.3103998;/app/bags/user95_2017-02-24.bag;0.834065854549408;0.0;0.9619645476341248;0.0;0.7960547501412467;0.9444047902630928;0.055595209736907236
1731801061.5103908;/app/bags/user95_2017-02-24.bag;0.834065854549408;0.0;0.9619645476341248;0.0;0.7960547501412467;0.9444047902630928;0.055595209736907236
1731801061.710364;/app/bags/user95_2017-02-24.bag;0.834065854549408;0.0;0.9619645476341248;0.0;0.7960547501412467;0.9444047902630928;0.055595209736907236
1731801061.910426;/app/bags/user95_2017-02-24.bag;0.834065854549408;0.0;0.9619645476341248;0.0;0.7960547501412467;0.9444047902630928;0.055595209736907236
1731801062.1104252;/app/bags/user95_2017-02-24.bag;0.834065854549408;0.0;0.9619645476341248;0.0;0.7960547501412467;0.9444047902630928;0.055595209736907236
1731801062.3104596;/app/bags/user95_2017-02-24.bag;0.834065854549408;0.0;0.9619645476341248;0.0;0.7960547501412467;0.9444047902630928;0.055595209736907236
1731801062.5104012;/app/bags/user95_2017-02-24.bag;0.834065854549408;0.0;0.9619645476341248;0.0;0.7960547501412467;0.9444047902630928;0.055595209736907236
1731801062.7104244;/app/bags/user95_2017-02-24.bag;0.834065854549408;0.0;0.9619645476341248;0.0;0.7960547501412467;0.9444047902630928;0.055595209736907236
1731801062.910436;/app/bags/user95_2017-02-24.bag;0.834065854549408;0.0;0.9619645476341248;0.0;0.7960547501412467;0.9444047902630928;0.055595209736907236
1731801063.110388;/app/bags/user95_2017-02-24.bag;0.834065854549408;0.0;0.9619645476341248;0.0;0.7960547501412467;0.9444047902630928;0.055595209736907236
1731801063.3103948;/app/bags/user95_2017-02-24.bag;0.834065854549408;0.0;0.9619645476341248;0.0;0.7960547501412467;0.9444047902630928;0.055595209736907236
1731801063.5104258;/app/bags/user95_2017-02-24.bag;0.834065854549408;0.0;0.9619645476341248;0.0;0.7960547501412467;0.9444047902630928;0.055595209736907236
1731801063.7103975;/app/bags/user95_2017-02-24.bag;0.834065854549408;0.0;0.9619645476341248;0.0;0.7960547501412467;0.9444047902630928;0.055595209736907236
1731801063.9104693;/app/bags/user95_2017-02-24.bag;0.834065854549408;0.0;0.9619645476341248;0.0;0.7960547501412467;0.9444047902630928;0.055595209736907236
1731801064.1104083;/app/bags/user95_2017-02-24.bag;0.834065854549408;0.0;0.9619645476341248;0.0;0.7960547501412467;0.9444047902630928;0.055595209736907236
1731801064.3104084;/app/bags/user95_2017-02-24.bag;0.834065854549408;0.0;0.9619645476341248;0.0;0.7960547501412467;0.9444047902630928;0.055595209736907236
1731801064.5103898;/app/bags/user95_2017-02-24.bag;0.834065854549408;0.0;0.9619645476341248;0.0;0.7960547501412467;0.9444047902630928;0.055595209736907236
1731801064.7104366;/app/bags/user95_2017-02-24.bag;0.834065854549408;0.0;0.9619645476341248;0.0;0.7960547501412467;0.9444047902630928;0.055595209736907236
1731801064.9103923;/app/bags/user95_2017-02-24.bag;0.834065854549408;0.0;0.9619645476341248;0.0;0.7960547501412467;0.9444047902630928;0.055595209736907236
1731801065.110388;/app/bags/user95_2017-02-24.bag;0.834065854549408;0.0;0.9619645476341248;0.0;0.7960547501412467;0.9444047902630928;0.055595209736907236
1731801065.3104239;/app/bags/user95_2017-02-24.bag;0.834065854549408;0.0;0.9619645476341248;0.0;0.7960547501412467;0.9444047902630928;0.055595209736907236
1731801065.5104084;/app/bags/user95_2017-02-24.bag;0.834065854549408;0.0;0.9619645476341248;0.0;0.7960547501412467;0.9444047902630928;0.055595209736907236
1731801065.7104654;/app/bags/user95_2017-02-24.bag;0.834065854549408;0.0;0.9619645476341248;0.0;0.7960547501412467;0.9444047902630928;0.055595209736907236
1731801065.9104288;/app/bags/user95_2017-02-24.bag;0.834065854549408;0.0;0.9619645476341248;0.0;0.7960547501412467;0.9444047902630928;0.055595209736907236
1731801066.1104045;/app/bags/user95_2017-02-24.bag;0.834065854549408;0.0;0.9619645476341248;0.0;0.7960547501412467;0.9444047902630928;0.055595209736907236
1731801066.3103507;/app/bags/user95_2017-02-24.bag;0.834065854549408;0.0;0.9619645476341248;0.0;0.7960547501412467;0.9444047902630928;0.055595209736907236
1731801066.5103953;/app/bags/user95_2017-02-24.bag;0.834065854549408;0.0;0.9619645476341248;0.0;0.7960547501412467;0.9444047902630928;0.055595209736907236
1731801066.7104123;/app/bags/user95_2017-02-24.bag;0.834065854549408;0.0;0.9619645476341248;0.0;0.7960547501412467;0.9444047902630928;0.055595209736907236
1731801066.910572;/app/bags/user95_2017-02-24.bag;0.834065854549408;0.0;0.9619645476341248;0.0;0.7960547501412467;0.9444047902630928;0.055595209736907236
1731801067.1104414;/app/bags/user95_2017-02-24.bag;0.834065854549408;0.0;0.9619645476341248;0.0;0.7960547501412467;0.9444047902630928;0.055595209736907236
1731801067.3103912;/app/bags/user95_2017-02-24.bag;0.834065854549408;0.0;0.9619645476341248;0.0;0.7960547501412467;0.9444047902630928;0.055595209736907236
1731801067.51042;/app/bags/user95_2017-02-24.bag;0.834065854549408;0.0;0.9619645476341248;0.0;0.7960547501412467;0.9444047902630928;0.055595209736907236
1731801067.71042;/app/bags/user95_2017-02-24.bag;0.834065854549408;0.0;0.9619645476341248;0.0;0.7960547501412467;0.9444047902630928;0.055595209736907236
1731801067.9104788;/app/bags/user95_2017-02-24.bag;0.834065854549408;0.0;0.9619645476341248;0.0;0.7960547501412467;0.9444047902630928;0.055595209736907236
1731801068.1104872;/app/bags/user95_2017-02-24.bag;0.834065854549408;0.0;0.9619645476341248;0.0;0.7960547501412467;0.9444047902630928;0.055595209736907236
1731801068.3103392;/app/bags/user95_2017-02-24.bag;0.834065854549408;0.0;0.9619645476341248;0.0;0.7960547501412467;0.9444047902630928;0.055595209736907236
1731801068.5103426;/app/bags/user95_2017-02-24.bag;0.834065854549408;0.0;0.9619645476341248;0.0;0.7960547501412467;0.9444047902630928;0.055595209736907236
1731801068.7104132;/app/bags/user95_2017-02-24.bag;0.834065854549408;0.0;0.9619645476341248;0.0;0.7960547501412467;0.9444047902630928;0.055595209736907236
1731801068.9104364;/app/bags/user95_2017-02-24.bag;0.834065854549408;0.0;0.9619645476341248;0.0;0.7960547501412467;0.9444047902630928;0.055595209736907236
1731801069.1104097;/app/bags/user95_2017-02-24.bag;0.834065854549408;0.0;0.9619645476341248;0.0;0.7960547501412467;0.9444047902630928;0.055595209736907236
1731801069.3104587;/app/bags/user95_2017-02-24.bag;0.834065854549408;0.0;0.9619645476341248;0.0;0.7960547501412467;0.9444047902630928;0.055595209736907236
1731801069.510447;/app/bags/user95_2017-02-24.bag;0.834065854549408;0.0;0.9619645476341248;0.0;0.7960547501412467;0.9444047902630928;0.055595209736907236
1731801069.7104297;/app/bags/user95_2017-02-24.bag;0.834065854549408;0.0;0.9619645476341248;0.0;0.7960547501412467;0.9444047902630928;0.055595209736907236
1731801069.9104488;/app/bags/user95_2017-02-24.bag;0.834065854549408;0.0;0.9619645476341248;0.0;0.7960547501412467;0.9444047902630928;0.055595209736907236
1731801070.110453;/app/bags/user95_2017-02-24.bag;0.834065854549408;0.0;0.9619645476341248;0.0;0.7960547501412467;0.9444047902630928;0.055595209736907236
1731801070.3103852;/app/bags/user95_2017-02-24.bag;0.834065854549408;0.0;0.9619645476341248;0.0;0.7960547501412467;0.9444047902630928;0.055595209736907236
1731801070.5104086;/app/bags/user95_2017-02-24.bag;0.834065854549408;0.0;0.9619645476341248;0.0;0.7960547501412467;0.9444047902630928;0.055595209736907236
1731801070.7103927;/app/bags/user95_2017-02-24.bag;0.834065854549408;0.0;0.9619645476341248;0.0;0.7960547501412467;0.9444047902630928;0.055595209736907236
1731801070.910387;/app/bags/user95_2017-02-24.bag;0.834065854549408;0.0;0.9619645476341248;0.0;0.7960547501412467;0.9444047902630928;0.055595209736907236
1731801071.1104288;/app/bags/user95_2017-02-24.bag;0.834065854549408;0.0;0.9619645476341248;0.0;0.7960547501412467;0.9444047902630928;0.055595209736907236
1731801071.3105087;/app/bags/user95_2017-02-24.bag;0.834065854549408;0.0;0.9619645476341248;0.0;0.7960547501412467;0.9444047902630928;0.055595209736907236
1731801071.5103977;/app/bags/user95_2017-02-24.bag;0.834065854549408;0.0;0.9619645476341248;0.0;0.7960547501412467;0.9444047902630928;0.055595209736907236
1731801071.7103975;/app/bags/user95_2017-02-24.bag;0.834065854549408;0.0;0.9619645476341248;0.0;0.7960547501412467;0.9444047902630928;0.055595209736907236
1731801071.910444;/app/bags/user95_2017-02-24.bag;0.834065854549408;0.0;0.9619645476341248;0.0;0.7960547501412467;0.9444047902630928;0.055595209736907236
1731801072.11042;/app/bags/user95_2017-02-24.bag;0.834065854549408;0.0;0.9619645476341248;0.0;0.7960547501412467;0.9444047902630928;0.055595209736907236
1731801072.3104222;/app/bags/user95_2017-02-24.bag;0.834065854549408;0.0;0.9619645476341248;0.0;0.7960547501412467;0.9444047902630928;0.055595209736907236
1731801072.5103648;/app/bags/user95_2017-02-24.bag;0.834065854549408;0.0;0.9619645476341248;0.0;0.7960547501412467;0.9444047902630928;0.055595209736907236
1731801072.7104304;/app/bags/user95_2017-02-24.bag;0.834065854549408;0.0;0.9619645476341248;0.0;0.7960547501412467;0.9444047902630928;0.055595209736907236
1731801072.9104707;/app/bags/user95_2017-02-24.bag;0.834065854549408;0.0;0.9619645476341248;0.0;0.7960547501412467;0.9444047902630928;0.055595209736907236
1731801073.110362;/app/bags/user95_2017-02-24.bag;0.834065854549408;0.0;0.9619645476341248;0.0;0.7960547501412467;0.9444047902630928;0.055595209736907236
1731801073.3104134;/app/bags/user95_2017-02-24.bag;0.834065854549408;0.0;0.9619645476341248;0.0;0.7960547501412467;0.9444047902630928;0.055595209736907236
1731801073.5104141;/app/bags/user95_2017-02-24.bag;0.834065854549408;0.0;0.9619645476341248;0.0;0.7960547501412467;0.9444047902630928;0.055595209736907236
1731801073.7104197;/app/bags/user95_2017-02-24.bag;0.834065854549408;0.0;0.9619645476341248;0.0;0.7960547501412467;0.9444047902630928;0.055595209736907236
1731801073.9104762;/app/bags/user95_2017-02-24.bag;0.834065854549408;0.0;0.9619645476341248;0.0;0.7960547501412467;0.9444047902630928;0.055595209736907236
1731801074.11048;/app/bags/user95_2017-02-24.bag;0.834065854549408;0.0;0.9619645476341248;0.0;0.7960547501412467;0.9444047902630928;0.055595209736907236
1731801074.310412;/app/bags/user95_2017-02-24.bag;0.834065854549408;0.0;0.9619645476341248;0.0;0.7960547501412467;0.9444047902630928;0.055595209736907236
1731801074.5103936;/app/bags/user95_2017-02-24.bag;0.834065854549408;0.0;0.9619645476341248;0.0;0.7960547501412467;0.9444047902630928;0.055595209736907236
1731801074.710378;/app/bags/user95_2017-02-24.bag;0.834065854549408;0.0;0.9619645476341248;0.0;0.7960547501412467;0.9444047902630928;0.055595209736907236
1731801074.9104524;/app/bags/user95_2017-02-24.bag;0.834065854549408;0.0;0.9619645476341248;0.0;0.7960547501412467;0.9444047902630928;0.055595209736907236
1731801075.1104457;/app/bags/user95_2017-02-24.bag;0.834065854549408;0.0;0.9619645476341248;0.0;0.7960547501412467;0.9444047902630928;0.055595209736907236
1731801075.3104105;/app/bags/user95_2017-02-24.bag;0.834065854549408;0.0;0.9619645476341248;0.0;0.7960547501412467;0.9444047902630928;0.055595209736907236
1731801075.5103939;/app/bags/user95_2017-02-24.bag;0.834065854549408;0.0;0.9619645476341248;0.0;0.7960547501412467;0.9444047902630928;0.055595209736907236
1731801075.7103777;/app/bags/user95_2017-02-24.bag;0.834065854549408;0.0;0.9619645476341248;0.0;0.7960547501412467;0.9444047902630928;0.055595209736907236
1731801075.9103897;/app/bags/user95_2017-02-24.bag;0.834065854549408;0.0;0.9619645476341248;0.0;0.7960547501412467;0.9444047902630928;0.055595209736907236
1731801076.11051;/app/bags/user95_2017-02-24.bag;0.834065854549408;0.0;0.9619645476341248;0.0;0.7960547501412467;0.9444047902630928;0.055595209736907236
1731801076.3104038;/app/bags/user95_2017-02-24.bag;0.834065854549408;0.0;0.9619645476341248;0.0;0.7960547501412467;0.9444047902630928;0.055595209736907236
1731801076.5104294;/app/bags/user95_2017-02-24.bag;0.834065854549408;0.0;0.9619645476341248;0.0;0.7960547501412467;0.9444047902630928;0.055595209736907236
1731801076.7103982;/app/bags/user95_2017-02-24.bag;0.834065854549408;0.0;0.9619645476341248;0.0;0.7960547501412467;0.9444047902630928;0.055595209736907236
1731801076.9104493;/app/bags/user95_2017-02-24.bag;0.834065854549408;0.0;0.9619645476341248;0.0;0.7960547501412467;0.9444047902630928;0.055595209736907236
1731801077.1103923;/app/bags/user95_2017-02-24.bag;0.834065854549408;0.0;0.9619645476341248;0.0;0.7960547501412467;0.9444047902630928;0.055595209736907236
1731801077.3104222;/app/bags/user95_2017-02-24.bag;0.834065854549408;0.0;0.9619645476341248;0.0;0.7960547501412467;0.9444047902630928;0.055595209736907236
1731801077.5103846;/app/bags/user95_2017-02-24.bag;0.834065854549408;0.0;0.9619645476341248;0.0;0.7960547501412467;0.9444047902630928;0.055595209736907236
1731801077.710374;/app/bags/user95_2017-02-24.bag;0.834065854549408;0.0;0.9619645476341248;0.0;0.7960547501412467;0.9444047902630928;0.055595209736907236
1731801077.910398;/app/bags/user95_2017-02-24.bag;0.834065854549408;0.0;0.9619645476341248;0.0;0.7960547501412467;0.9444047902630928;0.055595209736907236
1731801078.110432;/app/bags/user95_2017-02-24.bag;0.834065854549408;0.0;0.9619645476341248;0.0;0.7960547501412467;0.9444047902630928;0.055595209736907236
1731801078.3104248;/app/bags/user95_2017-02-24.bag;0.834065854549408;0.0;0.9619645476341248;0.0;0.7960547501412467;0.9444047902630928;0.055595209736907236
1731801078.5103736;/app/bags/user95_2017-02-24.bag;0.834065854549408;0.0;0.9619645476341248;0.0;0.7960547501412467;0.9444047902630928;0.055595209736907236
1731801078.7103896;/app/bags/user95_2017-02-24.bag;0.834065854549408;0.0;0.9619645476341248;0.0;0.7960547501412467;0.9444047902630928;0.055595209736907236
1731801078.9104962;/app/bags/user95_2017-02-24.bag;0.834065854549408;0.0;0.9619645476341248;0.0;0.7960547501412467;0.9444047902630928;0.055595209736907236
1731801079.1103745;/app/bags/user95_2017-02-24.bag;0.834065854549408;0.0;0.9619645476341248;0.0;0.7960547501412467;0.9444047902630928;0.055595209736907236
1731801079.3104188;/app/bags/user95_2017-02-24.bag;0.834065854549408;0.0;0.9619645476341248;0.0;0.7960547501412467;0.9444047902630928;0.055595209736907236
1731801079.5103846;/app/bags/user95_2017-02-24.bag;0.834065854549408;0.0;0.9619645476341248;0.0;0.7960547501412467;0.9444047902630928;0.055595209736907236
1731801079.7104077;/app/bags/user95_2017-02-24.bag;0.834065854549408;0.0;0.9619645476341248;0.0;0.7960547501412467;0.9444047902630928;0.055595209736907236
1731801079.9103808;/app/bags/user95_2017-02-24.bag;0.834065854549408;0.0;0.9619645476341248;0.0;0.7960547501412467;0.9444047902630928;0.055595209736907236
1731801080.1104395;/app/bags/user95_2017-02-24.bag;0.834065854549408;0.0;0.9619645476341248;0.0;0.7960547501412467;0.9444047902630928;0.055595209736907236
1731801080.3103924;/app/bags/user95_2017-02-24.bag;0.834065854549408;0.0;0.9619645476341248;0.0;0.7960547501412467;0.9444047902630928;0.055595209736907236
1731801080.5104144;/app/bags/user95_2017-02-24.bag;0.834065854549408;0.0;0.9619645476341248;0.0;0.7960547501412467;0.9444047902630928;0.055595209736907236
1731801080.710433;/app/bags/user95_2017-02-24.bag;0.834065854549408;0.0;0.9619645476341248;0.0;0.7960547501412467;0.9444047902630928;0.055595209736907236
1731801080.9104338;/app/bags/user95_2017-02-24.bag;0.834065854549408;0.0;0.9619645476341248;0.0;0.7960547501412467;0.9444047902630928;0.055595209736907236
1731801081.1104553;/app/bags/user95_2017-02-24.bag;0.834065854549408;0.0;0.9619645476341248;0.0;0.7960547501412467;0.9444047902630928;0.055595209736907236
1731801081.3104196;/app/bags/user95_2017-02-24.bag;0.834065854549408;0.0;0.9619645476341248;0.0;0.7960547501412467;0.9444047902630928;0.055595209736907236
1731801081.5103972;/app/bags/user95_2017-02-24.bag;0.834065854549408;0.0;0.9619645476341248;0.0;0.7960547501412467;0.9444047902630928;0.055595209736907236
1731801081.7103782;/app/bags/user95_2017-02-24.bag;0.834065854549408;0.0;0.9619645476341248;0.0;0.7960547501412467;0.9444047902630928;0.055595209736907236
1731801081.9103775;/app/bags/user95_2017-02-24.bag;0.834065854549408;0.0;0.9619645476341248;0.0;0.7960547501412467;0.9444047902630928;0.055595209736907236
1731801082.1102324;/app/bags/user95_2017-02-24.bag;0.834065854549408;0.0;0.9619645476341248;0.0;0.7960547501412467;0.9444047902630928;0.055595209736907236
1731801082.3104317;/app/bags/user95_2017-02-24.bag;0.834065854549408;0.0;0.9619645476341248;0.0;0.7960547501412467;0.9444047902630928;0.055595209736907236
1731801082.5103734;/app/bags/user95_2017-02-24.bag;0.834065854549408;0.0;0.9619645476341248;0.0;0.7960547501412467;0.9444047902630928;0.055595209736907236
1731801082.7103617;/app/bags/user95_2017-02-24.bag;0.834065854549408;0.0;0.9619645476341248;0.0;0.7960547501412467;0.9444047902630928;0.055595209736907236
1731801082.9104033;/app/bags/user95_2017-02-24.bag;0.834065854549408;0.0;0.9619645476341248;0.0;0.7960547501412467;0.9444047902630928;0.055595209736907236
1731801083.110421;/app/bags/user95_2017-02-24.bag;0.834065854549408;0.0;0.9619645476341248;0.0;0.7960547501412467;0.9444047902630928;0.055595209736907236
1731801083.3103862;/app/bags/user95_2017-02-24.bag;0.834065854549408;0.0;0.9619645476341248;0.0;0.7960547501412467;0.9444047902630928;0.055595209736907236
1731801083.5104196;/app/bags/user95_2017-02-24.bag;0.834065854549408;0.0;0.9619645476341248;0.0;0.7960547501412467;0.9444047902630928;0.055595209736907236
1731801083.7103777;/app/bags/user95_2017-02-24.bag;0.834065854549408;0.0;0.9619645476341248;0.0;0.7960547501412467;0.9444047902630928;0.055595209736907236
1731801083.910427;/app/bags/user95_2017-02-24.bag;0.834065854549408;0.0;0.9619645476341248;0.0;0.7960547501412467;0.9444047902630928;0.055595209736907236
1731801084.1103888;/app/bags/user95_2017-02-24.bag;0.834065854549408;0.0;0.9619645476341248;0.0;0.7960547501412467;0.9444047902630928;0.055595209736907236
1731801084.310399;/app/bags/user95_2017-02-24.bag;0.834065854549408;0.0;0.9619645476341248;0.0;0.7960547501412467;0.9444047902630928;0.055595209736907236
1731801084.5103543;/app/bags/user95_2017-02-24.bag;0.834065854549408;0.0;0.9619645476341248;0.0;0.7960547501412467;0.9444047902630928;0.055595209736907236
1731801084.7103856;/app/bags/user95_2017-02-24.bag;0.834065854549408;0.0;0.9619645476341248;0.0;0.7960547501412467;0.9444047902630928;0.055595209736907236
1731801084.910406;/app/bags/user95_2017-02-24.bag;0.834065854549408;0.0;0.9619645476341248;0.0;0.7960547501412467;0.9444047902630928;0.055595209736907236
1731801085.1104126;/app/bags/user95_2017-02-24.bag;0.834065854549408;0.0;0.9619645476341248;0.0;0.7960547501412467;0.9444047902630928;0.055595209736907236
1731801085.3103676;/app/bags/user95_2017-02-24.bag;0.834065854549408;0.0;0.9619645476341248;0.0;0.7960547501412467;0.9444047902630928;0.055595209736907236
1731801085.5103827;/app/bags/user95_2017-02-24.bag;0.834065854549408;0.0;0.9619645476341248;0.0;0.7960547501412467;0.9444047902630928;0.055595209736907236
1731801085.7104037;/app/bags/user95_2017-02-24.bag;0.834065854549408;0.0;0.9619645476341248;0.0;0.7960547501412467;0.9444047902630928;0.055595209736907236
1731801085.9104593;/app/bags/user95_2017-02-24.bag;0.834065854549408;0.0;0.9619645476341248;0.0;0.7960547501412467;0.9444047902630928;0.055595209736907236
1731801086.1104262;/app/bags/user95_2017-02-24.bag;0.834065854549408;0.0;0.9619645476341248;0.0;0.7960547501412467;0.9444047902630928;0.055595209736907236
1731801086.3104641;/app/bags/user95_2017-02-24.bag;0.834065854549408;0.0;0.9619645476341248;0.0;0.7960547501412467;0.9444047902630928;0.055595209736907236
1731801086.5103824;/app/bags/user95_2017-02-24.bag;0.834065854549408;0.0;0.9619645476341248;0.0;0.7960547501412467;0.9444047902630928;0.055595209736907236
1731801086.7104933;/app/bags/user95_2017-02-24.bag;0.834065854549408;0.0;0.9619645476341248;0.0;0.7960547501412467;0.9444047902630928;0.055595209736907236
1731801086.9103682;/app/bags/user95_2017-02-24.bag;0.834065854549408;0.0;0.9619645476341248;0.0;0.7960547501412467;0.9444047902630928;0.055595209736907236
1731801087.1104038;/app/bags/user95_2017-02-24.bag;0.834065854549408;0.0;0.9619645476341248;0.0;0.7960547501412467;0.9444047902630928;0.055595209736907236
1731801087.3104253;/app/bags/user95_2017-02-24.bag;0.834065854549408;0.0;0.9619645476341248;0.0;0.7960547501412467;0.9444047902630928;0.055595209736907236
1731801087.5105412;/app/bags/user95_2017-02-24.bag;0.834065854549408;0.0;0.9619645476341248;0.0;0.7960547501412467;0.9444047902630928;0.055595209736907236
1731801087.710377;/app/bags/user95_2017-02-24.bag;0.834065854549408;0.0;0.9619645476341248;0.0;0.7960547501412467;0.9444047902630928;0.055595209736907236
1731801087.9104643;/app/bags/user95_2017-02-24.bag;0.834065854549408;0.0;0.9619645476341248;0.0;0.7960547501412467;0.9444047902630928;0.055595209736907236
1731801088.1103957;/app/bags/user95_2017-02-24.bag;0.834065854549408;0.0;0.9619645476341248;0.0;0.7960547501412467;0.9444047902630928;0.055595209736907236
1731801088.310433;/app/bags/user95_2017-02-24.bag;0.834065854549408;0.0;0.9619645476341248;0.0;0.7960547501412467;0.9444047902630928;0.055595209736907236
1731801088.5103645;/app/bags/user95_2017-02-24.bag;0.834065854549408;0.0;0.9619645476341248;0.0;0.7960547501412467;0.9444047902630928;0.055595209736907236
1731801088.710381;/app/bags/user95_2017-02-24.bag;0.834065854549408;0.0;0.9619645476341248;0.0;0.7960547501412467;0.9444047902630928;0.055595209736907236
1731801088.9104328;/app/bags/user95_2017-02-24.bag;0.834065854549408;0.0;0.9619645476341248;0.0;0.7960547501412467;0.9444047902630928;0.055595209736907236
1731801089.1104033;/app/bags/user95_2017-02-24.bag;0.834065854549408;0.0;0.9619645476341248;0.0;0.7960547501412467;0.9444047902630928;0.055595209736907236
1731801089.3103662;/app/bags/user95_2017-02-24.bag;0.834065854549408;0.0;0.9619645476341248;0.0;0.7960547501412467;0.9444047902630928;0.055595209736907236
1731801089.5104218;/app/bags/user95_2017-02-24.bag;0.834065854549408;0.0;0.9619645476341248;0.0;0.7960547501412467;0.9444047902630928;0.055595209736907236
1731801089.7104435;/app/bags/user95_2017-02-24.bag;0.834065854549408;0.0;0.9619645476341248;0.0;0.7960547501412467;0.9444047902630928;0.055595209736907236
1731801089.9103892;/app/bags/user95_2017-02-24.bag;0.834065854549408;0.0;0.9619645476341248;0.0;0.7960547501412467;0.9444047902630928;0.055595209736907236
1731801090.110384;/app/bags/user95_2017-02-24.bag;0.834065854549408;0.0;0.9619645476341248;0.0;0.7960547501412467;0.9444047902630928;0.055595209736907236
1731801090.310232;/app/bags/user95_2017-02-24.bag;0.834065854549408;0.0;0.9619645476341248;0.0;0.7960547501412467;0.9444047902630928;0.055595209736907236
1731801090.510392;/app/bags/user95_2017-02-24.bag;0.834065854549408;0.0;0.9619645476341248;0.0;0.7960547501412467;0.9444047902630928;0.055595209736907236
1731801090.7104504;/app/bags/user95_2017-02-24.bag;0.834065854549408;0.0;0.9619645476341248;0.0;0.7960547501412467;0.9444047902630928;0.055595209736907236
1731801090.9105103;/app/bags/user95_2017-02-24.bag;0.834065854549408;0.0;0.9619645476341248;0.0;0.7960547501412467;0.9444047902630928;0.055595209736907236
1731801091.1104102;/app/bags/user95_2017-02-24.bag;0.834065854549408;0.0;0.9619645476341248;0.0;0.7960547501412467;0.9444047902630928;0.055595209736907236
1731801091.3105514;/app/bags/user95_2017-02-24.bag;0.834065854549408;0.0;0.9619645476341248;0.0;0.7960547501412467;0.9444047902630928;0.055595209736907236
1731801091.5105119;/app/bags/user95_2017-02-24.bag;0.834065854549408;0.0;0.9619645476341248;0.0;0.7960547501412467;0.9444047902630928;0.055595209736907236
1731801091.710388;/app/bags/user95_2017-02-24.bag;0.834065854549408;0.0;0.9619645476341248;0.0;0.7960547501412467;0.9444047902630928;0.055595209736907236
1731801091.9103854;/app/bags/user95_2017-02-24.bag;0.834065854549408;0.0;0.9619645476341248;0.0;0.7960547501412467;0.9444047902630928;0.055595209736907236
1731801092.110369;/app/bags/user95_2017-02-24.bag;0.834065854549408;0.0;0.9619645476341248;0.0;0.7960547501412467;0.9444047902630928;0.055595209736907236
1731801092.3104067;/app/bags/user95_2017-02-24.bag;0.834065854549408;0.0;0.9619645476341248;0.0;0.7960547501412467;0.9444047902630928;0.055595209736907236
1731801092.510366;/app/bags/user95_2017-02-24.bag;0.834065854549408;0.0;0.9619645476341248;0.0;0.7960547501412467;0.9444047902630928;0.055595209736907236
1731801092.7103925;/app/bags/user95_2017-02-24.bag;0.834065854549408;0.0;0.9619645476341248;0.0;0.7960547501412467;0.9444047902630928;0.055595209736907236
1731801092.910402;/app/bags/user95_2017-02-24.bag;0.834065854549408;0.0;0.9619645476341248;0.0;0.7960547501412467;0.9444047902630928;0.055595209736907236
1731801093.1104786;/app/bags/user95_2017-02-24.bag;0.834065854549408;0.0;0.9619645476341248;0.0;0.7960547501412467;0.9444047902630928;0.055595209736907236
1731801093.310407;/app/bags/user95_2017-02-24.bag;0.834065854549408;0.0;0.9619645476341248;0.0;0.7960547501412467;0.9444047902630928;0.055595209736907236
1731801093.5103812;/app/bags/user95_2017-02-24.bag;0.834065854549408;0.0;0.9619645476341248;0.0;0.7960547501412467;0.9444047902630928;0.055595209736907236
1731801093.7103763;/app/bags/user95_2017-02-24.bag;0.834065854549408;0.0;0.9619645476341248;0.0;0.7960547501412467;0.9444047902630928;0.055595209736907236
1731801093.9104347;/app/bags/user95_2017-02-24.bag;0.834065854549408;0.0;0.9619645476341248;0.0;0.7960547501412467;0.9444047902630928;0.055595209736907236
1731801094.1103866;/app/bags/user95_2017-02-24.bag;0.834065854549408;0.0;0.9619645476341248;0.0;0.7960547501412467;0.9444047902630928;0.055595209736907236
1731801094.3104074;/app/bags/user95_2017-02-24.bag;0.834065854549408;0.0;0.9619645476341248;0.0;0.7960547501412467;0.9444047902630928;0.055595209736907236
1731801094.5103855;/app/bags/user95_2017-02-24.bag;0.834065854549408;0.0;0.9619645476341248;0.0;0.7960547501412467;0.9444047902630928;0.055595209736907236
1731801094.7104268;/app/bags/user95_2017-02-24.bag;0.834065854549408;0.0;0.9619645476341248;0.0;0.7960547501412467;0.9444047902630928;0.055595209736907236
1731801094.9103885;/app/bags/user95_2017-02-24.bag;0.834065854549408;0.0;0.9619645476341248;0.0;0.7960547501412467;0.9444047902630928;0.055595209736907236
1731801095.1104112;/app/bags/user95_2017-02-24.bag;0.834065854549408;0.0;0.9619645476341248;0.0;0.7960547501412467;0.9444047902630928;0.055595209736907236
1731801095.3104446;/app/bags/user95_2017-02-24.bag;0.834065854549408;0.0;0.9619645476341248;0.0;0.7960547501412467;0.9444047902630928;0.055595209736907236
1731801095.5103552;/app/bags/user95_2017-02-24.bag;0.834065854549408;0.0;0.9619645476341248;0.0;0.7960547501412467;0.9444047902630928;0.055595209736907236
1731801095.7105153;/app/bags/user95_2017-02-24.bag;0.834065854549408;0.0;0.9619645476341248;0.0;0.7960547501412467;0.9444047902630928;0.055595209736907236
1731801095.9104166;/app/bags/user95_2017-02-24.bag;0.834065854549408;0.0;0.9619645476341248;0.0;0.7960547501412467;0.9444047902630928;0.055595209736907236
1731801096.1104782;/app/bags/user95_2017-02-24.bag;0.834065854549408;0.0;0.9619645476341248;0.0;0.7960547501412467;0.9444047902630928;0.055595209736907236
1731801096.3104064;/app/bags/user95_2017-02-24.bag;0.834065854549408;0.0;0.9619645476341248;0.0;0.7960547501412467;0.9444047902630928;0.055595209736907236
1731801096.5103896;/app/bags/user95_2017-02-24.bag;0.834065854549408;0.0;0.9619645476341248;0.0;0.7960547501412467;0.9444047902630928;0.055595209736907236
1731801096.7103593;/app/bags/user95_2017-02-24.bag;0.834065854549408;0.0;0.9619645476341248;0.0;0.7960547501412467;0.9444047902630928;0.055595209736907236
1731801096.9103703;/app/bags/user95_2017-02-24.bag;0.834065854549408;0.0;0.9619645476341248;0.0;0.7960547501412467;0.9444047902630928;0.055595209736907236
1731801097.1103625;/app/bags/user95_2017-02-24.bag;0.834065854549408;0.0;0.9619645476341248;0.0;0.7960547501412467;0.9444047902630928;0.055595209736907236
1731801097.3103888;/app/bags/user95_2017-02-24.bag;0.834065854549408;0.0;0.9619645476341248;0.0;0.7960547501412467;0.9444047902630928;0.055595209736907236
1731801097.510379;/app/bags/user95_2017-02-24.bag;0.834065854549408;0.0;0.9619645476341248;0.0;0.7960547501412467;0.9444047902630928;0.055595209736907236
1731801097.7104175;/app/bags/user95_2017-02-24.bag;0.834065854549408;0.0;0.9619645476341248;0.0;0.7960547501412467;0.9444047902630928;0.055595209736907236
1731801097.9103715;/app/bags/user95_2017-02-24.bag;0.834065854549408;0.0;0.9619645476341248;0.0;0.7960547501412467;0.9444047902630928;0.055595209736907236
1731801098.110395;/app/bags/user95_2017-02-24.bag;0.834065854549408;0.0;0.9619645476341248;0.0;0.7960547501412467;0.9444047902630928;0.055595209736907236
1731801098.3104134;/app/bags/user95_2017-02-24.bag;0.834065854549408;0.0;0.9619645476341248;0.0;0.7960547501412467;0.9444047902630928;0.055595209736907236
1731801098.510579;/app/bags/user95_2017-02-24.bag;0.834065854549408;0.0;0.9619645476341248;0.0;0.7960547501412467;0.9444047902630928;0.055595209736907236
1731801098.7103736;/app/bags/user95_2017-02-24.bag;0.834065854549408;0.0;0.9619645476341248;0.0;0.7960547501412467;0.9444047902630928;0.055595209736907236
1731801098.910423;/app/bags/user95_2017-02-24.bag;0.834065854549408;0.0;0.9619645476341248;0.0;0.7960547501412467;0.9444047902630928;0.055595209736907236
1731801099.110364;/app/bags/user95_2017-02-24.bag;0.834065854549408;0.0;0.9619645476341248;0.0;0.7960547501412467;0.9444047902630928;0.055595209736907236
1731801099.310425;/app/bags/user95_2017-02-24.bag;0.834065854549408;0.0;0.9619645476341248;0.0;0.7960547501412467;0.9444047902630928;0.055595209736907236
1731801099.510422;/app/bags/user95_2017-02-24.bag;0.834065854549408;0.0;0.9619645476341248;0.0;0.7960547501412467;0.9444047902630928;0.055595209736907236
1731801099.710392;/app/bags/user95_2017-02-24.bag;0.834065854549408;0.0;0.9619645476341248;0.0;0.7960547501412467;0.9444047902630928;0.055595209736907236
1731801099.9104013;/app/bags/user95_2017-02-24.bag;0.834065854549408;0.0;0.9619645476341248;0.0;0.7960547501412467;0.9444047902630928;0.055595209736907236
1731801100.1103823;/app/bags/user95_2017-02-24.bag;0.834065854549408;0.0;0.9619645476341248;0.0;0.7960547501412467;0.9444047902630928;0.055595209736907236
1731801100.3104565;/app/bags/user95_2017-02-24.bag;0.834065854549408;0.0;0.9619645476341248;0.0;0.7960547501412467;0.9444047902630928;0.055595209736907236
1731801100.510405;/app/bags/user95_2017-02-24.bag;0.834065854549408;0.0;0.9619645476341248;0.0;0.7960547501412467;0.9444047902630928;0.055595209736907236
1731801100.710418;/app/bags/user95_2017-02-24.bag;0.834065854549408;0.0;0.9619645476341248;0.0;0.7960547501412467;0.9444047902630928;0.055595209736907236
1731801100.910386;/app/bags/user95_2017-02-24.bag;0.834065854549408;0.0;0.9619645476341248;0.0;0.7960547501412467;0.9444047902630928;0.055595209736907236
1731801101.1104214;/app/bags/user95_2017-02-24.bag;0.834065854549408;0.0;0.9619645476341248;0.0;0.7960547501412467;0.9444047902630928;0.055595209736907236
1731801101.3103755;/app/bags/user95_2017-02-24.bag;0.834065854549408;0.0;0.9619645476341248;0.0;0.7960547501412467;0.9444047902630928;0.055595209736907236
1731801101.5103536;/app/bags/user95_2017-02-24.bag;0.834065854549408;0.0;0.9619645476341248;0.0;0.7960547501412467;0.9444047902630928;0.055595209736907236
1731801101.7103665;/app/bags/user95_2017-02-24.bag;0.834065854549408;0.0;0.9619645476341248;0.0;0.7960547501412467;0.9444047902630928;0.055595209736907236
1731801101.9104276;/app/bags/user95_2017-02-24.bag;0.834065854549408;0.0;0.9619645476341248;0.0;0.7960547501412467;0.9444047902630928;0.055595209736907236
1731801102.1104372;/app/bags/user95_2017-02-24.bag;0.834065854549408;0.0;0.9619645476341248;0.0;0.7960547501412467;0.9444047902630928;0.055595209736907236
1731801102.3104165;/app/bags/user95_2017-02-24.bag;0.834065854549408;0.0;0.9619645476341248;0.0;0.7960547501412467;0.9444047902630928;0.055595209736907236
1731801102.51041;/app/bags/user95_2017-02-24.bag;0.834065854549408;0.0;0.9619645476341248;0.0;0.7960547501412467;0.9444047902630928;0.055595209736907236
1731801102.7105103;/app/bags/user95_2017-02-24.bag;0.834065854549408;0.0;0.9619645476341248;0.0;0.7960547501412467;0.9444047902630928;0.055595209736907236
1731801102.9103937;/app/bags/user95_2017-02-24.bag;0.834065854549408;0.0;0.9619645476341248;0.0;0.7960547501412467;0.9444047902630928;0.055595209736907236
1731801103.110402;/app/bags/user95_2017-02-24.bag;0.834065854549408;0.0;0.9619645476341248;0.0;0.7960547501412467;0.9444047902630928;0.055595209736907236
1731801103.310391;/app/bags/user95_2017-02-24.bag;0.834065854549408;0.0;0.9619645476341248;0.0;0.7960547501412467;0.9444047902630928;0.055595209736907236
1731801103.5104332;/app/bags/user95_2017-02-24.bag;0.834065854549408;0.0;0.9619645476341248;0.0;0.7960547501412467;0.9444047902630928;0.055595209736907236
1731801103.7103972;/app/bags/user95_2017-02-24.bag;0.834065854549408;0.0;0.9619645476341248;0.0;0.7960547501412467;0.9444047902630928;0.055595209736907236
1731801103.9104154;/app/bags/user95_2017-02-24.bag;0.834065854549408;0.0;0.9619645476341248;0.0;0.7960547501412467;0.9444047902630928;0.055595209736907236
1731801104.1104076;/app/bags/user95_2017-02-24.bag;0.834065854549408;0.0;0.9619645476341248;0.0;0.7960547501412467;0.9444047902630928;0.055595209736907236
1731801104.3104095;/app/bags/user95_2017-02-24.bag;0.834065854549408;0.0;0.9619645476341248;0.0;0.7960547501412467;0.9444047902630928;0.055595209736907236
1731801104.5104008;/app/bags/user95_2017-02-24.bag;0.834065854549408;0.0;0.9619645476341248;0.0;0.7960547501412467;0.9444047902630928;0.055595209736907236
1731801104.7103972;/app/bags/user95_2017-02-24.bag;0.834065854549408;0.0;0.9619645476341248;0.0;0.7960547501412467;0.9444047902630928;0.055595209736907236
1731801104.91043;/app/bags/user95_2017-02-24.bag;0.834065854549408;0.0;0.9619645476341248;0.0;0.7960547501412467;0.9444047902630928;0.055595209736907236
1731801105.1103857;/app/bags/user95_2017-02-24.bag;0.834065854549408;0.0;0.9619645476341248;0.0;0.7960547501412467;0.9444047902630928;0.055595209736907236
1731801105.3103619;/app/bags/user95_2017-02-24.bag;0.834065854549408;0.0;0.9619645476341248;0.0;0.7960547501412467;0.9444047902630928;0.055595209736907236
1731801105.5104861;/app/bags/user95_2017-02-24.bag;0.834065854549408;0.0;0.9619645476341248;0.0;0.7960547501412467;0.9444047902630928;0.055595209736907236
1731801105.7103941;/app/bags/user95_2017-02-24.bag;0.834065854549408;0.0;0.9619645476341248;0.0;0.7960547501412467;0.9444047902630928;0.055595209736907236
1731801105.9104297;/app/bags/user95_2017-02-24.bag;0.834065854549408;0.0;0.9619645476341248;0.0;0.7960547501412467;0.9444047902630928;0.055595209736907236
1731801106.1104014;/app/bags/user95_2017-02-24.bag;0.834065854549408;0.0;0.9619645476341248;0.0;0.7960547501412467;0.9444047902630928;0.055595209736907236
1731801106.3104143;/app/bags/user95_2017-02-24.bag;0.834065854549408;0.0;0.9619645476341248;0.0;0.7960547501412467;0.9444047902630928;0.055595209736907236
1731801106.5103734;/app/bags/user95_2017-02-24.bag;0.834065854549408;0.0;0.9619645476341248;0.0;0.7960547501412467;0.9444047902630928;0.055595209736907236
1731801106.71043;/app/bags/user95_2017-02-24.bag;0.834065854549408;0.0;0.9619645476341248;0.0;0.7960547501412467;0.9444047902630928;0.055595209736907236
1731801106.910389;/app/bags/user95_2017-02-24.bag;0.834065854549408;0.0;0.9619645476341248;0.0;0.7960547501412467;0.9444047902630928;0.055595209736907236
1731801107.1103806;/app/bags/user95_2017-02-24.bag;0.834065854549408;0.0;0.9619645476341248;0.0;0.7960547501412467;0.9444047902630928;0.055595209736907236
1731801107.3104224;/app/bags/user95_2017-02-24.bag;0.834065854549408;0.0;0.9619645476341248;0.0;0.7960547501412467;0.9444047902630928;0.055595209736907236
1731801107.5104806;/app/bags/user95_2017-02-24.bag;0.834065854549408;0.0;0.9619645476341248;0.0;0.7960547501412467;0.9444047902630928;0.055595209736907236
1731801107.7104213;/app/bags/user95_2017-02-24.bag;0.834065854549408;0.0;0.9619645476341248;0.0;0.7960547501412467;0.9444047902630928;0.055595209736907236
1731801107.910405;/app/bags/user95_2017-02-24.bag;0.834065854549408;0.0;0.9619645476341248;0.0;0.7960547501412467;0.9444047902630928;0.055595209736907236
1731801108.1103992;/app/bags/user95_2017-02-24.bag;0.834065854549408;0.0;0.9619645476341248;0.0;0.7960547501412467;0.9444047902630928;0.055595209736907236
1731801108.3103442;/app/bags/user95_2017-02-24.bag;0.834065854549408;0.0;0.9619645476341248;0.0;0.7960547501412467;0.9444047902630928;0.055595209736907236
1731801108.510395;/app/bags/user95_2017-02-24.bag;0.834065854549408;0.0;0.9619645476341248;0.0;0.7960547501412467;0.9444047902630928;0.055595209736907236
1731801108.7104607;/app/bags/user95_2017-02-24.bag;0.834065854549408;0.0;0.9619645476341248;0.0;0.7960547501412467;0.9444047902630928;0.055595209736907236
1731801108.9104028;/app/bags/user95_2017-02-24.bag;0.834065854549408;0.0;0.9619645476341248;0.0;0.7960547501412467;0.9444047902630928;0.055595209736907236
1731801109.1103718;/app/bags/user95_2017-02-24.bag;0.834065854549408;0.0;0.9619645476341248;0.0;0.7960547501412467;0.9444047902630928;0.055595209736907236
1731801109.3103857;/app/bags/user95_2017-02-24.bag;0.834065854549408;0.0;0.9619645476341248;0.0;0.7960547501412467;0.9444047902630928;0.055595209736907236
1731801109.5104017;/app/bags/user95_2017-02-24.bag;0.834065854549408;0.0;0.9619645476341248;0.0;0.7960547501412467;0.9444047902630928;0.055595209736907236
1731801109.7104115;/app/bags/user95_2017-02-24.bag;0.834065854549408;0.0;0.9619645476341248;0.0;0.7960547501412467;0.9444047902630928;0.055595209736907236
1731801109.9104087;/app/bags/user95_2017-02-24.bag;0.834065854549408;0.0;0.9619645476341248;0.0;0.7960547501412467;0.9444047902630928;0.055595209736907236
1731801110.110416;/app/bags/user95_2017-02-24.bag;0.834065854549408;0.0;0.9619645476341248;0.0;0.7960547501412467;0.9444047902630928;0.055595209736907236
1731801110.3104079;/app/bags/user95_2017-02-24.bag;0.834065854549408;0.0;0.9619645476341248;0.0;0.7960547501412467;0.9444047902630928;0.055595209736907236
1731801110.5104325;/app/bags/user95_2017-02-24.bag;0.834065854549408;0.0;0.9619645476341248;0.0;0.7960547501412467;0.9444047902630928;0.055595209736907236
1731801110.7103813;/app/bags/user95_2017-02-24.bag;0.834065854549408;0.0;0.9619645476341248;0.0;0.7960547501412467;0.9444047902630928;0.055595209736907236
1731801110.910563;/app/bags/user95_2017-02-24.bag;0.834065854549408;0.0;0.9619645476341248;0.0;0.7960547501412467;0.9444047902630928;0.055595209736907236
1731801111.1103897;/app/bags/user95_2017-02-24.bag;0.834065854549408;0.0;0.9619645476341248;0.0;0.7960547501412467;0.9444047902630928;0.055595209736907236
1731801111.3104038;/app/bags/user95_2017-02-24.bag;0.834065854549408;0.0;0.9619645476341248;0.0;0.7960547501412467;0.9444047902630928;0.055595209736907236
1731801111.5104005;/app/bags/user95_2017-02-24.bag;0.834065854549408;0.0;0.9619645476341248;0.0;0.7960547501412467;0.9444047902630928;0.055595209736907236
1731801111.7103922;/app/bags/user95_2017-02-24.bag;0.834065854549408;0.0;0.9619645476341248;0.0;0.7960547501412467;0.9444047902630928;0.055595209736907236
1731801111.9104676;/app/bags/user95_2017-02-24.bag;0.834065854549408;0.0;0.9619645476341248;0.0;0.7960547501412467;0.9444047902630928;0.055595209736907236
1731801112.1104662;/app/bags/user95_2017-02-24.bag;0.834065854549408;0.0;0.9619645476341248;0.0;0.7960547501412467;0.9444047902630928;0.055595209736907236
1731801112.3104;/app/bags/user95_2017-02-24.bag;0.834065854549408;0.0;0.9619645476341248;0.0;0.7960547501412467;0.9444047902630928;0.055595209736907236
1731801112.510415;/app/bags/user95_2017-02-24.bag;0.834065854549408;0.0;0.9619645476341248;0.0;0.7960547501412467;0.9444047902630928;0.055595209736907236
1731801112.7104537;/app/bags/user95_2017-02-24.bag;0.834065854549408;0.0;0.9619645476341248;0.0;0.7960547501412467;0.9444047902630928;0.055595209736907236
1731801112.910412;/app/bags/user95_2017-02-24.bag;0.834065854549408;0.0;0.9619645476341248;0.0;0.7960547501412467;0.9444047902630928;0.055595209736907236
1731801113.1103787;/app/bags/user95_2017-02-24.bag;0.834065854549408;0.0;0.9619645476341248;0.0;0.7960547501412467;0.9444047902630928;0.055595209736907236
1731801113.3103714;/app/bags/user95_2017-02-24.bag;0.834065854549408;0.0;0.9619645476341248;0.0;0.7960547501412467;0.9444047902630928;0.055595209736907236
1731801113.5103884;/app/bags/user95_2017-02-24.bag;0.834065854549408;0.0;0.9619645476341248;0.0;0.7960547501412467;0.9444047902630928;0.055595209736907236
1731801113.7103863;/app/bags/user95_2017-02-24.bag;0.834065854549408;0.0;0.9619645476341248;0.0;0.7960547501412467;0.9444047902630928;0.055595209736907236
1731801113.9103713;/app/bags/user95_2017-02-24.bag;0.834065854549408;0.0;0.9619645476341248;0.0;0.7960547501412467;0.9444047902630928;0.055595209736907236
1731801114.1103714;/app/bags/user95_2017-02-24.bag;0.834065854549408;0.0;0.9619645476341248;0.0;0.7960547501412467;0.9444047902630928;0.055595209736907236
1731801114.310449;/app/bags/user95_2017-02-24.bag;0.834065854549408;0.0;0.9619645476341248;0.0;0.7960547501412467;0.9444047902630928;0.055595209736907236
1731801114.5104752;/app/bags/user95_2017-02-24.bag;0.834065854549408;0.0;0.9619645476341248;0.0;0.7960547501412467;0.9444047902630928;0.055595209736907236
1731801114.710416;/app/bags/user95_2017-02-24.bag;0.834065854549408;0.0;0.9619645476341248;0.0;0.7960547501412467;0.9444047902630928;0.055595209736907236
1731801114.9104066;/app/bags/user95_2017-02-24.bag;0.834065854549408;0.0;0.9619645476341248;0.0;0.7960547501412467;0.9444047902630928;0.055595209736907236
1731801115.1104035;/app/bags/user95_2017-02-24.bag;0.834065854549408;0.0;0.9619645476341248;0.0;0.7960547501412467;0.9444047902630928;0.055595209736907236
1731801115.3104434;/app/bags/user95_2017-02-24.bag;0.834065854549408;0.0;0.9619645476341248;0.0;0.7960547501412467;0.9444047902630928;0.055595209736907236
1731801115.510391;/app/bags/user95_2017-02-24.bag;0.834065854549408;0.0;0.9619645476341248;0.0;0.7960547501412467;0.9444047902630928;0.055595209736907236
1731801115.7103837;/app/bags/user95_2017-02-24.bag;0.834065854549408;0.0;0.9619645476341248;0.0;0.7960547501412467;0.9444047902630928;0.055595209736907236
1731801115.9104705;/app/bags/user95_2017-02-24.bag;0.834065854549408;0.0;0.9619645476341248;0.0;0.7960547501412467;0.9444047902630928;0.055595209736907236
1731801116.110423;/app/bags/user95_2017-02-24.bag;0.834065854549408;0.0;0.9619645476341248;0.0;0.7960547501412467;0.9444047902630928;0.055595209736907236
1731801116.310376;/app/bags/user95_2017-02-24.bag;0.834065854549408;0.0;0.9619645476341248;0.0;0.7960547501412467;0.9444047902630928;0.055595209736907236
1731801116.5104191;/app/bags/user95_2017-02-24.bag;0.834065854549408;0.0;0.9619645476341248;0.0;0.7960547501412467;0.9444047902630928;0.055595209736907236
1731801116.710411;/app/bags/user95_2017-02-24.bag;0.834065854549408;0.0;0.9619645476341248;0.0;0.7960547501412467;0.9444047902630928;0.055595209736907236
1731801116.9103894;/app/bags/user95_2017-02-24.bag;0.834065854549408;0.0;0.9619645476341248;0.0;0.7960547501412467;0.9444047902630928;0.055595209736907236
1731801117.1103954;/app/bags/user95_2017-02-24.bag;0.834065854549408;0.0;0.9619645476341248;0.0;0.7960547501412467;0.9444047902630928;0.055595209736907236
1731801117.3104265;/app/bags/user95_2017-02-24.bag;0.834065854549408;0.0;0.9619645476341248;0.0;0.7960547501412467;0.9444047902630928;0.055595209736907236
1731801117.5103765;/app/bags/user95_2017-02-24.bag;0.834065854549408;0.0;0.9619645476341248;0.0;0.7960547501412467;0.9444047902630928;0.055595209736907236
1731801117.7104042;/app/bags/user95_2017-02-24.bag;0.834065854549408;0.0;0.9619645476341248;0.0;0.7960547501412467;0.9444047902630928;0.055595209736907236
1731801117.910562;/app/bags/user95_2017-02-24.bag;0.834065854549408;0.0;0.9619645476341248;0.0;0.7960547501412467;0.9444047902630928;0.055595209736907236
1731801118.1104262;/app/bags/user95_2017-02-24.bag;0.834065854549408;0.0;0.9619645476341248;0.0;0.7960547501412467;0.9444047902630928;0.055595209736907236
1731801118.310419;/app/bags/user95_2017-02-24.bag;0.834065854549408;0.0;0.9619645476341248;0.0;0.7960547501412467;0.9444047902630928;0.055595209736907236
1731801118.510408;/app/bags/user95_2017-02-24.bag;0.834065854549408;0.0;0.9619645476341248;0.0;0.7960547501412467;0.9444047902630928;0.055595209736907236
1731801118.7104273;/app/bags/user95_2017-02-24.bag;0.834065854549408;0.0;0.9619645476341248;0.0;0.7960547501412467;0.9444047902630928;0.055595209736907236
1731801118.910377;/app/bags/user95_2017-02-24.bag;0.834065854549408;0.0;0.9619645476341248;0.0;0.7960547501412467;0.9444047902630928;0.055595209736907236
1731801119.1104374;/app/bags/user95_2017-02-24.bag;0.834065854549408;0.0;0.9619645476341248;0.0;0.7960547501412467;0.9444047902630928;0.055595209736907236
1731801119.3103619;/app/bags/user95_2017-02-24.bag;0.834065854549408;0.0;0.9619645476341248;0.0;0.7960547501412467;0.9444047902630928;0.055595209736907236
1731801119.5103781;/app/bags/user95_2017-02-24.bag;0.834065854549408;0.0;0.9619645476341248;0.0;0.7960547501412467;0.9444047902630928;0.055595209736907236
1731801119.7104013;/app/bags/user95_2017-02-24.bag;0.834065854549408;0.0;0.9619645476341248;0.0;0.7960547501412467;0.9444047902630928;0.055595209736907236
1731801119.9103913;/app/bags/user95_2017-02-24.bag;0.834065854549408;0.0;0.9619645476341248;0.0;0.7960547501412467;0.9444047902630928;0.055595209736907236
1731801120.1104143;/app/bags/user95_2017-02-24.bag;0.834065854549408;0.0;0.9619645476341248;0.0;0.7960547501412467;0.9444047902630928;0.055595209736907236
1731801120.3106074;/app/bags/user95_2017-02-24.bag;0.834065854549408;0.0;0.9619645476341248;0.0;0.7960547501412467;0.9444047902630928;0.055595209736907236
1731801120.5104086;/app/bags/user95_2017-02-24.bag;0.834065854549408;0.0;0.9619645476341248;0.0;0.7960547501412467;0.9444047902630928;0.055595209736907236
1731801120.7104251;/app/bags/user95_2017-02-24.bag;0.834065854549408;0.0;0.9619645476341248;0.0;0.7960547501412467;0.9444047902630928;0.055595209736907236
1731801120.9103942;/app/bags/user95_2017-02-24.bag;0.834065854549408;0.0;0.9619645476341248;0.0;0.7960547501412467;0.9444047902630928;0.055595209736907236
1731801121.1104112;/app/bags/user95_2017-02-24.bag;0.834065854549408;0.0;0.9619645476341248;0.0;0.7960547501412467;0.9444047902630928;0.055595209736907236
1731801121.3104303;/app/bags/user95_2017-02-24.bag;0.834065854549408;0.0;0.9619645476341248;0.0;0.7960547501412467;0.9444047902630928;0.055595209736907236
1731801121.510408;/app/bags/user95_2017-02-24.bag;0.834065854549408;0.0;0.9619645476341248;0.0;0.7960547501412467;0.9444047902630928;0.055595209736907236
1731801121.710489;/app/bags/user95_2017-02-24.bag;0.834065854549408;0.0;0.9619645476341248;0.0;0.7960547501412467;0.9444047902630928;0.055595209736907236
1731801121.9104028;/app/bags/user95_2017-02-24.bag;0.834065854549408;0.0;0.9619645476341248;0.0;0.7960547501412467;0.9444047902630928;0.055595209736907236
1731801122.1103773;/app/bags/user95_2017-02-24.bag;0.834065854549408;0.0;0.9619645476341248;0.0;0.7960547501412467;0.9444047902630928;0.055595209736907236
1731801122.310382;/app/bags/user95_2017-02-24.bag;0.834065854549408;0.0;0.9619645476341248;0.0;0.7960547501412467;0.9444047902630928;0.055595209736907236
1731801122.5103726;/app/bags/user95_2017-02-24.bag;0.834065854549408;0.0;0.9619645476341248;0.0;0.7960547501412467;0.9444047902630928;0.055595209736907236
1731801122.7103925;/app/bags/user95_2017-02-24.bag;0.834065854549408;0.0;0.9619645476341248;0.0;0.7960547501412467;0.9444047902630928;0.055595209736907236
1731801122.9104197;/app/bags/user95_2017-02-24.bag;0.834065854549408;0.0;0.9619645476341248;0.0;0.7960547501412467;0.9444047902630928;0.055595209736907236
1731801123.1103992;/app/bags/user95_2017-02-24.bag;0.834065854549408;0.0;0.9619645476341248;0.0;0.7960547501412467;0.9444047902630928;0.055595209736907236
1731801123.3104215;/app/bags/user95_2017-02-24.bag;0.834065854549408;0.0;0.9619645476341248;0.0;0.7960547501412467;0.9444047902630928;0.055595209736907236
1731801123.5103807;/app/bags/user95_2017-02-24.bag;0.834065854549408;0.0;0.9619645476341248;0.0;0.7960547501412467;0.9444047902630928;0.055595209736907236
1731801123.7104294;/app/bags/user95_2017-02-24.bag;0.834065854549408;0.0;0.9619645476341248;0.0;0.7960547501412467;0.9444047902630928;0.055595209736907236
1731801123.9104078;/app/bags/user95_2017-02-24.bag;0.834065854549408;0.0;0.9619645476341248;0.0;0.7960547501412467;0.9444047902630928;0.055595209736907236
1731801124.1103842;/app/bags/user95_2017-02-24.bag;0.834065854549408;0.0;0.9619645476341248;0.0;0.7960547501412467;0.9444047902630928;0.055595209736907236
1731801124.3103836;/app/bags/user95_2017-02-24.bag;0.834065854549408;0.0;0.9619645476341248;0.0;0.7960547501412467;0.9444047902630928;0.055595209736907236
1731801124.5103714;/app/bags/user95_2017-02-24.bag;0.834065854549408;0.0;0.9619645476341248;0.0;0.7960547501412467;0.9444047902630928;0.055595209736907236
1731801124.7104747;/app/bags/user95_2017-02-24.bag;0.834065854549408;0.0;0.9619645476341248;0.0;0.7960547501412467;0.9444047902630928;0.055595209736907236
1731801124.9105294;/app/bags/user95_2017-02-24.bag;0.834065854549408;0.0;0.9619645476341248;0.0;0.7960547501412467;0.9444047902630928;0.055595209736907236
1731801125.1104238;/app/bags/user95_2017-02-24.bag;0.834065854549408;0.0;0.9619645476341248;0.0;0.7960547501412467;0.9444047902630928;0.055595209736907236
1731801125.3104744;/app/bags/user95_2017-02-24.bag;0.834065854549408;0.0;0.9619645476341248;0.0;0.7960547501412467;0.9444047902630928;0.055595209736907236
1731801125.5104291;/app/bags/user95_2017-02-24.bag;0.834065854549408;0.0;0.9619645476341248;0.0;0.7960547501412467;0.9444047902630928;0.055595209736907236
1731801125.7103724;/app/bags/user95_2017-02-24.bag;0.834065854549408;0.0;0.9619645476341248;0.0;0.7960547501412467;0.9444047902630928;0.055595209736907236
1731801125.9103801;/app/bags/user95_2017-02-24.bag;0.834065854549408;0.0;0.9619645476341248;0.0;0.7960547501412467;0.9444047902630928;0.055595209736907236
1731801126.1103916;/app/bags/user95_2017-02-24.bag;0.834065854549408;0.0;0.9619645476341248;0.0;0.7960547501412467;0.9444047902630928;0.055595209736907236
1731801126.310393;/app/bags/user95_2017-02-24.bag;0.834065854549408;0.0;0.9619645476341248;0.0;0.7960547501412467;0.9444047902630928;0.055595209736907236
1731801126.5105202;/app/bags/user95_2017-02-24.bag;0.834065854549408;0.0;0.9619645476341248;0.0;0.7960547501412467;0.9444047902630928;0.055595209736907236
1731801126.7104151;/app/bags/user95_2017-02-24.bag;0.834065854549408;0.0;0.9619645476341248;0.0;0.7960547501412467;0.9444047902630928;0.055595209736907236
1731801126.9104018;/app/bags/user95_2017-02-24.bag;0.834065854549408;0.0;0.9619645476341248;0.0;0.7960547501412467;0.9444047902630928;0.055595209736907236
1731801127.110365;/app/bags/user95_2017-02-24.bag;0.834065854549408;0.0;0.9619645476341248;0.0;0.7960547501412467;0.9444047902630928;0.055595209736907236
1731801127.3105261;/app/bags/user95_2017-02-24.bag;0.834065854549408;0.0;0.9619645476341248;0.0;0.7960547501412467;0.9444047902630928;0.055595209736907236
1731801127.51041;/app/bags/user95_2017-02-24.bag;0.834065854549408;0.0;0.9619645476341248;0.0;0.7960547501412467;0.9444047902630928;0.055595209736907236
1731801127.7103934;/app/bags/user95_2017-02-24.bag;0.834065854549408;0.0;0.9619645476341248;0.0;0.7960547501412467;0.9444047902630928;0.055595209736907236
1731801127.910427;/app/bags/user95_2017-02-24.bag;0.834065854549408;0.0;0.9619645476341248;0.0;0.7960547501412467;0.9444047902630928;0.055595209736907236
1731801128.1105008;/app/bags/user95_2017-02-24.bag;0.834065854549408;0.0;0.9619645476341248;0.0;0.7960547501412467;0.9444047902630928;0.055595209736907236
1731801128.310404;/app/bags/user95_2017-02-24.bag;0.834065854549408;0.0;0.9619645476341248;0.0;0.7960547501412467;0.9444047902630928;0.055595209736907236
1731801128.510382;/app/bags/user95_2017-02-24.bag;0.834065854549408;0.0;0.9619645476341248;0.0;0.7960547501412467;0.9444047902630928;0.055595209736907236
1731801128.7104268;/app/bags/user95_2017-02-24.bag;0.834065854549408;0.0;0.9619645476341248;0.0;0.7960547501412467;0.9444047902630928;0.055595209736907236
1731801128.9103768;/app/bags/user95_2017-02-24.bag;0.834065854549408;0.0;0.9619645476341248;0.0;0.7960547501412467;0.9444047902630928;0.055595209736907236
1731801129.1104014;/app/bags/user95_2017-02-24.bag;0.834065854549408;0.0;0.9619645476341248;0.0;0.7960547501412467;0.9444047902630928;0.055595209736907236
1731801129.3103752;/app/bags/user95_2017-02-24.bag;0.834065854549408;0.0;0.9619645476341248;0.0;0.7960547501412467;0.9444047902630928;0.055595209736907236
1731801129.510343;/app/bags/user95_2017-02-24.bag;0.834065854549408;0.0;0.9619645476341248;0.0;0.7960547501412467;0.9444047902630928;0.055595209736907236
1731801129.7104821;/app/bags/user95_2017-02-24.bag;0.834065854549408;0.0;0.9619645476341248;0.0;0.7960547501412467;0.9444047902630928;0.055595209736907236
1731801129.9104066;/app/bags/user95_2017-02-24.bag;0.834065854549408;0.0;0.9619645476341248;0.0;0.7960547501412467;0.9444047902630928;0.055595209736907236
1731801130.1103883;/app/bags/user95_2017-02-24.bag;0.834065854549408;0.0;0.9619645476341248;0.0;0.7960547501412467;0.9444047902630928;0.055595209736907236
1731801130.3103685;/app/bags/user95_2017-02-24.bag;0.834065854549408;0.0;0.9619645476341248;0.0;0.7960547501412467;0.9444047902630928;0.055595209736907236
1731801130.5103536;/app/bags/user95_2017-02-24.bag;0.834065854549408;0.0;0.9619645476341248;0.0;0.7960547501412467;0.9444047902630928;0.055595209736907236
1731801130.7103612;/app/bags/user95_2017-02-24.bag;0.834065854549408;0.0;0.9619645476341248;0.0;0.7960547501412467;0.9444047902630928;0.055595209736907236
1731801130.910438;/app/bags/user95_2017-02-24.bag;0.834065854549408;0.0;0.9619645476341248;0.0;0.7960547501412467;0.9444047902630928;0.055595209736907236
1731801131.1103919;/app/bags/user95_2017-02-24.bag;0.834065854549408;0.0;0.9619645476341248;0.0;0.7960547501412467;0.9444047902630928;0.055595209736907236
1731801131.310476;/app/bags/user95_2017-02-24.bag;0.834065854549408;0.0;0.9619645476341248;0.0;0.7960547501412467;0.9444047902630928;0.055595209736907236
1731801131.5104399;/app/bags/user95_2017-02-24.bag;0.834065854549408;0.0;0.9619645476341248;0.0;0.7960547501412467;0.9444047902630928;0.055595209736907236
1731801131.7104118;/app/bags/user95_2017-02-24.bag;0.834065854549408;0.0;0.9619645476341248;0.0;0.7960547501412467;0.9444047902630928;0.055595209736907236
1731801131.910374;/app/bags/user95_2017-02-24.bag;0.834065854549408;0.0;0.9619645476341248;0.0;0.7960547501412467;0.9444047902630928;0.055595209736907236
1731801132.110403;/app/bags/user95_2017-02-24.bag;0.834065854549408;0.0;0.9619645476341248;0.0;0.7960547501412467;0.9444047902630928;0.055595209736907236
1731801132.310368;/app/bags/user95_2017-02-24.bag;0.834065854549408;0.0;0.9619645476341248;0.0;0.7960547501412467;0.9444047902630928;0.055595209736907236
1731801132.5103767;/app/bags/user95_2017-02-24.bag;0.834065854549408;0.0;0.9619645476341248;0.0;0.7960547501412467;0.9444047902630928;0.055595209736907236
1731801132.7104297;/app/bags/user95_2017-02-24.bag;0.834065854549408;0.0;0.9619645476341248;0.0;0.7960547501412467;0.9444047902630928;0.055595209736907236
1731801132.9103715;/app/bags/user95_2017-02-24.bag;0.834065854549408;0.0;0.9619645476341248;0.0;0.7960547501412467;0.9444047902630928;0.055595209736907236
1731801133.1103404;/app/bags/user95_2017-02-24.bag;0.834065854549408;0.0;0.9619645476341248;0.0;0.7960547501412467;0.9444047902630928;0.055595209736907236
1731801133.3104706;/app/bags/user95_2017-02-24.bag;0.834065854549408;0.0;0.9619645476341248;0.0;0.7960547501412467;0.9444047902630928;0.055595209736907236
1731801133.510412;/app/bags/user95_2017-02-24.bag;0.834065854549408;0.0;0.9619645476341248;0.0;0.7960547501412467;0.9444047902630928;0.055595209736907236
1731801133.710392;/app/bags/user95_2017-02-24.bag;0.834065854549408;0.0;0.9619645476341248;0.0;0.7960547501412467;0.9444047902630928;0.055595209736907236
1731801133.9104152;/app/bags/user95_2017-02-24.bag;0.834065854549408;0.0;0.9619645476341248;0.0;0.7960547501412467;0.9444047902630928;0.055595209736907236
1731801134.1104178;/app/bags/user95_2017-02-24.bag;0.834065854549408;0.0;0.9619645476341248;0.0;0.7960547501412467;0.9444047902630928;0.055595209736907236
1731801134.3104641;/app/bags/user95_2017-02-24.bag;0.834065854549408;0.0;0.9619645476341248;0.0;0.7960547501412467;0.9444047902630928;0.055595209736907236
1731801134.5104554;/app/bags/user95_2017-02-24.bag;0.834065854549408;0.0;0.9619645476341248;0.0;0.7960547501412467;0.9444047902630928;0.055595209736907236
1731801134.7106087;/app/bags/user95_2017-02-24.bag;0.834065854549408;0.0;0.9619645476341248;0.0;0.7960547501412467;0.9444047902630928;0.055595209736907236
1731801134.9104614;/app/bags/user95_2017-02-24.bag;0.834065854549408;0.0;0.9619645476341248;0.0;0.7960547501412467;0.9444047902630928;0.055595209736907236
1731801135.110427;/app/bags/user95_2017-02-24.bag;0.834065854549408;0.0;0.9619645476341248;0.0;0.7960547501412467;0.9444047902630928;0.055595209736907236
1731801135.3104866;/app/bags/user95_2017-02-24.bag;0.834065854549408;0.0;0.9619645476341248;0.0;0.7960547501412467;0.9444047902630928;0.055595209736907236
1731801135.5104196;/app/bags/user95_2017-02-24.bag;0.834065854549408;0.0;0.9619645476341248;0.0;0.7960547501412467;0.9444047902630928;0.055595209736907236
1731801135.7104096;/app/bags/user95_2017-02-24.bag;0.834065854549408;0.0;0.9619645476341248;0.0;0.7960547501412467;0.9444047902630928;0.055595209736907236
1731801135.9103951;/app/bags/user95_2017-02-24.bag;0.834065854549408;0.0;0.9619645476341248;0.0;0.7960547501412467;0.9444047902630928;0.055595209736907236
1731801136.1104581;/app/bags/user95_2017-02-24.bag;0.834065854549408;0.0;0.9619645476341248;0.0;0.7960547501412467;0.9444047902630928;0.055595209736907236
1731801136.3104124;/app/bags/user95_2017-02-24.bag;0.834065854549408;0.0;0.9619645476341248;0.0;0.7960547501412467;0.9444047902630928;0.055595209736907236
1731801136.510429;/app/bags/user95_2017-02-24.bag;0.834065854549408;0.0;0.9619645476341248;0.0;0.7960547501412467;0.9444047902630928;0.055595209736907236
1731801136.7104328;/app/bags/user95_2017-02-24.bag;0.834065854549408;0.0;0.9619645476341248;0.0;0.7960547501412467;0.9444047902630928;0.055595209736907236
1731801136.9104393;/app/bags/user95_2017-02-24.bag;0.834065854549408;0.0;0.9619645476341248;0.0;0.7960547501412467;0.9444047902630928;0.055595209736907236
1731801137.110386;/app/bags/user95_2017-02-24.bag;0.834065854549408;0.0;0.9619645476341248;0.0;0.7960547501412467;0.9444047902630928;0.055595209736907236
1731801137.3103766;/app/bags/user95_2017-02-24.bag;0.834065854549408;0.0;0.9619645476341248;0.0;0.7960547501412467;0.9444047902630928;0.055595209736907236
1731801137.5103786;/app/bags/user95_2017-02-24.bag;0.834065854549408;0.0;0.9619645476341248;0.0;0.7960547501412467;0.9444047902630928;0.055595209736907236
1731801137.71036;/app/bags/user95_2017-02-24.bag;0.834065854549408;0.0;0.9619645476341248;0.0;0.7960547501412467;0.9444047902630928;0.055595209736907236
1731801137.910501;/app/bags/user95_2017-02-24.bag;0.834065854549408;0.0;0.9619645476341248;0.0;0.7960547501412467;0.9444047902630928;0.055595209736907236
1731801138.1103923;/app/bags/user95_2017-02-24.bag;0.834065854549408;0.0;0.9619645476341248;0.0;0.7960547501412467;0.9444047902630928;0.055595209736907236
1731801138.3104546;/app/bags/user95_2017-02-24.bag;0.834065854549408;0.0;0.9619645476341248;0.0;0.7960547501412467;0.9444047902630928;0.055595209736907236
1731801138.5103717;/app/bags/user95_2017-02-24.bag;0.834065854549408;0.0;0.9619645476341248;0.0;0.7960547501412467;0.9444047902630928;0.055595209736907236
1731801138.7104025;/app/bags/user95_2017-02-24.bag;0.834065854549408;0.0;0.9619645476341248;0.0;0.7960547501412467;0.9444047902630928;0.055595209736907236
1731801138.910434;/app/bags/user95_2017-02-24.bag;0.834065854549408;0.0;0.9619645476341248;0.0;0.7960547501412467;0.9444047902630928;0.055595209736907236
1731801139.1103954;/app/bags/user95_2017-02-24.bag;0.834065854549408;0.0;0.9619645476341248;0.0;0.7960547501412467;0.9444047902630928;0.055595209736907236
1731801139.3105736;/app/bags/user95_2017-02-24.bag;0.834065854549408;0.0;0.9619645476341248;0.0;0.7960547501412467;0.9444047902630928;0.055595209736907236
1731801139.5103781;/app/bags/user95_2017-02-24.bag;0.834065854549408;0.0;0.9619645476341248;0.0;0.7960547501412467;0.9444047902630928;0.055595209736907236
1731801139.7104332;/app/bags/user95_2017-02-24.bag;0.834065854549408;0.0;0.9619645476341248;0.0;0.7960547501412467;0.9444047902630928;0.055595209736907236
1731801139.9104424;/app/bags/user95_2017-02-24.bag;0.834065854549408;0.0;0.9619645476341248;0.0;0.7960547501412467;0.9444047902630928;0.055595209736907236
1731801140.110411;/app/bags/user95_2017-02-24.bag;0.834065854549408;0.0;0.9619645476341248;0.0;0.7960547501412467;0.9444047902630928;0.055595209736907236
1731801140.3104117;/app/bags/user95_2017-02-24.bag;0.834065854549408;0.0;0.9619645476341248;0.0;0.7960547501412467;0.9444047902630928;0.055595209736907236
1731801140.5103934;/app/bags/user95_2017-02-24.bag;0.834065854549408;0.0;0.9619645476341248;0.0;0.7960547501412467;0.9444047902630928;0.055595209736907236
1731801140.7103734;/app/bags/user95_2017-02-24.bag;0.834065854549408;0.0;0.9619645476341248;0.0;0.7960547501412467;0.9444047902630928;0.055595209736907236
1731801140.910394;/app/bags/user95_2017-02-24.bag;0.834065854549408;0.0;0.9619645476341248;0.0;0.7960547501412467;0.9444047902630928;0.055595209736907236
1731801141.1103923;/app/bags/user95_2017-02-24.bag;0.834065854549408;0.0;0.9619645476341248;0.0;0.7960547501412467;0.9444047902630928;0.055595209736907236
1731801141.3104703;/app/bags/user95_2017-02-24.bag;0.834065854549408;0.0;0.9619645476341248;0.0;0.7960547501412467;0.9444047902630928;0.055595209736907236
1731801141.5103753;/app/bags/user95_2017-02-24.bag;0.834065854549408;0.0;0.9619645476341248;0.0;0.7960547501412467;0.9444047902630928;0.055595209736907236
1731801141.7103817;/app/bags/user95_2017-02-24.bag;0.834065854549408;0.0;0.9619645476341248;0.0;0.7960547501412467;0.9444047902630928;0.055595209736907236
1731801141.9104133;/app/bags/user95_2017-02-24.bag;0.834065854549408;0.0;0.9619645476341248;0.0;0.7960547501412467;0.9444047902630928;0.055595209736907236
1731801142.1103783;/app/bags/user95_2017-02-24.bag;0.834065854549408;0.0;0.9619645476341248;0.0;0.7960547501412467;0.9444047902630928;0.055595209736907236
1731801142.3103895;/app/bags/user95_2017-02-24.bag;0.834065854549408;0.0;0.9619645476341248;0.0;0.7960547501412467;0.9444047902630928;0.055595209736907236
1731801142.5103617;/app/bags/user95_2017-02-24.bag;0.834065854549408;0.0;0.9619645476341248;0.0;0.7960547501412467;0.9444047902630928;0.055595209736907236
1731801142.7105327;/app/bags/user95_2017-02-24.bag;0.834065854549408;0.0;0.9619645476341248;0.0;0.7960547501412467;0.9444047902630928;0.055595209736907236
1731801142.9103782;/app/bags/user95_2017-02-24.bag;0.834065854549408;0.0;0.9619645476341248;0.0;0.7960547501412467;0.9444047902630928;0.055595209736907236
1731801143.1104572;/app/bags/user95_2017-02-24.bag;0.834065854549408;0.0;0.9619645476341248;0.0;0.7960547501412467;0.9444047902630928;0.055595209736907236
1731801143.3105702;/app/bags/user95_2017-02-24.bag;0.834065854549408;0.0;0.9619645476341248;0.0;0.7960547501412467;0.9444047902630928;0.055595209736907236
1731801143.5104022;/app/bags/user95_2017-02-24.bag;0.834065854549408;0.0;0.9619645476341248;0.0;0.7960547501412467;0.9444047902630928;0.055595209736907236
1731801143.7104237;/app/bags/user95_2017-02-24.bag;0.834065854549408;0.0;0.9619645476341248;0.0;0.7960547501412467;0.9444047902630928;0.055595209736907236
1731801143.91043;/app/bags/user95_2017-02-24.bag;0.834065854549408;0.0;0.9619645476341248;0.0;0.7960547501412467;0.9444047902630928;0.055595209736907236
1731801144.1103632;/app/bags/user95_2017-02-24.bag;0.834065854549408;0.0;0.9619645476341248;0.0;0.7960547501412467;0.9444047902630928;0.055595209736907236
1731801144.310411;/app/bags/user95_2017-02-24.bag;0.834065854549408;0.0;0.9619645476341248;0.0;0.7960547501412467;0.9444047902630928;0.055595209736907236
1731801144.5104167;/app/bags/user95_2017-02-24.bag;0.834065854549408;0.0;0.9619645476341248;0.0;0.7960547501412467;0.9444047902630928;0.055595209736907236
1731801144.7104483;/app/bags/user95_2017-02-24.bag;0.834065854549408;0.0;0.9619645476341248;0.0;0.7960547501412467;0.9444047902630928;0.055595209736907236
1731801144.9104762;/app/bags/user95_2017-02-24.bag;0.834065854549408;0.0;0.9619645476341248;0.0;0.7960547501412467;0.9444047902630928;0.055595209736907236
1731801145.1106794;/app/bags/user95_2017-02-24.bag;0.834065854549408;0.0;0.9619645476341248;0.0;0.7960547501412467;0.9444047902630928;0.055595209736907236
1731801145.3104916;/app/bags/user95_2017-02-24.bag;0.834065854549408;0.0;0.9619645476341248;0.0;0.7960547501412467;0.9444047902630928;0.055595209736907236
1731801145.510379;/app/bags/user95_2017-02-24.bag;0.834065854549408;0.0;0.9619645476341248;0.0;0.7960547501412467;0.9444047902630928;0.055595209736907236
1731801145.7103956;/app/bags/user95_2017-02-24.bag;0.834065854549408;0.0;0.9619645476341248;0.0;0.7960547501412467;0.9444047902630928;0.055595209736907236
1731801145.9105308;/app/bags/user95_2017-02-24.bag;0.834065854549408;0.0;0.9619645476341248;0.0;0.7960547501412467;0.9444047902630928;0.055595209736907236
1731801146.1103923;/app/bags/user95_2017-02-24.bag;0.834065854549408;0.0;0.9619645476341248;0.0;0.7960547501412467;0.9444047902630928;0.055595209736907236
1731801146.3104815;/app/bags/user95_2017-02-24.bag;0.834065854549408;0.0;0.9619645476341248;0.0;0.7960547501412467;0.9444047902630928;0.055595209736907236
1731801146.5103872;/app/bags/user95_2017-02-24.bag;0.834065854549408;0.0;0.9619645476341248;0.0;0.7960547501412467;0.9444047902630928;0.055595209736907236
1731801146.7103913;/app/bags/user95_2017-02-24.bag;0.834065854549408;0.0;0.9619645476341248;0.0;0.7960547501412467;0.9444047902630928;0.055595209736907236
1731801146.9103763;/app/bags/user95_2017-02-24.bag;0.834065854549408;0.0;0.9619645476341248;0.0;0.7960547501412467;0.9444047902630928;0.055595209736907236
1731801147.1104176;/app/bags/user95_2017-02-24.bag;0.834065854549408;0.0;0.9619645476341248;0.0;0.7960547501412467;0.9444047902630928;0.055595209736907236
1731801147.3104124;/app/bags/user95_2017-02-24.bag;0.834065854549408;0.0;0.9619645476341248;0.0;0.7960547501412467;0.9444047902630928;0.055595209736907236
1731801147.5103862;/app/bags/user95_2017-02-24.bag;0.834065854549408;0.0;0.9619645476341248;0.0;0.7960547501412467;0.9444047902630928;0.055595209736907236
1731801147.7104504;/app/bags/user95_2017-02-24.bag;0.834065854549408;0.0;0.9619645476341248;0.0;0.7960547501412467;0.9444047902630928;0.055595209736907236
1731801147.9103544;/app/bags/user95_2017-02-24.bag;0.834065854549408;0.0;0.9619645476341248;0.0;0.7960547501412467;0.9444047902630928;0.055595209736907236
1731801148.1103694;/app/bags/user95_2017-02-24.bag;0.834065854549408;0.0;0.9619645476341248;0.0;0.7960547501412467;0.9444047902630928;0.055595209736907236
1731801148.3104074;/app/bags/user95_2017-02-24.bag;0.834065854549408;0.0;0.9619645476341248;0.0;0.7960547501412467;0.9444047902630928;0.055595209736907236
1731801148.5103672;/app/bags/user95_2017-02-24.bag;0.834065854549408;0.0;0.9619645476341248;0.0;0.7960547501412467;0.9444047902630928;0.055595209736907236
1731801148.7105722;/app/bags/user95_2017-02-24.bag;0.834065854549408;0.0;0.9619645476341248;0.0;0.7960547501412467;0.9444047902630928;0.055595209736907236
1731801148.9103818;/app/bags/user95_2017-02-24.bag;0.834065854549408;0.0;0.9619645476341248;0.0;0.7960547501412467;0.9444047902630928;0.055595209736907236
1731801149.110354;/app/bags/user95_2017-02-24.bag;0.834065854549408;0.0;0.9619645476341248;0.0;0.7960547501412467;0.9444047902630928;0.055595209736907236
1731801149.310471;/app/bags/user95_2017-02-24.bag;0.834065854549408;0.0;0.9619645476341248;0.0;0.7960547501412467;0.9444047902630928;0.055595209736907236
1731801149.5103867;/app/bags/user95_2017-02-24.bag;0.834065854549408;0.0;0.9619645476341248;0.0;0.7960547501412467;0.9444047902630928;0.055595209736907236
1731801149.710411;/app/bags/user95_2017-02-24.bag;0.834065854549408;0.0;0.9619645476341248;0.0;0.7960547501412467;0.9444047902630928;0.055595209736907236
1731801149.9104009;/app/bags/user95_2017-02-24.bag;0.834065854549408;0.0;0.9619645476341248;0.0;0.7960547501412467;0.9444047902630928;0.055595209736907236
1731801150.1104794;/app/bags/user95_2017-02-24.bag;0.834065854549408;0.0;0.9619645476341248;0.0;0.7960547501412467;0.9444047902630928;0.055595209736907236
1731801150.3104653;/app/bags/user95_2017-02-24.bag;0.834065854549408;0.0;0.9619645476341248;0.0;0.7960547501412467;0.9444047902630928;0.055595209736907236
1731801150.5104718;/app/bags/user95_2017-02-24.bag;0.834065854549408;0.0;0.9619645476341248;0.0;0.7960547501412467;0.9444047902630928;0.055595209736907236
1731801150.7104306;/app/bags/user95_2017-02-24.bag;0.834065854549408;0.0;0.9619645476341248;0.0;0.7960547501412467;0.9444047902630928;0.055595209736907236
1731801150.9104228;/app/bags/user95_2017-02-24.bag;0.834065854549408;0.0;0.9619645476341248;0.0;0.7960547501412467;0.9444047902630928;0.055595209736907236
1731801151.1103911;/app/bags/user95_2017-02-24.bag;0.834065854549408;0.0;0.9619645476341248;0.0;0.7960547501412467;0.9444047902630928;0.055595209736907236
1731801151.310562;/app/bags/user95_2017-02-24.bag;0.834065854549408;0.0;0.9619645476341248;0.0;0.7960547501412467;0.9444047902630928;0.055595209736907236
1731801151.5103786;/app/bags/user95_2017-02-24.bag;0.834065854549408;0.0;0.9619645476341248;0.0;0.7960547501412467;0.9444047902630928;0.055595209736907236
1731801151.7104015;/app/bags/user95_2017-02-24.bag;0.834065854549408;0.0;0.9619645476341248;0.0;0.7960547501412467;0.9444047902630928;0.055595209736907236
1731801151.9104705;/app/bags/user95_2017-02-24.bag;0.834065854549408;0.0;0.9619645476341248;0.0;0.7960547501412467;0.9444047902630928;0.055595209736907236
1731801152.1104038;/app/bags/user95_2017-02-24.bag;0.834065854549408;0.0;0.9619645476341248;0.0;0.7960547501412467;0.9444047902630928;0.055595209736907236
1731801152.3104274;/app/bags/user95_2017-02-24.bag;0.834065854549408;0.0;0.9619645476341248;0.0;0.7960547501412467;0.9444047902630928;0.055595209736907236
1731801152.5104024;/app/bags/user95_2017-02-24.bag;0.834065854549408;0.0;0.9619645476341248;0.0;0.7960547501412467;0.9444047902630928;0.055595209736907236
1731801152.7104325;/app/bags/user95_2017-02-24.bag;0.834065854549408;0.0;0.9619645476341248;0.0;0.7960547501412467;0.9444047902630928;0.055595209736907236
1731801152.910452;/app/bags/user95_2017-02-24.bag;0.834065854549408;0.0;0.9619645476341248;0.0;0.7960547501412467;0.9444047902630928;0.055595209736907236
1731801153.110393;/app/bags/user95_2017-02-24.bag;0.834065854549408;0.0;0.9619645476341248;0.0;0.7960547501412467;0.9444047902630928;0.055595209736907236
1731801153.3104544;/app/bags/user95_2017-02-24.bag;0.834065854549408;0.0;0.9619645476341248;0.0;0.7960547501412467;0.9444047902630928;0.055595209736907236
1731801153.5105193;/app/bags/user95_2017-02-24.bag;0.834065854549408;0.0;0.9619645476341248;0.0;0.7960547501412467;0.9444047902630928;0.055595209736907236
1731801153.7106118;/app/bags/user95_2017-02-24.bag;0.834065854549408;0.0;0.9619645476341248;0.0;0.7960547501412467;0.9444047902630928;0.055595209736907236
1731801153.9104133;/app/bags/user95_2017-02-24.bag;0.834065854549408;0.0;0.9619645476341248;0.0;0.7960547501412467;0.9444047902630928;0.055595209736907236
1731801154.1104147;/app/bags/user95_2017-02-24.bag;0.834065854549408;0.0;0.9619645476341248;0.0;0.7960547501412467;0.9444047902630928;0.055595209736907236
1731801154.3104284;/app/bags/user95_2017-02-24.bag;0.834065854549408;0.0;0.9619645476341248;0.0;0.7960547501412467;0.9444047902630928;0.055595209736907236
1731801154.5103943;/app/bags/user95_2017-02-24.bag;0.834065854549408;0.0;0.9619645476341248;0.0;0.7960547501412467;0.9444047902630928;0.055595209736907236
1731801154.7104864;/app/bags/user95_2017-02-24.bag;0.834065854549408;0.0;0.9619645476341248;0.0;0.7960547501412467;0.9444047902630928;0.055595209736907236
1731801154.9103584;/app/bags/user95_2017-02-24.bag;0.834065854549408;0.0;0.9619645476341248;0.0;0.7960547501412467;0.9444047902630928;0.055595209736907236
1731801155.1103806;/app/bags/user95_2017-02-24.bag;0.834065854549408;0.0;0.9619645476341248;0.0;0.7960547501412467;0.9444047902630928;0.055595209736907236
1731801155.3103929;/app/bags/user95_2017-02-24.bag;0.834065854549408;0.0;0.9619645476341248;0.0;0.7960547501412467;0.9444047902630928;0.055595209736907236
1731801155.5104008;/app/bags/user95_2017-02-24.bag;0.834065854549408;0.0;0.9619645476341248;0.0;0.7960547501412467;0.9444047902630928;0.055595209736907236
1731801155.7103977;/app/bags/user95_2017-02-24.bag;0.834065854549408;0.0;0.9619645476341248;0.0;0.7960547501412467;0.9444047902630928;0.055595209736907236
1731801155.9104548;/app/bags/user95_2017-02-24.bag;0.834065854549408;0.0;0.9619645476341248;0.0;0.7960547501412467;0.9444047902630928;0.055595209736907236
1731801156.1104038;/app/bags/user95_2017-02-24.bag;0.834065854549408;0.0;0.9619645476341248;0.0;0.7960547501412467;0.9444047902630928;0.055595209736907236
1731801156.3103702;/app/bags/user95_2017-02-24.bag;0.834065854549408;0.0;0.9619645476341248;0.0;0.7960547501412467;0.9444047902630928;0.055595209736907236
1731801156.5103593;/app/bags/user95_2017-02-24.bag;0.834065854549408;0.0;0.9619645476341248;0.0;0.7960547501412467;0.9444047902630928;0.055595209736907236
1731801156.7103822;/app/bags/user95_2017-02-24.bag;0.834065854549408;0.0;0.9619645476341248;0.0;0.7960547501412467;0.9444047902630928;0.055595209736907236
1731801156.9103973;/app/bags/user95_2017-02-24.bag;0.834065854549408;0.0;0.9619645476341248;0.0;0.7960547501412467;0.9444047902630928;0.055595209736907236
1731801157.1104057;/app/bags/user95_2017-02-24.bag;0.834065854549408;0.0;0.9619645476341248;0.0;0.7960547501412467;0.9444047902630928;0.055595209736907236
1731801157.3103883;/app/bags/user95_2017-02-24.bag;0.834065854549408;0.0;0.9619645476341248;0.0;0.7960547501412467;0.9444047902630928;0.055595209736907236
1731801157.510442;/app/bags/user95_2017-02-24.bag;0.834065854549408;0.0;0.9619645476341248;0.0;0.7960547501412467;0.9444047902630928;0.055595209736907236
1731801157.7103503;/app/bags/user95_2017-02-24.bag;0.834065854549408;0.0;0.9619645476341248;0.0;0.7960547501412467;0.9444047902630928;0.055595209736907236
1731801157.9103754;/app/bags/user95_2017-02-24.bag;0.834065854549408;0.0;0.9619645476341248;0.0;0.7960547501412467;0.9444047902630928;0.055595209736907236
1731801158.1103883;/app/bags/user95_2017-02-24.bag;0.834065854549408;0.0;0.9619645476341248;0.0;0.7960547501412467;0.9444047902630928;0.055595209736907236
1731801158.3103704;/app/bags/user95_2017-02-24.bag;0.834065854549408;0.0;0.9619645476341248;0.0;0.7960547501412467;0.9444047902630928;0.055595209736907236
1731801158.5104237;/app/bags/user95_2017-02-24.bag;0.834065854549408;0.0;0.9619645476341248;0.0;0.7960547501412467;0.9444047902630928;0.055595209736907236
1731801158.7103882;/app/bags/user95_2017-02-24.bag;0.834065854549408;0.0;0.9619645476341248;0.0;0.7960547501412467;0.9444047902630928;0.055595209736907236
1731801158.9104028;/app/bags/user95_2017-02-24.bag;0.834065854549408;0.0;0.9619645476341248;0.0;0.7960547501412467;0.9444047902630928;0.055595209736907236
1731801159.1103964;/app/bags/user95_2017-02-24.bag;0.834065854549408;0.0;0.9619645476341248;0.0;0.7960547501412467;0.9444047902630928;0.055595209736907236
1731801159.3104131;/app/bags/user95_2017-02-24.bag;0.834065854549408;0.0;0.9619645476341248;0.0;0.7960547501412467;0.9444047902630928;0.055595209736907236
1731801159.510392;/app/bags/user95_2017-02-24.bag;0.834065854549408;0.0;0.9619645476341248;0.0;0.7960547501412467;0.9444047902630928;0.055595209736907236
1731801159.7103856;/app/bags/user95_2017-02-24.bag;0.834065854549408;0.0;0.9619645476341248;0.0;0.7960547501412467;0.9444047902630928;0.055595209736907236
1731801159.9104166;/app/bags/user95_2017-02-24.bag;0.834065854549408;0.0;0.9619645476341248;0.0;0.7960547501412467;0.9444047902630928;0.055595209736907236
1731801160.1104784;/app/bags/user95_2017-02-24.bag;0.834065854549408;0.0;0.9619645476341248;0.0;0.7960547501412467;0.9444047902630928;0.055595209736907236
1731801160.3103876;/app/bags/user95_2017-02-24.bag;0.834065854549408;0.0;0.9619645476341248;0.0;0.7960547501412467;0.9444047902630928;0.055595209736907236
1731801160.5104024;/app/bags/user95_2017-02-24.bag;0.834065854549408;0.0;0.9619645476341248;0.0;0.7960547501412467;0.9444047902630928;0.055595209736907236
1731801160.7103674;/app/bags/user95_2017-02-24.bag;0.834065854549408;0.0;0.9619645476341248;0.0;0.7960547501412467;0.9444047902630928;0.055595209736907236
1731801160.9104567;/app/bags/user95_2017-02-24.bag;0.834065854549408;0.0;0.9619645476341248;0.0;0.7960547501412467;0.9444047902630928;0.055595209736907236
1731801161.1103933;/app/bags/user95_2017-02-24.bag;0.834065854549408;0.0;0.9619645476341248;0.0;0.7960547501412467;0.9444047902630928;0.055595209736907236
1731801161.3103688;/app/bags/user95_2017-02-24.bag;0.834065854549408;0.0;0.9619645476341248;0.0;0.7960547501412467;0.9444047902630928;0.055595209736907236
1731801161.5104458;/app/bags/user95_2017-02-24.bag;0.834065854549408;0.0;0.9619645476341248;0.0;0.7960547501412467;0.9444047902630928;0.055595209736907236
1731801161.7105014;/app/bags/user95_2017-02-24.bag;0.834065854549408;0.0;0.9619645476341248;0.0;0.7960547501412467;0.9444047902630928;0.055595209736907236
1731801161.9104242;/app/bags/user95_2017-02-24.bag;0.834065854549408;0.0;0.9619645476341248;0.0;0.7960547501412467;0.9444047902630928;0.055595209736907236
1731801162.1104023;/app/bags/user95_2017-02-24.bag;0.834065854549408;0.0;0.9619645476341248;0.0;0.7960547501412467;0.9444047902630928;0.055595209736907236
1731801162.310392;/app/bags/user95_2017-02-24.bag;0.834065854549408;0.0;0.9619645476341248;0.0;0.7960547501412467;0.9444047902630928;0.055595209736907236
1731801162.510388;/app/bags/user95_2017-02-24.bag;0.834065854549408;0.0;0.9619645476341248;0.0;0.7960547501412467;0.9444047902630928;0.055595209736907236
1731801162.7103853;/app/bags/user95_2017-02-24.bag;0.834065854549408;0.0;0.9619645476341248;0.0;0.7960547501412467;0.9444047902630928;0.055595209736907236
1731801162.9104002;/app/bags/user95_2017-02-24.bag;0.834065854549408;0.0;0.9619645476341248;0.0;0.7960547501412467;0.9444047902630928;0.055595209736907236
1731801163.1104493;/app/bags/user95_2017-02-24.bag;0.834065854549408;0.0;0.9619645476341248;0.0;0.7960547501412467;0.9444047902630928;0.055595209736907236
1731801163.310417;/app/bags/user95_2017-02-24.bag;0.834065854549408;0.0;0.9619645476341248;0.0;0.7960547501412467;0.9444047902630928;0.055595209736907236
1731801163.5103586;/app/bags/user95_2017-02-24.bag;0.834065854549408;0.0;0.9619645476341248;0.0;0.7960547501412467;0.9444047902630928;0.055595209736907236
1731801163.7104092;/app/bags/user95_2017-02-24.bag;0.834065854549408;0.0;0.9619645476341248;0.0;0.7960547501412467;0.9444047902630928;0.055595209736907236
1731801163.9103734;/app/bags/user95_2017-02-24.bag;0.834065854549408;0.0;0.9619645476341248;0.0;0.7960547501412467;0.9444047902630928;0.055595209736907236
1731801164.1104202;/app/bags/user95_2017-02-24.bag;0.834065854549408;0.0;0.9619645476341248;0.0;0.7960547501412467;0.9444047902630928;0.055595209736907236
1731801164.3104217;/app/bags/user95_2017-02-24.bag;0.834065854549408;0.0;0.9619645476341248;0.0;0.7960547501412467;0.9444047902630928;0.055595209736907236
1731801164.5104227;/app/bags/user95_2017-02-24.bag;0.834065854549408;0.0;0.9619645476341248;0.0;0.7960547501412467;0.9444047902630928;0.055595209736907236
1731801164.710452;/app/bags/user95_2017-02-24.bag;0.834065854549408;0.0;0.9619645476341248;0.0;0.7960547501412467;0.9444047902630928;0.055595209736907236
1731801164.91042;/app/bags/user95_2017-02-24.bag;0.834065854549408;0.0;0.9619645476341248;0.0;0.7960547501412467;0.9444047902630928;0.055595209736907236
1731801165.110399;/app/bags/user95_2017-02-24.bag;0.834065854549408;0.0;0.9619645476341248;0.0;0.7960547501412467;0.9444047902630928;0.055595209736907236
1731801165.3103912;/app/bags/user95_2017-02-24.bag;0.834065854549408;0.0;0.9619645476341248;0.0;0.7960547501412467;0.9444047902630928;0.055595209736907236
1731801165.5103877;/app/bags/user95_2017-02-24.bag;0.834065854549408;0.0;0.9619645476341248;0.0;0.7960547501412467;0.9444047902630928;0.055595209736907236
1731801165.7103934;/app/bags/user95_2017-02-24.bag;0.834065854549408;0.0;0.9619645476341248;0.0;0.7960547501412467;0.9444047902630928;0.055595209736907236
1731801165.910426;/app/bags/user95_2017-02-24.bag;0.834065854549408;0.0;0.9619645476341248;0.0;0.7960547501412467;0.9444047902630928;0.055595209736907236
1731801166.1104078;/app/bags/user95_2017-02-24.bag;0.834065854549408;0.0;0.9619645476341248;0.0;0.7960547501412467;0.9444047902630928;0.055595209736907236
1731801166.3104823;/app/bags/user95_2017-02-24.bag;0.834065854549408;0.0;0.9619645476341248;0.0;0.7960547501412467;0.9444047902630928;0.055595209736907236
1731801166.5104005;/app/bags/user95_2017-02-24.bag;0.834065854549408;0.0;0.9619645476341248;0.0;0.7960547501412467;0.9444047902630928;0.055595209736907236
1731801166.7103498;/app/bags/user95_2017-02-24.bag;0.834065854549408;0.0;0.9619645476341248;0.0;0.7960547501412467;0.9444047902630928;0.055595209736907236
1731801166.9103978;/app/bags/user95_2017-02-24.bag;0.834065854549408;0.0;0.9619645476341248;0.0;0.7960547501412467;0.9444047902630928;0.055595209736907236
1731801167.1103675;/app/bags/user95_2017-02-24.bag;0.834065854549408;0.0;0.9619645476341248;0.0;0.7960547501412467;0.9444047902630928;0.055595209736907236
1731801167.3103933;/app/bags/user95_2017-02-24.bag;0.834065854549408;0.0;0.9619645476341248;0.0;0.7960547501412467;0.9444047902630928;0.055595209736907236
1731801167.51037;/app/bags/user95_2017-02-24.bag;0.834065854549408;0.0;0.9619645476341248;0.0;0.7960547501412467;0.9444047902630928;0.055595209736907236
1731801167.7104154;/app/bags/user95_2017-02-24.bag;0.834065854549408;0.0;0.9619645476341248;0.0;0.7960547501412467;0.9444047902630928;0.055595209736907236
1731801167.9103649;/app/bags/user95_2017-02-24.bag;0.834065854549408;0.0;0.9619645476341248;0.0;0.7960547501412467;0.9444047902630928;0.055595209736907236
1731801168.1104023;/app/bags/user95_2017-02-24.bag;0.834065854549408;0.0;0.9619645476341248;0.0;0.7960547501412467;0.9444047902630928;0.055595209736907236
1731801168.3103662;/app/bags/user95_2017-02-24.bag;0.834065854549408;0.0;0.9619645476341248;0.0;0.7960547501412467;0.9444047902630928;0.055595209736907236
1731801168.5103579;/app/bags/user95_2017-02-24.bag;0.834065854549408;0.0;0.9619645476341248;0.0;0.7960547501412467;0.9444047902630928;0.055595209736907236
1731801168.7103705;/app/bags/user95_2017-02-24.bag;0.834065854549408;0.0;0.9619645476341248;0.0;0.7960547501412467;0.9444047902630928;0.055595209736907236
1731801168.9104016;/app/bags/user95_2017-02-24.bag;0.834065854549408;0.0;0.9619645476341248;0.0;0.7960547501412467;0.9444047902630928;0.055595209736907236
1731801169.1104076;/app/bags/user95_2017-02-24.bag;0.834065854549408;0.0;0.9619645476341248;0.0;0.7960547501412467;0.9444047902630928;0.055595209736907236
1731801169.310379;/app/bags/user95_2017-02-24.bag;0.834065854549408;0.0;0.9619645476341248;0.0;0.7960547501412467;0.9444047902630928;0.055595209736907236
1731801169.5104039;/app/bags/user95_2017-02-24.bag;0.834065854549408;0.0;0.9619645476341248;0.0;0.7960547501412467;0.9444047902630928;0.055595209736907236
1731801169.7104037;/app/bags/user95_2017-02-24.bag;0.834065854549408;0.0;0.9619645476341248;0.0;0.7960547501412467;0.9444047902630928;0.055595209736907236
1731801169.9103632;/app/bags/user95_2017-02-24.bag;0.834065854549408;0.0;0.9619645476341248;0.0;0.7960547501412467;0.9444047902630928;0.055595209736907236
1731801170.1104786;/app/bags/user95_2017-02-24.bag;0.834065854549408;0.0;0.9619645476341248;0.0;0.7960547501412467;0.9444047902630928;0.055595209736907236
1731801170.3104115;/app/bags/user95_2017-02-24.bag;0.834065854549408;0.0;0.9619645476341248;0.0;0.7960547501412467;0.9444047902630928;0.055595209736907236
1731801170.5104094;/app/bags/user95_2017-02-24.bag;0.834065854549408;0.0;0.9619645476341248;0.0;0.7960547501412467;0.9444047902630928;0.055595209736907236
1731801170.7103677;/app/bags/user95_2017-02-24.bag;0.834065854549408;0.0;0.9619645476341248;0.0;0.7960547501412467;0.9444047902630928;0.055595209736907236
1731801170.9104238;/app/bags/user95_2017-02-24.bag;0.834065854549408;0.0;0.9619645476341248;0.0;0.7960547501412467;0.9444047902630928;0.055595209736907236
1731801171.1105356;/app/bags/user95_2017-02-24.bag;0.834065854549408;0.0;0.9619645476341248;0.0;0.7960547501412467;0.9444047902630928;0.055595209736907236
1731801171.3103812;/app/bags/user95_2017-02-24.bag;0.834065854549408;0.0;0.9619645476341248;0.0;0.7960547501412467;0.9444047902630928;0.055595209736907236
1731801171.510493;/app/bags/user95_2017-02-24.bag;0.834065854549408;0.0;0.9619645476341248;0.0;0.7960547501412467;0.9444047902630928;0.055595209736907236
1731801171.7104204;/app/bags/user95_2017-02-24.bag;0.834065854549408;0.0;0.9619645476341248;0.0;0.7960547501412467;0.9444047902630928;0.055595209736907236
1731801171.9104223;/app/bags/user95_2017-02-24.bag;0.834065854549408;0.0;0.9619645476341248;0.0;0.7960547501412467;0.9444047902630928;0.055595209736907236
1731801172.1103826;/app/bags/user95_2017-02-24.bag;0.834065854549408;0.0;0.9619645476341248;0.0;0.7960547501412467;0.9444047902630928;0.055595209736907236
1731801172.3103561;/app/bags/user95_2017-02-24.bag;0.834065854549408;0.0;0.9619645476341248;0.0;0.7960547501412467;0.9444047902630928;0.055595209736907236
1731801172.5104291;/app/bags/user95_2017-02-24.bag;0.834065854549408;0.0;0.9619645476341248;0.0;0.7960547501412467;0.9444047902630928;0.055595209736907236
1731801172.7104578;/app/bags/user95_2017-02-24.bag;0.834065854549408;0.0;0.9619645476341248;0.0;0.7960547501412467;0.9444047902630928;0.055595209736907236
1731801172.910389;/app/bags/user95_2017-02-24.bag;0.834065854549408;0.0;0.9619645476341248;0.0;0.7960547501412467;0.9444047902630928;0.055595209736907236
1731801173.110472;/app/bags/user95_2017-02-24.bag;0.834065854549408;0.0;0.9619645476341248;0.0;0.7960547501412467;0.9444047902630928;0.055595209736907236
1731801173.310398;/app/bags/user95_2017-02-24.bag;0.834065854549408;0.0;0.9619645476341248;0.0;0.7960547501412467;0.9444047902630928;0.055595209736907236
1731801173.510521;/app/bags/user95_2017-02-24.bag;0.834065854549408;0.0;0.9619645476341248;0.0;0.7960547501412467;0.9444047902630928;0.055595209736907236
1731801173.7103922;/app/bags/user95_2017-02-24.bag;0.834065854549408;0.0;0.9619645476341248;0.0;0.7960547501412467;0.9444047902630928;0.055595209736907236
1731801173.9103787;/app/bags/user95_2017-02-24.bag;0.834065854549408;0.0;0.9619645476341248;0.0;0.7960547501412467;0.9444047902630928;0.055595209736907236
1731801174.110353;/app/bags/user95_2017-02-24.bag;0.834065854549408;0.0;0.9619645476341248;0.0;0.7960547501412467;0.9444047902630928;0.055595209736907236
1731801174.3103857;/app/bags/user95_2017-02-24.bag;0.834065854549408;0.0;0.9619645476341248;0.0;0.7960547501412467;0.9444047902630928;0.055595209736907236
1731801174.5104113;/app/bags/user95_2017-02-24.bag;0.834065854549408;0.0;0.9619645476341248;0.0;0.7960547501412467;0.9444047902630928;0.055595209736907236
1731801174.7104733;/app/bags/user95_2017-02-24.bag;0.834065854549408;0.0;0.9619645476341248;0.0;0.7960547501412467;0.9444047902630928;0.055595209736907236
1731801174.910383;/app/bags/user95_2017-02-24.bag;0.834065854549408;0.0;0.9619645476341248;0.0;0.7960547501412467;0.9444047902630928;0.055595209736907236
1731801175.1104093;/app/bags/user95_2017-02-24.bag;0.834065854549408;0.0;0.9619645476341248;0.0;0.7960547501412467;0.9444047902630928;0.055595209736907236
1731801175.310407;/app/bags/user95_2017-02-24.bag;0.834065854549408;0.0;0.9619645476341248;0.0;0.7960547501412467;0.9444047902630928;0.055595209736907236
1731801175.5104039;/app/bags/user95_2017-02-24.bag;0.834065854549408;0.0;0.9619645476341248;0.0;0.7960547501412467;0.9444047902630928;0.055595209736907236
1731801175.7104604;/app/bags/user95_2017-02-24.bag;0.834065854549408;0.0;0.9619645476341248;0.0;0.7960547501412467;0.9444047902630928;0.055595209736907236
1731801175.9104087;/app/bags/user95_2017-02-24.bag;0.834065854549408;0.0;0.9619645476341248;0.0;0.7960547501412467;0.9444047902630928;0.055595209736907236
1731801176.1104734;/app/bags/user95_2017-02-24.bag;0.834065854549408;0.0;0.9619645476341248;0.0;0.7960547501412467;0.9444047902630928;0.055595209736907236
1731801176.3104587;/app/bags/user95_2017-02-24.bag;0.834065854549408;0.0;0.9619645476341248;0.0;0.7960547501412467;0.9444047902630928;0.055595209736907236
1731801176.510405;/app/bags/user95_2017-02-24.bag;0.834065854549408;0.0;0.9619645476341248;0.0;0.7960547501412467;0.9444047902630928;0.055595209736907236
1731801176.7103937;/app/bags/user95_2017-02-24.bag;0.834065854549408;0.0;0.9619645476341248;0.0;0.7960547501412467;0.9444047902630928;0.055595209736907236
1731801176.9104216;/app/bags/user95_2017-02-24.bag;0.834065854549408;0.0;0.9619645476341248;0.0;0.7960547501412467;0.9444047902630928;0.055595209736907236
1731801177.1104217;/app/bags/user95_2017-02-24.bag;0.834065854549408;0.0;0.9619645476341248;0.0;0.7960547501412467;0.9444047902630928;0.055595209736907236
1731801177.310375;/app/bags/user95_2017-02-24.bag;0.834065854549408;0.0;0.9619645476341248;0.0;0.7960547501412467;0.9444047902630928;0.055595209736907236
1731801177.510423;/app/bags/user95_2017-02-24.bag;0.834065854549408;0.0;0.9619645476341248;0.0;0.7960547501412467;0.9444047902630928;0.055595209736907236
1731801177.7103915;/app/bags/user95_2017-02-24.bag;0.834065854549408;0.0;0.9619645476341248;0.0;0.7960547501412467;0.9444047902630928;0.055595209736907236
1731801177.9104645;/app/bags/user95_2017-02-24.bag;0.834065854549408;0.0;0.9619645476341248;0.0;0.7960547501412467;0.9444047902630928;0.055595209736907236
1731801178.1103666;/app/bags/user95_2017-02-24.bag;0.834065854549408;0.0;0.9619645476341248;0.0;0.7960547501412467;0.9444047902630928;0.055595209736907236
1731801178.310372;/app/bags/user95_2017-02-24.bag;0.834065854549408;0.0;0.9619645476341248;0.0;0.7960547501412467;0.9444047902630928;0.055595209736907236
1731801178.5103934;/app/bags/user95_2017-02-24.bag;0.834065854549408;0.0;0.9619645476341248;0.0;0.7960547501412467;0.9444047902630928;0.055595209736907236
1731801178.7104967;/app/bags/user95_2017-02-24.bag;0.834065854549408;0.0;0.9619645476341248;0.0;0.7960547501412467;0.9444047902630928;0.055595209736907236
1731801178.910408;/app/bags/user95_2017-02-24.bag;0.834065854549408;0.0;0.9619645476341248;0.0;0.7960547501412467;0.9444047902630928;0.055595209736907236
1731801179.1103976;/app/bags/user95_2017-02-24.bag;0.834065854549408;0.0;0.9619645476341248;0.0;0.7960547501412467;0.9444047902630928;0.055595209736907236
1731801179.3103912;/app/bags/user95_2017-02-24.bag;0.834065854549408;0.0;0.9619645476341248;0.0;0.7960547501412467;0.9444047902630928;0.055595209736907236
1731801179.5103881;/app/bags/user95_2017-02-24.bag;0.834065854549408;0.0;0.9619645476341248;0.0;0.7960547501412467;0.9444047902630928;0.055595209736907236
1731801179.710421;/app/bags/user95_2017-02-24.bag;0.834065854549408;0.0;0.9619645476341248;0.0;0.7960547501412467;0.9444047902630928;0.055595209736907236
1731801179.9103875;/app/bags/user95_2017-02-24.bag;0.834065854549408;0.0;0.9619645476341248;0.0;0.7960547501412467;0.9444047902630928;0.055595209736907236
1731801180.1103566;/app/bags/user95_2017-02-24.bag;0.834065854549408;0.0;0.9619645476341248;0.0;0.7960547501412467;0.9444047902630928;0.055595209736907236
1731801180.310438;/app/bags/user95_2017-02-24.bag;0.834065854549408;0.0;0.9619645476341248;0.0;0.7960547501412467;0.9444047902630928;0.055595209736907236
1731801180.5103822;/app/bags/user95_2017-02-24.bag;0.834065854549408;0.0;0.9619645476341248;0.0;0.7960547501412467;0.9444047902630928;0.055595209736907236
1731801180.7104323;/app/bags/user95_2017-02-24.bag;0.834065854549408;0.0;0.9619645476341248;0.0;0.7960547501412467;0.9444047902630928;0.055595209736907236
1731801180.9103894;/app/bags/user95_2017-02-24.bag;0.834065854549408;0.0;0.9619645476341248;0.0;0.7960547501412467;0.9444047902630928;0.055595209736907236
1731801181.1103969;/app/bags/user95_2017-02-24.bag;0.834065854549408;0.0;0.9619645476341248;0.0;0.7960547501412467;0.9444047902630928;0.055595209736907236
1731801181.3104045;/app/bags/user95_2017-02-24.bag;0.834065854549408;0.0;0.9619645476341248;0.0;0.7960547501412467;0.9444047902630928;0.055595209736907236
1731801181.510408;/app/bags/user95_2017-02-24.bag;0.834065854549408;0.0;0.9619645476341248;0.0;0.7960547501412467;0.9444047902630928;0.055595209736907236
1731801181.710407;/app/bags/user95_2017-02-24.bag;0.834065854549408;0.0;0.9619645476341248;0.0;0.7960547501412467;0.9444047902630928;0.055595209736907236
1731801181.9104252;/app/bags/user95_2017-02-24.bag;0.834065854549408;0.0;0.9619645476341248;0.0;0.7960547501412467;0.9444047902630928;0.055595209736907236
1731801182.1103823;/app/bags/user95_2017-02-24.bag;0.834065854549408;0.0;0.9619645476341248;0.0;0.7960547501412467;0.9444047902630928;0.055595209736907236
1731801182.3103616;/app/bags/user95_2017-02-24.bag;0.834065854549408;0.0;0.9619645476341248;0.0;0.7960547501412467;0.9444047902630928;0.055595209736907236
1731801182.5103812;/app/bags/user95_2017-02-24.bag;0.834065854549408;0.0;0.9619645476341248;0.0;0.7960547501412467;0.9444047902630928;0.055595209736907236
1731801182.7104306;/app/bags/user95_2017-02-24.bag;0.834065854549408;0.0;0.9619645476341248;0.0;0.7960547501412467;0.9444047902630928;0.055595209736907236
1731801182.9104707;/app/bags/user95_2017-02-24.bag;0.834065854549408;0.0;0.9619645476341248;0.0;0.7960547501412467;0.9444047902630928;0.055595209736907236
1731801183.110357;/app/bags/user95_2017-02-24.bag;0.834065854549408;0.0;0.9619645476341248;0.0;0.7960547501412467;0.9444047902630928;0.055595209736907236
1731801183.3104708;/app/bags/user95_2017-02-24.bag;0.834065854549408;0.0;0.9619645476341248;0.0;0.7960547501412467;0.9444047902630928;0.055595209736907236
1731801183.510366;/app/bags/user95_2017-02-24.bag;0.834065854549408;0.0;0.9619645476341248;0.0;0.7960547501412467;0.9444047902630928;0.055595209736907236
1731801183.7104108;/app/bags/user95_2017-02-24.bag;0.834065854549408;0.0;0.9619645476341248;0.0;0.7960547501412467;0.9444047902630928;0.055595209736907236
1731801183.9103987;/app/bags/user95_2017-02-24.bag;0.834065854549408;0.0;0.9619645476341248;0.0;0.7960547501412467;0.9444047902630928;0.055595209736907236
1731801184.1104283;/app/bags/user95_2017-02-24.bag;0.834065854549408;0.0;0.9619645476341248;0.0;0.7960547501412467;0.9444047902630928;0.055595209736907236
1731801184.3103542;/app/bags/user95_2017-02-24.bag;0.834065854549408;0.0;0.9619645476341248;0.0;0.7960547501412467;0.9444047902630928;0.055595209736907236
1731801184.510422;/app/bags/user95_2017-02-24.bag;0.834065854549408;0.0;0.9619645476341248;0.0;0.7960547501412467;0.9444047902630928;0.055595209736907236
1731801184.710409;/app/bags/user95_2017-02-24.bag;0.834065854549408;0.0;0.9619645476341248;0.0;0.7960547501412467;0.9444047902630928;0.055595209736907236
1731801184.9103856;/app/bags/user95_2017-02-24.bag;0.834065854549408;0.0;0.9619645476341248;0.0;0.7960547501412467;0.9444047902630928;0.055595209736907236
1731801185.1104271;/app/bags/user95_2017-02-24.bag;0.834065854549408;0.0;0.9619645476341248;0.0;0.7960547501412467;0.9444047902630928;0.055595209736907236
1731801185.3104007;/app/bags/user95_2017-02-24.bag;0.834065854549408;0.0;0.9619645476341248;0.0;0.7960547501412467;0.9444047902630928;0.055595209736907236
1731801185.51036;/app/bags/user95_2017-02-24.bag;0.834065854549408;0.0;0.9619645476341248;0.0;0.7960547501412467;0.9444047902630928;0.055595209736907236
1731801185.7104192;/app/bags/user95_2017-02-24.bag;0.834065854549408;0.0;0.9619645476341248;0.0;0.7960547501412467;0.9444047902630928;0.055595209736907236
1731801185.9103637;/app/bags/user95_2017-02-24.bag;0.834065854549408;0.0;0.9619645476341248;0.0;0.7960547501412467;0.9444047902630928;0.055595209736907236
1731801186.1104894;/app/bags/user95_2017-02-24.bag;0.834065854549408;0.0;0.9619645476341248;0.0;0.7960547501412467;0.9444047902630928;0.055595209736907236
1731801186.3104043;/app/bags/user95_2017-02-24.bag;0.834065854549408;0.0;0.9619645476341248;0.0;0.7960547501412467;0.9444047902630928;0.055595209736907236
1731801186.5103858;/app/bags/user95_2017-02-24.bag;0.834065854549408;0.0;0.9619645476341248;0.0;0.7960547501412467;0.9444047902630928;0.055595209736907236
1731801186.7104661;/app/bags/user95_2017-02-24.bag;0.834065854549408;0.0;0.9619645476341248;0.0;0.7960547501412467;0.9444047902630928;0.055595209736907236
1731801186.9104607;/app/bags/user95_2017-02-24.bag;0.834065854549408;0.0;0.9619645476341248;0.0;0.7960547501412467;0.9444047902630928;0.055595209736907236
1731801187.1103835;/app/bags/user95_2017-02-24.bag;0.834065854549408;0.0;0.9619645476341248;0.0;0.7960547501412467;0.9444047902630928;0.055595209736907236
1731801187.3103595;/app/bags/user95_2017-02-24.bag;0.834065854549408;0.0;0.9619645476341248;0.0;0.7960547501412467;0.9444047902630928;0.055595209736907236
1731801187.510367;/app/bags/user95_2017-02-24.bag;0.834065854549408;0.0;0.9619645476341248;0.0;0.7960547501412467;0.9444047902630928;0.055595209736907236
1731801187.710385;/app/bags/user95_2017-02-24.bag;0.834065854549408;0.0;0.9619645476341248;0.0;0.7960547501412467;0.9444047902630928;0.055595209736907236
1731801187.9104164;/app/bags/user95_2017-02-24.bag;0.834065854549408;0.0;0.9619645476341248;0.0;0.7960547501412467;0.9444047902630928;0.055595209736907236
1731801188.1103966;/app/bags/user95_2017-02-24.bag;0.834065854549408;0.0;0.9619645476341248;0.0;0.7960547501412467;0.9444047902630928;0.055595209736907236
1731801188.310414;/app/bags/user95_2017-02-24.bag;0.834065854549408;0.0;0.9619645476341248;0.0;0.7960547501412467;0.9444047902630928;0.055595209736907236
1731801188.5104368;/app/bags/user95_2017-02-24.bag;0.834065854549408;0.0;0.9619645476341248;0.0;0.7960547501412467;0.9444047902630928;0.055595209736907236
1731801188.710515;/app/bags/user95_2017-02-24.bag;0.834065854549408;0.0;0.9619645476341248;0.0;0.7960547501412467;0.9444047902630928;0.055595209736907236
1731801188.9104364;/app/bags/user95_2017-02-24.bag;0.834065854549408;0.0;0.9619645476341248;0.0;0.7960547501412467;0.9444047902630928;0.055595209736907236
1731801189.1104932;/app/bags/user95_2017-02-24.bag;0.834065854549408;0.0;0.9619645476341248;0.0;0.7960547501412467;0.9444047902630928;0.055595209736907236
1731801189.3103828;/app/bags/user95_2017-02-24.bag;0.834065854549408;0.0;0.9619645476341248;0.0;0.7960547501412467;0.9444047902630928;0.055595209736907236
1731801189.5103614;/app/bags/user95_2017-02-24.bag;0.834065854549408;0.0;0.9619645476341248;0.0;0.7960547501412467;0.9444047902630928;0.055595209736907236
1731801189.710478;/app/bags/user95_2017-02-24.bag;0.834065854549408;0.0;0.9619645476341248;0.0;0.7960547501412467;0.9444047902630928;0.055595209736907236
1731801189.9103937;/app/bags/user95_2017-02-24.bag;0.834065854549408;0.0;0.9619645476341248;0.0;0.7960547501412467;0.9444047902630928;0.055595209736907236
1731801190.1103728;/app/bags/user95_2017-02-24.bag;0.834065854549408;0.0;0.9619645476341248;0.0;0.7960547501412467;0.9444047902630928;0.055595209736907236
1731801190.3103895;/app/bags/user95_2017-02-24.bag;0.834065854549408;0.0;0.9619645476341248;0.0;0.7960547501412467;0.9444047902630928;0.055595209736907236
1731801190.5103927;/app/bags/user95_2017-02-24.bag;0.834065854549408;0.0;0.9619645476341248;0.0;0.7960547501412467;0.9444047902630928;0.055595209736907236
1731801190.7105844;/app/bags/user95_2017-02-24.bag;0.834065854549408;0.0;0.9619645476341248;0.0;0.7960547501412467;0.9444047902630928;0.055595209736907236
1731801190.9103703;/app/bags/user95_2017-02-24.bag;0.834065854549408;0.0;0.9619645476341248;0.0;0.7960547501412467;0.9444047902630928;0.055595209736907236
1731801191.1103816;/app/bags/user95_2017-02-24.bag;0.834065854549408;0.0;0.9619645476341248;0.0;0.7960547501412467;0.9444047902630928;0.055595209736907236
1731801191.3103588;/app/bags/user95_2017-02-24.bag;0.834065854549408;0.0;0.9619645476341248;0.0;0.7960547501412467;0.9444047902630928;0.055595209736907236
1731801191.510374;/app/bags/user95_2017-02-24.bag;0.834065854549408;0.0;0.9619645476341248;0.0;0.7960547501412467;0.9444047902630928;0.055595209736907236
1731801191.710414;/app/bags/user95_2017-02-24.bag;0.834065854549408;0.0;0.9619645476341248;0.0;0.7960547501412467;0.9444047902630928;0.055595209736907236
1731801191.9103975;/app/bags/user95_2017-02-24.bag;0.834065854549408;0.0;0.9619645476341248;0.0;0.7960547501412467;0.9444047902630928;0.055595209736907236
1731801192.1105125;/app/bags/user95_2017-02-24.bag;0.834065854549408;0.0;0.9619645476341248;0.0;0.7960547501412467;0.9444047902630928;0.055595209736907236
1731801192.3104136;/app/bags/user95_2017-02-24.bag;0.834065854549408;0.0;0.9619645476341248;0.0;0.7960547501412467;0.9444047902630928;0.055595209736907236
1731801192.5104277;/app/bags/user95_2017-02-24.bag;0.834065854549408;0.0;0.9619645476341248;0.0;0.7960547501412467;0.9444047902630928;0.055595209736907236
1731801192.710383;/app/bags/user95_2017-02-24.bag;0.834065854549408;0.0;0.9619645476341248;0.0;0.7960547501412467;0.9444047902630928;0.055595209736907236
1731801192.910362;/app/bags/user95_2017-02-24.bag;0.834065854549408;0.0;0.9619645476341248;0.0;0.7960547501412467;0.9444047902630928;0.055595209736907236
1731801193.110424;/app/bags/user95_2017-02-24.bag;0.834065854549408;0.0;0.9619645476341248;0.0;0.7960547501412467;0.9444047902630928;0.055595209736907236
1731801193.3103902;/app/bags/user95_2017-02-24.bag;0.834065854549408;0.0;0.9619645476341248;0.0;0.7960547501412467;0.9444047902630928;0.055595209736907236
1731801193.5103836;/app/bags/user95_2017-02-24.bag;0.834065854549408;0.0;0.9619645476341248;0.0;0.7960547501412467;0.9444047902630928;0.055595209736907236
1731801193.7104783;/app/bags/user95_2017-02-24.bag;0.834065854549408;0.0;0.9619645476341248;0.0;0.7960547501412467;0.9444047902630928;0.055595209736907236
1731801193.9104257;/app/bags/user95_2017-02-24.bag;0.834065854549408;0.0;0.9619645476341248;0.0;0.7960547501412467;0.9444047902630928;0.055595209736907236
1731801194.1103587;/app/bags/user95_2017-02-24.bag;0.834065854549408;0.0;0.9619645476341248;0.0;0.7960547501412467;0.9444047902630928;0.055595209736907236
1731801194.310455;/app/bags/user95_2017-02-24.bag;0.834065854549408;0.0;0.9619645476341248;0.0;0.7960547501412467;0.9444047902630928;0.055595209736907236
1731801194.5104635;/app/bags/user95_2017-02-24.bag;0.834065854549408;0.0;0.9619645476341248;0.0;0.7960547501412467;0.9444047902630928;0.055595209736907236
1731801194.7104177;/app/bags/user95_2017-02-24.bag;0.834065854549408;0.0;0.9619645476341248;0.0;0.7960547501412467;0.9444047902630928;0.055595209736907236
1731801194.9103725;/app/bags/user95_2017-02-24.bag;0.834065854549408;0.0;0.9619645476341248;0.0;0.7960547501412467;0.9444047902630928;0.055595209736907236
1731801195.1103694;/app/bags/user95_2017-02-24.bag;0.834065854549408;0.0;0.9619645476341248;0.0;0.7960547501412467;0.9444047902630928;0.055595209736907236
1731801195.3105285;/app/bags/user95_2017-02-24.bag;0.834065854549408;0.0;0.9619645476341248;0.0;0.7960547501412467;0.9444047902630928;0.055595209736907236
1731801195.510412;/app/bags/user95_2017-02-24.bag;0.834065854549408;0.0;0.9619645476341248;0.0;0.7960547501412467;0.9444047902630928;0.055595209736907236
1731801195.7103832;/app/bags/user95_2017-02-24.bag;0.834065854549408;0.0;0.9619645476341248;0.0;0.7960547501412467;0.9444047902630928;0.055595209736907236
1731801195.9103994;/app/bags/user95_2017-02-24.bag;0.834065854549408;0.0;0.9619645476341248;0.0;0.7960547501412467;0.9444047902630928;0.055595209736907236
1731801196.1103642;/app/bags/user95_2017-02-24.bag;0.834065854549408;0.0;0.9619645476341248;0.0;0.7960547501412467;0.9444047902630928;0.055595209736907236
1731801196.3104043;/app/bags/user95_2017-02-24.bag;0.834065854549408;0.0;0.9619645476341248;0.0;0.7960547501412467;0.9444047902630928;0.055595209736907236
1731801196.5103874;/app/bags/user95_2017-02-24.bag;0.834065854549408;0.0;0.9619645476341248;0.0;0.7960547501412467;0.9444047902630928;0.055595209736907236
1731801196.7103927;/app/bags/user95_2017-02-24.bag;0.834065854549408;0.0;0.9619645476341248;0.0;0.7960547501412467;0.9444047902630928;0.055595209736907236
1731801196.9103904;/app/bags/user95_2017-02-24.bag;0.834065854549408;0.0;0.9619645476341248;0.0;0.7960547501412467;0.9444047902630928;0.055595209736907236
1731801197.1103644;/app/bags/user95_2017-02-24.bag;0.834065854549408;0.0;0.9619645476341248;0.0;0.7960547501412467;0.9444047902630928;0.055595209736907236
1731801197.3104043;/app/bags/user95_2017-02-24.bag;0.834065854549408;0.0;0.9619645476341248;0.0;0.7960547501412467;0.9444047902630928;0.055595209736907236
1731801197.510398;/app/bags/user95_2017-02-24.bag;0.834065854549408;0.0;0.9619645476341248;0.0;0.7960547501412467;0.9444047902630928;0.055595209736907236
1731801197.7103975;/app/bags/user95_2017-02-24.bag;0.834065854549408;0.0;0.9619645476341248;0.0;0.7960547501412467;0.9444047902630928;0.055595209736907236
1731801197.910428;/app/bags/user95_2017-02-24.bag;0.834065854549408;0.0;0.9619645476341248;0.0;0.7960547501412467;0.9444047902630928;0.055595209736907236
1731801198.1103647;/app/bags/user95_2017-02-24.bag;0.834065854549408;0.0;0.9619645476341248;0.0;0.7960547501412467;0.9444047902630928;0.055595209736907236
1731801198.310386;/app/bags/user95_2017-02-24.bag;0.834065854549408;0.0;0.9619645476341248;0.0;0.7960547501412467;0.9444047902630928;0.055595209736907236
1731801198.5103896;/app/bags/user95_2017-02-24.bag;0.834065854549408;0.0;0.9619645476341248;0.0;0.7960547501412467;0.9444047902630928;0.055595209736907236
1731801198.7104192;/app/bags/user95_2017-02-24.bag;0.834065854549408;0.0;0.9619645476341248;0.0;0.7960547501412467;0.9444047902630928;0.055595209736907236
1731801198.9104486;/app/bags/user95_2017-02-24.bag;0.834065854549408;0.0;0.9619645476341248;0.0;0.7960547501412467;0.9444047902630928;0.055595209736907236
1731801199.1104202;/app/bags/user95_2017-02-24.bag;0.834065854549408;0.0;0.9619645476341248;0.0;0.7960547501412467;0.9444047902630928;0.055595209736907236
1731801199.3103867;/app/bags/user95_2017-02-24.bag;0.834065854549408;0.0;0.9619645476341248;0.0;0.7960547501412467;0.9444047902630928;0.055595209736907236
1731801199.510426;/app/bags/user95_2017-02-24.bag;0.834065854549408;0.0;0.9619645476341248;0.0;0.7960547501412467;0.9444047902630928;0.055595209736907236
1731801199.710385;/app/bags/user95_2017-02-24.bag;0.834065854549408;0.0;0.9619645476341248;0.0;0.7960547501412467;0.9444047902630928;0.055595209736907236
1731801199.910379;/app/bags/user95_2017-02-24.bag;0.834065854549408;0.0;0.9619645476341248;0.0;0.7960547501412467;0.9444047902630928;0.055595209736907236
1731801200.1103847;/app/bags/user95_2017-02-24.bag;0.834065854549408;0.0;0.9619645476341248;0.0;0.7960547501412467;0.9444047902630928;0.055595209736907236
1731801200.3103633;/app/bags/user95_2017-02-24.bag;0.834065854549408;0.0;0.9619645476341248;0.0;0.7960547501412467;0.9444047902630928;0.055595209736907236
1731801200.510441;/app/bags/user95_2017-02-24.bag;0.834065854549408;0.0;0.9619645476341248;0.0;0.7960547501412467;0.9444047902630928;0.055595209736907236
1731801200.7103505;/app/bags/user95_2017-02-24.bag;0.834065854549408;0.0;0.9619645476341248;0.0;0.7960547501412467;0.9444047902630928;0.055595209736907236
1731801200.9104552;/app/bags/user95_2017-02-24.bag;0.834065854549408;0.0;0.9619645476341248;0.0;0.7960547501412467;0.9444047902630928;0.055595209736907236
1731801201.1103442;/app/bags/user95_2017-02-24.bag;0.834065854549408;0.0;0.9619645476341248;0.0;0.7960547501412467;0.9444047902630928;0.055595209736907236
1731801201.3103752;/app/bags/user95_2017-02-24.bag;0.834065854549408;0.0;0.9619645476341248;0.0;0.7960547501412467;0.9444047902630928;0.055595209736907236
1731801201.5104222;/app/bags/user95_2017-02-24.bag;0.834065854549408;0.0;0.9619645476341248;0.0;0.7960547501412467;0.9444047902630928;0.055595209736907236
1731801201.7104728;/app/bags/user95_2017-02-24.bag;0.834065854549408;0.0;0.9619645476341248;0.0;0.7960547501412467;0.9444047902630928;0.055595209736907236
1731801201.910425;/app/bags/user95_2017-02-24.bag;0.834065854549408;0.0;0.9619645476341248;0.0;0.7960547501412467;0.9444047902630928;0.055595209736907236
1731801202.1103847;/app/bags/user95_2017-02-24.bag;0.834065854549408;0.0;0.9619645476341248;0.0;0.7960547501412467;0.9444047902630928;0.055595209736907236
1731801202.3104198;/app/bags/user95_2017-02-24.bag;0.834065854549408;0.0;0.9619645476341248;0.0;0.7960547501412467;0.9444047902630928;0.055595209736907236
1731801202.5103729;/app/bags/user95_2017-02-24.bag;0.834065854549408;0.0;0.9619645476341248;0.0;0.7960547501412467;0.9444047902630928;0.055595209736907236
1731801202.710434;/app/bags/user95_2017-02-24.bag;0.834065854549408;0.0;0.9619645476341248;0.0;0.7960547501412467;0.9444047902630928;0.055595209736907236
1731801202.910409;/app/bags/user95_2017-02-24.bag;0.834065854549408;0.0;0.9619645476341248;0.0;0.7960547501412467;0.9444047902630928;0.055595209736907236
1731801203.1103866;/app/bags/user95_2017-02-24.bag;0.834065854549408;0.0;0.9619645476341248;0.0;0.7960547501412467;0.9444047902630928;0.055595209736907236
1731801203.3103967;/app/bags/user95_2017-02-24.bag;0.834065854549408;0.0;0.9619645476341248;0.0;0.7960547501412467;0.9444047902630928;0.055595209736907236
1731801203.5103939;/app/bags/user95_2017-02-24.bag;0.834065854549408;0.0;0.9619645476341248;0.0;0.7960547501412467;0.9444047902630928;0.055595209736907236
1731801203.7104738;/app/bags/user95_2017-02-24.bag;0.834065854549408;0.0;0.9619645476341248;0.0;0.7960547501412467;0.9444047902630928;0.055595209736907236
1731801203.910431;/app/bags/user95_2017-02-24.bag;0.834065854549408;0.0;0.9619645476341248;0.0;0.7960547501412467;0.9444047902630928;0.055595209736907236
1731801204.1104183;/app/bags/user95_2017-02-24.bag;0.834065854549408;0.0;0.9619645476341248;0.0;0.7960547501412467;0.9444047902630928;0.055595209736907236
1731801204.3104174;/app/bags/user95_2017-02-24.bag;0.834065854549408;0.0;0.9619645476341248;0.0;0.7960547501412467;0.9444047902630928;0.055595209736907236
1731801204.5103834;/app/bags/user95_2017-02-24.bag;0.834065854549408;0.0;0.9619645476341248;0.0;0.7960547501412467;0.9444047902630928;0.055595209736907236
1731801204.7104251;/app/bags/user95_2017-02-24.bag;0.834065854549408;0.0;0.9619645476341248;0.0;0.7960547501412467;0.9444047902630928;0.055595209736907236
1731801204.9103985;/app/bags/user95_2017-02-24.bag;0.834065854549408;0.0;0.9619645476341248;0.0;0.7960547501412467;0.9444047902630928;0.055595209736907236
1731801205.1103969;/app/bags/user95_2017-02-24.bag;0.834065854549408;0.0;0.9619645476341248;0.0;0.7960547501412467;0.9444047902630928;0.055595209736907236
1731801205.310396;/app/bags/user95_2017-02-24.bag;0.834065854549408;0.0;0.9619645476341248;0.0;0.7960547501412467;0.9444047902630928;0.055595209736907236
1731801205.5104277;/app/bags/user95_2017-02-24.bag;0.834065854549408;0.0;0.9619645476341248;0.0;0.7960547501412467;0.9444047902630928;0.055595209736907236
1731801205.710398;/app/bags/user95_2017-02-24.bag;0.834065854549408;0.0;0.9619645476341248;0.0;0.7960547501412467;0.9444047902630928;0.055595209736907236
1731801205.910425;/app/bags/user95_2017-02-24.bag;0.834065854549408;0.0;0.9619645476341248;0.0;0.7960547501412467;0.9444047902630928;0.055595209736907236
1731801206.1104326;/app/bags/user95_2017-02-24.bag;0.834065854549408;0.0;0.9619645476341248;0.0;0.7960547501412467;0.9444047902630928;0.055595209736907236
1731801206.3103642;/app/bags/user95_2017-02-24.bag;0.834065854549408;0.0;0.9619645476341248;0.0;0.7960547501412467;0.9444047902630928;0.055595209736907236
1731801206.5103796;/app/bags/user95_2017-02-24.bag;0.834065854549408;0.0;0.9619645476341248;0.0;0.7960547501412467;0.9444047902630928;0.055595209736907236
1731801206.710363;/app/bags/user95_2017-02-24.bag;0.834065854549408;0.0;0.9619645476341248;0.0;0.7960547501412467;0.9444047902630928;0.055595209736907236
1731801206.9103894;/app/bags/user95_2017-02-24.bag;0.834065854549408;0.0;0.9619645476341248;0.0;0.7960547501412467;0.9444047902630928;0.055595209736907236
1731801207.1103973;/app/bags/user95_2017-02-24.bag;0.834065854549408;0.0;0.9619645476341248;0.0;0.7960547501412467;0.9444047902630928;0.055595209736907236
1731801207.3104002;/app/bags/user95_2017-02-24.bag;0.834065854549408;0.0;0.9619645476341248;0.0;0.7960547501412467;0.9444047902630928;0.055595209736907236
1731801207.5103822;/app/bags/user95_2017-02-24.bag;0.834065854549408;0.0;0.9619645476341248;0.0;0.7960547501412467;0.9444047902630928;0.055595209736907236
1731801207.7103658;/app/bags/user95_2017-02-24.bag;0.834065854549408;0.0;0.9619645476341248;0.0;0.7960547501412467;0.9444047902630928;0.055595209736907236
1731801207.910454;/app/bags/user95_2017-02-24.bag;0.834065854549408;0.0;0.9619645476341248;0.0;0.7960547501412467;0.9444047902630928;0.055595209736907236
1731801208.110442;/app/bags/user95_2017-02-24.bag;0.834065854549408;0.0;0.9619645476341248;0.0;0.7960547501412467;0.9444047902630928;0.055595209736907236
1731801208.3103683;/app/bags/user95_2017-02-24.bag;0.834065854549408;0.0;0.9619645476341248;0.0;0.7960547501412467;0.9444047902630928;0.055595209736907236
1731801208.5103896;/app/bags/user95_2017-02-24.bag;0.834065854549408;0.0;0.9619645476341248;0.0;0.7960547501412467;0.9444047902630928;0.055595209736907236
1731801208.7104194;/app/bags/user95_2017-02-24.bag;0.834065854549408;0.0;0.9619645476341248;0.0;0.7960547501412467;0.9444047902630928;0.055595209736907236
1731801208.9104035;/app/bags/user95_2017-02-24.bag;0.834065854549408;0.0;0.9619645476341248;0.0;0.7960547501412467;0.9444047902630928;0.055595209736907236
1731801209.1104095;/app/bags/user95_2017-02-24.bag;0.834065854549408;0.0;0.9619645476341248;0.0;0.7960547501412467;0.9444047902630928;0.055595209736907236
1731801209.3103967;/app/bags/user95_2017-02-24.bag;0.834065854549408;0.0;0.9619645476341248;0.0;0.7960547501412467;0.9444047902630928;0.055595209736907236
1731801209.510433;/app/bags/user95_2017-02-24.bag;0.834065854549408;0.0;0.9619645476341248;0.0;0.7960547501412467;0.9444047902630928;0.055595209736907236
1731801209.7104185;/app/bags/user95_2017-02-24.bag;0.834065854549408;0.0;0.9619645476341248;0.0;0.7960547501412467;0.9444047902630928;0.055595209736907236
1731801209.9103963;/app/bags/user95_2017-02-24.bag;0.834065854549408;0.0;0.9619645476341248;0.0;0.7960547501412467;0.9444047902630928;0.055595209736907236
1731801210.110374;/app/bags/user95_2017-02-24.bag;0.834065854549408;0.0;0.9619645476341248;0.0;0.7960547501412467;0.9444047902630928;0.055595209736907236
1731801210.3103933;/app/bags/user95_2017-02-24.bag;0.834065854549408;0.0;0.9619645476341248;0.0;0.7960547501412467;0.9444047902630928;0.055595209736907236
1731801210.510383;/app/bags/user95_2017-02-24.bag;0.834065854549408;0.0;0.9619645476341248;0.0;0.7960547501412467;0.9444047902630928;0.055595209736907236
1731801210.7103782;/app/bags/user95_2017-02-24.bag;0.834065854549408;0.0;0.9619645476341248;0.0;0.7960547501412467;0.9444047902630928;0.055595209736907236
1731801210.9103913;/app/bags/user95_2017-02-24.bag;0.834065854549408;0.0;0.9619645476341248;0.0;0.7960547501412467;0.9444047902630928;0.055595209736907236
1731801211.1103992;/app/bags/user95_2017-02-24.bag;0.834065854549408;0.0;0.9619645476341248;0.0;0.7960547501412467;0.9444047902630928;0.055595209736907236
1731801211.3103843;/app/bags/user95_2017-02-24.bag;0.834065854549408;0.0;0.9619645476341248;0.0;0.7960547501412467;0.9444047902630928;0.055595209736907236
1731801211.5104394;/app/bags/user95_2017-02-24.bag;0.834065854549408;0.0;0.9619645476341248;0.0;0.7960547501412467;0.9444047902630928;0.055595209736907236
1731801211.7103968;/app/bags/user95_2017-02-24.bag;0.834065854549408;0.0;0.9619645476341248;0.0;0.7960547501412467;0.9444047902630928;0.055595209736907236
1731801211.9103932;/app/bags/user95_2017-02-24.bag;0.834065854549408;0.0;0.9619645476341248;0.0;0.7960547501412467;0.9444047902630928;0.055595209736907236
1731801212.1104133;/app/bags/user95_2017-02-24.bag;0.834065854549408;0.0;0.9619645476341248;0.0;0.7960547501412467;0.9444047902630928;0.055595209736907236
1731801212.3104208;/app/bags/user95_2017-02-24.bag;0.834065854549408;0.0;0.9619645476341248;0.0;0.7960547501412467;0.9444047902630928;0.055595209736907236
1731801212.510351;/app/bags/user95_2017-02-24.bag;0.834065854549408;0.0;0.9619645476341248;0.0;0.7960547501412467;0.9444047902630928;0.055595209736907236
1731801212.7103684;/app/bags/user95_2017-02-24.bag;0.834065854549408;0.0;0.9619645476341248;0.0;0.7960547501412467;0.9444047902630928;0.055595209736907236
1731801212.9103487;/app/bags/user95_2017-02-24.bag;0.834065854549408;0.0;0.9619645476341248;0.0;0.7960547501412467;0.9444047902630928;0.055595209736907236
1731801213.1103752;/app/bags/user95_2017-02-24.bag;0.834065854549408;0.0;0.9619645476341248;0.0;0.7960547501412467;0.9444047902630928;0.055595209736907236
1731801213.3104668;/app/bags/user95_2017-02-24.bag;0.834065854549408;0.0;0.9619645476341248;0.0;0.7960547501412467;0.9444047902630928;0.055595209736907236
1731801213.5103874;/app/bags/user95_2017-02-24.bag;0.834065854549408;0.0;0.9619645476341248;0.0;0.7960547501412467;0.9444047902630928;0.055595209736907236
1731801213.710389;/app/bags/user95_2017-02-24.bag;0.834065854549408;0.0;0.9619645476341248;0.0;0.7960547501412467;0.9444047902630928;0.055595209736907236
1731801213.9104643;/app/bags/user95_2017-02-24.bag;0.834065854549408;0.0;0.9619645476341248;0.0;0.7960547501412467;0.9444047902630928;0.055595209736907236
1731801214.1104064;/app/bags/user95_2017-02-24.bag;0.834065854549408;0.0;0.9619645476341248;0.0;0.7960547501412467;0.9444047902630928;0.055595209736907236
1731801214.3104148;/app/bags/user95_2017-02-24.bag;0.834065854549408;0.0;0.9619645476341248;0.0;0.7960547501412467;0.9444047902630928;0.055595209736907236
1731801214.5103831;/app/bags/user95_2017-02-24.bag;0.834065854549408;0.0;0.9619645476341248;0.0;0.7960547501412467;0.9444047902630928;0.055595209736907236
1731801214.7104566;/app/bags/user95_2017-02-24.bag;0.834065854549408;0.0;0.9619645476341248;0.0;0.7960547501412467;0.9444047902630928;0.055595209736907236
1731801214.910419;/app/bags/user95_2017-02-24.bag;0.834065854549408;0.0;0.9619645476341248;0.0;0.7960547501412467;0.9444047902630928;0.055595209736907236
1731801215.1104674;/app/bags/user95_2017-02-24.bag;0.834065854549408;0.0;0.9619645476341248;0.0;0.7960547501412467;0.9444047902630928;0.055595209736907236
1731801215.3104396;/app/bags/user95_2017-02-24.bag;0.834065854549408;0.0;0.9619645476341248;0.0;0.7960547501412467;0.9444047902630928;0.055595209736907236
1731801215.5103695;/app/bags/user95_2017-02-24.bag;0.834065854549408;0.0;0.9619645476341248;0.0;0.7960547501412467;0.9444047902630928;0.055595209736907236
1731801215.7103834;/app/bags/user95_2017-02-24.bag;0.834065854549408;0.0;0.9619645476341248;0.0;0.7960547501412467;0.9444047902630928;0.055595209736907236
1731801215.9104865;/app/bags/user95_2017-02-24.bag;0.834065854549408;0.0;0.9619645476341248;0.0;0.7960547501412467;0.9444047902630928;0.055595209736907236
1731801216.110386;/app/bags/user95_2017-02-24.bag;0.834065854549408;0.0;0.9619645476341248;0.0;0.7960547501412467;0.9444047902630928;0.055595209736907236
1731801216.3103633;/app/bags/user95_2017-02-24.bag;0.834065854549408;0.0;0.9619645476341248;0.0;0.7960547501412467;0.9444047902630928;0.055595209736907236
1731801216.5103834;/app/bags/user95_2017-02-24.bag;0.834065854549408;0.0;0.9619645476341248;0.0;0.7960547501412467;0.9444047902630928;0.055595209736907236
1731801216.710394;/app/bags/user95_2017-02-24.bag;0.834065854549408;0.0;0.9619645476341248;0.0;0.7960547501412467;0.9444047902630928;0.055595209736907236
1731801216.9103959;/app/bags/user95_2017-02-24.bag;0.834065854549408;0.0;0.9619645476341248;0.0;0.7960547501412467;0.9444047902630928;0.055595209736907236
1731801217.1104267;/app/bags/user95_2017-02-24.bag;0.834065854549408;0.0;0.9619645476341248;0.0;0.7960547501412467;0.9444047902630928;0.055595209736907236
1731801217.3104327;/app/bags/user95_2017-02-24.bag;0.834065854549408;0.0;0.9619645476341248;0.0;0.7960547501412467;0.9444047902630928;0.055595209736907236
1731801217.510394;/app/bags/user95_2017-02-24.bag;0.834065854549408;0.0;0.9619645476341248;0.0;0.7960547501412467;0.9444047902630928;0.055595209736907236
1731801217.710409;/app/bags/user95_2017-02-24.bag;0.834065854549408;0.0;0.9619645476341248;0.0;0.7960547501412467;0.9444047902630928;0.055595209736907236
1731801217.9104123;/app/bags/user95_2017-02-24.bag;0.834065854549408;0.0;0.9619645476341248;0.0;0.7960547501412467;0.9444047902630928;0.055595209736907236
1731801218.1103976;/app/bags/user95_2017-02-24.bag;0.834065854549408;0.0;0.9619645476341248;0.0;0.7960547501412467;0.9444047902630928;0.055595209736907236
1731801218.3103874;/app/bags/user95_2017-02-24.bag;0.834065854549408;0.0;0.9619645476341248;0.0;0.7960547501412467;0.9444047902630928;0.055595209736907236
1731801218.510383;/app/bags/user95_2017-02-24.bag;0.834065854549408;0.0;0.9619645476341248;0.0;0.7960547501412467;0.9444047902630928;0.055595209736907236
1731801218.7104394;/app/bags/user95_2017-02-24.bag;0.834065854549408;0.0;0.9619645476341248;0.0;0.7960547501412467;0.9444047902630928;0.055595209736907236
1731801218.9105287;/app/bags/user95_2017-02-24.bag;0.834065854549408;0.0;0.9619645476341248;0.0;0.7960547501412467;0.9444047902630928;0.055595209736907236
1731801219.1103833;/app/bags/user95_2017-02-24.bag;0.834065854549408;0.0;0.9619645476341248;0.0;0.7960547501412467;0.9444047902630928;0.055595209736907236
1731801219.3103805;/app/bags/user95_2017-02-24.bag;0.834065854549408;0.0;0.9619645476341248;0.0;0.7960547501412467;0.9444047902630928;0.055595209736907236
1731801219.5104136;/app/bags/user95_2017-02-24.bag;0.834065854549408;0.0;0.9619645476341248;0.0;0.7960547501412467;0.9444047902630928;0.055595209736907236
1731801219.7104235;/app/bags/user95_2017-02-24.bag;0.834065854549408;0.0;0.9619645476341248;0.0;0.7960547501412467;0.9444047902630928;0.055595209736907236
1731801219.910475;/app/bags/user95_2017-02-24.bag;0.834065854549408;0.0;0.9619645476341248;0.0;0.7960547501412467;0.9444047902630928;0.055595209736907236
1731801220.1103857;/app/bags/user95_2017-02-24.bag;0.834065854549408;0.0;0.9619645476341248;0.0;0.7960547501412467;0.9444047902630928;0.055595209736907236
1731801220.3103864;/app/bags/user95_2017-02-24.bag;0.834065854549408;0.0;0.9619645476341248;0.0;0.7960547501412467;0.9444047902630928;0.055595209736907236
1731801220.5103667;/app/bags/user95_2017-02-24.bag;0.834065854549408;0.0;0.9619645476341248;0.0;0.7960547501412467;0.9444047902630928;0.055595209736907236
1731801220.710386;/app/bags/user95_2017-02-24.bag;0.834065854549408;0.0;0.9619645476341248;0.0;0.7960547501412467;0.9444047902630928;0.055595209736907236
1731801220.9104395;/app/bags/user95_2017-02-24.bag;0.834065854549408;0.0;0.9619645476341248;0.0;0.7960547501412467;0.9444047902630928;0.055595209736907236
1731801221.1104124;/app/bags/user95_2017-02-24.bag;0.834065854549408;0.0;0.9619645476341248;0.0;0.7960547501412467;0.9444047902630928;0.055595209736907236
1731801221.3104217;/app/bags/user95_2017-02-24.bag;0.834065854549408;0.0;0.9619645476341248;0.0;0.7960547501412467;0.9444047902630928;0.055595209736907236
1731801221.510372;/app/bags/user95_2017-02-24.bag;0.834065854549408;0.0;0.9619645476341248;0.0;0.7960547501412467;0.9444047902630928;0.055595209736907236
1731801221.710391;/app/bags/user95_2017-02-24.bag;0.834065854549408;0.0;0.9619645476341248;0.0;0.7960547501412467;0.9444047902630928;0.055595209736907236
1731801221.9103985;/app/bags/user95_2017-02-24.bag;0.834065854549408;0.0;0.9619645476341248;0.0;0.7960547501412467;0.9444047902630928;0.055595209736907236
1731801222.1103587;/app/bags/user95_2017-02-24.bag;0.834065854549408;0.0;0.9619645476341248;0.0;0.7960547501412467;0.9444047902630928;0.055595209736907236
1731801222.3105757;/app/bags/user95_2017-02-24.bag;0.834065854549408;0.0;0.9619645476341248;0.0;0.7960547501412467;0.9444047902630928;0.055595209736907236
1731801222.510444;/app/bags/user95_2017-02-24.bag;0.834065854549408;0.0;0.9619645476341248;0.0;0.7960547501412467;0.9444047902630928;0.055595209736907236
1731801222.7103744;/app/bags/user95_2017-02-24.bag;0.834065854549408;0.0;0.9619645476341248;0.0;0.7960547501412467;0.9444047902630928;0.055595209736907236
1731801222.910399;/app/bags/user95_2017-02-24.bag;0.834065854549408;0.0;0.9619645476341248;0.0;0.7960547501412467;0.9444047902630928;0.055595209736907236
1731801223.1103752;/app/bags/user95_2017-02-24.bag;0.834065854549408;0.0;0.9619645476341248;0.0;0.7960547501412467;0.9444047902630928;0.055595209736907236
1731801223.3104103;/app/bags/user95_2017-02-24.bag;0.834065854549408;0.0;0.9619645476341248;0.0;0.7960547501412467;0.9444047902630928;0.055595209736907236
1731801223.5103562;/app/bags/user95_2017-02-24.bag;0.834065854549408;0.0;0.9619645476341248;0.0;0.7960547501412467;0.9444047902630928;0.055595209736907236
1731801223.7103817;/app/bags/user95_2017-02-24.bag;0.834065854549408;0.0;0.9619645476341248;0.0;0.7960547501412467;0.9444047902630928;0.055595209736907236
1731801223.910391;/app/bags/user95_2017-02-24.bag;0.834065854549408;0.0;0.9619645476341248;0.0;0.7960547501412467;0.9444047902630928;0.055595209736907236
1731801224.110398;/app/bags/user95_2017-02-24.bag;0.834065854549408;0.0;0.9619645476341248;0.0;0.7960547501412467;0.9444047902630928;0.055595209736907236
1731801224.3103833;/app/bags/user95_2017-02-24.bag;0.834065854549408;0.0;0.9619645476341248;0.0;0.7960547501412467;0.9444047902630928;0.055595209736907236
1731801224.5104175;/app/bags/user95_2017-02-24.bag;0.834065854549408;0.0;0.9619645476341248;0.0;0.7960547501412467;0.9444047902630928;0.055595209736907236
1731801224.7105975;/app/bags/user95_2017-02-24.bag;0.834065854549408;0.0;0.9619645476341248;0.0;0.7960547501412467;0.9444047902630928;0.055595209736907236
1731801224.9103994;/app/bags/user95_2017-02-24.bag;0.834065854549408;0.0;0.9619645476341248;0.0;0.7960547501412467;0.9444047902630928;0.055595209736907236
1731801225.1104221;/app/bags/user95_2017-02-24.bag;0.834065854549408;0.0;0.9619645476341248;0.0;0.7960547501412467;0.9444047902630928;0.055595209736907236
1731801225.3103905;/app/bags/user95_2017-02-24.bag;0.834065854549408;0.0;0.9619645476341248;0.0;0.7960547501412467;0.9444047902630928;0.055595209736907236
1731801225.5105457;/app/bags/user95_2017-02-24.bag;0.834065854549408;0.0;0.9619645476341248;0.0;0.7960547501412467;0.9444047902630928;0.055595209736907236
1731801225.71039;/app/bags/user95_2017-02-24.bag;0.834065854549408;0.0;0.9619645476341248;0.0;0.7960547501412467;0.9444047902630928;0.055595209736907236
1731801225.9104083;/app/bags/user95_2017-02-24.bag;0.834065854549408;0.0;0.9619645476341248;0.0;0.7960547501412467;0.9444047902630928;0.055595209736907236
1731801226.1104517;/app/bags/user95_2017-02-24.bag;0.834065854549408;0.0;0.9619645476341248;0.0;0.7960547501412467;0.9444047902630928;0.055595209736907236
1731801226.310368;/app/bags/user95_2017-02-24.bag;0.834065854549408;0.0;0.9619645476341248;0.0;0.7960547501412467;0.9444047902630928;0.055595209736907236
1731801226.5103543;/app/bags/user95_2017-02-24.bag;0.834065854549408;0.0;0.9619645476341248;0.0;0.7960547501412467;0.9444047902630928;0.055595209736907236
1731801226.710475;/app/bags/user95_2017-02-24.bag;0.834065854549408;0.0;0.9619645476341248;0.0;0.7960547501412467;0.9444047902630928;0.055595209736907236
1731801226.910445;/app/bags/user95_2017-02-24.bag;0.834065854549408;0.0;0.9619645476341248;0.0;0.7960547501412467;0.9444047902630928;0.055595209736907236
1731801227.1104605;/app/bags/user95_2017-02-24.bag;0.834065854549408;0.0;0.9619645476341248;0.0;0.7960547501412467;0.9444047902630928;0.055595209736907236
1731801227.3104315;/app/bags/user95_2017-02-24.bag;0.834065854549408;0.0;0.9619645476341248;0.0;0.7960547501412467;0.9444047902630928;0.055595209736907236
1731801227.5103548;/app/bags/user95_2017-02-24.bag;0.834065854549408;0.0;0.9619645476341248;0.0;0.7960547501412467;0.9444047902630928;0.055595209736907236
1731801227.7104468;/app/bags/user95_2017-02-24.bag;0.834065854549408;0.0;0.9619645476341248;0.0;0.7960547501412467;0.9444047902630928;0.055595209736907236
1731801227.9104047;/app/bags/user95_2017-02-24.bag;0.834065854549408;0.0;0.9619645476341248;0.0;0.7960547501412467;0.9444047902630928;0.055595209736907236
1731801228.1104143;/app/bags/user95_2017-02-24.bag;0.834065854549408;0.0;0.9619645476341248;0.0;0.7960547501412467;0.9444047902630928;0.055595209736907236
1731801228.3104188;/app/bags/user95_2017-02-24.bag;0.834065854549408;0.0;0.9619645476341248;0.0;0.7960547501412467;0.9444047902630928;0.055595209736907236
1731801228.5103865;/app/bags/user95_2017-02-24.bag;0.834065854549408;0.0;0.9619645476341248;0.0;0.7960547501412467;0.9444047902630928;0.055595209736907236
1731801228.7104883;/app/bags/user95_2017-02-24.bag;0.834065854549408;0.0;0.9619645476341248;0.0;0.7960547501412467;0.9444047902630928;0.055595209736907236
1731801228.910371;/app/bags/user95_2017-02-24.bag;0.834065854549408;0.0;0.9619645476341248;0.0;0.7960547501412467;0.9444047902630928;0.055595209736907236
1731801229.1104434;/app/bags/user95_2017-02-24.bag;0.834065854549408;0.0;0.9619645476341248;0.0;0.7960547501412467;0.9444047902630928;0.055595209736907236
1731801229.3104413;/app/bags/user95_2017-02-24.bag;0.834065854549408;0.0;0.9619645476341248;0.0;0.7960547501412467;0.9444047902630928;0.055595209736907236
1731801229.510514;/app/bags/user95_2017-02-24.bag;0.834065854549408;0.0;0.9619645476341248;0.0;0.7960547501412467;0.9444047902630928;0.055595209736907236
1731801229.7104347;/app/bags/user95_2017-02-24.bag;0.834065854549408;0.0;0.9619645476341248;0.0;0.7960547501412467;0.9444047902630928;0.055595209736907236
1731801229.910377;/app/bags/user95_2017-02-24.bag;0.834065854549408;0.0;0.9619645476341248;0.0;0.7960547501412467;0.9444047902630928;0.055595209736907236
1731801230.1104803;/app/bags/user95_2017-02-24.bag;0.834065854549408;0.0;0.9619645476341248;0.0;0.7960547501412467;0.9444047902630928;0.055595209736907236
1731801230.3104272;/app/bags/user95_2017-02-24.bag;0.834065854549408;0.0;0.9619645476341248;0.0;0.7960547501412467;0.9444047902630928;0.055595209736907236
1731801230.5103884;/app/bags/user95_2017-02-24.bag;0.834065854549408;0.0;0.9619645476341248;0.0;0.7960547501412467;0.9444047902630928;0.055595209736907236
1731801230.7104235;/app/bags/user95_2017-02-24.bag;0.834065854549408;0.0;0.9619645476341248;0.0;0.7960547501412467;0.9444047902630928;0.055595209736907236
1731801230.9104025;/app/bags/user95_2017-02-24.bag;0.834065854549408;0.0;0.9619645476341248;0.0;0.7960547501412467;0.9444047902630928;0.055595209736907236
1731801231.1103919;/app/bags/user95_2017-02-24.bag;0.834065854549408;0.0;0.9619645476341248;0.0;0.7960547501412467;0.9444047902630928;0.055595209736907236
1731801231.3104079;/app/bags/user95_2017-02-24.bag;0.834065854549408;0.0;0.9619645476341248;0.0;0.7960547501412467;0.9444047902630928;0.055595209736907236
1731801231.5104215;/app/bags/user95_2017-02-24.bag;0.834065854549408;0.0;0.9619645476341248;0.0;0.7960547501412467;0.9444047902630928;0.055595209736907236
1731801231.7104204;/app/bags/user95_2017-02-24.bag;0.834065854549408;0.0;0.9619645476341248;0.0;0.7960547501412467;0.9444047902630928;0.055595209736907236
1731801231.9103801;/app/bags/user95_2017-02-24.bag;0.834065854549408;0.0;0.9619645476341248;0.0;0.7960547501412467;0.9444047902630928;0.055595209736907236
1731801232.1103911;/app/bags/user95_2017-02-24.bag;0.834065854549408;0.0;0.9619645476341248;0.0;0.7960547501412467;0.9444047902630928;0.055595209736907236
1731801232.3103554;/app/bags/user95_2017-02-24.bag;0.834065854549408;0.0;0.9619645476341248;0.0;0.7960547501412467;0.9444047902630928;0.055595209736907236
1731801232.510416;/app/bags/user95_2017-02-24.bag;0.834065854549408;0.0;0.9619645476341248;0.0;0.7960547501412467;0.9444047902630928;0.055595209736907236
1731801232.7104652;/app/bags/user95_2017-02-24.bag;0.834065854549408;0.0;0.9619645476341248;0.0;0.7960547501412467;0.9444047902630928;0.055595209736907236
1731801232.9103897;/app/bags/user95_2017-02-24.bag;0.834065854549408;0.0;0.9619645476341248;0.0;0.7960547501412467;0.9444047902630928;0.055595209736907236
1731801233.110361;/app/bags/user95_2017-02-24.bag;0.834065854549408;0.0;0.9619645476341248;0.0;0.7960547501412467;0.9444047902630928;0.055595209736907236
1731801233.3104362;/app/bags/user95_2017-02-24.bag;0.834065854549408;0.0;0.9619645476341248;0.0;0.7960547501412467;0.9444047902630928;0.055595209736907236
1731801233.5104039;/app/bags/user95_2017-02-24.bag;0.834065854549408;0.0;0.9619645476341248;0.0;0.7960547501412467;0.9444047902630928;0.055595209736907236
1731801233.7103937;/app/bags/user95_2017-02-24.bag;0.834065854549408;0.0;0.9619645476341248;0.0;0.7960547501412467;0.9444047902630928;0.055595209736907236
1731801233.9103885;/app/bags/user95_2017-02-24.bag;0.834065854549408;0.0;0.9619645476341248;0.0;0.7960547501412467;0.9444047902630928;0.055595209736907236
1731801234.110366;/app/bags/user95_2017-02-24.bag;0.834065854549408;0.0;0.9619645476341248;0.0;0.7960547501412467;0.9444047902630928;0.055595209736907236
1731801234.3103778;/app/bags/user95_2017-02-24.bag;0.834065854549408;0.0;0.9619645476341248;0.0;0.7960547501412467;0.9444047902630928;0.055595209736907236
1731801234.5103514;/app/bags/user95_2017-02-24.bag;0.834065854549408;0.0;0.9619645476341248;0.0;0.7960547501412467;0.9444047902630928;0.055595209736907236
1731801234.7104504;/app/bags/user95_2017-02-24.bag;0.834065854549408;0.0;0.9619645476341248;0.0;0.7960547501412467;0.9444047902630928;0.055595209736907236
1731801234.9104788;/app/bags/user95_2017-02-24.bag;0.834065854549408;0.0;0.9619645476341248;0.0;0.7960547501412467;0.9444047902630928;0.055595209736907236
1731801235.110421;/app/bags/user95_2017-02-24.bag;0.834065854549408;0.0;0.9619645476341248;0.0;0.7960547501412467;0.9444047902630928;0.055595209736907236
1731801235.310489;/app/bags/user95_2017-02-24.bag;0.834065854549408;0.0;0.9619645476341248;0.0;0.7960547501412467;0.9444047902630928;0.055595209736907236
1731801235.5104377;/app/bags/user95_2017-02-24.bag;0.834065854549408;0.0;0.9619645476341248;0.0;0.7960547501412467;0.9444047902630928;0.055595209736907236
1731801235.710381;/app/bags/user95_2017-02-24.bag;0.834065854549408;0.0;0.9619645476341248;0.0;0.7960547501412467;0.9444047902630928;0.055595209736907236
1731801235.9103909;/app/bags/user95_2017-02-24.bag;0.834065854549408;0.0;0.9619645476341248;0.0;0.7960547501412467;0.9444047902630928;0.055595209736907236
1731801236.1103828;/app/bags/user95_2017-02-24.bag;0.834065854549408;0.0;0.9619645476341248;0.0;0.7960547501412467;0.9444047902630928;0.055595209736907236
1731801236.3104699;/app/bags/user95_2017-02-24.bag;0.834065854549408;0.0;0.9619645476341248;0.0;0.7960547501412467;0.9444047902630928;0.055595209736907236
1731801236.5104578;/app/bags/user95_2017-02-24.bag;0.834065854549408;0.0;0.9619645476341248;0.0;0.7960547501412467;0.9444047902630928;0.055595209736907236
1731801236.7103882;/app/bags/user95_2017-02-24.bag;0.834065854549408;0.0;0.9619645476341248;0.0;0.7960547501412467;0.9444047902630928;0.055595209736907236
1731801236.9104133;/app/bags/user95_2017-02-24.bag;0.834065854549408;0.0;0.9619645476341248;0.0;0.7960547501412467;0.9444047902630928;0.055595209736907236
1731801237.1104515;/app/bags/user95_2017-02-24.bag;0.834065854549408;0.0;0.9619645476341248;0.0;0.7960547501412467;0.9444047902630928;0.055595209736907236
1731801237.3103886;/app/bags/user95_2017-02-24.bag;0.834065854549408;0.0;0.9619645476341248;0.0;0.7960547501412467;0.9444047902630928;0.055595209736907236
1731801237.5105405;/app/bags/user95_2017-02-24.bag;0.834065854549408;0.0;0.9619645476341248;0.0;0.7960547501412467;0.9444047902630928;0.055595209736907236
1731801237.7104406;/app/bags/user95_2017-02-24.bag;0.834065854549408;0.0;0.9619645476341248;0.0;0.7960547501412467;0.9444047902630928;0.055595209736907236
1731801237.9104729;/app/bags/user95_2017-02-24.bag;0.834065854549408;0.0;0.9619645476341248;0.0;0.7960547501412467;0.9444047902630928;0.055595209736907236
1731801238.110434;/app/bags/user95_2017-02-24.bag;0.834065854549408;0.0;0.9619645476341248;0.0;0.7960547501412467;0.9444047902630928;0.055595209736907236
1731801238.3105412;/app/bags/user95_2017-02-24.bag;0.834065854549408;0.0;0.9619645476341248;0.0;0.7960547501412467;0.9444047902630928;0.055595209736907236
1731801238.5104082;/app/bags/user95_2017-02-24.bag;0.834065854549408;0.0;0.9619645476341248;0.0;0.7960547501412467;0.9444047902630928;0.055595209736907236
1731801238.7103863;/app/bags/user95_2017-02-24.bag;0.834065854549408;0.0;0.9619645476341248;0.0;0.7960547501412467;0.9444047902630928;0.055595209736907236
1731801238.9104717;/app/bags/user95_2017-02-24.bag;0.834065854549408;0.0;0.9619645476341248;0.0;0.7960547501412467;0.9444047902630928;0.055595209736907236
1731801239.1104162;/app/bags/user95_2017-02-24.bag;0.834065854549408;0.0;0.9619645476341248;0.0;0.7960547501412467;0.9444047902630928;0.055595209736907236
1731801239.3103757;/app/bags/user95_2017-02-24.bag;0.834065854549408;0.0;0.9619645476341248;0.0;0.7960547501412467;0.9444047902630928;0.055595209736907236
1731801239.5104306;/app/bags/user95_2017-02-24.bag;0.834065854549408;0.0;0.9619645476341248;0.0;0.7960547501412467;0.9444047902630928;0.055595209736907236
1731801239.7103934;/app/bags/user95_2017-02-24.bag;0.834065854549408;0.0;0.9619645476341248;0.0;0.7960547501412467;0.9444047902630928;0.055595209736907236
1731801239.9104319;/app/bags/user95_2017-02-24.bag;0.834065854549408;0.0;0.9619645476341248;0.0;0.7960547501412467;0.9444047902630928;0.055595209736907236
1731801240.1103756;/app/bags/user95_2017-02-24.bag;0.834065854549408;0.0;0.9619645476341248;0.0;0.7960547501412467;0.9444047902630928;0.055595209736907236
1731801240.3104966;/app/bags/user95_2017-02-24.bag;0.834065854549408;0.0;0.9619645476341248;0.0;0.7960547501412467;0.9444047902630928;0.055595209736907236
1731801240.5104296;/app/bags/user95_2017-02-24.bag;0.834065854549408;0.0;0.9619645476341248;0.0;0.7960547501412467;0.9444047902630928;0.055595209736907236
1731801240.7104018;/app/bags/user95_2017-02-24.bag;0.834065854549408;0.0;0.9619645476341248;0.0;0.7960547501412467;0.9444047902630928;0.055595209736907236
1731801240.910441;/app/bags/user95_2017-02-24.bag;0.834065854549408;0.0;0.9619645476341248;0.0;0.7960547501412467;0.9444047902630928;0.055595209736907236
1731801241.1104481;/app/bags/user95_2017-02-24.bag;0.834065854549408;0.0;0.9619645476341248;0.0;0.7960547501412467;0.9444047902630928;0.055595209736907236
1731801241.3103802;/app/bags/user95_2017-02-24.bag;0.834065854549408;0.0;0.9619645476341248;0.0;0.7960547501412467;0.9444047902630928;0.055595209736907236
1731801241.5104232;/app/bags/user95_2017-02-24.bag;0.834065854549408;0.0;0.9619645476341248;0.0;0.7960547501412467;0.9444047902630928;0.055595209736907236
1731801241.7104464;/app/bags/user95_2017-02-24.bag;0.834065854549408;0.0;0.9619645476341248;0.0;0.7960547501412467;0.9444047902630928;0.055595209736907236
1731801241.9106336;/app/bags/user95_2017-02-24.bag;0.834065854549408;0.0;0.9619645476341248;0.0;0.7960547501412467;0.9444047902630928;0.055595209736907236
1731801242.1104178;/app/bags/user95_2017-02-24.bag;0.834065854549408;0.0;0.9619645476341248;0.0;0.7960547501412467;0.9444047902630928;0.055595209736907236
1731801242.3104107;/app/bags/user95_2017-02-24.bag;0.834065854549408;0.0;0.9619645476341248;0.0;0.7960547501412467;0.9444047902630928;0.055595209736907236
1731801242.5104022;/app/bags/user95_2017-02-24.bag;0.834065854549408;0.0;0.9619645476341248;0.0;0.7960547501412467;0.9444047902630928;0.055595209736907236
1731801242.710471;/app/bags/user95_2017-02-24.bag;0.834065854549408;0.0;0.9619645476341248;0.0;0.7960547501412467;0.9444047902630928;0.055595209736907236
1731801242.9103682;/app/bags/user95_2017-02-24.bag;0.834065854549408;0.0;0.9619645476341248;0.0;0.7960547501412467;0.9444047902630928;0.055595209736907236
1731801243.1103518;/app/bags/user95_2017-02-24.bag;0.834065854549408;0.0;0.9619645476341248;0.0;0.7960547501412467;0.9444047902630928;0.055595209736907236
1731801243.3104682;/app/bags/user95_2017-02-24.bag;0.834065854549408;0.0;0.9619645476341248;0.0;0.7960547501412467;0.9444047902630928;0.055595209736907236
1731801243.5104473;/app/bags/user95_2017-02-24.bag;0.834065854549408;0.0;0.9619645476341248;0.0;0.7960547501412467;0.9444047902630928;0.055595209736907236
1731801243.7104511;/app/bags/user95_2017-02-24.bag;0.834065854549408;0.0;0.9619645476341248;0.0;0.7960547501412467;0.9444047902630928;0.055595209736907236
1731801243.9103816;/app/bags/user95_2017-02-24.bag;0.834065854549408;0.0;0.9619645476341248;0.0;0.7960547501412467;0.9444047902630928;0.055595209736907236
1731801244.1104074;/app/bags/user95_2017-02-24.bag;0.834065854549408;0.0;0.9619645476341248;0.0;0.7960547501412467;0.9444047902630928;0.055595209736907236
1731801244.3103907;/app/bags/user95_2017-02-24.bag;0.834065854549408;0.0;0.9619645476341248;0.0;0.7960547501412467;0.9444047902630928;0.055595209736907236
1731801244.5103977;/app/bags/user95_2017-02-24.bag;0.834065854549408;0.0;0.9619645476341248;0.0;0.7960547501412467;0.9444047902630928;0.055595209736907236
1731801244.7103841;/app/bags/user95_2017-02-24.bag;0.834065854549408;0.0;0.9619645476341248;0.0;0.7960547501412467;0.9444047902630928;0.055595209736907236
1731801244.9104824;/app/bags/user95_2017-02-24.bag;0.834065854549408;0.0;0.9619645476341248;0.0;0.7960547501412467;0.9444047902630928;0.055595209736907236
1731801245.1103895;/app/bags/user95_2017-02-24.bag;0.834065854549408;0.0;0.9619645476341248;0.0;0.7960547501412467;0.9444047902630928;0.055595209736907236
1731801245.310411;/app/bags/user95_2017-02-24.bag;0.834065854549408;0.0;0.9619645476341248;0.0;0.7960547501412467;0.9444047902630928;0.055595209736907236
1731801245.51041;/app/bags/user95_2017-02-24.bag;0.834065854549408;0.0;0.9619645476341248;0.0;0.7960547501412467;0.9444047902630928;0.055595209736907236
1731801245.7103975;/app/bags/user95_2017-02-24.bag;0.834065854549408;0.0;0.9619645476341248;0.0;0.7960547501412467;0.9444047902630928;0.055595209736907236
1731801245.9104245;/app/bags/user95_2017-02-24.bag;0.834065854549408;0.0;0.9619645476341248;0.0;0.7960547501412467;0.9444047902630928;0.055595209736907236
1731801246.1103618;/app/bags/user95_2017-02-24.bag;0.834065854549408;0.0;0.9619645476341248;0.0;0.7960547501412467;0.9444047902630928;0.055595209736907236
1731801246.3103755;/app/bags/user95_2017-02-24.bag;0.834065854549408;0.0;0.9619645476341248;0.0;0.7960547501412467;0.9444047902630928;0.055595209736907236
1731801246.5104349;/app/bags/user95_2017-02-24.bag;0.834065854549408;0.0;0.9619645476341248;0.0;0.7960547501412467;0.9444047902630928;0.055595209736907236
1731801246.7103784;/app/bags/user95_2017-02-24.bag;0.834065854549408;0.0;0.9619645476341248;0.0;0.7960547501412467;0.9444047902630928;0.055595209736907236
1731801246.9103825;/app/bags/user95_2017-02-24.bag;0.834065854549408;0.0;0.9619645476341248;0.0;0.7960547501412467;0.9444047902630928;0.055595209736907236
1731801247.110391;/app/bags/user95_2017-02-24.bag;0.834065854549408;0.0;0.9619645476341248;0.0;0.7960547501412467;0.9444047902630928;0.055595209736907236
1731801247.3103867;/app/bags/user95_2017-02-24.bag;0.834065854549408;0.0;0.9619645476341248;0.0;0.7960547501412467;0.9444047902630928;0.055595209736907236
1731801247.5104356;/app/bags/user95_2017-02-24.bag;0.834065854549408;0.0;0.9619645476341248;0.0;0.7960547501412467;0.9444047902630928;0.055595209736907236
1731801247.7104611;/app/bags/user95_2017-02-24.bag;0.834065854549408;0.0;0.9619645476341248;0.0;0.7960547501412467;0.9444047902630928;0.055595209736907236
1731801247.910389;/app/bags/user95_2017-02-24.bag;0.834065854549408;0.0;0.9619645476341248;0.0;0.7960547501412467;0.9444047902630928;0.055595209736907236
1731801248.1104507;/app/bags/user95_2017-02-24.bag;0.834065854549408;0.0;0.9619645476341248;0.0;0.7960547501412467;0.9444047902630928;0.055595209736907236
1731801248.310431;/app/bags/user95_2017-02-24.bag;0.834065854549408;0.0;0.9619645476341248;0.0;0.7960547501412467;0.9444047902630928;0.055595209736907236
1731801248.5105696;/app/bags/user95_2017-02-24.bag;0.834065854549408;0.0;0.9619645476341248;0.0;0.7960547501412467;0.9444047902630928;0.055595209736907236
1731801248.7103946;/app/bags/user95_2017-02-24.bag;0.834065854549408;0.0;0.9619645476341248;0.0;0.7960547501412467;0.9444047902630928;0.055595209736907236
1731801248.9103818;/app/bags/user95_2017-02-24.bag;0.834065854549408;0.0;0.9619645476341248;0.0;0.7960547501412467;0.9444047902630928;0.055595209736907236
1731801249.110397;/app/bags/user95_2017-02-24.bag;0.834065854549408;0.0;0.9619645476341248;0.0;0.7960547501412467;0.9444047902630928;0.055595209736907236
1731801249.3103962;/app/bags/user95_2017-02-24.bag;0.834065854549408;0.0;0.9619645476341248;0.0;0.7960547501412467;0.9444047902630928;0.055595209736907236
1731801249.510391;/app/bags/user95_2017-02-24.bag;0.834065854549408;0.0;0.9619645476341248;0.0;0.7960547501412467;0.9444047902630928;0.055595209736907236
1731801249.7103832;/app/bags/user95_2017-02-24.bag;0.834065854549408;0.0;0.9619645476341248;0.0;0.7960547501412467;0.9444047902630928;0.055595209736907236
1731801249.9104207;/app/bags/user95_2017-02-24.bag;0.834065854549408;0.0;0.9619645476341248;0.0;0.7960547501412467;0.9444047902630928;0.055595209736907236
1731801250.1103895;/app/bags/user95_2017-02-24.bag;0.834065854549408;0.0;0.9619645476341248;0.0;0.7960547501412467;0.9444047902630928;0.055595209736907236
1731801250.3104641;/app/bags/user95_2017-02-24.bag;0.834065854549408;0.0;0.9619645476341248;0.0;0.7960547501412467;0.9444047902630928;0.055595209736907236
1731801250.5104778;/app/bags/user95_2017-02-24.bag;0.834065854549408;0.0;0.9619645476341248;0.0;0.7960547501412467;0.9444047902630928;0.055595209736907236
1731801250.7104297;/app/bags/user95_2017-02-24.bag;0.834065854549408;0.0;0.9619645476341248;0.0;0.7960547501412467;0.9444047902630928;0.055595209736907236
1731801250.9103916;/app/bags/user95_2017-02-24.bag;0.834065854549408;0.0;0.9619645476341248;0.0;0.7960547501412467;0.9444047902630928;0.055595209736907236
1731801251.110375;/app/bags/user95_2017-02-24.bag;0.834065854549408;0.0;0.9619645476341248;0.0;0.7960547501412467;0.9444047902630928;0.055595209736907236
1731801251.3104537;/app/bags/user95_2017-02-24.bag;0.834065854549408;0.0;0.9619645476341248;0.0;0.7960547501412467;0.9444047902630928;0.055595209736907236
1731801251.5103822;/app/bags/user95_2017-02-24.bag;0.834065854549408;0.0;0.9619645476341248;0.0;0.7960547501412467;0.9444047902630928;0.055595209736907236
1731801251.7103636;/app/bags/user95_2017-02-24.bag;0.834065854549408;0.0;0.9619645476341248;0.0;0.7960547501412467;0.9444047902630928;0.055595209736907236
1731801251.9103868;/app/bags/user95_2017-02-24.bag;0.834065854549408;0.0;0.9619645476341248;0.0;0.7960547501412467;0.9444047902630928;0.055595209736907236
1731801252.1104503;/app/bags/user95_2017-02-24.bag;0.834065854549408;0.0;0.9619645476341248;0.0;0.7960547501412467;0.9444047902630928;0.055595209736907236
1731801252.3104525;/app/bags/user95_2017-02-24.bag;0.834065854549408;0.0;0.9619645476341248;0.0;0.7960547501412467;0.9444047902630928;0.055595209736907236
1731801252.510387;/app/bags/user95_2017-02-24.bag;0.834065854549408;0.0;0.9619645476341248;0.0;0.7960547501412467;0.9444047902630928;0.055595209736907236
1731801252.710436;/app/bags/user95_2017-02-24.bag;0.834065854549408;0.0;0.9619645476341248;0.0;0.7960547501412467;0.9444047902630928;0.055595209736907236
1731801252.9103837;/app/bags/user95_2017-02-24.bag;0.834065854549408;0.0;0.9619645476341248;0.0;0.7960547501412467;0.9444047902630928;0.055595209736907236
1731801253.1104481;/app/bags/user95_2017-02-24.bag;0.834065854549408;0.0;0.9619645476341248;0.0;0.7960547501412467;0.9444047902630928;0.055595209736907236
1731801253.3103986;/app/bags/user95_2017-02-24.bag;0.834065854549408;0.0;0.9619645476341248;0.0;0.7960547501412467;0.9444047902630928;0.055595209736907236
1731801253.5103912;/app/bags/user95_2017-02-24.bag;0.834065854549408;0.0;0.9619645476341248;0.0;0.7960547501412467;0.9444047902630928;0.055595209736907236
1731801253.7103717;/app/bags/user95_2017-02-24.bag;0.834065854549408;0.0;0.9619645476341248;0.0;0.7960547501412467;0.9444047902630928;0.055595209736907236
1731801253.910421;/app/bags/user95_2017-02-24.bag;0.834065854549408;0.0;0.9619645476341248;0.0;0.7960547501412467;0.9444047902630928;0.055595209736907236
1731801254.1105134;/app/bags/user95_2017-02-24.bag;0.834065854549408;0.0;0.9619645476341248;0.0;0.7960547501412467;0.9444047902630928;0.055595209736907236
1731801254.310403;/app/bags/user95_2017-02-24.bag;0.834065854549408;0.0;0.9619645476341248;0.0;0.7960547501412467;0.9444047902630928;0.055595209736907236
1731801254.510488;/app/bags/user95_2017-02-24.bag;0.834065854549408;0.0;0.9619645476341248;0.0;0.7960547501412467;0.9444047902630928;0.055595209736907236
1731801254.7104073;/app/bags/user95_2017-02-24.bag;0.834065854549408;0.0;0.9619645476341248;0.0;0.7960547501412467;0.9444047902630928;0.055595209736907236
1731801254.9103782;/app/bags/user95_2017-02-24.bag;0.834065854549408;0.0;0.9619645476341248;0.0;0.7960547501412467;0.9444047902630928;0.055595209736907236
1731801255.110478;/app/bags/user95_2017-02-24.bag;0.834065854549408;0.0;0.9619645476341248;0.0;0.7960547501412467;0.9444047902630928;0.055595209736907236
1731801255.3104339;/app/bags/user95_2017-02-24.bag;0.834065854549408;0.0;0.9619645476341248;0.0;0.7960547501412467;0.9444047902630928;0.055595209736907236
1731801255.5104;/app/bags/user95_2017-02-24.bag;0.834065854549408;0.0;0.9619645476341248;0.0;0.7960547501412467;0.9444047902630928;0.055595209736907236
1731801255.7104027;/app/bags/user95_2017-02-24.bag;0.834065854549408;0.0;0.9619645476341248;0.0;0.7960547501412467;0.9444047902630928;0.055595209736907236
1731801255.910367;/app/bags/user95_2017-02-24.bag;0.834065854549408;0.0;0.9619645476341248;0.0;0.7960547501412467;0.9444047902630928;0.055595209736907236
1731801256.1104152;/app/bags/user95_2017-02-24.bag;0.834065854549408;0.0;0.9619645476341248;0.0;0.7960547501412467;0.9444047902630928;0.055595209736907236
1731801256.3103755;/app/bags/user95_2017-02-24.bag;0.834065854549408;0.0;0.9619645476341248;0.0;0.7960547501412467;0.9444047902630928;0.055595209736907236
1731801256.5103874;/app/bags/user95_2017-02-24.bag;0.834065854549408;0.0;0.9619645476341248;0.0;0.7960547501412467;0.9444047902630928;0.055595209736907236
1731801256.7103944;/app/bags/user95_2017-02-24.bag;0.834065854549408;0.0;0.9619645476341248;0.0;0.7960547501412467;0.9444047902630928;0.055595209736907236
1731801256.913114;/app/bags/user95_2017-02-24.bag;0.834065854549408;0.0;0.9619645476341248;0.0;0.7960547501412467;0.9444047902630928;0.055595209736907236
1731801257.1103737;/app/bags/user95_2017-02-24.bag;0.834065854549408;0.0;0.9619645476341248;0.0;0.7960547501412467;0.9444047902630928;0.055595209736907236
1731801257.310385;/app/bags/user95_2017-02-24.bag;0.834065854549408;0.0;0.9619645476341248;0.0;0.7960547501412467;0.9444047902630928;0.055595209736907236
1731801257.510397;/app/bags/user95_2017-02-24.bag;0.834065854549408;0.0;0.9619645476341248;0.0;0.7960547501412467;0.9444047902630928;0.055595209736907236
1731801257.7104545;/app/bags/user95_2017-02-24.bag;0.834065854549408;0.0;0.9619645476341248;0.0;0.7960547501412467;0.9444047902630928;0.055595209736907236
1731801257.910565;/app/bags/user95_2017-02-24.bag;0.834065854549408;0.0;0.9619645476341248;0.0;0.7960547501412467;0.9444047902630928;0.055595209736907236
1731801258.1104038;/app/bags/user95_2017-02-24.bag;0.834065854549408;0.0;0.9619645476341248;0.0;0.7960547501412467;0.9444047902630928;0.055595209736907236
1731801258.310337;/app/bags/user95_2017-02-24.bag;0.834065854549408;0.0;0.9619645476341248;0.0;0.7960547501412467;0.9444047902630928;0.055595209736907236
1731801258.5103767;/app/bags/user95_2017-02-24.bag;0.834065854549408;0.0;0.9619645476341248;0.0;0.7960547501412467;0.9444047902630928;0.055595209736907236
1731801258.710384;/app/bags/user95_2017-02-24.bag;0.834065854549408;0.0;0.9619645476341248;0.0;0.7960547501412467;0.9444047902630928;0.055595209736907236
1731801258.9103787;/app/bags/user95_2017-02-24.bag;0.834065854549408;0.0;0.9619645476341248;0.0;0.7960547501412467;0.9444047902630928;0.055595209736907236
1731801259.110403;/app/bags/user95_2017-02-24.bag;0.834065854549408;0.0;0.9619645476341248;0.0;0.7960547501412467;0.9444047902630928;0.055595209736907236
1731801259.3104336;/app/bags/user95_2017-02-24.bag;0.834065854549408;0.0;0.9619645476341248;0.0;0.7960547501412467;0.9444047902630928;0.055595209736907236
1731801259.510431;/app/bags/user95_2017-02-24.bag;0.834065854549408;0.0;0.9619645476341248;0.0;0.7960547501412467;0.9444047902630928;0.055595209736907236
1731801259.7103715;/app/bags/user95_2017-02-24.bag;0.834065854549408;0.0;0.9619645476341248;0.0;0.7960547501412467;0.9444047902630928;0.055595209736907236
1731801259.9103851;/app/bags/user95_2017-02-24.bag;0.834065854549408;0.0;0.9619645476341248;0.0;0.7960547501412467;0.9444047902630928;0.055595209736907236
1731801260.1104054;/app/bags/user95_2017-02-24.bag;0.834065854549408;0.0;0.9619645476341248;0.0;0.7960547501412467;0.9444047902630928;0.055595209736907236
1731801260.3104303;/app/bags/user95_2017-02-24.bag;0.834065854549408;0.0;0.9619645476341248;0.0;0.7960547501412467;0.9444047902630928;0.055595209736907236
1731801260.5104246;/app/bags/user95_2017-02-24.bag;0.834065854549408;0.0;0.9619645476341248;0.0;0.7960547501412467;0.9444047902630928;0.055595209736907236
1731801260.710392;/app/bags/user95_2017-02-24.bag;0.834065854549408;0.0;0.9619645476341248;0.0;0.7960547501412467;0.9444047902630928;0.055595209736907236
1731801260.9104989;/app/bags/user95_2017-02-24.bag;0.834065854549408;0.0;0.9619645476341248;0.0;0.7960547501412467;0.9444047902630928;0.055595209736907236
1731801261.110412;/app/bags/user95_2017-02-24.bag;0.834065854549408;0.0;0.9619645476341248;0.0;0.7960547501412467;0.9444047902630928;0.055595209736907236
1731801261.310408;/app/bags/user95_2017-02-24.bag;0.834065854549408;0.0;0.9619645476341248;0.0;0.7960547501412467;0.9444047902630928;0.055595209736907236
1731801261.5103564;/app/bags/user95_2017-02-24.bag;0.834065854549408;0.0;0.9619645476341248;0.0;0.7960547501412467;0.9444047902630928;0.055595209736907236
1731801261.7104526;/app/bags/user95_2017-02-24.bag;0.834065854549408;0.0;0.9619645476341248;0.0;0.7960547501412467;0.9444047902630928;0.055595209736907236
1731801261.910386;/app/bags/user95_2017-02-24.bag;0.834065854549408;0.0;0.9619645476341248;0.0;0.7960547501412467;0.9444047902630928;0.055595209736907236
1731801262.1105223;/app/bags/user95_2017-02-24.bag;0.834065854549408;0.0;0.9619645476341248;0.0;0.7960547501412467;0.9444047902630928;0.055595209736907236
1731801262.3104486;/app/bags/user95_2017-02-24.bag;0.834065854549408;0.0;0.9619645476341248;0.0;0.7960547501412467;0.9444047902630928;0.055595209736907236
1731801262.5103676;/app/bags/user95_2017-02-24.bag;0.834065854549408;0.0;0.9619645476341248;0.0;0.7960547501412467;0.9444047902630928;0.055595209736907236
1731801262.7103841;/app/bags/user95_2017-02-24.bag;0.834065854549408;0.0;0.9619645476341248;0.0;0.7960547501412467;0.9444047902630928;0.055595209736907236
1731801262.9104288;/app/bags/user95_2017-02-24.bag;0.834065854549408;0.0;0.9619645476341248;0.0;0.7960547501412467;0.9444047902630928;0.055595209736907236
1731801263.1103578;/app/bags/user95_2017-02-24.bag;0.834065854549408;0.0;0.9619645476341248;0.0;0.7960547501412467;0.9444047902630928;0.055595209736907236
1731801263.310397;/app/bags/user95_2017-02-24.bag;0.834065854549408;0.0;0.9619645476341248;0.0;0.7960547501412467;0.9444047902630928;0.055595209736907236
1731801263.5104094;/app/bags/user95_2017-02-24.bag;0.834065854549408;0.0;0.9619645476341248;0.0;0.7960547501412467;0.9444047902630928;0.055595209736907236
1731801263.7103598;/app/bags/user95_2017-02-24.bag;0.834065854549408;0.0;0.9619645476341248;0.0;0.7960547501412467;0.9444047902630928;0.055595209736907236
1731801263.9103825;/app/bags/user95_2017-02-24.bag;0.834065854549408;0.0;0.9619645476341248;0.0;0.7960547501412467;0.9444047902630928;0.055595209736907236
1731801264.110381;/app/bags/user95_2017-02-24.bag;0.834065854549408;0.0;0.9619645476341248;0.0;0.7960547501412467;0.9444047902630928;0.055595209736907236
1731801264.310449;/app/bags/user95_2017-02-24.bag;0.834065854549408;0.0;0.9619645476341248;0.0;0.7960547501412467;0.9444047902630928;0.055595209736907236
1731801264.510438;/app/bags/user95_2017-02-24.bag;0.834065854549408;0.0;0.9619645476341248;0.0;0.7960547501412467;0.9444047902630928;0.055595209736907236
1731801264.7103772;/app/bags/user95_2017-02-24.bag;0.834065854549408;0.0;0.9619645476341248;0.0;0.7960547501412467;0.9444047902630928;0.055595209736907236
1731801264.9104307;/app/bags/user95_2017-02-24.bag;0.834065854549408;0.0;0.9619645476341248;0.0;0.7960547501412467;0.9444047902630928;0.055595209736907236
1731801265.1104128;/app/bags/user95_2017-02-24.bag;0.834065854549408;0.0;0.9619645476341248;0.0;0.7960547501412467;0.9444047902630928;0.055595209736907236
1731801265.3104382;/app/bags/user95_2017-02-24.bag;0.834065854549408;0.0;0.9619645476341248;0.0;0.7960547501412467;0.9444047902630928;0.055595209736907236
1731801265.5104053;/app/bags/user95_2017-02-24.bag;0.834065854549408;0.0;0.9619645476341248;0.0;0.7960547501412467;0.9444047902630928;0.055595209736907236
1731801265.71038;/app/bags/user95_2017-02-24.bag;0.834065854549408;0.0;0.9619645476341248;0.0;0.7960547501412467;0.9444047902630928;0.055595209736907236
1731801265.9103775;/app/bags/user95_2017-02-24.bag;0.834065854549408;0.0;0.9619645476341248;0.0;0.7960547501412467;0.9444047902630928;0.055595209736907236
1731801266.11039;/app/bags/user95_2017-02-24.bag;0.834065854549408;0.0;0.9619645476341248;0.0;0.7960547501412467;0.9444047902630928;0.055595209736907236
1731801266.3104353;/app/bags/user95_2017-02-24.bag;0.834065854549408;0.0;0.9619645476341248;0.0;0.7960547501412467;0.9444047902630928;0.055595209736907236
1731801266.510386;/app/bags/user95_2017-02-24.bag;0.834065854549408;0.0;0.9619645476341248;0.0;0.7960547501412467;0.9444047902630928;0.055595209736907236
1731801266.71038;/app/bags/user95_2017-02-24.bag;0.834065854549408;0.0;0.9619645476341248;0.0;0.7960547501412467;0.9444047902630928;0.055595209736907236
1731801266.9105213;/app/bags/user95_2017-02-24.bag;0.834065854549408;0.0;0.9619645476341248;0.0;0.7960547501412467;0.9444047902630928;0.055595209736907236
1731801267.1104517;/app/bags/user95_2017-02-24.bag;0.834065854549408;0.0;0.9619645476341248;0.0;0.7960547501412467;0.9444047902630928;0.055595209736907236
1731801267.3103902;/app/bags/user95_2017-02-24.bag;0.834065854549408;0.0;0.9619645476341248;0.0;0.7960547501412467;0.9444047902630928;0.055595209736907236
1731801267.5103824;/app/bags/user95_2017-02-24.bag;0.834065854549408;0.0;0.9619645476341248;0.0;0.7960547501412467;0.9444047902630928;0.055595209736907236
1731801267.7103848;/app/bags/user95_2017-02-24.bag;0.834065854549408;0.0;0.9619645476341248;0.0;0.7960547501412467;0.9444047902630928;0.055595209736907236
1731801267.9103696;/app/bags/user95_2017-02-24.bag;0.834065854549408;0.0;0.9619645476341248;0.0;0.7960547501412467;0.9444047902630928;0.055595209736907236
1731801268.1104488;/app/bags/user95_2017-02-24.bag;0.834065854549408;0.0;0.9619645476341248;0.0;0.7960547501412467;0.9444047902630928;0.055595209736907236
1731801268.3104033;/app/bags/user95_2017-02-24.bag;0.834065854549408;0.0;0.9619645476341248;0.0;0.7960547501412467;0.9444047902630928;0.055595209736907236
1731801268.5103912;/app/bags/user95_2017-02-24.bag;0.834065854549408;0.0;0.9619645476341248;0.0;0.7960547501412467;0.9444047902630928;0.055595209736907236
1731801268.7103803;/app/bags/user95_2017-02-24.bag;0.834065854549408;0.0;0.9619645476341248;0.0;0.7960547501412467;0.9444047902630928;0.055595209736907236
1731801268.9104314;/app/bags/user95_2017-02-24.bag;0.834065854549408;0.0;0.9619645476341248;0.0;0.7960547501412467;0.9444047902630928;0.055595209736907236
1731801269.1104274;/app/bags/user95_2017-02-24.bag;0.834065854549408;0.0;0.9619645476341248;0.0;0.7960547501412467;0.9444047902630928;0.055595209736907236
1731801269.3104317;/app/bags/user95_2017-02-24.bag;0.834065854549408;0.0;0.9619645476341248;0.0;0.7960547501412467;0.9444047902630928;0.055595209736907236
1731801269.5104017;/app/bags/user95_2017-02-24.bag;0.834065854549408;0.0;0.9619645476341248;0.0;0.7960547501412467;0.9444047902630928;0.055595209736907236
1731801269.7104642;/app/bags/user95_2017-02-24.bag;0.834065854549408;0.0;0.9619645476341248;0.0;0.7960547501412467;0.9444047902630928;0.055595209736907236
1731801269.9104185;/app/bags/user95_2017-02-24.bag;0.834065854549408;0.0;0.9619645476341248;0.0;0.7960547501412467;0.9444047902630928;0.055595209736907236
1731801270.1104403;/app/bags/user95_2017-02-24.bag;0.834065854549408;0.0;0.9619645476341248;0.0;0.7960547501412467;0.9444047902630928;0.055595209736907236
1731801270.3104036;/app/bags/user95_2017-02-24.bag;0.834065854549408;0.0;0.9619645476341248;0.0;0.7960547501412467;0.9444047902630928;0.055595209736907236
1731801270.5105772;/app/bags/user95_2017-02-24.bag;0.834065854549408;0.0;0.9619645476341248;0.0;0.7960547501412467;0.9444047902630928;0.055595209736907236
1731801270.7103987;/app/bags/user95_2017-02-24.bag;0.834065854549408;0.0;0.9619645476341248;0.0;0.7960547501412467;0.9444047902630928;0.055595209736907236
1731801270.91041;/app/bags/user95_2017-02-24.bag;0.834065854549408;0.0;0.9619645476341248;0.0;0.7960547501412467;0.9444047902630928;0.055595209736907236
1731801271.110407;/app/bags/user95_2017-02-24.bag;0.834065854549408;0.0;0.9619645476341248;0.0;0.7960547501412467;0.9444047902630928;0.055595209736907236
1731801271.310448;/app/bags/user95_2017-02-24.bag;0.834065854549408;0.0;0.9619645476341248;0.0;0.7960547501412467;0.9444047902630928;0.055595209736907236
1731801271.5104296;/app/bags/user95_2017-02-24.bag;0.834065854549408;0.0;0.9619645476341248;0.0;0.7960547501412467;0.9444047902630928;0.055595209736907236
1731801271.7104342;/app/bags/user95_2017-02-24.bag;0.834065854549408;0.0;0.9619645476341248;0.0;0.7960547501412467;0.9444047902630928;0.055595209736907236
1731801271.9104304;/app/bags/user95_2017-02-24.bag;0.834065854549408;0.0;0.9619645476341248;0.0;0.7960547501412467;0.9444047902630928;0.055595209736907236
1731801272.1103766;/app/bags/user95_2017-02-24.bag;0.834065854549408;0.0;0.9619645476341248;0.0;0.7960547501412467;0.9444047902630928;0.055595209736907236
1731801272.3103993;/app/bags/user95_2017-02-24.bag;0.834065854549408;0.0;0.9619645476341248;0.0;0.7960547501412467;0.9444047902630928;0.055595209736907236
1731801272.510377;/app/bags/user95_2017-02-24.bag;0.834065854549408;0.0;0.9619645476341248;0.0;0.7960547501412467;0.9444047902630928;0.055595209736907236
1731801272.710469;/app/bags/user95_2017-02-24.bag;0.834065854549408;0.0;0.9619645476341248;0.0;0.7960547501412467;0.9444047902630928;0.055595209736907236
1731801272.9103837;/app/bags/user95_2017-02-24.bag;0.834065854549408;0.0;0.9619645476341248;0.0;0.7960547501412467;0.9444047902630928;0.055595209736907236
1731801273.1103988;/app/bags/user95_2017-02-24.bag;0.834065854549408;0.0;0.9619645476341248;0.0;0.7960547501412467;0.9444047902630928;0.055595209736907236
1731801273.3104062;/app/bags/user95_2017-02-24.bag;0.834065854549408;0.0;0.9619645476341248;0.0;0.7960547501412467;0.9444047902630928;0.055595209736907236
1731801273.510386;/app/bags/user95_2017-02-24.bag;0.834065854549408;0.0;0.9619645476341248;0.0;0.7960547501412467;0.9444047902630928;0.055595209736907236
1731801273.7104049;/app/bags/user95_2017-02-24.bag;0.834065854549408;0.0;0.9619645476341248;0.0;0.7960547501412467;0.9444047902630928;0.055595209736907236
1731801273.9103897;/app/bags/user95_2017-02-24.bag;0.834065854549408;0.0;0.9619645476341248;0.0;0.7960547501412467;0.9444047902630928;0.055595209736907236
1731801274.1104918;/app/bags/user95_2017-02-24.bag;0.834065854549408;0.0;0.9619645476341248;0.0;0.7960547501412467;0.9444047902630928;0.055595209736907236
1731801274.3104146;/app/bags/user95_2017-02-24.bag;0.834065854549408;0.0;0.9619645476341248;0.0;0.7960547501412467;0.9444047902630928;0.055595209736907236
1731801274.5103905;/app/bags/user95_2017-02-24.bag;0.834065854549408;0.0;0.9619645476341248;0.0;0.7960547501412467;0.9444047902630928;0.055595209736907236
1731801274.7104473;/app/bags/user95_2017-02-24.bag;0.834065854549408;0.0;0.9619645476341248;0.0;0.7960547501412467;0.9444047902630928;0.055595209736907236
1731801274.9103904;/app/bags/user95_2017-02-24.bag;0.834065854549408;0.0;0.9619645476341248;0.0;0.7960547501412467;0.9444047902630928;0.055595209736907236
1731801275.1104004;/app/bags/user95_2017-02-24.bag;0.834065854549408;0.0;0.9619645476341248;0.0;0.7960547501412467;0.9444047902630928;0.055595209736907236
1731801275.310453;/app/bags/user95_2017-02-24.bag;0.834065854549408;0.0;0.9619645476341248;0.0;0.7960547501412467;0.9444047902630928;0.055595209736907236
1731801275.510396;/app/bags/user95_2017-02-24.bag;0.834065854549408;0.0;0.9619645476341248;0.0;0.7960547501412467;0.9444047902630928;0.055595209736907236
1731801275.710428;/app/bags/user95_2017-02-24.bag;0.834065854549408;0.0;0.9619645476341248;0.0;0.7960547501412467;0.9444047902630928;0.055595209736907236
1731801275.910428;/app/bags/user95_2017-02-24.bag;0.834065854549408;0.0;0.9619645476341248;0.0;0.7960547501412467;0.9444047902630928;0.055595209736907236
1731801276.110382;/app/bags/user95_2017-02-24.bag;0.834065854549408;0.0;0.9619645476341248;0.0;0.7960547501412467;0.9444047902630928;0.055595209736907236
1731801276.3103912;/app/bags/user95_2017-02-24.bag;0.834065854549408;0.0;0.9619645476341248;0.0;0.7960547501412467;0.9444047902630928;0.055595209736907236
1731801276.5103834;/app/bags/user95_2017-02-24.bag;0.834065854549408;0.0;0.9619645476341248;0.0;0.7960547501412467;0.9444047902630928;0.055595209736907236
1731801276.710378;/app/bags/user95_2017-02-24.bag;0.834065854549408;0.0;0.9619645476341248;0.0;0.7960547501412467;0.9444047902630928;0.055595209736907236
1731801276.9104128;/app/bags/user95_2017-02-24.bag;0.834065854549408;0.0;0.9619645476341248;0.0;0.7960547501412467;0.9444047902630928;0.055595209736907236
1731801277.1104054;/app/bags/user95_2017-02-24.bag;0.834065854549408;0.0;0.9619645476341248;0.0;0.7960547501412467;0.9444047902630928;0.055595209736907236
1731801277.3104465;/app/bags/user95_2017-02-24.bag;0.834065854549408;0.0;0.9619645476341248;0.0;0.7960547501412467;0.9444047902630928;0.055595209736907236
1731801277.510376;/app/bags/user95_2017-02-24.bag;0.834065854549408;0.0;0.9619645476341248;0.0;0.7960547501412467;0.9444047902630928;0.055595209736907236
1731801277.7104037;/app/bags/user95_2017-02-24.bag;0.834065854549408;0.0;0.9619645476341248;0.0;0.7960547501412467;0.9444047902630928;0.055595209736907236
1731801277.9104125;/app/bags/user95_2017-02-24.bag;0.834065854549408;0.0;0.9619645476341248;0.0;0.7960547501412467;0.9444047902630928;0.055595209736907236
1731801278.1104155;/app/bags/user95_2017-02-24.bag;0.834065854549408;0.0;0.9619645476341248;0.0;0.7960547501412467;0.9444047902630928;0.055595209736907236
1731801278.310398;/app/bags/user95_2017-02-24.bag;0.834065854549408;0.0;0.9619645476341248;0.0;0.7960547501412467;0.9444047902630928;0.055595209736907236
1731801278.5104;/app/bags/user95_2017-02-24.bag;0.834065854549408;0.0;0.9619645476341248;0.0;0.7960547501412467;0.9444047902630928;0.055595209736907236
1731801278.7104259;/app/bags/user95_2017-02-24.bag;0.834065854549408;0.0;0.9619645476341248;0.0;0.7960547501412467;0.9444047902630928;0.055595209736907236
1731801278.910474;/app/bags/user95_2017-02-24.bag;0.834065854549408;0.0;0.9619645476341248;0.0;0.7960547501412467;0.9444047902630928;0.055595209736907236
1731801279.1105323;/app/bags/user95_2017-02-24.bag;0.834065854549408;0.0;0.9619645476341248;0.0;0.7960547501412467;0.9444047902630928;0.055595209736907236
1731801279.3104675;/app/bags/user95_2017-02-24.bag;0.834065854549408;0.0;0.9619645476341248;0.0;0.7960547501412467;0.9444047902630928;0.055595209736907236
1731801279.510463;/app/bags/user95_2017-02-24.bag;0.834065854549408;0.0;0.9619645476341248;0.0;0.7960547501412467;0.9444047902630928;0.055595209736907236
1731801279.7104506;/app/bags/user95_2017-02-24.bag;0.834065854549408;0.0;0.9619645476341248;0.0;0.7960547501412467;0.9444047902630928;0.055595209736907236
1731801279.910389;/app/bags/user95_2017-02-24.bag;0.834065854549408;0.0;0.9619645476341248;0.0;0.7960547501412467;0.9444047902630928;0.055595209736907236
1731801280.1104312;/app/bags/user95_2017-02-24.bag;0.834065854549408;0.0;0.9619645476341248;0.0;0.7960547501412467;0.9444047902630928;0.055595209736907236
1731801280.3104792;/app/bags/user95_2017-02-24.bag;0.834065854549408;0.0;0.9619645476341248;0.0;0.7960547501412467;0.9444047902630928;0.055595209736907236
1731801280.510457;/app/bags/user95_2017-02-24.bag;0.834065854549408;0.0;0.9619645476341248;0.0;0.7960547501412467;0.9444047902630928;0.055595209736907236
1731801280.71039;/app/bags/user95_2017-02-24.bag;0.834065854549408;0.0;0.9619645476341248;0.0;0.7960547501412467;0.9444047902630928;0.055595209736907236
1731801280.9103804;/app/bags/user95_2017-02-24.bag;0.834065854549408;0.0;0.9619645476341248;0.0;0.7960547501412467;0.9444047902630928;0.055595209736907236
1731801281.110381;/app/bags/user95_2017-02-24.bag;0.834065854549408;0.0;0.9619645476341248;0.0;0.7960547501412467;0.9444047902630928;0.055595209736907236
1731801281.3104224;/app/bags/user95_2017-02-24.bag;0.834065854549408;0.0;0.9619645476341248;0.0;0.7960547501412467;0.9444047902630928;0.055595209736907236
1731801281.5104074;/app/bags/user95_2017-02-24.bag;0.834065854549408;0.0;0.9619645476341248;0.0;0.7960547501412467;0.9444047902630928;0.055595209736907236
1731801281.7104034;/app/bags/user95_2017-02-24.bag;0.834065854549408;0.0;0.9619645476341248;0.0;0.7960547501412467;0.9444047902630928;0.055595209736907236
1731801281.9104528;/app/bags/user95_2017-02-24.bag;0.834065854549408;0.0;0.9619645476341248;0.0;0.7960547501412467;0.9444047902630928;0.055595209736907236
1731801282.1104765;/app/bags/user95_2017-02-24.bag;0.834065854549408;0.0;0.9619645476341248;0.0;0.7960547501412467;0.9444047902630928;0.055595209736907236
1731801282.3103893;/app/bags/user95_2017-02-24.bag;0.834065854549408;0.0;0.9619645476341248;0.0;0.7960547501412467;0.9444047902630928;0.055595209736907236
1731801282.5104103;/app/bags/user95_2017-02-24.bag;0.834065854549408;0.0;0.9619645476341248;0.0;0.7960547501412467;0.9444047902630928;0.055595209736907236
1731801282.710462;/app/bags/user95_2017-02-24.bag;0.834065854549408;0.0;0.9619645476341248;0.0;0.7960547501412467;0.9444047902630928;0.055595209736907236
1731801282.9103937;/app/bags/user95_2017-02-24.bag;0.834065854549408;0.0;0.9619645476341248;0.0;0.7960547501412467;0.9444047902630928;0.055595209736907236
1731801283.1105142;/app/bags/user95_2017-02-24.bag;0.834065854549408;0.0;0.9619645476341248;0.0;0.7960547501412467;0.9444047902630928;0.055595209736907236
1731801283.3104064;/app/bags/user95_2017-02-24.bag;0.834065854549408;0.0;0.9619645476341248;0.0;0.7960547501412467;0.9444047902630928;0.055595209736907236
1731801283.51039;/app/bags/user95_2017-02-24.bag;0.834065854549408;0.0;0.9619645476341248;0.0;0.7960547501412467;0.9444047902630928;0.055595209736907236
1731801283.7103693;/app/bags/user95_2017-02-24.bag;0.834065854549408;0.0;0.9619645476341248;0.0;0.7960547501412467;0.9444047902630928;0.055595209736907236
1731801283.9103882;/app/bags/user95_2017-02-24.bag;0.834065854549408;0.0;0.9619645476341248;0.0;0.7960547501412467;0.9444047902630928;0.055595209736907236
1731801284.110366;/app/bags/user95_2017-02-24.bag;0.834065854549408;0.0;0.9619645476341248;0.0;0.7960547501412467;0.9444047902630928;0.055595209736907236
1731801284.3104258;/app/bags/user95_2017-02-24.bag;0.834065854549408;0.0;0.9619645476341248;0.0;0.7960547501412467;0.9444047902630928;0.055595209736907236
1731801284.5104141;/app/bags/user95_2017-02-24.bag;0.834065854549408;0.0;0.9619645476341248;0.0;0.7960547501412467;0.9444047902630928;0.055595209736907236
1731801284.7104194;/app/bags/user95_2017-02-24.bag;0.834065854549408;0.0;0.9619645476341248;0.0;0.7960547501412467;0.9444047902630928;0.055595209736907236
1731801284.9104266;/app/bags/user95_2017-02-24.bag;0.834065854549408;0.0;0.9619645476341248;0.0;0.7960547501412467;0.9444047902630928;0.055595209736907236
1731801285.1104083;/app/bags/user95_2017-02-24.bag;0.834065854549408;0.0;0.9619645476341248;0.0;0.7960547501412467;0.9444047902630928;0.055595209736907236
1731801285.3103592;/app/bags/user95_2017-02-24.bag;0.834065854549408;0.0;0.9619645476341248;0.0;0.7960547501412467;0.9444047902630928;0.055595209736907236
1731801285.510378;/app/bags/user95_2017-02-24.bag;0.834065854549408;0.0;0.9619645476341248;0.0;0.7960547501412467;0.9444047902630928;0.055595209736907236
1731801285.7104044;/app/bags/user95_2017-02-24.bag;0.834065854549408;0.0;0.9619645476341248;0.0;0.7960547501412467;0.9444047902630928;0.055595209736907236
1731801285.9103909;/app/bags/user95_2017-02-24.bag;0.834065854549408;0.0;0.9619645476341248;0.0;0.7960547501412467;0.9444047902630928;0.055595209736907236
1731801286.1103935;/app/bags/user95_2017-02-24.bag;0.834065854549408;0.0;0.9619645476341248;0.0;0.7960547501412467;0.9444047902630928;0.055595209736907236
1731801286.3103993;/app/bags/user95_2017-02-24.bag;0.834065854549408;0.0;0.9619645476341248;0.0;0.7960547501412467;0.9444047902630928;0.055595209736907236
1731801286.5103807;/app/bags/user95_2017-02-24.bag;0.834065854549408;0.0;0.9619645476341248;0.0;0.7960547501412467;0.9444047902630928;0.055595209736907236
1731801286.7103903;/app/bags/user95_2017-02-24.bag;0.834065854549408;0.0;0.9619645476341248;0.0;0.7960547501412467;0.9444047902630928;0.055595209736907236
1731801286.9103754;/app/bags/user95_2017-02-24.bag;0.834065854549408;0.0;0.9619645476341248;0.0;0.7960547501412467;0.9444047902630928;0.055595209736907236
1731801287.1104476;/app/bags/user95_2017-02-24.bag;0.834065854549408;0.0;0.9619645476341248;0.0;0.7960547501412467;0.9444047902630928;0.055595209736907236
1731801287.3104167;/app/bags/user95_2017-02-24.bag;0.834065854549408;0.0;0.9619645476341248;0.0;0.7960547501412467;0.9444047902630928;0.055595209736907236
1731801287.5104518;/app/bags/user95_2017-02-24.bag;0.834065854549408;0.0;0.9619645476341248;0.0;0.7960547501412467;0.9444047902630928;0.055595209736907236
1731801287.710496;/app/bags/user95_2017-02-24.bag;0.834065854549408;0.0;0.9619645476341248;0.0;0.7960547501412467;0.9444047902630928;0.055595209736907236
1731801287.910508;/app/bags/user95_2017-02-24.bag;0.834065854549408;0.0;0.9619645476341248;0.0;0.7960547501412467;0.9444047902630928;0.055595209736907236
1731801288.1104076;/app/bags/user95_2017-02-24.bag;0.834065854549408;0.0;0.9619645476341248;0.0;0.7960547501412467;0.9444047902630928;0.055595209736907236
1731801288.3104348;/app/bags/user95_2017-02-24.bag;0.834065854549408;0.0;0.9619645476341248;0.0;0.7960547501412467;0.9444047902630928;0.055595209736907236
1731801288.5104084;/app/bags/user95_2017-02-24.bag;0.834065854549408;0.0;0.9619645476341248;0.0;0.7960547501412467;0.9444047902630928;0.055595209736907236
1731801288.7105289;/app/bags/user95_2017-02-24.bag;0.834065854549408;0.0;0.9619645476341248;0.0;0.7960547501412467;0.9444047902630928;0.055595209736907236
1731801288.9103875;/app/bags/user95_2017-02-24.bag;0.834065854549408;0.0;0.9619645476341248;0.0;0.7960547501412467;0.9444047902630928;0.055595209736907236
1731801289.1103952;/app/bags/user95_2017-02-24.bag;0.834065854549408;0.0;0.9619645476341248;0.0;0.7960547501412467;0.9444047902630928;0.055595209736907236
1731801289.3104637;/app/bags/user95_2017-02-24.bag;0.834065854549408;0.0;0.9619645476341248;0.0;0.7960547501412467;0.9444047902630928;0.055595209736907236
1731801289.5103912;/app/bags/user95_2017-02-24.bag;0.834065854549408;0.0;0.9619645476341248;0.0;0.7960547501412467;0.9444047902630928;0.055595209736907236
1731801289.7104466;/app/bags/user95_2017-02-24.bag;0.834065854549408;0.0;0.9619645476341248;0.0;0.7960547501412467;0.9444047902630928;0.055595209736907236
1731801289.9103942;/app/bags/user95_2017-02-24.bag;0.834065854549408;0.0;0.9619645476341248;0.0;0.7960547501412467;0.9444047902630928;0.055595209736907236
1731801290.1103752;/app/bags/user95_2017-02-24.bag;0.834065854549408;0.0;0.9619645476341248;0.0;0.7960547501412467;0.9444047902630928;0.055595209736907236
1731801290.3103795;/app/bags/user95_2017-02-24.bag;0.834065854549408;0.0;0.9619645476341248;0.0;0.7960547501412467;0.9444047902630928;0.055595209736907236
1731801290.5103962;/app/bags/user95_2017-02-24.bag;0.834065854549408;0.0;0.9619645476341248;0.0;0.7960547501412467;0.9444047902630928;0.055595209736907236
1731801290.7104468;/app/bags/user95_2017-02-24.bag;0.834065854549408;0.0;0.9619645476341248;0.0;0.7960547501412467;0.9444047902630928;0.055595209736907236
1731801290.910413;/app/bags/user95_2017-02-24.bag;0.834065854549408;0.0;0.9619645476341248;0.0;0.7960547501412467;0.9444047902630928;0.055595209736907236
1731801291.1104069;/app/bags/user95_2017-02-24.bag;0.834065854549408;0.0;0.9619645476341248;0.0;0.7960547501412467;0.9444047902630928;0.055595209736907236
1731801291.3104086;/app/bags/user95_2017-02-24.bag;0.834065854549408;0.0;0.9619645476341248;0.0;0.7960547501412467;0.9444047902630928;0.055595209736907236
1731801291.5103898;/app/bags/user95_2017-02-24.bag;0.834065854549408;0.0;0.9619645476341248;0.0;0.7960547501412467;0.9444047902630928;0.055595209736907236
1731801291.7103958;/app/bags/user95_2017-02-24.bag;0.834065854549408;0.0;0.9619645476341248;0.0;0.7960547501412467;0.9444047902630928;0.055595209736907236
1731801291.9104106;/app/bags/user95_2017-02-24.bag;0.834065854549408;0.0;0.9619645476341248;0.0;0.7960547501412467;0.9444047902630928;0.055595209736907236
1731801292.1104143;/app/bags/user95_2017-02-24.bag;0.834065854549408;0.0;0.9619645476341248;0.0;0.7960547501412467;0.9444047902630928;0.055595209736907236
1731801292.3104033;/app/bags/user95_2017-02-24.bag;0.834065854549408;0.0;0.9619645476341248;0.0;0.7960547501412467;0.9444047902630928;0.055595209736907236
1731801292.5103772;/app/bags/user95_2017-02-24.bag;0.834065854549408;0.0;0.9619645476341248;0.0;0.7960547501412467;0.9444047902630928;0.055595209736907236
1731801292.7104146;/app/bags/user95_2017-02-24.bag;0.834065854549408;0.0;0.9619645476341248;0.0;0.7960547501412467;0.9444047902630928;0.055595209736907236
1731801292.9103842;/app/bags/user95_2017-02-24.bag;0.834065854549408;0.0;0.9619645476341248;0.0;0.7960547501412467;0.9444047902630928;0.055595209736907236
1731801293.1104505;/app/bags/user95_2017-02-24.bag;0.834065854549408;0.0;0.9619645476341248;0.0;0.7960547501412467;0.9444047902630928;0.055595209736907236
1731801293.3103948;/app/bags/user95_2017-02-24.bag;0.834065854549408;0.0;0.9619645476341248;0.0;0.7960547501412467;0.9444047902630928;0.055595209736907236
1731801293.510382;/app/bags/user95_2017-02-24.bag;0.834065854549408;0.0;0.9619645476341248;0.0;0.7960547501412467;0.9444047902630928;0.055595209736907236
1731801293.710405;/app/bags/user95_2017-02-24.bag;0.834065854549408;0.0;0.9619645476341248;0.0;0.7960547501412467;0.9444047902630928;0.055595209736907236
1731801293.9103668;/app/bags/user95_2017-02-24.bag;0.834065854549408;0.0;0.9619645476341248;0.0;0.7960547501412467;0.9444047902630928;0.055595209736907236
1731801294.1103933;/app/bags/user95_2017-02-24.bag;0.834065854549408;0.0;0.9619645476341248;0.0;0.7960547501412467;0.9444047902630928;0.055595209736907236
1731801294.3104048;/app/bags/user95_2017-02-24.bag;0.834065854549408;0.0;0.9619645476341248;0.0;0.7960547501412467;0.9444047902630928;0.055595209736907236
1731801294.5103874;/app/bags/user95_2017-02-24.bag;0.834065854549408;0.0;0.9619645476341248;0.0;0.7960547501412467;0.9444047902630928;0.055595209736907236
1731801294.7104082;/app/bags/user95_2017-02-24.bag;0.834065854549408;0.0;0.9619645476341248;0.0;0.7960547501412467;0.9444047902630928;0.055595209736907236
1731801294.9104066;/app/bags/user95_2017-02-24.bag;0.834065854549408;0.0;0.9619645476341248;0.0;0.7960547501412467;0.9444047902630928;0.055595209736907236
1731801295.110417;/app/bags/user95_2017-02-24.bag;0.834065854549408;0.0;0.9619645476341248;0.0;0.7960547501412467;0.9444047902630928;0.055595209736907236
1731801295.310418;/app/bags/user95_2017-02-24.bag;0.834065854549408;0.0;0.9619645476341248;0.0;0.7960547501412467;0.9444047902630928;0.055595209736907236
1731801295.5103562;/app/bags/user95_2017-02-24.bag;0.834065854549408;0.0;0.9619645476341248;0.0;0.7960547501412467;0.9444047902630928;0.055595209736907236
1731801295.7104654;/app/bags/user95_2017-02-24.bag;0.834065854549408;0.0;0.9619645476341248;0.0;0.7960547501412467;0.9444047902630928;0.055595209736907236
1731801295.9104123;/app/bags/user95_2017-02-24.bag;0.834065854549408;0.0;0.9619645476341248;0.0;0.7960547501412467;0.9444047902630928;0.055595209736907236
1731801296.1104026;/app/bags/user95_2017-02-24.bag;0.834065854549408;0.0;0.9619645476341248;0.0;0.7960547501412467;0.9444047902630928;0.055595209736907236
1731801296.3104024;/app/bags/user95_2017-02-24.bag;0.834065854549408;0.0;0.9619645476341248;0.0;0.7960547501412467;0.9444047902630928;0.055595209736907236
1731801296.5103593;/app/bags/user95_2017-02-24.bag;0.834065854549408;0.0;0.9619645476341248;0.0;0.7960547501412467;0.9444047902630928;0.055595209736907236
1731801296.710374;/app/bags/user95_2017-02-24.bag;0.834065854549408;0.0;0.9619645476341248;0.0;0.7960547501412467;0.9444047902630928;0.055595209736907236
1731801296.9103985;/app/bags/user95_2017-02-24.bag;0.834065854549408;0.0;0.9619645476341248;0.0;0.7960547501412467;0.9444047902630928;0.055595209736907236
1731801297.1104653;/app/bags/user95_2017-02-24.bag;0.834065854549408;0.0;0.9619645476341248;0.0;0.7960547501412467;0.9444047902630928;0.055595209736907236
1731801297.3104513;/app/bags/user95_2017-02-24.bag;0.834065854549408;0.0;0.9619645476341248;0.0;0.7960547501412467;0.9444047902630928;0.055595209736907236
1731801297.510414;/app/bags/user95_2017-02-24.bag;0.834065854549408;0.0;0.9619645476341248;0.0;0.7960547501412467;0.9444047902630928;0.055595209736907236
1731801297.7103748;/app/bags/user95_2017-02-24.bag;0.834065854549408;0.0;0.9619645476341248;0.0;0.7960547501412467;0.9444047902630928;0.055595209736907236
1731801297.9103997;/app/bags/user95_2017-02-24.bag;0.834065854549408;0.0;0.9619645476341248;0.0;0.7960547501412467;0.9444047902630928;0.055595209736907236
1731801298.1104016;/app/bags/user95_2017-02-24.bag;0.834065854549408;0.0;0.9619645476341248;0.0;0.7960547501412467;0.9444047902630928;0.055595209736907236
1731801298.3104255;/app/bags/user95_2017-02-24.bag;0.834065854549408;0.0;0.9619645476341248;0.0;0.7960547501412467;0.9444047902630928;0.055595209736907236
1731801298.5103688;/app/bags/user95_2017-02-24.bag;0.834065854549408;0.0;0.9619645476341248;0.0;0.7960547501412467;0.9444047902630928;0.055595209736907236
1731801298.7103915;/app/bags/user95_2017-02-24.bag;0.834065854549408;0.0;0.9619645476341248;0.0;0.7960547501412467;0.9444047902630928;0.055595209736907236
1731801298.9104257;/app/bags/user95_2017-02-24.bag;0.834065854549408;0.0;0.9619645476341248;0.0;0.7960547501412467;0.9444047902630928;0.055595209736907236
1731801299.1104398;/app/bags/user95_2017-02-24.bag;0.834065854549408;0.0;0.9619645476341248;0.0;0.7960547501412467;0.9444047902630928;0.055595209736907236
1731801299.3103964;/app/bags/user95_2017-02-24.bag;0.834065854549408;0.0;0.9619645476341248;0.0;0.7960547501412467;0.9444047902630928;0.055595209736907236
1731801299.5104325;/app/bags/user95_2017-02-24.bag;0.834065854549408;0.0;0.9619645476341248;0.0;0.7960547501412467;0.9444047902630928;0.055595209736907236
1731801299.7104795;/app/bags/user95_2017-02-24.bag;0.834065854549408;0.0;0.9619645476341248;0.0;0.7960547501412467;0.9444047902630928;0.055595209736907236
1731801299.9104617;/app/bags/user95_2017-02-24.bag;0.834065854549408;0.0;0.9619645476341248;0.0;0.7960547501412467;0.9444047902630928;0.055595209736907236
1731801300.1103835;/app/bags/user95_2017-02-24.bag;0.834065854549408;0.0;0.9619645476341248;0.0;0.7960547501412467;0.9444047902630928;0.055595209736907236
1731801300.3104398;/app/bags/user95_2017-02-24.bag;0.834065854549408;0.0;0.9619645476341248;0.0;0.7960547501412467;0.9444047902630928;0.055595209736907236
1731801300.51042;/app/bags/user95_2017-02-24.bag;0.834065854549408;0.0;0.9619645476341248;0.0;0.7960547501412467;0.9444047902630928;0.055595209736907236
1731801300.7104201;/app/bags/user95_2017-02-24.bag;0.834065854549408;0.0;0.9619645476341248;0.0;0.7960547501412467;0.9444047902630928;0.055595209736907236
1731801300.910396;/app/bags/user95_2017-02-24.bag;0.834065854549408;0.0;0.9619645476341248;0.0;0.7960547501412467;0.9444047902630928;0.055595209736907236
1731801301.1103656;/app/bags/user95_2017-02-24.bag;0.834065854549408;0.0;0.9619645476341248;0.0;0.7960547501412467;0.9444047902630928;0.055595209736907236
1731801301.3103998;/app/bags/user95_2017-02-24.bag;0.834065854549408;0.0;0.9619645476341248;0.0;0.7960547501412467;0.9444047902630928;0.055595209736907236
1731801301.5103767;/app/bags/user95_2017-02-24.bag;0.834065854549408;0.0;0.9619645476341248;0.0;0.7960547501412467;0.9444047902630928;0.055595209736907236
1731801301.710355;/app/bags/user95_2017-02-24.bag;0.834065854549408;0.0;0.9619645476341248;0.0;0.7960547501412467;0.9444047902630928;0.055595209736907236
1731801301.910448;/app/bags/user95_2017-02-24.bag;0.834065854549408;0.0;0.9619645476341248;0.0;0.7960547501412467;0.9444047902630928;0.055595209736907236
1731801302.1103728;/app/bags/user95_2017-02-24.bag;0.834065854549408;0.0;0.9619645476341248;0.0;0.7960547501412467;0.9444047902630928;0.055595209736907236
1731801302.3105876;/app/bags/user95_2017-02-24.bag;0.834065854549408;0.0;0.9619645476341248;0.0;0.7960547501412467;0.9444047902630928;0.055595209736907236
1731801302.5103672;/app/bags/user95_2017-02-24.bag;0.834065854549408;0.0;0.9619645476341248;0.0;0.7960547501412467;0.9444047902630928;0.055595209736907236
1731801302.710386;/app/bags/user95_2017-02-24.bag;0.834065854549408;0.0;0.9619645476341248;0.0;0.7960547501412467;0.9444047902630928;0.055595209736907236
1731801302.9103973;/app/bags/user95_2017-02-24.bag;0.834065854549408;0.0;0.9619645476341248;0.0;0.7960547501412467;0.9444047902630928;0.055595209736907236
1731801303.1104147;/app/bags/user95_2017-02-24.bag;0.834065854549408;0.0;0.9619645476341248;0.0;0.7960547501412467;0.9444047902630928;0.055595209736907236
1731801303.3104491;/app/bags/user95_2017-02-24.bag;0.834065854549408;0.0;0.9619645476341248;0.0;0.7960547501412467;0.9444047902630928;0.055595209736907236
1731801303.5105305;/app/bags/user95_2017-02-24.bag;0.834065854549408;0.0;0.9619645476341248;0.0;0.7960547501412467;0.9444047902630928;0.055595209736907236
1731801303.710381;/app/bags/user95_2017-02-24.bag;0.834065854549408;0.0;0.9619645476341248;0.0;0.7960547501412467;0.9444047902630928;0.055595209736907236
1731801303.910351;/app/bags/user95_2017-02-24.bag;0.834065854549408;0.0;0.9619645476341248;0.0;0.7960547501412467;0.9444047902630928;0.055595209736907236
1731801304.110452;/app/bags/user95_2017-02-24.bag;0.834065854549408;0.0;0.9619645476341248;0.0;0.7960547501412467;0.9444047902630928;0.055595209736907236
1731801304.3105092;/app/bags/user95_2017-02-24.bag;0.834065854549408;0.0;0.9619645476341248;0.0;0.7960547501412467;0.9444047902630928;0.055595209736907236
1731801304.5104494;/app/bags/user95_2017-02-24.bag;0.834065854549408;0.0;0.9619645476341248;0.0;0.7960547501412467;0.9444047902630928;0.055595209736907236
1731801304.7103896;/app/bags/user95_2017-02-24.bag;0.834065854549408;0.0;0.9619645476341248;0.0;0.7960547501412467;0.9444047902630928;0.055595209736907236
1731801304.9103992;/app/bags/user95_2017-02-24.bag;0.834065854549408;0.0;0.9619645476341248;0.0;0.7960547501412467;0.9444047902630928;0.055595209736907236
1731801305.110354;/app/bags/user95_2017-02-24.bag;0.834065854549408;0.0;0.9619645476341248;0.0;0.7960547501412467;0.9444047902630928;0.055595209736907236
1731801305.310392;/app/bags/user95_2017-02-24.bag;0.834065854549408;0.0;0.9619645476341248;0.0;0.7960547501412467;0.9444047902630928;0.055595209736907236
1731801305.5104034;/app/bags/user95_2017-02-24.bag;0.834065854549408;0.0;0.9619645476341248;0.0;0.7960547501412467;0.9444047902630928;0.055595209736907236
1731801305.7104502;/app/bags/user95_2017-02-24.bag;0.834065854549408;0.0;0.9619645476341248;0.0;0.7960547501412467;0.9444047902630928;0.055595209736907236
1731801305.9104323;/app/bags/user95_2017-02-24.bag;0.834065854549408;0.0;0.9619645476341248;0.0;0.7960547501412467;0.9444047902630928;0.055595209736907236
1731801306.1104212;/app/bags/user95_2017-02-24.bag;0.834065854549408;0.0;0.9619645476341248;0.0;0.7960547501412467;0.9444047902630928;0.055595209736907236
1731801306.310368;/app/bags/user95_2017-02-24.bag;0.834065854549408;0.0;0.9619645476341248;0.0;0.7960547501412467;0.9444047902630928;0.055595209736907236
1731801306.5104103;/app/bags/user95_2017-02-24.bag;0.834065854549408;0.0;0.9619645476341248;0.0;0.7960547501412467;0.9444047902630928;0.055595209736907236
1731801306.7104015;/app/bags/user95_2017-02-24.bag;0.834065854549408;0.0;0.9619645476341248;0.0;0.7960547501412467;0.9444047902630928;0.055595209736907236
1731801306.9105105;/app/bags/user95_2017-02-24.bag;0.834065854549408;0.0;0.9619645476341248;0.0;0.7960547501412467;0.9444047902630928;0.055595209736907236
1731801307.110407;/app/bags/user95_2017-02-24.bag;0.834065854549408;0.0;0.9619645476341248;0.0;0.7960547501412467;0.9444047902630928;0.055595209736907236
1731801307.3103936;/app/bags/user95_2017-02-24.bag;0.834065854549408;0.0;0.9619645476341248;0.0;0.7960547501412467;0.9444047902630928;0.055595209736907236
1731801307.5103855;/app/bags/user95_2017-02-24.bag;0.834065854549408;0.0;0.9619645476341248;0.0;0.7960547501412467;0.9444047902630928;0.055595209736907236
1731801307.7104313;/app/bags/user95_2017-02-24.bag;0.834065854549408;0.0;0.9619645476341248;0.0;0.7960547501412467;0.9444047902630928;0.055595209736907236
1731801307.910475;/app/bags/user95_2017-02-24.bag;0.834065854549408;0.0;0.9619645476341248;0.0;0.7960547501412467;0.9444047902630928;0.055595209736907236
1731801308.1104548;/app/bags/user95_2017-02-24.bag;0.834065854549408;0.0;0.9619645476341248;0.0;0.7960547501412467;0.9444047902630928;0.055595209736907236
1731801308.3104215;/app/bags/user95_2017-02-24.bag;0.834065854549408;0.0;0.9619645476341248;0.0;0.7960547501412467;0.9444047902630928;0.055595209736907236
1731801308.510402;/app/bags/user95_2017-02-24.bag;0.834065854549408;0.0;0.9619645476341248;0.0;0.7960547501412467;0.9444047902630928;0.055595209736907236
1731801308.7104123;/app/bags/user95_2017-02-24.bag;0.834065854549408;0.0;0.9619645476341248;0.0;0.7960547501412467;0.9444047902630928;0.055595209736907236
1731801308.9104483;/app/bags/user95_2017-02-24.bag;0.834065854549408;0.0;0.9619645476341248;0.0;0.7960547501412467;0.9444047902630928;0.055595209736907236
1731801309.1104789;/app/bags/user95_2017-02-24.bag;0.834065854549408;0.0;0.9619645476341248;0.0;0.7960547501412467;0.9444047902630928;0.055595209736907236
1731801309.3103957;/app/bags/user95_2017-02-24.bag;0.834065854549408;0.0;0.9619645476341248;0.0;0.7960547501412467;0.9444047902630928;0.055595209736907236
1731801309.5103874;/app/bags/user95_2017-02-24.bag;0.834065854549408;0.0;0.9619645476341248;0.0;0.7960547501412467;0.9444047902630928;0.055595209736907236
1731801309.710391;/app/bags/user95_2017-02-24.bag;0.834065854549408;0.0;0.9619645476341248;0.0;0.7960547501412467;0.9444047902630928;0.055595209736907236
1731801309.910503;/app/bags/user95_2017-02-24.bag;0.834065854549408;0.0;0.9619645476341248;0.0;0.7960547501412467;0.9444047902630928;0.055595209736907236
1731801310.1104405;/app/bags/user95_2017-02-24.bag;0.834065854549408;0.0;0.9619645476341248;0.0;0.7960547501412467;0.9444047902630928;0.055595209736907236
1731801310.3103871;/app/bags/user95_2017-02-24.bag;0.834065854549408;0.0;0.9619645476341248;0.0;0.7960547501412467;0.9444047902630928;0.055595209736907236
1731801310.5104127;/app/bags/user95_2017-02-24.bag;0.834065854549408;0.0;0.9619645476341248;0.0;0.7960547501412467;0.9444047902630928;0.055595209736907236
1731801310.7103992;/app/bags/user95_2017-02-24.bag;0.834065854549408;0.0;0.9619645476341248;0.0;0.7960547501412467;0.9444047902630928;0.055595209736907236
1731801310.9103854;/app/bags/user95_2017-02-24.bag;0.834065854549408;0.0;0.9619645476341248;0.0;0.7960547501412467;0.9444047902630928;0.055595209736907236
1731801311.1103947;/app/bags/user95_2017-02-24.bag;0.834065854549408;0.0;0.9619645476341248;0.0;0.7960547501412467;0.9444047902630928;0.055595209736907236
1731801311.3103662;/app/bags/user95_2017-02-24.bag;0.834065854549408;0.0;0.9619645476341248;0.0;0.7960547501412467;0.9444047902630928;0.055595209736907236
1731801311.5104032;/app/bags/user95_2017-02-24.bag;0.834065854549408;0.0;0.9619645476341248;0.0;0.7960547501412467;0.9444047902630928;0.055595209736907236
1731801311.710377;/app/bags/user95_2017-02-24.bag;0.834065854549408;0.0;0.9619645476341248;0.0;0.7960547501412467;0.9444047902630928;0.055595209736907236
1731801311.9103873;/app/bags/user95_2017-02-24.bag;0.834065854549408;0.0;0.9619645476341248;0.0;0.7960547501412467;0.9444047902630928;0.055595209736907236
1731801312.1104121;/app/bags/user95_2017-02-24.bag;0.834065854549408;0.0;0.9619645476341248;0.0;0.7960547501412467;0.9444047902630928;0.055595209736907236
1731801312.310436;/app/bags/user95_2017-02-24.bag;0.834065854549408;0.0;0.9619645476341248;0.0;0.7960547501412467;0.9444047902630928;0.055595209736907236
1731801312.5103705;/app/bags/user95_2017-02-24.bag;0.834065854549408;0.0;0.9619645476341248;0.0;0.7960547501412467;0.9444047902630928;0.055595209736907236
1731801312.7103994;/app/bags/user95_2017-02-24.bag;0.834065854549408;0.0;0.9619645476341248;0.0;0.7960547501412467;0.9444047902630928;0.055595209736907236
1731801312.910432;/app/bags/user95_2017-02-24.bag;0.834065854549408;0.0;0.9619645476341248;0.0;0.7960547501412467;0.9444047902630928;0.055595209736907236
1731801313.110414;/app/bags/user95_2017-02-24.bag;0.834065854549408;0.0;0.9619645476341248;0.0;0.7960547501412467;0.9444047902630928;0.055595209736907236
1731801313.3104215;/app/bags/user95_2017-02-24.bag;0.834065854549408;0.0;0.9619645476341248;0.0;0.7960547501412467;0.9444047902630928;0.055595209736907236
1731801313.5103755;/app/bags/user95_2017-02-24.bag;0.834065854549408;0.0;0.9619645476341248;0.0;0.7960547501412467;0.9444047902630928;0.055595209736907236
1731801313.7103696;/app/bags/user95_2017-02-24.bag;0.834065854549408;0.0;0.9619645476341248;0.0;0.7960547501412467;0.9444047902630928;0.055595209736907236
1731801313.9105203;/app/bags/user95_2017-02-24.bag;0.834065854549408;0.0;0.9619645476341248;0.0;0.7960547501412467;0.9444047902630928;0.055595209736907236
1731801314.1104884;/app/bags/user95_2017-02-24.bag;0.834065854549408;0.0;0.9619645476341248;0.0;0.7960547501412467;0.9444047902630928;0.055595209736907236
1731801314.3103912;/app/bags/user95_2017-02-24.bag;0.834065854549408;0.0;0.9619645476341248;0.0;0.7960547501412467;0.9444047902630928;0.055595209736907236
1731801314.5104265;/app/bags/user95_2017-02-24.bag;0.834065854549408;0.0;0.9619645476341248;0.0;0.7960547501412467;0.9444047902630928;0.055595209736907236
1731801314.7103918;/app/bags/user95_2017-02-24.bag;0.834065854549408;0.0;0.9619645476341248;0.0;0.7960547501412467;0.9444047902630928;0.055595209736907236
1731801314.910391;/app/bags/user95_2017-02-24.bag;0.834065854549408;0.0;0.9619645476341248;0.0;0.7960547501412467;0.9444047902630928;0.055595209736907236
1731801315.1103864;/app/bags/user95_2017-02-24.bag;0.834065854549408;0.0;0.9619645476341248;0.0;0.7960547501412467;0.9444047902630928;0.055595209736907236
1731801315.3104594;/app/bags/user95_2017-02-24.bag;0.834065854549408;0.0;0.9619645476341248;0.0;0.7960547501412467;0.9444047902630928;0.055595209736907236
1731801315.5103931;/app/bags/user95_2017-02-24.bag;0.834065854549408;0.0;0.9619645476341248;0.0;0.7960547501412467;0.9444047902630928;0.055595209736907236
1731801315.7104123;/app/bags/user95_2017-02-24.bag;0.834065854549408;0.0;0.9619645476341248;0.0;0.7960547501412467;0.9444047902630928;0.055595209736907236
1731801315.9103823;/app/bags/user95_2017-02-24.bag;0.834065854549408;0.0;0.9619645476341248;0.0;0.7960547501412467;0.9444047902630928;0.055595209736907236
1731801316.110454;/app/bags/user95_2017-02-24.bag;0.834065854549408;0.0;0.9619645476341248;0.0;0.7960547501412467;0.9444047902630928;0.055595209736907236
1731801316.3103986;/app/bags/user95_2017-02-24.bag;0.834065854549408;0.0;0.9619645476341248;0.0;0.7960547501412467;0.9444047902630928;0.055595209736907236
1731801316.5104775;/app/bags/user95_2017-02-24.bag;0.834065854549408;0.0;0.9619645476341248;0.0;0.7960547501412467;0.9444047902630928;0.055595209736907236
1731801316.7103975;/app/bags/user95_2017-02-24.bag;0.834065854549408;0.0;0.9619645476341248;0.0;0.7960547501412467;0.9444047902630928;0.055595209736907236
1731801316.9104257;/app/bags/user95_2017-02-24.bag;0.834065854549408;0.0;0.9619645476341248;0.0;0.7960547501412467;0.9444047902630928;0.055595209736907236
1731801317.1103802;/app/bags/user95_2017-02-24.bag;0.834065854549408;0.0;0.9619645476341248;0.0;0.7960547501412467;0.9444047902630928;0.055595209736907236
1731801317.3103955;/app/bags/user95_2017-02-24.bag;0.834065854549408;0.0;0.9619645476341248;0.0;0.7960547501412467;0.9444047902630928;0.055595209736907236
1731801317.51039;/app/bags/user95_2017-02-24.bag;0.834065854549408;0.0;0.9619645476341248;0.0;0.7960547501412467;0.9444047902630928;0.055595209736907236
1731801317.7103634;/app/bags/user95_2017-02-24.bag;0.834065854549408;0.0;0.9619645476341248;0.0;0.7960547501412467;0.9444047902630928;0.055595209736907236
1731801317.9103923;/app/bags/user95_2017-02-24.bag;0.834065854549408;0.0;0.9619645476341248;0.0;0.7960547501412467;0.9444047902630928;0.055595209736907236
1731801318.1103973;/app/bags/user95_2017-02-24.bag;0.834065854549408;0.0;0.9619645476341248;0.0;0.7960547501412467;0.9444047902630928;0.055595209736907236
1731801318.3104014;/app/bags/user95_2017-02-24.bag;0.834065854549408;0.0;0.9619645476341248;0.0;0.7960547501412467;0.9444047902630928;0.055595209736907236
1731801318.5103812;/app/bags/user95_2017-02-24.bag;0.834065854549408;0.0;0.9619645476341248;0.0;0.7960547501412467;0.9444047902630928;0.055595209736907236
1731801318.710378;/app/bags/user95_2017-02-24.bag;0.834065854549408;0.0;0.9619645476341248;0.0;0.7960547501412467;0.9444047902630928;0.055595209736907236
1731801318.9104288;/app/bags/user95_2017-02-24.bag;0.834065854549408;0.0;0.9619645476341248;0.0;0.7960547501412467;0.9444047902630928;0.055595209736907236
1731801319.1103745;/app/bags/user95_2017-02-24.bag;0.834065854549408;0.0;0.9619645476341248;0.0;0.7960547501412467;0.9444047902630928;0.055595209736907236
1731801319.3104146;/app/bags/user95_2017-02-24.bag;0.834065854549408;0.0;0.9619645476341248;0.0;0.7960547501412467;0.9444047902630928;0.055595209736907236
1731801319.510517;/app/bags/user95_2017-02-24.bag;0.834065854549408;0.0;0.9619645476341248;0.0;0.7960547501412467;0.9444047902630928;0.055595209736907236
1731801319.7103832;/app/bags/user95_2017-02-24.bag;0.834065854549408;0.0;0.9619645476341248;0.0;0.7960547501412467;0.9444047902630928;0.055595209736907236
1731801319.9104075;/app/bags/user95_2017-02-24.bag;0.834065854549408;0.0;0.9619645476341248;0.0;0.7960547501412467;0.9444047902630928;0.055595209736907236
1731801320.1104147;/app/bags/user95_2017-02-24.bag;0.834065854549408;0.0;0.9619645476341248;0.0;0.7960547501412467;0.9444047902630928;0.055595209736907236
1731801320.310401;/app/bags/user95_2017-02-24.bag;0.834065854549408;0.0;0.9619645476341248;0.0;0.7960547501412467;0.9444047902630928;0.055595209736907236
1731801320.5104473;/app/bags/user95_2017-02-24.bag;0.834065854549408;0.0;0.9619645476341248;0.0;0.7960547501412467;0.9444047902630928;0.055595209736907236
1731801320.710435;/app/bags/user95_2017-02-24.bag;0.834065854549408;0.0;0.9619645476341248;0.0;0.7960547501412467;0.9444047902630928;0.055595209736907236
1731801320.9104078;/app/bags/user95_2017-02-24.bag;0.834065854549408;0.0;0.9619645476341248;0.0;0.7960547501412467;0.9444047902630928;0.055595209736907236
1731801321.1103923;/app/bags/user95_2017-02-24.bag;0.834065854549408;0.0;0.9619645476341248;0.0;0.7960547501412467;0.9444047902630928;0.055595209736907236
1731801321.310541;/app/bags/user95_2017-02-24.bag;0.834065854549408;0.0;0.9619645476341248;0.0;0.7960547501412467;0.9444047902630928;0.055595209736907236
1731801321.5103736;/app/bags/user95_2017-02-24.bag;0.834065854549408;0.0;0.9619645476341248;0.0;0.7960547501412467;0.9444047902630928;0.055595209736907236
1731801321.7104301;/app/bags/user95_2017-02-24.bag;0.834065854549408;0.0;0.9619645476341248;0.0;0.7960547501412467;0.9444047902630928;0.055595209736907236
1731801321.9104204;/app/bags/user95_2017-02-24.bag;0.834065854549408;0.0;0.9619645476341248;0.0;0.7960547501412467;0.9444047902630928;0.055595209736907236
1731801322.1103933;/app/bags/user95_2017-02-24.bag;0.834065854549408;0.0;0.9619645476341248;0.0;0.7960547501412467;0.9444047902630928;0.055595209736907236
1731801322.3105004;/app/bags/user95_2017-02-24.bag;0.834065854549408;0.0;0.9619645476341248;0.0;0.7960547501412467;0.9444047902630928;0.055595209736907236
1731801322.5104702;/app/bags/user95_2017-02-24.bag;0.834065854549408;0.0;0.9619645476341248;0.0;0.7960547501412467;0.9444047902630928;0.055595209736907236
1731801322.7104132;/app/bags/user95_2017-02-24.bag;0.834065854549408;0.0;0.9619645476341248;0.0;0.7960547501412467;0.9444047902630928;0.055595209736907236
1731801322.9104254;/app/bags/user95_2017-02-24.bag;0.834065854549408;0.0;0.9619645476341248;0.0;0.7960547501412467;0.9444047902630928;0.055595209736907236
1731801323.110375;/app/bags/user95_2017-02-24.bag;0.834065854549408;0.0;0.9619645476341248;0.0;0.7960547501412467;0.9444047902630928;0.055595209736907236
1731801323.31037;/app/bags/user95_2017-02-24.bag;0.834065854549408;0.0;0.9619645476341248;0.0;0.7960547501412467;0.9444047902630928;0.055595209736907236
1731801323.510407;/app/bags/user95_2017-02-24.bag;0.834065854549408;0.0;0.9619645476341248;0.0;0.7960547501412467;0.9444047902630928;0.055595209736907236
1731801323.710411;/app/bags/user95_2017-02-24.bag;0.834065854549408;0.0;0.9619645476341248;0.0;0.7960547501412467;0.9444047902630928;0.055595209736907236
1731801323.910392;/app/bags/user95_2017-02-24.bag;0.834065854549408;0.0;0.9619645476341248;0.0;0.7960547501412467;0.9444047902630928;0.055595209736907236
1731801324.1104338;/app/bags/user95_2017-02-24.bag;0.834065854549408;0.0;0.9619645476341248;0.0;0.7960547501412467;0.9444047902630928;0.055595209736907236
1731801324.3104222;/app/bags/user95_2017-02-24.bag;0.834065854549408;0.0;0.9619645476341248;0.0;0.7960547501412467;0.9444047902630928;0.055595209736907236
1731801324.5103903;/app/bags/user95_2017-02-24.bag;0.834065854549408;0.0;0.9619645476341248;0.0;0.7960547501412467;0.9444047902630928;0.055595209736907236
1731801324.7103996;/app/bags/user95_2017-02-24.bag;0.834065854549408;0.0;0.9619645476341248;0.0;0.7960547501412467;0.9444047902630928;0.055595209736907236
1731801324.910417;/app/bags/user95_2017-02-24.bag;0.834065854549408;0.0;0.9619645476341248;0.0;0.7960547501412467;0.9444047902630928;0.055595209736907236
1731801325.1104004;/app/bags/user95_2017-02-24.bag;0.834065854549408;0.0;0.9619645476341248;0.0;0.7960547501412467;0.9444047902630928;0.055595209736907236
1731801325.3103988;/app/bags/user95_2017-02-24.bag;0.834065854549408;0.0;0.9619645476341248;0.0;0.7960547501412467;0.9444047902630928;0.055595209736907236
1731801325.5104058;/app/bags/user95_2017-02-24.bag;0.834065854549408;0.0;0.9619645476341248;0.0;0.7960547501412467;0.9444047902630928;0.055595209736907236
1731801325.7104385;/app/bags/user95_2017-02-24.bag;0.834065854549408;0.0;0.9619645476341248;0.0;0.7960547501412467;0.9444047902630928;0.055595209736907236
1731801325.9104424;/app/bags/user95_2017-02-24.bag;0.834065854549408;0.0;0.9619645476341248;0.0;0.7960547501412467;0.9444047902630928;0.055595209736907236
1731801326.1103776;/app/bags/user95_2017-02-24.bag;0.834065854549408;0.0;0.9619645476341248;0.0;0.7960547501412467;0.9444047902630928;0.055595209736907236
1731801326.310385;/app/bags/user95_2017-02-24.bag;0.834065854549408;0.0;0.9619645476341248;0.0;0.7960547501412467;0.9444047902630928;0.055595209736907236
1731801326.5104315;/app/bags/user95_2017-02-24.bag;0.834065854549408;0.0;0.9619645476341248;0.0;0.7960547501412467;0.9444047902630928;0.055595209736907236
1731801326.7103837;/app/bags/user95_2017-02-24.bag;0.834065854549408;0.0;0.9619645476341248;0.0;0.7960547501412467;0.9444047902630928;0.055595209736907236
1731801326.910405;/app/bags/user95_2017-02-24.bag;0.834065854549408;0.0;0.9619645476341248;0.0;0.7960547501412467;0.9444047902630928;0.055595209736907236
1731801327.1103902;/app/bags/user95_2017-02-24.bag;0.834065854549408;0.0;0.9619645476341248;0.0;0.7960547501412467;0.9444047902630928;0.055595209736907236
1731801327.3104134;/app/bags/user95_2017-02-24.bag;0.834065854549408;0.0;0.9619645476341248;0.0;0.7960547501412467;0.9444047902630928;0.055595209736907236
1731801327.5104735;/app/bags/user95_2017-02-24.bag;0.834065854549408;0.0;0.9619645476341248;0.0;0.7960547501412467;0.9444047902630928;0.055595209736907236
1731801327.710362;/app/bags/user95_2017-02-24.bag;0.834065854549408;0.0;0.9619645476341248;0.0;0.7960547501412467;0.9444047902630928;0.055595209736907236
1731801327.9104373;/app/bags/user95_2017-02-24.bag;0.834065854549408;0.0;0.9619645476341248;0.0;0.7960547501412467;0.9444047902630928;0.055595209736907236
1731801328.110401;/app/bags/user95_2017-02-24.bag;0.834065854549408;0.0;0.9619645476341248;0.0;0.7960547501412467;0.9444047902630928;0.055595209736907236
1731801328.3102846;/app/bags/user95_2017-02-24.bag;0.834065854549408;0.0;0.9619645476341248;0.0;0.7960547501412467;0.9444047902630928;0.055595209736907236
1731801328.5104022;/app/bags/user95_2017-02-24.bag;0.834065854549408;0.0;0.9619645476341248;0.0;0.7960547501412467;0.9444047902630928;0.055595209736907236
1731801328.7103994;/app/bags/user95_2017-02-24.bag;0.834065854549408;0.0;0.9619645476341248;0.0;0.7960547501412467;0.9444047902630928;0.055595209736907236
1731801328.9104068;/app/bags/user95_2017-02-24.bag;0.834065854549408;0.0;0.9619645476341248;0.0;0.7960547501412467;0.9444047902630928;0.055595209736907236
1731801329.1104727;/app/bags/user95_2017-02-24.bag;0.834065854549408;0.0;0.9619645476341248;0.0;0.7960547501412467;0.9444047902630928;0.055595209736907236
1731801329.3103836;/app/bags/user95_2017-02-24.bag;0.834065854549408;0.0;0.9619645476341248;0.0;0.7960547501412467;0.9444047902630928;0.055595209736907236
1731801329.5103986;/app/bags/user95_2017-02-24.bag;0.834065854549408;0.0;0.9619645476341248;0.0;0.7960547501412467;0.9444047902630928;0.055595209736907236
1731801329.7104013;/app/bags/user95_2017-02-24.bag;0.834065854549408;0.0;0.9619645476341248;0.0;0.7960547501412467;0.9444047902630928;0.055595209736907236
1731801329.910398;/app/bags/user95_2017-02-24.bag;0.834065854549408;0.0;0.9619645476341248;0.0;0.7960547501412467;0.9444047902630928;0.055595209736907236
1731801330.1103897;/app/bags/user95_2017-02-24.bag;0.834065854549408;0.0;0.9619645476341248;0.0;0.7960547501412467;0.9444047902630928;0.055595209736907236
1731801330.3103783;/app/bags/user95_2017-02-24.bag;0.834065854549408;0.0;0.9619645476341248;0.0;0.7960547501412467;0.9444047902630928;0.055595209736907236
1731801330.5103605;/app/bags/user95_2017-02-24.bag;0.834065854549408;0.0;0.9619645476341248;0.0;0.7960547501412467;0.9444047902630928;0.055595209736907236
1731801330.7103727;/app/bags/user95_2017-02-24.bag;0.834065854549408;0.0;0.9619645476341248;0.0;0.7960547501412467;0.9444047902630928;0.055595209736907236
1731801330.9104292;/app/bags/user95_2017-02-24.bag;0.834065854549408;0.0;0.9619645476341248;0.0;0.7960547501412467;0.9444047902630928;0.055595209736907236
1731801331.110424;/app/bags/user95_2017-02-24.bag;0.834065854549408;0.0;0.9619645476341248;0.0;0.7960547501412467;0.9444047902630928;0.055595209736907236
1731801331.310365;/app/bags/user95_2017-02-24.bag;0.834065854549408;0.0;0.9619645476341248;0.0;0.7960547501412467;0.9444047902630928;0.055595209736907236
1731801331.5103705;/app/bags/user95_2017-02-24.bag;0.834065854549408;0.0;0.9619645476341248;0.0;0.7960547501412467;0.9444047902630928;0.055595209736907236
1731801331.7104127;/app/bags/user95_2017-02-24.bag;0.834065854549408;0.0;0.9619645476341248;0.0;0.7960547501412467;0.9444047902630928;0.055595209736907236
1731801331.910365;/app/bags/user95_2017-02-24.bag;0.834065854549408;0.0;0.9619645476341248;0.0;0.7960547501412467;0.9444047902630928;0.055595209736907236
1731801332.1106272;/app/bags/user95_2017-02-24.bag;0.834065854549408;0.0;0.9619645476341248;0.0;0.7960547501412467;0.9444047902630928;0.055595209736907236
1731801332.310392;/app/bags/user95_2017-02-24.bag;0.834065854549408;0.0;0.9619645476341248;0.0;0.7960547501412467;0.9444047902630928;0.055595209736907236
1731801332.5103493;/app/bags/user95_2017-02-24.bag;0.834065854549408;0.0;0.9619645476341248;0.0;0.7960547501412467;0.9444047902630928;0.055595209736907236
1731801332.710412;/app/bags/user95_2017-02-24.bag;0.834065854549408;0.0;0.9619645476341248;0.0;0.7960547501412467;0.9444047902630928;0.055595209736907236
1731801332.9104266;/app/bags/user95_2017-02-24.bag;0.834065854549408;0.0;0.9619645476341248;0.0;0.7960547501412467;0.9444047902630928;0.055595209736907236
1731801333.1104398;/app/bags/user95_2017-02-24.bag;0.834065854549408;0.0;0.9619645476341248;0.0;0.7960547501412467;0.9444047902630928;0.055595209736907236
1731801333.310384;/app/bags/user95_2017-02-24.bag;0.834065854549408;0.0;0.9619645476341248;0.0;0.7960547501412467;0.9444047902630928;0.055595209736907236
1731801333.510384;/app/bags/user95_2017-02-24.bag;0.834065854549408;0.0;0.9619645476341248;0.0;0.7960547501412467;0.9444047902630928;0.055595209736907236
1731801333.7103944;/app/bags/user95_2017-02-24.bag;0.834065854549408;0.0;0.9619645476341248;0.0;0.7960547501412467;0.9444047902630928;0.055595209736907236
1731801333.91041;/app/bags/user95_2017-02-24.bag;0.834065854549408;0.0;0.9619645476341248;0.0;0.7960547501412467;0.9444047902630928;0.055595209736907236
1731801334.1104069;/app/bags/user95_2017-02-24.bag;0.834065854549408;0.0;0.9619645476341248;0.0;0.7960547501412467;0.9444047902630928;0.055595209736907236
1731801334.310451;/app/bags/user95_2017-02-24.bag;0.834065854549408;0.0;0.9619645476341248;0.0;0.7960547501412467;0.9444047902630928;0.055595209736907236
1731801334.510417;/app/bags/user95_2017-02-24.bag;0.834065854549408;0.0;0.9619645476341248;0.0;0.7960547501412467;0.9444047902630928;0.055595209736907236
1731801334.7105646;/app/bags/user95_2017-02-24.bag;0.834065854549408;0.0;0.9619645476341248;0.0;0.7960547501412467;0.9444047902630928;0.055595209736907236
1731801334.9104116;/app/bags/user95_2017-02-24.bag;0.834065854549408;0.0;0.9619645476341248;0.0;0.7960547501412467;0.9444047902630928;0.055595209736907236
1731801335.1103857;/app/bags/user95_2017-02-24.bag;0.834065854549408;0.0;0.9619645476341248;0.0;0.7960547501412467;0.9444047902630928;0.055595209736907236
1731801335.3103821;/app/bags/user95_2017-02-24.bag;0.834065854549408;0.0;0.9619645476341248;0.0;0.7960547501412467;0.9444047902630928;0.055595209736907236
1731801335.5105224;/app/bags/user95_2017-02-24.bag;0.834065854549408;0.0;0.9619645476341248;0.0;0.7960547501412467;0.9444047902630928;0.055595209736907236
1731801335.7103808;/app/bags/user95_2017-02-24.bag;0.834065854549408;0.0;0.9619645476341248;0.0;0.7960547501412467;0.9444047902630928;0.055595209736907236
1731801335.9104238;/app/bags/user95_2017-02-24.bag;0.834065854549408;0.0;0.9619645476341248;0.0;0.7960547501412467;0.9444047902630928;0.055595209736907236
1731801336.1103957;/app/bags/user95_2017-02-24.bag;0.834065854549408;0.0;0.9619645476341248;0.0;0.7960547501412467;0.9444047902630928;0.055595209736907236
1731801336.3104184;/app/bags/user95_2017-02-24.bag;0.834065854549408;0.0;0.9619645476341248;0.0;0.7960547501412467;0.9444047902630928;0.055595209736907236
1731801336.510375;/app/bags/user95_2017-02-24.bag;0.834065854549408;0.0;0.9619645476341248;0.0;0.7960547501412467;0.9444047902630928;0.055595209736907236
1731801336.7104053;/app/bags/user95_2017-02-24.bag;0.834065854549408;0.0;0.9619645476341248;0.0;0.7960547501412467;0.9444047902630928;0.055595209736907236
1731801336.9103818;/app/bags/user95_2017-02-24.bag;0.834065854549408;0.0;0.9619645476341248;0.0;0.7960547501412467;0.9444047902630928;0.055595209736907236
1731801337.1103904;/app/bags/user95_2017-02-24.bag;0.834065854549408;0.0;0.9619645476341248;0.0;0.7960547501412467;0.9444047902630928;0.055595209736907236
1731801337.310383;/app/bags/user95_2017-02-24.bag;0.834065854549408;0.0;0.9619645476341248;0.0;0.7960547501412467;0.9444047902630928;0.055595209736907236
1731801337.510407;/app/bags/user95_2017-02-24.bag;0.834065854549408;0.0;0.9619645476341248;0.0;0.7960547501412467;0.9444047902630928;0.055595209736907236
1731801337.7103925;/app/bags/user95_2017-02-24.bag;0.834065854549408;0.0;0.9619645476341248;0.0;0.7960547501412467;0.9444047902630928;0.055595209736907236
1731801337.9104166;/app/bags/user95_2017-02-24.bag;0.834065854549408;0.0;0.9619645476341248;0.0;0.7960547501412467;0.9444047902630928;0.055595209736907236
1731801338.110472;/app/bags/user95_2017-02-24.bag;0.834065854549408;0.0;0.9619645476341248;0.0;0.7960547501412467;0.9444047902630928;0.055595209736907236
1731801338.3104248;/app/bags/user95_2017-02-24.bag;0.834065854549408;0.0;0.9619645476341248;0.0;0.7960547501412467;0.9444047902630928;0.055595209736907236
1731801338.5104;/app/bags/user95_2017-02-24.bag;0.834065854549408;0.0;0.9619645476341248;0.0;0.7960547501412467;0.9444047902630928;0.055595209736907236
1731801338.710374;/app/bags/user95_2017-02-24.bag;0.834065854549408;0.0;0.9619645476341248;0.0;0.7960547501412467;0.9444047902630928;0.055595209736907236
1731801338.9104261;/app/bags/user95_2017-02-24.bag;0.834065854549408;0.0;0.9619645476341248;0.0;0.7960547501412467;0.9444047902630928;0.055595209736907236
1731801339.1104562;/app/bags/user95_2017-02-24.bag;0.834065854549408;0.0;0.9619645476341248;0.0;0.7960547501412467;0.9444047902630928;0.055595209736907236
1731801339.3104153;/app/bags/user95_2017-02-24.bag;0.834065854549408;0.0;0.9619645476341248;0.0;0.7960547501412467;0.9444047902630928;0.055595209736907236
1731801339.5103965;/app/bags/user95_2017-02-24.bag;0.834065854549408;0.0;0.9619645476341248;0.0;0.7960547501412467;0.9444047902630928;0.055595209736907236
1731801339.7103972;/app/bags/user95_2017-02-24.bag;0.834065854549408;0.0;0.9619645476341248;0.0;0.7960547501412467;0.9444047902630928;0.055595209736907236
1731801339.9104223;/app/bags/user95_2017-02-24.bag;0.834065854549408;0.0;0.9619645476341248;0.0;0.7960547501412467;0.9444047902630928;0.055595209736907236
1731801340.1103954;/app/bags/user95_2017-02-24.bag;0.834065854549408;0.0;0.9619645476341248;0.0;0.7960547501412467;0.9444047902630928;0.055595209736907236
1731801340.3104289;/app/bags/user95_2017-02-24.bag;0.834065854549408;0.0;0.9619645476341248;0.0;0.7960547501412467;0.9444047902630928;0.055595209736907236
1731801340.5103931;/app/bags/user95_2017-02-24.bag;0.834065854549408;0.0;0.9619645476341248;0.0;0.7960547501412467;0.9444047902630928;0.055595209736907236
1731801340.7104218;/app/bags/user95_2017-02-24.bag;0.834065854549408;0.0;0.9619645476341248;0.0;0.7960547501412467;0.9444047902630928;0.055595209736907236
1731801340.9104514;/app/bags/user95_2017-02-24.bag;0.834065854549408;0.0;0.9619645476341248;0.0;0.7960547501412467;0.9444047902630928;0.055595209736907236
1731801341.1103964;/app/bags/user95_2017-02-24.bag;0.834065854549408;0.0;0.9619645476341248;0.0;0.7960547501412467;0.9444047902630928;0.055595209736907236
1731801341.310403;/app/bags/user95_2017-02-24.bag;0.834065854549408;0.0;0.9619645476341248;0.0;0.7960547501412467;0.9444047902630928;0.055595209736907236
1731801341.510435;/app/bags/user95_2017-02-24.bag;0.834065854549408;0.0;0.9619645476341248;0.0;0.7960547501412467;0.9444047902630928;0.055595209736907236
1731801341.7103772;/app/bags/user95_2017-02-24.bag;0.834065854549408;0.0;0.9619645476341248;0.0;0.7960547501412467;0.9444047902630928;0.055595209736907236
1731801341.910451;/app/bags/user95_2017-02-24.bag;0.834065854549408;0.0;0.9619645476341248;0.0;0.7960547501412467;0.9444047902630928;0.055595209736907236
1731801342.11041;/app/bags/user95_2017-02-24.bag;0.834065854549408;0.0;0.9619645476341248;0.0;0.7960547501412467;0.9444047902630928;0.055595209736907236
1731801342.3103964;/app/bags/user95_2017-02-24.bag;0.834065854549408;0.0;0.9619645476341248;0.0;0.7960547501412467;0.9444047902630928;0.055595209736907236
1731801342.5104265;/app/bags/user95_2017-02-24.bag;0.834065854549408;0.0;0.9619645476341248;0.0;0.7960547501412467;0.9444047902630928;0.055595209736907236
1731801342.7104073;/app/bags/user95_2017-02-24.bag;0.834065854549408;0.0;0.9619645476341248;0.0;0.7960547501412467;0.9444047902630928;0.055595209736907236
1731801342.910406;/app/bags/user95_2017-02-24.bag;0.834065854549408;0.0;0.9619645476341248;0.0;0.7960547501412467;0.9444047902630928;0.055595209736907236
1731801343.1105509;/app/bags/user95_2017-02-24.bag;0.834065854549408;0.0;0.9619645476341248;0.0;0.7960547501412467;0.9444047902630928;0.055595209736907236
1731801343.3104134;/app/bags/user95_2017-02-24.bag;0.834065854549408;0.0;0.9619645476341248;0.0;0.7960547501412467;0.9444047902630928;0.055595209736907236
1731801343.5103796;/app/bags/user95_2017-02-24.bag;0.834065854549408;0.0;0.9619645476341248;0.0;0.7960547501412467;0.9444047902630928;0.055595209736907236
1731801343.7104049;/app/bags/user95_2017-02-24.bag;0.834065854549408;0.0;0.9619645476341248;0.0;0.7960547501412467;0.9444047902630928;0.055595209736907236
1731801343.9104238;/app/bags/user95_2017-02-24.bag;0.834065854549408;0.0;0.9619645476341248;0.0;0.7960547501412467;0.9444047902630928;0.055595209736907236
1731801344.1107037;/app/bags/user95_2017-02-24.bag;0.834065854549408;0.0;0.9619645476341248;0.0;0.7960547501412467;0.9444047902630928;0.055595209736907236
1731801344.310414;/app/bags/user95_2017-02-24.bag;0.834065854549408;0.0;0.9619645476341248;0.0;0.7960547501412467;0.9444047902630928;0.055595209736907236
1731801344.5103729;/app/bags/user95_2017-02-24.bag;0.834065854549408;0.0;0.9619645476341248;0.0;0.7960547501412467;0.9444047902630928;0.055595209736907236
1731801344.71036;/app/bags/user95_2017-02-24.bag;0.834065854549408;0.0;0.9619645476341248;0.0;0.7960547501412467;0.9444047902630928;0.055595209736907236
1731801344.9106493;/app/bags/user95_2017-02-24.bag;0.834065854549408;0.0;0.9619645476341248;0.0;0.7960547501412467;0.9444047902630928;0.055595209736907236
1731801345.1103892;/app/bags/user95_2017-02-24.bag;0.834065854549408;0.0;0.9619645476341248;0.0;0.7960547501412467;0.9444047902630928;0.055595209736907236
1731801345.310415;/app/bags/user95_2017-02-24.bag;0.834065854549408;0.0;0.9619645476341248;0.0;0.7960547501412467;0.9444047902630928;0.055595209736907236
1731801345.5103843;/app/bags/user95_2017-02-24.bag;0.834065854549408;0.0;0.9619645476341248;0.0;0.7960547501412467;0.9444047902630928;0.055595209736907236
1731801345.710395;/app/bags/user95_2017-02-24.bag;0.834065854549408;0.0;0.9619645476341248;0.0;0.7960547501412467;0.9444047902630928;0.055595209736907236
1731801345.9104137;/app/bags/user95_2017-02-24.bag;0.834065854549408;0.0;0.9619645476341248;0.0;0.7960547501412467;0.9444047902630928;0.055595209736907236
1731801346.1104438;/app/bags/user95_2017-02-24.bag;0.834065854549408;0.0;0.9619645476341248;0.0;0.7960547501412467;0.9444047902630928;0.055595209736907236
1731801346.3104427;/app/bags/user95_2017-02-24.bag;0.834065854549408;0.0;0.9619645476341248;0.0;0.7960547501412467;0.9444047902630928;0.055595209736907236
1731801346.5104074;/app/bags/user95_2017-02-24.bag;0.834065854549408;0.0;0.9619645476341248;0.0;0.7960547501412467;0.9444047902630928;0.055595209736907236
1731801346.7104094;/app/bags/user95_2017-02-24.bag;0.834065854549408;0.0;0.9619645476341248;0.0;0.7960547501412467;0.9444047902630928;0.055595209736907236
1731801346.9103582;/app/bags/user95_2017-02-24.bag;0.834065854549408;0.0;0.9619645476341248;0.0;0.7960547501412467;0.9444047902630928;0.055595209736907236
1731801347.1104174;/app/bags/user95_2017-02-24.bag;0.834065854549408;0.0;0.9619645476341248;0.0;0.7960547501412467;0.9444047902630928;0.055595209736907236
1731801347.3103888;/app/bags/user95_2017-02-24.bag;0.834065854549408;0.0;0.9619645476341248;0.0;0.7960547501412467;0.9444047902630928;0.055595209736907236
1731801347.5104089;/app/bags/user95_2017-02-24.bag;0.834065854549408;0.0;0.9619645476341248;0.0;0.7960547501412467;0.9444047902630928;0.055595209736907236
1731801347.7103846;/app/bags/user95_2017-02-24.bag;0.834065854549408;0.0;0.9619645476341248;0.0;0.7960547501412467;0.9444047902630928;0.055595209736907236
1731801347.9103603;/app/bags/user95_2017-02-24.bag;0.834065854549408;0.0;0.9619645476341248;0.0;0.7960547501412467;0.9444047902630928;0.055595209736907236
1731801348.1104574;/app/bags/user95_2017-02-24.bag;0.834065854549408;0.0;0.9619645476341248;0.0;0.7960547501412467;0.9444047902630928;0.055595209736907236
1731801348.3104205;/app/bags/user95_2017-02-24.bag;0.834065854549408;0.0;0.9619645476341248;0.0;0.7960547501412467;0.9444047902630928;0.055595209736907236
1731801348.5103903;/app/bags/user95_2017-02-24.bag;0.834065854549408;0.0;0.9619645476341248;0.0;0.7960547501412467;0.9444047902630928;0.055595209736907236
1731801348.710384;/app/bags/user95_2017-02-24.bag;0.834065854549408;0.0;0.9619645476341248;0.0;0.7960547501412467;0.9444047902630928;0.055595209736907236
1731801348.910373;/app/bags/user95_2017-02-24.bag;0.834065854549408;0.0;0.9619645476341248;0.0;0.7960547501412467;0.9444047902630928;0.055595209736907236
1731801349.1104069;/app/bags/user95_2017-02-24.bag;0.834065854549408;0.0;0.9619645476341248;0.0;0.7960547501412467;0.9444047902630928;0.055595209736907236
1731801349.3103619;/app/bags/user95_2017-02-24.bag;0.834065854549408;0.0;0.9619645476341248;0.0;0.7960547501412467;0.9444047902630928;0.055595209736907236
1731801349.510362;/app/bags/user95_2017-02-24.bag;0.834065854549408;0.0;0.9619645476341248;0.0;0.7960547501412467;0.9444047902630928;0.055595209736907236
1731801349.7103791;/app/bags/user95_2017-02-24.bag;0.834065854549408;0.0;0.9619645476341248;0.0;0.7960547501412467;0.9444047902630928;0.055595209736907236
1731801349.9103968;/app/bags/user95_2017-02-24.bag;0.834065854549408;0.0;0.9619645476341248;0.0;0.7960547501412467;0.9444047902630928;0.055595209736907236
1731801350.1103973;/app/bags/user95_2017-02-24.bag;0.834065854549408;0.0;0.9619645476341248;0.0;0.7960547501412467;0.9444047902630928;0.055595209736907236
1731801350.3104303;/app/bags/user95_2017-02-24.bag;0.834065854549408;0.0;0.9619645476341248;0.0;0.7960547501412467;0.9444047902630928;0.055595209736907236
1731801350.5104225;/app/bags/user95_2017-02-24.bag;0.834065854549408;0.0;0.9619645476341248;0.0;0.7960547501412467;0.9444047902630928;0.055595209736907236
1731801350.7104063;/app/bags/user95_2017-02-24.bag;0.834065854549408;0.0;0.9619645476341248;0.0;0.7960547501412467;0.9444047902630928;0.055595209736907236
1731801350.9104125;/app/bags/user95_2017-02-24.bag;0.834065854549408;0.0;0.9619645476341248;0.0;0.7960547501412467;0.9444047902630928;0.055595209736907236
1731801351.1104085;/app/bags/user95_2017-02-24.bag;0.834065854549408;0.0;0.9619645476341248;0.0;0.7960547501412467;0.9444047902630928;0.055595209736907236
1731801351.3104172;/app/bags/user95_2017-02-24.bag;0.834065854549408;0.0;0.9619645476341248;0.0;0.7960547501412467;0.9444047902630928;0.055595209736907236
1731801351.5104737;/app/bags/user95_2017-02-24.bag;0.834065854549408;0.0;0.9619645476341248;0.0;0.7960547501412467;0.9444047902630928;0.055595209736907236
1731801351.710448;/app/bags/user95_2017-02-24.bag;0.834065854549408;0.0;0.9619645476341248;0.0;0.7960547501412467;0.9444047902630928;0.055595209736907236
1731801351.9104187;/app/bags/user95_2017-02-24.bag;0.834065854549408;0.0;0.9619645476341248;0.0;0.7960547501412467;0.9444047902630928;0.055595209736907236
1731801352.1103756;/app/bags/user95_2017-02-24.bag;0.834065854549408;0.0;0.9619645476341248;0.0;0.7960547501412467;0.9444047902630928;0.055595209736907236
1731801352.3104165;/app/bags/user95_2017-02-24.bag;0.834065854549408;0.0;0.9619645476341248;0.0;0.7960547501412467;0.9444047902630928;0.055595209736907236
1731801352.5103846;/app/bags/user95_2017-02-24.bag;0.834065854549408;0.0;0.9619645476341248;0.0;0.7960547501412467;0.9444047902630928;0.055595209736907236
1731801352.710441;/app/bags/user95_2017-02-24.bag;0.834065854549408;0.0;0.9619645476341248;0.0;0.7960547501412467;0.9444047902630928;0.055595209736907236
1731801352.9103718;/app/bags/user95_2017-02-24.bag;0.834065854549408;0.0;0.9619645476341248;0.0;0.7960547501412467;0.9444047902630928;0.055595209736907236
1731801353.1104465;/app/bags/user95_2017-02-24.bag;0.834065854549408;0.0;0.9619645476341248;0.0;0.7960547501412467;0.9444047902630928;0.055595209736907236
1731801353.3103878;/app/bags/user95_2017-02-24.bag;0.834065854549408;0.0;0.9619645476341248;0.0;0.7960547501412467;0.9444047902630928;0.055595209736907236
1731801353.5103908;/app/bags/user95_2017-02-24.bag;0.834065854549408;0.0;0.9619645476341248;0.0;0.7960547501412467;0.9444047902630928;0.055595209736907236
1731801353.7103481;/app/bags/user95_2017-02-24.bag;0.834065854549408;0.0;0.9619645476341248;0.0;0.7960547501412467;0.9444047902630928;0.055595209736907236
1731801353.910394;/app/bags/user95_2017-02-24.bag;0.834065854549408;0.0;0.9619645476341248;0.0;0.7960547501412467;0.9444047902630928;0.055595209736907236
1731801354.110398;/app/bags/user95_2017-02-24.bag;0.834065854549408;0.0;0.9619645476341248;0.0;0.7960547501412467;0.9444047902630928;0.055595209736907236
1731801354.3104002;/app/bags/user95_2017-02-24.bag;0.834065854549408;0.0;0.9619645476341248;0.0;0.7960547501412467;0.9444047902630928;0.055595209736907236
1731801354.5103707;/app/bags/user95_2017-02-24.bag;0.834065854549408;0.0;0.9619645476341248;0.0;0.7960547501412467;0.9444047902630928;0.055595209736907236
1731801354.71024;/app/bags/user95_2017-02-24.bag;0.834065854549408;0.0;0.9619645476341248;0.0;0.7960547501412467;0.9444047902630928;0.055595209736907236
1731801354.9104173;/app/bags/user95_2017-02-24.bag;0.834065854549408;0.0;0.9619645476341248;0.0;0.7960547501412467;0.9444047902630928;0.055595209736907236
1731801355.1103969;/app/bags/user95_2017-02-24.bag;0.834065854549408;0.0;0.9619645476341248;0.0;0.7960547501412467;0.9444047902630928;0.055595209736907236
1731801355.3103964;/app/bags/user95_2017-02-24.bag;0.834065854549408;0.0;0.9619645476341248;0.0;0.7960547501412467;0.9444047902630928;0.055595209736907236
1731801355.5103893;/app/bags/user95_2017-02-24.bag;0.834065854549408;0.0;0.9619645476341248;0.0;0.7960547501412467;0.9444047902630928;0.055595209736907236
1731801355.7104025;/app/bags/user95_2017-02-24.bag;0.834065854549408;0.0;0.9619645476341248;0.0;0.7960547501412467;0.9444047902630928;0.055595209736907236
1731801355.9105072;/app/bags/user95_2017-02-24.bag;0.834065854549408;0.0;0.9619645476341248;0.0;0.7960547501412467;0.9444047902630928;0.055595209736907236
1731801356.1104844;/app/bags/user95_2017-02-24.bag;0.834065854549408;0.0;0.9619645476341248;0.0;0.7960547501412467;0.9444047902630928;0.055595209736907236
1731801356.3103976;/app/bags/user95_2017-02-24.bag;0.834065854549408;0.0;0.9619645476341248;0.0;0.7960547501412467;0.9444047902630928;0.055595209736907236
1731801356.5103889;/app/bags/user95_2017-02-24.bag;0.834065854549408;0.0;0.9619645476341248;0.0;0.7960547501412467;0.9444047902630928;0.055595209736907236
1731801356.7103643;/app/bags/user95_2017-02-24.bag;0.834065854549408;0.0;0.9619645476341248;0.0;0.7960547501412467;0.9444047902630928;0.055595209736907236
1731801356.9105294;/app/bags/user95_2017-02-24.bag;0.834065854549408;0.0;0.9619645476341248;0.0;0.7960547501412467;0.9444047902630928;0.055595209736907236
1731801357.1104202;/app/bags/user95_2017-02-24.bag;0.834065854549408;0.0;0.9619645476341248;0.0;0.7960547501412467;0.9444047902630928;0.055595209736907236
1731801357.3104174;/app/bags/user95_2017-02-24.bag;0.834065854549408;0.0;0.9619645476341248;0.0;0.7960547501412467;0.9444047902630928;0.055595209736907236
1731801357.5103798;/app/bags/user95_2017-02-24.bag;0.834065854549408;0.0;0.9619645476341248;0.0;0.7960547501412467;0.9444047902630928;0.055595209736907236
1731801357.7103753;/app/bags/user95_2017-02-24.bag;0.834065854549408;0.0;0.9619645476341248;0.0;0.7960547501412467;0.9444047902630928;0.055595209736907236
1731801357.910443;/app/bags/user95_2017-02-24.bag;0.834065854549408;0.0;0.9619645476341248;0.0;0.7960547501412467;0.9444047902630928;0.055595209736907236
1731801358.110406;/app/bags/user95_2017-02-24.bag;0.834065854549408;0.0;0.9619645476341248;0.0;0.7960547501412467;0.9444047902630928;0.055595209736907236
1731801358.31037;/app/bags/user95_2017-02-24.bag;0.834065854549408;0.0;0.9619645476341248;0.0;0.7960547501412467;0.9444047902630928;0.055595209736907236
1731801358.5104024;/app/bags/user95_2017-02-24.bag;0.834065854549408;0.0;0.9619645476341248;0.0;0.7960547501412467;0.9444047902630928;0.055595209736907236
1731801358.7104769;/app/bags/user95_2017-02-24.bag;0.834065854549408;0.0;0.9619645476341248;0.0;0.7960547501412467;0.9444047902630928;0.055595209736907236
1731801358.9106069;/app/bags/user95_2017-02-24.bag;0.834065854549408;0.0;0.9619645476341248;0.0;0.7960547501412467;0.9444047902630928;0.055595209736907236
1731801359.1104646;/app/bags/user95_2017-02-24.bag;0.834065854549408;0.0;0.9619645476341248;0.0;0.7960547501412467;0.9444047902630928;0.055595209736907236
1731801359.3104045;/app/bags/user95_2017-02-24.bag;0.834065854549408;0.0;0.9619645476341248;0.0;0.7960547501412467;0.9444047902630928;0.055595209736907236
1731801359.5104277;/app/bags/user95_2017-02-24.bag;0.834065854549408;0.0;0.9619645476341248;0.0;0.7960547501412467;0.9444047902630928;0.055595209736907236
1731801359.7104166;/app/bags/user95_2017-02-24.bag;0.834065854549408;0.0;0.9619645476341248;0.0;0.7960547501412467;0.9444047902630928;0.055595209736907236
1731801359.9104743;/app/bags/user95_2017-02-24.bag;0.834065854549408;0.0;0.9619645476341248;0.0;0.7960547501412467;0.9444047902630928;0.055595209736907236
1731801360.1104195;/app/bags/user95_2017-02-24.bag;0.834065854549408;0.0;0.9619645476341248;0.0;0.7960547501412467;0.9444047902630928;0.055595209736907236
1731801360.3104086;/app/bags/user95_2017-02-24.bag;0.834065854549408;0.0;0.9619645476341248;0.0;0.7960547501412467;0.9444047902630928;0.055595209736907236
1731801360.5106285;/app/bags/user95_2017-02-24.bag;0.834065854549408;0.0;0.9619645476341248;0.0;0.7960547501412467;0.9444047902630928;0.055595209736907236
1731801360.710388;/app/bags/user95_2017-02-24.bag;0.834065854549408;0.0;0.9619645476341248;0.0;0.7960547501412467;0.9444047902630928;0.055595209736907236
1731801360.9103937;/app/bags/user95_2017-02-24.bag;0.834065854549408;0.0;0.9619645476341248;0.0;0.7960547501412467;0.9444047902630928;0.055595209736907236
1731801361.1104853;/app/bags/user95_2017-02-24.bag;0.834065854549408;0.0;0.9619645476341248;0.0;0.7960547501412467;0.9444047902630928;0.055595209736907236
1731801361.3103547;/app/bags/user95_2017-02-24.bag;0.834065854549408;0.0;0.9619645476341248;0.0;0.7960547501412467;0.9444047902630928;0.055595209736907236
1731801361.5104306;/app/bags/user95_2017-02-24.bag;0.834065854549408;0.0;0.9619645476341248;0.0;0.7960547501412467;0.9444047902630928;0.055595209736907236
1731801361.7103708;/app/bags/user95_2017-02-24.bag;0.834065854549408;0.0;0.9619645476341248;0.0;0.7960547501412467;0.9444047902630928;0.055595209736907236
1731801361.9104002;/app/bags/user95_2017-02-24.bag;0.834065854549408;0.0;0.9619645476341248;0.0;0.7960547501412467;0.9444047902630928;0.055595209736907236
1731801362.1103797;/app/bags/user95_2017-02-24.bag;0.834065854549408;0.0;0.9619645476341248;0.0;0.7960547501412467;0.9444047902630928;0.055595209736907236
1731801362.3103848;/app/bags/user95_2017-02-24.bag;0.834065854549408;0.0;0.9619645476341248;0.0;0.7960547501412467;0.9444047902630928;0.055595209736907236
1731801362.5103905;/app/bags/user95_2017-02-24.bag;0.834065854549408;0.0;0.9619645476341248;0.0;0.7960547501412467;0.9444047902630928;0.055595209736907236
1731801362.7104096;/app/bags/user95_2017-02-24.bag;0.834065854549408;0.0;0.9619645476341248;0.0;0.7960547501412467;0.9444047902630928;0.055595209736907236
1731801362.9103854;/app/bags/user95_2017-02-24.bag;0.834065854549408;0.0;0.9619645476341248;0.0;0.7960547501412467;0.9444047902630928;0.055595209736907236
1731801363.1105068;/app/bags/user95_2017-02-24.bag;0.834065854549408;0.0;0.9619645476341248;0.0;0.7960547501412467;0.9444047902630928;0.055595209736907236
1731801363.3103685;/app/bags/user95_2017-02-24.bag;0.834065854549408;0.0;0.9619645476341248;0.0;0.7960547501412467;0.9444047902630928;0.055595209736907236
1731801363.5103757;/app/bags/user95_2017-02-24.bag;0.834065854549408;0.0;0.9619645476341248;0.0;0.7960547501412467;0.9444047902630928;0.055595209736907236
1731801363.7103748;/app/bags/user95_2017-02-24.bag;0.834065854549408;0.0;0.9619645476341248;0.0;0.7960547501412467;0.9444047902630928;0.055595209736907236
1731801363.9104083;/app/bags/user95_2017-02-24.bag;0.834065854549408;0.0;0.9619645476341248;0.0;0.7960547501412467;0.9444047902630928;0.055595209736907236
1731801364.1103466;/app/bags/user95_2017-02-24.bag;0.834065854549408;0.0;0.9619645476341248;0.0;0.7960547501412467;0.9444047902630928;0.055595209736907236
1731801364.310387;/app/bags/user95_2017-02-24.bag;0.834065854549408;0.0;0.9619645476341248;0.0;0.7960547501412467;0.9444047902630928;0.055595209736907236
1731801364.510375;/app/bags/user95_2017-02-24.bag;0.834065854549408;0.0;0.9619645476341248;0.0;0.7960547501412467;0.9444047902630928;0.055595209736907236
1731801364.7104044;/app/bags/user95_2017-02-24.bag;0.834065854549408;0.0;0.9619645476341248;0.0;0.7960547501412467;0.9444047902630928;0.055595209736907236
1731801364.9104018;/app/bags/user95_2017-02-24.bag;0.834065854549408;0.0;0.9619645476341248;0.0;0.7960547501412467;0.9444047902630928;0.055595209736907236
1731801365.1103904;/app/bags/user95_2017-02-24.bag;0.834065854549408;0.0;0.9619645476341248;0.0;0.7960547501412467;0.9444047902630928;0.055595209736907236
1731801365.3104098;/app/bags/user95_2017-02-24.bag;0.834065854549408;0.0;0.9619645476341248;0.0;0.7960547501412467;0.9444047902630928;0.055595209736907236
1731801365.51039;/app/bags/user95_2017-02-24.bag;0.834065854549408;0.0;0.9619645476341248;0.0;0.7960547501412467;0.9444047902630928;0.055595209736907236
1731801365.7103631;/app/bags/user95_2017-02-24.bag;0.834065854549408;0.0;0.9619645476341248;0.0;0.7960547501412467;0.9444047902630928;0.055595209736907236
1731801365.9104297;/app/bags/user95_2017-02-24.bag;0.834065854549408;0.0;0.9619645476341248;0.0;0.7960547501412467;0.9444047902630928;0.055595209736907236
1731801366.1104016;/app/bags/user95_2017-02-24.bag;0.834065854549408;0.0;0.9619645476341248;0.0;0.7960547501412467;0.9444047902630928;0.055595209736907236
1731801366.3104758;/app/bags/user95_2017-02-24.bag;0.834065854549408;0.0;0.9619645476341248;0.0;0.7960547501412467;0.9444047902630928;0.055595209736907236
1731801366.510428;/app/bags/user95_2017-02-24.bag;0.834065854549408;0.0;0.9619645476341248;0.0;0.7960547501412467;0.9444047902630928;0.055595209736907236
1731801366.7104576;/app/bags/user95_2017-02-24.bag;0.834065854549408;0.0;0.9619645476341248;0.0;0.7960547501412467;0.9444047902630928;0.055595209736907236
1731801366.9104064;/app/bags/user95_2017-02-24.bag;0.834065854549408;0.0;0.9619645476341248;0.0;0.7960547501412467;0.9444047902630928;0.055595209736907236
1731801367.1103952;/app/bags/user95_2017-02-24.bag;0.834065854549408;0.0;0.9619645476341248;0.0;0.7960547501412467;0.9444047902630928;0.055595209736907236
1731801367.3104203;/app/bags/user95_2017-02-24.bag;0.834065854549408;0.0;0.9619645476341248;0.0;0.7960547501412467;0.9444047902630928;0.055595209736907236
1731801367.5104225;/app/bags/user95_2017-02-24.bag;0.834065854549408;0.0;0.9619645476341248;0.0;0.7960547501412467;0.9444047902630928;0.055595209736907236
1731801367.7104194;/app/bags/user95_2017-02-24.bag;0.834065854549408;0.0;0.9619645476341248;0.0;0.7960547501412467;0.9444047902630928;0.055595209736907236
1731801367.9104428;/app/bags/user95_2017-02-24.bag;0.834065854549408;0.0;0.9619645476341248;0.0;0.7960547501412467;0.9444047902630928;0.055595209736907236
1731801368.1103668;/app/bags/user95_2017-02-24.bag;0.834065854549408;0.0;0.9619645476341248;0.0;0.7960547501412467;0.9444047902630928;0.055595209736907236
1731801368.310383;/app/bags/user95_2017-02-24.bag;0.834065854549408;0.0;0.9619645476341248;0.0;0.7960547501412467;0.9444047902630928;0.055595209736907236
1731801368.510414;/app/bags/user95_2017-02-24.bag;0.834065854549408;0.0;0.9619645476341248;0.0;0.7960547501412467;0.9444047902630928;0.055595209736907236
1731801368.7104173;/app/bags/user95_2017-02-24.bag;0.834065854549408;0.0;0.9619645476341248;0.0;0.7960547501412467;0.9444047902630928;0.055595209736907236
1731801368.9104207;/app/bags/user95_2017-02-24.bag;0.834065854549408;0.0;0.9619645476341248;0.0;0.7960547501412467;0.9444047902630928;0.055595209736907236
1731801369.110418;/app/bags/user95_2017-02-24.bag;0.834065854549408;0.0;0.9619645476341248;0.0;0.7960547501412467;0.9444047902630928;0.055595209736907236
1731801369.3103962;/app/bags/user95_2017-02-24.bag;0.834065854549408;0.0;0.9619645476341248;0.0;0.7960547501412467;0.9444047902630928;0.055595209736907236
1731801369.510352;/app/bags/user95_2017-02-24.bag;0.834065854549408;0.0;0.9619645476341248;0.0;0.7960547501412467;0.9444047902630928;0.055595209736907236
1731801369.710377;/app/bags/user95_2017-02-24.bag;0.834065854549408;0.0;0.9619645476341248;0.0;0.7960547501412467;0.9444047902630928;0.055595209736907236
1731801369.9104273;/app/bags/user95_2017-02-24.bag;0.834065854549408;0.0;0.9619645476341248;0.0;0.7960547501412467;0.9444047902630928;0.055595209736907236
1731801370.1104312;/app/bags/user95_2017-02-24.bag;0.834065854549408;0.0;0.9619645476341248;0.0;0.7960547501412467;0.9444047902630928;0.055595209736907236
1731801370.3104913;/app/bags/user95_2017-02-24.bag;0.834065854549408;0.0;0.9619645476341248;0.0;0.7960547501412467;0.9444047902630928;0.055595209736907236
1731801370.5103846;/app/bags/user95_2017-02-24.bag;0.834065854549408;0.0;0.9619645476341248;0.0;0.7960547501412467;0.9444047902630928;0.055595209736907236
1731801370.7104135;/app/bags/user95_2017-02-24.bag;0.834065854549408;0.0;0.9619645476341248;0.0;0.7960547501412467;0.9444047902630928;0.055595209736907236
1731801370.9104383;/app/bags/user95_2017-02-24.bag;0.834065854549408;0.0;0.9619645476341248;0.0;0.7960547501412467;0.9444047902630928;0.055595209736907236
1731801371.1103938;/app/bags/user95_2017-02-24.bag;0.834065854549408;0.0;0.9619645476341248;0.0;0.7960547501412467;0.9444047902630928;0.055595209736907236
1731801371.3104115;/app/bags/user95_2017-02-24.bag;0.834065854549408;0.0;0.9619645476341248;0.0;0.7960547501412467;0.9444047902630928;0.055595209736907236
1731801371.5103898;/app/bags/user95_2017-02-24.bag;0.834065854549408;0.0;0.9619645476341248;0.0;0.7960547501412467;0.9444047902630928;0.055595209736907236
1731801371.7104113;/app/bags/user95_2017-02-24.bag;0.834065854549408;0.0;0.9619645476341248;0.0;0.7960547501412467;0.9444047902630928;0.055595209736907236
1731801371.9104192;/app/bags/user95_2017-02-24.bag;0.834065854549408;0.0;0.9619645476341248;0.0;0.7960547501412467;0.9444047902630928;0.055595209736907236
1731801372.1103628;/app/bags/user95_2017-02-24.bag;0.834065854549408;0.0;0.9619645476341248;0.0;0.7960547501412467;0.9444047902630928;0.055595209736907236
1731801372.3103888;/app/bags/user95_2017-02-24.bag;0.834065854549408;0.0;0.9619645476341248;0.0;0.7960547501412467;0.9444047902630928;0.055595209736907236
1731801372.510499;/app/bags/user95_2017-02-24.bag;0.834065854549408;0.0;0.9619645476341248;0.0;0.7960547501412467;0.9444047902630928;0.055595209736907236
1731801372.7104087;/app/bags/user95_2017-02-24.bag;0.834065854549408;0.0;0.9619645476341248;0.0;0.7960547501412467;0.9444047902630928;0.055595209736907236
1731801372.9103928;/app/bags/user95_2017-02-24.bag;0.834065854549408;0.0;0.9619645476341248;0.0;0.7960547501412467;0.9444047902630928;0.055595209736907236
1731801373.1104202;/app/bags/user95_2017-02-24.bag;0.834065854549408;0.0;0.9619645476341248;0.0;0.7960547501412467;0.9444047902630928;0.055595209736907236
1731801373.3104115;/app/bags/user95_2017-02-24.bag;0.834065854549408;0.0;0.9619645476341248;0.0;0.7960547501412467;0.9444047902630928;0.055595209736907236
1731801373.5103989;/app/bags/user95_2017-02-24.bag;0.834065854549408;0.0;0.9619645476341248;0.0;0.7960547501412467;0.9444047902630928;0.055595209736907236
1731801373.710363;/app/bags/user95_2017-02-24.bag;0.834065854549408;0.0;0.9619645476341248;0.0;0.7960547501412467;0.9444047902630928;0.055595209736907236
1731801373.9104402;/app/bags/user95_2017-02-24.bag;0.834065854549408;0.0;0.9619645476341248;0.0;0.7960547501412467;0.9444047902630928;0.055595209736907236
1731801374.1104329;/app/bags/user95_2017-02-24.bag;0.834065854549408;0.0;0.9619645476341248;0.0;0.7960547501412467;0.9444047902630928;0.055595209736907236
1731801374.3104596;/app/bags/user95_2017-02-24.bag;0.834065854549408;0.0;0.9619645476341248;0.0;0.7960547501412467;0.9444047902630928;0.055595209736907236
1731801374.510384;/app/bags/user95_2017-02-24.bag;0.834065854549408;0.0;0.9619645476341248;0.0;0.7960547501412467;0.9444047902630928;0.055595209736907236
1731801374.7103796;/app/bags/user95_2017-02-24.bag;0.834065854549408;0.0;0.9619645476341248;0.0;0.7960547501412467;0.9444047902630928;0.055595209736907236
1731801374.9103987;/app/bags/user95_2017-02-24.bag;0.834065854549408;0.0;0.9619645476341248;0.0;0.7960547501412467;0.9444047902630928;0.055595209736907236
1731801375.1104238;/app/bags/user95_2017-02-24.bag;0.834065854549408;0.0;0.9619645476341248;0.0;0.7960547501412467;0.9444047902630928;0.055595209736907236
1731801375.3104212;/app/bags/user95_2017-02-24.bag;0.834065854549408;0.0;0.9619645476341248;0.0;0.7960547501412467;0.9444047902630928;0.055595209736907236
1731801375.5104098;/app/bags/user95_2017-02-24.bag;0.834065854549408;0.0;0.9619645476341248;0.0;0.7960547501412467;0.9444047902630928;0.055595209736907236
1731801375.7104514;/app/bags/user95_2017-02-24.bag;0.834065854549408;0.0;0.9619645476341248;0.0;0.7960547501412467;0.9444047902630928;0.055595209736907236
1731801375.9104106;/app/bags/user95_2017-02-24.bag;0.834065854549408;0.0;0.9619645476341248;0.0;0.7960547501412467;0.9444047902630928;0.055595209736907236
1731801376.110398;/app/bags/user95_2017-02-24.bag;0.834065854549408;0.0;0.9619645476341248;0.0;0.7960547501412467;0.9444047902630928;0.055595209736907236
1731801376.3104146;/app/bags/user95_2017-02-24.bag;0.834065854549408;0.0;0.9619645476341248;0.0;0.7960547501412467;0.9444047902630928;0.055595209736907236
1731801376.5104249;/app/bags/user95_2017-02-24.bag;0.834065854549408;0.0;0.9619645476341248;0.0;0.7960547501412467;0.9444047902630928;0.055595209736907236
1731801376.710414;/app/bags/user95_2017-02-24.bag;0.834065854549408;0.0;0.9619645476341248;0.0;0.7960547501412467;0.9444047902630928;0.055595209736907236
1731801376.910389;/app/bags/user95_2017-02-24.bag;0.834065854549408;0.0;0.9619645476341248;0.0;0.7960547501412467;0.9444047902630928;0.055595209736907236
1731801377.1103575;/app/bags/user95_2017-02-24.bag;0.834065854549408;0.0;0.9619645476341248;0.0;0.7960547501412467;0.9444047902630928;0.055595209736907236
1731801377.310438;/app/bags/user95_2017-02-24.bag;0.834065854549408;0.0;0.9619645476341248;0.0;0.7960547501412467;0.9444047902630928;0.055595209736907236
1731801377.510397;/app/bags/user95_2017-02-24.bag;0.834065854549408;0.0;0.9619645476341248;0.0;0.7960547501412467;0.9444047902630928;0.055595209736907236
1731801377.7103786;/app/bags/user95_2017-02-24.bag;0.834065854549408;0.0;0.9619645476341248;0.0;0.7960547501412467;0.9444047902630928;0.055595209736907236
1731801377.9103937;/app/bags/user95_2017-02-24.bag;0.834065854549408;0.0;0.9619645476341248;0.0;0.7960547501412467;0.9444047902630928;0.055595209736907236
1731801378.1104198;/app/bags/user95_2017-02-24.bag;0.834065854549408;0.0;0.9619645476341248;0.0;0.7960547501412467;0.9444047902630928;0.055595209736907236
1731801378.3104014;/app/bags/user95_2017-02-24.bag;0.834065854549408;0.0;0.9619645476341248;0.0;0.7960547501412467;0.9444047902630928;0.055595209736907236
1731801378.510393;/app/bags/user95_2017-02-24.bag;0.834065854549408;0.0;0.9619645476341248;0.0;0.7960547501412467;0.9444047902630928;0.055595209736907236
1731801378.7103915;/app/bags/user95_2017-02-24.bag;0.834065854549408;0.0;0.9619645476341248;0.0;0.7960547501412467;0.9444047902630928;0.055595209736907236
1731801378.910426;/app/bags/user95_2017-02-24.bag;0.834065854549408;0.0;0.9619645476341248;0.0;0.7960547501412467;0.9444047902630928;0.055595209736907236
1731801379.1104023;/app/bags/user95_2017-02-24.bag;0.834065854549408;0.0;0.9619645476341248;0.0;0.7960547501412467;0.9444047902630928;0.055595209736907236
1731801379.3103921;/app/bags/user95_2017-02-24.bag;0.834065854549408;0.0;0.9619645476341248;0.0;0.7960547501412467;0.9444047902630928;0.055595209736907236
1731801379.5103915;/app/bags/user95_2017-02-24.bag;0.834065854549408;0.0;0.9619645476341248;0.0;0.7960547501412467;0.9444047902630928;0.055595209736907236
1731801379.7103713;/app/bags/user95_2017-02-24.bag;0.834065854549408;0.0;0.9619645476341248;0.0;0.7960547501412467;0.9444047902630928;0.055595209736907236
1731801379.9105449;/app/bags/user95_2017-02-24.bag;0.834065854549408;0.0;0.9619645476341248;0.0;0.7960547501412467;0.9444047902630928;0.055595209736907236
1731801380.1103344;/app/bags/user95_2017-02-24.bag;0.834065854549408;0.0;0.9619645476341248;0.0;0.7960547501412467;0.9444047902630928;0.055595209736907236
1731801380.3103952;/app/bags/user95_2017-02-24.bag;0.834065854549408;0.0;0.9619645476341248;0.0;0.7960547501412467;0.9444047902630928;0.055595209736907236
1731801380.5106864;/app/bags/user95_2017-02-24.bag;0.834065854549408;0.0;0.9619645476341248;0.0;0.7960547501412467;0.9444047902630928;0.055595209736907236
1731801380.7103846;/app/bags/user95_2017-02-24.bag;0.834065854549408;0.0;0.9619645476341248;0.0;0.7960547501412467;0.9444047902630928;0.055595209736907236
1731801380.9103677;/app/bags/user95_2017-02-24.bag;0.834065854549408;0.0;0.9619645476341248;0.0;0.7960547501412467;0.9444047902630928;0.055595209736907236
1731801381.1104746;/app/bags/user95_2017-02-24.bag;0.834065854549408;0.0;0.9619645476341248;0.0;0.7960547501412467;0.9444047902630928;0.055595209736907236
1731801381.3106637;/app/bags/user95_2017-02-24.bag;0.834065854549408;0.0;0.9619645476341248;0.0;0.7960547501412467;0.9444047902630928;0.055595209736907236
1731801381.5104184;/app/bags/user95_2017-02-24.bag;0.834065854549408;0.0;0.9619645476341248;0.0;0.7960547501412467;0.9444047902630928;0.055595209736907236
1731801381.710464;/app/bags/user95_2017-02-24.bag;0.834065854549408;0.0;0.9619645476341248;0.0;0.7960547501412467;0.9444047902630928;0.055595209736907236
1731801381.910362;/app/bags/user95_2017-02-24.bag;0.834065854549408;0.0;0.9619645476341248;0.0;0.7960547501412467;0.9444047902630928;0.055595209736907236
1731801382.1103964;/app/bags/user95_2017-02-24.bag;0.834065854549408;0.0;0.9619645476341248;0.0;0.7960547501412467;0.9444047902630928;0.055595209736907236
1731801382.3103492;/app/bags/user95_2017-02-24.bag;0.834065854549408;0.0;0.9619645476341248;0.0;0.7960547501412467;0.9444047902630928;0.055595209736907236
1731801382.5104337;/app/bags/user95_2017-02-24.bag;0.834065854549408;0.0;0.9619645476341248;0.0;0.7960547501412467;0.9444047902630928;0.055595209736907236
1731801382.7103584;/app/bags/user95_2017-02-24.bag;0.834065854549408;0.0;0.9619645476341248;0.0;0.7960547501412467;0.9444047902630928;0.055595209736907236
1731801382.9104047;/app/bags/user95_2017-02-24.bag;0.834065854549408;0.0;0.9619645476341248;0.0;0.7960547501412467;0.9444047902630928;0.055595209736907236
1731801383.1104248;/app/bags/user95_2017-02-24.bag;0.834065854549408;0.0;0.9619645476341248;0.0;0.7960547501412467;0.9444047902630928;0.055595209736907236
1731801383.310386;/app/bags/user95_2017-02-24.bag;0.834065854549408;0.0;0.9619645476341248;0.0;0.7960547501412467;0.9444047902630928;0.055595209736907236
1731801383.510505;/app/bags/user95_2017-02-24.bag;0.834065854549408;0.0;0.9619645476341248;0.0;0.7960547501412467;0.9444047902630928;0.055595209736907236
1731801383.7104776;/app/bags/user95_2017-02-24.bag;0.834065854549408;0.0;0.9619645476341248;0.0;0.7960547501412467;0.9444047902630928;0.055595209736907236
1731801383.9103649;/app/bags/user95_2017-02-24.bag;0.834065854549408;0.0;0.9619645476341248;0.0;0.7960547501412467;0.9444047902630928;0.055595209736907236
1731801384.1103504;/app/bags/user95_2017-02-24.bag;0.834065854549408;0.0;0.9619645476341248;0.0;0.7960547501412467;0.9444047902630928;0.055595209736907236
1731801384.3103635;/app/bags/user95_2017-02-24.bag;0.834065854549408;0.0;0.9619645476341248;0.0;0.7960547501412467;0.9444047902630928;0.055595209736907236
1731801384.5104744;/app/bags/user95_2017-02-24.bag;0.834065854549408;0.0;0.9619645476341248;0.0;0.7960547501412467;0.9444047902630928;0.055595209736907236
1731801384.7104082;/app/bags/user95_2017-02-24.bag;0.834065854549408;0.0;0.9619645476341248;0.0;0.7960547501412467;0.9444047902630928;0.055595209736907236
1731801384.9103775;/app/bags/user95_2017-02-24.bag;0.834065854549408;0.0;0.9619645476341248;0.0;0.7960547501412467;0.9444047902630928;0.055595209736907236
1731801385.1103954;/app/bags/user95_2017-02-24.bag;0.834065854549408;0.0;0.9619645476341248;0.0;0.7960547501412467;0.9444047902630928;0.055595209736907236
1731801385.3104072;/app/bags/user95_2017-02-24.bag;0.834065854549408;0.0;0.9619645476341248;0.0;0.7960547501412467;0.9444047902630928;0.055595209736907236
1731801385.5104406;/app/bags/user95_2017-02-24.bag;0.834065854549408;0.0;0.9619645476341248;0.0;0.7960547501412467;0.9444047902630928;0.055595209736907236
1731801385.710414;/app/bags/user95_2017-02-24.bag;0.834065854549408;0.0;0.9619645476341248;0.0;0.7960547501412467;0.9444047902630928;0.055595209736907236
1731801385.910386;/app/bags/user95_2017-02-24.bag;0.834065854549408;0.0;0.9619645476341248;0.0;0.7960547501412467;0.9444047902630928;0.055595209736907236
1731801386.1104279;/app/bags/user95_2017-02-24.bag;0.834065854549408;0.0;0.9619645476341248;0.0;0.7960547501412467;0.9444047902630928;0.055595209736907236
1731801386.3103716;/app/bags/user95_2017-02-24.bag;0.834065854549408;0.0;0.9619645476341248;0.0;0.7960547501412467;0.9444047902630928;0.055595209736907236
1731801386.510391;/app/bags/user95_2017-02-24.bag;0.834065854549408;0.0;0.9619645476341248;0.0;0.7960547501412467;0.9444047902630928;0.055595209736907236
1731801386.7103837;/app/bags/user95_2017-02-24.bag;0.834065854549408;0.0;0.9619645476341248;0.0;0.7960547501412467;0.9444047902630928;0.055595209736907236
1731801386.9103837;/app/bags/user95_2017-02-24.bag;0.834065854549408;0.0;0.9619645476341248;0.0;0.7960547501412467;0.9444047902630928;0.055595209736907236
1731801387.1105683;/app/bags/user95_2017-02-24.bag;0.834065854549408;0.0;0.9619645476341248;0.0;0.7960547501412467;0.9444047902630928;0.055595209736907236
1731801387.310428;/app/bags/user95_2017-02-24.bag;0.834065854549408;0.0;0.9619645476341248;0.0;0.7960547501412467;0.9444047902630928;0.055595209736907236
1731801387.5103893;/app/bags/user95_2017-02-24.bag;0.834065854549408;0.0;0.9619645476341248;0.0;0.7960547501412467;0.9444047902630928;0.055595209736907236
1731801387.7104163;/app/bags/user95_2017-02-24.bag;0.834065854549408;0.0;0.9619645476341248;0.0;0.7960547501412467;0.9444047902630928;0.055595209736907236
1731801387.9104505;/app/bags/user95_2017-02-24.bag;0.834065854549408;0.0;0.9619645476341248;0.0;0.7960547501412467;0.9444047902630928;0.055595209736907236
1731801388.110444;/app/bags/user95_2017-02-24.bag;0.834065854549408;0.0;0.9619645476341248;0.0;0.7960547501412467;0.9444047902630928;0.055595209736907236
1731801388.3103948;/app/bags/user95_2017-02-24.bag;0.834065854549408;0.0;0.9619645476341248;0.0;0.7960547501412467;0.9444047902630928;0.055595209736907236
1731801388.5104122;/app/bags/user95_2017-02-24.bag;0.834065854549408;0.0;0.9619645476341248;0.0;0.7960547501412467;0.9444047902630928;0.055595209736907236
1731801388.7104313;/app/bags/user95_2017-02-24.bag;0.834065854549408;0.0;0.9619645476341248;0.0;0.7960547501412467;0.9444047902630928;0.055595209736907236
1731801388.910385;/app/bags/user95_2017-02-24.bag;0.834065854549408;0.0;0.9619645476341248;0.0;0.7960547501412467;0.9444047902630928;0.055595209736907236
1731801389.1103983;/app/bags/user95_2017-02-24.bag;0.834065854549408;0.0;0.9619645476341248;0.0;0.7960547501412467;0.9444047902630928;0.055595209736907236
1731801389.3103995;/app/bags/user95_2017-02-24.bag;0.834065854549408;0.0;0.9619645476341248;0.0;0.7960547501412467;0.9444047902630928;0.055595209736907236
1731801389.510395;/app/bags/user95_2017-02-24.bag;0.834065854549408;0.0;0.9619645476341248;0.0;0.7960547501412467;0.9444047902630928;0.055595209736907236
1731801389.7103846;/app/bags/user95_2017-02-24.bag;0.834065854549408;0.0;0.9619645476341248;0.0;0.7960547501412467;0.9444047902630928;0.055595209736907236
1731801389.9103763;/app/bags/user95_2017-02-24.bag;0.834065854549408;0.0;0.9619645476341248;0.0;0.7960547501412467;0.9444047902630928;0.055595209736907236
1731801390.1104827;/app/bags/user95_2017-02-24.bag;0.834065854549408;0.0;0.9619645476341248;0.0;0.7960547501412467;0.9444047902630928;0.055595209736907236
1731801390.310438;/app/bags/user95_2017-02-24.bag;0.834065854549408;0.0;0.9619645476341248;0.0;0.7960547501412467;0.9444047902630928;0.055595209736907236
1731801390.5103614;/app/bags/user95_2017-02-24.bag;0.834065854549408;0.0;0.9619645476341248;0.0;0.7960547501412467;0.9444047902630928;0.055595209736907236
1731801390.7104027;/app/bags/user95_2017-02-24.bag;0.834065854549408;0.0;0.9619645476341248;0.0;0.7960547501412467;0.9444047902630928;0.055595209736907236
1731801390.9104125;/app/bags/user95_2017-02-24.bag;0.834065854549408;0.0;0.9619645476341248;0.0;0.7960547501412467;0.9444047902630928;0.055595209736907236
1731801391.1104572;/app/bags/user95_2017-02-24.bag;0.834065854549408;0.0;0.9619645476341248;0.0;0.7960547501412467;0.9444047902630928;0.055595209736907236
1731801391.3104205;/app/bags/user95_2017-02-24.bag;0.834065854549408;0.0;0.9619645476341248;0.0;0.7960547501412467;0.9444047902630928;0.055595209736907236
1731801391.5104032;/app/bags/user95_2017-02-24.bag;0.834065854549408;0.0;0.9619645476341248;0.0;0.7960547501412467;0.9444047902630928;0.055595209736907236
1731801391.7104666;/app/bags/user95_2017-02-24.bag;0.834065854549408;0.0;0.9619645476341248;0.0;0.7960547501412467;0.9444047902630928;0.055595209736907236
1731801391.9104424;/app/bags/user95_2017-02-24.bag;0.834065854549408;0.0;0.9619645476341248;0.0;0.7960547501412467;0.9444047902630928;0.055595209736907236
1731801392.1104074;/app/bags/user95_2017-02-24.bag;0.834065854549408;0.0;0.9619645476341248;0.0;0.7960547501412467;0.9444047902630928;0.055595209736907236
1731801392.3103943;/app/bags/user95_2017-02-24.bag;0.834065854549408;0.0;0.9619645476341248;0.0;0.7960547501412467;0.9444047902630928;0.055595209736907236
1731801392.5103908;/app/bags/user95_2017-02-24.bag;0.834065854549408;0.0;0.9619645476341248;0.0;0.7960547501412467;0.9444047902630928;0.055595209736907236
1731801392.7105753;/app/bags/user95_2017-02-24.bag;0.834065854549408;0.0;0.9619645476341248;0.0;0.7960547501412467;0.9444047902630928;0.055595209736907236
1731801392.9104052;/app/bags/user95_2017-02-24.bag;0.834065854549408;0.0;0.9619645476341248;0.0;0.7960547501412467;0.9444047902630928;0.055595209736907236
1731801393.1104224;/app/bags/user95_2017-02-24.bag;0.834065854549408;0.0;0.9619645476341248;0.0;0.7960547501412467;0.9444047902630928;0.055595209736907236
1731801393.3103802;/app/bags/user95_2017-02-24.bag;0.834065854549408;0.0;0.9619645476341248;0.0;0.7960547501412467;0.9444047902630928;0.055595209736907236
1731801393.510372;/app/bags/user95_2017-02-24.bag;0.834065854549408;0.0;0.9619645476341248;0.0;0.7960547501412467;0.9444047902630928;0.055595209736907236
1731801393.7103753;/app/bags/user95_2017-02-24.bag;0.834065854549408;0.0;0.9619645476341248;0.0;0.7960547501412467;0.9444047902630928;0.055595209736907236
1731801393.9103944;/app/bags/user95_2017-02-24.bag;0.834065854549408;0.0;0.9619645476341248;0.0;0.7960547501412467;0.9444047902630928;0.055595209736907236
1731801394.1103766;/app/bags/user95_2017-02-24.bag;0.834065854549408;0.0;0.9619645476341248;0.0;0.7960547501412467;0.9444047902630928;0.055595209736907236
1731801394.3103848;/app/bags/user95_2017-02-24.bag;0.834065854549408;0.0;0.9619645476341248;0.0;0.7960547501412467;0.9444047902630928;0.055595209736907236
1731801394.5103805;/app/bags/user95_2017-02-24.bag;0.834065854549408;0.0;0.9619645476341248;0.0;0.7960547501412467;0.9444047902630928;0.055595209736907236
1731801394.7103662;/app/bags/user95_2017-02-24.bag;0.834065854549408;0.0;0.9619645476341248;0.0;0.7960547501412467;0.9444047902630928;0.055595209736907236
1731801394.9105237;/app/bags/user95_2017-02-24.bag;0.834065854549408;0.0;0.9619645476341248;0.0;0.7960547501412467;0.9444047902630928;0.055595209736907236
1731801395.1104062;/app/bags/user95_2017-02-24.bag;0.834065854549408;0.0;0.9619645476341248;0.0;0.7960547501412467;0.9444047902630928;0.055595209736907236
1731801395.3104596;/app/bags/user95_2017-02-24.bag;0.834065854549408;0.0;0.9619645476341248;0.0;0.7960547501412467;0.9444047902630928;0.055595209736907236
1731801395.5104275;/app/bags/user95_2017-02-24.bag;0.834065854549408;0.0;0.9619645476341248;0.0;0.7960547501412467;0.9444047902630928;0.055595209736907236
1731801395.7104025;/app/bags/user95_2017-02-24.bag;0.834065854549408;0.0;0.9619645476341248;0.0;0.7960547501412467;0.9444047902630928;0.055595209736907236
1731801395.9104035;/app/bags/user95_2017-02-24.bag;0.834065854549408;0.0;0.9619645476341248;0.0;0.7960547501412467;0.9444047902630928;0.055595209736907236
1731801396.1105137;/app/bags/user95_2017-02-24.bag;0.834065854549408;0.0;0.9619645476341248;0.0;0.7960547501412467;0.9444047902630928;0.055595209736907236
1731801396.310368;/app/bags/user95_2017-02-24.bag;0.834065854549408;0.0;0.9619645476341248;0.0;0.7960547501412467;0.9444047902630928;0.055595209736907236
1731801396.5103717;/app/bags/user95_2017-02-24.bag;0.834065854549408;0.0;0.9619645476341248;0.0;0.7960547501412467;0.9444047902630928;0.055595209736907236
1731801396.710433;/app/bags/user95_2017-02-24.bag;0.834065854549408;0.0;0.9619645476341248;0.0;0.7960547501412467;0.9444047902630928;0.055595209736907236
1731801396.9103677;/app/bags/user95_2017-02-24.bag;0.834065854549408;0.0;0.9619645476341248;0.0;0.7960547501412467;0.9444047902630928;0.055595209736907236
1731801397.1104267;/app/bags/user95_2017-02-24.bag;0.834065854549408;0.0;0.9619645476341248;0.0;0.7960547501412467;0.9444047902630928;0.055595209736907236
1731801397.3104823;/app/bags/user95_2017-02-24.bag;0.834065854549408;0.0;0.9619645476341248;0.0;0.7960547501412467;0.9444047902630928;0.055595209736907236
1731801397.5103796;/app/bags/user95_2017-02-24.bag;0.834065854549408;0.0;0.9619645476341248;0.0;0.7960547501412467;0.9444047902630928;0.055595209736907236
1731801397.7103832;/app/bags/user95_2017-02-24.bag;0.834065854549408;0.0;0.9619645476341248;0.0;0.7960547501412467;0.9444047902630928;0.055595209736907236
1731801397.9104168;/app/bags/user95_2017-02-24.bag;0.834065854549408;0.0;0.9619645476341248;0.0;0.7960547501412467;0.9444047902630928;0.055595209736907236
1731801398.1104786;/app/bags/user95_2017-02-24.bag;0.834065854549408;0.0;0.9619645476341248;0.0;0.7960547501412467;0.9444047902630928;0.055595209736907236
1731801398.3103573;/app/bags/user95_2017-02-24.bag;0.834065854549408;0.0;0.9619645476341248;0.0;0.7960547501412467;0.9444047902630928;0.055595209736907236
1731801398.5104125;/app/bags/user95_2017-02-24.bag;0.834065854549408;0.0;0.9619645476341248;0.0;0.7960547501412467;0.9444047902630928;0.055595209736907236
1731801398.7104456;/app/bags/user95_2017-02-24.bag;0.834065854549408;0.0;0.9619645476341248;0.0;0.7960547501412467;0.9444047902630928;0.055595209736907236
1731801398.9104538;/app/bags/user95_2017-02-24.bag;0.834065854549408;0.0;0.9619645476341248;0.0;0.7960547501412467;0.9444047902630928;0.055595209736907236
1731801399.1103868;/app/bags/user95_2017-02-24.bag;0.834065854549408;0.0;0.9619645476341248;0.0;0.7960547501412467;0.9444047902630928;0.055595209736907236
1731801399.3105004;/app/bags/user95_2017-02-24.bag;0.834065854549408;0.0;0.9619645476341248;0.0;0.7960547501412467;0.9444047902630928;0.055595209736907236
1731801399.5103874;/app/bags/user95_2017-02-24.bag;0.834065854549408;0.0;0.9619645476341248;0.0;0.7960547501412467;0.9444047902630928;0.055595209736907236
1731801399.7103837;/app/bags/user95_2017-02-24.bag;0.834065854549408;0.0;0.9619645476341248;0.0;0.7960547501412467;0.9444047902630928;0.055595209736907236
1731801399.910388;/app/bags/user95_2017-02-24.bag;0.834065854549408;0.0;0.9619645476341248;0.0;0.7960547501412467;0.9444047902630928;0.055595209736907236
1731801400.110491;/app/bags/user95_2017-02-24.bag;0.834065854549408;0.0;0.9619645476341248;0.0;0.7960547501412467;0.9444047902630928;0.055595209736907236
1731801400.3105817;/app/bags/user95_2017-02-24.bag;0.834065854549408;0.0;0.9619645476341248;0.0;0.7960547501412467;0.9444047902630928;0.055595209736907236
1731801400.5103667;/app/bags/user95_2017-02-24.bag;0.834065854549408;0.0;0.9619645476341248;0.0;0.7960547501412467;0.9444047902630928;0.055595209736907236
1731801400.7104168;/app/bags/user95_2017-02-24.bag;0.834065854549408;0.0;0.9619645476341248;0.0;0.7960547501412467;0.9444047902630928;0.055595209736907236
1731801400.9104521;/app/bags/user95_2017-02-24.bag;0.834065854549408;0.0;0.9619645476341248;0.0;0.7960547501412467;0.9444047902630928;0.055595209736907236
1731801401.110454;/app/bags/user95_2017-02-24.bag;0.834065854549408;0.0;0.9619645476341248;0.0;0.7960547501412467;0.9444047902630928;0.055595209736907236
1731801401.3105123;/app/bags/user95_2017-02-24.bag;0.834065854549408;0.0;0.9619645476341248;0.0;0.7960547501412467;0.9444047902630928;0.055595209736907236
1731801401.510421;/app/bags/user95_2017-02-24.bag;0.834065854549408;0.0;0.9619645476341248;0.0;0.7960547501412467;0.9444047902630928;0.055595209736907236
1731801401.7103758;/app/bags/user95_2017-02-24.bag;0.834065854549408;0.0;0.9619645476341248;0.0;0.7960547501412467;0.9444047902630928;0.055595209736907236
1731801401.9103665;/app/bags/user95_2017-02-24.bag;0.834065854549408;0.0;0.9619645476341248;0.0;0.7960547501412467;0.9444047902630928;0.055595209736907236
1731801402.110612;/app/bags/user95_2017-02-24.bag;0.834065854549408;0.0;0.9619645476341248;0.0;0.7960547501412467;0.9444047902630928;0.055595209736907236
1731801402.310403;/app/bags/user95_2017-02-24.bag;0.834065854549408;0.0;0.9619645476341248;0.0;0.7960547501412467;0.9444047902630928;0.055595209736907236
1731801402.510462;/app/bags/user95_2017-02-24.bag;0.834065854549408;0.0;0.9619645476341248;0.0;0.7960547501412467;0.9444047902630928;0.055595209736907236
1731801402.7104712;/app/bags/user95_2017-02-24.bag;0.834065854549408;0.0;0.9619645476341248;0.0;0.7960547501412467;0.9444047902630928;0.055595209736907236
1731801402.9103932;/app/bags/user95_2017-02-24.bag;0.834065854549408;0.0;0.9619645476341248;0.0;0.7960547501412467;0.9444047902630928;0.055595209736907236
1731801403.1104014;/app/bags/user95_2017-02-24.bag;0.834065854549408;0.0;0.9619645476341248;0.0;0.7960547501412467;0.9444047902630928;0.055595209736907236
1731801403.3104553;/app/bags/user95_2017-02-24.bag;0.834065854549408;0.0;0.9619645476341248;0.0;0.7960547501412467;0.9444047902630928;0.055595209736907236
1731801403.51035;/app/bags/user95_2017-02-24.bag;0.834065854549408;0.0;0.9619645476341248;0.0;0.7960547501412467;0.9444047902630928;0.055595209736907236
1731801403.710385;/app/bags/user95_2017-02-24.bag;0.834065854549408;0.0;0.9619645476341248;0.0;0.7960547501412467;0.9444047902630928;0.055595209736907236
1731801403.9103885;/app/bags/user95_2017-02-24.bag;0.834065854549408;0.0;0.9619645476341248;0.0;0.7960547501412467;0.9444047902630928;0.055595209736907236
1731801404.1103685;/app/bags/user95_2017-02-24.bag;0.834065854549408;0.0;0.9619645476341248;0.0;0.7960547501412467;0.9444047902630928;0.055595209736907236
1731801404.3103955;/app/bags/user95_2017-02-24.bag;0.834065854549408;0.0;0.9619645476341248;0.0;0.7960547501412467;0.9444047902630928;0.055595209736907236
1731801404.5103846;/app/bags/user95_2017-02-24.bag;0.834065854549408;0.0;0.9619645476341248;0.0;0.7960547501412467;0.9444047902630928;0.055595209736907236
1731801404.71037;/app/bags/user95_2017-02-24.bag;0.834065854549408;0.0;0.9619645476341248;0.0;0.7960547501412467;0.9444047902630928;0.055595209736907236
1731801404.91042;/app/bags/user95_2017-02-24.bag;0.834065854549408;0.0;0.9619645476341248;0.0;0.7960547501412467;0.9444047902630928;0.055595209736907236
1731801405.110431;/app/bags/user95_2017-02-24.bag;0.834065854549408;0.0;0.9619645476341248;0.0;0.7960547501412467;0.9444047902630928;0.055595209736907236
1731801405.310378;/app/bags/user95_2017-02-24.bag;0.834065854549408;0.0;0.9619645476341248;0.0;0.7960547501412467;0.9444047902630928;0.055595209736907236
1731801405.51039;/app/bags/user95_2017-02-24.bag;0.834065854549408;0.0;0.9619645476341248;0.0;0.7960547501412467;0.9444047902630928;0.055595209736907236
1731801405.7103786;/app/bags/user95_2017-02-24.bag;0.834065854549408;0.0;0.9619645476341248;0.0;0.7960547501412467;0.9444047902630928;0.055595209736907236
1731801405.9104507;/app/bags/user95_2017-02-24.bag;0.834065854549408;0.0;0.9619645476341248;0.0;0.7960547501412467;0.9444047902630928;0.055595209736907236
1731801406.1103756;/app/bags/user95_2017-02-24.bag;0.834065854549408;0.0;0.9619645476341248;0.0;0.7960547501412467;0.9444047902630928;0.055595209736907236
1731801406.3103871;/app/bags/user95_2017-02-24.bag;0.834065854549408;0.0;0.9619645476341248;0.0;0.7960547501412467;0.9444047902630928;0.055595209736907236
1731801406.5103827;/app/bags/user95_2017-02-24.bag;0.834065854549408;0.0;0.9619645476341248;0.0;0.7960547501412467;0.9444047902630928;0.055595209736907236
1731801406.7104318;/app/bags/user95_2017-02-24.bag;0.834065854549408;0.0;0.9619645476341248;0.0;0.7960547501412467;0.9444047902630928;0.055595209736907236
1731801406.910395;/app/bags/user95_2017-02-24.bag;0.834065854549408;0.0;0.9619645476341248;0.0;0.7960547501412467;0.9444047902630928;0.055595209736907236
1731801407.1103976;/app/bags/user95_2017-02-24.bag;0.834065854549408;0.0;0.9619645476341248;0.0;0.7960547501412467;0.9444047902630928;0.055595209736907236
1731801407.3103685;/app/bags/user95_2017-02-24.bag;0.834065854549408;0.0;0.9619645476341248;0.0;0.7960547501412467;0.9444047902630928;0.055595209736907236
1731801407.5104551;/app/bags/user95_2017-02-24.bag;0.834065854549408;0.0;0.9619645476341248;0.0;0.7960547501412467;0.9444047902630928;0.055595209736907236
1731801407.710432;/app/bags/user95_2017-02-24.bag;0.834065854549408;0.0;0.9619645476341248;0.0;0.7960547501412467;0.9444047902630928;0.055595209736907236
1731801407.910501;/app/bags/user95_2017-02-24.bag;0.834065854549408;0.0;0.9619645476341248;0.0;0.7960547501412467;0.9444047902630928;0.055595209736907236
1731801408.1103795;/app/bags/user95_2017-02-24.bag;0.834065854549408;0.0;0.9619645476341248;0.0;0.7960547501412467;0.9444047902630928;0.055595209736907236
1731801408.3103836;/app/bags/user95_2017-02-24.bag;0.834065854549408;0.0;0.9619645476341248;0.0;0.7960547501412467;0.9444047902630928;0.055595209736907236
1731801408.5104737;/app/bags/user95_2017-02-24.bag;0.834065854549408;0.0;0.9619645476341248;0.0;0.7960547501412467;0.9444047902630928;0.055595209736907236
1731801408.7104056;/app/bags/user95_2017-02-24.bag;0.834065854549408;0.0;0.9619645476341248;0.0;0.7960547501412467;0.9444047902630928;0.055595209736907236
1731801408.9103663;/app/bags/user95_2017-02-24.bag;0.834065854549408;0.0;0.9619645476341248;0.0;0.7960547501412467;0.9444047902630928;0.055595209736907236
1731801409.110452;/app/bags/user95_2017-02-24.bag;0.834065854549408;0.0;0.9619645476341248;0.0;0.7960547501412467;0.9444047902630928;0.055595209736907236
1731801409.3103886;/app/bags/user95_2017-02-24.bag;0.834065854549408;0.0;0.9619645476341248;0.0;0.7960547501412467;0.9444047902630928;0.055595209736907236
1731801409.5104225;/app/bags/user95_2017-02-24.bag;0.834065854549408;0.0;0.9619645476341248;0.0;0.7960547501412467;0.9444047902630928;0.055595209736907236
1731801409.7103848;/app/bags/user95_2017-02-24.bag;0.834065854549408;0.0;0.9619645476341248;0.0;0.7960547501412467;0.9444047902630928;0.055595209736907236
1731801409.910386;/app/bags/user95_2017-02-24.bag;0.834065854549408;0.0;0.9619645476341248;0.0;0.7960547501412467;0.9444047902630928;0.055595209736907236
1731801410.1103995;/app/bags/user95_2017-02-24.bag;0.834065854549408;0.0;0.9619645476341248;0.0;0.7960547501412467;0.9444047902630928;0.055595209736907236
1731801410.3103878;/app/bags/user95_2017-02-24.bag;0.834065854549408;0.0;0.9619645476341248;0.0;0.7960547501412467;0.9444047902630928;0.055595209736907236
1731801410.5104048;/app/bags/user95_2017-02-24.bag;0.834065854549408;0.0;0.9619645476341248;0.0;0.7960547501412467;0.9444047902630928;0.055595209736907236
1731801410.710465;/app/bags/user95_2017-02-24.bag;0.834065854549408;0.0;0.9619645476341248;0.0;0.7960547501412467;0.9444047902630928;0.055595209736907236
1731801410.9103942;/app/bags/user95_2017-02-24.bag;0.834065854549408;0.0;0.9619645476341248;0.0;0.7960547501412467;0.9444047902630928;0.055595209736907236
1731801411.110381;/app/bags/user95_2017-02-24.bag;0.834065854549408;0.0;0.9619645476341248;0.0;0.7960547501412467;0.9444047902630928;0.055595209736907236
1731801411.3103626;/app/bags/user95_2017-02-24.bag;0.834065854549408;0.0;0.9619645476341248;0.0;0.7960547501412467;0.9444047902630928;0.055595209736907236
1731801411.5104241;/app/bags/user95_2017-02-24.bag;0.834065854549408;0.0;0.9619645476341248;0.0;0.7960547501412467;0.9444047902630928;0.055595209736907236
1731801411.7103713;/app/bags/user95_2017-02-24.bag;0.834065854549408;0.0;0.9619645476341248;0.0;0.7960547501412467;0.9444047902630928;0.055595209736907236
1731801411.910349;/app/bags/user95_2017-02-24.bag;0.834065854549408;0.0;0.9619645476341248;0.0;0.7960547501412467;0.9444047902630928;0.055595209736907236
1731801412.1103723;/app/bags/user95_2017-02-24.bag;0.834065854549408;0.0;0.9619645476341248;0.0;0.7960547501412467;0.9444047902630928;0.055595209736907236
1731801412.3103695;/app/bags/user95_2017-02-24.bag;0.834065854549408;0.0;0.9619645476341248;0.0;0.7960547501412467;0.9444047902630928;0.055595209736907236
1731801412.510365;/app/bags/user95_2017-02-24.bag;0.834065854549408;0.0;0.9619645476341248;0.0;0.7960547501412467;0.9444047902630928;0.055595209736907236
1731801412.710358;/app/bags/user95_2017-02-24.bag;0.834065854549408;0.0;0.9619645476341248;0.0;0.7960547501412467;0.9444047902630928;0.055595209736907236
1731801412.9103856;/app/bags/user95_2017-02-24.bag;0.834065854549408;0.0;0.9619645476341248;0.0;0.7960547501412467;0.9444047902630928;0.055595209736907236
1731801413.1103904;/app/bags/user95_2017-02-24.bag;0.834065854549408;0.0;0.9619645476341248;0.0;0.7960547501412467;0.9444047902630928;0.055595209736907236
1731801413.3104496;/app/bags/user95_2017-02-24.bag;0.834065854549408;0.0;0.9619645476341248;0.0;0.7960547501412467;0.9444047902630928;0.055595209736907236
1731801413.5104363;/app/bags/user95_2017-02-24.bag;0.834065854549408;0.0;0.9619645476341248;0.0;0.7960547501412467;0.9444047902630928;0.055595209736907236
1731801413.7103817;/app/bags/user95_2017-02-24.bag;0.834065854549408;0.0;0.9619645476341248;0.0;0.7960547501412467;0.9444047902630928;0.055595209736907236
1731801413.9104831;/app/bags/user95_2017-02-24.bag;0.834065854549408;0.0;0.9619645476341248;0.0;0.7960547501412467;0.9444047902630928;0.055595209736907236
1731801414.1103797;/app/bags/user95_2017-02-24.bag;0.834065854549408;0.0;0.9619645476341248;0.0;0.7960547501412467;0.9444047902630928;0.055595209736907236
1731801414.3103898;/app/bags/user95_2017-02-24.bag;0.834065854549408;0.0;0.9619645476341248;0.0;0.7960547501412467;0.9444047902630928;0.055595209736907236
1731801414.5104358;/app/bags/user95_2017-02-24.bag;0.834065854549408;0.0;0.9619645476341248;0.0;0.7960547501412467;0.9444047902630928;0.055595209736907236
1731801414.710457;/app/bags/user95_2017-02-24.bag;0.834065854549408;0.0;0.9619645476341248;0.0;0.7960547501412467;0.9444047902630928;0.055595209736907236
1731801414.9104285;/app/bags/user95_2017-02-24.bag;0.834065854549408;0.0;0.9619645476341248;0.0;0.7960547501412467;0.9444047902630928;0.055595209736907236
1731801415.1103928;/app/bags/user95_2017-02-24.bag;0.834065854549408;0.0;0.9619645476341248;0.0;0.7960547501412467;0.9444047902630928;0.055595209736907236
1731801415.3103545;/app/bags/user95_2017-02-24.bag;0.834065854549408;0.0;0.9619645476341248;0.0;0.7960547501412467;0.9444047902630928;0.055595209736907236
1731801415.5104582;/app/bags/user95_2017-02-24.bag;0.834065854549408;0.0;0.9619645476341248;0.0;0.7960547501412467;0.9444047902630928;0.055595209736907236
1731801415.7104228;/app/bags/user95_2017-02-24.bag;0.834065854549408;0.0;0.9619645476341248;0.0;0.7960547501412467;0.9444047902630928;0.055595209736907236
1731801415.9104497;/app/bags/user95_2017-02-24.bag;0.834065854549408;0.0;0.9619645476341248;0.0;0.7960547501412467;0.9444047902630928;0.055595209736907236
1731801416.110409;/app/bags/user95_2017-02-24.bag;0.834065854549408;0.0;0.9619645476341248;0.0;0.7960547501412467;0.9444047902630928;0.055595209736907236
1731801416.3104084;/app/bags/user95_2017-02-24.bag;0.834065854549408;0.0;0.9619645476341248;0.0;0.7960547501412467;0.9444047902630928;0.055595209736907236
1731801416.5104315;/app/bags/user95_2017-02-24.bag;0.834065854549408;0.0;0.9619645476341248;0.0;0.7960547501412467;0.9444047902630928;0.055595209736907236
1731801416.710425;/app/bags/user95_2017-02-24.bag;0.834065854549408;0.0;0.9619645476341248;0.0;0.7960547501412467;0.9444047902630928;0.055595209736907236
1731801416.910388;/app/bags/user95_2017-02-24.bag;0.834065854549408;0.0;0.9619645476341248;0.0;0.7960547501412467;0.9444047902630928;0.055595209736907236
1731801417.11042;/app/bags/user95_2017-02-24.bag;0.834065854549408;0.0;0.9619645476341248;0.0;0.7960547501412467;0.9444047902630928;0.055595209736907236
1731801417.310555;/app/bags/user95_2017-02-24.bag;0.834065854549408;0.0;0.9619645476341248;0.0;0.7960547501412467;0.9444047902630928;0.055595209736907236
1731801417.5103993;/app/bags/user95_2017-02-24.bag;0.834065854549408;0.0;0.9619645476341248;0.0;0.7960547501412467;0.9444047902630928;0.055595209736907236
1731801417.7104604;/app/bags/user95_2017-02-24.bag;0.834065854549408;0.0;0.9619645476341248;0.0;0.7960547501412467;0.9444047902630928;0.055595209736907236
1731801417.9103813;/app/bags/user95_2017-02-24.bag;0.834065854549408;0.0;0.9619645476341248;0.0;0.7960547501412467;0.9444047902630928;0.055595209736907236
1731801418.1103926;/app/bags/user95_2017-02-24.bag;0.834065854549408;0.0;0.9619645476341248;0.0;0.7960547501412467;0.9444047902630928;0.055595209736907236
1731801418.3104439;/app/bags/user95_2017-02-24.bag;0.834065854549408;0.0;0.9619645476341248;0.0;0.7960547501412467;0.9444047902630928;0.055595209736907236
1731801418.5103629;/app/bags/user95_2017-02-24.bag;0.834065854549408;0.0;0.9619645476341248;0.0;0.7960547501412467;0.9444047902630928;0.055595209736907236
1731801418.7105262;/app/bags/user95_2017-02-24.bag;0.834065854549408;0.0;0.9619645476341248;0.0;0.7960547501412467;0.9444047902630928;0.055595209736907236
1731801418.9103951;/app/bags/user95_2017-02-24.bag;0.834065854549408;0.0;0.9619645476341248;0.0;0.7960547501412467;0.9444047902630928;0.055595209736907236
1731801419.11039;/app/bags/user95_2017-02-24.bag;0.834065854549408;0.0;0.9619645476341248;0.0;0.7960547501412467;0.9444047902630928;0.055595209736907236
1731801419.3105426;/app/bags/user95_2017-02-24.bag;0.834065854549408;0.0;0.9619645476341248;0.0;0.7960547501412467;0.9444047902630928;0.055595209736907236
1731801419.5104742;/app/bags/user95_2017-02-24.bag;0.834065854549408;0.0;0.9619645476341248;0.0;0.7960547501412467;0.9444047902630928;0.055595209736907236
1731801419.710389;/app/bags/user95_2017-02-24.bag;0.834065854549408;0.0;0.9619645476341248;0.0;0.7960547501412467;0.9444047902630928;0.055595209736907236
1731801419.910474;/app/bags/user95_2017-02-24.bag;0.834065854549408;0.0;0.9619645476341248;0.0;0.7960547501412467;0.9444047902630928;0.055595209736907236
1731801420.1104887;/app/bags/user95_2017-02-24.bag;0.834065854549408;0.0;0.9619645476341248;0.0;0.7960547501412467;0.9444047902630928;0.055595209736907236
1731801420.3104496;/app/bags/user95_2017-02-24.bag;0.834065854549408;0.0;0.9619645476341248;0.0;0.7960547501412467;0.9444047902630928;0.055595209736907236
1731801420.5103674;/app/bags/user95_2017-02-24.bag;0.834065854549408;0.0;0.9619645476341248;0.0;0.7960547501412467;0.9444047902630928;0.055595209736907236
1731801420.7103877;/app/bags/user95_2017-02-24.bag;0.834065854549408;0.0;0.9619645476341248;0.0;0.7960547501412467;0.9444047902630928;0.055595209736907236
1731801420.910437;/app/bags/user95_2017-02-24.bag;0.834065854549408;0.0;0.9619645476341248;0.0;0.7960547501412467;0.9444047902630928;0.055595209736907236
1731801421.110396;/app/bags/user95_2017-02-24.bag;0.834065854549408;0.0;0.9619645476341248;0.0;0.7960547501412467;0.9444047902630928;0.055595209736907236
1731801421.3103967;/app/bags/user95_2017-02-24.bag;0.834065854549408;0.0;0.9619645476341248;0.0;0.7960547501412467;0.9444047902630928;0.055595209736907236
1731801421.510362;/app/bags/user95_2017-02-24.bag;0.834065854549408;0.0;0.9619645476341248;0.0;0.7960547501412467;0.9444047902630928;0.055595209736907236
1731801421.710385;/app/bags/user95_2017-02-24.bag;0.834065854549408;0.0;0.9619645476341248;0.0;0.7960547501412467;0.9444047902630928;0.055595209736907236
1731801421.9104123;/app/bags/user95_2017-02-24.bag;0.834065854549408;0.0;0.9619645476341248;0.0;0.7960547501412467;0.9444047902630928;0.055595209736907236
1731801422.110412;/app/bags/user95_2017-02-24.bag;0.834065854549408;0.0;0.9619645476341248;0.0;0.7960547501412467;0.9444047902630928;0.055595209736907236
1731801422.31035;/app/bags/user95_2017-02-24.bag;0.834065854549408;0.0;0.9619645476341248;0.0;0.7960547501412467;0.9444047902630928;0.055595209736907236
1731801422.510533;/app/bags/user95_2017-02-24.bag;0.834065854549408;0.0;0.9619645476341248;0.0;0.7960547501412467;0.9444047902630928;0.055595209736907236
1731801422.7105553;/app/bags/user95_2017-02-24.bag;0.834065854549408;0.0;0.9619645476341248;0.0;0.7960547501412467;0.9444047902630928;0.055595209736907236
1731801422.9104104;/app/bags/user95_2017-02-24.bag;0.834065854549408;0.0;0.9619645476341248;0.0;0.7960547501412467;0.9444047902630928;0.055595209736907236
1731801423.1105866;/app/bags/user95_2017-02-24.bag;0.834065854549408;0.0;0.9619645476341248;0.0;0.7960547501412467;0.9444047902630928;0.055595209736907236
1731801423.3105273;/app/bags/user95_2017-02-24.bag;0.834065854549408;0.0;0.9619645476341248;0.0;0.7960547501412467;0.9444047902630928;0.055595209736907236
1731801423.510432;/app/bags/user95_2017-02-24.bag;0.834065854549408;0.0;0.9619645476341248;0.0;0.7960547501412467;0.9444047902630928;0.055595209736907236
1731801423.7105093;/app/bags/user95_2017-02-24.bag;0.834065854549408;0.0;0.9619645476341248;0.0;0.7960547501412467;0.9444047902630928;0.055595209736907236
1731801423.9104345;/app/bags/user95_2017-02-24.bag;0.834065854549408;0.0;0.9619645476341248;0.0;0.7960547501412467;0.9444047902630928;0.055595209736907236
1731801424.110431;/app/bags/user95_2017-02-24.bag;0.834065854549408;0.0;0.9619645476341248;0.0;0.7960547501412467;0.9444047902630928;0.055595209736907236
1731801424.310401;/app/bags/user95_2017-02-24.bag;0.834065854549408;0.0;0.9619645476341248;0.0;0.7960547501412467;0.9444047902630928;0.055595209736907236
1731801424.5104718;/app/bags/user95_2017-02-24.bag;0.834065854549408;0.0;0.9619645476341248;0.0;0.7960547501412467;0.9444047902630928;0.055595209736907236
1731801424.7103994;/app/bags/user95_2017-02-24.bag;0.834065854549408;0.0;0.9619645476341248;0.0;0.7960547501412467;0.9444047902630928;0.055595209736907236
1731801424.9104233;/app/bags/user95_2017-02-24.bag;0.834065854549408;0.0;0.9619645476341248;0.0;0.7960547501412467;0.9444047902630928;0.055595209736907236
1731801425.1103988;/app/bags/user95_2017-02-24.bag;0.834065854549408;0.0;0.9619645476341248;0.0;0.7960547501412467;0.9444047902630928;0.055595209736907236
1731801425.31043;/app/bags/user95_2017-02-24.bag;0.834065854549408;0.0;0.9619645476341248;0.0;0.7960547501412467;0.9444047902630928;0.055595209736907236
1731801425.5103903;/app/bags/user95_2017-02-24.bag;0.834065854549408;0.0;0.9619645476341248;0.0;0.7960547501412467;0.9444047902630928;0.055595209736907236
1731801425.710356;/app/bags/user95_2017-02-24.bag;0.834065854549408;0.0;0.9619645476341248;0.0;0.7960547501412467;0.9444047902630928;0.055595209736907236
1731801425.9121256;/app/bags/user95_2017-02-24.bag;0.834065854549408;0.0;0.9619645476341248;0.0;0.7960547501412467;0.9444047902630928;0.055595209736907236
1731801426.11039;/app/bags/user95_2017-02-24.bag;0.834065854549408;0.0;0.9619645476341248;0.0;0.7960547501412467;0.9444047902630928;0.055595209736907236
1731801426.3103912;/app/bags/user95_2017-02-24.bag;0.834065854549408;0.0;0.9619645476341248;0.0;0.7960547501412467;0.9444047902630928;0.055595209736907236
1731801426.5103827;/app/bags/user95_2017-02-24.bag;0.834065854549408;0.0;0.9619645476341248;0.0;0.7960547501412467;0.9444047902630928;0.055595209736907236
1731801426.7103837;/app/bags/user95_2017-02-24.bag;0.834065854549408;0.0;0.9619645476341248;0.0;0.7960547501412467;0.9444047902630928;0.055595209736907236
1731801426.9104068;/app/bags/user95_2017-02-24.bag;0.834065854549408;0.0;0.9619645476341248;0.0;0.7960547501412467;0.9444047902630928;0.055595209736907236
1731801427.110395;/app/bags/user95_2017-02-24.bag;0.834065854549408;0.0;0.9619645476341248;0.0;0.7960547501412467;0.9444047902630928;0.055595209736907236
1731801427.310457;/app/bags/user95_2017-02-24.bag;0.834065854549408;0.0;0.9619645476341248;0.0;0.7960547501412467;0.9444047902630928;0.055595209736907236
1731801427.5103993;/app/bags/user95_2017-02-24.bag;0.834065854549408;0.0;0.9619645476341248;0.0;0.7960547501412467;0.9444047902630928;0.055595209736907236
1731801427.710384;/app/bags/user95_2017-02-24.bag;0.834065854549408;0.0;0.9619645476341248;0.0;0.7960547501412467;0.9444047902630928;0.055595209736907236
1731801427.9104996;/app/bags/user95_2017-02-24.bag;0.834065854549408;0.0;0.9619645476341248;0.0;0.7960547501412467;0.9444047902630928;0.055595209736907236
1731801428.1103642;/app/bags/user95_2017-02-24.bag;0.834065854549408;0.0;0.9619645476341248;0.0;0.7960547501412467;0.9444047902630928;0.055595209736907236
1731801428.3104048;/app/bags/user95_2017-02-24.bag;0.834065854549408;0.0;0.9619645476341248;0.0;0.7960547501412467;0.9444047902630928;0.055595209736907236
1731801428.510402;/app/bags/user95_2017-02-24.bag;0.834065854549408;0.0;0.9619645476341248;0.0;0.7960547501412467;0.9444047902630928;0.055595209736907236
1731801428.7104013;/app/bags/user95_2017-02-24.bag;0.834065854549408;0.0;0.9619645476341248;0.0;0.7960547501412467;0.9444047902630928;0.055595209736907236
1731801428.9104095;/app/bags/user95_2017-02-24.bag;0.834065854549408;0.0;0.9619645476341248;0.0;0.7960547501412467;0.9444047902630928;0.055595209736907236
1731801429.1104572;/app/bags/user95_2017-02-24.bag;0.834065854549408;0.0;0.9619645476341248;0.0;0.7960547501412467;0.9444047902630928;0.055595209736907236
1731801429.3103907;/app/bags/user95_2017-02-24.bag;0.834065854549408;0.0;0.9619645476341248;0.0;0.7960547501412467;0.9444047902630928;0.055595209736907236
1731801429.5103717;/app/bags/user95_2017-02-24.bag;0.834065854549408;0.0;0.9619645476341248;0.0;0.7960547501412467;0.9444047902630928;0.055595209736907236
1731801429.710425;/app/bags/user95_2017-02-24.bag;0.834065854549408;0.0;0.9619645476341248;0.0;0.7960547501412467;0.9444047902630928;0.055595209736907236
1731801429.9103885;/app/bags/user95_2017-02-24.bag;0.834065854549408;0.0;0.9619645476341248;0.0;0.7960547501412467;0.9444047902630928;0.055595209736907236
1731801430.1103737;/app/bags/user95_2017-02-24.bag;0.834065854549408;0.0;0.9619645476341248;0.0;0.7960547501412467;0.9444047902630928;0.055595209736907236
1731801430.3103793;/app/bags/user95_2017-02-24.bag;0.834065854549408;0.0;0.9619645476341248;0.0;0.7960547501412467;0.9444047902630928;0.055595209736907236
1731801430.5104434;/app/bags/user95_2017-02-24.bag;0.834065854549408;0.0;0.9619645476341248;0.0;0.7960547501412467;0.9444047902630928;0.055595209736907236
1731801430.7104928;/app/bags/user95_2017-02-24.bag;0.834065854549408;0.0;0.9619645476341248;0.0;0.7960547501412467;0.9444047902630928;0.055595209736907236
1731801430.9105465;/app/bags/user95_2017-02-24.bag;0.834065854549408;0.0;0.9619645476341248;0.0;0.7960547501412467;0.9444047902630928;0.055595209736907236
1731801431.1103885;/app/bags/user95_2017-02-24.bag;0.834065854549408;0.0;0.9619645476341248;0.0;0.7960547501412467;0.9444047902630928;0.055595209736907236
1731801431.3103564;/app/bags/user95_2017-02-24.bag;0.834065854549408;0.0;0.9619645476341248;0.0;0.7960547501412467;0.9444047902630928;0.055595209736907236
1731801431.5104194;/app/bags/user95_2017-02-24.bag;0.834065854549408;0.0;0.9619645476341248;0.0;0.7960547501412467;0.9444047902630928;0.055595209736907236
1731801431.7104192;/app/bags/user95_2017-02-24.bag;0.834065854549408;0.0;0.9619645476341248;0.0;0.7960547501412467;0.9444047902630928;0.055595209736907236
1731801431.9103785;/app/bags/user95_2017-02-24.bag;0.834065854549408;0.0;0.9619645476341248;0.0;0.7960547501412467;0.9444047902630928;0.055595209736907236
1731801432.1103702;/app/bags/user95_2017-02-24.bag;0.834065854549408;0.0;0.9619645476341248;0.0;0.7960547501412467;0.9444047902630928;0.055595209736907236
1731801432.3103654;/app/bags/user95_2017-02-24.bag;0.834065854549408;0.0;0.9619645476341248;0.0;0.7960547501412467;0.9444047902630928;0.055595209736907236
1731801432.5104055;/app/bags/user95_2017-02-24.bag;0.834065854549408;0.0;0.9619645476341248;0.0;0.7960547501412467;0.9444047902630928;0.055595209736907236
1731801432.710443;/app/bags/user95_2017-02-24.bag;0.834065854549408;0.0;0.9619645476341248;0.0;0.7960547501412467;0.9444047902630928;0.055595209736907236
1731801432.9104078;/app/bags/user95_2017-02-24.bag;0.834065854549408;0.0;0.9619645476341248;0.0;0.7960547501412467;0.9444047902630928;0.055595209736907236
1731801433.1104357;/app/bags/user95_2017-02-24.bag;0.834065854549408;0.0;0.9619645476341248;0.0;0.7960547501412467;0.9444047902630928;0.055595209736907236
1731801433.3103752;/app/bags/user95_2017-02-24.bag;0.834065854549408;0.0;0.9619645476341248;0.0;0.7960547501412467;0.9444047902630928;0.055595209736907236
1731801433.5104227;/app/bags/user95_2017-02-24.bag;0.834065854549408;0.0;0.9619645476341248;0.0;0.7960547501412467;0.9444047902630928;0.055595209736907236
1731801433.7104456;/app/bags/user95_2017-02-24.bag;0.834065854549408;0.0;0.9619645476341248;0.0;0.7960547501412467;0.9444047902630928;0.055595209736907236
1731801433.9104323;/app/bags/user95_2017-02-24.bag;0.834065854549408;0.0;0.9619645476341248;0.0;0.7960547501412467;0.9444047902630928;0.055595209736907236
1731801434.1103544;/app/bags/user95_2017-02-24.bag;0.834065854549408;0.0;0.9619645476341248;0.0;0.7960547501412467;0.9444047902630928;0.055595209736907236
1731801434.310443;/app/bags/user95_2017-02-24.bag;0.834065854549408;0.0;0.9619645476341248;0.0;0.7960547501412467;0.9444047902630928;0.055595209736907236
1731801434.510454;/app/bags/user95_2017-02-24.bag;0.834065854549408;0.0;0.9619645476341248;0.0;0.7960547501412467;0.9444047902630928;0.055595209736907236
1731801434.7104092;/app/bags/user95_2017-02-24.bag;0.834065854549408;0.0;0.9619645476341248;0.0;0.7960547501412467;0.9444047902630928;0.055595209736907236
1731801434.910355;/app/bags/user95_2017-02-24.bag;0.834065854549408;0.0;0.9619645476341248;0.0;0.7960547501412467;0.9444047902630928;0.055595209736907236
1731801435.1103857;/app/bags/user95_2017-02-24.bag;0.834065854549408;0.0;0.9619645476341248;0.0;0.7960547501412467;0.9444047902630928;0.055595209736907236
1731801435.310424;/app/bags/user95_2017-02-24.bag;0.834065854549408;0.0;0.9619645476341248;0.0;0.7960547501412467;0.9444047902630928;0.055595209736907236
1731801435.51049;/app/bags/user95_2017-02-24.bag;0.834065854549408;0.0;0.9619645476341248;0.0;0.7960547501412467;0.9444047902630928;0.055595209736907236
1731801435.7104025;/app/bags/user95_2017-02-24.bag;0.834065854549408;0.0;0.9619645476341248;0.0;0.7960547501412467;0.9444047902630928;0.055595209736907236
1731801435.9104009;/app/bags/user95_2017-02-24.bag;0.834065854549408;0.0;0.9619645476341248;0.0;0.7960547501412467;0.9444047902630928;0.055595209736907236
1731801436.110407;/app/bags/user95_2017-02-24.bag;0.834065854549408;0.0;0.9619645476341248;0.0;0.7960547501412467;0.9444047902630928;0.055595209736907236
1731801436.3104525;/app/bags/user95_2017-02-24.bag;0.834065854549408;0.0;0.9619645476341248;0.0;0.7960547501412467;0.9444047902630928;0.055595209736907236
1731801436.5104153;/app/bags/user95_2017-02-24.bag;0.834065854549408;0.0;0.9619645476341248;0.0;0.7960547501412467;0.9444047902630928;0.055595209736907236
1731801436.7104075;/app/bags/user95_2017-02-24.bag;0.834065854549408;0.0;0.9619645476341248;0.0;0.7960547501412467;0.9444047902630928;0.055595209736907236
1731801436.910365;/app/bags/user95_2017-02-24.bag;0.834065854549408;0.0;0.9619645476341248;0.0;0.7960547501412467;0.9444047902630928;0.055595209736907236
1731801437.1104243;/app/bags/user95_2017-02-24.bag;0.834065854549408;0.0;0.9619645476341248;0.0;0.7960547501412467;0.9444047902630928;0.055595209736907236
1731801437.3103623;/app/bags/user95_2017-02-24.bag;0.834065854549408;0.0;0.9619645476341248;0.0;0.7960547501412467;0.9444047902630928;0.055595209736907236
1731801437.5104656;/app/bags/user95_2017-02-24.bag;0.834065854549408;0.0;0.9619645476341248;0.0;0.7960547501412467;0.9444047902630928;0.055595209736907236
1731801437.7103627;/app/bags/user95_2017-02-24.bag;0.834065854549408;0.0;0.9619645476341248;0.0;0.7960547501412467;0.9444047902630928;0.055595209736907236
1731801437.9103827;/app/bags/user95_2017-02-24.bag;0.834065854549408;0.0;0.9619645476341248;0.0;0.7960547501412467;0.9444047902630928;0.055595209736907236
1731801438.1104708;/app/bags/user95_2017-02-24.bag;0.834065854549408;0.0;0.9619645476341248;0.0;0.7960547501412467;0.9444047902630928;0.055595209736907236
1731801438.310391;/app/bags/user95_2017-02-24.bag;0.834065854549408;0.0;0.9619645476341248;0.0;0.7960547501412467;0.9444047902630928;0.055595209736907236
1731801438.5104194;/app/bags/user95_2017-02-24.bag;0.834065854549408;0.0;0.9619645476341248;0.0;0.7960547501412467;0.9444047902630928;0.055595209736907236
1731801438.7104366;/app/bags/user95_2017-02-24.bag;0.834065854549408;0.0;0.9619645476341248;0.0;0.7960547501412467;0.9444047902630928;0.055595209736907236
1731801438.910395;/app/bags/user95_2017-02-24.bag;0.834065854549408;0.0;0.9619645476341248;0.0;0.7960547501412467;0.9444047902630928;0.055595209736907236
1731801439.1104496;/app/bags/user95_2017-02-24.bag;0.834065854549408;0.0;0.9619645476341248;0.0;0.7960547501412467;0.9444047902630928;0.055595209736907236
1731801439.310394;/app/bags/user95_2017-02-24.bag;0.834065854549408;0.0;0.9619645476341248;0.0;0.7960547501412467;0.9444047902630928;0.055595209736907236
1731801439.510395;/app/bags/user95_2017-02-24.bag;0.834065854549408;0.0;0.9619645476341248;0.0;0.7960547501412467;0.9444047902630928;0.055595209736907236
1731801439.710455;/app/bags/user95_2017-02-24.bag;0.834065854549408;0.0;0.9619645476341248;0.0;0.7960547501412467;0.9444047902630928;0.055595209736907236
1731801439.9104154;/app/bags/user95_2017-02-24.bag;0.834065854549408;0.0;0.9619645476341248;0.0;0.7960547501412467;0.9444047902630928;0.055595209736907236
1731801440.1104;/app/bags/user95_2017-02-24.bag;0.834065854549408;0.0;0.9619645476341248;0.0;0.7960547501412467;0.9444047902630928;0.055595209736907236
1731801440.3103943;/app/bags/user95_2017-02-24.bag;0.834065854549408;0.0;0.9619645476341248;0.0;0.7960547501412467;0.9444047902630928;0.055595209736907236
1731801440.5104065;/app/bags/user95_2017-02-24.bag;0.834065854549408;0.0;0.9619645476341248;0.0;0.7960547501412467;0.9444047902630928;0.055595209736907236
1731801440.7103877;/app/bags/user95_2017-02-24.bag;0.834065854549408;0.0;0.9619645476341248;0.0;0.7960547501412467;0.9444047902630928;0.055595209736907236
1731801440.910439;/app/bags/user95_2017-02-24.bag;0.834065854549408;0.0;0.9619645476341248;0.0;0.7960547501412467;0.9444047902630928;0.055595209736907236
1731801441.1103606;/app/bags/user95_2017-02-24.bag;0.834065854549408;0.0;0.9619645476341248;0.0;0.7960547501412467;0.9444047902630928;0.055595209736907236
1731801441.3103988;/app/bags/user95_2017-02-24.bag;0.834065854549408;0.0;0.9619645476341248;0.0;0.7960547501412467;0.9444047902630928;0.055595209736907236
1731801441.510346;/app/bags/user95_2017-02-24.bag;0.834065854549408;0.0;0.9619645476341248;0.0;0.7960547501412467;0.9444047902630928;0.055595209736907236
1731801441.7103786;/app/bags/user95_2017-02-24.bag;0.834065854549408;0.0;0.9619645476341248;0.0;0.7960547501412467;0.9444047902630928;0.055595209736907236
1731801441.9104366;/app/bags/user95_2017-02-24.bag;0.834065854549408;0.0;0.9619645476341248;0.0;0.7960547501412467;0.9444047902630928;0.055595209736907236
1731801442.1104572;/app/bags/user95_2017-02-24.bag;0.834065854549408;0.0;0.9619645476341248;0.0;0.7960547501412467;0.9444047902630928;0.055595209736907236
1731801442.31046;/app/bags/user95_2017-02-24.bag;0.834065854549408;0.0;0.9619645476341248;0.0;0.7960547501412467;0.9444047902630928;0.055595209736907236
1731801442.5104315;/app/bags/user95_2017-02-24.bag;0.834065854549408;0.0;0.9619645476341248;0.0;0.7960547501412467;0.9444047902630928;0.055595209736907236
1731801442.7103868;/app/bags/user95_2017-02-24.bag;0.834065854549408;0.0;0.9619645476341248;0.0;0.7960547501412467;0.9444047902630928;0.055595209736907236
1731801442.9103596;/app/bags/user95_2017-02-24.bag;0.834065854549408;0.0;0.9619645476341248;0.0;0.7960547501412467;0.9444047902630928;0.055595209736907236
1731801443.1104646;/app/bags/user95_2017-02-24.bag;0.834065854549408;0.0;0.9619645476341248;0.0;0.7960547501412467;0.9444047902630928;0.055595209736907236
1731801443.31059;/app/bags/user95_2017-02-24.bag;0.834065854549408;0.0;0.9619645476341248;0.0;0.7960547501412467;0.9444047902630928;0.055595209736907236
1731801443.5104134;/app/bags/user95_2017-02-24.bag;0.834065854549408;0.0;0.9619645476341248;0.0;0.7960547501412467;0.9444047902630928;0.055595209736907236
1731801443.7103693;/app/bags/user95_2017-02-24.bag;0.834065854549408;0.0;0.9619645476341248;0.0;0.7960547501412467;0.9444047902630928;0.055595209736907236
1731801443.910386;/app/bags/user95_2017-02-24.bag;0.834065854549408;0.0;0.9619645476341248;0.0;0.7960547501412467;0.9444047902630928;0.055595209736907236
1731801444.1105003;/app/bags/user95_2017-02-24.bag;0.834065854549408;0.0;0.9619645476341248;0.0;0.7960547501412467;0.9444047902630928;0.055595209736907236
1731801444.3104172;/app/bags/user95_2017-02-24.bag;0.834065854549408;0.0;0.9619645476341248;0.0;0.7960547501412467;0.9444047902630928;0.055595209736907236
1731801444.5103664;/app/bags/user95_2017-02-24.bag;0.834065854549408;0.0;0.9619645476341248;0.0;0.7960547501412467;0.9444047902630928;0.055595209736907236
1731801444.710492;/app/bags/user95_2017-02-24.bag;0.834065854549408;0.0;0.9619645476341248;0.0;0.7960547501412467;0.9444047902630928;0.055595209736907236
1731801444.9103994;/app/bags/user95_2017-02-24.bag;0.834065854549408;0.0;0.9619645476341248;0.0;0.7960547501412467;0.9444047902630928;0.055595209736907236
1731801445.110451;/app/bags/user95_2017-02-24.bag;0.834065854549408;0.0;0.9619645476341248;0.0;0.7960547501412467;0.9444047902630928;0.055595209736907236
1731801445.3104198;/app/bags/user95_2017-02-24.bag;0.834065854549408;0.0;0.9619645476341248;0.0;0.7960547501412467;0.9444047902630928;0.055595209736907236
1731801445.5104134;/app/bags/user95_2017-02-24.bag;0.834065854549408;0.0;0.9619645476341248;0.0;0.7960547501412467;0.9444047902630928;0.055595209736907236
1731801445.7103636;/app/bags/user95_2017-02-24.bag;0.834065854549408;0.0;0.9619645476341248;0.0;0.7960547501412467;0.9444047902630928;0.055595209736907236
1731801445.9104047;/app/bags/user95_2017-02-24.bag;0.834065854549408;0.0;0.9619645476341248;0.0;0.7960547501412467;0.9444047902630928;0.055595209736907236
1731801446.1104088;/app/bags/user95_2017-02-24.bag;0.834065854549408;0.0;0.9619645476341248;0.0;0.7960547501412467;0.9444047902630928;0.055595209736907236
1731801446.3104248;/app/bags/user95_2017-02-24.bag;0.834065854549408;0.0;0.9619645476341248;0.0;0.7960547501412467;0.9444047902630928;0.055595209736907236
1731801446.5104058;/app/bags/user95_2017-02-24.bag;0.834065854549408;0.0;0.9619645476341248;0.0;0.7960547501412467;0.9444047902630928;0.055595209736907236
1731801446.7104034;/app/bags/user95_2017-02-24.bag;0.834065854549408;0.0;0.9619645476341248;0.0;0.7960547501412467;0.9444047902630928;0.055595209736907236
1731801446.9103918;/app/bags/user95_2017-02-24.bag;0.834065854549408;0.0;0.9619645476341248;0.0;0.7960547501412467;0.9444047902630928;0.055595209736907236
1731801447.110444;/app/bags/user95_2017-02-24.bag;0.834065854549408;0.0;0.9619645476341248;0.0;0.7960547501412467;0.9444047902630928;0.055595209736907236
1731801447.3104;/app/bags/user95_2017-02-24.bag;0.834065854549408;0.0;0.9619645476341248;0.0;0.7960547501412467;0.9444047902630928;0.055595209736907236
1731801447.5104673;/app/bags/user95_2017-02-24.bag;0.834065854549408;0.0;0.9619645476341248;0.0;0.7960547501412467;0.9444047902630928;0.055595209736907236
1731801447.7105012;/app/bags/user95_2017-02-24.bag;0.834065854549408;0.0;0.9619645476341248;0.0;0.7960547501412467;0.9444047902630928;0.055595209736907236
1731801447.9105282;/app/bags/user95_2017-02-24.bag;0.834065854549408;0.0;0.9619645476341248;0.0;0.7960547501412467;0.9444047902630928;0.055595209736907236
1731801448.1104336;/app/bags/user95_2017-02-24.bag;0.834065854549408;0.0;0.9619645476341248;0.0;0.7960547501412467;0.9444047902630928;0.055595209736907236
1731801448.3103974;/app/bags/user95_2017-02-24.bag;0.834065854549408;0.0;0.9619645476341248;0.0;0.7960547501412467;0.9444047902630928;0.055595209736907236
1731801448.510359;/app/bags/user95_2017-02-24.bag;0.834065854549408;0.0;0.9619645476341248;0.0;0.7960547501412467;0.9444047902630928;0.055595209736907236
1731801448.7103643;/app/bags/user95_2017-02-24.bag;0.834065854549408;0.0;0.9619645476341248;0.0;0.7960547501412467;0.9444047902630928;0.055595209736907236
1731801448.910464;/app/bags/user95_2017-02-24.bag;0.834065854549408;0.0;0.9619645476341248;0.0;0.7960547501412467;0.9444047902630928;0.055595209736907236
1731801449.1103811;/app/bags/user95_2017-02-24.bag;0.834065854549408;0.0;0.9619645476341248;0.0;0.7960547501412467;0.9444047902630928;0.055595209736907236
1731801449.3103998;/app/bags/user95_2017-02-24.bag;0.834065854549408;0.0;0.9619645476341248;0.0;0.7960547501412467;0.9444047902630928;0.055595209736907236
1731801449.5103858;/app/bags/user95_2017-02-24.bag;0.834065854549408;0.0;0.9619645476341248;0.0;0.7960547501412467;0.9444047902630928;0.055595209736907236
1731801449.7104173;/app/bags/user95_2017-02-24.bag;0.834065854549408;0.0;0.9619645476341248;0.0;0.7960547501412467;0.9444047902630928;0.055595209736907236
1731801449.9104066;/app/bags/user95_2017-02-24.bag;0.834065854549408;0.0;0.9619645476341248;0.0;0.7960547501412467;0.9444047902630928;0.055595209736907236
1731801450.1103835;/app/bags/user95_2017-02-24.bag;0.834065854549408;0.0;0.9619645476341248;0.0;0.7960547501412467;0.9444047902630928;0.055595209736907236
1731801450.3104;/app/bags/user95_2017-02-24.bag;0.834065854549408;0.0;0.9619645476341248;0.0;0.7960547501412467;0.9444047902630928;0.055595209736907236
1731801450.510402;/app/bags/user95_2017-02-24.bag;0.834065854549408;0.0;0.9619645476341248;0.0;0.7960547501412467;0.9444047902630928;0.055595209736907236
1731801450.710418;/app/bags/user95_2017-02-24.bag;0.834065854549408;0.0;0.9619645476341248;0.0;0.7960547501412467;0.9444047902630928;0.055595209736907236
1731801450.9103348;/app/bags/user95_2017-02-24.bag;0.834065854549408;0.0;0.9619645476341248;0.0;0.7960547501412467;0.9444047902630928;0.055595209736907236
1731801451.1104221;/app/bags/user95_2017-02-24.bag;0.834065854549408;0.0;0.9619645476341248;0.0;0.7960547501412467;0.9444047902630928;0.055595209736907236
1731801451.3104086;/app/bags/user95_2017-02-24.bag;0.834065854549408;0.0;0.9619645476341248;0.0;0.7960547501412467;0.9444047902630928;0.055595209736907236
1731801451.510401;/app/bags/user95_2017-02-24.bag;0.834065854549408;0.0;0.9619645476341248;0.0;0.7960547501412467;0.9444047902630928;0.055595209736907236
1731801451.7104118;/app/bags/user95_2017-02-24.bag;0.834065854549408;0.0;0.9619645476341248;0.0;0.7960547501412467;0.9444047902630928;0.055595209736907236
1731801451.9103994;/app/bags/user95_2017-02-24.bag;0.834065854549408;0.0;0.9619645476341248;0.0;0.7960547501412467;0.9444047902630928;0.055595209736907236
1731801452.1104138;/app/bags/user95_2017-02-24.bag;0.834065854549408;0.0;0.9619645476341248;0.0;0.7960547501412467;0.9444047902630928;0.055595209736907236
1731801452.3104682;/app/bags/user95_2017-02-24.bag;0.834065854549408;0.0;0.9619645476341248;0.0;0.7960547501412467;0.9444047902630928;0.055595209736907236
1731801452.510483;/app/bags/user95_2017-02-24.bag;0.834065854549408;0.0;0.9619645476341248;0.0;0.7960547501412467;0.9444047902630928;0.055595209736907236
1731801452.7104042;/app/bags/user95_2017-02-24.bag;0.834065854549408;0.0;0.9619645476341248;0.0;0.7960547501412467;0.9444047902630928;0.055595209736907236
1731801452.910384;/app/bags/user95_2017-02-24.bag;0.834065854549408;0.0;0.9619645476341248;0.0;0.7960547501412467;0.9444047902630928;0.055595209736907236
1731801453.1104083;/app/bags/user95_2017-02-24.bag;0.834065854549408;0.0;0.9619645476341248;0.0;0.7960547501412467;0.9444047902630928;0.055595209736907236
1731801453.3104427;/app/bags/user95_2017-02-24.bag;0.834065854549408;0.0;0.9619645476341248;0.0;0.7960547501412467;0.9444047902630928;0.055595209736907236
1731801453.5104032;/app/bags/user95_2017-02-24.bag;0.834065854549408;0.0;0.9619645476341248;0.0;0.7960547501412467;0.9444047902630928;0.055595209736907236
1731801453.7103832;/app/bags/user95_2017-02-24.bag;0.834065854549408;0.0;0.9619645476341248;0.0;0.7960547501412467;0.9444047902630928;0.055595209736907236
1731801453.9104035;/app/bags/user95_2017-02-24.bag;0.834065854549408;0.0;0.9619645476341248;0.0;0.7960547501412467;0.9444047902630928;0.055595209736907236
1731801454.1103897;/app/bags/user95_2017-02-24.bag;0.834065854549408;0.0;0.9619645476341248;0.0;0.7960547501412467;0.9444047902630928;0.055595209736907236
1731801454.3104002;/app/bags/user95_2017-02-24.bag;0.834065854549408;0.0;0.9619645476341248;0.0;0.7960547501412467;0.9444047902630928;0.055595209736907236
1731801454.510403;/app/bags/user95_2017-02-24.bag;0.834065854549408;0.0;0.9619645476341248;0.0;0.7960547501412467;0.9444047902630928;0.055595209736907236
1731801454.7104173;/app/bags/user95_2017-02-24.bag;0.834065854549408;0.0;0.9619645476341248;0.0;0.7960547501412467;0.9444047902630928;0.055595209736907236
1731801454.9103854;/app/bags/user95_2017-02-24.bag;0.834065854549408;0.0;0.9619645476341248;0.0;0.7960547501412467;0.9444047902630928;0.055595209736907236
1731801455.1104171;/app/bags/user95_2017-02-24.bag;0.834065854549408;0.0;0.9619645476341248;0.0;0.7960547501412467;0.9444047902630928;0.055595209736907236
1731801455.3104043;/app/bags/user95_2017-02-24.bag;0.834065854549408;0.0;0.9619645476341248;0.0;0.7960547501412467;0.9444047902630928;0.055595209736907236
1731801455.510395;/app/bags/user95_2017-02-24.bag;0.834065854549408;0.0;0.9619645476341248;0.0;0.7960547501412467;0.9444047902630928;0.055595209736907236
1731801455.7104473;/app/bags/user95_2017-02-24.bag;0.834065854549408;0.0;0.9619645476341248;0.0;0.7960547501412467;0.9444047902630928;0.055595209736907236
1731801455.9105864;/app/bags/user95_2017-02-24.bag;0.834065854549408;0.0;0.9619645476341248;0.0;0.7960547501412467;0.9444047902630928;0.055595209736907236
1731801456.1104155;/app/bags/user95_2017-02-24.bag;0.834065854549408;0.0;0.9619645476341248;0.0;0.7960547501412467;0.9444047902630928;0.055595209736907236
1731801456.3103828;/app/bags/user95_2017-02-24.bag;0.834065854549408;0.0;0.9619645476341248;0.0;0.7960547501412467;0.9444047902630928;0.055595209736907236
1731801456.5104125;/app/bags/user95_2017-02-24.bag;0.834065854549408;0.0;0.9619645476341248;0.0;0.7960547501412467;0.9444047902630928;0.055595209736907236
1731801456.7103896;/app/bags/user95_2017-02-24.bag;0.834065854549408;0.0;0.9619645476341248;0.0;0.7960547501412467;0.9444047902630928;0.055595209736907236
1731801456.9104168;/app/bags/user95_2017-02-24.bag;0.834065854549408;0.0;0.9619645476341248;0.0;0.7960547501412467;0.9444047902630928;0.055595209736907236
1731801457.1104593;/app/bags/user95_2017-02-24.bag;0.834065854549408;0.0;0.9619645476341248;0.0;0.7960547501412467;0.9444047902630928;0.055595209736907236
1731801457.3103862;/app/bags/user95_2017-02-24.bag;0.834065854549408;0.0;0.9619645476341248;0.0;0.7960547501412467;0.9444047902630928;0.055595209736907236
1731801457.5103672;/app/bags/user95_2017-02-24.bag;0.834065854549408;0.0;0.9619645476341248;0.0;0.7960547501412467;0.9444047902630928;0.055595209736907236
1731801457.7105148;/app/bags/user95_2017-02-24.bag;0.834065854549408;0.0;0.9619645476341248;0.0;0.7960547501412467;0.9444047902630928;0.055595209736907236
1731801457.9104335;/app/bags/user95_2017-02-24.bag;0.834065854549408;0.0;0.9619645476341248;0.0;0.7960547501412467;0.9444047902630928;0.055595209736907236
1731801458.110428;/app/bags/user95_2017-02-24.bag;0.834065854549408;0.0;0.9619645476341248;0.0;0.7960547501412467;0.9444047902630928;0.055595209736907236
1731801458.3103848;/app/bags/user95_2017-02-24.bag;0.834065854549408;0.0;0.9619645476341248;0.0;0.7960547501412467;0.9444047902630928;0.055595209736907236
1731801458.5103843;/app/bags/user95_2017-02-24.bag;0.834065854549408;0.0;0.9619645476341248;0.0;0.7960547501412467;0.9444047902630928;0.055595209736907236
1731801458.7103543;/app/bags/user95_2017-02-24.bag;0.834065854549408;0.0;0.9619645476341248;0.0;0.7960547501412467;0.9444047902630928;0.055595209736907236
1731801458.9103699;/app/bags/user95_2017-02-24.bag;0.834065854549408;0.0;0.9619645476341248;0.0;0.7960547501412467;0.9444047902630928;0.055595209736907236
1731801459.1103866;/app/bags/user95_2017-02-24.bag;0.834065854549408;0.0;0.9619645476341248;0.0;0.7960547501412467;0.9444047902630928;0.055595209736907236
1731801459.3104143;/app/bags/user95_2017-02-24.bag;0.834065854549408;0.0;0.9619645476341248;0.0;0.7960547501412467;0.9444047902630928;0.055595209736907236
1731801459.5103638;/app/bags/user95_2017-02-24.bag;0.834065854549408;0.0;0.9619645476341248;0.0;0.7960547501412467;0.9444047902630928;0.055595209736907236
1731801459.7103915;/app/bags/user95_2017-02-24.bag;0.834065854549408;0.0;0.9619645476341248;0.0;0.7960547501412467;0.9444047902630928;0.055595209736907236
1731801459.9104939;/app/bags/user95_2017-02-24.bag;0.834065854549408;0.0;0.9619645476341248;0.0;0.7960547501412467;0.9444047902630928;0.055595209736907236
1731801460.1103992;/app/bags/user95_2017-02-24.bag;0.834065854549408;0.0;0.9619645476341248;0.0;0.7960547501412467;0.9444047902630928;0.055595209736907236
1731801460.3104095;/app/bags/user95_2017-02-24.bag;0.834065854549408;0.0;0.9619645476341248;0.0;0.7960547501412467;0.9444047902630928;0.055595209736907236
1731801460.510453;/app/bags/user95_2017-02-24.bag;0.834065854549408;0.0;0.9619645476341248;0.0;0.7960547501412467;0.9444047902630928;0.055595209736907236
1731801460.7103992;/app/bags/user95_2017-02-24.bag;0.834065854549408;0.0;0.9619645476341248;0.0;0.7960547501412467;0.9444047902630928;0.055595209736907236
1731801460.9103987;/app/bags/user95_2017-02-24.bag;0.834065854549408;0.0;0.9619645476341248;0.0;0.7960547501412467;0.9444047902630928;0.055595209736907236
1731801461.1103494;/app/bags/user95_2017-02-24.bag;0.834065854549408;0.0;0.9619645476341248;0.0;0.7960547501412467;0.9444047902630928;0.055595209736907236
1731801461.31039;/app/bags/user95_2017-02-24.bag;0.834065854549408;0.0;0.9619645476341248;0.0;0.7960547501412467;0.9444047902630928;0.055595209736907236
1731801461.5103755;/app/bags/user95_2017-02-24.bag;0.834065854549408;0.0;0.9619645476341248;0.0;0.7960547501412467;0.9444047902630928;0.055595209736907236
1731801461.710394;/app/bags/user95_2017-02-24.bag;0.834065854549408;0.0;0.9619645476341248;0.0;0.7960547501412467;0.9444047902630928;0.055595209736907236
1731801461.910406;/app/bags/user95_2017-02-24.bag;0.834065854549408;0.0;0.9619645476341248;0.0;0.7960547501412467;0.9444047902630928;0.055595209736907236
1731801462.1104212;/app/bags/user95_2017-02-24.bag;0.834065854549408;0.0;0.9619645476341248;0.0;0.7960547501412467;0.9444047902630928;0.055595209736907236
1731801462.3103766;/app/bags/user95_2017-02-24.bag;0.834065854549408;0.0;0.9619645476341248;0.0;0.7960547501412467;0.9444047902630928;0.055595209736907236
1731801462.510389;/app/bags/user95_2017-02-24.bag;0.834065854549408;0.0;0.9619645476341248;0.0;0.7960547501412467;0.9444047902630928;0.055595209736907236
1731801462.710395;/app/bags/user95_2017-02-24.bag;0.834065854549408;0.0;0.9619645476341248;0.0;0.7960547501412467;0.9444047902630928;0.055595209736907236
1731801462.9104285;/app/bags/user95_2017-02-24.bag;0.834065854549408;0.0;0.9619645476341248;0.0;0.7960547501412467;0.9444047902630928;0.055595209736907236
1731801463.110458;/app/bags/user95_2017-02-24.bag;0.834065854549408;0.0;0.9619645476341248;0.0;0.7960547501412467;0.9444047902630928;0.055595209736907236
1731801463.3104038;/app/bags/user95_2017-02-24.bag;0.834065854549408;0.0;0.9619645476341248;0.0;0.7960547501412467;0.9444047902630928;0.055595209736907236
1731801463.5103848;/app/bags/user95_2017-02-24.bag;0.834065854549408;0.0;0.9619645476341248;0.0;0.7960547501412467;0.9444047902630928;0.055595209736907236
1731801463.7104335;/app/bags/user95_2017-02-24.bag;0.834065854549408;0.0;0.9619645476341248;0.0;0.7960547501412467;0.9444047902630928;0.055595209736907236
1731801463.9104;/app/bags/user95_2017-02-24.bag;0.834065854549408;0.0;0.9619645476341248;0.0;0.7960547501412467;0.9444047902630928;0.055595209736907236
1731801464.1104105;/app/bags/user95_2017-02-24.bag;0.834065854549408;0.0;0.9619645476341248;0.0;0.7960547501412467;0.9444047902630928;0.055595209736907236
1731801464.3104048;/app/bags/user95_2017-02-24.bag;0.834065854549408;0.0;0.9619645476341248;0.0;0.7960547501412467;0.9444047902630928;0.055595209736907236
1731801464.5105026;/app/bags/user95_2017-02-24.bag;0.834065854549408;0.0;0.9619645476341248;0.0;0.7960547501412467;0.9444047902630928;0.055595209736907236
1731801464.7104213;/app/bags/user95_2017-02-24.bag;0.834065854549408;0.0;0.9619645476341248;0.0;0.7960547501412467;0.9444047902630928;0.055595209736907236
1731801464.9103634;/app/bags/user95_2017-02-24.bag;0.834065854549408;0.0;0.9619645476341248;0.0;0.7960547501412467;0.9444047902630928;0.055595209736907236
1731801465.1103752;/app/bags/user95_2017-02-24.bag;0.834065854549408;0.0;0.9619645476341248;0.0;0.7960547501412467;0.9444047902630928;0.055595209736907236
1731801465.3105257;/app/bags/user95_2017-02-24.bag;0.834065854549408;0.0;0.9619645476341248;0.0;0.7960547501412467;0.9444047902630928;0.055595209736907236
1731801465.510419;/app/bags/user95_2017-02-24.bag;0.834065854549408;0.0;0.9619645476341248;0.0;0.7960547501412467;0.9444047902630928;0.055595209736907236
1731801465.710422;/app/bags/user95_2017-02-24.bag;0.834065854549408;0.0;0.9619645476341248;0.0;0.7960547501412467;0.9444047902630928;0.055595209736907236
1731801465.9104195;/app/bags/user95_2017-02-24.bag;0.834065854549408;0.0;0.9619645476341248;0.0;0.7960547501412467;0.9444047902630928;0.055595209736907236
1731801466.1103718;/app/bags/user95_2017-02-24.bag;0.834065854549408;0.0;0.9619645476341248;0.0;0.7960547501412467;0.9444047902630928;0.055595209736907236
1731801466.3104005;/app/bags/user95_2017-02-24.bag;0.834065854549408;0.0;0.9619645476341248;0.0;0.7960547501412467;0.9444047902630928;0.055595209736907236
1731801466.5104465;/app/bags/user95_2017-02-24.bag;0.834065854549408;0.0;0.9619645476341248;0.0;0.7960547501412467;0.9444047902630928;0.055595209736907236
1731801466.7104294;/app/bags/user95_2017-02-24.bag;0.834065854549408;0.0;0.9619645476341248;0.0;0.7960547501412467;0.9444047902630928;0.055595209736907236
1731801466.9104242;/app/bags/user95_2017-02-24.bag;0.834065854549408;0.0;0.9619645476341248;0.0;0.7960547501412467;0.9444047902630928;0.055595209736907236
1731801467.1104884;/app/bags/user95_2017-02-24.bag;0.834065854549408;0.0;0.9619645476341248;0.0;0.7960547501412467;0.9444047902630928;0.055595209736907236
1731801467.3104005;/app/bags/user95_2017-02-24.bag;0.834065854549408;0.0;0.9619645476341248;0.0;0.7960547501412467;0.9444047902630928;0.055595209736907236
1731801467.5104585;/app/bags/user95_2017-02-24.bag;0.834065854549408;0.0;0.9619645476341248;0.0;0.7960547501412467;0.9444047902630928;0.055595209736907236
1731801467.7103765;/app/bags/user95_2017-02-24.bag;0.834065854549408;0.0;0.9619645476341248;0.0;0.7960547501412467;0.9444047902630928;0.055595209736907236
1731801467.9103956;/app/bags/user95_2017-02-24.bag;0.834065854549408;0.0;0.9619645476341248;0.0;0.7960547501412467;0.9444047902630928;0.055595209736907236
1731801468.1104052;/app/bags/user95_2017-02-24.bag;0.834065854549408;0.0;0.9619645476341248;0.0;0.7960547501412467;0.9444047902630928;0.055595209736907236
1731801468.3103828;/app/bags/user95_2017-02-24.bag;0.834065854549408;0.0;0.9619645476341248;0.0;0.7960547501412467;0.9444047902630928;0.055595209736907236
1731801468.5103977;/app/bags/user95_2017-02-24.bag;0.834065854549408;0.0;0.9619645476341248;0.0;0.7960547501412467;0.9444047902630928;0.055595209736907236
1731801468.7103813;/app/bags/user95_2017-02-24.bag;0.834065854549408;0.0;0.9619645476341248;0.0;0.7960547501412467;0.9444047902630928;0.055595209736907236
1731801468.9104192;/app/bags/user95_2017-02-24.bag;0.834065854549408;0.0;0.9619645476341248;0.0;0.7960547501412467;0.9444047902630928;0.055595209736907236
1731801469.1105027;/app/bags/user95_2017-02-24.bag;0.834065854549408;0.0;0.9619645476341248;0.0;0.7960547501412467;0.9444047902630928;0.055595209736907236
1731801469.3104584;/app/bags/user95_2017-02-24.bag;0.834065854549408;0.0;0.9619645476341248;0.0;0.7960547501412467;0.9444047902630928;0.055595209736907236
1731801469.5104098;/app/bags/user95_2017-02-24.bag;0.834065854549408;0.0;0.9619645476341248;0.0;0.7960547501412467;0.9444047902630928;0.055595209736907236
1731801469.7103887;/app/bags/user95_2017-02-24.bag;0.834065854549408;0.0;0.9619645476341248;0.0;0.7960547501412467;0.9444047902630928;0.055595209736907236
1731801469.9103987;/app/bags/user95_2017-02-24.bag;0.834065854549408;0.0;0.9619645476341248;0.0;0.7960547501412467;0.9444047902630928;0.055595209736907236
1731801470.11038;/app/bags/user95_2017-02-24.bag;0.834065854549408;0.0;0.9619645476341248;0.0;0.7960547501412467;0.9444047902630928;0.055595209736907236
1731801470.310403;/app/bags/user95_2017-02-24.bag;0.834065854549408;0.0;0.9619645476341248;0.0;0.7960547501412467;0.9444047902630928;0.055595209736907236
1731801470.5104513;/app/bags/user95_2017-02-24.bag;0.834065854549408;0.0;0.9619645476341248;0.0;0.7960547501412467;0.9444047902630928;0.055595209736907236
1731801470.7103837;/app/bags/user95_2017-02-24.bag;0.834065854549408;0.0;0.9619645476341248;0.0;0.7960547501412467;0.9444047902630928;0.055595209736907236
1731801470.9103851;/app/bags/user95_2017-02-24.bag;0.834065854549408;0.0;0.9619645476341248;0.0;0.7960547501412467;0.9444047902630928;0.055595209736907236
1731801471.1103947;/app/bags/user95_2017-02-24.bag;0.834065854549408;0.0;0.9619645476341248;0.0;0.7960547501412467;0.9444047902630928;0.055595209736907236
1731801471.3104172;/app/bags/user95_2017-02-24.bag;0.834065854549408;0.0;0.9619645476341248;0.0;0.7960547501412467;0.9444047902630928;0.055595209736907236
1731801471.5103495;/app/bags/user95_2017-02-24.bag;0.834065854549408;0.0;0.9619645476341248;0.0;0.7960547501412467;0.9444047902630928;0.055595209736907236
1731801471.7105753;/app/bags/user95_2017-02-24.bag;0.834065854549408;0.0;0.9619645476341248;0.0;0.7960547501412467;0.9444047902630928;0.055595209736907236
1731801471.9103825;/app/bags/user95_2017-02-24.bag;0.834065854549408;0.0;0.9619645476341248;0.0;0.7960547501412467;0.9444047902630928;0.055595209736907236
1731801472.1104417;/app/bags/user95_2017-02-24.bag;0.834065854549408;0.0;0.9619645476341248;0.0;0.7960547501412467;0.9444047902630928;0.055595209736907236
1731801472.3103967;/app/bags/user95_2017-02-24.bag;0.834065854549408;0.0;0.9619645476341248;0.0;0.7960547501412467;0.9444047902630928;0.055595209736907236
1731801472.5104294;/app/bags/user95_2017-02-24.bag;0.834065854549408;0.0;0.9619645476341248;0.0;0.7960547501412467;0.9444047902630928;0.055595209736907236
1731801472.7103915;/app/bags/user95_2017-02-24.bag;0.834065854549408;0.0;0.9619645476341248;0.0;0.7960547501412467;0.9444047902630928;0.055595209736907236
1731801472.9104035;/app/bags/user95_2017-02-24.bag;0.834065854549408;0.0;0.9619645476341248;0.0;0.7960547501412467;0.9444047902630928;0.055595209736907236
1731801473.1104088;/app/bags/user95_2017-02-24.bag;0.834065854549408;0.0;0.9619645476341248;0.0;0.7960547501412467;0.9444047902630928;0.055595209736907236
1731801473.3103917;/app/bags/user95_2017-02-24.bag;0.834065854549408;0.0;0.9619645476341248;0.0;0.7960547501412467;0.9444047902630928;0.055595209736907236
1731801473.5103774;/app/bags/user95_2017-02-24.bag;0.834065854549408;0.0;0.9619645476341248;0.0;0.7960547501412467;0.9444047902630928;0.055595209736907236
1731801473.7103786;/app/bags/user95_2017-02-24.bag;0.834065854549408;0.0;0.9619645476341248;0.0;0.7960547501412467;0.9444047902630928;0.055595209736907236
1731801473.9104166;/app/bags/user95_2017-02-24.bag;0.834065854549408;0.0;0.9619645476341248;0.0;0.7960547501412467;0.9444047902630928;0.055595209736907236
1731801474.1103756;/app/bags/user95_2017-02-24.bag;0.834065854549408;0.0;0.9619645476341248;0.0;0.7960547501412467;0.9444047902630928;0.055595209736907236
1731801474.310377;/app/bags/user95_2017-02-24.bag;0.834065854549408;0.0;0.9619645476341248;0.0;0.7960547501412467;0.9444047902630928;0.055595209736907236
1731801474.5103786;/app/bags/user95_2017-02-24.bag;0.834065854549408;0.0;0.9619645476341248;0.0;0.7960547501412467;0.9444047902630928;0.055595209736907236
1731801474.7103744;/app/bags/user95_2017-02-24.bag;0.834065854549408;0.0;0.9619645476341248;0.0;0.7960547501412467;0.9444047902630928;0.055595209736907236
1731801474.9104185;/app/bags/user95_2017-02-24.bag;0.834065854549408;0.0;0.9619645476341248;0.0;0.7960547501412467;0.9444047902630928;0.055595209736907236
1731801475.1103828;/app/bags/user95_2017-02-24.bag;0.834065854549408;0.0;0.9619645476341248;0.0;0.7960547501412467;0.9444047902630928;0.055595209736907236
1731801475.3104517;/app/bags/user95_2017-02-24.bag;0.834065854549408;0.0;0.9619645476341248;0.0;0.7960547501412467;0.9444047902630928;0.055595209736907236
1731801475.51036;/app/bags/user95_2017-02-24.bag;0.834065854549408;0.0;0.9619645476341248;0.0;0.7960547501412467;0.9444047902630928;0.055595209736907236
1731801475.7106202;/app/bags/user95_2017-02-24.bag;0.834065854549408;0.0;0.9619645476341248;0.0;0.7960547501412467;0.9444047902630928;0.055595209736907236
1731801475.910523;/app/bags/user95_2017-02-24.bag;0.834065854549408;0.0;0.9619645476341248;0.0;0.7960547501412467;0.9444047902630928;0.055595209736907236
1731801476.1104145;/app/bags/user95_2017-02-24.bag;0.834065854549408;0.0;0.9619645476341248;0.0;0.7960547501412467;0.9444047902630928;0.055595209736907236
1731801476.3103356;/app/bags/user95_2017-02-24.bag;0.834065854549408;0.0;0.9619645476341248;0.0;0.7960547501412467;0.9444047902630928;0.055595209736907236
1731801476.5105364;/app/bags/user95_2017-02-24.bag;0.834065854549408;0.0;0.9619645476341248;0.0;0.7960547501412467;0.9444047902630928;0.055595209736907236
1731801476.7103782;/app/bags/user95_2017-02-24.bag;0.834065854549408;0.0;0.9619645476341248;0.0;0.7960547501412467;0.9444047902630928;0.055595209736907236
1731801476.910391;/app/bags/user95_2017-02-24.bag;0.834065854549408;0.0;0.9619645476341248;0.0;0.7960547501412467;0.9444047902630928;0.055595209736907236
1731801477.1104345;/app/bags/user95_2017-02-24.bag;0.834065854549408;0.0;0.9619645476341248;0.0;0.7960547501412467;0.9444047902630928;0.055595209736907236
1731801477.3103898;/app/bags/user95_2017-02-24.bag;0.834065854549408;0.0;0.9619645476341248;0.0;0.7960547501412467;0.9444047902630928;0.055595209736907236
1731801477.5103948;/app/bags/user95_2017-02-24.bag;0.834065854549408;0.0;0.9619645476341248;0.0;0.7960547501412467;0.9444047902630928;0.055595209736907236
1731801477.7104273;/app/bags/user95_2017-02-24.bag;0.834065854549408;0.0;0.9619645476341248;0.0;0.7960547501412467;0.9444047902630928;0.055595209736907236
1731801477.910431;/app/bags/user95_2017-02-24.bag;0.834065854549408;0.0;0.9619645476341248;0.0;0.7960547501412467;0.9444047902630928;0.055595209736907236
1731801478.1104157;/app/bags/user95_2017-02-24.bag;0.834065854549408;0.0;0.9619645476341248;0.0;0.7960547501412467;0.9444047902630928;0.055595209736907236
1731801478.3104033;/app/bags/user95_2017-02-24.bag;0.834065854549408;0.0;0.9619645476341248;0.0;0.7960547501412467;0.9444047902630928;0.055595209736907236
1731801478.5104508;/app/bags/user95_2017-02-24.bag;0.834065854549408;0.0;0.9619645476341248;0.0;0.7960547501412467;0.9444047902630928;0.055595209736907236
1731801478.7104197;/app/bags/user95_2017-02-24.bag;0.834065854549408;0.0;0.9619645476341248;0.0;0.7960547501412467;0.9444047902630928;0.055595209736907236
1731801478.9104738;/app/bags/user95_2017-02-24.bag;0.834065854549408;0.0;0.9619645476341248;0.0;0.7960547501412467;0.9444047902630928;0.055595209736907236
1731801479.110369;/app/bags/user95_2017-02-24.bag;0.834065854549408;0.0;0.9619645476341248;0.0;0.7960547501412467;0.9444047902630928;0.055595209736907236
1731801479.3103817;/app/bags/user95_2017-02-24.bag;0.834065854549408;0.0;0.9619645476341248;0.0;0.7960547501412467;0.9444047902630928;0.055595209736907236
1731801479.5104108;/app/bags/user95_2017-02-24.bag;0.834065854549408;0.0;0.9619645476341248;0.0;0.7960547501412467;0.9444047902630928;0.055595209736907236
1731801479.7103808;/app/bags/user95_2017-02-24.bag;0.834065854549408;0.0;0.9619645476341248;0.0;0.7960547501412467;0.9444047902630928;0.055595209736907236
1731801479.9103997;/app/bags/user95_2017-02-24.bag;0.834065854549408;0.0;0.9619645476341248;0.0;0.7960547501412467;0.9444047902630928;0.055595209736907236
1731801480.11038;/app/bags/user95_2017-02-24.bag;0.834065854549408;0.0;0.9619645476341248;0.0;0.7960547501412467;0.9444047902630928;0.055595209736907236
1731801480.3103704;/app/bags/user95_2017-02-24.bag;0.834065854549408;0.0;0.9619645476341248;0.0;0.7960547501412467;0.9444047902630928;0.055595209736907236
1731801480.5103905;/app/bags/user95_2017-02-24.bag;0.834065854549408;0.0;0.9619645476341248;0.0;0.7960547501412467;0.9444047902630928;0.055595209736907236
1731801480.7104092;/app/bags/user95_2017-02-24.bag;0.834065854549408;0.0;0.9619645476341248;0.0;0.7960547501412467;0.9444047902630928;0.055595209736907236
1731801480.9104507;/app/bags/user95_2017-02-24.bag;0.834065854549408;0.0;0.9619645476341248;0.0;0.7960547501412467;0.9444047902630928;0.055595209736907236
1731801481.1103606;/app/bags/user95_2017-02-24.bag;0.834065854549408;0.0;0.9619645476341248;0.0;0.7960547501412467;0.9444047902630928;0.055595209736907236
1731801481.310404;/app/bags/user95_2017-02-24.bag;0.834065854549408;0.0;0.9619645476341248;0.0;0.7960547501412467;0.9444047902630928;0.055595209736907236
1731801481.5103674;/app/bags/user95_2017-02-24.bag;0.834065854549408;0.0;0.9619645476341248;0.0;0.7960547501412467;0.9444047902630928;0.055595209736907236
1731801481.710374;/app/bags/user95_2017-02-24.bag;0.834065854549408;0.0;0.9619645476341248;0.0;0.7960547501412467;0.9444047902630928;0.055595209736907236
1731801481.9103656;/app/bags/user95_2017-02-24.bag;0.834065854549408;0.0;0.9619645476341248;0.0;0.7960547501412467;0.9444047902630928;0.055595209736907236
1731801482.1105294;/app/bags/user95_2017-02-24.bag;0.834065854549408;0.0;0.9619645476341248;0.0;0.7960547501412467;0.9444047902630928;0.055595209736907236
1731801482.3103988;/app/bags/user95_2017-02-24.bag;0.834065854549408;0.0;0.9619645476341248;0.0;0.7960547501412467;0.9444047902630928;0.055595209736907236
1731801482.5103626;/app/bags/user95_2017-02-24.bag;0.834065854549408;0.0;0.9619645476341248;0.0;0.7960547501412467;0.9444047902630928;0.055595209736907236
1731801482.7105057;/app/bags/user95_2017-02-24.bag;0.834065854549408;0.0;0.9619645476341248;0.0;0.7960547501412467;0.9444047902630928;0.055595209736907236
1731801482.9103975;/app/bags/user95_2017-02-24.bag;0.834065854549408;0.0;0.9619645476341248;0.0;0.7960547501412467;0.9444047902630928;0.055595209736907236
1731801483.1104143;/app/bags/user95_2017-02-24.bag;0.834065854549408;0.0;0.9619645476341248;0.0;0.7960547501412467;0.9444047902630928;0.055595209736907236
1731801483.3104055;/app/bags/user95_2017-02-24.bag;0.834065854549408;0.0;0.9619645476341248;0.0;0.7960547501412467;0.9444047902630928;0.055595209736907236
1731801483.5103755;/app/bags/user95_2017-02-24.bag;0.834065854549408;0.0;0.9619645476341248;0.0;0.7960547501412467;0.9444047902630928;0.055595209736907236
1731801483.7103853;/app/bags/user95_2017-02-24.bag;0.834065854549408;0.0;0.9619645476341248;0.0;0.7960547501412467;0.9444047902630928;0.055595209736907236
1731801483.910395;/app/bags/user95_2017-02-24.bag;0.834065854549408;0.0;0.9619645476341248;0.0;0.7960547501412467;0.9444047902630928;0.055595209736907236
1731801484.1104105;/app/bags/user95_2017-02-24.bag;0.834065854549408;0.0;0.9619645476341248;0.0;0.7960547501412467;0.9444047902630928;0.055595209736907236
1731801484.3103828;/app/bags/user95_2017-02-24.bag;0.834065854549408;0.0;0.9619645476341248;0.0;0.7960547501412467;0.9444047902630928;0.055595209736907236
1731801484.5103881;/app/bags/user95_2017-02-24.bag;0.834065854549408;0.0;0.9619645476341248;0.0;0.7960547501412467;0.9444047902630928;0.055595209736907236
1731801484.7104127;/app/bags/user95_2017-02-24.bag;0.834065854549408;0.0;0.9619645476341248;0.0;0.7960547501412467;0.9444047902630928;0.055595209736907236
1731801484.9103978;/app/bags/user95_2017-02-24.bag;0.834065854549408;0.0;0.9619645476341248;0.0;0.7960547501412467;0.9444047902630928;0.055595209736907236
1731801485.1104264;/app/bags/user95_2017-02-24.bag;0.834065854549408;0.0;0.9619645476341248;0.0;0.7960547501412467;0.9444047902630928;0.055595209736907236
1731801485.3104393;/app/bags/user95_2017-02-24.bag;0.834065854549408;0.0;0.9619645476341248;0.0;0.7960547501412467;0.9444047902630928;0.055595209736907236
1731801485.510402;/app/bags/user95_2017-02-24.bag;0.834065854549408;0.0;0.9619645476341248;0.0;0.7960547501412467;0.9444047902630928;0.055595209736907236
1731801485.710402;/app/bags/user95_2017-02-24.bag;0.834065854549408;0.0;0.9619645476341248;0.0;0.7960547501412467;0.9444047902630928;0.055595209736907236
1731801485.9103785;/app/bags/user95_2017-02-24.bag;0.834065854549408;0.0;0.9619645476341248;0.0;0.7960547501412467;0.9444047902630928;0.055595209736907236
1731801486.1104078;/app/bags/user95_2017-02-24.bag;0.834065854549408;0.0;0.9619645476341248;0.0;0.7960547501412467;0.9444047902630928;0.055595209736907236
1731801486.3104143;/app/bags/user95_2017-02-24.bag;0.834065854549408;0.0;0.9619645476341248;0.0;0.7960547501412467;0.9444047902630928;0.055595209736907236
1731801486.510488;/app/bags/user95_2017-02-24.bag;0.834065854549408;0.0;0.9619645476341248;0.0;0.7960547501412467;0.9444047902630928;0.055595209736907236
1731801486.7104304;/app/bags/user95_2017-02-24.bag;0.834065854549408;0.0;0.9619645476341248;0.0;0.7960547501412467;0.9444047902630928;0.055595209736907236
1731801486.9104087;/app/bags/user95_2017-02-24.bag;0.834065854549408;0.0;0.9619645476341248;0.0;0.7960547501412467;0.9444047902630928;0.055595209736907236
1731801487.1103976;/app/bags/user95_2017-02-24.bag;0.834065854549408;0.0;0.9619645476341248;0.0;0.7960547501412467;0.9444047902630928;0.055595209736907236
1731801487.310366;/app/bags/user95_2017-02-24.bag;0.834065854549408;0.0;0.9619645476341248;0.0;0.7960547501412467;0.9444047902630928;0.055595209736907236
1731801487.5104012;/app/bags/user95_2017-02-24.bag;0.834065854549408;0.0;0.9619645476341248;0.0;0.7960547501412467;0.9444047902630928;0.055595209736907236
1731801487.7104278;/app/bags/user95_2017-02-24.bag;0.834065854549408;0.0;0.9619645476341248;0.0;0.7960547501412467;0.9444047902630928;0.055595209736907236
1731801487.9104111;/app/bags/user95_2017-02-24.bag;0.834065854549408;0.0;0.9619645476341248;0.0;0.7960547501412467;0.9444047902630928;0.055595209736907236
1731801488.1104362;/app/bags/user95_2017-02-24.bag;0.834065854549408;0.0;0.9619645476341248;0.0;0.7960547501412467;0.9444047902630928;0.055595209736907236
1731801488.3104126;/app/bags/user95_2017-02-24.bag;0.834065854549408;0.0;0.9619645476341248;0.0;0.7960547501412467;0.9444047902630928;0.055595209736907236
1731801488.510392;/app/bags/user95_2017-02-24.bag;0.834065854549408;0.0;0.9619645476341248;0.0;0.7960547501412467;0.9444047902630928;0.055595209736907236
1731801488.7104397;/app/bags/user95_2017-02-24.bag;0.834065854549408;0.0;0.9619645476341248;0.0;0.7960547501412467;0.9444047902630928;0.055595209736907236
1731801488.9104674;/app/bags/user95_2017-02-24.bag;0.834065854549408;0.0;0.9619645476341248;0.0;0.7960547501412467;0.9444047902630928;0.055595209736907236
1731801489.1104436;/app/bags/user95_2017-02-24.bag;0.834065854549408;0.0;0.9619645476341248;0.0;0.7960547501412467;0.9444047902630928;0.055595209736907236
1731801489.3103755;/app/bags/user95_2017-02-24.bag;0.834065854549408;0.0;0.9619645476341248;0.0;0.7960547501412467;0.9444047902630928;0.055595209736907236
1731801489.510403;/app/bags/user95_2017-02-24.bag;0.834065854549408;0.0;0.9619645476341248;0.0;0.7960547501412467;0.9444047902630928;0.055595209736907236
1731801489.7104146;/app/bags/user95_2017-02-24.bag;0.834065854549408;0.0;0.9619645476341248;0.0;0.7960547501412467;0.9444047902630928;0.055595209736907236
1731801489.910475;/app/bags/user95_2017-02-24.bag;0.834065854549408;0.0;0.9619645476341248;0.0;0.7960547501412467;0.9444047902630928;0.055595209736907236
1731801490.110393;/app/bags/user95_2017-02-24.bag;0.834065854549408;0.0;0.9619645476341248;0.0;0.7960547501412467;0.9444047902630928;0.055595209736907236
1731801490.3103952;/app/bags/user95_2017-02-24.bag;0.834065854549408;0.0;0.9619645476341248;0.0;0.7960547501412467;0.9444047902630928;0.055595209736907236
1731801490.5104039;/app/bags/user95_2017-02-24.bag;0.834065854549408;0.0;0.9619645476341248;0.0;0.7960547501412467;0.9444047902630928;0.055595209736907236
1731801490.710354;/app/bags/user95_2017-02-24.bag;0.834065854549408;0.0;0.9619645476341248;0.0;0.7960547501412467;0.9444047902630928;0.055595209736907236
1731801490.9104028;/app/bags/user95_2017-02-24.bag;0.834065854549408;0.0;0.9619645476341248;0.0;0.7960547501412467;0.9444047902630928;0.055595209736907236
1731801491.1103938;/app/bags/user95_2017-02-24.bag;0.834065854549408;0.0;0.9619645476341248;0.0;0.7960547501412467;0.9444047902630928;0.055595209736907236
1731801491.310421;/app/bags/user95_2017-02-24.bag;0.834065854549408;0.0;0.9619645476341248;0.0;0.7960547501412467;0.9444047902630928;0.055595209736907236
1731801491.5103822;/app/bags/user95_2017-02-24.bag;0.834065854549408;0.0;0.9619645476341248;0.0;0.7960547501412467;0.9444047902630928;0.055595209736907236
1731801491.710395;/app/bags/user95_2017-02-24.bag;0.834065854549408;0.0;0.9619645476341248;0.0;0.7960547501412467;0.9444047902630928;0.055595209736907236
1731801491.9104822;/app/bags/user95_2017-02-24.bag;0.834065854549408;0.0;0.9619645476341248;0.0;0.7960547501412467;0.9444047902630928;0.055595209736907236
1731801492.110544;/app/bags/user95_2017-02-24.bag;0.834065854549408;0.0;0.9619645476341248;0.0;0.7960547501412467;0.9444047902630928;0.055595209736907236
1731801492.3104773;/app/bags/user95_2017-02-24.bag;0.834065854549408;0.0;0.9619645476341248;0.0;0.7960547501412467;0.9444047902630928;0.055595209736907236
1731801492.5103707;/app/bags/user95_2017-02-24.bag;0.834065854549408;0.0;0.9619645476341248;0.0;0.7960547501412467;0.9444047902630928;0.055595209736907236
1731801492.7103603;/app/bags/user95_2017-02-24.bag;0.834065854549408;0.0;0.9619645476341248;0.0;0.7960547501412467;0.9444047902630928;0.055595209736907236
1731801492.9104116;/app/bags/user95_2017-02-24.bag;0.834065854549408;0.0;0.9619645476341248;0.0;0.7960547501412467;0.9444047902630928;0.055595209736907236
1731801493.1103928;/app/bags/user95_2017-02-24.bag;0.834065854549408;0.0;0.9619645476341248;0.0;0.7960547501412467;0.9444047902630928;0.055595209736907236
1731801493.3104308;/app/bags/user95_2017-02-24.bag;0.834065854549408;0.0;0.9619645476341248;0.0;0.7960547501412467;0.9444047902630928;0.055595209736907236
1731801493.510371;/app/bags/user95_2017-02-24.bag;0.834065854549408;0.0;0.9619645476341248;0.0;0.7960547501412467;0.9444047902630928;0.055595209736907236
1731801493.7103913;/app/bags/user95_2017-02-24.bag;0.834065854549408;0.0;0.9619645476341248;0.0;0.7960547501412467;0.9444047902630928;0.055595209736907236
1731801493.910421;/app/bags/user95_2017-02-24.bag;0.834065854549408;0.0;0.9619645476341248;0.0;0.7960547501412467;0.9444047902630928;0.055595209736907236
1731801494.1103923;/app/bags/user95_2017-02-24.bag;0.834065854549408;0.0;0.9619645476341248;0.0;0.7960547501412467;0.9444047902630928;0.055595209736907236
1731801494.310436;/app/bags/user95_2017-02-24.bag;0.834065854549408;0.0;0.9619645476341248;0.0;0.7960547501412467;0.9444047902630928;0.055595209736907236
1731801494.5104282;/app/bags/user95_2017-02-24.bag;0.834065854549408;0.0;0.9619645476341248;0.0;0.7960547501412467;0.9444047902630928;0.055595209736907236
1731801494.7103803;/app/bags/user95_2017-02-24.bag;0.834065854549408;0.0;0.9619645476341248;0.0;0.7960547501412467;0.9444047902630928;0.055595209736907236
1731801494.9104104;/app/bags/user95_2017-02-24.bag;0.834065854549408;0.0;0.9619645476341248;0.0;0.7960547501412467;0.9444047902630928;0.055595209736907236
1731801495.1103904;/app/bags/user95_2017-02-24.bag;0.834065854549408;0.0;0.9619645476341248;0.0;0.7960547501412467;0.9444047902630928;0.055595209736907236
1731801495.310369;/app/bags/user95_2017-02-24.bag;0.834065854549408;0.0;0.9619645476341248;0.0;0.7960547501412467;0.9444047902630928;0.055595209736907236
1731801495.5104232;/app/bags/user95_2017-02-24.bag;0.834065854549408;0.0;0.9619645476341248;0.0;0.7960547501412467;0.9444047902630928;0.055595209736907236
1731801495.7104003;/app/bags/user95_2017-02-24.bag;0.834065854549408;0.0;0.9619645476341248;0.0;0.7960547501412467;0.9444047902630928;0.055595209736907236
1731801495.9104362;/app/bags/user95_2017-02-24.bag;0.834065854549408;0.0;0.9619645476341248;0.0;0.7960547501412467;0.9444047902630928;0.055595209736907236
1731801496.11036;/app/bags/user95_2017-02-24.bag;0.834065854549408;0.0;0.9619645476341248;0.0;0.7960547501412467;0.9444047902630928;0.055595209736907236
1731801496.3103826;/app/bags/user95_2017-02-24.bag;0.834065854549408;0.0;0.9619645476341248;0.0;0.7960547501412467;0.9444047902630928;0.055595209736907236
1731801496.5104337;/app/bags/user95_2017-02-24.bag;0.834065854549408;0.0;0.9619645476341248;0.0;0.7960547501412467;0.9444047902630928;0.055595209736907236
1731801496.7104053;/app/bags/user95_2017-02-24.bag;0.834065854549408;0.0;0.9619645476341248;0.0;0.7960547501412467;0.9444047902630928;0.055595209736907236
1731801496.9105132;/app/bags/user95_2017-02-24.bag;0.834065854549408;0.0;0.9619645476341248;0.0;0.7960547501412467;0.9444047902630928;0.055595209736907236
1731801497.110395;/app/bags/user95_2017-02-24.bag;0.834065854549408;0.0;0.9619645476341248;0.0;0.7960547501412467;0.9444047902630928;0.055595209736907236
1731801497.3103757;/app/bags/user95_2017-02-24.bag;0.834065854549408;0.0;0.9619645476341248;0.0;0.7960547501412467;0.9444047902630928;0.055595209736907236
1731801497.5104015;/app/bags/user95_2017-02-24.bag;0.834065854549408;0.0;0.9619645476341248;0.0;0.7960547501412467;0.9444047902630928;0.055595209736907236
1731801497.7104952;/app/bags/user95_2017-02-24.bag;0.834065854549408;0.0;0.9619645476341248;0.0;0.7960547501412467;0.9444047902630928;0.055595209736907236
1731801497.9104452;/app/bags/user95_2017-02-24.bag;0.834065854549408;0.0;0.9619645476341248;0.0;0.7960547501412467;0.9444047902630928;0.055595209736907236
1731801498.1103737;/app/bags/user95_2017-02-24.bag;0.834065854549408;0.0;0.9619645476341248;0.0;0.7960547501412467;0.9444047902630928;0.055595209736907236
1731801498.3103712;/app/bags/user95_2017-02-24.bag;0.834065854549408;0.0;0.9619645476341248;0.0;0.7960547501412467;0.9444047902630928;0.055595209736907236
1731801498.5104043;/app/bags/user95_2017-02-24.bag;0.834065854549408;0.0;0.9619645476341248;0.0;0.7960547501412467;0.9444047902630928;0.055595209736907236
1731801498.711094;/app/bags/user95_2017-02-24.bag;0.834065854549408;0.0;0.9619645476341248;0.0;0.7960547501412467;0.9444047902630928;0.055595209736907236
1731801498.9103873;/app/bags/user95_2017-02-24.bag;0.834065854549408;0.0;0.9619645476341248;0.0;0.7960547501412467;0.9444047902630928;0.055595209736907236
1731801499.1104403;/app/bags/user95_2017-02-24.bag;0.834065854549408;0.0;0.9619645476341248;0.0;0.7960547501412467;0.9444047902630928;0.055595209736907236
1731801499.31037;/app/bags/user95_2017-02-24.bag;0.834065854549408;0.0;0.9619645476341248;0.0;0.7960547501412467;0.9444047902630928;0.055595209736907236
1731801499.5105731;/app/bags/user95_2017-02-24.bag;0.834065854549408;0.0;0.9619645476341248;0.0;0.7960547501412467;0.9444047902630928;0.055595209736907236
1731801499.7104166;/app/bags/user95_2017-02-24.bag;0.834065854549408;0.0;0.9619645476341248;0.0;0.7960547501412467;0.9444047902630928;0.055595209736907236
1731801499.9104924;/app/bags/user95_2017-02-24.bag;0.834065854549408;0.0;0.9619645476341248;0.0;0.7960547501412467;0.9444047902630928;0.055595209736907236
1731801500.110383;/app/bags/user95_2017-02-24.bag;0.834065854549408;0.0;0.9619645476341248;0.0;0.7960547501412467;0.9444047902630928;0.055595209736907236
1731801500.310403;/app/bags/user95_2017-02-24.bag;0.834065854549408;0.0;0.9619645476341248;0.0;0.7960547501412467;0.9444047902630928;0.055595209736907236
1731801500.5104134;/app/bags/user95_2017-02-24.bag;0.834065854549408;0.0;0.9619645476341248;0.0;0.7960547501412467;0.9444047902630928;0.055595209736907236
1731801500.710439;/app/bags/user95_2017-02-24.bag;0.834065854549408;0.0;0.9619645476341248;0.0;0.7960547501412467;0.9444047902630928;0.055595209736907236
1731801500.9103541;/app/bags/user95_2017-02-24.bag;0.834065854549408;0.0;0.9619645476341248;0.0;0.7960547501412467;0.9444047902630928;0.055595209736907236
1731801501.1104305;/app/bags/user95_2017-02-24.bag;0.834065854549408;0.0;0.9619645476341248;0.0;0.7960547501412467;0.9444047902630928;0.055595209736907236
1731801501.3104339;/app/bags/user95_2017-02-24.bag;0.834065854549408;0.0;0.9619645476341248;0.0;0.7960547501412467;0.9444047902630928;0.055595209736907236
1731801501.5104742;/app/bags/user95_2017-02-24.bag;0.834065854549408;0.0;0.9619645476341248;0.0;0.7960547501412467;0.9444047902630928;0.055595209736907236
1731801501.7103276;/app/bags/user95_2017-02-24.bag;0.834065854549408;0.0;0.9619645476341248;0.0;0.7960547501412467;0.9444047902630928;0.055595209736907236
1731801501.9103386;/app/bags/user95_2017-02-24.bag;0.834065854549408;0.0;0.9619645476341248;0.0;0.7960547501412467;0.9444047902630928;0.055595209736907236
1731801502.1103954;/app/bags/user95_2017-02-24.bag;0.834065854549408;0.0;0.9619645476341248;0.0;0.7960547501412467;0.9444047902630928;0.055595209736907236
1731801502.3103812;/app/bags/user95_2017-02-24.bag;0.834065854549408;0.0;0.9619645476341248;0.0;0.7960547501412467;0.9444047902630928;0.055595209736907236
1731801502.510404;/app/bags/user95_2017-02-24.bag;0.834065854549408;0.0;0.9619645476341248;0.0;0.7960547501412467;0.9444047902630928;0.055595209736907236
1731801502.7104928;/app/bags/user95_2017-02-24.bag;0.834065854549408;0.0;0.9619645476341248;0.0;0.7960547501412467;0.9444047902630928;0.055595209736907236
1731801502.9104154;/app/bags/user95_2017-02-24.bag;0.834065854549408;0.0;0.9619645476341248;0.0;0.7960547501412467;0.9444047902630928;0.055595209736907236
1731801503.1105049;/app/bags/user95_2017-02-24.bag;0.834065854549408;0.0;0.9619645476341248;0.0;0.7960547501412467;0.9444047902630928;0.055595209736907236
1731801503.3103564;/app/bags/user95_2017-02-24.bag;0.834065854549408;0.0;0.9619645476341248;0.0;0.7960547501412467;0.9444047902630928;0.055595209736907236
1731801503.5104127;/app/bags/user95_2017-02-24.bag;0.834065854549408;0.0;0.9619645476341248;0.0;0.7960547501412467;0.9444047902630928;0.055595209736907236
1731801503.7104127;/app/bags/user95_2017-02-24.bag;0.834065854549408;0.0;0.9619645476341248;0.0;0.7960547501412467;0.9444047902630928;0.055595209736907236
1731801503.9103634;/app/bags/user95_2017-02-24.bag;0.834065854549408;0.0;0.9619645476341248;0.0;0.7960547501412467;0.9444047902630928;0.055595209736907236
1731801504.1105204;/app/bags/user95_2017-02-24.bag;0.834065854549408;0.0;0.9619645476341248;0.0;0.7960547501412467;0.9444047902630928;0.055595209736907236
1731801504.3104084;/app/bags/user95_2017-02-24.bag;0.834065854549408;0.0;0.9619645476341248;0.0;0.7960547501412467;0.9444047902630928;0.055595209736907236
1731801504.5103831;/app/bags/user95_2017-02-24.bag;0.834065854549408;0.0;0.9619645476341248;0.0;0.7960547501412467;0.9444047902630928;0.055595209736907236
1731801504.7103703;/app/bags/user95_2017-02-24.bag;0.834065854549408;0.0;0.9619645476341248;0.0;0.7960547501412467;0.9444047902630928;0.055595209736907236
1731801504.9103496;/app/bags/user95_2017-02-24.bag;0.834065854549408;0.0;0.9619645476341248;0.0;0.7960547501412467;0.9444047902630928;0.055595209736907236
1731801505.1103694;/app/bags/user95_2017-02-24.bag;0.834065854549408;0.0;0.9619645476341248;0.0;0.7960547501412467;0.9444047902630928;0.055595209736907236
1731801505.3105464;/app/bags/user95_2017-02-24.bag;0.834065854549408;0.0;0.9619645476341248;0.0;0.7960547501412467;0.9444047902630928;0.055595209736907236
1731801505.5105054;/app/bags/user95_2017-02-24.bag;0.834065854549408;0.0;0.9619645476341248;0.0;0.7960547501412467;0.9444047902630928;0.055595209736907236
1731801505.710385;/app/bags/user95_2017-02-24.bag;0.834065854549408;0.0;0.9619645476341248;0.0;0.7960547501412467;0.9444047902630928;0.055595209736907236
1731801505.9103794;/app/bags/user95_2017-02-24.bag;0.834065854549408;0.0;0.9619645476341248;0.0;0.7960547501412467;0.9444047902630928;0.055595209736907236
1731801506.110404;/app/bags/user95_2017-02-24.bag;0.834065854549408;0.0;0.9619645476341248;0.0;0.7960547501412467;0.9444047902630928;0.055595209736907236
1731801506.310455;/app/bags/user95_2017-02-24.bag;0.834065854549408;0.0;0.9619645476341248;0.0;0.7960547501412467;0.9444047902630928;0.055595209736907236
1731801506.510414;/app/bags/user95_2017-02-24.bag;0.834065854549408;0.0;0.9619645476341248;0.0;0.7960547501412467;0.9444047902630928;0.055595209736907236
1731801506.710388;/app/bags/user95_2017-02-24.bag;0.834065854549408;0.0;0.9619645476341248;0.0;0.7960547501412467;0.9444047902630928;0.055595209736907236
1731801506.9104095;/app/bags/user95_2017-02-24.bag;0.834065854549408;0.0;0.9619645476341248;0.0;0.7960547501412467;0.9444047902630928;0.055595209736907236
1731801507.110428;/app/bags/user95_2017-02-24.bag;0.834065854549408;0.0;0.9619645476341248;0.0;0.7960547501412467;0.9444047902630928;0.055595209736907236
1731801507.31042;/app/bags/user95_2017-02-24.bag;0.834065854549408;0.0;0.9619645476341248;0.0;0.7960547501412467;0.9444047902630928;0.055595209736907236
1731801507.510388;/app/bags/user95_2017-02-24.bag;0.834065854549408;0.0;0.9619645476341248;0.0;0.7960547501412467;0.9444047902630928;0.055595209736907236
1731801507.710454;/app/bags/user95_2017-02-24.bag;0.834065854549408;0.0;0.9619645476341248;0.0;0.7960547501412467;0.9444047902630928;0.055595209736907236
1731801507.9103804;/app/bags/user95_2017-02-24.bag;0.834065854549408;0.0;0.9619645476341248;0.0;0.7960547501412467;0.9444047902630928;0.055595209736907236
1731801508.1103675;/app/bags/user95_2017-02-24.bag;0.834065854549408;0.0;0.9619645476341248;0.0;0.7960547501412467;0.9444047902630928;0.055595209736907236
1731801508.3104355;/app/bags/user95_2017-02-24.bag;0.834065854549408;0.0;0.9619645476341248;0.0;0.7960547501412467;0.9444047902630928;0.055595209736907236
1731801508.5105343;/app/bags/user95_2017-02-24.bag;0.834065854549408;0.0;0.9619645476341248;0.0;0.7960547501412467;0.9444047902630928;0.055595209736907236
1731801508.7103698;/app/bags/user95_2017-02-24.bag;0.834065854549408;0.0;0.9619645476341248;0.0;0.7960547501412467;0.9444047902630928;0.055595209736907236
1731801508.9104006;/app/bags/user95_2017-02-24.bag;0.834065854549408;0.0;0.9619645476341248;0.0;0.7960547501412467;0.9444047902630928;0.055595209736907236
1731801509.1104038;/app/bags/user95_2017-02-24.bag;0.834065854549408;0.0;0.9619645476341248;0.0;0.7960547501412467;0.9444047902630928;0.055595209736907236
1731801509.3103886;/app/bags/user95_2017-02-24.bag;0.834065854549408;0.0;0.9619645476341248;0.0;0.7960547501412467;0.9444047902630928;0.055595209736907236
1731801509.5104437;/app/bags/user95_2017-02-24.bag;0.834065854549408;0.0;0.9619645476341248;0.0;0.7960547501412467;0.9444047902630928;0.055595209736907236
1731801509.7103734;/app/bags/user95_2017-02-24.bag;0.834065854549408;0.0;0.9619645476341248;0.0;0.7960547501412467;0.9444047902630928;0.055595209736907236
1731801509.91042;/app/bags/user95_2017-02-24.bag;0.834065854549408;0.0;0.9619645476341248;0.0;0.7960547501412467;0.9444047902630928;0.055595209736907236
1731801510.1104345;/app/bags/user95_2017-02-24.bag;0.834065854549408;0.0;0.9619645476341248;0.0;0.7960547501412467;0.9444047902630928;0.055595209736907236
1731801510.3104203;/app/bags/user95_2017-02-24.bag;0.834065854549408;0.0;0.9619645476341248;0.0;0.7960547501412467;0.9444047902630928;0.055595209736907236
1731801510.5104454;/app/bags/user95_2017-02-24.bag;0.834065854549408;0.0;0.9619645476341248;0.0;0.7960547501412467;0.9444047902630928;0.055595209736907236
1731801510.7104132;/app/bags/user95_2017-02-24.bag;0.834065854549408;0.0;0.9619645476341248;0.0;0.7960547501412467;0.9444047902630928;0.055595209736907236
1731801510.9103465;/app/bags/user95_2017-02-24.bag;0.834065854549408;0.0;0.9619645476341248;0.0;0.7960547501412467;0.9444047902630928;0.055595209736907236
1731801511.110391;/app/bags/user95_2017-02-24.bag;0.834065854549408;0.0;0.9619645476341248;0.0;0.7960547501412467;0.9444047902630928;0.055595209736907236
1731801511.3104196;/app/bags/user95_2017-02-24.bag;0.834065854549408;0.0;0.9619645476341248;0.0;0.7960547501412467;0.9444047902630928;0.055595209736907236
1731801511.5104291;/app/bags/user95_2017-02-24.bag;0.834065854549408;0.0;0.9619645476341248;0.0;0.7960547501412467;0.9444047902630928;0.055595209736907236
1731801511.7104025;/app/bags/user95_2017-02-24.bag;0.834065854549408;0.0;0.9619645476341248;0.0;0.7960547501412467;0.9444047902630928;0.055595209736907236
1731801511.9103918;/app/bags/user95_2017-02-24.bag;0.834065854549408;0.0;0.9619645476341248;0.0;0.7960547501412467;0.9444047902630928;0.055595209736907236
1731801512.110425;/app/bags/user95_2017-02-24.bag;0.834065854549408;0.0;0.9619645476341248;0.0;0.7960547501412467;0.9444047902630928;0.055595209736907236
1731801512.3105128;/app/bags/user95_2017-02-24.bag;0.834065854549408;0.0;0.9619645476341248;0.0;0.7960547501412467;0.9444047902630928;0.055595209736907236
1731801512.5104437;/app/bags/user95_2017-02-24.bag;0.834065854549408;0.0;0.9619645476341248;0.0;0.7960547501412467;0.9444047902630928;0.055595209736907236
1731801512.7103777;/app/bags/user95_2017-02-24.bag;0.834065854549408;0.0;0.9619645476341248;0.0;0.7960547501412467;0.9444047902630928;0.055595209736907236
1731801512.9104116;/app/bags/user95_2017-02-24.bag;0.834065854549408;0.0;0.9619645476341248;0.0;0.7960547501412467;0.9444047902630928;0.055595209736907236
1731801513.1104772;/app/bags/user95_2017-02-24.bag;0.834065854549408;0.0;0.9619645476341248;0.0;0.7960547501412467;0.9444047902630928;0.055595209736907236
1731801513.3104103;/app/bags/user95_2017-02-24.bag;0.834065854549408;0.0;0.9619645476341248;0.0;0.7960547501412467;0.9444047902630928;0.055595209736907236
1731801513.5103989;/app/bags/user95_2017-02-24.bag;0.834065854549408;0.0;0.9619645476341248;0.0;0.7960547501412467;0.9444047902630928;0.055595209736907236
1731801513.7104023;/app/bags/user95_2017-02-24.bag;0.834065854549408;0.0;0.9619645476341248;0.0;0.7960547501412467;0.9444047902630928;0.055595209736907236
1731801513.9103703;/app/bags/user95_2017-02-24.bag;0.834065854549408;0.0;0.9619645476341248;0.0;0.7960547501412467;0.9444047902630928;0.055595209736907236
1731801514.1103885;/app/bags/user95_2017-02-24.bag;0.834065854549408;0.0;0.9619645476341248;0.0;0.7960547501412467;0.9444047902630928;0.055595209736907236
1731801514.3104396;/app/bags/user95_2017-02-24.bag;0.834065854549408;0.0;0.9619645476341248;0.0;0.7960547501412467;0.9444047902630928;0.055595209736907236
1731801514.510394;/app/bags/user95_2017-02-24.bag;0.834065854549408;0.0;0.9619645476341248;0.0;0.7960547501412467;0.9444047902630928;0.055595209736907236
1731801514.7104099;/app/bags/user95_2017-02-24.bag;0.834065854549408;0.0;0.9619645476341248;0.0;0.7960547501412467;0.9444047902630928;0.055595209736907236
1731801514.9103987;/app/bags/user95_2017-02-24.bag;0.834065854549408;0.0;0.9619645476341248;0.0;0.7960547501412467;0.9444047902630928;0.055595209736907236
1731801515.1104178;/app/bags/user95_2017-02-24.bag;0.834065854549408;0.0;0.9619645476341248;0.0;0.7960547501412467;0.9444047902630928;0.055595209736907236
1731801515.310443;/app/bags/user95_2017-02-24.bag;0.834065854549408;0.0;0.9619645476341248;0.0;0.7960547501412467;0.9444047902630928;0.055595209736907236
1731801515.5104284;/app/bags/user95_2017-02-24.bag;0.834065854549408;0.0;0.9619645476341248;0.0;0.7960547501412467;0.9444047902630928;0.055595209736907236
1731801515.7103965;/app/bags/user95_2017-02-24.bag;0.834065854549408;0.0;0.9619645476341248;0.0;0.7960547501412467;0.9444047902630928;0.055595209736907236
1731801515.910525;/app/bags/user95_2017-02-24.bag;0.834065854549408;0.0;0.9619645476341248;0.0;0.7960547501412467;0.9444047902630928;0.055595209736907236
1731801516.1104214;/app/bags/user95_2017-02-24.bag;0.834065854549408;0.0;0.9619645476341248;0.0;0.7960547501412467;0.9444047902630928;0.055595209736907236
1731801516.3103876;/app/bags/user95_2017-02-24.bag;0.834065854549408;0.0;0.9619645476341248;0.0;0.7960547501412467;0.9444047902630928;0.055595209736907236
1731801516.510391;/app/bags/user95_2017-02-24.bag;0.834065854549408;0.0;0.9619645476341248;0.0;0.7960547501412467;0.9444047902630928;0.055595209736907236
1731801516.7103915;/app/bags/user95_2017-02-24.bag;0.834065854549408;0.0;0.9619645476341248;0.0;0.7960547501412467;0.9444047902630928;0.055595209736907236
1731801516.9103968;/app/bags/user95_2017-02-24.bag;0.834065854549408;0.0;0.9619645476341248;0.0;0.7960547501412467;0.9444047902630928;0.055595209736907236
1731801517.1103706;/app/bags/user95_2017-02-24.bag;0.834065854549408;0.0;0.9619645476341248;0.0;0.7960547501412467;0.9444047902630928;0.055595209736907236
1731801517.3103878;/app/bags/user95_2017-02-24.bag;0.834065854549408;0.0;0.9619645476341248;0.0;0.7960547501412467;0.9444047902630928;0.055595209736907236
1731801517.5104644;/app/bags/user95_2017-02-24.bag;0.834065854549408;0.0;0.9619645476341248;0.0;0.7960547501412467;0.9444047902630928;0.055595209736907236
1731801517.7103438;/app/bags/user95_2017-02-24.bag;0.834065854549408;0.0;0.9619645476341248;0.0;0.7960547501412467;0.9444047902630928;0.055595209736907236
1731801517.9103918;/app/bags/user95_2017-02-24.bag;0.834065854549408;0.0;0.9619645476341248;0.0;0.7960547501412467;0.9444047902630928;0.055595209736907236
1731801518.110397;/app/bags/user95_2017-02-24.bag;0.834065854549408;0.0;0.9619645476341248;0.0;0.7960547501412467;0.9444047902630928;0.055595209736907236
1731801518.3104465;/app/bags/user95_2017-02-24.bag;0.834065854549408;0.0;0.9619645476341248;0.0;0.7960547501412467;0.9444047902630928;0.055595209736907236
1731801518.5103786;/app/bags/user95_2017-02-24.bag;0.834065854549408;0.0;0.9619645476341248;0.0;0.7960547501412467;0.9444047902630928;0.055595209736907236
1731801518.7104218;/app/bags/user95_2017-02-24.bag;0.834065854549408;0.0;0.9619645476341248;0.0;0.7960547501412467;0.9444047902630928;0.055595209736907236
1731801518.9104657;/app/bags/user95_2017-02-24.bag;0.834065854549408;0.0;0.9619645476341248;0.0;0.7960547501412467;0.9444047902630928;0.055595209736907236
1731801519.110371;/app/bags/user95_2017-02-24.bag;0.834065854549408;0.0;0.9619645476341248;0.0;0.7960547501412467;0.9444047902630928;0.055595209736907236
1731801519.310442;/app/bags/user95_2017-02-24.bag;0.834065854549408;0.0;0.9619645476341248;0.0;0.7960547501412467;0.9444047902630928;0.055595209736907236
1731801519.510382;/app/bags/user95_2017-02-24.bag;0.834065854549408;0.0;0.9619645476341248;0.0;0.7960547501412467;0.9444047902630928;0.055595209736907236
1731801519.7104359;/app/bags/user95_2017-02-24.bag;0.834065854549408;0.0;0.9619645476341248;0.0;0.7960547501412467;0.9444047902630928;0.055595209736907236
1731801519.9104612;/app/bags/user95_2017-02-24.bag;0.834065854549408;0.0;0.9619645476341248;0.0;0.7960547501412467;0.9444047902630928;0.055595209736907236
1731801520.1104171;/app/bags/user95_2017-02-24.bag;0.834065854549408;0.0;0.9619645476341248;0.0;0.7960547501412467;0.9444047902630928;0.055595209736907236
1731801520.3104134;/app/bags/user95_2017-02-24.bag;0.834065854549408;0.0;0.9619645476341248;0.0;0.7960547501412467;0.9444047902630928;0.055595209736907236
1731801520.5104246;/app/bags/user95_2017-02-24.bag;0.834065854549408;0.0;0.9619645476341248;0.0;0.7960547501412467;0.9444047902630928;0.055595209736907236
1731801520.7104216;/app/bags/user95_2017-02-24.bag;0.834065854549408;0.0;0.9619645476341248;0.0;0.7960547501412467;0.9444047902630928;0.055595209736907236
1731801520.9103572;/app/bags/user95_2017-02-24.bag;0.834065854549408;0.0;0.9619645476341248;0.0;0.7960547501412467;0.9444047902630928;0.055595209736907236
1731801521.1103606;/app/bags/user95_2017-02-24.bag;0.834065854549408;0.0;0.9619645476341248;0.0;0.7960547501412467;0.9444047902630928;0.055595209736907236
1731801521.3104532;/app/bags/user95_2017-02-24.bag;0.834065854549408;0.0;0.9619645476341248;0.0;0.7960547501412467;0.9444047902630928;0.055595209736907236
1731801521.5103974;/app/bags/user95_2017-02-24.bag;0.834065854549408;0.0;0.9619645476341248;0.0;0.7960547501412467;0.9444047902630928;0.055595209736907236
1731801521.7104368;/app/bags/user95_2017-02-24.bag;0.834065854549408;0.0;0.9619645476341248;0.0;0.7960547501412467;0.9444047902630928;0.055595209736907236
1731801521.9104333;/app/bags/user95_2017-02-24.bag;0.834065854549408;0.0;0.9619645476341248;0.0;0.7960547501412467;0.9444047902630928;0.055595209736907236
1731801522.110467;/app/bags/user95_2017-02-24.bag;0.834065854549408;0.0;0.9619645476341248;0.0;0.7960547501412467;0.9444047902630928;0.055595209736907236
1731801522.3103957;/app/bags/user95_2017-02-24.bag;0.834065854549408;0.0;0.9619645476341248;0.0;0.7960547501412467;0.9444047902630928;0.055595209736907236
1731801522.5103848;/app/bags/user95_2017-02-24.bag;0.834065854549408;0.0;0.9619645476341248;0.0;0.7960547501412467;0.9444047902630928;0.055595209736907236
1731801522.7103918;/app/bags/user95_2017-02-24.bag;0.834065854549408;0.0;0.9619645476341248;0.0;0.7960547501412467;0.9444047902630928;0.055595209736907236
1731801522.9103875;/app/bags/user95_2017-02-24.bag;0.834065854549408;0.0;0.9619645476341248;0.0;0.7960547501412467;0.9444047902630928;0.055595209736907236
1731801523.1105003;/app/bags/user95_2017-02-24.bag;0.834065854549408;0.0;0.9619645476341248;0.0;0.7960547501412467;0.9444047902630928;0.055595209736907236
1731801523.3103778;/app/bags/user95_2017-02-24.bag;0.834065854549408;0.0;0.9619645476341248;0.0;0.7960547501412467;0.9444047902630928;0.055595209736907236
1731801523.5103796;/app/bags/user95_2017-02-24.bag;0.834065854549408;0.0;0.9619645476341248;0.0;0.7960547501412467;0.9444047902630928;0.055595209736907236
1731801523.7104282;/app/bags/user95_2017-02-24.bag;0.834065854549408;0.0;0.9619645476341248;0.0;0.7960547501412467;0.9444047902630928;0.055595209736907236
1731801523.9104292;/app/bags/user95_2017-02-24.bag;0.834065854549408;0.0;0.9619645476341248;0.0;0.7960547501412467;0.9444047902630928;0.055595209736907236
1731801524.1103582;/app/bags/user95_2017-02-24.bag;0.834065854549408;0.0;0.9619645476341248;0.0;0.7960547501412467;0.9444047902630928;0.055595209736907236
1731801524.3103473;/app/bags/user95_2017-02-24.bag;0.834065854549408;0.0;0.9619645476341248;0.0;0.7960547501412467;0.9444047902630928;0.055595209736907236
1731801524.510417;/app/bags/user95_2017-02-24.bag;0.834065854549408;0.0;0.9619645476341248;0.0;0.7960547501412467;0.9444047902630928;0.055595209736907236
1731801524.7104135;/app/bags/user95_2017-02-24.bag;0.834065854549408;0.0;0.9619645476341248;0.0;0.7960547501412467;0.9444047902630928;0.055595209736907236
1731801524.910385;/app/bags/user95_2017-02-24.bag;0.834065854549408;0.0;0.9619645476341248;0.0;0.7960547501412467;0.9444047902630928;0.055595209736907236
1731801525.1104007;/app/bags/user95_2017-02-24.bag;0.834065854549408;0.0;0.9619645476341248;0.0;0.7960547501412467;0.9444047902630928;0.055595209736907236
1731801525.31043;/app/bags/user95_2017-02-24.bag;0.834065854549408;0.0;0.9619645476341248;0.0;0.7960547501412467;0.9444047902630928;0.055595209736907236
1731801525.5103793;/app/bags/user95_2017-02-24.bag;0.834065854549408;0.0;0.9619645476341248;0.0;0.7960547501412467;0.9444047902630928;0.055595209736907236
1731801525.7104404;/app/bags/user95_2017-02-24.bag;0.834065854549408;0.0;0.9619645476341248;0.0;0.7960547501412467;0.9444047902630928;0.055595209736907236
1731801525.9104798;/app/bags/user95_2017-02-24.bag;0.834065854549408;0.0;0.9619645476341248;0.0;0.7960547501412467;0.9444047902630928;0.055595209736907236
1731801526.1104271;/app/bags/user95_2017-02-24.bag;0.834065854549408;0.0;0.9619645476341248;0.0;0.7960547501412467;0.9444047902630928;0.055595209736907236
1731801526.3103974;/app/bags/user95_2017-02-24.bag;0.834065854549408;0.0;0.9619645476341248;0.0;0.7960547501412467;0.9444047902630928;0.055595209736907236
1731801526.510394;/app/bags/user95_2017-02-24.bag;0.834065854549408;0.0;0.9619645476341248;0.0;0.7960547501412467;0.9444047902630928;0.055595209736907236
1731801526.7104092;/app/bags/user95_2017-02-24.bag;0.834065854549408;0.0;0.9619645476341248;0.0;0.7960547501412467;0.9444047902630928;0.055595209736907236
1731801526.9104397;/app/bags/user95_2017-02-24.bag;0.834065854549408;0.0;0.9619645476341248;0.0;0.7960547501412467;0.9444047902630928;0.055595209736907236
1731801527.110614;/app/bags/user95_2017-02-24.bag;0.834065854549408;0.0;0.9619645476341248;0.0;0.7960547501412467;0.9444047902630928;0.055595209736907236
1731801527.3104093;/app/bags/user95_2017-02-24.bag;0.834065854549408;0.0;0.9619645476341248;0.0;0.7960547501412467;0.9444047902630928;0.055595209736907236
1731801527.5103915;/app/bags/user95_2017-02-24.bag;0.834065854549408;0.0;0.9619645476341248;0.0;0.7960547501412467;0.9444047902630928;0.055595209736907236
1731801527.7104347;/app/bags/user95_2017-02-24.bag;0.834065854549408;0.0;0.9619645476341248;0.0;0.7960547501412467;0.9444047902630928;0.055595209736907236
1731801527.910383;/app/bags/user95_2017-02-24.bag;0.834065854549408;0.0;0.9619645476341248;0.0;0.7960547501412467;0.9444047902630928;0.055595209736907236
1731801528.1103685;/app/bags/user95_2017-02-24.bag;0.834065854549408;0.0;0.9619645476341248;0.0;0.7960547501412467;0.9444047902630928;0.055595209736907236
1731801528.3103979;/app/bags/user95_2017-02-24.bag;0.834065854549408;0.0;0.9619645476341248;0.0;0.7960547501412467;0.9444047902630928;0.055595209736907236
1731801528.510459;/app/bags/user95_2017-02-24.bag;0.834065854549408;0.0;0.9619645476341248;0.0;0.7960547501412467;0.9444047902630928;0.055595209736907236
1731801528.7104175;/app/bags/user95_2017-02-24.bag;0.834065854549408;0.0;0.9619645476341248;0.0;0.7960547501412467;0.9444047902630928;0.055595209736907236
1731801528.9104085;/app/bags/user95_2017-02-24.bag;0.834065854549408;0.0;0.9619645476341248;0.0;0.7960547501412467;0.9444047902630928;0.055595209736907236
1731801529.110406;/app/bags/user95_2017-02-24.bag;0.834065854549408;0.0;0.9619645476341248;0.0;0.7960547501412467;0.9444047902630928;0.055595209736907236
1731801529.3104532;/app/bags/user95_2017-02-24.bag;0.834065854549408;0.0;0.9619645476341248;0.0;0.7960547501412467;0.9444047902630928;0.055595209736907236
1731801529.5103877;/app/bags/user95_2017-02-24.bag;0.834065854549408;0.0;0.9619645476341248;0.0;0.7960547501412467;0.9444047902630928;0.055595209736907236
1731801529.710381;/app/bags/user95_2017-02-24.bag;0.834065854549408;0.0;0.9619645476341248;0.0;0.7960547501412467;0.9444047902630928;0.055595209736907236
1731801529.9104118;/app/bags/user95_2017-02-24.bag;0.834065854549408;0.0;0.9619645476341248;0.0;0.7960547501412467;0.9444047902630928;0.055595209736907236
1731801530.1104445;/app/bags/user95_2017-02-24.bag;0.834065854549408;0.0;0.9619645476341248;0.0;0.7960547501412467;0.9444047902630928;0.055595209736907236
1731801530.3105936;/app/bags/user95_2017-02-24.bag;0.834065854549408;0.0;0.9619645476341248;0.0;0.7960547501412467;0.9444047902630928;0.055595209736907236
1731801530.5103915;/app/bags/user95_2017-02-24.bag;0.834065854549408;0.0;0.9619645476341248;0.0;0.7960547501412467;0.9444047902630928;0.055595209736907236
1731801530.710411;/app/bags/user95_2017-02-24.bag;0.834065854549408;0.0;0.9619645476341248;0.0;0.7960547501412467;0.9444047902630928;0.055595209736907236
1731801530.9104185;/app/bags/user95_2017-02-24.bag;0.834065854549408;0.0;0.9619645476341248;0.0;0.7960547501412467;0.9444047902630928;0.055595209736907236
1731801531.1104405;/app/bags/user95_2017-02-24.bag;0.834065854549408;0.0;0.9619645476341248;0.0;0.7960547501412467;0.9444047902630928;0.055595209736907236
1731801531.3103824;/app/bags/user95_2017-02-24.bag;0.834065854549408;0.0;0.9619645476341248;0.0;0.7960547501412467;0.9444047902630928;0.055595209736907236
1731801531.510392;/app/bags/user95_2017-02-24.bag;0.834065854549408;0.0;0.9619645476341248;0.0;0.7960547501412467;0.9444047902630928;0.055595209736907236
1731801531.7103992;/app/bags/user95_2017-02-24.bag;0.834065854549408;0.0;0.9619645476341248;0.0;0.7960547501412467;0.9444047902630928;0.055595209736907236
1731801531.9104154;/app/bags/user95_2017-02-24.bag;0.834065854549408;0.0;0.9619645476341248;0.0;0.7960547501412467;0.9444047902630928;0.055595209736907236
1731801532.1103845;/app/bags/user95_2017-02-24.bag;0.834065854549408;0.0;0.9619645476341248;0.0;0.7960547501412467;0.9444047902630928;0.055595209736907236
1731801532.3104632;/app/bags/user95_2017-02-24.bag;0.834065854549408;0.0;0.9619645476341248;0.0;0.7960547501412467;0.9444047902630928;0.055595209736907236
1731801532.5104136;/app/bags/user95_2017-02-24.bag;0.834065854549408;0.0;0.9619645476341248;0.0;0.7960547501412467;0.9444047902630928;0.055595209736907236
1731801532.7104113;/app/bags/user95_2017-02-24.bag;0.834065854549408;0.0;0.9619645476341248;0.0;0.7960547501412467;0.9444047902630928;0.055595209736907236
1731801532.9104187;/app/bags/user95_2017-02-24.bag;0.834065854549408;0.0;0.9619645476341248;0.0;0.7960547501412467;0.9444047902630928;0.055595209736907236
1731801533.1104968;/app/bags/user95_2017-02-24.bag;0.834065854549408;0.0;0.9619645476341248;0.0;0.7960547501412467;0.9444047902630928;0.055595209736907236
1731801533.3103917;/app/bags/user95_2017-02-24.bag;0.834065854549408;0.0;0.9619645476341248;0.0;0.7960547501412467;0.9444047902630928;0.055595209736907236
1731801533.5104427;/app/bags/user95_2017-02-24.bag;0.834065854549408;0.0;0.9619645476341248;0.0;0.7960547501412467;0.9444047902630928;0.055595209736907236
1731801533.7103953;/app/bags/user95_2017-02-24.bag;0.834065854549408;0.0;0.9619645476341248;0.0;0.7960547501412467;0.9444047902630928;0.055595209736907236
1731801533.9104059;/app/bags/user95_2017-02-24.bag;0.834065854549408;0.0;0.9619645476341248;0.0;0.7960547501412467;0.9444047902630928;0.055595209736907236
1731801534.1104422;/app/bags/user95_2017-02-24.bag;0.834065854549408;0.0;0.9619645476341248;0.0;0.7960547501412467;0.9444047902630928;0.055595209736907236
1731801534.3104634;/app/bags/user95_2017-02-24.bag;0.834065854549408;0.0;0.9619645476341248;0.0;0.7960547501412467;0.9444047902630928;0.055595209736907236
1731801534.5103872;/app/bags/user95_2017-02-24.bag;0.834065854549408;0.0;0.9619645476341248;0.0;0.7960547501412467;0.9444047902630928;0.055595209736907236
1731801534.7103865;/app/bags/user95_2017-02-24.bag;0.834065854549408;0.0;0.9619645476341248;0.0;0.7960547501412467;0.9444047902630928;0.055595209736907236
1731801534.910497;/app/bags/user95_2017-02-24.bag;0.834065854549408;0.0;0.9619645476341248;0.0;0.7960547501412467;0.9444047902630928;0.055595209736907236
1731801535.1105058;/app/bags/user95_2017-02-24.bag;0.834065854549408;0.0;0.9619645476341248;0.0;0.7960547501412467;0.9444047902630928;0.055595209736907236
1731801535.3104126;/app/bags/user95_2017-02-24.bag;0.834065854549408;0.0;0.9619645476341248;0.0;0.7960547501412467;0.9444047902630928;0.055595209736907236
1731801535.510372;/app/bags/user95_2017-02-24.bag;0.834065854549408;0.0;0.9619645476341248;0.0;0.7960547501412467;0.9444047902630928;0.055595209736907236
1731801535.7104256;/app/bags/user95_2017-02-24.bag;0.834065854549408;0.0;0.9619645476341248;0.0;0.7960547501412467;0.9444047902630928;0.055595209736907236
1731801535.9103525;/app/bags/user95_2017-02-24.bag;0.834065854549408;0.0;0.9619645476341248;0.0;0.7960547501412467;0.9444047902630928;0.055595209736907236
1731801536.11036;/app/bags/user95_2017-02-24.bag;0.834065854549408;0.0;0.9619645476341248;0.0;0.7960547501412467;0.9444047902630928;0.055595209736907236
1731801536.3104134;/app/bags/user95_2017-02-24.bag;0.834065854549408;0.0;0.9619645476341248;0.0;0.7960547501412467;0.9444047902630928;0.055595209736907236
1731801536.5103576;/app/bags/user95_2017-02-24.bag;0.834065854549408;0.0;0.9619645476341248;0.0;0.7960547501412467;0.9444047902630928;0.055595209736907236
1731801536.7104003;/app/bags/user95_2017-02-24.bag;0.834065854549408;0.0;0.9619645476341248;0.0;0.7960547501412467;0.9444047902630928;0.055595209736907236
1731801536.9104154;/app/bags/user95_2017-02-24.bag;0.834065854549408;0.0;0.9619645476341248;0.0;0.7960547501412467;0.9444047902630928;0.055595209736907236
1731801537.1104488;/app/bags/user95_2017-02-24.bag;0.834065854549408;0.0;0.9619645476341248;0.0;0.7960547501412467;0.9444047902630928;0.055595209736907236
1731801537.3104095;/app/bags/user95_2017-02-24.bag;0.834065854549408;0.0;0.9619645476341248;0.0;0.7960547501412467;0.9444047902630928;0.055595209736907236
1731801537.5104072;/app/bags/user95_2017-02-24.bag;0.834065854549408;0.0;0.9619645476341248;0.0;0.7960547501412467;0.9444047902630928;0.055595209736907236
1731801537.7104082;/app/bags/user95_2017-02-24.bag;0.834065854549408;0.0;0.9619645476341248;0.0;0.7960547501412467;0.9444047902630928;0.055595209736907236
1731801537.9104373;/app/bags/user95_2017-02-24.bag;0.834065854549408;0.0;0.9619645476341248;0.0;0.7960547501412467;0.9444047902630928;0.055595209736907236
1731801538.1104493;/app/bags/user95_2017-02-24.bag;0.834065854549408;0.0;0.9619645476341248;0.0;0.7960547501412467;0.9444047902630928;0.055595209736907236
1731801538.310399;/app/bags/user95_2017-02-24.bag;0.834065854549408;0.0;0.9619645476341248;0.0;0.7960547501412467;0.9444047902630928;0.055595209736907236
1731801538.5103889;/app/bags/user95_2017-02-24.bag;0.834065854549408;0.0;0.9619645476341248;0.0;0.7960547501412467;0.9444047902630928;0.055595209736907236
1731801538.7103796;/app/bags/user95_2017-02-24.bag;0.834065854549408;0.0;0.9619645476341248;0.0;0.7960547501412467;0.9444047902630928;0.055595209736907236
1731801538.910433;/app/bags/user95_2017-02-24.bag;0.834065854549408;0.0;0.9619645476341248;0.0;0.7960547501412467;0.9444047902630928;0.055595209736907236
1731801539.1104827;/app/bags/user95_2017-02-24.bag;0.834065854549408;0.0;0.9619645476341248;0.0;0.7960547501412467;0.9444047902630928;0.055595209736907236
1731801539.31038;/app/bags/user95_2017-02-24.bag;0.834065854549408;0.0;0.9619645476341248;0.0;0.7960547501412467;0.9444047902630928;0.055595209736907236
1731801539.510341;/app/bags/user95_2017-02-24.bag;0.834065854549408;0.0;0.9619645476341248;0.0;0.7960547501412467;0.9444047902630928;0.055595209736907236
1731801539.7103884;/app/bags/user95_2017-02-24.bag;0.834065854549408;0.0;0.9619645476341248;0.0;0.7960547501412467;0.9444047902630928;0.055595209736907236
1731801539.910387;/app/bags/user95_2017-02-24.bag;0.834065854549408;0.0;0.9619645476341248;0.0;0.7960547501412467;0.9444047902630928;0.055595209736907236
1731801540.1103988;/app/bags/user95_2017-02-24.bag;0.834065854549408;0.0;0.9619645476341248;0.0;0.7960547501412467;0.9444047902630928;0.055595209736907236
1731801540.3104093;/app/bags/user95_2017-02-24.bag;0.834065854549408;0.0;0.9619645476341248;0.0;0.7960547501412467;0.9444047902630928;0.055595209736907236
1731801540.5104022;/app/bags/user95_2017-02-24.bag;0.834065854549408;0.0;0.9619645476341248;0.0;0.7960547501412467;0.9444047902630928;0.055595209736907236
1731801540.7104132;/app/bags/user95_2017-02-24.bag;0.834065854549408;0.0;0.9619645476341248;0.0;0.7960547501412467;0.9444047902630928;0.055595209736907236
1731801540.9103742;/app/bags/user95_2017-02-24.bag;0.834065854549408;0.0;0.9619645476341248;0.0;0.7960547501412467;0.9444047902630928;0.055595209736907236
1731801541.11041;/app/bags/user95_2017-02-24.bag;0.834065854549408;0.0;0.9619645476341248;0.0;0.7960547501412467;0.9444047902630928;0.055595209736907236
1731801541.3104308;/app/bags/user95_2017-02-24.bag;0.834065854549408;0.0;0.9619645476341248;0.0;0.7960547501412467;0.9444047902630928;0.055595209736907236
1731801541.5103898;/app/bags/user95_2017-02-24.bag;0.834065854549408;0.0;0.9619645476341248;0.0;0.7960547501412467;0.9444047902630928;0.055595209736907236
1731801541.7104003;/app/bags/user95_2017-02-24.bag;0.834065854549408;0.0;0.9619645476341248;0.0;0.7960547501412467;0.9444047902630928;0.055595209736907236
1731801541.9104092;/app/bags/user95_2017-02-24.bag;0.834065854549408;0.0;0.9619645476341248;0.0;0.7960547501412467;0.9444047902630928;0.055595209736907236
1731801542.1104198;/app/bags/user95_2017-02-24.bag;0.834065854549408;0.0;0.9619645476341248;0.0;0.7960547501412467;0.9444047902630928;0.055595209736907236
1731801542.310408;/app/bags/user95_2017-02-24.bag;0.834065854549408;0.0;0.9619645476341248;0.0;0.7960547501412467;0.9444047902630928;0.055595209736907236
1731801542.5104094;/app/bags/user95_2017-02-24.bag;0.834065854549408;0.0;0.9619645476341248;0.0;0.7960547501412467;0.9444047902630928;0.055595209736907236
1731801542.7103944;/app/bags/user95_2017-02-24.bag;0.834065854549408;0.0;0.9619645476341248;0.0;0.7960547501412467;0.9444047902630928;0.055595209736907236
1731801542.9104578;/app/bags/user95_2017-02-24.bag;0.834065854549408;0.0;0.9619645476341248;0.0;0.7960547501412467;0.9444047902630928;0.055595209736907236
1731801543.1104002;/app/bags/user95_2017-02-24.bag;0.834065854549408;0.0;0.9619645476341248;0.0;0.7960547501412467;0.9444047902630928;0.055595209736907236
1731801543.310469;/app/bags/user95_2017-02-24.bag;0.834065854549408;0.0;0.9619645476341248;0.0;0.7960547501412467;0.9444047902630928;0.055595209736907236
1731801543.5103607;/app/bags/user95_2017-02-24.bag;0.834065854549408;0.0;0.9619645476341248;0.0;0.7960547501412467;0.9444047902630928;0.055595209736907236
1731801543.7103932;/app/bags/user95_2017-02-24.bag;0.834065854549408;0.0;0.9619645476341248;0.0;0.7960547501412467;0.9444047902630928;0.055595209736907236
1731801543.910389;/app/bags/user95_2017-02-24.bag;0.834065854549408;0.0;0.9619645476341248;0.0;0.7960547501412467;0.9444047902630928;0.055595209736907236
1731801544.1104155;/app/bags/user95_2017-02-24.bag;0.834065854549408;0.0;0.9619645476341248;0.0;0.7960547501412467;0.9444047902630928;0.055595209736907236
1731801544.3104496;/app/bags/user95_2017-02-24.bag;0.834065854549408;0.0;0.9619645476341248;0.0;0.7960547501412467;0.9444047902630928;0.055595209736907236
1731801544.5103745;/app/bags/user95_2017-02-24.bag;0.834065854549408;0.0;0.9619645476341248;0.0;0.7960547501412467;0.9444047902630928;0.055595209736907236
1731801544.7103798;/app/bags/user95_2017-02-24.bag;0.834065854549408;0.0;0.9619645476341248;0.0;0.7960547501412467;0.9444047902630928;0.055595209736907236
1731801544.9104035;/app/bags/user95_2017-02-24.bag;0.834065854549408;0.0;0.9619645476341248;0.0;0.7960547501412467;0.9444047902630928;0.055595209736907236
1731801545.1104298;/app/bags/user95_2017-02-24.bag;0.834065854549408;0.0;0.9619645476341248;0.0;0.7960547501412467;0.9444047902630928;0.055595209736907236
1731801545.310511;/app/bags/user95_2017-02-24.bag;0.834065854549408;0.0;0.9619645476341248;0.0;0.7960547501412467;0.9444047902630928;0.055595209736907236
1731801545.5103989;/app/bags/user95_2017-02-24.bag;0.834065854549408;0.0;0.9619645476341248;0.0;0.7960547501412467;0.9444047902630928;0.055595209736907236
1731801545.71046;/app/bags/user95_2017-02-24.bag;0.834065854549408;0.0;0.9619645476341248;0.0;0.7960547501412467;0.9444047902630928;0.055595209736907236
1731801545.9105935;/app/bags/user95_2017-02-24.bag;0.834065854549408;0.0;0.9619645476341248;0.0;0.7960547501412467;0.9444047902630928;0.055595209736907236
1731801546.1104133;/app/bags/user95_2017-02-24.bag;0.834065854549408;0.0;0.9619645476341248;0.0;0.7960547501412467;0.9444047902630928;0.055595209736907236
1731801546.3103516;/app/bags/user95_2017-02-24.bag;0.834065854549408;0.0;0.9619645476341248;0.0;0.7960547501412467;0.9444047902630928;0.055595209736907236
1731801546.5103745;/app/bags/user95_2017-02-24.bag;0.834065854549408;0.0;0.9619645476341248;0.0;0.7960547501412467;0.9444047902630928;0.055595209736907236
1731801546.7103994;/app/bags/user95_2017-02-24.bag;0.834065854549408;0.0;0.9619645476341248;0.0;0.7960547501412467;0.9444047902630928;0.055595209736907236
1731801546.9104054;/app/bags/user95_2017-02-24.bag;0.834065854549408;0.0;0.9619645476341248;0.0;0.7960547501412467;0.9444047902630928;0.055595209736907236
1731801547.1103864;/app/bags/user95_2017-02-24.bag;0.834065854549408;0.0;0.9619645476341248;0.0;0.7960547501412467;0.9444047902630928;0.055595209736907236
1731801547.3103998;/app/bags/user95_2017-02-24.bag;0.834065854549408;0.0;0.9619645476341248;0.0;0.7960547501412467;0.9444047902630928;0.055595209736907236
1731801547.510412;/app/bags/user95_2017-02-24.bag;0.834065854549408;0.0;0.9619645476341248;0.0;0.7960547501412467;0.9444047902630928;0.055595209736907236
1731801547.7103634;/app/bags/user95_2017-02-24.bag;0.834065854549408;0.0;0.9619645476341248;0.0;0.7960547501412467;0.9444047902630928;0.055595209736907236
1731801547.910559;/app/bags/user95_2017-02-24.bag;0.834065854549408;0.0;0.9619645476341248;0.0;0.7960547501412467;0.9444047902630928;0.055595209736907236
1731801548.1103284;/app/bags/user95_2017-02-24.bag;0.834065854549408;0.0;0.9619645476341248;0.0;0.7960547501412467;0.9444047902630928;0.055595209736907236
1731801548.3103812;/app/bags/user95_2017-02-24.bag;0.834065854549408;0.0;0.9619645476341248;0.0;0.7960547501412467;0.9444047902630928;0.055595209736907236
1731801548.5104039;/app/bags/user95_2017-02-24.bag;0.834065854549408;0.0;0.9619645476341248;0.0;0.7960547501412467;0.9444047902630928;0.055595209736907236
1731801548.7103953;/app/bags/user95_2017-02-24.bag;0.834065854549408;0.0;0.9619645476341248;0.0;0.7960547501412467;0.9444047902630928;0.055595209736907236
1731801548.9104028;/app/bags/user95_2017-02-24.bag;0.834065854549408;0.0;0.9619645476341248;0.0;0.7960547501412467;0.9444047902630928;0.055595209736907236
1731801549.110462;/app/bags/user95_2017-02-24.bag;0.834065854549408;0.0;0.9619645476341248;0.0;0.7960547501412467;0.9444047902630928;0.055595209736907236
1731801549.3104444;/app/bags/user95_2017-02-24.bag;0.834065854549408;0.0;0.9619645476341248;0.0;0.7960547501412467;0.9444047902630928;0.055595209736907236
1731801549.5104094;/app/bags/user95_2017-02-24.bag;0.834065854549408;0.0;0.9619645476341248;0.0;0.7960547501412467;0.9444047902630928;0.055595209736907236
1731801549.7104254;/app/bags/user95_2017-02-24.bag;0.834065854549408;0.0;0.9619645476341248;0.0;0.7960547501412467;0.9444047902630928;0.055595209736907236
1731801549.910418;/app/bags/user95_2017-02-24.bag;0.834065854549408;0.0;0.9619645476341248;0.0;0.7960547501412467;0.9444047902630928;0.055595209736907236
1731801550.1104598;/app/bags/user95_2017-02-24.bag;0.834065854549408;0.0;0.9619645476341248;0.0;0.7960547501412467;0.9444047902630928;0.055595209736907236
1731801550.310424;/app/bags/user95_2017-02-24.bag;0.834065854549408;0.0;0.9619645476341248;0.0;0.7960547501412467;0.9444047902630928;0.055595209736907236
1731801550.5104117;/app/bags/user95_2017-02-24.bag;0.834065854549408;0.0;0.9619645476341248;0.0;0.7960547501412467;0.9444047902630928;0.055595209736907236
1731801550.710448;/app/bags/user95_2017-02-24.bag;0.834065854549408;0.0;0.9619645476341248;0.0;0.7960547501412467;0.9444047902630928;0.055595209736907236
1731801550.910417;/app/bags/user95_2017-02-24.bag;0.834065854549408;0.0;0.9619645476341248;0.0;0.7960547501412467;0.9444047902630928;0.055595209736907236
1731801551.1104243;/app/bags/user95_2017-02-24.bag;0.834065854549408;0.0;0.9619645476341248;0.0;0.7960547501412467;0.9444047902630928;0.055595209736907236
1731801551.3104136;/app/bags/user95_2017-02-24.bag;0.834065854549408;0.0;0.9619645476341248;0.0;0.7960547501412467;0.9444047902630928;0.055595209736907236
1731801551.5104191;/app/bags/user95_2017-02-24.bag;0.834065854549408;0.0;0.9619645476341248;0.0;0.7960547501412467;0.9444047902630928;0.055595209736907236
1731801551.7103906;/app/bags/user95_2017-02-24.bag;0.834065854549408;0.0;0.9619645476341248;0.0;0.7960547501412467;0.9444047902630928;0.055595209736907236
1731801551.9104903;/app/bags/user95_2017-02-24.bag;0.834065854549408;0.0;0.9619645476341248;0.0;0.7960547501412467;0.9444047902630928;0.055595209736907236
1731801552.1103702;/app/bags/user95_2017-02-24.bag;0.834065854549408;0.0;0.9619645476341248;0.0;0.7960547501412467;0.9444047902630928;0.055595209736907236
1731801552.310364;/app/bags/user95_2017-02-24.bag;0.834065854549408;0.0;0.9619645476341248;0.0;0.7960547501412467;0.9444047902630928;0.055595209736907236
1731801552.5104322;/app/bags/user95_2017-02-24.bag;0.834065854549408;0.0;0.9619645476341248;0.0;0.7960547501412467;0.9444047902630928;0.055595209736907236
1731801552.7103853;/app/bags/user95_2017-02-24.bag;0.834065854549408;0.0;0.9619645476341248;0.0;0.7960547501412467;0.9444047902630928;0.055595209736907236
1731801552.9103777;/app/bags/user95_2017-02-24.bag;0.834065854549408;0.0;0.9619645476341248;0.0;0.7960547501412467;0.9444047902630928;0.055595209736907236
1731801553.1104496;/app/bags/user95_2017-02-24.bag;0.834065854549408;0.0;0.9619645476341248;0.0;0.7960547501412467;0.9444047902630928;0.055595209736907236
1731801553.3103797;/app/bags/user95_2017-02-24.bag;0.834065854549408;0.0;0.9619645476341248;0.0;0.7960547501412467;0.9444047902630928;0.055595209736907236
1731801553.5105116;/app/bags/user95_2017-02-24.bag;0.834065854549408;0.0;0.9619645476341248;0.0;0.7960547501412467;0.9444047902630928;0.055595209736907236
1731801553.7104135;/app/bags/user95_2017-02-24.bag;0.834065854549408;0.0;0.9619645476341248;0.0;0.7960547501412467;0.9444047902630928;0.055595209736907236
1731801553.9104164;/app/bags/user95_2017-02-24.bag;0.834065854549408;0.0;0.9619645476341248;0.0;0.7960547501412467;0.9444047902630928;0.055595209736907236
1731801554.1103613;/app/bags/user95_2017-02-24.bag;0.834065854549408;0.0;0.9619645476341248;0.0;0.7960547501412467;0.9444047902630928;0.055595209736907236
1731801554.31043;/app/bags/user95_2017-02-24.bag;0.834065854549408;0.0;0.9619645476341248;0.0;0.7960547501412467;0.9444047902630928;0.055595209736907236
1731801554.5104432;/app/bags/user95_2017-02-24.bag;0.834065854549408;0.0;0.9619645476341248;0.0;0.7960547501412467;0.9444047902630928;0.055595209736907236
1731801554.7104666;/app/bags/user95_2017-02-24.bag;0.834065854549408;0.0;0.9619645476341248;0.0;0.7960547501412467;0.9444047902630928;0.055595209736907236
1731801554.9103816;/app/bags/user95_2017-02-24.bag;0.834065854549408;0.0;0.9619645476341248;0.0;0.7960547501412467;0.9444047902630928;0.055595209736907236
1731801555.1103861;/app/bags/user95_2017-02-24.bag;0.834065854549408;0.0;0.9619645476341248;0.0;0.7960547501412467;0.9444047902630928;0.055595209736907236
1731801555.3103786;/app/bags/user95_2017-02-24.bag;0.834065854549408;0.0;0.9619645476341248;0.0;0.7960547501412467;0.9444047902630928;0.055595209736907236
1731801555.5104227;/app/bags/user95_2017-02-24.bag;0.834065854549408;0.0;0.9619645476341248;0.0;0.7960547501412467;0.9444047902630928;0.055595209736907236
1731801555.7104104;/app/bags/user95_2017-02-24.bag;0.834065854549408;0.0;0.9619645476341248;0.0;0.7960547501412467;0.9444047902630928;0.055595209736907236
1731801555.9104257;/app/bags/user95_2017-02-24.bag;0.834065854549408;0.0;0.9619645476341248;0.0;0.7960547501412467;0.9444047902630928;0.055595209736907236
1731801556.110413;/app/bags/user95_2017-02-24.bag;0.834065854549408;0.0;0.9619645476341248;0.0;0.7960547501412467;0.9444047902630928;0.055595209736907236
1731801556.3103955;/app/bags/user95_2017-02-24.bag;0.834065854549408;0.0;0.9619645476341248;0.0;0.7960547501412467;0.9444047902630928;0.055595209736907236
1731801556.5104125;/app/bags/user95_2017-02-24.bag;0.834065854549408;0.0;0.9619645476341248;0.0;0.7960547501412467;0.9444047902630928;0.055595209736907236
1731801556.7104955;/app/bags/user95_2017-02-24.bag;0.834065854549408;0.0;0.9619645476341248;0.0;0.7960547501412467;0.9444047902630928;0.055595209736907236
1731801556.9103992;/app/bags/user95_2017-02-24.bag;0.834065854549408;0.0;0.9619645476341248;0.0;0.7960547501412467;0.9444047902630928;0.055595209736907236
1731801557.1104345;/app/bags/user95_2017-02-24.bag;0.834065854549408;0.0;0.9619645476341248;0.0;0.7960547501412467;0.9444047902630928;0.055595209736907236
1731801557.3103764;/app/bags/user95_2017-02-24.bag;0.834065854549408;0.0;0.9619645476341248;0.0;0.7960547501412467;0.9444047902630928;0.055595209736907236
1731801557.5103972;/app/bags/user95_2017-02-24.bag;0.834065854549408;0.0;0.9619645476341248;0.0;0.7960547501412467;0.9444047902630928;0.055595209736907236
1731801557.710373;/app/bags/user95_2017-02-24.bag;0.834065854549408;0.0;0.9619645476341248;0.0;0.7960547501412467;0.9444047902630928;0.055595209736907236
1731801557.910373;/app/bags/user95_2017-02-24.bag;0.834065854549408;0.0;0.9619645476341248;0.0;0.7960547501412467;0.9444047902630928;0.055595209736907236
1731801558.110399;/app/bags/user95_2017-02-24.bag;0.834065854549408;0.0;0.9619645476341248;0.0;0.7960547501412467;0.9444047902630928;0.055595209736907236
1731801558.310397;/app/bags/user95_2017-02-24.bag;0.834065854549408;0.0;0.9619645476341248;0.0;0.7960547501412467;0.9444047902630928;0.055595209736907236
1731801558.5104382;/app/bags/user95_2017-02-24.bag;0.834065854549408;0.0;0.9619645476341248;0.0;0.7960547501412467;0.9444047902630928;0.055595209736907236
1731801558.71037;/app/bags/user95_2017-02-24.bag;0.834065854549408;0.0;0.9619645476341248;0.0;0.7960547501412467;0.9444047902630928;0.055595209736907236
1731801558.9103677;/app/bags/user95_2017-02-24.bag;0.834065854549408;0.0;0.9619645476341248;0.0;0.7960547501412467;0.9444047902630928;0.055595209736907236
1731801559.1103885;/app/bags/user95_2017-02-24.bag;0.834065854549408;0.0;0.9619645476341248;0.0;0.7960547501412467;0.9444047902630928;0.055595209736907236
1731801559.3103645;/app/bags/user95_2017-02-24.bag;0.834065854549408;0.0;0.9619645476341248;0.0;0.7960547501412467;0.9444047902630928;0.055595209736907236
1731801559.510346;/app/bags/user95_2017-02-24.bag;0.834065854549408;0.0;0.9619645476341248;0.0;0.7960547501412467;0.9444047902630928;0.055595209736907236
1731801559.7103958;/app/bags/user95_2017-02-24.bag;0.834065854549408;0.0;0.9619645476341248;0.0;0.7960547501412467;0.9444047902630928;0.055595209736907236
1731801559.9103937;/app/bags/user95_2017-02-24.bag;0.834065854549408;0.0;0.9619645476341248;0.0;0.7960547501412467;0.9444047902630928;0.055595209736907236
1731801560.1104424;/app/bags/user95_2017-02-24.bag;0.834065854549408;0.0;0.9619645476341248;0.0;0.7960547501412467;0.9444047902630928;0.055595209736907236
1731801560.3103848;/app/bags/user95_2017-02-24.bag;0.834065854549408;0.0;0.9619645476341248;0.0;0.7960547501412467;0.9444047902630928;0.055595209736907236
1731801560.510404;/app/bags/user95_2017-02-24.bag;0.834065854549408;0.0;0.9619645476341248;0.0;0.7960547501412467;0.9444047902630928;0.055595209736907236
1731801560.710409;/app/bags/user95_2017-02-24.bag;0.834065854549408;0.0;0.9619645476341248;0.0;0.7960547501412467;0.9444047902630928;0.055595209736907236
1731801560.9103653;/app/bags/user95_2017-02-24.bag;0.834065854549408;0.0;0.9619645476341248;0.0;0.7960547501412467;0.9444047902630928;0.055595209736907236
1731801561.1103578;/app/bags/user95_2017-02-24.bag;0.834065854549408;0.0;0.9619645476341248;0.0;0.7960547501412467;0.9444047902630928;0.055595209736907236
1731801561.3104267;/app/bags/user95_2017-02-24.bag;0.834065854549408;0.0;0.9619645476341248;0.0;0.7960547501412467;0.9444047902630928;0.055595209736907236
1731801561.5104105;/app/bags/user95_2017-02-24.bag;0.834065854549408;0.0;0.9619645476341248;0.0;0.7960547501412467;0.9444047902630928;0.055595209736907236
1731801561.7104526;/app/bags/user95_2017-02-24.bag;0.834065854549408;0.0;0.9619645476341248;0.0;0.7960547501412467;0.9444047902630928;0.055595209736907236
1731801561.910416;/app/bags/user95_2017-02-24.bag;0.834065854549408;0.0;0.9619645476341248;0.0;0.7960547501412467;0.9444047902630928;0.055595209736907236
1731801562.1104038;/app/bags/user95_2017-02-24.bag;0.834065854549408;0.0;0.9619645476341248;0.0;0.7960547501412467;0.9444047902630928;0.055595209736907236
1731801562.3103774;/app/bags/user95_2017-02-24.bag;0.834065854549408;0.0;0.9619645476341248;0.0;0.7960547501412467;0.9444047902630928;0.055595209736907236
1731801562.5104184;/app/bags/user95_2017-02-24.bag;0.834065854549408;0.0;0.9619645476341248;0.0;0.7960547501412467;0.9444047902630928;0.055595209736907236
1731801562.710407;/app/bags/user95_2017-02-24.bag;0.834065854549408;0.0;0.9619645476341248;0.0;0.7960547501412467;0.9444047902630928;0.055595209736907236
1731801562.9104006;/app/bags/user95_2017-02-24.bag;0.834065854549408;0.0;0.9619645476341248;0.0;0.7960547501412467;0.9444047902630928;0.055595209736907236
1731801563.1103935;/app/bags/user95_2017-02-24.bag;0.834065854549408;0.0;0.9619645476341248;0.0;0.7960547501412467;0.9444047902630928;0.055595209736907236
1731801563.3104138;/app/bags/user95_2017-02-24.bag;0.834065854549408;0.0;0.9619645476341248;0.0;0.7960547501412467;0.9444047902630928;0.055595209736907236
1731801563.5104046;/app/bags/user95_2017-02-24.bag;0.834065854549408;0.0;0.9619645476341248;0.0;0.7960547501412467;0.9444047902630928;0.055595209736907236
1731801563.7103887;/app/bags/user95_2017-02-24.bag;0.834065854549408;0.0;0.9619645476341248;0.0;0.7960547501412467;0.9444047902630928;0.055595209736907236
1731801563.9104054;/app/bags/user95_2017-02-24.bag;0.834065854549408;0.0;0.9619645476341248;0.0;0.7960547501412467;0.9444047902630928;0.055595209736907236
1731801564.1104214;/app/bags/user95_2017-02-24.bag;0.834065854549408;0.0;0.9619645476341248;0.0;0.7960547501412467;0.9444047902630928;0.055595209736907236
1731801564.3103666;/app/bags/user95_2017-02-24.bag;0.834065854549408;0.0;0.9619645476341248;0.0;0.7960547501412467;0.9444047902630928;0.055595209736907236
1731801564.5103884;/app/bags/user95_2017-02-24.bag;0.834065854549408;0.0;0.9619645476341248;0.0;0.7960547501412467;0.9444047902630928;0.055595209736907236
1731801564.7104604;/app/bags/user95_2017-02-24.bag;0.834065854549408;0.0;0.9619645476341248;0.0;0.7960547501412467;0.9444047902630928;0.055595209736907236
1731801564.9104476;/app/bags/user95_2017-02-24.bag;0.834065854549408;0.0;0.9619645476341248;0.0;0.7960547501412467;0.9444047902630928;0.055595209736907236
1731801565.110351;/app/bags/user95_2017-02-24.bag;0.834065854549408;0.0;0.9619645476341248;0.0;0.7960547501412467;0.9444047902630928;0.055595209736907236
1731801565.310384;/app/bags/user95_2017-02-24.bag;0.834065854549408;0.0;0.9619645476341248;0.0;0.7960547501412467;0.9444047902630928;0.055595209736907236
1731801565.51036;/app/bags/user95_2017-02-24.bag;0.834065854549408;0.0;0.9619645476341248;0.0;0.7960547501412467;0.9444047902630928;0.055595209736907236
1731801565.7104988;/app/bags/user95_2017-02-24.bag;0.834065854549408;0.0;0.9619645476341248;0.0;0.7960547501412467;0.9444047902630928;0.055595209736907236
1731801565.9103823;/app/bags/user95_2017-02-24.bag;0.834065854549408;0.0;0.9619645476341248;0.0;0.7960547501412467;0.9444047902630928;0.055595209736907236
1731801566.1104932;/app/bags/user95_2017-02-24.bag;0.834065854549408;0.0;0.9619645476341248;0.0;0.7960547501412467;0.9444047902630928;0.055595209736907236
1731801566.3103967;/app/bags/user95_2017-02-24.bag;0.834065854549408;0.0;0.9619645476341248;0.0;0.7960547501412467;0.9444047902630928;0.055595209736907236
1731801566.5104055;/app/bags/user95_2017-02-24.bag;0.834065854549408;0.0;0.9619645476341248;0.0;0.7960547501412467;0.9444047902630928;0.055595209736907236
1731801566.7104638;/app/bags/user95_2017-02-24.bag;0.834065854549408;0.0;0.9619645476341248;0.0;0.7960547501412467;0.9444047902630928;0.055595209736907236
1731801566.9103773;/app/bags/user95_2017-02-24.bag;0.834065854549408;0.0;0.9619645476341248;0.0;0.7960547501412467;0.9444047902630928;0.055595209736907236
1731801567.110398;/app/bags/user95_2017-02-24.bag;0.834065854549408;0.0;0.9619645476341248;0.0;0.7960547501412467;0.9444047902630928;0.055595209736907236
1731801567.3104873;/app/bags/user95_2017-02-24.bag;0.834065854549408;0.0;0.9619645476341248;0.0;0.7960547501412467;0.9444047902630928;0.055595209736907236
1731801567.5104291;/app/bags/user95_2017-02-24.bag;0.834065854549408;0.0;0.9619645476341248;0.0;0.7960547501412467;0.9444047902630928;0.055595209736907236
1731801567.7104104;/app/bags/user95_2017-02-24.bag;0.834065854549408;0.0;0.9619645476341248;0.0;0.7960547501412467;0.9444047902630928;0.055595209736907236
1731801567.910399;/app/bags/user95_2017-02-24.bag;0.834065854549408;0.0;0.9619645476341248;0.0;0.7960547501412467;0.9444047902630928;0.055595209736907236
1731801568.110355;/app/bags/user95_2017-02-24.bag;0.834065854549408;0.0;0.9619645476341248;0.0;0.7960547501412467;0.9444047902630928;0.055595209736907236
1731801568.310418;/app/bags/user95_2017-02-24.bag;0.834065854549408;0.0;0.9619645476341248;0.0;0.7960547501412467;0.9444047902630928;0.055595209736907236
1731801568.510379;/app/bags/user95_2017-02-24.bag;0.834065854549408;0.0;0.9619645476341248;0.0;0.7960547501412467;0.9444047902630928;0.055595209736907236
1731801568.7103798;/app/bags/user95_2017-02-24.bag;0.834065854549408;0.0;0.9619645476341248;0.0;0.7960547501412467;0.9444047902630928;0.055595209736907236
1731801568.910388;/app/bags/user95_2017-02-24.bag;0.834065854549408;0.0;0.9619645476341248;0.0;0.7960547501412467;0.9444047902630928;0.055595209736907236
1731801569.1104703;/app/bags/user95_2017-02-24.bag;0.834065854549408;0.0;0.9619645476341248;0.0;0.7960547501412467;0.9444047902630928;0.055595209736907236
1731801569.3103995;/app/bags/user95_2017-02-24.bag;0.834065854549408;0.0;0.9619645476341248;0.0;0.7960547501412467;0.9444047902630928;0.055595209736907236
1731801569.510375;/app/bags/user95_2017-02-24.bag;0.834065854549408;0.0;0.9619645476341248;0.0;0.7960547501412467;0.9444047902630928;0.055595209736907236
1731801569.7104216;/app/bags/user95_2017-02-24.bag;0.834065854549408;0.0;0.9619645476341248;0.0;0.7960547501412467;0.9444047902630928;0.055595209736907236
1731801569.910462;/app/bags/user95_2017-02-24.bag;0.834065854549408;0.0;0.9619645476341248;0.0;0.7960547501412467;0.9444047902630928;0.055595209736907236
1731801570.1103854;/app/bags/user95_2017-02-24.bag;0.834065854549408;0.0;0.9619645476341248;0.0;0.7960547501412467;0.9444047902630928;0.055595209736907236
1731801570.3104439;/app/bags/user95_2017-02-24.bag;0.834065854549408;0.0;0.9619645476341248;0.0;0.7960547501412467;0.9444047902630928;0.055595209736907236
1731801570.5103872;/app/bags/user95_2017-02-24.bag;0.834065854549408;0.0;0.9619645476341248;0.0;0.7960547501412467;0.9444047902630928;0.055595209736907236
1731801570.7104504;/app/bags/user95_2017-02-24.bag;0.834065854549408;0.0;0.9619645476341248;0.0;0.7960547501412467;0.9444047902630928;0.055595209736907236
1731801570.910506;/app/bags/user95_2017-02-24.bag;0.834065854549408;0.0;0.9619645476341248;0.0;0.7960547501412467;0.9444047902630928;0.055595209736907236
1731801571.1104205;/app/bags/user95_2017-02-24.bag;0.834065854549408;0.0;0.9619645476341248;0.0;0.7960547501412467;0.9444047902630928;0.055595209736907236
1731801571.310408;/app/bags/user95_2017-02-24.bag;0.834065854549408;0.0;0.9619645476341248;0.0;0.7960547501412467;0.9444047902630928;0.055595209736907236
1731801571.5103676;/app/bags/user95_2017-02-24.bag;0.834065854549408;0.0;0.9619645476341248;0.0;0.7960547501412467;0.9444047902630928;0.055595209736907236
1731801571.7104197;/app/bags/user95_2017-02-24.bag;0.834065854549408;0.0;0.9619645476341248;0.0;0.7960547501412467;0.9444047902630928;0.055595209736907236
1731801571.9103954;/app/bags/user95_2017-02-24.bag;0.834065854549408;0.0;0.9619645476341248;0.0;0.7960547501412467;0.9444047902630928;0.055595209736907236
1731801572.1103714;/app/bags/user95_2017-02-24.bag;0.834065854549408;0.0;0.9619645476341248;0.0;0.7960547501412467;0.9444047902630928;0.055595209736907236
1731801572.3103874;/app/bags/user95_2017-02-24.bag;0.834065854549408;0.0;0.9619645476341248;0.0;0.7960547501412467;0.9444047902630928;0.055595209736907236
1731801572.51042;/app/bags/user95_2017-02-24.bag;0.834065854549408;0.0;0.9619645476341248;0.0;0.7960547501412467;0.9444047902630928;0.055595209736907236
1731801572.7104173;/app/bags/user95_2017-02-24.bag;0.834065854549408;0.0;0.9619645476341248;0.0;0.7960547501412467;0.9444047902630928;0.055595209736907236
1731801572.9104047;/app/bags/user95_2017-02-24.bag;0.834065854549408;0.0;0.9619645476341248;0.0;0.7960547501412467;0.9444047902630928;0.055595209736907236
1731801573.1103833;/app/bags/user95_2017-02-24.bag;0.834065854549408;0.0;0.9619645476341248;0.0;0.7960547501412467;0.9444047902630928;0.055595209736907236
1731801573.3104808;/app/bags/user95_2017-02-24.bag;0.834065854549408;0.0;0.9619645476341248;0.0;0.7960547501412467;0.9444047902630928;0.055595209736907236
1731801573.5104575;/app/bags/user95_2017-02-24.bag;0.834065854549408;0.0;0.9619645476341248;0.0;0.7960547501412467;0.9444047902630928;0.055595209736907236
1731801573.7103653;/app/bags/user95_2017-02-24.bag;0.834065854549408;0.0;0.9619645476341248;0.0;0.7960547501412467;0.9444047902630928;0.055595209736907236
1731801573.9104464;/app/bags/user95_2017-02-24.bag;0.834065854549408;0.0;0.9619645476341248;0.0;0.7960547501412467;0.9444047902630928;0.055595209736907236
1731801574.1103678;/app/bags/user95_2017-02-24.bag;0.834065854549408;0.0;0.9619645476341248;0.0;0.7960547501412467;0.9444047902630928;0.055595209736907236
1731801574.31045;/app/bags/user95_2017-02-24.bag;0.834065854549408;0.0;0.9619645476341248;0.0;0.7960547501412467;0.9444047902630928;0.055595209736907236
1731801574.510398;/app/bags/user95_2017-02-24.bag;0.834065854549408;0.0;0.9619645476341248;0.0;0.7960547501412467;0.9444047902630928;0.055595209736907236
1731801574.710406;/app/bags/user95_2017-02-24.bag;0.834065854549408;0.0;0.9619645476341248;0.0;0.7960547501412467;0.9444047902630928;0.055595209736907236
1731801574.910387;/app/bags/user95_2017-02-24.bag;0.834065854549408;0.0;0.9619645476341248;0.0;0.7960547501412467;0.9444047902630928;0.055595209736907236
1731801575.1103666;/app/bags/user95_2017-02-24.bag;0.834065854549408;0.0;0.9619645476341248;0.0;0.7960547501412467;0.9444047902630928;0.055595209736907236
1731801575.3104846;/app/bags/user95_2017-02-24.bag;0.834065854549408;0.0;0.9619645476341248;0.0;0.7960547501412467;0.9444047902630928;0.055595209736907236
1731801575.5103912;/app/bags/user95_2017-02-24.bag;0.834065854549408;0.0;0.9619645476341248;0.0;0.7960547501412467;0.9444047902630928;0.055595209736907236
1731801575.710392;/app/bags/user95_2017-02-24.bag;0.834065854549408;0.0;0.9619645476341248;0.0;0.7960547501412467;0.9444047902630928;0.055595209736907236
1731801575.9103487;/app/bags/user95_2017-02-24.bag;0.834065854549408;0.0;0.9619645476341248;0.0;0.7960547501412467;0.9444047902630928;0.055595209736907236
1731801576.1103678;/app/bags/user95_2017-02-24.bag;0.834065854549408;0.0;0.9619645476341248;0.0;0.7960547501412467;0.9444047902630928;0.055595209736907236
1731801576.3104177;/app/bags/user95_2017-02-24.bag;0.834065854549408;0.0;0.9619645476341248;0.0;0.7960547501412467;0.9444047902630928;0.055595209736907236
1731801576.5103726;/app/bags/user95_2017-02-24.bag;0.834065854549408;0.0;0.9619645476341248;0.0;0.7960547501412467;0.9444047902630928;0.055595209736907236
1731801576.71042;/app/bags/user95_2017-02-24.bag;0.834065854549408;0.0;0.9619645476341248;0.0;0.7960547501412467;0.9444047902630928;0.055595209736907236
1731801576.9104605;/app/bags/user95_2017-02-24.bag;0.834065854549408;0.0;0.9619645476341248;0.0;0.7960547501412467;0.9444047902630928;0.055595209736907236
1731801577.110396;/app/bags/user95_2017-02-24.bag;0.834065854549408;0.0;0.9619645476341248;0.0;0.7960547501412467;0.9444047902630928;0.055595209736907236
1731801577.310443;/app/bags/user95_2017-02-24.bag;0.834065854549408;0.0;0.9619645476341248;0.0;0.7960547501412467;0.9444047902630928;0.055595209736907236
1731801577.5103593;/app/bags/user95_2017-02-24.bag;0.834065854549408;0.0;0.9619645476341248;0.0;0.7960547501412467;0.9444047902630928;0.055595209736907236
1731801577.710412;/app/bags/user95_2017-02-24.bag;0.834065854549408;0.0;0.9619645476341248;0.0;0.7960547501412467;0.9444047902630928;0.055595209736907236
1731801577.9103782;/app/bags/user95_2017-02-24.bag;0.834065854549408;0.0;0.9619645476341248;0.0;0.7960547501412467;0.9444047902630928;0.055595209736907236
1731801578.1103609;/app/bags/user95_2017-02-24.bag;0.834065854549408;0.0;0.9619645476341248;0.0;0.7960547501412467;0.9444047902630928;0.055595209736907236
1731801578.3103693;/app/bags/user95_2017-02-24.bag;0.834065854549408;0.0;0.9619645476341248;0.0;0.7960547501412467;0.9444047902630928;0.055595209736907236
1731801578.51043;/app/bags/user95_2017-02-24.bag;0.834065854549408;0.0;0.9619645476341248;0.0;0.7960547501412467;0.9444047902630928;0.055595209736907236
1731801578.7103915;/app/bags/user95_2017-02-24.bag;0.834065854549408;0.0;0.9619645476341248;0.0;0.7960547501412467;0.9444047902630928;0.055595209736907236
1731801578.9103813;/app/bags/user95_2017-02-24.bag;0.834065854549408;0.0;0.9619645476341248;0.0;0.7960547501412467;0.9444047902630928;0.055595209736907236
1731801579.110468;/app/bags/user95_2017-02-24.bag;0.834065854549408;0.0;0.9619645476341248;0.0;0.7960547501412467;0.9444047902630928;0.055595209736907236
1731801579.3103938;/app/bags/user95_2017-02-24.bag;0.834065854549408;0.0;0.9619645476341248;0.0;0.7960547501412467;0.9444047902630928;0.055595209736907236
1731801579.5104115;/app/bags/user95_2017-02-24.bag;0.834065854549408;0.0;0.9619645476341248;0.0;0.7960547501412467;0.9444047902630928;0.055595209736907236
1731801579.7104073;/app/bags/user95_2017-02-24.bag;0.834065854549408;0.0;0.9619645476341248;0.0;0.7960547501412467;0.9444047902630928;0.055595209736907236
1731801579.910424;/app/bags/user95_2017-02-24.bag;0.834065854549408;0.0;0.9619645476341248;0.0;0.7960547501412467;0.9444047902630928;0.055595209736907236
1731801580.110387;/app/bags/user95_2017-02-24.bag;0.834065854549408;0.0;0.9619645476341248;0.0;0.7960547501412467;0.9444047902630928;0.055595209736907236
1731801580.3103774;/app/bags/user95_2017-02-24.bag;0.834065854549408;0.0;0.9619645476341248;0.0;0.7960547501412467;0.9444047902630928;0.055595209736907236
1731801580.5104947;/app/bags/user95_2017-02-24.bag;0.834065854549408;0.0;0.9619645476341248;0.0;0.7960547501412467;0.9444047902630928;0.055595209736907236
1731801580.7105067;/app/bags/user95_2017-02-24.bag;0.834065854549408;0.0;0.9619645476341248;0.0;0.7960547501412467;0.9444047902630928;0.055595209736907236
1731801580.9104013;/app/bags/user95_2017-02-24.bag;0.834065854549408;0.0;0.9619645476341248;0.0;0.7960547501412467;0.9444047902630928;0.055595209736907236
1731801581.1104352;/app/bags/user95_2017-02-24.bag;0.834065854549408;0.0;0.9619645476341248;0.0;0.7960547501412467;0.9444047902630928;0.055595209736907236
1731801581.3104537;/app/bags/user95_2017-02-24.bag;0.834065854549408;0.0;0.9619645476341248;0.0;0.7960547501412467;0.9444047902630928;0.055595209736907236
1731801581.510407;/app/bags/user95_2017-02-24.bag;0.834065854549408;0.0;0.9619645476341248;0.0;0.7960547501412467;0.9444047902630928;0.055595209736907236
1731801581.7103865;/app/bags/user95_2017-02-24.bag;0.834065854549408;0.0;0.9619645476341248;0.0;0.7960547501412467;0.9444047902630928;0.055595209736907236
1731801581.9103904;/app/bags/user95_2017-02-24.bag;0.834065854549408;0.0;0.9619645476341248;0.0;0.7960547501412467;0.9444047902630928;0.055595209736907236
1731801582.1103835;/app/bags/user95_2017-02-24.bag;0.834065854549408;0.0;0.9619645476341248;0.0;0.7960547501412467;0.9444047902630928;0.055595209736907236
1731801582.3103688;/app/bags/user95_2017-02-24.bag;0.834065854549408;0.0;0.9619645476341248;0.0;0.7960547501412467;0.9444047902630928;0.055595209736907236
1731801582.5103965;/app/bags/user95_2017-02-24.bag;0.834065854549408;0.0;0.9619645476341248;0.0;0.7960547501412467;0.9444047902630928;0.055595209736907236
1731801582.7103975;/app/bags/user95_2017-02-24.bag;0.834065854549408;0.0;0.9619645476341248;0.0;0.7960547501412467;0.9444047902630928;0.055595209736907236
1731801582.9104047;/app/bags/user95_2017-02-24.bag;0.834065854549408;0.0;0.9619645476341248;0.0;0.7960547501412467;0.9444047902630928;0.055595209736907236
1731801583.1103468;/app/bags/user95_2017-02-24.bag;0.834065854549408;0.0;0.9619645476341248;0.0;0.7960547501412467;0.9444047902630928;0.055595209736907236
1731801583.3104582;/app/bags/user95_2017-02-24.bag;0.834065854549408;0.0;0.9619645476341248;0.0;0.7960547501412467;0.9444047902630928;0.055595209736907236
1731801583.5103855;/app/bags/user95_2017-02-24.bag;0.834065854549408;0.0;0.9619645476341248;0.0;0.7960547501412467;0.9444047902630928;0.055595209736907236
1731801583.710437;/app/bags/user95_2017-02-24.bag;0.834065854549408;0.0;0.9619645476341248;0.0;0.7960547501412467;0.9444047902630928;0.055595209736907236
1731801583.9103534;/app/bags/user95_2017-02-24.bag;0.834065854549408;0.0;0.9619645476341248;0.0;0.7960547501412467;0.9444047902630928;0.055595209736907236
1731801584.1103864;/app/bags/user95_2017-02-24.bag;0.834065854549408;0.0;0.9619645476341248;0.0;0.7960547501412467;0.9444047902630928;0.055595209736907236
1731801584.3104327;/app/bags/user95_2017-02-24.bag;0.834065854549408;0.0;0.9619645476341248;0.0;0.7960547501412467;0.9444047902630928;0.055595209736907236
1731801584.51039;/app/bags/user95_2017-02-24.bag;0.834065854549408;0.0;0.9619645476341248;0.0;0.7960547501412467;0.9444047902630928;0.055595209736907236
1731801584.710366;/app/bags/user95_2017-02-24.bag;0.834065854549408;0.0;0.9619645476341248;0.0;0.7960547501412467;0.9444047902630928;0.055595209736907236
1731801584.910399;/app/bags/user95_2017-02-24.bag;0.834065854549408;0.0;0.9619645476341248;0.0;0.7960547501412467;0.9444047902630928;0.055595209736907236
1731801585.110405;/app/bags/user95_2017-02-24.bag;0.834065854549408;0.0;0.9619645476341248;0.0;0.7960547501412467;0.9444047902630928;0.055595209736907236
1731801585.3103867;/app/bags/user95_2017-02-24.bag;0.834065854549408;0.0;0.9619645476341248;0.0;0.7960547501412467;0.9444047902630928;0.055595209736907236
1731801585.5103812;/app/bags/user95_2017-02-24.bag;0.834065854549408;0.0;0.9619645476341248;0.0;0.7960547501412467;0.9444047902630928;0.055595209736907236
1731801585.7103708;/app/bags/user95_2017-02-24.bag;0.834065854549408;0.0;0.9619645476341248;0.0;0.7960547501412467;0.9444047902630928;0.055595209736907236
1731801585.9104123;/app/bags/user95_2017-02-24.bag;0.834065854549408;0.0;0.9619645476341248;0.0;0.7960547501412467;0.9444047902630928;0.055595209736907236
1731801586.110417;/app/bags/user95_2017-02-24.bag;0.834065854549408;0.0;0.9619645476341248;0.0;0.7960547501412467;0.9444047902630928;0.055595209736907236
1731801586.3103888;/app/bags/user95_2017-02-24.bag;0.834065854549408;0.0;0.9619645476341248;0.0;0.7960547501412467;0.9444047902630928;0.055595209736907236
1731801586.5103996;/app/bags/user95_2017-02-24.bag;0.834065854549408;0.0;0.9619645476341248;0.0;0.7960547501412467;0.9444047902630928;0.055595209736907236
1731801586.7104335;/app/bags/user95_2017-02-24.bag;0.834065854549408;0.0;0.9619645476341248;0.0;0.7960547501412467;0.9444047902630928;0.055595209736907236
1731801586.910475;/app/bags/user95_2017-02-24.bag;0.834065854549408;0.0;0.9619645476341248;0.0;0.7960547501412467;0.9444047902630928;0.055595209736907236
1731801587.110398;/app/bags/user95_2017-02-24.bag;0.834065854549408;0.0;0.9619645476341248;0.0;0.7960547501412467;0.9444047902630928;0.055595209736907236
1731801587.3104103;/app/bags/user95_2017-02-24.bag;0.834065854549408;0.0;0.9619645476341248;0.0;0.7960547501412467;0.9444047902630928;0.055595209736907236
1731801587.5104005;/app/bags/user95_2017-02-24.bag;0.834065854549408;0.0;0.9619645476341248;0.0;0.7960547501412467;0.9444047902630928;0.055595209736907236
1731801587.7104273;/app/bags/user95_2017-02-24.bag;0.834065854549408;0.0;0.9619645476341248;0.0;0.7960547501412467;0.9444047902630928;0.055595209736907236
1731801587.9104059;/app/bags/user95_2017-02-24.bag;0.834065854549408;0.0;0.9619645476341248;0.0;0.7960547501412467;0.9444047902630928;0.055595209736907236
1731801588.1103797;/app/bags/user95_2017-02-24.bag;0.834065854549408;0.0;0.9619645476341248;0.0;0.7960547501412467;0.9444047902630928;0.055595209736907236
1731801588.3103967;/app/bags/user95_2017-02-24.bag;0.834065854549408;0.0;0.9619645476341248;0.0;0.7960547501412467;0.9444047902630928;0.055595209736907236
1731801588.510394;/app/bags/user95_2017-02-24.bag;0.834065854549408;0.0;0.9619645476341248;0.0;0.7960547501412467;0.9444047902630928;0.055595209736907236
1731801588.7104173;/app/bags/user95_2017-02-24.bag;0.834065854549408;0.0;0.9619645476341248;0.0;0.7960547501412467;0.9444047902630928;0.055595209736907236
1731801588.9103775;/app/bags/user95_2017-02-24.bag;0.834065854549408;0.0;0.9619645476341248;0.0;0.7960547501412467;0.9444047902630928;0.055595209736907236
1731801589.1104121;/app/bags/user95_2017-02-24.bag;0.834065854549408;0.0;0.9619645476341248;0.0;0.7960547501412467;0.9444047902630928;0.055595209736907236
1731801589.3104312;/app/bags/user95_2017-02-24.bag;0.834065854549408;0.0;0.9619645476341248;0.0;0.7960547501412467;0.9444047902630928;0.055595209736907236
1731801589.5104308;/app/bags/user95_2017-02-24.bag;0.834065854549408;0.0;0.9619645476341248;0.0;0.7960547501412467;0.9444047902630928;0.055595209736907236
1731801589.7103808;/app/bags/user95_2017-02-24.bag;0.834065854549408;0.0;0.9619645476341248;0.0;0.7960547501412467;0.9444047902630928;0.055595209736907236
1731801589.910418;/app/bags/user95_2017-02-24.bag;0.834065854549408;0.0;0.9619645476341248;0.0;0.7960547501412467;0.9444047902630928;0.055595209736907236
1731801590.1104035;/app/bags/user95_2017-02-24.bag;0.834065854549408;0.0;0.9619645476341248;0.0;0.7960547501412467;0.9444047902630928;0.055595209736907236
1731801590.310383;/app/bags/user95_2017-02-24.bag;0.834065854549408;0.0;0.9619645476341248;0.0;0.7960547501412467;0.9444047902630928;0.055595209736907236
1731801590.5104291;/app/bags/user95_2017-02-24.bag;0.834065854549408;0.0;0.9619645476341248;0.0;0.7960547501412467;0.9444047902630928;0.055595209736907236
1731801590.7104053;/app/bags/user95_2017-02-24.bag;0.834065854549408;0.0;0.9619645476341248;0.0;0.7960547501412467;0.9444047902630928;0.055595209736907236
1731801590.9103856;/app/bags/user95_2017-02-24.bag;0.834065854549408;0.0;0.9619645476341248;0.0;0.7960547501412467;0.9444047902630928;0.055595209736907236
1731801591.1104171;/app/bags/user95_2017-02-24.bag;0.834065854549408;0.0;0.9619645476341248;0.0;0.7960547501412467;0.9444047902630928;0.055595209736907236
1731801591.3104231;/app/bags/user95_2017-02-24.bag;0.834065854549408;0.0;0.9619645476341248;0.0;0.7960547501412467;0.9444047902630928;0.055595209736907236
1731801591.5103915;/app/bags/user95_2017-02-24.bag;0.834065854549408;0.0;0.9619645476341248;0.0;0.7960547501412467;0.9444047902630928;0.055595209736907236
1731801591.7104244;/app/bags/user95_2017-02-24.bag;0.834065854549408;0.0;0.9619645476341248;0.0;0.7960547501412467;0.9444047902630928;0.055595209736907236
1731801591.91038;/app/bags/user95_2017-02-24.bag;0.834065854549408;0.0;0.9619645476341248;0.0;0.7960547501412467;0.9444047902630928;0.055595209736907236
1731801592.110398;/app/bags/user95_2017-02-24.bag;0.834065854549408;0.0;0.9619645476341248;0.0;0.7960547501412467;0.9444047902630928;0.055595209736907236
1731801592.310437;/app/bags/user95_2017-02-24.bag;0.834065854549408;0.0;0.9619645476341248;0.0;0.7960547501412467;0.9444047902630928;0.055595209736907236
1731801592.510579;/app/bags/user95_2017-02-24.bag;0.834065854549408;0.0;0.9619645476341248;0.0;0.7960547501412467;0.9444047902630928;0.055595209736907236
1731801592.7104113;/app/bags/user95_2017-02-24.bag;0.834065854549408;0.0;0.9619645476341248;0.0;0.7960547501412467;0.9444047902630928;0.055595209736907236
1731801592.9104016;/app/bags/user95_2017-02-24.bag;0.834065854549408;0.0;0.9619645476341248;0.0;0.7960547501412467;0.9444047902630928;0.055595209736907236
1731801593.1103628;/app/bags/user95_2017-02-24.bag;0.834065854549408;0.0;0.9619645476341248;0.0;0.7960547501412467;0.9444047902630928;0.055595209736907236
1731801593.3103836;/app/bags/user95_2017-02-24.bag;0.834065854549408;0.0;0.9619645476341248;0.0;0.7960547501412467;0.9444047902630928;0.055595209736907236
1731801593.5103774;/app/bags/user95_2017-02-24.bag;0.834065854549408;0.0;0.9619645476341248;0.0;0.7960547501412467;0.9444047902630928;0.055595209736907236
1731801593.7104006;/app/bags/user95_2017-02-24.bag;0.834065854549408;0.0;0.9619645476341248;0.0;0.7960547501412467;0.9444047902630928;0.055595209736907236
1731801593.910363;/app/bags/user95_2017-02-24.bag;0.834065854549408;0.0;0.9619645476341248;0.0;0.7960547501412467;0.9444047902630928;0.055595209736907236
1731801594.1103716;/app/bags/user95_2017-02-24.bag;0.834065854549408;0.0;0.9619645476341248;0.0;0.7960547501412467;0.9444047902630928;0.055595209736907236
1731801594.310407;/app/bags/user95_2017-02-24.bag;0.834065854549408;0.0;0.9619645476341248;0.0;0.7960547501412467;0.9444047902630928;0.055595209736907236
1731801594.5104184;/app/bags/user95_2017-02-24.bag;0.834065854549408;0.0;0.9619645476341248;0.0;0.7960547501412467;0.9444047902630928;0.055595209736907236
1731801594.7103817;/app/bags/user95_2017-02-24.bag;0.834065854549408;0.0;0.9619645476341248;0.0;0.7960547501412467;0.9444047902630928;0.055595209736907236
1731801594.910474;/app/bags/user95_2017-02-24.bag;0.834065854549408;0.0;0.9619645476341248;0.0;0.7960547501412467;0.9444047902630928;0.055595209736907236
1731801595.1103675;/app/bags/user95_2017-02-24.bag;0.834065854549408;0.0;0.9619645476341248;0.0;0.7960547501412467;0.9444047902630928;0.055595209736907236
1731801595.3103998;/app/bags/user95_2017-02-24.bag;0.834065854549408;0.0;0.9619645476341248;0.0;0.7960547501412467;0.9444047902630928;0.055595209736907236
1731801595.5104365;/app/bags/user95_2017-02-24.bag;0.834065854549408;0.0;0.9619645476341248;0.0;0.7960547501412467;0.9444047902630928;0.055595209736907236
1731801595.7103698;/app/bags/user95_2017-02-24.bag;0.834065854549408;0.0;0.9619645476341248;0.0;0.7960547501412467;0.9444047902630928;0.055595209736907236
1731801595.91038;/app/bags/user95_2017-02-24.bag;0.834065854549408;0.0;0.9619645476341248;0.0;0.7960547501412467;0.9444047902630928;0.055595209736907236
1731801596.110442;/app/bags/user95_2017-02-24.bag;0.834065854549408;0.0;0.9619645476341248;0.0;0.7960547501412467;0.9444047902630928;0.055595209736907236
1731801596.310391;/app/bags/user95_2017-02-24.bag;0.834065854549408;0.0;0.9619645476341248;0.0;0.7960547501412467;0.9444047902630928;0.055595209736907236
1731801596.5103586;/app/bags/user95_2017-02-24.bag;0.834065854549408;0.0;0.9619645476341248;0.0;0.7960547501412467;0.9444047902630928;0.055595209736907236
1731801596.710433;/app/bags/user95_2017-02-24.bag;0.834065854549408;0.0;0.9619645476341248;0.0;0.7960547501412467;0.9444047902630928;0.055595209736907236
1731801596.9104028;/app/bags/user95_2017-02-24.bag;0.834065854549408;0.0;0.9619645476341248;0.0;0.7960547501412467;0.9444047902630928;0.055595209736907236
1731801597.1104257;/app/bags/user95_2017-02-24.bag;0.834065854549408;0.0;0.9619645476341248;0.0;0.7960547501412467;0.9444047902630928;0.055595209736907236
1731801597.3103719;/app/bags/user95_2017-02-24.bag;0.834065854549408;0.0;0.9619645476341248;0.0;0.7960547501412467;0.9444047902630928;0.055595209736907236
1731801597.5103838;/app/bags/user95_2017-02-24.bag;0.834065854549408;0.0;0.9619645476341248;0.0;0.7960547501412467;0.9444047902630928;0.055595209736907236
1731801597.7103856;/app/bags/user95_2017-02-24.bag;0.834065854549408;0.0;0.9619645476341248;0.0;0.7960547501412467;0.9444047902630928;0.055595209736907236
1731801597.9104085;/app/bags/user95_2017-02-24.bag;0.834065854549408;0.0;0.9619645476341248;0.0;0.7960547501412467;0.9444047902630928;0.055595209736907236
1731801598.1103923;/app/bags/user95_2017-02-24.bag;0.834065854549408;0.0;0.9619645476341248;0.0;0.7960547501412467;0.9444047902630928;0.055595209736907236
1731801598.3103967;/app/bags/user95_2017-02-24.bag;0.834065854549408;0.0;0.9619645476341248;0.0;0.7960547501412467;0.9444047902630928;0.055595209736907236
1731801598.5103843;/app/bags/user95_2017-02-24.bag;0.834065854549408;0.0;0.9619645476341248;0.0;0.7960547501412467;0.9444047902630928;0.055595209736907236
1731801598.7104487;/app/bags/user95_2017-02-24.bag;0.834065854549408;0.0;0.9619645476341248;0.0;0.7960547501412467;0.9444047902630928;0.055595209736907236
1731801598.9104164;/app/bags/user95_2017-02-24.bag;0.834065854549408;0.0;0.9619645476341248;0.0;0.7960547501412467;0.9444047902630928;0.055595209736907236
1731801599.1105778;/app/bags/user95_2017-02-24.bag;0.834065854549408;0.0;0.9619645476341248;0.0;0.7960547501412467;0.9444047902630928;0.055595209736907236
1731801599.3103933;/app/bags/user95_2017-02-24.bag;0.834065854549408;0.0;0.9619645476341248;0.0;0.7960547501412467;0.9444047902630928;0.055595209736907236
1731801599.5103993;/app/bags/user95_2017-02-24.bag;0.834065854549408;0.0;0.9619645476341248;0.0;0.7960547501412467;0.9444047902630928;0.055595209736907236
1731801599.7103944;/app/bags/user95_2017-02-24.bag;0.834065854549408;0.0;0.9619645476341248;0.0;0.7960547501412467;0.9444047902630928;0.055595209736907236
1731801599.9104836;/app/bags/user95_2017-02-24.bag;0.834065854549408;0.0;0.9619645476341248;0.0;0.7960547501412467;0.9444047902630928;0.055595209736907236
1731801600.1103866;/app/bags/user95_2017-02-24.bag;0.834065854549408;0.0;0.9619645476341248;0.0;0.7960547501412467;0.9444047902630928;0.055595209736907236
1731801600.310399;/app/bags/user95_2017-02-24.bag;0.834065854549408;0.0;0.9619645476341248;0.0;0.7960547501412467;0.9444047902630928;0.055595209736907236
1731801600.5103934;/app/bags/user95_2017-02-24.bag;0.834065854549408;0.0;0.9619645476341248;0.0;0.7960547501412467;0.9444047902630928;0.055595209736907236
1731801600.710374;/app/bags/user95_2017-02-24.bag;0.834065854549408;0.0;0.9619645476341248;0.0;0.7960547501412467;0.9444047902630928;0.055595209736907236
1731801600.9104185;/app/bags/user95_2017-02-24.bag;0.834065854549408;0.0;0.9619645476341248;0.0;0.7960547501412467;0.9444047902630928;0.055595209736907236
1731801601.110377;/app/bags/user95_2017-02-24.bag;0.834065854549408;0.0;0.9619645476341248;0.0;0.7960547501412467;0.9444047902630928;0.055595209736907236
1731801601.310384;/app/bags/user95_2017-02-24.bag;0.834065854549408;0.0;0.9619645476341248;0.0;0.7960547501412467;0.9444047902630928;0.055595209736907236
1731801601.5105388;/app/bags/user95_2017-02-24.bag;0.834065854549408;0.0;0.9619645476341248;0.0;0.7960547501412467;0.9444047902630928;0.055595209736907236
1731801601.7104256;/app/bags/user95_2017-02-24.bag;0.834065854549408;0.0;0.9619645476341248;0.0;0.7960547501412467;0.9444047902630928;0.055595209736907236
1731801601.910402;/app/bags/user95_2017-02-24.bag;0.834065854549408;0.0;0.9619645476341248;0.0;0.7960547501412467;0.9444047902630928;0.055595209736907236
1731801602.110532;/app/bags/user95_2017-02-24.bag;0.834065854549408;0.0;0.9619645476341248;0.0;0.7960547501412467;0.9444047902630928;0.055595209736907236
1731801602.3103988;/app/bags/user95_2017-02-24.bag;0.834065854549408;0.0;0.9619645476341248;0.0;0.7960547501412467;0.9444047902630928;0.055595209736907236
1731801602.5104003;/app/bags/user95_2017-02-24.bag;0.834065854549408;0.0;0.9619645476341248;0.0;0.7960547501412467;0.9444047902630928;0.055595209736907236
1731801602.7104251;/app/bags/user95_2017-02-24.bag;0.834065854549408;0.0;0.9619645476341248;0.0;0.7960547501412467;0.9444047902630928;0.055595209736907236
1731801602.910403;/app/bags/user95_2017-02-24.bag;0.834065854549408;0.0;0.9619645476341248;0.0;0.7960547501412467;0.9444047902630928;0.055595209736907236
1731801603.1103632;/app/bags/user95_2017-02-24.bag;0.834065854549408;0.0;0.9619645476341248;0.0;0.7960547501412467;0.9444047902630928;0.055595209736907236
1731801603.3103724;/app/bags/user95_2017-02-24.bag;0.834065854549408;0.0;0.9619645476341248;0.0;0.7960547501412467;0.9444047902630928;0.055595209736907236
1731801603.510405;/app/bags/user95_2017-02-24.bag;0.834065854549408;0.0;0.9619645476341248;0.0;0.7960547501412467;0.9444047902630928;0.055595209736907236
1731801603.7103949;/app/bags/user95_2017-02-24.bag;0.834065854549408;0.0;0.9619645476341248;0.0;0.7960547501412467;0.9444047902630928;0.055595209736907236
1731801603.910384;/app/bags/user95_2017-02-24.bag;0.834065854549408;0.0;0.9619645476341248;0.0;0.7960547501412467;0.9444047902630928;0.055595209736907236
1731801604.1103938;/app/bags/user95_2017-02-24.bag;0.834065854549408;0.0;0.9619645476341248;0.0;0.7960547501412467;0.9444047902630928;0.055595209736907236
1731801604.3104725;/app/bags/user95_2017-02-24.bag;0.834065854549408;0.0;0.9619645476341248;0.0;0.7960547501412467;0.9444047902630928;0.055595209736907236
1731801604.5103705;/app/bags/user95_2017-02-24.bag;0.834065854549408;0.0;0.9619645476341248;0.0;0.7960547501412467;0.9444047902630928;0.055595209736907236
1731801604.7103965;/app/bags/user95_2017-02-24.bag;0.834065854549408;0.0;0.9619645476341248;0.0;0.7960547501412467;0.9444047902630928;0.055595209736907236
1731801604.9104717;/app/bags/user95_2017-02-24.bag;0.834065854549408;0.0;0.9619645476341248;0.0;0.7960547501412467;0.9444047902630928;0.055595209736907236
1731801605.1104078;/app/bags/user95_2017-02-24.bag;0.834065854549408;0.0;0.9619645476341248;0.0;0.7960547501412467;0.9444047902630928;0.055595209736907236
1731801605.3104327;/app/bags/user95_2017-02-24.bag;0.834065854549408;0.0;0.9619645476341248;0.0;0.7960547501412467;0.9444047902630928;0.055595209736907236
1731801605.5103874;/app/bags/user95_2017-02-24.bag;0.834065854549408;0.0;0.9619645476341248;0.0;0.7960547501412467;0.9444047902630928;0.055595209736907236
1731801605.7103872;/app/bags/user95_2017-02-24.bag;0.834065854549408;0.0;0.9619645476341248;0.0;0.7960547501412467;0.9444047902630928;0.055595209736907236
1731801605.9104636;/app/bags/user95_2017-02-24.bag;0.834065854549408;0.0;0.9619645476341248;0.0;0.7960547501412467;0.9444047902630928;0.055595209736907236
1731801606.11059;/app/bags/user95_2017-02-24.bag;0.834065854549408;0.0;0.9619645476341248;0.0;0.7960547501412467;0.9444047902630928;0.055595209736907236
1731801606.3104045;/app/bags/user95_2017-02-24.bag;0.834065854549408;0.0;0.9619645476341248;0.0;0.7960547501412467;0.9444047902630928;0.055595209736907236
1731801606.5104108;/app/bags/user95_2017-02-24.bag;0.834065854549408;0.0;0.9619645476341248;0.0;0.7960547501412467;0.9444047902630928;0.055595209736907236
1731801606.7103896;/app/bags/user95_2017-02-24.bag;0.834065854549408;0.0;0.9619645476341248;0.0;0.7960547501412467;0.9444047902630928;0.055595209736907236
1731801606.9105167;/app/bags/user95_2017-02-24.bag;0.834065854549408;0.0;0.9619645476341248;0.0;0.7960547501412467;0.9444047902630928;0.055595209736907236
1731801607.1104279;/app/bags/user95_2017-02-24.bag;0.834065854549408;0.0;0.9619645476341248;0.0;0.7960547501412467;0.9444047902630928;0.055595209736907236
1731801607.3104143;/app/bags/user95_2017-02-24.bag;0.834065854549408;0.0;0.9619645476341248;0.0;0.7960547501412467;0.9444047902630928;0.055595209736907236
1731801607.5103598;/app/bags/user95_2017-02-24.bag;0.834065854549408;0.0;0.9619645476341248;0.0;0.7960547501412467;0.9444047902630928;0.055595209736907236
1731801607.710493;/app/bags/user95_2017-02-24.bag;0.834065854549408;0.0;0.9619645476341248;0.0;0.7960547501412467;0.9444047902630928;0.055595209736907236
1731801607.9104059;/app/bags/user95_2017-02-24.bag;0.834065854549408;0.0;0.9619645476341248;0.0;0.7960547501412467;0.9444047902630928;0.055595209736907236
1731801608.1104105;/app/bags/user95_2017-02-24.bag;0.834065854549408;0.0;0.9619645476341248;0.0;0.7960547501412467;0.9444047902630928;0.055595209736907236
1731801608.3104343;/app/bags/user95_2017-02-24.bag;0.834065854549408;0.0;0.9619645476341248;0.0;0.7960547501412467;0.9444047902630928;0.055595209736907236
1731801608.5104117;/app/bags/user95_2017-02-24.bag;0.834065854549408;0.0;0.9619645476341248;0.0;0.7960547501412467;0.9444047902630928;0.055595209736907236
1731801608.7103891;/app/bags/user95_2017-02-24.bag;0.834065854549408;0.0;0.9619645476341248;0.0;0.7960547501412467;0.9444047902630928;0.055595209736907236
1731801608.9104147;/app/bags/user95_2017-02-24.bag;0.834065854549408;0.0;0.9619645476341248;0.0;0.7960547501412467;0.9444047902630928;0.055595209736907236
1731801609.1104383;/app/bags/user95_2017-02-24.bag;0.834065854549408;0.0;0.9619645476341248;0.0;0.7960547501412467;0.9444047902630928;0.055595209736907236
1731801609.3103974;/app/bags/user95_2017-02-24.bag;0.834065854549408;0.0;0.9619645476341248;0.0;0.7960547501412467;0.9444047902630928;0.055595209736907236
1731801609.5104136;/app/bags/user95_2017-02-24.bag;0.834065854549408;0.0;0.9619645476341248;0.0;0.7960547501412467;0.9444047902630928;0.055595209736907236
1731801609.710421;/app/bags/user95_2017-02-24.bag;0.834065854549408;0.0;0.9619645476341248;0.0;0.7960547501412467;0.9444047902630928;0.055595209736907236
1731801609.9104288;/app/bags/user95_2017-02-24.bag;0.834065854549408;0.0;0.9619645476341248;0.0;0.7960547501412467;0.9444047902630928;0.055595209736907236
1731801610.1103642;/app/bags/user95_2017-02-24.bag;0.834065854549408;0.0;0.9619645476341248;0.0;0.7960547501412467;0.9444047902630928;0.055595209736907236
1731801610.310393;/app/bags/user95_2017-02-24.bag;0.834065854549408;0.0;0.9619645476341248;0.0;0.7960547501412467;0.9444047902630928;0.055595209736907236
1731801610.5104108;/app/bags/user95_2017-02-24.bag;0.834065854549408;0.0;0.9619645476341248;0.0;0.7960547501412467;0.9444047902630928;0.055595209736907236
1731801610.7103834;/app/bags/user95_2017-02-24.bag;0.834065854549408;0.0;0.9619645476341248;0.0;0.7960547501412467;0.9444047902630928;0.055595209736907236
1731801610.9104052;/app/bags/user95_2017-02-24.bag;0.834065854549408;0.0;0.9619645476341248;0.0;0.7960547501412467;0.9444047902630928;0.055595209736907236
1731801611.1103933;/app/bags/user95_2017-02-24.bag;0.834065854549408;0.0;0.9619645476341248;0.0;0.7960547501412467;0.9444047902630928;0.055595209736907236
1731801611.310384;/app/bags/user95_2017-02-24.bag;0.834065854549408;0.0;0.9619645476341248;0.0;0.7960547501412467;0.9444047902630928;0.055595209736907236
1731801611.5103717;/app/bags/user95_2017-02-24.bag;0.834065854549408;0.0;0.9619645476341248;0.0;0.7960547501412467;0.9444047902630928;0.055595209736907236
1731801611.7104185;/app/bags/user95_2017-02-24.bag;0.834065854549408;0.0;0.9619645476341248;0.0;0.7960547501412467;0.9444047902630928;0.055595209736907236
1731801611.9104354;/app/bags/user95_2017-02-24.bag;0.834065854549408;0.0;0.9619645476341248;0.0;0.7960547501412467;0.9444047902630928;0.055595209736907236
1731801612.1104531;/app/bags/user95_2017-02-24.bag;0.834065854549408;0.0;0.9619645476341248;0.0;0.7960547501412467;0.9444047902630928;0.055595209736907236
1731801612.310346;/app/bags/user95_2017-02-24.bag;0.834065854549408;0.0;0.9619645476341248;0.0;0.7960547501412467;0.9444047902630928;0.055595209736907236
1731801612.5104418;/app/bags/user95_2017-02-24.bag;0.834065854549408;0.0;0.9619645476341248;0.0;0.7960547501412467;0.9444047902630928;0.055595209736907236
1731801612.7105107;/app/bags/user95_2017-02-24.bag;0.834065854549408;0.0;0.9619645476341248;0.0;0.7960547501412467;0.9444047902630928;0.055595209736907236
1731801612.9104068;/app/bags/user95_2017-02-24.bag;0.834065854549408;0.0;0.9619645476341248;0.0;0.7960547501412467;0.9444047902630928;0.055595209736907236
1731801613.110411;/app/bags/user95_2017-02-24.bag;0.834065854549408;0.0;0.9619645476341248;0.0;0.7960547501412467;0.9444047902630928;0.055595209736907236
1731801613.3104298;/app/bags/user95_2017-02-24.bag;0.834065854549408;0.0;0.9619645476341248;0.0;0.7960547501412467;0.9444047902630928;0.055595209736907236
1731801613.5104103;/app/bags/user95_2017-02-24.bag;0.834065854549408;0.0;0.9619645476341248;0.0;0.7960547501412467;0.9444047902630928;0.055595209736907236
1731801613.7103524;/app/bags/user95_2017-02-24.bag;0.834065854549408;0.0;0.9619645476341248;0.0;0.7960547501412467;0.9444047902630928;0.055595209736907236
1731801613.910351;/app/bags/user95_2017-02-24.bag;0.834065854549408;0.0;0.9619645476341248;0.0;0.7960547501412467;0.9444047902630928;0.055595209736907236
1731801614.1106553;/app/bags/user95_2017-02-24.bag;0.834065854549408;0.0;0.9619645476341248;0.0;0.7960547501412467;0.9444047902630928;0.055595209736907236
1731801614.3103502;/app/bags/user95_2017-02-24.bag;0.834065854549408;0.0;0.9619645476341248;0.0;0.7960547501412467;0.9444047902630928;0.055595209736907236
1731801614.5104241;/app/bags/user95_2017-02-24.bag;0.834065854549408;0.0;0.9619645476341248;0.0;0.7960547501412467;0.9444047902630928;0.055595209736907236
1731801614.7103684;/app/bags/user95_2017-02-24.bag;0.834065854549408;0.0;0.9619645476341248;0.0;0.7960547501412467;0.9444047902630928;0.055595209736907236
1731801614.9104712;/app/bags/user95_2017-02-24.bag;0.834065854549408;0.0;0.9619645476341248;0.0;0.7960547501412467;0.9444047902630928;0.055595209736907236
1731801615.110394;/app/bags/user95_2017-02-24.bag;0.834065854549408;0.0;0.9619645476341248;0.0;0.7960547501412467;0.9444047902630928;0.055595209736907236
1731801615.310409;/app/bags/user95_2017-02-24.bag;0.834065854549408;0.0;0.9619645476341248;0.0;0.7960547501412467;0.9444047902630928;0.055595209736907236
1731801615.5104127;/app/bags/user95_2017-02-24.bag;0.834065854549408;0.0;0.9619645476341248;0.0;0.7960547501412467;0.9444047902630928;0.055595209736907236
1731801615.7104003;/app/bags/user95_2017-02-24.bag;0.834065854549408;0.0;0.9619645476341248;0.0;0.7960547501412467;0.9444047902630928;0.055595209736907236
1731801615.9103782;/app/bags/user95_2017-02-24.bag;0.834065854549408;0.0;0.9619645476341248;0.0;0.7960547501412467;0.9444047902630928;0.055595209736907236
1731801616.1103923;/app/bags/user95_2017-02-24.bag;0.834065854549408;0.0;0.9619645476341248;0.0;0.7960547501412467;0.9444047902630928;0.055595209736907236
1731801616.3104339;/app/bags/user95_2017-02-24.bag;0.834065854549408;0.0;0.9619645476341248;0.0;0.7960547501412467;0.9444047902630928;0.055595209736907236
1731801616.51041;/app/bags/user95_2017-02-24.bag;0.834065854549408;0.0;0.9619645476341248;0.0;0.7960547501412467;0.9444047902630928;0.055595209736907236
1731801616.7104132;/app/bags/user95_2017-02-24.bag;0.834065854549408;0.0;0.9619645476341248;0.0;0.7960547501412467;0.9444047902630928;0.055595209736907236
1731801616.9104657;/app/bags/user95_2017-02-24.bag;0.834065854549408;0.0;0.9619645476341248;0.0;0.7960547501412467;0.9444047902630928;0.055595209736907236
1731801617.110454;/app/bags/user95_2017-02-24.bag;0.834065854549408;0.0;0.9619645476341248;0.0;0.7960547501412467;0.9444047902630928;0.055595209736907236
1731801617.3103917;/app/bags/user95_2017-02-24.bag;0.834065854549408;0.0;0.9619645476341248;0.0;0.7960547501412467;0.9444047902630928;0.055595209736907236
1731801617.5104113;/app/bags/user95_2017-02-24.bag;0.834065854549408;0.0;0.9619645476341248;0.0;0.7960547501412467;0.9444047902630928;0.055595209736907236
1731801617.7103975;/app/bags/user95_2017-02-24.bag;0.834065854549408;0.0;0.9619645476341248;0.0;0.7960547501412467;0.9444047902630928;0.055595209736907236
1731801617.9105382;/app/bags/user95_2017-02-24.bag;0.834065854549408;0.0;0.9619645476341248;0.0;0.7960547501412467;0.9444047902630928;0.055595209736907236
1731801618.110407;/app/bags/user95_2017-02-24.bag;0.834065854549408;0.0;0.9619645476341248;0.0;0.7960547501412467;0.9444047902630928;0.055595209736907236
1731801618.3104424;/app/bags/user95_2017-02-24.bag;0.834065854549408;0.0;0.9619645476341248;0.0;0.7960547501412467;0.9444047902630928;0.055595209736907236
1731801618.51049;/app/bags/user95_2017-02-24.bag;0.834065854549408;0.0;0.9619645476341248;0.0;0.7960547501412467;0.9444047902630928;0.055595209736907236
1731801618.7104106;/app/bags/user95_2017-02-24.bag;0.834065854549408;0.0;0.9619645476341248;0.0;0.7960547501412467;0.9444047902630928;0.055595209736907236
1731801618.910379;/app/bags/user95_2017-02-24.bag;0.834065854549408;0.0;0.9619645476341248;0.0;0.7960547501412467;0.9444047902630928;0.055595209736907236
1731801619.110378;/app/bags/user95_2017-02-24.bag;0.834065854549408;0.0;0.9619645476341248;0.0;0.7960547501412467;0.9444047902630928;0.055595209736907236
1731801619.310382;/app/bags/user95_2017-02-24.bag;0.834065854549408;0.0;0.9619645476341248;0.0;0.7960547501412467;0.9444047902630928;0.055595209736907236
1731801619.5104318;/app/bags/user95_2017-02-24.bag;0.834065854549408;0.0;0.9619645476341248;0.0;0.7960547501412467;0.9444047902630928;0.055595209736907236
1731801619.7103636;/app/bags/user95_2017-02-24.bag;0.834065854549408;0.0;0.9619645476341248;0.0;0.7960547501412467;0.9444047902630928;0.055595209736907236
1731801619.9103625;/app/bags/user95_2017-02-24.bag;0.834065854549408;0.0;0.9619645476341248;0.0;0.7960547501412467;0.9444047902630928;0.055595209736907236
1731801620.1104062;/app/bags/user95_2017-02-24.bag;0.834065854549408;0.0;0.9619645476341248;0.0;0.7960547501412467;0.9444047902630928;0.055595209736907236
1731801620.3104033;/app/bags/user95_2017-02-24.bag;0.834065854549408;0.0;0.9619645476341248;0.0;0.7960547501412467;0.9444047902630928;0.055595209736907236
1731801620.5104039;/app/bags/user95_2017-02-24.bag;0.834065854549408;0.0;0.9619645476341248;0.0;0.7960547501412467;0.9444047902630928;0.055595209736907236
1731801620.710448;/app/bags/user95_2017-02-24.bag;0.834065854549408;0.0;0.9619645476341248;0.0;0.7960547501412467;0.9444047902630928;0.055595209736907236
1731801620.9104786;/app/bags/user95_2017-02-24.bag;0.834065854549408;0.0;0.9619645476341248;0.0;0.7960547501412467;0.9444047902630928;0.055595209736907236
1731801621.110388;/app/bags/user95_2017-02-24.bag;0.834065854549408;0.0;0.9619645476341248;0.0;0.7960547501412467;0.9444047902630928;0.055595209736907236
1731801621.3104618;/app/bags/user95_2017-02-24.bag;0.834065854549408;0.0;0.9619645476341248;0.0;0.7960547501412467;0.9444047902630928;0.055595209736907236
1731801621.5103736;/app/bags/user95_2017-02-24.bag;0.834065854549408;0.0;0.9619645476341248;0.0;0.7960547501412467;0.9444047902630928;0.055595209736907236
1731801621.7104123;/app/bags/user95_2017-02-24.bag;0.834065854549408;0.0;0.9619645476341248;0.0;0.7960547501412467;0.9444047902630928;0.055595209736907236
1731801621.910386;/app/bags/user95_2017-02-24.bag;0.834065854549408;0.0;0.9619645476341248;0.0;0.7960547501412467;0.9444047902630928;0.055595209736907236
1731801622.1103878;/app/bags/user95_2017-02-24.bag;0.834065854549408;0.0;0.9619645476341248;0.0;0.7960547501412467;0.9444047902630928;0.055595209736907236
1731801622.310369;/app/bags/user95_2017-02-24.bag;0.834065854549408;0.0;0.9619645476341248;0.0;0.7960547501412467;0.9444047902630928;0.055595209736907236
1731801622.5104136;/app/bags/user95_2017-02-24.bag;0.834065854549408;0.0;0.9619645476341248;0.0;0.7960547501412467;0.9444047902630928;0.055595209736907236
1731801622.710529;/app/bags/user95_2017-02-24.bag;0.834065854549408;0.0;0.9619645476341248;0.0;0.7960547501412467;0.9444047902630928;0.055595209736907236
1731801622.9104118;/app/bags/user95_2017-02-24.bag;0.834065854549408;0.0;0.9619645476341248;0.0;0.7960547501412467;0.9444047902630928;0.055595209736907236
1731801623.110494;/app/bags/user95_2017-02-24.bag;0.834065854549408;0.0;0.9619645476341248;0.0;0.7960547501412467;0.9444047902630928;0.055595209736907236
1731801623.3104756;/app/bags/user95_2017-02-24.bag;0.834065854549408;0.0;0.9619645476341248;0.0;0.7960547501412467;0.9444047902630928;0.055595209736907236
1731801623.5103836;/app/bags/user95_2017-02-24.bag;0.834065854549408;0.0;0.9619645476341248;0.0;0.7960547501412467;0.9444047902630928;0.055595209736907236
1731801623.710369;/app/bags/user95_2017-02-24.bag;0.834065854549408;0.0;0.9619645476341248;0.0;0.7960547501412467;0.9444047902630928;0.055595209736907236
1731801623.9103847;/app/bags/user95_2017-02-24.bag;0.834065854549408;0.0;0.9619645476341248;0.0;0.7960547501412467;0.9444047902630928;0.055595209736907236
1731801624.1103678;/app/bags/user95_2017-02-24.bag;0.834065854549408;0.0;0.9619645476341248;0.0;0.7960547501412467;0.9444047902630928;0.055595209736907236
1731801624.3104162;/app/bags/user95_2017-02-24.bag;0.834065854549408;0.0;0.9619645476341248;0.0;0.7960547501412467;0.9444047902630928;0.055595209736907236
1731801624.5103889;/app/bags/user95_2017-02-24.bag;0.834065854549408;0.0;0.9619645476341248;0.0;0.7960547501412467;0.9444047902630928;0.055595209736907236
1731801624.7103877;/app/bags/user95_2017-02-24.bag;0.834065854549408;0.0;0.9619645476341248;0.0;0.7960547501412467;0.9444047902630928;0.055595209736907236
1731801624.9104037;/app/bags/user95_2017-02-24.bag;0.834065854549408;0.0;0.9619645476341248;0.0;0.7960547501412467;0.9444047902630928;0.055595209736907236
1731801625.1106036;/app/bags/user95_2017-02-24.bag;0.834065854549408;0.0;0.9619645476341248;0.0;0.7960547501412467;0.9444047902630928;0.055595209736907236
1731801625.3103874;/app/bags/user95_2017-02-24.bag;0.834065854549408;0.0;0.9619645476341248;0.0;0.7960547501412467;0.9444047902630928;0.055595209736907236
1731801625.5104437;/app/bags/user95_2017-02-24.bag;0.834065854549408;0.0;0.9619645476341248;0.0;0.7960547501412467;0.9444047902630928;0.055595209736907236
1731801625.7104099;/app/bags/user95_2017-02-24.bag;0.834065854549408;0.0;0.9619645476341248;0.0;0.7960547501412467;0.9444047902630928;0.055595209736907236
1731801625.9103723;/app/bags/user95_2017-02-24.bag;0.834065854549408;0.0;0.9619645476341248;0.0;0.7960547501412467;0.9444047902630928;0.055595209736907236
1731801626.110424;/app/bags/user95_2017-02-24.bag;0.834065854549408;0.0;0.9619645476341248;0.0;0.7960547501412467;0.9444047902630928;0.055595209736907236
1731801626.3103852;/app/bags/user95_2017-02-24.bag;0.834065854549408;0.0;0.9619645476341248;0.0;0.7960547501412467;0.9444047902630928;0.055595209736907236
1731801626.5102608;/app/bags/user95_2017-02-24.bag;0.834065854549408;0.0;0.9619645476341248;0.0;0.7960547501412467;0.9444047902630928;0.055595209736907236
1731801626.7103922;/app/bags/user95_2017-02-24.bag;0.834065854549408;0.0;0.9619645476341248;0.0;0.7960547501412467;0.9444047902630928;0.055595209736907236
1731801626.9103994;/app/bags/user95_2017-02-24.bag;0.834065854549408;0.0;0.9619645476341248;0.0;0.7960547501412467;0.9444047902630928;0.055595209736907236
1731801627.110401;/app/bags/user95_2017-02-24.bag;0.834065854549408;0.0;0.9619645476341248;0.0;0.7960547501412467;0.9444047902630928;0.055595209736907236
1731801627.3104708;/app/bags/user95_2017-02-24.bag;0.834065854549408;0.0;0.9619645476341248;0.0;0.7960547501412467;0.9444047902630928;0.055595209736907236
1731801627.5104115;/app/bags/user95_2017-02-24.bag;0.834065854549408;0.0;0.9619645476341248;0.0;0.7960547501412467;0.9444047902630928;0.055595209736907236
1731801627.7103868;/app/bags/user95_2017-02-24.bag;0.834065854549408;0.0;0.9619645476341248;0.0;0.7960547501412467;0.9444047902630928;0.055595209736907236
1731801627.9104307;/app/bags/user95_2017-02-24.bag;0.834065854549408;0.0;0.9619645476341248;0.0;0.7960547501412467;0.9444047902630928;0.055595209736907236
1731801628.1104295;/app/bags/user95_2017-02-24.bag;0.834065854549408;0.0;0.9619645476341248;0.0;0.7960547501412467;0.9444047902630928;0.055595209736907236
1731801628.3103888;/app/bags/user95_2017-02-24.bag;0.834065854549408;0.0;0.9619645476341248;0.0;0.7960547501412467;0.9444047902630928;0.055595209736907236
1731801628.5103884;/app/bags/user95_2017-02-24.bag;0.834065854549408;0.0;0.9619645476341248;0.0;0.7960547501412467;0.9444047902630928;0.055595209736907236
1731801628.7104154;/app/bags/user95_2017-02-24.bag;0.834065854549408;0.0;0.9619645476341248;0.0;0.7960547501412467;0.9444047902630928;0.055595209736907236
1731801628.9104483;/app/bags/user95_2017-02-24.bag;0.834065854549408;0.0;0.9619645476341248;0.0;0.7960547501412467;0.9444047902630928;0.055595209736907236
1731801629.1104343;/app/bags/user95_2017-02-24.bag;0.834065854549408;0.0;0.9619645476341248;0.0;0.7960547501412467;0.9444047902630928;0.055595209736907236
1731801629.3103974;/app/bags/user95_2017-02-24.bag;0.834065854549408;0.0;0.9619645476341248;0.0;0.7960547501412467;0.9444047902630928;0.055595209736907236
1731801629.510374;/app/bags/user95_2017-02-24.bag;0.834065854549408;0.0;0.9619645476341248;0.0;0.7960547501412467;0.9444047902630928;0.055595209736907236
1731801629.7104142;/app/bags/user95_2017-02-24.bag;0.834065854549408;0.0;0.9619645476341248;0.0;0.7960547501412467;0.9444047902630928;0.055595209736907236
1731801629.9104176;/app/bags/user95_2017-02-24.bag;0.834065854549408;0.0;0.9619645476341248;0.0;0.7960547501412467;0.9444047902630928;0.055595209736907236
1731801630.1103964;/app/bags/user95_2017-02-24.bag;0.834065854549408;0.0;0.9619645476341248;0.0;0.7960547501412467;0.9444047902630928;0.055595209736907236
1731801630.3103807;/app/bags/user95_2017-02-24.bag;0.834065854549408;0.0;0.9619645476341248;0.0;0.7960547501412467;0.9444047902630928;0.055595209736907236
1731801630.510454;/app/bags/user95_2017-02-24.bag;0.834065854549408;0.0;0.9619645476341248;0.0;0.7960547501412467;0.9444047902630928;0.055595209736907236
1731801630.7104332;/app/bags/user95_2017-02-24.bag;0.834065854549408;0.0;0.9619645476341248;0.0;0.7960547501412467;0.9444047902630928;0.055595209736907236
1731801630.910379;/app/bags/user95_2017-02-24.bag;0.834065854549408;0.0;0.9619645476341248;0.0;0.7960547501412467;0.9444047902630928;0.055595209736907236
1731801631.110397;/app/bags/user95_2017-02-24.bag;0.834065854549408;0.0;0.9619645476341248;0.0;0.7960547501412467;0.9444047902630928;0.055595209736907236
1731801631.3103735;/app/bags/user95_2017-02-24.bag;0.834065854549408;0.0;0.9619645476341248;0.0;0.7960547501412467;0.9444047902630928;0.055595209736907236
1731801631.5104008;/app/bags/user95_2017-02-24.bag;0.834065854549408;0.0;0.9619645476341248;0.0;0.7960547501412467;0.9444047902630928;0.055595209736907236
1731801631.7103748;/app/bags/user95_2017-02-24.bag;0.834065854549408;0.0;0.9619645476341248;0.0;0.7960547501412467;0.9444047902630928;0.055595209736907236
1731801631.9105;/app/bags/user95_2017-02-24.bag;0.834065854549408;0.0;0.9619645476341248;0.0;0.7960547501412467;0.9444047902630928;0.055595209736907236
1731801632.110461;/app/bags/user95_2017-02-24.bag;0.834065854549408;0.0;0.9619645476341248;0.0;0.7960547501412467;0.9444047902630928;0.055595209736907236
1731801632.310411;/app/bags/user95_2017-02-24.bag;0.834065854549408;0.0;0.9619645476341248;0.0;0.7960547501412467;0.9444047902630928;0.055595209736907236
1731801632.510392;/app/bags/user95_2017-02-24.bag;0.834065854549408;0.0;0.9619645476341248;0.0;0.7960547501412467;0.9444047902630928;0.055595209736907236
1731801632.710376;/app/bags/user95_2017-02-24.bag;0.834065854549408;0.0;0.9619645476341248;0.0;0.7960547501412467;0.9444047902630928;0.055595209736907236
1731801632.9103754;/app/bags/user95_2017-02-24.bag;0.834065854549408;0.0;0.9619645476341248;0.0;0.7960547501412467;0.9444047902630928;0.055595209736907236
1731801633.1103854;/app/bags/user95_2017-02-24.bag;0.834065854549408;0.0;0.9619645476341248;0.0;0.7960547501412467;0.9444047902630928;0.055595209736907236
1731801633.3104014;/app/bags/user95_2017-02-24.bag;0.834065854549408;0.0;0.9619645476341248;0.0;0.7960547501412467;0.9444047902630928;0.055595209736907236
1731801633.5104647;/app/bags/user95_2017-02-24.bag;0.834065854549408;0.0;0.9619645476341248;0.0;0.7960547501412467;0.9444047902630928;0.055595209736907236
1731801633.7105007;/app/bags/user95_2017-02-24.bag;0.834065854549408;0.0;0.9619645476341248;0.0;0.7960547501412467;0.9444047902630928;0.055595209736907236
1731801633.9104414;/app/bags/user95_2017-02-24.bag;0.834065854549408;0.0;0.9619645476341248;0.0;0.7960547501412467;0.9444047902630928;0.055595209736907236
1731801634.1103857;/app/bags/user95_2017-02-24.bag;0.834065854549408;0.0;0.9619645476341248;0.0;0.7960547501412467;0.9444047902630928;0.055595209736907236
1731801634.3104668;/app/bags/user95_2017-02-24.bag;0.834065854549408;0.0;0.9619645476341248;0.0;0.7960547501412467;0.9444047902630928;0.055595209736907236
1731801634.5104299;/app/bags/user95_2017-02-24.bag;0.834065854549408;0.0;0.9619645476341248;0.0;0.7960547501412467;0.9444047902630928;0.055595209736907236
1731801634.7103844;/app/bags/user95_2017-02-24.bag;0.834065854549408;0.0;0.9619645476341248;0.0;0.7960547501412467;0.9444047902630928;0.055595209736907236
1731801634.9104304;/app/bags/user95_2017-02-24.bag;0.834065854549408;0.0;0.9619645476341248;0.0;0.7960547501412467;0.9444047902630928;0.055595209736907236
1731801635.1104214;/app/bags/user95_2017-02-24.bag;0.834065854549408;0.0;0.9619645476341248;0.0;0.7960547501412467;0.9444047902630928;0.055595209736907236
1731801635.3104167;/app/bags/user95_2017-02-24.bag;0.834065854549408;0.0;0.9619645476341248;0.0;0.7960547501412467;0.9444047902630928;0.055595209736907236
1731801635.5105684;/app/bags/user95_2017-02-24.bag;0.834065854549408;0.0;0.9619645476341248;0.0;0.7960547501412467;0.9444047902630928;0.055595209736907236
1731801635.7104003;/app/bags/user95_2017-02-24.bag;0.834065854549408;0.0;0.9619645476341248;0.0;0.7960547501412467;0.9444047902630928;0.055595209736907236
1731801635.9104035;/app/bags/user95_2017-02-24.bag;0.834065854549408;0.0;0.9619645476341248;0.0;0.7960547501412467;0.9444047902630928;0.055595209736907236
1731801636.1104956;/app/bags/user95_2017-02-24.bag;0.834065854549408;0.0;0.9619645476341248;0.0;0.7960547501412467;0.9444047902630928;0.055595209736907236
1731801636.3104568;/app/bags/user95_2017-02-24.bag;0.834065854549408;0.0;0.9619645476341248;0.0;0.7960547501412467;0.9444047902630928;0.055595209736907236
1731801636.5103943;/app/bags/user95_2017-02-24.bag;0.834065854549408;0.0;0.9619645476341248;0.0;0.7960547501412467;0.9444047902630928;0.055595209736907236
1731801636.7104077;/app/bags/user95_2017-02-24.bag;0.834065854549408;0.0;0.9619645476341248;0.0;0.7960547501412467;0.9444047902630928;0.055595209736907236
1731801636.9104197;/app/bags/user95_2017-02-24.bag;0.834065854549408;0.0;0.9619645476341248;0.0;0.7960547501412467;0.9444047902630928;0.055595209736907236
1731801637.110394;/app/bags/user95_2017-02-24.bag;0.834065854549408;0.0;0.9619645476341248;0.0;0.7960547501412467;0.9444047902630928;0.055595209736907236
1731801637.3103366;/app/bags/user95_2017-02-24.bag;0.834065854549408;0.0;0.9619645476341248;0.0;0.7960547501412467;0.9444047902630928;0.055595209736907236
1731801637.5103612;/app/bags/user95_2017-02-24.bag;0.834065854549408;0.0;0.9619645476341248;0.0;0.7960547501412467;0.9444047902630928;0.055595209736907236
1731801637.710407;/app/bags/user95_2017-02-24.bag;0.834065854549408;0.0;0.9619645476341248;0.0;0.7960547501412467;0.9444047902630928;0.055595209736907236
1731801637.9103944;/app/bags/user95_2017-02-24.bag;0.834065854549408;0.0;0.9619645476341248;0.0;0.7960547501412467;0.9444047902630928;0.055595209736907236
1731801638.1103795;/app/bags/user95_2017-02-24.bag;0.834065854549408;0.0;0.9619645476341248;0.0;0.7960547501412467;0.9444047902630928;0.055595209736907236
1731801638.3103788;/app/bags/user95_2017-02-24.bag;0.834065854549408;0.0;0.9619645476341248;0.0;0.7960547501412467;0.9444047902630928;0.055595209736907236
1731801638.510369;/app/bags/user95_2017-02-24.bag;0.834065854549408;0.0;0.9619645476341248;0.0;0.7960547501412467;0.9444047902630928;0.055595209736907236
1731801638.710439;/app/bags/user95_2017-02-24.bag;0.834065854549408;0.0;0.9619645476341248;0.0;0.7960547501412467;0.9444047902630928;0.055595209736907236
1731801638.910387;/app/bags/user95_2017-02-24.bag;0.834065854549408;0.0;0.9619645476341248;0.0;0.7960547501412467;0.9444047902630928;0.055595209736907236
1731801639.1104686;/app/bags/user95_2017-02-24.bag;0.834065854549408;0.0;0.9619645476341248;0.0;0.7960547501412467;0.9444047902630928;0.055595209736907236
1731801639.3104124;/app/bags/user95_2017-02-24.bag;0.834065854549408;0.0;0.9619645476341248;0.0;0.7960547501412467;0.9444047902630928;0.055595209736907236
1731801639.510393;/app/bags/user95_2017-02-24.bag;0.834065854549408;0.0;0.9619645476341248;0.0;0.7960547501412467;0.9444047902630928;0.055595209736907236
1731801639.710401;/app/bags/user95_2017-02-24.bag;0.834065854549408;0.0;0.9619645476341248;0.0;0.7960547501412467;0.9444047902630928;0.055595209736907236
1731801639.9104328;/app/bags/user95_2017-02-24.bag;0.834065854549408;0.0;0.9619645476341248;0.0;0.7960547501412467;0.9444047902630928;0.055595209736907236
1731801640.1103854;/app/bags/user95_2017-02-24.bag;0.834065854549408;0.0;0.9619645476341248;0.0;0.7960547501412467;0.9444047902630928;0.055595209736907236
1731801640.3103917;/app/bags/user95_2017-02-24.bag;0.834065854549408;0.0;0.9619645476341248;0.0;0.7960547501412467;0.9444047902630928;0.055595209736907236
1731801640.5103917;/app/bags/user95_2017-02-24.bag;0.834065854549408;0.0;0.9619645476341248;0.0;0.7960547501412467;0.9444047902630928;0.055595209736907236
1731801640.7103856;/app/bags/user95_2017-02-24.bag;0.834065854549408;0.0;0.9619645476341248;0.0;0.7960547501412467;0.9444047902630928;0.055595209736907236
1731801640.9104116;/app/bags/user95_2017-02-24.bag;0.834065854549408;0.0;0.9619645476341248;0.0;0.7960547501412467;0.9444047902630928;0.055595209736907236
1731801641.1103885;/app/bags/user95_2017-02-24.bag;0.834065854549408;0.0;0.9619645476341248;0.0;0.7960547501412467;0.9444047902630928;0.055595209736907236
1731801641.3104444;/app/bags/user95_2017-02-24.bag;0.834065854549408;0.0;0.9619645476341248;0.0;0.7960547501412467;0.9444047902630928;0.055595209736907236
1731801641.510443;/app/bags/user95_2017-02-24.bag;0.834065854549408;0.0;0.9619645476341248;0.0;0.7960547501412467;0.9444047902630928;0.055595209736907236
1731801641.7103899;/app/bags/user95_2017-02-24.bag;0.834065854549408;0.0;0.9619645476341248;0.0;0.7960547501412467;0.9444047902630928;0.055595209736907236
1731801641.9104748;/app/bags/user95_2017-02-24.bag;0.834065854549408;0.0;0.9619645476341248;0.0;0.7960547501412467;0.9444047902630928;0.055595209736907236
1731801642.1103928;/app/bags/user95_2017-02-24.bag;0.834065854549408;0.0;0.9619645476341248;0.0;0.7960547501412467;0.9444047902630928;0.055595209736907236
1731801642.3104165;/app/bags/user95_2017-02-24.bag;0.834065854549408;0.0;0.9619645476341248;0.0;0.7960547501412467;0.9444047902630928;0.055595209736907236
1731801642.5104566;/app/bags/user95_2017-02-24.bag;0.834065854549408;0.0;0.9619645476341248;0.0;0.7960547501412467;0.9444047902630928;0.055595209736907236
1731801642.7103915;/app/bags/user95_2017-02-24.bag;0.834065854549408;0.0;0.9619645476341248;0.0;0.7960547501412467;0.9444047902630928;0.055595209736907236
1731801642.9104047;/app/bags/user95_2017-02-24.bag;0.834065854549408;0.0;0.9619645476341248;0.0;0.7960547501412467;0.9444047902630928;0.055595209736907236
1731801643.110435;/app/bags/user95_2017-02-24.bag;0.834065854549408;0.0;0.9619645476341248;0.0;0.7960547501412467;0.9444047902630928;0.055595209736907236
1731801643.3103645;/app/bags/user95_2017-02-24.bag;0.834065854549408;0.0;0.9619645476341248;0.0;0.7960547501412467;0.9444047902630928;0.055595209736907236
1731801643.5105739;/app/bags/user95_2017-02-24.bag;0.834065854549408;0.0;0.9619645476341248;0.0;0.7960547501412467;0.9444047902630928;0.055595209736907236
1731801643.7103605;/app/bags/user95_2017-02-24.bag;0.834065854549408;0.0;0.9619645476341248;0.0;0.7960547501412467;0.9444047902630928;0.055595209736907236
1731801643.9104428;/app/bags/user95_2017-02-24.bag;0.834065854549408;0.0;0.9619645476341248;0.0;0.7960547501412467;0.9444047902630928;0.055595209736907236
1731801644.110344;/app/bags/user95_2017-02-24.bag;0.834065854549408;0.0;0.9619645476341248;0.0;0.7960547501412467;0.9444047902630928;0.055595209736907236
1731801644.3104198;/app/bags/user95_2017-02-24.bag;0.834065854549408;0.0;0.9619645476341248;0.0;0.7960547501412467;0.9444047902630928;0.055595209736907236
1731801644.5104182;/app/bags/user95_2017-02-24.bag;0.834065854549408;0.0;0.9619645476341248;0.0;0.7960547501412467;0.9444047902630928;0.055595209736907236
1731801644.7104092;/app/bags/user95_2017-02-24.bag;0.834065854549408;0.0;0.9619645476341248;0.0;0.7960547501412467;0.9444047902630928;0.055595209736907236
1731801644.9104416;/app/bags/user95_2017-02-24.bag;0.834065854549408;0.0;0.9619645476341248;0.0;0.7960547501412467;0.9444047902630928;0.055595209736907236
1731801645.1104815;/app/bags/user95_2017-02-24.bag;0.834065854549408;0.0;0.9619645476341248;0.0;0.7960547501412467;0.9444047902630928;0.055595209736907236
1731801645.310425;/app/bags/user95_2017-02-24.bag;0.834065854549408;0.0;0.9619645476341248;0.0;0.7960547501412467;0.9444047902630928;0.055595209736907236
1731801645.5104525;/app/bags/user95_2017-02-24.bag;0.834065854549408;0.0;0.9619645476341248;0.0;0.7960547501412467;0.9444047902630928;0.055595209736907236
1731801645.7104125;/app/bags/user95_2017-02-24.bag;0.834065854549408;0.0;0.9619645476341248;0.0;0.7960547501412467;0.9444047902630928;0.055595209736907236
1731801645.9103868;/app/bags/user95_2017-02-24.bag;0.834065854549408;0.0;0.9619645476341248;0.0;0.7960547501412467;0.9444047902630928;0.055595209736907236
1731801646.110367;/app/bags/user95_2017-02-24.bag;0.834065854549408;0.0;0.9619645476341248;0.0;0.7960547501412467;0.9444047902630928;0.055595209736907236
1731801646.310423;/app/bags/user95_2017-02-24.bag;0.834065854549408;0.0;0.9619645476341248;0.0;0.7960547501412467;0.9444047902630928;0.055595209736907236
1731801646.5103695;/app/bags/user95_2017-02-24.bag;0.834065854549408;0.0;0.9619645476341248;0.0;0.7960547501412467;0.9444047902630928;0.055595209736907236
1731801646.7104456;/app/bags/user95_2017-02-24.bag;0.834065854549408;0.0;0.9619645476341248;0.0;0.7960547501412467;0.9444047902630928;0.055595209736907236
1731801646.9103537;/app/bags/user95_2017-02-24.bag;0.834065854549408;0.0;0.9619645476341248;0.0;0.7960547501412467;0.9444047902630928;0.055595209736907236
1731801647.1104205;/app/bags/user95_2017-02-24.bag;0.834065854549408;0.0;0.9619645476341248;0.0;0.7960547501412467;0.9444047902630928;0.055595209736907236
1731801647.3105526;/app/bags/user95_2017-02-24.bag;0.834065854549408;0.0;0.9619645476341248;0.0;0.7960547501412467;0.9444047902630928;0.055595209736907236
1731801647.5103889;/app/bags/user95_2017-02-24.bag;0.834065854549408;0.0;0.9619645476341248;0.0;0.7960547501412467;0.9444047902630928;0.055595209736907236
1731801647.710425;/app/bags/user95_2017-02-24.bag;0.834065854549408;0.0;0.9619645476341248;0.0;0.7960547501412467;0.9444047902630928;0.055595209736907236
1731801647.910684;/app/bags/user95_2017-02-24.bag;0.834065854549408;0.0;0.9619645476341248;0.0;0.7960547501412467;0.9444047902630928;0.055595209736907236
1731801648.1104193;/app/bags/user95_2017-02-24.bag;0.834065854549408;0.0;0.9619645476341248;0.0;0.7960547501412467;0.9444047902630928;0.055595209736907236
1731801648.3104026;/app/bags/user95_2017-02-24.bag;0.834065854549408;0.0;0.9619645476341248;0.0;0.7960547501412467;0.9444047902630928;0.055595209736907236
1731801648.5104399;/app/bags/user95_2017-02-24.bag;0.834065854549408;0.0;0.9619645476341248;0.0;0.7960547501412467;0.9444047902630928;0.055595209736907236
1731801648.7103577;/app/bags/user95_2017-02-24.bag;0.834065854549408;0.0;0.9619645476341248;0.0;0.7960547501412467;0.9444047902630928;0.055595209736907236
1731801648.9103947;/app/bags/user95_2017-02-24.bag;0.834065854549408;0.0;0.9619645476341248;0.0;0.7960547501412467;0.9444047902630928;0.055595209736907236
1731801649.1104527;/app/bags/user95_2017-02-24.bag;0.834065854549408;0.0;0.9619645476341248;0.0;0.7960547501412467;0.9444047902630928;0.055595209736907236
1731801649.310356;/app/bags/user95_2017-02-24.bag;0.834065854549408;0.0;0.9619645476341248;0.0;0.7960547501412467;0.9444047902630928;0.055595209736907236
1731801649.5103893;/app/bags/user95_2017-02-24.bag;0.834065854549408;0.0;0.9619645476341248;0.0;0.7960547501412467;0.9444047902630928;0.055595209736907236
1731801649.7104807;/app/bags/user95_2017-02-24.bag;0.834065854549408;0.0;0.9619645476341248;0.0;0.7960547501412467;0.9444047902630928;0.055595209736907236
1731801649.910429;/app/bags/user95_2017-02-24.bag;0.834065854549408;0.0;0.9619645476341248;0.0;0.7960547501412467;0.9444047902630928;0.055595209736907236
1731801650.1103754;/app/bags/user95_2017-02-24.bag;0.834065854549408;0.0;0.9619645476341248;0.0;0.7960547501412467;0.9444047902630928;0.055595209736907236
1731801650.3104606;/app/bags/user95_2017-02-24.bag;0.834065854549408;0.0;0.9619645476341248;0.0;0.7960547501412467;0.9444047902630928;0.055595209736907236
1731801650.510426;/app/bags/user95_2017-02-24.bag;0.834065854549408;0.0;0.9619645476341248;0.0;0.7960547501412467;0.9444047902630928;0.055595209736907236
1731801650.7104135;/app/bags/user95_2017-02-24.bag;0.834065854549408;0.0;0.9619645476341248;0.0;0.7960547501412467;0.9444047902630928;0.055595209736907236
1731801650.9104538;/app/bags/user95_2017-02-24.bag;0.834065854549408;0.0;0.9619645476341248;0.0;0.7960547501412467;0.9444047902630928;0.055595209736907236
1731801651.11048;/app/bags/user95_2017-02-24.bag;0.834065854549408;0.0;0.9619645476341248;0.0;0.7960547501412467;0.9444047902630928;0.055595209736907236
1731801651.3103778;/app/bags/user95_2017-02-24.bag;0.834065854549408;0.0;0.9619645476341248;0.0;0.7960547501412467;0.9444047902630928;0.055595209736907236
1731801651.5104115;/app/bags/user95_2017-02-24.bag;0.834065854549408;0.0;0.9619645476341248;0.0;0.7960547501412467;0.9444047902630928;0.055595209736907236
1731801651.7104592;/app/bags/user95_2017-02-24.bag;0.834065854549408;0.0;0.9619645476341248;0.0;0.7960547501412467;0.9444047902630928;0.055595209736907236
1731801651.9103718;/app/bags/user95_2017-02-24.bag;0.834065854549408;0.0;0.9619645476341248;0.0;0.7960547501412467;0.9444047902630928;0.055595209736907236
1731801652.1104298;/app/bags/user95_2017-02-24.bag;0.834065854549408;0.0;0.9619645476341248;0.0;0.7960547501412467;0.9444047902630928;0.055595209736907236
1731801652.3104045;/app/bags/user95_2017-02-24.bag;0.834065854549408;0.0;0.9619645476341248;0.0;0.7960547501412467;0.9444047902630928;0.055595209736907236
1731801652.5105336;/app/bags/user95_2017-02-24.bag;0.834065854549408;0.0;0.9619645476341248;0.0;0.7960547501412467;0.9444047902630928;0.055595209736907236
1731801652.7103734;/app/bags/user95_2017-02-24.bag;0.834065854549408;0.0;0.9619645476341248;0.0;0.7960547501412467;0.9444047902630928;0.055595209736907236
1731801652.910443;/app/bags/user95_2017-02-24.bag;0.834065854549408;0.0;0.9619645476341248;0.0;0.7960547501412467;0.9444047902630928;0.055595209736907236
1731801653.1104066;/app/bags/user95_2017-02-24.bag;0.834065854549408;0.0;0.9619645476341248;0.0;0.7960547501412467;0.9444047902630928;0.055595209736907236
1731801653.3104548;/app/bags/user95_2017-02-24.bag;0.834065854549408;0.0;0.9619645476341248;0.0;0.7960547501412467;0.9444047902630928;0.055595209736907236
1731801653.5103457;/app/bags/user95_2017-02-24.bag;0.834065854549408;0.0;0.9619645476341248;0.0;0.7960547501412467;0.9444047902630928;0.055595209736907236
1731801653.7104099;/app/bags/user95_2017-02-24.bag;0.834065854549408;0.0;0.9619645476341248;0.0;0.7960547501412467;0.9444047902630928;0.055595209736907236
1731801653.9103618;/app/bags/user95_2017-02-24.bag;0.834065854549408;0.0;0.9619645476341248;0.0;0.7960547501412467;0.9444047902630928;0.055595209736907236
1731801654.1104317;/app/bags/user95_2017-02-24.bag;0.834065854549408;0.0;0.9619645476341248;0.0;0.7960547501412467;0.9444047902630928;0.055595209736907236
1731801654.3103771;/app/bags/user95_2017-02-24.bag;0.834065854549408;0.0;0.9619645476341248;0.0;0.7960547501412467;0.9444047902630928;0.055595209736907236
1731801654.5103917;/app/bags/user95_2017-02-24.bag;0.834065854549408;0.0;0.9619645476341248;0.0;0.7960547501412467;0.9444047902630928;0.055595209736907236
1731801654.7103903;/app/bags/user95_2017-02-24.bag;0.834065854549408;0.0;0.9619645476341248;0.0;0.7960547501412467;0.9444047902630928;0.055595209736907236
1731801654.9103787;/app/bags/user95_2017-02-24.bag;0.834065854549408;0.0;0.9619645476341248;0.0;0.7960547501412467;0.9444047902630928;0.055595209736907236
1731801655.110404;/app/bags/user95_2017-02-24.bag;0.834065854549408;0.0;0.9619645476341248;0.0;0.7960547501412467;0.9444047902630928;0.055595209736907236
1731801655.3103733;/app/bags/user95_2017-02-24.bag;0.834065854549408;0.0;0.9619645476341248;0.0;0.7960547501412467;0.9444047902630928;0.055595209736907236
1731801655.5103836;/app/bags/user95_2017-02-24.bag;0.834065854549408;0.0;0.9619645476341248;0.0;0.7960547501412467;0.9444047902630928;0.055595209736907236
1731801655.7103765;/app/bags/user95_2017-02-24.bag;0.834065854549408;0.0;0.9619645476341248;0.0;0.7960547501412467;0.9444047902630928;0.055595209736907236
1731801655.9103756;/app/bags/user95_2017-02-24.bag;0.834065854549408;0.0;0.9619645476341248;0.0;0.7960547501412467;0.9444047902630928;0.055595209736907236
1731801656.1103976;/app/bags/user95_2017-02-24.bag;0.834065854549408;0.0;0.9619645476341248;0.0;0.7960547501412467;0.9444047902630928;0.055595209736907236
1731801656.3103902;/app/bags/user95_2017-02-24.bag;0.834065854549408;0.0;0.9619645476341248;0.0;0.7960547501412467;0.9444047902630928;0.055595209736907236
1731801656.5105128;/app/bags/user95_2017-02-24.bag;0.834065854549408;0.0;0.9619645476341248;0.0;0.7960547501412467;0.9444047902630928;0.055595209736907236
1731801656.7103612;/app/bags/user95_2017-02-24.bag;0.834065854549408;0.0;0.9619645476341248;0.0;0.7960547501412467;0.9444047902630928;0.055595209736907236
1731801656.9103951;/app/bags/user95_2017-02-24.bag;0.834065854549408;0.0;0.9619645476341248;0.0;0.7960547501412467;0.9444047902630928;0.055595209736907236
1731801657.1104035;/app/bags/user95_2017-02-24.bag;0.834065854549408;0.0;0.9619645476341248;0.0;0.7960547501412467;0.9444047902630928;0.055595209736907236
1731801657.3103542;/app/bags/user95_2017-02-24.bag;0.834065854549408;0.0;0.9619645476341248;0.0;0.7960547501412467;0.9444047902630928;0.055595209736907236
1731801657.510371;/app/bags/user95_2017-02-24.bag;0.834065854549408;0.0;0.9619645476341248;0.0;0.7960547501412467;0.9444047902630928;0.055595209736907236
1731801657.7103908;/app/bags/user95_2017-02-24.bag;0.834065854549408;0.0;0.9619645476341248;0.0;0.7960547501412467;0.9444047902630928;0.055595209736907236
1731801657.9104018;/app/bags/user95_2017-02-24.bag;0.834065854549408;0.0;0.9619645476341248;0.0;0.7960547501412467;0.9444047902630928;0.055595209736907236
1731801658.110407;/app/bags/user95_2017-02-24.bag;0.834065854549408;0.0;0.9619645476341248;0.0;0.7960547501412467;0.9444047902630928;0.055595209736907236
1731801658.3104115;/app/bags/user95_2017-02-24.bag;0.834065854549408;0.0;0.9619645476341248;0.0;0.7960547501412467;0.9444047902630928;0.055595209736907236
1731801658.51039;/app/bags/user95_2017-02-24.bag;0.834065854549408;0.0;0.9619645476341248;0.0;0.7960547501412467;0.9444047902630928;0.055595209736907236
1731801658.7103996;/app/bags/user95_2017-02-24.bag;0.834065854549408;0.0;0.9619645476341248;0.0;0.7960547501412467;0.9444047902630928;0.055595209736907236
1731801658.9104176;/app/bags/user95_2017-02-24.bag;0.834065854549408;0.0;0.9619645476341248;0.0;0.7960547501412467;0.9444047902630928;0.055595209736907236
1731801659.1103866;/app/bags/user95_2017-02-24.bag;0.834065854549408;0.0;0.9619645476341248;0.0;0.7960547501412467;0.9444047902630928;0.055595209736907236
1731801659.3104403;/app/bags/user95_2017-02-24.bag;0.834065854549408;0.0;0.9619645476341248;0.0;0.7960547501412467;0.9444047902630928;0.055595209736907236
1731801659.5104284;/app/bags/user95_2017-02-24.bag;0.834065854549408;0.0;0.9619645476341248;0.0;0.7960547501412467;0.9444047902630928;0.055595209736907236
1731801659.7103941;/app/bags/user95_2017-02-24.bag;0.834065854549408;0.0;0.9619645476341248;0.0;0.7960547501412467;0.9444047902630928;0.055595209736907236
1731801659.9104123;/app/bags/user95_2017-02-24.bag;0.834065854549408;0.0;0.9619645476341248;0.0;0.7960547501412467;0.9444047902630928;0.055595209736907236
1731801660.1104174;/app/bags/user95_2017-02-24.bag;0.834065854549408;0.0;0.9619645476341248;0.0;0.7960547501412467;0.9444047902630928;0.055595209736907236
1731801660.3103945;/app/bags/user95_2017-02-24.bag;0.834065854549408;0.0;0.9619645476341248;0.0;0.7960547501412467;0.9444047902630928;0.055595209736907236
1731801660.5104456;/app/bags/user95_2017-02-24.bag;0.834065854549408;0.0;0.9619645476341248;0.0;0.7960547501412467;0.9444047902630928;0.055595209736907236
1731801660.7104132;/app/bags/user95_2017-02-24.bag;0.834065854549408;0.0;0.9619645476341248;0.0;0.7960547501412467;0.9444047902630928;0.055595209736907236
1731801660.910415;/app/bags/user95_2017-02-24.bag;0.834065854549408;0.0;0.9619645476341248;0.0;0.7960547501412467;0.9444047902630928;0.055595209736907236
1731801661.1103902;/app/bags/user95_2017-02-24.bag;0.834065854549408;0.0;0.9619645476341248;0.0;0.7960547501412467;0.9444047902630928;0.055595209736907236
1731801661.3103912;/app/bags/user95_2017-02-24.bag;0.834065854549408;0.0;0.9619645476341248;0.0;0.7960547501412467;0.9444047902630928;0.055595209736907236
1731801661.510421;/app/bags/user95_2017-02-24.bag;0.834065854549408;0.0;0.9619645476341248;0.0;0.7960547501412467;0.9444047902630928;0.055595209736907236
1731801661.710396;/app/bags/user95_2017-02-24.bag;0.834065854549408;0.0;0.9619645476341248;0.0;0.7960547501412467;0.9444047902630928;0.055595209736907236
1731801661.9104621;/app/bags/user95_2017-02-24.bag;0.834065854549408;0.0;0.9619645476341248;0.0;0.7960547501412467;0.9444047902630928;0.055595209736907236
1731801662.110425;/app/bags/user95_2017-02-24.bag;0.834065854549408;0.0;0.9619645476341248;0.0;0.7960547501412467;0.9444047902630928;0.055595209736907236
1731801662.3104;/app/bags/user95_2017-02-24.bag;0.834065854549408;0.0;0.9619645476341248;0.0;0.7960547501412467;0.9444047902630928;0.055595209736907236
1731801662.5103798;/app/bags/user95_2017-02-24.bag;0.834065854549408;0.0;0.9619645476341248;0.0;0.7960547501412467;0.9444047902630928;0.055595209736907236
1731801662.7104676;/app/bags/user95_2017-02-24.bag;0.834065854549408;0.0;0.9619645476341248;0.0;0.7960547501412467;0.9444047902630928;0.055595209736907236
1731801662.9104123;/app/bags/user95_2017-02-24.bag;0.834065854549408;0.0;0.9619645476341248;0.0;0.7960547501412467;0.9444047902630928;0.055595209736907236
1731801663.1104198;/app/bags/user95_2017-02-24.bag;0.834065854549408;0.0;0.9619645476341248;0.0;0.7960547501412467;0.9444047902630928;0.055595209736907236
1731801663.3104186;/app/bags/user95_2017-02-24.bag;0.834065854549408;0.0;0.9619645476341248;0.0;0.7960547501412467;0.9444047902630928;0.055595209736907236
1731801663.5103772;/app/bags/user95_2017-02-24.bag;0.834065854549408;0.0;0.9619645476341248;0.0;0.7960547501412467;0.9444047902630928;0.055595209736907236
1731801663.7104113;/app/bags/user95_2017-02-24.bag;0.834065854549408;0.0;0.9619645476341248;0.0;0.7960547501412467;0.9444047902630928;0.055595209736907236
1731801663.9103765;/app/bags/user95_2017-02-24.bag;0.834065854549408;0.0;0.9619645476341248;0.0;0.7960547501412467;0.9444047902630928;0.055595209736907236
1731801664.1104167;/app/bags/user95_2017-02-24.bag;0.834065854549408;0.0;0.9619645476341248;0.0;0.7960547501412467;0.9444047902630928;0.055595209736907236
1731801664.3103745;/app/bags/user95_2017-02-24.bag;0.834065854549408;0.0;0.9619645476341248;0.0;0.7960547501412467;0.9444047902630928;0.055595209736907236
1731801664.5103645;/app/bags/user95_2017-02-24.bag;0.834065854549408;0.0;0.9619645476341248;0.0;0.7960547501412467;0.9444047902630928;0.055595209736907236
1731801664.710395;/app/bags/user95_2017-02-24.bag;0.834065854549408;0.0;0.9619645476341248;0.0;0.7960547501412467;0.9444047902630928;0.055595209736907236
1731801664.9103851;/app/bags/user95_2017-02-24.bag;0.834065854549408;0.0;0.9619645476341248;0.0;0.7960547501412467;0.9444047902630928;0.055595209736907236
1731801665.1104178;/app/bags/user95_2017-02-24.bag;0.834065854549408;0.0;0.9619645476341248;0.0;0.7960547501412467;0.9444047902630928;0.055595209736907236
1731801665.310362;/app/bags/user95_2017-02-24.bag;0.834065854549408;0.0;0.9619645476341248;0.0;0.7960547501412467;0.9444047902630928;0.055595209736907236
1731801665.5104496;/app/bags/user95_2017-02-24.bag;0.834065854549408;0.0;0.9619645476341248;0.0;0.7960547501412467;0.9444047902630928;0.055595209736907236
1731801665.710402;/app/bags/user95_2017-02-24.bag;0.834065854549408;0.0;0.9619645476341248;0.0;0.7960547501412467;0.9444047902630928;0.055595209736907236
1731801665.910402;/app/bags/user95_2017-02-24.bag;0.834065854549408;0.0;0.9619645476341248;0.0;0.7960547501412467;0.9444047902630928;0.055595209736907236
1731801666.1103635;/app/bags/user95_2017-02-24.bag;0.834065854549408;0.0;0.9619645476341248;0.0;0.7960547501412467;0.9444047902630928;0.055595209736907236
1731801666.3104775;/app/bags/user95_2017-02-24.bag;0.834065854549408;0.0;0.9619645476341248;0.0;0.7960547501412467;0.9444047902630928;0.055595209736907236
1731801666.510409;/app/bags/user95_2017-02-24.bag;0.834065854549408;0.0;0.9619645476341248;0.0;0.7960547501412467;0.9444047902630928;0.055595209736907236
1731801666.7104106;/app/bags/user95_2017-02-24.bag;0.834065854549408;0.0;0.9619645476341248;0.0;0.7960547501412467;0.9444047902630928;0.055595209736907236
1731801666.9103792;/app/bags/user95_2017-02-24.bag;0.834065854549408;0.0;0.9619645476341248;0.0;0.7960547501412467;0.9444047902630928;0.055595209736907236
1731801667.1103983;/app/bags/user95_2017-02-24.bag;0.834065854549408;0.0;0.9619645476341248;0.0;0.7960547501412467;0.9444047902630928;0.055595209736907236
1731801667.310407;/app/bags/user95_2017-02-24.bag;0.834065854549408;0.0;0.9619645476341248;0.0;0.7960547501412467;0.9444047902630928;0.055595209736907236
1731801667.5103948;/app/bags/user95_2017-02-24.bag;0.834065854549408;0.0;0.9619645476341248;0.0;0.7960547501412467;0.9444047902630928;0.055595209736907236
1731801667.7104387;/app/bags/user95_2017-02-24.bag;0.834065854549408;0.0;0.9619645476341248;0.0;0.7960547501412467;0.9444047902630928;0.055595209736907236
1731801667.9104662;/app/bags/user95_2017-02-24.bag;0.834065854549408;0.0;0.9619645476341248;0.0;0.7960547501412467;0.9444047902630928;0.055595209736907236
1731801668.1104305;/app/bags/user95_2017-02-24.bag;0.834065854549408;0.0;0.9619645476341248;0.0;0.7960547501412467;0.9444047902630928;0.055595209736907236
1731801668.3104105;/app/bags/user95_2017-02-24.bag;0.834065854549408;0.0;0.9619645476341248;0.0;0.7960547501412467;0.9444047902630928;0.055595209736907236
1731801668.5103824;/app/bags/user95_2017-02-24.bag;0.834065854549408;0.0;0.9619645476341248;0.0;0.7960547501412467;0.9444047902630928;0.055595209736907236
1731801668.7103856;/app/bags/user95_2017-02-24.bag;0.834065854549408;0.0;0.9619645476341248;0.0;0.7960547501412467;0.9444047902630928;0.055595209736907236
1731801668.910467;/app/bags/user95_2017-02-24.bag;0.834065854549408;0.0;0.9619645476341248;0.0;0.7960547501412467;0.9444047902630928;0.055595209736907236
1731801669.110475;/app/bags/user95_2017-02-24.bag;0.834065854549408;0.0;0.9619645476341248;0.0;0.7960547501412467;0.9444047902630928;0.055595209736907236
1731801669.310503;/app/bags/user95_2017-02-24.bag;0.834065854549408;0.0;0.9619645476341248;0.0;0.7960547501412467;0.9444047902630928;0.055595209736907236
1731801669.5103931;/app/bags/user95_2017-02-24.bag;0.834065854549408;0.0;0.9619645476341248;0.0;0.7960547501412467;0.9444047902630928;0.055595209736907236
1731801669.710371;/app/bags/user95_2017-02-24.bag;0.834065854549408;0.0;0.9619645476341248;0.0;0.7960547501412467;0.9444047902630928;0.055595209736907236
1731801669.9104483;/app/bags/user95_2017-02-24.bag;0.834065854549408;0.0;0.9619645476341248;0.0;0.7960547501412467;0.9444047902630928;0.055595209736907236
1731801670.1104422;/app/bags/user95_2017-02-24.bag;0.834065854549408;0.0;0.9619645476341248;0.0;0.7960547501412467;0.9444047902630928;0.055595209736907236
1731801670.3103924;/app/bags/user95_2017-02-24.bag;0.834065854549408;0.0;0.9619645476341248;0.0;0.7960547501412467;0.9444047902630928;0.055595209736907236
1731801670.5104191;/app/bags/user95_2017-02-24.bag;0.834065854549408;0.0;0.9619645476341248;0.0;0.7960547501412467;0.9444047902630928;0.055595209736907236
1731801670.7103815;/app/bags/user95_2017-02-24.bag;0.834065854549408;0.0;0.9619645476341248;0.0;0.7960547501412467;0.9444047902630928;0.055595209736907236
1731801670.9103558;/app/bags/user95_2017-02-24.bag;0.834065854549408;0.0;0.9619645476341248;0.0;0.7960547501412467;0.9444047902630928;0.055595209736907236
1731801671.1104019;/app/bags/user95_2017-02-24.bag;0.834065854549408;0.0;0.9619645476341248;0.0;0.7960547501412467;0.9444047902630928;0.055595209736907236
1731801671.3105252;/app/bags/user95_2017-02-24.bag;0.834065854549408;0.0;0.9619645476341248;0.0;0.7960547501412467;0.9444047902630928;0.055595209736907236
1731801671.5104358;/app/bags/user95_2017-02-24.bag;0.834065854549408;0.0;0.9619645476341248;0.0;0.7960547501412467;0.9444047902630928;0.055595209736907236
1731801671.710352;/app/bags/user95_2017-02-24.bag;0.834065854549408;0.0;0.9619645476341248;0.0;0.7960547501412467;0.9444047902630928;0.055595209736907236
1731801671.9103684;/app/bags/user95_2017-02-24.bag;0.834065854549408;0.0;0.9619645476341248;0.0;0.7960547501412467;0.9444047902630928;0.055595209736907236
1731801672.1104262;/app/bags/user95_2017-02-24.bag;0.834065854549408;0.0;0.9619645476341248;0.0;0.7960547501412467;0.9444047902630928;0.055595209736907236
1731801672.3104005;/app/bags/user95_2017-02-24.bag;0.834065854549408;0.0;0.9619645476341248;0.0;0.7960547501412467;0.9444047902630928;0.055595209736907236
1731801672.5105867;/app/bags/user95_2017-02-24.bag;0.834065854549408;0.0;0.9619645476341248;0.0;0.7960547501412467;0.9444047902630928;0.055595209736907236
1731801672.710442;/app/bags/user95_2017-02-24.bag;0.834065854549408;0.0;0.9619645476341248;0.0;0.7960547501412467;0.9444047902630928;0.055595209736907236
1731801672.910436;/app/bags/user95_2017-02-24.bag;0.834065854549408;0.0;0.9619645476341248;0.0;0.7960547501412467;0.9444047902630928;0.055595209736907236
1731801673.1103947;/app/bags/user95_2017-02-24.bag;0.834065854549408;0.0;0.9619645476341248;0.0;0.7960547501412467;0.9444047902630928;0.055595209736907236
1731801673.3103755;/app/bags/user95_2017-02-24.bag;0.834065854549408;0.0;0.9619645476341248;0.0;0.7960547501412467;0.9444047902630928;0.055595209736907236
1731801673.5104637;/app/bags/user95_2017-02-24.bag;0.834065854549408;0.0;0.9619645476341248;0.0;0.7960547501412467;0.9444047902630928;0.055595209736907236
1731801673.7104096;/app/bags/user95_2017-02-24.bag;0.834065854549408;0.0;0.9619645476341248;0.0;0.7960547501412467;0.9444047902630928;0.055595209736907236
1731801673.9103854;/app/bags/user95_2017-02-24.bag;0.834065854549408;0.0;0.9619645476341248;0.0;0.7960547501412467;0.9444047902630928;0.055595209736907236
1731801674.1103597;/app/bags/user95_2017-02-24.bag;0.834065854549408;0.0;0.9619645476341248;0.0;0.7960547501412467;0.9444047902630928;0.055595209736907236
1731801674.310399;/app/bags/user95_2017-02-24.bag;0.834065854549408;0.0;0.9619645476341248;0.0;0.7960547501412467;0.9444047902630928;0.055595209736907236
1731801674.5104065;/app/bags/user95_2017-02-24.bag;0.834065854549408;0.0;0.9619645476341248;0.0;0.7960547501412467;0.9444047902630928;0.055595209736907236
1731801674.710399;/app/bags/user95_2017-02-24.bag;0.834065854549408;0.0;0.9619645476341248;0.0;0.7960547501412467;0.9444047902630928;0.055595209736907236
1731801674.91042;/app/bags/user95_2017-02-24.bag;0.834065854549408;0.0;0.9619645476341248;0.0;0.7960547501412467;0.9444047902630928;0.055595209736907236
1731801675.110382;/app/bags/user95_2017-02-24.bag;0.834065854549408;0.0;0.9619645476341248;0.0;0.7960547501412467;0.9444047902630928;0.055595209736907236
1731801675.3104148;/app/bags/user95_2017-02-24.bag;0.834065854549408;0.0;0.9619645476341248;0.0;0.7960547501412467;0.9444047902630928;0.055595209736907236
1731801675.5104043;/app/bags/user95_2017-02-24.bag;0.834065854549408;0.0;0.9619645476341248;0.0;0.7960547501412467;0.9444047902630928;0.055595209736907236
1731801675.7103958;/app/bags/user95_2017-02-24.bag;0.834065854549408;0.0;0.9619645476341248;0.0;0.7960547501412467;0.9444047902630928;0.055595209736907236
1731801675.9103858;/app/bags/user95_2017-02-24.bag;0.834065854549408;0.0;0.9619645476341248;0.0;0.7960547501412467;0.9444047902630928;0.055595209736907236
1731801676.110418;/app/bags/user95_2017-02-24.bag;0.834065854549408;0.0;0.9619645476341248;0.0;0.7960547501412467;0.9444047902630928;0.055595209736907236
1731801676.3103805;/app/bags/user95_2017-02-24.bag;0.834065854549408;0.0;0.9619645476341248;0.0;0.7960547501412467;0.9444047902630928;0.055595209736907236
1731801676.510384;/app/bags/user95_2017-02-24.bag;0.834065854549408;0.0;0.9619645476341248;0.0;0.7960547501412467;0.9444047902630928;0.055595209736907236
1731801676.7103841;/app/bags/user95_2017-02-24.bag;0.834065854549408;0.0;0.9619645476341248;0.0;0.7960547501412467;0.9444047902630928;0.055595209736907236
1731801676.9103687;/app/bags/user95_2017-02-24.bag;0.834065854549408;0.0;0.9619645476341248;0.0;0.7960547501412467;0.9444047902630928;0.055595209736907236
1731801677.1104035;/app/bags/user95_2017-02-24.bag;0.834065854549408;0.0;0.9619645476341248;0.0;0.7960547501412467;0.9444047902630928;0.055595209736907236
1731801677.3103976;/app/bags/user95_2017-02-24.bag;0.834065854549408;0.0;0.9619645476341248;0.0;0.7960547501412467;0.9444047902630928;0.055595209736907236
1731801677.5103474;/app/bags/user95_2017-02-24.bag;0.834065854549408;0.0;0.9619645476341248;0.0;0.7960547501412467;0.9444047902630928;0.055595209736907236
1731801677.7104177;/app/bags/user95_2017-02-24.bag;0.834065854549408;0.0;0.9619645476341248;0.0;0.7960547501412467;0.9444047902630928;0.055595209736907236
1731801677.910451;/app/bags/user95_2017-02-24.bag;0.834065854549408;0.0;0.9619645476341248;0.0;0.7960547501412467;0.9444047902630928;0.055595209736907236
1731801678.1104212;/app/bags/user95_2017-02-24.bag;0.834065854549408;0.0;0.9619645476341248;0.0;0.7960547501412467;0.9444047902630928;0.055595209736907236
1731801678.3104007;/app/bags/user95_2017-02-24.bag;0.834065854549408;0.0;0.9619645476341248;0.0;0.7960547501412467;0.9444047902630928;0.055595209736907236
1731801678.5103755;/app/bags/user95_2017-02-24.bag;0.834065854549408;0.0;0.9619645476341248;0.0;0.7960547501412467;0.9444047902630928;0.055595209736907236
1731801678.7104287;/app/bags/user95_2017-02-24.bag;0.834065854549408;0.0;0.9619645476341248;0.0;0.7960547501412467;0.9444047902630928;0.055595209736907236
1731801678.9105558;/app/bags/user95_2017-02-24.bag;0.834065854549408;0.0;0.9619645476341248;0.0;0.7960547501412467;0.9444047902630928;0.055595209736907236
1731801679.1104233;/app/bags/user95_2017-02-24.bag;0.834065854549408;0.0;0.9619645476341248;0.0;0.7960547501412467;0.9444047902630928;0.055595209736907236
1731801679.3103797;/app/bags/user95_2017-02-24.bag;0.834065854549408;0.0;0.9619645476341248;0.0;0.7960547501412467;0.9444047902630928;0.055595209736907236
1731801679.5103548;/app/bags/user95_2017-02-24.bag;0.834065854549408;0.0;0.9619645476341248;0.0;0.7960547501412467;0.9444047902630928;0.055595209736907236
1731801679.7103744;/app/bags/user95_2017-02-24.bag;0.834065854549408;0.0;0.9619645476341248;0.0;0.7960547501412467;0.9444047902630928;0.055595209736907236
1731801679.9104068;/app/bags/user95_2017-02-24.bag;0.834065854549408;0.0;0.9619645476341248;0.0;0.7960547501412467;0.9444047902630928;0.055595209736907236
1731801680.1103904;/app/bags/user95_2017-02-24.bag;0.834065854549408;0.0;0.9619645476341248;0.0;0.7960547501412467;0.9444047902630928;0.055595209736907236
1731801680.3104231;/app/bags/user95_2017-02-24.bag;0.834065854549408;0.0;0.9619645476341248;0.0;0.7960547501412467;0.9444047902630928;0.055595209736907236
1731801680.5104017;/app/bags/user95_2017-02-24.bag;0.834065854549408;0.0;0.9619645476341248;0.0;0.7960547501412467;0.9444047902630928;0.055595209736907236
1731801680.7104073;/app/bags/user95_2017-02-24.bag;0.834065854549408;0.0;0.9619645476341248;0.0;0.7960547501412467;0.9444047902630928;0.055595209736907236
1731801680.9103947;/app/bags/user95_2017-02-24.bag;0.834065854549408;0.0;0.9619645476341248;0.0;0.7960547501412467;0.9444047902630928;0.055595209736907236
1731801681.1104145;/app/bags/user95_2017-02-24.bag;0.834065854549408;0.0;0.9619645476341248;0.0;0.7960547501412467;0.9444047902630928;0.055595209736907236
1731801681.3104343;/app/bags/user95_2017-02-24.bag;0.834065854549408;0.0;0.9619645476341248;0.0;0.7960547501412467;0.9444047902630928;0.055595209736907236
1731801681.510391;/app/bags/user95_2017-02-24.bag;0.834065854549408;0.0;0.9619645476341248;0.0;0.7960547501412467;0.9444047902630928;0.055595209736907236
1731801681.710424;/app/bags/user95_2017-02-24.bag;0.834065854549408;0.0;0.9619645476341248;0.0;0.7960547501412467;0.9444047902630928;0.055595209736907236
1731801681.910419;/app/bags/user95_2017-02-24.bag;0.834065854549408;0.0;0.9619645476341248;0.0;0.7960547501412467;0.9444047902630928;0.055595209736907236
1731801682.1103675;/app/bags/user95_2017-02-24.bag;0.834065854549408;0.0;0.9619645476341248;0.0;0.7960547501412467;0.9444047902630928;0.055595209736907236
1731801682.310396;/app/bags/user95_2017-02-24.bag;0.834065854549408;0.0;0.9619645476341248;0.0;0.7960547501412467;0.9444047902630928;0.055595209736907236
1731801682.5104022;/app/bags/user95_2017-02-24.bag;0.834065854549408;0.0;0.9619645476341248;0.0;0.7960547501412467;0.9444047902630928;0.055595209736907236
1731801682.71043;/app/bags/user95_2017-02-24.bag;0.834065854549408;0.0;0.9619645476341248;0.0;0.7960547501412467;0.9444047902630928;0.055595209736907236
1731801682.9103985;/app/bags/user95_2017-02-24.bag;0.834065854549408;0.0;0.9619645476341248;0.0;0.7960547501412467;0.9444047902630928;0.055595209736907236
1731801683.1103919;/app/bags/user95_2017-02-24.bag;0.834065854549408;0.0;0.9619645476341248;0.0;0.7960547501412467;0.9444047902630928;0.055595209736907236
1731801683.3103771;/app/bags/user95_2017-02-24.bag;0.834065854549408;0.0;0.9619645476341248;0.0;0.7960547501412467;0.9444047902630928;0.055595209736907236
1731801683.5103946;/app/bags/user95_2017-02-24.bag;0.834065854549408;0.0;0.9619645476341248;0.0;0.7960547501412467;0.9444047902630928;0.055595209736907236
1731801683.7103722;/app/bags/user95_2017-02-24.bag;0.834065854549408;0.0;0.9619645476341248;0.0;0.7960547501412467;0.9444047902630928;0.055595209736907236
1731801683.9103818;/app/bags/user95_2017-02-24.bag;0.834065854549408;0.0;0.9619645476341248;0.0;0.7960547501412467;0.9444047902630928;0.055595209736907236
1731801684.1104527;/app/bags/user95_2017-02-24.bag;0.834065854549408;0.0;0.9619645476341248;0.0;0.7960547501412467;0.9444047902630928;0.055595209736907236
1731801684.3103788;/app/bags/user95_2017-02-24.bag;0.834065854549408;0.0;0.9619645476341248;0.0;0.7960547501412467;0.9444047902630928;0.055595209736907236
1731801684.5104082;/app/bags/user95_2017-02-24.bag;0.834065854549408;0.0;0.9619645476341248;0.0;0.7960547501412467;0.9444047902630928;0.055595209736907236
1731801684.710399;/app/bags/user95_2017-02-24.bag;0.834065854549408;0.0;0.9619645476341248;0.0;0.7960547501412467;0.9444047902630928;0.055595209736907236
1731801684.9104552;/app/bags/user95_2017-02-24.bag;0.834065854549408;0.0;0.9619645476341248;0.0;0.7960547501412467;0.9444047902630928;0.055595209736907236
1731801685.1104264;/app/bags/user95_2017-02-24.bag;0.834065854549408;0.0;0.9619645476341248;0.0;0.7960547501412467;0.9444047902630928;0.055595209736907236
1731801685.310409;/app/bags/user95_2017-02-24.bag;0.834065854549408;0.0;0.9619645476341248;0.0;0.7960547501412467;0.9444047902630928;0.055595209736907236
1731801685.5103602;/app/bags/user95_2017-02-24.bag;0.834065854549408;0.0;0.9619645476341248;0.0;0.7960547501412467;0.9444047902630928;0.055595209736907236
1731801685.7103827;/app/bags/user95_2017-02-24.bag;0.834065854549408;0.0;0.9619645476341248;0.0;0.7960547501412467;0.9444047902630928;0.055595209736907236
1731801685.910444;/app/bags/user95_2017-02-24.bag;0.834065854549408;0.0;0.9619645476341248;0.0;0.7960547501412467;0.9444047902630928;0.055595209736907236
1731801686.1104028;/app/bags/user95_2017-02-24.bag;0.834065854549408;0.0;0.9619645476341248;0.0;0.7960547501412467;0.9444047902630928;0.055595209736907236
1731801686.3103523;/app/bags/user95_2017-02-24.bag;0.834065854549408;0.0;0.9619645476341248;0.0;0.7960547501412467;0.9444047902630928;0.055595209736907236
1731801686.5104508;/app/bags/user95_2017-02-24.bag;0.834065854549408;0.0;0.9619645476341248;0.0;0.7960547501412467;0.9444047902630928;0.055595209736907236
1731801686.7104146;/app/bags/user95_2017-02-24.bag;0.834065854549408;0.0;0.9619645476341248;0.0;0.7960547501412467;0.9444047902630928;0.055595209736907236
1731801686.910412;/app/bags/user95_2017-02-24.bag;0.834065854549408;0.0;0.9619645476341248;0.0;0.7960547501412467;0.9444047902630928;0.055595209736907236
1731801687.1104174;/app/bags/user95_2017-02-24.bag;0.834065854549408;0.0;0.9619645476341248;0.0;0.7960547501412467;0.9444047902630928;0.055595209736907236
1731801687.3104012;/app/bags/user95_2017-02-24.bag;0.834065854549408;0.0;0.9619645476341248;0.0;0.7960547501412467;0.9444047902630928;0.055595209736907236
1731801687.5104005;/app/bags/user95_2017-02-24.bag;0.834065854549408;0.0;0.9619645476341248;0.0;0.7960547501412467;0.9444047902630928;0.055595209736907236
1731801687.710467;/app/bags/user95_2017-02-24.bag;0.834065854549408;0.0;0.9619645476341248;0.0;0.7960547501412467;0.9444047902630928;0.055595209736907236
1731801687.9103975;/app/bags/user95_2017-02-24.bag;0.834065854549408;0.0;0.9619645476341248;0.0;0.7960547501412467;0.9444047902630928;0.055595209736907236
1731801688.110454;/app/bags/user95_2017-02-24.bag;0.834065854549408;0.0;0.9619645476341248;0.0;0.7960547501412467;0.9444047902630928;0.055595209736907236
1731801688.3104217;/app/bags/user95_2017-02-24.bag;0.834065854549408;0.0;0.9619645476341248;0.0;0.7960547501412467;0.9444047902630928;0.055595209736907236
1731801688.5105152;/app/bags/user95_2017-02-24.bag;0.834065854549408;0.0;0.9619645476341248;0.0;0.7960547501412467;0.9444047902630928;0.055595209736907236
1731801688.7104282;/app/bags/user95_2017-02-24.bag;0.834065854549408;0.0;0.9619645476341248;0.0;0.7960547501412467;0.9444047902630928;0.055595209736907236
1731801688.9104125;/app/bags/user95_2017-02-24.bag;0.834065854549408;0.0;0.9619645476341248;0.0;0.7960547501412467;0.9444047902630928;0.055595209736907236
1731801689.1104555;/app/bags/user95_2017-02-24.bag;0.834065854549408;0.0;0.9619645476341248;0.0;0.7960547501412467;0.9444047902630928;0.055595209736907236
1731801689.3103733;/app/bags/user95_2017-02-24.bag;0.834065854549408;0.0;0.9619645476341248;0.0;0.7960547501412467;0.9444047902630928;0.055595209736907236
1731801689.510383;/app/bags/user95_2017-02-24.bag;0.834065854549408;0.0;0.9619645476341248;0.0;0.7960547501412467;0.9444047902630928;0.055595209736907236
1731801689.7104533;/app/bags/user95_2017-02-24.bag;0.834065854549408;0.0;0.9619645476341248;0.0;0.7960547501412467;0.9444047902630928;0.055595209736907236
1731801689.9104013;/app/bags/user95_2017-02-24.bag;0.834065854549408;0.0;0.9619645476341248;0.0;0.7960547501412467;0.9444047902630928;0.055595209736907236
1731801690.1104183;/app/bags/user95_2017-02-24.bag;0.834065854549408;0.0;0.9619645476341248;0.0;0.7960547501412467;0.9444047902630928;0.055595209736907236
1731801690.3104222;/app/bags/user95_2017-02-24.bag;0.834065854549408;0.0;0.9619645476341248;0.0;0.7960547501412467;0.9444047902630928;0.055595209736907236
1731801690.510391;/app/bags/user95_2017-02-24.bag;0.834065854549408;0.0;0.9619645476341248;0.0;0.7960547501412467;0.9444047902630928;0.055595209736907236
1731801690.7104583;/app/bags/user95_2017-02-24.bag;0.834065854549408;0.0;0.9619645476341248;0.0;0.7960547501412467;0.9444047902630928;0.055595209736907236
1731801690.9103925;/app/bags/user95_2017-02-24.bag;0.834065854549408;0.0;0.9619645476341248;0.0;0.7960547501412467;0.9444047902630928;0.055595209736907236
1731801691.1103983;/app/bags/user95_2017-02-24.bag;0.834065854549408;0.0;0.9619645476341248;0.0;0.7960547501412467;0.9444047902630928;0.055595209736907236
1731801691.3104346;/app/bags/user95_2017-02-24.bag;0.834065854549408;0.0;0.9619645476341248;0.0;0.7960547501412467;0.9444047902630928;0.055595209736907236
1731801691.510371;/app/bags/user95_2017-02-24.bag;0.834065854549408;0.0;0.9619645476341248;0.0;0.7960547501412467;0.9444047902630928;0.055595209736907236
1731801691.7103996;/app/bags/user95_2017-02-24.bag;0.834065854549408;0.0;0.9619645476341248;0.0;0.7960547501412467;0.9444047902630928;0.055595209736907236
1731801691.910406;/app/bags/user95_2017-02-24.bag;0.834065854549408;0.0;0.9619645476341248;0.0;0.7960547501412467;0.9444047902630928;0.055595209736907236
1731801692.1104107;/app/bags/user95_2017-02-24.bag;0.834065854549408;0.0;0.9619645476341248;0.0;0.7960547501412467;0.9444047902630928;0.055595209736907236
1731801692.310378;/app/bags/user95_2017-02-24.bag;0.834065854549408;0.0;0.9619645476341248;0.0;0.7960547501412467;0.9444047902630928;0.055595209736907236
1731801692.51042;/app/bags/user95_2017-02-24.bag;0.834065854549408;0.0;0.9619645476341248;0.0;0.7960547501412467;0.9444047902630928;0.055595209736907236
1731801692.7104197;/app/bags/user95_2017-02-24.bag;0.834065854549408;0.0;0.9619645476341248;0.0;0.7960547501412467;0.9444047902630928;0.055595209736907236
1731801692.910462;/app/bags/user95_2017-02-24.bag;0.834065854549408;0.0;0.9619645476341248;0.0;0.7960547501412467;0.9444047902630928;0.055595209736907236
1731801693.1103747;/app/bags/user95_2017-02-24.bag;0.834065854549408;0.0;0.9619645476341248;0.0;0.7960547501412467;0.9444047902630928;0.055595209736907236
1731801693.310449;/app/bags/user95_2017-02-24.bag;0.834065854549408;0.0;0.9619645476341248;0.0;0.7960547501412467;0.9444047902630928;0.055595209736907236
1731801693.5104089;/app/bags/user95_2017-02-24.bag;0.834065854549408;0.0;0.9619645476341248;0.0;0.7960547501412467;0.9444047902630928;0.055595209736907236
1731801693.710388;/app/bags/user95_2017-02-24.bag;0.834065854549408;0.0;0.9619645476341248;0.0;0.7960547501412467;0.9444047902630928;0.055595209736907236
1731801693.9104478;/app/bags/user95_2017-02-24.bag;0.834065854549408;0.0;0.9619645476341248;0.0;0.7960547501412467;0.9444047902630928;0.055595209736907236
1731801694.110358;/app/bags/user95_2017-02-24.bag;0.834065854549408;0.0;0.9619645476341248;0.0;0.7960547501412467;0.9444047902630928;0.055595209736907236
1731801694.3104;/app/bags/user95_2017-02-24.bag;0.834065854549408;0.0;0.9619645476341248;0.0;0.7960547501412467;0.9444047902630928;0.055595209736907236
1731801694.510409;/app/bags/user95_2017-02-24.bag;0.834065854549408;0.0;0.9619645476341248;0.0;0.7960547501412467;0.9444047902630928;0.055595209736907236
1731801694.7104828;/app/bags/user95_2017-02-24.bag;0.834065854549408;0.0;0.9619645476341248;0.0;0.7960547501412467;0.9444047902630928;0.055595209736907236
1731801694.9104135;/app/bags/user95_2017-02-24.bag;0.834065854549408;0.0;0.9619645476341248;0.0;0.7960547501412467;0.9444047902630928;0.055595209736907236
1731801695.1103797;/app/bags/user95_2017-02-24.bag;0.834065854549408;0.0;0.9619645476341248;0.0;0.7960547501412467;0.9444047902630928;0.055595209736907236
1731801695.3104026;/app/bags/user95_2017-02-24.bag;0.834065854549408;0.0;0.9619645476341248;0.0;0.7960547501412467;0.9444047902630928;0.055595209736907236
1731801695.5103943;/app/bags/user95_2017-02-24.bag;0.834065854549408;0.0;0.9619645476341248;0.0;0.7960547501412467;0.9444047902630928;0.055595209736907236
1731801695.7103841;/app/bags/user95_2017-02-24.bag;0.834065854549408;0.0;0.9619645476341248;0.0;0.7960547501412467;0.9444047902630928;0.055595209736907236
1731801695.9103835;/app/bags/user95_2017-02-24.bag;0.834065854549408;0.0;0.9619645476341248;0.0;0.7960547501412467;0.9444047902630928;0.055595209736907236
1731801696.1104064;/app/bags/user95_2017-02-24.bag;0.834065854549408;0.0;0.9619645476341248;0.0;0.7960547501412467;0.9444047902630928;0.055595209736907236
1731801696.310378;/app/bags/user95_2017-02-24.bag;0.834065854549408;0.0;0.9619645476341248;0.0;0.7960547501412467;0.9444047902630928;0.055595209736907236
1731801696.5104642;/app/bags/user95_2017-02-24.bag;0.834065854549408;0.0;0.9619645476341248;0.0;0.7960547501412467;0.9444047902630928;0.055595209736907236
1731801696.7103813;/app/bags/user95_2017-02-24.bag;0.834065854549408;0.0;0.9619645476341248;0.0;0.7960547501412467;0.9444047902630928;0.055595209736907236
1731801696.9103408;/app/bags/user95_2017-02-24.bag;0.834065854549408;0.0;0.9619645476341248;0.0;0.7960547501412467;0.9444047902630928;0.055595209736907236
1731801697.1104417;/app/bags/user95_2017-02-24.bag;0.834065854549408;0.0;0.9619645476341248;0.0;0.7960547501412467;0.9444047902630928;0.055595209736907236
1731801697.3105438;/app/bags/user95_2017-02-24.bag;0.834065854549408;0.0;0.9619645476341248;0.0;0.7960547501412467;0.9444047902630928;0.055595209736907236
1731801697.510377;/app/bags/user95_2017-02-24.bag;0.834065854549408;0.0;0.9619645476341248;0.0;0.7960547501412467;0.9444047902630928;0.055595209736907236
1731801697.7104378;/app/bags/user95_2017-02-24.bag;0.834065854549408;0.0;0.9619645476341248;0.0;0.7960547501412467;0.9444047902630928;0.055595209736907236
1731801697.9103575;/app/bags/user95_2017-02-24.bag;0.834065854549408;0.0;0.9619645476341248;0.0;0.7960547501412467;0.9444047902630928;0.055595209736907236
1731801698.1102428;/app/bags/user95_2017-02-24.bag;0.834065854549408;0.0;0.9619645476341248;0.0;0.7960547501412467;0.9444047902630928;0.055595209736907236
1731801698.3103948;/app/bags/user95_2017-02-24.bag;0.834065854549408;0.0;0.9619645476341248;0.0;0.7960547501412467;0.9444047902630928;0.055595209736907236
1731801698.5103874;/app/bags/user95_2017-02-24.bag;0.834065854549408;0.0;0.9619645476341248;0.0;0.7960547501412467;0.9444047902630928;0.055595209736907236
1731801698.7103684;/app/bags/user95_2017-02-24.bag;0.834065854549408;0.0;0.9619645476341248;0.0;0.7960547501412467;0.9444047902630928;0.055595209736907236
1731801698.910387;/app/bags/user95_2017-02-24.bag;0.834065854549408;0.0;0.9619645476341248;0.0;0.7960547501412467;0.9444047902630928;0.055595209736907236
1731801699.1105201;/app/bags/user95_2017-02-24.bag;0.834065854549408;0.0;0.9619645476341248;0.0;0.7960547501412467;0.9444047902630928;0.055595209736907236
1731801699.310397;/app/bags/user95_2017-02-24.bag;0.834065854549408;0.0;0.9619645476341248;0.0;0.7960547501412467;0.9444047902630928;0.055595209736907236
1731801699.5104218;/app/bags/user95_2017-02-24.bag;0.834065854549408;0.0;0.9619645476341248;0.0;0.7960547501412467;0.9444047902630928;0.055595209736907236
1731801699.7103646;/app/bags/user95_2017-02-24.bag;0.834065854549408;0.0;0.9619645476341248;0.0;0.7960547501412467;0.9444047902630928;0.055595209736907236
1731801699.9103596;/app/bags/user95_2017-02-24.bag;0.834065854549408;0.0;0.9619645476341248;0.0;0.7960547501412467;0.9444047902630928;0.055595209736907236
1731801700.1103914;/app/bags/user95_2017-02-24.bag;0.834065854549408;0.0;0.9619645476341248;0.0;0.7960547501412467;0.9444047902630928;0.055595209736907236
1731801700.3103905;/app/bags/user95_2017-02-24.bag;0.834065854549408;0.0;0.9619645476341248;0.0;0.7960547501412467;0.9444047902630928;0.055595209736907236
1731801700.510376;/app/bags/user95_2017-02-24.bag;0.834065854549408;0.0;0.9619645476341248;0.0;0.7960547501412467;0.9444047902630928;0.055595209736907236
1731801700.7103949;/app/bags/user95_2017-02-24.bag;0.834065854549408;0.0;0.9619645476341248;0.0;0.7960547501412467;0.9444047902630928;0.055595209736907236
1731801700.9103787;/app/bags/user95_2017-02-24.bag;0.834065854549408;0.0;0.9619645476341248;0.0;0.7960547501412467;0.9444047902630928;0.055595209736907236
1731801701.110352;/app/bags/user95_2017-02-24.bag;0.834065854549408;0.0;0.9619645476341248;0.0;0.7960547501412467;0.9444047902630928;0.055595209736907236
1731801701.310372;/app/bags/user95_2017-02-24.bag;0.834065854549408;0.0;0.9619645476341248;0.0;0.7960547501412467;0.9444047902630928;0.055595209736907236
1731801701.510387;/app/bags/user95_2017-02-24.bag;0.834065854549408;0.0;0.9619645476341248;0.0;0.7960547501412467;0.9444047902630928;0.055595209736907236
1731801701.710354;/app/bags/user95_2017-02-24.bag;0.834065854549408;0.0;0.9619645476341248;0.0;0.7960547501412467;0.9444047902630928;0.055595209736907236
1731801701.9103973;/app/bags/user95_2017-02-24.bag;0.834065854549408;0.0;0.9619645476341248;0.0;0.7960547501412467;0.9444047902630928;0.055595209736907236
1731801702.1103911;/app/bags/user95_2017-02-24.bag;0.834065854549408;0.0;0.9619645476341248;0.0;0.7960547501412467;0.9444047902630928;0.055595209736907236
1731801702.3104026;/app/bags/user95_2017-02-24.bag;0.834065854549408;0.0;0.9619645476341248;0.0;0.7960547501412467;0.9444047902630928;0.055595209736907236
1731801702.5103958;/app/bags/user95_2017-02-24.bag;0.834065854549408;0.0;0.9619645476341248;0.0;0.7960547501412467;0.9444047902630928;0.055595209736907236
1731801702.7103848;/app/bags/user95_2017-02-24.bag;0.834065854549408;0.0;0.9619645476341248;0.0;0.7960547501412467;0.9444047902630928;0.055595209736907236
1731801702.9103782;/app/bags/user95_2017-02-24.bag;0.834065854549408;0.0;0.9619645476341248;0.0;0.7960547501412467;0.9444047902630928;0.055595209736907236
1731801703.1103542;/app/bags/user95_2017-02-24.bag;0.834065854549408;0.0;0.9619645476341248;0.0;0.7960547501412467;0.9444047902630928;0.055595209736907236
1731801703.3104463;/app/bags/user95_2017-02-24.bag;0.834065854549408;0.0;0.9619645476341248;0.0;0.7960547501412467;0.9444047902630928;0.055595209736907236
1731801703.510367;/app/bags/user95_2017-02-24.bag;0.834065854549408;0.0;0.9619645476341248;0.0;0.7960547501412467;0.9444047902630928;0.055595209736907236
1731801703.7103446;/app/bags/user95_2017-02-24.bag;0.834065854549408;0.0;0.9619645476341248;0.0;0.7960547501412467;0.9444047902630928;0.055595209736907236
1731801703.9103916;/app/bags/user95_2017-02-24.bag;0.834065854549408;0.0;0.9619645476341248;0.0;0.7960547501412467;0.9444047902630928;0.055595209736907236
1731801704.1103985;/app/bags/user95_2017-02-24.bag;0.834065854549408;0.0;0.9619645476341248;0.0;0.7960547501412467;0.9444047902630928;0.055595209736907236
1731801704.3104086;/app/bags/user95_2017-02-24.bag;0.834065854549408;0.0;0.9619645476341248;0.0;0.7960547501412467;0.9444047902630928;0.055595209736907236
1731801704.5103865;/app/bags/user95_2017-02-24.bag;0.834065854549408;0.0;0.9619645476341248;0.0;0.7960547501412467;0.9444047902630928;0.055595209736907236
1731801704.7103832;/app/bags/user95_2017-02-24.bag;0.834065854549408;0.0;0.9619645476341248;0.0;0.7960547501412467;0.9444047902630928;0.055595209736907236
1731801704.9104395;/app/bags/user95_2017-02-24.bag;0.834065854549408;0.0;0.9619645476341248;0.0;0.7960547501412467;0.9444047902630928;0.055595209736907236
1731801705.1104176;/app/bags/user95_2017-02-24.bag;0.834065854549408;0.0;0.9619645476341248;0.0;0.7960547501412467;0.9444047902630928;0.055595209736907236
1731801705.310502;/app/bags/user95_2017-02-24.bag;0.834065854549408;0.0;0.9619645476341248;0.0;0.7960547501412467;0.9444047902630928;0.055595209736907236
1731801705.51042;/app/bags/user95_2017-02-24.bag;0.834065854549408;0.0;0.9619645476341248;0.0;0.7960547501412467;0.9444047902630928;0.055595209736907236
1731801705.7103488;/app/bags/user95_2017-02-24.bag;0.834065854549408;0.0;0.9619645476341248;0.0;0.7960547501412467;0.9444047902630928;0.055595209736907236
1731801705.9105334;/app/bags/user95_2017-02-24.bag;0.834065854549408;0.0;0.9619645476341248;0.0;0.7960547501412467;0.9444047902630928;0.055595209736907236
1731801706.1105068;/app/bags/user95_2017-02-24.bag;0.834065854549408;0.0;0.9619645476341248;0.0;0.7960547501412467;0.9444047902630928;0.055595209736907236
1731801706.3104346;/app/bags/user95_2017-02-24.bag;0.834065854549408;0.0;0.9619645476341248;0.0;0.7960547501412467;0.9444047902630928;0.055595209736907236
1731801706.5103874;/app/bags/user95_2017-02-24.bag;0.834065854549408;0.0;0.9619645476341248;0.0;0.7960547501412467;0.9444047902630928;0.055595209736907236
1731801706.7103655;/app/bags/user95_2017-02-24.bag;0.834065854549408;0.0;0.9619645476341248;0.0;0.7960547501412467;0.9444047902630928;0.055595209736907236
1731801706.9103806;/app/bags/user95_2017-02-24.bag;0.834065854549408;0.0;0.9619645476341248;0.0;0.7960547501412467;0.9444047902630928;0.055595209736907236
1731801707.110368;/app/bags/user95_2017-02-24.bag;0.834065854549408;0.0;0.9619645476341248;0.0;0.7960547501412467;0.9444047902630928;0.055595209736907236
1731801707.310387;/app/bags/user95_2017-02-24.bag;0.834065854549408;0.0;0.9619645476341248;0.0;0.7960547501412467;0.9444047902630928;0.055595209736907236
1731801707.5103908;/app/bags/user95_2017-02-24.bag;0.834065854549408;0.0;0.9619645476341248;0.0;0.7960547501412467;0.9444047902630928;0.055595209736907236
1731801707.7105436;/app/bags/user95_2017-02-24.bag;0.834065854549408;0.0;0.9619645476341248;0.0;0.7960547501412467;0.9444047902630928;0.055595209736907236
1731801707.910393;/app/bags/user95_2017-02-24.bag;0.834065854549408;0.0;0.9619645476341248;0.0;0.7960547501412467;0.9444047902630928;0.055595209736907236
1731801708.1104164;/app/bags/user95_2017-02-24.bag;0.834065854549408;0.0;0.9619645476341248;0.0;0.7960547501412467;0.9444047902630928;0.055595209736907236
1731801708.3104002;/app/bags/user95_2017-02-24.bag;0.834065854549408;0.0;0.9619645476341248;0.0;0.7960547501412467;0.9444047902630928;0.055595209736907236
1731801708.510411;/app/bags/user95_2017-02-24.bag;0.834065854549408;0.0;0.9619645476341248;0.0;0.7960547501412467;0.9444047902630928;0.055595209736907236
1731801708.7104318;/app/bags/user95_2017-02-24.bag;0.834065854549408;0.0;0.9619645476341248;0.0;0.7960547501412467;0.9444047902630928;0.055595209736907236
1731801708.9104142;/app/bags/user95_2017-02-24.bag;0.834065854549408;0.0;0.9619645476341248;0.0;0.7960547501412467;0.9444047902630928;0.055595209736907236
1731801709.1104248;/app/bags/user95_2017-02-24.bag;0.834065854549408;0.0;0.9619645476341248;0.0;0.7960547501412467;0.9444047902630928;0.055595209736907236
1731801709.3105192;/app/bags/user95_2017-02-24.bag;0.834065854549408;0.0;0.9619645476341248;0.0;0.7960547501412467;0.9444047902630928;0.055595209736907236
1731801709.5104592;/app/bags/user95_2017-02-24.bag;0.834065854549408;0.0;0.9619645476341248;0.0;0.7960547501412467;0.9444047902630928;0.055595209736907236
1731801709.7104678;/app/bags/user95_2017-02-24.bag;0.834065854549408;0.0;0.9619645476341248;0.0;0.7960547501412467;0.9444047902630928;0.055595209736907236
1731801709.9103794;/app/bags/user95_2017-02-24.bag;0.834065854549408;0.0;0.9619645476341248;0.0;0.7960547501412467;0.9444047902630928;0.055595209736907236
1731801710.1104102;/app/bags/user95_2017-02-24.bag;0.834065854549408;0.0;0.9619645476341248;0.0;0.7960547501412467;0.9444047902630928;0.055595209736907236
1731801710.310479;/app/bags/user95_2017-02-24.bag;0.834065854549408;0.0;0.9619645476341248;0.0;0.7960547501412467;0.9444047902630928;0.055595209736907236
1731801710.510453;/app/bags/user95_2017-02-24.bag;0.834065854549408;0.0;0.9619645476341248;0.0;0.7960547501412467;0.9444047902630928;0.055595209736907236
1731801710.7103977;/app/bags/user95_2017-02-24.bag;0.834065854549408;0.0;0.9619645476341248;0.0;0.7960547501412467;0.9444047902630928;0.055595209736907236
1731801710.9103587;/app/bags/user95_2017-02-24.bag;0.834065854549408;0.0;0.9619645476341248;0.0;0.7960547501412467;0.9444047902630928;0.055595209736907236
1731801711.1104524;/app/bags/user95_2017-02-24.bag;0.834065854549408;0.0;0.9619645476341248;0.0;0.7960547501412467;0.9444047902630928;0.055595209736907236
1731801711.3105347;/app/bags/user95_2017-02-24.bag;0.834065854549408;0.0;0.9619645476341248;0.0;0.7960547501412467;0.9444047902630928;0.055595209736907236
1731801711.5104082;/app/bags/user95_2017-02-24.bag;0.834065854549408;0.0;0.9619645476341248;0.0;0.7960547501412467;0.9444047902630928;0.055595209736907236
1731801711.7104142;/app/bags/user95_2017-02-24.bag;0.834065854549408;0.0;0.9619645476341248;0.0;0.7960547501412467;0.9444047902630928;0.055595209736907236
1731801711.9104114;/app/bags/user95_2017-02-24.bag;0.834065854549408;0.0;0.9619645476341248;0.0;0.7960547501412467;0.9444047902630928;0.055595209736907236
1731801712.1104598;/app/bags/user95_2017-02-24.bag;0.834065854549408;0.0;0.9619645476341248;0.0;0.7960547501412467;0.9444047902630928;0.055595209736907236
1731801712.3103821;/app/bags/user95_2017-02-24.bag;0.834065854549408;0.0;0.9619645476341248;0.0;0.7960547501412467;0.9444047902630928;0.055595209736907236
1731801712.5104125;/app/bags/user95_2017-02-24.bag;0.834065854549408;0.0;0.9619645476341248;0.0;0.7960547501412467;0.9444047902630928;0.055595209736907236
1731801712.710397;/app/bags/user95_2017-02-24.bag;0.834065854549408;0.0;0.9619645476341248;0.0;0.7960547501412467;0.9444047902630928;0.055595209736907236
1731801712.9103835;/app/bags/user95_2017-02-24.bag;0.834065854549408;0.0;0.9619645476341248;0.0;0.7960547501412467;0.9444047902630928;0.055595209736907236
1731801713.1104074;/app/bags/user95_2017-02-24.bag;0.834065854549408;0.0;0.9619645476341248;0.0;0.7960547501412467;0.9444047902630928;0.055595209736907236
1731801713.3104293;/app/bags/user95_2017-02-24.bag;0.834065854549408;0.0;0.9619645476341248;0.0;0.7960547501412467;0.9444047902630928;0.055595209736907236
1731801713.5104642;/app/bags/user95_2017-02-24.bag;0.834065854549408;0.0;0.9619645476341248;0.0;0.7960547501412467;0.9444047902630928;0.055595209736907236
1731801713.7103739;/app/bags/user95_2017-02-24.bag;0.834065854549408;0.0;0.9619645476341248;0.0;0.7960547501412467;0.9444047902630928;0.055595209736907236
1731801713.9103715;/app/bags/user95_2017-02-24.bag;0.834065854549408;0.0;0.9619645476341248;0.0;0.7960547501412467;0.9444047902630928;0.055595209736907236
1731801714.1104162;/app/bags/user95_2017-02-24.bag;0.834065854549408;0.0;0.9619645476341248;0.0;0.7960547501412467;0.9444047902630928;0.055595209736907236
1731801714.3104746;/app/bags/user95_2017-02-24.bag;0.834065854549408;0.0;0.9619645476341248;0.0;0.7960547501412467;0.9444047902630928;0.055595209736907236
1731801714.5103543;/app/bags/user95_2017-02-24.bag;0.834065854549408;0.0;0.9619645476341248;0.0;0.7960547501412467;0.9444047902630928;0.055595209736907236
1731801714.7103815;/app/bags/user95_2017-02-24.bag;0.834065854549408;0.0;0.9619645476341248;0.0;0.7960547501412467;0.9444047902630928;0.055595209736907236
1731801714.9104218;/app/bags/user95_2017-02-24.bag;0.834065854549408;0.0;0.9619645476341248;0.0;0.7960547501412467;0.9444047902630928;0.055595209736907236
1731801715.1104057;/app/bags/user95_2017-02-24.bag;0.834065854549408;0.0;0.9619645476341248;0.0;0.7960547501412467;0.9444047902630928;0.055595209736907236
1731801715.310365;/app/bags/user95_2017-02-24.bag;0.834065854549408;0.0;0.9619645476341248;0.0;0.7960547501412467;0.9444047902630928;0.055595209736907236
1731801715.5103786;/app/bags/user95_2017-02-24.bag;0.834065854549408;0.0;0.9619645476341248;0.0;0.7960547501412467;0.9444047902630928;0.055595209736907236
1731801715.7104352;/app/bags/user95_2017-02-24.bag;0.834065854549408;0.0;0.9619645476341248;0.0;0.7960547501412467;0.9444047902630928;0.055595209736907236
1731801715.9103749;/app/bags/user95_2017-02-24.bag;0.834065854549408;0.0;0.9619645476341248;0.0;0.7960547501412467;0.9444047902630928;0.055595209736907236
1731801716.1103902;/app/bags/user95_2017-02-24.bag;0.834065854549408;0.0;0.9619645476341248;0.0;0.7960547501412467;0.9444047902630928;0.055595209736907236
1731801716.3103938;/app/bags/user95_2017-02-24.bag;0.834065854549408;0.0;0.9619645476341248;0.0;0.7960547501412467;0.9444047902630928;0.055595209736907236
1731801716.5104108;/app/bags/user95_2017-02-24.bag;0.834065854549408;0.0;0.9619645476341248;0.0;0.7960547501412467;0.9444047902630928;0.055595209736907236
1731801716.7104082;/app/bags/user95_2017-02-24.bag;0.834065854549408;0.0;0.9619645476341248;0.0;0.7960547501412467;0.9444047902630928;0.055595209736907236
1731801716.9103878;/app/bags/user95_2017-02-24.bag;0.834065854549408;0.0;0.9619645476341248;0.0;0.7960547501412467;0.9444047902630928;0.055595209736907236
1731801717.11041;/app/bags/user95_2017-02-24.bag;0.834065854549408;0.0;0.9619645476341248;0.0;0.7960547501412467;0.9444047902630928;0.055595209736907236
1731801717.310421;/app/bags/user95_2017-02-24.bag;0.834065854549408;0.0;0.9619645476341248;0.0;0.7960547501412467;0.9444047902630928;0.055595209736907236
1731801717.5104246;/app/bags/user95_2017-02-24.bag;0.834065854549408;0.0;0.9619645476341248;0.0;0.7960547501412467;0.9444047902630928;0.055595209736907236
1731801717.710362;/app/bags/user95_2017-02-24.bag;0.834065854549408;0.0;0.9619645476341248;0.0;0.7960547501412467;0.9444047902630928;0.055595209736907236
1731801717.9103873;/app/bags/user95_2017-02-24.bag;0.834065854549408;0.0;0.9619645476341248;0.0;0.7960547501412467;0.9444047902630928;0.055595209736907236
1731801718.110365;/app/bags/user95_2017-02-24.bag;0.834065854549408;0.0;0.9619645476341248;0.0;0.7960547501412467;0.9444047902630928;0.055595209736907236
1731801718.3103812;/app/bags/user95_2017-02-24.bag;0.834065854549408;0.0;0.9619645476341248;0.0;0.7960547501412467;0.9444047902630928;0.055595209736907236
1731801718.51038;/app/bags/user95_2017-02-24.bag;0.834065854549408;0.0;0.9619645476341248;0.0;0.7960547501412467;0.9444047902630928;0.055595209736907236
1731801718.7104502;/app/bags/user95_2017-02-24.bag;0.834065854549408;0.0;0.9619645476341248;0.0;0.7960547501412467;0.9444047902630928;0.055595209736907236
1731801718.91043;/app/bags/user95_2017-02-24.bag;0.834065854549408;0.0;0.9619645476341248;0.0;0.7960547501412467;0.9444047902630928;0.055595209736907236
1731801719.1104112;/app/bags/user95_2017-02-24.bag;0.834065854549408;0.0;0.9619645476341248;0.0;0.7960547501412467;0.9444047902630928;0.055595209736907236
1731801719.3103716;/app/bags/user95_2017-02-24.bag;0.834065854549408;0.0;0.9619645476341248;0.0;0.7960547501412467;0.9444047902630928;0.055595209736907236
1731801719.510395;/app/bags/user95_2017-02-24.bag;0.834065854549408;0.0;0.9619645476341248;0.0;0.7960547501412467;0.9444047902630928;0.055595209736907236
1731801719.7104144;/app/bags/user95_2017-02-24.bag;0.834065854549408;0.0;0.9619645476341248;0.0;0.7960547501412467;0.9444047902630928;0.055595209736907236
1731801719.9105191;/app/bags/user95_2017-02-24.bag;0.834065854549408;0.0;0.9619645476341248;0.0;0.7960547501412467;0.9444047902630928;0.055595209736907236
1731801720.1103787;/app/bags/user95_2017-02-24.bag;0.834065854549408;0.0;0.9619645476341248;0.0;0.7960547501412467;0.9444047902630928;0.055595209736907236
1731801720.3104084;/app/bags/user95_2017-02-24.bag;0.834065854549408;0.0;0.9619645476341248;0.0;0.7960547501412467;0.9444047902630928;0.055595209736907236
1731801720.5104609;/app/bags/user95_2017-02-24.bag;0.834065854549408;0.0;0.9619645476341248;0.0;0.7960547501412467;0.9444047902630928;0.055595209736907236
1731801720.710427;/app/bags/user95_2017-02-24.bag;0.834065854549408;0.0;0.9619645476341248;0.0;0.7960547501412467;0.9444047902630928;0.055595209736907236
1731801720.9105015;/app/bags/user95_2017-02-24.bag;0.834065854549408;0.0;0.9619645476341248;0.0;0.7960547501412467;0.9444047902630928;0.055595209736907236
1731801721.1103988;/app/bags/user95_2017-02-24.bag;0.834065854549408;0.0;0.9619645476341248;0.0;0.7960547501412467;0.9444047902630928;0.055595209736907236
1731801721.3103833;/app/bags/user95_2017-02-24.bag;0.834065854549408;0.0;0.9619645476341248;0.0;0.7960547501412467;0.9444047902630928;0.055595209736907236
1731801721.5104282;/app/bags/user95_2017-02-24.bag;0.834065854549408;0.0;0.9619645476341248;0.0;0.7960547501412467;0.9444047902630928;0.055595209736907236
1731801721.7105863;/app/bags/user95_2017-02-24.bag;0.834065854549408;0.0;0.9619645476341248;0.0;0.7960547501412467;0.9444047902630928;0.055595209736907236
1731801721.910389;/app/bags/user95_2017-02-24.bag;0.834065854549408;0.0;0.9619645476341248;0.0;0.7960547501412467;0.9444047902630928;0.055595209736907236
1731801722.1104226;/app/bags/user95_2017-02-24.bag;0.834065854549408;0.0;0.9619645476341248;0.0;0.7960547501412467;0.9444047902630928;0.055595209736907236
1731801722.3104546;/app/bags/user95_2017-02-24.bag;0.834065854549408;0.0;0.9619645476341248;0.0;0.7960547501412467;0.9444047902630928;0.055595209736907236
1731801722.5104063;/app/bags/user95_2017-02-24.bag;0.834065854549408;0.0;0.9619645476341248;0.0;0.7960547501412467;0.9444047902630928;0.055595209736907236
1731801722.7104003;/app/bags/user95_2017-02-24.bag;0.834065854549408;0.0;0.9619645476341248;0.0;0.7960547501412467;0.9444047902630928;0.055595209736907236
1731801722.9103808;/app/bags/user95_2017-02-24.bag;0.834065854549408;0.0;0.9619645476341248;0.0;0.7960547501412467;0.9444047902630928;0.055595209736907236
1731801723.11042;/app/bags/user95_2017-02-24.bag;0.834065854549408;0.0;0.9619645476341248;0.0;0.7960547501412467;0.9444047902630928;0.055595209736907236
1731801723.310391;/app/bags/user95_2017-02-24.bag;0.834065854549408;0.0;0.9619645476341248;0.0;0.7960547501412467;0.9444047902630928;0.055595209736907236
1731801723.51042;/app/bags/user95_2017-02-24.bag;0.834065854549408;0.0;0.9619645476341248;0.0;0.7960547501412467;0.9444047902630928;0.055595209736907236
1731801723.710525;/app/bags/user95_2017-02-24.bag;0.834065854549408;0.0;0.9619645476341248;0.0;0.7960547501412467;0.9444047902630928;0.055595209736907236
1731801723.9104447;/app/bags/user95_2017-02-24.bag;0.834065854549408;0.0;0.9619645476341248;0.0;0.7960547501412467;0.9444047902630928;0.055595209736907236
1731801724.110399;/app/bags/user95_2017-02-24.bag;0.834065854549408;0.0;0.9619645476341248;0.0;0.7960547501412467;0.9444047902630928;0.055595209736907236
1731801724.3104362;/app/bags/user95_2017-02-24.bag;0.834065854549408;0.0;0.9619645476341248;0.0;0.7960547501412467;0.9444047902630928;0.055595209736907236
1731801724.5103996;/app/bags/user95_2017-02-24.bag;0.834065854549408;0.0;0.9619645476341248;0.0;0.7960547501412467;0.9444047902630928;0.055595209736907236
1731801724.7104325;/app/bags/user95_2017-02-24.bag;0.834065854549408;0.0;0.9619645476341248;0.0;0.7960547501412467;0.9444047902630928;0.055595209736907236
1731801724.9104924;/app/bags/user95_2017-02-24.bag;0.834065854549408;0.0;0.9619645476341248;0.0;0.7960547501412467;0.9444047902630928;0.055595209736907236
1731801725.1103988;/app/bags/user95_2017-02-24.bag;0.834065854549408;0.0;0.9619645476341248;0.0;0.7960547501412467;0.9444047902630928;0.055595209736907236
1731801725.3104007;/app/bags/user95_2017-02-24.bag;0.834065854549408;0.0;0.9619645476341248;0.0;0.7960547501412467;0.9444047902630928;0.055595209736907236
1731801725.5104322;/app/bags/user95_2017-02-24.bag;0.834065854549408;0.0;0.9619645476341248;0.0;0.7960547501412467;0.9444047902630928;0.055595209736907236
1731801725.7104058;/app/bags/user95_2017-02-24.bag;0.834065854549408;0.0;0.9619645476341248;0.0;0.7960547501412467;0.9444047902630928;0.055595209736907236
1731801725.910431;/app/bags/user95_2017-02-24.bag;0.834065854549408;0.0;0.9619645476341248;0.0;0.7960547501412467;0.9444047902630928;0.055595209736907236
1731801726.1103983;/app/bags/user95_2017-02-24.bag;0.834065854549408;0.0;0.9619645476341248;0.0;0.7960547501412467;0.9444047902630928;0.055595209736907236
1731801726.3104072;/app/bags/user95_2017-02-24.bag;0.834065854549408;0.0;0.9619645476341248;0.0;0.7960547501412467;0.9444047902630928;0.055595209736907236
1731801726.510526;/app/bags/user95_2017-02-24.bag;0.834065854549408;0.0;0.9619645476341248;0.0;0.7960547501412467;0.9444047902630928;0.055595209736907236
1731801726.710409;/app/bags/user95_2017-02-24.bag;0.834065854549408;0.0;0.9619645476341248;0.0;0.7960547501412467;0.9444047902630928;0.055595209736907236
1731801726.9104292;/app/bags/user95_2017-02-24.bag;0.834065854549408;0.0;0.9619645476341248;0.0;0.7960547501412467;0.9444047902630928;0.055595209736907236
1731801727.1104834;/app/bags/user95_2017-02-24.bag;0.834065854549408;0.0;0.9619645476341248;0.0;0.7960547501412467;0.9444047902630928;0.055595209736907236
1731801727.3103912;/app/bags/user95_2017-02-24.bag;0.834065854549408;0.0;0.9619645476341248;0.0;0.7960547501412467;0.9444047902630928;0.055595209736907236
1731801727.5103781;/app/bags/user95_2017-02-24.bag;0.834065854549408;0.0;0.9619645476341248;0.0;0.7960547501412467;0.9444047902630928;0.055595209736907236
1731801727.7104256;/app/bags/user95_2017-02-24.bag;0.834065854549408;0.0;0.9619645476341248;0.0;0.7960547501412467;0.9444047902630928;0.055595209736907236
1731801727.9104173;/app/bags/user95_2017-02-24.bag;0.834065854549408;0.0;0.9619645476341248;0.0;0.7960547501412467;0.9444047902630928;0.055595209736907236
1731801728.1105006;/app/bags/user95_2017-02-24.bag;0.834065854549408;0.0;0.9619645476341248;0.0;0.7960547501412467;0.9444047902630928;0.055595209736907236
1731801728.3103743;/app/bags/user95_2017-02-24.bag;0.834065854549408;0.0;0.9619645476341248;0.0;0.7960547501412467;0.9444047902630928;0.055595209736907236
1731801728.5104907;/app/bags/user95_2017-02-24.bag;0.834065854549408;0.0;0.9619645476341248;0.0;0.7960547501412467;0.9444047902630928;0.055595209736907236
1731801728.7104387;/app/bags/user95_2017-02-24.bag;0.834065854549408;0.0;0.9619645476341248;0.0;0.7960547501412467;0.9444047902630928;0.055595209736907236
1731801728.9103801;/app/bags/user95_2017-02-24.bag;0.834065854549408;0.0;0.9619645476341248;0.0;0.7960547501412467;0.9444047902630928;0.055595209736907236
1731801729.1105483;/app/bags/user95_2017-02-24.bag;0.834065854549408;0.0;0.9619645476341248;0.0;0.7960547501412467;0.9444047902630928;0.055595209736907236
1731801729.3104167;/app/bags/user95_2017-02-24.bag;0.834065854549408;0.0;0.9619645476341248;0.0;0.7960547501412467;0.9444047902630928;0.055595209736907236
1731801729.5104136;/app/bags/user95_2017-02-24.bag;0.834065854549408;0.0;0.9619645476341248;0.0;0.7960547501412467;0.9444047902630928;0.055595209736907236
1731801729.710423;/app/bags/user95_2017-02-24.bag;0.834065854549408;0.0;0.9619645476341248;0.0;0.7960547501412467;0.9444047902630928;0.055595209736907236
1731801729.9104114;/app/bags/user95_2017-02-24.bag;0.834065854549408;0.0;0.9619645476341248;0.0;0.7960547501412467;0.9444047902630928;0.055595209736907236
1731801730.1104078;/app/bags/user95_2017-02-24.bag;0.834065854549408;0.0;0.9619645476341248;0.0;0.7960547501412467;0.9444047902630928;0.055595209736907236
1731801730.31021;/app/bags/user95_2017-02-24.bag;0.834065854549408;0.0;0.9619645476341248;0.0;0.7960547501412467;0.9444047902630928;0.055595209736907236
1731801730.5103948;/app/bags/user95_2017-02-24.bag;0.834065854549408;0.0;0.9619645476341248;0.0;0.7960547501412467;0.9444047902630928;0.055595209736907236
1731801730.710394;/app/bags/user95_2017-02-24.bag;0.834065854549408;0.0;0.9619645476341248;0.0;0.7960547501412467;0.9444047902630928;0.055595209736907236
1731801730.910384;/app/bags/user95_2017-02-24.bag;0.834065854549408;0.0;0.9619645476341248;0.0;0.7960547501412467;0.9444047902630928;0.055595209736907236
1731801731.1104207;/app/bags/user95_2017-02-24.bag;0.834065854549408;0.0;0.9619645476341248;0.0;0.7960547501412467;0.9444047902630928;0.055595209736907236
1731801731.3104935;/app/bags/user95_2017-02-24.bag;0.834065854549408;0.0;0.9619645476341248;0.0;0.7960547501412467;0.9444047902630928;0.055595209736907236
1731801731.510452;/app/bags/user95_2017-02-24.bag;0.834065854549408;0.0;0.9619645476341248;0.0;0.7960547501412467;0.9444047902630928;0.055595209736907236
1731801731.7103996;/app/bags/user95_2017-02-24.bag;0.834065854549408;0.0;0.9619645476341248;0.0;0.7960547501412467;0.9444047902630928;0.055595209736907236
1731801731.910521;/app/bags/user95_2017-02-24.bag;0.834065854549408;0.0;0.9619645476341248;0.0;0.7960547501412467;0.9444047902630928;0.055595209736907236
1731801732.1103983;/app/bags/user95_2017-02-24.bag;0.834065854549408;0.0;0.9619645476341248;0.0;0.7960547501412467;0.9444047902630928;0.055595209736907236
1731801732.310366;/app/bags/user95_2017-02-24.bag;0.834065854549408;0.0;0.9619645476341248;0.0;0.7960547501412467;0.9444047902630928;0.055595209736907236
1731801732.5104642;/app/bags/user95_2017-02-24.bag;0.834065854549408;0.0;0.9619645476341248;0.0;0.7960547501412467;0.9444047902630928;0.055595209736907236
1731801732.7104475;/app/bags/user95_2017-02-24.bag;0.834065854549408;0.0;0.9619645476341248;0.0;0.7960547501412467;0.9444047902630928;0.055595209736907236
1731801732.9104254;/app/bags/user95_2017-02-24.bag;0.834065854549408;0.0;0.9619645476341248;0.0;0.7960547501412467;0.9444047902630928;0.055595209736907236
1731801733.1105275;/app/bags/user95_2017-02-24.bag;0.834065854549408;0.0;0.9619645476341248;0.0;0.7960547501412467;0.9444047902630928;0.055595209736907236
1731801733.3103545;/app/bags/user95_2017-02-24.bag;0.834065854549408;0.0;0.9619645476341248;0.0;0.7960547501412467;0.9444047902630928;0.055595209736907236
1731801733.5104568;/app/bags/user95_2017-02-24.bag;0.834065854549408;0.0;0.9619645476341248;0.0;0.7960547501412467;0.9444047902630928;0.055595209736907236
1731801733.710408;/app/bags/user95_2017-02-24.bag;0.834065854549408;0.0;0.9619645476341248;0.0;0.7960547501412467;0.9444047902630928;0.055595209736907236
1731801733.9103596;/app/bags/user95_2017-02-24.bag;0.834065854549408;0.0;0.9619645476341248;0.0;0.7960547501412467;0.9444047902630928;0.055595209736907236
1731801734.1103787;/app/bags/user95_2017-02-24.bag;0.834065854549408;0.0;0.9619645476341248;0.0;0.7960547501412467;0.9444047902630928;0.055595209736907236
1731801734.3103724;/app/bags/user95_2017-02-24.bag;0.834065854549408;0.0;0.9619645476341248;0.0;0.7960547501412467;0.9444047902630928;0.055595209736907236
1731801734.510388;/app/bags/user95_2017-02-24.bag;0.834065854549408;0.0;0.9619645476341248;0.0;0.7960547501412467;0.9444047902630928;0.055595209736907236
1731801734.7103653;/app/bags/user95_2017-02-24.bag;0.834065854549408;0.0;0.9619645476341248;0.0;0.7960547501412467;0.9444047902630928;0.055595209736907236
1731801734.9104497;/app/bags/user95_2017-02-24.bag;0.834065854549408;0.0;0.9619645476341248;0.0;0.7960547501412467;0.9444047902630928;0.055595209736907236
1731801735.110475;/app/bags/user95_2017-02-24.bag;0.834065854549408;0.0;0.9619645476341248;0.0;0.7960547501412467;0.9444047902630928;0.055595209736907236
1731801735.3105555;/app/bags/user95_2017-02-24.bag;0.834065854549408;0.0;0.9619645476341248;0.0;0.7960547501412467;0.9444047902630928;0.055595209736907236
1731801735.5103984;/app/bags/user95_2017-02-24.bag;0.834065854549408;0.0;0.9619645476341248;0.0;0.7960547501412467;0.9444047902630928;0.055595209736907236
1731801735.7104805;/app/bags/user95_2017-02-24.bag;0.834065854549408;0.0;0.9619645476341248;0.0;0.7960547501412467;0.9444047902630928;0.055595209736907236
1731801735.9103615;/app/bags/user95_2017-02-24.bag;0.834065854549408;0.0;0.9619645476341248;0.0;0.7960547501412467;0.9444047902630928;0.055595209736907236
1731801736.1103823;/app/bags/user95_2017-02-24.bag;0.834065854549408;0.0;0.9619645476341248;0.0;0.7960547501412467;0.9444047902630928;0.055595209736907236
1731801736.310408;/app/bags/user95_2017-02-24.bag;0.834065854549408;0.0;0.9619645476341248;0.0;0.7960547501412467;0.9444047902630928;0.055595209736907236
1731801736.5104241;/app/bags/user95_2017-02-24.bag;0.834065854549408;0.0;0.9619645476341248;0.0;0.7960547501412467;0.9444047902630928;0.055595209736907236
1731801736.7104025;/app/bags/user95_2017-02-24.bag;0.834065854549408;0.0;0.9619645476341248;0.0;0.7960547501412467;0.9444047902630928;0.055595209736907236
1731801736.910382;/app/bags/user95_2017-02-24.bag;0.834065854549408;0.0;0.9619645476341248;0.0;0.7960547501412467;0.9444047902630928;0.055595209736907236
1731801737.1104245;/app/bags/user95_2017-02-24.bag;0.834065854549408;0.0;0.9619645476341248;0.0;0.7960547501412467;0.9444047902630928;0.055595209736907236
1731801737.3104029;/app/bags/user95_2017-02-24.bag;0.834065854549408;0.0;0.9619645476341248;0.0;0.7960547501412467;0.9444047902630928;0.055595209736907236
1731801737.510398;/app/bags/user95_2017-02-24.bag;0.834065854549408;0.0;0.9619645476341248;0.0;0.7960547501412467;0.9444047902630928;0.055595209736907236
1731801737.710376;/app/bags/user95_2017-02-24.bag;0.834065854549408;0.0;0.9619645476341248;0.0;0.7960547501412467;0.9444047902630928;0.055595209736907236
1731801737.9104183;/app/bags/user95_2017-02-24.bag;0.834065854549408;0.0;0.9619645476341248;0.0;0.7960547501412467;0.9444047902630928;0.055595209736907236
1731801738.1103983;/app/bags/user95_2017-02-24.bag;0.834065854549408;0.0;0.9619645476341248;0.0;0.7960547501412467;0.9444047902630928;0.055595209736907236
1731801738.3104074;/app/bags/user95_2017-02-24.bag;0.834065854549408;0.0;0.9619645476341248;0.0;0.7960547501412467;0.9444047902630928;0.055595209736907236
1731801738.5104265;/app/bags/user95_2017-02-24.bag;0.834065854549408;0.0;0.9619645476341248;0.0;0.7960547501412467;0.9444047902630928;0.055595209736907236
1731801738.7104528;/app/bags/user95_2017-02-24.bag;0.834065854549408;0.0;0.9619645476341248;0.0;0.7960547501412467;0.9444047902630928;0.055595209736907236
1731801738.9105434;/app/bags/user95_2017-02-24.bag;0.834065854549408;0.0;0.9619645476341248;0.0;0.7960547501412467;0.9444047902630928;0.055595209736907236
1731801739.1104383;/app/bags/user95_2017-02-24.bag;0.834065854549408;0.0;0.9619645476341248;0.0;0.7960547501412467;0.9444047902630928;0.055595209736907236
1731801739.3104124;/app/bags/user95_2017-02-24.bag;0.834065854549408;0.0;0.9619645476341248;0.0;0.7960547501412467;0.9444047902630928;0.055595209736907236
1731801739.5103998;/app/bags/user95_2017-02-24.bag;0.834065854549408;0.0;0.9619645476341248;0.0;0.7960547501412467;0.9444047902630928;0.055595209736907236
1731801739.710433;/app/bags/user95_2017-02-24.bag;0.834065854549408;0.0;0.9619645476341248;0.0;0.7960547501412467;0.9444047902630928;0.055595209736907236
1731801739.910389;/app/bags/user95_2017-02-24.bag;0.834065854549408;0.0;0.9619645476341248;0.0;0.7960547501412467;0.9444047902630928;0.055595209736907236
1731801740.110473;/app/bags/user95_2017-02-24.bag;0.834065854549408;0.0;0.9619645476341248;0.0;0.7960547501412467;0.9444047902630928;0.055595209736907236
1731801740.3104393;/app/bags/user95_2017-02-24.bag;0.834065854549408;0.0;0.9619645476341248;0.0;0.7960547501412467;0.9444047902630928;0.055595209736907236
1731801740.510423;/app/bags/user95_2017-02-24.bag;0.834065854549408;0.0;0.9619645476341248;0.0;0.7960547501412467;0.9444047902630928;0.055595209736907236
1731801740.7103677;/app/bags/user95_2017-02-24.bag;0.834065854549408;0.0;0.9619645476341248;0.0;0.7960547501412467;0.9444047902630928;0.055595209736907236
1731801740.910353;/app/bags/user95_2017-02-24.bag;0.834065854549408;0.0;0.9619645476341248;0.0;0.7960547501412467;0.9444047902630928;0.055595209736907236
1731801741.1104765;/app/bags/user95_2017-02-24.bag;0.834065854549408;0.0;0.9619645476341248;0.0;0.7960547501412467;0.9444047902630928;0.055595209736907236
1731801741.3104203;/app/bags/user95_2017-02-24.bag;0.834065854549408;0.0;0.9619645476341248;0.0;0.7960547501412467;0.9444047902630928;0.055595209736907236
1731801741.5103626;/app/bags/user95_2017-02-24.bag;0.834065854549408;0.0;0.9619645476341248;0.0;0.7960547501412467;0.9444047902630928;0.055595209736907236
1731801741.7103708;/app/bags/user95_2017-02-24.bag;0.834065854549408;0.0;0.9619645476341248;0.0;0.7960547501412467;0.9444047902630928;0.055595209736907236
1731801741.9103887;/app/bags/user95_2017-02-24.bag;0.834065854549408;0.0;0.9619645476341248;0.0;0.7960547501412467;0.9444047902630928;0.055595209736907236
1731801742.1103785;/app/bags/user95_2017-02-24.bag;0.834065854549408;0.0;0.9619645476341248;0.0;0.7960547501412467;0.9444047902630928;0.055595209736907236
1731801742.310527;/app/bags/user95_2017-02-24.bag;0.834065854549408;0.0;0.9619645476341248;0.0;0.7960547501412467;0.9444047902630928;0.055595209736907236
1731801742.5104172;/app/bags/user95_2017-02-24.bag;0.834065854549408;0.0;0.9619645476341248;0.0;0.7960547501412467;0.9444047902630928;0.055595209736907236
1731801742.7104766;/app/bags/user95_2017-02-24.bag;0.834065854549408;0.0;0.9619645476341248;0.0;0.7960547501412467;0.9444047902630928;0.055595209736907236
1731801742.9103856;/app/bags/user95_2017-02-24.bag;0.834065854549408;0.0;0.9619645476341248;0.0;0.7960547501412467;0.9444047902630928;0.055595209736907236
1731801743.1103961;/app/bags/user95_2017-02-24.bag;0.834065854549408;0.0;0.9619645476341248;0.0;0.7960547501412467;0.9444047902630928;0.055595209736907236
1731801743.3103867;/app/bags/user95_2017-02-24.bag;0.834065854549408;0.0;0.9619645476341248;0.0;0.7960547501412467;0.9444047902630928;0.055595209736907236
1731801743.5104809;/app/bags/user95_2017-02-24.bag;0.834065854549408;0.0;0.9619645476341248;0.0;0.7960547501412467;0.9444047902630928;0.055595209736907236
1731801743.7103674;/app/bags/user95_2017-02-24.bag;0.834065854549408;0.0;0.9619645476341248;0.0;0.7960547501412467;0.9444047902630928;0.055595209736907236
1731801743.91051;/app/bags/user95_2017-02-24.bag;0.834065854549408;0.0;0.9619645476341248;0.0;0.7960547501412467;0.9444047902630928;0.055595209736907236
1731801744.110452;/app/bags/user95_2017-02-24.bag;0.834065854549408;0.0;0.9619645476341248;0.0;0.7960547501412467;0.9444047902630928;0.055595209736907236
1731801744.3105145;/app/bags/user95_2017-02-24.bag;0.834065854549408;0.0;0.9619645476341248;0.0;0.7960547501412467;0.9444047902630928;0.055595209736907236
1731801744.510377;/app/bags/user95_2017-02-24.bag;0.834065854549408;0.0;0.9619645476341248;0.0;0.7960547501412467;0.9444047902630928;0.055595209736907236
1731801744.7103891;/app/bags/user95_2017-02-24.bag;0.834065854549408;0.0;0.9619645476341248;0.0;0.7960547501412467;0.9444047902630928;0.055595209736907236
1731801744.9103768;/app/bags/user95_2017-02-24.bag;0.834065854549408;0.0;0.9619645476341248;0.0;0.7960547501412467;0.9444047902630928;0.055595209736907236
1731801745.1104033;/app/bags/user95_2017-02-24.bag;0.834065854549408;0.0;0.9619645476341248;0.0;0.7960547501412467;0.9444047902630928;0.055595209736907236
1731801745.3103926;/app/bags/user95_2017-02-24.bag;0.834065854549408;0.0;0.9619645476341248;0.0;0.7960547501412467;0.9444047902630928;0.055595209736907236
1731801745.510357;/app/bags/user95_2017-02-24.bag;0.834065854549408;0.0;0.9619645476341248;0.0;0.7960547501412467;0.9444047902630928;0.055595209736907236
1731801745.7103698;/app/bags/user95_2017-02-24.bag;0.834065854549408;0.0;0.9619645476341248;0.0;0.7960547501412467;0.9444047902630928;0.055595209736907236
1731801745.910383;/app/bags/user95_2017-02-24.bag;0.834065854549408;0.0;0.9619645476341248;0.0;0.7960547501412467;0.9444047902630928;0.055595209736907236
1731801746.1103811;/app/bags/user95_2017-02-24.bag;0.834065854549408;0.0;0.9619645476341248;0.0;0.7960547501412467;0.9444047902630928;0.055595209736907236
1731801746.310414;/app/bags/user95_2017-02-24.bag;0.834065854549408;0.0;0.9619645476341248;0.0;0.7960547501412467;0.9444047902630928;0.055595209736907236
1731801746.5104125;/app/bags/user95_2017-02-24.bag;0.834065854549408;0.0;0.9619645476341248;0.0;0.7960547501412467;0.9444047902630928;0.055595209736907236
1731801746.7103872;/app/bags/user95_2017-02-24.bag;0.834065854549408;0.0;0.9619645476341248;0.0;0.7960547501412467;0.9444047902630928;0.055595209736907236
1731801746.9103973;/app/bags/user95_2017-02-24.bag;0.834065854549408;0.0;0.9619645476341248;0.0;0.7960547501412467;0.9444047902630928;0.055595209736907236
1731801747.110373;/app/bags/user95_2017-02-24.bag;0.834065854549408;0.0;0.9619645476341248;0.0;0.7960547501412467;0.9444047902630928;0.055595209736907236
1731801747.31049;/app/bags/user95_2017-02-24.bag;0.834065854549408;0.0;0.9619645476341248;0.0;0.7960547501412467;0.9444047902630928;0.055595209736907236
1731801747.510422;/app/bags/user95_2017-02-24.bag;0.834065854549408;0.0;0.9619645476341248;0.0;0.7960547501412467;0.9444047902630928;0.055595209736907236
1731801747.7104404;/app/bags/user95_2017-02-24.bag;0.834065854549408;0.0;0.9619645476341248;0.0;0.7960547501412467;0.9444047902630928;0.055595209736907236
1731801747.910369;/app/bags/user95_2017-02-24.bag;0.834065854549408;0.0;0.9619645476341248;0.0;0.7960547501412467;0.9444047902630928;0.055595209736907236
1731801748.1103792;/app/bags/user95_2017-02-24.bag;0.834065854549408;0.0;0.9619645476341248;0.0;0.7960547501412467;0.9444047902630928;0.055595209736907236
1731801748.3103971;/app/bags/user95_2017-02-24.bag;0.834065854549408;0.0;0.9619645476341248;0.0;0.7960547501412467;0.9444047902630928;0.055595209736907236
1731801748.5103974;/app/bags/user95_2017-02-24.bag;0.834065854549408;0.0;0.9619645476341248;0.0;0.7960547501412467;0.9444047902630928;0.055595209736907236
1731801748.710373;/app/bags/user95_2017-02-24.bag;0.834065854549408;0.0;0.9619645476341248;0.0;0.7960547501412467;0.9444047902630928;0.055595209736907236
1731801748.9103897;/app/bags/user95_2017-02-24.bag;0.834065854549408;0.0;0.9619645476341248;0.0;0.7960547501412467;0.9444047902630928;0.055595209736907236
1731801749.110505;/app/bags/user95_2017-02-24.bag;0.834065854549408;0.0;0.9619645476341248;0.0;0.7960547501412467;0.9444047902630928;0.055595209736907236
1731801749.3103971;/app/bags/user95_2017-02-24.bag;0.834065854549408;0.0;0.9619645476341248;0.0;0.7960547501412467;0.9444047902630928;0.055595209736907236
1731801749.510349;/app/bags/user95_2017-02-24.bag;0.834065854549408;0.0;0.9619645476341248;0.0;0.7960547501412467;0.9444047902630928;0.055595209736907236
1731801749.710399;/app/bags/user95_2017-02-24.bag;0.834065854549408;0.0;0.9619645476341248;0.0;0.7960547501412467;0.9444047902630928;0.055595209736907236
1731801749.9104342;/app/bags/user95_2017-02-24.bag;0.834065854549408;0.0;0.9619645476341248;0.0;0.7960547501412467;0.9444047902630928;0.055595209736907236
1731801750.1103747;/app/bags/user95_2017-02-24.bag;0.834065854549408;0.0;0.9619645476341248;0.0;0.7960547501412467;0.9444047902630928;0.055595209736907236
1731801750.310364;/app/bags/user95_2017-02-24.bag;0.834065854549408;0.0;0.9619645476341248;0.0;0.7960547501412467;0.9444047902630928;0.055595209736907236
1731801750.5103593;/app/bags/user95_2017-02-24.bag;0.834065854549408;0.0;0.9619645476341248;0.0;0.7960547501412467;0.9444047902630928;0.055595209736907236
1731801750.7104263;/app/bags/user95_2017-02-24.bag;0.834065854549408;0.0;0.9619645476341248;0.0;0.7960547501412467;0.9444047902630928;0.055595209736907236
1731801750.9103959;/app/bags/user95_2017-02-24.bag;0.834065854549408;0.0;0.9619645476341248;0.0;0.7960547501412467;0.9444047902630928;0.055595209736907236
1731801751.1104321;/app/bags/user95_2017-02-24.bag;0.834065854549408;0.0;0.9619645476341248;0.0;0.7960547501412467;0.9444047902630928;0.055595209736907236
1731801751.3103924;/app/bags/user95_2017-02-24.bag;0.834065854549408;0.0;0.9619645476341248;0.0;0.7960547501412467;0.9444047902630928;0.055595209736907236
1731801751.5104353;/app/bags/user95_2017-02-24.bag;0.834065854549408;0.0;0.9619645476341248;0.0;0.7960547501412467;0.9444047902630928;0.055595209736907236
1731801751.710486;/app/bags/user95_2017-02-24.bag;0.834065854549408;0.0;0.9619645476341248;0.0;0.7960547501412467;0.9444047902630928;0.055595209736907236
1731801751.9104407;/app/bags/user95_2017-02-24.bag;0.834065854549408;0.0;0.9619645476341248;0.0;0.7960547501412467;0.9444047902630928;0.055595209736907236
1731801752.1103885;/app/bags/user95_2017-02-24.bag;0.834065854549408;0.0;0.9619645476341248;0.0;0.7960547501412467;0.9444047902630928;0.055595209736907236
1731801752.3105795;/app/bags/user95_2017-02-24.bag;0.834065854549408;0.0;0.9619645476341248;0.0;0.7960547501412467;0.9444047902630928;0.055595209736907236
1731801752.5104148;/app/bags/user95_2017-02-24.bag;0.834065854549408;0.0;0.9619645476341248;0.0;0.7960547501412467;0.9444047902630928;0.055595209736907236
1731801752.7103662;/app/bags/user95_2017-02-24.bag;0.834065854549408;0.0;0.9619645476341248;0.0;0.7960547501412467;0.9444047902630928;0.055595209736907236
1731801752.9103518;/app/bags/user95_2017-02-24.bag;0.834065854549408;0.0;0.9619645476341248;0.0;0.7960547501412467;0.9444047902630928;0.055595209736907236
1731801753.1103823;/app/bags/user95_2017-02-24.bag;0.834065854549408;0.0;0.9619645476341248;0.0;0.7960547501412467;0.9444047902630928;0.055595209736907236
1731801753.3103933;/app/bags/user95_2017-02-24.bag;0.834065854549408;0.0;0.9619645476341248;0.0;0.7960547501412467;0.9444047902630928;0.055595209736907236
1731801753.5103798;/app/bags/user95_2017-02-24.bag;0.834065854549408;0.0;0.9619645476341248;0.0;0.7960547501412467;0.9444047902630928;0.055595209736907236
1731801753.7104478;/app/bags/user95_2017-02-24.bag;0.834065854549408;0.0;0.9619645476341248;0.0;0.7960547501412467;0.9444047902630928;0.055595209736907236
1731801753.9104047;/app/bags/user95_2017-02-24.bag;0.834065854549408;0.0;0.9619645476341248;0.0;0.7960547501412467;0.9444047902630928;0.055595209736907236
1731801754.1104512;/app/bags/user95_2017-02-24.bag;0.834065854549408;0.0;0.9619645476341248;0.0;0.7960547501412467;0.9444047902630928;0.055595209736907236
1731801754.3103528;/app/bags/user95_2017-02-24.bag;0.834065854549408;0.0;0.9619645476341248;0.0;0.7960547501412467;0.9444047902630928;0.055595209736907236
1731801754.510452;/app/bags/user95_2017-02-24.bag;0.834065854549408;0.0;0.9619645476341248;0.0;0.7960547501412467;0.9444047902630928;0.055595209736907236
1731801754.7104585;/app/bags/user95_2017-02-24.bag;0.834065854549408;0.0;0.9619645476341248;0.0;0.7960547501412467;0.9444047902630928;0.055595209736907236
1731801754.9103937;/app/bags/user95_2017-02-24.bag;0.834065854549408;0.0;0.9619645476341248;0.0;0.7960547501412467;0.9444047902630928;0.055595209736907236
1731801755.1103952;/app/bags/user95_2017-02-24.bag;0.834065854549408;0.0;0.9619645476341248;0.0;0.7960547501412467;0.9444047902630928;0.055595209736907236
1731801755.3103766;/app/bags/user95_2017-02-24.bag;0.834065854549408;0.0;0.9619645476341248;0.0;0.7960547501412467;0.9444047902630928;0.055595209736907236
1731801755.5103648;/app/bags/user95_2017-02-24.bag;0.834065854549408;0.0;0.9619645476341248;0.0;0.7960547501412467;0.9444047902630928;0.055595209736907236
1731801755.7104328;/app/bags/user95_2017-02-24.bag;0.834065854549408;0.0;0.9619645476341248;0.0;0.7960547501412467;0.9444047902630928;0.055595209736907236
1731801755.9103978;/app/bags/user95_2017-02-24.bag;0.834065854549408;0.0;0.9619645476341248;0.0;0.7960547501412467;0.9444047902630928;0.055595209736907236
1731801756.110402;/app/bags/user95_2017-02-24.bag;0.834065854549408;0.0;0.9619645476341248;0.0;0.7960547501412467;0.9444047902630928;0.055595209736907236
1731801756.3104424;/app/bags/user95_2017-02-24.bag;0.834065854549408;0.0;0.9619645476341248;0.0;0.7960547501412467;0.9444047902630928;0.055595209736907236
1731801756.5104005;/app/bags/user95_2017-02-24.bag;0.834065854549408;0.0;0.9619645476341248;0.0;0.7960547501412467;0.9444047902630928;0.055595209736907236
1731801756.7104077;/app/bags/user95_2017-02-24.bag;0.834065854549408;0.0;0.9619645476341248;0.0;0.7960547501412467;0.9444047902630928;0.055595209736907236
1731801756.9104373;/app/bags/user95_2017-02-24.bag;0.834065854549408;0.0;0.9619645476341248;0.0;0.7960547501412467;0.9444047902630928;0.055595209736907236
1731801757.1103554;/app/bags/user95_2017-02-24.bag;0.834065854549408;0.0;0.9619645476341248;0.0;0.7960547501412467;0.9444047902630928;0.055595209736907236
1731801757.3103385;/app/bags/user95_2017-02-24.bag;0.834065854549408;0.0;0.9619645476341248;0.0;0.7960547501412467;0.9444047902630928;0.055595209736907236
1731801757.510344;/app/bags/user95_2017-02-24.bag;0.834065854549408;0.0;0.9619645476341248;0.0;0.7960547501412467;0.9444047902630928;0.055595209736907236
1731801757.7103484;/app/bags/user95_2017-02-24.bag;0.834065854549408;0.0;0.9619645476341248;0.0;0.7960547501412467;0.9444047902630928;0.055595209736907236
1731801757.9103987;/app/bags/user95_2017-02-24.bag;0.834065854549408;0.0;0.9619645476341248;0.0;0.7960547501412467;0.9444047902630928;0.055595209736907236
1731801758.110478;/app/bags/user95_2017-02-24.bag;0.834065854549408;0.0;0.9619645476341248;0.0;0.7960547501412467;0.9444047902630928;0.055595209736907236
1731801758.3104055;/app/bags/user95_2017-02-24.bag;0.834065854549408;0.0;0.9619645476341248;0.0;0.7960547501412467;0.9444047902630928;0.055595209736907236
1731801758.5105648;/app/bags/user95_2017-02-24.bag;0.834065854549408;0.0;0.9619645476341248;0.0;0.7960547501412467;0.9444047902630928;0.055595209736907236
1731801758.710444;/app/bags/user95_2017-02-24.bag;0.834065854549408;0.0;0.9619645476341248;0.0;0.7960547501412467;0.9444047902630928;0.055595209736907236
1731801758.9103916;/app/bags/user95_2017-02-24.bag;0.834065854549408;0.0;0.9619645476341248;0.0;0.7960547501412467;0.9444047902630928;0.055595209736907236
1731801759.1104262;/app/bags/user95_2017-02-24.bag;0.834065854549408;0.0;0.9619645476341248;0.0;0.7960547501412467;0.9444047902630928;0.055595209736907236
1731801759.3104084;/app/bags/user95_2017-02-24.bag;0.834065854549408;0.0;0.9619645476341248;0.0;0.7960547501412467;0.9444047902630928;0.055595209736907236
1731801759.5104082;/app/bags/user95_2017-02-24.bag;0.834065854549408;0.0;0.9619645476341248;0.0;0.7960547501412467;0.9444047902630928;0.055595209736907236
1731801759.7103815;/app/bags/user95_2017-02-24.bag;0.834065854549408;0.0;0.9619645476341248;0.0;0.7960547501412467;0.9444047902630928;0.055595209736907236
1731801759.9103732;/app/bags/user95_2017-02-24.bag;0.834065854549408;0.0;0.9619645476341248;0.0;0.7960547501412467;0.9444047902630928;0.055595209736907236
1731801760.110394;/app/bags/user95_2017-02-24.bag;0.834065854549408;0.0;0.9619645476341248;0.0;0.7960547501412467;0.9444047902630928;0.055595209736907236
1731801760.3104033;/app/bags/user95_2017-02-24.bag;0.834065854549408;0.0;0.9619645476341248;0.0;0.7960547501412467;0.9444047902630928;0.055595209736907236
1731801760.5104342;/app/bags/user95_2017-02-24.bag;0.834065854549408;0.0;0.9619645476341248;0.0;0.7960547501412467;0.9444047902630928;0.055595209736907236
1731801760.7106147;/app/bags/user95_2017-02-24.bag;0.834065854549408;0.0;0.9619645476341248;0.0;0.7960547501412467;0.9444047902630928;0.055595209736907236
1731801760.9104104;/app/bags/user95_2017-02-24.bag;0.834065854549408;0.0;0.9619645476341248;0.0;0.7960547501412467;0.9444047902630928;0.055595209736907236
1731801761.110449;/app/bags/user95_2017-02-24.bag;0.834065854549408;0.0;0.9619645476341248;0.0;0.7960547501412467;0.9444047902630928;0.055595209736907236
1731801761.3104322;/app/bags/user95_2017-02-24.bag;0.834065854549408;0.0;0.9619645476341248;0.0;0.7960547501412467;0.9444047902630928;0.055595209736907236
1731801761.5103385;/app/bags/user95_2017-02-24.bag;0.834065854549408;0.0;0.9619645476341248;0.0;0.7960547501412467;0.9444047902630928;0.055595209736907236
1731801761.7103758;/app/bags/user95_2017-02-24.bag;0.834065854549408;0.0;0.9619645476341248;0.0;0.7960547501412467;0.9444047902630928;0.055595209736907236
1731801761.9103808;/app/bags/user95_2017-02-24.bag;0.834065854549408;0.0;0.9619645476341248;0.0;0.7960547501412467;0.9444047902630928;0.055595209736907236
1731801762.1103938;/app/bags/user95_2017-02-24.bag;0.834065854549408;0.0;0.9619645476341248;0.0;0.7960547501412467;0.9444047902630928;0.055595209736907236
1731801762.310392;/app/bags/user95_2017-02-24.bag;0.834065854549408;0.0;0.9619645476341248;0.0;0.7960547501412467;0.9444047902630928;0.055595209736907236
1731801762.5104132;/app/bags/user95_2017-02-24.bag;0.834065854549408;0.0;0.9619645476341248;0.0;0.7960547501412467;0.9444047902630928;0.055595209736907236
1731801762.7103972;/app/bags/user95_2017-02-24.bag;0.834065854549408;0.0;0.9619645476341248;0.0;0.7960547501412467;0.9444047902630928;0.055595209736907236
1731801762.910437;/app/bags/user95_2017-02-24.bag;0.834065854549408;0.0;0.9619645476341248;0.0;0.7960547501412467;0.9444047902630928;0.055595209736907236
1731801763.110399;/app/bags/user95_2017-02-24.bag;0.834065854549408;0.0;0.9619645476341248;0.0;0.7960547501412467;0.9444047902630928;0.055595209736907236
1731801763.3104544;/app/bags/user95_2017-02-24.bag;0.834065854549408;0.0;0.9619645476341248;0.0;0.7960547501412467;0.9444047902630928;0.055595209736907236
1731801763.510444;/app/bags/user95_2017-02-24.bag;0.834065854549408;0.0;0.9619645476341248;0.0;0.7960547501412467;0.9444047902630928;0.055595209736907236
1731801763.7104058;/app/bags/user95_2017-02-24.bag;0.834065854549408;0.0;0.9619645476341248;0.0;0.7960547501412467;0.9444047902630928;0.055595209736907236
1731801763.9103975;/app/bags/user95_2017-02-24.bag;0.834065854549408;0.0;0.9619645476341248;0.0;0.7960547501412467;0.9444047902630928;0.055595209736907236
1731801764.1103845;/app/bags/user95_2017-02-24.bag;0.834065854549408;0.0;0.9619645476341248;0.0;0.7960547501412467;0.9444047902630928;0.055595209736907236
1731801764.3104014;/app/bags/user95_2017-02-24.bag;0.834065854549408;0.0;0.9619645476341248;0.0;0.7960547501412467;0.9444047902630928;0.055595209736907236
1731801764.5104795;/app/bags/user95_2017-02-24.bag;0.834065854549408;0.0;0.9619645476341248;0.0;0.7960547501412467;0.9444047902630928;0.055595209736907236
1731801764.7103846;/app/bags/user95_2017-02-24.bag;0.834065854549408;0.0;0.9619645476341248;0.0;0.7960547501412467;0.9444047902630928;0.055595209736907236
1731801764.9104307;/app/bags/user95_2017-02-24.bag;0.834065854549408;0.0;0.9619645476341248;0.0;0.7960547501412467;0.9444047902630928;0.055595209736907236
1731801765.110405;/app/bags/user95_2017-02-24.bag;0.834065854549408;0.0;0.9619645476341248;0.0;0.7960547501412467;0.9444047902630928;0.055595209736907236
1731801765.3103518;/app/bags/user95_2017-02-24.bag;0.834065854549408;0.0;0.9619645476341248;0.0;0.7960547501412467;0.9444047902630928;0.055595209736907236
1731801765.510388;/app/bags/user95_2017-02-24.bag;0.834065854549408;0.0;0.9619645476341248;0.0;0.7960547501412467;0.9444047902630928;0.055595209736907236
1731801765.71038;/app/bags/user95_2017-02-24.bag;0.834065854549408;0.0;0.9619645476341248;0.0;0.7960547501412467;0.9444047902630928;0.055595209736907236
1731801765.9104578;/app/bags/user95_2017-02-24.bag;0.834065854549408;0.0;0.9619645476341248;0.0;0.7960547501412467;0.9444047902630928;0.055595209736907236
1731801766.1104372;/app/bags/user95_2017-02-24.bag;0.834065854549408;0.0;0.9619645476341248;0.0;0.7960547501412467;0.9444047902630928;0.055595209736907236
1731801766.3104305;/app/bags/user95_2017-02-24.bag;0.834065854549408;0.0;0.9619645476341248;0.0;0.7960547501412467;0.9444047902630928;0.055595209736907236
1731801766.510422;/app/bags/user95_2017-02-24.bag;0.834065854549408;0.0;0.9619645476341248;0.0;0.7960547501412467;0.9444047902630928;0.055595209736907236
1731801766.7103884;/app/bags/user95_2017-02-24.bag;0.834065854549408;0.0;0.9619645476341248;0.0;0.7960547501412467;0.9444047902630928;0.055595209736907236
1731801766.9103887;/app/bags/user95_2017-02-24.bag;0.834065854549408;0.0;0.9619645476341248;0.0;0.7960547501412467;0.9444047902630928;0.055595209736907236
1731801767.1103995;/app/bags/user95_2017-02-24.bag;0.834065854549408;0.0;0.9619645476341248;0.0;0.7960547501412467;0.9444047902630928;0.055595209736907236
1731801767.310411;/app/bags/user95_2017-02-24.bag;0.834065854549408;0.0;0.9619645476341248;0.0;0.7960547501412467;0.9444047902630928;0.055595209736907236
1731801767.5103686;/app/bags/user95_2017-02-24.bag;0.834065854549408;0.0;0.9619645476341248;0.0;0.7960547501412467;0.9444047902630928;0.055595209736907236
1731801767.7104752;/app/bags/user95_2017-02-24.bag;0.834065854549408;0.0;0.9619645476341248;0.0;0.7960547501412467;0.9444047902630928;0.055595209736907236
1731801767.9104161;/app/bags/user95_2017-02-24.bag;0.834065854549408;0.0;0.9619645476341248;0.0;0.7960547501412467;0.9444047902630928;0.055595209736907236
1731801768.1103623;/app/bags/user95_2017-02-24.bag;0.834065854549408;0.0;0.9619645476341248;0.0;0.7960547501412467;0.9444047902630928;0.055595209736907236
1731801768.3104763;/app/bags/user95_2017-02-24.bag;0.834065854549408;0.0;0.9619645476341248;0.0;0.7960547501412467;0.9444047902630928;0.055595209736907236
1731801768.5103595;/app/bags/user95_2017-02-24.bag;0.834065854549408;0.0;0.9619645476341248;0.0;0.7960547501412467;0.9444047902630928;0.055595209736907236
1731801768.7103882;/app/bags/user95_2017-02-24.bag;0.834065854549408;0.0;0.9619645476341248;0.0;0.7960547501412467;0.9444047902630928;0.055595209736907236
1731801768.9103937;/app/bags/user95_2017-02-24.bag;0.834065854549408;0.0;0.9619645476341248;0.0;0.7960547501412467;0.9444047902630928;0.055595209736907236
1731801769.110403;/app/bags/user95_2017-02-24.bag;0.834065854549408;0.0;0.9619645476341248;0.0;0.7960547501412467;0.9444047902630928;0.055595209736907236
1731801769.3103726;/app/bags/user95_2017-02-24.bag;0.834065854549408;0.0;0.9619645476341248;0.0;0.7960547501412467;0.9444047902630928;0.055595209736907236
1731801769.5103905;/app/bags/user95_2017-02-24.bag;0.834065854549408;0.0;0.9619645476341248;0.0;0.7960547501412467;0.9444047902630928;0.055595209736907236
1731801769.7104266;/app/bags/user95_2017-02-24.bag;0.834065854549408;0.0;0.9619645476341248;0.0;0.7960547501412467;0.9444047902630928;0.055595209736907236
1731801769.9104626;/app/bags/user95_2017-02-24.bag;0.834065854549408;0.0;0.9619645476341248;0.0;0.7960547501412467;0.9444047902630928;0.055595209736907236
1731801770.1103878;/app/bags/user95_2017-02-24.bag;0.834065854549408;0.0;0.9619645476341248;0.0;0.7960547501412467;0.9444047902630928;0.055595209736907236
1731801770.3104491;/app/bags/user95_2017-02-24.bag;0.834065854549408;0.0;0.9619645476341248;0.0;0.7960547501412467;0.9444047902630928;0.055595209736907236
1731801770.5103943;/app/bags/user95_2017-02-24.bag;0.834065854549408;0.0;0.9619645476341248;0.0;0.7960547501412467;0.9444047902630928;0.055595209736907236
1731801770.7103727;/app/bags/user95_2017-02-24.bag;0.834065854549408;0.0;0.9619645476341248;0.0;0.7960547501412467;0.9444047902630928;0.055595209736907236
1731801770.910354;/app/bags/user95_2017-02-24.bag;0.834065854549408;0.0;0.9619645476341248;0.0;0.7960547501412467;0.9444047902630928;0.055595209736907236
1731801771.1104126;/app/bags/user95_2017-02-24.bag;0.834065854549408;0.0;0.9619645476341248;0.0;0.7960547501412467;0.9444047902630928;0.055595209736907236
1731801771.3104384;/app/bags/user95_2017-02-24.bag;0.834065854549408;0.0;0.9619645476341248;0.0;0.7960547501412467;0.9444047902630928;0.055595209736907236
1731801771.5103903;/app/bags/user95_2017-02-24.bag;0.834065854549408;0.0;0.9619645476341248;0.0;0.7960547501412467;0.9444047902630928;0.055595209736907236
1731801771.710376;/app/bags/user95_2017-02-24.bag;0.834065854549408;0.0;0.9619645476341248;0.0;0.7960547501412467;0.9444047902630928;0.055595209736907236
1731801771.910391;/app/bags/user95_2017-02-24.bag;0.834065854549408;0.0;0.9619645476341248;0.0;0.7960547501412467;0.9444047902630928;0.055595209736907236
1731801772.1104836;/app/bags/user95_2017-02-24.bag;0.834065854549408;0.0;0.9619645476341248;0.0;0.7960547501412467;0.9444047902630928;0.055595209736907236
1731801772.31036;/app/bags/user95_2017-02-24.bag;0.834065854549408;0.0;0.9619645476341248;0.0;0.7960547501412467;0.9444047902630928;0.055595209736907236
1731801772.5103958;/app/bags/user95_2017-02-24.bag;0.834065854549408;0.0;0.9619645476341248;0.0;0.7960547501412467;0.9444047902630928;0.055595209736907236
1731801772.7103965;/app/bags/user95_2017-02-24.bag;0.834065854549408;0.0;0.9619645476341248;0.0;0.7960547501412467;0.9444047902630928;0.055595209736907236
1731801772.9104016;/app/bags/user95_2017-02-24.bag;0.834065854549408;0.0;0.9619645476341248;0.0;0.7960547501412467;0.9444047902630928;0.055595209736907236
1731801773.1104863;/app/bags/user95_2017-02-24.bag;0.834065854549408;0.0;0.9619645476341248;0.0;0.7960547501412467;0.9444047902630928;0.055595209736907236
1731801773.3104017;/app/bags/user95_2017-02-24.bag;0.834065854549408;0.0;0.9619645476341248;0.0;0.7960547501412467;0.9444047902630928;0.055595209736907236
1731801773.510432;/app/bags/user95_2017-02-24.bag;0.834065854549408;0.0;0.9619645476341248;0.0;0.7960547501412467;0.9444047902630928;0.055595209736907236
1731801773.7104225;/app/bags/user95_2017-02-24.bag;0.834065854549408;0.0;0.9619645476341248;0.0;0.7960547501412467;0.9444047902630928;0.055595209736907236
1731801773.9103959;/app/bags/user95_2017-02-24.bag;0.834065854549408;0.0;0.9619645476341248;0.0;0.7960547501412467;0.9444047902630928;0.055595209736907236
1731801774.110385;/app/bags/user95_2017-02-24.bag;0.834065854549408;0.0;0.9619645476341248;0.0;0.7960547501412467;0.9444047902630928;0.055595209736907236
1731801774.3104112;/app/bags/user95_2017-02-24.bag;0.834065854549408;0.0;0.9619645476341248;0.0;0.7960547501412467;0.9444047902630928;0.055595209736907236
1731801774.51042;/app/bags/user95_2017-02-24.bag;0.834065854549408;0.0;0.9619645476341248;0.0;0.7960547501412467;0.9444047902630928;0.055595209736907236
1731801774.7104652;/app/bags/user95_2017-02-24.bag;0.834065854549408;0.0;0.9619645476341248;0.0;0.7960547501412467;0.9444047902630928;0.055595209736907236
1731801774.910386;/app/bags/user95_2017-02-24.bag;0.834065854549408;0.0;0.9619645476341248;0.0;0.7960547501412467;0.9444047902630928;0.055595209736907236
1731801775.1104877;/app/bags/user95_2017-02-24.bag;0.834065854549408;0.0;0.9619645476341248;0.0;0.7960547501412467;0.9444047902630928;0.055595209736907236
1731801775.310399;/app/bags/user95_2017-02-24.bag;0.834065854549408;0.0;0.9619645476341248;0.0;0.7960547501412467;0.9444047902630928;0.055595209736907236
1731801775.5103724;/app/bags/user95_2017-02-24.bag;0.834065854549408;0.0;0.9619645476341248;0.0;0.7960547501412467;0.9444047902630928;0.055595209736907236
1731801775.710409;/app/bags/user95_2017-02-24.bag;0.834065854549408;0.0;0.9619645476341248;0.0;0.7960547501412467;0.9444047902630928;0.055595209736907236
1731801775.9104066;/app/bags/user95_2017-02-24.bag;0.834065854549408;0.0;0.9619645476341248;0.0;0.7960547501412467;0.9444047902630928;0.055595209736907236
1731801776.1104434;/app/bags/user95_2017-02-24.bag;0.834065854549408;0.0;0.9619645476341248;0.0;0.7960547501412467;0.9444047902630928;0.055595209736907236
1731801776.310424;/app/bags/user95_2017-02-24.bag;0.834065854549408;0.0;0.9619645476341248;0.0;0.7960547501412467;0.9444047902630928;0.055595209736907236
1731801776.5103896;/app/bags/user95_2017-02-24.bag;0.834065854549408;0.0;0.9619645476341248;0.0;0.7960547501412467;0.9444047902630928;0.055595209736907236
1731801776.7104056;/app/bags/user95_2017-02-24.bag;0.834065854549408;0.0;0.9619645476341248;0.0;0.7960547501412467;0.9444047902630928;0.055595209736907236
1731801776.910408;/app/bags/user95_2017-02-24.bag;0.834065854549408;0.0;0.9619645476341248;0.0;0.7960547501412467;0.9444047902630928;0.055595209736907236
1731801777.110431;/app/bags/user95_2017-02-24.bag;0.834065854549408;0.0;0.9619645476341248;0.0;0.7960547501412467;0.9444047902630928;0.055595209736907236
1731801777.3103852;/app/bags/user95_2017-02-24.bag;0.834065854549408;0.0;0.9619645476341248;0.0;0.7960547501412467;0.9444047902630928;0.055595209736907236
1731801777.5103843;/app/bags/user95_2017-02-24.bag;0.834065854549408;0.0;0.9619645476341248;0.0;0.7960547501412467;0.9444047902630928;0.055595209736907236
1731801777.7103934;/app/bags/user95_2017-02-24.bag;0.834065854549408;0.0;0.9619645476341248;0.0;0.7960547501412467;0.9444047902630928;0.055595209736907236
1731801777.9103987;/app/bags/user95_2017-02-24.bag;0.834065854549408;0.0;0.9619645476341248;0.0;0.7960547501412467;0.9444047902630928;0.055595209736907236
1731801778.1105375;/app/bags/user95_2017-02-24.bag;0.834065854549408;0.0;0.9619645476341248;0.0;0.7960547501412467;0.9444047902630928;0.055595209736907236
1731801778.3103738;/app/bags/user95_2017-02-24.bag;0.834065854549408;0.0;0.9619645476341248;0.0;0.7960547501412467;0.9444047902630928;0.055595209736907236
1731801778.510403;/app/bags/user95_2017-02-24.bag;0.834065854549408;0.0;0.9619645476341248;0.0;0.7960547501412467;0.9444047902630928;0.055595209736907236
1731801778.7104;/app/bags/user95_2017-02-24.bag;0.834065854549408;0.0;0.9619645476341248;0.0;0.7960547501412467;0.9444047902630928;0.055595209736907236
1731801778.9104269;/app/bags/user95_2017-02-24.bag;0.834065854549408;0.0;0.9619645476341248;0.0;0.7960547501412467;0.9444047902630928;0.055595209736907236
1731801779.1104038;/app/bags/user95_2017-02-24.bag;0.834065854549408;0.0;0.9619645476341248;0.0;0.7960547501412467;0.9444047902630928;0.055595209736907236
1731801779.3103411;/app/bags/user95_2017-02-24.bag;0.834065854549408;0.0;0.9619645476341248;0.0;0.7960547501412467;0.9444047902630928;0.055595209736907236
1731801779.5104024;/app/bags/user95_2017-02-24.bag;0.834065854549408;0.0;0.9619645476341248;0.0;0.7960547501412467;0.9444047902630928;0.055595209736907236
1731801779.710378;/app/bags/user95_2017-02-24.bag;0.834065854549408;0.0;0.9619645476341248;0.0;0.7960547501412467;0.9444047902630928;0.055595209736907236
1731801779.9104092;/app/bags/user95_2017-02-24.bag;0.834065854549408;0.0;0.9619645476341248;0.0;0.7960547501412467;0.9444047902630928;0.055595209736907236
1731801780.110394;/app/bags/user95_2017-02-24.bag;0.834065854549408;0.0;0.9619645476341248;0.0;0.7960547501412467;0.9444047902630928;0.055595209736907236
1731801780.310411;/app/bags/user95_2017-02-24.bag;0.834065854549408;0.0;0.9619645476341248;0.0;0.7960547501412467;0.9444047902630928;0.055595209736907236
1731801780.510466;/app/bags/user95_2017-02-24.bag;0.834065854549408;0.0;0.9619645476341248;0.0;0.7960547501412467;0.9444047902630928;0.055595209736907236
1731801780.7104273;/app/bags/user95_2017-02-24.bag;0.834065854549408;0.0;0.9619645476341248;0.0;0.7960547501412467;0.9444047902630928;0.055595209736907236
1731801780.9103527;/app/bags/user95_2017-02-24.bag;0.834065854549408;0.0;0.9619645476341248;0.0;0.7960547501412467;0.9444047902630928;0.055595209736907236
1731801781.1104026;/app/bags/user95_2017-02-24.bag;0.834065854549408;0.0;0.9619645476341248;0.0;0.7960547501412467;0.9444047902630928;0.055595209736907236
1731801781.3104067;/app/bags/user95_2017-02-24.bag;0.834065854549408;0.0;0.9619645476341248;0.0;0.7960547501412467;0.9444047902630928;0.055595209736907236
1731801781.5104399;/app/bags/user95_2017-02-24.bag;0.834065854549408;0.0;0.9619645476341248;0.0;0.7960547501412467;0.9444047902630928;0.055595209736907236
1731801781.710395;/app/bags/user95_2017-02-24.bag;0.834065854549408;0.0;0.9619645476341248;0.0;0.7960547501412467;0.9444047902630928;0.055595209736907236
1731801781.9104393;/app/bags/user95_2017-02-24.bag;0.834065854549408;0.0;0.9619645476341248;0.0;0.7960547501412467;0.9444047902630928;0.055595209736907236
1731801782.1104002;/app/bags/user95_2017-02-24.bag;0.834065854549408;0.0;0.9619645476341248;0.0;0.7960547501412467;0.9444047902630928;0.055595209736907236
1731801782.3103795;/app/bags/user95_2017-02-24.bag;0.834065854549408;0.0;0.9619645476341248;0.0;0.7960547501412467;0.9444047902630928;0.055595209736907236
1731801782.5104322;/app/bags/user95_2017-02-24.bag;0.834065854549408;0.0;0.9619645476341248;0.0;0.7960547501412467;0.9444047902630928;0.055595209736907236
1731801782.7105265;/app/bags/user95_2017-02-24.bag;0.834065854549408;0.0;0.9619645476341248;0.0;0.7960547501412467;0.9444047902630928;0.055595209736907236
1731801782.9104347;/app/bags/user95_2017-02-24.bag;0.834065854549408;0.0;0.9619645476341248;0.0;0.7960547501412467;0.9444047902630928;0.055595209736907236
1731801783.1104045;/app/bags/user95_2017-02-24.bag;0.834065854549408;0.0;0.9619645476341248;0.0;0.7960547501412467;0.9444047902630928;0.055595209736907236
1731801783.3104234;/app/bags/user95_2017-02-24.bag;0.834065854549408;0.0;0.9619645476341248;0.0;0.7960547501412467;0.9444047902630928;0.055595209736907236
1731801783.5103705;/app/bags/user95_2017-02-24.bag;0.834065854549408;0.0;0.9619645476341248;0.0;0.7960547501412467;0.9444047902630928;0.055595209736907236
1731801783.7104025;/app/bags/user95_2017-02-24.bag;0.834065854549408;0.0;0.9619645476341248;0.0;0.7960547501412467;0.9444047902630928;0.055595209736907236
1731801783.910365;/app/bags/user95_2017-02-24.bag;0.834065854549408;0.0;0.9619645476341248;0.0;0.7960547501412467;0.9444047902630928;0.055595209736907236
1731801784.110381;/app/bags/user95_2017-02-24.bag;0.834065854549408;0.0;0.9619645476341248;0.0;0.7960547501412467;0.9444047902630928;0.055595209736907236
1731801784.310416;/app/bags/user95_2017-02-24.bag;0.834065854549408;0.0;0.9619645476341248;0.0;0.7960547501412467;0.9444047902630928;0.055595209736907236
1731801784.5104563;/app/bags/user95_2017-02-24.bag;0.834065854549408;0.0;0.9619645476341248;0.0;0.7960547501412467;0.9444047902630928;0.055595209736907236
1731801784.7103531;/app/bags/user95_2017-02-24.bag;0.834065854549408;0.0;0.9619645476341248;0.0;0.7960547501412467;0.9444047902630928;0.055595209736907236
1731801784.9104588;/app/bags/user95_2017-02-24.bag;0.834065854549408;0.0;0.9619645476341248;0.0;0.7960547501412467;0.9444047902630928;0.055595209736907236
1731801785.1104422;/app/bags/user95_2017-02-24.bag;0.834065854549408;0.0;0.9619645476341248;0.0;0.7960547501412467;0.9444047902630928;0.055595209736907236
1731801785.310401;/app/bags/user95_2017-02-24.bag;0.834065854549408;0.0;0.9619645476341248;0.0;0.7960547501412467;0.9444047902630928;0.055595209736907236
1731801785.510388;/app/bags/user95_2017-02-24.bag;0.834065854549408;0.0;0.9619645476341248;0.0;0.7960547501412467;0.9444047902630928;0.055595209736907236
1731801785.7103715;/app/bags/user95_2017-02-24.bag;0.834065854549408;0.0;0.9619645476341248;0.0;0.7960547501412467;0.9444047902630928;0.055595209736907236
1731801785.9103944;/app/bags/user95_2017-02-24.bag;0.834065854549408;0.0;0.9619645476341248;0.0;0.7960547501412467;0.9444047902630928;0.055595209736907236
1731801786.11047;/app/bags/user95_2017-02-24.bag;0.834065854549408;0.0;0.9619645476341248;0.0;0.7960547501412467;0.9444047902630928;0.055595209736907236
1731801786.3104076;/app/bags/user95_2017-02-24.bag;0.834065854549408;0.0;0.9619645476341248;0.0;0.7960547501412467;0.9444047902630928;0.055595209736907236
1731801786.5104525;/app/bags/user95_2017-02-24.bag;0.834065854549408;0.0;0.9619645476341248;0.0;0.7960547501412467;0.9444047902630928;0.055595209736907236
1731801786.7104278;/app/bags/user95_2017-02-24.bag;0.834065854549408;0.0;0.9619645476341248;0.0;0.7960547501412467;0.9444047902630928;0.055595209736907236
1731801786.9106145;/app/bags/user95_2017-02-24.bag;0.834065854549408;0.0;0.9619645476341248;0.0;0.7960547501412467;0.9444047902630928;0.055595209736907236
1731801787.1103487;/app/bags/user95_2017-02-24.bag;0.834065854549408;0.0;0.9619645476341248;0.0;0.7960547501412467;0.9444047902630928;0.055595209736907236
1731801787.3103905;/app/bags/user95_2017-02-24.bag;0.834065854549408;0.0;0.9619645476341248;0.0;0.7960547501412467;0.9444047902630928;0.055595209736907236
1731801787.5103836;/app/bags/user95_2017-02-24.bag;0.834065854549408;0.0;0.9619645476341248;0.0;0.7960547501412467;0.9444047902630928;0.055595209736907236
1731801787.710451;/app/bags/user95_2017-02-24.bag;0.834065854549408;0.0;0.9619645476341248;0.0;0.7960547501412467;0.9444047902630928;0.055595209736907236
1731801787.9104092;/app/bags/user95_2017-02-24.bag;0.834065854549408;0.0;0.9619645476341248;0.0;0.7960547501412467;0.9444047902630928;0.055595209736907236
1731801788.1103816;/app/bags/user95_2017-02-24.bag;0.834065854549408;0.0;0.9619645476341248;0.0;0.7960547501412467;0.9444047902630928;0.055595209736907236
1731801788.3104315;/app/bags/user95_2017-02-24.bag;0.834065854549408;0.0;0.9619645476341248;0.0;0.7960547501412467;0.9444047902630928;0.055595209736907236
1731801788.5103889;/app/bags/user95_2017-02-24.bag;0.834065854549408;0.0;0.9619645476341248;0.0;0.7960547501412467;0.9444047902630928;0.055595209736907236
1731801788.7103925;/app/bags/user95_2017-02-24.bag;0.834065854549408;0.0;0.9619645476341248;0.0;0.7960547501412467;0.9444047902630928;0.055595209736907236
1731801788.9103856;/app/bags/user95_2017-02-24.bag;0.834065854549408;0.0;0.9619645476341248;0.0;0.7960547501412467;0.9444047902630928;0.055595209736907236
1731801789.1104333;/app/bags/user95_2017-02-24.bag;0.834065854549408;0.0;0.9619645476341248;0.0;0.7960547501412467;0.9444047902630928;0.055595209736907236
1731801789.310408;/app/bags/user95_2017-02-24.bag;0.834065854549408;0.0;0.9619645476341248;0.0;0.7960547501412467;0.9444047902630928;0.055595209736907236
1731801789.5104036;/app/bags/user95_2017-02-24.bag;0.834065854549408;0.0;0.9619645476341248;0.0;0.7960547501412467;0.9444047902630928;0.055595209736907236
1731801789.7104156;/app/bags/user95_2017-02-24.bag;0.834065854549408;0.0;0.9619645476341248;0.0;0.7960547501412467;0.9444047902630928;0.055595209736907236
1731801789.9103725;/app/bags/user95_2017-02-24.bag;0.834065854549408;0.0;0.9619645476341248;0.0;0.7960547501412467;0.9444047902630928;0.055595209736907236
1731801790.110376;/app/bags/user95_2017-02-24.bag;0.834065854549408;0.0;0.9619645476341248;0.0;0.7960547501412467;0.9444047902630928;0.055595209736907236
1731801790.3103795;/app/bags/user95_2017-02-24.bag;0.834065854549408;0.0;0.9619645476341248;0.0;0.7960547501412467;0.9444047902630928;0.055595209736907236
1731801790.5104802;/app/bags/user95_2017-02-24.bag;0.834065854549408;0.0;0.9619645476341248;0.0;0.7960547501412467;0.9444047902630928;0.055595209736907236
1731801790.710479;/app/bags/user95_2017-02-24.bag;0.834065854549408;0.0;0.9619645476341248;0.0;0.7960547501412467;0.9444047902630928;0.055595209736907236
1731801790.910371;/app/bags/user95_2017-02-24.bag;0.834065854549408;0.0;0.9619645476341248;0.0;0.7960547501412467;0.9444047902630928;0.055595209736907236
1731801791.110407;/app/bags/user95_2017-02-24.bag;0.834065854549408;0.0;0.9619645476341248;0.0;0.7960547501412467;0.9444047902630928;0.055595209736907236
1731801791.3104222;/app/bags/user95_2017-02-24.bag;0.834065854549408;0.0;0.9619645476341248;0.0;0.7960547501412467;0.9444047902630928;0.055595209736907236
1731801791.5103946;/app/bags/user95_2017-02-24.bag;0.834065854549408;0.0;0.9619645476341248;0.0;0.7960547501412467;0.9444047902630928;0.055595209736907236
1731801791.7104266;/app/bags/user95_2017-02-24.bag;0.834065854549408;0.0;0.9619645476341248;0.0;0.7960547501412467;0.9444047902630928;0.055595209736907236
1731801791.9103992;/app/bags/user95_2017-02-24.bag;0.834065854549408;0.0;0.9619645476341248;0.0;0.7960547501412467;0.9444047902630928;0.055595209736907236
1731801792.1103897;/app/bags/user95_2017-02-24.bag;0.834065854549408;0.0;0.9619645476341248;0.0;0.7960547501412467;0.9444047902630928;0.055595209736907236
1731801792.310449;/app/bags/user95_2017-02-24.bag;0.834065854549408;0.0;0.9619645476341248;0.0;0.7960547501412467;0.9444047902630928;0.055595209736907236
1731801792.5104043;/app/bags/user95_2017-02-24.bag;0.834065854549408;0.0;0.9619645476341248;0.0;0.7960547501412467;0.9444047902630928;0.055595209736907236
1731801792.7104084;/app/bags/user95_2017-02-24.bag;0.834065854549408;0.0;0.9619645476341248;0.0;0.7960547501412467;0.9444047902630928;0.055595209736907236
1731801792.9104056;/app/bags/user95_2017-02-24.bag;0.834065854549408;0.0;0.9619645476341248;0.0;0.7960547501412467;0.9444047902630928;0.055595209736907236
1731801793.1103666;/app/bags/user95_2017-02-24.bag;0.834065854549408;0.0;0.9619645476341248;0.0;0.7960547501412467;0.9444047902630928;0.055595209736907236
1731801793.3105783;/app/bags/user95_2017-02-24.bag;0.834065854549408;0.0;0.9619645476341248;0.0;0.7960547501412467;0.9444047902630928;0.055595209736907236
1731801793.5103822;/app/bags/user95_2017-02-24.bag;0.834065854549408;0.0;0.9619645476341248;0.0;0.7960547501412467;0.9444047902630928;0.055595209736907236
1731801793.7103915;/app/bags/user95_2017-02-24.bag;0.834065854549408;0.0;0.9619645476341248;0.0;0.7960547501412467;0.9444047902630928;0.055595209736907236
1731801793.9103515;/app/bags/user95_2017-02-24.bag;0.834065854549408;0.0;0.9619645476341248;0.0;0.7960547501412467;0.9444047902630928;0.055595209736907236
1731801794.110394;/app/bags/user95_2017-02-24.bag;0.834065854549408;0.0;0.9619645476341248;0.0;0.7960547501412467;0.9444047902630928;0.055595209736907236
1731801794.3104186;/app/bags/user95_2017-02-24.bag;0.834065854549408;0.0;0.9619645476341248;0.0;0.7960547501412467;0.9444047902630928;0.055595209736907236
1731801794.5103757;/app/bags/user95_2017-02-24.bag;0.834065854549408;0.0;0.9619645476341248;0.0;0.7960547501412467;0.9444047902630928;0.055595209736907236
1731801794.7103782;/app/bags/user95_2017-02-24.bag;0.834065854549408;0.0;0.9619645476341248;0.0;0.7960547501412467;0.9444047902630928;0.055595209736907236
1731801794.9103699;/app/bags/user95_2017-02-24.bag;0.834065854549408;0.0;0.9619645476341248;0.0;0.7960547501412467;0.9444047902630928;0.055595209736907236
1731801795.110446;/app/bags/user95_2017-02-24.bag;0.834065854549408;0.0;0.9619645476341248;0.0;0.7960547501412467;0.9444047902630928;0.055595209736907236
1731801795.3103848;/app/bags/user95_2017-02-24.bag;0.834065854549408;0.0;0.9619645476341248;0.0;0.7960547501412467;0.9444047902630928;0.055595209736907236
1731801795.510422;/app/bags/user95_2017-02-24.bag;0.834065854549408;0.0;0.9619645476341248;0.0;0.7960547501412467;0.9444047902630928;0.055595209736907236
1731801795.7103798;/app/bags/user95_2017-02-24.bag;0.834065854549408;0.0;0.9619645476341248;0.0;0.7960547501412467;0.9444047902630928;0.055595209736907236
1731801795.9104786;/app/bags/user95_2017-02-24.bag;0.834065854549408;0.0;0.9619645476341248;0.0;0.7960547501412467;0.9444047902630928;0.055595209736907236
1731801796.1103709;/app/bags/user95_2017-02-24.bag;0.834065854549408;0.0;0.9619645476341248;0.0;0.7960547501412467;0.9444047902630928;0.055595209736907236
1731801796.3104627;/app/bags/user95_2017-02-24.bag;0.834065854549408;0.0;0.9619645476341248;0.0;0.7960547501412467;0.9444047902630928;0.055595209736907236
1731801796.5104153;/app/bags/user95_2017-02-24.bag;0.834065854549408;0.0;0.9619645476341248;0.0;0.7960547501412467;0.9444047902630928;0.055595209736907236
1731801796.7104392;/app/bags/user95_2017-02-24.bag;0.834065854549408;0.0;0.9619645476341248;0.0;0.7960547501412467;0.9444047902630928;0.055595209736907236
1731801796.910516;/app/bags/user95_2017-02-24.bag;0.834065854549408;0.0;0.9619645476341248;0.0;0.7960547501412467;0.9444047902630928;0.055595209736907236
1731801797.1103947;/app/bags/user95_2017-02-24.bag;0.834065854549408;0.0;0.9619645476341248;0.0;0.7960547501412467;0.9444047902630928;0.055595209736907236
1731801797.3103848;/app/bags/user95_2017-02-24.bag;0.834065854549408;0.0;0.9619645476341248;0.0;0.7960547501412467;0.9444047902630928;0.055595209736907236
1731801797.5104396;/app/bags/user95_2017-02-24.bag;0.834065854549408;0.0;0.9619645476341248;0.0;0.7960547501412467;0.9444047902630928;0.055595209736907236
1731801797.7152941;/app/bags/user95_2017-02-24.bag;0.834065854549408;0.0;0.9619645476341248;0.0;0.7960547501412467;0.9444047902630928;0.055595209736907236
1731801797.9104128;/app/bags/user95_2017-02-24.bag;0.834065854549408;0.0;0.9619645476341248;0.0;0.7960547501412467;0.9444047902630928;0.055595209736907236
1731801798.1103861;/app/bags/user95_2017-02-24.bag;0.834065854549408;0.0;0.9619645476341248;0.0;0.7960547501412467;0.9444047902630928;0.055595209736907236
1731801798.3103702;/app/bags/user95_2017-02-24.bag;0.834065854549408;0.0;0.9619645476341248;0.0;0.7960547501412467;0.9444047902630928;0.055595209736907236
1731801798.5104733;/app/bags/user95_2017-02-24.bag;0.834065854549408;0.0;0.9619645476341248;0.0;0.7960547501412467;0.9444047902630928;0.055595209736907236
1731801798.7103906;/app/bags/user95_2017-02-24.bag;0.834065854549408;0.0;0.9619645476341248;0.0;0.7960547501412467;0.9444047902630928;0.055595209736907236
1731801798.9103842;/app/bags/user95_2017-02-24.bag;0.834065854549408;0.0;0.9619645476341248;0.0;0.7960547501412467;0.9444047902630928;0.055595209736907236
1731801799.1103928;/app/bags/user95_2017-02-24.bag;0.834065854549408;0.0;0.9619645476341248;0.0;0.7960547501412467;0.9444047902630928;0.055595209736907236
1731801799.310471;/app/bags/user95_2017-02-24.bag;0.834065854549408;0.0;0.9619645476341248;0.0;0.7960547501412467;0.9444047902630928;0.055595209736907236
1731801799.5103867;/app/bags/user95_2017-02-24.bag;0.834065854549408;0.0;0.9619645476341248;0.0;0.7960547501412467;0.9444047902630928;0.055595209736907236
1731801799.7104297;/app/bags/user95_2017-02-24.bag;0.834065854549408;0.0;0.9619645476341248;0.0;0.7960547501412467;0.9444047902630928;0.055595209736907236
1731801799.9104047;/app/bags/user95_2017-02-24.bag;0.834065854549408;0.0;0.9619645476341248;0.0;0.7960547501412467;0.9444047902630928;0.055595209736907236
1731801800.110382;/app/bags/user95_2017-02-24.bag;0.834065854549408;0.0;0.9619645476341248;0.0;0.7960547501412467;0.9444047902630928;0.055595209736907236
1731801800.310385;/app/bags/user95_2017-02-24.bag;0.834065854549408;0.0;0.9619645476341248;0.0;0.7960547501412467;0.9444047902630928;0.055595209736907236
1731801800.5103998;/app/bags/user95_2017-02-24.bag;0.834065854549408;0.0;0.9619645476341248;0.0;0.7960547501412467;0.9444047902630928;0.055595209736907236
1731801800.7104712;/app/bags/user95_2017-02-24.bag;0.834065854549408;0.0;0.9619645476341248;0.0;0.7960547501412467;0.9444047902630928;0.055595209736907236
1731801800.9104574;/app/bags/user95_2017-02-24.bag;0.834065854549408;0.0;0.9619645476341248;0.0;0.7960547501412467;0.9444047902630928;0.055595209736907236
1731801801.110405;/app/bags/user95_2017-02-24.bag;0.834065854549408;0.0;0.9619645476341248;0.0;0.7960547501412467;0.9444047902630928;0.055595209736907236
1731801801.310422;/app/bags/user95_2017-02-24.bag;0.834065854549408;0.0;0.9619645476341248;0.0;0.7960547501412467;0.9444047902630928;0.055595209736907236
1731801801.510394;/app/bags/user95_2017-02-24.bag;0.834065854549408;0.0;0.9619645476341248;0.0;0.7960547501412467;0.9444047902630928;0.055595209736907236
1731801801.7104273;/app/bags/user95_2017-02-24.bag;0.834065854549408;0.0;0.9619645476341248;0.0;0.7960547501412467;0.9444047902630928;0.055595209736907236
1731801801.9104025;/app/bags/user95_2017-02-24.bag;0.834065854549408;0.0;0.9619645476341248;0.0;0.7960547501412467;0.9444047902630928;0.055595209736907236
1731801802.1103957;/app/bags/user95_2017-02-24.bag;0.834065854549408;0.0;0.9619645476341248;0.0;0.7960547501412467;0.9444047902630928;0.055595209736907236
1731801802.3104885;/app/bags/user95_2017-02-24.bag;0.834065854549408;0.0;0.9619645476341248;0.0;0.7960547501412467;0.9444047902630928;0.055595209736907236
1731801802.510407;/app/bags/user95_2017-02-24.bag;0.834065854549408;0.0;0.9619645476341248;0.0;0.7960547501412467;0.9444047902630928;0.055595209736907236
1731801802.7103941;/app/bags/user95_2017-02-24.bag;0.834065854549408;0.0;0.9619645476341248;0.0;0.7960547501412467;0.9444047902630928;0.055595209736907236
1731801802.9104013;/app/bags/user95_2017-02-24.bag;0.834065854549408;0.0;0.9619645476341248;0.0;0.7960547501412467;0.9444047902630928;0.055595209736907236
1731801803.1104655;/app/bags/user95_2017-02-24.bag;0.834065854549408;0.0;0.9619645476341248;0.0;0.7960547501412467;0.9444047902630928;0.055595209736907236
1731801803.310404;/app/bags/user95_2017-02-24.bag;0.834065854549408;0.0;0.9619645476341248;0.0;0.7960547501412467;0.9444047902630928;0.055595209736907236
1731801803.5105371;/app/bags/user95_2017-02-24.bag;0.834065854549408;0.0;0.9619645476341248;0.0;0.7960547501412467;0.9444047902630928;0.055595209736907236
1731801803.710394;/app/bags/user95_2017-02-24.bag;0.834065854549408;0.0;0.9619645476341248;0.0;0.7960547501412467;0.9444047902630928;0.055595209736907236
1731801803.9103947;/app/bags/user95_2017-02-24.bag;0.834065854549408;0.0;0.9619645476341248;0.0;0.7960547501412467;0.9444047902630928;0.055595209736907236
1731801804.1104124;/app/bags/user95_2017-02-24.bag;0.834065854549408;0.0;0.9619645476341248;0.0;0.7960547501412467;0.9444047902630928;0.055595209736907236
1731801804.3104198;/app/bags/user95_2017-02-24.bag;0.834065854549408;0.0;0.9619645476341248;0.0;0.7960547501412467;0.9444047902630928;0.055595209736907236
1731801804.5103996;/app/bags/user95_2017-02-24.bag;0.834065854549408;0.0;0.9619645476341248;0.0;0.7960547501412467;0.9444047902630928;0.055595209736907236
1731801804.710383;/app/bags/user95_2017-02-24.bag;0.834065854549408;0.0;0.9619645476341248;0.0;0.7960547501412467;0.9444047902630928;0.055595209736907236
1731801804.9104197;/app/bags/user95_2017-02-24.bag;0.834065854549408;0.0;0.9619645476341248;0.0;0.7960547501412467;0.9444047902630928;0.055595209736907236
1731801805.1104896;/app/bags/user95_2017-02-24.bag;0.834065854549408;0.0;0.9619645476341248;0.0;0.7960547501412467;0.9444047902630928;0.055595209736907236
1731801805.3103788;/app/bags/user95_2017-02-24.bag;0.834065854549408;0.0;0.9619645476341248;0.0;0.7960547501412467;0.9444047902630928;0.055595209736907236
1731801805.510437;/app/bags/user95_2017-02-24.bag;0.834065854549408;0.0;0.9619645476341248;0.0;0.7960547501412467;0.9444047902630928;0.055595209736907236
1731801805.7104044;/app/bags/user95_2017-02-24.bag;0.834065854549408;0.0;0.9619645476341248;0.0;0.7960547501412467;0.9444047902630928;0.055595209736907236
1731801805.9103818;/app/bags/user95_2017-02-24.bag;0.834065854549408;0.0;0.9619645476341248;0.0;0.7960547501412467;0.9444047902630928;0.055595209736907236
1731801806.1141906;/app/bags/user95_2017-02-24.bag;0.834065854549408;0.0;0.9619645476341248;0.0;0.7960547501412467;0.9444047902630928;0.055595209736907236
1731801806.310386;/app/bags/user95_2017-02-24.bag;0.834065854549408;0.0;0.9619645476341248;0.0;0.7960547501412467;0.9444047902630928;0.055595209736907236
1731801806.5103667;/app/bags/user95_2017-02-24.bag;0.834065854549408;0.0;0.9619645476341248;0.0;0.7960547501412467;0.9444047902630928;0.055595209736907236
1731801806.7104056;/app/bags/user95_2017-02-24.bag;0.834065854549408;0.0;0.9619645476341248;0.0;0.7960547501412467;0.9444047902630928;0.055595209736907236
1731801806.9103656;/app/bags/user95_2017-02-24.bag;0.834065854549408;0.0;0.9619645476341248;0.0;0.7960547501412467;0.9444047902630928;0.055595209736907236
1731801807.1103754;/app/bags/user95_2017-02-24.bag;0.834065854549408;0.0;0.9619645476341248;0.0;0.7960547501412467;0.9444047902630928;0.055595209736907236
1731801807.310391;/app/bags/user95_2017-02-24.bag;0.834065854549408;0.0;0.9619645476341248;0.0;0.7960547501412467;0.9444047902630928;0.055595209736907236
1731801807.5104074;/app/bags/user95_2017-02-24.bag;0.834065854549408;0.0;0.9619645476341248;0.0;0.7960547501412467;0.9444047902630928;0.055595209736907236
1731801807.7104175;/app/bags/user95_2017-02-24.bag;0.834065854549408;0.0;0.9619645476341248;0.0;0.7960547501412467;0.9444047902630928;0.055595209736907236
1731801807.9104185;/app/bags/user95_2017-02-24.bag;0.834065854549408;0.0;0.9619645476341248;0.0;0.7960547501412467;0.9444047902630928;0.055595209736907236
1731801808.1103618;/app/bags/user95_2017-02-24.bag;0.834065854549408;0.0;0.9619645476341248;0.0;0.7960547501412467;0.9444047902630928;0.055595209736907236
1731801808.3104315;/app/bags/user95_2017-02-24.bag;0.834065854549408;0.0;0.9619645476341248;0.0;0.7960547501412467;0.9444047902630928;0.055595209736907236
1731801808.5104184;/app/bags/user95_2017-02-24.bag;0.834065854549408;0.0;0.9619645476341248;0.0;0.7960547501412467;0.9444047902630928;0.055595209736907236
1731801808.7104003;/app/bags/user95_2017-02-24.bag;0.834065854549408;0.0;0.9619645476341248;0.0;0.7960547501412467;0.9444047902630928;0.055595209736907236
1731801808.910394;/app/bags/user95_2017-02-24.bag;0.834065854549408;0.0;0.9619645476341248;0.0;0.7960547501412467;0.9444047902630928;0.055595209736907236
1731801809.1104422;/app/bags/user95_2017-02-24.bag;0.834065854549408;0.0;0.9619645476341248;0.0;0.7960547501412467;0.9444047902630928;0.055595209736907236
1731801809.3104131;/app/bags/user95_2017-02-24.bag;0.834065854549408;0.0;0.9619645476341248;0.0;0.7960547501412467;0.9444047902630928;0.055595209736907236
1731801809.5104012;/app/bags/user95_2017-02-24.bag;0.834065854549408;0.0;0.9619645476341248;0.0;0.7960547501412467;0.9444047902630928;0.055595209736907236
1731801809.710344;/app/bags/user95_2017-02-24.bag;0.834065854549408;0.0;0.9619645476341248;0.0;0.7960547501412467;0.9444047902630928;0.055595209736907236
1731801809.9103632;/app/bags/user95_2017-02-24.bag;0.834065854549408;0.0;0.9619645476341248;0.0;0.7960547501412467;0.9444047902630928;0.055595209736907236
1731801810.1104748;/app/bags/user95_2017-02-24.bag;0.834065854549408;0.0;0.9619645476341248;0.0;0.7960547501412467;0.9444047902630928;0.055595209736907236
1731801810.310461;/app/bags/user95_2017-02-24.bag;0.834065854549408;0.0;0.9619645476341248;0.0;0.7960547501412467;0.9444047902630928;0.055595209736907236
1731801810.5104496;/app/bags/user95_2017-02-24.bag;0.834065854549408;0.0;0.9619645476341248;0.0;0.7960547501412467;0.9444047902630928;0.055595209736907236
1731801810.7103806;/app/bags/user95_2017-02-24.bag;0.834065854549408;0.0;0.9619645476341248;0.0;0.7960547501412467;0.9444047902630928;0.055595209736907236
1731801810.9103978;/app/bags/user95_2017-02-24.bag;0.834065854549408;0.0;0.9619645476341248;0.0;0.7960547501412467;0.9444047902630928;0.055595209736907236
1731801811.1104033;/app/bags/user95_2017-02-24.bag;0.834065854549408;0.0;0.9619645476341248;0.0;0.7960547501412467;0.9444047902630928;0.055595209736907236
1731801811.3103986;/app/bags/user95_2017-02-24.bag;0.834065854549408;0.0;0.9619645476341248;0.0;0.7960547501412467;0.9444047902630928;0.055595209736907236
1731801811.51041;/app/bags/user95_2017-02-24.bag;0.834065854549408;0.0;0.9619645476341248;0.0;0.7960547501412467;0.9444047902630928;0.055595209736907236
1731801811.7104087;/app/bags/user95_2017-02-24.bag;0.834065854549408;0.0;0.9619645476341248;0.0;0.7960547501412467;0.9444047902630928;0.055595209736907236
1731801811.9104471;/app/bags/user95_2017-02-24.bag;0.834065854549408;0.0;0.9619645476341248;0.0;0.7960547501412467;0.9444047902630928;0.055595209736907236
1731801812.1105418;/app/bags/user95_2017-02-24.bag;0.834065854549408;0.0;0.9619645476341248;0.0;0.7960547501412467;0.9444047902630928;0.055595209736907236
1731801812.310417;/app/bags/user95_2017-02-24.bag;0.834065854549408;0.0;0.9619645476341248;0.0;0.7960547501412467;0.9444047902630928;0.055595209736907236
1731801812.5103672;/app/bags/user95_2017-02-24.bag;0.834065854549408;0.0;0.9619645476341248;0.0;0.7960547501412467;0.9444047902630928;0.055595209736907236
1731801812.7104473;/app/bags/user95_2017-02-24.bag;0.834065854549408;0.0;0.9619645476341248;0.0;0.7960547501412467;0.9444047902630928;0.055595209736907236
1731801812.9103913;/app/bags/user95_2017-02-24.bag;0.834065854549408;0.0;0.9619645476341248;0.0;0.7960547501412467;0.9444047902630928;0.055595209736907236
1731801813.1104448;/app/bags/user95_2017-02-24.bag;0.834065854549408;0.0;0.9619645476341248;0.0;0.7960547501412467;0.9444047902630928;0.055595209736907236
1731801813.3104162;/app/bags/user95_2017-02-24.bag;0.834065854549408;0.0;0.9619645476341248;0.0;0.7960547501412467;0.9444047902630928;0.055595209736907236
1731801813.510396;/app/bags/user95_2017-02-24.bag;0.834065854549408;0.0;0.9619645476341248;0.0;0.7960547501412467;0.9444047902630928;0.055595209736907236
1731801813.7103903;/app/bags/user95_2017-02-24.bag;0.834065854549408;0.0;0.9619645476341248;0.0;0.7960547501412467;0.9444047902630928;0.055595209736907236
1731801813.9104228;/app/bags/user95_2017-02-24.bag;0.834065854549408;0.0;0.9619645476341248;0.0;0.7960547501412467;0.9444047902630928;0.055595209736907236
1731801814.1103997;/app/bags/user95_2017-02-24.bag;0.834065854549408;0.0;0.9619645476341248;0.0;0.7960547501412467;0.9444047902630928;0.055595209736907236
1731801814.3104467;/app/bags/user95_2017-02-24.bag;0.834065854549408;0.0;0.9619645476341248;0.0;0.7960547501412467;0.9444047902630928;0.055595209736907236
1731801814.5103772;/app/bags/user95_2017-02-24.bag;0.834065854549408;0.0;0.9619645476341248;0.0;0.7960547501412467;0.9444047902630928;0.055595209736907236
1731801814.7103863;/app/bags/user95_2017-02-24.bag;0.834065854549408;0.0;0.9619645476341248;0.0;0.7960547501412467;0.9444047902630928;0.055595209736907236
1731801814.9103928;/app/bags/user95_2017-02-24.bag;0.834065854549408;0.0;0.9619645476341248;0.0;0.7960547501412467;0.9444047902630928;0.055595209736907236
1731801815.1103952;/app/bags/user95_2017-02-24.bag;0.834065854549408;0.0;0.9619645476341248;0.0;0.7960547501412467;0.9444047902630928;0.055595209736907236
1731801815.3103924;/app/bags/user95_2017-02-24.bag;0.834065854549408;0.0;0.9619645476341248;0.0;0.7960547501412467;0.9444047902630928;0.055595209736907236
1731801815.510395;/app/bags/user95_2017-02-24.bag;0.834065854549408;0.0;0.9619645476341248;0.0;0.7960547501412467;0.9444047902630928;0.055595209736907236
1731801815.7103899;/app/bags/user95_2017-02-24.bag;0.834065854549408;0.0;0.9619645476341248;0.0;0.7960547501412467;0.9444047902630928;0.055595209736907236
1731801815.910446;/app/bags/user95_2017-02-24.bag;0.834065854549408;0.0;0.9619645476341248;0.0;0.7960547501412467;0.9444047902630928;0.055595209736907236
1731801816.110388;/app/bags/user95_2017-02-24.bag;0.834065854549408;0.0;0.9619645476341248;0.0;0.7960547501412467;0.9444047902630928;0.055595209736907236
1731801816.3103693;/app/bags/user95_2017-02-24.bag;0.834065854549408;0.0;0.9619645476341248;0.0;0.7960547501412467;0.9444047902630928;0.055595209736907236
1731801816.5104184;/app/bags/user95_2017-02-24.bag;0.834065854549408;0.0;0.9619645476341248;0.0;0.7960547501412467;0.9444047902630928;0.055595209736907236
1731801816.7104158;/app/bags/user95_2017-02-24.bag;0.834065854549408;0.0;0.9619645476341248;0.0;0.7960547501412467;0.9444047902630928;0.055595209736907236
1731801816.9104614;/app/bags/user95_2017-02-24.bag;0.834065854549408;0.0;0.9619645476341248;0.0;0.7960547501412467;0.9444047902630928;0.055595209736907236
1731801817.1103833;/app/bags/user95_2017-02-24.bag;0.834065854549408;0.0;0.9619645476341248;0.0;0.7960547501412467;0.9444047902630928;0.055595209736907236
1731801817.3104005;/app/bags/user95_2017-02-24.bag;0.834065854549408;0.0;0.9619645476341248;0.0;0.7960547501412467;0.9444047902630928;0.055595209736907236
1731801817.510378;/app/bags/user95_2017-02-24.bag;0.834065854549408;0.0;0.9619645476341248;0.0;0.7960547501412467;0.9444047902630928;0.055595209736907236
1731801817.7103813;/app/bags/user95_2017-02-24.bag;0.834065854549408;0.0;0.9619645476341248;0.0;0.7960547501412467;0.9444047902630928;0.055595209736907236
1731801817.9104483;/app/bags/user95_2017-02-24.bag;0.834065854549408;0.0;0.9619645476341248;0.0;0.7960547501412467;0.9444047902630928;0.055595209736907236
1731801818.1103745;/app/bags/user95_2017-02-24.bag;0.834065854549408;0.0;0.9619645476341248;0.0;0.7960547501412467;0.9444047902630928;0.055595209736907236
1731801818.31038;/app/bags/user95_2017-02-24.bag;0.834065854549408;0.0;0.9619645476341248;0.0;0.7960547501412467;0.9444047902630928;0.055595209736907236
1731801818.5103114;/app/bags/user95_2017-02-24.bag;0.834065854549408;0.0;0.9619645476341248;0.0;0.7960547501412467;0.9444047902630928;0.055595209736907236
1731801818.7103703;/app/bags/user95_2017-02-24.bag;0.834065854549408;0.0;0.9619645476341248;0.0;0.7960547501412467;0.9444047902630928;0.055595209736907236
1731801818.9104035;/app/bags/user95_2017-02-24.bag;0.834065854549408;0.0;0.9619645476341248;0.0;0.7960547501412467;0.9444047902630928;0.055595209736907236
1731801819.1104066;/app/bags/user95_2017-02-24.bag;0.834065854549408;0.0;0.9619645476341248;0.0;0.7960547501412467;0.9444047902630928;0.055595209736907236
1731801819.3103986;/app/bags/user95_2017-02-24.bag;0.834065854549408;0.0;0.9619645476341248;0.0;0.7960547501412467;0.9444047902630928;0.055595209736907236
1731801819.5104587;/app/bags/user95_2017-02-24.bag;0.834065854549408;0.0;0.9619645476341248;0.0;0.7960547501412467;0.9444047902630928;0.055595209736907236
1731801819.710375;/app/bags/user95_2017-02-24.bag;0.834065854549408;0.0;0.9619645476341248;0.0;0.7960547501412467;0.9444047902630928;0.055595209736907236
1731801819.9103847;/app/bags/user95_2017-02-24.bag;0.834065854549408;0.0;0.9619645476341248;0.0;0.7960547501412467;0.9444047902630928;0.055595209736907236
1731801820.1103802;/app/bags/user95_2017-02-24.bag;0.834065854549408;0.0;0.9619645476341248;0.0;0.7960547501412467;0.9444047902630928;0.055595209736907236
1731801820.310376;/app/bags/user95_2017-02-24.bag;0.834065854549408;0.0;0.9619645476341248;0.0;0.7960547501412467;0.9444047902630928;0.055595209736907236
1731801820.510391;/app/bags/user95_2017-02-24.bag;0.834065854549408;0.0;0.9619645476341248;0.0;0.7960547501412467;0.9444047902630928;0.055595209736907236
1731801820.7104218;/app/bags/user95_2017-02-24.bag;0.834065854549408;0.0;0.9619645476341248;0.0;0.7960547501412467;0.9444047902630928;0.055595209736907236
1731801820.910426;/app/bags/user95_2017-02-24.bag;0.834065854549408;0.0;0.9619645476341248;0.0;0.7960547501412467;0.9444047902630928;0.055595209736907236
1731801821.1103914;/app/bags/user95_2017-02-24.bag;0.834065854549408;0.0;0.9619645476341248;0.0;0.7960547501412467;0.9444047902630928;0.055595209736907236
1731801821.3103688;/app/bags/user95_2017-02-24.bag;0.834065854549408;0.0;0.9619645476341248;0.0;0.7960547501412467;0.9444047902630928;0.055595209736907236
1731801821.5104299;/app/bags/user95_2017-02-24.bag;0.834065854549408;0.0;0.9619645476341248;0.0;0.7960547501412467;0.9444047902630928;0.055595209736907236
1731801821.7104201;/app/bags/user95_2017-02-24.bag;0.834065854549408;0.0;0.9619645476341248;0.0;0.7960547501412467;0.9444047902630928;0.055595209736907236
1731801821.9104357;/app/bags/user95_2017-02-24.bag;0.834065854549408;0.0;0.9619645476341248;0.0;0.7960547501412467;0.9444047902630928;0.055595209736907236
1731801822.1104136;/app/bags/user95_2017-02-24.bag;0.834065854549408;0.0;0.9619645476341248;0.0;0.7960547501412467;0.9444047902630928;0.055595209736907236
1731801822.31043;/app/bags/user95_2017-02-24.bag;0.834065854549408;0.0;0.9619645476341248;0.0;0.7960547501412467;0.9444047902630928;0.055595209736907236
1731801822.5105088;/app/bags/user95_2017-02-24.bag;0.834065854549408;0.0;0.9619645476341248;0.0;0.7960547501412467;0.9444047902630928;0.055595209736907236
1731801822.7104015;/app/bags/user95_2017-02-24.bag;0.834065854549408;0.0;0.9619645476341248;0.0;0.7960547501412467;0.9444047902630928;0.055595209736907236
1731801822.9103565;/app/bags/user95_2017-02-24.bag;0.834065854549408;0.0;0.9619645476341248;0.0;0.7960547501412467;0.9444047902630928;0.055595209736907236
1731801823.1104558;/app/bags/user95_2017-02-24.bag;0.834065854549408;0.0;0.9619645476341248;0.0;0.7960547501412467;0.9444047902630928;0.055595209736907236
1731801823.310362;/app/bags/user95_2017-02-24.bag;0.834065854549408;0.0;0.9619645476341248;0.0;0.7960547501412467;0.9444047902630928;0.055595209736907236
1731801823.510356;/app/bags/user95_2017-02-24.bag;0.834065854549408;0.0;0.9619645476341248;0.0;0.7960547501412467;0.9444047902630928;0.055595209736907236
1731801823.7103794;/app/bags/user95_2017-02-24.bag;0.834065854549408;0.0;0.9619645476341248;0.0;0.7960547501412467;0.9444047902630928;0.055595209736907236
1731801823.9103785;/app/bags/user95_2017-02-24.bag;0.834065854549408;0.0;0.9619645476341248;0.0;0.7960547501412467;0.9444047902630928;0.055595209736907236
1731801824.1103842;/app/bags/user95_2017-02-24.bag;0.834065854549408;0.0;0.9619645476341248;0.0;0.7960547501412467;0.9444047902630928;0.055595209736907236
1731801824.3103836;/app/bags/user95_2017-02-24.bag;0.834065854549408;0.0;0.9619645476341248;0.0;0.7960547501412467;0.9444047902630928;0.055595209736907236
1731801824.5103996;/app/bags/user95_2017-02-24.bag;0.834065854549408;0.0;0.9619645476341248;0.0;0.7960547501412467;0.9444047902630928;0.055595209736907236
1731801824.7103643;/app/bags/user95_2017-02-24.bag;0.834065854549408;0.0;0.9619645476341248;0.0;0.7960547501412467;0.9444047902630928;0.055595209736907236
1731801824.910454;/app/bags/user95_2017-02-24.bag;0.834065854549408;0.0;0.9619645476341248;0.0;0.7960547501412467;0.9444047902630928;0.055595209736907236
1731801825.110397;/app/bags/user95_2017-02-24.bag;0.834065854549408;0.0;0.9619645476341248;0.0;0.7960547501412467;0.9444047902630928;0.055595209736907236
1731801825.310452;/app/bags/user95_2017-02-24.bag;0.834065854549408;0.0;0.9619645476341248;0.0;0.7960547501412467;0.9444047902630928;0.055595209736907236
1731801825.5103786;/app/bags/user95_2017-02-24.bag;0.834065854549408;0.0;0.9619645476341248;0.0;0.7960547501412467;0.9444047902630928;0.055595209736907236
1731801825.710395;/app/bags/user95_2017-02-24.bag;0.834065854549408;0.0;0.9619645476341248;0.0;0.7960547501412467;0.9444047902630928;0.055595209736907236
1731801825.9103754;/app/bags/user95_2017-02-24.bag;0.834065854549408;0.0;0.9619645476341248;0.0;0.7960547501412467;0.9444047902630928;0.055595209736907236
1731801826.1103988;/app/bags/user95_2017-02-24.bag;0.834065854549408;0.0;0.9619645476341248;0.0;0.7960547501412467;0.9444047902630928;0.055595209736907236
1731801826.310366;/app/bags/user95_2017-02-24.bag;0.834065854549408;0.0;0.9619645476341248;0.0;0.7960547501412467;0.9444047902630928;0.055595209736907236
1731801826.5104167;/app/bags/user95_2017-02-24.bag;0.834065854549408;0.0;0.9619645476341248;0.0;0.7960547501412467;0.9444047902630928;0.055595209736907236
1731801826.7103982;/app/bags/user95_2017-02-24.bag;0.834065854549408;0.0;0.9619645476341248;0.0;0.7960547501412467;0.9444047902630928;0.055595209736907236
1731801826.9103768;/app/bags/user95_2017-02-24.bag;0.834065854549408;0.0;0.9619645476341248;0.0;0.7960547501412467;0.9444047902630928;0.055595209736907236
1731801827.1103857;/app/bags/user95_2017-02-24.bag;0.834065854549408;0.0;0.9619645476341248;0.0;0.7960547501412467;0.9444047902630928;0.055595209736907236
1731801827.3104079;/app/bags/user95_2017-02-24.bag;0.834065854549408;0.0;0.9619645476341248;0.0;0.7960547501412467;0.9444047902630928;0.055595209736907236
1731801827.510372;/app/bags/user95_2017-02-24.bag;0.834065854549408;0.0;0.9619645476341248;0.0;0.7960547501412467;0.9444047902630928;0.055595209736907236
1731801827.7104185;/app/bags/user95_2017-02-24.bag;0.834065854549408;0.0;0.9619645476341248;0.0;0.7960547501412467;0.9444047902630928;0.055595209736907236
1731801827.9103944;/app/bags/user95_2017-02-24.bag;0.834065854549408;0.0;0.9619645476341248;0.0;0.7960547501412467;0.9444047902630928;0.055595209736907236
1731801828.1104062;/app/bags/user95_2017-02-24.bag;0.834065854549408;0.0;0.9619645476341248;0.0;0.7960547501412467;0.9444047902630928;0.055595209736907236
1731801828.3103893;/app/bags/user95_2017-02-24.bag;0.834065854549408;0.0;0.9619645476341248;0.0;0.7960547501412467;0.9444047902630928;0.055595209736907236
1731801828.5103967;/app/bags/user95_2017-02-24.bag;0.834065854549408;0.0;0.9619645476341248;0.0;0.7960547501412467;0.9444047902630928;0.055595209736907236
1731801828.710396;/app/bags/user95_2017-02-24.bag;0.834065854549408;0.0;0.9619645476341248;0.0;0.7960547501412467;0.9444047902630928;0.055595209736907236
1731801828.9103982;/app/bags/user95_2017-02-24.bag;0.834065854549408;0.0;0.9619645476341248;0.0;0.7960547501412467;0.9444047902630928;0.055595209736907236
1731801829.1103475;/app/bags/user95_2017-02-24.bag;0.834065854549408;0.0;0.9619645476341248;0.0;0.7960547501412467;0.9444047902630928;0.055595209736907236
1731801829.3103933;/app/bags/user95_2017-02-24.bag;0.834065854549408;0.0;0.9619645476341248;0.0;0.7960547501412467;0.9444047902630928;0.055595209736907236
1731801829.5104055;/app/bags/user95_2017-02-24.bag;0.834065854549408;0.0;0.9619645476341248;0.0;0.7960547501412467;0.9444047902630928;0.055595209736907236
1731801829.7104475;/app/bags/user95_2017-02-24.bag;0.834065854549408;0.0;0.9619645476341248;0.0;0.7960547501412467;0.9444047902630928;0.055595209736907236
1731801829.9104612;/app/bags/user95_2017-02-24.bag;0.834065854549408;0.0;0.9619645476341248;0.0;0.7960547501412467;0.9444047902630928;0.055595209736907236
1731801830.1104043;/app/bags/user95_2017-02-24.bag;0.834065854549408;0.0;0.9619645476341248;0.0;0.7960547501412467;0.9444047902630928;0.055595209736907236
1731801830.3105133;/app/bags/user95_2017-02-24.bag;0.834065854549408;0.0;0.9619645476341248;0.0;0.7960547501412467;0.9444047902630928;0.055595209736907236
1731801830.5103827;/app/bags/user95_2017-02-24.bag;0.834065854549408;0.0;0.9619645476341248;0.0;0.7960547501412467;0.9444047902630928;0.055595209736907236
1731801830.7106893;/app/bags/user95_2017-02-24.bag;0.834065854549408;0.0;0.9619645476341248;0.0;0.7960547501412467;0.9444047902630928;0.055595209736907236
1731801830.9104078;/app/bags/user95_2017-02-24.bag;0.834065854549408;0.0;0.9619645476341248;0.0;0.7960547501412467;0.9444047902630928;0.055595209736907236
1731801831.110439;/app/bags/user95_2017-02-24.bag;0.834065854549408;0.0;0.9619645476341248;0.0;0.7960547501412467;0.9444047902630928;0.055595209736907236
1731801831.310411;/app/bags/user95_2017-02-24.bag;0.834065854549408;0.0;0.9619645476341248;0.0;0.7960547501412467;0.9444047902630928;0.055595209736907236
1731801831.510421;/app/bags/user95_2017-02-24.bag;0.834065854549408;0.0;0.9619645476341248;0.0;0.7960547501412467;0.9444047902630928;0.055595209736907236
1731801831.7105012;/app/bags/user95_2017-02-24.bag;0.834065854549408;0.0;0.9619645476341248;0.0;0.7960547501412467;0.9444047902630928;0.055595209736907236
1731801831.9104564;/app/bags/user95_2017-02-24.bag;0.834065854549408;0.0;0.9619645476341248;0.0;0.7960547501412467;0.9444047902630928;0.055595209736907236
1731801832.1104374;/app/bags/user95_2017-02-24.bag;0.834065854549408;0.0;0.9619645476341248;0.0;0.7960547501412467;0.9444047902630928;0.055595209736907236
1731801832.3104236;/app/bags/user95_2017-02-24.bag;0.834065854549408;0.0;0.9619645476341248;0.0;0.7960547501412467;0.9444047902630928;0.055595209736907236
1731801832.510467;/app/bags/user95_2017-02-24.bag;0.834065854549408;0.0;0.9619645476341248;0.0;0.7960547501412467;0.9444047902630928;0.055595209736907236
1731801832.71042;/app/bags/user95_2017-02-24.bag;0.834065854549408;0.0;0.9619645476341248;0.0;0.7960547501412467;0.9444047902630928;0.055595209736907236
1731801832.910392;/app/bags/user95_2017-02-24.bag;0.834065854549408;0.0;0.9619645476341248;0.0;0.7960547501412467;0.9444047902630928;0.055595209736907236
1731801833.1104171;/app/bags/user95_2017-02-24.bag;0.834065854549408;0.0;0.9619645476341248;0.0;0.7960547501412467;0.9444047902630928;0.055595209736907236
1731801833.310398;/app/bags/user95_2017-02-24.bag;0.834065854549408;0.0;0.9619645476341248;0.0;0.7960547501412467;0.9444047902630928;0.055595209736907236
1731801833.5104518;/app/bags/user95_2017-02-24.bag;0.834065854549408;0.0;0.9619645476341248;0.0;0.7960547501412467;0.9444047902630928;0.055595209736907236
1731801833.7103958;/app/bags/user95_2017-02-24.bag;0.834065854549408;0.0;0.9619645476341248;0.0;0.7960547501412467;0.9444047902630928;0.055595209736907236
1731801833.9104593;/app/bags/user95_2017-02-24.bag;0.834065854549408;0.0;0.9619645476341248;0.0;0.7960547501412467;0.9444047902630928;0.055595209736907236
1731801834.1104043;/app/bags/user95_2017-02-24.bag;0.834065854549408;0.0;0.9619645476341248;0.0;0.7960547501412467;0.9444047902630928;0.055595209736907236
1731801834.3104336;/app/bags/user95_2017-02-24.bag;0.834065854549408;0.0;0.9619645476341248;0.0;0.7960547501412467;0.9444047902630928;0.055595209736907236
1731801834.5103693;/app/bags/user95_2017-02-24.bag;0.834065854549408;0.0;0.9619645476341248;0.0;0.7960547501412467;0.9444047902630928;0.055595209736907236
1731801834.7104125;/app/bags/user95_2017-02-24.bag;0.834065854549408;0.0;0.9619645476341248;0.0;0.7960547501412467;0.9444047902630928;0.055595209736907236
1731801834.9103968;/app/bags/user95_2017-02-24.bag;0.834065854549408;0.0;0.9619645476341248;0.0;0.7960547501412467;0.9444047902630928;0.055595209736907236
1731801835.110431;/app/bags/user95_2017-02-24.bag;0.834065854549408;0.0;0.9619645476341248;0.0;0.7960547501412467;0.9444047902630928;0.055595209736907236
1731801835.3104498;/app/bags/user95_2017-02-24.bag;0.834065854549408;0.0;0.9619645476341248;0.0;0.7960547501412467;0.9444047902630928;0.055595209736907236
1731801835.5103958;/app/bags/user95_2017-02-24.bag;0.834065854549408;0.0;0.9619645476341248;0.0;0.7960547501412467;0.9444047902630928;0.055595209736907236
1731801835.7104168;/app/bags/user95_2017-02-24.bag;0.834065854549408;0.0;0.9619645476341248;0.0;0.7960547501412467;0.9444047902630928;0.055595209736907236
1731801835.9104266;/app/bags/user95_2017-02-24.bag;0.834065854549408;0.0;0.9619645476341248;0.0;0.7960547501412467;0.9444047902630928;0.055595209736907236
1731801836.1104279;/app/bags/user95_2017-02-24.bag;0.834065854549408;0.0;0.9619645476341248;0.0;0.7960547501412467;0.9444047902630928;0.055595209736907236
1731801836.310443;/app/bags/user95_2017-02-24.bag;0.834065854549408;0.0;0.9619645476341248;0.0;0.7960547501412467;0.9444047902630928;0.055595209736907236
1731801836.5103993;/app/bags/user95_2017-02-24.bag;0.834065854549408;0.0;0.9619645476341248;0.0;0.7960547501412467;0.9444047902630928;0.055595209736907236
1731801836.7103717;/app/bags/user95_2017-02-24.bag;0.834065854549408;0.0;0.9619645476341248;0.0;0.7960547501412467;0.9444047902630928;0.055595209736907236
1731801836.9103837;/app/bags/user95_2017-02-24.bag;0.834065854549408;0.0;0.9619645476341248;0.0;0.7960547501412467;0.9444047902630928;0.055595209736907236
1731801837.110444;/app/bags/user95_2017-02-24.bag;0.834065854549408;0.0;0.9619645476341248;0.0;0.7960547501412467;0.9444047902630928;0.055595209736907236
1731801837.3104353;/app/bags/user95_2017-02-24.bag;0.834065854549408;0.0;0.9619645476341248;0.0;0.7960547501412467;0.9444047902630928;0.055595209736907236
1731801837.5103924;/app/bags/user95_2017-02-24.bag;0.834065854549408;0.0;0.9619645476341248;0.0;0.7960547501412467;0.9444047902630928;0.055595209736907236
1731801837.7104168;/app/bags/user95_2017-02-24.bag;0.834065854549408;0.0;0.9619645476341248;0.0;0.7960547501412467;0.9444047902630928;0.055595209736907236
1731801837.9103913;/app/bags/user95_2017-02-24.bag;0.834065854549408;0.0;0.9619645476341248;0.0;0.7960547501412467;0.9444047902630928;0.055595209736907236
1731801838.1103957;/app/bags/user95_2017-02-24.bag;0.834065854549408;0.0;0.9619645476341248;0.0;0.7960547501412467;0.9444047902630928;0.055595209736907236
1731801838.3104374;/app/bags/user95_2017-02-24.bag;0.834065854549408;0.0;0.9619645476341248;0.0;0.7960547501412467;0.9444047902630928;0.055595209736907236
1731801838.5104487;/app/bags/user95_2017-02-24.bag;0.834065854549408;0.0;0.9619645476341248;0.0;0.7960547501412467;0.9444047902630928;0.055595209736907236
1731801838.7104049;/app/bags/user95_2017-02-24.bag;0.834065854549408;0.0;0.9619645476341248;0.0;0.7960547501412467;0.9444047902630928;0.055595209736907236
1731801838.9104605;/app/bags/user95_2017-02-24.bag;0.834065854549408;0.0;0.9619645476341248;0.0;0.7960547501412467;0.9444047902630928;0.055595209736907236
1731801839.1103988;/app/bags/user95_2017-02-24.bag;0.834065854549408;0.0;0.9619645476341248;0.0;0.7960547501412467;0.9444047902630928;0.055595209736907236
1731801839.3106406;/app/bags/user95_2017-02-24.bag;0.834065854549408;0.0;0.9619645476341248;0.0;0.7960547501412467;0.9444047902630928;0.055595209736907236
1731801839.5104554;/app/bags/user95_2017-02-24.bag;0.834065854549408;0.0;0.9619645476341248;0.0;0.7960547501412467;0.9444047902630928;0.055595209736907236
1731801839.7103992;/app/bags/user95_2017-02-24.bag;0.834065854549408;0.0;0.9619645476341248;0.0;0.7960547501412467;0.9444047902630928;0.055595209736907236
1731801839.9103744;/app/bags/user95_2017-02-24.bag;0.834065854549408;0.0;0.9619645476341248;0.0;0.7960547501412467;0.9444047902630928;0.055595209736907236
1731801840.1103985;/app/bags/user95_2017-02-24.bag;0.834065854549408;0.0;0.9619645476341248;0.0;0.7960547501412467;0.9444047902630928;0.055595209736907236
1731801840.3104024;/app/bags/user95_2017-02-24.bag;0.834065854549408;0.0;0.9619645476341248;0.0;0.7960547501412467;0.9444047902630928;0.055595209736907236
1731801840.5104008;/app/bags/user95_2017-02-24.bag;0.834065854549408;0.0;0.9619645476341248;0.0;0.7960547501412467;0.9444047902630928;0.055595209736907236
1731801840.710408;/app/bags/user95_2017-02-24.bag;0.834065854549408;0.0;0.9619645476341248;0.0;0.7960547501412467;0.9444047902630928;0.055595209736907236
1731801840.910367;/app/bags/user95_2017-02-24.bag;0.834065854549408;0.0;0.9619645476341248;0.0;0.7960547501412467;0.9444047902630928;0.055595209736907236
1731801841.110385;/app/bags/user95_2017-02-24.bag;0.834065854549408;0.0;0.9619645476341248;0.0;0.7960547501412467;0.9444047902630928;0.055595209736907236
1731801841.3104603;/app/bags/user95_2017-02-24.bag;0.834065854549408;0.0;0.9619645476341248;0.0;0.7960547501412467;0.9444047902630928;0.055595209736907236
1731801841.5103774;/app/bags/user95_2017-02-24.bag;0.834065854549408;0.0;0.9619645476341248;0.0;0.7960547501412467;0.9444047902630928;0.055595209736907236
1731801841.7105668;/app/bags/user95_2017-02-24.bag;0.834065854549408;0.0;0.9619645476341248;0.0;0.7960547501412467;0.9444047902630928;0.055595209736907236
1731801841.9103725;/app/bags/user95_2017-02-24.bag;0.834065854549408;0.0;0.9619645476341248;0.0;0.7960547501412467;0.9444047902630928;0.055595209736907236
1731801842.1104107;/app/bags/user95_2017-02-24.bag;0.834065854549408;0.0;0.9619645476341248;0.0;0.7960547501412467;0.9444047902630928;0.055595209736907236
1731801842.310384;/app/bags/user95_2017-02-24.bag;0.834065854549408;0.0;0.9619645476341248;0.0;0.7960547501412467;0.9444047902630928;0.055595209736907236
1731801842.5103893;/app/bags/user95_2017-02-24.bag;0.834065854549408;0.0;0.9619645476341248;0.0;0.7960547501412467;0.9444047902630928;0.055595209736907236
1731801842.7104077;/app/bags/user95_2017-02-24.bag;0.834065854549408;0.0;0.9619645476341248;0.0;0.7960547501412467;0.9444047902630928;0.055595209736907236
1731801842.9104288;/app/bags/user95_2017-02-24.bag;0.834065854549408;0.0;0.9619645476341248;0.0;0.7960547501412467;0.9444047902630928;0.055595209736907236
1731801843.110399;/app/bags/user95_2017-02-24.bag;0.834065854549408;0.0;0.9619645476341248;0.0;0.7960547501412467;0.9444047902630928;0.055595209736907236
1731801843.3104155;/app/bags/user95_2017-02-24.bag;0.834065854549408;0.0;0.9619645476341248;0.0;0.7960547501412467;0.9444047902630928;0.055595209736907236
1731801843.5103915;/app/bags/user95_2017-02-24.bag;0.834065854549408;0.0;0.9619645476341248;0.0;0.7960547501412467;0.9444047902630928;0.055595209736907236
1731801843.710476;/app/bags/user95_2017-02-24.bag;0.834065854549408;0.0;0.9619645476341248;0.0;0.7960547501412467;0.9444047902630928;0.055595209736907236
1731801843.9104364;/app/bags/user95_2017-02-24.bag;0.834065854549408;0.0;0.9619645476341248;0.0;0.7960547501412467;0.9444047902630928;0.055595209736907236
1731801844.1103935;/app/bags/user95_2017-02-24.bag;0.834065854549408;0.0;0.9619645476341248;0.0;0.7960547501412467;0.9444047902630928;0.055595209736907236
1731801844.3103774;/app/bags/user95_2017-02-24.bag;0.834065854549408;0.0;0.9619645476341248;0.0;0.7960547501412467;0.9444047902630928;0.055595209736907236
1731801844.510566;/app/bags/user95_2017-02-24.bag;0.834065854549408;0.0;0.9619645476341248;0.0;0.7960547501412467;0.9444047902630928;0.055595209736907236
1731801844.71039;/app/bags/user95_2017-02-24.bag;0.834065854549408;0.0;0.9619645476341248;0.0;0.7960547501412467;0.9444047902630928;0.055595209736907236
1731801844.9103878;/app/bags/user95_2017-02-24.bag;0.834065854549408;0.0;0.9619645476341248;0.0;0.7960547501412467;0.9444047902630928;0.055595209736907236
1731801845.1103833;/app/bags/user95_2017-02-24.bag;0.834065854549408;0.0;0.9619645476341248;0.0;0.7960547501412467;0.9444047902630928;0.055595209736907236
1731801845.3104715;/app/bags/user95_2017-02-24.bag;0.834065854549408;0.0;0.9619645476341248;0.0;0.7960547501412467;0.9444047902630928;0.055595209736907236
1731801845.5104005;/app/bags/user95_2017-02-24.bag;0.834065854549408;0.0;0.9619645476341248;0.0;0.7960547501412467;0.9444047902630928;0.055595209736907236
1731801845.710399;/app/bags/user95_2017-02-24.bag;0.834065854549408;0.0;0.9619645476341248;0.0;0.7960547501412467;0.9444047902630928;0.055595209736907236
1731801845.9103825;/app/bags/user95_2017-02-24.bag;0.834065854549408;0.0;0.9619645476341248;0.0;0.7960547501412467;0.9444047902630928;0.055595209736907236
1731801846.1104224;/app/bags/user95_2017-02-24.bag;0.834065854549408;0.0;0.9619645476341248;0.0;0.7960547501412467;0.9444047902630928;0.055595209736907236
1731801846.3103952;/app/bags/user95_2017-02-24.bag;0.834065854549408;0.0;0.9619645476341248;0.0;0.7960547501412467;0.9444047902630928;0.055595209736907236
1731801846.5103927;/app/bags/user95_2017-02-24.bag;0.834065854549408;0.0;0.9619645476341248;0.0;0.7960547501412467;0.9444047902630928;0.055595209736907236
1731801846.710394;/app/bags/user95_2017-02-24.bag;0.834065854549408;0.0;0.9619645476341248;0.0;0.7960547501412467;0.9444047902630928;0.055595209736907236
1731801846.9104686;/app/bags/user95_2017-02-24.bag;0.834065854549408;0.0;0.9619645476341248;0.0;0.7960547501412467;0.9444047902630928;0.055595209736907236
1731801847.1103888;/app/bags/user95_2017-02-24.bag;0.834065854549408;0.0;0.9619645476341248;0.0;0.7960547501412467;0.9444047902630928;0.055595209736907236
1731801847.310403;/app/bags/user95_2017-02-24.bag;0.834065854549408;0.0;0.9619645476341248;0.0;0.7960547501412467;0.9444047902630928;0.055595209736907236
1731801847.5104618;/app/bags/user95_2017-02-24.bag;0.834065854549408;0.0;0.9619645476341248;0.0;0.7960547501412467;0.9444047902630928;0.055595209736907236
1731801847.7103536;/app/bags/user95_2017-02-24.bag;0.834065854549408;0.0;0.9619645476341248;0.0;0.7960547501412467;0.9444047902630928;0.055595209736907236
1731801847.910409;/app/bags/user95_2017-02-24.bag;0.834065854549408;0.0;0.9619645476341248;0.0;0.7960547501412467;0.9444047902630928;0.055595209736907236
1731801848.110589;/app/bags/user95_2017-02-24.bag;0.834065854549408;0.0;0.9619645476341248;0.0;0.7960547501412467;0.9444047902630928;0.055595209736907236
1731801848.3103917;/app/bags/user95_2017-02-24.bag;0.834065854549408;0.0;0.9619645476341248;0.0;0.7960547501412467;0.9444047902630928;0.055595209736907236
1731801848.510469;/app/bags/user95_2017-02-24.bag;0.834065854549408;0.0;0.9619645476341248;0.0;0.7960547501412467;0.9444047902630928;0.055595209736907236
1731801848.7104535;/app/bags/user95_2017-02-24.bag;0.834065854549408;0.0;0.9619645476341248;0.0;0.7960547501412467;0.9444047902630928;0.055595209736907236
1731801848.9104846;/app/bags/user95_2017-02-24.bag;0.834065854549408;0.0;0.9619645476341248;0.0;0.7960547501412467;0.9444047902630928;0.055595209736907236
1731801849.1103988;/app/bags/user95_2017-02-24.bag;0.834065854549408;0.0;0.9619645476341248;0.0;0.7960547501412467;0.9444047902630928;0.055595209736907236
1731801849.3104177;/app/bags/user95_2017-02-24.bag;0.834065854549408;0.0;0.9619645476341248;0.0;0.7960547501412467;0.9444047902630928;0.055595209736907236
1731801849.5104663;/app/bags/user95_2017-02-24.bag;0.834065854549408;0.0;0.9619645476341248;0.0;0.7960547501412467;0.9444047902630928;0.055595209736907236
1731801849.7104096;/app/bags/user95_2017-02-24.bag;0.834065854549408;0.0;0.9619645476341248;0.0;0.7960547501412467;0.9444047902630928;0.055595209736907236
1731801849.9104679;/app/bags/user95_2017-02-24.bag;0.834065854549408;0.0;0.9619645476341248;0.0;0.7960547501412467;0.9444047902630928;0.055595209736907236
1731801850.1103952;/app/bags/user95_2017-02-24.bag;0.834065854549408;0.0;0.9619645476341248;0.0;0.7960547501412467;0.9444047902630928;0.055595209736907236
1731801850.3103793;/app/bags/user95_2017-02-24.bag;0.834065854549408;0.0;0.9619645476341248;0.0;0.7960547501412467;0.9444047902630928;0.055595209736907236
1731801850.5103889;/app/bags/user95_2017-02-24.bag;0.834065854549408;0.0;0.9619645476341248;0.0;0.7960547501412467;0.9444047902630928;0.055595209736907236
1731801850.7103727;/app/bags/user95_2017-02-24.bag;0.834065854549408;0.0;0.9619645476341248;0.0;0.7960547501412467;0.9444047902630928;0.055595209736907236
1731801850.910416;/app/bags/user95_2017-02-24.bag;0.834065854549408;0.0;0.9619645476341248;0.0;0.7960547501412467;0.9444047902630928;0.055595209736907236
1731801851.1103795;/app/bags/user95_2017-02-24.bag;0.834065854549408;0.0;0.9619645476341248;0.0;0.7960547501412467;0.9444047902630928;0.055595209736907236
1731801851.3104184;/app/bags/user95_2017-02-24.bag;0.834065854549408;0.0;0.9619645476341248;0.0;0.7960547501412467;0.9444047902630928;0.055595209736907236
1731801851.5103881;/app/bags/user95_2017-02-24.bag;0.834065854549408;0.0;0.9619645476341248;0.0;0.7960547501412467;0.9444047902630928;0.055595209736907236
1731801851.7104447;/app/bags/user95_2017-02-24.bag;0.834065854549408;0.0;0.9619645476341248;0.0;0.7960547501412467;0.9444047902630928;0.055595209736907236
1731801851.910629;/app/bags/user95_2017-02-24.bag;0.834065854549408;0.0;0.9619645476341248;0.0;0.7960547501412467;0.9444047902630928;0.055595209736907236
1731801852.1104095;/app/bags/user95_2017-02-24.bag;0.834065854549408;0.0;0.9619645476341248;0.0;0.7960547501412467;0.9444047902630928;0.055595209736907236
1731801852.310373;/app/bags/user95_2017-02-24.bag;0.834065854549408;0.0;0.9619645476341248;0.0;0.7960547501412467;0.9444047902630928;0.055595209736907236
1731801852.510415;/app/bags/user95_2017-02-24.bag;0.834065854549408;0.0;0.9619645476341248;0.0;0.7960547501412467;0.9444047902630928;0.055595209736907236
1731801852.7103703;/app/bags/user95_2017-02-24.bag;0.834065854549408;0.0;0.9619645476341248;0.0;0.7960547501412467;0.9444047902630928;0.055595209736907236
1731801852.9103956;/app/bags/user95_2017-02-24.bag;0.834065854549408;0.0;0.9619645476341248;0.0;0.7960547501412467;0.9444047902630928;0.055595209736907236
1731801853.110418;/app/bags/user95_2017-02-24.bag;0.834065854549408;0.0;0.9619645476341248;0.0;0.7960547501412467;0.9444047902630928;0.055595209736907236
1731801853.310343;/app/bags/user95_2017-02-24.bag;0.834065854549408;0.0;0.9619645476341248;0.0;0.7960547501412467;0.9444047902630928;0.055595209736907236
1731801853.5106149;/app/bags/user95_2017-02-24.bag;0.834065854549408;0.0;0.9619645476341248;0.0;0.7960547501412467;0.9444047902630928;0.055595209736907236
1731801853.7103841;/app/bags/user95_2017-02-24.bag;0.834065854549408;0.0;0.9619645476341248;0.0;0.7960547501412467;0.9444047902630928;0.055595209736907236
1731801853.9104166;/app/bags/user95_2017-02-24.bag;0.834065854549408;0.0;0.9619645476341248;0.0;0.7960547501412467;0.9444047902630928;0.055595209736907236
1731801854.1104143;/app/bags/user95_2017-02-24.bag;0.834065854549408;0.0;0.9619645476341248;0.0;0.7960547501412467;0.9444047902630928;0.055595209736907236
1731801854.3104107;/app/bags/user95_2017-02-24.bag;0.834065854549408;0.0;0.9619645476341248;0.0;0.7960547501412467;0.9444047902630928;0.055595209736907236
1731801854.5103974;/app/bags/user95_2017-02-24.bag;0.834065854549408;0.0;0.9619645476341248;0.0;0.7960547501412467;0.9444047902630928;0.055595209736907236
1731801854.7103946;/app/bags/user95_2017-02-24.bag;0.834065854549408;0.0;0.9619645476341248;0.0;0.7960547501412467;0.9444047902630928;0.055595209736907236
1731801854.9103608;/app/bags/user95_2017-02-24.bag;0.834065854549408;0.0;0.9619645476341248;0.0;0.7960547501412467;0.9444047902630928;0.055595209736907236
1731801855.1104143;/app/bags/user95_2017-02-24.bag;0.834065854549408;0.0;0.9619645476341248;0.0;0.7960547501412467;0.9444047902630928;0.055595209736907236
1731801855.3104024;/app/bags/user95_2017-02-24.bag;0.834065854549408;0.0;0.9619645476341248;0.0;0.7960547501412467;0.9444047902630928;0.055595209736907236
1731801855.5103953;/app/bags/user95_2017-02-24.bag;0.834065854549408;0.0;0.9619645476341248;0.0;0.7960547501412467;0.9444047902630928;0.055595209736907236
1731801855.710401;/app/bags/user95_2017-02-24.bag;0.834065854549408;0.0;0.9619645476341248;0.0;0.7960547501412467;0.9444047902630928;0.055595209736907236
1731801855.91045;/app/bags/user95_2017-02-24.bag;0.834065854549408;0.0;0.9619645476341248;0.0;0.7960547501412467;0.9444047902630928;0.055595209736907236
1731801856.1104057;/app/bags/user95_2017-02-24.bag;0.834065854549408;0.0;0.9619645476341248;0.0;0.7960547501412467;0.9444047902630928;0.055595209736907236
1731801856.310466;/app/bags/user95_2017-02-24.bag;0.834065854549408;0.0;0.9619645476341248;0.0;0.7960547501412467;0.9444047902630928;0.055595209736907236
1731801856.5103767;/app/bags/user95_2017-02-24.bag;0.834065854549408;0.0;0.9619645476341248;0.0;0.7960547501412467;0.9444047902630928;0.055595209736907236
1731801856.7103868;/app/bags/user95_2017-02-24.bag;0.834065854549408;0.0;0.9619645476341248;0.0;0.7960547501412467;0.9444047902630928;0.055595209736907236
1731801856.910421;/app/bags/user95_2017-02-24.bag;0.834065854549408;0.0;0.9619645476341248;0.0;0.7960547501412467;0.9444047902630928;0.055595209736907236
1731801857.110515;/app/bags/user95_2017-02-24.bag;0.834065854549408;0.0;0.9619645476341248;0.0;0.7960547501412467;0.9444047902630928;0.055595209736907236
1731801857.310361;/app/bags/user95_2017-02-24.bag;0.834065854549408;0.0;0.9619645476341248;0.0;0.7960547501412467;0.9444047902630928;0.055595209736907236
1731801857.510384;/app/bags/user95_2017-02-24.bag;0.834065854549408;0.0;0.9619645476341248;0.0;0.7960547501412467;0.9444047902630928;0.055595209736907236
1731801857.7104037;/app/bags/user95_2017-02-24.bag;0.834065854549408;0.0;0.9619645476341248;0.0;0.7960547501412467;0.9444047902630928;0.055595209736907236
1731801857.9104743;/app/bags/user95_2017-02-24.bag;0.834065854549408;0.0;0.9619645476341248;0.0;0.7960547501412467;0.9444047902630928;0.055595209736907236
1731801858.1103609;/app/bags/user95_2017-02-24.bag;0.834065854549408;0.0;0.9619645476341248;0.0;0.7960547501412467;0.9444047902630928;0.055595209736907236
1731801858.3103774;/app/bags/user95_2017-02-24.bag;0.834065854549408;0.0;0.9619645476341248;0.0;0.7960547501412467;0.9444047902630928;0.055595209736907236
1731801858.510391;/app/bags/user95_2017-02-24.bag;0.834065854549408;0.0;0.9619645476341248;0.0;0.7960547501412467;0.9444047902630928;0.055595209736907236
1731801858.710408;/app/bags/user95_2017-02-24.bag;0.834065854549408;0.0;0.9619645476341248;0.0;0.7960547501412467;0.9444047902630928;0.055595209736907236
1731801858.910394;/app/bags/user95_2017-02-24.bag;0.834065854549408;0.0;0.9619645476341248;0.0;0.7960547501412467;0.9444047902630928;0.055595209736907236
1731801859.1103673;/app/bags/user95_2017-02-24.bag;0.834065854549408;0.0;0.9619645476341248;0.0;0.7960547501412467;0.9444047902630928;0.055595209736907236
1731801859.310371;/app/bags/user95_2017-02-24.bag;0.834065854549408;0.0;0.9619645476341248;0.0;0.7960547501412467;0.9444047902630928;0.055595209736907236
1731801859.5104034;/app/bags/user95_2017-02-24.bag;0.834065854549408;0.0;0.9619645476341248;0.0;0.7960547501412467;0.9444047902630928;0.055595209736907236
1731801859.7103734;/app/bags/user95_2017-02-24.bag;0.834065854549408;0.0;0.9619645476341248;0.0;0.7960547501412467;0.9444047902630928;0.055595209736907236
1731801859.9103904;/app/bags/user95_2017-02-24.bag;0.834065854549408;0.0;0.9619645476341248;0.0;0.7960547501412467;0.9444047902630928;0.055595209736907236
1731801860.1106112;/app/bags/user95_2017-02-24.bag;0.834065854549408;0.0;0.9619645476341248;0.0;0.7960547501412467;0.9444047902630928;0.055595209736907236
1731801860.3104303;/app/bags/user95_2017-02-24.bag;0.834065854549408;0.0;0.9619645476341248;0.0;0.7960547501412467;0.9444047902630928;0.055595209736907236
1731801860.5104077;/app/bags/user95_2017-02-24.bag;0.834065854549408;0.0;0.9619645476341248;0.0;0.7960547501412467;0.9444047902630928;0.055595209736907236
1731801860.7103834;/app/bags/user95_2017-02-24.bag;0.834065854549408;0.0;0.9619645476341248;0.0;0.7960547501412467;0.9444047902630928;0.055595209736907236
1731801860.9104028;/app/bags/user95_2017-02-24.bag;0.834065854549408;0.0;0.9619645476341248;0.0;0.7960547501412467;0.9444047902630928;0.055595209736907236
1731801861.1103904;/app/bags/user95_2017-02-24.bag;0.834065854549408;0.0;0.9619645476341248;0.0;0.7960547501412467;0.9444047902630928;0.055595209736907236
1731801861.3104734;/app/bags/user95_2017-02-24.bag;0.834065854549408;0.0;0.9619645476341248;0.0;0.7960547501412467;0.9444047902630928;0.055595209736907236
1731801861.5104117;/app/bags/user95_2017-02-24.bag;0.834065854549408;0.0;0.9619645476341248;0.0;0.7960547501412467;0.9444047902630928;0.055595209736907236
1731801861.7105181;/app/bags/user95_2017-02-24.bag;0.834065854549408;0.0;0.9619645476341248;0.0;0.7960547501412467;0.9444047902630928;0.055595209736907236
1731801861.9104278;/app/bags/user95_2017-02-24.bag;0.834065854549408;0.0;0.9619645476341248;0.0;0.7960547501412467;0.9444047902630928;0.055595209736907236
1731801862.1104178;/app/bags/user95_2017-02-24.bag;0.834065854549408;0.0;0.9619645476341248;0.0;0.7960547501412467;0.9444047902630928;0.055595209736907236
1731801862.3104072;/app/bags/user95_2017-02-24.bag;0.834065854549408;0.0;0.9619645476341248;0.0;0.7960547501412467;0.9444047902630928;0.055595209736907236
1731801862.5103588;/app/bags/user95_2017-02-24.bag;0.834065854549408;0.0;0.9619645476341248;0.0;0.7960547501412467;0.9444047902630928;0.055595209736907236
1731801862.710383;/app/bags/user95_2017-02-24.bag;0.834065854549408;0.0;0.9619645476341248;0.0;0.7960547501412467;0.9444047902630928;0.055595209736907236
1731801862.910407;/app/bags/user95_2017-02-24.bag;0.834065854549408;0.0;0.9619645476341248;0.0;0.7960547501412467;0.9444047902630928;0.055595209736907236
1731801863.110391;/app/bags/user95_2017-02-24.bag;0.834065854549408;0.0;0.9619645476341248;0.0;0.7960547501412467;0.9444047902630928;0.055595209736907236
1731801863.3103552;/app/bags/user95_2017-02-24.bag;0.834065854549408;0.0;0.9619645476341248;0.0;0.7960547501412467;0.9444047902630928;0.055595209736907236
1731801863.5103583;/app/bags/user95_2017-02-24.bag;0.834065854549408;0.0;0.9619645476341248;0.0;0.7960547501412467;0.9444047902630928;0.055595209736907236
1731801863.7103717;/app/bags/user95_2017-02-24.bag;0.834065854549408;0.0;0.9619645476341248;0.0;0.7960547501412467;0.9444047902630928;0.055595209736907236
1731801863.910381;/app/bags/user95_2017-02-24.bag;0.834065854549408;0.0;0.9619645476341248;0.0;0.7960547501412467;0.9444047902630928;0.055595209736907236
1731801864.1104162;/app/bags/user95_2017-02-24.bag;0.834065854549408;0.0;0.9619645476341248;0.0;0.7960547501412467;0.9444047902630928;0.055595209736907236
1731801864.3104217;/app/bags/user95_2017-02-24.bag;0.834065854549408;0.0;0.9619645476341248;0.0;0.7960547501412467;0.9444047902630928;0.055595209736907236
1731801864.5104144;/app/bags/user95_2017-02-24.bag;0.834065854549408;0.0;0.9619645476341248;0.0;0.7960547501412467;0.9444047902630928;0.055595209736907236
1731801864.710373;/app/bags/user95_2017-02-24.bag;0.834065854549408;0.0;0.9619645476341248;0.0;0.7960547501412467;0.9444047902630928;0.055595209736907236
1731801864.9103923;/app/bags/user95_2017-02-24.bag;0.834065854549408;0.0;0.9619645476341248;0.0;0.7960547501412467;0.9444047902630928;0.055595209736907236
1731801865.1103828;/app/bags/user95_2017-02-24.bag;0.834065854549408;0.0;0.9619645476341248;0.0;0.7960547501412467;0.9444047902630928;0.055595209736907236
1731801865.3103933;/app/bags/user95_2017-02-24.bag;0.834065854549408;0.0;0.9619645476341248;0.0;0.7960547501412467;0.9444047902630928;0.055595209736907236
1731801865.5104566;/app/bags/user95_2017-02-24.bag;0.834065854549408;0.0;0.9619645476341248;0.0;0.7960547501412467;0.9444047902630928;0.055595209736907236
1731801865.7103987;/app/bags/user95_2017-02-24.bag;0.834065854549408;0.0;0.9619645476341248;0.0;0.7960547501412467;0.9444047902630928;0.055595209736907236
1731801865.9104033;/app/bags/user95_2017-02-24.bag;0.834065854549408;0.0;0.9619645476341248;0.0;0.7960547501412467;0.9444047902630928;0.055595209736907236
1731801866.1105049;/app/bags/user95_2017-02-24.bag;0.834065854549408;0.0;0.9619645476341248;0.0;0.7960547501412467;0.9444047902630928;0.055595209736907236
1731801866.3105066;/app/bags/user95_2017-02-24.bag;0.834065854549408;0.0;0.9619645476341248;0.0;0.7960547501412467;0.9444047902630928;0.055595209736907236
1731801866.5104318;/app/bags/user95_2017-02-24.bag;0.834065854549408;0.0;0.9619645476341248;0.0;0.7960547501412467;0.9444047902630928;0.055595209736907236
1731801866.7104642;/app/bags/user95_2017-02-24.bag;0.834065854549408;0.0;0.9619645476341248;0.0;0.7960547501412467;0.9444047902630928;0.055595209736907236
1731801866.9103854;/app/bags/user95_2017-02-24.bag;0.834065854549408;0.0;0.9619645476341248;0.0;0.7960547501412467;0.9444047902630928;0.055595209736907236
1731801867.1103928;/app/bags/user95_2017-02-24.bag;0.834065854549408;0.0;0.9619645476341248;0.0;0.7960547501412467;0.9444047902630928;0.055595209736907236
1731801867.3104239;/app/bags/user95_2017-02-24.bag;0.834065854549408;0.0;0.9619645476341248;0.0;0.7960547501412467;0.9444047902630928;0.055595209736907236
1731801867.510408;/app/bags/user95_2017-02-24.bag;0.834065854549408;0.0;0.9619645476341248;0.0;0.7960547501412467;0.9444047902630928;0.055595209736907236
1731801867.71047;/app/bags/user95_2017-02-24.bag;0.834065854549408;0.0;0.9619645476341248;0.0;0.7960547501412467;0.9444047902630928;0.055595209736907236
1731801867.9104443;/app/bags/user95_2017-02-24.bag;0.834065854549408;0.0;0.9619645476341248;0.0;0.7960547501412467;0.9444047902630928;0.055595209736907236
1731801868.1104298;/app/bags/user95_2017-02-24.bag;0.834065854549408;0.0;0.9619645476341248;0.0;0.7960547501412467;0.9444047902630928;0.055595209736907236
1731801868.3104;/app/bags/user95_2017-02-24.bag;0.834065854549408;0.0;0.9619645476341248;0.0;0.7960547501412467;0.9444047902630928;0.055595209736907236
1731801868.5104191;/app/bags/user95_2017-02-24.bag;0.834065854549408;0.0;0.9619645476341248;0.0;0.7960547501412467;0.9444047902630928;0.055595209736907236
1731801868.7104185;/app/bags/user95_2017-02-24.bag;0.834065854549408;0.0;0.9619645476341248;0.0;0.7960547501412467;0.9444047902630928;0.055595209736907236
1731801868.9104161;/app/bags/user95_2017-02-24.bag;0.834065854549408;0.0;0.9619645476341248;0.0;0.7960547501412467;0.9444047902630928;0.055595209736907236
1731801869.1103852;/app/bags/user95_2017-02-24.bag;0.834065854549408;0.0;0.9619645476341248;0.0;0.7960547501412467;0.9444047902630928;0.055595209736907236
1731801869.3103547;/app/bags/user95_2017-02-24.bag;0.834065854549408;0.0;0.9619645476341248;0.0;0.7960547501412467;0.9444047902630928;0.055595209736907236
1731801869.510423;/app/bags/user95_2017-02-24.bag;0.834065854549408;0.0;0.9619645476341248;0.0;0.7960547501412467;0.9444047902630928;0.055595209736907236
1731801869.7104077;/app/bags/user95_2017-02-24.bag;0.834065854549408;0.0;0.9619645476341248;0.0;0.7960547501412467;0.9444047902630928;0.055595209736907236
1731801869.9103959;/app/bags/user95_2017-02-24.bag;0.834065854549408;0.0;0.9619645476341248;0.0;0.7960547501412467;0.9444047902630928;0.055595209736907236
1731801870.1103609;/app/bags/user95_2017-02-24.bag;0.834065854549408;0.0;0.9619645476341248;0.0;0.7960547501412467;0.9444047902630928;0.055595209736907236
1731801870.3104148;/app/bags/user95_2017-02-24.bag;0.834065854549408;0.0;0.9619645476341248;0.0;0.7960547501412467;0.9444047902630928;0.055595209736907236
1731801870.5104024;/app/bags/user95_2017-02-24.bag;0.834065854549408;0.0;0.9619645476341248;0.0;0.7960547501412467;0.9444047902630928;0.055595209736907236
1731801870.710513;/app/bags/user95_2017-02-24.bag;0.834065854549408;0.0;0.9619645476341248;0.0;0.7960547501412467;0.9444047902630928;0.055595209736907236
1731801870.910484;/app/bags/user95_2017-02-24.bag;0.834065854549408;0.0;0.9619645476341248;0.0;0.7960547501412467;0.9444047902630928;0.055595209736907236
1731801871.1104386;/app/bags/user95_2017-02-24.bag;0.834065854549408;0.0;0.9619645476341248;0.0;0.7960547501412467;0.9444047902630928;0.055595209736907236
1731801871.310415;/app/bags/user95_2017-02-24.bag;0.834065854549408;0.0;0.9619645476341248;0.0;0.7960547501412467;0.9444047902630928;0.055595209736907236
1731801871.5103936;/app/bags/user95_2017-02-24.bag;0.834065854549408;0.0;0.9619645476341248;0.0;0.7960547501412467;0.9444047902630928;0.055595209736907236
1731801871.7104049;/app/bags/user95_2017-02-24.bag;0.834065854549408;0.0;0.9619645476341248;0.0;0.7960547501412467;0.9444047902630928;0.055595209736907236
1731801871.910351;/app/bags/user95_2017-02-24.bag;0.834065854549408;0.0;0.9619645476341248;0.0;0.7960547501412467;0.9444047902630928;0.055595209736907236
1731801872.110478;/app/bags/user95_2017-02-24.bag;0.834065854549408;0.0;0.9619645476341248;0.0;0.7960547501412467;0.9444047902630928;0.055595209736907236
1731801872.3104453;/app/bags/user95_2017-02-24.bag;0.834065854549408;0.0;0.9619645476341248;0.0;0.7960547501412467;0.9444047902630928;0.055595209736907236
1731801872.510398;/app/bags/user95_2017-02-24.bag;0.834065854549408;0.0;0.9619645476341248;0.0;0.7960547501412467;0.9444047902630928;0.055595209736907236
1731801872.7104528;/app/bags/user95_2017-02-24.bag;0.834065854549408;0.0;0.9619645476341248;0.0;0.7960547501412467;0.9444047902630928;0.055595209736907236
1731801872.9104295;/app/bags/user95_2017-02-24.bag;0.834065854549408;0.0;0.9619645476341248;0.0;0.7960547501412467;0.9444047902630928;0.055595209736907236
1731801873.1103969;/app/bags/user95_2017-02-24.bag;0.834065854549408;0.0;0.9619645476341248;0.0;0.7960547501412467;0.9444047902630928;0.055595209736907236
1731801873.3104043;/app/bags/user95_2017-02-24.bag;0.834065854549408;0.0;0.9619645476341248;0.0;0.7960547501412467;0.9444047902630928;0.055595209736907236
1731801873.510433;/app/bags/user95_2017-02-24.bag;0.834065854549408;0.0;0.9619645476341248;0.0;0.7960547501412467;0.9444047902630928;0.055595209736907236
1731801873.7105103;/app/bags/user95_2017-02-24.bag;0.834065854549408;0.0;0.9619645476341248;0.0;0.7960547501412467;0.9444047902630928;0.055595209736907236
1731801873.9104085;/app/bags/user95_2017-02-24.bag;0.834065854549408;0.0;0.9619645476341248;0.0;0.7960547501412467;0.9444047902630928;0.055595209736907236
1731801874.1104195;/app/bags/user95_2017-02-24.bag;0.834065854549408;0.0;0.9619645476341248;0.0;0.7960547501412467;0.9444047902630928;0.055595209736907236
1731801874.3104897;/app/bags/user95_2017-02-24.bag;0.834065854549408;0.0;0.9619645476341248;0.0;0.7960547501412467;0.9444047902630928;0.055595209736907236
1731801874.5104127;/app/bags/user95_2017-02-24.bag;0.834065854549408;0.0;0.9619645476341248;0.0;0.7960547501412467;0.9444047902630928;0.055595209736907236
1731801874.7103856;/app/bags/user95_2017-02-24.bag;0.834065854549408;0.0;0.9619645476341248;0.0;0.7960547501412467;0.9444047902630928;0.055595209736907236
1731801874.9103696;/app/bags/user95_2017-02-24.bag;0.834065854549408;0.0;0.9619645476341248;0.0;0.7960547501412467;0.9444047902630928;0.055595209736907236
1731801875.1103911;/app/bags/user95_2017-02-24.bag;0.834065854549408;0.0;0.9619645476341248;0.0;0.7960547501412467;0.9444047902630928;0.055595209736907236
1731801875.3104224;/app/bags/user95_2017-02-24.bag;0.834065854549408;0.0;0.9619645476341248;0.0;0.7960547501412467;0.9444047902630928;0.055595209736907236
1731801875.5104349;/app/bags/user95_2017-02-24.bag;0.834065854549408;0.0;0.9619645476341248;0.0;0.7960547501412467;0.9444047902630928;0.055595209736907236
1731801875.710414;/app/bags/user95_2017-02-24.bag;0.834065854549408;0.0;0.9619645476341248;0.0;0.7960547501412467;0.9444047902630928;0.055595209736907236
1731801875.9104364;/app/bags/user95_2017-02-24.bag;0.834065854549408;0.0;0.9619645476341248;0.0;0.7960547501412467;0.9444047902630928;0.055595209736907236
1731801876.1104002;/app/bags/user95_2017-02-24.bag;0.834065854549408;0.0;0.9619645476341248;0.0;0.7960547501412467;0.9444047902630928;0.055595209736907236
1731801876.3104012;/app/bags/user95_2017-02-24.bag;0.834065854549408;0.0;0.9619645476341248;0.0;0.7960547501412467;0.9444047902630928;0.055595209736907236
1731801876.5103993;/app/bags/user95_2017-02-24.bag;0.834065854549408;0.0;0.9619645476341248;0.0;0.7960547501412467;0.9444047902630928;0.055595209736907236
1731801876.7104058;/app/bags/user95_2017-02-24.bag;0.834065854549408;0.0;0.9619645476341248;0.0;0.7960547501412467;0.9444047902630928;0.055595209736907236
1731801876.9104028;/app/bags/user95_2017-02-24.bag;0.834065854549408;0.0;0.9619645476341248;0.0;0.7960547501412467;0.9444047902630928;0.055595209736907236
1731801877.11041;/app/bags/user95_2017-02-24.bag;0.834065854549408;0.0;0.9619645476341248;0.0;0.7960547501412467;0.9444047902630928;0.055595209736907236
1731801877.3103938;/app/bags/user95_2017-02-24.bag;0.834065854549408;0.0;0.9619645476341248;0.0;0.7960547501412467;0.9444047902630928;0.055595209736907236
1731801877.5103862;/app/bags/user95_2017-02-24.bag;0.834065854549408;0.0;0.9619645476341248;0.0;0.7960547501412467;0.9444047902630928;0.055595209736907236
1731801877.7104166;/app/bags/user95_2017-02-24.bag;0.834065854549408;0.0;0.9619645476341248;0.0;0.7960547501412467;0.9444047902630928;0.055595209736907236
1731801877.910423;/app/bags/user95_2017-02-24.bag;0.834065854549408;0.0;0.9619645476341248;0.0;0.7960547501412467;0.9444047902630928;0.055595209736907236
1731801878.1104078;/app/bags/user95_2017-02-24.bag;0.834065854549408;0.0;0.9619645476341248;0.0;0.7960547501412467;0.9444047902630928;0.055595209736907236
1731801878.3103755;/app/bags/user95_2017-02-24.bag;0.834065854549408;0.0;0.9619645476341248;0.0;0.7960547501412467;0.9444047902630928;0.055595209736907236
1731801878.5104418;/app/bags/user95_2017-02-24.bag;0.834065854549408;0.0;0.9619645476341248;0.0;0.7960547501412467;0.9444047902630928;0.055595209736907236
1731801878.7104676;/app/bags/user95_2017-02-24.bag;0.834065854549408;0.0;0.9619645476341248;0.0;0.7960547501412467;0.9444047902630928;0.055595209736907236
1731801878.9104836;/app/bags/user95_2017-02-24.bag;0.834065854549408;0.0;0.9619645476341248;0.0;0.7960547501412467;0.9444047902630928;0.055595209736907236
1731801879.1103995;/app/bags/user95_2017-02-24.bag;0.834065854549408;0.0;0.9619645476341248;0.0;0.7960547501412467;0.9444047902630928;0.055595209736907236
1731801879.310463;/app/bags/user95_2017-02-24.bag;0.834065854549408;0.0;0.9619645476341248;0.0;0.7960547501412467;0.9444047902630928;0.055595209736907236
1731801879.5104103;/app/bags/user95_2017-02-24.bag;0.834065854549408;0.0;0.9619645476341248;0.0;0.7960547501412467;0.9444047902630928;0.055595209736907236
1731801879.7104714;/app/bags/user95_2017-02-24.bag;0.834065854549408;0.0;0.9619645476341248;0.0;0.7960547501412467;0.9444047902630928;0.055595209736907236
1731801879.9103734;/app/bags/user95_2017-02-24.bag;0.834065854549408;0.0;0.9619645476341248;0.0;0.7960547501412467;0.9444047902630928;0.055595209736907236
1731801880.1103761;/app/bags/user95_2017-02-24.bag;0.834065854549408;0.0;0.9619645476341248;0.0;0.7960547501412467;0.9444047902630928;0.055595209736907236
1731801880.3103993;/app/bags/user95_2017-02-24.bag;0.834065854549408;0.0;0.9619645476341248;0.0;0.7960547501412467;0.9444047902630928;0.055595209736907236
1731801880.510392;/app/bags/user95_2017-02-24.bag;0.834065854549408;0.0;0.9619645476341248;0.0;0.7960547501412467;0.9444047902630928;0.055595209736907236
1731801880.710407;/app/bags/user95_2017-02-24.bag;0.834065854549408;0.0;0.9619645476341248;0.0;0.7960547501412467;0.9444047902630928;0.055595209736907236
1731801880.9104486;/app/bags/user95_2017-02-24.bag;0.834065854549408;0.0;0.9619645476341248;0.0;0.7960547501412467;0.9444047902630928;0.055595209736907236
1731801881.110385;/app/bags/user95_2017-02-24.bag;0.834065854549408;0.0;0.9619645476341248;0.0;0.7960547501412467;0.9444047902630928;0.055595209736907236
1731801881.3103883;/app/bags/user95_2017-02-24.bag;0.834065854549408;0.0;0.9619645476341248;0.0;0.7960547501412467;0.9444047902630928;0.055595209736907236
1731801881.5103846;/app/bags/user95_2017-02-24.bag;0.834065854549408;0.0;0.9619645476341248;0.0;0.7960547501412467;0.9444047902630928;0.055595209736907236
1731801881.7103698;/app/bags/user95_2017-02-24.bag;0.834065854549408;0.0;0.9619645476341248;0.0;0.7960547501412467;0.9444047902630928;0.055595209736907236
1731801881.9103985;/app/bags/user95_2017-02-24.bag;0.834065854549408;0.0;0.9619645476341248;0.0;0.7960547501412467;0.9444047902630928;0.055595209736907236
1731801882.1103883;/app/bags/user95_2017-02-24.bag;0.834065854549408;0.0;0.9619645476341248;0.0;0.7960547501412467;0.9444047902630928;0.055595209736907236
1731801882.3104007;/app/bags/user95_2017-02-24.bag;0.834065854549408;0.0;0.9619645476341248;0.0;0.7960547501412467;0.9444047902630928;0.055595209736907236
1731801882.510416;/app/bags/user95_2017-02-24.bag;0.834065854549408;0.0;0.9619645476341248;0.0;0.7960547501412467;0.9444047902630928;0.055595209736907236
1731801882.7105987;/app/bags/user95_2017-02-24.bag;0.834065854549408;0.0;0.9619645476341248;0.0;0.7960547501412467;0.9444047902630928;0.055595209736907236
1731801882.9104052;/app/bags/user95_2017-02-24.bag;0.834065854549408;0.0;0.9619645476341248;0.0;0.7960547501412467;0.9444047902630928;0.055595209736907236
1731801883.1103673;/app/bags/user95_2017-02-24.bag;0.834065854549408;0.0;0.9619645476341248;0.0;0.7960547501412467;0.9444047902630928;0.055595209736907236
1731801883.3104038;/app/bags/user95_2017-02-24.bag;0.834065854549408;0.0;0.9619645476341248;0.0;0.7960547501412467;0.9444047902630928;0.055595209736907236
1731801883.510394;/app/bags/user95_2017-02-24.bag;0.834065854549408;0.0;0.9619645476341248;0.0;0.7960547501412467;0.9444047902630928;0.055595209736907236
1731801883.7103877;/app/bags/user95_2017-02-24.bag;0.834065854549408;0.0;0.9619645476341248;0.0;0.7960547501412467;0.9444047902630928;0.055595209736907236
1731801883.9103563;/app/bags/user95_2017-02-24.bag;0.834065854549408;0.0;0.9619645476341248;0.0;0.7960547501412467;0.9444047902630928;0.055595209736907236
1731801884.1103685;/app/bags/user95_2017-02-24.bag;0.834065854549408;0.0;0.9619645476341248;0.0;0.7960547501412467;0.9444047902630928;0.055595209736907236
1731801884.3104553;/app/bags/user95_2017-02-24.bag;0.834065854549408;0.0;0.9619645476341248;0.0;0.7960547501412467;0.9444047902630928;0.055595209736907236
1731801884.5104444;/app/bags/user95_2017-02-24.bag;0.834065854549408;0.0;0.9619645476341248;0.0;0.7960547501412467;0.9444047902630928;0.055595209736907236
1731801884.7103627;/app/bags/user95_2017-02-24.bag;0.834065854549408;0.0;0.9619645476341248;0.0;0.7960547501412467;0.9444047902630928;0.055595209736907236
1731801884.9103944;/app/bags/user95_2017-02-24.bag;0.834065854549408;0.0;0.9619645476341248;0.0;0.7960547501412467;0.9444047902630928;0.055595209736907236
1731801885.1104486;/app/bags/user95_2017-02-24.bag;0.834065854549408;0.0;0.9619645476341248;0.0;0.7960547501412467;0.9444047902630928;0.055595209736907236
1731801885.3104057;/app/bags/user95_2017-02-24.bag;0.834065854549408;0.0;0.9619645476341248;0.0;0.7960547501412467;0.9444047902630928;0.055595209736907236
1731801885.5103645;/app/bags/user95_2017-02-24.bag;0.834065854549408;0.0;0.9619645476341248;0.0;0.7960547501412467;0.9444047902630928;0.055595209736907236
1731801885.7104037;/app/bags/user95_2017-02-24.bag;0.834065854549408;0.0;0.9619645476341248;0.0;0.7960547501412467;0.9444047902630928;0.055595209736907236
1731801885.9104652;/app/bags/user95_2017-02-24.bag;0.834065854549408;0.0;0.9619645476341248;0.0;0.7960547501412467;0.9444047902630928;0.055595209736907236
1731801886.1104095;/app/bags/user95_2017-02-24.bag;0.834065854549408;0.0;0.9619645476341248;0.0;0.7960547501412467;0.9444047902630928;0.055595209736907236
1731801886.3104327;/app/bags/user95_2017-02-24.bag;0.834065854549408;0.0;0.9619645476341248;0.0;0.7960547501412467;0.9444047902630928;0.055595209736907236
1731801886.5103772;/app/bags/user95_2017-02-24.bag;0.834065854549408;0.0;0.9619645476341248;0.0;0.7960547501412467;0.9444047902630928;0.055595209736907236
1731801886.7104125;/app/bags/user95_2017-02-24.bag;0.834065854549408;0.0;0.9619645476341248;0.0;0.7960547501412467;0.9444047902630928;0.055595209736907236
1731801886.910519;/app/bags/user95_2017-02-24.bag;0.834065854549408;0.0;0.9619645476341248;0.0;0.7960547501412467;0.9444047902630928;0.055595209736907236
1731801887.1104124;/app/bags/user95_2017-02-24.bag;0.834065854549408;0.0;0.9619645476341248;0.0;0.7960547501412467;0.9444047902630928;0.055595209736907236
1731801887.3103943;/app/bags/user95_2017-02-24.bag;0.834065854549408;0.0;0.9619645476341248;0.0;0.7960547501412467;0.9444047902630928;0.055595209736907236
1731801887.5104573;/app/bags/user95_2017-02-24.bag;0.834065854549408;0.0;0.9619645476341248;0.0;0.7960547501412467;0.9444047902630928;0.055595209736907236
1731801887.7104266;/app/bags/user95_2017-02-24.bag;0.834065854549408;0.0;0.9619645476341248;0.0;0.7960547501412467;0.9444047902630928;0.055595209736907236
1731801887.9104235;/app/bags/user95_2017-02-24.bag;0.834065854549408;0.0;0.9619645476341248;0.0;0.7960547501412467;0.9444047902630928;0.055595209736907236
1731801888.1104183;/app/bags/user95_2017-02-24.bag;0.834065854549408;0.0;0.9619645476341248;0.0;0.7960547501412467;0.9444047902630928;0.055595209736907236
1731801888.3103678;/app/bags/user95_2017-02-24.bag;0.834065854549408;0.0;0.9619645476341248;0.0;0.7960547501412467;0.9444047902630928;0.055595209736907236
1731801888.5103946;/app/bags/user95_2017-02-24.bag;0.834065854549408;0.0;0.9619645476341248;0.0;0.7960547501412467;0.9444047902630928;0.055595209736907236
1731801888.710415;/app/bags/user95_2017-02-24.bag;0.834065854549408;0.0;0.9619645476341248;0.0;0.7960547501412467;0.9444047902630928;0.055595209736907236
1731801888.9104533;/app/bags/user95_2017-02-24.bag;0.834065854549408;0.0;0.9619645476341248;0.0;0.7960547501412467;0.9444047902630928;0.055595209736907236
1731801889.1104128;/app/bags/user95_2017-02-24.bag;0.834065854549408;0.0;0.9619645476341248;0.0;0.7960547501412467;0.9444047902630928;0.055595209736907236
1731801889.3104303;/app/bags/user95_2017-02-24.bag;0.834065854549408;0.0;0.9619645476341248;0.0;0.7960547501412467;0.9444047902630928;0.055595209736907236
1731801889.5103924;/app/bags/user95_2017-02-24.bag;0.834065854549408;0.0;0.9619645476341248;0.0;0.7960547501412467;0.9444047902630928;0.055595209736907236
1731801889.710404;/app/bags/user95_2017-02-24.bag;0.834065854549408;0.0;0.9619645476341248;0.0;0.7960547501412467;0.9444047902630928;0.055595209736907236
1731801889.9103656;/app/bags/user95_2017-02-24.bag;0.834065854549408;0.0;0.9619645476341248;0.0;0.7960547501412467;0.9444047902630928;0.055595209736907236
1731801890.1104763;/app/bags/user95_2017-02-24.bag;0.834065854549408;0.0;0.9619645476341248;0.0;0.7960547501412467;0.9444047902630928;0.055595209736907236
1731801890.310449;/app/bags/user95_2017-02-24.bag;0.834065854549408;0.0;0.9619645476341248;0.0;0.7960547501412467;0.9444047902630928;0.055595209736907236
1731801890.5104184;/app/bags/user95_2017-02-24.bag;0.834065854549408;0.0;0.9619645476341248;0.0;0.7960547501412467;0.9444047902630928;0.055595209736907236
1731801890.7103646;/app/bags/user95_2017-02-24.bag;0.834065854549408;0.0;0.9619645476341248;0.0;0.7960547501412467;0.9444047902630928;0.055595209736907236
1731801890.9103954;/app/bags/user95_2017-02-24.bag;0.834065854549408;0.0;0.9619645476341248;0.0;0.7960547501412467;0.9444047902630928;0.055595209736907236
1731801891.1104064;/app/bags/user95_2017-02-24.bag;0.834065854549408;0.0;0.9619645476341248;0.0;0.7960547501412467;0.9444047902630928;0.055595209736907236
1731801891.3103905;/app/bags/user95_2017-02-24.bag;0.834065854549408;0.0;0.9619645476341248;0.0;0.7960547501412467;0.9444047902630928;0.055595209736907236
1731801891.510376;/app/bags/user95_2017-02-24.bag;0.834065854549408;0.0;0.9619645476341248;0.0;0.7960547501412467;0.9444047902630928;0.055595209736907236
1731801891.7104604;/app/bags/user95_2017-02-24.bag;0.834065854549408;0.0;0.9619645476341248;0.0;0.7960547501412467;0.9444047902630928;0.055595209736907236
1731801891.9104052;/app/bags/user95_2017-02-24.bag;0.834065854549408;0.0;0.9619645476341248;0.0;0.7960547501412467;0.9444047902630928;0.055595209736907236
1731801892.1104;/app/bags/user95_2017-02-24.bag;0.834065854549408;0.0;0.9619645476341248;0.0;0.7960547501412467;0.9444047902630928;0.055595209736907236
1731801892.3104444;/app/bags/user95_2017-02-24.bag;0.834065854549408;0.0;0.9619645476341248;0.0;0.7960547501412467;0.9444047902630928;0.055595209736907236
1731801892.5104122;/app/bags/user95_2017-02-24.bag;0.834065854549408;0.0;0.9619645476341248;0.0;0.7960547501412467;0.9444047902630928;0.055595209736907236
1731801892.7104273;/app/bags/user95_2017-02-24.bag;0.834065854549408;0.0;0.9619645476341248;0.0;0.7960547501412467;0.9444047902630928;0.055595209736907236
1731801892.9103818;/app/bags/user95_2017-02-24.bag;0.834065854549408;0.0;0.9619645476341248;0.0;0.7960547501412467;0.9444047902630928;0.055595209736907236
1731801893.1103969;/app/bags/user95_2017-02-24.bag;0.834065854549408;0.0;0.9619645476341248;0.0;0.7960547501412467;0.9444047902630928;0.055595209736907236
1731801893.3104422;/app/bags/user95_2017-02-24.bag;0.834065854549408;0.0;0.9619645476341248;0.0;0.7960547501412467;0.9444047902630928;0.055595209736907236
1731801893.510349;/app/bags/user95_2017-02-24.bag;0.834065854549408;0.0;0.9619645476341248;0.0;0.7960547501412467;0.9444047902630928;0.055595209736907236
1731801893.710424;/app/bags/user95_2017-02-24.bag;0.834065854549408;0.0;0.9619645476341248;0.0;0.7960547501412467;0.9444047902630928;0.055595209736907236
1731801893.9104264;/app/bags/user95_2017-02-24.bag;0.834065854549408;0.0;0.9619645476341248;0.0;0.7960547501412467;0.9444047902630928;0.055595209736907236
1731801894.11049;/app/bags/user95_2017-02-24.bag;0.834065854549408;0.0;0.9619645476341248;0.0;0.7960547501412467;0.9444047902630928;0.055595209736907236
1731801894.3104112;/app/bags/user95_2017-02-24.bag;0.834065854549408;0.0;0.9619645476341248;0.0;0.7960547501412467;0.9444047902630928;0.055595209736907236
1731801894.5104606;/app/bags/user95_2017-02-24.bag;0.834065854549408;0.0;0.9619645476341248;0.0;0.7960547501412467;0.9444047902630928;0.055595209736907236
1731801894.710571;/app/bags/user95_2017-02-24.bag;0.834065854549408;0.0;0.9619645476341248;0.0;0.7960547501412467;0.9444047902630928;0.055595209736907236
1731801894.9104033;/app/bags/user95_2017-02-24.bag;0.834065854549408;0.0;0.9619645476341248;0.0;0.7960547501412467;0.9444047902630928;0.055595209736907236
1731801895.1104357;/app/bags/user95_2017-02-24.bag;0.834065854549408;0.0;0.9619645476341248;0.0;0.7960547501412467;0.9444047902630928;0.055595209736907236
1731801895.310383;/app/bags/user95_2017-02-24.bag;0.834065854549408;0.0;0.9619645476341248;0.0;0.7960547501412467;0.9444047902630928;0.055595209736907236
1731801895.5104103;/app/bags/user95_2017-02-24.bag;0.834065854549408;0.0;0.9619645476341248;0.0;0.7960547501412467;0.9444047902630928;0.055595209736907236
1731801895.7103972;/app/bags/user95_2017-02-24.bag;0.834065854549408;0.0;0.9619645476341248;0.0;0.7960547501412467;0.9444047902630928;0.055595209736907236
1731801895.9103637;/app/bags/user95_2017-02-24.bag;0.834065854549408;0.0;0.9619645476341248;0.0;0.7960547501412467;0.9444047902630928;0.055595209736907236
1731801896.1104043;/app/bags/user95_2017-02-24.bag;0.834065854549408;0.0;0.9619645476341248;0.0;0.7960547501412467;0.9444047902630928;0.055595209736907236
1731801896.3103774;/app/bags/user95_2017-02-24.bag;0.834065854549408;0.0;0.9619645476341248;0.0;0.7960547501412467;0.9444047902630928;0.055595209736907236
1731801896.510411;/app/bags/user95_2017-02-24.bag;0.834065854549408;0.0;0.9619645476341248;0.0;0.7960547501412467;0.9444047902630928;0.055595209736907236
1731801896.710414;/app/bags/user95_2017-02-24.bag;0.834065854549408;0.0;0.9619645476341248;0.0;0.7960547501412467;0.9444047902630928;0.055595209736907236
1731801896.910395;/app/bags/user95_2017-02-24.bag;0.834065854549408;0.0;0.9619645476341248;0.0;0.7960547501412467;0.9444047902630928;0.055595209736907236
1731801897.110389;/app/bags/user95_2017-02-24.bag;0.834065854549408;0.0;0.9619645476341248;0.0;0.7960547501412467;0.9444047902630928;0.055595209736907236
1731801897.3103452;/app/bags/user95_2017-02-24.bag;0.834065854549408;0.0;0.9619645476341248;0.0;0.7960547501412467;0.9444047902630928;0.055595209736907236
1731801897.5104005;/app/bags/user95_2017-02-24.bag;0.834065854549408;0.0;0.9619645476341248;0.0;0.7960547501412467;0.9444047902630928;0.055595209736907236
1731801897.7104003;/app/bags/user95_2017-02-24.bag;0.834065854549408;0.0;0.9619645476341248;0.0;0.7960547501412467;0.9444047902630928;0.055595209736907236
1731801897.9104164;/app/bags/user95_2017-02-24.bag;0.834065854549408;0.0;0.9619645476341248;0.0;0.7960547501412467;0.9444047902630928;0.055595209736907236
1731801898.1104078;/app/bags/user95_2017-02-24.bag;0.834065854549408;0.0;0.9619645476341248;0.0;0.7960547501412467;0.9444047902630928;0.055595209736907236
1731801898.3104546;/app/bags/user95_2017-02-24.bag;0.834065854549408;0.0;0.9619645476341248;0.0;0.7960547501412467;0.9444047902630928;0.055595209736907236
1731801898.5104563;/app/bags/user95_2017-02-24.bag;0.834065854549408;0.0;0.9619645476341248;0.0;0.7960547501412467;0.9444047902630928;0.055595209736907236
1731801898.7104323;/app/bags/user95_2017-02-24.bag;0.834065854549408;0.0;0.9619645476341248;0.0;0.7960547501412467;0.9444047902630928;0.055595209736907236
1731801898.910384;/app/bags/user95_2017-02-24.bag;0.834065854549408;0.0;0.9619645476341248;0.0;0.7960547501412467;0.9444047902630928;0.055595209736907236
1731801899.11042;/app/bags/user95_2017-02-24.bag;0.834065854549408;0.0;0.9619645476341248;0.0;0.7960547501412467;0.9444047902630928;0.055595209736907236
1731801899.3103948;/app/bags/user95_2017-02-24.bag;0.834065854549408;0.0;0.9619645476341248;0.0;0.7960547501412467;0.9444047902630928;0.055595209736907236
1731801899.5104141;/app/bags/user95_2017-02-24.bag;0.834065854549408;0.0;0.9619645476341248;0.0;0.7960547501412467;0.9444047902630928;0.055595209736907236
1731801899.7104058;/app/bags/user95_2017-02-24.bag;0.834065854549408;0.0;0.9619645476341248;0.0;0.7960547501412467;0.9444047902630928;0.055595209736907236
1731801899.9104018;/app/bags/user95_2017-02-24.bag;0.834065854549408;0.0;0.9619645476341248;0.0;0.7960547501412467;0.9444047902630928;0.055595209736907236
1731801900.1104515;/app/bags/user95_2017-02-24.bag;0.834065854549408;0.0;0.9619645476341248;0.0;0.7960547501412467;0.9444047902630928;0.055595209736907236
1731801900.31053;/app/bags/user95_2017-02-24.bag;0.834065854549408;0.0;0.9619645476341248;0.0;0.7960547501412467;0.9444047902630928;0.055595209736907236
1731801900.5103703;/app/bags/user95_2017-02-24.bag;0.834065854549408;0.0;0.9619645476341248;0.0;0.7960547501412467;0.9444047902630928;0.055595209736907236
1731801900.7104685;/app/bags/user95_2017-02-24.bag;0.834065854549408;0.0;0.9619645476341248;0.0;0.7960547501412467;0.9444047902630928;0.055595209736907236
1731801900.9104168;/app/bags/user95_2017-02-24.bag;0.834065854549408;0.0;0.9619645476341248;0.0;0.7960547501412467;0.9444047902630928;0.055595209736907236
1731801901.110371;/app/bags/user95_2017-02-24.bag;0.834065854549408;0.0;0.9619645476341248;0.0;0.7960547501412467;0.9444047902630928;0.055595209736907236
1731801901.3103786;/app/bags/user95_2017-02-24.bag;0.834065854549408;0.0;0.9619645476341248;0.0;0.7960547501412467;0.9444047902630928;0.055595209736907236
1731801901.5104072;/app/bags/user95_2017-02-24.bag;0.834065854549408;0.0;0.9619645476341248;0.0;0.7960547501412467;0.9444047902630928;0.055595209736907236
1731801901.710342;/app/bags/user95_2017-02-24.bag;0.834065854549408;0.0;0.9619645476341248;0.0;0.7960547501412467;0.9444047902630928;0.055595209736907236
1731801901.9104068;/app/bags/user95_2017-02-24.bag;0.834065854549408;0.0;0.9619645476341248;0.0;0.7960547501412467;0.9444047902630928;0.055595209736907236
1731801902.11041;/app/bags/user95_2017-02-24.bag;0.834065854549408;0.0;0.9619645476341248;0.0;0.7960547501412467;0.9444047902630928;0.055595209736907236
1731801902.3104305;/app/bags/user95_2017-02-24.bag;0.834065854549408;0.0;0.9619645476341248;0.0;0.7960547501412467;0.9444047902630928;0.055595209736907236
1731801902.5103977;/app/bags/user95_2017-02-24.bag;0.834065854549408;0.0;0.9619645476341248;0.0;0.7960547501412467;0.9444047902630928;0.055595209736907236
1731801902.7104325;/app/bags/user95_2017-02-24.bag;0.834065854549408;0.0;0.9619645476341248;0.0;0.7960547501412467;0.9444047902630928;0.055595209736907236
1731801902.9103682;/app/bags/user95_2017-02-24.bag;0.834065854549408;0.0;0.9619645476341248;0.0;0.7960547501412467;0.9444047902630928;0.055595209736907236
1731801903.110383;/app/bags/user95_2017-02-24.bag;0.834065854549408;0.0;0.9619645476341248;0.0;0.7960547501412467;0.9444047902630928;0.055595209736907236
1731801903.3103652;/app/bags/user95_2017-02-24.bag;0.834065854549408;0.0;0.9619645476341248;0.0;0.7960547501412467;0.9444047902630928;0.055595209736907236
1731801903.510593;/app/bags/user95_2017-02-24.bag;0.834065854549408;0.0;0.9619645476341248;0.0;0.7960547501412467;0.9444047902630928;0.055595209736907236
1731801903.7104342;/app/bags/user95_2017-02-24.bag;0.834065854549408;0.0;0.9619645476341248;0.0;0.7960547501412467;0.9444047902630928;0.055595209736907236
1731801903.9103813;/app/bags/user95_2017-02-24.bag;0.834065854549408;0.0;0.9619645476341248;0.0;0.7960547501412467;0.9444047902630928;0.055595209736907236
1731801904.1103983;/app/bags/user95_2017-02-24.bag;0.834065854549408;0.0;0.9619645476341248;0.0;0.7960547501412467;0.9444047902630928;0.055595209736907236
1731801904.3104384;/app/bags/user95_2017-02-24.bag;0.834065854549408;0.0;0.9619645476341248;0.0;0.7960547501412467;0.9444047902630928;0.055595209736907236
1731801904.5104184;/app/bags/user95_2017-02-24.bag;0.834065854549408;0.0;0.9619645476341248;0.0;0.7960547501412467;0.9444047902630928;0.055595209736907236
1731801904.7104397;/app/bags/user95_2017-02-24.bag;0.834065854549408;0.0;0.9619645476341248;0.0;0.7960547501412467;0.9444047902630928;0.055595209736907236
1731801904.9103794;/app/bags/user95_2017-02-24.bag;0.834065854549408;0.0;0.9619645476341248;0.0;0.7960547501412467;0.9444047902630928;0.055595209736907236
1731801905.1103904;/app/bags/user95_2017-02-24.bag;0.834065854549408;0.0;0.9619645476341248;0.0;0.7960547501412467;0.9444047902630928;0.055595209736907236
1731801905.3104098;/app/bags/user95_2017-02-24.bag;0.834065854549408;0.0;0.9619645476341248;0.0;0.7960547501412467;0.9444047902630928;0.055595209736907236
1731801905.5103798;/app/bags/user95_2017-02-24.bag;0.834065854549408;0.0;0.9619645476341248;0.0;0.7960547501412467;0.9444047902630928;0.055595209736907236
1731801905.7103949;/app/bags/user95_2017-02-24.bag;0.834065854549408;0.0;0.9619645476341248;0.0;0.7960547501412467;0.9444047902630928;0.055595209736907236
1731801905.9104064;/app/bags/user95_2017-02-24.bag;0.834065854549408;0.0;0.9619645476341248;0.0;0.7960547501412467;0.9444047902630928;0.055595209736907236
1731801906.1104734;/app/bags/user95_2017-02-24.bag;0.834065854549408;0.0;0.9619645476341248;0.0;0.7960547501412467;0.9444047902630928;0.055595209736907236
1731801906.3103955;/app/bags/user95_2017-02-24.bag;0.834065854549408;0.0;0.9619645476341248;0.0;0.7960547501412467;0.9444047902630928;0.055595209736907236
1731801906.5104718;/app/bags/user95_2017-02-24.bag;0.834065854549408;0.0;0.9619645476341248;0.0;0.7960547501412467;0.9444047902630928;0.055595209736907236
1731801906.710396;/app/bags/user95_2017-02-24.bag;0.834065854549408;0.0;0.9619645476341248;0.0;0.7960547501412467;0.9444047902630928;0.055595209736907236
1731801906.9103816;/app/bags/user95_2017-02-24.bag;0.834065854549408;0.0;0.9619645476341248;0.0;0.7960547501412467;0.9444047902630928;0.055595209736907236
1731801907.110412;/app/bags/user95_2017-02-24.bag;0.834065854549408;0.0;0.9619645476341248;0.0;0.7960547501412467;0.9444047902630928;0.055595209736907236
1731801907.3103948;/app/bags/user95_2017-02-24.bag;0.834065854549408;0.0;0.9619645476341248;0.0;0.7960547501412467;0.9444047902630928;0.055595209736907236
1731801907.510395;/app/bags/user95_2017-02-24.bag;0.834065854549408;0.0;0.9619645476341248;0.0;0.7960547501412467;0.9444047902630928;0.055595209736907236
1731801907.7104566;/app/bags/user95_2017-02-24.bag;0.834065854549408;0.0;0.9619645476341248;0.0;0.7960547501412467;0.9444047902630928;0.055595209736907236
1731801907.9104276;/app/bags/user95_2017-02-24.bag;0.834065854549408;0.0;0.9619645476341248;0.0;0.7960547501412467;0.9444047902630928;0.055595209736907236
1731801908.1103957;/app/bags/user95_2017-02-24.bag;0.834065854549408;0.0;0.9619645476341248;0.0;0.7960547501412467;0.9444047902630928;0.055595209736907236
1731801908.3103662;/app/bags/user95_2017-02-24.bag;0.834065854549408;0.0;0.9619645476341248;0.0;0.7960547501412467;0.9444047902630928;0.055595209736907236
1731801908.5104222;/app/bags/user95_2017-02-24.bag;0.834065854549408;0.0;0.9619645476341248;0.0;0.7960547501412467;0.9444047902630928;0.055595209736907236
1731801908.7103431;/app/bags/user95_2017-02-24.bag;0.834065854549408;0.0;0.9619645476341248;0.0;0.7960547501412467;0.9444047902630928;0.055595209736907236
1731801908.910384;/app/bags/user95_2017-02-24.bag;0.834065854549408;0.0;0.9619645476341248;0.0;0.7960547501412467;0.9444047902630928;0.055595209736907236
1731801909.11036;/app/bags/user95_2017-02-24.bag;0.834065854549408;0.0;0.9619645476341248;0.0;0.7960547501412467;0.9444047902630928;0.055595209736907236
1731801909.3105574;/app/bags/user95_2017-02-24.bag;0.834065854549408;0.0;0.9619645476341248;0.0;0.7960547501412467;0.9444047902630928;0.055595209736907236
1731801909.5103736;/app/bags/user95_2017-02-24.bag;0.834065854549408;0.0;0.9619645476341248;0.0;0.7960547501412467;0.9444047902630928;0.055595209736907236
1731801909.7103899;/app/bags/user95_2017-02-24.bag;0.834065854549408;0.0;0.9619645476341248;0.0;0.7960547501412467;0.9444047902630928;0.055595209736907236
1731801909.9104667;/app/bags/user95_2017-02-24.bag;0.834065854549408;0.0;0.9619645476341248;0.0;0.7960547501412467;0.9444047902630928;0.055595209736907236
1731801910.1104312;/app/bags/user95_2017-02-24.bag;0.834065854549408;0.0;0.9619645476341248;0.0;0.7960547501412467;0.9444047902630928;0.055595209736907236
1731801910.3104458;/app/bags/user95_2017-02-24.bag;0.834065854549408;0.0;0.9619645476341248;0.0;0.7960547501412467;0.9444047902630928;0.055595209736907236
1731801910.5103707;/app/bags/user95_2017-02-24.bag;0.834065854549408;0.0;0.9619645476341248;0.0;0.7960547501412467;0.9444047902630928;0.055595209736907236
1731801910.7105725;/app/bags/user95_2017-02-24.bag;0.834065854549408;0.0;0.9619645476341248;0.0;0.7960547501412467;0.9444047902630928;0.055595209736907236
1731801910.9104047;/app/bags/user95_2017-02-24.bag;0.834065854549408;0.0;0.9619645476341248;0.0;0.7960547501412467;0.9444047902630928;0.055595209736907236
1731801911.1104445;/app/bags/user95_2017-02-24.bag;0.834065854549408;0.0;0.9619645476341248;0.0;0.7960547501412467;0.9444047902630928;0.055595209736907236
1731801911.3104112;/app/bags/user95_2017-02-24.bag;0.834065854549408;0.0;0.9619645476341248;0.0;0.7960547501412467;0.9444047902630928;0.055595209736907236
1731801911.5103872;/app/bags/user95_2017-02-24.bag;0.834065854549408;0.0;0.9619645476341248;0.0;0.7960547501412467;0.9444047902630928;0.055595209736907236
1731801911.7103734;/app/bags/user95_2017-02-24.bag;0.834065854549408;0.0;0.9619645476341248;0.0;0.7960547501412467;0.9444047902630928;0.055595209736907236
1731801911.9104419;/app/bags/user95_2017-02-24.bag;0.834065854549408;0.0;0.9619645476341248;0.0;0.7960547501412467;0.9444047902630928;0.055595209736907236
1731801912.1106014;/app/bags/user95_2017-02-24.bag;0.834065854549408;0.0;0.9619645476341248;0.0;0.7960547501412467;0.9444047902630928;0.055595209736907236
1731801912.3105266;/app/bags/user95_2017-02-24.bag;0.834065854549408;0.0;0.9619645476341248;0.0;0.7960547501412467;0.9444047902630928;0.055595209736907236
1731801912.5103948;/app/bags/user95_2017-02-24.bag;0.834065854549408;0.0;0.9619645476341248;0.0;0.7960547501412467;0.9444047902630928;0.055595209736907236
1731801912.7104228;/app/bags/user95_2017-02-24.bag;0.834065854549408;0.0;0.9619645476341248;0.0;0.7960547501412467;0.9444047902630928;0.055595209736907236
1731801912.9104269;/app/bags/user95_2017-02-24.bag;0.834065854549408;0.0;0.9619645476341248;0.0;0.7960547501412467;0.9444047902630928;0.055595209736907236
1731801913.1104243;/app/bags/user95_2017-02-24.bag;0.834065854549408;0.0;0.9619645476341248;0.0;0.7960547501412467;0.9444047902630928;0.055595209736907236
1731801913.3103907;/app/bags/user95_2017-02-24.bag;0.834065854549408;0.0;0.9619645476341248;0.0;0.7960547501412467;0.9444047902630928;0.055595209736907236
1731801913.510411;/app/bags/user95_2017-02-24.bag;0.834065854549408;0.0;0.9619645476341248;0.0;0.7960547501412467;0.9444047902630928;0.055595209736907236
1731801913.7104545;/app/bags/user95_2017-02-24.bag;0.834065854549408;0.0;0.9619645476341248;0.0;0.7960547501412467;0.9444047902630928;0.055595209736907236
1731801913.9103827;/app/bags/user95_2017-02-24.bag;0.834065854549408;0.0;0.9619645476341248;0.0;0.7960547501412467;0.9444047902630928;0.055595209736907236
1731801914.1103861;/app/bags/user95_2017-02-24.bag;0.834065854549408;0.0;0.9619645476341248;0.0;0.7960547501412467;0.9444047902630928;0.055595209736907236
1731801914.3105261;/app/bags/user95_2017-02-24.bag;0.834065854549408;0.0;0.9619645476341248;0.0;0.7960547501412467;0.9444047902630928;0.055595209736907236
1731801914.5103996;/app/bags/user95_2017-02-24.bag;0.834065854549408;0.0;0.9619645476341248;0.0;0.7960547501412467;0.9444047902630928;0.055595209736907236
1731801914.7104158;/app/bags/user95_2017-02-24.bag;0.834065854549408;0.0;0.9619645476341248;0.0;0.7960547501412467;0.9444047902630928;0.055595209736907236
1731801914.910389;/app/bags/user95_2017-02-24.bag;0.834065854549408;0.0;0.9619645476341248;0.0;0.7960547501412467;0.9444047902630928;0.055595209736907236
1731801915.110385;/app/bags/user95_2017-02-24.bag;0.834065854549408;0.0;0.9619645476341248;0.0;0.7960547501412467;0.9444047902630928;0.055595209736907236
1731801915.310579;/app/bags/user95_2017-02-24.bag;0.834065854549408;0.0;0.9619645476341248;0.0;0.7960547501412467;0.9444047902630928;0.055595209736907236
1731801915.510374;/app/bags/user95_2017-02-24.bag;0.834065854549408;0.0;0.9619645476341248;0.0;0.7960547501412467;0.9444047902630928;0.055595209736907236
1731801915.7104034;/app/bags/user95_2017-02-24.bag;0.834065854549408;0.0;0.9619645476341248;0.0;0.7960547501412467;0.9444047902630928;0.055595209736907236
1731801915.9103928;/app/bags/user95_2017-02-24.bag;0.834065854549408;0.0;0.9619645476341248;0.0;0.7960547501412467;0.9444047902630928;0.055595209736907236
1731801916.1104004;/app/bags/user95_2017-02-24.bag;0.834065854549408;0.0;0.9619645476341248;0.0;0.7960547501412467;0.9444047902630928;0.055595209736907236
1731801916.3103812;/app/bags/user95_2017-02-24.bag;0.834065854549408;0.0;0.9619645476341248;0.0;0.7960547501412467;0.9444047902630928;0.055595209736907236
1731801916.5104008;/app/bags/user95_2017-02-24.bag;0.834065854549408;0.0;0.9619645476341248;0.0;0.7960547501412467;0.9444047902630928;0.055595209736907236
1731801916.7103753;/app/bags/user95_2017-02-24.bag;0.834065854549408;0.0;0.9619645476341248;0.0;0.7960547501412467;0.9444047902630928;0.055595209736907236
1731801916.9103818;/app/bags/user95_2017-02-24.bag;0.834065854549408;0.0;0.9619645476341248;0.0;0.7960547501412467;0.9444047902630928;0.055595209736907236
1731801917.1104054;/app/bags/user95_2017-02-24.bag;0.834065854549408;0.0;0.9619645476341248;0.0;0.7960547501412467;0.9444047902630928;0.055595209736907236
1731801917.310384;/app/bags/user95_2017-02-24.bag;0.834065854549408;0.0;0.9619645476341248;0.0;0.7960547501412467;0.9444047902630928;0.055595209736907236
1731801917.510349;/app/bags/user95_2017-02-24.bag;0.834065854549408;0.0;0.9619645476341248;0.0;0.7960547501412467;0.9444047902630928;0.055595209736907236
1731801917.7103734;/app/bags/user95_2017-02-24.bag;0.834065854549408;0.0;0.9619645476341248;0.0;0.7960547501412467;0.9444047902630928;0.055595209736907236
1731801917.9103982;/app/bags/user95_2017-02-24.bag;0.834065854549408;0.0;0.9619645476341248;0.0;3.6903359844713712;0.8114143797257863;0.18858562027421366
1731801918.1104522;/app/bags/user95_2017-02-24.bag;0.834065854549408;0.0;0.9619645476341248;0.0;3.6903359844713712;0.8114143797257863;0.18858562027421366
1731801918.3103795;/app/bags/user95_2017-02-24.bag;0.834065854549408;0.0;0.9619645476341248;0.0;3.6903359844713712;0.8114143797257863;0.18858562027421366
1731801918.5103958;/app/bags/user95_2017-02-24.bag;0.834065854549408;0.0;0.9619645476341248;0.0;3.6903359844713712;0.8114143797257863;0.18858562027421366
1731801918.7104006;/app/bags/user95_2017-02-24.bag;0.834065854549408;0.0;0.9619645476341248;0.0;3.6903359844713712;0.8114143797257863;0.18858562027421366
1731801918.9103756;/app/bags/user95_2017-02-24.bag;0.834065854549408;0.0;0.9619645476341248;0.0;3.6903359844713712;0.8114143797257863;0.18858562027421366
1731801919.1103792;/app/bags/user95_2017-02-24.bag;0.834065854549408;0.0;0.9619645476341248;0.0;3.6903359844713712;0.8114143797257863;0.18858562027421366
1731801919.3104107;/app/bags/user95_2017-02-24.bag;0.834065854549408;0.0;0.9619645476341248;0.0;3.6903359844713712;0.8114143797257863;0.18858562027421366
1731801919.5104883;/app/bags/user95_2017-02-24.bag;0.834065854549408;0.0;0.9619645476341248;0.0;3.6903359844713712;0.8114143797257863;0.18858562027421366
1731801919.7104685;/app/bags/user95_2017-02-24.bag;0.834065854549408;0.0;0.9619645476341248;0.0;3.6903359844713712;0.8114143797257863;0.18858562027421366
1731801919.9103885;/app/bags/user95_2017-02-24.bag;0.834065854549408;0.0;0.9619645476341248;0.0;3.6903359844713712;0.8114143797257863;0.18858562027421366
1731801920.1104739;/app/bags/user95_2017-02-24.bag;0.834065854549408;0.0;0.9619645476341248;0.0;3.6903359844713712;0.8114143797257863;0.18858562027421366
1731801920.3104012;/app/bags/user95_2017-02-24.bag;0.834065854549408;0.0;0.9619645476341248;0.0;3.6903359844713712;0.8114143797257863;0.18858562027421366
1731801920.5104394;/app/bags/user95_2017-02-24.bag;0.834065854549408;0.0;0.9619645476341248;0.0;3.6903359844713712;0.8114143797257863;0.18858562027421366
1731801920.7104578;/app/bags/user95_2017-02-24.bag;0.834065854549408;0.0;0.9619645476341248;0.0;3.6903359844713712;0.8114143797257863;0.18858562027421366
1731801920.9104445;/app/bags/user95_2017-02-24.bag;0.834065854549408;0.0;0.9619645476341248;0.0;3.6903359844713712;0.8114143797257863;0.18858562027421366
1731801921.11035;/app/bags/user95_2017-02-24.bag;0.834065854549408;0.0;0.9619645476341248;0.0;3.6903359844713712;0.8114143797257863;0.18858562027421366
1731801921.3104029;/app/bags/user95_2017-02-24.bag;0.834065854549408;0.0;0.9619645476341248;0.0;3.6903359844713712;0.8114143797257863;0.18858562027421366
1731801921.5104725;/app/bags/user95_2017-02-24.bag;0.834065854549408;0.0;0.9619645476341248;0.0;3.6903359844713712;0.8114143797257863;0.18858562027421366
1731801921.7103934;/app/bags/user95_2017-02-24.bag;0.834065854549408;0.0;0.9619645476341248;0.0;3.6903359844713712;0.8114143797257863;0.18858562027421366
1731801921.9104064;/app/bags/user95_2017-02-24.bag;0.834065854549408;0.0;0.9619645476341248;0.0;3.6903359844713712;0.8114143797257863;0.18858562027421366
1731801922.1103954;/app/bags/user95_2017-02-24.bag;0.834065854549408;0.0;0.9619645476341248;0.0;3.6903359844713712;0.8114143797257863;0.18858562027421366
1731801922.3105638;/app/bags/user95_2017-02-24.bag;0.834065854549408;0.0;0.9619645476341248;0.0;3.6903359844713712;0.8114143797257863;0.18858562027421366
1731801922.5104158;/app/bags/user95_2017-02-24.bag;0.834065854549408;0.0;0.9619645476341248;0.0;3.6903359844713712;0.8114143797257863;0.18858562027421366
1731801922.710449;/app/bags/user95_2017-02-24.bag;0.834065854549408;0.0;0.9619645476341248;0.0;3.6903359844713712;0.8114143797257863;0.18858562027421366
1731801922.9104824;/app/bags/user95_2017-02-24.bag;0.834065854549408;0.0;0.9619645476341248;0.0;3.6903359844713712;0.8114143797257863;0.18858562027421366
1731801923.1104016;/app/bags/user95_2017-02-24.bag;0.834065854549408;0.0;0.9619645476341248;0.0;3.6903359844713712;0.8114143797257863;0.18858562027421366
1731801923.3103616;/app/bags/user95_2017-02-24.bag;0.834065854549408;0.0;0.9619645476341248;0.0;3.6903359844713712;0.8114143797257863;0.18858562027421366
1731801923.5104666;/app/bags/user95_2017-02-24.bag;0.834065854549408;0.0;0.9619645476341248;0.0;3.6903359844713712;0.8114143797257863;0.18858562027421366
1731801923.710367;/app/bags/user95_2017-02-24.bag;0.834065854549408;0.0;0.9619645476341248;0.0;3.6903359844713712;0.8114143797257863;0.18858562027421366
1731801923.9104679;/app/bags/user95_2017-02-24.bag;0.834065854549408;0.0;0.9619645476341248;0.0;3.6903359844713712;0.8114143797257863;0.18858562027421366
1731801924.1103919;/app/bags/user95_2017-02-24.bag;0.834065854549408;0.0;0.9619645476341248;0.0;3.6903359844713712;0.8114143797257863;0.18858562027421366
1731801924.310362;/app/bags/user95_2017-02-24.bag;0.834065854549408;0.0;0.9619645476341248;0.0;3.6903359844713712;0.8114143797257863;0.18858562027421366
1731801924.510435;/app/bags/user95_2017-02-24.bag;0.834065854549408;0.0;0.9619645476341248;0.0;3.6903359844713712;0.8114143797257863;0.18858562027421366
1731801924.7103822;/app/bags/user95_2017-02-24.bag;0.834065854549408;0.0;0.9619645476341248;0.0;3.6903359844713712;0.8114143797257863;0.18858562027421366
1731801924.910409;/app/bags/user95_2017-02-24.bag;0.834065854549408;0.0;0.9619645476341248;0.0;3.6903359844713712;0.8114143797257863;0.18858562027421366
1731801925.1104784;/app/bags/user95_2017-02-24.bag;0.834065854549408;0.0;0.9619645476341248;0.0;3.6903359844713712;0.8114143797257863;0.18858562027421366
1731801925.3104062;/app/bags/user95_2017-02-24.bag;0.834065854549408;0.0;0.9619645476341248;0.0;3.6903359844713712;0.8114143797257863;0.18858562027421366
1731801925.5104132;/app/bags/user95_2017-02-24.bag;0.834065854549408;0.0;0.9619645476341248;0.0;3.6903359844713712;0.8114143797257863;0.18858562027421366
1731801925.710385;/app/bags/user95_2017-02-24.bag;0.834065854549408;0.0;0.9619645476341248;0.0;3.6903359844713712;0.8114143797257863;0.18858562027421366
1731801925.9104738;/app/bags/user95_2017-02-24.bag;0.834065854549408;0.0;0.9619645476341248;0.0;3.6903359844713712;0.8114143797257863;0.18858562027421366
1731801926.1103992;/app/bags/user95_2017-02-24.bag;0.834065854549408;0.0;0.9619645476341248;0.0;3.6903359844713712;0.8114143797257863;0.18858562027421366
1731801926.3103714;/app/bags/user95_2017-02-24.bag;0.834065854549408;0.0;0.9619645476341248;0.0;3.6903359844713712;0.8114143797257863;0.18858562027421366
1731801926.5104446;/app/bags/user95_2017-02-24.bag;0.834065854549408;0.0;0.9619645476341248;0.0;3.6903359844713712;0.8114143797257863;0.18858562027421366
1731801926.7104125;/app/bags/user95_2017-02-24.bag;0.834065854549408;0.0;0.9619645476341248;0.0;3.6903359844713712;0.8114143797257863;0.18858562027421366
1731801926.910483;/app/bags/user95_2017-02-24.bag;0.834065854549408;0.0;0.9619645476341248;0.0;3.6903359844713712;0.8114143797257863;0.18858562027421366
1731801927.11046;/app/bags/user95_2017-02-24.bag;0.834065854549408;0.0;0.9619645476341248;0.0;3.6903359844713712;0.8114143797257863;0.18858562027421366
1731801927.3103812;/app/bags/user95_2017-02-24.bag;0.834065854549408;0.0;0.9619645476341248;0.0;3.6903359844713712;0.8114143797257863;0.18858562027421366
1731801927.510384;/app/bags/user95_2017-02-24.bag;0.834065854549408;0.0;0.9619645476341248;0.0;3.6903359844713712;0.8114143797257863;0.18858562027421366
1731801927.7103598;/app/bags/user95_2017-02-24.bag;0.834065854549408;0.0;0.9619645476341248;0.0;3.6903359844713712;0.8114143797257863;0.18858562027421366
1731801927.9104354;/app/bags/user95_2017-02-24.bag;0.834065854549408;0.0;0.9619645476341248;0.0;3.6903359844713712;0.8114143797257863;0.18858562027421366
1731801928.1103787;/app/bags/user95_2017-02-24.bag;0.834065854549408;0.0;0.9619645476341248;0.0;3.6903359844713712;0.8114143797257863;0.18858562027421366
1731801928.3104002;/app/bags/user95_2017-02-24.bag;0.834065854549408;0.0;0.9619645476341248;0.0;3.6903359844713712;0.8114143797257863;0.18858562027421366
1731801928.510379;/app/bags/user95_2017-02-24.bag;0.834065854549408;0.0;0.9619645476341248;0.0;3.6903359844713712;0.8114143797257863;0.18858562027421366
1731801928.710423;/app/bags/user95_2017-02-24.bag;0.834065854549408;0.0;0.9619645476341248;0.0;3.6903359844713712;0.8114143797257863;0.18858562027421366
1731801928.9104013;/app/bags/user95_2017-02-24.bag;0.834065854549408;0.0;0.9619645476341248;0.0;3.6903359844713712;0.8114143797257863;0.18858562027421366
1731801929.1104581;/app/bags/user95_2017-02-24.bag;0.834065854549408;0.0;0.9619645476341248;0.0;3.6903359844713712;0.8114143797257863;0.18858562027421366
1731801929.3104439;/app/bags/user95_2017-02-24.bag;0.834065854549408;0.0;0.9619645476341248;0.0;3.6903359844713712;0.8114143797257863;0.18858562027421366
1731801929.5104291;/app/bags/user95_2017-02-24.bag;0.834065854549408;0.0;0.9619645476341248;0.0;3.6903359844713712;0.8114143797257863;0.18858562027421366
1731801929.7104115;/app/bags/user95_2017-02-24.bag;0.834065854549408;0.0;0.9619645476341248;0.0;3.6903359844713712;0.8114143797257863;0.18858562027421366
1731801929.9104927;/app/bags/user95_2017-02-24.bag;0.834065854549408;0.0;0.9619645476341248;0.0;3.6903359844713712;0.8114143797257863;0.18858562027421366
1731801930.110492;/app/bags/user95_2017-02-24.bag;0.834065854549408;0.0;0.9619645476341248;0.0;3.6903359844713712;0.8114143797257863;0.18858562027421366
1731801930.3104105;/app/bags/user95_2017-02-24.bag;0.834065854549408;0.0;0.9619645476341248;0.0;3.6903359844713712;0.8114143797257863;0.18858562027421366
1731801930.5103848;/app/bags/user95_2017-02-24.bag;0.834065854549408;0.0;0.9619645476341248;0.0;3.6903359844713712;0.8114143797257863;0.18858562027421366
1731801930.7104077;/app/bags/user95_2017-02-24.bag;0.834065854549408;0.0;0.9619645476341248;0.0;3.6903359844713712;0.8114143797257863;0.18858562027421366
1731801930.910399;/app/bags/user95_2017-02-24.bag;0.834065854549408;0.0;0.9619645476341248;0.0;3.6903359844713712;0.8114143797257863;0.18858562027421366
1731801931.110381;/app/bags/user95_2017-02-24.bag;0.834065854549408;0.0;0.9619645476341248;0.0;3.6903359844713712;0.8114143797257863;0.18858562027421366
1731801931.3103878;/app/bags/user95_2017-02-24.bag;0.834065854549408;0.0;0.9619645476341248;0.0;3.6903359844713712;0.8114143797257863;0.18858562027421366
1731801931.5104609;/app/bags/user95_2017-02-24.bag;0.834065854549408;0.0;0.9619645476341248;0.0;3.6903359844713712;0.8114143797257863;0.18858562027421366
1731801931.7105265;/app/bags/user95_2017-02-24.bag;0.834065854549408;0.0;0.9619645476341248;0.0;3.6903359844713712;0.8114143797257863;0.18858562027421366
1731801931.9103649;/app/bags/user95_2017-02-24.bag;0.834065854549408;0.0;0.9619645476341248;0.0;3.6903359844713712;0.8114143797257863;0.18858562027421366
1731801932.1104043;/app/bags/user95_2017-02-24.bag;0.834065854549408;0.0;0.9619645476341248;0.0;3.6903359844713712;0.8114143797257863;0.18858562027421366
1731801932.3104773;/app/bags/user95_2017-02-24.bag;0.834065854549408;0.0;0.9619645476341248;0.0;3.6903359844713712;0.8114143797257863;0.18858562027421366
1731801932.5104845;/app/bags/user95_2017-02-24.bag;0.834065854549408;0.0;0.9619645476341248;0.0;3.6903359844713712;0.8114143797257863;0.18858562027421366
1731801932.7103903;/app/bags/user95_2017-02-24.bag;0.834065854549408;0.0;0.9619645476341248;0.0;3.6903359844713712;0.8114143797257863;0.18858562027421366
1731801932.9103916;/app/bags/user95_2017-02-24.bag;0.834065854549408;0.0;0.9619645476341248;0.0;3.6903359844713712;0.8114143797257863;0.18858562027421366
1731801933.1103606;/app/bags/user95_2017-02-24.bag;0.834065854549408;0.0;0.9619645476341248;0.0;3.6903359844713712;0.8114143797257863;0.18858562027421366
1731801933.3103704;/app/bags/user95_2017-02-24.bag;0.834065854549408;0.0;0.9619645476341248;0.0;3.6903359844713712;0.8114143797257863;0.18858562027421366
1731801933.510386;/app/bags/user95_2017-02-24.bag;0.834065854549408;0.0;0.9619645476341248;0.0;3.6903359844713712;0.8114143797257863;0.18858562027421366
1731801933.7104192;/app/bags/user95_2017-02-24.bag;0.834065854549408;0.0;0.9619645476341248;0.0;3.6903359844713712;0.8114143797257863;0.18858562027421366
1731801933.9105039;/app/bags/user95_2017-02-24.bag;0.834065854549408;0.0;0.9619645476341248;0.0;3.6903359844713712;0.8114143797257863;0.18858562027421366
1731801934.110337;/app/bags/user95_2017-02-24.bag;0.834065854549408;0.0;0.9619645476341248;0.0;3.6903359844713712;0.8114143797257863;0.18858562027421366
1731801934.310372;/app/bags/user95_2017-02-24.bag;0.834065854549408;0.0;0.9619645476341248;0.0;3.6903359844713712;0.8114143797257863;0.18858562027421366
1731801934.5103793;/app/bags/user95_2017-02-24.bag;0.834065854549408;0.0;0.9619645476341248;0.0;3.6903359844713712;0.8114143797257863;0.18858562027421366
1731801934.710425;/app/bags/user95_2017-02-24.bag;0.834065854549408;0.0;0.9619645476341248;0.0;3.6903359844713712;0.8114143797257863;0.18858562027421366
1731801934.910431;/app/bags/user95_2017-02-24.bag;0.834065854549408;0.0;0.9619645476341248;0.0;3.6903359844713712;0.8114143797257863;0.18858562027421366
1731801935.1104696;/app/bags/user95_2017-02-24.bag;0.834065854549408;0.0;0.9619645476341248;0.0;3.6903359844713712;0.8114143797257863;0.18858562027421366
1731801935.3104074;/app/bags/user95_2017-02-24.bag;0.834065854549408;0.0;0.9619645476341248;0.0;3.6903359844713712;0.8114143797257863;0.18858562027421366
1731801935.510447;/app/bags/user95_2017-02-24.bag;0.834065854549408;0.0;0.9619645476341248;0.0;3.6903359844713712;0.8114143797257863;0.18858562027421366
1731801935.710479;/app/bags/user95_2017-02-24.bag;0.834065854549408;0.0;0.9619645476341248;0.0;3.6903359844713712;0.8114143797257863;0.18858562027421366
1731801935.9104218;/app/bags/user95_2017-02-24.bag;0.834065854549408;0.0;0.9619645476341248;0.0;3.6903359844713712;0.8114143797257863;0.18858562027421366
1731801936.1104057;/app/bags/user95_2017-02-24.bag;0.834065854549408;0.0;0.9619645476341248;0.0;3.6903359844713712;0.8114143797257863;0.18858562027421366
1731801936.3104014;/app/bags/user95_2017-02-24.bag;0.834065854549408;0.0;0.9619645476341248;0.0;3.6903359844713712;0.8114143797257863;0.18858562027421366
1731801936.5104377;/app/bags/user95_2017-02-24.bag;0.834065854549408;0.0;0.9619645476341248;0.0;3.6903359844713712;0.8114143797257863;0.18858562027421366
1731801936.710422;/app/bags/user95_2017-02-24.bag;0.834065854549408;0.0;0.9619645476341248;0.0;3.6903359844713712;0.8114143797257863;0.18858562027421366
1731801936.9104607;/app/bags/user95_2017-02-24.bag;0.834065854549408;0.0;0.9619645476341248;0.0;3.6903359844713712;0.8114143797257863;0.18858562027421366
1731801937.1104488;/app/bags/user95_2017-02-24.bag;0.834065854549408;0.0;0.9619645476341248;0.0;3.6903359844713712;0.8114143797257863;0.18858562027421366
1731801937.3104408;/app/bags/user95_2017-02-24.bag;0.834065854549408;0.0;0.9619645476341248;0.0;3.6903359844713712;0.8114143797257863;0.18858562027421366
1731801937.5103664;/app/bags/user95_2017-02-24.bag;0.834065854549408;0.0;0.9619645476341248;0.0;3.6903359844713712;0.8114143797257863;0.18858562027421366
1731801937.7103705;/app/bags/user95_2017-02-24.bag;0.834065854549408;0.0;0.9619645476341248;0.0;3.6903359844713712;0.8114143797257863;0.18858562027421366
1731801937.9104686;/app/bags/user95_2017-02-24.bag;0.834065854549408;0.0;0.9619645476341248;0.0;3.6903359844713712;0.8114143797257863;0.18858562027421366
1731801938.1103806;/app/bags/user95_2017-02-24.bag;0.834065854549408;0.0;0.9619645476341248;0.0;3.6903359844713712;0.8114143797257863;0.18858562027421366
1731801938.3103938;/app/bags/user95_2017-02-24.bag;0.834065854549408;0.0;0.9619645476341248;0.0;3.6903359844713712;0.8114143797257863;0.18858562027421366
1731801938.5104043;/app/bags/user95_2017-02-24.bag;0.834065854549408;0.0;0.9619645476341248;0.0;3.6903359844713712;0.8114143797257863;0.18858562027421366
1731801938.710424;/app/bags/user95_2017-02-24.bag;0.834065854549408;0.0;0.9619645476341248;0.0;3.6903359844713712;0.8114143797257863;0.18858562027421366
1731801938.9104407;/app/bags/user95_2017-02-24.bag;0.834065854549408;0.0;0.9619645476341248;0.0;3.6903359844713712;0.8114143797257863;0.18858562027421366
1731801939.1103349;/app/bags/user95_2017-02-24.bag;0.834065854549408;0.0;0.9619645476341248;0.0;3.6903359844713712;0.8114143797257863;0.18858562027421366
1731801939.3103824;/app/bags/user95_2017-02-24.bag;0.834065854549408;0.0;0.9619645476341248;0.0;3.6903359844713712;0.8114143797257863;0.18858562027421366
1731801939.5104568;/app/bags/user95_2017-02-24.bag;0.834065854549408;0.0;0.9619645476341248;0.0;3.6903359844713712;0.8114143797257863;0.18858562027421366
1731801939.7103696;/app/bags/user95_2017-02-24.bag;0.834065854549408;0.0;0.9619645476341248;0.0;3.6903359844713712;0.8114143797257863;0.18858562027421366
1731801939.9104056;/app/bags/user95_2017-02-24.bag;0.834065854549408;0.0;0.9619645476341248;0.0;3.6903359844713712;0.8114143797257863;0.18858562027421366
1731801940.1103528;/app/bags/user95_2017-02-24.bag;0.834065854549408;0.0;0.9619645476341248;0.0;3.6903359844713712;0.8114143797257863;0.18858562027421366
1731801940.3105965;/app/bags/user95_2017-02-24.bag;0.834065854549408;0.0;0.9619645476341248;0.0;3.6903359844713712;0.8114143797257863;0.18858562027421366
1731801940.510203;/app/bags/user95_2017-02-24.bag;0.834065854549408;0.0;0.9619645476341248;0.0;3.6903359844713712;0.8114143797257863;0.18858562027421366
1731801940.7103784;/app/bags/user95_2017-02-24.bag;0.834065854549408;0.0;0.9619645476341248;0.0;3.6903359844713712;0.8114143797257863;0.18858562027421366
1731801940.910445;/app/bags/user95_2017-02-24.bag;0.834065854549408;0.0;0.9619645476341248;0.0;3.6903359844713712;0.8114143797257863;0.18858562027421366
1731801941.1103926;/app/bags/user95_2017-02-24.bag;0.834065854549408;0.0;0.9619645476341248;0.0;3.6903359844713712;0.8114143797257863;0.18858562027421366
1731801941.3104117;/app/bags/user95_2017-02-24.bag;0.834065854549408;0.0;0.9619645476341248;0.0;3.6903359844713712;0.8114143797257863;0.18858562027421366
1731801941.5103536;/app/bags/user95_2017-02-24.bag;0.834065854549408;0.0;0.9619645476341248;0.0;3.6903359844713712;0.8114143797257863;0.18858562027421366
1731801941.7103777;/app/bags/user95_2017-02-24.bag;0.834065854549408;0.0;0.9619645476341248;0.0;3.6903359844713712;0.8114143797257863;0.18858562027421366
1731801941.910426;/app/bags/user95_2017-02-24.bag;0.834065854549408;0.0;0.9619645476341248;0.0;3.6903359844713712;0.8114143797257863;0.18858562027421366
1731801942.110399;/app/bags/user95_2017-02-24.bag;0.834065854549408;0.0;0.9619645476341248;0.0;3.6903359844713712;0.8114143797257863;0.18858562027421366
1731801942.3104954;/app/bags/user95_2017-02-24.bag;0.834065854549408;0.0;0.9619645476341248;0.0;3.6903359844713712;0.8114143797257863;0.18858562027421366
1731801942.510411;/app/bags/user95_2017-02-24.bag;0.834065854549408;0.0;0.9619645476341248;0.0;3.6903359844713712;0.8114143797257863;0.18858562027421366
1731801942.7103605;/app/bags/user95_2017-02-24.bag;0.834065854549408;0.0;0.9619645476341248;0.0;3.6903359844713712;0.8114143797257863;0.18858562027421366
1731801942.910452;/app/bags/user95_2017-02-24.bag;0.834065854549408;0.0;0.9619645476341248;0.0;3.6903359844713712;0.8114143797257863;0.18858562027421366
1731801943.1103966;/app/bags/user95_2017-02-24.bag;0.834065854549408;0.0;0.9619645476341248;0.0;3.6903359844713712;0.8114143797257863;0.18858562027421366
1731801943.3103702;/app/bags/user95_2017-02-24.bag;0.834065854549408;0.0;0.9619645476341248;0.0;3.6903359844713712;0.8114143797257863;0.18858562027421366
1731801943.5104415;/app/bags/user95_2017-02-24.bag;0.834065854549408;0.0;0.9619645476341248;0.0;3.6903359844713712;0.8114143797257863;0.18858562027421366
1731801943.7104974;/app/bags/user95_2017-02-24.bag;0.834065854549408;0.0;0.9619645476341248;0.0;3.6903359844713712;0.8114143797257863;0.18858562027421366
1731801943.910401;/app/bags/user95_2017-02-24.bag;0.834065854549408;0.0;0.9619645476341248;0.0;3.6903359844713712;0.8114143797257863;0.18858562027421366
1731801944.1104643;/app/bags/user95_2017-02-24.bag;0.834065854549408;0.0;0.9619645476341248;0.0;3.6903359844713712;0.8114143797257863;0.18858562027421366
1731801944.3104222;/app/bags/user95_2017-02-24.bag;0.834065854549408;0.0;0.9619645476341248;0.0;3.6903359844713712;0.8114143797257863;0.18858562027421366
1731801944.5103927;/app/bags/user95_2017-02-24.bag;0.834065854549408;0.0;0.9619645476341248;0.0;3.6903359844713712;0.8114143797257863;0.18858562027421366
1731801944.7104063;/app/bags/user95_2017-02-24.bag;0.834065854549408;0.0;0.9619645476341248;0.0;3.6903359844713712;0.8114143797257863;0.18858562027421366
1731801944.9104745;/app/bags/user95_2017-02-24.bag;0.834065854549408;0.0;0.9619645476341248;0.0;3.6903359844713712;0.8114143797257863;0.18858562027421366
1731801945.1104386;/app/bags/user95_2017-02-24.bag;0.834065854549408;0.0;0.9619645476341248;0.0;3.6903359844713712;0.8114143797257863;0.18858562027421366
1731801945.310397;/app/bags/user95_2017-02-24.bag;0.834065854549408;0.0;0.9619645476341248;0.0;3.6903359844713712;0.8114143797257863;0.18858562027421366
1731801945.5104098;/app/bags/user95_2017-02-24.bag;0.834065854549408;0.0;0.9619645476341248;0.0;3.6903359844713712;0.8114143797257863;0.18858562027421366
1731801945.7104104;/app/bags/user95_2017-02-24.bag;0.834065854549408;0.0;0.9619645476341248;0.0;3.6903359844713712;0.8114143797257863;0.18858562027421366
1731801945.910369;/app/bags/user95_2017-02-24.bag;0.834065854549408;0.0;0.9619645476341248;0.0;3.6903359844713712;0.8114143797257863;0.18858562027421366
1731801946.1103783;/app/bags/user95_2017-02-24.bag;0.834065854549408;0.0;0.9619645476341248;0.0;3.6903359844713712;0.8114143797257863;0.18858562027421366
1731801946.3103793;/app/bags/user95_2017-02-24.bag;0.834065854549408;0.0;0.9619645476341248;0.0;3.6903359844713712;0.8114143797257863;0.18858562027421366
1731801946.5104775;/app/bags/user95_2017-02-24.bag;0.834065854549408;0.0;0.9619645476341248;0.0;3.6903359844713712;0.8114143797257863;0.18858562027421366
1731801946.710443;/app/bags/user95_2017-02-24.bag;0.834065854549408;0.0;0.9619645476341248;0.0;3.6903359844713712;0.8114143797257863;0.18858562027421366
1731801946.9103878;/app/bags/user95_2017-02-24.bag;0.834065854549408;0.0;0.9619645476341248;0.0;3.6903359844713712;0.8114143797257863;0.18858562027421366
1731801947.1104064;/app/bags/user95_2017-02-24.bag;0.834065854549408;0.0;0.9619645476341248;0.0;3.6903359844713712;0.8114143797257863;0.18858562027421366
1731801947.3104239;/app/bags/user95_2017-02-24.bag;0.834065854549408;0.0;0.9619645476341248;0.0;3.6903359844713712;0.8114143797257863;0.18858562027421366
1731801947.5104053;/app/bags/user95_2017-02-24.bag;0.834065854549408;0.0;0.9619645476341248;0.0;3.6903359844713712;0.8114143797257863;0.18858562027421366
1731801947.7103977;/app/bags/user95_2017-02-24.bag;0.834065854549408;0.0;0.9619645476341248;0.0;3.6903359844713712;0.8114143797257863;0.18858562027421366
1731801947.910373;/app/bags/user95_2017-02-24.bag;0.834065854549408;0.0;0.9619645476341248;0.0;3.6903359844713712;0.8114143797257863;0.18858562027421366
1731801948.1104085;/app/bags/user95_2017-02-24.bag;0.834065854549408;0.0;0.9619645476341248;0.0;3.6903359844713712;0.8114143797257863;0.18858562027421366
1731801948.310396;/app/bags/user95_2017-02-24.bag;0.834065854549408;0.0;0.9619645476341248;0.0;3.6903359844713712;0.8114143797257863;0.18858562027421366
1731801948.510379;/app/bags/user95_2017-02-24.bag;0.834065854549408;0.0;0.9619645476341248;0.0;3.6903359844713712;0.8114143797257863;0.18858562027421366
1731801948.7103822;/app/bags/user95_2017-02-24.bag;0.834065854549408;0.0;0.9619645476341248;0.0;3.6903359844713712;0.8114143797257863;0.18858562027421366
1731801948.9104185;/app/bags/user95_2017-02-24.bag;0.834065854549408;0.0;0.9619645476341248;0.0;3.6903359844713712;0.8114143797257863;0.18858562027421366
1731801949.110427;/app/bags/user95_2017-02-24.bag;0.834065854549408;0.0;0.9619645476341248;0.0;3.6903359844713712;0.8114143797257863;0.18858562027421366
1731801949.310478;/app/bags/user95_2017-02-24.bag;0.834065854549408;0.0;0.9619645476341248;0.0;3.6903359844713712;0.8114143797257863;0.18858562027421366
1731801949.51036;/app/bags/user95_2017-02-24.bag;0.834065854549408;0.0;0.9619645476341248;0.0;3.6903359844713712;0.8114143797257863;0.18858562027421366
1731801949.710423;/app/bags/user95_2017-02-24.bag;0.834065854549408;0.0;0.9619645476341248;0.0;3.6903359844713712;0.8114143797257863;0.18858562027421366
1731801949.910446;/app/bags/user95_2017-02-24.bag;0.834065854549408;0.0;0.9619645476341248;0.0;3.6903359844713712;0.8114143797257863;0.18858562027421366
1731801950.1103828;/app/bags/user95_2017-02-24.bag;0.834065854549408;0.0;0.9619645476341248;0.0;3.6903359844713712;0.8114143797257863;0.18858562027421366
1731801950.310413;/app/bags/user95_2017-02-24.bag;0.834065854549408;0.0;0.9619645476341248;0.0;3.6903359844713712;0.8114143797257863;0.18858562027421366
1731801950.5103743;/app/bags/user95_2017-02-24.bag;0.834065854549408;0.0;0.9619645476341248;0.0;3.6903359844713712;0.8114143797257863;0.18858562027421366
1731801950.7104363;/app/bags/user95_2017-02-24.bag;0.834065854549408;0.0;0.9619645476341248;0.0;3.6903359844713712;0.8114143797257863;0.18858562027421366
1731801950.9103842;/app/bags/user95_2017-02-24.bag;0.834065854549408;0.0;0.9619645476341248;0.0;3.6903359844713712;0.8114143797257863;0.18858562027421366
1731801951.1104248;/app/bags/user95_2017-02-24.bag;0.834065854549408;0.0;0.9619645476341248;0.0;3.6903359844713712;0.8114143797257863;0.18858562027421366
1731801951.3103957;/app/bags/user95_2017-02-24.bag;0.834065854549408;0.0;0.9619645476341248;0.0;3.6903359844713712;0.8114143797257863;0.18858562027421366
1731801951.510388;/app/bags/user95_2017-02-24.bag;0.834065854549408;0.0;0.9619645476341248;0.0;3.6903359844713712;0.8114143797257863;0.18858562027421366
1731801951.7104063;/app/bags/user95_2017-02-24.bag;0.834065854549408;0.0;0.9619645476341248;0.0;3.6903359844713712;0.8114143797257863;0.18858562027421366
1731801951.9103684;/app/bags/user95_2017-02-24.bag;0.834065854549408;0.0;0.9619645476341248;0.0;3.6903359844713712;0.8114143797257863;0.18858562027421366
1731801952.1104085;/app/bags/user95_2017-02-24.bag;0.834065854549408;0.0;0.9619645476341248;0.0;3.6903359844713712;0.8114143797257863;0.18858562027421366
1731801952.3104475;/app/bags/user95_2017-02-24.bag;0.834065854549408;0.0;0.9619645476341248;0.0;3.6903359844713712;0.8114143797257863;0.18858562027421366
1731801952.5103931;/app/bags/user95_2017-02-24.bag;0.834065854549408;0.0;0.9619645476341248;0.0;3.6903359844713712;0.8114143797257863;0.18858562027421366
1731801952.7103984;/app/bags/user95_2017-02-24.bag;0.834065854549408;0.0;0.9619645476341248;0.0;3.6903359844713712;0.8114143797257863;0.18858562027421366
1731801952.9103713;/app/bags/user95_2017-02-24.bag;0.834065854549408;0.0;0.9619645476341248;0.0;3.6903359844713712;0.8114143797257863;0.18858562027421366
1731801953.1103637;/app/bags/user95_2017-02-24.bag;0.834065854549408;0.0;0.9619645476341248;0.0;3.6903359844713712;0.8114143797257863;0.18858562027421366
1731801953.3103979;/app/bags/user95_2017-02-24.bag;0.834065854549408;0.0;0.9619645476341248;0.0;3.6903359844713712;0.8114143797257863;0.18858562027421366
1731801953.5104327;/app/bags/user95_2017-02-24.bag;0.834065854549408;0.0;0.9619645476341248;0.0;3.6903359844713712;0.8114143797257863;0.18858562027421366
1731801953.7103593;/app/bags/user95_2017-02-24.bag;0.834065854549408;0.0;0.9619645476341248;0.0;3.6903359844713712;0.8114143797257863;0.18858562027421366
1731801953.910419;/app/bags/user95_2017-02-24.bag;0.834065854549408;0.0;0.9619645476341248;0.0;3.6903359844713712;0.8114143797257863;0.18858562027421366
1731801954.1104093;/app/bags/user95_2017-02-24.bag;0.834065854549408;0.0;0.9619645476341248;0.0;3.6903359844713712;0.8114143797257863;0.18858562027421366
1731801954.310407;/app/bags/user95_2017-02-24.bag;0.834065854549408;0.0;0.9619645476341248;0.0;3.6903359844713712;0.8114143797257863;0.18858562027421366
1731801954.5103939;/app/bags/user95_2017-02-24.bag;0.834065854549408;0.0;0.9619645476341248;0.0;3.6903359844713712;0.8114143797257863;0.18858562027421366
1731801954.71044;/app/bags/user95_2017-02-24.bag;0.834065854549408;0.0;0.9619645476341248;0.0;3.6903359844713712;0.8114143797257863;0.18858562027421366
1731801954.9103992;/app/bags/user95_2017-02-24.bag;0.834065854549408;0.0;0.9619645476341248;0.0;3.6903359844713712;0.8114143797257863;0.18858562027421366
1731801955.110417;/app/bags/user95_2017-02-24.bag;0.834065854549408;0.0;0.9619645476341248;0.0;3.6903359844713712;0.8114143797257863;0.18858562027421366
1731801955.3104067;/app/bags/user95_2017-02-24.bag;0.834065854549408;0.0;0.9619645476341248;0.0;3.6903359844713712;0.8114143797257863;0.18858562027421366
1731801955.5103798;/app/bags/user95_2017-02-24.bag;0.834065854549408;0.0;0.9619645476341248;0.0;3.6903359844713712;0.8114143797257863;0.18858562027421366
1731801955.7103655;/app/bags/user95_2017-02-24.bag;0.834065854549408;0.0;0.9619645476341248;0.0;3.6903359844713712;0.8114143797257863;0.18858562027421366
1731801955.9103706;/app/bags/user95_2017-02-24.bag;0.834065854549408;0.0;0.9619645476341248;0.0;3.6903359844713712;0.8114143797257863;0.18858562027421366
1731801956.1103814;/app/bags/user95_2017-02-24.bag;0.834065854549408;0.0;0.9619645476341248;0.0;3.6903359844713712;0.8114143797257863;0.18858562027421366
1731801956.310364;/app/bags/user95_2017-02-24.bag;0.834065854549408;0.0;0.9619645476341248;0.0;3.6903359844713712;0.8114143797257863;0.18858562027421366
1731801956.5104504;/app/bags/user95_2017-02-24.bag;0.834065854549408;0.0;0.9619645476341248;0.0;3.6903359844713712;0.8114143797257863;0.18858562027421366
1731801956.7104928;/app/bags/user95_2017-02-24.bag;0.834065854549408;0.0;0.9619645476341248;0.0;3.6903359844713712;0.8114143797257863;0.18858562027421366
1731801956.9103813;/app/bags/user95_2017-02-24.bag;0.834065854549408;0.0;0.9619645476341248;0.0;3.6903359844713712;0.8114143797257863;0.18858562027421366
1731801957.110381;/app/bags/user95_2017-02-24.bag;0.834065854549408;0.0;0.9619645476341248;0.0;3.6903359844713712;0.8114143797257863;0.18858562027421366
1731801957.3103898;/app/bags/user95_2017-02-24.bag;0.834065854549408;0.0;0.9619645476341248;0.0;3.6903359844713712;0.8114143797257863;0.18858562027421366
1731801957.5104501;/app/bags/user95_2017-02-24.bag;0.834065854549408;0.0;0.9619645476341248;0.0;3.6903359844713712;0.8114143797257863;0.18858562027421366
1731801957.7103534;/app/bags/user95_2017-02-24.bag;0.834065854549408;0.0;0.9619645476341248;0.0;3.6903359844713712;0.8114143797257863;0.18858562027421366
1731801957.9103787;/app/bags/user95_2017-02-24.bag;0.834065854549408;0.0;0.9619645476341248;0.0;3.6903359844713712;0.8114143797257863;0.18858562027421366
1731801958.1103716;/app/bags/user95_2017-02-24.bag;0.834065854549408;0.0;0.9619645476341248;0.0;3.6903359844713712;0.8114143797257863;0.18858562027421366
1731801958.31039;/app/bags/user95_2017-02-24.bag;0.834065854549408;0.0;0.9619645476341248;0.0;3.6903359844713712;0.8114143797257863;0.18858562027421366
1731801958.510473;/app/bags/user95_2017-02-24.bag;0.834065854549408;0.0;0.9619645476341248;0.0;3.6903359844713712;0.8114143797257863;0.18858562027421366
1731801958.7103813;/app/bags/user95_2017-02-24.bag;0.834065854549408;0.0;0.9619645476341248;0.0;3.6903359844713712;0.8114143797257863;0.18858562027421366
1731801958.9104571;/app/bags/user95_2017-02-24.bag;0.834065854549408;0.0;0.9619645476341248;0.0;3.6903359844713712;0.8114143797257863;0.18858562027421366
1731801959.1106257;/app/bags/user95_2017-02-24.bag;0.834065854549408;0.0;0.9619645476341248;0.0;3.6903359844713712;0.8114143797257863;0.18858562027421366
1731801959.3103902;/app/bags/user95_2017-02-24.bag;0.834065854549408;0.0;0.9619645476341248;0.0;3.6903359844713712;0.8114143797257863;0.18858562027421366
1731801959.5103545;/app/bags/user95_2017-02-24.bag;0.834065854549408;0.0;0.9619645476341248;0.0;3.6903359844713712;0.8114143797257863;0.18858562027421366
1731801959.7104506;/app/bags/user95_2017-02-24.bag;0.834065854549408;0.0;0.9619645476341248;0.0;3.6903359844713712;0.8114143797257863;0.18858562027421366
1731801959.9103906;/app/bags/user95_2017-02-24.bag;0.834065854549408;0.0;0.9619645476341248;0.0;3.6903359844713712;0.8114143797257863;0.18858562027421366
1731801960.1103857;/app/bags/user95_2017-02-24.bag;0.834065854549408;0.0;0.9619645476341248;0.0;3.6903359844713712;0.8114143797257863;0.18858562027421366
1731801960.3104086;/app/bags/user95_2017-02-24.bag;0.834065854549408;0.0;0.9619645476341248;0.0;3.6903359844713712;0.8114143797257863;0.18858562027421366
1731801960.510403;/app/bags/user95_2017-02-24.bag;0.834065854549408;0.0;0.9619645476341248;0.0;3.6903359844713712;0.8114143797257863;0.18858562027421366
1731801960.7104018;/app/bags/user95_2017-02-24.bag;0.834065854549408;0.0;0.9619645476341248;0.0;3.6903359844713712;0.8114143797257863;0.18858562027421366
1731801960.9104412;/app/bags/user95_2017-02-24.bag;0.834065854549408;0.0;0.9619645476341248;0.0;3.6903359844713712;0.8114143797257863;0.18858562027421366
1731801961.1104662;/app/bags/user95_2017-02-24.bag;0.834065854549408;0.0;0.9619645476341248;0.0;3.6903359844713712;0.8114143797257863;0.18858562027421366
1731801961.310394;/app/bags/user95_2017-02-24.bag;0.834065854549408;0.0;0.9619645476341248;0.0;3.6903359844713712;0.8114143797257863;0.18858562027421366
1731801961.5103762;/app/bags/user95_2017-02-24.bag;0.834065854549408;0.0;0.9619645476341248;0.0;3.6903359844713712;0.8114143797257863;0.18858562027421366
1731801961.7103956;/app/bags/user95_2017-02-24.bag;0.834065854549408;0.0;0.9619645476341248;0.0;3.6903359844713712;0.8114143797257863;0.18858562027421366
1731801961.9104066;/app/bags/user95_2017-02-24.bag;0.834065854549408;0.0;0.9619645476341248;0.0;3.6903359844713712;0.8114143797257863;0.18858562027421366
1731801962.1104996;/app/bags/user95_2017-02-24.bag;0.834065854549408;0.0;0.9619645476341248;0.0;3.6903359844713712;0.8114143797257863;0.18858562027421366
1731801962.3104167;/app/bags/user95_2017-02-24.bag;0.834065854549408;0.0;0.9619645476341248;0.0;3.6903359844713712;0.8114143797257863;0.18858562027421366
1731801962.5103903;/app/bags/user95_2017-02-24.bag;0.834065854549408;0.0;0.9619645476341248;0.0;3.6903359844713712;0.8114143797257863;0.18858562027421366
1731801962.7103965;/app/bags/user95_2017-02-24.bag;0.834065854549408;0.0;0.9619645476341248;0.0;3.6903359844713712;0.8114143797257863;0.18858562027421366
1731801962.910389;/app/bags/user95_2017-02-24.bag;0.834065854549408;0.0;0.9619645476341248;0.0;3.6903359844713712;0.8114143797257863;0.18858562027421366
1731801963.1104438;/app/bags/user95_2017-02-24.bag;0.834065854549408;0.0;0.9619645476341248;0.0;3.6903359844713712;0.8114143797257863;0.18858562027421366
1731801963.3104162;/app/bags/user95_2017-02-24.bag;0.834065854549408;0.0;0.9619645476341248;0.0;3.6903359844713712;0.8114143797257863;0.18858562027421366
1731801963.5103896;/app/bags/user95_2017-02-24.bag;0.834065854549408;0.0;0.9619645476341248;0.0;3.6903359844713712;0.8114143797257863;0.18858562027421366
1731801963.7104144;/app/bags/user95_2017-02-24.bag;0.834065854549408;0.0;0.9619645476341248;0.0;3.6903359844713712;0.8114143797257863;0.18858562027421366
1731801963.9104025;/app/bags/user95_2017-02-24.bag;0.834065854549408;0.0;0.9619645476341248;0.0;3.6903359844713712;0.8114143797257863;0.18858562027421366
1731801964.1103635;/app/bags/user95_2017-02-24.bag;0.834065854549408;0.0;0.9619645476341248;0.0;3.6903359844713712;0.8114143797257863;0.18858562027421366
1731801964.3104265;/app/bags/user95_2017-02-24.bag;0.834065854549408;0.0;0.9619645476341248;0.0;3.6903359844713712;0.8114143797257863;0.18858562027421366
1731801964.510407;/app/bags/user95_2017-02-24.bag;0.834065854549408;0.0;0.9619645476341248;0.0;3.6903359844713712;0.8114143797257863;0.18858562027421366
1731801964.710386;/app/bags/user95_2017-02-24.bag;0.834065854549408;0.0;0.9619645476341248;0.0;3.6903359844713712;0.8114143797257863;0.18858562027421366
1731801964.910405;/app/bags/user95_2017-02-24.bag;0.834065854549408;0.0;0.9619645476341248;0.0;3.6903359844713712;0.8114143797257863;0.18858562027421366
1731801965.1103866;/app/bags/user95_2017-02-24.bag;0.834065854549408;0.0;0.9619645476341248;0.0;3.6903359844713712;0.8114143797257863;0.18858562027421366
1731801965.310582;/app/bags/user95_2017-02-24.bag;0.834065854549408;0.0;0.9619645476341248;0.0;3.6903359844713712;0.8114143797257863;0.18858562027421366
1731801965.510416;/app/bags/user95_2017-02-24.bag;0.834065854549408;0.0;0.9619645476341248;0.0;3.6903359844713712;0.8114143797257863;0.18858562027421366
1731801965.710391;/app/bags/user95_2017-02-24.bag;0.834065854549408;0.0;0.9619645476341248;0.0;3.6903359844713712;0.8114143797257863;0.18858562027421366
1731801965.9103708;/app/bags/user95_2017-02-24.bag;0.834065854549408;0.0;0.9619645476341248;0.0;3.6903359844713712;0.8114143797257863;0.18858562027421366
1731801966.1104743;/app/bags/user95_2017-02-24.bag;0.834065854549408;0.0;0.9619645476341248;0.0;3.6903359844713712;0.8114143797257863;0.18858562027421366
1731801966.3104517;/app/bags/user95_2017-02-24.bag;0.834065854549408;0.0;0.9619645476341248;0.0;3.6903359844713712;0.8114143797257863;0.18858562027421366
1731801966.5103943;/app/bags/user95_2017-02-24.bag;0.834065854549408;0.0;0.9619645476341248;0.0;3.6903359844713712;0.8114143797257863;0.18858562027421366
1731801966.710381;/app/bags/user95_2017-02-24.bag;0.834065854549408;0.0;0.9619645476341248;0.0;3.6903359844713712;0.8114143797257863;0.18858562027421366
1731801966.9104154;/app/bags/user95_2017-02-24.bag;0.834065854549408;0.0;0.9619645476341248;0.0;3.6903359844713712;0.8114143797257863;0.18858562027421366
1731801967.110346;/app/bags/user95_2017-02-24.bag;0.834065854549408;0.0;0.9619645476341248;0.0;3.6903359844713712;0.8114143797257863;0.18858562027421366
1731801967.3104508;/app/bags/user95_2017-02-24.bag;0.834065854549408;0.0;0.9619645476341248;0.0;3.6903359844713712;0.8114143797257863;0.18858562027421366
1731801967.5103736;/app/bags/user95_2017-02-24.bag;0.834065854549408;0.0;0.9619645476341248;0.0;3.6903359844713712;0.8114143797257863;0.18858562027421366
1731801967.7104356;/app/bags/user95_2017-02-24.bag;0.834065854549408;0.0;0.9619645476341248;0.0;3.6903359844713712;0.8114143797257863;0.18858562027421366
1731801967.9103546;/app/bags/user95_2017-02-24.bag;0.834065854549408;0.0;0.9619645476341248;0.0;3.6903359844713712;0.8114143797257863;0.18858562027421366
1731801968.1104338;/app/bags/user95_2017-02-24.bag;0.834065854549408;0.0;0.9619645476341248;0.0;3.6903359844713712;0.8114143797257863;0.18858562027421366
1731801968.310353;/app/bags/user95_2017-02-24.bag;0.834065854549408;0.0;0.9619645476341248;0.0;3.6903359844713712;0.8114143797257863;0.18858562027421366
1731801968.510426;/app/bags/user95_2017-02-24.bag;0.834065854549408;0.0;0.9619645476341248;0.0;3.6903359844713712;0.8114143797257863;0.18858562027421366
1731801968.7104113;/app/bags/user95_2017-02-24.bag;0.834065854549408;0.0;0.9619645476341248;0.0;3.6903359844713712;0.8114143797257863;0.18858562027421366
1731801968.9104106;/app/bags/user95_2017-02-24.bag;0.834065854549408;0.0;0.9619645476341248;0.0;3.6903359844713712;0.8114143797257863;0.18858562027421366
1731801969.1104054;/app/bags/user95_2017-02-24.bag;0.834065854549408;0.0;0.9619645476341248;0.0;3.6903359844713712;0.8114143797257863;0.18858562027421366
1731801969.3103805;/app/bags/user95_2017-02-24.bag;0.834065854549408;0.0;0.9619645476341248;0.0;3.6903359844713712;0.8114143797257863;0.18858562027421366
1731801969.5104077;/app/bags/user95_2017-02-24.bag;0.834065854549408;0.0;0.9619645476341248;0.0;3.6903359844713712;0.8114143797257863;0.18858562027421366
1731801969.7103922;/app/bags/user95_2017-02-24.bag;0.834065854549408;0.0;0.9619645476341248;0.0;3.6903359844713712;0.8114143797257863;0.18858562027421366
1731801969.9103813;/app/bags/user95_2017-02-24.bag;0.834065854549408;0.0;0.9619645476341248;0.0;3.6903359844713712;0.8114143797257863;0.18858562027421366
1731801970.110374;/app/bags/user95_2017-02-24.bag;0.834065854549408;0.0;0.9619645476341248;0.0;3.6903359844713712;0.8114143797257863;0.18858562027421366
1731801970.31041;/app/bags/user95_2017-02-24.bag;0.834065854549408;0.0;0.9619645476341248;0.0;3.6903359844713712;0.8114143797257863;0.18858562027421366
1731801970.51043;/app/bags/user95_2017-02-24.bag;0.834065854549408;0.0;0.9619645476341248;0.0;3.6903359844713712;0.8114143797257863;0.18858562027421366
1731801970.7104168;/app/bags/user95_2017-02-24.bag;0.834065854549408;0.0;0.9619645476341248;0.0;3.6903359844713712;0.8114143797257863;0.18858562027421366
1731801970.9104106;/app/bags/user95_2017-02-24.bag;0.834065854549408;0.0;0.9619645476341248;0.0;3.6903359844713712;0.8114143797257863;0.18858562027421366
1731801971.1104167;/app/bags/user95_2017-02-24.bag;0.834065854549408;0.0;0.9619645476341248;0.0;3.6903359844713712;0.8114143797257863;0.18858562027421366
1731801971.3105524;/app/bags/user95_2017-02-24.bag;0.834065854549408;0.0;0.9619645476341248;0.0;3.6903359844713712;0.8114143797257863;0.18858562027421366
1731801971.5103717;/app/bags/user95_2017-02-24.bag;0.834065854549408;0.0;0.9619645476341248;0.0;3.6903359844713712;0.8114143797257863;0.18858562027421366
1731801971.7104216;/app/bags/user95_2017-02-24.bag;0.834065854549408;0.0;0.9619645476341248;0.0;3.6903359844713712;0.8114143797257863;0.18858562027421366
1731801971.9104285;/app/bags/user95_2017-02-24.bag;0.834065854549408;0.0;0.9619645476341248;0.0;3.6903359844713712;0.8114143797257863;0.18858562027421366
1731801972.1103475;/app/bags/user95_2017-02-24.bag;0.834065854549408;0.0;0.9619645476341248;0.0;3.6903359844713712;0.8114143797257863;0.18858562027421366
1731801972.3103282;/app/bags/user95_2017-02-24.bag;0.834065854549408;0.0;0.9619645476341248;0.0;3.6903359844713712;0.8114143797257863;0.18858562027421366
1731801972.5103474;/app/bags/user95_2017-02-24.bag;0.834065854549408;0.0;0.9619645476341248;0.0;3.6903359844713712;0.8114143797257863;0.18858562027421366
1731801972.7103567;/app/bags/user95_2017-02-24.bag;0.834065854549408;0.0;0.9619645476341248;0.0;3.6903359844713712;0.8114143797257863;0.18858562027421366
1731801972.9104366;/app/bags/user95_2017-02-24.bag;0.834065854549408;0.0;0.9619645476341248;0.0;3.6903359844713712;0.8114143797257863;0.18858562027421366
1731801973.1103587;/app/bags/user95_2017-02-24.bag;0.834065854549408;0.0;0.9619645476341248;0.0;3.6903359844713712;0.8114143797257863;0.18858562027421366
1731801973.3104084;/app/bags/user95_2017-02-24.bag;0.834065854549408;0.0;0.9619645476341248;0.0;3.6903359844713712;0.8114143797257863;0.18858562027421366
1731801973.5103972;/app/bags/user95_2017-02-24.bag;0.834065854549408;0.0;0.9619645476341248;0.0;3.6903359844713712;0.8114143797257863;0.18858562027421366
1731801973.7104423;/app/bags/user95_2017-02-24.bag;0.834065854549408;0.0;0.9619645476341248;0.0;3.6903359844713712;0.8114143797257863;0.18858562027421366
1731801973.9104176;/app/bags/user95_2017-02-24.bag;0.834065854549408;0.0;0.9619645476341248;0.0;3.6903359844713712;0.8114143797257863;0.18858562027421366
1731801974.1104512;/app/bags/user95_2017-02-24.bag;0.834065854549408;0.0;0.9619645476341248;0.0;3.6903359844713712;0.8114143797257863;0.18858562027421366
1731801974.3103833;/app/bags/user95_2017-02-24.bag;0.834065854549408;0.0;0.9619645476341248;0.0;3.6903359844713712;0.8114143797257863;0.18858562027421366
1731801974.5104866;/app/bags/user95_2017-02-24.bag;0.834065854549408;0.0;0.9619645476341248;0.0;3.6903359844713712;0.8114143797257863;0.18858562027421366
1731801974.7104082;/app/bags/user95_2017-02-24.bag;0.834065854549408;0.0;0.9619645476341248;0.0;3.6903359844713712;0.8114143797257863;0.18858562027421366
1731801974.9104226;/app/bags/user95_2017-02-24.bag;0.834065854549408;0.0;0.9619645476341248;0.0;3.6903359844713712;0.8114143797257863;0.18858562027421366
1731801975.1104083;/app/bags/user95_2017-02-24.bag;0.834065854549408;0.0;0.9619645476341248;0.0;3.6903359844713712;0.8114143797257863;0.18858562027421366
1731801975.3103766;/app/bags/user95_2017-02-24.bag;0.834065854549408;0.0;0.9619645476341248;0.0;3.6903359844713712;0.8114143797257863;0.18858562027421366
1731801975.510429;/app/bags/user95_2017-02-24.bag;0.834065854549408;0.0;0.9619645476341248;0.0;3.6903359844713712;0.8114143797257863;0.18858562027421366
1731801975.7104115;/app/bags/user95_2017-02-24.bag;0.834065854549408;0.0;0.9619645476341248;0.0;3.6903359844713712;0.8114143797257863;0.18858562027421366
1731801975.9103858;/app/bags/user95_2017-02-24.bag;0.834065854549408;0.0;0.9619645476341248;0.0;3.6903359844713712;0.8114143797257863;0.18858562027421366
1731801976.110393;/app/bags/user95_2017-02-24.bag;0.834065854549408;0.0;0.9619645476341248;0.0;3.6903359844713712;0.8114143797257863;0.18858562027421366
1731801976.3103716;/app/bags/user95_2017-02-24.bag;0.834065854549408;0.0;0.9619645476341248;0.0;3.6903359844713712;0.8114143797257863;0.18858562027421366
1731801976.510444;/app/bags/user95_2017-02-24.bag;0.834065854549408;0.0;0.9619645476341248;0.0;3.6903359844713712;0.8114143797257863;0.18858562027421366
1731801976.7104025;/app/bags/user95_2017-02-24.bag;0.834065854549408;0.0;0.9619645476341248;0.0;3.6903359844713712;0.8114143797257863;0.18858562027421366
1731801976.910398;/app/bags/user95_2017-02-24.bag;0.834065854549408;0.0;0.9619645476341248;0.0;3.6903359844713712;0.8114143797257863;0.18858562027421366
1731801977.1104014;/app/bags/user95_2017-02-24.bag;0.834065854549408;0.0;0.9619645476341248;0.0;3.6903359844713712;0.8114143797257863;0.18858562027421366
1731801977.3104045;/app/bags/user95_2017-02-24.bag;0.834065854549408;0.0;0.9619645476341248;0.0;3.6903359844713712;0.8114143797257863;0.18858562027421366
1731801977.510408;/app/bags/user95_2017-02-24.bag;0.834065854549408;0.0;0.9619645476341248;0.0;3.6903359844713712;0.8114143797257863;0.18858562027421366
1731801977.710455;/app/bags/user95_2017-02-24.bag;0.834065854549408;0.0;0.9619645476341248;0.0;3.6903359844713712;0.8114143797257863;0.18858562027421366
1731801977.9103675;/app/bags/user95_2017-02-24.bag;0.834065854549408;0.0;0.9619645476341248;0.0;3.6903359844713712;0.8114143797257863;0.18858562027421366
1731801978.1105514;/app/bags/user95_2017-02-24.bag;0.834065854549408;0.0;0.9619645476341248;0.0;3.6903359844713712;0.8114143797257863;0.18858562027421366
1731801978.3103712;/app/bags/user95_2017-02-24.bag;0.834065854549408;0.0;0.9619645476341248;0.0;3.6903359844713712;0.8114143797257863;0.18858562027421366
1731801978.510403;/app/bags/user95_2017-02-24.bag;0.834065854549408;0.0;0.9619645476341248;0.0;3.6903359844713712;0.8114143797257863;0.18858562027421366
1731801978.7104194;/app/bags/user95_2017-02-24.bag;0.834065854549408;0.0;0.9619645476341248;0.0;3.6903359844713712;0.8114143797257863;0.18858562027421366
1731801978.9104052;/app/bags/user95_2017-02-24.bag;0.834065854549408;0.0;0.9619645476341248;0.0;3.6903359844713712;0.8114143797257863;0.18858562027421366
1731801979.110483;/app/bags/user95_2017-02-24.bag;0.834065854549408;0.0;0.9619645476341248;0.0;3.6903359844713712;0.8114143797257863;0.18858562027421366
1731801979.3104846;/app/bags/user95_2017-02-24.bag;0.834065854549408;0.0;0.9619645476341248;0.0;3.6903359844713712;0.8114143797257863;0.18858562027421366
1731801979.5104692;/app/bags/user95_2017-02-24.bag;0.834065854549408;0.0;0.9619645476341248;0.0;3.6903359844713712;0.8114143797257863;0.18858562027421366
1731801979.7103817;/app/bags/user95_2017-02-24.bag;0.834065854549408;0.0;0.9619645476341248;0.0;3.6903359844713712;0.8114143797257863;0.18858562027421366
1731801979.910445;/app/bags/user95_2017-02-24.bag;0.834065854549408;0.0;0.9619645476341248;0.0;3.6903359844713712;0.8114143797257863;0.18858562027421366
1731801980.1104112;/app/bags/user95_2017-02-24.bag;0.834065854549408;0.0;0.9619645476341248;0.0;3.6903359844713712;0.8114143797257863;0.18858562027421366
1731801980.3104377;/app/bags/user95_2017-02-24.bag;0.834065854549408;0.0;0.9619645476341248;0.0;3.6903359844713712;0.8114143797257863;0.18858562027421366
1731801980.510414;/app/bags/user95_2017-02-24.bag;0.834065854549408;0.0;0.9619645476341248;0.0;3.6903359844713712;0.8114143797257863;0.18858562027421366
1731801980.7104385;/app/bags/user95_2017-02-24.bag;0.834065854549408;0.0;0.9619645476341248;0.0;3.6903359844713712;0.8114143797257863;0.18858562027421366
1731801980.9104648;/app/bags/user95_2017-02-24.bag;0.834065854549408;0.0;0.9619645476341248;0.0;3.6903359844713712;0.8114143797257863;0.18858562027421366
1731801981.1104052;/app/bags/user95_2017-02-24.bag;0.834065854549408;0.0;0.9619645476341248;0.0;3.6903359844713712;0.8114143797257863;0.18858562027421366
1731801981.3104043;/app/bags/user95_2017-02-24.bag;0.834065854549408;0.0;0.9619645476341248;0.0;3.6903359844713712;0.8114143797257863;0.18858562027421366
1731801981.5103931;/app/bags/user95_2017-02-24.bag;0.834065854549408;0.0;0.9619645476341248;0.0;3.6903359844713712;0.8114143797257863;0.18858562027421366
1731801981.7103884;/app/bags/user95_2017-02-24.bag;0.834065854549408;0.0;0.9619645476341248;0.0;3.6903359844713712;0.8114143797257863;0.18858562027421366
1731801981.910565;/app/bags/user95_2017-02-24.bag;0.834065854549408;0.0;0.9619645476341248;0.0;3.6903359844713712;0.8114143797257863;0.18858562027421366
1731801982.1104;/app/bags/user95_2017-02-24.bag;0.834065854549408;0.0;0.9619645476341248;0.0;3.6903359844713712;0.8114143797257863;0.18858562027421366
1731801982.3103929;/app/bags/user95_2017-02-24.bag;0.834065854549408;0.0;0.9619645476341248;0.0;3.6903359844713712;0.8114143797257863;0.18858562027421366
1731801982.5103588;/app/bags/user95_2017-02-24.bag;0.834065854549408;0.0;0.9619645476341248;0.0;3.6903359844713712;0.8114143797257863;0.18858562027421366
1731801982.7104156;/app/bags/user95_2017-02-24.bag;0.834065854549408;0.0;0.9619645476341248;0.0;3.6903359844713712;0.8114143797257863;0.18858562027421366
1731801982.9104156;/app/bags/user95_2017-02-24.bag;0.834065854549408;0.0;0.9619645476341248;0.0;3.6903359844713712;0.8114143797257863;0.18858562027421366
1731801983.1105027;/app/bags/user95_2017-02-24.bag;0.834065854549408;0.0;0.9619645476341248;0.0;3.6903359844713712;0.8114143797257863;0.18858562027421366
1731801983.3104565;/app/bags/user95_2017-02-24.bag;0.834065854549408;0.0;0.9619645476341248;0.0;3.6903359844713712;0.8114143797257863;0.18858562027421366
1731801983.5104136;/app/bags/user95_2017-02-24.bag;0.834065854549408;0.0;0.9619645476341248;0.0;3.6903359844713712;0.8114143797257863;0.18858562027421366
1731801983.7104473;/app/bags/user95_2017-02-24.bag;0.834065854549408;0.0;0.9619645476341248;0.0;3.6903359844713712;0.8114143797257863;0.18858562027421366
1731801983.9103985;/app/bags/user95_2017-02-24.bag;0.834065854549408;0.0;0.9619645476341248;0.0;3.6903359844713712;0.8114143797257863;0.18858562027421366
1731801984.1103878;/app/bags/user95_2017-02-24.bag;0.834065854549408;0.0;0.9619645476341248;0.0;3.6903359844713712;0.8114143797257863;0.18858562027421366
1731801984.3103719;/app/bags/user95_2017-02-24.bag;0.834065854549408;0.0;0.9619645476341248;0.0;3.6903359844713712;0.8114143797257863;0.18858562027421366
1731801984.5104067;/app/bags/user95_2017-02-24.bag;0.834065854549408;0.0;0.9619645476341248;0.0;3.6903359844713712;0.8114143797257863;0.18858562027421366
1731801984.7103899;/app/bags/user95_2017-02-24.bag;0.834065854549408;0.0;0.9619645476341248;0.0;3.6903359844713712;0.8114143797257863;0.18858562027421366
1731801984.9103918;/app/bags/user95_2017-02-24.bag;0.834065854549408;0.0;0.9619645476341248;0.0;3.6903359844713712;0.8114143797257863;0.18858562027421366
1731801985.1104755;/app/bags/user95_2017-02-24.bag;0.834065854549408;0.0;0.9619645476341248;0.0;3.6903359844713712;0.8114143797257863;0.18858562027421366
1731801985.3104167;/app/bags/user95_2017-02-24.bag;0.834065854549408;0.0;0.9619645476341248;0.0;3.6903359844713712;0.8114143797257863;0.18858562027421366
1731801985.5103915;/app/bags/user95_2017-02-24.bag;0.834065854549408;0.0;0.9619645476341248;0.0;3.6903359844713712;0.8114143797257863;0.18858562027421366
1731801985.7104118;/app/bags/user95_2017-02-24.bag;0.834065854549408;0.0;0.9619645476341248;0.0;3.6903359844713712;0.8114143797257863;0.18858562027421366
1731801985.9103782;/app/bags/user95_2017-02-24.bag;0.834065854549408;0.0;0.9619645476341248;0.0;3.6903359844713712;0.8114143797257863;0.18858562027421366
1731801986.1103683;/app/bags/user95_2017-02-24.bag;0.834065854549408;0.0;0.9619645476341248;0.0;3.6903359844713712;0.8114143797257863;0.18858562027421366
1731801986.3104126;/app/bags/user95_2017-02-24.bag;0.834065854549408;0.0;0.9619645476341248;0.0;3.6903359844713712;0.8114143797257863;0.18858562027421366
1731801986.5103827;/app/bags/user95_2017-02-24.bag;0.834065854549408;0.0;0.9619645476341248;0.0;3.6903359844713712;0.8114143797257863;0.18858562027421366
1731801986.7103684;/app/bags/user95_2017-02-24.bag;0.834065854549408;0.0;0.9619645476341248;0.0;3.6903359844713712;0.8114143797257863;0.18858562027421366
1731801986.9103684;/app/bags/user95_2017-02-24.bag;0.834065854549408;0.0;0.9619645476341248;0.0;3.6903359844713712;0.8114143797257863;0.18858562027421366
1731801987.1103945;/app/bags/user95_2017-02-24.bag;0.834065854549408;0.0;0.9619645476341248;0.0;3.6903359844713712;0.8114143797257863;0.18858562027421366
1731801987.3103714;/app/bags/user95_2017-02-24.bag;0.834065854549408;0.0;0.9619645476341248;0.0;3.6903359844713712;0.8114143797257863;0.18858562027421366
1731801987.5103757;/app/bags/user95_2017-02-24.bag;0.834065854549408;0.0;0.9619645476341248;0.0;3.6903359844713712;0.8114143797257863;0.18858562027421366
1731801987.7105296;/app/bags/user95_2017-02-24.bag;0.834065854549408;0.0;0.9619645476341248;0.0;3.6903359844713712;0.8114143797257863;0.18858562027421366
1731801987.910414;/app/bags/user95_2017-02-24.bag;0.834065854549408;0.0;0.9619645476341248;0.0;3.6903359844713712;0.8114143797257863;0.18858562027421366
1731801988.1103823;/app/bags/user95_2017-02-24.bag;0.834065854549408;0.0;0.9619645476341248;0.0;3.6903359844713712;0.8114143797257863;0.18858562027421366
1731801988.3103967;/app/bags/user95_2017-02-24.bag;0.834065854549408;0.0;0.9619645476341248;0.0;3.6903359844713712;0.8114143797257863;0.18858562027421366
1731801988.5105703;/app/bags/user95_2017-02-24.bag;0.834065854549408;0.0;0.9619645476341248;0.0;3.6903359844713712;0.8114143797257863;0.18858562027421366
1731801988.710394;/app/bags/user95_2017-02-24.bag;0.834065854549408;0.0;0.9619645476341248;0.0;3.6903359844713712;0.8114143797257863;0.18858562027421366
1731801988.910421;/app/bags/user95_2017-02-24.bag;0.834065854549408;0.0;0.9619645476341248;0.0;3.6903359844713712;0.8114143797257863;0.18858562027421366
1731801989.110409;/app/bags/user95_2017-02-24.bag;0.834065854549408;0.0;0.9619645476341248;0.0;3.6903359844713712;0.8114143797257863;0.18858562027421366
1731801989.3104243;/app/bags/user95_2017-02-24.bag;0.834065854549408;0.0;0.9619645476341248;0.0;3.6903359844713712;0.8114143797257863;0.18858562027421366
1731801989.5103803;/app/bags/user95_2017-02-24.bag;0.834065854549408;0.0;0.9619645476341248;0.0;3.6903359844713712;0.8114143797257863;0.18858562027421366
1731801989.710409;/app/bags/user95_2017-02-24.bag;0.834065854549408;0.0;0.9619645476341248;0.0;3.6903359844713712;0.8114143797257863;0.18858562027421366
1731801989.9104044;/app/bags/user95_2017-02-24.bag;0.834065854549408;0.0;0.9619645476341248;0.0;3.6903359844713712;0.8114143797257863;0.18858562027421366
1731801990.110407;/app/bags/user95_2017-02-24.bag;0.834065854549408;0.0;0.9619645476341248;0.0;3.6903359844713712;0.8114143797257863;0.18858562027421366
1731801990.3104305;/app/bags/user95_2017-02-24.bag;0.834065854549408;0.0;0.9619645476341248;0.0;3.6903359844713712;0.8114143797257863;0.18858562027421366
1731801990.5103786;/app/bags/user95_2017-02-24.bag;0.834065854549408;0.0;0.9619645476341248;0.0;3.6903359844713712;0.8114143797257863;0.18858562027421366
1731801990.710467;/app/bags/user95_2017-02-24.bag;0.834065854549408;0.0;0.9619645476341248;0.0;3.6903359844713712;0.8114143797257863;0.18858562027421366
1731801990.9104075;/app/bags/user95_2017-02-24.bag;0.834065854549408;0.0;0.9619645476341248;0.0;3.6903359844713712;0.8114143797257863;0.18858562027421366
1731801991.1103613;/app/bags/user95_2017-02-24.bag;0.834065854549408;0.0;0.9619645476341248;0.0;3.6903359844713712;0.8114143797257863;0.18858562027421366
1731801991.310351;/app/bags/user95_2017-02-24.bag;0.834065854549408;0.0;0.9619645476341248;0.0;3.6903359844713712;0.8114143797257863;0.18858562027421366
1731801991.5103877;/app/bags/user95_2017-02-24.bag;0.834065854549408;0.0;0.9619645476341248;0.0;3.6903359844713712;0.8114143797257863;0.18858562027421366
1731801991.710377;/app/bags/user95_2017-02-24.bag;0.834065854549408;0.0;0.9619645476341248;0.0;3.6903359844713712;0.8114143797257863;0.18858562027421366
1731801991.910432;/app/bags/user95_2017-02-24.bag;0.834065854549408;0.0;0.9619645476341248;0.0;3.6903359844713712;0.8114143797257863;0.18858562027421366
1731801992.1104257;/app/bags/user95_2017-02-24.bag;0.834065854549408;0.0;0.9619645476341248;0.0;3.6903359844713712;0.8114143797257863;0.18858562027421366
1731801992.310431;/app/bags/user95_2017-02-24.bag;0.834065854549408;0.0;0.9619645476341248;0.0;3.6903359844713712;0.8114143797257863;0.18858562027421366
1731801992.510384;/app/bags/user95_2017-02-24.bag;0.834065854549408;0.0;0.9619645476341248;0.0;3.6903359844713712;0.8114143797257863;0.18858562027421366
1731801992.7104177;/app/bags/user95_2017-02-24.bag;0.834065854549408;0.0;0.9619645476341248;0.0;3.6903359844713712;0.8114143797257863;0.18858562027421366
1731801992.9103775;/app/bags/user95_2017-02-24.bag;0.834065854549408;0.0;0.9619645476341248;0.0;3.6903359844713712;0.8114143797257863;0.18858562027421366
1731801993.110394;/app/bags/user95_2017-02-24.bag;0.834065854549408;0.0;0.9619645476341248;0.0;3.6903359844713712;0.8114143797257863;0.18858562027421366
1731801993.3103967;/app/bags/user95_2017-02-24.bag;0.834065854549408;0.0;0.9619645476341248;0.0;3.6903359844713712;0.8114143797257863;0.18858562027421366
1731801993.510366;/app/bags/user95_2017-02-24.bag;0.834065854549408;0.0;0.9619645476341248;0.0;3.6903359844713712;0.8114143797257863;0.18858562027421366
1731801993.7105172;/app/bags/user95_2017-02-24.bag;0.834065854549408;0.0;0.9619645476341248;0.0;3.6903359844713712;0.8114143797257863;0.18858562027421366
1731801993.910391;/app/bags/user95_2017-02-24.bag;0.834065854549408;0.0;0.9619645476341248;0.0;3.6903359844713712;0.8114143797257863;0.18858562027421366
1731801994.1103716;/app/bags/user95_2017-02-24.bag;0.834065854549408;0.0;0.9619645476341248;0.0;3.6903359844713712;0.8114143797257863;0.18858562027421366
1731801994.3104286;/app/bags/user95_2017-02-24.bag;0.834065854549408;0.0;0.9619645476341248;0.0;3.6903359844713712;0.8114143797257863;0.18858562027421366
1731801994.510381;/app/bags/user95_2017-02-24.bag;0.834065854549408;0.0;0.9619645476341248;0.0;3.6903359844713712;0.8114143797257863;0.18858562027421366
1731801994.7103853;/app/bags/user95_2017-02-24.bag;0.834065854549408;0.0;0.9619645476341248;0.0;3.6903359844713712;0.8114143797257863;0.18858562027421366
1731801994.9104013;/app/bags/user95_2017-02-24.bag;0.834065854549408;0.0;0.9619645476341248;0.0;3.6903359844713712;0.8114143797257863;0.18858562027421366
1731801995.1103685;/app/bags/user95_2017-02-24.bag;0.834065854549408;0.0;0.9619645476341248;0.0;3.6903359844713712;0.8114143797257863;0.18858562027421366
1731801995.3103802;/app/bags/user95_2017-02-24.bag;0.834065854549408;0.0;0.9619645476341248;0.0;3.6903359844713712;0.8114143797257863;0.18858562027421366
1731801995.510398;/app/bags/user95_2017-02-24.bag;0.834065854549408;0.0;0.9619645476341248;0.0;3.6903359844713712;0.8114143797257863;0.18858562027421366
1731801995.7104383;/app/bags/user95_2017-02-24.bag;0.834065854549408;0.0;0.9619645476341248;0.0;3.6903359844713712;0.8114143797257863;0.18858562027421366
1731801995.9104676;/app/bags/user95_2017-02-24.bag;0.834065854549408;0.0;0.9619645476341248;0.0;3.6903359844713712;0.8114143797257863;0.18858562027421366
1731801996.1105497;/app/bags/user95_2017-02-24.bag;0.834065854549408;0.0;0.9619645476341248;0.0;3.6903359844713712;0.8114143797257863;0.18858562027421366
1731801996.310422;/app/bags/user95_2017-02-24.bag;0.834065854549408;0.0;0.9619645476341248;0.0;3.6903359844713712;0.8114143797257863;0.18858562027421366
1731801996.5103831;/app/bags/user95_2017-02-24.bag;0.834065854549408;0.0;0.9619645476341248;0.0;3.6903359844713712;0.8114143797257863;0.18858562027421366
1731801996.710374;/app/bags/user95_2017-02-24.bag;0.834065854549408;0.0;0.9619645476341248;0.0;3.6903359844713712;0.8114143797257863;0.18858562027421366
1731801996.9103835;/app/bags/user95_2017-02-24.bag;0.834065854549408;0.0;0.9619645476341248;0.0;3.6903359844713712;0.8114143797257863;0.18858562027421366
1731801997.1103961;/app/bags/user95_2017-02-24.bag;0.834065854549408;0.0;0.9619645476341248;0.0;3.6903359844713712;0.8114143797257863;0.18858562027421366
1731801997.310351;/app/bags/user95_2017-02-24.bag;0.834065854549408;0.0;0.9619645476341248;0.0;3.6903359844713712;0.8114143797257863;0.18858562027421366
1731801997.5103736;/app/bags/user95_2017-02-24.bag;0.834065854549408;0.0;0.9619645476341248;0.0;3.6903359844713712;0.8114143797257863;0.18858562027421366
1731801997.7104042;/app/bags/user95_2017-02-24.bag;0.834065854549408;0.0;0.9619645476341248;0.0;3.6903359844713712;0.8114143797257863;0.18858562027421366
1731801997.910391;/app/bags/user95_2017-02-24.bag;0.834065854549408;0.0;0.9619645476341248;0.0;3.6903359844713712;0.8114143797257863;0.18858562027421366
1731801998.1103802;/app/bags/user95_2017-02-24.bag;0.834065854549408;0.0;0.9619645476341248;0.0;3.6903359844713712;0.8114143797257863;0.18858562027421366
1731801998.3103929;/app/bags/user95_2017-02-24.bag;0.834065854549408;0.0;0.9619645476341248;0.0;3.6903359844713712;0.8114143797257863;0.18858562027421366
1731801998.5103807;/app/bags/user95_2017-02-24.bag;0.834065854549408;0.0;0.9619645476341248;0.0;3.6903359844713712;0.8114143797257863;0.18858562027421366
1731801998.7104087;/app/bags/user95_2017-02-24.bag;0.834065854549408;0.0;0.9619645476341248;0.0;3.6903359844713712;0.8114143797257863;0.18858562027421366
1731801998.9104555;/app/bags/user95_2017-02-24.bag;0.834065854549408;0.0;0.9619645476341248;0.0;3.6903359844713712;0.8114143797257863;0.18858562027421366
1731801999.1104443;/app/bags/user95_2017-02-24.bag;0.834065854549408;0.0;0.9619645476341248;0.0;3.6903359844713712;0.8114143797257863;0.18858562027421366
1731801999.3104353;/app/bags/user95_2017-02-24.bag;0.834065854549408;0.0;0.9619645476341248;0.0;3.6903359844713712;0.8114143797257863;0.18858562027421366
1731801999.5103657;/app/bags/user95_2017-02-24.bag;0.834065854549408;0.0;0.9619645476341248;0.0;3.6903359844713712;0.8114143797257863;0.18858562027421366
1731801999.7104564;/app/bags/user95_2017-02-24.bag;0.834065854549408;0.0;0.9619645476341248;0.0;3.6903359844713712;0.8114143797257863;0.18858562027421366
1731801999.9104097;/app/bags/user95_2017-02-24.bag;0.834065854549408;0.0;0.9619645476341248;0.0;3.6903359844713712;0.8114143797257863;0.18858562027421366
1731802000.1104326;/app/bags/user95_2017-02-24.bag;0.834065854549408;0.0;0.9619645476341248;0.0;3.6903359844713712;0.8114143797257863;0.18858562027421366
1731802000.3104188;/app/bags/user95_2017-02-24.bag;0.834065854549408;0.0;0.9619645476341248;0.0;3.6903359844713712;0.8114143797257863;0.18858562027421366
1731802000.5103667;/app/bags/user95_2017-02-24.bag;0.834065854549408;0.0;0.9619645476341248;0.0;3.6903359844713712;0.8114143797257863;0.18858562027421366
1731802000.7103944;/app/bags/user95_2017-02-24.bag;0.834065854549408;0.0;0.9619645476341248;0.0;3.6903359844713712;0.8114143797257863;0.18858562027421366
1731802000.9105077;/app/bags/user95_2017-02-24.bag;0.834065854549408;0.0;0.9619645476341248;0.0;3.6903359844713712;0.8114143797257863;0.18858562027421366
1731802001.1103883;/app/bags/user95_2017-02-24.bag;0.834065854549408;0.0;0.9619645476341248;0.0;3.6903359844713712;0.8114143797257863;0.18858562027421366
1731802001.310408;/app/bags/user95_2017-02-24.bag;0.834065854549408;0.0;0.9619645476341248;0.0;3.6903359844713712;0.8114143797257863;0.18858562027421366
1731802001.5104313;/app/bags/user95_2017-02-24.bag;0.834065854549408;0.0;0.9619645476341248;0.0;3.6903359844713712;0.8114143797257863;0.18858562027421366
1731802001.7103975;/app/bags/user95_2017-02-24.bag;0.834065854549408;0.0;0.9619645476341248;0.0;3.6903359844713712;0.8114143797257863;0.18858562027421366
1731802001.9104142;/app/bags/user95_2017-02-24.bag;0.834065854549408;0.0;0.9619645476341248;0.0;3.6903359844713712;0.8114143797257863;0.18858562027421366
1731802002.1103818;/app/bags/user95_2017-02-24.bag;0.834065854549408;0.0;0.9619645476341248;0.0;3.6903359844713712;0.8114143797257863;0.18858562027421366
1731802002.3104224;/app/bags/user95_2017-02-24.bag;0.834065854549408;0.0;0.9619645476341248;0.0;3.6903359844713712;0.8114143797257863;0.18858562027421366
1731802002.5104146;/app/bags/user95_2017-02-24.bag;0.834065854549408;0.0;0.9619645476341248;0.0;3.6903359844713712;0.8114143797257863;0.18858562027421366
1731802002.7104082;/app/bags/user95_2017-02-24.bag;0.834065854549408;0.0;0.9619645476341248;0.0;3.6903359844713712;0.8114143797257863;0.18858562027421366
1731802002.9104557;/app/bags/user95_2017-02-24.bag;0.834065854549408;0.0;0.9619645476341248;0.0;3.6903359844713712;0.8114143797257863;0.18858562027421366
1731802003.1104226;/app/bags/user95_2017-02-24.bag;0.834065854549408;0.0;0.9619645476341248;0.0;3.6903359844713712;0.8114143797257863;0.18858562027421366
1731802003.3103952;/app/bags/user95_2017-02-24.bag;0.834065854549408;0.0;0.9619645476341248;0.0;3.6903359844713712;0.8114143797257863;0.18858562027421366
1731802003.5103717;/app/bags/user95_2017-02-24.bag;0.834065854549408;0.0;0.9619645476341248;0.0;3.6903359844713712;0.8114143797257863;0.18858562027421366
1731802003.7104099;/app/bags/user95_2017-02-24.bag;0.834065854549408;0.0;0.9619645476341248;0.0;3.6903359844713712;0.8114143797257863;0.18858562027421366
1731802003.9104593;/app/bags/user95_2017-02-24.bag;0.834065854549408;0.0;0.9619645476341248;0.0;3.6903359844713712;0.8114143797257863;0.18858562027421366
1731802004.1103992;/app/bags/user95_2017-02-24.bag;0.834065854549408;0.0;0.9619645476341248;0.0;3.6903359844713712;0.8114143797257863;0.18858562027421366
1731802004.3103774;/app/bags/user95_2017-02-24.bag;0.834065854549408;0.0;0.9619645476341248;0.0;3.6903359844713712;0.8114143797257863;0.18858562027421366
1731802004.5104551;/app/bags/user95_2017-02-24.bag;0.834065854549408;0.0;0.9619645476341248;0.0;3.6903359844713712;0.8114143797257863;0.18858562027421366
1731802004.7105222;/app/bags/user95_2017-02-24.bag;0.834065854549408;0.0;0.9619645476341248;0.0;3.6903359844713712;0.8114143797257863;0.18858562027421366
1731802004.910385;/app/bags/user95_2017-02-24.bag;0.834065854549408;0.0;0.9619645476341248;0.0;3.6903359844713712;0.8114143797257863;0.18858562027421366
1731802005.1104202;/app/bags/user95_2017-02-24.bag;0.834065854549408;0.0;0.9619645476341248;0.0;3.6903359844713712;0.8114143797257863;0.18858562027421366
1731802005.310363;/app/bags/user95_2017-02-24.bag;0.834065854549408;0.0;0.9619645476341248;0.0;3.6903359844713712;0.8114143797257863;0.18858562027421366
1731802005.5104272;/app/bags/user95_2017-02-24.bag;0.834065854549408;0.0;0.9619645476341248;0.0;3.6903359844713712;0.8114143797257863;0.18858562027421366
1731802005.710381;/app/bags/user95_2017-02-24.bag;0.834065854549408;0.0;0.9619645476341248;0.0;3.6903359844713712;0.8114143797257863;0.18858562027421366
1731802005.9104133;/app/bags/user95_2017-02-24.bag;0.834065854549408;0.0;0.9619645476341248;0.0;3.6903359844713712;0.8114143797257863;0.18858562027421366
1731802006.1103988;/app/bags/user95_2017-02-24.bag;0.834065854549408;0.0;0.9619645476341248;0.0;3.6903359844713712;0.8114143797257863;0.18858562027421366
1731802006.3104084;/app/bags/user95_2017-02-24.bag;0.834065854549408;0.0;0.9619645476341248;0.0;3.6903359844713712;0.8114143797257863;0.18858562027421366
1731802006.5104055;/app/bags/user95_2017-02-24.bag;0.834065854549408;0.0;0.9619645476341248;0.0;3.6903359844713712;0.8114143797257863;0.18858562027421366
1731802006.7103972;/app/bags/user95_2017-02-24.bag;0.834065854549408;0.0;0.9619645476341248;0.0;3.6903359844713712;0.8114143797257863;0.18858562027421366
1731802006.9103715;/app/bags/user95_2017-02-24.bag;0.834065854549408;0.0;0.9619645476341248;0.0;3.6903359844713712;0.8114143797257863;0.18858562027421366
1731802007.1103811;/app/bags/user95_2017-02-24.bag;0.834065854549408;0.0;0.9619645476341248;0.0;3.6903359844713712;0.8114143797257863;0.18858562027421366
1731802007.3103905;/app/bags/user95_2017-02-24.bag;0.834065854549408;0.0;0.9619645476341248;0.0;3.6903359844713712;0.8114143797257863;0.18858562027421366
1731802007.510394;/app/bags/user95_2017-02-24.bag;0.834065854549408;0.0;0.9619645476341248;0.0;3.6903359844713712;0.8114143797257863;0.18858562027421366
1731802007.71046;/app/bags/user95_2017-02-24.bag;0.834065854549408;0.0;0.9619645476341248;0.0;3.6903359844713712;0.8114143797257863;0.18858562027421366
1731802007.9103608;/app/bags/user95_2017-02-24.bag;0.834065854549408;0.0;0.9619645476341248;0.0;3.6903359844713712;0.8114143797257863;0.18858562027421366
1731802008.1103778;/app/bags/user95_2017-02-24.bag;0.834065854549408;0.0;0.9619645476341248;0.0;3.6903359844713712;0.8114143797257863;0.18858562027421366
1731802008.3103998;/app/bags/user95_2017-02-24.bag;0.834065854549408;0.0;0.9619645476341248;0.0;3.6903359844713712;0.8114143797257863;0.18858562027421366
1731802008.5104177;/app/bags/user95_2017-02-24.bag;0.834065854549408;0.0;0.9619645476341248;0.0;3.6903359844713712;0.8114143797257863;0.18858562027421366
1731802008.710541;/app/bags/user95_2017-02-24.bag;0.834065854549408;0.0;0.9619645476341248;0.0;3.6903359844713712;0.8114143797257863;0.18858562027421366
1731802008.910426;/app/bags/user95_2017-02-24.bag;0.834065854549408;0.0;0.9619645476341248;0.0;3.6903359844713712;0.8114143797257863;0.18858562027421366
1731802009.1104043;/app/bags/user95_2017-02-24.bag;0.834065854549408;0.0;0.9619645476341248;0.0;3.6903359844713712;0.8114143797257863;0.18858562027421366
1731802009.3103974;/app/bags/user95_2017-02-24.bag;0.834065854549408;0.0;0.9619645476341248;0.0;3.6903359844713712;0.8114143797257863;0.18858562027421366
1731802009.5103726;/app/bags/user95_2017-02-24.bag;0.834065854549408;0.0;0.9619645476341248;0.0;3.6903359844713712;0.8114143797257863;0.18858562027421366
1731802009.7103815;/app/bags/user95_2017-02-24.bag;0.834065854549408;0.0;0.9619645476341248;0.0;3.6903359844713712;0.8114143797257863;0.18858562027421366
1731802009.9104;/app/bags/user95_2017-02-24.bag;0.834065854549408;0.0;0.9619645476341248;0.0;3.6903359844713712;0.8114143797257863;0.18858562027421366
1731802010.1104455;/app/bags/user95_2017-02-24.bag;0.834065854549408;0.0;0.9619645476341248;0.0;3.6903359844713712;0.8114143797257863;0.18858562027421366
1731802010.3103905;/app/bags/user95_2017-02-24.bag;0.834065854549408;0.0;0.9619645476341248;0.0;3.6903359844713712;0.8114143797257863;0.18858562027421366
1731802010.5103948;/app/bags/user95_2017-02-24.bag;0.834065854549408;0.0;0.9619645476341248;0.0;3.6903359844713712;0.8114143797257863;0.18858562027421366
1731802010.7103903;/app/bags/user95_2017-02-24.bag;0.834065854549408;0.0;0.9619645476341248;0.0;3.6903359844713712;0.8114143797257863;0.18858562027421366
1731802010.910385;/app/bags/user95_2017-02-24.bag;0.834065854549408;0.0;0.9619645476341248;0.0;3.6903359844713712;0.8114143797257863;0.18858562027421366
1731802011.110379;/app/bags/user95_2017-02-24.bag;0.834065854549408;0.0;0.9619645476341248;0.0;3.6903359844713712;0.8114143797257863;0.18858562027421366
1731802011.3104036;/app/bags/user95_2017-02-24.bag;0.834065854549408;0.0;0.9619645476341248;0.0;3.6903359844713712;0.8114143797257863;0.18858562027421366
1731802011.5103831;/app/bags/user95_2017-02-24.bag;0.834065854549408;0.0;0.9619645476341248;0.0;3.6903359844713712;0.8114143797257863;0.18858562027421366
1731802011.7103713;/app/bags/user95_2017-02-24.bag;0.834065854549408;0.0;0.9619645476341248;0.0;3.6903359844713712;0.8114143797257863;0.18858562027421366
1731802011.910394;/app/bags/user95_2017-02-24.bag;0.834065854549408;0.0;0.9619645476341248;0.0;3.6903359844713712;0.8114143797257863;0.18858562027421366
1731802012.1104083;/app/bags/user95_2017-02-24.bag;0.834065854549408;0.0;0.9619645476341248;0.0;3.6903359844713712;0.8114143797257863;0.18858562027421366
1731802012.310419;/app/bags/user95_2017-02-24.bag;0.834065854549408;0.0;0.9619645476341248;0.0;3.6903359844713712;0.8114143797257863;0.18858562027421366
1731802012.510442;/app/bags/user95_2017-02-24.bag;0.834065854549408;0.0;0.9619645476341248;0.0;3.6903359844713712;0.8114143797257863;0.18858562027421366
1731802012.7103937;/app/bags/user95_2017-02-24.bag;0.834065854549408;0.0;0.9619645476341248;0.0;3.6903359844713712;0.8114143797257863;0.18858562027421366
1731802012.9104364;/app/bags/user95_2017-02-24.bag;0.834065854549408;0.0;0.9619645476341248;0.0;3.6903359844713712;0.8114143797257863;0.18858562027421366
1731802013.1103828;/app/bags/user95_2017-02-24.bag;0.834065854549408;0.0;0.9619645476341248;0.0;3.6903359844713712;0.8114143797257863;0.18858562027421366
1731802013.3103747;/app/bags/user95_2017-02-24.bag;0.834065854549408;0.0;0.9619645476341248;0.0;3.6903359844713712;0.8114143797257863;0.18858562027421366
1731802013.5103536;/app/bags/user95_2017-02-24.bag;0.834065854549408;0.0;0.9619645476341248;0.0;3.6903359844713712;0.8114143797257863;0.18858562027421366
1731802013.7103996;/app/bags/user95_2017-02-24.bag;0.834065854549408;0.0;0.9619645476341248;0.0;3.6903359844713712;0.8114143797257863;0.18858562027421366
1731802013.9104056;/app/bags/user95_2017-02-24.bag;0.834065854549408;0.0;0.9619645476341248;0.0;3.6903359844713712;0.8114143797257863;0.18858562027421366
1731802014.1104374;/app/bags/user95_2017-02-24.bag;0.834065854549408;0.0;0.9619645476341248;0.0;3.6903359844713712;0.8114143797257863;0.18858562027421366
1731802014.310412;/app/bags/user95_2017-02-24.bag;0.834065854549408;0.0;0.9619645476341248;0.0;3.6903359844713712;0.8114143797257863;0.18858562027421366
1731802014.5104241;/app/bags/user95_2017-02-24.bag;0.834065854549408;0.0;0.9619645476341248;0.0;3.6903359844713712;0.8114143797257863;0.18858562027421366
1731802014.7104297;/app/bags/user95_2017-02-24.bag;0.834065854549408;0.0;0.9619645476341248;0.0;3.6903359844713712;0.8114143797257863;0.18858562027421366
1731802014.9103808;/app/bags/user95_2017-02-24.bag;0.834065854549408;0.0;0.9619645476341248;0.0;3.6903359844713712;0.8114143797257863;0.18858562027421366
1731802015.1105704;/app/bags/user95_2017-02-24.bag;0.834065854549408;0.0;0.9619645476341248;0.0;3.6903359844713712;0.8114143797257863;0.18858562027421366
1731802015.3103921;/app/bags/user95_2017-02-24.bag;0.834065854549408;0.0;0.9619645476341248;0.0;3.6903359844713712;0.8114143797257863;0.18858562027421366
1731802015.5104055;/app/bags/user95_2017-02-24.bag;0.834065854549408;0.0;0.9619645476341248;0.0;3.6903359844713712;0.8114143797257863;0.18858562027421366
1731802015.7103682;/app/bags/user95_2017-02-24.bag;0.834065854549408;0.0;0.9619645476341248;0.0;3.6903359844713712;0.8114143797257863;0.18858562027421366
1731802015.9104843;/app/bags/user95_2017-02-24.bag;0.834065854549408;0.0;0.9619645476341248;0.0;3.6903359844713712;0.8114143797257863;0.18858562027421366
1731802016.110403;/app/bags/user95_2017-02-24.bag;0.834065854549408;0.0;0.9619645476341248;0.0;3.6903359844713712;0.8114143797257863;0.18858562027421366
1731802016.3103886;/app/bags/user95_2017-02-24.bag;0.834065854549408;0.0;0.9619645476341248;0.0;3.6903359844713712;0.8114143797257863;0.18858562027421366
1731802016.510355;/app/bags/user95_2017-02-24.bag;0.834065854549408;0.0;0.9619645476341248;0.0;3.6903359844713712;0.8114143797257863;0.18858562027421366
1731802016.710366;/app/bags/user95_2017-02-24.bag;0.834065854549408;0.0;0.9619645476341248;0.0;3.6903359844713712;0.8114143797257863;0.18858562027421366
1731802016.910425;/app/bags/user95_2017-02-24.bag;0.834065854549408;0.0;0.9619645476341248;0.0;3.6903359844713712;0.8114143797257863;0.18858562027421366
1731802017.1104374;/app/bags/user95_2017-02-24.bag;0.834065854549408;0.0;0.9619645476341248;0.0;3.6903359844713712;0.8114143797257863;0.18858562027421366
1731802017.3104434;/app/bags/user95_2017-02-24.bag;0.834065854549408;0.0;0.9619645476341248;0.0;3.6903359844713712;0.8114143797257863;0.18858562027421366
1731802017.5104365;/app/bags/user95_2017-02-24.bag;0.834065854549408;0.0;0.9619645476341248;0.0;3.6903359844713712;0.8114143797257863;0.18858562027421366
1731802017.710407;/app/bags/user95_2017-02-24.bag;0.834065854549408;0.0;0.9619645476341248;0.0;3.6903359844713712;0.8114143797257863;0.18858562027421366
1731802017.9104447;/app/bags/user95_2017-02-24.bag;0.834065854549408;0.0;0.9619645476341248;0.0;3.6903359844713712;0.8114143797257863;0.18858562027421366
1731802018.1104662;/app/bags/user95_2017-02-24.bag;0.834065854549408;0.0;0.9619645476341248;0.0;3.6903359844713712;0.8114143797257863;0.18858562027421366
1731802018.3104005;/app/bags/user95_2017-02-24.bag;0.834065854549408;0.0;0.9619645476341248;0.0;3.6903359844713712;0.8114143797257863;0.18858562027421366
1731802018.5104086;/app/bags/user95_2017-02-24.bag;0.834065854549408;0.0;0.9619645476341248;0.0;3.6903359844713712;0.8114143797257863;0.18858562027421366
1731802018.7103522;/app/bags/user95_2017-02-24.bag;0.834065854549408;0.0;0.9619645476341248;0.0;3.6903359844713712;0.8114143797257863;0.18858562027421366
1731802018.9104233;/app/bags/user95_2017-02-24.bag;0.834065854549408;0.0;0.9619645476341248;0.0;3.6903359844713712;0.8114143797257863;0.18858562027421366
1731802019.110448;/app/bags/user95_2017-02-24.bag;0.834065854549408;0.0;0.9619645476341248;0.0;3.6903359844713712;0.8114143797257863;0.18858562027421366
1731802019.3104343;/app/bags/user95_2017-02-24.bag;0.834065854549408;0.0;0.9619645476341248;0.0;3.6903359844713712;0.8114143797257863;0.18858562027421366
1731802019.51037;/app/bags/user95_2017-02-24.bag;0.834065854549408;0.0;0.9619645476341248;0.0;3.6903359844713712;0.8114143797257863;0.18858562027421366
1731802019.710413;/app/bags/user95_2017-02-24.bag;0.834065854549408;0.0;0.9619645476341248;0.0;3.6903359844713712;0.8114143797257863;0.18858562027421366
1731802019.9105217;/app/bags/user95_2017-02-24.bag;0.834065854549408;0.0;0.9619645476341248;0.0;3.6903359844713712;0.8114143797257863;0.18858562027421366
1731802020.1104245;/app/bags/user95_2017-02-24.bag;0.834065854549408;0.0;0.9619645476341248;0.0;3.6903359844713712;0.8114143797257863;0.18858562027421366
1731802020.310486;/app/bags/user95_2017-02-24.bag;0.834065854549408;0.0;0.9619645476341248;0.0;3.6903359844713712;0.8114143797257863;0.18858562027421366
1731802020.510403;/app/bags/user95_2017-02-24.bag;0.834065854549408;0.0;0.9619645476341248;0.0;3.6903359844713712;0.8114143797257863;0.18858562027421366
1731802020.7103796;/app/bags/user95_2017-02-24.bag;0.834065854549408;0.0;0.9619645476341248;0.0;3.6903359844713712;0.8114143797257863;0.18858562027421366
1731802020.9104648;/app/bags/user95_2017-02-24.bag;0.834065854549408;0.0;0.9619645476341248;0.0;3.6903359844713712;0.8114143797257863;0.18858562027421366
1731802021.1104097;/app/bags/user95_2017-02-24.bag;0.834065854549408;0.0;0.9619645476341248;0.0;3.6903359844713712;0.8114143797257863;0.18858562027421366
1731802021.3104131;/app/bags/user95_2017-02-24.bag;0.834065854549408;0.0;0.9619645476341248;0.0;3.6903359844713712;0.8114143797257863;0.18858562027421366
1731802021.5104473;/app/bags/user95_2017-02-24.bag;0.834065854549408;0.0;0.9619645476341248;0.0;3.6903359844713712;0.8114143797257863;0.18858562027421366
1731802021.7103844;/app/bags/user95_2017-02-24.bag;0.834065854549408;0.0;0.9619645476341248;0.0;3.6903359844713712;0.8114143797257863;0.18858562027421366
1731802021.9103787;/app/bags/user95_2017-02-24.bag;0.834065854549408;0.0;0.9619645476341248;0.0;3.6903359844713712;0.8114143797257863;0.18858562027421366
1731802022.1104195;/app/bags/user95_2017-02-24.bag;0.834065854549408;0.0;0.9619645476341248;0.0;3.6903359844713712;0.8114143797257863;0.18858562027421366
1731802022.310377;/app/bags/user95_2017-02-24.bag;0.834065854549408;0.0;0.9619645476341248;0.0;3.6903359844713712;0.8114143797257863;0.18858562027421366
1731802022.5103939;/app/bags/user95_2017-02-24.bag;0.834065854549408;0.0;0.9619645476341248;0.0;3.6903359844713712;0.8114143797257863;0.18858562027421366
1731802022.7103896;/app/bags/user95_2017-02-24.bag;0.834065854549408;0.0;0.9619645476341248;0.0;3.6903359844713712;0.8114143797257863;0.18858562027421366
1731802022.910263;/app/bags/user95_2017-02-24.bag;0.834065854549408;0.0;0.9619645476341248;0.0;3.6903359844713712;0.8114143797257863;0.18858562027421366
1731802023.1103911;/app/bags/user95_2017-02-24.bag;0.834065854549408;0.0;0.9619645476341248;0.0;3.6903359844713712;0.8114143797257863;0.18858562027421366
1731802023.3103936;/app/bags/user95_2017-02-24.bag;0.834065854549408;0.0;0.9619645476341248;0.0;3.6903359844713712;0.8114143797257863;0.18858562027421366
1731802023.5103815;/app/bags/user95_2017-02-24.bag;0.834065854549408;0.0;0.9619645476341248;0.0;3.6903359844713712;0.8114143797257863;0.18858562027421366
1731802023.710413;/app/bags/user95_2017-02-24.bag;0.834065854549408;0.0;0.9619645476341248;0.0;3.6903359844713712;0.8114143797257863;0.18858562027421366
1731802023.9103763;/app/bags/user95_2017-02-24.bag;0.834065854549408;0.0;0.9619645476341248;0.0;3.6903359844713712;0.8114143797257863;0.18858562027421366
1731802024.1103933;/app/bags/user95_2017-02-24.bag;0.834065854549408;0.0;0.9619645476341248;0.0;3.6903359844713712;0.8114143797257863;0.18858562027421366
1731802024.3104517;/app/bags/user95_2017-02-24.bag;0.834065854549408;0.0;0.9619645476341248;0.0;3.6903359844713712;0.8114143797257863;0.18858562027421366
1731802024.5103905;/app/bags/user95_2017-02-24.bag;0.834065854549408;0.0;0.9619645476341248;0.0;3.6903359844713712;0.8114143797257863;0.18858562027421366
1731802024.7104297;/app/bags/user95_2017-02-24.bag;0.834065854549408;0.0;0.9619645476341248;0.0;3.6903359844713712;0.8114143797257863;0.18858562027421366
1731802024.9103994;/app/bags/user95_2017-02-24.bag;0.834065854549408;0.0;0.9619645476341248;0.0;3.6903359844713712;0.8114143797257863;0.18858562027421366
1731802025.1103945;/app/bags/user95_2017-02-24.bag;0.834065854549408;0.0;0.9619645476341248;0.0;3.6903359844713712;0.8114143797257863;0.18858562027421366
1731802025.3104115;/app/bags/user95_2017-02-24.bag;0.834065854549408;0.0;0.9619645476341248;0.0;3.6903359844713712;0.8114143797257863;0.18858562027421366
1731802025.5104015;/app/bags/user95_2017-02-24.bag;0.834065854549408;0.0;0.9619645476341248;0.0;3.6903359844713712;0.8114143797257863;0.18858562027421366
1731802025.7103598;/app/bags/user95_2017-02-24.bag;0.834065854549408;0.0;0.9619645476341248;0.0;3.6903359844713712;0.8114143797257863;0.18858562027421366
1731802025.9103749;/app/bags/user95_2017-02-24.bag;0.834065854549408;0.0;0.9619645476341248;0.0;3.6903359844713712;0.8114143797257863;0.18858562027421366
1731802026.1103756;/app/bags/user95_2017-02-24.bag;0.834065854549408;0.0;0.9619645476341248;0.0;3.6903359844713712;0.8114143797257863;0.18858562027421366
1731802026.310391;/app/bags/user95_2017-02-24.bag;0.834065854549408;0.0;0.9619645476341248;0.0;3.6903359844713712;0.8114143797257863;0.18858562027421366
1731802026.5103898;/app/bags/user95_2017-02-24.bag;0.834065854549408;0.0;0.9619645476341248;0.0;3.6903359844713712;0.8114143797257863;0.18858562027421366
1731802026.71035;/app/bags/user95_2017-02-24.bag;0.834065854549408;0.0;0.9619645476341248;0.0;3.6903359844713712;0.8114143797257863;0.18858562027421366
1731802026.9104033;/app/bags/user95_2017-02-24.bag;0.834065854549408;0.0;0.9619645476341248;0.0;3.6903359844713712;0.8114143797257863;0.18858562027421366
1731802027.1103842;/app/bags/user95_2017-02-24.bag;0.834065854549408;0.0;0.9619645476341248;0.0;3.6903359844713712;0.8114143797257863;0.18858562027421366
1731802027.3104126;/app/bags/user95_2017-02-24.bag;0.834065854549408;0.0;0.9619645476341248;0.0;3.6903359844713712;0.8114143797257863;0.18858562027421366
1731802027.5103517;/app/bags/user95_2017-02-24.bag;0.834065854549408;0.0;0.9619645476341248;0.0;3.6903359844713712;0.8114143797257863;0.18858562027421366
1731802027.7103875;/app/bags/user95_2017-02-24.bag;0.834065854549408;0.0;0.9619645476341248;0.0;3.6903359844713712;0.8114143797257863;0.18858562027421366
1731802027.9105704;/app/bags/user95_2017-02-24.bag;0.834065854549408;0.0;0.9619645476341248;0.0;3.6903359844713712;0.8114143797257863;0.18858562027421366
1731802028.110368;/app/bags/user95_2017-02-24.bag;0.834065854549408;0.0;0.9619645476341248;0.0;3.6903359844713712;0.8114143797257863;0.18858562027421366
1731802028.310427;/app/bags/user95_2017-02-24.bag;0.834065854549408;0.0;0.9619645476341248;0.0;3.6903359844713712;0.8114143797257863;0.18858562027421366
1731802028.5104043;/app/bags/user95_2017-02-24.bag;0.834065854549408;0.0;0.9619645476341248;0.0;3.6903359844713712;0.8114143797257863;0.18858562027421366
1731802028.7104075;/app/bags/user95_2017-02-24.bag;0.834065854549408;0.0;0.9619645476341248;0.0;3.6903359844713712;0.8114143797257863;0.18858562027421366
1731802028.910379;/app/bags/user95_2017-02-24.bag;0.834065854549408;0.0;0.9619645476341248;0.0;3.6903359844713712;0.8114143797257863;0.18858562027421366
1731802029.110441;/app/bags/user95_2017-02-24.bag;0.834065854549408;0.0;0.9619645476341248;0.0;3.6903359844713712;0.8114143797257863;0.18858562027421366
1731802029.3104017;/app/bags/user95_2017-02-24.bag;0.834065854549408;0.0;0.9619645476341248;0.0;3.6903359844713712;0.8114143797257863;0.18858562027421366
1731802029.510369;/app/bags/user95_2017-02-24.bag;0.834065854549408;0.0;0.9619645476341248;0.0;3.6903359844713712;0.8114143797257863;0.18858562027421366
1731802029.7104352;/app/bags/user95_2017-02-24.bag;0.834065854549408;0.0;0.9619645476341248;0.0;3.6903359844713712;0.8114143797257863;0.18858562027421366
1731802029.9104254;/app/bags/user95_2017-02-24.bag;0.834065854549408;0.0;0.9619645476341248;0.0;3.6903359844713712;0.8114143797257863;0.18858562027421366
1731802030.1104608;/app/bags/user95_2017-02-24.bag;0.834065854549408;0.0;0.9619645476341248;0.0;3.6903359844713712;0.8114143797257863;0.18858562027421366
1731802030.3104289;/app/bags/user95_2017-02-24.bag;0.834065854549408;0.0;0.9619645476341248;0.0;3.6903359844713712;0.8114143797257863;0.18858562027421366
1731802030.5104334;/app/bags/user95_2017-02-24.bag;0.834065854549408;0.0;0.9619645476341248;0.0;3.6903359844713712;0.8114143797257863;0.18858562027421366
1731802030.7104907;/app/bags/user95_2017-02-24.bag;0.834065854549408;0.0;0.9619645476341248;0.0;3.6903359844713712;0.8114143797257863;0.18858562027421366
1731802030.9104903;/app/bags/user95_2017-02-24.bag;0.834065854549408;0.0;0.9619645476341248;0.0;3.6903359844713712;0.8114143797257863;0.18858562027421366
1731802031.1103985;/app/bags/user95_2017-02-24.bag;0.834065854549408;0.0;0.9619645476341248;0.0;3.6903359844713712;0.8114143797257863;0.18858562027421366
1731802031.3103898;/app/bags/user95_2017-02-24.bag;0.834065854549408;0.0;0.9619645476341248;0.0;3.6903359844713712;0.8114143797257863;0.18858562027421366
1731802031.510371;/app/bags/user95_2017-02-24.bag;0.834065854549408;0.0;0.9619645476341248;0.0;3.6903359844713712;0.8114143797257863;0.18858562027421366
1731802031.710407;/app/bags/user95_2017-02-24.bag;0.834065854549408;0.0;0.9619645476341248;0.0;3.6903359844713712;0.8114143797257863;0.18858562027421366
1731802031.9103909;/app/bags/user95_2017-02-24.bag;0.834065854549408;0.0;0.9619645476341248;0.0;3.6903359844713712;0.8114143797257863;0.18858562027421366
1731802032.110393;/app/bags/user95_2017-02-24.bag;0.834065854549408;0.0;0.9619645476341248;0.0;3.6903359844713712;0.8114143797257863;0.18858562027421366
1731802032.310386;/app/bags/user95_2017-02-24.bag;0.834065854549408;0.0;0.9619645476341248;0.0;3.6903359844713712;0.8114143797257863;0.18858562027421366
1731802032.5104618;/app/bags/user95_2017-02-24.bag;0.834065854549408;0.0;0.9619645476341248;0.0;3.6903359844713712;0.8114143797257863;0.18858562027421366
1731802032.7104092;/app/bags/user95_2017-02-24.bag;0.834065854549408;0.0;0.9619645476341248;0.0;3.6903359844713712;0.8114143797257863;0.18858562027421366
1731802032.9103937;/app/bags/user95_2017-02-24.bag;0.834065854549408;0.0;0.9619645476341248;0.0;3.6903359844713712;0.8114143797257863;0.18858562027421366
1731802033.1104443;/app/bags/user95_2017-02-24.bag;0.834065854549408;0.0;0.9619645476341248;0.0;3.6903359844713712;0.8114143797257863;0.18858562027421366
1731802033.3103838;/app/bags/user95_2017-02-24.bag;0.834065854549408;0.0;0.9619645476341248;0.0;3.6903359844713712;0.8114143797257863;0.18858562027421366
1731802033.510387;/app/bags/user95_2017-02-24.bag;0.834065854549408;0.0;0.9619645476341248;0.0;3.6903359844713712;0.8114143797257863;0.18858562027421366
1731802033.7104;/app/bags/user95_2017-02-24.bag;0.834065854549408;0.0;0.9619645476341248;0.0;3.6903359844713712;0.8114143797257863;0.18858562027421366
1731802033.9104075;/app/bags/user95_2017-02-24.bag;0.834065854549408;0.0;0.9619645476341248;0.0;3.6903359844713712;0.8114143797257863;0.18858562027421366
1731802034.1103816;/app/bags/user95_2017-02-24.bag;0.834065854549408;0.0;0.9619645476341248;0.0;3.6903359844713712;0.8114143797257863;0.18858562027421366
1731802034.3103907;/app/bags/user95_2017-02-24.bag;0.834065854549408;0.0;0.9619645476341248;0.0;3.6903359844713712;0.8114143797257863;0.18858562027421366
1731802034.5104055;/app/bags/user95_2017-02-24.bag;0.834065854549408;0.0;0.9619645476341248;0.0;3.6903359844713712;0.8114143797257863;0.18858562027421366
1731802034.7104526;/app/bags/user95_2017-02-24.bag;0.834065854549408;0.0;0.9619645476341248;0.0;3.6903359844713712;0.8114143797257863;0.18858562027421366
1731802034.9103925;/app/bags/user95_2017-02-24.bag;0.834065854549408;0.0;0.9619645476341248;0.0;3.6903359844713712;0.8114143797257863;0.18858562027421366
1731802035.1103945;/app/bags/user95_2017-02-24.bag;0.834065854549408;0.0;0.9619645476341248;0.0;3.6903359844713712;0.8114143797257863;0.18858562027421366
1731802035.310368;/app/bags/user95_2017-02-24.bag;0.834065854549408;0.0;0.9619645476341248;0.0;3.6903359844713712;0.8114143797257863;0.18858562027421366
1731802035.5104532;/app/bags/user95_2017-02-24.bag;0.834065854549408;0.0;0.9619645476341248;0.0;3.6903359844713712;0.8114143797257863;0.18858562027421366
1731802035.7105587;/app/bags/user95_2017-02-24.bag;0.834065854549408;0.0;0.9619645476341248;0.0;3.6903359844713712;0.8114143797257863;0.18858562027421366
1731802035.910436;/app/bags/user95_2017-02-24.bag;0.834065854549408;0.0;0.9619645476341248;0.0;3.6903359844713712;0.8114143797257863;0.18858562027421366
1731802036.1104343;/app/bags/user95_2017-02-24.bag;0.834065854549408;0.0;0.9619645476341248;0.0;3.6903359844713712;0.8114143797257863;0.18858562027421366
1731802036.310349;/app/bags/user95_2017-02-24.bag;0.834065854549408;0.0;0.9619645476341248;0.0;3.6903359844713712;0.8114143797257863;0.18858562027421366
1731802036.5104637;/app/bags/user95_2017-02-24.bag;0.834065854549408;0.0;0.9619645476341248;0.0;3.6903359844713712;0.8114143797257863;0.18858562027421366
1731802036.7104578;/app/bags/user95_2017-02-24.bag;0.834065854549408;0.0;0.9619645476341248;0.0;3.6903359844713712;0.8114143797257863;0.18858562027421366
1731802036.9104095;/app/bags/user95_2017-02-24.bag;0.834065854549408;0.0;0.9619645476341248;0.0;3.6903359844713712;0.8114143797257863;0.18858562027421366
1731802037.1105654;/app/bags/user95_2017-02-24.bag;0.834065854549408;0.0;0.9619645476341248;0.0;3.6903359844713712;0.8114143797257863;0.18858562027421366
1731802037.3103857;/app/bags/user95_2017-02-24.bag;0.834065854549408;0.0;0.9619645476341248;0.0;3.6903359844713712;0.8114143797257863;0.18858562027421366
1731802037.5104144;/app/bags/user95_2017-02-24.bag;0.834065854549408;0.0;0.9619645476341248;0.0;3.6903359844713712;0.8114143797257863;0.18858562027421366
1731802037.710428;/app/bags/user95_2017-02-24.bag;0.834065854549408;0.0;0.9619645476341248;0.0;3.6903359844713712;0.8114143797257863;0.18858562027421366
1731802037.9104118;/app/bags/user95_2017-02-24.bag;0.834065854549408;0.0;0.9619645476341248;0.0;3.6903359844713712;0.8114143797257863;0.18858562027421366
1731802038.1103833;/app/bags/user95_2017-02-24.bag;0.834065854549408;0.0;0.9619645476341248;0.0;3.6903359844713712;0.8114143797257863;0.18858562027421366
1731802038.3104026;/app/bags/user95_2017-02-24.bag;0.834065854549408;0.0;0.9619645476341248;0.0;3.6903359844713712;0.8114143797257863;0.18858562027421366
1731802038.5104005;/app/bags/user95_2017-02-24.bag;0.834065854549408;0.0;0.9619645476341248;0.0;3.6903359844713712;0.8114143797257863;0.18858562027421366
1731802038.7104034;/app/bags/user95_2017-02-24.bag;0.834065854549408;0.0;0.9619645476341248;0.0;3.6903359844713712;0.8114143797257863;0.18858562027421366
1731802038.910391;/app/bags/user95_2017-02-24.bag;0.834065854549408;0.0;0.9619645476341248;0.0;3.6903359844713712;0.8114143797257863;0.18858562027421366
1731802039.1103847;/app/bags/user95_2017-02-24.bag;0.834065854549408;0.0;0.9619645476341248;0.0;3.6903359844713712;0.8114143797257863;0.18858562027421366
1731802039.3103955;/app/bags/user95_2017-02-24.bag;0.834065854549408;0.0;0.9619645476341248;0.0;3.6903359844713712;0.8114143797257863;0.18858562027421366
1731802039.5103781;/app/bags/user95_2017-02-24.bag;0.834065854549408;0.0;0.9619645476341248;0.0;3.6903359844713712;0.8114143797257863;0.18858562027421366
1731802039.7103868;/app/bags/user95_2017-02-24.bag;0.834065854549408;0.0;0.9619645476341248;0.0;3.6903359844713712;0.8114143797257863;0.18858562027421366
1731802039.91037;/app/bags/user95_2017-02-24.bag;0.834065854549408;0.0;0.9619645476341248;0.0;3.6903359844713712;0.8114143797257863;0.18858562027421366
1731802040.1103969;/app/bags/user95_2017-02-24.bag;0.834065854549408;0.0;0.9619645476341248;0.0;3.6903359844713712;0.8114143797257863;0.18858562027421366
1731802040.3104074;/app/bags/user95_2017-02-24.bag;0.834065854549408;0.0;0.9619645476341248;0.0;3.6903359844713712;0.8114143797257863;0.18858562027421366
1731802040.5103812;/app/bags/user95_2017-02-24.bag;0.834065854549408;0.0;0.9619645476341248;0.0;3.6903359844713712;0.8114143797257863;0.18858562027421366
1731802040.710428;/app/bags/user95_2017-02-24.bag;0.834065854549408;0.0;0.9619645476341248;0.0;3.6903359844713712;0.8114143797257863;0.18858562027421366
1731802040.9104147;/app/bags/user95_2017-02-24.bag;0.834065854549408;0.0;0.9619645476341248;0.0;3.6903359844713712;0.8114143797257863;0.18858562027421366
1731802041.1103766;/app/bags/user95_2017-02-24.bag;0.834065854549408;0.0;0.9619645476341248;0.0;3.6903359844713712;0.8114143797257863;0.18858562027421366
1731802041.310378;/app/bags/user95_2017-02-24.bag;0.834065854549408;0.0;0.9619645476341248;0.0;3.6903359844713712;0.8114143797257863;0.18858562027421366
1731802041.5104117;/app/bags/user95_2017-02-24.bag;0.834065854549408;0.0;0.9619645476341248;0.0;3.6903359844713712;0.8114143797257863;0.18858562027421366
1731802041.710418;/app/bags/user95_2017-02-24.bag;0.834065854549408;0.0;0.9619645476341248;0.0;3.6903359844713712;0.8114143797257863;0.18858562027421366
1731802041.910394;/app/bags/user95_2017-02-24.bag;0.834065854549408;0.0;0.9619645476341248;0.0;3.6903359844713712;0.8114143797257863;0.18858562027421366
1731802042.1104832;/app/bags/user95_2017-02-24.bag;0.834065854549408;0.0;0.9619645476341248;0.0;3.6903359844713712;0.8114143797257863;0.18858562027421366
1731802042.3104014;/app/bags/user95_2017-02-24.bag;0.834065854549408;0.0;0.9619645476341248;0.0;3.6903359844713712;0.8114143797257863;0.18858562027421366
1731802042.5104163;/app/bags/user95_2017-02-24.bag;0.834065854549408;0.0;0.9619645476341248;0.0;3.6903359844713712;0.8114143797257863;0.18858562027421366
1731802042.7103543;/app/bags/user95_2017-02-24.bag;0.834065854549408;0.0;0.9619645476341248;0.0;3.6903359844713712;0.8114143797257863;0.18858562027421366
1731802042.9104033;/app/bags/user95_2017-02-24.bag;0.834065854549408;0.0;0.9619645476341248;0.0;3.6903359844713712;0.8114143797257863;0.18858562027421366
1731802043.1104357;/app/bags/user95_2017-02-24.bag;0.834065854549408;0.0;0.9619645476341248;0.0;3.6903359844713712;0.8114143797257863;0.18858562027421366
1731802043.3104155;/app/bags/user95_2017-02-24.bag;0.834065854549408;0.0;0.9619645476341248;0.0;3.6903359844713712;0.8114143797257863;0.18858562027421366
1731802043.5104878;/app/bags/user95_2017-02-24.bag;0.834065854549408;0.0;0.9619645476341248;0.0;3.6903359844713712;0.8114143797257863;0.18858562027421366
1731802043.7104006;/app/bags/user95_2017-02-24.bag;0.834065854549408;0.0;0.9619645476341248;0.0;3.6903359844713712;0.8114143797257863;0.18858562027421366
1731802043.9103525;/app/bags/user95_2017-02-24.bag;0.834065854549408;0.0;0.9619645476341248;0.0;3.6903359844713712;0.8114143797257863;0.18858562027421366
1731802044.110421;/app/bags/user95_2017-02-24.bag;0.834065854549408;0.0;0.9619645476341248;0.0;3.6903359844713712;0.8114143797257863;0.18858562027421366
1731802044.3106365;/app/bags/user95_2017-02-24.bag;0.834065854549408;0.0;0.9619645476341248;0.0;3.6903359844713712;0.8114143797257863;0.18858562027421366
1731802044.5103903;/app/bags/user95_2017-02-24.bag;0.834065854549408;0.0;0.9619645476341248;0.0;3.6903359844713712;0.8114143797257863;0.18858562027421366
1731802044.7104082;/app/bags/user95_2017-02-24.bag;0.834065854549408;0.0;0.9619645476341248;0.0;3.6903359844713712;0.8114143797257863;0.18858562027421366
1731802044.9103436;/app/bags/user95_2017-02-24.bag;0.834065854549408;0.0;0.9619645476341248;0.0;3.6903359844713712;0.8114143797257863;0.18858562027421366
1731802045.1103923;/app/bags/user95_2017-02-24.bag;0.834065854549408;0.0;0.9619645476341248;0.0;3.6903359844713712;0.8114143797257863;0.18858562027421366
1731802045.310372;/app/bags/user95_2017-02-24.bag;0.834065854549408;0.0;0.9619645476341248;0.0;3.6903359844713712;0.8114143797257863;0.18858562027421366
1731802045.5103662;/app/bags/user95_2017-02-24.bag;0.834065854549408;0.0;0.9619645476341248;0.0;3.6903359844713712;0.8114143797257863;0.18858562027421366
1731802045.710436;/app/bags/user95_2017-02-24.bag;0.834065854549408;0.0;0.9619645476341248;0.0;3.6903359844713712;0.8114143797257863;0.18858562027421366
1731802045.9104824;/app/bags/user95_2017-02-24.bag;0.834065854549408;0.0;0.9619645476341248;0.0;3.6903359844713712;0.8114143797257863;0.18858562027421366
1731802046.1103864;/app/bags/user95_2017-02-24.bag;0.834065854549408;0.0;0.9619645476341248;0.0;3.6903359844713712;0.8114143797257863;0.18858562027421366
1731802046.3105004;/app/bags/user95_2017-02-24.bag;0.834065854549408;0.0;0.9619645476341248;0.0;3.6903359844713712;0.8114143797257863;0.18858562027421366
1731802046.5103688;/app/bags/user95_2017-02-24.bag;0.834065854549408;0.0;0.9619645476341248;0.0;3.6903359844713712;0.8114143797257863;0.18858562027421366
1731802046.710346;/app/bags/user95_2017-02-24.bag;0.834065854549408;0.0;0.9619645476341248;0.0;3.6903359844713712;0.8114143797257863;0.18858562027421366
1731802046.910392;/app/bags/user95_2017-02-24.bag;0.834065854549408;0.0;0.9619645476341248;0.0;3.6903359844713712;0.8114143797257863;0.18858562027421366
1731802047.1103988;/app/bags/user95_2017-02-24.bag;0.834065854549408;0.0;0.9619645476341248;0.0;3.6903359844713712;0.8114143797257863;0.18858562027421366
1731802047.3103585;/app/bags/user95_2017-02-24.bag;0.834065854549408;0.0;0.9619645476341248;0.0;3.6903359844713712;0.8114143797257863;0.18858562027421366
1731802047.510395;/app/bags/user95_2017-02-24.bag;0.834065854549408;0.0;0.9619645476341248;0.0;3.6903359844713712;0.8114143797257863;0.18858562027421366
1731802047.710369;/app/bags/user95_2017-02-24.bag;0.834065854549408;0.0;0.9619645476341248;0.0;3.6903359844713712;0.8114143797257863;0.18858562027421366
1731802047.9103842;/app/bags/user95_2017-02-24.bag;0.834065854549408;0.0;0.9619645476341248;0.0;3.6903359844713712;0.8114143797257863;0.18858562027421366
1731802048.1103656;/app/bags/user95_2017-02-24.bag;0.834065854549408;0.0;0.9619645476341248;0.0;3.6903359844713712;0.8114143797257863;0.18858562027421366
1731802048.3104727;/app/bags/user95_2017-02-24.bag;0.834065854549408;0.0;0.9619645476341248;0.0;3.6903359844713712;0.8114143797257863;0.18858562027421366
1731802048.5104103;/app/bags/user95_2017-02-24.bag;0.834065854549408;0.0;0.9619645476341248;0.0;3.6903359844713712;0.8114143797257863;0.18858562027421366
1731802048.7104251;/app/bags/user95_2017-02-24.bag;0.834065854549408;0.0;0.9619645476341248;0.0;3.6903359844713712;0.8114143797257863;0.18858562027421366
1731802048.910417;/app/bags/user95_2017-02-24.bag;0.834065854549408;0.0;0.9619645476341248;0.0;3.6903359844713712;0.8114143797257863;0.18858562027421366
1731802049.110382;/app/bags/user95_2017-02-24.bag;0.834065854549408;0.0;0.9619645476341248;0.0;3.6903359844713712;0.8114143797257863;0.18858562027421366
1731802049.3103762;/app/bags/user95_2017-02-24.bag;0.834065854549408;0.0;0.9619645476341248;0.0;3.6903359844713712;0.8114143797257863;0.18858562027421366
1731802049.5103695;/app/bags/user95_2017-02-24.bag;0.834065854549408;0.0;0.9619645476341248;0.0;3.6903359844713712;0.8114143797257863;0.18858562027421366
1731802049.710478;/app/bags/user95_2017-02-24.bag;0.834065854549408;0.0;0.9619645476341248;0.0;3.6903359844713712;0.8114143797257863;0.18858562027421366
1731802049.9104378;/app/bags/user95_2017-02-24.bag;0.834065854549408;0.0;0.9619645476341248;0.0;3.6903359844713712;0.8114143797257863;0.18858562027421366
1731802050.1104264;/app/bags/user95_2017-02-24.bag;0.834065854549408;0.0;0.9619645476341248;0.0;3.6903359844713712;0.8114143797257863;0.18858562027421366
1731802050.3103817;/app/bags/user95_2017-02-24.bag;0.834065854549408;0.0;0.9619645476341248;0.0;3.6903359844713712;0.8114143797257863;0.18858562027421366
1731802050.5103815;/app/bags/user95_2017-02-24.bag;0.834065854549408;0.0;0.9619645476341248;0.0;3.6903359844713712;0.8114143797257863;0.18858562027421366
1731802050.7103722;/app/bags/user95_2017-02-24.bag;0.834065854549408;0.0;0.9619645476341248;0.0;3.6903359844713712;0.8114143797257863;0.18858562027421366
1731802050.9104047;/app/bags/user95_2017-02-24.bag;0.834065854549408;0.0;0.9619645476341248;0.0;3.6903359844713712;0.8114143797257863;0.18858562027421366
1731802051.1103945;/app/bags/user95_2017-02-24.bag;0.834065854549408;0.0;0.9619645476341248;0.0;3.6903359844713712;0.8114143797257863;0.18858562027421366
1731802051.3105454;/app/bags/user95_2017-02-24.bag;0.834065854549408;0.0;0.9619645476341248;0.0;3.6903359844713712;0.8114143797257863;0.18858562027421366
1731802051.5103986;/app/bags/user95_2017-02-24.bag;0.834065854549408;0.0;0.9619645476341248;0.0;3.6903359844713712;0.8114143797257863;0.18858562027421366
1731802051.7104523;/app/bags/user95_2017-02-24.bag;0.834065854549408;0.0;0.9619645476341248;0.0;3.6903359844713712;0.8114143797257863;0.18858562027421366
1731802051.910452;/app/bags/user95_2017-02-24.bag;0.834065854549408;0.0;0.9619645476341248;0.0;3.6903359844713712;0.8114143797257863;0.18858562027421366
1731802052.1105154;/app/bags/user95_2017-02-24.bag;0.834065854549408;0.0;0.9619645476341248;0.0;3.6903359844713712;0.8114143797257863;0.18858562027421366
1731802052.3104045;/app/bags/user95_2017-02-24.bag;0.834065854549408;0.0;0.9619645476341248;0.0;3.6903359844713712;0.8114143797257863;0.18858562027421366
1731802052.510398;/app/bags/user95_2017-02-24.bag;0.834065854549408;0.0;0.9619645476341248;0.0;3.6903359844713712;0.8114143797257863;0.18858562027421366
1731802052.7104259;/app/bags/user95_2017-02-24.bag;0.834065854549408;0.0;0.9619645476341248;0.0;3.6903359844713712;0.8114143797257863;0.18858562027421366
1731802052.910413;/app/bags/user95_2017-02-24.bag;0.834065854549408;0.0;0.9619645476341248;0.0;3.6903359844713712;0.8114143797257863;0.18858562027421366
1731802053.1103823;/app/bags/user95_2017-02-24.bag;0.834065854549408;0.0;0.9619645476341248;0.0;3.6903359844713712;0.8114143797257863;0.18858562027421366
1731802053.310412;/app/bags/user95_2017-02-24.bag;0.834065854549408;0.0;0.9619645476341248;0.0;3.6903359844713712;0.8114143797257863;0.18858562027421366
1731802053.5103498;/app/bags/user95_2017-02-24.bag;0.834065854549408;0.0;0.9619645476341248;0.0;3.6903359844713712;0.8114143797257863;0.18858562027421366
1731802053.7102318;/app/bags/user95_2017-02-24.bag;0.834065854549408;0.0;0.9619645476341248;0.0;3.6903359844713712;0.8114143797257863;0.18858562027421366
1731802053.9105623;/app/bags/user95_2017-02-24.bag;0.834065854549408;0.0;0.9619645476341248;0.0;3.6903359844713712;0.8114143797257863;0.18858562027421366
1731802054.1104128;/app/bags/user95_2017-02-24.bag;0.834065854549408;0.0;0.9619645476341248;0.0;3.6903359844713712;0.8114143797257863;0.18858562027421366
1731802054.310424;/app/bags/user95_2017-02-24.bag;0.834065854549408;0.0;0.9619645476341248;0.0;3.6903359844713712;0.8114143797257863;0.18858562027421366
1731802054.5103726;/app/bags/user95_2017-02-24.bag;0.834065854549408;0.0;0.9619645476341248;0.0;3.6903359844713712;0.8114143797257863;0.18858562027421366
1731802054.710402;/app/bags/user95_2017-02-24.bag;0.834065854549408;0.0;0.9619645476341248;0.0;3.6903359844713712;0.8114143797257863;0.18858562027421366
1731802054.9103525;/app/bags/user95_2017-02-24.bag;0.834065854549408;0.0;0.9619645476341248;0.0;3.6903359844713712;0.8114143797257863;0.18858562027421366
1731802055.1104014;/app/bags/user95_2017-02-24.bag;0.834065854549408;0.0;0.9619645476341248;0.0;3.6903359844713712;0.8114143797257863;0.18858562027421366
1731802055.310372;/app/bags/user95_2017-02-24.bag;0.834065854549408;0.0;0.9619645476341248;0.0;3.6903359844713712;0.8114143797257863;0.18858562027421366
1731802055.5103948;/app/bags/user95_2017-02-24.bag;0.834065854549408;0.0;0.9619645476341248;0.0;3.6903359844713712;0.8114143797257863;0.18858562027421366
1731802055.7104006;/app/bags/user95_2017-02-24.bag;0.834065854549408;0.0;0.9619645476341248;0.0;3.6903359844713712;0.8114143797257863;0.18858562027421366
1731802055.9104662;/app/bags/user95_2017-02-24.bag;0.834065854549408;0.0;0.9619645476341248;0.0;3.6903359844713712;0.8114143797257863;0.18858562027421366
1731802056.1105177;/app/bags/user95_2017-02-24.bag;0.834065854549408;0.0;0.9619645476341248;0.0;3.6903359844713712;0.8114143797257863;0.18858562027421366
1731802056.3103986;/app/bags/user95_2017-02-24.bag;0.834065854549408;0.0;0.9619645476341248;0.0;3.6903359844713712;0.8114143797257863;0.18858562027421366
1731802056.510358;/app/bags/user95_2017-02-24.bag;0.834065854549408;0.0;0.9619645476341248;0.0;3.6903359844713712;0.8114143797257863;0.18858562027421366
1731802056.7104461;/app/bags/user95_2017-02-24.bag;0.834065854549408;0.0;0.9619645476341248;0.0;3.6903359844713712;0.8114143797257863;0.18858562027421366
1731802056.9104102;/app/bags/user95_2017-02-24.bag;0.834065854549408;0.0;0.9619645476341248;0.0;3.6903359844713712;0.8114143797257863;0.18858562027421366
1731802057.1104105;/app/bags/user95_2017-02-24.bag;0.834065854549408;0.0;0.9619645476341248;0.0;3.6903359844713712;0.8114143797257863;0.18858562027421366
1731802057.310517;/app/bags/user95_2017-02-24.bag;0.834065854549408;0.0;0.9619645476341248;0.0;3.6903359844713712;0.8114143797257863;0.18858562027421366
1731802057.5103874;/app/bags/user95_2017-02-24.bag;0.834065854549408;0.0;0.9619645476341248;0.0;3.6903359844713712;0.8114143797257863;0.18858562027421366
1731802057.7104394;/app/bags/user95_2017-02-24.bag;0.834065854549408;0.0;0.9619645476341248;0.0;3.6903359844713712;0.8114143797257863;0.18858562027421366
1731802057.9104204;/app/bags/user95_2017-02-24.bag;0.834065854549408;0.0;0.9619645476341248;0.0;3.6903359844713712;0.8114143797257863;0.18858562027421366
1731802058.1104598;/app/bags/user95_2017-02-24.bag;0.834065854549408;0.0;0.9619645476341248;0.0;3.6903359844713712;0.8114143797257863;0.18858562027421366
1731802058.3104327;/app/bags/user95_2017-02-24.bag;0.834065854549408;0.0;0.9619645476341248;0.0;3.6903359844713712;0.8114143797257863;0.18858562027421366
1731802058.510473;/app/bags/user95_2017-02-24.bag;0.834065854549408;0.0;0.9619645476341248;0.0;3.6903359844713712;0.8114143797257863;0.18858562027421366
1731802058.71042;/app/bags/user95_2017-02-24.bag;0.834065854549408;0.0;0.9619645476341248;0.0;3.6903359844713712;0.8114143797257863;0.18858562027421366
1731802058.9103966;/app/bags/user95_2017-02-24.bag;0.834065854549408;0.0;0.9619645476341248;0.0;3.6903359844713712;0.8114143797257863;0.18858562027421366
1731802059.1103802;/app/bags/user95_2017-02-24.bag;0.834065854549408;0.0;0.9619645476341248;0.0;3.6903359844713712;0.8114143797257863;0.18858562027421366
1731802059.310418;/app/bags/user95_2017-02-24.bag;0.834065854549408;0.0;0.9619645476341248;0.0;3.6903359844713712;0.8114143797257863;0.18858562027421366
1731802059.510378;/app/bags/user95_2017-02-24.bag;0.834065854549408;0.0;0.9619645476341248;0.0;3.6903359844713712;0.8114143797257863;0.18858562027421366
1731802059.7104464;/app/bags/user95_2017-02-24.bag;0.834065854549408;0.0;0.9619645476341248;0.0;3.6903359844713712;0.8114143797257863;0.18858562027421366
1731802059.9105194;/app/bags/user95_2017-02-24.bag;0.834065854549408;0.0;0.9619645476341248;0.0;3.6903359844713712;0.8114143797257863;0.18858562027421366
1731802060.1104403;/app/bags/user95_2017-02-24.bag;0.834065854549408;0.0;0.9619645476341248;0.0;3.6903359844713712;0.8114143797257863;0.18858562027421366
1731802060.310383;/app/bags/user95_2017-02-24.bag;0.834065854549408;0.0;0.9619645476341248;0.0;3.6903359844713712;0.8114143797257863;0.18858562027421366
1731802060.5103493;/app/bags/user95_2017-02-24.bag;0.834065854549408;0.0;0.9619645476341248;0.0;3.6903359844713712;0.8114143797257863;0.18858562027421366
1731802060.7103906;/app/bags/user95_2017-02-24.bag;0.834065854549408;0.0;0.9619645476341248;0.0;3.6903359844713712;0.8114143797257863;0.18858562027421366
1731802060.9103713;/app/bags/user95_2017-02-24.bag;0.834065854549408;0.0;0.9619645476341248;0.0;3.6903359844713712;0.8114143797257863;0.18858562027421366
1731802061.1103818;/app/bags/user95_2017-02-24.bag;0.834065854549408;0.0;0.9619645476341248;0.0;3.6903359844713712;0.8114143797257863;0.18858562027421366
1731802061.3103547;/app/bags/user95_2017-02-24.bag;0.834065854549408;0.0;0.9619645476341248;0.0;3.6903359844713712;0.8114143797257863;0.18858562027421366
1731802061.5103755;/app/bags/user95_2017-02-24.bag;0.834065854549408;0.0;0.9619645476341248;0.0;3.6903359844713712;0.8114143797257863;0.18858562027421366
1731802061.710442;/app/bags/user95_2017-02-24.bag;0.834065854549408;0.0;0.9619645476341248;0.0;3.6903359844713712;0.8114143797257863;0.18858562027421366
1731802061.910391;/app/bags/user95_2017-02-24.bag;0.834065854549408;0.0;0.9619645476341248;0.0;3.6903359844713712;0.8114143797257863;0.18858562027421366
1731802062.1103818;/app/bags/user95_2017-02-24.bag;0.834065854549408;0.0;0.9619645476341248;0.0;3.6903359844713712;0.8114143797257863;0.18858562027421366
1731802062.3103652;/app/bags/user95_2017-02-24.bag;0.834065854549408;0.0;0.9619645476341248;0.0;3.6903359844713712;0.8114143797257863;0.18858562027421366
1731802062.5103946;/app/bags/user95_2017-02-24.bag;0.834065854549408;0.0;0.9619645476341248;0.0;3.6903359844713712;0.8114143797257863;0.18858562027421366
1731802062.7103915;/app/bags/user95_2017-02-24.bag;0.834065854549408;0.0;0.9619645476341248;0.0;3.6903359844713712;0.8114143797257863;0.18858562027421366
1731802062.9103572;/app/bags/user95_2017-02-24.bag;0.834065854549408;0.0;0.9619645476341248;0.0;3.6903359844713712;0.8114143797257863;0.18858562027421366
1731802063.1104195;/app/bags/user95_2017-02-24.bag;0.834065854549408;0.0;0.9619645476341248;0.0;3.6903359844713712;0.8114143797257863;0.18858562027421366
1731802063.3105807;/app/bags/user95_2017-02-24.bag;0.834065854549408;0.0;0.9619645476341248;0.0;3.6903359844713712;0.8114143797257863;0.18858562027421366
1731802063.510351;/app/bags/user95_2017-02-24.bag;0.834065854549408;0.0;0.9619645476341248;0.0;3.6903359844713712;0.8114143797257863;0.18858562027421366
1731802063.7103732;/app/bags/user95_2017-02-24.bag;0.834065854549408;0.0;0.9619645476341248;0.0;3.6903359844713712;0.8114143797257863;0.18858562027421366
1731802063.9103649;/app/bags/user95_2017-02-24.bag;0.834065854549408;0.0;0.9619645476341248;0.0;3.6903359844713712;0.8114143797257863;0.18858562027421366
1731802064.1103897;/app/bags/user95_2017-02-24.bag;0.834065854549408;0.0;0.9619645476341248;0.0;3.6903359844713712;0.8114143797257863;0.18858562027421366
1731802064.3103642;/app/bags/user95_2017-02-24.bag;0.834065854549408;0.0;0.9619645476341248;0.0;3.6903359844713712;0.8114143797257863;0.18858562027421366
1731802064.510394;/app/bags/user95_2017-02-24.bag;0.834065854549408;0.0;0.9619645476341248;0.0;3.6903359844713712;0.8114143797257863;0.18858562027421366
1731802064.710514;/app/bags/user95_2017-02-24.bag;0.834065854549408;0.0;0.9619645476341248;0.0;3.6903359844713712;0.8114143797257863;0.18858562027421366
1731802064.91043;/app/bags/user95_2017-02-24.bag;0.834065854549408;0.0;0.9619645476341248;0.0;3.6903359844713712;0.8114143797257863;0.18858562027421366
1731802065.1104128;/app/bags/user95_2017-02-24.bag;0.834065854549408;0.0;0.9619645476341248;0.0;3.6903359844713712;0.8114143797257863;0.18858562027421366
1731802065.310427;/app/bags/user95_2017-02-24.bag;0.834065854549408;0.0;0.9619645476341248;0.0;3.6903359844713712;0.8114143797257863;0.18858562027421366
1731802065.510356;/app/bags/user95_2017-02-24.bag;0.834065854549408;0.0;0.9619645476341248;0.0;3.6903359844713712;0.8114143797257863;0.18858562027421366
1731802065.7103748;/app/bags/user95_2017-02-24.bag;0.834065854549408;0.0;0.9619645476341248;0.0;3.6903359844713712;0.8114143797257863;0.18858562027421366
1731802065.9104066;/app/bags/user95_2017-02-24.bag;0.834065854549408;0.0;0.9619645476341248;0.0;3.6903359844713712;0.8114143797257863;0.18858562027421366
1731802066.1104743;/app/bags/user95_2017-02-24.bag;0.834065854549408;0.0;0.9619645476341248;0.0;3.6903359844713712;0.8114143797257863;0.18858562027421366
1731802066.3105347;/app/bags/user95_2017-02-24.bag;0.834065854549408;0.0;0.9619645476341248;0.0;3.6903359844713712;0.8114143797257863;0.18858562027421366
1731802066.510408;/app/bags/user95_2017-02-24.bag;0.834065854549408;0.0;0.9619645476341248;0.0;3.6903359844713712;0.8114143797257863;0.18858562027421366
1731802066.7104096;/app/bags/user95_2017-02-24.bag;0.834065854549408;0.0;0.9619645476341248;0.0;3.6903359844713712;0.8114143797257863;0.18858562027421366
1731802066.9103932;/app/bags/user95_2017-02-24.bag;0.834065854549408;0.0;0.9619645476341248;0.0;3.6903359844713712;0.8114143797257863;0.18858562027421366
1731802067.1103868;/app/bags/user95_2017-02-24.bag;0.834065854549408;0.0;0.9619645476341248;0.0;3.6903359844713712;0.8114143797257863;0.18858562027421366
1731802067.3103628;/app/bags/user95_2017-02-24.bag;0.834065854549408;0.0;0.9619645476341248;0.0;3.6903359844713712;0.8114143797257863;0.18858562027421366
1731802067.510348;/app/bags/user95_2017-02-24.bag;0.834065854549408;0.0;0.9619645476341248;0.0;3.6903359844713712;0.8114143797257863;0.18858562027421366
1731802067.710452;/app/bags/user95_2017-02-24.bag;0.834065854549408;0.0;0.9619645476341248;0.0;3.6903359844713712;0.8114143797257863;0.18858562027421366
1731802067.9103937;/app/bags/user95_2017-02-24.bag;0.834065854549408;0.0;0.9619645476341248;0.0;3.6903359844713712;0.8114143797257863;0.18858562027421366
1731802068.1103845;/app/bags/user95_2017-02-24.bag;0.834065854549408;0.0;0.9619645476341248;0.0;3.6903359844713712;0.8114143797257863;0.18858562027421366
1731802068.3104494;/app/bags/user95_2017-02-24.bag;0.834065854549408;0.0;0.9619645476341248;0.0;3.6903359844713712;0.8114143797257863;0.18858562027421366
1731802068.510394;/app/bags/user95_2017-02-24.bag;0.834065854549408;0.0;0.9619645476341248;0.0;3.6903359844713712;0.8114143797257863;0.18858562027421366
1731802068.7103746;/app/bags/user95_2017-02-24.bag;0.834065854549408;0.0;0.9619645476341248;0.0;3.6903359844713712;0.8114143797257863;0.18858562027421366
1731802068.9103837;/app/bags/user95_2017-02-24.bag;0.834065854549408;0.0;0.9619645476341248;0.0;3.6903359844713712;0.8114143797257863;0.18858562027421366
1731802069.1103568;/app/bags/user95_2017-02-24.bag;0.834065854549408;0.0;0.9619645476341248;0.0;3.6903359844713712;0.8114143797257863;0.18858562027421366
1731802069.3103542;/app/bags/user95_2017-02-24.bag;0.834065854549408;0.0;0.9619645476341248;0.0;3.6903359844713712;0.8114143797257863;0.18858562027421366
1731802069.5104277;/app/bags/user95_2017-02-24.bag;0.834065854549408;0.0;0.9619645476341248;0.0;3.6903359844713712;0.8114143797257863;0.18858562027421366
1731802069.7104218;/app/bags/user95_2017-02-24.bag;0.834065854549408;0.0;0.9619645476341248;0.0;3.6903359844713712;0.8114143797257863;0.18858562027421366
1731802069.9103494;/app/bags/user95_2017-02-24.bag;0.834065854549408;0.0;0.9619645476341248;0.0;3.6903359844713712;0.8114143797257863;0.18858562027421366
1731802070.1104069;/app/bags/user95_2017-02-24.bag;0.834065854549408;0.0;0.9619645476341248;0.0;3.6903359844713712;0.8114143797257863;0.18858562027421366
1731802070.3103812;/app/bags/user95_2017-02-24.bag;0.834065854549408;0.0;0.9619645476341248;0.0;3.6903359844713712;0.8114143797257863;0.18858562027421366
1731802070.5104134;/app/bags/user95_2017-02-24.bag;0.834065854549408;0.0;0.9619645476341248;0.0;3.6903359844713712;0.8114143797257863;0.18858562027421366
1731802070.7104218;/app/bags/user95_2017-02-24.bag;0.834065854549408;0.0;0.9619645476341248;0.0;3.6903359844713712;0.8114143797257863;0.18858562027421366
1731802070.9104621;/app/bags/user95_2017-02-24.bag;0.834065854549408;0.0;0.9619645476341248;0.0;3.6903359844713712;0.8114143797257863;0.18858562027421366
1731802071.1104062;/app/bags/user95_2017-02-24.bag;0.834065854549408;0.0;0.9619645476341248;0.0;3.6903359844713712;0.8114143797257863;0.18858562027421366
1731802071.3105044;/app/bags/user95_2017-02-24.bag;0.834065854549408;0.0;0.9619645476341248;0.0;3.6903359844713712;0.8114143797257863;0.18858562027421366
1731802071.5103931;/app/bags/user95_2017-02-24.bag;0.834065854549408;0.0;0.9619645476341248;0.0;3.6903359844713712;0.8114143797257863;0.18858562027421366
1731802071.7104013;/app/bags/user95_2017-02-24.bag;0.834065854549408;0.0;0.9619645476341248;0.0;3.6903359844713712;0.8114143797257863;0.18858562027421366
1731802071.910516;/app/bags/user95_2017-02-24.bag;0.834065854549408;0.0;0.9619645476341248;0.0;3.6903359844713712;0.8114143797257863;0.18858562027421366
1731802072.110405;/app/bags/user95_2017-02-24.bag;0.834065854549408;0.0;0.9619645476341248;0.0;3.6903359844713712;0.8114143797257863;0.18858562027421366
1731802072.3103926;/app/bags/user95_2017-02-24.bag;0.834065854549408;0.0;0.9619645476341248;0.0;3.6903359844713712;0.8114143797257863;0.18858562027421366
1731802072.5104809;/app/bags/user95_2017-02-24.bag;0.834065854549408;0.0;0.9619645476341248;0.0;3.6903359844713712;0.8114143797257863;0.18858562027421366
1731802072.710413;/app/bags/user95_2017-02-24.bag;0.834065854549408;0.0;0.9619645476341248;0.0;3.6903359844713712;0.8114143797257863;0.18858562027421366
1731802072.9104152;/app/bags/user95_2017-02-24.bag;0.834065854549408;0.0;0.9619645476341248;0.0;3.6903359844713712;0.8114143797257863;0.18858562027421366
1731802073.1104677;/app/bags/user95_2017-02-24.bag;0.834065854549408;0.0;0.9619645476341248;0.0;3.6903359844713712;0.8114143797257863;0.18858562027421366
1731802073.310455;/app/bags/user95_2017-02-24.bag;0.834065854549408;0.0;0.9619645476341248;0.0;3.6903359844713712;0.8114143797257863;0.18858562027421366
1731802073.5103989;/app/bags/user95_2017-02-24.bag;0.834065854549408;0.0;0.9619645476341248;0.0;3.6903359844713712;0.8114143797257863;0.18858562027421366
1731802073.7104442;/app/bags/user95_2017-02-24.bag;0.834065854549408;0.0;0.9619645476341248;0.0;3.6903359844713712;0.8114143797257863;0.18858562027421366
1731802073.9103792;/app/bags/user95_2017-02-24.bag;0.834065854549408;0.0;0.9619645476341248;0.0;3.6903359844713712;0.8114143797257863;0.18858562027421366
1731802074.1103952;/app/bags/user95_2017-02-24.bag;0.834065854549408;0.0;0.9619645476341248;0.0;3.6903359844713712;0.8114143797257863;0.18858562027421366
1731802074.310375;/app/bags/user95_2017-02-24.bag;0.834065854549408;0.0;0.9619645476341248;0.0;3.6903359844713712;0.8114143797257863;0.18858562027421366
1731802074.5104182;/app/bags/user95_2017-02-24.bag;0.834065854549408;0.0;0.9619645476341248;0.0;3.6903359844713712;0.8114143797257863;0.18858562027421366
1731802074.7103682;/app/bags/user95_2017-02-24.bag;0.834065854549408;0.0;0.9619645476341248;0.0;3.6903359844713712;0.8114143797257863;0.18858562027421366
1731802074.9104779;/app/bags/user95_2017-02-24.bag;0.834065854549408;0.0;0.9619645476341248;0.0;3.6903359844713712;0.8114143797257863;0.18858562027421366
1731802075.110453;/app/bags/user95_2017-02-24.bag;0.834065854549408;0.0;0.9619645476341248;0.0;3.6903359844713712;0.8114143797257863;0.18858562027421366
1731802075.310386;/app/bags/user95_2017-02-24.bag;0.834065854549408;0.0;0.9619645476341248;0.0;3.6903359844713712;0.8114143797257863;0.18858562027421366
1731802075.5103738;/app/bags/user95_2017-02-24.bag;0.834065854549408;0.0;0.9619645476341248;0.0;3.6903359844713712;0.8114143797257863;0.18858562027421366
1731802075.7104652;/app/bags/user95_2017-02-24.bag;0.834065854549408;0.0;0.9619645476341248;0.0;3.6903359844713712;0.8114143797257863;0.18858562027421366
1731802075.9103868;/app/bags/user95_2017-02-24.bag;0.834065854549408;0.0;0.9619645476341248;0.0;3.6903359844713712;0.8114143797257863;0.18858562027421366
1731802076.110404;/app/bags/user95_2017-02-24.bag;0.834065854549408;0.0;0.9619645476341248;0.0;3.6903359844713712;0.8114143797257863;0.18858562027421366
1731802076.310392;/app/bags/user95_2017-02-24.bag;0.834065854549408;0.0;0.9619645476341248;0.0;3.6903359844713712;0.8114143797257863;0.18858562027421366
1731802076.5104308;/app/bags/user95_2017-02-24.bag;0.834065854549408;0.0;0.9619645476341248;0.0;3.6903359844713712;0.8114143797257863;0.18858562027421366
1731802076.7104185;/app/bags/user95_2017-02-24.bag;0.834065854549408;0.0;0.9619645476341248;0.0;3.6903359844713712;0.8114143797257863;0.18858562027421366
1731802076.9104068;/app/bags/user95_2017-02-24.bag;0.834065854549408;0.0;0.9619645476341248;0.0;3.6903359844713712;0.8114143797257863;0.18858562027421366
1731802077.1103706;/app/bags/user95_2017-02-24.bag;0.834065854549408;0.0;0.9619645476341248;0.0;3.6903359844713712;0.8114143797257863;0.18858562027421366
1731802077.310431;/app/bags/user95_2017-02-24.bag;0.834065854549408;0.0;0.9619645476341248;0.0;3.6903359844713712;0.8114143797257863;0.18858562027421366
1731802077.5104086;/app/bags/user95_2017-02-24.bag;0.834065854549408;0.0;0.9619645476341248;0.0;3.6903359844713712;0.8114143797257863;0.18858562027421366
1731802077.7103922;/app/bags/user95_2017-02-24.bag;0.834065854549408;0.0;0.9619645476341248;0.0;3.6903359844713712;0.8114143797257863;0.18858562027421366
1731802077.91039;/app/bags/user95_2017-02-24.bag;0.834065854549408;0.0;0.9619645476341248;0.0;3.6903359844713712;0.8114143797257863;0.18858562027421366
1731802078.1104333;/app/bags/user95_2017-02-24.bag;0.834065854549408;0.0;0.9619645476341248;0.0;3.6903359844713712;0.8114143797257863;0.18858562027421366
1731802078.310423;/app/bags/user95_2017-02-24.bag;0.834065854549408;0.0;0.9619645476341248;0.0;3.6903359844713712;0.8114143797257863;0.18858562027421366
1731802078.5103765;/app/bags/user95_2017-02-24.bag;0.834065854549408;0.0;0.9619645476341248;0.0;3.6903359844713712;0.8114143797257863;0.18858562027421366
1731802078.7103658;/app/bags/user95_2017-02-24.bag;0.834065854549408;0.0;0.9619645476341248;0.0;3.6903359844713712;0.8114143797257863;0.18858562027421366
1731802078.9105768;/app/bags/user95_2017-02-24.bag;0.834065854549408;0.0;0.9619645476341248;0.0;3.6903359844713712;0.8114143797257863;0.18858562027421366
1731802079.1104295;/app/bags/user95_2017-02-24.bag;0.834065854549408;0.0;0.9619645476341248;0.0;3.6903359844713712;0.8114143797257863;0.18858562027421366
1731802079.3104582;/app/bags/user95_2017-02-24.bag;0.834065854549408;0.0;0.9619645476341248;0.0;3.6903359844713712;0.8114143797257863;0.18858562027421366
1731802079.510376;/app/bags/user95_2017-02-24.bag;0.834065854549408;0.0;0.9619645476341248;0.0;3.6903359844713712;0.8114143797257863;0.18858562027421366
1731802079.7104013;/app/bags/user95_2017-02-24.bag;0.834065854549408;0.0;0.9619645476341248;0.0;3.6903359844713712;0.8114143797257863;0.18858562027421366
1731802079.9104676;/app/bags/user95_2017-02-24.bag;0.834065854549408;0.0;0.9619645476341248;0.0;3.6903359844713712;0.8114143797257863;0.18858562027421366
1731802080.1104121;/app/bags/user95_2017-02-24.bag;0.834065854549408;0.0;0.9619645476341248;0.0;3.6903359844713712;0.8114143797257863;0.18858562027421366
1731802080.3103964;/app/bags/user95_2017-02-24.bag;0.834065854549408;0.0;0.9619645476341248;0.0;3.6903359844713712;0.8114143797257863;0.18858562027421366
1731802080.5103755;/app/bags/user95_2017-02-24.bag;0.834065854549408;0.0;0.9619645476341248;0.0;3.6903359844713712;0.8114143797257863;0.18858562027421366
1731802080.710399;/app/bags/user95_2017-02-24.bag;0.834065854549408;0.0;0.9619645476341248;0.0;3.6903359844713712;0.8114143797257863;0.18858562027421366
1731802080.9104085;/app/bags/user95_2017-02-24.bag;0.834065854549408;0.0;0.9619645476341248;0.0;3.6903359844713712;0.8114143797257863;0.18858562027421366
1731802081.1104136;/app/bags/user95_2017-02-24.bag;0.834065854549408;0.0;0.9619645476341248;0.0;3.6903359844713712;0.8114143797257863;0.18858562027421366
1731802081.3103828;/app/bags/user95_2017-02-24.bag;0.834065854549408;0.0;0.9619645476341248;0.0;3.6903359844713712;0.8114143797257863;0.18858562027421366
1731802081.5103543;/app/bags/user95_2017-02-24.bag;0.834065854549408;0.0;0.9619645476341248;0.0;3.6903359844713712;0.8114143797257863;0.18858562027421366
1731802081.7104475;/app/bags/user95_2017-02-24.bag;0.834065854549408;0.0;0.9619645476341248;0.0;3.6903359844713712;0.8114143797257863;0.18858562027421366
1731802081.9103665;/app/bags/user95_2017-02-24.bag;0.834065854549408;0.0;0.9619645476341248;0.0;3.6903359844713712;0.8114143797257863;0.18858562027421366
1731802082.1103506;/app/bags/user95_2017-02-24.bag;0.834065854549408;0.0;0.9619645476341248;0.0;3.6903359844713712;0.8114143797257863;0.18858562027421366
1731802082.310493;/app/bags/user95_2017-02-24.bag;0.834065854549408;0.0;0.9619645476341248;0.0;3.6903359844713712;0.8114143797257863;0.18858562027421366
1731802082.51042;/app/bags/user95_2017-02-24.bag;0.834065854549408;0.0;0.9619645476341248;0.0;3.6903359844713712;0.8114143797257863;0.18858562027421366
1731802082.710467;/app/bags/user95_2017-02-24.bag;0.834065854549408;0.0;0.9619645476341248;0.0;3.6903359844713712;0.8114143797257863;0.18858562027421366
1731802082.9103973;/app/bags/user95_2017-02-24.bag;0.834065854549408;0.0;0.9619645476341248;0.0;3.6903359844713712;0.8114143797257863;0.18858562027421366
1731802083.1103709;/app/bags/user95_2017-02-24.bag;0.834065854549408;0.0;0.9619645476341248;0.0;3.6903359844713712;0.8114143797257863;0.18858562027421366
1731802083.3105114;/app/bags/user95_2017-02-24.bag;0.834065854549408;0.0;0.9619645476341248;0.0;3.6903359844713712;0.8114143797257863;0.18858562027421366
1731802083.510372;/app/bags/user95_2017-02-24.bag;0.834065854549408;0.0;0.9619645476341248;0.0;3.6903359844713712;0.8114143797257863;0.18858562027421366
1731802083.7103515;/app/bags/user95_2017-02-24.bag;0.834065854549408;0.0;0.9619645476341248;0.0;3.6903359844713712;0.8114143797257863;0.18858562027421366
1731802083.9103847;/app/bags/user95_2017-02-24.bag;0.834065854549408;0.0;0.9619645476341248;0.0;3.6903359844713712;0.8114143797257863;0.18858562027421366
1731802084.1104014;/app/bags/user95_2017-02-24.bag;0.834065854549408;0.0;0.9619645476341248;0.0;3.6903359844713712;0.8114143797257863;0.18858562027421366
1731802084.310363;/app/bags/user95_2017-02-24.bag;0.834065854549408;0.0;0.9619645476341248;0.0;3.6903359844713712;0.8114143797257863;0.18858562027421366
1731802084.5103927;/app/bags/user95_2017-02-24.bag;0.834065854549408;0.0;0.9619645476341248;0.0;3.6903359844713712;0.8114143797257863;0.18858562027421366
1731802084.7103896;/app/bags/user95_2017-02-24.bag;0.834065854549408;0.0;0.9619645476341248;0.0;3.6903359844713712;0.8114143797257863;0.18858562027421366
1731802084.9103699;/app/bags/user95_2017-02-24.bag;0.834065854549408;0.0;0.9619645476341248;0.0;3.6903359844713712;0.8114143797257863;0.18858562027421366
1731802085.110389;/app/bags/user95_2017-02-24.bag;0.834065854549408;0.0;0.9619645476341248;0.0;3.6903359844713712;0.8114143797257863;0.18858562027421366
1731802085.3103704;/app/bags/user95_2017-02-24.bag;0.834065854549408;0.0;0.9619645476341248;0.0;3.6903359844713712;0.8114143797257863;0.18858562027421366
1731802085.510395;/app/bags/user95_2017-02-24.bag;0.834065854549408;0.0;0.9619645476341248;0.0;3.6903359844713712;0.8114143797257863;0.18858562027421366
1731802085.7103841;/app/bags/user95_2017-02-24.bag;0.834065854549408;0.0;0.9619645476341248;0.0;3.6903359844713712;0.8114143797257863;0.18858562027421366
1731802085.910417;/app/bags/user95_2017-02-24.bag;0.834065854549408;0.0;0.9619645476341248;0.0;3.6903359844713712;0.8114143797257863;0.18858562027421366
1731802086.110384;/app/bags/user95_2017-02-24.bag;0.834065854549408;0.0;0.9619645476341248;0.0;3.6903359844713712;0.8114143797257863;0.18858562027421366
1731802086.3105347;/app/bags/user95_2017-02-24.bag;0.834065854549408;0.0;0.9619645476341248;0.0;3.6903359844713712;0.8114143797257863;0.18858562027421366
1731802086.5103664;/app/bags/user95_2017-02-24.bag;0.834065854549408;0.0;0.9619645476341248;0.0;3.6903359844713712;0.8114143797257863;0.18858562027421366
1731802086.7103617;/app/bags/user95_2017-02-24.bag;0.834065854549408;0.0;0.9619645476341248;0.0;3.6903359844713712;0.8114143797257863;0.18858562027421366
1731802086.910513;/app/bags/user95_2017-02-24.bag;0.834065854549408;0.0;0.9619645476341248;0.0;3.6903359844713712;0.8114143797257863;0.18858562027421366
1731802087.1103876;/app/bags/user95_2017-02-24.bag;0.834065854549408;0.0;0.9619645476341248;0.0;3.6903359844713712;0.8114143797257863;0.18858562027421366
1731802087.3103757;/app/bags/user95_2017-02-24.bag;0.834065854549408;0.0;0.9619645476341248;0.0;3.6903359844713712;0.8114143797257863;0.18858562027421366
1731802087.5104694;/app/bags/user95_2017-02-24.bag;0.834065854549408;0.0;0.9619645476341248;0.0;3.6903359844713712;0.8114143797257863;0.18858562027421366
1731802087.7104034;/app/bags/user95_2017-02-24.bag;0.834065854549408;0.0;0.9619645476341248;0.0;3.6903359844713712;0.8114143797257863;0.18858562027421366
1731802087.9103975;/app/bags/user95_2017-02-24.bag;0.834065854549408;0.0;0.9619645476341248;0.0;3.6903359844713712;0.8114143797257863;0.18858562027421366
1731802088.1103811;/app/bags/user95_2017-02-24.bag;0.834065854549408;0.0;0.9619645476341248;0.0;3.6903359844713712;0.8114143797257863;0.18858562027421366
1731802088.310361;/app/bags/user95_2017-02-24.bag;0.834065854549408;0.0;0.9619645476341248;0.0;3.6903359844713712;0.8114143797257863;0.18858562027421366
1731802088.510455;/app/bags/user95_2017-02-24.bag;0.834065854549408;0.0;0.9619645476341248;0.0;3.6903359844713712;0.8114143797257863;0.18858562027421366
1731802088.7103896;/app/bags/user95_2017-02-24.bag;0.834065854549408;0.0;0.9619645476341248;0.0;3.6903359844713712;0.8114143797257863;0.18858562027421366
1731802088.9103713;/app/bags/user95_2017-02-24.bag;0.834065854549408;0.0;0.9619645476341248;0.0;3.6903359844713712;0.8114143797257863;0.18858562027421366
1731802089.110404;/app/bags/user95_2017-02-24.bag;0.834065854549408;0.0;0.9619645476341248;0.0;3.6903359844713712;0.8114143797257863;0.18858562027421366
1731802089.3104842;/app/bags/user95_2017-02-24.bag;0.834065854549408;0.0;0.9619645476341248;0.0;3.6903359844713712;0.8114143797257863;0.18858562027421366
1731802089.5103724;/app/bags/user95_2017-02-24.bag;0.834065854549408;0.0;0.9619645476341248;0.0;3.6903359844713712;0.8114143797257863;0.18858562027421366
1731802089.710405;/app/bags/user95_2017-02-24.bag;0.834065854549408;0.0;0.9619645476341248;0.0;3.6903359844713712;0.8114143797257863;0.18858562027421366
1731802089.910423;/app/bags/user95_2017-02-24.bag;0.834065854549408;0.0;0.9619645476341248;0.0;3.6903359844713712;0.8114143797257863;0.18858562027421366
1731802090.1105554;/app/bags/user95_2017-02-24.bag;0.834065854549408;0.0;0.9619645476341248;0.0;3.6903359844713712;0.8114143797257863;0.18858562027421366
1731802090.3104444;/app/bags/user95_2017-02-24.bag;0.834065854549408;0.0;0.9619645476341248;0.0;3.6903359844713712;0.8114143797257863;0.18858562027421366
1731802090.5104682;/app/bags/user95_2017-02-24.bag;0.834065854549408;0.0;0.9619645476341248;0.0;3.6903359844713712;0.8114143797257863;0.18858562027421366
1731802090.7103567;/app/bags/user95_2017-02-24.bag;0.834065854549408;0.0;0.9619645476341248;0.0;3.6903359844713712;0.8114143797257863;0.18858562027421366
1731802090.9103634;/app/bags/user95_2017-02-24.bag;0.834065854549408;0.0;0.9619645476341248;0.0;3.6903359844713712;0.8114143797257863;0.18858562027421366
1731802091.11039;/app/bags/user95_2017-02-24.bag;0.834065854549408;0.0;0.9619645476341248;0.0;3.6903359844713712;0.8114143797257863;0.18858562027421366
1731802091.310378;/app/bags/user95_2017-02-24.bag;0.834065854549408;0.0;0.9619645476341248;0.0;3.6903359844713712;0.8114143797257863;0.18858562027421366
1731802091.5103757;/app/bags/user95_2017-02-24.bag;0.834065854549408;0.0;0.9619645476341248;0.0;3.6903359844713712;0.8114143797257863;0.18858562027421366
1731802091.7103732;/app/bags/user95_2017-02-24.bag;0.834065854549408;0.0;0.9619645476341248;0.0;3.6903359844713712;0.8114143797257863;0.18858562027421366
1731802091.9103966;/app/bags/user95_2017-02-24.bag;0.834065854549408;0.0;0.9619645476341248;0.0;3.6903359844713712;0.8114143797257863;0.18858562027421366
1731802092.1104074;/app/bags/user95_2017-02-24.bag;0.834065854549408;0.0;0.9619645476341248;0.0;3.6903359844713712;0.8114143797257863;0.18858562027421366
1731802092.310435;/app/bags/user95_2017-02-24.bag;0.834065854549408;0.0;0.9619645476341248;0.0;3.6903359844713712;0.8114143797257863;0.18858562027421366
1731802092.5104277;/app/bags/user95_2017-02-24.bag;0.834065854549408;0.0;0.9619645476341248;0.0;3.6903359844713712;0.8114143797257863;0.18858562027421366
1731802092.710401;/app/bags/user95_2017-02-24.bag;0.834065854549408;0.0;0.9619645476341248;0.0;3.6903359844713712;0.8114143797257863;0.18858562027421366
1731802092.9103827;/app/bags/user95_2017-02-24.bag;0.834065854549408;0.0;0.9619645476341248;0.0;3.6903359844713712;0.8114143797257863;0.18858562027421366
1731802093.1104;/app/bags/user95_2017-02-24.bag;0.834065854549408;0.0;0.9619645476341248;0.0;3.6903359844713712;0.8114143797257863;0.18858562027421366
1731802093.3104596;/app/bags/user95_2017-02-24.bag;0.834065854549408;0.0;0.9619645476341248;0.0;3.6903359844713712;0.8114143797257863;0.18858562027421366
1731802093.5104136;/app/bags/user95_2017-02-24.bag;0.834065854549408;0.0;0.9619645476341248;0.0;3.6903359844713712;0.8114143797257863;0.18858562027421366
1731802093.7104354;/app/bags/user95_2017-02-24.bag;0.834065854549408;0.0;0.9619645476341248;0.0;3.6903359844713712;0.8114143797257863;0.18858562027421366
1731802093.9103625;/app/bags/user95_2017-02-24.bag;0.834065854549408;0.0;0.9619645476341248;0.0;3.6903359844713712;0.8114143797257863;0.18858562027421366
1731802094.1104333;/app/bags/user95_2017-02-24.bag;0.834065854549408;0.0;0.9619645476341248;0.0;3.6903359844713712;0.8114143797257863;0.18858562027421366
1731802094.31042;/app/bags/user95_2017-02-24.bag;0.834065854549408;0.0;0.9619645476341248;0.0;3.6903359844713712;0.8114143797257863;0.18858562027421366
1731802094.5104024;/app/bags/user95_2017-02-24.bag;0.834065854549408;0.0;0.9619645476341248;0.0;3.6903359844713712;0.8114143797257863;0.18858562027421366
1731802094.71036;/app/bags/user95_2017-02-24.bag;0.834065854549408;0.0;0.9619645476341248;0.0;3.6903359844713712;0.8114143797257863;0.18858562027421366
1731802094.9104185;/app/bags/user95_2017-02-24.bag;0.834065854549408;0.0;0.9619645476341248;0.0;3.6903359844713712;0.8114143797257863;0.18858562027421366
1731802095.1104078;/app/bags/user95_2017-02-24.bag;0.834065854549408;0.0;0.9619645476341248;0.0;3.6903359844713712;0.8114143797257863;0.18858562027421366
1731802095.3103716;/app/bags/user95_2017-02-24.bag;0.834065854549408;0.0;0.9619645476341248;0.0;3.6903359844713712;0.8114143797257863;0.18858562027421366
1731802095.5103462;/app/bags/user95_2017-02-24.bag;0.834065854549408;0.0;0.9619645476341248;0.0;3.6903359844713712;0.8114143797257863;0.18858562027421366
1731802095.710451;/app/bags/user95_2017-02-24.bag;0.834065854549408;0.0;0.9619645476341248;0.0;3.6903359844713712;0.8114143797257863;0.18858562027421366
1731802095.9105072;/app/bags/user95_2017-02-24.bag;0.834065854549408;0.0;0.9619645476341248;0.0;3.6903359844713712;0.8114143797257863;0.18858562027421366
1731802096.1104035;/app/bags/user95_2017-02-24.bag;0.834065854549408;0.0;0.9619645476341248;0.0;3.6903359844713712;0.8114143797257863;0.18858562027421366
1731802096.310486;/app/bags/user95_2017-02-24.bag;0.834065854549408;0.0;0.9619645476341248;0.0;3.6903359844713712;0.8114143797257863;0.18858562027421366
1731802096.5104055;/app/bags/user95_2017-02-24.bag;0.834065854549408;0.0;0.9619645476341248;0.0;3.6903359844713712;0.8114143797257863;0.18858562027421366
1731802096.710405;/app/bags/user95_2017-02-24.bag;0.834065854549408;0.0;0.9619645476341248;0.0;3.6903359844713712;0.8114143797257863;0.18858562027421366
1731802096.9104035;/app/bags/user95_2017-02-24.bag;0.834065854549408;0.0;0.9619645476341248;0.0;3.6903359844713712;0.8114143797257863;0.18858562027421366
1731802097.1103783;/app/bags/user95_2017-02-24.bag;0.834065854549408;0.0;0.9619645476341248;0.0;3.6903359844713712;0.8114143797257863;0.18858562027421366
1731802097.3104033;/app/bags/user95_2017-02-24.bag;0.834065854549408;0.0;0.9619645476341248;0.0;3.6903359844713712;0.8114143797257863;0.18858562027421366
1731802097.5104506;/app/bags/user95_2017-02-24.bag;0.834065854549408;0.0;0.9619645476341248;0.0;3.6903359844713712;0.8114143797257863;0.18858562027421366
1731802097.7104516;/app/bags/user95_2017-02-24.bag;0.834065854549408;0.0;0.9619645476341248;0.0;3.6903359844713712;0.8114143797257863;0.18858562027421366
1731802097.9104192;/app/bags/user95_2017-02-24.bag;0.834065854549408;0.0;0.9619645476341248;0.0;3.6903359844713712;0.8114143797257863;0.18858562027421366
1731802098.1104;/app/bags/user95_2017-02-24.bag;0.834065854549408;0.0;0.9619645476341248;0.0;3.6903359844713712;0.8114143797257863;0.18858562027421366
1731802098.3104384;/app/bags/user95_2017-02-24.bag;0.834065854549408;0.0;0.9619645476341248;0.0;3.6903359844713712;0.8114143797257863;0.18858562027421366
1731802098.5104196;/app/bags/user95_2017-02-24.bag;0.834065854549408;0.0;0.9619645476341248;0.0;3.6903359844713712;0.8114143797257863;0.18858562027421366
1731802098.7103817;/app/bags/user95_2017-02-24.bag;0.834065854549408;0.0;0.9619645476341248;0.0;3.6903359844713712;0.8114143797257863;0.18858562027421366
1731802098.910387;/app/bags/user95_2017-02-24.bag;0.834065854549408;0.0;0.9619645476341248;0.0;3.6903359844713712;0.8114143797257863;0.18858562027421366
1731802099.1103683;/app/bags/user95_2017-02-24.bag;0.834065854549408;0.0;0.9619645476341248;0.0;3.6903359844713712;0.8114143797257863;0.18858562027421366
1731802099.3104463;/app/bags/user95_2017-02-24.bag;0.834065854549408;0.0;0.9619645476341248;0.0;3.6903359844713712;0.8114143797257863;0.18858562027421366
1731802099.5104358;/app/bags/user95_2017-02-24.bag;0.834065854549408;0.0;0.9619645476341248;0.0;3.6903359844713712;0.8114143797257863;0.18858562027421366
1731802099.7103832;/app/bags/user95_2017-02-24.bag;0.834065854549408;0.0;0.9619645476341248;0.0;3.6903359844713712;0.8114143797257863;0.18858562027421366
1731802099.9103897;/app/bags/user95_2017-02-24.bag;0.834065854549408;0.0;0.9619645476341248;0.0;3.6903359844713712;0.8114143797257863;0.18858562027421366
1731802100.1104305;/app/bags/user95_2017-02-24.bag;0.834065854549408;0.0;0.9619645476341248;0.0;3.6903359844713712;0.8114143797257863;0.18858562027421366
1731802100.310399;/app/bags/user95_2017-02-24.bag;0.834065854549408;0.0;0.9619645476341248;0.0;3.6903359844713712;0.8114143797257863;0.18858562027421366
1731802100.5103939;/app/bags/user95_2017-02-24.bag;0.834065854549408;0.0;0.9619645476341248;0.0;3.6903359844713712;0.8114143797257863;0.18858562027421366
1731802100.7104306;/app/bags/user95_2017-02-24.bag;0.834065854549408;0.0;0.9619645476341248;0.0;3.6903359844713712;0.8114143797257863;0.18858562027421366
1731802100.9104211;/app/bags/user95_2017-02-24.bag;0.834065854549408;0.0;0.9619645476341248;0.0;3.6903359844713712;0.8114143797257863;0.18858562027421366
1731802101.1103776;/app/bags/user95_2017-02-24.bag;0.834065854549408;0.0;0.9619645476341248;0.0;3.6903359844713712;0.8114143797257863;0.18858562027421366
1731802101.3103383;/app/bags/user95_2017-02-24.bag;0.834065854549408;0.0;0.9619645476341248;0.0;3.6903359844713712;0.8114143797257863;0.18858562027421366
1731802101.510346;/app/bags/user95_2017-02-24.bag;0.834065854549408;0.0;0.9619645476341248;0.0;3.6903359844713712;0.8114143797257863;0.18858562027421366
1731802101.7104375;/app/bags/user95_2017-02-24.bag;0.834065854549408;0.0;0.9619645476341248;0.0;3.6903359844713712;0.8114143797257863;0.18858562027421366
1731802101.910566;/app/bags/user95_2017-02-24.bag;0.834065854549408;0.0;0.9619645476341248;0.0;3.6903359844713712;0.8114143797257863;0.18858562027421366
1731802102.110383;/app/bags/user95_2017-02-24.bag;0.834065854549408;0.0;0.9619645476341248;0.0;3.6903359844713712;0.8114143797257863;0.18858562027421366
1731802102.3103824;/app/bags/user95_2017-02-24.bag;0.834065854549408;0.0;0.9619645476341248;0.0;3.6903359844713712;0.8114143797257863;0.18858562027421366
1731802102.5103612;/app/bags/user95_2017-02-24.bag;0.834065854549408;0.0;0.9619645476341248;0.0;3.6903359844713712;0.8114143797257863;0.18858562027421366
1731802102.710395;/app/bags/user95_2017-02-24.bag;0.834065854549408;0.0;0.9619645476341248;0.0;3.6903359844713712;0.8114143797257863;0.18858562027421366
1731802102.910423;/app/bags/user95_2017-02-24.bag;0.834065854549408;0.0;0.9619645476341248;0.0;3.6903359844713712;0.8114143797257863;0.18858562027421366
1731802103.110426;/app/bags/user95_2017-02-24.bag;0.834065854549408;0.0;0.9619645476341248;0.0;3.6903359844713712;0.8114143797257863;0.18858562027421366
1731802103.3103747;/app/bags/user95_2017-02-24.bag;0.834065854549408;0.0;0.9619645476341248;0.0;3.6903359844713712;0.8114143797257863;0.18858562027421366
1731802103.510419;/app/bags/user95_2017-02-24.bag;0.834065854549408;0.0;0.9619645476341248;0.0;3.6903359844713712;0.8114143797257863;0.18858562027421366
1731802103.710409;/app/bags/user95_2017-02-24.bag;0.834065854549408;0.0;0.9619645476341248;0.0;3.6903359844713712;0.8114143797257863;0.18858562027421366
1731802103.910384;/app/bags/user95_2017-02-24.bag;0.834065854549408;0.0;0.9619645476341248;0.0;3.6903359844713712;0.8114143797257863;0.18858562027421366
1731802104.1103876;/app/bags/user95_2017-02-24.bag;0.834065854549408;0.0;0.9619645476341248;0.0;3.6903359844713712;0.8114143797257863;0.18858562027421366
1731802104.3104808;/app/bags/user95_2017-02-24.bag;0.834065854549408;0.0;0.9619645476341248;0.0;3.6903359844713712;0.8114143797257863;0.18858562027421366
1731802104.5103683;/app/bags/user95_2017-02-24.bag;0.834065854549408;0.0;0.9619645476341248;0.0;3.6903359844713712;0.8114143797257863;0.18858562027421366
1731802104.7104313;/app/bags/user95_2017-02-24.bag;0.834065854549408;0.0;0.9619645476341248;0.0;3.6903359844713712;0.8114143797257863;0.18858562027421366
1731802104.9104362;/app/bags/user95_2017-02-24.bag;0.834065854549408;0.0;0.9619645476341248;0.0;3.6903359844713712;0.8114143797257863;0.18858562027421366
1731802105.1103725;/app/bags/user95_2017-02-24.bag;0.834065854549408;0.0;0.9619645476341248;0.0;3.6903359844713712;0.8114143797257863;0.18858562027421366
1731802105.310392;/app/bags/user95_2017-02-24.bag;0.834065854549408;0.0;0.9619645476341248;0.0;3.6903359844713712;0.8114143797257863;0.18858562027421366
1731802105.5104175;/app/bags/user95_2017-02-24.bag;0.834065854549408;0.0;0.9619645476341248;0.0;3.6903359844713712;0.8114143797257863;0.18858562027421366
1731802105.710406;/app/bags/user95_2017-02-24.bag;0.834065854549408;0.0;0.9619645476341248;0.0;3.6903359844713712;0.8114143797257863;0.18858562027421366
1731802105.9104137;/app/bags/user95_2017-02-24.bag;0.834065854549408;0.0;0.9619645476341248;0.0;3.6903359844713712;0.8114143797257863;0.18858562027421366
1731802106.110397;/app/bags/user95_2017-02-24.bag;0.834065854549408;0.0;0.9619645476341248;0.0;3.6903359844713712;0.8114143797257863;0.18858562027421366
1731802106.310456;/app/bags/user95_2017-02-24.bag;0.834065854549408;0.0;0.9619645476341248;0.0;3.6903359844713712;0.8114143797257863;0.18858562027421366
1731802106.5105217;/app/bags/user95_2017-02-24.bag;0.834065854549408;0.0;0.9619645476341248;0.0;3.6903359844713712;0.8114143797257863;0.18858562027421366
1731802106.7104287;/app/bags/user95_2017-02-24.bag;0.834065854549408;0.0;0.9619645476341248;0.0;3.6903359844713712;0.8114143797257863;0.18858562027421366
1731802106.9104657;/app/bags/user95_2017-02-24.bag;0.834065854549408;0.0;0.9619645476341248;0.0;3.6903359844713712;0.8114143797257863;0.18858562027421366
1731802107.1104631;/app/bags/user95_2017-02-24.bag;0.834065854549408;0.0;0.9619645476341248;0.0;3.6903359844713712;0.8114143797257863;0.18858562027421366
1731802107.3104036;/app/bags/user95_2017-02-24.bag;0.834065854549408;0.0;0.9619645476341248;0.0;3.6903359844713712;0.8114143797257863;0.18858562027421366
1731802107.5103936;/app/bags/user95_2017-02-24.bag;0.834065854549408;0.0;0.9619645476341248;0.0;3.6903359844713712;0.8114143797257863;0.18858562027421366
1731802107.7104177;/app/bags/user95_2017-02-24.bag;0.834065854549408;0.0;0.9619645476341248;0.0;3.6903359844713712;0.8114143797257863;0.18858562027421366
1731802107.9103897;/app/bags/user95_2017-02-24.bag;0.834065854549408;0.0;0.9619645476341248;0.0;3.6903359844713712;0.8114143797257863;0.18858562027421366
1731802108.110198;/app/bags/user95_2017-02-24.bag;0.834065854549408;0.0;0.9619645476341248;0.0;3.6903359844713712;0.8114143797257863;0.18858562027421366
1731802108.3106322;/app/bags/user95_2017-02-24.bag;0.834065854549408;0.0;0.9619645476341248;0.0;3.6903359844713712;0.8114143797257863;0.18858562027421366
1731802108.5103953;/app/bags/user95_2017-02-24.bag;0.834065854549408;0.0;0.9619645476341248;0.0;3.6903359844713712;0.8114143797257863;0.18858562027421366
1731802108.7104714;/app/bags/user95_2017-02-24.bag;0.834065854549408;0.0;0.9619645476341248;0.0;3.6903359844713712;0.8114143797257863;0.18858562027421366
1731802108.910325;/app/bags/user95_2017-02-24.bag;0.834065854549408;0.0;0.9619645476341248;0.0;3.6903359844713712;0.8114143797257863;0.18858562027421366
1731802109.110393;/app/bags/user95_2017-02-24.bag;0.834065854549408;0.0;0.9619645476341248;0.0;3.6903359844713712;0.8114143797257863;0.18858562027421366
1731802109.3104167;/app/bags/user95_2017-02-24.bag;0.834065854549408;0.0;0.9619645476341248;0.0;3.6903359844713712;0.8114143797257863;0.18858562027421366
1731802109.5104089;/app/bags/user95_2017-02-24.bag;0.834065854549408;0.0;0.9619645476341248;0.0;3.6903359844713712;0.8114143797257863;0.18858562027421366
1731802109.7104027;/app/bags/user95_2017-02-24.bag;0.834065854549408;0.0;0.9619645476341248;0.0;3.6903359844713712;0.8114143797257863;0.18858562027421366
1731802109.9104023;/app/bags/user95_2017-02-24.bag;0.834065854549408;0.0;0.9619645476341248;0.0;3.6903359844713712;0.8114143797257863;0.18858562027421366
1731802110.1104343;/app/bags/user95_2017-02-24.bag;0.834065854549408;0.0;0.9619645476341248;0.0;3.6903359844713712;0.8114143797257863;0.18858562027421366
1731802110.31043;/app/bags/user95_2017-02-24.bag;0.834065854549408;0.0;0.9619645476341248;0.0;3.6903359844713712;0.8114143797257863;0.18858562027421366
1731802110.510381;/app/bags/user95_2017-02-24.bag;0.834065854549408;0.0;0.9619645476341248;0.0;3.6903359844713712;0.8114143797257863;0.18858562027421366
1731802110.7104447;/app/bags/user95_2017-02-24.bag;0.834065854549408;0.0;0.9619645476341248;0.0;3.6903359844713712;0.8114143797257863;0.18858562027421366
1731802110.9104197;/app/bags/user95_2017-02-24.bag;0.834065854549408;0.0;0.9619645476341248;0.0;3.6903359844713712;0.8114143797257863;0.18858562027421366
1731802111.110361;/app/bags/user95_2017-02-24.bag;0.834065854549408;0.0;0.9619645476341248;0.0;3.6903359844713712;0.8114143797257863;0.18858562027421366
1731802111.3104577;/app/bags/user95_2017-02-24.bag;0.834065854549408;0.0;0.9619645476341248;0.0;3.6903359844713712;0.8114143797257863;0.18858562027421366
1731802111.5103655;/app/bags/user95_2017-02-24.bag;0.834065854549408;0.0;0.9619645476341248;0.0;3.6903359844713712;0.8114143797257863;0.18858562027421366
1731802111.7103791;/app/bags/user95_2017-02-24.bag;0.834065854549408;0.0;0.9619645476341248;0.0;3.6903359844713712;0.8114143797257863;0.18858562027421366
1731802111.9104319;/app/bags/user95_2017-02-24.bag;0.834065854549408;0.0;0.9619645476341248;0.0;3.6903359844713712;0.8114143797257863;0.18858562027421366
1731802112.1104627;/app/bags/user95_2017-02-24.bag;0.834065854549408;0.0;0.9619645476341248;0.0;3.6903359844713712;0.8114143797257863;0.18858562027421366
1731802112.310363;/app/bags/user95_2017-02-24.bag;0.834065854549408;0.0;0.9619645476341248;0.0;3.6903359844713712;0.8114143797257863;0.18858562027421366
1731802112.5104272;/app/bags/user95_2017-02-24.bag;0.834065854549408;0.0;0.9619645476341248;0.0;3.6903359844713712;0.8114143797257863;0.18858562027421366
1731802112.710477;/app/bags/user95_2017-02-24.bag;0.834065854549408;0.0;0.9619645476341248;0.0;3.6903359844713712;0.8114143797257863;0.18858562027421366
1731802112.9104102;/app/bags/user95_2017-02-24.bag;0.834065854549408;0.0;0.9619645476341248;0.0;3.6903359844713712;0.8114143797257863;0.18858562027421366
1731802113.1103947;/app/bags/user95_2017-02-24.bag;0.834065854549408;0.0;0.9619645476341248;0.0;3.6903359844713712;0.8114143797257863;0.18858562027421366
1731802113.3103857;/app/bags/user95_2017-02-24.bag;0.834065854549408;0.0;0.9619645476341248;0.0;3.6903359844713712;0.8114143797257863;0.18858562027421366
1731802113.5103598;/app/bags/user95_2017-02-24.bag;0.834065854549408;0.0;0.9619645476341248;0.0;3.6903359844713712;0.8114143797257863;0.18858562027421366
1731802113.7104619;/app/bags/user95_2017-02-24.bag;0.834065854549408;0.0;0.9619645476341248;0.0;3.6903359844713712;0.8114143797257863;0.18858562027421366
1731802113.9103856;/app/bags/user95_2017-02-24.bag;0.834065854549408;0.0;0.9619645476341248;0.0;3.6903359844713712;0.8114143797257863;0.18858562027421366
1731802114.1104057;/app/bags/user95_2017-02-24.bag;0.834065854549408;0.0;0.9619645476341248;0.0;3.6903359844713712;0.8114143797257863;0.18858562027421366
1731802114.3104553;/app/bags/user95_2017-02-24.bag;0.834065854549408;0.0;0.9619645476341248;0.0;3.6903359844713712;0.8114143797257863;0.18858562027421366
1731802114.5104356;/app/bags/user95_2017-02-24.bag;0.834065854549408;0.0;0.9619645476341248;0.0;3.6903359844713712;0.8114143797257863;0.18858562027421366
1731802114.710416;/app/bags/user95_2017-02-24.bag;0.834065854549408;0.0;0.9619645476341248;0.0;3.6903359844713712;0.8114143797257863;0.18858562027421366
1731802114.9104378;/app/bags/user95_2017-02-24.bag;0.834065854549408;0.0;0.9619645476341248;0.0;3.6903359844713712;0.8114143797257863;0.18858562027421366
1731802115.1103842;/app/bags/user95_2017-02-24.bag;0.834065854549408;0.0;0.9619645476341248;0.0;3.6903359844713712;0.8114143797257863;0.18858562027421366
1731802115.3103838;/app/bags/user95_2017-02-24.bag;0.834065854549408;0.0;0.9619645476341248;0.0;3.6903359844713712;0.8114143797257863;0.18858562027421366
1731802115.5103714;/app/bags/user95_2017-02-24.bag;0.834065854549408;0.0;0.9619645476341248;0.0;3.6903359844713712;0.8114143797257863;0.18858562027421366
1731802115.7104232;/app/bags/user95_2017-02-24.bag;0.834065854549408;0.0;0.9619645476341248;0.0;3.6903359844713712;0.8114143797257863;0.18858562027421366
1731802115.9104218;/app/bags/user95_2017-02-24.bag;0.834065854549408;0.0;0.9619645476341248;0.0;3.6903359844713712;0.8114143797257863;0.18858562027421366
1731802116.1104758;/app/bags/user95_2017-02-24.bag;0.834065854549408;0.0;0.9619645476341248;0.0;3.6903359844713712;0.8114143797257863;0.18858562027421366
1731802116.310409;/app/bags/user95_2017-02-24.bag;0.834065854549408;0.0;0.9619645476341248;0.0;3.6903359844713712;0.8114143797257863;0.18858562027421366
1731802116.5104256;/app/bags/user95_2017-02-24.bag;0.834065854549408;0.0;0.9619645476341248;0.0;3.6903359844713712;0.8114143797257863;0.18858562027421366
1731802116.7104042;/app/bags/user95_2017-02-24.bag;0.834065854549408;0.0;0.9619645476341248;0.0;3.6903359844713712;0.8114143797257863;0.18858562027421366
1731802116.9103653;/app/bags/user95_2017-02-24.bag;0.834065854549408;0.0;0.9619645476341248;0.0;3.6903359844713712;0.8114143797257863;0.18858562027421366
1731802117.1104298;/app/bags/user95_2017-02-24.bag;0.834065854549408;0.0;0.9619645476341248;0.0;3.6903359844713712;0.8114143797257863;0.18858562027421366
1731802117.3103592;/app/bags/user95_2017-02-24.bag;0.834065854549408;0.0;0.9619645476341248;0.0;3.6903359844713712;0.8114143797257863;0.18858562027421366
1731802117.5103893;/app/bags/user95_2017-02-24.bag;0.834065854549408;0.0;0.9619645476341248;0.0;3.6903359844713712;0.8114143797257863;0.18858562027421366
1731802117.7103903;/app/bags/user95_2017-02-24.bag;0.834065854549408;0.0;0.9619645476341248;0.0;3.6903359844713712;0.8114143797257863;0.18858562027421366
1731802117.9104154;/app/bags/user95_2017-02-24.bag;0.834065854549408;0.0;0.9619645476341248;0.0;3.6903359844713712;0.8114143797257863;0.18858562027421366
1731802118.110414;/app/bags/user95_2017-02-24.bag;0.834065854549408;0.0;0.9619645476341248;0.0;3.6903359844713712;0.8114143797257863;0.18858562027421366
1731802118.3103645;/app/bags/user95_2017-02-24.bag;0.834065854549408;0.0;0.9619645476341248;0.0;3.6903359844713712;0.8114143797257863;0.18858562027421366
1731802118.5104077;/app/bags/user95_2017-02-24.bag;0.834065854549408;0.0;0.9619645476341248;0.0;3.6903359844713712;0.8114143797257863;0.18858562027421366
1731802118.7104118;/app/bags/user95_2017-02-24.bag;0.834065854549408;0.0;0.9619645476341248;0.0;3.6903359844713712;0.8114143797257863;0.18858562027421366
1731802118.9103925;/app/bags/user95_2017-02-24.bag;0.834065854549408;0.0;0.9619645476341248;0.0;3.6903359844713712;0.8114143797257863;0.18858562027421366
1731802119.1103747;/app/bags/user95_2017-02-24.bag;0.834065854549408;0.0;0.9619645476341248;0.0;3.6903359844713712;0.8114143797257863;0.18858562027421366
1731802119.3104074;/app/bags/user95_2017-02-24.bag;0.834065854549408;0.0;0.9619645476341248;0.0;3.6903359844713712;0.8114143797257863;0.18858562027421366
1731802119.5106058;/app/bags/user95_2017-02-24.bag;0.834065854549408;0.0;0.9619645476341248;0.0;3.6903359844713712;0.8114143797257863;0.18858562027421366
1731802119.7103903;/app/bags/user95_2017-02-24.bag;0.834065854549408;0.0;0.9619645476341248;0.0;3.6903359844713712;0.8114143797257863;0.18858562027421366
1731802119.9103818;/app/bags/user95_2017-02-24.bag;0.834065854549408;0.0;0.9619645476341248;0.0;3.6903359844713712;0.8114143797257863;0.18858562027421366
1731802120.1103935;/app/bags/user95_2017-02-24.bag;0.834065854549408;0.0;0.9619645476341248;0.0;3.6903359844713712;0.8114143797257863;0.18858562027421366
1731802120.3103828;/app/bags/user95_2017-02-24.bag;0.834065854549408;0.0;0.9619645476341248;0.0;3.6903359844713712;0.8114143797257863;0.18858562027421366
1731802120.510427;/app/bags/user95_2017-02-24.bag;0.834065854549408;0.0;0.9619645476341248;0.0;3.6903359844713712;0.8114143797257863;0.18858562027421366
1731802120.710352;/app/bags/user95_2017-02-24.bag;0.834065854549408;0.0;0.9619645476341248;0.0;3.6903359844713712;0.8114143797257863;0.18858562027421366
1731802120.9104033;/app/bags/user95_2017-02-24.bag;0.834065854549408;0.0;0.9619645476341248;0.0;3.6903359844713712;0.8114143797257863;0.18858562027421366
1731802121.1104045;/app/bags/user95_2017-02-24.bag;0.834065854549408;0.0;0.9619645476341248;0.0;3.6903359844713712;0.8114143797257863;0.18858562027421366
1731802121.3103814;/app/bags/user95_2017-02-24.bag;0.834065854549408;0.0;0.9619645476341248;0.0;3.6903359844713712;0.8114143797257863;0.18858562027421366
1731802121.5103934;/app/bags/user95_2017-02-24.bag;0.834065854549408;0.0;0.9619645476341248;0.0;3.6903359844713712;0.8114143797257863;0.18858562027421366
1731802121.710388;/app/bags/user95_2017-02-24.bag;0.834065854549408;0.0;0.9619645476341248;0.0;3.6903359844713712;0.8114143797257863;0.18858562027421366
1731802121.9103782;/app/bags/user95_2017-02-24.bag;0.834065854549408;0.0;0.9619645476341248;0.0;3.6903359844713712;0.8114143797257863;0.18858562027421366
1731802122.1103778;/app/bags/user95_2017-02-24.bag;0.834065854549408;0.0;0.9619645476341248;0.0;3.6903359844713712;0.8114143797257863;0.18858562027421366
1731802122.3103979;/app/bags/user95_2017-02-24.bag;0.834065854549408;0.0;0.9619645476341248;0.0;3.6903359844713712;0.8114143797257863;0.18858562027421366
1731802122.5104764;/app/bags/user95_2017-02-24.bag;0.834065854549408;0.0;0.9619645476341248;0.0;3.6903359844713712;0.8114143797257863;0.18858562027421366
1731802122.7104287;/app/bags/user95_2017-02-24.bag;0.834065854549408;0.0;0.9619645476341248;0.0;3.6903359844713712;0.8114143797257863;0.18858562027421366
1731802122.9103968;/app/bags/user95_2017-02-24.bag;0.834065854549408;0.0;0.9619645476341248;0.0;3.6903359844713712;0.8114143797257863;0.18858562027421366
1731802123.1103668;/app/bags/user95_2017-02-24.bag;0.834065854549408;0.0;0.9619645476341248;0.0;3.6903359844713712;0.8114143797257863;0.18858562027421366
1731802123.3103883;/app/bags/user95_2017-02-24.bag;0.834065854549408;0.0;0.9619645476341248;0.0;3.6903359844713712;0.8114143797257863;0.18858562027421366
1731802123.5103645;/app/bags/user95_2017-02-24.bag;0.834065854549408;0.0;0.9619645476341248;0.0;3.6903359844713712;0.8114143797257863;0.18858562027421366
1731802123.7103713;/app/bags/user95_2017-02-24.bag;0.834065854549408;0.0;0.9619645476341248;0.0;3.6903359844713712;0.8114143797257863;0.18858562027421366
1731802123.910444;/app/bags/user95_2017-02-24.bag;0.834065854549408;0.0;0.9619645476341248;0.0;3.6903359844713712;0.8114143797257863;0.18858562027421366
1731802124.1103854;/app/bags/user95_2017-02-24.bag;0.834065854549408;0.0;0.9619645476341248;0.0;3.6903359844713712;0.8114143797257863;0.18858562027421366
1731802124.3104162;/app/bags/user95_2017-02-24.bag;0.834065854549408;0.0;0.9619645476341248;0.0;3.6903359844713712;0.8114143797257863;0.18858562027421366
1731802124.5103729;/app/bags/user95_2017-02-24.bag;0.834065854549408;0.0;0.9619645476341248;0.0;3.6903359844713712;0.8114143797257863;0.18858562027421366
1731802124.7103715;/app/bags/user95_2017-02-24.bag;0.834065854549408;0.0;0.9619645476341248;0.0;3.6903359844713712;0.8114143797257863;0.18858562027421366
1731802124.9104002;/app/bags/user95_2017-02-24.bag;0.834065854549408;0.0;0.9619645476341248;0.0;3.6903359844713712;0.8114143797257863;0.18858562027421366
1731802125.1103787;/app/bags/user95_2017-02-24.bag;0.834065854549408;0.0;0.9619645476341248;0.0;3.6903359844713712;0.8114143797257863;0.18858562027421366
1731802125.3104062;/app/bags/user95_2017-02-24.bag;0.834065854549408;0.0;0.9619645476341248;0.0;3.6903359844713712;0.8114143797257863;0.18858562027421366
1731802125.5104187;/app/bags/user95_2017-02-24.bag;0.834065854549408;0.0;0.9619645476341248;0.0;3.6903359844713712;0.8114143797257863;0.18858562027421366
1731802125.7103713;/app/bags/user95_2017-02-24.bag;0.834065854549408;0.0;0.9619645476341248;0.0;3.6903359844713712;0.8114143797257863;0.18858562027421366
1731802125.9104054;/app/bags/user95_2017-02-24.bag;0.834065854549408;0.0;0.9619645476341248;0.0;3.6903359844713712;0.8114143797257863;0.18858562027421366
1731802126.1104622;/app/bags/user95_2017-02-24.bag;0.834065854549408;0.0;0.9619645476341248;0.0;3.6903359844713712;0.8114143797257863;0.18858562027421366
1731802126.3104203;/app/bags/user95_2017-02-24.bag;0.834065854549408;0.0;0.9619645476341248;0.0;3.6903359844713712;0.8114143797257863;0.18858562027421366
1731802126.510393;/app/bags/user95_2017-02-24.bag;0.834065854549408;0.0;0.9619645476341248;0.0;3.6903359844713712;0.8114143797257863;0.18858562027421366
1731802126.710411;/app/bags/user95_2017-02-24.bag;0.834065854549408;0.0;0.9619645476341248;0.0;3.6903359844713712;0.8114143797257863;0.18858562027421366
1731802126.9103765;/app/bags/user95_2017-02-24.bag;0.834065854549408;0.0;0.9619645476341248;0.0;3.6903359844713712;0.8114143797257863;0.18858562027421366
1731802127.1103954;/app/bags/user95_2017-02-24.bag;0.834065854549408;0.0;0.9619645476341248;0.0;3.6903359844713712;0.8114143797257863;0.18858562027421366
1731802127.3105073;/app/bags/user95_2017-02-24.bag;0.834065854549408;0.0;0.9619645476341248;0.0;3.6903359844713712;0.8114143797257863;0.18858562027421366
1731802127.510432;/app/bags/user95_2017-02-24.bag;0.834065854549408;0.0;0.9619645476341248;0.0;3.6903359844713712;0.8114143797257863;0.18858562027421366
1731802127.7104046;/app/bags/user95_2017-02-24.bag;0.834065854549408;0.0;0.9619645476341248;0.0;3.6903359844713712;0.8114143797257863;0.18858562027421366
1731802127.910388;/app/bags/user95_2017-02-24.bag;0.834065854549408;0.0;0.9619645476341248;0.0;3.6903359844713712;0.8114143797257863;0.18858562027421366
1731802128.110432;/app/bags/user95_2017-02-24.bag;0.834065854549408;0.0;0.9619645476341248;0.0;3.6903359844713712;0.8114143797257863;0.18858562027421366
1731802128.3104835;/app/bags/user95_2017-02-24.bag;0.834065854549408;0.0;0.9619645476341248;0.0;3.6903359844713712;0.8114143797257863;0.18858562027421366
1731802128.5104;/app/bags/user95_2017-02-24.bag;0.834065854549408;0.0;0.9619645476341248;0.0;3.6903359844713712;0.8114143797257863;0.18858562027421366
1731802128.710405;/app/bags/user95_2017-02-24.bag;0.834065854549408;0.0;0.9619645476341248;0.0;3.6903359844713712;0.8114143797257863;0.18858562027421366
1731802128.9103966;/app/bags/user95_2017-02-24.bag;0.834065854549408;0.0;0.9619645476341248;0.0;3.6903359844713712;0.8114143797257863;0.18858562027421366
1731802129.1104941;/app/bags/user95_2017-02-24.bag;0.834065854549408;0.0;0.9619645476341248;0.0;3.6903359844713712;0.8114143797257863;0.18858562027421366
1731802129.3103971;/app/bags/user95_2017-02-24.bag;0.834065854549408;0.0;0.9619645476341248;0.0;3.6903359844713712;0.8114143797257863;0.18858562027421366
1731802129.5105996;/app/bags/user95_2017-02-24.bag;0.834065854549408;0.0;0.9619645476341248;0.0;3.6903359844713712;0.8114143797257863;0.18858562027421366
1731802129.710381;/app/bags/user95_2017-02-24.bag;0.834065854549408;0.0;0.9619645476341248;0.0;3.6903359844713712;0.8114143797257863;0.18858562027421366
1731802129.9104078;/app/bags/user95_2017-02-24.bag;0.834065854549408;0.0;0.9619645476341248;0.0;3.6903359844713712;0.8114143797257863;0.18858562027421366
1731802130.1104054;/app/bags/user95_2017-02-24.bag;0.834065854549408;0.0;0.9619645476341248;0.0;3.6903359844713712;0.8114143797257863;0.18858562027421366
1731802130.3103926;/app/bags/user95_2017-02-24.bag;0.834065854549408;0.0;0.9619645476341248;0.0;3.6903359844713712;0.8114143797257863;0.18858562027421366
1731802130.510371;/app/bags/user95_2017-02-24.bag;0.834065854549408;0.0;0.9619645476341248;0.0;3.6903359844713712;0.8114143797257863;0.18858562027421366
1731802130.7103977;/app/bags/user95_2017-02-24.bag;0.834065854549408;0.0;0.9619645476341248;0.0;3.6903359844713712;0.8114143797257863;0.18858562027421366
1731802130.9103725;/app/bags/user95_2017-02-24.bag;0.834065854549408;0.0;0.9619645476341248;0.0;3.6903359844713712;0.8114143797257863;0.18858562027421366
1731802131.1104212;/app/bags/user95_2017-02-24.bag;0.834065854549408;0.0;0.9619645476341248;0.0;3.6903359844713712;0.8114143797257863;0.18858562027421366
1731802131.3103817;/app/bags/user95_2017-02-24.bag;0.834065854549408;0.0;0.9619645476341248;0.0;3.6903359844713712;0.8114143797257863;0.18858562027421366
1731802131.5103693;/app/bags/user95_2017-02-24.bag;0.834065854549408;0.0;0.9619645476341248;0.0;3.6903359844713712;0.8114143797257863;0.18858562027421366
1731802131.71042;/app/bags/user95_2017-02-24.bag;0.834065854549408;0.0;0.9619645476341248;0.0;3.6903359844713712;0.8114143797257863;0.18858562027421366
1731802131.9104433;/app/bags/user95_2017-02-24.bag;0.834065854549408;0.0;0.9619645476341248;0.0;3.6903359844713712;0.8114143797257863;0.18858562027421366
1731802132.1103938;/app/bags/user95_2017-02-24.bag;0.834065854549408;0.0;0.9619645476341248;0.0;3.6903359844713712;0.8114143797257863;0.18858562027421366
1731802132.310389;/app/bags/user95_2017-02-24.bag;0.834065854549408;0.0;0.9619645476341248;0.0;3.6903359844713712;0.8114143797257863;0.18858562027421366
1731802132.5104508;/app/bags/user95_2017-02-24.bag;0.834065854549408;0.0;0.9619645476341248;0.0;3.6903359844713712;0.8114143797257863;0.18858562027421366
1731802132.7104135;/app/bags/user95_2017-02-24.bag;0.834065854549408;0.0;0.9619645476341248;0.0;3.6903359844713712;0.8114143797257863;0.18858562027421366
1731802132.9103706;/app/bags/user95_2017-02-24.bag;0.834065854549408;0.0;0.9619645476341248;0.0;3.6903359844713712;0.8114143797257863;0.18858562027421366
1731802133.1104631;/app/bags/user95_2017-02-24.bag;0.834065854549408;0.0;0.9619645476341248;0.0;3.6903359844713712;0.8114143797257863;0.18858562027421366
1731802133.310354;/app/bags/user95_2017-02-24.bag;0.834065854549408;0.0;0.9619645476341248;0.0;3.6903359844713712;0.8114143797257863;0.18858562027421366
1731802133.5103667;/app/bags/user95_2017-02-24.bag;0.834065854549408;0.0;0.9619645476341248;0.0;3.6903359844713712;0.8114143797257863;0.18858562027421366
1731802133.7103918;/app/bags/user95_2017-02-24.bag;0.834065854549408;0.0;0.9619645476341248;0.0;3.6903359844713712;0.8114143797257863;0.18858562027421366
1731802133.9104738;/app/bags/user95_2017-02-24.bag;0.834065854549408;0.0;0.9619645476341248;0.0;3.6903359844713712;0.8114143797257863;0.18858562027421366
1731802134.1104257;/app/bags/user95_2017-02-24.bag;0.834065854549408;0.0;0.9619645476341248;0.0;3.6903359844713712;0.8114143797257863;0.18858562027421366
1731802134.3104537;/app/bags/user95_2017-02-24.bag;0.834065854549408;0.0;0.9619645476341248;0.0;3.6903359844713712;0.8114143797257863;0.18858562027421366
1731802134.5104883;/app/bags/user95_2017-02-24.bag;0.834065854549408;0.0;0.9619645476341248;0.0;3.6903359844713712;0.8114143797257863;0.18858562027421366
1731802134.7103913;/app/bags/user95_2017-02-24.bag;0.834065854549408;0.0;0.9619645476341248;0.0;3.6903359844713712;0.8114143797257863;0.18858562027421366
1731802134.910407;/app/bags/user95_2017-02-24.bag;0.834065854549408;0.0;0.9619645476341248;0.0;3.6903359844713712;0.8114143797257863;0.18858562027421366
1731802135.1104357;/app/bags/user95_2017-02-24.bag;0.834065854549408;0.0;0.9619645476341248;0.0;3.6903359844713712;0.8114143797257863;0.18858562027421366
1731802135.3104188;/app/bags/user95_2017-02-24.bag;0.834065854549408;0.0;0.9619645476341248;0.0;3.6903359844713712;0.8114143797257863;0.18858562027421366
1731802135.510377;/app/bags/user95_2017-02-24.bag;0.834065854549408;0.0;0.9619645476341248;0.0;3.6903359844713712;0.8114143797257863;0.18858562027421366
1731802135.710459;/app/bags/user95_2017-02-24.bag;0.834065854549408;0.0;0.9619645476341248;0.0;3.6903359844713712;0.8114143797257863;0.18858562027421366
1731802135.910428;/app/bags/user95_2017-02-24.bag;0.834065854549408;0.0;0.9619645476341248;0.0;3.6903359844713712;0.8114143797257863;0.18858562027421366
1731802136.1104236;/app/bags/user95_2017-02-24.bag;0.834065854549408;0.0;0.9619645476341248;0.0;3.6903359844713712;0.8114143797257863;0.18858562027421366
1731802136.310455;/app/bags/user95_2017-02-24.bag;0.834065854549408;0.0;0.9619645476341248;0.0;3.6903359844713712;0.8114143797257863;0.18858562027421366
1731802136.5103881;/app/bags/user95_2017-02-24.bag;0.834065854549408;0.0;0.9619645476341248;0.0;3.6903359844713712;0.8114143797257863;0.18858562027421366
1731802136.7104456;/app/bags/user95_2017-02-24.bag;0.834065854549408;0.0;0.9619645476341248;0.0;3.6903359844713712;0.8114143797257863;0.18858562027421366
1731802136.9104106;/app/bags/user95_2017-02-24.bag;0.834065854549408;0.0;0.9619645476341248;0.0;3.6903359844713712;0.8114143797257863;0.18858562027421366
1731802137.1104445;/app/bags/user95_2017-02-24.bag;0.834065854549408;0.0;0.9619645476341248;0.0;3.6903359844713712;0.8114143797257863;0.18858562027421366
1731802137.310437;/app/bags/user95_2017-02-24.bag;0.834065854549408;0.0;0.9619645476341248;0.0;3.6903359844713712;0.8114143797257863;0.18858562027421366
1731802137.5104005;/app/bags/user95_2017-02-24.bag;0.834065854549408;0.0;0.9619645476341248;0.0;3.6903359844713712;0.8114143797257863;0.18858562027421366
1731802137.7104146;/app/bags/user95_2017-02-24.bag;0.834065854549408;0.0;0.9619645476341248;0.0;3.6903359844713712;0.8114143797257863;0.18858562027421366
1731802137.9104362;/app/bags/user95_2017-02-24.bag;0.834065854549408;0.0;0.9619645476341248;0.0;3.6903359844713712;0.8114143797257863;0.18858562027421366
1731802138.1104183;/app/bags/user95_2017-02-24.bag;0.834065854549408;0.0;0.9619645476341248;0.0;3.6903359844713712;0.8114143797257863;0.18858562027421366
1731802138.310487;/app/bags/user95_2017-02-24.bag;0.834065854549408;0.0;0.9619645476341248;0.0;3.6903359844713712;0.8114143797257863;0.18858562027421366
1731802138.5103962;/app/bags/user95_2017-02-24.bag;0.834065854549408;0.0;0.9619645476341248;0.0;3.6903359844713712;0.8114143797257863;0.18858562027421366
1731802138.7104552;/app/bags/user95_2017-02-24.bag;0.834065854549408;0.0;0.9619645476341248;0.0;3.6903359844713712;0.8114143797257863;0.18858562027421366
1731802138.9103687;/app/bags/user95_2017-02-24.bag;0.834065854549408;0.0;0.9619645476341248;0.0;3.6903359844713712;0.8114143797257863;0.18858562027421366
1731802139.1105363;/app/bags/user95_2017-02-24.bag;0.834065854549408;0.0;0.9619645476341248;0.0;3.6903359844713712;0.8114143797257863;0.18858562027421366
1731802139.3104272;/app/bags/user95_2017-02-24.bag;0.834065854549408;0.0;0.9619645476341248;0.0;3.6903359844713712;0.8114143797257863;0.18858562027421366
1731802139.5104177;/app/bags/user95_2017-02-24.bag;0.834065854549408;0.0;0.9619645476341248;0.0;3.6903359844713712;0.8114143797257863;0.18858562027421366
1731802139.7103884;/app/bags/user95_2017-02-24.bag;0.834065854549408;0.0;0.9619645476341248;0.0;3.6903359844713712;0.8114143797257863;0.18858562027421366
1731802139.910539;/app/bags/user95_2017-02-24.bag;0.834065854549408;0.0;0.9619645476341248;0.0;3.6903359844713712;0.8114143797257863;0.18858562027421366
1731802140.1104121;/app/bags/user95_2017-02-24.bag;0.834065854549408;0.0;0.9619645476341248;0.0;3.6903359844713712;0.8114143797257863;0.18858562027421366
1731802140.3104079;/app/bags/user95_2017-02-24.bag;0.834065854549408;0.0;0.9619645476341248;0.0;3.6903359844713712;0.8114143797257863;0.18858562027421366
1731802140.5104043;/app/bags/user95_2017-02-24.bag;0.834065854549408;0.0;0.9619645476341248;0.0;3.6903359844713712;0.8114143797257863;0.18858562027421366
1731802140.7103932;/app/bags/user95_2017-02-24.bag;0.834065854549408;0.0;0.9619645476341248;0.0;3.6903359844713712;0.8114143797257863;0.18858562027421366
1731802140.9103985;/app/bags/user95_2017-02-24.bag;0.834065854549408;0.0;0.9619645476341248;0.0;3.6903359844713712;0.8114143797257863;0.18858562027421366
1731802141.1103606;/app/bags/user95_2017-02-24.bag;0.834065854549408;0.0;0.9619645476341248;0.0;3.6903359844713712;0.8114143797257863;0.18858562027421366
1731802141.310441;/app/bags/user95_2017-02-24.bag;0.834065854549408;0.0;0.9619645476341248;0.0;3.6903359844713712;0.8114143797257863;0.18858562027421366
1731802141.5104795;/app/bags/user95_2017-02-24.bag;0.834065854549408;0.0;0.9619645476341248;0.0;3.6903359844713712;0.8114143797257863;0.18858562027421366
1731802141.7104278;/app/bags/user95_2017-02-24.bag;0.834065854549408;0.0;0.9619645476341248;0.0;3.6903359844713712;0.8114143797257863;0.18858562027421366
1731802141.9104054;/app/bags/user95_2017-02-24.bag;0.834065854549408;0.0;0.9619645476341248;0.0;3.6903359844713712;0.8114143797257863;0.18858562027421366
1731802142.110409;/app/bags/user95_2017-02-24.bag;0.834065854549408;0.0;0.9619645476341248;0.0;3.6903359844713712;0.8114143797257863;0.18858562027421366
1731802142.310391;/app/bags/user95_2017-02-24.bag;0.834065854549408;0.0;0.9619645476341248;0.0;3.6903359844713712;0.8114143797257863;0.18858562027421366
1731802142.5103958;/app/bags/user95_2017-02-24.bag;0.834065854549408;0.0;0.9619645476341248;0.0;3.6903359844713712;0.8114143797257863;0.18858562027421366
1731802142.7103925;/app/bags/user95_2017-02-24.bag;0.834065854549408;0.0;0.9619645476341248;0.0;3.6903359844713712;0.8114143797257863;0.18858562027421366
1731802142.9104633;/app/bags/user95_2017-02-24.bag;0.834065854549408;0.0;0.9619645476341248;0.0;3.6903359844713712;0.8114143797257863;0.18858562027421366
1731802143.1104019;/app/bags/user95_2017-02-24.bag;0.834065854549408;0.0;0.9619645476341248;0.0;3.6903359844713712;0.8114143797257863;0.18858562027421366
1731802143.3103995;/app/bags/user95_2017-02-24.bag;0.834065854549408;0.0;0.9619645476341248;0.0;3.6903359844713712;0.8114143797257863;0.18858562027421366
1731802143.510385;/app/bags/user95_2017-02-24.bag;0.834065854549408;0.0;0.9619645476341248;0.0;3.6903359844713712;0.8114143797257863;0.18858562027421366
1731802143.710439;/app/bags/user95_2017-02-24.bag;0.834065854549408;0.0;0.9619645476341248;0.0;3.6903359844713712;0.8114143797257863;0.18858562027421366
1731802143.9103813;/app/bags/user95_2017-02-24.bag;0.834065854549408;0.0;0.9619645476341248;0.0;3.6903359844713712;0.8114143797257863;0.18858562027421366
1731802144.1104362;/app/bags/user95_2017-02-24.bag;0.834065854549408;0.0;0.9619645476341248;0.0;3.6903359844713712;0.8114143797257863;0.18858562027421366
1731802144.3104074;/app/bags/user95_2017-02-24.bag;0.834065854549408;0.0;0.9619645476341248;0.0;3.6903359844713712;0.8114143797257863;0.18858562027421366
1731802144.5103908;/app/bags/user95_2017-02-24.bag;0.834065854549408;0.0;0.9619645476341248;0.0;3.6903359844713712;0.8114143797257863;0.18858562027421366
1731802144.7103856;/app/bags/user95_2017-02-24.bag;0.834065854549408;0.0;0.9619645476341248;0.0;3.6903359844713712;0.8114143797257863;0.18858562027421366
1731802144.9104261;/app/bags/user95_2017-02-24.bag;0.834065854549408;0.0;0.9619645476341248;0.0;3.6903359844713712;0.8114143797257863;0.18858562027421366
1731802145.1104164;/app/bags/user95_2017-02-24.bag;0.834065854549408;0.0;0.9619645476341248;0.0;3.6903359844713712;0.8114143797257863;0.18858562027421366
1731802145.3103945;/app/bags/user95_2017-02-24.bag;0.834065854549408;0.0;0.9619645476341248;0.0;3.6903359844713712;0.8114143797257863;0.18858562027421366
1731802145.5104084;/app/bags/user95_2017-02-24.bag;0.834065854549408;0.0;0.9619645476341248;0.0;3.6903359844713712;0.8114143797257863;0.18858562027421366
1731802145.710433;/app/bags/user95_2017-02-24.bag;0.834065854549408;0.0;0.9619645476341248;0.0;3.6903359844713712;0.8114143797257863;0.18858562027421366
1731802145.910407;/app/bags/user95_2017-02-24.bag;0.834065854549408;0.0;0.9619645476341248;0.0;3.6903359844713712;0.8114143797257863;0.18858562027421366
1731802146.110389;/app/bags/user95_2017-02-24.bag;0.834065854549408;0.0;0.9619645476341248;0.0;3.6903359844713712;0.8114143797257863;0.18858562027421366
1731802146.3104298;/app/bags/user95_2017-02-24.bag;0.834065854549408;0.0;0.9619645476341248;0.0;3.6903359844713712;0.8114143797257863;0.18858562027421366
1731802146.5104504;/app/bags/user95_2017-02-24.bag;0.834065854549408;0.0;0.9619645476341248;0.0;3.6903359844713712;0.8114143797257863;0.18858562027421366
1731802146.7103968;/app/bags/user95_2017-02-24.bag;0.834065854549408;0.0;0.9619645476341248;0.0;3.6903359844713712;0.8114143797257863;0.18858562027421366
1731802146.9104483;/app/bags/user95_2017-02-24.bag;0.834065854549408;0.0;0.9619645476341248;0.0;3.6903359844713712;0.8114143797257863;0.18858562027421366
1731802147.11038;/app/bags/user95_2017-02-24.bag;0.834065854549408;0.0;0.9619645476341248;0.0;3.6903359844713712;0.8114143797257863;0.18858562027421366
1731802147.31036;/app/bags/user95_2017-02-24.bag;0.834065854549408;0.0;0.9619645476341248;0.0;3.6903359844713712;0.8114143797257863;0.18858562027421366
1731802147.5103772;/app/bags/user95_2017-02-24.bag;0.834065854549408;0.0;0.9619645476341248;0.0;3.6903359844713712;0.8114143797257863;0.18858562027421366
1731802147.7104118;/app/bags/user95_2017-02-24.bag;0.834065854549408;0.0;0.9619645476341248;0.0;3.6903359844713712;0.8114143797257863;0.18858562027421366
1731802147.9104562;/app/bags/user95_2017-02-24.bag;0.834065854549408;0.0;0.9619645476341248;0.0;3.6903359844713712;0.8114143797257863;0.18858562027421366
1731802148.1103966;/app/bags/user95_2017-02-24.bag;0.834065854549408;0.0;0.9619645476341248;0.0;3.6903359844713712;0.8114143797257863;0.18858562027421366
1731802148.310363;/app/bags/user95_2017-02-24.bag;0.834065854549408;0.0;0.9619645476341248;0.0;3.6903359844713712;0.8114143797257863;0.18858562027421366
1731802148.5103676;/app/bags/user95_2017-02-24.bag;0.834065854549408;0.0;0.9619645476341248;0.0;3.6903359844713712;0.8114143797257863;0.18858562027421366
1731802148.7104247;/app/bags/user95_2017-02-24.bag;0.834065854549408;0.0;0.9619645476341248;0.0;3.6903359844713712;0.8114143797257863;0.18858562027421366
1731802148.9103923;/app/bags/user95_2017-02-24.bag;0.834065854549408;0.0;0.9619645476341248;0.0;3.6903359844713712;0.8114143797257863;0.18858562027421366
1731802149.110445;/app/bags/user95_2017-02-24.bag;0.834065854549408;0.0;0.9619645476341248;0.0;3.6903359844713712;0.8114143797257863;0.18858562027421366
1731802149.3104243;/app/bags/user95_2017-02-24.bag;0.834065854549408;0.0;0.9619645476341248;0.0;3.6903359844713712;0.8114143797257863;0.18858562027421366
1731802149.5105383;/app/bags/user95_2017-02-24.bag;0.834065854549408;0.0;0.9619645476341248;0.0;3.6903359844713712;0.8114143797257863;0.18858562027421366
1731802149.710404;/app/bags/user95_2017-02-24.bag;0.834065854549408;0.0;0.9619645476341248;0.0;3.6903359844713712;0.8114143797257863;0.18858562027421366
1731802149.9104347;/app/bags/user95_2017-02-24.bag;0.834065854549408;0.0;0.9619645476341248;0.0;3.6903359844713712;0.8114143797257863;0.18858562027421366
1731802150.1103642;/app/bags/user95_2017-02-24.bag;0.834065854549408;0.0;0.9619645476341248;0.0;3.6903359844713712;0.8114143797257863;0.18858562027421366
1731802150.3104024;/app/bags/user95_2017-02-24.bag;0.834065854549408;0.0;0.9619645476341248;0.0;3.6903359844713712;0.8114143797257863;0.18858562027421366
1731802150.5104203;/app/bags/user95_2017-02-24.bag;0.834065854549408;0.0;0.9619645476341248;0.0;3.6903359844713712;0.8114143797257863;0.18858562027421366
1731802150.7104;/app/bags/user95_2017-02-24.bag;0.834065854549408;0.0;0.9619645476341248;0.0;3.6903359844713712;0.8114143797257863;0.18858562027421366
1731802150.9103806;/app/bags/user95_2017-02-24.bag;0.834065854549408;0.0;0.9619645476341248;0.0;3.6903359844713712;0.8114143797257863;0.18858562027421366
1731802151.11052;/app/bags/user95_2017-02-24.bag;0.834065854549408;0.0;0.9619645476341248;0.0;3.6903359844713712;0.8114143797257863;0.18858562027421366
1731802151.310407;/app/bags/user95_2017-02-24.bag;0.834065854549408;0.0;0.9619645476341248;0.0;3.6903359844713712;0.8114143797257863;0.18858562027421366
1731802151.5104573;/app/bags/user95_2017-02-24.bag;0.834065854549408;0.0;0.9619645476341248;0.0;3.6903359844713712;0.8114143797257863;0.18858562027421366
1731802151.7104292;/app/bags/user95_2017-02-24.bag;0.834065854549408;0.0;0.9619645476341248;0.0;3.6903359844713712;0.8114143797257863;0.18858562027421366
1731802151.910366;/app/bags/user95_2017-02-24.bag;0.834065854549408;0.0;0.9619645476341248;0.0;3.6903359844713712;0.8114143797257863;0.18858562027421366
1731802152.110432;/app/bags/user95_2017-02-24.bag;0.834065854549408;0.0;0.9619645476341248;0.0;3.6903359844713712;0.8114143797257863;0.18858562027421366
1731802152.3103993;/app/bags/user95_2017-02-24.bag;0.834065854549408;0.0;0.9619645476341248;0.0;3.6903359844713712;0.8114143797257863;0.18858562027421366
1731802152.5103753;/app/bags/user95_2017-02-24.bag;0.834065854549408;0.0;0.9619645476341248;0.0;3.6903359844713712;0.8114143797257863;0.18858562027421366
1731802152.7103639;/app/bags/user95_2017-02-24.bag;0.834065854549408;0.0;0.9619645476341248;0.0;3.6903359844713712;0.8114143797257863;0.18858562027421366
1731802152.9105017;/app/bags/user95_2017-02-24.bag;0.834065854549408;0.0;0.9619645476341248;0.0;3.6903359844713712;0.8114143797257863;0.18858562027421366
1731802153.1104019;/app/bags/user95_2017-02-24.bag;0.834065854549408;0.0;0.9619645476341248;0.0;3.6903359844713712;0.8114143797257863;0.18858562027421366
1731802153.310386;/app/bags/user95_2017-02-24.bag;0.834065854549408;0.0;0.9619645476341248;0.0;3.6903359844713712;0.8114143797257863;0.18858562027421366
1731802153.5104318;/app/bags/user95_2017-02-24.bag;0.834065854549408;0.0;0.9619645476341248;0.0;3.6903359844713712;0.8114143797257863;0.18858562027421366
1731802153.7103908;/app/bags/user95_2017-02-24.bag;0.834065854549408;0.0;0.9619645476341248;0.0;3.6903359844713712;0.8114143797257863;0.18858562027421366
1731802153.9104533;/app/bags/user95_2017-02-24.bag;0.834065854549408;0.0;0.9619645476341248;0.0;3.6903359844713712;0.8114143797257863;0.18858562027421366
1731802154.1108384;/app/bags/user95_2017-02-24.bag;0.834065854549408;0.0;0.9619645476341248;0.0;3.6903359844713712;0.8114143797257863;0.18858562027421366
1731802154.3103676;/app/bags/user95_2017-02-24.bag;0.834065854549408;0.0;0.9619645476341248;0.0;3.6903359844713712;0.8114143797257863;0.18858562027421366
1731802154.5104017;/app/bags/user95_2017-02-24.bag;0.834065854549408;0.0;0.9619645476341248;0.0;3.6903359844713712;0.8114143797257863;0.18858562027421366
1731802154.710419;/app/bags/user95_2017-02-24.bag;0.834065854549408;0.0;0.9619645476341248;0.0;3.6903359844713712;0.8114143797257863;0.18858562027421366
1731802154.9104815;/app/bags/user95_2017-02-24.bag;0.834065854549408;0.0;0.9619645476341248;0.0;3.6903359844713712;0.8114143797257863;0.18858562027421366
1731802155.1103897;/app/bags/user95_2017-02-24.bag;0.834065854549408;0.0;0.9619645476341248;0.0;3.6903359844713712;0.8114143797257863;0.18858562027421366
1731802155.3104477;/app/bags/user95_2017-02-24.bag;0.834065854549408;0.0;0.9619645476341248;0.0;3.6903359844713712;0.8114143797257863;0.18858562027421366
1731802155.5103848;/app/bags/user95_2017-02-24.bag;0.834065854549408;0.0;0.9619645476341248;0.0;3.6903359844713712;0.8114143797257863;0.18858562027421366
1731802155.710452;/app/bags/user95_2017-02-24.bag;0.834065854549408;0.0;0.9619645476341248;0.0;3.6903359844713712;0.8114143797257863;0.18858562027421366
1731802155.910483;/app/bags/user95_2017-02-24.bag;0.834065854549408;0.0;0.9619645476341248;0.0;3.6903359844713712;0.8114143797257863;0.18858562027421366
1731802156.110385;/app/bags/user95_2017-02-24.bag;0.834065854549408;0.0;0.9619645476341248;0.0;3.6903359844713712;0.8114143797257863;0.18858562027421366
1731802156.3104343;/app/bags/user95_2017-02-24.bag;0.834065854549408;0.0;0.9619645476341248;0.0;3.6903359844713712;0.8114143797257863;0.18858562027421366
1731802156.5104394;/app/bags/user95_2017-02-24.bag;0.834065854549408;0.0;0.9619645476341248;0.0;3.6903359844713712;0.8114143797257863;0.18858562027421366
1731802156.7104244;/app/bags/user95_2017-02-24.bag;0.834065854549408;0.0;0.9619645476341248;0.0;3.6903359844713712;0.8114143797257863;0.18858562027421366
1731802156.9103968;/app/bags/user95_2017-02-24.bag;0.834065854549408;0.0;0.9619645476341248;0.0;3.6903359844713712;0.8114143797257863;0.18858562027421366
1731802157.1104724;/app/bags/user95_2017-02-24.bag;0.834065854549408;0.0;0.9619645476341248;0.0;3.6903359844713712;0.8114143797257863;0.18858562027421366
1731802157.3103874;/app/bags/user95_2017-02-24.bag;0.834065854549408;0.0;0.9619645476341248;0.0;3.6903359844713712;0.8114143797257863;0.18858562027421366
1731802157.5104208;/app/bags/user95_2017-02-24.bag;0.834065854549408;0.0;0.9619645476341248;0.0;3.6903359844713712;0.8114143797257863;0.18858562027421366
1731802157.7103844;/app/bags/user95_2017-02-24.bag;0.834065854549408;0.0;0.9619645476341248;0.0;3.6903359844713712;0.8114143797257863;0.18858562027421366
1731802157.910427;/app/bags/user95_2017-02-24.bag;0.834065854549408;0.0;0.9619645476341248;0.0;3.6903359844713712;0.8114143797257863;0.18858562027421366
1731802158.1103756;/app/bags/user95_2017-02-24.bag;0.834065854549408;0.0;0.9619645476341248;0.0;3.6903359844713712;0.8114143797257863;0.18858562027421366
1731802158.3103566;/app/bags/user95_2017-02-24.bag;0.834065854549408;0.0;0.9619645476341248;0.0;3.6903359844713712;0.8114143797257863;0.18858562027421366
1731802158.5104642;/app/bags/user95_2017-02-24.bag;0.834065854549408;0.0;0.9619645476341248;0.0;3.6903359844713712;0.8114143797257863;0.18858562027421366
1731802158.7104046;/app/bags/user95_2017-02-24.bag;0.834065854549408;0.0;0.9619645476341248;0.0;3.6903359844713712;0.8114143797257863;0.18858562027421366
1731802158.9103777;/app/bags/user95_2017-02-24.bag;0.834065854549408;0.0;0.9619645476341248;0.0;3.6903359844713712;0.8114143797257863;0.18858562027421366
1731802159.11039;/app/bags/user95_2017-02-24.bag;0.834065854549408;0.0;0.9619645476341248;0.0;3.6903359844713712;0.8114143797257863;0.18858562027421366
1731802159.3104358;/app/bags/user95_2017-02-24.bag;0.834065854549408;0.0;0.9619645476341248;0.0;3.6903359844713712;0.8114143797257863;0.18858562027421366
1731802159.510426;/app/bags/user95_2017-02-24.bag;0.834065854549408;0.0;0.9619645476341248;0.0;3.6903359844713712;0.8114143797257863;0.18858562027421366
1731802159.7104156;/app/bags/user95_2017-02-24.bag;0.834065854549408;0.0;0.9619645476341248;0.0;3.6903359844713712;0.8114143797257863;0.18858562027421366
1731802159.9104054;/app/bags/user95_2017-02-24.bag;0.834065854549408;0.0;0.9619645476341248;0.0;3.6903359844713712;0.8114143797257863;0.18858562027421366
1731802160.1103892;/app/bags/user95_2017-02-24.bag;0.834065854549408;0.0;0.9619645476341248;0.0;3.6903359844713712;0.8114143797257863;0.18858562027421366
1731802160.3104315;/app/bags/user95_2017-02-24.bag;0.834065854549408;0.0;0.9619645476341248;0.0;3.6903359844713712;0.8114143797257863;0.18858562027421366
1731802160.5104306;/app/bags/user95_2017-02-24.bag;0.834065854549408;0.0;0.9619645476341248;0.0;3.6903359844713712;0.8114143797257863;0.18858562027421366
1731802160.7103827;/app/bags/user95_2017-02-24.bag;0.834065854549408;0.0;0.9619645476341248;0.0;3.6903359844713712;0.8114143797257863;0.18858562027421366
1731802160.9103904;/app/bags/user95_2017-02-24.bag;0.834065854549408;0.0;0.9619645476341248;0.0;3.6903359844713712;0.8114143797257863;0.18858562027421366
1731802161.1104355;/app/bags/user95_2017-02-24.bag;0.834065854549408;0.0;0.9619645476341248;0.0;3.6903359844713712;0.8114143797257863;0.18858562027421366
1731802161.310405;/app/bags/user95_2017-02-24.bag;0.834065854549408;0.0;0.9619645476341248;0.0;3.6903359844713712;0.8114143797257863;0.18858562027421366
1731802161.5103593;/app/bags/user95_2017-02-24.bag;0.834065854549408;0.0;0.9619645476341248;0.0;3.6903359844713712;0.8114143797257863;0.18858562027421366
1731802161.7104232;/app/bags/user95_2017-02-24.bag;0.834065854549408;0.0;0.9619645476341248;0.0;3.6903359844713712;0.8114143797257863;0.18858562027421366
1731802161.9104054;/app/bags/user95_2017-02-24.bag;0.834065854549408;0.0;0.9619645476341248;0.0;3.6903359844713712;0.8114143797257863;0.18858562027421366
1731802162.1103654;/app/bags/user95_2017-02-24.bag;0.834065854549408;0.0;0.9619645476341248;0.0;3.6903359844713712;0.8114143797257863;0.18858562027421366
1731802162.3103745;/app/bags/user95_2017-02-24.bag;0.834065854549408;0.0;0.9619645476341248;0.0;3.6903359844713712;0.8114143797257863;0.18858562027421366
1731802162.510346;/app/bags/user95_2017-02-24.bag;0.834065854549408;0.0;0.9619645476341248;0.0;3.6903359844713712;0.8114143797257863;0.18858562027421366
1731802162.7103481;/app/bags/user95_2017-02-24.bag;0.834065854549408;0.0;0.9619645476341248;0.0;3.6903359844713712;0.8114143797257863;0.18858562027421366
1731802162.9103708;/app/bags/user95_2017-02-24.bag;0.834065854549408;0.0;0.9619645476341248;0.0;3.6903359844713712;0.8114143797257863;0.18858562027421366
1731802163.1104016;/app/bags/user95_2017-02-24.bag;0.834065854549408;0.0;0.9619645476341248;0.0;3.6903359844713712;0.8114143797257863;0.18858562027421366
1731802163.3103623;/app/bags/user95_2017-02-24.bag;0.834065854549408;0.0;0.9619645476341248;0.0;3.6903359844713712;0.8114143797257863;0.18858562027421366
1731802163.5103655;/app/bags/user95_2017-02-24.bag;0.834065854549408;0.0;0.9619645476341248;0.0;3.6903359844713712;0.8114143797257863;0.18858562027421366
1731802163.7104216;/app/bags/user95_2017-02-24.bag;0.834065854549408;0.0;0.9619645476341248;0.0;3.6903359844713712;0.8114143797257863;0.18858562027421366
1731802163.9103858;/app/bags/user95_2017-02-24.bag;0.834065854549408;0.0;0.9619645476341248;0.0;3.6903359844713712;0.8114143797257863;0.18858562027421366
1731802164.1103852;/app/bags/user95_2017-02-24.bag;0.834065854549408;0.0;0.9619645476341248;0.0;3.6903359844713712;0.8114143797257863;0.18858562027421366
1731802164.3104045;/app/bags/user95_2017-02-24.bag;0.834065854549408;0.0;0.9619645476341248;0.0;3.6903359844713712;0.8114143797257863;0.18858562027421366
1731802164.5103996;/app/bags/user95_2017-02-24.bag;0.834065854549408;0.0;0.9619645476341248;0.0;3.6903359844713712;0.8114143797257863;0.18858562027421366
1731802164.7104023;/app/bags/user95_2017-02-24.bag;0.834065854549408;0.0;0.9619645476341248;0.0;3.6903359844713712;0.8114143797257863;0.18858562027421366
1731802164.9103785;/app/bags/user95_2017-02-24.bag;0.834065854549408;0.0;0.9619645476341248;0.0;3.6903359844713712;0.8114143797257863;0.18858562027421366
1731802165.1103609;/app/bags/user95_2017-02-24.bag;0.834065854549408;0.0;0.9619645476341248;0.0;3.6903359844713712;0.8114143797257863;0.18858562027421366
1731802165.3104725;/app/bags/user95_2017-02-24.bag;0.834065854549408;0.0;0.9619645476341248;0.0;3.6903359844713712;0.8114143797257863;0.18858562027421366
1731802165.5104144;/app/bags/user95_2017-02-24.bag;0.834065854549408;0.0;0.9619645476341248;0.0;3.6903359844713712;0.8114143797257863;0.18858562027421366
1731802165.7103927;/app/bags/user95_2017-02-24.bag;0.834065854549408;0.0;0.9619645476341248;0.0;3.6903359844713712;0.8114143797257863;0.18858562027421366
1731802165.9103951;/app/bags/user95_2017-02-24.bag;0.834065854549408;0.0;0.9619645476341248;0.0;3.6903359844713712;0.8114143797257863;0.18858562027421366
1731802166.1103983;/app/bags/user95_2017-02-24.bag;0.834065854549408;0.0;0.9619645476341248;0.0;3.6903359844713712;0.8114143797257863;0.18858562027421366
1731802166.3104217;/app/bags/user95_2017-02-24.bag;0.834065854549408;0.0;0.9619645476341248;0.0;3.6903359844713712;0.8114143797257863;0.18858562027421366
1731802166.5104086;/app/bags/user95_2017-02-24.bag;0.834065854549408;0.0;0.9619645476341248;0.0;3.6903359844713712;0.8114143797257863;0.18858562027421366
1731802166.710384;/app/bags/user95_2017-02-24.bag;0.834065854549408;0.0;0.9619645476341248;0.0;3.6903359844713712;0.8114143797257863;0.18858562027421366
1731802166.9104226;/app/bags/user95_2017-02-24.bag;0.834065854549408;0.0;0.9619645476341248;0.0;3.6903359844713712;0.8114143797257863;0.18858562027421366
1731802167.1104252;/app/bags/user95_2017-02-24.bag;0.834065854549408;0.0;0.9619645476341248;0.0;3.6903359844713712;0.8114143797257863;0.18858562027421366
1731802167.310398;/app/bags/user95_2017-02-24.bag;0.834065854549408;0.0;0.9619645476341248;0.0;3.6903359844713712;0.8114143797257863;0.18858562027421366
1731802167.5103474;/app/bags/user95_2017-02-24.bag;0.834065854549408;0.0;0.9619645476341248;0.0;3.6903359844713712;0.8114143797257863;0.18858562027421366
1731802167.7104177;/app/bags/user95_2017-02-24.bag;0.834065854549408;0.0;0.9619645476341248;0.0;3.6903359844713712;0.8114143797257863;0.18858562027421366
1731802167.910421;/app/bags/user95_2017-02-24.bag;0.834065854549408;0.0;0.9619645476341248;0.0;3.6903359844713712;0.8114143797257863;0.18858562027421366
1731802168.1104572;/app/bags/user95_2017-02-24.bag;0.834065854549408;0.0;0.9619645476341248;0.0;3.6903359844713712;0.8114143797257863;0.18858562027421366
1731802168.310358;/app/bags/user95_2017-02-24.bag;0.834065854549408;0.0;0.9619645476341248;0.0;3.6903359844713712;0.8114143797257863;0.18858562027421366
1731802168.5103984;/app/bags/user95_2017-02-24.bag;0.834065854549408;0.0;0.9619645476341248;0.0;3.6903359844713712;0.8114143797257863;0.18858562027421366
1731802168.710435;/app/bags/user95_2017-02-24.bag;0.834065854549408;0.0;0.9619645476341248;0.0;3.6903359844713712;0.8114143797257863;0.18858562027421366
1731802168.9103565;/app/bags/user95_2017-02-24.bag;0.834065854549408;0.0;0.9619645476341248;0.0;3.6903359844713712;0.8114143797257863;0.18858562027421366
1731802169.1103673;/app/bags/user95_2017-02-24.bag;0.834065854549408;0.0;0.9619645476341248;0.0;3.6903359844713712;0.8114143797257863;0.18858562027421366
1731802169.3103888;/app/bags/user95_2017-02-24.bag;0.834065854549408;0.0;0.9619645476341248;0.0;3.6903359844713712;0.8114143797257863;0.18858562027421366
1731802169.5104313;/app/bags/user95_2017-02-24.bag;0.834065854549408;0.0;0.9619645476341248;0.0;3.6903359844713712;0.8114143797257863;0.18858562027421366
1731802169.7104018;/app/bags/user95_2017-02-24.bag;0.834065854549408;0.0;0.9619645476341248;0.0;3.6903359844713712;0.8114143797257863;0.18858562027421366
1731802169.9104767;/app/bags/user95_2017-02-24.bag;0.834065854549408;0.0;0.9619645476341248;0.0;3.6903359844713712;0.8114143797257863;0.18858562027421366
1731802170.110393;/app/bags/user95_2017-02-24.bag;0.834065854549408;0.0;0.9619645476341248;0.0;3.6903359844713712;0.8114143797257863;0.18858562027421366
1731802170.3104045;/app/bags/user95_2017-02-24.bag;0.834065854549408;0.0;0.9619645476341248;0.0;3.6903359844713712;0.8114143797257863;0.18858562027421366
1731802170.5103915;/app/bags/user95_2017-02-24.bag;0.834065854549408;0.0;0.9619645476341248;0.0;3.6903359844713712;0.8114143797257863;0.18858562027421366
1731802170.7103834;/app/bags/user95_2017-02-24.bag;0.834065854549408;0.0;0.9619645476341248;0.0;3.6903359844713712;0.8114143797257863;0.18858562027421366
1731802170.9104104;/app/bags/user95_2017-02-24.bag;0.834065854549408;0.0;0.9619645476341248;0.0;3.6903359844713712;0.8114143797257863;0.18858562027421366
1731802171.1104379;/app/bags/user95_2017-02-24.bag;0.834065854549408;0.0;0.9619645476341248;0.0;3.6903359844713712;0.8114143797257863;0.18858562027421366
1731802171.3104596;/app/bags/user95_2017-02-24.bag;0.834065854549408;0.0;0.9619645476341248;0.0;3.6903359844713712;0.8114143797257863;0.18858562027421366
1731802171.51041;/app/bags/user95_2017-02-24.bag;0.834065854549408;0.0;0.9619645476341248;0.0;3.6903359844713712;0.8114143797257863;0.18858562027421366
1731802171.710389;/app/bags/user95_2017-02-24.bag;0.834065854549408;0.0;0.9619645476341248;0.0;3.6903359844713712;0.8114143797257863;0.18858562027421366
1731802171.910372;/app/bags/user95_2017-02-24.bag;0.834065854549408;0.0;0.9619645476341248;0.0;3.6903359844713712;0.8114143797257863;0.18858562027421366
1731802172.1104305;/app/bags/user95_2017-02-24.bag;0.834065854549408;0.0;0.9619645476341248;0.0;3.6903359844713712;0.8114143797257863;0.18858562027421366
1731802172.310463;/app/bags/user95_2017-02-24.bag;0.834065854549408;0.0;0.9619645476341248;0.0;3.6903359844713712;0.8114143797257863;0.18858562027421366
1731802172.5103874;/app/bags/user95_2017-02-24.bag;0.834065854549408;0.0;0.9619645476341248;0.0;3.6903359844713712;0.8114143797257863;0.18858562027421366
1731802172.7104094;/app/bags/user95_2017-02-24.bag;0.834065854549408;0.0;0.9619645476341248;0.0;3.6903359844713712;0.8114143797257863;0.18858562027421366
1731802172.9104002;/app/bags/user95_2017-02-24.bag;0.834065854549408;0.0;0.9619645476341248;0.0;3.6903359844713712;0.8114143797257863;0.18858562027421366
1731802173.1103997;/app/bags/user95_2017-02-24.bag;0.834065854549408;0.0;0.9619645476341248;0.0;3.6903359844713712;0.8114143797257863;0.18858562027421366
1731802173.3105574;/app/bags/user95_2017-02-24.bag;0.834065854549408;0.0;0.9619645476341248;0.0;3.6903359844713712;0.8114143797257863;0.18858562027421366
1731802173.5103967;/app/bags/user95_2017-02-24.bag;0.834065854549408;0.0;0.9619645476341248;0.0;3.6903359844713712;0.8114143797257863;0.18858562027421366
1731802173.7104309;/app/bags/user95_2017-02-24.bag;0.834065854549408;0.0;0.9619645476341248;0.0;3.6903359844713712;0.8114143797257863;0.18858562027421366
1731802173.910437;/app/bags/user95_2017-02-24.bag;0.834065854549408;0.0;0.9619645476341248;0.0;3.6903359844713712;0.8114143797257863;0.18858562027421366
1731802174.1104107;/app/bags/user95_2017-02-24.bag;0.834065854549408;0.0;0.9619645476341248;0.0;3.6903359844713712;0.8114143797257863;0.18858562027421366
1731802174.3104596;/app/bags/user95_2017-02-24.bag;0.834065854549408;0.0;0.9619645476341248;0.0;3.6903359844713712;0.8114143797257863;0.18858562027421366
1731802174.5104017;/app/bags/user95_2017-02-24.bag;0.834065854549408;0.0;0.9619645476341248;0.0;3.6903359844713712;0.8114143797257863;0.18858562027421366
1731802174.7104073;/app/bags/user95_2017-02-24.bag;0.834065854549408;0.0;0.9619645476341248;0.0;3.6903359844713712;0.8114143797257863;0.18858562027421366
1731802174.9104218;/app/bags/user95_2017-02-24.bag;0.834065854549408;0.0;0.9619645476341248;0.0;3.6903359844713712;0.8114143797257863;0.18858562027421366
1731802175.1104057;/app/bags/user95_2017-02-24.bag;0.834065854549408;0.0;0.9619645476341248;0.0;3.6903359844713712;0.8114143797257863;0.18858562027421366
1731802175.3104568;/app/bags/user95_2017-02-24.bag;0.834065854549408;0.0;0.9619645476341248;0.0;3.6903359844713712;0.8114143797257863;0.18858562027421366
1731802175.5103974;/app/bags/user95_2017-02-24.bag;0.834065854549408;0.0;0.9619645476341248;0.0;3.6903359844713712;0.8114143797257863;0.18858562027421366
1731802175.7104125;/app/bags/user95_2017-02-24.bag;0.834065854549408;0.0;0.9619645476341248;0.0;3.6903359844713712;0.8114143797257863;0.18858562027421366
1731802175.9104505;/app/bags/user95_2017-02-24.bag;0.834065854549408;0.0;0.9619645476341248;0.0;3.6903359844713712;0.8114143797257863;0.18858562027421366
1731802176.1104066;/app/bags/user95_2017-02-24.bag;0.834065854549408;0.0;0.9619645476341248;0.0;3.6903359844713712;0.8114143797257863;0.18858562027421366
1731802176.3127732;/app/bags/user95_2017-02-24.bag;0.834065854549408;0.0;0.9619645476341248;0.0;3.6903359844713712;0.8114143797257863;0.18858562027421366
1731802176.5104017;/app/bags/user95_2017-02-24.bag;0.834065854549408;0.0;0.9619645476341248;0.0;3.6903359844713712;0.8114143797257863;0.18858562027421366
1731802176.7104027;/app/bags/user95_2017-02-24.bag;0.834065854549408;0.0;0.9619645476341248;0.0;3.6903359844713712;0.8114143797257863;0.18858562027421366
1731802176.910418;/app/bags/user95_2017-02-24.bag;0.834065854549408;0.0;0.9619645476341248;0.0;3.6903359844713712;0.8114143797257863;0.18858562027421366
1731802177.1104074;/app/bags/user95_2017-02-24.bag;0.834065854549408;0.0;0.9619645476341248;0.0;3.6903359844713712;0.8114143797257863;0.18858562027421366
1731802177.3103762;/app/bags/user95_2017-02-24.bag;0.834065854549408;0.0;0.9619645476341248;0.0;3.6903359844713712;0.8114143797257863;0.18858562027421366
1731802177.5103648;/app/bags/user95_2017-02-24.bag;0.834065854549408;0.0;0.9619645476341248;0.0;3.6903359844713712;0.8114143797257863;0.18858562027421366
1731802177.7104185;/app/bags/user95_2017-02-24.bag;0.834065854549408;0.0;0.9619645476341248;0.0;3.6903359844713712;0.8114143797257863;0.18858562027421366
1731802177.9104326;/app/bags/user95_2017-02-24.bag;0.834065854549408;0.0;0.9619645476341248;0.0;3.6903359844713712;0.8114143797257863;0.18858562027421366
1731802178.1103866;/app/bags/user95_2017-02-24.bag;0.834065854549408;0.0;0.9619645476341248;0.0;3.6903359844713712;0.8114143797257863;0.18858562027421366
1731802178.310453;/app/bags/user95_2017-02-24.bag;0.834065854549408;0.0;0.9619645476341248;0.0;3.6903359844713712;0.8114143797257863;0.18858562027421366
1731802178.5103781;/app/bags/user95_2017-02-24.bag;0.834065854549408;0.0;0.9619645476341248;0.0;3.6903359844713712;0.8114143797257863;0.18858562027421366
1731802178.7104065;/app/bags/user95_2017-02-24.bag;0.834065854549408;0.0;0.9619645476341248;0.0;3.6903359844713712;0.8114143797257863;0.18858562027421366
1731802178.9103794;/app/bags/user95_2017-02-24.bag;0.834065854549408;0.0;0.9619645476341248;0.0;3.6903359844713712;0.8114143797257863;0.18858562027421366
1731802179.1103666;/app/bags/user95_2017-02-24.bag;0.834065854549408;0.0;0.9619645476341248;0.0;3.6903359844713712;0.8114143797257863;0.18858562027421366
1731802179.31047;/app/bags/user95_2017-02-24.bag;0.834065854549408;0.0;0.9619645476341248;0.0;3.6903359844713712;0.8114143797257863;0.18858562027421366
1731802179.5104098;/app/bags/user95_2017-02-24.bag;0.834065854549408;0.0;0.9619645476341248;0.0;3.6903359844713712;0.8114143797257863;0.18858562027421366
1731802179.7104084;/app/bags/user95_2017-02-24.bag;0.834065854549408;0.0;0.9619645476341248;0.0;3.6903359844713712;0.8114143797257863;0.18858562027421366
1731802179.9104202;/app/bags/user95_2017-02-24.bag;0.834065854549408;0.0;0.9619645476341248;0.0;3.6903359844713712;0.8114143797257863;0.18858562027421366
1731802180.1103923;/app/bags/user95_2017-02-24.bag;0.834065854549408;0.0;0.9619645476341248;0.0;3.6903359844713712;0.8114143797257863;0.18858562027421366
1731802180.310406;/app/bags/user95_2017-02-24.bag;0.834065854549408;0.0;0.9619645476341248;0.0;3.6903359844713712;0.8114143797257863;0.18858562027421366
1731802180.510396;/app/bags/user95_2017-02-24.bag;0.834065854549408;0.0;0.9619645476341248;0.0;3.6903359844713712;0.8114143797257863;0.18858562027421366
1731802180.7103748;/app/bags/user95_2017-02-24.bag;0.834065854549408;0.0;0.9619645476341248;0.0;3.6903359844713712;0.8114143797257863;0.18858562027421366
1731802180.9104655;/app/bags/user95_2017-02-24.bag;0.834065854549408;0.0;0.9619645476341248;0.0;3.6903359844713712;0.8114143797257863;0.18858562027421366
1731802181.1104212;/app/bags/user95_2017-02-24.bag;0.834065854549408;0.0;0.9619645476341248;0.0;3.6903359844713712;0.8114143797257863;0.18858562027421366
1731802181.3104396;/app/bags/user95_2017-02-24.bag;0.834065854549408;0.0;0.9619645476341248;0.0;3.6903359844713712;0.8114143797257863;0.18858562027421366
1731802181.5105226;/app/bags/user95_2017-02-24.bag;0.834065854549408;0.0;0.9619645476341248;0.0;3.6903359844713712;0.8114143797257863;0.18858562027421366
1731802181.7104528;/app/bags/user95_2017-02-24.bag;0.834065854549408;0.0;0.9619645476341248;0.0;3.6903359844713712;0.8114143797257863;0.18858562027421366
1731802181.9104266;/app/bags/user95_2017-02-24.bag;0.834065854549408;0.0;0.9619645476341248;0.0;3.6903359844713712;0.8114143797257863;0.18858562027421366
1731802182.1104171;/app/bags/user95_2017-02-24.bag;0.834065854549408;0.0;0.9619645476341248;0.0;3.6903359844713712;0.8114143797257863;0.18858562027421366
1731802182.3104005;/app/bags/user95_2017-02-24.bag;0.834065854549408;0.0;0.9619645476341248;0.0;3.6903359844713712;0.8114143797257863;0.18858562027421366
1731802182.5104642;/app/bags/user95_2017-02-24.bag;0.834065854549408;0.0;0.9619645476341248;0.0;3.6903359844713712;0.8114143797257863;0.18858562027421366
1731802182.7103949;/app/bags/user95_2017-02-24.bag;0.834065854549408;0.0;0.9619645476341248;0.0;3.6903359844713712;0.8114143797257863;0.18858562027421366
1731802182.9103591;/app/bags/user95_2017-02-24.bag;0.834065854549408;0.0;0.9619645476341248;0.0;3.6903359844713712;0.8114143797257863;0.18858562027421366
1731802183.110484;/app/bags/user95_2017-02-24.bag;0.834065854549408;0.0;0.9619645476341248;0.0;3.6903359844713712;0.8114143797257863;0.18858562027421366
1731802183.3103871;/app/bags/user95_2017-02-24.bag;0.834065854549408;0.0;0.9619645476341248;0.0;3.6903359844713712;0.8114143797257863;0.18858562027421366
1731802183.5104666;/app/bags/user95_2017-02-24.bag;0.834065854549408;0.0;0.9619645476341248;0.0;3.6903359844713712;0.8114143797257863;0.18858562027421366
1731802183.7103865;/app/bags/user95_2017-02-24.bag;0.834065854549408;0.0;0.9619645476341248;0.0;3.6903359844713712;0.8114143797257863;0.18858562027421366
1731802183.9103773;/app/bags/user95_2017-02-24.bag;0.834065854549408;0.0;0.9619645476341248;0.0;3.6903359844713712;0.8114143797257863;0.18858562027421366
1731802184.1104543;/app/bags/user95_2017-02-24.bag;0.834065854549408;0.0;0.9619645476341248;0.0;3.6903359844713712;0.8114143797257863;0.18858562027421366
1731802184.3104265;/app/bags/user95_2017-02-24.bag;0.834065854549408;0.0;0.9619645476341248;0.0;3.6903359844713712;0.8114143797257863;0.18858562027421366
1731802184.5103993;/app/bags/user95_2017-02-24.bag;0.834065854549408;0.0;0.9619645476341248;0.0;3.6903359844713712;0.8114143797257863;0.18858562027421366
1731802184.7104743;/app/bags/user95_2017-02-24.bag;0.834065854549408;0.0;0.9619645476341248;0.0;3.6903359844713712;0.8114143797257863;0.18858562027421366
1731802184.9104147;/app/bags/user95_2017-02-24.bag;0.834065854549408;0.0;0.9619645476341248;0.0;3.6903359844713712;0.8114143797257863;0.18858562027421366
1731802185.1103895;/app/bags/user95_2017-02-24.bag;0.834065854549408;0.0;0.9619645476341248;0.0;3.6903359844713712;0.8114143797257863;0.18858562027421366
1731802185.3103838;/app/bags/user95_2017-02-24.bag;0.834065854549408;0.0;0.9619645476341248;0.0;3.6903359844713712;0.8114143797257863;0.18858562027421366
1731802185.5103908;/app/bags/user95_2017-02-24.bag;0.834065854549408;0.0;0.9619645476341248;0.0;3.6903359844713712;0.8114143797257863;0.18858562027421366
1731802185.7103827;/app/bags/user95_2017-02-24.bag;0.834065854549408;0.0;0.9619645476341248;0.0;3.6903359844713712;0.8114143797257863;0.18858562027421366
1731802185.9104822;/app/bags/user95_2017-02-24.bag;0.834065854549408;0.0;0.9619645476341248;0.0;3.6903359844713712;0.8114143797257863;0.18858562027421366
1731802186.1103733;/app/bags/user95_2017-02-24.bag;0.834065854549408;0.0;0.9619645476341248;0.0;3.6903359844713712;0.8114143797257863;0.18858562027421366
1731802186.3104305;/app/bags/user95_2017-02-24.bag;0.834065854549408;0.0;0.9619645476341248;0.0;3.6903359844713712;0.8114143797257863;0.18858562027421366
1731802186.510362;/app/bags/user95_2017-02-24.bag;0.834065854549408;0.0;0.9619645476341248;0.0;3.6903359844713712;0.8114143797257863;0.18858562027421366
1731802186.7103832;/app/bags/user95_2017-02-24.bag;0.834065854549408;0.0;0.9619645476341248;0.0;3.6903359844713712;0.8114143797257863;0.18858562027421366
1731802186.9105804;/app/bags/user95_2017-02-24.bag;0.834065854549408;0.0;0.9619645476341248;0.0;3.6903359844713712;0.8114143797257863;0.18858562027421366
1731802187.110392;/app/bags/user95_2017-02-24.bag;0.834065854549408;0.0;0.9619645476341248;0.0;3.6903359844713712;0.8114143797257863;0.18858562027421366
1731802187.3104215;/app/bags/user95_2017-02-24.bag;0.834065854549408;0.0;0.9619645476341248;0.0;3.6903359844713712;0.8114143797257863;0.18858562027421366
1731802187.5104837;/app/bags/user95_2017-02-24.bag;0.834065854549408;0.0;0.9619645476341248;0.0;3.6903359844713712;0.8114143797257863;0.18858562027421366
1731802187.7104006;/app/bags/user95_2017-02-24.bag;0.834065854549408;0.0;0.9619645476341248;0.0;3.6903359844713712;0.8114143797257863;0.18858562027421366
1731802187.9104698;/app/bags/user95_2017-02-24.bag;0.834065854549408;0.0;0.9619645476341248;0.0;3.6903359844713712;0.8114143797257863;0.18858562027421366
1731802188.110407;/app/bags/user95_2017-02-24.bag;0.834065854549408;0.0;0.9619645476341248;0.0;3.6903359844713712;0.8114143797257863;0.18858562027421366
1731802188.3103986;/app/bags/user95_2017-02-24.bag;0.834065854549408;0.0;0.9619645476341248;0.0;3.6903359844713712;0.8114143797257863;0.18858562027421366
1731802188.5104232;/app/bags/user95_2017-02-24.bag;0.834065854549408;0.0;0.9619645476341248;0.0;3.6903359844713712;0.8114143797257863;0.18858562027421366
1731802188.7103794;/app/bags/user95_2017-02-24.bag;0.834065854549408;0.0;0.9619645476341248;0.0;3.6903359844713712;0.8114143797257863;0.18858562027421366
1731802188.9104514;/app/bags/user95_2017-02-24.bag;0.834065854549408;0.0;0.9619645476341248;0.0;3.6903359844713712;0.8114143797257863;0.18858562027421366
1731802189.11038;/app/bags/user95_2017-02-24.bag;0.834065854549408;0.0;0.9619645476341248;0.0;3.6903359844713712;0.8114143797257863;0.18858562027421366
1731802189.3104422;/app/bags/user95_2017-02-24.bag;0.834065854549408;0.0;0.9619645476341248;0.0;3.6903359844713712;0.8114143797257863;0.18858562027421366
1731802189.5104046;/app/bags/user95_2017-02-24.bag;0.834065854549408;0.0;0.9619645476341248;0.0;3.6903359844713712;0.8114143797257863;0.18858562027421366
1731802189.7104223;/app/bags/user95_2017-02-24.bag;0.834065854549408;0.0;0.9619645476341248;0.0;3.6903359844713712;0.8114143797257863;0.18858562027421366
1731802189.910388;/app/bags/user95_2017-02-24.bag;0.834065854549408;0.0;0.9619645476341248;0.0;3.6903359844713712;0.8114143797257863;0.18858562027421366
1731802190.1104655;/app/bags/user95_2017-02-24.bag;0.834065854549408;0.0;0.9619645476341248;0.0;3.6903359844713712;0.8114143797257863;0.18858562027421366
1731802190.3103862;/app/bags/user95_2017-02-24.bag;0.834065854549408;0.0;0.9619645476341248;0.0;3.6903359844713712;0.8114143797257863;0.18858562027421366
1731802190.5104363;/app/bags/user95_2017-02-24.bag;0.834065854549408;0.0;0.9619645476341248;0.0;3.6903359844713712;0.8114143797257863;0.18858562027421366
1731802190.7104125;/app/bags/user95_2017-02-24.bag;0.834065854549408;0.0;0.9619645476341248;0.0;3.6903359844713712;0.8114143797257863;0.18858562027421366
1731802190.910406;/app/bags/user95_2017-02-24.bag;0.834065854549408;0.0;0.9619645476341248;0.0;3.6903359844713712;0.8114143797257863;0.18858562027421366
1731802191.110416;/app/bags/user95_2017-02-24.bag;0.834065854549408;0.0;0.9619645476341248;0.0;3.6903359844713712;0.8114143797257863;0.18858562027421366
1731802191.3103814;/app/bags/user95_2017-02-24.bag;0.834065854549408;0.0;0.9619645476341248;0.0;3.6903359844713712;0.8114143797257863;0.18858562027421366
1731802191.510393;/app/bags/user95_2017-02-24.bag;0.834065854549408;0.0;0.9619645476341248;0.0;3.6903359844713712;0.8114143797257863;0.18858562027421366
1731802191.7103994;/app/bags/user95_2017-02-24.bag;0.834065854549408;0.0;0.9619645476341248;0.0;3.6903359844713712;0.8114143797257863;0.18858562027421366
1731802191.91042;/app/bags/user95_2017-02-24.bag;0.834065854549408;0.0;0.9619645476341248;0.0;3.6903359844713712;0.8114143797257863;0.18858562027421366
1731802192.1104;/app/bags/user95_2017-02-24.bag;0.834065854549408;0.0;0.9619645476341248;0.0;3.6903359844713712;0.8114143797257863;0.18858562027421366
1731802192.3103945;/app/bags/user95_2017-02-24.bag;0.834065854549408;0.0;0.9619645476341248;0.0;3.6903359844713712;0.8114143797257863;0.18858562027421366
1731802192.5104425;/app/bags/user95_2017-02-24.bag;0.834065854549408;0.0;0.9619645476341248;0.0;3.6903359844713712;0.8114143797257863;0.18858562027421366
1731802192.7104719;/app/bags/user95_2017-02-24.bag;0.834065854549408;0.0;0.9619645476341248;0.0;3.6903359844713712;0.8114143797257863;0.18858562027421366
1731802192.910425;/app/bags/user95_2017-02-24.bag;0.834065854549408;0.0;0.9619645476341248;0.0;3.6903359844713712;0.8114143797257863;0.18858562027421366
1731802193.1104293;/app/bags/user95_2017-02-24.bag;0.834065854549408;0.0;0.9619645476341248;0.0;3.6903359844713712;0.8114143797257863;0.18858562027421366
1731802193.310428;/app/bags/user95_2017-02-24.bag;0.834065854549408;0.0;0.9619645476341248;0.0;3.6903359844713712;0.8114143797257863;0.18858562027421366
1731802193.510427;/app/bags/user95_2017-02-24.bag;0.834065854549408;0.0;0.9619645476341248;0.0;3.6903359844713712;0.8114143797257863;0.18858562027421366
1731802193.710386;/app/bags/user95_2017-02-24.bag;0.834065854549408;0.0;0.9619645476341248;0.0;3.6903359844713712;0.8114143797257863;0.18858562027421366
1731802193.9103916;/app/bags/user95_2017-02-24.bag;0.834065854549408;0.0;0.9619645476341248;0.0;3.6903359844713712;0.8114143797257863;0.18858562027421366
1731802194.110344;/app/bags/user95_2017-02-24.bag;0.834065854549408;0.0;0.9619645476341248;0.0;3.6903359844713712;0.8114143797257863;0.18858562027421366
1731802194.3104763;/app/bags/user95_2017-02-24.bag;0.834065854549408;0.0;0.9619645476341248;0.0;3.6903359844713712;0.8114143797257863;0.18858562027421366
1731802194.5103757;/app/bags/user95_2017-02-24.bag;0.834065854549408;0.0;0.9619645476341248;0.0;3.6903359844713712;0.8114143797257863;0.18858562027421366
1731802194.7104788;/app/bags/user95_2017-02-24.bag;0.834065854549408;0.0;0.9619645476341248;0.0;3.6903359844713712;0.8114143797257863;0.18858562027421366
1731802194.9104333;/app/bags/user95_2017-02-24.bag;0.834065854549408;0.0;0.9619645476341248;0.0;3.6903359844713712;0.8114143797257863;0.18858562027421366
1731802195.110391;/app/bags/user95_2017-02-24.bag;0.834065854549408;0.0;0.9619645476341248;0.0;3.6903359844713712;0.8114143797257863;0.18858562027421366
1731802195.3103933;/app/bags/user95_2017-02-24.bag;0.834065854549408;0.0;0.9619645476341248;0.0;3.6903359844713712;0.8114143797257863;0.18858562027421366
1731802195.510421;/app/bags/user95_2017-02-24.bag;0.834065854549408;0.0;0.9619645476341248;0.0;3.6903359844713712;0.8114143797257863;0.18858562027421366
1731802195.7104428;/app/bags/user95_2017-02-24.bag;0.834065854549408;0.0;0.9619645476341248;0.0;3.6903359844713712;0.8114143797257863;0.18858562027421366
1731802195.9103656;/app/bags/user95_2017-02-24.bag;0.834065854549408;0.0;0.9619645476341248;0.0;3.6903359844713712;0.8114143797257863;0.18858562027421366
1731802196.110463;/app/bags/user95_2017-02-24.bag;0.834065854549408;0.0;0.9619645476341248;0.0;3.6903359844713712;0.8114143797257863;0.18858562027421366
1731802196.3103921;/app/bags/user95_2017-02-24.bag;0.834065854549408;0.0;0.9619645476341248;0.0;3.6903359844713712;0.8114143797257863;0.18858562027421366
1731802196.5103464;/app/bags/user95_2017-02-24.bag;0.834065854549408;0.0;0.9619645476341248;0.0;3.6903359844713712;0.8114143797257863;0.18858562027421366
1731802196.7104955;/app/bags/user95_2017-02-24.bag;0.834065854549408;0.0;0.9619645476341248;0.0;3.6903359844713712;0.8114143797257863;0.18858562027421366
1731802196.910527;/app/bags/user95_2017-02-24.bag;0.834065854549408;0.0;0.9619645476341248;0.0;3.6903359844713712;0.8114143797257863;0.18858562027421366
1731802197.1104162;/app/bags/user95_2017-02-24.bag;0.834065854549408;0.0;0.9619645476341248;0.0;3.6903359844713712;0.8114143797257863;0.18858562027421366
1731802197.3104005;/app/bags/user95_2017-02-24.bag;0.834065854549408;0.0;0.9619645476341248;0.0;3.6903359844713712;0.8114143797257863;0.18858562027421366
1731802197.5104306;/app/bags/user95_2017-02-24.bag;0.834065854549408;0.0;0.9619645476341248;0.0;3.6903359844713712;0.8114143797257863;0.18858562027421366
1731802197.7103987;/app/bags/user95_2017-02-24.bag;0.834065854549408;0.0;0.9619645476341248;0.0;3.6903359844713712;0.8114143797257863;0.18858562027421366
1731802197.910441;/app/bags/user95_2017-02-24.bag;0.834065854549408;0.0;0.9619645476341248;0.0;3.6903359844713712;0.8114143797257863;0.18858562027421366
1731802198.1103818;/app/bags/user95_2017-02-24.bag;0.834065854549408;0.0;0.9619645476341248;0.0;3.6903359844713712;0.8114143797257863;0.18858562027421366
1731802198.310379;/app/bags/user95_2017-02-24.bag;0.834065854549408;0.0;0.9619645476341248;0.0;3.6903359844713712;0.8114143797257863;0.18858562027421366
1731802198.510503;/app/bags/user95_2017-02-24.bag;0.834065854549408;0.0;0.9619645476341248;0.0;3.6903359844713712;0.8114143797257863;0.18858562027421366
1731802198.710399;/app/bags/user95_2017-02-24.bag;0.834065854549408;0.0;0.9619645476341248;0.0;3.6903359844713712;0.8114143797257863;0.18858562027421366
1731802198.9104538;/app/bags/user95_2017-02-24.bag;0.834065854549408;0.0;0.9619645476341248;0.0;3.6903359844713712;0.8114143797257863;0.18858562027421366
1731802199.1103585;/app/bags/user95_2017-02-24.bag;0.834065854549408;0.0;0.9619645476341248;0.0;3.6903359844713712;0.8114143797257863;0.18858562027421366
1731802199.31045;/app/bags/user95_2017-02-24.bag;0.834065854549408;0.0;0.9619645476341248;0.0;3.6903359844713712;0.8114143797257863;0.18858562027421366
1731802199.5104532;/app/bags/user95_2017-02-24.bag;0.834065854549408;0.0;0.9619645476341248;0.0;3.6903359844713712;0.8114143797257863;0.18858562027421366
1731802199.7104387;/app/bags/user95_2017-02-24.bag;0.834065854549408;0.0;0.9619645476341248;0.0;3.6903359844713712;0.8114143797257863;0.18858562027421366
1731802199.9104087;/app/bags/user95_2017-02-24.bag;0.834065854549408;0.0;0.9619645476341248;0.0;3.6903359844713712;0.8114143797257863;0.18858562027421366
1731802200.1103988;/app/bags/user95_2017-02-24.bag;0.834065854549408;0.0;0.9619645476341248;0.0;3.6903359844713712;0.8114143797257863;0.18858562027421366
1731802200.310477;/app/bags/user95_2017-02-24.bag;0.834065854549408;0.0;0.9619645476341248;0.0;3.6903359844713712;0.8114143797257863;0.18858562027421366
1731802200.5104318;/app/bags/user95_2017-02-24.bag;0.834065854549408;0.0;0.9619645476341248;0.0;3.6903359844713712;0.8114143797257863;0.18858562027421366
1731802200.7103913;/app/bags/user95_2017-02-24.bag;0.834065854549408;0.0;0.9619645476341248;0.0;3.6903359844713712;0.8114143797257863;0.18858562027421366
1731802200.9103513;/app/bags/user95_2017-02-24.bag;0.834065854549408;0.0;0.9619645476341248;0.0;3.6903359844713712;0.8114143797257863;0.18858562027421366
1731802201.1103761;/app/bags/user95_2017-02-24.bag;0.834065854549408;0.0;0.9619645476341248;0.0;3.6903359844713712;0.8114143797257863;0.18858562027421366
1731802201.3103807;/app/bags/user95_2017-02-24.bag;0.834065854549408;0.0;0.9619645476341248;0.0;3.6903359844713712;0.8114143797257863;0.18858562027421366
1731802201.510412;/app/bags/user95_2017-02-24.bag;0.834065854549408;0.0;0.9619645476341248;0.0;3.6903359844713712;0.8114143797257863;0.18858562027421366
1731802201.7103984;/app/bags/user95_2017-02-24.bag;0.834065854549408;0.0;0.9619645476341248;0.0;3.6903359844713712;0.8114143797257863;0.18858562027421366
1731802201.9103944;/app/bags/user95_2017-02-24.bag;0.834065854549408;0.0;0.9619645476341248;0.0;3.6903359844713712;0.8114143797257863;0.18858562027421366
1731802202.1104438;/app/bags/user95_2017-02-24.bag;0.834065854549408;0.0;0.9619645476341248;0.0;3.6903359844713712;0.8114143797257863;0.18858562027421366
1731802202.3104382;/app/bags/user95_2017-02-24.bag;0.834065854549408;0.0;0.9619645476341248;0.0;3.6903359844713712;0.8114143797257863;0.18858562027421366
1731802202.5104976;/app/bags/user95_2017-02-24.bag;0.834065854549408;0.0;0.9619645476341248;0.0;3.6903359844713712;0.8114143797257863;0.18858562027421366
1731802202.710456;/app/bags/user95_2017-02-24.bag;0.834065854549408;0.0;0.9619645476341248;0.0;3.6903359844713712;0.8114143797257863;0.18858562027421366
1731802202.910408;/app/bags/user95_2017-02-24.bag;0.834065854549408;0.0;0.9619645476341248;0.0;3.6903359844713712;0.8114143797257863;0.18858562027421366
1731802203.110475;/app/bags/user95_2017-02-24.bag;0.834065854549408;0.0;0.9619645476341248;0.0;3.6903359844713712;0.8114143797257863;0.18858562027421366
1731802203.3105972;/app/bags/user95_2017-02-24.bag;0.834065854549408;0.0;0.9619645476341248;0.0;3.6903359844713712;0.8114143797257863;0.18858562027421366
1731802203.5104892;/app/bags/user95_2017-02-24.bag;0.834065854549408;0.0;0.9619645476341248;0.0;3.6903359844713712;0.8114143797257863;0.18858562027421366
1731802203.7104483;/app/bags/user95_2017-02-24.bag;0.834065854549408;0.0;0.9619645476341248;0.0;3.6903359844713712;0.8114143797257863;0.18858562027421366
1731802203.9105062;/app/bags/user95_2017-02-24.bag;0.834065854549408;0.0;0.9619645476341248;0.0;3.6903359844713712;0.8114143797257863;0.18858562027421366
1731802204.110391;/app/bags/user95_2017-02-24.bag;0.834065854549408;0.0;0.9619645476341248;0.0;3.6903359844713712;0.8114143797257863;0.18858562027421366
1731802204.31042;/app/bags/user95_2017-02-24.bag;0.834065854549408;0.0;0.9619645476341248;0.0;3.6903359844713712;0.8114143797257863;0.18858562027421366
1731802204.510407;/app/bags/user95_2017-02-24.bag;0.834065854549408;0.0;0.9619645476341248;0.0;3.6903359844713712;0.8114143797257863;0.18858562027421366
1731802204.710381;/app/bags/user95_2017-02-24.bag;0.834065854549408;0.0;0.9619645476341248;0.0;3.6903359844713712;0.8114143797257863;0.18858562027421366
1731802204.910393;/app/bags/user95_2017-02-24.bag;0.834065854549408;0.0;0.9619645476341248;0.0;3.6903359844713712;0.8114143797257863;0.18858562027421366
1731802205.1105185;/app/bags/user95_2017-02-24.bag;0.834065854549408;0.0;0.9619645476341248;0.0;3.6903359844713712;0.8114143797257863;0.18858562027421366
1731802205.3103836;/app/bags/user95_2017-02-24.bag;0.834065854549408;0.0;0.9619645476341248;0.0;3.6903359844713712;0.8114143797257863;0.18858562027421366
1731802205.5104558;/app/bags/user95_2017-02-24.bag;0.834065854549408;0.0;0.9619645476341248;0.0;3.6903359844713712;0.8114143797257863;0.18858562027421366
1731802205.710384;/app/bags/user95_2017-02-24.bag;0.834065854549408;0.0;0.9619645476341248;0.0;3.6903359844713712;0.8114143797257863;0.18858562027421366
1731802205.9104505;/app/bags/user95_2017-02-24.bag;0.834065854549408;0.0;0.9619645476341248;0.0;3.6903359844713712;0.8114143797257863;0.18858562027421366
1731802206.1103928;/app/bags/user95_2017-02-24.bag;0.834065854549408;0.0;0.9619645476341248;0.0;3.6903359844713712;0.8114143797257863;0.18858562027421366
1731802206.3104715;/app/bags/user95_2017-02-24.bag;0.834065854549408;0.0;0.9619645476341248;0.0;3.6903359844713712;0.8114143797257863;0.18858562027421366
1731802206.5105503;/app/bags/user95_2017-02-24.bag;0.834065854549408;0.0;0.9619645476341248;0.0;3.6903359844713712;0.8114143797257863;0.18858562027421366
1731802206.7103832;/app/bags/user95_2017-02-24.bag;0.834065854549408;0.0;0.9619645476341248;0.0;3.6903359844713712;0.8114143797257863;0.18858562027421366
1731802206.910414;/app/bags/user95_2017-02-24.bag;0.834065854549408;0.0;0.9619645476341248;0.0;3.6903359844713712;0.8114143797257863;0.18858562027421366
1731802207.1103916;/app/bags/user95_2017-02-24.bag;0.834065854549408;0.0;0.9619645476341248;0.0;3.6903359844713712;0.8114143797257863;0.18858562027421366
1731802207.3104389;/app/bags/user95_2017-02-24.bag;0.834065854549408;0.0;0.9619645476341248;0.0;3.6903359844713712;0.8114143797257863;0.18858562027421366
1731802207.5103943;/app/bags/user95_2017-02-24.bag;0.834065854549408;0.0;0.9619645476341248;0.0;3.6903359844713712;0.8114143797257863;0.18858562027421366
1731802207.7104516;/app/bags/user95_2017-02-24.bag;0.834065854549408;0.0;0.9619645476341248;0.0;3.6903359844713712;0.8114143797257863;0.18858562027421366
1731802207.9103723;/app/bags/user95_2017-02-24.bag;0.834065854549408;0.0;0.9619645476341248;0.0;3.6903359844713712;0.8114143797257863;0.18858562027421366
1731802208.1104953;/app/bags/user95_2017-02-24.bag;0.834065854549408;0.0;0.9619645476341248;0.0;3.6903359844713712;0.8114143797257863;0.18858562027421366
1731802208.3104281;/app/bags/user95_2017-02-24.bag;0.834065854549408;0.0;0.9619645476341248;0.0;3.6903359844713712;0.8114143797257863;0.18858562027421366
1731802208.5104222;/app/bags/user95_2017-02-24.bag;0.834065854549408;0.0;0.9619645476341248;0.0;3.6903359844713712;0.8114143797257863;0.18858562027421366
1731802208.7104464;/app/bags/user95_2017-02-24.bag;0.834065854549408;0.0;0.9619645476341248;0.0;3.6903359844713712;0.8114143797257863;0.18858562027421366
1731802208.9103773;/app/bags/user95_2017-02-24.bag;0.834065854549408;0.0;0.9619645476341248;0.0;3.6903359844713712;0.8114143797257863;0.18858562027421366
1731802209.1104715;/app/bags/user95_2017-02-24.bag;0.834065854549408;0.0;0.9619645476341248;0.0;3.6903359844713712;0.8114143797257863;0.18858562027421366
1731802209.3103757;/app/bags/user95_2017-02-24.bag;0.834065854549408;0.0;0.9619645476341248;0.0;3.6903359844713712;0.8114143797257863;0.18858562027421366
1731802209.5105054;/app/bags/user95_2017-02-24.bag;0.834065854549408;0.0;0.9619645476341248;0.0;3.6903359844713712;0.8114143797257863;0.18858562027421366
1731802209.7103841;/app/bags/user95_2017-02-24.bag;0.834065854549408;0.0;0.9619645476341248;0.0;3.6903359844713712;0.8114143797257863;0.18858562027421366
1731802209.9105396;/app/bags/user95_2017-02-24.bag;0.834065854549408;0.0;0.9619645476341248;0.0;3.6903359844713712;0.8114143797257863;0.18858562027421366
1731802210.1105094;/app/bags/user95_2017-02-24.bag;0.834065854549408;0.0;0.9619645476341248;0.0;3.6903359844713712;0.8114143797257863;0.18858562027421366
1731802210.3103843;/app/bags/user95_2017-02-24.bag;0.834065854549408;0.0;0.9619645476341248;0.0;3.6903359844713712;0.8114143797257863;0.18858562027421366
1731802210.5103877;/app/bags/user95_2017-02-24.bag;0.834065854549408;0.0;0.9619645476341248;0.0;3.6903359844713712;0.8114143797257863;0.18858562027421366
1731802210.7104127;/app/bags/user95_2017-02-24.bag;0.834065854549408;0.0;0.9619645476341248;0.0;3.6903359844713712;0.8114143797257863;0.18858562027421366
1731802210.9104085;/app/bags/user95_2017-02-24.bag;0.834065854549408;0.0;0.9619645476341248;0.0;3.6903359844713712;0.8114143797257863;0.18858562027421366
1731802211.1104035;/app/bags/user95_2017-02-24.bag;0.834065854549408;0.0;0.9619645476341248;0.0;3.6903359844713712;0.8114143797257863;0.18858562027421366
1731802211.3104057;/app/bags/user95_2017-02-24.bag;0.834065854549408;0.0;0.9619645476341248;0.0;3.6903359844713712;0.8114143797257863;0.18858562027421366
1731802211.5103977;/app/bags/user95_2017-02-24.bag;0.834065854549408;0.0;0.9619645476341248;0.0;3.6903359844713712;0.8114143797257863;0.18858562027421366
1731802211.710392;/app/bags/user95_2017-02-24.bag;0.834065854549408;0.0;0.9619645476341248;0.0;3.6903359844713712;0.8114143797257863;0.18858562027421366
1731802211.9103892;/app/bags/user95_2017-02-24.bag;0.834065854549408;0.0;0.9619645476341248;0.0;3.6903359844713712;0.8114143797257863;0.18858562027421366
1731802212.1103992;/app/bags/user95_2017-02-24.bag;0.834065854549408;0.0;0.9619645476341248;0.0;3.6903359844713712;0.8114143797257863;0.18858562027421366
1731802212.3103704;/app/bags/user95_2017-02-24.bag;0.834065854549408;0.0;0.9619645476341248;0.0;3.6903359844713712;0.8114143797257863;0.18858562027421366
1731802212.5103776;/app/bags/user95_2017-02-24.bag;0.834065854549408;0.0;0.9619645476341248;0.0;3.6903359844713712;0.8114143797257863;0.18858562027421366
1731802212.7144048;/app/bags/user95_2017-02-24.bag;0.834065854549408;0.0;0.9619645476341248;0.0;3.6903359844713712;0.8114143797257863;0.18858562027421366
1731802212.9104238;/app/bags/user95_2017-02-24.bag;0.834065854549408;0.0;0.9619645476341248;0.0;3.6903359844713712;0.8114143797257863;0.18858562027421366
1731802213.110388;/app/bags/user95_2017-02-24.bag;0.834065854549408;0.0;0.9619645476341248;0.0;3.6903359844713712;0.8114143797257863;0.18858562027421366
1731802213.3103774;/app/bags/user95_2017-02-24.bag;0.834065854549408;0.0;0.9619645476341248;0.0;3.6903359844713712;0.8114143797257863;0.18858562027421366
1731802213.5104792;/app/bags/user95_2017-02-24.bag;0.834065854549408;0.0;0.9619645476341248;0.0;3.6903359844713712;0.8114143797257863;0.18858562027421366
1731802213.7104084;/app/bags/user95_2017-02-24.bag;0.834065854549408;0.0;0.9619645476341248;0.0;3.6903359844713712;0.8114143797257863;0.18858562027421366
1731802213.9104102;/app/bags/user95_2017-02-24.bag;0.834065854549408;0.0;0.9619645476341248;0.0;3.6903359844713712;0.8114143797257863;0.18858562027421366
1731802214.1103892;/app/bags/user95_2017-02-24.bag;0.834065854549408;0.0;0.9619645476341248;0.0;3.6903359844713712;0.8114143797257863;0.18858562027421366
1731802214.3104415;/app/bags/user95_2017-02-24.bag;0.834065854549408;0.0;0.9619645476341248;0.0;3.6903359844713712;0.8114143797257863;0.18858562027421366
1731802214.5106425;/app/bags/user95_2017-02-24.bag;0.834065854549408;0.0;0.9619645476341248;0.0;3.6903359844713712;0.8114143797257863;0.18858562027421366
1731802214.7103972;/app/bags/user95_2017-02-24.bag;0.834065854549408;0.0;0.9619645476341248;0.0;3.6903359844713712;0.8114143797257863;0.18858562027421366
1731802214.9104156;/app/bags/user95_2017-02-24.bag;0.834065854549408;0.0;0.9619645476341248;0.0;3.6903359844713712;0.8114143797257863;0.18858562027421366
1731802215.110455;/app/bags/user95_2017-02-24.bag;0.834065854549408;0.0;0.9619645476341248;0.0;3.6903359844713712;0.8114143797257863;0.18858562027421366
1731802215.3103893;/app/bags/user95_2017-02-24.bag;0.834065854549408;0.0;0.9619645476341248;0.0;3.6903359844713712;0.8114143797257863;0.18858562027421366
1731802215.5104175;/app/bags/user95_2017-02-24.bag;0.834065854549408;0.0;0.9619645476341248;0.0;3.6903359844713712;0.8114143797257863;0.18858562027421366
1731802215.7105868;/app/bags/user95_2017-02-24.bag;0.834065854549408;0.0;0.9619645476341248;0.0;3.6903359844713712;0.8114143797257863;0.18858562027421366
1731802215.9103959;/app/bags/user95_2017-02-24.bag;0.834065854549408;0.0;0.9619645476341248;0.0;3.6903359844713712;0.8114143797257863;0.18858562027421366
1731802216.1103737;/app/bags/user95_2017-02-24.bag;0.834065854549408;0.0;0.9619645476341248;0.0;3.6903359844713712;0.8114143797257863;0.18858562027421366
1731802216.3104017;/app/bags/user95_2017-02-24.bag;0.834065854549408;0.0;0.9619645476341248;0.0;3.6903359844713712;0.8114143797257863;0.18858562027421366
1731802216.5103405;/app/bags/user95_2017-02-24.bag;0.834065854549408;0.0;0.9619645476341248;0.0;3.6903359844713712;0.8114143797257863;0.18858562027421366
1731802216.710407;/app/bags/user95_2017-02-24.bag;0.834065854549408;0.0;0.9619645476341248;0.0;3.6903359844713712;0.8114143797257863;0.18858562027421366
1731802216.9104424;/app/bags/user95_2017-02-24.bag;0.834065854549408;0.0;0.9619645476341248;0.0;3.6903359844713712;0.8114143797257863;0.18858562027421366
1731802217.1104448;/app/bags/user95_2017-02-24.bag;0.834065854549408;0.0;0.9619645476341248;0.0;3.6903359844713712;0.8114143797257863;0.18858562027421366
1731802217.310382;/app/bags/user95_2017-02-24.bag;0.834065854549408;0.0;0.9619645476341248;0.0;3.6903359844713712;0.8114143797257863;0.18858562027421366
1731802217.510371;/app/bags/user95_2017-02-24.bag;0.834065854549408;0.0;0.9619645476341248;0.0;3.6903359844713712;0.8114143797257863;0.18858562027421366
1731802217.7104096;/app/bags/user95_2017-02-24.bag;0.834065854549408;0.0;0.9619645476341248;0.0;3.6903359844713712;0.8114143797257863;0.18858562027421366
1731802217.9104183;/app/bags/user95_2017-02-24.bag;0.834065854549408;0.0;0.9619645476341248;0.0;3.6903359844713712;0.8114143797257863;0.18858562027421366
1731802218.1105065;/app/bags/user95_2017-02-24.bag;0.834065854549408;0.0;0.9619645476341248;0.0;3.6903359844713712;0.8114143797257863;0.18858562027421366
1731802218.31039;/app/bags/user95_2017-02-24.bag;0.834065854549408;0.0;0.9619645476341248;0.0;3.6903359844713712;0.8114143797257863;0.18858562027421366
1731802218.5105228;/app/bags/user95_2017-02-24.bag;0.834065854549408;0.0;0.9619645476341248;0.0;3.6903359844713712;0.8114143797257863;0.18858562027421366
1731802218.7103481;/app/bags/user95_2017-02-24.bag;0.834065854549408;0.0;0.9619645476341248;0.0;3.6903359844713712;0.8114143797257863;0.18858562027421366
1731802218.9104044;/app/bags/user95_2017-02-24.bag;0.834065854549408;0.0;0.9619645476341248;0.0;3.6903359844713712;0.8114143797257863;0.18858562027421366
1731802219.110386;/app/bags/user95_2017-02-24.bag;0.834065854549408;0.0;0.9619645476341248;0.0;3.6903359844713712;0.8114143797257863;0.18858562027421366
1731802219.310435;/app/bags/user95_2017-02-24.bag;0.834065854549408;0.0;0.9619645476341248;0.0;3.6903359844713712;0.8114143797257863;0.18858562027421366
1731802219.5104146;/app/bags/user95_2017-02-24.bag;0.834065854549408;0.0;0.9619645476341248;0.0;3.6903359844713712;0.8114143797257863;0.18858562027421366
1731802219.710423;/app/bags/user95_2017-02-24.bag;0.834065854549408;0.0;0.9619645476341248;0.0;3.6903359844713712;0.8114143797257863;0.18858562027421366
1731802219.9104016;/app/bags/user95_2017-02-24.bag;0.834065854549408;0.0;0.9619645476341248;0.0;3.6903359844713712;0.8114143797257863;0.18858562027421366
1731802220.110383;/app/bags/user95_2017-02-24.bag;0.834065854549408;0.0;0.9619645476341248;0.0;3.6903359844713712;0.8114143797257863;0.18858562027421366
1731802220.3103826;/app/bags/user95_2017-02-24.bag;0.834065854549408;0.0;0.9619645476341248;0.0;3.6903359844713712;0.8114143797257863;0.18858562027421366
1731802220.5105073;/app/bags/user95_2017-02-24.bag;0.834065854549408;0.0;0.9619645476341248;0.0;3.6903359844713712;0.8114143797257863;0.18858562027421366
1731802220.7104132;/app/bags/user95_2017-02-24.bag;0.834065854549408;0.0;0.9619645476341248;0.0;3.6903359844713712;0.8114143797257863;0.18858562027421366
1731802220.9104607;/app/bags/user95_2017-02-24.bag;0.834065854549408;0.0;0.9619645476341248;0.0;3.6903359844713712;0.8114143797257863;0.18858562027421366
1731802221.1103747;/app/bags/user95_2017-02-24.bag;0.834065854549408;0.0;0.9619645476341248;0.0;3.6903359844713712;0.8114143797257863;0.18858562027421366
1731802221.310439;/app/bags/user95_2017-02-24.bag;0.834065854549408;0.0;0.9619645476341248;0.0;3.6903359844713712;0.8114143797257863;0.18858562027421366
1731802221.5104334;/app/bags/user95_2017-02-24.bag;0.834065854549408;0.0;0.9619645476341248;0.0;3.6903359844713712;0.8114143797257863;0.18858562027421366
1731802221.7103915;/app/bags/user95_2017-02-24.bag;0.834065854549408;0.0;0.9619645476341248;0.0;3.6903359844713712;0.8114143797257863;0.18858562027421366
1731802221.910459;/app/bags/user95_2017-02-24.bag;0.834065854549408;0.0;0.9619645476341248;0.0;3.6903359844713712;0.8114143797257863;0.18858562027421366
1731802222.1103823;/app/bags/user95_2017-02-24.bag;0.834065854549408;0.0;0.9619645476341248;0.0;3.6903359844713712;0.8114143797257863;0.18858562027421366
1731802222.3104298;/app/bags/user95_2017-02-24.bag;0.834065854549408;0.0;0.9619645476341248;0.0;3.6903359844713712;0.8114143797257863;0.18858562027421366
1731802222.510405;/app/bags/user95_2017-02-24.bag;0.834065854549408;0.0;0.9619645476341248;0.0;3.6903359844713712;0.8114143797257863;0.18858562027421366
1731802222.7103674;/app/bags/user95_2017-02-24.bag;0.834065854549408;0.0;0.9619645476341248;0.0;3.6903359844713712;0.8114143797257863;0.18858562027421366
1731802222.9104202;/app/bags/user95_2017-02-24.bag;0.834065854549408;0.0;0.9619645476341248;0.0;3.6903359844713712;0.8114143797257863;0.18858562027421366
1731802223.110418;/app/bags/user95_2017-02-24.bag;0.834065854549408;0.0;0.9619645476341248;0.0;3.6903359844713712;0.8114143797257863;0.18858562027421366
1731802223.310472;/app/bags/user95_2017-02-24.bag;0.834065854549408;0.0;0.9619645476341248;0.0;3.6903359844713712;0.8114143797257863;0.18858562027421366
1731802223.5104358;/app/bags/user95_2017-02-24.bag;0.834065854549408;0.0;0.9619645476341248;0.0;3.6903359844713712;0.8114143797257863;0.18858562027421366
1731802223.7104545;/app/bags/user95_2017-02-24.bag;0.834065854549408;0.0;0.9619645476341248;0.0;3.6903359844713712;0.8114143797257863;0.18858562027421366
1731802223.9104643;/app/bags/user95_2017-02-24.bag;0.834065854549408;0.0;0.9619645476341248;0.0;3.6903359844713712;0.8114143797257863;0.18858562027421366
1731802224.1103635;/app/bags/user95_2017-02-24.bag;0.834065854549408;0.0;0.9619645476341248;0.0;3.6903359844713712;0.8114143797257863;0.18858562027421366
1731802224.3103788;/app/bags/user95_2017-02-24.bag;0.834065854549408;0.0;0.9619645476341248;0.0;3.6903359844713712;0.8114143797257863;0.18858562027421366
1731802224.5103958;/app/bags/user95_2017-02-24.bag;0.834065854549408;0.0;0.9619645476341248;0.0;3.6903359844713712;0.8114143797257863;0.18858562027421366
1731802224.71039;/app/bags/user95_2017-02-24.bag;0.834065854549408;0.0;0.9619645476341248;0.0;3.6903359844713712;0.8114143797257863;0.18858562027421366
1731802224.9103596;/app/bags/user95_2017-02-24.bag;0.834065854549408;0.0;0.9619645476341248;0.0;3.6903359844713712;0.8114143797257863;0.18858562027421366
1731802225.1103826;/app/bags/user95_2017-02-24.bag;0.834065854549408;0.0;0.9619645476341248;0.0;3.6903359844713712;0.8114143797257863;0.18858562027421366
1731802225.3103933;/app/bags/user95_2017-02-24.bag;0.834065854549408;0.0;0.9619645476341248;0.0;3.6903359844713712;0.8114143797257863;0.18858562027421366
1731802225.5103908;/app/bags/user95_2017-02-24.bag;0.834065854549408;0.0;0.9619645476341248;0.0;3.6903359844713712;0.8114143797257863;0.18858562027421366
1731802225.7104185;/app/bags/user95_2017-02-24.bag;0.834065854549408;0.0;0.9619645476341248;0.0;3.6903359844713712;0.8114143797257863;0.18858562027421366
1731802225.9103951;/app/bags/user95_2017-02-24.bag;0.834065854549408;0.0;0.9619645476341248;0.0;3.6903359844713712;0.8114143797257863;0.18858562027421366
1731802226.110425;/app/bags/user95_2017-02-24.bag;0.834065854549408;0.0;0.9619645476341248;0.0;3.6903359844713712;0.8114143797257863;0.18858562027421366
1731802226.3104403;/app/bags/user95_2017-02-24.bag;0.834065854549408;0.0;0.9619645476341248;0.0;3.6903359844713712;0.8114143797257863;0.18858562027421366
1731802226.5103524;/app/bags/user95_2017-02-24.bag;0.834065854549408;0.0;0.9619645476341248;0.0;3.6903359844713712;0.8114143797257863;0.18858562027421366
1731802226.7103794;/app/bags/user95_2017-02-24.bag;0.834065854549408;0.0;0.9619645476341248;0.0;3.6903359844713712;0.8114143797257863;0.18858562027421366
1731802226.9103923;/app/bags/user95_2017-02-24.bag;0.834065854549408;0.0;0.9619645476341248;0.0;3.6903359844713712;0.8114143797257863;0.18858562027421366
1731802227.1103919;/app/bags/user95_2017-02-24.bag;0.834065854549408;0.0;0.9619645476341248;0.0;3.6903359844713712;0.8114143797257863;0.18858562027421366
1731802227.3104584;/app/bags/user95_2017-02-24.bag;0.834065854549408;0.0;0.9619645476341248;0.0;3.6903359844713712;0.8114143797257863;0.18858562027421366
1731802227.5103948;/app/bags/user95_2017-02-24.bag;0.834065854549408;0.0;0.9619645476341248;0.0;3.6903359844713712;0.8114143797257863;0.18858562027421366
1731802227.7104046;/app/bags/user95_2017-02-24.bag;0.834065854549408;0.0;0.9619645476341248;0.0;3.6903359844713712;0.8114143797257863;0.18858562027421366
1731802227.9103856;/app/bags/user95_2017-02-24.bag;0.834065854549408;0.0;0.9619645476341248;0.0;3.6903359844713712;0.8114143797257863;0.18858562027421366
1731802228.1103811;/app/bags/user95_2017-02-24.bag;0.834065854549408;0.0;0.9619645476341248;0.0;3.6903359844713712;0.8114143797257863;0.18858562027421366
1731802228.3103805;/app/bags/user95_2017-02-24.bag;0.834065854549408;0.0;0.9619645476341248;0.0;3.6903359844713712;0.8114143797257863;0.18858562027421366
1731802228.5103996;/app/bags/user95_2017-02-24.bag;0.834065854549408;0.0;0.9619645476341248;0.0;3.6903359844713712;0.8114143797257863;0.18858562027421366
1731802228.710392;/app/bags/user95_2017-02-24.bag;0.834065854549408;0.0;0.9619645476341248;0.0;3.6903359844713712;0.8114143797257863;0.18858562027421366
1731802228.9103546;/app/bags/user95_2017-02-24.bag;0.834065854549408;0.0;0.9619645476341248;0.0;3.6903359844713712;0.8114143797257863;0.18858562027421366
1731802229.1104076;/app/bags/user95_2017-02-24.bag;0.834065854549408;0.0;0.9619645476341248;0.0;3.6903359844713712;0.8114143797257863;0.18858562027421366
1731802229.310441;/app/bags/user95_2017-02-24.bag;0.834065854549408;0.0;0.9619645476341248;0.0;3.6903359844713712;0.8114143797257863;0.18858562027421366
1731802229.510415;/app/bags/user95_2017-02-24.bag;0.834065854549408;0.0;0.9619645476341248;0.0;3.6903359844713712;0.8114143797257863;0.18858562027421366
1731802229.7103803;/app/bags/user95_2017-02-24.bag;0.834065854549408;0.0;0.9619645476341248;0.0;3.6903359844713712;0.8114143797257863;0.18858562027421366
1731802229.9103322;/app/bags/user95_2017-02-24.bag;0.834065854549408;0.0;0.9619645476341248;0.0;3.6903359844713712;0.8114143797257863;0.18858562027421366
1731802230.1104927;/app/bags/user95_2017-02-24.bag;0.834065854549408;0.0;0.9619645476341248;0.0;3.6903359844713712;0.8114143797257863;0.18858562027421366
1731802230.3103848;/app/bags/user95_2017-02-24.bag;0.834065854549408;0.0;0.9619645476341248;0.0;3.6903359844713712;0.8114143797257863;0.18858562027421366
1731802230.5104387;/app/bags/user95_2017-02-24.bag;0.834065854549408;0.0;0.9619645476341248;0.0;3.6903359844713712;0.8114143797257863;0.18858562027421366
1731802230.7103882;/app/bags/user95_2017-02-24.bag;0.834065854549408;0.0;0.9619645476341248;0.0;3.6903359844713712;0.8114143797257863;0.18858562027421366
1731802230.910401;/app/bags/user95_2017-02-24.bag;0.834065854549408;0.0;0.9619645476341248;0.0;3.6903359844713712;0.8114143797257863;0.18858562027421366
1731802231.1104095;/app/bags/user95_2017-02-24.bag;0.834065854549408;0.0;0.9619645476341248;0.0;3.6903359844713712;0.8114143797257863;0.18858562027421366
1731802231.3104417;/app/bags/user95_2017-02-24.bag;0.834065854549408;0.0;0.9619645476341248;0.0;3.6903359844713712;0.8114143797257863;0.18858562027421366
1731802231.5103927;/app/bags/user95_2017-02-24.bag;0.834065854549408;0.0;0.9619645476341248;0.0;3.6903359844713712;0.8114143797257863;0.18858562027421366
1731802231.7104;/app/bags/user95_2017-02-24.bag;0.834065854549408;0.0;0.9619645476341248;0.0;3.6903359844713712;0.8114143797257863;0.18858562027421366
1731802231.9104102;/app/bags/user95_2017-02-24.bag;0.834065854549408;0.0;0.9619645476341248;0.0;3.6903359844713712;0.8114143797257863;0.18858562027421366
1731802232.1104474;/app/bags/user95_2017-02-24.bag;0.834065854549408;0.0;0.9619645476341248;0.0;3.6903359844713712;0.8114143797257863;0.18858562027421366
1731802232.3104239;/app/bags/user95_2017-02-24.bag;0.834065854549408;0.0;0.9619645476341248;0.0;3.6903359844713712;0.8114143797257863;0.18858562027421366
1731802232.5103908;/app/bags/user95_2017-02-24.bag;0.834065854549408;0.0;0.9619645476341248;0.0;3.6903359844713712;0.8114143797257863;0.18858562027421366
1731802232.7103696;/app/bags/user95_2017-02-24.bag;0.834065854549408;0.0;0.9619645476341248;0.0;3.6903359844713712;0.8114143797257863;0.18858562027421366
1731802232.910425;/app/bags/user95_2017-02-24.bag;0.834065854549408;0.0;0.9619645476341248;0.0;3.6903359844713712;0.8114143797257863;0.18858562027421366
1731802233.1103961;/app/bags/user95_2017-02-24.bag;0.834065854549408;0.0;0.9619645476341248;0.0;3.6903359844713712;0.8114143797257863;0.18858562027421366
1731802233.3104093;/app/bags/user95_2017-02-24.bag;0.834065854549408;0.0;0.9619645476341248;0.0;3.6903359844713712;0.8114143797257863;0.18858562027421366
1731802233.5104797;/app/bags/user95_2017-02-24.bag;0.834065854549408;0.0;0.9619645476341248;0.0;3.6903359844713712;0.8114143797257863;0.18858562027421366
1731802233.7103782;/app/bags/user95_2017-02-24.bag;0.834065854549408;0.0;0.9619645476341248;0.0;3.6903359844713712;0.8114143797257863;0.18858562027421366
1731802233.910409;/app/bags/user95_2017-02-24.bag;0.834065854549408;0.0;0.9619645476341248;0.0;3.6903359844713712;0.8114143797257863;0.18858562027421366
1731802234.1103916;/app/bags/user95_2017-02-24.bag;0.834065854549408;0.0;0.9619645476341248;0.0;3.6903359844713712;0.8114143797257863;0.18858562027421366
1731802234.310394;/app/bags/user95_2017-02-24.bag;0.834065854549408;0.0;0.9619645476341248;0.0;3.6903359844713712;0.8114143797257863;0.18858562027421366
1731802234.5104215;/app/bags/user95_2017-02-24.bag;0.834065854549408;0.0;0.9619645476341248;0.0;3.6903359844713712;0.8114143797257863;0.18858562027421366
1731802234.7103813;/app/bags/user95_2017-02-24.bag;0.834065854549408;0.0;0.9619645476341248;0.0;3.6903359844713712;0.8114143797257863;0.18858562027421366
1731802234.9103975;/app/bags/user95_2017-02-24.bag;0.834065854549408;0.0;0.9619645476341248;0.0;3.6903359844713712;0.8114143797257863;0.18858562027421366
1731802235.1103785;/app/bags/user95_2017-02-24.bag;0.834065854549408;0.0;0.9619645476341248;0.0;3.6903359844713712;0.8114143797257863;0.18858562027421366
1731802235.310383;/app/bags/user95_2017-02-24.bag;0.834065854549408;0.0;0.9619645476341248;0.0;3.6903359844713712;0.8114143797257863;0.18858562027421366
1731802235.5104222;/app/bags/user95_2017-02-24.bag;0.834065854549408;0.0;0.9619645476341248;0.0;3.6903359844713712;0.8114143797257863;0.18858562027421366
1731802235.7103884;/app/bags/user95_2017-02-24.bag;0.834065854549408;0.0;0.9619645476341248;0.0;3.6903359844713712;0.8114143797257863;0.18858562027421366
1731802235.910386;/app/bags/user95_2017-02-24.bag;0.834065854549408;0.0;0.9619645476341248;0.0;3.6903359844713712;0.8114143797257863;0.18858562027421366
1731802236.1104083;/app/bags/user95_2017-02-24.bag;0.834065854549408;0.0;0.9619645476341248;0.0;3.6903359844713712;0.8114143797257863;0.18858562027421366
1731802236.3104343;/app/bags/user95_2017-02-24.bag;0.834065854549408;0.0;0.9619645476341248;0.0;3.6903359844713712;0.8114143797257863;0.18858562027421366
1731802236.510351;/app/bags/user95_2017-02-24.bag;0.834065854549408;0.0;0.9619645476341248;0.0;3.6903359844713712;0.8114143797257863;0.18858562027421366
1731802236.7104166;/app/bags/user95_2017-02-24.bag;0.834065854549408;0.0;0.9619645476341248;0.0;3.6903359844713712;0.8114143797257863;0.18858562027421366
1731802236.9103596;/app/bags/user95_2017-02-24.bag;0.834065854549408;0.0;0.9619645476341248;0.0;3.6903359844713712;0.8114143797257863;0.18858562027421366
1731802237.110396;/app/bags/user95_2017-02-24.bag;0.834065854549408;0.0;0.9619645476341248;0.0;3.6903359844713712;0.8114143797257863;0.18858562027421366
1731802237.310396;/app/bags/user95_2017-02-24.bag;0.834065854549408;0.0;0.9619645476341248;0.0;3.6903359844713712;0.8114143797257863;0.18858562027421366
1731802237.510415;/app/bags/user95_2017-02-24.bag;0.834065854549408;0.0;0.9619645476341248;0.0;3.6903359844713712;0.8114143797257863;0.18858562027421366
1731802237.7104177;/app/bags/user95_2017-02-24.bag;0.834065854549408;0.0;0.9619645476341248;0.0;3.6903359844713712;0.8114143797257863;0.18858562027421366
1731802237.9103863;/app/bags/user95_2017-02-24.bag;0.834065854549408;0.0;0.9619645476341248;0.0;3.6903359844713712;0.8114143797257863;0.18858562027421366
1731802238.110407;/app/bags/user95_2017-02-24.bag;0.834065854549408;0.0;0.9619645476341248;0.0;3.6903359844713712;0.8114143797257863;0.18858562027421366
1731802238.3103971;/app/bags/user95_2017-02-24.bag;0.834065854549408;0.0;0.9619645476341248;0.0;3.6903359844713712;0.8114143797257863;0.18858562027421366
1731802238.5104113;/app/bags/user95_2017-02-24.bag;0.834065854549408;0.0;0.9619645476341248;0.0;3.6903359844713712;0.8114143797257863;0.18858562027421366
1731802238.7104168;/app/bags/user95_2017-02-24.bag;0.834065854549408;0.0;0.9619645476341248;0.0;3.6903359844713712;0.8114143797257863;0.18858562027421366
1731802238.9104555;/app/bags/user95_2017-02-24.bag;0.834065854549408;0.0;0.9619645476341248;0.0;3.6903359844713712;0.8114143797257863;0.18858562027421366
1731802239.1104095;/app/bags/user95_2017-02-24.bag;0.834065854549408;0.0;0.9619645476341248;0.0;3.6903359844713712;0.8114143797257863;0.18858562027421366
1731802239.3104339;/app/bags/user95_2017-02-24.bag;0.834065854549408;0.0;0.9619645476341248;0.0;3.6903359844713712;0.8114143797257863;0.18858562027421366
1731802239.5104105;/app/bags/user95_2017-02-24.bag;0.834065854549408;0.0;0.9619645476341248;0.0;3.6903359844713712;0.8114143797257863;0.18858562027421366
1731802239.710402;/app/bags/user95_2017-02-24.bag;0.834065854549408;0.0;0.9619645476341248;0.0;3.6903359844713712;0.8114143797257863;0.18858562027421366
1731802239.9104464;/app/bags/user95_2017-02-24.bag;0.834065854549408;0.0;0.9619645476341248;0.0;3.6903359844713712;0.8114143797257863;0.18858562027421366
1731802240.1103933;/app/bags/user95_2017-02-24.bag;0.834065854549408;0.0;0.9619645476341248;0.0;3.6903359844713712;0.8114143797257863;0.18858562027421366
1731802240.3103886;/app/bags/user95_2017-02-24.bag;0.834065854549408;0.0;0.9619645476341248;0.0;3.6903359844713712;0.8114143797257863;0.18858562027421366
1731802240.5104704;/app/bags/user95_2017-02-24.bag;0.834065854549408;0.0;0.9619645476341248;0.0;3.6903359844713712;0.8114143797257863;0.18858562027421366
1731802240.7105877;/app/bags/user95_2017-02-24.bag;0.834065854549408;0.0;0.9619645476341248;0.0;3.6903359844713712;0.8114143797257863;0.18858562027421366
1731802240.9104033;/app/bags/user95_2017-02-24.bag;0.834065854549408;0.0;0.9619645476341248;0.0;3.6903359844713712;0.8114143797257863;0.18858562027421366
1731802241.1104162;/app/bags/user95_2017-02-24.bag;0.834065854549408;0.0;0.9619645476341248;0.0;3.6903359844713712;0.8114143797257863;0.18858562027421366
1731802241.3104486;/app/bags/user95_2017-02-24.bag;0.834065854549408;0.0;0.9619645476341248;0.0;3.6903359844713712;0.8114143797257863;0.18858562027421366
1731802241.5104182;/app/bags/user95_2017-02-24.bag;0.834065854549408;0.0;0.9619645476341248;0.0;3.6903359844713712;0.8114143797257863;0.18858562027421366
1731802241.7104332;/app/bags/user95_2017-02-24.bag;0.834065854549408;0.0;0.9619645476341248;0.0;3.6903359844713712;0.8114143797257863;0.18858562027421366
1731802241.9103863;/app/bags/user95_2017-02-24.bag;0.834065854549408;0.0;0.9619645476341248;0.0;3.6903359844713712;0.8114143797257863;0.18858562027421366
1731802242.1104007;/app/bags/user95_2017-02-24.bag;0.834065854549408;0.0;0.9619645476341248;0.0;3.6903359844713712;0.8114143797257863;0.18858562027421366
1731802242.3103664;/app/bags/user95_2017-02-24.bag;0.834065854549408;0.0;0.9619645476341248;0.0;3.6903359844713712;0.8114143797257863;0.18858562027421366
1731802242.5103724;/app/bags/user95_2017-02-24.bag;0.834065854549408;0.0;0.9619645476341248;0.0;3.6903359844713712;0.8114143797257863;0.18858562027421366
1731802242.7105048;/app/bags/user95_2017-02-24.bag;0.834065854549408;0.0;0.9619645476341248;0.0;3.6903359844713712;0.8114143797257863;0.18858562027421366
1731802242.9103673;/app/bags/user95_2017-02-24.bag;0.834065854549408;0.0;0.9619645476341248;0.0;3.6903359844713712;0.8114143797257863;0.18858562027421366
1731802243.110355;/app/bags/user95_2017-02-24.bag;0.834065854549408;0.0;0.9619645476341248;0.0;3.6903359844713712;0.8114143797257863;0.18858562027421366
1731802243.3104067;/app/bags/user95_2017-02-24.bag;0.834065854549408;0.0;0.9619645476341248;0.0;3.6903359844713712;0.8114143797257863;0.18858562027421366
1731802243.5104089;/app/bags/user95_2017-02-24.bag;0.834065854549408;0.0;0.9619645476341248;0.0;3.6903359844713712;0.8114143797257863;0.18858562027421366
1731802243.7104156;/app/bags/user95_2017-02-24.bag;0.834065854549408;0.0;0.9619645476341248;0.0;3.6903359844713712;0.8114143797257863;0.18858562027421366
1731802243.9104125;/app/bags/user95_2017-02-24.bag;0.834065854549408;0.0;0.9619645476341248;0.0;3.6903359844713712;0.8114143797257863;0.18858562027421366
1731802244.1103833;/app/bags/user95_2017-02-24.bag;0.834065854549408;0.0;0.9619645476341248;0.0;3.6903359844713712;0.8114143797257863;0.18858562027421366
1731802244.310377;/app/bags/user95_2017-02-24.bag;0.834065854549408;0.0;0.9619645476341248;0.0;3.6903359844713712;0.8114143797257863;0.18858562027421366
1731802244.510456;/app/bags/user95_2017-02-24.bag;0.834065854549408;0.0;0.9619645476341248;0.0;3.6903359844713712;0.8114143797257863;0.18858562027421366
1731802244.7104166;/app/bags/user95_2017-02-24.bag;0.834065854549408;0.0;0.9619645476341248;0.0;3.6903359844713712;0.8114143797257863;0.18858562027421366
1731802244.910424;/app/bags/user95_2017-02-24.bag;0.834065854549408;0.0;0.9619645476341248;0.0;3.6903359844713712;0.8114143797257863;0.18858562027421366
1731802245.1105084;/app/bags/user95_2017-02-24.bag;0.834065854549408;0.0;0.9619645476341248;0.0;3.6903359844713712;0.8114143797257863;0.18858562027421366
1731802245.3103812;/app/bags/user95_2017-02-24.bag;0.834065854549408;0.0;0.9619645476341248;0.0;3.6903359844713712;0.8114143797257863;0.18858562027421366
1731802245.5104492;/app/bags/user95_2017-02-24.bag;0.834065854549408;0.0;0.9619645476341248;0.0;3.6903359844713712;0.8114143797257863;0.18858562027421366
1731802245.710404;/app/bags/user95_2017-02-24.bag;0.834065854549408;0.0;0.9619645476341248;0.0;3.6903359844713712;0.8114143797257863;0.18858562027421366
1731802245.9103856;/app/bags/user95_2017-02-24.bag;0.834065854549408;0.0;0.9619645476341248;0.0;3.6903359844713712;0.8114143797257863;0.18858562027421366
1731802246.1103752;/app/bags/user95_2017-02-24.bag;0.834065854549408;0.0;0.9619645476341248;0.0;3.6903359844713712;0.8114143797257863;0.18858562027421366
1731802246.3103647;/app/bags/user95_2017-02-24.bag;0.834065854549408;0.0;0.9619645476341248;0.0;3.6903359844713712;0.8114143797257863;0.18858562027421366
1731802246.5104177;/app/bags/user95_2017-02-24.bag;0.834065854549408;0.0;0.9619645476341248;0.0;3.6903359844713712;0.8114143797257863;0.18858562027421366
1731802246.710366;/app/bags/user95_2017-02-24.bag;0.834065854549408;0.0;0.9619645476341248;0.0;3.6903359844713712;0.8114143797257863;0.18858562027421366
1731802246.9103708;/app/bags/user95_2017-02-24.bag;0.834065854549408;0.0;0.9619645476341248;0.0;3.6903359844713712;0.8114143797257863;0.18858562027421366
1731802247.1103916;/app/bags/user95_2017-02-24.bag;0.834065854549408;0.0;0.9619645476341248;0.0;3.6903359844713712;0.8114143797257863;0.18858562027421366
1731802247.3104098;/app/bags/user95_2017-02-24.bag;0.834065854549408;0.0;0.9619645476341248;0.0;3.6903359844713712;0.8114143797257863;0.18858562027421366
1731802247.510373;/app/bags/user95_2017-02-24.bag;0.834065854549408;0.0;0.9619645476341248;0.0;3.6903359844713712;0.8114143797257863;0.18858562027421366
1731802247.7103982;/app/bags/user95_2017-02-24.bag;0.834065854549408;0.0;0.9619645476341248;0.0;3.6903359844713712;0.8114143797257863;0.18858562027421366
1731802247.9104357;/app/bags/user95_2017-02-24.bag;0.834065854549408;0.0;0.9619645476341248;0.0;3.6903359844713712;0.8114143797257863;0.18858562027421366
1731802248.1105456;/app/bags/user95_2017-02-24.bag;0.834065854549408;0.0;0.9619645476341248;0.0;3.6903359844713712;0.8114143797257863;0.18858562027421366
1731802248.3104305;/app/bags/user95_2017-02-24.bag;0.834065854549408;0.0;0.9619645476341248;0.0;3.6903359844713712;0.8114143797257863;0.18858562027421366
1731802248.5104744;/app/bags/user95_2017-02-24.bag;0.834065854549408;0.0;0.9619645476341248;0.0;3.6903359844713712;0.8114143797257863;0.18858562027421366
1731802248.7103598;/app/bags/user95_2017-02-24.bag;0.834065854549408;0.0;0.9619645476341248;0.0;3.6903359844713712;0.8114143797257863;0.18858562027421366
1731802248.9103887;/app/bags/user95_2017-02-24.bag;0.834065854549408;0.0;0.9619645476341248;0.0;3.6903359844713712;0.8114143797257863;0.18858562027421366
1731802249.1103888;/app/bags/user95_2017-02-24.bag;0.834065854549408;0.0;0.9619645476341248;0.0;3.6903359844713712;0.8114143797257863;0.18858562027421366
1731802249.3104672;/app/bags/user95_2017-02-24.bag;0.834065854549408;0.0;0.9619645476341248;0.0;3.6903359844713712;0.8114143797257863;0.18858562027421366
1731802249.5104237;/app/bags/user95_2017-02-24.bag;0.834065854549408;0.0;0.9619645476341248;0.0;3.6903359844713712;0.8114143797257863;0.18858562027421366
1731802249.7103908;/app/bags/user95_2017-02-24.bag;0.834065854549408;0.0;0.9619645476341248;0.0;3.6903359844713712;0.8114143797257863;0.18858562027421366
1731802249.9104414;/app/bags/user95_2017-02-24.bag;0.834065854549408;0.0;0.9619645476341248;0.0;3.6903359844713712;0.8114143797257863;0.18858562027421366
1731802250.110401;/app/bags/user95_2017-02-24.bag;0.834065854549408;0.0;0.9619645476341248;0.0;3.6903359844713712;0.8114143797257863;0.18858562027421366
1731802250.3104184;/app/bags/user95_2017-02-24.bag;0.834065854549408;0.0;0.9619645476341248;0.0;3.6903359844713712;0.8114143797257863;0.18858562027421366
1731802250.5103974;/app/bags/user95_2017-02-24.bag;0.834065854549408;0.0;0.9619645476341248;0.0;3.6903359844713712;0.8114143797257863;0.18858562027421366
1731802250.7104146;/app/bags/user95_2017-02-24.bag;0.834065854549408;0.0;0.9619645476341248;0.0;3.6903359844713712;0.8114143797257863;0.18858562027421366
1731802250.910427;/app/bags/user95_2017-02-24.bag;0.834065854549408;0.0;0.9619645476341248;0.0;3.6903359844713712;0.8114143797257863;0.18858562027421366
1731802251.1103964;/app/bags/user95_2017-02-24.bag;0.834065854549408;0.0;0.9619645476341248;0.0;3.6903359844713712;0.8114143797257863;0.18858562027421366
1731802251.3103979;/app/bags/user95_2017-02-24.bag;0.834065854549408;0.0;0.9619645476341248;0.0;3.6903359844713712;0.8114143797257863;0.18858562027421366
1731802251.510416;/app/bags/user95_2017-02-24.bag;0.834065854549408;0.0;0.9619645476341248;0.0;3.6903359844713712;0.8114143797257863;0.18858562027421366
1731802251.71039;/app/bags/user95_2017-02-24.bag;0.834065854549408;0.0;0.9619645476341248;0.0;3.6903359844713712;0.8114143797257863;0.18858562027421366
1731802251.9103737;/app/bags/user95_2017-02-24.bag;0.834065854549408;0.0;0.9619645476341248;0.0;3.6903359844713712;0.8114143797257863;0.18858562027421366
1731802252.1104004;/app/bags/user95_2017-02-24.bag;0.834065854549408;0.0;0.9619645476341248;0.0;3.6903359844713712;0.8114143797257863;0.18858562027421366
1731802252.3103724;/app/bags/user95_2017-02-24.bag;0.834065854549408;0.0;0.9619645476341248;0.0;3.6903359844713712;0.8114143797257863;0.18858562027421366
1731802252.5104687;/app/bags/user95_2017-02-24.bag;0.834065854549408;0.0;0.9619645476341248;0.0;3.6903359844713712;0.8114143797257863;0.18858562027421366
1731802252.7104542;/app/bags/user95_2017-02-24.bag;0.834065854549408;0.0;0.9619645476341248;0.0;3.6903359844713712;0.8114143797257863;0.18858562027421366
1731802252.910387;/app/bags/user95_2017-02-24.bag;0.834065854549408;0.0;0.9619645476341248;0.0;3.6903359844713712;0.8114143797257863;0.18858562027421366
1731802253.1104789;/app/bags/user95_2017-02-24.bag;0.834065854549408;0.0;0.9619645476341248;0.0;3.6903359844713712;0.8114143797257863;0.18858562027421366
1731802253.3104212;/app/bags/user95_2017-02-24.bag;0.834065854549408;0.0;0.9619645476341248;0.0;3.6903359844713712;0.8114143797257863;0.18858562027421366
1731802253.510383;/app/bags/user95_2017-02-24.bag;0.834065854549408;0.0;0.9619645476341248;0.0;3.6903359844713712;0.8114143797257863;0.18858562027421366
1731802253.7104263;/app/bags/user95_2017-02-24.bag;0.834065854549408;0.0;0.9619645476341248;0.0;3.6903359844713712;0.8114143797257863;0.18858562027421366
1731802253.910406;/app/bags/user95_2017-02-24.bag;0.834065854549408;0.0;0.9619645476341248;0.0;3.6903359844713712;0.8114143797257863;0.18858562027421366
1731802254.1103833;/app/bags/user95_2017-02-24.bag;0.834065854549408;0.0;0.9619645476341248;0.0;3.6903359844713712;0.8114143797257863;0.18858562027421366
1731802254.3104577;/app/bags/user95_2017-02-24.bag;0.834065854549408;0.0;0.9619645476341248;0.0;3.6903359844713712;0.8114143797257863;0.18858562027421366
1731802254.5103626;/app/bags/user95_2017-02-24.bag;0.834065854549408;0.0;0.9619645476341248;0.0;3.6903359844713712;0.8114143797257863;0.18858562027421366
1731802254.7104008;/app/bags/user95_2017-02-24.bag;0.834065854549408;0.0;0.9619645476341248;0.0;3.6903359844713712;0.8114143797257863;0.18858562027421366
1731802254.9103942;/app/bags/user95_2017-02-24.bag;0.834065854549408;0.0;0.9619645476341248;0.0;3.6903359844713712;0.8114143797257863;0.18858562027421366
1731802255.1103508;/app/bags/user95_2017-02-24.bag;0.834065854549408;0.0;0.9619645476341248;0.0;3.6903359844713712;0.8114143797257863;0.18858562027421366
1731802255.3104794;/app/bags/user95_2017-02-24.bag;0.834065854549408;0.0;0.9619645476341248;0.0;3.6903359844713712;0.8114143797257863;0.18858562027421366
1731802255.5103989;/app/bags/user95_2017-02-24.bag;0.834065854549408;0.0;0.9619645476341248;0.0;3.6903359844713712;0.8114143797257863;0.18858562027421366
1731802255.7104352;/app/bags/user95_2017-02-24.bag;0.834065854549408;0.0;0.9619645476341248;0.0;3.6903359844713712;0.8114143797257863;0.18858562027421366
1731802255.910487;/app/bags/user95_2017-02-24.bag;0.834065854549408;0.0;0.9619645476341248;0.0;3.6903359844713712;0.8114143797257863;0.18858562027421366
1731802256.1103797;/app/bags/user95_2017-02-24.bag;0.834065854549408;0.0;0.9619645476341248;0.0;3.6903359844713712;0.8114143797257863;0.18858562027421366
1731802256.3103924;/app/bags/user95_2017-02-24.bag;0.834065854549408;0.0;0.9619645476341248;0.0;3.6903359844713712;0.8114143797257863;0.18858562027421366
1731802256.5103903;/app/bags/user95_2017-02-24.bag;0.834065854549408;0.0;0.9619645476341248;0.0;3.6903359844713712;0.8114143797257863;0.18858562027421366
1731802256.7103734;/app/bags/user95_2017-02-24.bag;0.834065854549408;0.0;0.9619645476341248;0.0;3.6903359844713712;0.8114143797257863;0.18858562027421366
1731802256.9104862;/app/bags/user95_2017-02-24.bag;0.834065854549408;0.0;0.9619645476341248;0.0;3.6903359844713712;0.8114143797257863;0.18858562027421366
1731802257.1103966;/app/bags/user95_2017-02-24.bag;0.834065854549408;0.0;0.9619645476341248;0.0;3.6903359844713712;0.8114143797257863;0.18858562027421366
1731802257.3104432;/app/bags/user95_2017-02-24.bag;0.834065854549408;0.0;0.9619645476341248;0.0;3.6903359844713712;0.8114143797257863;0.18858562027421366
1731802257.5104125;/app/bags/user95_2017-02-24.bag;0.834065854549408;0.0;0.9619645476341248;0.0;3.6903359844713712;0.8114143797257863;0.18858562027421366
1731802257.710426;/app/bags/user95_2017-02-24.bag;0.834065854549408;0.0;0.9619645476341248;0.0;3.6903359844713712;0.8114143797257863;0.18858562027421366
1731802257.9103873;/app/bags/user95_2017-02-24.bag;0.834065854549408;0.0;0.9619645476341248;0.0;3.6903359844713712;0.8114143797257863;0.18858562027421366
1731802258.1104052;/app/bags/user95_2017-02-24.bag;0.834065854549408;0.0;0.9619645476341248;0.0;3.6903359844713712;0.8114143797257863;0.18858562027421366
1731802258.3103848;/app/bags/user95_2017-02-24.bag;0.834065854549408;0.0;0.9619645476341248;0.0;3.6903359844713712;0.8114143797257863;0.18858562027421366
1731802258.5103803;/app/bags/user95_2017-02-24.bag;0.834065854549408;0.0;0.9619645476341248;0.0;3.6903359844713712;0.8114143797257863;0.18858562027421366
1731802258.7104094;/app/bags/user95_2017-02-24.bag;0.834065854549408;0.0;0.9619645476341248;0.0;3.6903359844713712;0.8114143797257863;0.18858562027421366
1731802258.9103963;/app/bags/user95_2017-02-24.bag;0.834065854549408;0.0;0.9619645476341248;0.0;3.6903359844713712;0.8114143797257863;0.18858562027421366
1731802259.110396;/app/bags/user95_2017-02-24.bag;0.834065854549408;0.0;0.9619645476341248;0.0;3.6903359844713712;0.8114143797257863;0.18858562027421366
1731802259.3103952;/app/bags/user95_2017-02-24.bag;0.834065854549408;0.0;0.9619645476341248;0.0;3.6903359844713712;0.8114143797257863;0.18858562027421366
1731802259.5104141;/app/bags/user95_2017-02-24.bag;0.834065854549408;0.0;0.9619645476341248;0.0;3.6903359844713712;0.8114143797257863;0.18858562027421366
1731802259.7104502;/app/bags/user95_2017-02-24.bag;0.834065854549408;0.0;0.9619645476341248;0.0;3.6903359844713712;0.8114143797257863;0.18858562027421366
1731802259.9105825;/app/bags/user95_2017-02-24.bag;0.834065854549408;0.0;0.9619645476341248;0.0;3.6903359844713712;0.8114143797257863;0.18858562027421366
1731802260.1103754;/app/bags/user95_2017-02-24.bag;0.834065854549408;0.0;0.9619645476341248;0.0;3.6903359844713712;0.8114143797257863;0.18858562027421366
1731802260.3103802;/app/bags/user95_2017-02-24.bag;0.834065854549408;0.0;0.9619645476341248;0.0;3.6903359844713712;0.8114143797257863;0.18858562027421366
1731802260.5103717;/app/bags/user95_2017-02-24.bag;0.834065854549408;0.0;0.9619645476341248;0.0;3.6903359844713712;0.8114143797257863;0.18858562027421366
1731802260.7103918;/app/bags/user95_2017-02-24.bag;0.834065854549408;0.0;0.9619645476341248;0.0;3.6903359844713712;0.8114143797257863;0.18858562027421366
1731802260.910367;/app/bags/user95_2017-02-24.bag;0.834065854549408;0.0;0.9619645476341248;0.0;3.6903359844713712;0.8114143797257863;0.18858562027421366
1731802261.1104233;/app/bags/user95_2017-02-24.bag;0.834065854549408;0.0;0.9619645476341248;0.0;3.6903359844713712;0.8114143797257863;0.18858562027421366
1731802261.31039;/app/bags/user95_2017-02-24.bag;0.834065854549408;0.0;0.9619645476341248;0.0;3.6903359844713712;0.8114143797257863;0.18858562027421366
1731802261.5104394;/app/bags/user95_2017-02-24.bag;0.834065854549408;0.0;0.9619645476341248;0.0;3.6903359844713712;0.8114143797257863;0.18858562027421366
1731802261.7104;/app/bags/user95_2017-02-24.bag;0.834065854549408;0.0;0.9619645476341248;0.0;3.6903359844713712;0.8114143797257863;0.18858562027421366
1731802261.9103856;/app/bags/user95_2017-02-24.bag;0.834065854549408;0.0;0.9619645476341248;0.0;3.6903359844713712;0.8114143797257863;0.18858562027421366
1731802262.1104057;/app/bags/user95_2017-02-24.bag;0.834065854549408;0.0;0.9619645476341248;0.0;3.6903359844713712;0.8114143797257863;0.18858562027421366
1731802262.3103867;/app/bags/user95_2017-02-24.bag;0.834065854549408;0.0;0.9619645476341248;0.0;3.6903359844713712;0.8114143797257863;0.18858562027421366
1731802262.51039;/app/bags/user95_2017-02-24.bag;0.834065854549408;0.0;0.9619645476341248;0.0;3.6903359844713712;0.8114143797257863;0.18858562027421366
1731802262.7103636;/app/bags/user95_2017-02-24.bag;0.834065854549408;0.0;0.9619645476341248;0.0;3.6903359844713712;0.8114143797257863;0.18858562027421366
1731802262.9104342;/app/bags/user95_2017-02-24.bag;0.834065854549408;0.0;0.9619645476341248;0.0;3.6903359844713712;0.8114143797257863;0.18858562027421366
1731802263.110376;/app/bags/user95_2017-02-24.bag;0.834065854549408;0.0;0.9619645476341248;0.0;3.6903359844713712;0.8114143797257863;0.18858562027421366
1731802263.3104076;/app/bags/user95_2017-02-24.bag;0.834065854549408;0.0;0.9619645476341248;0.0;3.6903359844713712;0.8114143797257863;0.18858562027421366
1731802263.5104125;/app/bags/user95_2017-02-24.bag;0.834065854549408;0.0;0.9619645476341248;0.0;3.6903359844713712;0.8114143797257863;0.18858562027421366
1731802263.7103906;/app/bags/user95_2017-02-24.bag;0.834065854549408;0.0;0.9619645476341248;0.0;3.6903359844713712;0.8114143797257863;0.18858562027421366
1731802263.9105158;/app/bags/user95_2017-02-24.bag;0.834065854549408;0.0;0.9619645476341248;0.0;3.6903359844713712;0.8114143797257863;0.18858562027421366
1731802264.1103847;/app/bags/user95_2017-02-24.bag;0.834065854549408;0.0;0.9619645476341248;0.0;3.6903359844713712;0.8114143797257863;0.18858562027421366
1731802264.3103921;/app/bags/user95_2017-02-24.bag;0.834065854549408;0.0;0.9619645476341248;0.0;3.6903359844713712;0.8114143797257863;0.18858562027421366
1731802264.5103977;/app/bags/user95_2017-02-24.bag;0.834065854549408;0.0;0.9619645476341248;0.0;3.6903359844713712;0.8114143797257863;0.18858562027421366
1731802264.710375;/app/bags/user95_2017-02-24.bag;0.834065854549408;0.0;0.9619645476341248;0.0;3.6903359844713712;0.8114143797257863;0.18858562027421366
1731802264.9103665;/app/bags/user95_2017-02-24.bag;0.834065854549408;0.0;0.9619645476341248;0.0;3.6903359844713712;0.8114143797257863;0.18858562027421366
1731802265.1104298;/app/bags/user95_2017-02-24.bag;0.834065854549408;0.0;0.9619645476341248;0.0;3.6903359844713712;0.8114143797257863;0.18858562027421366
1731802265.3104093;/app/bags/user95_2017-02-24.bag;0.834065854549408;0.0;0.9619645476341248;0.0;3.6903359844713712;0.8114143797257863;0.18858562027421366
1731802265.5104065;/app/bags/user95_2017-02-24.bag;0.834065854549408;0.0;0.9619645476341248;0.0;3.6903359844713712;0.8114143797257863;0.18858562027421366
1731802265.7103884;/app/bags/user95_2017-02-24.bag;0.834065854549408;0.0;0.9619645476341248;0.0;3.6903359844713712;0.8114143797257863;0.18858562027421366
1731802265.910374;/app/bags/user95_2017-02-24.bag;0.834065854549408;0.0;0.9619645476341248;0.0;3.6903359844713712;0.8114143797257863;0.18858562027421366
1731802266.1104321;/app/bags/user95_2017-02-24.bag;0.834065854549408;0.0;0.9619645476341248;0.0;3.6903359844713712;0.8114143797257863;0.18858562027421366
1731802266.3103812;/app/bags/user95_2017-02-24.bag;0.834065854549408;0.0;0.9619645476341248;0.0;3.6903359844713712;0.8114143797257863;0.18858562027421366
1731802266.5103884;/app/bags/user95_2017-02-24.bag;0.834065854549408;0.0;0.9619645476341248;0.0;3.6903359844713712;0.8114143797257863;0.18858562027421366
1731802266.7104979;/app/bags/user95_2017-02-24.bag;0.834065854549408;0.0;0.9619645476341248;0.0;3.6903359844713712;0.8114143797257863;0.18858562027421366
1731802266.9103966;/app/bags/user95_2017-02-24.bag;0.834065854549408;0.0;0.9619645476341248;0.0;3.6903359844713712;0.8114143797257863;0.18858562027421366
1731802267.1104064;/app/bags/user95_2017-02-24.bag;0.834065854549408;0.0;0.9619645476341248;0.0;3.6903359844713712;0.8114143797257863;0.18858562027421366
1731802267.3103807;/app/bags/user95_2017-02-24.bag;0.834065854549408;0.0;0.9619645476341248;0.0;3.6903359844713712;0.8114143797257863;0.18858562027421366
1731802267.5104392;/app/bags/user95_2017-02-24.bag;0.834065854549408;0.0;0.9619645476341248;0.0;3.6903359844713712;0.8114143797257863;0.18858562027421366
1731802267.7104392;/app/bags/user95_2017-02-24.bag;0.834065854549408;0.0;0.9619645476341248;0.0;3.6903359844713712;0.8114143797257863;0.18858562027421366
1731802267.9105127;/app/bags/user95_2017-02-24.bag;0.834065854549408;0.0;0.9619645476341248;0.0;3.6903359844713712;0.8114143797257863;0.18858562027421366
1731802268.1103995;/app/bags/user95_2017-02-24.bag;0.834065854549408;0.0;0.9619645476341248;0.0;3.6903359844713712;0.8114143797257863;0.18858562027421366
1731802268.3104205;/app/bags/user95_2017-02-24.bag;0.834065854549408;0.0;0.9619645476341248;0.0;3.6903359844713712;0.8114143797257863;0.18858562027421366
1731802268.5104532;/app/bags/user95_2017-02-24.bag;0.834065854549408;0.0;0.9619645476341248;0.0;3.6903359844713712;0.8114143797257863;0.18858562027421366
1731802268.710436;/app/bags/user95_2017-02-24.bag;0.834065854549408;0.0;0.9619645476341248;0.0;3.6903359844713712;0.8114143797257863;0.18858562027421366
1731802268.9104002;/app/bags/user95_2017-02-24.bag;0.834065854549408;0.0;0.9619645476341248;0.0;3.6903359844713712;0.8114143797257863;0.18858562027421366
1731802269.1103938;/app/bags/user95_2017-02-24.bag;0.834065854549408;0.0;0.9619645476341248;0.0;3.6903359844713712;0.8114143797257863;0.18858562027421366
1731802269.310456;/app/bags/user95_2017-02-24.bag;0.834065854549408;0.0;0.9619645476341248;0.0;3.6903359844713712;0.8114143797257863;0.18858562027421366
1731802269.5104141;/app/bags/user95_2017-02-24.bag;0.834065854549408;0.0;0.9619645476341248;0.0;3.6903359844713712;0.8114143797257863;0.18858562027421366
1731802269.710399;/app/bags/user95_2017-02-24.bag;0.834065854549408;0.0;0.9619645476341248;0.0;3.6903359844713712;0.8114143797257863;0.18858562027421366
1731802269.9103513;/app/bags/user95_2017-02-24.bag;0.834065854549408;0.0;0.9619645476341248;0.0;3.6903359844713712;0.8114143797257863;0.18858562027421366
1731802270.110386;/app/bags/user95_2017-02-24.bag;0.834065854549408;0.0;0.9619645476341248;0.0;3.6903359844713712;0.8114143797257863;0.18858562027421366
1731802270.3103788;/app/bags/user95_2017-02-24.bag;0.834065854549408;0.0;0.9619645476341248;0.0;3.6903359844713712;0.8114143797257863;0.18858562027421366
1731802270.510392;/app/bags/user95_2017-02-24.bag;0.834065854549408;0.0;0.9619645476341248;0.0;3.6903359844713712;0.8114143797257863;0.18858562027421366
1731802270.71044;/app/bags/user95_2017-02-24.bag;0.834065854549408;0.0;0.9619645476341248;0.0;3.6903359844713712;0.8114143797257863;0.18858562027421366
1731802270.91041;/app/bags/user95_2017-02-24.bag;0.834065854549408;0.0;0.9619645476341248;0.0;3.6903359844713712;0.8114143797257863;0.18858562027421366
1731802271.1105204;/app/bags/user95_2017-02-24.bag;0.834065854549408;0.0;0.9619645476341248;0.0;3.6903359844713712;0.8114143797257863;0.18858562027421366
1731802271.310397;/app/bags/user95_2017-02-24.bag;0.834065854549408;0.0;0.9619645476341248;0.0;3.6903359844713712;0.8114143797257863;0.18858562027421366
1731802271.510414;/app/bags/user95_2017-02-24.bag;0.834065854549408;0.0;0.9619645476341248;0.0;3.6903359844713712;0.8114143797257863;0.18858562027421366
1731802271.710422;/app/bags/user95_2017-02-24.bag;0.834065854549408;0.0;0.9619645476341248;0.0;3.6903359844713712;0.8114143797257863;0.18858562027421366
1731802271.9104683;/app/bags/user95_2017-02-24.bag;0.834065854549408;0.0;0.9619645476341248;0.0;3.6903359844713712;0.8114143797257863;0.18858562027421366
1731802272.110413;/app/bags/user95_2017-02-24.bag;0.834065854549408;0.0;0.9619645476341248;0.0;3.6903359844713712;0.8114143797257863;0.18858562027421366
1731802272.310365;/app/bags/user95_2017-02-24.bag;0.834065854549408;0.0;0.9619645476341248;0.0;3.6903359844713712;0.8114143797257863;0.18858562027421366
1731802272.5104527;/app/bags/user95_2017-02-24.bag;0.834065854549408;0.0;0.9619645476341248;0.0;3.6903359844713712;0.8114143797257863;0.18858562027421366
1731802272.7103934;/app/bags/user95_2017-02-24.bag;0.834065854549408;0.0;0.9619645476341248;0.0;3.6903359844713712;0.8114143797257863;0.18858562027421366
1731802272.9103932;/app/bags/user95_2017-02-24.bag;0.834065854549408;0.0;0.9619645476341248;0.0;3.6903359844713712;0.8114143797257863;0.18858562027421366
1731802273.1103988;/app/bags/user95_2017-02-24.bag;0.834065854549408;0.0;0.9619645476341248;0.0;3.6903359844713712;0.8114143797257863;0.18858562027421366
1731802273.3103635;/app/bags/user95_2017-02-24.bag;0.834065854549408;0.0;0.9619645476341248;0.0;3.6903359844713712;0.8114143797257863;0.18858562027421366
1731802273.5104144;/app/bags/user95_2017-02-24.bag;0.834065854549408;0.0;0.9619645476341248;0.0;3.6903359844713712;0.8114143797257863;0.18858562027421366
1731802273.7104447;/app/bags/user95_2017-02-24.bag;0.834065854549408;0.0;0.9619645476341248;0.0;3.6903359844713712;0.8114143797257863;0.18858562027421366
1731802273.9104033;/app/bags/user95_2017-02-24.bag;0.834065854549408;0.0;0.9619645476341248;0.0;3.6903359844713712;0.8114143797257863;0.18858562027421366
1731802274.1103575;/app/bags/user95_2017-02-24.bag;0.834065854549408;0.0;0.9619645476341248;0.0;3.6903359844713712;0.8114143797257863;0.18858562027421366
1731802274.3103514;/app/bags/user95_2017-02-24.bag;0.834065854549408;0.0;0.9619645476341248;0.0;3.6903359844713712;0.8114143797257863;0.18858562027421366
1731802274.5104039;/app/bags/user95_2017-02-24.bag;0.834065854549408;0.0;0.9619645476341248;0.0;3.6903359844713712;0.8114143797257863;0.18858562027421366
1731802274.7103677;/app/bags/user95_2017-02-24.bag;0.834065854549408;0.0;0.9619645476341248;0.0;3.6903359844713712;0.8114143797257863;0.18858562027421366
1731802274.9103606;/app/bags/user95_2017-02-24.bag;0.834065854549408;0.0;0.9619645476341248;0.0;3.6903359844713712;0.8114143797257863;0.18858562027421366
1731802275.1104035;/app/bags/user95_2017-02-24.bag;0.834065854549408;0.0;0.9619645476341248;0.0;3.6903359844713712;0.8114143797257863;0.18858562027421366
1731802275.3103883;/app/bags/user95_2017-02-24.bag;0.834065854549408;0.0;0.9619645476341248;0.0;3.6903359844713712;0.8114143797257863;0.18858562027421366
1731802275.510464;/app/bags/user95_2017-02-24.bag;0.834065854549408;0.0;0.9619645476341248;0.0;3.6903359844713712;0.8114143797257863;0.18858562027421366
1731802275.710358;/app/bags/user95_2017-02-24.bag;0.834065854549408;0.0;0.9619645476341248;0.0;3.6903359844713712;0.8114143797257863;0.18858562027421366
1731802275.9104133;/app/bags/user95_2017-02-24.bag;0.834065854549408;0.0;0.9619645476341248;0.0;3.6903359844713712;0.8114143797257863;0.18858562027421366
1731802276.1104171;/app/bags/user95_2017-02-24.bag;0.834065854549408;0.0;0.9619645476341248;0.0;3.6903359844713712;0.8114143797257863;0.18858562027421366
1731802276.3104458;/app/bags/user95_2017-02-24.bag;0.834065854549408;0.0;0.9619645476341248;0.0;3.6903359844713712;0.8114143797257863;0.18858562027421366
1731802276.510392;/app/bags/user95_2017-02-24.bag;0.834065854549408;0.0;0.9619645476341248;0.0;3.6903359844713712;0.8114143797257863;0.18858562027421366
1731802276.7103672;/app/bags/user95_2017-02-24.bag;0.834065854549408;0.0;0.9619645476341248;0.0;3.6903359844713712;0.8114143797257863;0.18858562027421366
1731802276.9103985;/app/bags/user95_2017-02-24.bag;0.834065854549408;0.0;0.9619645476341248;0.0;3.6903359844713712;0.8114143797257863;0.18858562027421366
1731802277.110367;/app/bags/user95_2017-02-24.bag;0.834065854549408;0.0;0.9619645476341248;0.0;3.6903359844713712;0.8114143797257863;0.18858562027421366
1731802277.3104475;/app/bags/user95_2017-02-24.bag;0.834065854549408;0.0;0.9619645476341248;0.0;3.6903359844713712;0.8114143797257863;0.18858562027421366
1731802277.5103924;/app/bags/user95_2017-02-24.bag;0.834065854549408;0.0;0.9619645476341248;0.0;3.6903359844713712;0.8114143797257863;0.18858562027421366
1731802277.7104094;/app/bags/user95_2017-02-24.bag;0.834065854549408;0.0;0.9619645476341248;0.0;3.6903359844713712;0.8114143797257863;0.18858562027421366
1731802277.9103973;/app/bags/user95_2017-02-24.bag;0.834065854549408;0.0;0.9619645476341248;0.0;3.6903359844713712;0.8114143797257863;0.18858562027421366
1731802278.1104126;/app/bags/user95_2017-02-24.bag;0.834065854549408;0.0;0.9619645476341248;0.0;3.6903359844713712;0.8114143797257863;0.18858562027421366
1731802278.3105154;/app/bags/user95_2017-02-24.bag;0.834065854549408;0.0;0.9619645476341248;0.0;3.6903359844713712;0.8114143797257863;0.18858562027421366
1731802278.510417;/app/bags/user95_2017-02-24.bag;0.834065854549408;0.0;0.9619645476341248;0.0;3.6903359844713712;0.8114143797257863;0.18858562027421366
1731802278.710401;/app/bags/user95_2017-02-24.bag;0.834065854549408;0.0;0.9619645476341248;0.0;3.6903359844713712;0.8114143797257863;0.18858562027421366
1731802278.9104512;/app/bags/user95_2017-02-24.bag;0.834065854549408;0.0;0.9619645476341248;0.0;3.6903359844713712;0.8114143797257863;0.18858562027421366
1731802279.110392;/app/bags/user95_2017-02-24.bag;0.834065854549408;0.0;0.9619645476341248;0.0;3.6903359844713712;0.8114143797257863;0.18858562027421366
1731802279.310392;/app/bags/user95_2017-02-24.bag;0.834065854549408;0.0;0.9619645476341248;0.0;3.6903359844713712;0.8114143797257863;0.18858562027421366
1731802279.5103967;/app/bags/user95_2017-02-24.bag;0.834065854549408;0.0;0.9619645476341248;0.0;3.6903359844713712;0.8114143797257863;0.18858562027421366
1731802279.7103724;/app/bags/user95_2017-02-24.bag;0.834065854549408;0.0;0.9619645476341248;0.0;3.6903359844713712;0.8114143797257863;0.18858562027421366
1731802279.91038;/app/bags/user95_2017-02-24.bag;0.834065854549408;0.0;0.9619645476341248;0.0;3.6903359844713712;0.8114143797257863;0.18858562027421366
1731802280.110395;/app/bags/user95_2017-02-24.bag;0.834065854549408;0.0;0.9619645476341248;0.0;3.6903359844713712;0.8114143797257863;0.18858562027421366
1731802280.3104417;/app/bags/user95_2017-02-24.bag;0.834065854549408;0.0;0.9619645476341248;0.0;3.6903359844713712;0.8114143797257863;0.18858562027421366
1731802280.5103915;/app/bags/user95_2017-02-24.bag;0.834065854549408;0.0;0.9619645476341248;0.0;3.6903359844713712;0.8114143797257863;0.18858562027421366
1731802280.7104378;/app/bags/user95_2017-02-24.bag;0.834065854549408;0.0;0.9619645476341248;0.0;3.6903359844713712;0.8114143797257863;0.18858562027421366
1731802280.9104156;/app/bags/user95_2017-02-24.bag;0.834065854549408;0.0;0.9619645476341248;0.0;3.6903359844713712;0.8114143797257863;0.18858562027421366
1731802281.110358;/app/bags/user95_2017-02-24.bag;0.834065854549408;0.0;0.9619645476341248;0.0;3.6903359844713712;0.8114143797257863;0.18858562027421366
1731802281.3105743;/app/bags/user95_2017-02-24.bag;0.834065854549408;0.0;0.9619645476341248;0.0;3.6903359844713712;0.8114143797257863;0.18858562027421366
1731802281.5104003;/app/bags/user95_2017-02-24.bag;0.834065854549408;0.0;0.9619645476341248;0.0;3.6903359844713712;0.8114143797257863;0.18858562027421366
1731802281.71039;/app/bags/user95_2017-02-24.bag;0.834065854549408;0.0;0.9619645476341248;0.0;3.6903359844713712;0.8114143797257863;0.18858562027421366
1731802281.9103835;/app/bags/user95_2017-02-24.bag;0.834065854549408;0.0;0.9619645476341248;0.0;3.6903359844713712;0.8114143797257863;0.18858562027421366
1731802282.1103754;/app/bags/user95_2017-02-24.bag;0.834065854549408;0.0;0.9619645476341248;0.0;3.6903359844713712;0.8114143797257863;0.18858562027421366
1731802282.3104045;/app/bags/user95_2017-02-24.bag;0.834065854549408;0.0;0.9619645476341248;0.0;3.6903359844713712;0.8114143797257863;0.18858562027421366
1731802282.5103753;/app/bags/user95_2017-02-24.bag;0.834065854549408;0.0;0.9619645476341248;0.0;3.6903359844713712;0.8114143797257863;0.18858562027421366
1731802282.710444;/app/bags/user95_2017-02-24.bag;0.834065854549408;0.0;0.9619645476341248;0.0;3.6903359844713712;0.8114143797257863;0.18858562027421366
1731802282.9103894;/app/bags/user95_2017-02-24.bag;0.834065854549408;0.0;0.9619645476341248;0.0;3.6903359844713712;0.8114143797257863;0.18858562027421366
1731802283.1103783;/app/bags/user95_2017-02-24.bag;0.834065854549408;0.0;0.9619645476341248;0.0;3.6903359844713712;0.8114143797257863;0.18858562027421366
1731802283.310432;/app/bags/user95_2017-02-24.bag;0.834065854549408;0.0;0.9619645476341248;0.0;3.6903359844713712;0.8114143797257863;0.18858562027421366
1731802283.5103989;/app/bags/user95_2017-02-24.bag;0.834065854549408;0.0;0.9619645476341248;0.0;3.6903359844713712;0.8114143797257863;0.18858562027421366
1731802283.7105083;/app/bags/user95_2017-02-24.bag;0.834065854549408;0.0;0.9619645476341248;0.0;3.6903359844713712;0.8114143797257863;0.18858562027421366
1731802283.9104273;/app/bags/user95_2017-02-24.bag;0.834065854549408;0.0;0.9619645476341248;0.0;3.6903359844713712;0.8114143797257863;0.18858562027421366
1731802284.1104286;/app/bags/user95_2017-02-24.bag;0.834065854549408;0.0;0.9619645476341248;0.0;3.6903359844713712;0.8114143797257863;0.18858562027421366
1731802284.310424;/app/bags/user95_2017-02-24.bag;0.834065854549408;0.0;0.9619645476341248;0.0;3.6903359844713712;0.8114143797257863;0.18858562027421366
1731802284.5103445;/app/bags/user95_2017-02-24.bag;0.834065854549408;0.0;0.9619645476341248;0.0;3.6903359844713712;0.8114143797257863;0.18858562027421366
1731802284.7103975;/app/bags/user95_2017-02-24.bag;0.834065854549408;0.0;0.9619645476341248;0.0;3.6903359844713712;0.8114143797257863;0.18858562027421366
1731802284.9103587;/app/bags/user95_2017-02-24.bag;0.834065854549408;0.0;0.9619645476341248;0.0;3.6903359844713712;0.8114143797257863;0.18858562027421366
1731802285.1104317;/app/bags/user95_2017-02-24.bag;0.834065854549408;0.0;0.9619645476341248;0.0;3.6903359844713712;0.8114143797257863;0.18858562027421366
1731802285.3103848;/app/bags/user95_2017-02-24.bag;0.834065854549408;0.0;0.9619645476341248;0.0;3.6903359844713712;0.8114143797257863;0.18858562027421366
1731802285.5103908;/app/bags/user95_2017-02-24.bag;0.834065854549408;0.0;0.9619645476341248;0.0;3.6903359844713712;0.8114143797257863;0.18858562027421366
1731802285.7104018;/app/bags/user95_2017-02-24.bag;0.834065854549408;0.0;0.9619645476341248;0.0;3.6903359844713712;0.8114143797257863;0.18858562027421366
1731802285.9104152;/app/bags/user95_2017-02-24.bag;0.834065854549408;0.0;0.9619645476341248;0.0;3.6903359844713712;0.8114143797257863;0.18858562027421366
1731802286.110379;/app/bags/user95_2017-02-24.bag;0.834065854549408;0.0;0.9619645476341248;0.0;3.6903359844713712;0.8114143797257863;0.18858562027421366
1731802286.310412;/app/bags/user95_2017-02-24.bag;0.834065854549408;0.0;0.9619645476341248;0.0;3.6903359844713712;0.8114143797257863;0.18858562027421366
1731802286.5104;/app/bags/user95_2017-02-24.bag;0.834065854549408;0.0;0.9619645476341248;0.0;3.6903359844713712;0.8114143797257863;0.18858562027421366
1731802286.7103784;/app/bags/user95_2017-02-24.bag;0.834065854549408;0.0;0.9619645476341248;0.0;3.6903359844713712;0.8114143797257863;0.18858562027421366
1731802286.9103787;/app/bags/user95_2017-02-24.bag;0.834065854549408;0.0;0.9619645476341248;0.0;3.6903359844713712;0.8114143797257863;0.18858562027421366
1731802287.1104193;/app/bags/user95_2017-02-24.bag;0.834065854549408;0.0;0.9619645476341248;0.0;3.6903359844713712;0.8114143797257863;0.18858562027421366
1731802287.3104134;/app/bags/user95_2017-02-24.bag;0.834065854549408;0.0;0.9619645476341248;0.0;3.6903359844713712;0.8114143797257863;0.18858562027421366
1731802287.5104337;/app/bags/user95_2017-02-24.bag;0.834065854549408;0.0;0.9619645476341248;0.0;3.6903359844713712;0.8114143797257863;0.18858562027421366
1731802287.7104323;/app/bags/user95_2017-02-24.bag;0.834065854549408;0.0;0.9619645476341248;0.0;3.6903359844713712;0.8114143797257863;0.18858562027421366
1731802287.9103756;/app/bags/user95_2017-02-24.bag;0.834065854549408;0.0;0.9619645476341248;0.0;3.6903359844713712;0.8114143797257863;0.18858562027421366
1731802288.1103718;/app/bags/user95_2017-02-24.bag;0.834065854549408;0.0;0.9619645476341248;0.0;3.6903359844713712;0.8114143797257863;0.18858562027421366
1731802288.3103878;/app/bags/user95_2017-02-24.bag;0.834065854549408;0.0;0.9619645476341248;0.0;3.6903359844713712;0.8114143797257863;0.18858562027421366
1731802288.5105007;/app/bags/user95_2017-02-24.bag;0.834065854549408;0.0;0.9619645476341248;0.0;3.6903359844713712;0.8114143797257863;0.18858562027421366
1731802288.7103968;/app/bags/user95_2017-02-24.bag;0.834065854549408;0.0;0.9619645476341248;0.0;3.6903359844713712;0.8114143797257863;0.18858562027421366
1731802288.9104104;/app/bags/user95_2017-02-24.bag;0.834065854549408;0.0;0.9619645476341248;0.0;3.6903359844713712;0.8114143797257863;0.18858562027421366
1731802289.1104016;/app/bags/user95_2017-02-24.bag;0.834065854549408;0.0;0.9619645476341248;0.0;3.6903359844713712;0.8114143797257863;0.18858562027421366
1731802289.31035;/app/bags/user95_2017-02-24.bag;0.834065854549408;0.0;0.9619645476341248;0.0;3.6903359844713712;0.8114143797257863;0.18858562027421366
1731802289.5104265;/app/bags/user95_2017-02-24.bag;0.834065854549408;0.0;0.9619645476341248;0.0;3.6903359844713712;0.8114143797257863;0.18858562027421366
1731802289.7103922;/app/bags/user95_2017-02-24.bag;0.834065854549408;0.0;0.9619645476341248;0.0;3.6903359844713712;0.8114143797257863;0.18858562027421366
1731802289.9104304;/app/bags/user95_2017-02-24.bag;0.834065854549408;0.0;0.9619645476341248;0.0;3.6903359844713712;0.8114143797257863;0.18858562027421366
1731802290.1104953;/app/bags/user95_2017-02-24.bag;0.834065854549408;0.0;0.9619645476341248;0.0;3.6903359844713712;0.8114143797257863;0.18858562027421366
1731802290.3103843;/app/bags/user95_2017-02-24.bag;0.834065854549408;0.0;0.9619645476341248;0.0;3.6903359844713712;0.8114143797257863;0.18858562027421366
1731802290.5103877;/app/bags/user95_2017-02-24.bag;0.834065854549408;0.0;0.9619645476341248;0.0;3.6903359844713712;0.8114143797257863;0.18858562027421366
1731802290.710397;/app/bags/user95_2017-02-24.bag;0.834065854549408;0.0;0.9619645476341248;0.0;3.6903359844713712;0.8114143797257863;0.18858562027421366
1731802290.9103906;/app/bags/user95_2017-02-24.bag;0.834065854549408;0.0;0.9619645476341248;0.0;3.6903359844713712;0.8114143797257863;0.18858562027421366
1731802291.11043;/app/bags/user95_2017-02-24.bag;0.834065854549408;0.0;0.9619645476341248;0.0;3.6903359844713712;0.8114143797257863;0.18858562027421366
1731802291.310459;/app/bags/user95_2017-02-24.bag;0.834065854549408;0.0;0.9619645476341248;0.0;3.6903359844713712;0.8114143797257863;0.18858562027421366
1731802291.5105286;/app/bags/user95_2017-02-24.bag;0.834065854549408;0.0;0.9619645476341248;0.0;3.6903359844713712;0.8114143797257863;0.18858562027421366
1731802291.710398;/app/bags/user95_2017-02-24.bag;0.834065854549408;0.0;0.9619645476341248;0.0;3.6903359844713712;0.8114143797257863;0.18858562027421366
1731802291.9103882;/app/bags/user95_2017-02-24.bag;0.834065854549408;0.0;0.9619645476341248;0.0;3.6903359844713712;0.8114143797257863;0.18858562027421366
1731802292.1103635;/app/bags/user95_2017-02-24.bag;0.834065854549408;0.0;0.9619645476341248;0.0;3.6903359844713712;0.8114143797257863;0.18858562027421366
1731802292.3104336;/app/bags/user95_2017-02-24.bag;0.834065854549408;0.0;0.9619645476341248;0.0;3.6903359844713712;0.8114143797257863;0.18858562027421366
1731802292.5103858;/app/bags/user95_2017-02-24.bag;0.834065854549408;0.0;0.9619645476341248;0.0;3.6903359844713712;0.8114143797257863;0.18858562027421366
1731802292.7103536;/app/bags/user95_2017-02-24.bag;0.834065854549408;0.0;0.9619645476341248;0.0;3.6903359844713712;0.8114143797257863;0.18858562027421366
1731802292.9104688;/app/bags/user95_2017-02-24.bag;0.834065854549408;0.0;0.9619645476341248;0.0;3.6903359844713712;0.8114143797257863;0.18858562027421366
1731802293.1103945;/app/bags/user95_2017-02-24.bag;0.834065854549408;0.0;0.9619645476341248;0.0;3.6903359844713712;0.8114143797257863;0.18858562027421366
1731802293.3104162;/app/bags/user95_2017-02-24.bag;0.834065854549408;0.0;0.9619645476341248;0.0;3.6903359844713712;0.8114143797257863;0.18858562027421366
1731802293.5103948;/app/bags/user95_2017-02-24.bag;0.834065854549408;0.0;0.9619645476341248;0.0;3.6903359844713712;0.8114143797257863;0.18858562027421366
1731802293.7104495;/app/bags/user95_2017-02-24.bag;0.834065854549408;0.0;0.9619645476341248;0.0;3.6903359844713712;0.8114143797257863;0.18858562027421366
1731802293.9104452;/app/bags/user95_2017-02-24.bag;0.834065854549408;0.0;0.9619645476341248;0.0;3.6903359844713712;0.8114143797257863;0.18858562027421366
1731802294.1103933;/app/bags/user95_2017-02-24.bag;0.834065854549408;0.0;0.9619645476341248;0.0;3.6903359844713712;0.8114143797257863;0.18858562027421366
1731802294.3103921;/app/bags/user95_2017-02-24.bag;0.834065854549408;0.0;0.9619645476341248;0.0;3.6903359844713712;0.8114143797257863;0.18858562027421366
1731802294.5104764;/app/bags/user95_2017-02-24.bag;0.834065854549408;0.0;0.9619645476341248;0.0;3.6903359844713712;0.8114143797257863;0.18858562027421366
1731802294.7103958;/app/bags/user95_2017-02-24.bag;0.834065854549408;0.0;0.9619645476341248;0.0;3.6903359844713712;0.8114143797257863;0.18858562027421366
1731802294.9104786;/app/bags/user95_2017-02-24.bag;0.834065854549408;0.0;0.9619645476341248;0.0;3.6903359844713712;0.8114143797257863;0.18858562027421366
1731802295.1104288;/app/bags/user95_2017-02-24.bag;0.834065854549408;0.0;0.9619645476341248;0.0;3.6903359844713712;0.8114143797257863;0.18858562027421366
1731802295.3104463;/app/bags/user95_2017-02-24.bag;0.834065854549408;0.0;0.9619645476341248;0.0;3.6903359844713712;0.8114143797257863;0.18858562027421366
1731802295.5104787;/app/bags/user95_2017-02-24.bag;0.834065854549408;0.0;0.9619645476341248;0.0;3.6903359844713712;0.8114143797257863;0.18858562027421366
1731802295.710404;/app/bags/user95_2017-02-24.bag;0.834065854549408;0.0;0.9619645476341248;0.0;3.6903359844713712;0.8114143797257863;0.18858562027421366
1731802295.910389;/app/bags/user95_2017-02-24.bag;0.834065854549408;0.0;0.9619645476341248;0.0;3.6903359844713712;0.8114143797257863;0.18858562027421366
1731802296.1104472;/app/bags/user95_2017-02-24.bag;0.834065854549408;0.0;0.9619645476341248;0.0;3.6903359844713712;0.8114143797257863;0.18858562027421366
1731802296.3103704;/app/bags/user95_2017-02-24.bag;0.834065854549408;0.0;0.9619645476341248;0.0;3.6903359844713712;0.8114143797257863;0.18858562027421366
1731802296.510441;/app/bags/user95_2017-02-24.bag;0.834065854549408;0.0;0.9619645476341248;0.0;3.6903359844713712;0.8114143797257863;0.18858562027421366
1731802296.710395;/app/bags/user95_2017-02-24.bag;0.834065854549408;0.0;0.9619645476341248;0.0;3.6903359844713712;0.8114143797257863;0.18858562027421366
1731802296.9103894;/app/bags/user95_2017-02-24.bag;0.834065854549408;0.0;0.9619645476341248;0.0;3.6903359844713712;0.8114143797257863;0.18858562027421366
1731802297.1103647;/app/bags/user95_2017-02-24.bag;0.834065854549408;0.0;0.9619645476341248;0.0;3.6903359844713712;0.8114143797257863;0.18858562027421366
1731802297.3104274;/app/bags/user95_2017-02-24.bag;0.834065854549408;0.0;0.9619645476341248;0.0;3.6903359844713712;0.8114143797257863;0.18858562027421366
1731802297.510387;/app/bags/user95_2017-02-24.bag;0.834065854549408;0.0;0.9619645476341248;0.0;3.6903359844713712;0.8114143797257863;0.18858562027421366
1731802297.7104595;/app/bags/user95_2017-02-24.bag;0.834065854549408;0.0;0.9619645476341248;0.0;3.6903359844713712;0.8114143797257863;0.18858562027421366
1731802297.910441;/app/bags/user95_2017-02-24.bag;0.834065854549408;0.0;0.9619645476341248;0.0;3.6903359844713712;0.8114143797257863;0.18858562027421366
1731802298.1104848;/app/bags/user95_2017-02-24.bag;0.834065854549408;0.0;0.9619645476341248;0.0;3.6903359844713712;0.8114143797257863;0.18858562027421366
1731802298.3103452;/app/bags/user95_2017-02-24.bag;0.834065854549408;0.0;0.9619645476341248;0.0;3.6903359844713712;0.8114143797257863;0.18858562027421366
1731802298.51046;/app/bags/user95_2017-02-24.bag;0.834065854549408;0.0;0.9619645476341248;0.0;3.6903359844713712;0.8114143797257863;0.18858562027421366
1731802298.710439;/app/bags/user95_2017-02-24.bag;0.834065854549408;0.0;0.9619645476341248;0.0;3.6903359844713712;0.8114143797257863;0.18858562027421366
1731802298.910426;/app/bags/user95_2017-02-24.bag;0.834065854549408;0.0;0.9619645476341248;0.0;3.6903359844713712;0.8114143797257863;0.18858562027421366
1731802299.1103945;/app/bags/user95_2017-02-24.bag;0.834065854549408;0.0;0.9619645476341248;0.0;3.6903359844713712;0.8114143797257863;0.18858562027421366
1731802299.3103697;/app/bags/user95_2017-02-24.bag;0.834065854549408;0.0;0.9619645476341248;0.0;3.6903359844713712;0.8114143797257863;0.18858562027421366
1731802299.5104406;/app/bags/user95_2017-02-24.bag;0.834065854549408;0.0;0.9619645476341248;0.0;3.6903359844713712;0.8114143797257863;0.18858562027421366
1731802299.710394;/app/bags/user95_2017-02-24.bag;0.834065854549408;0.0;0.9619645476341248;0.0;3.6903359844713712;0.8114143797257863;0.18858562027421366
1731802299.9104161;/app/bags/user95_2017-02-24.bag;0.834065854549408;0.0;0.9619645476341248;0.0;3.6903359844713712;0.8114143797257863;0.18858562027421366
1731802300.110399;/app/bags/user95_2017-02-24.bag;0.834065854549408;0.0;0.9619645476341248;0.0;3.6903359844713712;0.8114143797257863;0.18858562027421366
1731802300.3105009;/app/bags/user95_2017-02-24.bag;0.834065854549408;0.0;0.9619645476341248;0.0;3.6903359844713712;0.8114143797257863;0.18858562027421366
1731802300.5103939;/app/bags/user95_2017-02-24.bag;0.834065854549408;0.0;0.9619645476341248;0.0;3.6903359844713712;0.8114143797257863;0.18858562027421366
1731802300.7104251;/app/bags/user95_2017-02-24.bag;0.834065854549408;0.0;0.9619645476341248;0.0;3.6903359844713712;0.8114143797257863;0.18858562027421366
1731802300.9104264;/app/bags/user95_2017-02-24.bag;0.834065854549408;0.0;0.9619645476341248;0.0;3.6903359844713712;0.8114143797257863;0.18858562027421366
1731802301.110392;/app/bags/user95_2017-02-24.bag;0.834065854549408;0.0;0.9619645476341248;0.0;3.6903359844713712;0.8114143797257863;0.18858562027421366
1731802301.310393;/app/bags/user95_2017-02-24.bag;0.834065854549408;0.0;0.9619645476341248;0.0;3.6903359844713712;0.8114143797257863;0.18858562027421366
1731802301.5103872;/app/bags/user95_2017-02-24.bag;0.834065854549408;0.0;0.9619645476341248;0.0;3.6903359844713712;0.8114143797257863;0.18858562027421366
1731802301.7103946;/app/bags/user95_2017-02-24.bag;0.834065854549408;0.0;0.9619645476341248;0.0;3.6903359844713712;0.8114143797257863;0.18858562027421366
1731802301.9104688;/app/bags/user95_2017-02-24.bag;0.834065854549408;0.0;0.9619645476341248;0.0;3.6903359844713712;0.8114143797257863;0.18858562027421366
1731802302.1104646;/app/bags/user95_2017-02-24.bag;0.834065854549408;0.0;0.9619645476341248;0.0;3.6903359844713712;0.8114143797257863;0.18858562027421366
1731802302.3103943;/app/bags/user95_2017-02-24.bag;0.834065854549408;0.0;0.9619645476341248;0.0;3.6903359844713712;0.8114143797257863;0.18858562027421366
1731802302.5104;/app/bags/user95_2017-02-24.bag;0.834065854549408;0.0;0.9619645476341248;0.0;3.6903359844713712;0.8114143797257863;0.18858562027421366
1731802302.7103503;/app/bags/user95_2017-02-24.bag;0.834065854549408;0.0;0.9619645476341248;0.0;3.6903359844713712;0.8114143797257863;0.18858562027421366
1731802302.9104648;/app/bags/user95_2017-02-24.bag;0.834065854549408;0.0;0.9619645476341248;0.0;3.6903359844713712;0.8114143797257863;0.18858562027421366
1731802303.1104095;/app/bags/user95_2017-02-24.bag;0.834065854549408;0.0;0.9619645476341248;0.0;3.6903359844713712;0.8114143797257863;0.18858562027421366
1731802303.3103867;/app/bags/user95_2017-02-24.bag;0.834065854549408;0.0;0.9619645476341248;0.0;3.6903359844713712;0.8114143797257863;0.18858562027421366
1731802303.510373;/app/bags/user95_2017-02-24.bag;0.834065854549408;0.0;0.9619645476341248;0.0;3.6903359844713712;0.8114143797257863;0.18858562027421366
1731802303.7103908;/app/bags/user95_2017-02-24.bag;0.834065854549408;0.0;0.9619645476341248;0.0;3.6903359844713712;0.8114143797257863;0.18858562027421366
1731802303.9104059;/app/bags/user95_2017-02-24.bag;0.834065854549408;0.0;0.9619645476341248;0.0;3.6903359844713712;0.8114143797257863;0.18858562027421366
1731802304.1104;/app/bags/user95_2017-02-24.bag;0.834065854549408;0.0;0.9619645476341248;0.0;3.6903359844713712;0.8114143797257863;0.18858562027421366
1731802304.3103802;/app/bags/user95_2017-02-24.bag;0.834065854549408;0.0;0.9619645476341248;0.0;3.6903359844713712;0.8114143797257863;0.18858562027421366
1731802304.5104983;/app/bags/user95_2017-02-24.bag;0.834065854549408;0.0;0.9619645476341248;0.0;3.6903359844713712;0.8114143797257863;0.18858562027421366
1731802304.710383;/app/bags/user95_2017-02-24.bag;0.834065854549408;0.0;0.9619645476341248;0.0;3.6903359844713712;0.8114143797257863;0.18858562027421366
1731802304.910512;/app/bags/user95_2017-02-24.bag;0.834065854549408;0.0;0.9619645476341248;0.0;3.6903359844713712;0.8114143797257863;0.18858562027421366
1731802305.1103406;/app/bags/user95_2017-02-24.bag;0.834065854549408;0.0;0.9619645476341248;0.0;3.6903359844713712;0.8114143797257863;0.18858562027421366
1731802305.3103716;/app/bags/user95_2017-02-24.bag;0.834065854549408;0.0;0.9619645476341248;0.0;3.6903359844713712;0.8114143797257863;0.18858562027421366
1731802305.5104182;/app/bags/user95_2017-02-24.bag;0.834065854549408;0.0;0.9619645476341248;0.0;3.6903359844713712;0.8114143797257863;0.18858562027421366
1731802305.7103844;/app/bags/user95_2017-02-24.bag;0.834065854549408;0.0;0.9619645476341248;0.0;3.6903359844713712;0.8114143797257863;0.18858562027421366
1731802305.9103785;/app/bags/user95_2017-02-24.bag;0.834065854549408;0.0;0.9619645476341248;0.0;3.6903359844713712;0.8114143797257863;0.18858562027421366
1731802306.1104329;/app/bags/user95_2017-02-24.bag;0.834065854549408;0.0;0.9619645476341248;0.0;3.6903359844713712;0.8114143797257863;0.18858562027421366
1731802306.310418;/app/bags/user95_2017-02-24.bag;0.834065854549408;0.0;0.9619645476341248;0.0;3.6903359844713712;0.8114143797257863;0.18858562027421366
1731802306.510427;/app/bags/user95_2017-02-24.bag;0.834065854549408;0.0;0.9619645476341248;0.0;3.6903359844713712;0.8114143797257863;0.18858562027421366
1731802306.7105327;/app/bags/user95_2017-02-24.bag;0.834065854549408;0.0;0.9619645476341248;0.0;3.6903359844713712;0.8114143797257863;0.18858562027421366
1731802306.9103887;/app/bags/user95_2017-02-24.bag;0.834065854549408;0.0;0.9619645476341248;0.0;3.6903359844713712;0.8114143797257863;0.18858562027421366
1731802307.1103964;/app/bags/user95_2017-02-24.bag;0.834065854549408;0.0;0.9619645476341248;0.0;3.6903359844713712;0.8114143797257863;0.18858562027421366
1731802307.3104649;/app/bags/user95_2017-02-24.bag;0.834065854549408;0.0;0.9619645476341248;0.0;3.6903359844713712;0.8114143797257863;0.18858562027421366
1731802307.510452;/app/bags/user95_2017-02-24.bag;0.834065854549408;0.0;0.9619645476341248;0.0;3.6903359844713712;0.8114143797257863;0.18858562027421366
1731802307.710383;/app/bags/user95_2017-02-24.bag;0.834065854549408;0.0;0.9619645476341248;0.0;3.6903359844713712;0.8114143797257863;0.18858562027421366
1731802307.9103854;/app/bags/user95_2017-02-24.bag;0.834065854549408;0.0;0.9619645476341248;0.0;3.6903359844713712;0.8114143797257863;0.18858562027421366
1731802308.1104794;/app/bags/user95_2017-02-24.bag;0.834065854549408;0.0;0.9619645476341248;0.0;3.6903359844713712;0.8114143797257863;0.18858562027421366
1731802308.3103778;/app/bags/user95_2017-02-24.bag;0.834065854549408;0.0;0.9619645476341248;0.0;3.6903359844713712;0.8114143797257863;0.18858562027421366
1731802308.510382;/app/bags/user95_2017-02-24.bag;0.834065854549408;0.0;0.9619645476341248;0.0;3.6903359844713712;0.8114143797257863;0.18858562027421366
1731802308.7104063;/app/bags/user95_2017-02-24.bag;0.834065854549408;0.0;0.9619645476341248;0.0;3.6903359844713712;0.8114143797257863;0.18858562027421366
1731802308.9103894;/app/bags/user95_2017-02-24.bag;0.834065854549408;0.0;0.9619645476341248;0.0;3.6903359844713712;0.8114143797257863;0.18858562027421366
1731802309.1104686;/app/bags/user95_2017-02-24.bag;0.834065854549408;0.0;0.9619645476341248;0.0;3.6903359844713712;0.8114143797257863;0.18858562027421366
1731802309.3104084;/app/bags/user95_2017-02-24.bag;0.834065854549408;0.0;0.9619645476341248;0.0;3.6903359844713712;0.8114143797257863;0.18858562027421366
1731802309.5103633;/app/bags/user95_2017-02-24.bag;0.834065854549408;0.0;0.9619645476341248;0.0;3.6903359844713712;0.8114143797257863;0.18858562027421366
1731802309.7103508;/app/bags/user95_2017-02-24.bag;0.834065854549408;0.0;0.9619645476341248;0.0;3.6903359844713712;0.8114143797257863;0.18858562027421366
1731802309.9103782;/app/bags/user95_2017-02-24.bag;0.834065854549408;0.0;0.9619645476341248;0.0;3.6903359844713712;0.8114143797257863;0.18858562027421366
1731802310.1104145;/app/bags/user95_2017-02-24.bag;0.834065854549408;0.0;0.9619645476341248;0.0;3.6903359844713712;0.8114143797257863;0.18858562027421366
1731802310.3104022;/app/bags/user95_2017-02-24.bag;0.834065854549408;0.0;0.9619645476341248;0.0;3.6903359844713712;0.8114143797257863;0.18858562027421366
1731802310.5104036;/app/bags/user95_2017-02-24.bag;0.834065854549408;0.0;0.9619645476341248;0.0;3.6903359844713712;0.8114143797257863;0.18858562027421366
1731802310.710366;/app/bags/user95_2017-02-24.bag;0.834065854549408;0.0;0.9619645476341248;0.0;3.6903359844713712;0.8114143797257863;0.18858562027421366
1731802310.910403;/app/bags/user95_2017-02-24.bag;0.834065854549408;0.0;0.9619645476341248;0.0;3.6903359844713712;0.8114143797257863;0.18858562027421366
1731802311.1104457;/app/bags/user95_2017-02-24.bag;0.834065854549408;0.0;0.9619645476341248;0.0;3.6903359844713712;0.8114143797257863;0.18858562027421366
1731802311.3104892;/app/bags/user95_2017-02-24.bag;0.834065854549408;0.0;0.9619645476341248;0.0;3.6903359844713712;0.8114143797257863;0.18858562027421366
1731802311.5104682;/app/bags/user95_2017-02-24.bag;0.834065854549408;0.0;0.9619645476341248;0.0;3.6903359844713712;0.8114143797257863;0.18858562027421366
1731802311.7103863;/app/bags/user95_2017-02-24.bag;0.834065854549408;0.0;0.9619645476341248;0.0;3.6903359844713712;0.8114143797257863;0.18858562027421366
1731802311.910407;/app/bags/user95_2017-02-24.bag;0.834065854549408;0.0;0.9619645476341248;0.0;3.6903359844713712;0.8114143797257863;0.18858562027421366
1731802312.1103437;/app/bags/user95_2017-02-24.bag;0.834065854549408;0.0;0.9619645476341248;0.0;3.6903359844713712;0.8114143797257863;0.18858562027421366
1731802312.3103838;/app/bags/user95_2017-02-24.bag;0.834065854549408;0.0;0.9619645476341248;0.0;3.6903359844713712;0.8114143797257863;0.18858562027421366
1731802312.5104544;/app/bags/user95_2017-02-24.bag;0.834065854549408;0.0;0.9619645476341248;0.0;3.6903359844713712;0.8114143797257863;0.18858562027421366
1731802312.7104046;/app/bags/user95_2017-02-24.bag;0.834065854549408;0.0;0.9619645476341248;0.0;3.6903359844713712;0.8114143797257863;0.18858562027421366
1731802312.910473;/app/bags/user95_2017-02-24.bag;0.834065854549408;0.0;0.9619645476341248;0.0;3.6903359844713712;0.8114143797257863;0.18858562027421366
1731802313.1103868;/app/bags/user95_2017-02-24.bag;0.834065854549408;0.0;0.9619645476341248;0.0;3.6903359844713712;0.8114143797257863;0.18858562027421366
1731802313.3103871;/app/bags/user95_2017-02-24.bag;0.834065854549408;0.0;0.9619645476341248;0.0;3.6903359844713712;0.8114143797257863;0.18858562027421366
1731802313.5104034;/app/bags/user95_2017-02-24.bag;0.834065854549408;0.0;0.9619645476341248;0.0;3.6903359844713712;0.8114143797257863;0.18858562027421366
1731802313.7104118;/app/bags/user95_2017-02-24.bag;0.834065854549408;0.0;0.9619645476341248;0.0;3.6903359844713712;0.8114143797257863;0.18858562027421366
1731802313.9105818;/app/bags/user95_2017-02-24.bag;0.834065854549408;0.0;0.9619645476341248;0.0;3.6903359844713712;0.8114143797257863;0.18858562027421366
1731802314.1104085;/app/bags/user95_2017-02-24.bag;0.834065854549408;0.0;0.9619645476341248;0.0;3.6903359844713712;0.8114143797257863;0.18858562027421366
1731802314.3104398;/app/bags/user95_2017-02-24.bag;0.834065854549408;0.0;0.9619645476341248;0.0;3.6903359844713712;0.8114143797257863;0.18858562027421366
1731802314.5104434;/app/bags/user95_2017-02-24.bag;0.834065854549408;0.0;0.9619645476341248;0.0;3.6903359844713712;0.8114143797257863;0.18858562027421366
1731802314.7103968;/app/bags/user95_2017-02-24.bag;0.834065854549408;0.0;0.9619645476341248;0.0;3.6903359844713712;0.8114143797257863;0.18858562027421366
1731802314.9103882;/app/bags/user95_2017-02-24.bag;0.834065854549408;0.0;0.9619645476341248;0.0;3.6903359844713712;0.8114143797257863;0.18858562027421366
1731802315.110456;/app/bags/user95_2017-02-24.bag;0.834065854549408;0.0;0.9619645476341248;0.0;3.6903359844713712;0.8114143797257863;0.18858562027421366
1731802315.3104496;/app/bags/user95_2017-02-24.bag;0.834065854549408;0.0;0.9619645476341248;0.0;3.6903359844713712;0.8114143797257863;0.18858562027421366
1731802315.51041;/app/bags/user95_2017-02-24.bag;0.834065854549408;0.0;0.9619645476341248;0.0;3.6903359844713712;0.8114143797257863;0.18858562027421366
1731802315.710427;/app/bags/user95_2017-02-24.bag;0.834065854549408;0.0;0.9619645476341248;0.0;3.6903359844713712;0.8114143797257863;0.18858562027421366
1731802315.9104588;/app/bags/user95_2017-02-24.bag;0.834065854549408;0.0;0.9619645476341248;0.0;3.6903359844713712;0.8114143797257863;0.18858562027421366
1731802316.110365;/app/bags/user95_2017-02-24.bag;0.834065854549408;0.0;0.9619645476341248;0.0;3.6903359844713712;0.8114143797257863;0.18858562027421366
1731802316.3104105;/app/bags/user95_2017-02-24.bag;0.834065854549408;0.0;0.9619645476341248;0.0;3.6903359844713712;0.8114143797257863;0.18858562027421366
1731802316.5103762;/app/bags/user95_2017-02-24.bag;0.834065854549408;0.0;0.9619645476341248;0.0;3.6903359844713712;0.8114143797257863;0.18858562027421366
1731802316.7103698;/app/bags/user95_2017-02-24.bag;0.834065854549408;0.0;0.9619645476341248;0.0;3.6903359844713712;0.8114143797257863;0.18858562027421366
1731802316.9103985;/app/bags/user95_2017-02-24.bag;0.834065854549408;0.0;0.9619645476341248;0.0;3.6903359844713712;0.8114143797257863;0.18858562027421366
1731802317.110433;/app/bags/user95_2017-02-24.bag;0.834065854549408;0.0;0.9619645476341248;0.0;3.6903359844713712;0.8114143797257863;0.18858562027421366
1731802317.3103778;/app/bags/user95_2017-02-24.bag;0.834065854549408;0.0;0.9619645476341248;0.0;3.6903359844713712;0.8114143797257863;0.18858562027421366
1731802317.5104046;/app/bags/user95_2017-02-24.bag;0.834065854549408;0.0;0.9619645476341248;0.0;3.6903359844713712;0.8114143797257863;0.18858562027421366
1731802317.710426;/app/bags/user95_2017-02-24.bag;0.834065854549408;0.0;0.9619645476341248;0.0;3.6903359844713712;0.8114143797257863;0.18858562027421366
1731802317.9104154;/app/bags/user95_2017-02-24.bag;0.834065854549408;0.0;0.9619645476341248;0.0;3.6903359844713712;0.8114143797257863;0.18858562027421366
1731802318.1103826;/app/bags/user95_2017-02-24.bag;0.834065854549408;0.0;0.9619645476341248;0.0;3.6903359844713712;0.8114143797257863;0.18858562027421366
1731802318.3103766;/app/bags/user95_2017-02-24.bag;0.834065854549408;0.0;0.9619645476341248;0.0;3.6903359844713712;0.8114143797257863;0.18858562027421366
1731802318.5109363;/app/bags/user95_2017-02-24.bag;0.834065854549408;0.0;0.9619645476341248;0.0;3.6903359844713712;0.8114143797257863;0.18858562027421366
1731802318.7103674;/app/bags/user95_2017-02-24.bag;0.834065854549408;0.0;0.9619645476341248;0.0;3.6903359844713712;0.8114143797257863;0.18858562027421366
1731802318.9103947;/app/bags/user95_2017-02-24.bag;0.834065854549408;0.0;0.9619645476341248;0.0;3.6903359844713712;0.8114143797257863;0.18858562027421366
1731802319.110407;/app/bags/user95_2017-02-24.bag;0.834065854549408;0.0;0.9619645476341248;0.0;3.6903359844713712;0.8114143797257863;0.18858562027421366
1731802319.3103771;/app/bags/user95_2017-02-24.bag;0.834065854549408;0.0;0.9619645476341248;0.0;3.6903359844713712;0.8114143797257863;0.18858562027421366
1731802319.5103755;/app/bags/user95_2017-02-24.bag;0.834065854549408;0.0;0.9619645476341248;0.0;3.6903359844713712;0.8114143797257863;0.18858562027421366
1731802319.710451;/app/bags/user95_2017-02-24.bag;0.834065854549408;0.0;0.9619645476341248;0.0;3.6903359844713712;0.8114143797257863;0.18858562027421366
1731802319.910386;/app/bags/user95_2017-02-24.bag;0.834065854549408;0.0;0.9619645476341248;0.0;3.6903359844713712;0.8114143797257863;0.18858562027421366
1731802320.110452;/app/bags/user95_2017-02-24.bag;0.834065854549408;0.0;0.9619645476341248;0.0;3.6903359844713712;0.8114143797257863;0.18858562027421366
1731802320.3104146;/app/bags/user95_2017-02-24.bag;0.834065854549408;0.0;0.9619645476341248;0.0;3.6903359844713712;0.8114143797257863;0.18858562027421366
1731802320.5104218;/app/bags/user95_2017-02-24.bag;0.834065854549408;0.0;0.9619645476341248;0.0;3.6903359844713712;0.8114143797257863;0.18858562027421366
1731802320.710383;/app/bags/user95_2017-02-24.bag;0.834065854549408;0.0;0.9619645476341248;0.0;3.6903359844713712;0.8114143797257863;0.18858562027421366
1731802320.9103909;/app/bags/user95_2017-02-24.bag;0.834065854549408;0.0;0.9619645476341248;0.0;3.6903359844713712;0.8114143797257863;0.18858562027421366
1731802321.1104121;/app/bags/user95_2017-02-24.bag;0.834065854549408;0.0;0.9619645476341248;0.0;3.6903359844713712;0.8114143797257863;0.18858562027421366
1731802321.3103967;/app/bags/user95_2017-02-24.bag;0.834065854549408;0.0;0.9619645476341248;0.0;3.6903359844713712;0.8114143797257863;0.18858562027421366
1731802321.5104423;/app/bags/user95_2017-02-24.bag;0.834065854549408;0.0;0.9619645476341248;0.0;3.6903359844713712;0.8114143797257863;0.18858562027421366
1731802321.7104352;/app/bags/user95_2017-02-24.bag;0.834065854549408;0.0;0.9619645476341248;0.0;3.6903359844713712;0.8114143797257863;0.18858562027421366
1731802321.910407;/app/bags/user95_2017-02-24.bag;0.834065854549408;0.0;0.9619645476341248;0.0;3.6903359844713712;0.8114143797257863;0.18858562027421366
1731802322.1103718;/app/bags/user95_2017-02-24.bag;0.834065854549408;0.0;0.9619645476341248;0.0;3.6903359844713712;0.8114143797257863;0.18858562027421366
1731802322.31046;/app/bags/user95_2017-02-24.bag;0.834065854549408;0.0;0.9619645476341248;0.0;3.6903359844713712;0.8114143797257863;0.18858562027421366
1731802322.5103877;/app/bags/user95_2017-02-24.bag;0.834065854549408;0.0;0.9619645476341248;0.0;3.6903359844713712;0.8114143797257863;0.18858562027421366
1731802322.7104154;/app/bags/user95_2017-02-24.bag;0.834065854549408;0.0;0.9619645476341248;0.0;3.6903359844713712;0.8114143797257863;0.18858562027421366
1731802322.9103904;/app/bags/user95_2017-02-24.bag;0.834065854549408;0.0;0.9619645476341248;0.0;3.6903359844713712;0.8114143797257863;0.18858562027421366
1731802323.1103914;/app/bags/user95_2017-02-24.bag;0.834065854549408;0.0;0.9619645476341248;0.0;3.6903359844713712;0.8114143797257863;0.18858562027421366
1731802323.3105035;/app/bags/user95_2017-02-24.bag;0.834065854549408;0.0;0.9619645476341248;0.0;3.6903359844713712;0.8114143797257863;0.18858562027421366
1731802323.5104144;/app/bags/user95_2017-02-24.bag;0.834065854549408;0.0;0.9619645476341248;0.0;3.6903359844713712;0.8114143797257863;0.18858562027421366
1731802323.7105153;/app/bags/user95_2017-02-24.bag;0.834065854549408;0.0;0.9619645476341248;0.0;3.6903359844713712;0.8114143797257863;0.18858562027421366
1731802323.9105585;/app/bags/user95_2017-02-24.bag;0.834065854549408;0.0;0.9619645476341248;0.0;3.6903359844713712;0.8114143797257863;0.18858562027421366
1731802324.1103725;/app/bags/user95_2017-02-24.bag;0.834065854549408;0.0;0.9619645476341248;0.0;3.6903359844713712;0.8114143797257863;0.18858562027421366
1731802324.3103855;/app/bags/user95_2017-02-24.bag;0.834065854549408;0.0;0.9619645476341248;0.0;3.6903359844713712;0.8114143797257863;0.18858562027421366
1731802324.510414;/app/bags/user95_2017-02-24.bag;0.834065854549408;0.0;0.9619645476341248;0.0;3.6903359844713712;0.8114143797257863;0.18858562027421366
1731802324.7104294;/app/bags/user95_2017-02-24.bag;0.834065854549408;0.0;0.9619645476341248;0.0;3.6903359844713712;0.8114143797257863;0.18858562027421366
1731802324.9105074;/app/bags/user95_2017-02-24.bag;0.834065854549408;0.0;0.9619645476341248;0.0;3.6903359844713712;0.8114143797257863;0.18858562027421366
1731802325.1103659;/app/bags/user95_2017-02-24.bag;0.834065854549408;0.0;0.9619645476341248;0.0;3.6903359844713712;0.8114143797257863;0.18858562027421366
1731802325.3103993;/app/bags/user95_2017-02-24.bag;0.834065854549408;0.0;0.9619645476341248;0.0;3.6903359844713712;0.8114143797257863;0.18858562027421366
1731802325.5104022;/app/bags/user95_2017-02-24.bag;0.834065854549408;0.0;0.9619645476341248;0.0;3.6903359844713712;0.8114143797257863;0.18858562027421366
1731802325.710426;/app/bags/user95_2017-02-24.bag;0.834065854549408;0.0;0.9619645476341248;0.0;3.6903359844713712;0.8114143797257863;0.18858562027421366
1731802325.9104698;/app/bags/user95_2017-02-24.bag;0.834065854549408;0.0;0.9619645476341248;0.0;3.6903359844713712;0.8114143797257863;0.18858562027421366
1731802326.110381;/app/bags/user95_2017-02-24.bag;0.834065854549408;0.0;0.9619645476341248;0.0;3.6903359844713712;0.8114143797257863;0.18858562027421366
1731802326.3104987;/app/bags/user95_2017-02-24.bag;0.834065854549408;0.0;0.9619645476341248;0.0;3.6903359844713712;0.8114143797257863;0.18858562027421366
1731802326.510467;/app/bags/user95_2017-02-24.bag;0.834065854549408;0.0;0.9619645476341248;0.0;3.6903359844713712;0.8114143797257863;0.18858562027421366
1731802326.710459;/app/bags/user95_2017-02-24.bag;0.834065854549408;0.0;0.9619645476341248;0.0;3.6903359844713712;0.8114143797257863;0.18858562027421366
1731802326.9104097;/app/bags/user95_2017-02-24.bag;0.834065854549408;0.0;0.9619645476341248;0.0;3.6903359844713712;0.8114143797257863;0.18858562027421366
1731802327.1103847;/app/bags/user95_2017-02-24.bag;0.834065854549408;0.0;0.9619645476341248;0.0;3.6903359844713712;0.8114143797257863;0.18858562027421366
1731802327.310387;/app/bags/user95_2017-02-24.bag;0.834065854549408;0.0;0.9619645476341248;0.0;3.6903359844713712;0.8114143797257863;0.18858562027421366
1731802327.5103965;/app/bags/user95_2017-02-24.bag;0.834065854549408;0.0;0.9619645476341248;0.0;3.6903359844713712;0.8114143797257863;0.18858562027421366
1731802327.7104156;/app/bags/user95_2017-02-24.bag;0.834065854549408;0.0;0.9619645476341248;0.0;3.6903359844713712;0.8114143797257863;0.18858562027421366
1731802327.9103615;/app/bags/user95_2017-02-24.bag;0.834065854549408;0.0;0.9619645476341248;0.0;3.6903359844713712;0.8114143797257863;0.18858562027421366
1731802328.110381;/app/bags/user95_2017-02-24.bag;0.834065854549408;0.0;0.9619645476341248;0.0;3.6903359844713712;0.8114143797257863;0.18858562027421366
1731802328.31038;/app/bags/user95_2017-02-24.bag;0.834065854549408;0.0;0.9619645476341248;0.0;3.6903359844713712;0.8114143797257863;0.18858562027421366
1731802328.5104067;/app/bags/user95_2017-02-24.bag;0.834065854549408;0.0;0.9619645476341248;0.0;3.6903359844713712;0.8114143797257863;0.18858562027421366
1731802328.7104144;/app/bags/user95_2017-02-24.bag;0.834065854549408;0.0;0.9619645476341248;0.0;3.6903359844713712;0.8114143797257863;0.18858562027421366
1731802328.9103959;/app/bags/user95_2017-02-24.bag;0.834065854549408;0.0;0.9619645476341248;0.0;3.6903359844713712;0.8114143797257863;0.18858562027421366
1731802329.1104531;/app/bags/user95_2017-02-24.bag;0.834065854549408;0.0;0.9619645476341248;0.0;3.6903359844713712;0.8114143797257863;0.18858562027421366
1731802329.310444;/app/bags/user95_2017-02-24.bag;0.834065854549408;0.0;0.9619645476341248;0.0;3.6903359844713712;0.8114143797257863;0.18858562027421366
1731802329.510494;/app/bags/user95_2017-02-24.bag;0.834065854549408;0.0;0.9619645476341248;0.0;3.6903359844713712;0.8114143797257863;0.18858562027421366
1731802329.710384;/app/bags/user95_2017-02-24.bag;0.834065854549408;0.0;0.9619645476341248;0.0;3.6903359844713712;0.8114143797257863;0.18858562027421366
1731802329.9104054;/app/bags/user95_2017-02-24.bag;0.834065854549408;0.0;0.9619645476341248;0.0;3.6903359844713712;0.8114143797257863;0.18858562027421366
1731802330.1104128;/app/bags/user95_2017-02-24.bag;0.834065854549408;0.0;0.9619645476341248;0.0;3.6903359844713712;0.8114143797257863;0.18858562027421366
1731802330.310398;/app/bags/user95_2017-02-24.bag;0.834065854549408;0.0;0.9619645476341248;0.0;3.6903359844713712;0.8114143797257863;0.18858562027421366
1731802330.5103993;/app/bags/user95_2017-02-24.bag;0.834065854549408;0.0;0.9619645476341248;0.0;3.6903359844713712;0.8114143797257863;0.18858562027421366
1731802330.7103643;/app/bags/user95_2017-02-24.bag;0.834065854549408;0.0;0.9619645476341248;0.0;3.6903359844713712;0.8114143797257863;0.18858562027421366
1731802330.9104414;/app/bags/user95_2017-02-24.bag;0.834065854549408;0.0;0.9619645476341248;0.0;3.6903359844713712;0.8114143797257863;0.18858562027421366
1731802331.110416;/app/bags/user95_2017-02-24.bag;0.834065854549408;0.0;0.9619645476341248;0.0;3.6903359844713712;0.8114143797257863;0.18858562027421366
1731802331.310403;/app/bags/user95_2017-02-24.bag;0.834065854549408;0.0;0.9619645476341248;0.0;3.6903359844713712;0.8114143797257863;0.18858562027421366
1731802331.510367;/app/bags/user95_2017-02-24.bag;0.834065854549408;0.0;0.9619645476341248;0.0;3.6903359844713712;0.8114143797257863;0.18858562027421366
1731802331.7104123;/app/bags/user95_2017-02-24.bag;0.834065854549408;0.0;0.9619645476341248;0.0;3.6903359844713712;0.8114143797257863;0.18858562027421366
1731802331.9103932;/app/bags/user95_2017-02-24.bag;0.834065854549408;0.0;0.9619645476341248;0.0;3.6903359844713712;0.8114143797257863;0.18858562027421366
1731802332.1104028;/app/bags/user95_2017-02-24.bag;0.834065854549408;0.0;0.9619645476341248;0.0;3.6903359844713712;0.8114143797257863;0.18858562027421366
1731802332.3103585;/app/bags/user95_2017-02-24.bag;0.834065854549408;0.0;0.9619645476341248;0.0;3.6903359844713712;0.8114143797257863;0.18858562027421366
1731802332.5104294;/app/bags/user95_2017-02-24.bag;0.834065854549408;0.0;0.9619645476341248;0.0;3.6903359844713712;0.8114143797257863;0.18858562027421366
1731802332.7104113;/app/bags/user95_2017-02-24.bag;0.834065854549408;0.0;0.9619645476341248;0.0;3.6903359844713712;0.8114143797257863;0.18858562027421366
1731802332.9103982;/app/bags/user95_2017-02-24.bag;0.834065854549408;0.0;0.9619645476341248;0.0;3.6903359844713712;0.8114143797257863;0.18858562027421366
1731802333.1104038;/app/bags/user95_2017-02-24.bag;0.834065854549408;0.0;0.9619645476341248;0.0;3.6903359844713712;0.8114143797257863;0.18858562027421366
1731802333.3103957;/app/bags/user95_2017-02-24.bag;0.834065854549408;0.0;0.9619645476341248;0.0;3.6903359844713712;0.8114143797257863;0.18858562027421366
1731802333.5103943;/app/bags/user95_2017-02-24.bag;0.834065854549408;0.0;0.9619645476341248;0.0;3.6903359844713712;0.8114143797257863;0.18858562027421366
1731802333.710403;/app/bags/user95_2017-02-24.bag;0.834065854549408;0.0;0.9619645476341248;0.0;3.6903359844713712;0.8114143797257863;0.18858562027421366
1731802333.910409;/app/bags/user95_2017-02-24.bag;0.834065854549408;0.0;0.9619645476341248;0.0;3.6903359844713712;0.8114143797257863;0.18858562027421366
1731802334.1104372;/app/bags/user95_2017-02-24.bag;0.834065854549408;0.0;0.9619645476341248;0.0;3.6903359844713712;0.8114143797257863;0.18858562027421366
1731802334.310393;/app/bags/user95_2017-02-24.bag;0.834065854549408;0.0;0.9619645476341248;0.0;3.6903359844713712;0.8114143797257863;0.18858562027421366
1731802334.510384;/app/bags/user95_2017-02-24.bag;0.834065854549408;0.0;0.9619645476341248;0.0;3.6903359844713712;0.8114143797257863;0.18858562027421366
1731802334.7103932;/app/bags/user95_2017-02-24.bag;0.834065854549408;0.0;0.9619645476341248;0.0;3.6903359844713712;0.8114143797257863;0.18858562027421366
1731802334.9103808;/app/bags/user95_2017-02-24.bag;0.834065854549408;0.0;0.9619645476341248;0.0;3.6903359844713712;0.8114143797257863;0.18858562027421366
1731802335.110413;/app/bags/user95_2017-02-24.bag;0.834065854549408;0.0;0.9619645476341248;0.0;3.6903359844713712;0.8114143797257863;0.18858562027421366
1731802335.3103673;/app/bags/user95_2017-02-24.bag;0.834065854549408;0.0;0.9619645476341248;0.0;3.6903359844713712;0.8114143797257863;0.18858562027421366
1731802335.5104737;/app/bags/user95_2017-02-24.bag;0.834065854549408;0.0;0.9619645476341248;0.0;3.6903359844713712;0.8114143797257863;0.18858562027421366
1731802335.710439;/app/bags/user95_2017-02-24.bag;0.834065854549408;0.0;0.9619645476341248;0.0;3.6903359844713712;0.8114143797257863;0.18858562027421366
1731802335.9104476;/app/bags/user95_2017-02-24.bag;0.834065854549408;0.0;0.9619645476341248;0.0;3.6903359844713712;0.8114143797257863;0.18858562027421366
1731802336.1103947;/app/bags/user95_2017-02-24.bag;0.834065854549408;0.0;0.9619645476341248;0.0;3.6903359844713712;0.8114143797257863;0.18858562027421366
1731802336.3103998;/app/bags/user95_2017-02-24.bag;0.834065854549408;0.0;0.9619645476341248;0.0;3.6903359844713712;0.8114143797257863;0.18858562027421366
1731802336.510352;/app/bags/user95_2017-02-24.bag;0.834065854549408;0.0;0.9619645476341248;0.0;3.6903359844713712;0.8114143797257863;0.18858562027421366
1731802336.710385;/app/bags/user95_2017-02-24.bag;0.834065854549408;0.0;0.9619645476341248;0.0;3.6903359844713712;0.8114143797257863;0.18858562027421366
1731802336.9103904;/app/bags/user95_2017-02-24.bag;0.834065854549408;0.0;0.9619645476341248;0.0;3.6903359844713712;0.8114143797257863;0.18858562027421366
1731802337.1104515;/app/bags/user95_2017-02-24.bag;0.834065854549408;0.0;0.9619645476341248;0.0;3.6903359844713712;0.8114143797257863;0.18858562027421366
1731802337.3104255;/app/bags/user95_2017-02-24.bag;0.834065854549408;0.0;0.9619645476341248;0.0;3.6903359844713712;0.8114143797257863;0.18858562027421366
1731802337.5104005;/app/bags/user95_2017-02-24.bag;0.834065854549408;0.0;0.9619645476341248;0.0;3.6903359844713712;0.8114143797257863;0.18858562027421366
1731802337.7103848;/app/bags/user95_2017-02-24.bag;0.834065854549408;0.0;0.9619645476341248;0.0;3.6903359844713712;0.8114143797257863;0.18858562027421366
1731802337.9104168;/app/bags/user95_2017-02-24.bag;0.834065854549408;0.0;0.9619645476341248;0.0;3.6903359844713712;0.8114143797257863;0.18858562027421366
1731802338.110441;/app/bags/user95_2017-02-24.bag;0.834065854549408;0.0;0.9619645476341248;0.0;3.6903359844713712;0.8114143797257863;0.18858562027421366
1731802338.3103943;/app/bags/user95_2017-02-24.bag;0.834065854549408;0.0;0.9619645476341248;0.0;3.6903359844713712;0.8114143797257863;0.18858562027421366
1731802338.510421;/app/bags/user95_2017-02-24.bag;0.834065854549408;0.0;0.9619645476341248;0.0;3.6903359844713712;0.8114143797257863;0.18858562027421366
1731802338.710425;/app/bags/user95_2017-02-24.bag;0.834065854549408;0.0;0.9619645476341248;0.0;3.6903359844713712;0.8114143797257863;0.18858562027421366
1731802338.9103708;/app/bags/user95_2017-02-24.bag;0.834065854549408;0.0;0.9619645476341248;0.0;3.6903359844713712;0.8114143797257863;0.18858562027421366
1731802339.1104453;/app/bags/user95_2017-02-24.bag;0.834065854549408;0.0;0.9619645476341248;0.0;3.6903359844713712;0.8114143797257863;0.18858562027421366
1731802339.3103893;/app/bags/user95_2017-02-24.bag;0.834065854549408;0.0;0.9619645476341248;0.0;3.6903359844713712;0.8114143797257863;0.18858562027421366
1731802339.5103846;/app/bags/user95_2017-02-24.bag;0.834065854549408;0.0;0.9619645476341248;0.0;3.6903359844713712;0.8114143797257863;0.18858562027421366
1731802339.7104528;/app/bags/user95_2017-02-24.bag;0.834065854549408;0.0;0.9619645476341248;0.0;3.6903359844713712;0.8114143797257863;0.18858562027421366
1731802339.9104068;/app/bags/user95_2017-02-24.bag;0.834065854549408;0.0;0.9619645476341248;0.0;3.6903359844713712;0.8114143797257863;0.18858562027421366
1731802340.1104383;/app/bags/user95_2017-02-24.bag;0.834065854549408;0.0;0.9619645476341248;0.0;3.6903359844713712;0.8114143797257863;0.18858562027421366
1731802340.3104;/app/bags/user95_2017-02-24.bag;0.834065854549408;0.0;0.9619645476341248;0.0;3.6903359844713712;0.8114143797257863;0.18858562027421366
1731802340.5105057;/app/bags/user95_2017-02-24.bag;0.834065854549408;0.0;0.9619645476341248;0.0;3.6903359844713712;0.8114143797257863;0.18858562027421366
1731802340.7104893;/app/bags/user95_2017-02-24.bag;0.834065854549408;0.0;0.9619645476341248;0.0;3.6903359844713712;0.8114143797257863;0.18858562027421366
1731802340.9103413;/app/bags/user95_2017-02-24.bag;0.834065854549408;0.0;0.9619645476341248;0.0;3.6903359844713712;0.8114143797257863;0.18858562027421366
1731802341.1103935;/app/bags/user95_2017-02-24.bag;0.834065854549408;0.0;0.9619645476341248;0.0;3.6903359844713712;0.8114143797257863;0.18858562027421366
1731802341.3104153;/app/bags/user95_2017-02-24.bag;0.834065854549408;0.0;0.9619645476341248;0.0;3.6903359844713712;0.8114143797257863;0.18858562027421366
1731802341.510432;/app/bags/user95_2017-02-24.bag;0.834065854549408;0.0;0.9619645476341248;0.0;3.6903359844713712;0.8114143797257863;0.18858562027421366
1731802341.7103946;/app/bags/user95_2017-02-24.bag;0.834065854549408;0.0;0.9619645476341248;0.0;3.6903359844713712;0.8114143797257863;0.18858562027421366
1731802341.9104335;/app/bags/user95_2017-02-24.bag;0.834065854549408;0.0;0.9619645476341248;0.0;3.6903359844713712;0.8114143797257863;0.18858562027421366
1731802342.1104345;/app/bags/user95_2017-02-24.bag;0.834065854549408;0.0;0.9619645476341248;0.0;3.6903359844713712;0.8114143797257863;0.18858562027421366
1731802342.3103786;/app/bags/user95_2017-02-24.bag;0.834065854549408;0.0;0.9619645476341248;0.0;3.6903359844713712;0.8114143797257863;0.18858562027421366
1731802342.5103934;/app/bags/user95_2017-02-24.bag;0.834065854549408;0.0;0.9619645476341248;0.0;3.6903359844713712;0.8114143797257863;0.18858562027421366
1731802342.710461;/app/bags/user95_2017-02-24.bag;0.834065854549408;0.0;0.9619645476341248;0.0;3.6903359844713712;0.8114143797257863;0.18858562027421366
1731802342.9104648;/app/bags/user95_2017-02-24.bag;0.834065854549408;0.0;0.9619645476341248;0.0;3.6903359844713712;0.8114143797257863;0.18858562027421366
1731802343.110473;/app/bags/user95_2017-02-24.bag;0.834065854549408;0.0;0.9619645476341248;0.0;3.6903359844713712;0.8114143797257863;0.18858562027421366
1731802343.310407;/app/bags/user95_2017-02-24.bag;0.834065854549408;0.0;0.9619645476341248;0.0;3.6903359844713712;0.8114143797257863;0.18858562027421366
1731802343.5104225;/app/bags/user95_2017-02-24.bag;0.834065854549408;0.0;0.9619645476341248;0.0;3.6903359844713712;0.8114143797257863;0.18858562027421366
1731802343.7104378;/app/bags/user95_2017-02-24.bag;0.834065854549408;0.0;0.9619645476341248;0.0;3.6903359844713712;0.8114143797257863;0.18858562027421366
1731802343.9104125;/app/bags/user95_2017-02-24.bag;0.834065854549408;0.0;0.9619645476341248;0.0;3.6903359844713712;0.8114143797257863;0.18858562027421366
1731802344.1104007;/app/bags/user95_2017-02-24.bag;0.834065854549408;0.0;0.9619645476341248;0.0;3.6903359844713712;0.8114143797257863;0.18858562027421366
1731802344.3103945;/app/bags/user95_2017-02-24.bag;0.834065854549408;0.0;0.9619645476341248;0.0;3.6903359844713712;0.8114143797257863;0.18858562027421366
1731802344.5104296;/app/bags/user95_2017-02-24.bag;0.834065854549408;0.0;0.9619645476341248;0.0;3.6903359844713712;0.8114143797257863;0.18858562027421366
1731802344.7104092;/app/bags/user95_2017-02-24.bag;0.834065854549408;0.0;0.9619645476341248;0.0;3.6903359844713712;0.8114143797257863;0.18858562027421366
1731802344.9103804;/app/bags/user95_2017-02-24.bag;0.834065854549408;0.0;0.9619645476341248;0.0;3.6903359844713712;0.8114143797257863;0.18858562027421366
1731802345.1104758;/app/bags/user95_2017-02-24.bag;0.834065854549408;0.0;0.9619645476341248;0.0;3.6903359844713712;0.8114143797257863;0.18858562027421366
1731802345.3104255;/app/bags/user95_2017-02-24.bag;0.834065854549408;0.0;0.9619645476341248;0.0;3.6903359844713712;0.8114143797257863;0.18858562027421366
1731802345.5104256;/app/bags/user95_2017-02-24.bag;0.834065854549408;0.0;0.9619645476341248;0.0;3.6903359844713712;0.8114143797257863;0.18858562027421366
1731802345.710395;/app/bags/user95_2017-02-24.bag;0.834065854549408;0.0;0.9619645476341248;0.0;3.6903359844713712;0.8114143797257863;0.18858562027421366
1731802345.9104068;/app/bags/user95_2017-02-24.bag;0.834065854549408;0.0;0.9619645476341248;0.0;3.6903359844713712;0.8114143797257863;0.18858562027421366
1731802346.1104171;/app/bags/user95_2017-02-24.bag;0.834065854549408;0.0;0.9619645476341248;0.0;3.6903359844713712;0.8114143797257863;0.18858562027421366
1731802346.310393;/app/bags/user95_2017-02-24.bag;0.834065854549408;0.0;0.9619645476341248;0.0;3.6903359844713712;0.8114143797257863;0.18858562027421366
1731802346.5104072;/app/bags/user95_2017-02-24.bag;0.834065854549408;0.0;0.9619645476341248;0.0;3.6903359844713712;0.8114143797257863;0.18858562027421366
1731802346.710468;/app/bags/user95_2017-02-24.bag;0.834065854549408;0.0;0.9619645476341248;0.0;3.6903359844713712;0.8114143797257863;0.18858562027421366
1731802346.910363;/app/bags/user95_2017-02-24.bag;0.834065854549408;0.0;0.9619645476341248;0.0;3.6903359844713712;0.8114143797257863;0.18858562027421366
1731802347.1105409;/app/bags/user95_2017-02-24.bag;0.834065854549408;0.0;0.9619645476341248;0.0;3.6903359844713712;0.8114143797257863;0.18858562027421366
1731802347.3104293;/app/bags/user95_2017-02-24.bag;0.834065854549408;0.0;0.9619645476341248;0.0;3.6903359844713712;0.8114143797257863;0.18858562027421366
1731802347.5104218;/app/bags/user95_2017-02-24.bag;0.834065854549408;0.0;0.9619645476341248;0.0;3.6903359844713712;0.8114143797257863;0.18858562027421366
1731802347.7105436;/app/bags/user95_2017-02-24.bag;0.834065854549408;0.0;0.9619645476341248;0.0;3.6903359844713712;0.8114143797257863;0.18858562027421366
1731802347.910469;/app/bags/user95_2017-02-24.bag;0.834065854549408;0.0;0.9619645476341248;0.0;3.6903359844713712;0.8114143797257863;0.18858562027421366
1731802348.1104064;/app/bags/user95_2017-02-24.bag;0.834065854549408;0.0;0.9619645476341248;0.0;3.6903359844713712;0.8114143797257863;0.18858562027421366
1731802348.3104289;/app/bags/user95_2017-02-24.bag;0.834065854549408;0.0;0.9619645476341248;0.0;3.6903359844713712;0.8114143797257863;0.18858562027421366
1731802348.5103664;/app/bags/user95_2017-02-24.bag;0.834065854549408;0.0;0.9619645476341248;0.0;3.6903359844713712;0.8114143797257863;0.18858562027421366
1731802348.7104015;/app/bags/user95_2017-02-24.bag;0.834065854549408;0.0;0.9619645476341248;0.0;3.6903359844713712;0.8114143797257863;0.18858562027421366
1731802348.9104242;/app/bags/user95_2017-02-24.bag;0.834065854549408;0.0;0.9619645476341248;0.0;3.6903359844713712;0.8114143797257863;0.18858562027421366
1731802349.1104133;/app/bags/user95_2017-02-24.bag;0.834065854549408;0.0;0.9619645476341248;0.0;3.6903359844713712;0.8114143797257863;0.18858562027421366
1731802349.3104863;/app/bags/user95_2017-02-24.bag;0.834065854549408;0.0;0.9619645476341248;0.0;3.6903359844713712;0.8114143797257863;0.18858562027421366
1731802349.5104146;/app/bags/user95_2017-02-24.bag;0.834065854549408;0.0;0.9619645476341248;0.0;3.6903359844713712;0.8114143797257863;0.18858562027421366
1731802349.710388;/app/bags/user95_2017-02-24.bag;0.834065854549408;0.0;0.9619645476341248;0.0;3.6903359844713712;0.8114143797257863;0.18858562027421366
1731802349.9104955;/app/bags/user95_2017-02-24.bag;0.834065854549408;0.0;0.9619645476341248;0.0;3.6903359844713712;0.8114143797257863;0.18858562027421366
1731802350.1104202;/app/bags/user95_2017-02-24.bag;0.834065854549408;0.0;0.9619645476341248;0.0;3.6903359844713712;0.8114143797257863;0.18858562027421366
1731802350.310386;/app/bags/user95_2017-02-24.bag;0.834065854549408;0.0;0.9619645476341248;0.0;3.6903359844713712;0.8114143797257863;0.18858562027421366
1731802350.5103774;/app/bags/user95_2017-02-24.bag;0.834065854549408;0.0;0.9619645476341248;0.0;3.6903359844713712;0.8114143797257863;0.18858562027421366
1731802350.7104197;/app/bags/user95_2017-02-24.bag;0.834065854549408;0.0;0.9619645476341248;0.0;3.6903359844713712;0.8114143797257863;0.18858562027421366
1731802350.9104273;/app/bags/user95_2017-02-24.bag;0.834065854549408;0.0;0.9619645476341248;0.0;3.6903359844713712;0.8114143797257863;0.18858562027421366
1731802351.1103995;/app/bags/user95_2017-02-24.bag;0.834065854549408;0.0;0.9619645476341248;0.0;3.6903359844713712;0.8114143797257863;0.18858562027421366
1731802351.3104064;/app/bags/user95_2017-02-24.bag;0.834065854549408;0.0;0.9619645476341248;0.0;3.6903359844713712;0.8114143797257863;0.18858562027421366
1731802351.5104206;/app/bags/user95_2017-02-24.bag;0.834065854549408;0.0;0.9619645476341248;0.0;3.6903359844713712;0.8114143797257863;0.18858562027421366
1731802351.710413;/app/bags/user95_2017-02-24.bag;0.834065854549408;0.0;0.9619645476341248;0.0;3.6903359844713712;0.8114143797257863;0.18858562027421366
1731802351.9103923;/app/bags/user95_2017-02-24.bag;0.834065854549408;0.0;0.9619645476341248;0.0;3.6903359844713712;0.8114143797257863;0.18858562027421366
1731802352.1104844;/app/bags/user95_2017-02-24.bag;0.834065854549408;0.0;0.9619645476341248;0.0;3.6903359844713712;0.8114143797257863;0.18858562027421366
1731802352.3103745;/app/bags/user95_2017-02-24.bag;0.834065854549408;0.0;0.9619645476341248;0.0;3.6903359844713712;0.8114143797257863;0.18858562027421366
1731802352.5103831;/app/bags/user95_2017-02-24.bag;0.834065854549408;0.0;0.9619645476341248;0.0;3.6903359844713712;0.8114143797257863;0.18858562027421366
1731802352.7104053;/app/bags/user95_2017-02-24.bag;0.834065854549408;0.0;0.9619645476341248;0.0;3.6903359844713712;0.8114143797257863;0.18858562027421366
1731802352.910475;/app/bags/user95_2017-02-24.bag;0.834065854549408;0.0;0.9619645476341248;0.0;3.6903359844713712;0.8114143797257863;0.18858562027421366
1731802353.1103892;/app/bags/user95_2017-02-24.bag;0.834065854549408;0.0;0.9619645476341248;0.0;3.6903359844713712;0.8114143797257863;0.18858562027421366
1731802353.310391;/app/bags/user95_2017-02-24.bag;0.834065854549408;0.0;0.9619645476341248;0.0;3.6903359844713712;0.8114143797257863;0.18858562027421366
1731802353.510385;/app/bags/user95_2017-02-24.bag;0.834065854549408;0.0;0.9619645476341248;0.0;3.6903359844713712;0.8114143797257863;0.18858562027421366
1731802353.7104235;/app/bags/user95_2017-02-24.bag;0.834065854549408;0.0;0.9619645476341248;0.0;3.6903359844713712;0.8114143797257863;0.18858562027421366
1731802353.9104135;/app/bags/user95_2017-02-24.bag;0.834065854549408;0.0;0.9619645476341248;0.0;3.6903359844713712;0.8114143797257863;0.18858562027421366
1731802354.1103885;/app/bags/user95_2017-02-24.bag;0.834065854549408;0.0;0.9619645476341248;0.0;3.6903359844713712;0.8114143797257863;0.18858562027421366
1731802354.3103995;/app/bags/user95_2017-02-24.bag;0.834065854549408;0.0;0.9619645476341248;0.0;3.6903359844713712;0.8114143797257863;0.18858562027421366
1731802354.5103796;/app/bags/user95_2017-02-24.bag;0.834065854549408;0.0;0.9619645476341248;0.0;3.6903359844713712;0.8114143797257863;0.18858562027421366
1731802354.7104104;/app/bags/user95_2017-02-24.bag;0.834065854549408;0.0;0.9619645476341248;0.0;3.6903359844713712;0.8114143797257863;0.18858562027421366
1731802354.910368;/app/bags/user95_2017-02-24.bag;0.834065854549408;0.0;0.9619645476341248;0.0;3.6903359844713712;0.8114143797257863;0.18858562027421366
1731802355.110368;/app/bags/user95_2017-02-24.bag;0.834065854549408;0.0;0.9619645476341248;0.0;3.6903359844713712;0.8114143797257863;0.18858562027421366
1731802355.3104413;/app/bags/user95_2017-02-24.bag;0.834065854549408;0.0;0.9619645476341248;0.0;3.6903359844713712;0.8114143797257863;0.18858562027421366
1731802355.5103843;/app/bags/user95_2017-02-24.bag;0.834065854549408;0.0;0.9619645476341248;0.0;3.6903359844713712;0.8114143797257863;0.18858562027421366
1731802355.7104087;/app/bags/user95_2017-02-24.bag;0.834065854549408;0.0;0.9619645476341248;0.0;3.6903359844713712;0.8114143797257863;0.18858562027421366
1731802355.910403;/app/bags/user95_2017-02-24.bag;0.834065854549408;0.0;0.9619645476341248;0.0;3.6903359844713712;0.8114143797257863;0.18858562027421366
1731802356.1103904;/app/bags/user95_2017-02-24.bag;0.834065854549408;0.0;0.9619645476341248;0.0;3.6903359844713712;0.8114143797257863;0.18858562027421366
1731802356.3104234;/app/bags/user95_2017-02-24.bag;0.834065854549408;0.0;0.9619645476341248;0.0;3.6903359844713712;0.8114143797257863;0.18858562027421366
1731802356.510368;/app/bags/user95_2017-02-24.bag;0.834065854549408;0.0;0.9619645476341248;0.0;3.6903359844713712;0.8114143797257863;0.18858562027421366
1731802356.7103612;/app/bags/user95_2017-02-24.bag;0.834065854549408;0.0;0.9619645476341248;0.0;3.6903359844713712;0.8114143797257863;0.18858562027421366
1731802356.9104478;/app/bags/user95_2017-02-24.bag;0.834065854549408;0.0;0.9619645476341248;0.0;3.6903359844713712;0.8114143797257863;0.18858562027421366
1731802357.1104622;/app/bags/user95_2017-02-24.bag;0.834065854549408;0.0;0.9619645476341248;0.0;3.6903359844713712;0.8114143797257863;0.18858562027421366
1731802357.3104005;/app/bags/user95_2017-02-24.bag;0.834065854549408;0.0;0.9619645476341248;0.0;3.6903359844713712;0.8114143797257863;0.18858562027421366
1731802357.5104003;/app/bags/user95_2017-02-24.bag;0.834065854549408;0.0;0.9619645476341248;0.0;3.6903359844713712;0.8114143797257863;0.18858562027421366
1731802357.7104015;/app/bags/user95_2017-02-24.bag;0.834065854549408;0.0;0.9619645476341248;0.0;3.6903359844713712;0.8114143797257863;0.18858562027421366
1731802357.910393;/app/bags/user95_2017-02-24.bag;0.834065854549408;0.0;0.9619645476341248;0.0;3.6903359844713712;0.8114143797257863;0.18858562027421366
1731802358.1104314;/app/bags/user95_2017-02-24.bag;0.834065854549408;0.0;0.9619645476341248;0.0;3.6903359844713712;0.8114143797257863;0.18858562027421366
1731802358.3104022;/app/bags/user95_2017-02-24.bag;0.834065854549408;0.0;0.9619645476341248;0.0;3.6903359844713712;0.8114143797257863;0.18858562027421366
1731802358.5104237;/app/bags/user95_2017-02-24.bag;0.834065854549408;0.0;0.9619645476341248;0.0;3.6903359844713712;0.8114143797257863;0.18858562027421366
1731802358.7103848;/app/bags/user95_2017-02-24.bag;0.834065854549408;0.0;0.9619645476341248;0.0;3.6903359844713712;0.8114143797257863;0.18858562027421366
1731802358.9104035;/app/bags/user95_2017-02-24.bag;0.834065854549408;0.0;0.9619645476341248;0.0;3.6903359844713712;0.8114143797257863;0.18858562027421366
1731802359.1103952;/app/bags/user95_2017-02-24.bag;0.834065854549408;0.0;0.9619645476341248;0.0;3.6903359844713712;0.8114143797257863;0.18858562027421366
1731802359.310371;/app/bags/user95_2017-02-24.bag;0.834065854549408;0.0;0.9619645476341248;0.0;3.6903359844713712;0.8114143797257863;0.18858562027421366
1731802359.5104282;/app/bags/user95_2017-02-24.bag;0.834065854549408;0.0;0.9619645476341248;0.0;3.6903359844713712;0.8114143797257863;0.18858562027421366
1731802359.7105176;/app/bags/user95_2017-02-24.bag;0.834065854549408;0.0;0.9619645476341248;0.0;3.6903359844713712;0.8114143797257863;0.18858562027421366
1731802359.9103875;/app/bags/user95_2017-02-24.bag;0.834065854549408;0.0;0.9619645476341248;0.0;3.6903359844713712;0.8114143797257863;0.18858562027421366
1731802360.1103885;/app/bags/user95_2017-02-24.bag;0.834065854549408;0.0;0.9619645476341248;0.0;3.6903359844713712;0.8114143797257863;0.18858562027421366
1731802360.3105555;/app/bags/user95_2017-02-24.bag;0.834065854549408;0.0;0.9619645476341248;0.0;3.6903359844713712;0.8114143797257863;0.18858562027421366
1731802360.5103793;/app/bags/user95_2017-02-24.bag;0.834065854549408;0.0;0.9619645476341248;0.0;3.6903359844713712;0.8114143797257863;0.18858562027421366
1731802360.7103748;/app/bags/user95_2017-02-24.bag;0.834065854549408;0.0;0.9619645476341248;0.0;3.6903359844713712;0.8114143797257863;0.18858562027421366
1731802360.910428;/app/bags/user95_2017-02-24.bag;0.834065854549408;0.0;0.9619645476341248;0.0;3.6903359844713712;0.8114143797257863;0.18858562027421366
1731802361.1104293;/app/bags/user95_2017-02-24.bag;0.834065854549408;0.0;0.9619645476341248;0.0;3.6903359844713712;0.8114143797257863;0.18858562027421366
1731802361.3103957;/app/bags/user95_2017-02-24.bag;0.834065854549408;0.0;0.9619645476341248;0.0;3.6903359844713712;0.8114143797257863;0.18858562027421366
1731802361.5104458;/app/bags/user95_2017-02-24.bag;0.834065854549408;0.0;0.9619645476341248;0.0;3.6903359844713712;0.8114143797257863;0.18858562027421366
1731802361.7103875;/app/bags/user95_2017-02-24.bag;0.834065854549408;0.0;0.9619645476341248;0.0;3.6903359844713712;0.8114143797257863;0.18858562027421366
1731802361.9103537;/app/bags/user95_2017-02-24.bag;0.834065854549408;0.0;0.9619645476341248;0.0;3.6903359844713712;0.8114143797257863;0.18858562027421366
1731802362.1104107;/app/bags/user95_2017-02-24.bag;0.834065854549408;0.0;0.9619645476341248;0.0;3.6903359844713712;0.8114143797257863;0.18858562027421366
1731802362.3104124;/app/bags/user95_2017-02-24.bag;0.834065854549408;0.0;0.9619645476341248;0.0;3.6903359844713712;0.8114143797257863;0.18858562027421366
1731802362.5104282;/app/bags/user95_2017-02-24.bag;0.834065854549408;0.0;0.9619645476341248;0.0;3.6903359844713712;0.8114143797257863;0.18858562027421366
1731802362.7103796;/app/bags/user95_2017-02-24.bag;0.834065854549408;0.0;0.9619645476341248;0.0;3.6903359844713712;0.8114143797257863;0.18858562027421366
1731802362.910483;/app/bags/user95_2017-02-24.bag;0.834065854549408;0.0;0.9619645476341248;0.0;3.6903359844713712;0.8114143797257863;0.18858562027421366
1731802363.1104016;/app/bags/user95_2017-02-24.bag;0.834065854549408;0.0;0.9619645476341248;0.0;3.6903359844713712;0.8114143797257863;0.18858562027421366
1731802363.3103726;/app/bags/user95_2017-02-24.bag;0.834065854549408;0.0;0.9619645476341248;0.0;3.6903359844713712;0.8114143797257863;0.18858562027421366
1731802363.510449;/app/bags/user95_2017-02-24.bag;0.834065854549408;0.0;0.9619645476341248;0.0;3.6903359844713712;0.8114143797257863;0.18858562027421366
1731802363.7103913;/app/bags/user95_2017-02-24.bag;0.834065854549408;0.0;0.9619645476341248;0.0;3.6903359844713712;0.8114143797257863;0.18858562027421366
1731802363.9104033;/app/bags/user95_2017-02-24.bag;0.834065854549408;0.0;0.9619645476341248;0.0;3.6903359844713712;0.8114143797257863;0.18858562027421366
1731802364.1104033;/app/bags/user95_2017-02-24.bag;0.834065854549408;0.0;0.9619645476341248;0.0;3.6903359844713712;0.8114143797257863;0.18858562027421366
1731802364.31039;/app/bags/user95_2017-02-24.bag;0.834065854549408;0.0;0.9619645476341248;0.0;3.6903359844713712;0.8114143797257863;0.18858562027421366
1731802364.5104184;/app/bags/user95_2017-02-24.bag;0.834065854549408;0.0;0.9619645476341248;0.0;3.6903359844713712;0.8114143797257863;0.18858562027421366
1731802364.710425;/app/bags/user95_2017-02-24.bag;0.834065854549408;0.0;0.9619645476341248;0.0;3.6903359844713712;0.8114143797257863;0.18858562027421366
1731802364.9104128;/app/bags/user95_2017-02-24.bag;0.834065854549408;0.0;0.9619645476341248;0.0;3.6903359844713712;0.8114143797257863;0.18858562027421366
1731802365.1103933;/app/bags/user95_2017-02-24.bag;0.834065854549408;0.0;0.9619645476341248;0.0;3.6903359844713712;0.8114143797257863;0.18858562027421366
1731802365.3105674;/app/bags/user95_2017-02-24.bag;0.834065854549408;0.0;0.9619645476341248;0.0;3.6903359844713712;0.8114143797257863;0.18858562027421366
1731802365.5104282;/app/bags/user95_2017-02-24.bag;0.834065854549408;0.0;0.9619645476341248;0.0;3.6903359844713712;0.8114143797257863;0.18858562027421366
1731802365.710448;/app/bags/user95_2017-02-24.bag;0.834065854549408;0.0;0.9619645476341248;0.0;3.6903359844713712;0.8114143797257863;0.18858562027421366
1731802365.9104095;/app/bags/user95_2017-02-24.bag;0.834065854549408;0.0;0.9619645476341248;0.0;3.6903359844713712;0.8114143797257863;0.18858562027421366
1731802366.110476;/app/bags/user95_2017-02-24.bag;0.834065854549408;0.0;0.9619645476341248;0.0;3.6903359844713712;0.8114143797257863;0.18858562027421366
1731802366.310385;/app/bags/user95_2017-02-24.bag;0.834065854549408;0.0;0.9619645476341248;0.0;3.6903359844713712;0.8114143797257863;0.18858562027421366
1731802366.5103893;/app/bags/user95_2017-02-24.bag;0.834065854549408;0.0;0.9619645476341248;0.0;3.6903359844713712;0.8114143797257863;0.18858562027421366
1731802366.7103882;/app/bags/user95_2017-02-24.bag;0.834065854549408;0.0;0.9619645476341248;0.0;3.6903359844713712;0.8114143797257863;0.18858562027421366
1731802366.910391;/app/bags/user95_2017-02-24.bag;0.834065854549408;0.0;0.9619645476341248;0.0;3.6903359844713712;0.8114143797257863;0.18858562027421366
1731802367.1104257;/app/bags/user95_2017-02-24.bag;0.834065854549408;0.0;0.9619645476341248;0.0;3.6903359844713712;0.8114143797257863;0.18858562027421366
1731802367.3103988;/app/bags/user95_2017-02-24.bag;0.834065854549408;0.0;0.9619645476341248;0.0;3.6903359844713712;0.8114143797257863;0.18858562027421366
1731802367.5103729;/app/bags/user95_2017-02-24.bag;0.834065854549408;0.0;0.9619645476341248;0.0;3.6903359844713712;0.8114143797257863;0.18858562027421366
1731802367.710404;/app/bags/user95_2017-02-24.bag;0.834065854549408;0.0;0.9619645476341248;0.0;3.6903359844713712;0.8114143797257863;0.18858562027421366
1731802367.9104142;/app/bags/user95_2017-02-24.bag;0.834065854549408;0.0;0.9619645476341248;0.0;3.6903359844713712;0.8114143797257863;0.18858562027421366
1731802368.1103847;/app/bags/user95_2017-02-24.bag;0.834065854549408;0.0;0.9619645476341248;0.0;3.6903359844713712;0.8114143797257863;0.18858562027421366
1731802368.31039;/app/bags/user95_2017-02-24.bag;0.834065854549408;0.0;0.9619645476341248;0.0;3.6903359844713712;0.8114143797257863;0.18858562027421366
1731802368.5104012;/app/bags/user95_2017-02-24.bag;0.834065854549408;0.0;0.9619645476341248;0.0;3.6903359844713712;0.8114143797257863;0.18858562027421366
1731802368.7103508;/app/bags/user95_2017-02-24.bag;0.834065854549408;0.0;0.9619645476341248;0.0;3.6903359844713712;0.8114143797257863;0.18858562027421366
1731802368.9104614;/app/bags/user95_2017-02-24.bag;0.834065854549408;0.0;0.9619645476341248;0.0;3.6903359844713712;0.8114143797257863;0.18858562027421366
1731802369.1104658;/app/bags/user95_2017-02-24.bag;0.834065854549408;0.0;0.9619645476341248;0.0;3.6903359844713712;0.8114143797257863;0.18858562027421366
1731802369.3104594;/app/bags/user95_2017-02-24.bag;0.834065854549408;0.0;0.9619645476341248;0.0;3.6903359844713712;0.8114143797257863;0.18858562027421366
1731802369.510424;/app/bags/user95_2017-02-24.bag;0.834065854549408;0.0;0.9619645476341248;0.0;3.6903359844713712;0.8114143797257863;0.18858562027421366
1731802369.7104235;/app/bags/user95_2017-02-24.bag;0.834065854549408;0.0;0.9619645476341248;0.0;3.6903359844713712;0.8114143797257863;0.18858562027421366
1731802369.9103754;/app/bags/user95_2017-02-24.bag;0.834065854549408;0.0;0.9619645476341248;0.0;3.6903359844713712;0.8114143797257863;0.18858562027421366
1731802370.110374;/app/bags/user95_2017-02-24.bag;0.834065854549408;0.0;0.9619645476341248;0.0;3.6903359844713712;0.8114143797257863;0.18858562027421366
1731802370.3104722;/app/bags/user95_2017-02-24.bag;0.834065854549408;0.0;0.9619645476341248;0.0;3.6903359844713712;0.8114143797257863;0.18858562027421366
1731802370.5104048;/app/bags/user95_2017-02-24.bag;0.834065854549408;0.0;0.9619645476341248;0.0;3.6903359844713712;0.8114143797257863;0.18858562027421366
1731802370.7104475;/app/bags/user95_2017-02-24.bag;0.834065854549408;0.0;0.9619645476341248;0.0;3.6903359844713712;0.8114143797257863;0.18858562027421366
1731802370.910388;/app/bags/user95_2017-02-24.bag;0.834065854549408;0.0;0.9619645476341248;0.0;3.6903359844713712;0.8114143797257863;0.18858562027421366
1731802371.1104217;/app/bags/user95_2017-02-24.bag;0.834065854549408;0.0;0.9619645476341248;0.0;3.6903359844713712;0.8114143797257863;0.18858562027421366
1731802371.3103938;/app/bags/user95_2017-02-24.bag;0.834065854549408;0.0;0.9619645476341248;0.0;3.6903359844713712;0.8114143797257863;0.18858562027421366
1731802371.5104103;/app/bags/user95_2017-02-24.bag;0.834065854549408;0.0;0.9619645476341248;0.0;3.6903359844713712;0.8114143797257863;0.18858562027421366
1731802371.710382;/app/bags/user95_2017-02-24.bag;0.834065854549408;0.0;0.9619645476341248;0.0;3.6903359844713712;0.8114143797257863;0.18858562027421366
1731802371.9103916;/app/bags/user95_2017-02-24.bag;0.834065854549408;0.0;0.9619645476341248;0.0;3.6903359844713712;0.8114143797257863;0.18858562027421366
1731802372.1103888;/app/bags/user95_2017-02-24.bag;0.834065854549408;0.0;0.9619645476341248;0.0;3.6903359844713712;0.8114143797257863;0.18858562027421366
1731802372.3104029;/app/bags/user95_2017-02-24.bag;0.834065854549408;0.0;0.9619645476341248;0.0;3.6903359844713712;0.8114143797257863;0.18858562027421366
1731802372.5104089;/app/bags/user95_2017-02-24.bag;0.834065854549408;0.0;0.9619645476341248;0.0;3.6903359844713712;0.8114143797257863;0.18858562027421366
1731802372.7104373;/app/bags/user95_2017-02-24.bag;0.834065854549408;0.0;0.9619645476341248;0.0;3.6903359844713712;0.8114143797257863;0.18858562027421366
1731802372.9103947;/app/bags/user95_2017-02-24.bag;0.834065854549408;0.0;0.9619645476341248;0.0;3.6903359844713712;0.8114143797257863;0.18858562027421366
1731802373.1103923;/app/bags/user95_2017-02-24.bag;0.834065854549408;0.0;0.9619645476341248;0.0;3.6903359844713712;0.8114143797257863;0.18858562027421366
1731802373.3103964;/app/bags/user95_2017-02-24.bag;0.834065854549408;0.0;0.9619645476341248;0.0;3.6903359844713712;0.8114143797257863;0.18858562027421366
1731802373.5104215;/app/bags/user95_2017-02-24.bag;0.834065854549408;0.0;0.9619645476341248;0.0;3.6903359844713712;0.8114143797257863;0.18858562027421366
1731802373.7104454;/app/bags/user95_2017-02-24.bag;0.834065854549408;0.0;0.9619645476341248;0.0;3.6903359844713712;0.8114143797257863;0.18858562027421366
1731802373.910434;/app/bags/user95_2017-02-24.bag;0.834065854549408;0.0;0.9619645476341248;0.0;3.6903359844713712;0.8114143797257863;0.18858562027421366
1731802374.1104143;/app/bags/user95_2017-02-24.bag;0.834065854549408;0.0;0.9619645476341248;0.0;3.6903359844713712;0.8114143797257863;0.18858562027421366
1731802374.3103747;/app/bags/user95_2017-02-24.bag;0.834065854549408;0.0;0.9619645476341248;0.0;3.6903359844713712;0.8114143797257863;0.18858562027421366
1731802374.5103652;/app/bags/user95_2017-02-24.bag;0.834065854549408;0.0;0.9619645476341248;0.0;3.6903359844713712;0.8114143797257863;0.18858562027421366
1731802374.7104268;/app/bags/user95_2017-02-24.bag;0.834065854549408;0.0;0.9619645476341248;0.0;3.6903359844713712;0.8114143797257863;0.18858562027421366
1731802374.9103744;/app/bags/user95_2017-02-24.bag;0.834065854549408;0.0;0.9619645476341248;0.0;3.6903359844713712;0.8114143797257863;0.18858562027421366
1731802375.1106381;/app/bags/user95_2017-02-24.bag;0.834065854549408;0.0;0.9619645476341248;0.0;3.6903359844713712;0.8114143797257863;0.18858562027421366
1731802375.310462;/app/bags/user95_2017-02-24.bag;0.834065854549408;0.0;0.9619645476341248;0.0;3.6903359844713712;0.8114143797257863;0.18858562027421366
1731802375.510381;/app/bags/user95_2017-02-24.bag;0.834065854549408;0.0;0.9619645476341248;0.0;3.6903359844713712;0.8114143797257863;0.18858562027421366
1731802375.7104666;/app/bags/user95_2017-02-24.bag;0.834065854549408;0.0;0.9619645476341248;0.0;3.6903359844713712;0.8114143797257863;0.18858562027421366
1731802375.9103892;/app/bags/user95_2017-02-24.bag;0.834065854549408;0.0;0.9619645476341248;0.0;3.6903359844713712;0.8114143797257863;0.18858562027421366
1731802376.1105013;/app/bags/user95_2017-02-24.bag;0.834065854549408;0.0;0.9619645476341248;0.0;3.6903359844713712;0.8114143797257863;0.18858562027421366
1731802376.3105242;/app/bags/user95_2017-02-24.bag;0.834065854549408;0.0;0.9619645476341248;0.0;3.6903359844713712;0.8114143797257863;0.18858562027421366
1731802376.5104291;/app/bags/user95_2017-02-24.bag;0.834065854549408;0.0;0.9619645476341248;0.0;3.6903359844713712;0.8114143797257863;0.18858562027421366
1731802376.7105258;/app/bags/user95_2017-02-24.bag;0.834065854549408;0.0;0.9619645476341248;0.0;3.6903359844713712;0.8114143797257863;0.18858562027421366
1731802376.9103744;/app/bags/user95_2017-02-24.bag;0.834065854549408;0.0;0.9619645476341248;0.0;3.6903359844713712;0.8114143797257863;0.18858562027421366
1731802377.1103845;/app/bags/user95_2017-02-24.bag;0.834065854549408;0.0;0.9619645476341248;0.0;3.6903359844713712;0.8114143797257863;0.18858562027421366
1731802377.310405;/app/bags/user95_2017-02-24.bag;0.834065854549408;0.0;0.9619645476341248;0.0;3.6903359844713712;0.8114143797257863;0.18858562027421366
1731802377.5103943;/app/bags/user95_2017-02-24.bag;0.834065854549408;0.0;0.9619645476341248;0.0;3.6903359844713712;0.8114143797257863;0.18858562027421366
1731802377.7103937;/app/bags/user95_2017-02-24.bag;0.834065854549408;0.0;0.9619645476341248;0.0;3.6903359844713712;0.8114143797257863;0.18858562027421366
1731802377.910366;/app/bags/user95_2017-02-24.bag;0.834065854549408;0.0;0.9619645476341248;0.0;3.6903359844713712;0.8114143797257863;0.18858562027421366
1731802378.110566;/app/bags/user95_2017-02-24.bag;0.834065854549408;0.0;0.9619645476341248;0.0;3.6903359844713712;0.8114143797257863;0.18858562027421366
1731802378.310424;/app/bags/user95_2017-02-24.bag;0.834065854549408;0.0;0.9619645476341248;0.0;3.6903359844713712;0.8114143797257863;0.18858562027421366
1731802378.510378;/app/bags/user95_2017-02-24.bag;0.834065854549408;0.0;0.9619645476341248;0.0;3.6903359844713712;0.8114143797257863;0.18858562027421366
1731802378.7103453;/app/bags/user95_2017-02-24.bag;0.834065854549408;0.0;0.9619645476341248;0.0;3.6903359844713712;0.8114143797257863;0.18858562027421366
1731802378.9104428;/app/bags/user95_2017-02-24.bag;0.834065854549408;0.0;0.9619645476341248;0.0;3.6903359844713712;0.8114143797257863;0.18858562027421366
1731802379.1104093;/app/bags/user95_2017-02-24.bag;0.834065854549408;0.0;0.9619645476341248;0.0;3.6903359844713712;0.8114143797257863;0.18858562027421366
1731802379.3104048;/app/bags/user95_2017-02-24.bag;0.834065854549408;0.0;0.9619645476341248;0.0;3.6903359844713712;0.8114143797257863;0.18858562027421366
1731802379.5104759;/app/bags/user95_2017-02-24.bag;0.834065854549408;0.0;0.9619645476341248;0.0;3.6903359844713712;0.8114143797257863;0.18858562027421366
1731802379.7104197;/app/bags/user95_2017-02-24.bag;0.834065854549408;0.0;0.9619645476341248;0.0;3.6903359844713712;0.8114143797257863;0.18858562027421366
1731802379.9104302;/app/bags/user95_2017-02-24.bag;0.834065854549408;0.0;0.9619645476341248;0.0;3.6903359844713712;0.8114143797257863;0.18858562027421366
1731802380.1103933;/app/bags/user95_2017-02-24.bag;0.834065854549408;0.0;0.9619645476341248;0.0;3.6903359844713712;0.8114143797257863;0.18858562027421366
1731802380.310426;/app/bags/user95_2017-02-24.bag;0.834065854549408;0.0;0.9619645476341248;0.0;3.6903359844713712;0.8114143797257863;0.18858562027421366
1731802380.5106344;/app/bags/user95_2017-02-24.bag;0.834065854549408;0.0;0.9619645476341248;0.0;3.6903359844713712;0.8114143797257863;0.18858562027421366
1731802380.7104425;/app/bags/user95_2017-02-24.bag;0.834065854549408;0.0;0.9619645476341248;0.0;3.6903359844713712;0.8114143797257863;0.18858562027421366
1731802380.9103882;/app/bags/user95_2017-02-24.bag;0.834065854549408;0.0;0.9619645476341248;0.0;3.6903359844713712;0.8114143797257863;0.18858562027421366
1731802381.1103582;/app/bags/user95_2017-02-24.bag;0.834065854549408;0.0;0.9619645476341248;0.0;3.6903359844713712;0.8114143797257863;0.18858562027421366
1731802381.3104086;/app/bags/user95_2017-02-24.bag;0.834065854549408;0.0;0.9619645476341248;0.0;3.6903359844713712;0.8114143797257863;0.18858562027421366
1731802381.510398;/app/bags/user95_2017-02-24.bag;0.834065854549408;0.0;0.9619645476341248;0.0;3.6903359844713712;0.8114143797257863;0.18858562027421366
1731802381.7103863;/app/bags/user95_2017-02-24.bag;0.834065854549408;0.0;0.9619645476341248;0.0;3.6903359844713712;0.8114143797257863;0.18858562027421366
1731802381.9104135;/app/bags/user95_2017-02-24.bag;0.834065854549408;0.0;0.9619645476341248;0.0;3.6903359844713712;0.8114143797257863;0.18858562027421366
1731802382.1103988;/app/bags/user95_2017-02-24.bag;0.834065854549408;0.0;0.9619645476341248;0.0;3.6903359844713712;0.8114143797257863;0.18858562027421366
1731802382.3103986;/app/bags/user95_2017-02-24.bag;0.834065854549408;0.0;0.9619645476341248;0.0;3.6903359844713712;0.8114143797257863;0.18858562027421366
1731802382.5103917;/app/bags/user95_2017-02-24.bag;0.834065854549408;0.0;0.9619645476341248;0.0;3.6903359844713712;0.8114143797257863;0.18858562027421366
1731802382.7104084;/app/bags/user95_2017-02-24.bag;0.834065854549408;0.0;0.9619645476341248;0.0;3.6903359844713712;0.8114143797257863;0.18858562027421366
1731802382.9103992;/app/bags/user95_2017-02-24.bag;0.834065854549408;0.0;0.9619645476341248;0.0;3.6903359844713712;0.8114143797257863;0.18858562027421366
1731802383.1104417;/app/bags/user95_2017-02-24.bag;0.834065854549408;0.0;0.9619645476341248;0.0;3.6903359844713712;0.8114143797257863;0.18858562027421366
1731802383.3103926;/app/bags/user95_2017-02-24.bag;0.834065854549408;0.0;0.9619645476341248;0.0;3.6903359844713712;0.8114143797257863;0.18858562027421366
1731802383.5104218;/app/bags/user95_2017-02-24.bag;0.834065854549408;0.0;0.9619645476341248;0.0;3.6903359844713712;0.8114143797257863;0.18858562027421366
1731802383.7104118;/app/bags/user95_2017-02-24.bag;0.834065854549408;0.0;0.9619645476341248;0.0;3.6903359844713712;0.8114143797257863;0.18858562027421366
1731802383.9103734;/app/bags/user95_2017-02-24.bag;0.834065854549408;0.0;0.9619645476341248;0.0;3.6903359844713712;0.8114143797257863;0.18858562027421366
1731802384.110447;/app/bags/user95_2017-02-24.bag;0.834065854549408;0.0;0.9619645476341248;0.0;3.6903359844713712;0.8114143797257863;0.18858562027421366
1731802384.3104906;/app/bags/user95_2017-02-24.bag;0.834065854549408;0.0;0.9619645476341248;0.0;3.6903359844713712;0.8114143797257863;0.18858562027421366
1731802384.5103674;/app/bags/user95_2017-02-24.bag;0.834065854549408;0.0;0.9619645476341248;0.0;3.6903359844713712;0.8114143797257863;0.18858562027421366
1731802384.710377;/app/bags/user95_2017-02-24.bag;0.834065854549408;0.0;0.9619645476341248;0.0;3.6903359844713712;0.8114143797257863;0.18858562027421366
1731802384.9103487;/app/bags/user95_2017-02-24.bag;0.834065854549408;0.0;0.9619645476341248;0.0;3.6903359844713712;0.8114143797257863;0.18858562027421366
1731802385.1103776;/app/bags/user95_2017-02-24.bag;0.834065854549408;0.0;0.9619645476341248;0.0;3.6903359844713712;0.8114143797257863;0.18858562027421366
1731802385.3105009;/app/bags/user95_2017-02-24.bag;0.834065854549408;0.0;0.9619645476341248;0.0;3.6903359844713712;0.8114143797257863;0.18858562027421366
1731802385.5104747;/app/bags/user95_2017-02-24.bag;0.834065854549408;0.0;0.9619645476341248;0.0;3.6903359844713712;0.8114143797257863;0.18858562027421366
1731802385.710344;/app/bags/user95_2017-02-24.bag;0.834065854549408;0.0;0.9619645476341248;0.0;3.6903359844713712;0.8114143797257863;0.18858562027421366
1731802385.9104304;/app/bags/user95_2017-02-24.bag;0.834065854549408;0.0;0.9619645476341248;0.0;3.6903359844713712;0.8114143797257863;0.18858562027421366
1731802386.110406;/app/bags/user95_2017-02-24.bag;0.834065854549408;0.0;0.9619645476341248;0.0;3.6903359844713712;0.8114143797257863;0.18858562027421366
1731802386.31041;/app/bags/user95_2017-02-24.bag;0.834065854549408;0.0;0.9619645476341248;0.0;3.6903359844713712;0.8114143797257863;0.18858562027421366
1731802386.5104315;/app/bags/user95_2017-02-24.bag;0.834065854549408;0.0;0.9619645476341248;0.0;3.6903359844713712;0.8114143797257863;0.18858562027421366
1731802386.7104728;/app/bags/user95_2017-02-24.bag;0.834065854549408;0.0;0.9619645476341248;0.0;3.6903359844713712;0.8114143797257863;0.18858562027421366
1731802386.9104187;/app/bags/user95_2017-02-24.bag;0.834065854549408;0.0;0.9619645476341248;0.0;3.6903359844713712;0.8114143797257863;0.18858562027421366
1731802387.110413;/app/bags/user95_2017-02-24.bag;0.834065854549408;0.0;0.9619645476341248;0.0;3.6903359844713712;0.8114143797257863;0.18858562027421366
1731802387.31037;/app/bags/user95_2017-02-24.bag;0.834065854549408;0.0;0.9619645476341248;0.0;3.6903359844713712;0.8114143797257863;0.18858562027421366
1731802387.510396;/app/bags/user95_2017-02-24.bag;0.834065854549408;0.0;0.9619645476341248;0.0;3.6903359844713712;0.8114143797257863;0.18858562027421366
1731802387.7104445;/app/bags/user95_2017-02-24.bag;0.834065854549408;0.0;0.9619645476341248;0.0;3.6903359844713712;0.8114143797257863;0.18858562027421366
1731802387.9103847;/app/bags/user95_2017-02-24.bag;0.834065854549408;0.0;0.9619645476341248;0.0;3.6903359844713712;0.8114143797257863;0.18858562027421366
1731802388.1103706;/app/bags/user95_2017-02-24.bag;0.834065854549408;0.0;0.9619645476341248;0.0;3.6903359844713712;0.8114143797257863;0.18858562027421366
1731802388.31043;/app/bags/user95_2017-02-24.bag;0.834065854549408;0.0;0.9619645476341248;0.0;3.6903359844713712;0.8114143797257863;0.18858562027421366
1731802388.5103555;/app/bags/user95_2017-02-24.bag;0.834065854549408;0.0;0.9619645476341248;0.0;3.6903359844713712;0.8114143797257863;0.18858562027421366
1731802388.7103982;/app/bags/user95_2017-02-24.bag;0.834065854549408;0.0;0.9619645476341248;0.0;3.6903359844713712;0.8114143797257863;0.18858562027421366
1731802388.9103928;/app/bags/user95_2017-02-24.bag;0.834065854549408;0.0;0.9619645476341248;0.0;3.6903359844713712;0.8114143797257863;0.18858562027421366
1731802389.110388;/app/bags/user95_2017-02-24.bag;0.834065854549408;0.0;0.9619645476341248;0.0;3.6903359844713712;0.8114143797257863;0.18858562027421366
1731802389.310422;/app/bags/user95_2017-02-24.bag;0.834065854549408;0.0;0.9619645476341248;0.0;3.6903359844713712;0.8114143797257863;0.18858562027421366
1731802389.5103707;/app/bags/user95_2017-02-24.bag;0.834065854549408;0.0;0.9619645476341248;0.0;3.6903359844713712;0.8114143797257863;0.18858562027421366
1731802389.7104037;/app/bags/user95_2017-02-24.bag;0.834065854549408;0.0;0.9619645476341248;0.0;3.6903359844713712;0.8114143797257863;0.18858562027421366
1731802389.9104211;/app/bags/user95_2017-02-24.bag;0.834065854549408;0.0;0.9619645476341248;0.0;3.6903359844713712;0.8114143797257863;0.18858562027421366
1731802390.1104085;/app/bags/user95_2017-02-24.bag;0.834065854549408;0.0;0.9619645476341248;0.0;3.6903359844713712;0.8114143797257863;0.18858562027421366
1731802390.3103864;/app/bags/user95_2017-02-24.bag;0.834065854549408;0.0;0.9619645476341248;0.0;3.6903359844713712;0.8114143797257863;0.18858562027421366
1731802390.510556;/app/bags/user95_2017-02-24.bag;0.834065854549408;0.0;0.9619645476341248;0.0;3.6903359844713712;0.8114143797257863;0.18858562027421366
1731802390.7103868;/app/bags/user95_2017-02-24.bag;0.834065854549408;0.0;0.9619645476341248;0.0;3.6903359844713712;0.8114143797257863;0.18858562027421366
1731802390.9104233;/app/bags/user95_2017-02-24.bag;0.834065854549408;0.0;0.9619645476341248;0.0;3.6903359844713712;0.8114143797257863;0.18858562027421366
1731802391.1104283;/app/bags/user95_2017-02-24.bag;0.834065854549408;0.0;0.9619645476341248;0.0;3.6903359844713712;0.8114143797257863;0.18858562027421366
1731802391.3103936;/app/bags/user95_2017-02-24.bag;0.834065854549408;0.0;0.9619645476341248;0.0;3.6903359844713712;0.8114143797257863;0.18858562027421366
1731802391.5103943;/app/bags/user95_2017-02-24.bag;0.834065854549408;0.0;0.9619645476341248;0.0;3.6903359844713712;0.8114143797257863;0.18858562027421366
1731802391.7103996;/app/bags/user95_2017-02-24.bag;0.834065854549408;0.0;0.9619645476341248;0.0;3.6903359844713712;0.8114143797257863;0.18858562027421366
1731802391.9104154;/app/bags/user95_2017-02-24.bag;0.834065854549408;0.0;0.9619645476341248;0.0;3.6903359844713712;0.8114143797257863;0.18858562027421366
1731802392.110388;/app/bags/user95_2017-02-24.bag;0.834065854549408;0.0;0.9619645476341248;0.0;3.6903359844713712;0.8114143797257863;0.18858562027421366
1731802392.3103974;/app/bags/user95_2017-02-24.bag;0.834065854549408;0.0;0.9619645476341248;0.0;3.6903359844713712;0.8114143797257863;0.18858562027421366
1731802392.5104368;/app/bags/user95_2017-02-24.bag;0.834065854549408;0.0;0.9619645476341248;0.0;3.6903359844713712;0.8114143797257863;0.18858562027421366
1731802392.710426;/app/bags/user95_2017-02-24.bag;0.834065854549408;0.0;0.9619645476341248;0.0;3.6903359844713712;0.8114143797257863;0.18858562027421366
1731802392.9103997;/app/bags/user95_2017-02-24.bag;0.834065854549408;0.0;0.9619645476341248;0.0;3.6903359844713712;0.8114143797257863;0.18858562027421366
1731802393.1103861;/app/bags/user95_2017-02-24.bag;0.834065854549408;0.0;0.9619645476341248;0.0;3.6903359844713712;0.8114143797257863;0.18858562027421366
1731802393.3104544;/app/bags/user95_2017-02-24.bag;0.834065854549408;0.0;0.9619645476341248;0.0;3.6903359844713712;0.8114143797257863;0.18858562027421366
1731802393.5104184;/app/bags/user95_2017-02-24.bag;0.834065854549408;0.0;0.9619645476341248;0.0;3.6903359844713712;0.8114143797257863;0.18858562027421366
1731802393.7104392;/app/bags/user95_2017-02-24.bag;0.834065854549408;0.0;0.9619645476341248;0.0;3.6903359844713712;0.8114143797257863;0.18858562027421366
1731802393.9104009;/app/bags/user95_2017-02-24.bag;0.834065854549408;0.0;0.9619645476341248;0.0;3.6903359844713712;0.8114143797257863;0.18858562027421366
1731802394.110391;/app/bags/user95_2017-02-24.bag;0.834065854549408;0.0;0.9619645476341248;0.0;3.6903359844713712;0.8114143797257863;0.18858562027421366
1731802394.3103757;/app/bags/user95_2017-02-24.bag;0.834065854549408;0.0;0.9619645476341248;0.0;3.6903359844713712;0.8114143797257863;0.18858562027421366
1731802394.510373;/app/bags/user95_2017-02-24.bag;0.834065854549408;0.0;0.9619645476341248;0.0;3.6903359844713712;0.8114143797257863;0.18858562027421366
1731802394.710287;/app/bags/user95_2017-02-24.bag;0.834065854549408;0.0;0.9619645476341248;0.0;3.6903359844713712;0.8114143797257863;0.18858562027421366
1731802394.9104223;/app/bags/user95_2017-02-24.bag;0.834065854549408;0.0;0.9619645476341248;0.0;3.6903359844713712;0.8114143797257863;0.18858562027421366
1731802395.1104274;/app/bags/user95_2017-02-24.bag;0.834065854549408;0.0;0.9619645476341248;0.0;3.6903359844713712;0.8114143797257863;0.18858562027421366
1731802395.3103933;/app/bags/user95_2017-02-24.bag;0.834065854549408;0.0;0.9619645476341248;0.0;3.6903359844713712;0.8114143797257863;0.18858562027421366
1731802395.5103822;/app/bags/user95_2017-02-24.bag;0.834065854549408;0.0;0.9619645476341248;0.0;3.6903359844713712;0.8114143797257863;0.18858562027421366
1731802395.710397;/app/bags/user95_2017-02-24.bag;0.834065854549408;0.0;0.9619645476341248;0.0;3.6903359844713712;0.8114143797257863;0.18858562027421366
1731802395.9104378;/app/bags/user95_2017-02-24.bag;0.834065854549408;0.0;0.9619645476341248;0.0;3.6903359844713712;0.8114143797257863;0.18858562027421366
1731802396.1104033;/app/bags/user95_2017-02-24.bag;0.834065854549408;0.0;0.9619645476341248;0.0;3.6903359844713712;0.8114143797257863;0.18858562027421366
1731802396.310438;/app/bags/user95_2017-02-24.bag;0.834065854549408;0.0;0.9619645476341248;0.0;3.6903359844713712;0.8114143797257863;0.18858562027421366
1731802396.510401;/app/bags/user95_2017-02-24.bag;0.834065854549408;0.0;0.9619645476341248;0.0;3.6903359844713712;0.8114143797257863;0.18858562027421366
1731802396.7103946;/app/bags/user95_2017-02-24.bag;0.834065854549408;0.0;0.9619645476341248;0.0;3.6903359844713712;0.8114143797257863;0.18858562027421366
1731802396.9104333;/app/bags/user95_2017-02-24.bag;0.834065854549408;0.0;0.9619645476341248;0.0;3.6903359844713712;0.8114143797257863;0.18858562027421366
1731802397.1104126;/app/bags/user95_2017-02-24.bag;0.834065854549408;0.0;0.9619645476341248;0.0;3.6903359844713712;0.8114143797257863;0.18858562027421366
1731802397.3104715;/app/bags/user95_2017-02-24.bag;0.834065854549408;0.0;0.9619645476341248;0.0;3.6903359844713712;0.8114143797257863;0.18858562027421366
1731802397.5104299;/app/bags/user95_2017-02-24.bag;0.834065854549408;0.0;0.9619645476341248;0.0;3.6903359844713712;0.8114143797257863;0.18858562027421366
1731802397.7104075;/app/bags/user95_2017-02-24.bag;0.834065854549408;0.0;0.9619645476341248;0.0;3.6903359844713712;0.8114143797257863;0.18858562027421366
1731802397.9103773;/app/bags/user95_2017-02-24.bag;0.834065854549408;0.0;0.9619645476341248;0.0;3.6903359844713712;0.8114143797257863;0.18858562027421366
1731802398.110444;/app/bags/user95_2017-02-24.bag;0.834065854549408;0.0;0.9619645476341248;0.0;3.6903359844713712;0.8114143797257863;0.18858562027421366
1731802398.3104012;/app/bags/user95_2017-02-24.bag;0.834065854549408;0.0;0.9619645476341248;0.0;3.6903359844713712;0.8114143797257863;0.18858562027421366
1731802398.5104537;/app/bags/user95_2017-02-24.bag;0.834065854549408;0.0;0.9619645476341248;0.0;3.6903359844713712;0.8114143797257863;0.18858562027421366
1731802398.710396;/app/bags/user95_2017-02-24.bag;0.834065854549408;0.0;0.9619645476341248;0.0;3.6903359844713712;0.8114143797257863;0.18858562027421366
1731802398.9104416;/app/bags/user95_2017-02-24.bag;0.834065854549408;0.0;0.9619645476341248;0.0;3.6903359844713712;0.8114143797257863;0.18858562027421366
1731802399.1103792;/app/bags/user95_2017-02-24.bag;0.834065854549408;0.0;0.9619645476341248;0.0;3.6903359844713712;0.8114143797257863;0.18858562027421366
1731802399.3103888;/app/bags/user95_2017-02-24.bag;0.834065854549408;0.0;0.9619645476341248;0.0;3.6903359844713712;0.8114143797257863;0.18858562027421366
1731802399.5104206;/app/bags/user95_2017-02-24.bag;0.834065854549408;0.0;0.9619645476341248;0.0;3.6903359844713712;0.8114143797257863;0.18858562027421366
1731802399.7104347;/app/bags/user95_2017-02-24.bag;0.834065854549408;0.0;0.9619645476341248;0.0;3.6903359844713712;0.8114143797257863;0.18858562027421366
1731802399.910427;/app/bags/user95_2017-02-24.bag;0.834065854549408;0.0;0.9619645476341248;0.0;3.6903359844713712;0.8114143797257863;0.18858562027421366
1731802400.1103904;/app/bags/user95_2017-02-24.bag;0.834065854549408;0.0;0.9619645476341248;0.0;3.6903359844713712;0.8114143797257863;0.18858562027421366
1731802400.310356;/app/bags/user95_2017-02-24.bag;0.834065854549408;0.0;0.9619645476341248;0.0;3.6903359844713712;0.8114143797257863;0.18858562027421366
1731802400.5103672;/app/bags/user95_2017-02-24.bag;0.834065854549408;0.0;0.9619645476341248;0.0;3.6903359844713712;0.8114143797257863;0.18858562027421366
1731802400.7104132;/app/bags/user95_2017-02-24.bag;0.834065854549408;0.0;0.9619645476341248;0.0;3.6903359844713712;0.8114143797257863;0.18858562027421366
1731802400.9104924;/app/bags/user95_2017-02-24.bag;0.834065854549408;0.0;0.9619645476341248;0.0;3.6903359844713712;0.8114143797257863;0.18858562027421366
1731802401.1103897;/app/bags/user95_2017-02-24.bag;0.834065854549408;0.0;0.9619645476341248;0.0;3.6903359844713712;0.8114143797257863;0.18858562027421366
1731802401.310392;/app/bags/user95_2017-02-24.bag;0.834065854549408;0.0;0.9619645476341248;0.0;3.6903359844713712;0.8114143797257863;0.18858562027421366
1731802401.5103703;/app/bags/user95_2017-02-24.bag;0.834065854549408;0.0;0.9619645476341248;0.0;3.6903359844713712;0.8114143797257863;0.18858562027421366
1731802401.7104614;/app/bags/user95_2017-02-24.bag;0.834065854549408;0.0;0.9619645476341248;0.0;3.6903359844713712;0.8114143797257863;0.18858562027421366
1731802401.910391;/app/bags/user95_2017-02-24.bag;0.834065854549408;0.0;0.9619645476341248;0.0;3.6903359844713712;0.8114143797257863;0.18858562027421366
1731802402.1104383;/app/bags/user95_2017-02-24.bag;0.834065854549408;0.0;0.9619645476341248;0.0;3.6903359844713712;0.8114143797257863;0.18858562027421366
1731802402.3104024;/app/bags/user95_2017-02-24.bag;0.834065854549408;0.0;0.9619645476341248;0.0;3.6903359844713712;0.8114143797257863;0.18858562027421366
1731802402.5103796;/app/bags/user95_2017-02-24.bag;0.834065854549408;0.0;0.9619645476341248;0.0;3.6903359844713712;0.8114143797257863;0.18858562027421366
1731802402.7104027;/app/bags/user95_2017-02-24.bag;0.834065854549408;0.0;0.9619645476341248;0.0;3.6903359844713712;0.8114143797257863;0.18858562027421366
1731802402.9103858;/app/bags/user95_2017-02-24.bag;0.834065854549408;0.0;0.9619645476341248;0.0;3.6903359844713712;0.8114143797257863;0.18858562027421366
1731802403.1104052;/app/bags/user95_2017-02-24.bag;0.834065854549408;0.0;0.9619645476341248;0.0;3.6903359844713712;0.8114143797257863;0.18858562027421366
1731802403.3105469;/app/bags/user95_2017-02-24.bag;0.834065854549408;0.0;0.9619645476341248;0.0;3.6903359844713712;0.8114143797257863;0.18858562027421366
1731802403.510414;/app/bags/user95_2017-02-24.bag;0.834065854549408;0.0;0.9619645476341248;0.0;3.6903359844713712;0.8114143797257863;0.18858562027421366
1731802403.710461;/app/bags/user95_2017-02-24.bag;0.834065854549408;0.0;0.9619645476341248;0.0;3.6903359844713712;0.8114143797257863;0.18858562027421366
1731802403.9103835;/app/bags/user95_2017-02-24.bag;0.834065854549408;0.0;0.9619645476341248;0.0;3.6903359844713712;0.8114143797257863;0.18858562027421366
1731802404.110361;/app/bags/user95_2017-02-24.bag;0.834065854549408;0.0;0.9619645476341248;0.0;3.6903359844713712;0.8114143797257863;0.18858562027421366
1731802404.3103938;/app/bags/user95_2017-02-24.bag;0.834065854549408;0.0;0.9619645476341248;0.0;3.6903359844713712;0.8114143797257863;0.18858562027421366
1731802404.5104206;/app/bags/user95_2017-02-24.bag;0.834065854549408;0.0;0.9619645476341248;0.0;3.6903359844713712;0.8114143797257863;0.18858562027421366
1731802404.7103274;/app/bags/user95_2017-02-24.bag;0.834065854549408;0.0;0.9619645476341248;0.0;3.6903359844713712;0.8114143797257863;0.18858562027421366
1731802404.9104805;/app/bags/user95_2017-02-24.bag;0.834065854549408;0.0;0.9619645476341248;0.0;3.6903359844713712;0.8114143797257863;0.18858562027421366
1731802405.1103816;/app/bags/user95_2017-02-24.bag;0.834065854549408;0.0;0.9619645476341248;0.0;3.6903359844713712;0.8114143797257863;0.18858562027421366
1731802405.3104198;/app/bags/user95_2017-02-24.bag;0.834065854549408;0.0;0.9619645476341248;0.0;3.6903359844713712;0.8114143797257863;0.18858562027421366
1731802405.5103917;/app/bags/user95_2017-02-24.bag;0.834065854549408;0.0;0.9619645476341248;0.0;3.6903359844713712;0.8114143797257863;0.18858562027421366
1731802405.7103674;/app/bags/user95_2017-02-24.bag;0.834065854549408;0.0;0.9619645476341248;0.0;3.6903359844713712;0.8114143797257863;0.18858562027421366
1731802405.9103947;/app/bags/user95_2017-02-24.bag;0.834065854549408;0.0;0.9619645476341248;0.0;3.6903359844713712;0.8114143797257863;0.18858562027421366
1731802406.1103742;/app/bags/user95_2017-02-24.bag;0.834065854549408;0.0;0.9619645476341248;0.0;3.6903359844713712;0.8114143797257863;0.18858562027421366
1731802406.3103995;/app/bags/user95_2017-02-24.bag;0.834065854549408;0.0;0.9619645476341248;0.0;3.6903359844713712;0.8114143797257863;0.18858562027421366
1731802406.510403;/app/bags/user95_2017-02-24.bag;0.834065854549408;0.0;0.9619645476341248;0.0;3.6903359844713712;0.8114143797257863;0.18858562027421366
1731802406.710436;/app/bags/user95_2017-02-24.bag;0.834065854549408;0.0;0.9619645476341248;0.0;3.6903359844713712;0.8114143797257863;0.18858562027421366
1731802406.9104626;/app/bags/user95_2017-02-24.bag;0.834065854549408;0.0;0.9619645476341248;0.0;3.6903359844713712;0.8114143797257863;0.18858562027421366
1731802407.1104267;/app/bags/user95_2017-02-24.bag;0.834065854549408;0.0;0.9619645476341248;0.0;3.6903359844713712;0.8114143797257863;0.18858562027421366
1731802407.3104758;/app/bags/user95_2017-02-24.bag;0.834065854549408;0.0;0.9619645476341248;0.0;3.6903359844713712;0.8114143797257863;0.18858562027421366
1731802407.510432;/app/bags/user95_2017-02-24.bag;0.834065854549408;0.0;0.9619645476341248;0.0;3.6903359844713712;0.8114143797257863;0.18858562027421366
1731802407.7103696;/app/bags/user95_2017-02-24.bag;0.834065854549408;0.0;0.9619645476341248;0.0;3.6903359844713712;0.8114143797257863;0.18858562027421366
1731802407.9104052;/app/bags/user95_2017-02-24.bag;0.834065854549408;0.0;0.9619645476341248;0.0;3.6903359844713712;0.8114143797257863;0.18858562027421366
1731802408.1103666;/app/bags/user95_2017-02-24.bag;0.834065854549408;0.0;0.9619645476341248;0.0;3.6903359844713712;0.8114143797257863;0.18858562027421366
1731802408.3105285;/app/bags/user95_2017-02-24.bag;0.834065854549408;0.0;0.9619645476341248;0.0;3.6903359844713712;0.8114143797257863;0.18858562027421366
1731802408.5104122;/app/bags/user95_2017-02-24.bag;0.834065854549408;0.0;0.9619645476341248;0.0;3.6903359844713712;0.8114143797257863;0.18858562027421366
1731802408.7104204;/app/bags/user95_2017-02-24.bag;0.834065854549408;0.0;0.9619645476341248;0.0;3.6903359844713712;0.8114143797257863;0.18858562027421366
1731802408.9103765;/app/bags/user95_2017-02-24.bag;0.834065854549408;0.0;0.9619645476341248;0.0;3.6903359844713712;0.8114143797257863;0.18858562027421366
1731802409.1104617;/app/bags/user95_2017-02-24.bag;0.834065854549408;0.0;0.9619645476341248;0.0;3.6903359844713712;0.8114143797257863;0.18858562027421366
1731802409.3105354;/app/bags/user95_2017-02-24.bag;0.834065854549408;0.0;0.9619645476341248;0.0;3.6903359844713712;0.8114143797257863;0.18858562027421366
1731802409.5105286;/app/bags/user95_2017-02-24.bag;0.834065854549408;0.0;0.9619645476341248;0.0;3.6903359844713712;0.8114143797257863;0.18858562027421366
1731802409.7103958;/app/bags/user95_2017-02-24.bag;0.834065854549408;0.0;0.9619645476341248;0.0;3.6903359844713712;0.8114143797257863;0.18858562027421366
1731802409.9104424;/app/bags/user95_2017-02-24.bag;0.834065854549408;0.0;0.9619645476341248;0.0;3.6903359844713712;0.8114143797257863;0.18858562027421366
1731802410.11044;/app/bags/user95_2017-02-24.bag;0.834065854549408;0.0;0.9619645476341248;0.0;3.6903359844713712;0.8114143797257863;0.18858562027421366
1731802410.310405;/app/bags/user95_2017-02-24.bag;0.834065854549408;0.0;0.9619645476341248;0.0;3.6903359844713712;0.8114143797257863;0.18858562027421366
1731802410.510425;/app/bags/user95_2017-02-24.bag;0.834065854549408;0.0;0.9619645476341248;0.0;3.6903359844713712;0.8114143797257863;0.18858562027421366
1731802410.7104323;/app/bags/user95_2017-02-24.bag;0.834065854549408;0.0;0.9619645476341248;0.0;3.6903359844713712;0.8114143797257863;0.18858562027421366
1731802410.9104261;/app/bags/user95_2017-02-24.bag;0.834065854549408;0.0;0.9619645476341248;0.0;3.6903359844713712;0.8114143797257863;0.18858562027421366
1731802411.1104045;/app/bags/user95_2017-02-24.bag;0.834065854549408;0.0;0.9619645476341248;0.0;3.6903359844713712;0.8114143797257863;0.18858562027421366
1731802411.3103864;/app/bags/user95_2017-02-24.bag;0.834065854549408;0.0;0.9619645476341248;0.0;3.6903359844713712;0.8114143797257863;0.18858562027421366
1731802411.510384;/app/bags/user95_2017-02-24.bag;0.834065854549408;0.0;0.9619645476341248;0.0;3.6903359844713712;0.8114143797257863;0.18858562027421366
1731802411.710412;/app/bags/user95_2017-02-24.bag;0.834065854549408;0.0;0.9619645476341248;0.0;3.6903359844713712;0.8114143797257863;0.18858562027421366
1731802411.9104533;/app/bags/user95_2017-02-24.bag;0.834065854549408;0.0;0.9619645476341248;0.0;3.6903359844713712;0.8114143797257863;0.18858562027421366
1731802412.1104233;/app/bags/user95_2017-02-24.bag;0.834065854549408;0.0;0.9619645476341248;0.0;3.6903359844713712;0.8114143797257863;0.18858562027421366
1731802412.310453;/app/bags/user95_2017-02-24.bag;0.834065854549408;0.0;0.9619645476341248;0.0;3.6903359844713712;0.8114143797257863;0.18858562027421366
1731802412.5104327;/app/bags/user95_2017-02-24.bag;0.834065854549408;0.0;0.9619645476341248;0.0;3.6903359844713712;0.8114143797257863;0.18858562027421366
1731802412.7103903;/app/bags/user95_2017-02-24.bag;0.834065854549408;0.0;0.9619645476341248;0.0;3.6903359844713712;0.8114143797257863;0.18858562027421366
1731802412.9104161;/app/bags/user95_2017-02-24.bag;0.834065854549408;0.0;0.9619645476341248;0.0;3.6903359844713712;0.8114143797257863;0.18858562027421366
1731802413.1103773;/app/bags/user95_2017-02-24.bag;0.834065854549408;0.0;0.9619645476341248;0.0;3.6903359844713712;0.8114143797257863;0.18858562027421366
1731802413.3104024;/app/bags/user95_2017-02-24.bag;0.834065854549408;0.0;0.9619645476341248;0.0;3.6903359844713712;0.8114143797257863;0.18858562027421366
1731802413.5105245;/app/bags/user95_2017-02-24.bag;0.834065854549408;0.0;0.9619645476341248;0.0;3.6903359844713712;0.8114143797257863;0.18858562027421366
1731802413.7104018;/app/bags/user95_2017-02-24.bag;0.834065854549408;0.0;0.9619645476341248;0.0;3.6903359844713712;0.8114143797257863;0.18858562027421366
1731802413.910385;/app/bags/user95_2017-02-24.bag;0.834065854549408;0.0;0.9619645476341248;0.0;3.6903359844713712;0.8114143797257863;0.18858562027421366
1731802414.1103764;/app/bags/user95_2017-02-24.bag;0.834065854549408;0.0;0.9619645476341248;0.0;3.6903359844713712;0.8114143797257863;0.18858562027421366
1731802414.3103862;/app/bags/user95_2017-02-24.bag;0.834065854549408;0.0;0.9619645476341248;0.0;3.6903359844713712;0.8114143797257863;0.18858562027421366
1731802414.5104125;/app/bags/user95_2017-02-24.bag;0.834065854549408;0.0;0.9619645476341248;0.0;3.6903359844713712;0.8114143797257863;0.18858562027421366
1731802414.710375;/app/bags/user95_2017-02-24.bag;0.834065854549408;0.0;0.9619645476341248;0.0;3.6903359844713712;0.8114143797257863;0.18858562027421366
1731802414.9104373;/app/bags/user95_2017-02-24.bag;0.834065854549408;0.0;0.9619645476341248;0.0;3.6903359844713712;0.8114143797257863;0.18858562027421366
1731802415.1103973;/app/bags/user95_2017-02-24.bag;0.834065854549408;0.0;0.9619645476341248;0.0;3.6903359844713712;0.8114143797257863;0.18858562027421366
1731802415.3104403;/app/bags/user95_2017-02-24.bag;0.834065854549408;0.0;0.9619645476341248;0.0;3.6903359844713712;0.8114143797257863;0.18858562027421366
1731802415.5104194;/app/bags/user95_2017-02-24.bag;0.834065854549408;0.0;0.9619645476341248;0.0;3.6903359844713712;0.8114143797257863;0.18858562027421366
1731802415.7104099;/app/bags/user95_2017-02-24.bag;0.834065854549408;0.0;0.9619645476341248;0.0;3.6903359844713712;0.8114143797257863;0.18858562027421366
1731802415.910403;/app/bags/user95_2017-02-24.bag;0.834065854549408;0.0;0.9619645476341248;0.0;3.6903359844713712;0.8114143797257863;0.18858562027421366
1731802416.1104379;/app/bags/user95_2017-02-24.bag;0.834065854549408;0.0;0.9619645476341248;0.0;3.6903359844713712;0.8114143797257863;0.18858562027421366
1731802416.3104858;/app/bags/user95_2017-02-24.bag;0.834065854549408;0.0;0.9619645476341248;0.0;3.6903359844713712;0.8114143797257863;0.18858562027421366
1731802416.5103395;/app/bags/user95_2017-02-24.bag;0.834065854549408;0.0;0.9619645476341248;0.0;3.6903359844713712;0.8114143797257863;0.18858562027421366
1731802416.7103848;/app/bags/user95_2017-02-24.bag;0.834065854549408;0.0;0.9619645476341248;0.0;3.6903359844713712;0.8114143797257863;0.18858562027421366
1731802416.910414;/app/bags/user95_2017-02-24.bag;0.834065854549408;0.0;0.9619645476341248;0.0;3.6903359844713712;0.8114143797257863;0.18858562027421366
1731802417.1104069;/app/bags/user95_2017-02-24.bag;0.834065854549408;0.0;0.9619645476341248;0.0;3.6903359844713712;0.8114143797257863;0.18858562027421366
1731802417.3104143;/app/bags/user95_2017-02-24.bag;0.834065854549408;0.0;0.9619645476341248;0.0;3.6903359844713712;0.8114143797257863;0.18858562027421366
1731802417.51039;/app/bags/user95_2017-02-24.bag;0.834065854549408;0.0;0.9619645476341248;0.0;3.6903359844713712;0.8114143797257863;0.18858562027421366
1731802417.7104182;/app/bags/user95_2017-02-24.bag;0.834065854549408;0.0;0.9619645476341248;0.0;3.6903359844713712;0.8114143797257863;0.18858562027421366
1731802417.9104562;/app/bags/user95_2017-02-24.bag;0.834065854549408;0.0;0.9619645476341248;0.0;3.6903359844713712;0.8114143797257863;0.18858562027421366
1731802418.110467;/app/bags/user95_2017-02-24.bag;0.834065854549408;0.0;0.9619645476341248;0.0;3.6903359844713712;0.8114143797257863;0.18858562027421366
1731802418.310479;/app/bags/user95_2017-02-24.bag;0.834065854549408;0.0;0.9619645476341248;0.0;3.6903359844713712;0.8114143797257863;0.18858562027421366
1731802418.5104086;/app/bags/user95_2017-02-24.bag;0.834065854549408;0.0;0.9619645476341248;0.0;3.6903359844713712;0.8114143797257863;0.18858562027421366
1731802418.7104056;/app/bags/user95_2017-02-24.bag;0.834065854549408;0.0;0.9619645476341248;0.0;3.6903359844713712;0.8114143797257863;0.18858562027421366
1731802418.9104877;/app/bags/user95_2017-02-24.bag;0.834065854549408;0.0;0.9619645476341248;0.0;3.6903359844713712;0.8114143797257863;0.18858562027421366
1731802419.110437;/app/bags/user95_2017-02-24.bag;0.834065854549408;0.0;0.9619645476341248;0.0;3.6903359844713712;0.8114143797257863;0.18858562027421366
1731802419.310403;/app/bags/user95_2017-02-24.bag;0.834065854549408;0.0;0.9619645476341248;0.0;3.6903359844713712;0.8114143797257863;0.18858562027421366
1731802419.5103762;/app/bags/user95_2017-02-24.bag;0.834065854549408;0.0;0.9619645476341248;0.0;3.6903359844713712;0.8114143797257863;0.18858562027421366
1731802419.7103767;/app/bags/user95_2017-02-24.bag;0.834065854549408;0.0;0.9619645476341248;0.0;3.6903359844713712;0.8114143797257863;0.18858562027421366
1731802419.9103897;/app/bags/user95_2017-02-24.bag;0.834065854549408;0.0;0.9619645476341248;0.0;3.6903359844713712;0.8114143797257863;0.18858562027421366
1731802420.1103718;/app/bags/user95_2017-02-24.bag;0.834065854549408;0.0;0.9619645476341248;0.0;3.6903359844713712;0.8114143797257863;0.18858562027421366
1731802420.3103898;/app/bags/user95_2017-02-24.bag;0.834065854549408;0.0;0.9619645476341248;0.0;3.6903359844713712;0.8114143797257863;0.18858562027421366
1731802420.5104134;/app/bags/user95_2017-02-24.bag;0.834065854549408;0.0;0.9619645476341248;0.0;3.6903359844713712;0.8114143797257863;0.18858562027421366
1731802420.710482;/app/bags/user95_2017-02-24.bag;0.834065854549408;0.0;0.9619645476341248;0.0;3.6903359844713712;0.8114143797257863;0.18858562027421366
1731802420.9103959;/app/bags/user95_2017-02-24.bag;0.834065854549408;0.0;0.9619645476341248;0.0;3.6903359844713712;0.8114143797257863;0.18858562027421366
1731802421.1104147;/app/bags/user95_2017-02-24.bag;0.834065854549408;0.0;0.9619645476341248;0.0;3.6903359844713712;0.8114143797257863;0.18858562027421366
1731802421.3103967;/app/bags/user95_2017-02-24.bag;0.834065854549408;0.0;0.9619645476341248;0.0;3.6903359844713712;0.8114143797257863;0.18858562027421366
1731802421.51039;/app/bags/user95_2017-02-24.bag;0.834065854549408;0.0;0.9619645476341248;0.0;3.6903359844713712;0.8114143797257863;0.18858562027421366
1731802421.710419;/app/bags/user95_2017-02-24.bag;0.834065854549408;0.0;0.9619645476341248;0.0;3.6903359844713712;0.8114143797257863;0.18858562027421366
1731802421.9103436;/app/bags/user95_2017-02-24.bag;0.834065854549408;0.0;0.9619645476341248;0.0;3.6903359844713712;0.8114143797257863;0.18858562027421366
1731802422.110378;/app/bags/user95_2017-02-24.bag;0.834065854549408;0.0;0.9619645476341248;0.0;3.6903359844713712;0.8114143797257863;0.18858562027421366
1731802422.3104308;/app/bags/user95_2017-02-24.bag;0.834065854549408;0.0;0.9619645476341248;0.0;3.6903359844713712;0.8114143797257863;0.18858562027421366
1731802422.5103614;/app/bags/user95_2017-02-24.bag;0.834065854549408;0.0;0.9619645476341248;0.0;3.6903359844713712;0.8114143797257863;0.18858562027421366
1731802422.710442;/app/bags/user95_2017-02-24.bag;0.834065854549408;0.0;0.9619645476341248;0.0;3.6903359844713712;0.8114143797257863;0.18858562027421366
1731802422.9104114;/app/bags/user95_2017-02-24.bag;0.834065854549408;0.0;0.9619645476341248;0.0;3.6903359844713712;0.8114143797257863;0.18858562027421366
1731802423.1103876;/app/bags/user95_2017-02-24.bag;0.834065854549408;0.0;0.9619645476341248;0.0;3.6903359844713712;0.8114143797257863;0.18858562027421366
1731802423.3104265;/app/bags/user95_2017-02-24.bag;0.834065854549408;0.0;0.9619645476341248;0.0;3.6903359844713712;0.8114143797257863;0.18858562027421366
1731802423.510377;/app/bags/user95_2017-02-24.bag;0.834065854549408;0.0;0.9619645476341248;0.0;3.6903359844713712;0.8114143797257863;0.18858562027421366
1731802423.7104113;/app/bags/user95_2017-02-24.bag;0.834065854549408;0.0;0.9619645476341248;0.0;3.6903359844713712;0.8114143797257863;0.18858562027421366
1731802423.9103837;/app/bags/user95_2017-02-24.bag;0.834065854549408;0.0;0.9619645476341248;0.0;3.6903359844713712;0.8114143797257863;0.18858562027421366
1731802424.110394;/app/bags/user95_2017-02-24.bag;0.834065854549408;0.0;0.9619645476341248;0.0;3.6903359844713712;0.8114143797257863;0.18858562027421366
1731802424.3104527;/app/bags/user95_2017-02-24.bag;0.834065854549408;0.0;0.9619645476341248;0.0;3.6903359844713712;0.8114143797257863;0.18858562027421366
1731802424.5104954;/app/bags/user95_2017-02-24.bag;0.834065854549408;0.0;0.9619645476341248;0.0;3.6903359844713712;0.8114143797257863;0.18858562027421366
1731802424.7103891;/app/bags/user95_2017-02-24.bag;0.834065854549408;0.0;0.9619645476341248;0.0;3.6903359844713712;0.8114143797257863;0.18858562027421366
1731802424.9104373;/app/bags/user95_2017-02-24.bag;0.834065854549408;0.0;0.9619645476341248;0.0;3.6903359844713712;0.8114143797257863;0.18858562027421366
1731802425.110412;/app/bags/user95_2017-02-24.bag;0.834065854549408;0.0;0.9619645476341248;0.0;3.6903359844713712;0.8114143797257863;0.18858562027421366
1731802425.3104036;/app/bags/user95_2017-02-24.bag;0.834065854549408;0.0;0.9619645476341248;0.0;3.6903359844713712;0.8114143797257863;0.18858562027421366
1731802425.5104258;/app/bags/user95_2017-02-24.bag;0.834065854549408;0.0;0.9619645476341248;0.0;3.6903359844713712;0.8114143797257863;0.18858562027421366
1731802425.7103868;/app/bags/user95_2017-02-24.bag;0.834065854549408;0.0;0.9619645476341248;0.0;3.6903359844713712;0.8114143797257863;0.18858562027421366
1731802425.9104264;/app/bags/user95_2017-02-24.bag;0.834065854549408;0.0;0.9619645476341248;0.0;3.6903359844713712;0.8114143797257863;0.18858562027421366
1731802426.110424;/app/bags/user95_2017-02-24.bag;0.834065854549408;0.0;0.9619645476341248;0.0;3.6903359844713712;0.8114143797257863;0.18858562027421366
1731802426.310382;/app/bags/user95_2017-02-24.bag;0.834065854549408;0.0;0.9619645476341248;0.0;3.6903359844713712;0.8114143797257863;0.18858562027421366
1731802426.5104108;/app/bags/user95_2017-02-24.bag;0.834065854549408;0.0;0.9619645476341248;0.0;3.6903359844713712;0.8114143797257863;0.18858562027421366
1731802426.710367;/app/bags/user95_2017-02-24.bag;0.834065854549408;0.0;0.9619645476341248;0.0;3.6903359844713712;0.8114143797257863;0.18858562027421366
1731802426.910421;/app/bags/user95_2017-02-24.bag;0.834065854549408;0.0;0.9619645476341248;0.0;3.6903359844713712;0.8114143797257863;0.18858562027421366
1731802427.1103797;/app/bags/user95_2017-02-24.bag;0.834065854549408;0.0;0.9619645476341248;0.0;3.6903359844713712;0.8114143797257863;0.18858562027421366
1731802427.3103848;/app/bags/user95_2017-02-24.bag;0.834065854549408;0.0;0.9619645476341248;0.0;3.6903359844713712;0.8114143797257863;0.18858562027421366
1731802427.510374;/app/bags/user95_2017-02-24.bag;0.834065854549408;0.0;0.9619645476341248;0.0;3.6903359844713712;0.8114143797257863;0.18858562027421366
1731802427.710451;/app/bags/user95_2017-02-24.bag;0.834065854549408;0.0;0.9619645476341248;0.0;3.6903359844713712;0.8114143797257863;0.18858562027421366
1731802427.9104302;/app/bags/user95_2017-02-24.bag;0.834065854549408;0.0;0.9619645476341248;0.0;3.6903359844713712;0.8114143797257863;0.18858562027421366
1731802428.1104822;/app/bags/user95_2017-02-24.bag;0.834065854549408;0.0;0.9619645476341248;0.0;3.6903359844713712;0.8114143797257863;0.18858562027421366
1731802428.3103924;/app/bags/user95_2017-02-24.bag;0.834065854549408;0.0;0.9619645476341248;0.0;3.6903359844713712;0.8114143797257863;0.18858562027421366
1731802428.510391;/app/bags/user95_2017-02-24.bag;0.834065854549408;0.0;0.9619645476341248;0.0;3.6903359844713712;0.8114143797257863;0.18858562027421366
1731802428.710382;/app/bags/user95_2017-02-24.bag;0.834065854549408;0.0;0.9619645476341248;0.0;3.6903359844713712;0.8114143797257863;0.18858562027421366
1731802428.9104447;/app/bags/user95_2017-02-24.bag;0.834065854549408;0.0;0.9619645476341248;0.0;3.6903359844713712;0.8114143797257863;0.18858562027421366
1731802429.1104014;/app/bags/user95_2017-02-24.bag;0.834065854549408;0.0;0.9619645476341248;0.0;3.6903359844713712;0.8114143797257863;0.18858562027421366
1731802429.3104022;/app/bags/user95_2017-02-24.bag;0.834065854549408;0.0;0.9619645476341248;0.0;3.6903359844713712;0.8114143797257863;0.18858562027421366
1731802429.5104005;/app/bags/user95_2017-02-24.bag;0.834065854549408;0.0;0.9619645476341248;0.0;3.6903359844713712;0.8114143797257863;0.18858562027421366
1731802429.710395;/app/bags/user95_2017-02-24.bag;0.834065854549408;0.0;0.9619645476341248;0.0;3.6903359844713712;0.8114143797257863;0.18858562027421366
1731802429.9103694;/app/bags/user95_2017-02-24.bag;0.834065854549408;0.0;0.9619645476341248;0.0;3.6903359844713712;0.8114143797257863;0.18858562027421366
1731802430.1106012;/app/bags/user95_2017-02-24.bag;0.834065854549408;0.0;0.9619645476341248;0.0;3.6903359844713712;0.8114143797257863;0.18858562027421366
1731802430.3104393;/app/bags/user95_2017-02-24.bag;0.834065854549408;0.0;0.9619645476341248;0.0;3.6903359844713712;0.8114143797257863;0.18858562027421366
1731802430.5104506;/app/bags/user95_2017-02-24.bag;0.834065854549408;0.0;0.9619645476341248;0.0;3.6903359844713712;0.8114143797257863;0.18858562027421366
1731802430.7103832;/app/bags/user95_2017-02-24.bag;0.834065854549408;0.0;0.9619645476341248;0.0;3.6903359844713712;0.8114143797257863;0.18858562027421366
1731802430.910419;/app/bags/user95_2017-02-24.bag;0.834065854549408;0.0;0.9619645476341248;0.0;3.6903359844713712;0.8114143797257863;0.18858562027421366
1731802431.1104927;/app/bags/user95_2017-02-24.bag;0.834065854549408;0.0;0.9619645476341248;0.0;3.6903359844713712;0.8114143797257863;0.18858562027421366
1731802431.3103626;/app/bags/user95_2017-02-24.bag;0.834065854549408;0.0;0.9619645476341248;0.0;3.6903359844713712;0.8114143797257863;0.18858562027421366
1731802431.5103683;/app/bags/user95_2017-02-24.bag;0.834065854549408;0.0;0.9619645476341248;0.0;3.6903359844713712;0.8114143797257863;0.18858562027421366
1731802431.7104106;/app/bags/user95_2017-02-24.bag;0.834065854549408;0.0;0.9619645476341248;0.0;3.6903359844713712;0.8114143797257863;0.18858562027421366
1731802431.9103906;/app/bags/user95_2017-02-24.bag;0.834065854549408;0.0;0.9619645476341248;0.0;3.6903359844713712;0.8114143797257863;0.18858562027421366
1731802432.1103954;/app/bags/user95_2017-02-24.bag;0.834065854549408;0.0;0.9619645476341248;0.0;3.6903359844713712;0.8114143797257863;0.18858562027421366
1731802432.3103933;/app/bags/user95_2017-02-24.bag;0.834065854549408;0.0;0.9619645476341248;0.0;3.6903359844713712;0.8114143797257863;0.18858562027421366
1731802432.510409;/app/bags/user95_2017-02-24.bag;0.834065854549408;0.0;0.9619645476341248;0.0;3.6903359844713712;0.8114143797257863;0.18858562027421366
1731802432.7104084;/app/bags/user95_2017-02-24.bag;0.834065854549408;0.0;0.9619645476341248;0.0;3.6903359844713712;0.8114143797257863;0.18858562027421366
1731802432.9104216;/app/bags/user95_2017-02-24.bag;0.834065854549408;0.0;0.9619645476341248;0.0;3.6903359844713712;0.8114143797257863;0.18858562027421366
1731802433.1103935;/app/bags/user95_2017-02-24.bag;0.834065854549408;0.0;0.9619645476341248;0.0;3.6903359844713712;0.8114143797257863;0.18858562027421366
1731802433.3103867;/app/bags/user95_2017-02-24.bag;0.834065854549408;0.0;0.9619645476341248;0.0;3.6903359844713712;0.8114143797257863;0.18858562027421366
1731802433.51037;/app/bags/user95_2017-02-24.bag;0.834065854549408;0.0;0.9619645476341248;0.0;3.6903359844713712;0.8114143797257863;0.18858562027421366
1731802433.7103696;/app/bags/user95_2017-02-24.bag;0.834065854549408;0.0;0.9619645476341248;0.0;3.6903359844713712;0.8114143797257863;0.18858562027421366
1731802433.9103987;/app/bags/user95_2017-02-24.bag;0.834065854549408;0.0;0.9619645476341248;0.0;3.6903359844713712;0.8114143797257863;0.18858562027421366
1731802434.1103609;/app/bags/user95_2017-02-24.bag;0.834065854549408;0.0;0.9619645476341248;0.0;3.6903359844713712;0.8114143797257863;0.18858562027421366
1731802434.3103898;/app/bags/user95_2017-02-24.bag;0.834065854549408;0.0;0.9619645476341248;0.0;3.6903359844713712;0.8114143797257863;0.18858562027421366
1731802434.5104125;/app/bags/user95_2017-02-24.bag;0.834065854549408;0.0;0.9619645476341248;0.0;3.6903359844713712;0.8114143797257863;0.18858562027421366
1731802434.7105677;/app/bags/user95_2017-02-24.bag;0.834065854549408;0.0;0.9619645476341248;0.0;3.6903359844713712;0.8114143797257863;0.18858562027421366
1731802434.910415;/app/bags/user95_2017-02-24.bag;0.834065854549408;0.0;0.9619645476341248;0.0;3.6903359844713712;0.8114143797257863;0.18858562027421366
1731802435.1104305;/app/bags/user95_2017-02-24.bag;0.834065854549408;0.0;0.9619645476341248;0.0;3.6903359844713712;0.8114143797257863;0.18858562027421366
1731802435.3104417;/app/bags/user95_2017-02-24.bag;0.834065854549408;0.0;0.9619645476341248;0.0;3.6903359844713712;0.8114143797257863;0.18858562027421366
1731802435.510546;/app/bags/user95_2017-02-24.bag;0.834065854549408;0.0;0.9619645476341248;0.0;3.6903359844713712;0.8114143797257863;0.18858562027421366
1731802435.7104208;/app/bags/user95_2017-02-24.bag;0.834065854549408;0.0;0.9619645476341248;0.0;3.6903359844713712;0.8114143797257863;0.18858562027421366
1731802435.9103806;/app/bags/user95_2017-02-24.bag;0.834065854549408;0.0;0.9619645476341248;0.0;3.6903359844713712;0.8114143797257863;0.18858562027421366
1731802436.1104665;/app/bags/user95_2017-02-24.bag;0.834065854549408;0.0;0.9619645476341248;0.0;3.6903359844713712;0.8114143797257863;0.18858562027421366
1731802436.3103855;/app/bags/user95_2017-02-24.bag;0.834065854549408;0.0;0.9619645476341248;0.0;3.6903359844713712;0.8114143797257863;0.18858562027421366
1731802436.5103905;/app/bags/user95_2017-02-24.bag;0.834065854549408;0.0;0.9619645476341248;0.0;3.6903359844713712;0.8114143797257863;0.18858562027421366
1731802436.710425;/app/bags/user95_2017-02-24.bag;0.834065854549408;0.0;0.9619645476341248;0.0;3.6903359844713712;0.8114143797257863;0.18858562027421366
1731802436.9104307;/app/bags/user95_2017-02-24.bag;0.834065854549408;0.0;0.9619645476341248;0.0;3.6903359844713712;0.8114143797257863;0.18858562027421366
1731802437.1103847;/app/bags/user95_2017-02-24.bag;0.834065854549408;0.0;0.9619645476341248;0.0;3.6903359844713712;0.8114143797257863;0.18858562027421366
1731802437.3103805;/app/bags/user95_2017-02-24.bag;0.834065854549408;0.0;0.9619645476341248;0.0;3.6903359844713712;0.8114143797257863;0.18858562027421366
1731802437.5103648;/app/bags/user95_2017-02-24.bag;0.834065854549408;0.0;0.9619645476341248;0.0;3.6903359844713712;0.8114143797257863;0.18858562027421366
1731802437.7104213;/app/bags/user95_2017-02-24.bag;0.834065854549408;0.0;0.9619645476341248;0.0;3.6903359844713712;0.8114143797257863;0.18858562027421366
1731802437.9104023;/app/bags/user95_2017-02-24.bag;0.834065854549408;0.0;0.9619645476341248;0.0;3.6903359844713712;0.8114143797257863;0.18858562027421366
1731802438.1103957;/app/bags/user95_2017-02-24.bag;0.834065854549408;0.0;0.9619645476341248;0.0;3.6903359844713712;0.8114143797257863;0.18858562027421366
1731802438.3104236;/app/bags/user95_2017-02-24.bag;0.834065854549408;0.0;0.9619645476341248;0.0;3.6903359844713712;0.8114143797257863;0.18858562027421366
1731802438.5104594;/app/bags/user95_2017-02-24.bag;0.834065854549408;0.0;0.9619645476341248;0.0;3.6903359844713712;0.8114143797257863;0.18858562027421366
1731802438.7104077;/app/bags/user95_2017-02-24.bag;0.834065854549408;0.0;0.9619645476341248;0.0;3.6903359844713712;0.8114143797257863;0.18858562027421366
1731802438.91041;/app/bags/user95_2017-02-24.bag;0.834065854549408;0.0;0.9619645476341248;0.0;3.6903359844713712;0.8114143797257863;0.18858562027421366
1731802439.1104496;/app/bags/user95_2017-02-24.bag;0.834065854549408;0.0;0.9619645476341248;0.0;3.6903359844713712;0.8114143797257863;0.18858562027421366
1731802439.3103702;/app/bags/user95_2017-02-24.bag;0.834065854549408;0.0;0.9619645476341248;0.0;3.6903359844713712;0.8114143797257863;0.18858562027421366
1731802439.5104022;/app/bags/user95_2017-02-24.bag;0.834065854549408;0.0;0.9619645476341248;0.0;3.6903359844713712;0.8114143797257863;0.18858562027421366
1731802439.7104027;/app/bags/user95_2017-02-24.bag;0.834065854549408;0.0;0.9619645476341248;0.0;3.6903359844713712;0.8114143797257863;0.18858562027421366
1731802439.9104002;/app/bags/user95_2017-02-24.bag;0.834065854549408;0.0;0.9619645476341248;0.0;3.6903359844713712;0.8114143797257863;0.18858562027421366
1731802440.1103916;/app/bags/user95_2017-02-24.bag;0.834065854549408;0.0;0.9619645476341248;0.0;3.6903359844713712;0.8114143797257863;0.18858562027421366
1731802440.3103876;/app/bags/user95_2017-02-24.bag;0.834065854549408;0.0;0.9619645476341248;0.0;3.6903359844713712;0.8114143797257863;0.18858562027421366
1731802440.510429;/app/bags/user95_2017-02-24.bag;0.834065854549408;0.0;0.9619645476341248;0.0;3.6903359844713712;0.8114143797257863;0.18858562027421366
1731802440.7104752;/app/bags/user95_2017-02-24.bag;0.834065854549408;0.0;0.9619645476341248;0.0;3.6903359844713712;0.8114143797257863;0.18858562027421366
1731802440.9104745;/app/bags/user95_2017-02-24.bag;0.834065854549408;0.0;0.9619645476341248;0.0;3.6903359844713712;0.8114143797257863;0.18858562027421366
1731802441.1103966;/app/bags/user95_2017-02-24.bag;0.834065854549408;0.0;0.9619645476341248;0.0;3.6903359844713712;0.8114143797257863;0.18858562027421366
1731802441.3105404;/app/bags/user95_2017-02-24.bag;0.834065854549408;0.0;0.9619645476341248;0.0;3.6903359844713712;0.8114143797257863;0.18858562027421366
1731802441.510507;/app/bags/user95_2017-02-24.bag;0.834065854549408;0.0;0.9619645476341248;0.0;3.6903359844713712;0.8114143797257863;0.18858562027421366
1731802441.7103899;/app/bags/user95_2017-02-24.bag;0.834065854549408;0.0;0.9619645476341248;0.0;3.6903359844713712;0.8114143797257863;0.18858562027421366
1731802441.910377;/app/bags/user95_2017-02-24.bag;0.834065854549408;0.0;0.9619645476341248;0.0;3.6903359844713712;0.8114143797257863;0.18858562027421366
1731802442.110432;/app/bags/user95_2017-02-24.bag;0.834065854549408;0.0;0.9619645476341248;0.0;3.6903359844713712;0.8114143797257863;0.18858562027421366
1731802442.310391;/app/bags/user95_2017-02-24.bag;0.834065854549408;0.0;0.9619645476341248;0.0;3.6903359844713712;0.8114143797257863;0.18858562027421366
1731802442.5103767;/app/bags/user95_2017-02-24.bag;0.834065854549408;0.0;0.9619645476341248;0.0;3.6903359844713712;0.8114143797257863;0.18858562027421366
1731802442.7103903;/app/bags/user95_2017-02-24.bag;0.834065854549408;0.0;0.9619645476341248;0.0;3.6903359844713712;0.8114143797257863;0.18858562027421366
1731802442.910402;/app/bags/user95_2017-02-24.bag;0.834065854549408;0.0;0.9619645476341248;0.0;3.6903359844713712;0.8114143797257863;0.18858562027421366
1731802443.1104162;/app/bags/user95_2017-02-24.bag;0.834065854549408;0.0;0.9619645476341248;0.0;3.6903359844713712;0.8114143797257863;0.18858562027421366
1731802443.3103793;/app/bags/user95_2017-02-24.bag;0.834065854549408;0.0;0.9619645476341248;0.0;3.6903359844713712;0.8114143797257863;0.18858562027421366
1731802443.5103822;/app/bags/user95_2017-02-24.bag;0.834065854549408;0.0;0.9619645476341248;0.0;3.6903359844713712;0.8114143797257863;0.18858562027421366
1731802443.7104073;/app/bags/user95_2017-02-24.bag;0.834065854549408;0.0;0.9619645476341248;0.0;3.6903359844713712;0.8114143797257863;0.18858562027421366
1731802443.9104412;/app/bags/user95_2017-02-24.bag;0.834065854549408;0.0;0.9619645476341248;0.0;3.6903359844713712;0.8114143797257863;0.18858562027421366
1731802444.1104105;/app/bags/user95_2017-02-24.bag;0.834065854549408;0.0;0.9619645476341248;0.0;3.6903359844713712;0.8114143797257863;0.18858562027421366
1731802444.3103814;/app/bags/user95_2017-02-24.bag;0.834065854549408;0.0;0.9619645476341248;0.0;3.6903359844713712;0.8114143797257863;0.18858562027421366
1731802444.5104241;/app/bags/user95_2017-02-24.bag;0.834065854549408;0.0;0.9619645476341248;0.0;3.6903359844713712;0.8114143797257863;0.18858562027421366
1731802444.710457;/app/bags/user95_2017-02-24.bag;0.834065854549408;0.0;0.9619645476341248;0.0;3.6903359844713712;0.8114143797257863;0.18858562027421366
1731802444.9104116;/app/bags/user95_2017-02-24.bag;0.834065854549408;0.0;0.9619645476341248;0.0;3.6903359844713712;0.8114143797257863;0.18858562027421366
1731802445.1104178;/app/bags/user95_2017-02-24.bag;0.834065854549408;0.0;0.9619645476341248;0.0;3.6903359844713712;0.8114143797257863;0.18858562027421366
1731802445.3104146;/app/bags/user95_2017-02-24.bag;0.834065854549408;0.0;0.9619645476341248;0.0;3.6903359844713712;0.8114143797257863;0.18858562027421366
1731802445.5103798;/app/bags/user95_2017-02-24.bag;0.834065854549408;0.0;0.9619645476341248;0.0;3.6903359844713712;0.8114143797257863;0.18858562027421366
1731802445.7104845;/app/bags/user95_2017-02-24.bag;0.834065854549408;0.0;0.9619645476341248;0.0;3.6903359844713712;0.8114143797257863;0.18858562027421366
1731802445.9103928;/app/bags/user95_2017-02-24.bag;0.834065854549408;0.0;0.9619645476341248;0.0;3.6903359844713712;0.8114143797257863;0.18858562027421366
1731802446.1104238;/app/bags/user95_2017-02-24.bag;0.834065854549408;0.0;0.9619645476341248;0.0;3.6903359844713712;0.8114143797257863;0.18858562027421366
1731802446.31036;/app/bags/user95_2017-02-24.bag;0.834065854549408;0.0;0.9619645476341248;0.0;3.6903359844713712;0.8114143797257863;0.18858562027421366
1731802446.5104284;/app/bags/user95_2017-02-24.bag;0.834065854549408;0.0;0.9619645476341248;0.0;3.6903359844713712;0.8114143797257863;0.18858562027421366
1731802446.7103996;/app/bags/user95_2017-02-24.bag;0.834065854549408;0.0;0.9619645476341248;0.0;3.6903359844713712;0.8114143797257863;0.18858562027421366
1731802446.9104078;/app/bags/user95_2017-02-24.bag;0.834065854549408;0.0;0.9619645476341248;0.0;3.6903359844713712;0.8114143797257863;0.18858562027421366
1731802447.110425;/app/bags/user95_2017-02-24.bag;0.834065854549408;0.0;0.9619645476341248;0.0;3.6903359844713712;0.8114143797257863;0.18858562027421366
1731802447.3103926;/app/bags/user95_2017-02-24.bag;0.834065854549408;0.0;0.9619645476341248;0.0;3.6903359844713712;0.8114143797257863;0.18858562027421366
1731802447.5104039;/app/bags/user95_2017-02-24.bag;0.834065854549408;0.0;0.9619645476341248;0.0;3.6903359844713712;0.8114143797257863;0.18858562027421366
1731802447.7104197;/app/bags/user95_2017-02-24.bag;0.834065854549408;0.0;0.9619645476341248;0.0;3.6903359844713712;0.8114143797257863;0.18858562027421366
1731802447.9103494;/app/bags/user95_2017-02-24.bag;0.834065854549408;0.0;0.9619645476341248;0.0;3.6903359844713712;0.8114143797257863;0.18858562027421366
1731802448.110406;/app/bags/user95_2017-02-24.bag;0.834065854549408;0.0;0.9619645476341248;0.0;3.6903359844713712;0.8114143797257863;0.18858562027421366
1731802448.3103826;/app/bags/user95_2017-02-24.bag;0.834065854549408;0.0;0.9619645476341248;0.0;3.6903359844713712;0.8114143797257863;0.18858562027421366
1731802448.5103934;/app/bags/user95_2017-02-24.bag;0.834065854549408;0.0;0.9619645476341248;0.0;3.6903359844713712;0.8114143797257863;0.18858562027421366
1731802448.710424;/app/bags/user95_2017-02-24.bag;0.834065854549408;0.0;0.9619645476341248;0.0;3.6903359844713712;0.8114143797257863;0.18858562027421366
1731802448.9104385;/app/bags/user95_2017-02-24.bag;0.834065854549408;0.0;0.9619645476341248;0.0;3.6903359844713712;0.8114143797257863;0.18858562027421366
1731802449.1103714;/app/bags/user95_2017-02-24.bag;0.834065854549408;0.0;0.9619645476341248;0.0;3.6903359844713712;0.8114143797257863;0.18858562027421366
1731802449.3103676;/app/bags/user95_2017-02-24.bag;0.834065854549408;0.0;0.9619645476341248;0.0;3.6903359844713712;0.8114143797257863;0.18858562027421366
1731802449.5104415;/app/bags/user95_2017-02-24.bag;0.834065854549408;0.0;0.9619645476341248;0.0;3.6903359844713712;0.8114143797257863;0.18858562027421366
1731802449.7103758;/app/bags/user95_2017-02-24.bag;0.834065854549408;0.0;0.9619645476341248;0.0;3.6903359844713712;0.8114143797257863;0.18858562027421366
1731802449.910455;/app/bags/user95_2017-02-24.bag;0.834065854549408;0.0;0.9619645476341248;0.0;3.6903359844713712;0.8114143797257863;0.18858562027421366
1731802450.110404;/app/bags/user95_2017-02-24.bag;0.834065854549408;0.0;0.9619645476341248;0.0;3.6903359844713712;0.8114143797257863;0.18858562027421366
1731802450.3103535;/app/bags/user95_2017-02-24.bag;0.834065854549408;0.0;0.9619645476341248;0.0;3.6903359844713712;0.8114143797257863;0.18858562027421366
1731802450.5103927;/app/bags/user95_2017-02-24.bag;0.834065854549408;0.0;0.9619645476341248;0.0;3.6903359844713712;0.8114143797257863;0.18858562027421366
1731802450.7103744;/app/bags/user95_2017-02-24.bag;0.834065854549408;0.0;0.9619645476341248;0.0;3.6903359844713712;0.8114143797257863;0.18858562027421366
1731802450.9104297;/app/bags/user95_2017-02-24.bag;0.834065854549408;0.0;0.9619645476341248;0.0;3.6903359844713712;0.8114143797257863;0.18858562027421366
1731802451.110419;/app/bags/user95_2017-02-24.bag;0.834065854549408;0.0;0.9619645476341248;0.0;3.6903359844713712;0.8114143797257863;0.18858562027421366
1731802451.3103766;/app/bags/user95_2017-02-24.bag;0.834065854549408;0.0;0.9619645476341248;0.0;3.6903359844713712;0.8114143797257863;0.18858562027421366
1731802451.5103855;/app/bags/user95_2017-02-24.bag;0.834065854549408;0.0;0.9619645476341248;0.0;3.6903359844713712;0.8114143797257863;0.18858562027421366
1731802451.7103899;/app/bags/user95_2017-02-24.bag;0.834065854549408;0.0;0.9619645476341248;0.0;3.6903359844713712;0.8114143797257863;0.18858562027421366
1731802451.9104347;/app/bags/user95_2017-02-24.bag;0.834065854549408;0.0;0.9619645476341248;0.0;3.6903359844713712;0.8114143797257863;0.18858562027421366
1731802452.1104622;/app/bags/user95_2017-02-24.bag;0.834065854549408;0.0;0.9619645476341248;0.0;3.6903359844713712;0.8114143797257863;0.18858562027421366
1731802452.3104289;/app/bags/user95_2017-02-24.bag;0.834065854549408;0.0;0.9619645476341248;0.0;3.6903359844713712;0.8114143797257863;0.18858562027421366
1731802452.510411;/app/bags/user95_2017-02-24.bag;0.834065854549408;0.0;0.9619645476341248;0.0;3.6903359844713712;0.8114143797257863;0.18858562027421366
1731802452.7104492;/app/bags/user95_2017-02-24.bag;0.834065854549408;0.0;0.9619645476341248;0.0;3.6903359844713712;0.8114143797257863;0.18858562027421366
1731802452.910382;/app/bags/user95_2017-02-24.bag;0.834065854549408;0.0;0.9619645476341248;0.0;3.6903359844713712;0.8114143797257863;0.18858562027421366
1731802453.1103995;/app/bags/user95_2017-02-24.bag;0.834065854549408;0.0;0.9619645476341248;0.0;3.6903359844713712;0.8114143797257863;0.18858562027421366
1731802453.3103964;/app/bags/user95_2017-02-24.bag;0.834065854549408;0.0;0.9619645476341248;0.0;3.6903359844713712;0.8114143797257863;0.18858562027421366
1731802453.5105045;/app/bags/user95_2017-02-24.bag;0.834065854549408;0.0;0.9619645476341248;0.0;3.6903359844713712;0.8114143797257863;0.18858562027421366
1731802453.710387;/app/bags/user95_2017-02-24.bag;0.834065854549408;0.0;0.9619645476341248;0.0;3.6903359844713712;0.8114143797257863;0.18858562027421366
1731802453.910459;/app/bags/user95_2017-02-24.bag;0.834065854549408;0.0;0.9619645476341248;0.0;3.6903359844713712;0.8114143797257863;0.18858562027421366
1731802454.1104662;/app/bags/user95_2017-02-24.bag;0.834065854549408;0.0;0.9619645476341248;0.0;3.6903359844713712;0.8114143797257863;0.18858562027421366
1731802454.3104346;/app/bags/user95_2017-02-24.bag;0.834065854549408;0.0;0.9619645476341248;0.0;3.6903359844713712;0.8114143797257863;0.18858562027421366
1731802454.5105083;/app/bags/user95_2017-02-24.bag;0.834065854549408;0.0;0.9619645476341248;0.0;3.6903359844713712;0.8114143797257863;0.18858562027421366
1731802454.7103927;/app/bags/user95_2017-02-24.bag;0.834065854549408;0.0;0.9619645476341248;0.0;3.6903359844713712;0.8114143797257863;0.18858562027421366
1731802454.9103975;/app/bags/user95_2017-02-24.bag;0.834065854549408;0.0;0.9619645476341248;0.0;3.6903359844713712;0.8114143797257863;0.18858562027421366
1731802455.110402;/app/bags/user95_2017-02-24.bag;0.834065854549408;0.0;0.9619645476341248;0.0;3.6903359844713712;0.8114143797257863;0.18858562027421366
1731802455.3105314;/app/bags/user95_2017-02-24.bag;0.834065854549408;0.0;0.9619645476341248;0.0;3.6903359844713712;0.8114143797257863;0.18858562027421366
1731802455.5104449;/app/bags/user95_2017-02-24.bag;0.834065854549408;0.0;0.9619645476341248;0.0;3.6903359844713712;0.8114143797257863;0.18858562027421366
1731802455.710389;/app/bags/user95_2017-02-24.bag;0.834065854549408;0.0;0.9619645476341248;0.0;3.6903359844713712;0.8114143797257863;0.18858562027421366
1731802455.910407;/app/bags/user95_2017-02-24.bag;0.834065854549408;0.0;0.9619645476341248;0.0;3.6903359844713712;0.8114143797257863;0.18858562027421366
1731802456.1104097;/app/bags/user95_2017-02-24.bag;0.834065854549408;0.0;0.9619645476341248;0.0;3.6903359844713712;0.8114143797257863;0.18858562027421366
1731802456.3103948;/app/bags/user95_2017-02-24.bag;0.834065854549408;0.0;0.9619645476341248;0.0;3.6903359844713712;0.8114143797257863;0.18858562027421366
1731802456.5103927;/app/bags/user95_2017-02-24.bag;0.834065854549408;0.0;0.9619645476341248;0.0;3.6903359844713712;0.8114143797257863;0.18858562027421366
1731802456.710374;/app/bags/user95_2017-02-24.bag;0.834065854549408;0.0;0.9619645476341248;0.0;3.6903359844713712;0.8114143797257863;0.18858562027421366
1731802456.910374;/app/bags/user95_2017-02-24.bag;0.834065854549408;0.0;0.9619645476341248;0.0;3.6903359844713712;0.8114143797257863;0.18858562027421366
1731802457.1103706;/app/bags/user95_2017-02-24.bag;0.834065854549408;0.0;0.9619645476341248;0.0;3.6903359844713712;0.8114143797257863;0.18858562027421366
1731802457.3103812;/app/bags/user95_2017-02-24.bag;0.834065854549408;0.0;0.9619645476341248;0.0;3.6903359844713712;0.8114143797257863;0.18858562027421366
1731802457.5104136;/app/bags/user95_2017-02-24.bag;0.834065854549408;0.0;0.9619645476341248;0.0;3.6903359844713712;0.8114143797257863;0.18858562027421366
1731802457.7104735;/app/bags/user95_2017-02-24.bag;0.834065854549408;0.0;0.9619645476341248;0.0;3.6903359844713712;0.8114143797257863;0.18858562027421366
1731802457.910422;/app/bags/user95_2017-02-24.bag;0.834065854549408;0.0;0.9619645476341248;0.0;3.6903359844713712;0.8114143797257863;0.18858562027421366
1731802458.1103842;/app/bags/user95_2017-02-24.bag;0.834065854549408;0.0;0.9619645476341248;0.0;3.6903359844713712;0.8114143797257863;0.18858562027421366
1731802458.3104236;/app/bags/user95_2017-02-24.bag;0.834065854549408;0.0;0.9619645476341248;0.0;3.6903359844713712;0.8114143797257863;0.18858562027421366
1731802458.5103881;/app/bags/user95_2017-02-24.bag;0.834065854549408;0.0;0.9619645476341248;0.0;3.6903359844713712;0.8114143797257863;0.18858562027421366
1731802458.7103913;/app/bags/user95_2017-02-24.bag;0.834065854549408;0.0;0.9619645476341248;0.0;3.6903359844713712;0.8114143797257863;0.18858562027421366
1731802458.910399;/app/bags/user95_2017-02-24.bag;0.834065854549408;0.0;0.9619645476341248;0.0;3.6903359844713712;0.8114143797257863;0.18858562027421366
1731802459.1104367;/app/bags/user95_2017-02-24.bag;0.834065854549408;0.0;0.9619645476341248;0.0;3.6903359844713712;0.8114143797257863;0.18858562027421366
1731802459.3103688;/app/bags/user95_2017-02-24.bag;0.834065854549408;0.0;0.9619645476341248;0.0;3.6903359844713712;0.8114143797257863;0.18858562027421366
1731802459.5103657;/app/bags/user95_2017-02-24.bag;0.834065854549408;0.0;0.9619645476341248;0.0;3.6903359844713712;0.8114143797257863;0.18858562027421366
1731802459.7104115;/app/bags/user95_2017-02-24.bag;0.834065854549408;0.0;0.9619645476341248;0.0;3.6903359844713712;0.8114143797257863;0.18858562027421366
1731802459.910393;/app/bags/user95_2017-02-24.bag;0.834065854549408;0.0;0.9619645476341248;0.0;3.6903359844713712;0.8114143797257863;0.18858562027421366
1731802460.110364;/app/bags/user95_2017-02-24.bag;0.834065854549408;0.0;0.9619645476341248;0.0;3.6903359844713712;0.8114143797257863;0.18858562027421366
1731802460.3104224;/app/bags/user95_2017-02-24.bag;0.834065854549408;0.0;0.9619645476341248;0.0;3.6903359844713712;0.8114143797257863;0.18858562027421366
1731802460.5103848;/app/bags/user95_2017-02-24.bag;0.834065854549408;0.0;0.9619645476341248;0.0;3.6903359844713712;0.8114143797257863;0.18858562027421366
1731802460.7104352;/app/bags/user95_2017-02-24.bag;0.834065854549408;0.0;0.9619645476341248;0.0;3.6903359844713712;0.8114143797257863;0.18858562027421366
1731802460.9105332;/app/bags/user95_2017-02-24.bag;0.834065854549408;0.0;0.9619645476341248;0.0;3.6903359844713712;0.8114143797257863;0.18858562027421366
1731802461.110381;/app/bags/user95_2017-02-24.bag;0.834065854549408;0.0;0.9619645476341248;0.0;3.6903359844713712;0.8114143797257863;0.18858562027421366
1731802461.3103826;/app/bags/user95_2017-02-24.bag;0.834065854549408;0.0;0.9619645476341248;0.0;3.6903359844713712;0.8114143797257863;0.18858562027421366
1731802461.5103908;/app/bags/user95_2017-02-24.bag;0.834065854549408;0.0;0.9619645476341248;0.0;3.6903359844713712;0.8114143797257863;0.18858562027421366
1731802461.710404;/app/bags/user95_2017-02-24.bag;0.834065854549408;0.0;0.9619645476341248;0.0;3.6903359844713712;0.8114143797257863;0.18858562027421366
1731802461.910437;/app/bags/user95_2017-02-24.bag;0.834065854549408;0.0;0.9619645476341248;0.0;3.6903359844713712;0.8114143797257863;0.18858562027421366
1731802462.110362;/app/bags/user95_2017-02-24.bag;0.834065854549408;0.0;0.9619645476341248;0.0;3.6903359844713712;0.8114143797257863;0.18858562027421366
1731802462.3104417;/app/bags/user95_2017-02-24.bag;0.834065854549408;0.0;0.9619645476341248;0.0;3.6903359844713712;0.8114143797257863;0.18858562027421366
1731802462.510393;/app/bags/user95_2017-02-24.bag;0.834065854549408;0.0;0.9619645476341248;0.0;3.6903359844713712;0.8114143797257863;0.18858562027421366
1731802462.7104177;/app/bags/user95_2017-02-24.bag;0.834065854549408;0.0;0.9619645476341248;0.0;3.6903359844713712;0.8114143797257863;0.18858562027421366
1731802462.9104533;/app/bags/user95_2017-02-24.bag;0.834065854549408;0.0;0.9619645476341248;0.0;3.6903359844713712;0.8114143797257863;0.18858562027421366
1731802463.110377;/app/bags/user95_2017-02-24.bag;0.834065854549408;0.0;0.9619645476341248;0.0;3.6903359844713712;0.8114143797257863;0.18858562027421366
1731802463.3104484;/app/bags/user95_2017-02-24.bag;0.834065854549408;0.0;0.9619645476341248;0.0;3.6903359844713712;0.8114143797257863;0.18858562027421366
1731802463.5104368;/app/bags/user95_2017-02-24.bag;0.834065854549408;0.0;0.9619645476341248;0.0;3.6903359844713712;0.8114143797257863;0.18858562027421366
1731802463.7103782;/app/bags/user95_2017-02-24.bag;0.834065854549408;0.0;0.9619645476341248;0.0;3.6903359844713712;0.8114143797257863;0.18858562027421366
1731802463.9104104;/app/bags/user95_2017-02-24.bag;0.834065854549408;0.0;0.9619645476341248;0.0;3.6903359844713712;0.8114143797257863;0.18858562027421366
1731802464.1104658;/app/bags/user95_2017-02-24.bag;0.834065854549408;0.0;0.9619645476341248;0.0;3.6903359844713712;0.8114143797257863;0.18858562027421366
1731802464.310397;/app/bags/user95_2017-02-24.bag;0.834065854549408;0.0;0.9619645476341248;0.0;3.6903359844713712;0.8114143797257863;0.18858562027421366
1731802464.5103662;/app/bags/user95_2017-02-24.bag;0.834065854549408;0.0;0.9619645476341248;0.0;3.6903359844713712;0.8114143797257863;0.18858562027421366
1731802464.7103817;/app/bags/user95_2017-02-24.bag;0.834065854549408;0.0;0.9619645476341248;0.0;3.6903359844713712;0.8114143797257863;0.18858562027421366
1731802464.9104578;/app/bags/user95_2017-02-24.bag;0.834065854549408;0.0;0.9619645476341248;0.0;3.6903359844713712;0.8114143797257863;0.18858562027421366
1731802465.1103933;/app/bags/user95_2017-02-24.bag;0.834065854549408;0.0;0.9619645476341248;0.0;3.6903359844713712;0.8114143797257863;0.18858562027421366
1731802465.3103528;/app/bags/user95_2017-02-24.bag;0.834065854549408;0.0;0.9619645476341248;0.0;3.6903359844713712;0.8114143797257863;0.18858562027421366
1731802465.5104961;/app/bags/user95_2017-02-24.bag;0.834065854549408;0.0;0.9619645476341248;0.0;3.6903359844713712;0.8114143797257863;0.18858562027421366
1731802465.7104008;/app/bags/user95_2017-02-24.bag;0.834065854549408;0.0;0.9619645476341248;0.0;3.6903359844713712;0.8114143797257863;0.18858562027421366
1731802465.9103985;/app/bags/user95_2017-02-24.bag;0.834065854549408;0.0;0.9619645476341248;0.0;3.6903359844713712;0.8114143797257863;0.18858562027421366
1731802466.1104448;/app/bags/user95_2017-02-24.bag;0.834065854549408;0.0;0.9619645476341248;0.0;3.6903359844713712;0.8114143797257863;0.18858562027421366
1731802466.3104;/app/bags/user95_2017-02-24.bag;0.834065854549408;0.0;0.9619645476341248;0.0;3.6903359844713712;0.8114143797257863;0.18858562027421366
1731802466.5104728;/app/bags/user95_2017-02-24.bag;0.834065854549408;0.0;0.9619645476341248;0.0;3.6903359844713712;0.8114143797257863;0.18858562027421366
1731802466.7104065;/app/bags/user95_2017-02-24.bag;0.834065854549408;0.0;0.9619645476341248;0.0;3.6903359844713712;0.8114143797257863;0.18858562027421366
1731802466.910447;/app/bags/user95_2017-02-24.bag;0.834065854549408;0.0;0.9619645476341248;0.0;3.6903359844713712;0.8114143797257863;0.18858562027421366
1731802467.1104147;/app/bags/user95_2017-02-24.bag;0.834065854549408;0.0;0.9619645476341248;0.0;3.6903359844713712;0.8114143797257863;0.18858562027421366
1731802467.3104236;/app/bags/user95_2017-02-24.bag;0.834065854549408;0.0;0.9619645476341248;0.0;3.6903359844713712;0.8114143797257863;0.18858562027421366
1731802467.5104163;/app/bags/user95_2017-02-24.bag;0.834065854549408;0.0;0.9619645476341248;0.0;3.6903359844713712;0.8114143797257863;0.18858562027421366
1731802467.7104135;/app/bags/user95_2017-02-24.bag;0.834065854549408;0.0;0.9619645476341248;0.0;3.6903359844713712;0.8114143797257863;0.18858562027421366
1731802467.9103625;/app/bags/user95_2017-02-24.bag;0.834065854549408;0.0;0.9619645476341248;0.0;3.6903359844713712;0.8114143797257863;0.18858562027421366
1731802468.110398;/app/bags/user95_2017-02-24.bag;0.834065854549408;0.0;0.9619645476341248;0.0;3.6903359844713712;0.8114143797257863;0.18858562027421366
1731802468.310399;/app/bags/user95_2017-02-24.bag;0.834065854549408;0.0;0.9619645476341248;0.0;3.6903359844713712;0.8114143797257863;0.18858562027421366
1731802468.5103943;/app/bags/user95_2017-02-24.bag;0.834065854549408;0.0;0.9619645476341248;0.0;3.6903359844713712;0.8114143797257863;0.18858562027421366
1731802468.7103975;/app/bags/user95_2017-02-24.bag;0.834065854549408;0.0;0.9619645476341248;0.0;3.6903359844713712;0.8114143797257863;0.18858562027421366
1731802468.9104035;/app/bags/user95_2017-02-24.bag;0.834065854549408;0.0;0.9619645476341248;0.0;3.6903359844713712;0.8114143797257863;0.18858562027421366
1731802469.1104014;/app/bags/user95_2017-02-24.bag;0.834065854549408;0.0;0.9619645476341248;0.0;3.6903359844713712;0.8114143797257863;0.18858562027421366
1731802469.3104124;/app/bags/user95_2017-02-24.bag;0.834065854549408;0.0;0.9619645476341248;0.0;3.6903359844713712;0.8114143797257863;0.18858562027421366
1731802469.5104;/app/bags/user95_2017-02-24.bag;0.834065854549408;0.0;0.9619645476341248;0.0;3.6903359844713712;0.8114143797257863;0.18858562027421366
1731802469.7104125;/app/bags/user95_2017-02-24.bag;0.834065854549408;0.0;0.9619645476341248;0.0;3.6903359844713712;0.8114143797257863;0.18858562027421366
1731802469.9104023;/app/bags/user95_2017-02-24.bag;0.834065854549408;0.0;0.9619645476341248;0.0;3.6903359844713712;0.8114143797257863;0.18858562027421366
1731802470.1104038;/app/bags/user95_2017-02-24.bag;0.834065854549408;0.0;0.9619645476341248;0.0;3.6903359844713712;0.8114143797257863;0.18858562027421366
1731802470.3104372;/app/bags/user95_2017-02-24.bag;0.834065854549408;0.0;0.9619645476341248;0.0;3.6903359844713712;0.8114143797257863;0.18858562027421366
1731802470.5103965;/app/bags/user95_2017-02-24.bag;0.834065854549408;0.0;0.9619645476341248;0.0;3.6903359844713712;0.8114143797257863;0.18858562027421366
1731802470.710437;/app/bags/user95_2017-02-24.bag;0.834065854549408;0.0;0.9619645476341248;0.0;3.6903359844713712;0.8114143797257863;0.18858562027421366
1731802470.9104645;/app/bags/user95_2017-02-24.bag;0.834065854549408;0.0;0.9619645476341248;0.0;3.6903359844713712;0.8114143797257863;0.18858562027421366
1731802471.1104052;/app/bags/user95_2017-02-24.bag;0.834065854549408;0.0;0.9619645476341248;0.0;3.6903359844713712;0.8114143797257863;0.18858562027421366
1731802471.3103783;/app/bags/user95_2017-02-24.bag;0.834065854549408;0.0;0.9619645476341248;0.0;3.6903359844713712;0.8114143797257863;0.18858562027421366
1731802471.510497;/app/bags/user95_2017-02-24.bag;0.834065854549408;0.0;0.9619645476341248;0.0;3.6903359844713712;0.8114143797257863;0.18858562027421366
1731802471.7105844;/app/bags/user95_2017-02-24.bag;0.834065854549408;0.0;0.9619645476341248;0.0;3.6903359844713712;0.8114143797257863;0.18858562027421366
1731802471.91042;/app/bags/user95_2017-02-24.bag;0.834065854549408;0.0;0.9619645476341248;0.0;3.6903359844713712;0.8114143797257863;0.18858562027421366
1731802472.1103988;/app/bags/user95_2017-02-24.bag;0.834065854549408;0.0;0.9619645476341248;0.0;3.6903359844713712;0.8114143797257863;0.18858562027421366
1731802472.3103619;/app/bags/user95_2017-02-24.bag;0.834065854549408;0.0;0.9619645476341248;0.0;3.6903359844713712;0.8114143797257863;0.18858562027421366
1731802472.510481;/app/bags/user95_2017-02-24.bag;0.834065854549408;0.0;0.9619645476341248;0.0;3.6903359844713712;0.8114143797257863;0.18858562027421366
1731802472.7104194;/app/bags/user95_2017-02-24.bag;0.834065854549408;0.0;0.9619645476341248;0.0;3.6903359844713712;0.8114143797257863;0.18858562027421366
1731802472.9103818;/app/bags/user95_2017-02-24.bag;0.834065854549408;0.0;0.9619645476341248;0.0;3.6903359844713712;0.8114143797257863;0.18858562027421366
1731802473.1103613;/app/bags/user95_2017-02-24.bag;0.834065854549408;0.0;0.9619645476341248;0.0;3.6903359844713712;0.8114143797257863;0.18858562027421366
1731802473.3103735;/app/bags/user95_2017-02-24.bag;0.834065854549408;0.0;0.9619645476341248;0.0;3.6903359844713712;0.8114143797257863;0.18858562027421366
1731802473.5103745;/app/bags/user95_2017-02-24.bag;0.834065854549408;0.0;0.9619645476341248;0.0;3.6903359844713712;0.8114143797257863;0.18858562027421366
1731802473.7103908;/app/bags/user95_2017-02-24.bag;0.834065854549408;0.0;0.9619645476341248;0.0;3.6903359844713712;0.8114143797257863;0.18858562027421366
1731802473.9104257;/app/bags/user95_2017-02-24.bag;0.834065854549408;0.0;0.9619645476341248;0.0;3.6903359844713712;0.8114143797257863;0.18858562027421366
1731802474.1106074;/app/bags/user95_2017-02-24.bag;0.834065854549408;0.0;0.9619645476341248;0.0;3.6903359844713712;0.8114143797257863;0.18858562027421366
1731802474.3104076;/app/bags/user95_2017-02-24.bag;0.834065854549408;0.0;0.9619645476341248;0.0;3.6903359844713712;0.8114143797257863;0.18858562027421366
1731802474.510496;/app/bags/user95_2017-02-24.bag;0.834065854549408;0.0;0.9619645476341248;0.0;3.6903359844713712;0.8114143797257863;0.18858562027421366
1731802474.7104077;/app/bags/user95_2017-02-24.bag;0.834065854549408;0.0;0.9619645476341248;0.0;3.6903359844713712;0.8114143797257863;0.18858562027421366
1731802474.9103746;/app/bags/user95_2017-02-24.bag;0.834065854549408;0.0;0.9619645476341248;0.0;3.6903359844713712;0.8114143797257863;0.18858562027421366
1731802475.1104803;/app/bags/user95_2017-02-24.bag;0.834065854549408;0.0;0.9619645476341248;0.0;3.6903359844713712;0.8114143797257863;0.18858562027421366
1731802475.3103743;/app/bags/user95_2017-02-24.bag;0.834065854549408;0.0;0.9619645476341248;0.0;3.6903359844713712;0.8114143797257863;0.18858562027421366
1731802475.5104368;/app/bags/user95_2017-02-24.bag;0.834065854549408;0.0;0.9619645476341248;0.0;3.6903359844713712;0.8114143797257863;0.18858562027421366
1731802475.71036;/app/bags/user95_2017-02-24.bag;0.834065854549408;0.0;0.9619645476341248;0.0;3.6903359844713712;0.8114143797257863;0.18858562027421366
1731802475.9105754;/app/bags/user95_2017-02-24.bag;0.834065854549408;0.0;0.9619645476341248;0.0;3.6903359844713712;0.8114143797257863;0.18858562027421366
1731802476.1104276;/app/bags/user95_2017-02-24.bag;0.834065854549408;0.0;0.9619645476341248;0.0;3.6903359844713712;0.8114143797257863;0.18858562027421366
1731802476.3104599;/app/bags/user95_2017-02-24.bag;0.834065854549408;0.0;0.9619645476341248;0.0;3.6903359844713712;0.8114143797257863;0.18858562027421366
1731802476.5104103;/app/bags/user95_2017-02-24.bag;0.834065854549408;0.0;0.9619645476341248;0.0;3.6903359844713712;0.8114143797257863;0.18858562027421366
1731802476.710388;/app/bags/user95_2017-02-24.bag;0.834065854549408;0.0;0.9619645476341248;0.0;3.6903359844713712;0.8114143797257863;0.18858562027421366
1731802476.9104507;/app/bags/user95_2017-02-24.bag;0.834065854549408;0.0;0.9619645476341248;0.0;3.6903359844713712;0.8114143797257863;0.18858562027421366
1731802477.1104088;/app/bags/user95_2017-02-24.bag;0.834065854549408;0.0;0.9619645476341248;0.0;3.6903359844713712;0.8114143797257863;0.18858562027421366
1731802477.310442;/app/bags/user95_2017-02-24.bag;0.834065854549408;0.0;0.9619645476341248;0.0;3.6903359844713712;0.8114143797257863;0.18858562027421366
1731802477.5104232;/app/bags/user95_2017-02-24.bag;0.834065854549408;0.0;0.9619645476341248;0.0;3.6903359844713712;0.8114143797257863;0.18858562027421366
1731802477.7103624;/app/bags/user95_2017-02-24.bag;0.834065854549408;0.0;0.9619645476341248;0.0;3.6903359844713712;0.8114143797257863;0.18858562027421366
1731802477.910502;/app/bags/user95_2017-02-24.bag;0.834065854549408;0.0;0.9619645476341248;0.0;3.6903359844713712;0.8114143797257863;0.18858562027421366
1731802478.1104357;/app/bags/user95_2017-02-24.bag;0.834065854549408;0.0;0.9619645476341248;0.0;3.6903359844713712;0.8114143797257863;0.18858562027421366
1731802478.3105211;/app/bags/user95_2017-02-24.bag;0.834065854549408;0.0;0.9619645476341248;0.0;3.6903359844713712;0.8114143797257863;0.18858562027421366
1731802478.5104516;/app/bags/user95_2017-02-24.bag;0.834065854549408;0.0;0.9619645476341248;0.0;3.6903359844713712;0.8114143797257863;0.18858562027421366
1731802478.7105625;/app/bags/user95_2017-02-24.bag;0.834065854549408;0.0;0.9619645476341248;0.0;3.6903359844713712;0.8114143797257863;0.18858562027421366
1731802478.910431;/app/bags/user95_2017-02-24.bag;0.834065854549408;0.0;0.9619645476341248;0.0;3.6903359844713712;0.8114143797257863;0.18858562027421366
1731802479.1104054;/app/bags/user95_2017-02-24.bag;0.834065854549408;0.0;0.9619645476341248;0.0;3.6903359844713712;0.8114143797257863;0.18858562027421366
1731802479.3103824;/app/bags/user95_2017-02-24.bag;0.834065854549408;0.0;0.9619645476341248;0.0;3.6903359844713712;0.8114143797257863;0.18858562027421366
1731802479.5104494;/app/bags/user95_2017-02-24.bag;0.834065854549408;0.0;0.9619645476341248;0.0;3.6903359844713712;0.8114143797257863;0.18858562027421366
1731802479.710394;/app/bags/user95_2017-02-24.bag;0.834065854549408;0.0;0.9619645476341248;0.0;3.6903359844713712;0.8114143797257863;0.18858562027421366
1731802479.9103608;/app/bags/user95_2017-02-24.bag;0.834065854549408;0.0;0.9619645476341248;0.0;3.6903359844713712;0.8114143797257863;0.18858562027421366
1731802480.1103935;/app/bags/user95_2017-02-24.bag;0.834065854549408;0.0;0.9619645476341248;0.0;3.6903359844713712;0.8114143797257863;0.18858562027421366
1731802480.3104522;/app/bags/user95_2017-02-24.bag;0.834065854549408;0.0;0.9619645476341248;0.0;3.6903359844713712;0.8114143797257863;0.18858562027421366
1731802480.5103943;/app/bags/user95_2017-02-24.bag;0.834065854549408;0.0;0.9619645476341248;0.0;3.6903359844713712;0.8114143797257863;0.18858562027421366
1731802480.7103899;/app/bags/user95_2017-02-24.bag;0.834065854549408;0.0;0.9619645476341248;0.0;3.6903359844713712;0.8114143797257863;0.18858562027421366
1731802480.9103875;/app/bags/user95_2017-02-24.bag;0.834065854549408;0.0;0.9619645476341248;0.0;3.6903359844713712;0.8114143797257863;0.18858562027421366
1731802481.1104615;/app/bags/user95_2017-02-24.bag;0.834065854549408;0.0;0.9619645476341248;0.0;3.6903359844713712;0.8114143797257863;0.18858562027421366
1731802481.310461;/app/bags/user95_2017-02-24.bag;0.834065854549408;0.0;0.9619645476341248;0.0;3.6903359844713712;0.8114143797257863;0.18858562027421366
1731802481.5103443;/app/bags/user95_2017-02-24.bag;0.834065854549408;0.0;0.9619645476341248;0.0;3.6903359844713712;0.8114143797257863;0.18858562027421366
1731802481.7103758;/app/bags/user95_2017-02-24.bag;0.834065854549408;0.0;0.9619645476341248;0.0;3.6903359844713712;0.8114143797257863;0.18858562027421366
1731802481.9103498;/app/bags/user95_2017-02-24.bag;0.834065854549408;0.0;0.9619645476341248;0.0;3.6903359844713712;0.8114143797257863;0.18858562027421366
1731802482.1103885;/app/bags/user95_2017-02-24.bag;0.834065854549408;0.0;0.9619645476341248;0.0;3.6903359844713712;0.8114143797257863;0.18858562027421366
1731802482.3104086;/app/bags/user95_2017-02-24.bag;0.834065854549408;0.0;0.9619645476341248;0.0;3.6903359844713712;0.8114143797257863;0.18858562027421366
1731802482.5103805;/app/bags/user95_2017-02-24.bag;0.834065854549408;0.0;0.9619645476341248;0.0;3.6903359844713712;0.8114143797257863;0.18858562027421366
1731802482.7104359;/app/bags/user95_2017-02-24.bag;0.834065854549408;0.0;0.9619645476341248;0.0;3.6903359844713712;0.8114143797257863;0.18858562027421366
1731802482.910366;/app/bags/user95_2017-02-24.bag;0.834065854549408;0.0;0.9619645476341248;0.0;3.6903359844713712;0.8114143797257863;0.18858562027421366
1731802483.1103902;/app/bags/user95_2017-02-24.bag;0.834065854549408;0.0;0.9619645476341248;0.0;3.6903359844713712;0.8114143797257863;0.18858562027421366
1731802483.3103893;/app/bags/user95_2017-02-24.bag;0.834065854549408;0.0;0.9619645476341248;0.0;3.6903359844713712;0.8114143797257863;0.18858562027421366
1731802483.5103705;/app/bags/user95_2017-02-24.bag;0.834065854549408;0.0;0.9619645476341248;0.0;3.6903359844713712;0.8114143797257863;0.18858562027421366
1731802483.7103949;/app/bags/user95_2017-02-24.bag;0.834065854549408;0.0;0.9619645476341248;0.0;3.6903359844713712;0.8114143797257863;0.18858562027421366
1731802483.9104097;/app/bags/user95_2017-02-24.bag;0.834065854549408;0.0;0.9619645476341248;0.0;3.6903359844713712;0.8114143797257863;0.18858562027421366
1731802484.1104095;/app/bags/user95_2017-02-24.bag;0.834065854549408;0.0;0.9619645476341248;0.0;3.6903359844713712;0.8114143797257863;0.18858562027421366
1731802484.3103971;/app/bags/user95_2017-02-24.bag;0.834065854549408;0.0;0.9619645476341248;0.0;3.6903359844713712;0.8114143797257863;0.18858562027421366
1731802484.5103934;/app/bags/user95_2017-02-24.bag;0.834065854549408;0.0;0.9619645476341248;0.0;3.6903359844713712;0.8114143797257863;0.18858562027421366
1731802484.710378;/app/bags/user95_2017-02-24.bag;0.834065854549408;0.0;0.9619645476341248;0.0;3.6903359844713712;0.8114143797257863;0.18858562027421366
1731802484.9104068;/app/bags/user95_2017-02-24.bag;0.834065854549408;0.0;0.9619645476341248;0.0;3.6903359844713712;0.8114143797257863;0.18858562027421366
1731802485.110389;/app/bags/user95_2017-02-24.bag;0.834065854549408;0.0;0.9619645476341248;0.0;3.6903359844713712;0.8114143797257863;0.18858562027421366
1731802485.3103886;/app/bags/user95_2017-02-24.bag;0.834065854549408;0.0;0.9619645476341248;0.0;3.6903359844713712;0.8114143797257863;0.18858562027421366
1731802485.5104074;/app/bags/user95_2017-02-24.bag;0.834065854549408;0.0;0.9619645476341248;0.0;3.6903359844713712;0.8114143797257863;0.18858562027421366
1731802485.7104185;/app/bags/user95_2017-02-24.bag;0.834065854549408;0.0;0.9619645476341248;0.0;3.6903359844713712;0.8114143797257863;0.18858562027421366
1731802485.91049;/app/bags/user95_2017-02-24.bag;0.834065854549408;0.0;0.9619645476341248;0.0;3.6903359844713712;0.8114143797257863;0.18858562027421366
1731802486.1104577;/app/bags/user95_2017-02-24.bag;0.834065854549408;0.0;0.9619645476341248;0.0;3.6903359844713712;0.8114143797257863;0.18858562027421366
1731802486.3103652;/app/bags/user95_2017-02-24.bag;0.834065854549408;0.0;0.9619645476341248;0.0;3.6903359844713712;0.8114143797257863;0.18858562027421366
1731802486.5103848;/app/bags/user95_2017-02-24.bag;0.834065854549408;0.0;0.9619645476341248;0.0;3.6903359844713712;0.8114143797257863;0.18858562027421366
1731802486.7104983;/app/bags/user95_2017-02-24.bag;0.834065854549408;0.0;0.9619645476341248;0.0;3.6903359844713712;0.8114143797257863;0.18858562027421366
1731802486.9104154;/app/bags/user95_2017-02-24.bag;0.834065854549408;0.0;0.9619645476341248;0.0;3.6903359844713712;0.8114143797257863;0.18858562027421366
1731802487.110373;/app/bags/user95_2017-02-24.bag;0.834065854549408;0.0;0.9619645476341248;0.0;3.6903359844713712;0.8114143797257863;0.18858562027421366
1731802487.3103528;/app/bags/user95_2017-02-24.bag;0.834065854549408;0.0;0.9619645476341248;0.0;3.6903359844713712;0.8114143797257863;0.18858562027421366
1731802487.5105603;/app/bags/user95_2017-02-24.bag;0.834065854549408;0.0;0.9619645476341248;0.0;3.6903359844713712;0.8114143797257863;0.18858562027421366
1731802487.7104876;/app/bags/user95_2017-02-24.bag;0.834065854549408;0.0;0.9619645476341248;0.0;3.6903359844713712;0.8114143797257863;0.18858562027421366
1731802487.9103842;/app/bags/user95_2017-02-24.bag;0.834065854549408;0.0;0.9619645476341248;0.0;3.6903359844713712;0.8114143797257863;0.18858562027421366
1731802488.110366;/app/bags/user95_2017-02-24.bag;0.834065854549408;0.0;0.9619645476341248;0.0;3.6903359844713712;0.8114143797257863;0.18858562027421366
1731802488.3104868;/app/bags/user95_2017-02-24.bag;0.834065854549408;0.0;0.9619645476341248;0.0;3.6903359844713712;0.8114143797257863;0.18858562027421366
1731802488.5103903;/app/bags/user95_2017-02-24.bag;0.834065854549408;0.0;0.9619645476341248;0.0;3.6903359844713712;0.8114143797257863;0.18858562027421366
1731802488.7104094;/app/bags/user95_2017-02-24.bag;0.834065854549408;0.0;0.9619645476341248;0.0;3.6903359844713712;0.8114143797257863;0.18858562027421366
1731802488.9104164;/app/bags/user95_2017-02-24.bag;0.834065854549408;0.0;0.9619645476341248;0.0;3.6903359844713712;0.8114143797257863;0.18858562027421366
1731802489.110391;/app/bags/user95_2017-02-24.bag;0.834065854549408;0.0;0.9619645476341248;0.0;3.6903359844713712;0.8114143797257863;0.18858562027421366
1731802489.3103762;/app/bags/user95_2017-02-24.bag;0.834065854549408;0.0;0.9619645476341248;0.0;3.6903359844713712;0.8114143797257863;0.18858562027421366
1731802489.5104036;/app/bags/user95_2017-02-24.bag;0.834065854549408;0.0;0.9619645476341248;0.0;3.6903359844713712;0.8114143797257863;0.18858562027421366
1731802489.7104228;/app/bags/user95_2017-02-24.bag;0.834065854549408;0.0;0.9619645476341248;0.0;3.6903359844713712;0.8114143797257863;0.18858562027421366
1731802489.9103546;/app/bags/user95_2017-02-24.bag;0.834065854549408;0.0;0.9619645476341248;0.0;3.6903359844713712;0.8114143797257863;0.18858562027421366
1731802490.1103604;/app/bags/user95_2017-02-24.bag;0.834065854549408;0.0;0.9619645476341248;0.0;3.6903359844713712;0.8114143797257863;0.18858562027421366
1731802490.310533;/app/bags/user95_2017-02-24.bag;0.834065854549408;0.0;0.9619645476341248;0.0;3.6903359844713712;0.8114143797257863;0.18858562027421366
1731802490.5104;/app/bags/user95_2017-02-24.bag;0.834065854549408;0.0;0.9619645476341248;0.0;3.6903359844713712;0.8114143797257863;0.18858562027421366
1731802490.71043;/app/bags/user95_2017-02-24.bag;0.834065854549408;0.0;0.9619645476341248;0.0;3.6903359844713712;0.8114143797257863;0.18858562027421366
1731802490.910388;/app/bags/user95_2017-02-24.bag;0.834065854549408;0.0;0.9619645476341248;0.0;3.6903359844713712;0.8114143797257863;0.18858562027421366
1731802491.110402;/app/bags/user95_2017-02-24.bag;0.834065854549408;0.0;0.9619645476341248;0.0;3.6903359844713712;0.8114143797257863;0.18858562027421366
1731802491.3104498;/app/bags/user95_2017-02-24.bag;0.834065854549408;0.0;0.9619645476341248;0.0;3.6903359844713712;0.8114143797257863;0.18858562027421366
1731802491.510535;/app/bags/user95_2017-02-24.bag;0.834065854549408;0.0;0.9619645476341248;0.0;3.6903359844713712;0.8114143797257863;0.18858562027421366
1731802491.7104006;/app/bags/user95_2017-02-24.bag;0.834065854549408;0.0;0.9619645476341248;0.0;3.6903359844713712;0.8114143797257863;0.18858562027421366
1731802491.9103842;/app/bags/user95_2017-02-24.bag;0.834065854549408;0.0;0.9619645476341248;0.0;3.6903359844713712;0.8114143797257863;0.18858562027421366
1731802492.1104226;/app/bags/user95_2017-02-24.bag;0.834065854549408;0.0;0.9619645476341248;0.0;3.6903359844713712;0.8114143797257863;0.18858562027421366
1731802492.310393;/app/bags/user95_2017-02-24.bag;0.834065854549408;0.0;0.9619645476341248;0.0;3.6903359844713712;0.8114143797257863;0.18858562027421366
1731802492.5103865;/app/bags/user95_2017-02-24.bag;0.834065854549408;0.0;0.9619645476341248;0.0;3.6903359844713712;0.8114143797257863;0.18858562027421366
1731802492.7103982;/app/bags/user95_2017-02-24.bag;0.834065854549408;0.0;0.9619645476341248;0.0;3.6903359844713712;0.8114143797257863;0.18858562027421366
1731802492.9103973;/app/bags/user95_2017-02-24.bag;0.834065854549408;0.0;0.9619645476341248;0.0;3.6903359844713712;0.8114143797257863;0.18858562027421366
1731802493.1103556;/app/bags/user95_2017-02-24.bag;0.834065854549408;0.0;0.9619645476341248;0.0;3.6903359844713712;0.8114143797257863;0.18858562027421366
1731802493.3103883;/app/bags/user95_2017-02-24.bag;0.834065854549408;0.0;0.9619645476341248;0.0;3.6903359844713712;0.8114143797257863;0.18858562027421366
1731802493.5104377;/app/bags/user95_2017-02-24.bag;0.834065854549408;0.0;0.9619645476341248;0.0;3.6903359844713712;0.8114143797257863;0.18858562027421366
1731802493.71043;/app/bags/user95_2017-02-24.bag;0.834065854549408;0.0;0.9619645476341248;0.0;3.6903359844713712;0.8114143797257863;0.18858562027421366
1731802493.9103708;/app/bags/user95_2017-02-24.bag;0.834065854549408;0.0;0.9619645476341248;0.0;3.6903359844713712;0.8114143797257863;0.18858562027421366
1731802494.1104057;/app/bags/user95_2017-02-24.bag;0.834065854549408;0.0;0.9619645476341248;0.0;3.6903359844713712;0.8114143797257863;0.18858562027421366
1731802494.3103516;/app/bags/user95_2017-02-24.bag;0.834065854549408;0.0;0.9619645476341248;0.0;3.6903359844713712;0.8114143797257863;0.18858562027421366
1731802494.5104635;/app/bags/user95_2017-02-24.bag;0.834065854549408;0.0;0.9619645476341248;0.0;3.6903359844713712;0.8114143797257863;0.18858562027421366
1731802494.7103484;/app/bags/user95_2017-02-24.bag;0.834065854549408;0.0;0.9619645476341248;0.0;3.6903359844713712;0.8114143797257863;0.18858562027421366
1731802494.9104033;/app/bags/user95_2017-02-24.bag;0.834065854549408;0.0;0.9619645476341248;0.0;3.6903359844713712;0.8114143797257863;0.18858562027421366
1731802495.110383;/app/bags/user95_2017-02-24.bag;0.834065854549408;0.0;0.9619645476341248;0.0;3.6903359844713712;0.8114143797257863;0.18858562027421366
1731802495.3104482;/app/bags/user95_2017-02-24.bag;0.834065854549408;0.0;0.9619645476341248;0.0;3.6903359844713712;0.8114143797257863;0.18858562027421366
1731802495.5104167;/app/bags/user95_2017-02-24.bag;0.834065854549408;0.0;0.9619645476341248;0.0;3.6903359844713712;0.8114143797257863;0.18858562027421366
1731802495.7103798;/app/bags/user95_2017-02-24.bag;0.834065854549408;0.0;0.9619645476341248;0.0;3.6903359844713712;0.8114143797257863;0.18858562027421366
1731802495.910363;/app/bags/user95_2017-02-24.bag;0.834065854549408;0.0;0.9619645476341248;0.0;3.6903359844713712;0.8114143797257863;0.18858562027421366
1731802496.1105063;/app/bags/user95_2017-02-24.bag;0.834065854549408;0.0;0.9619645476341248;0.0;3.6903359844713712;0.8114143797257863;0.18858562027421366
1731802496.310397;/app/bags/user95_2017-02-24.bag;0.834065854549408;0.0;0.9619645476341248;0.0;3.6903359844713712;0.8114143797257863;0.18858562027421366
1731802496.5103743;/app/bags/user95_2017-02-24.bag;0.834065854549408;0.0;0.9619645476341248;0.0;3.6903359844713712;0.8114143797257863;0.18858562027421366
1731802496.710369;/app/bags/user95_2017-02-24.bag;0.834065854549408;0.0;0.9619645476341248;0.0;3.6903359844713712;0.8114143797257863;0.18858562027421366
1731802496.9103677;/app/bags/user95_2017-02-24.bag;0.834065854549408;0.0;0.9619645476341248;0.0;3.6903359844713712;0.8114143797257863;0.18858562027421366
1731802497.110411;/app/bags/user95_2017-02-24.bag;0.834065854549408;0.0;0.9619645476341248;0.0;3.6903359844713712;0.8114143797257863;0.18858562027421366
1731802497.3103616;/app/bags/user95_2017-02-24.bag;0.834065854549408;0.0;0.9619645476341248;0.0;3.6903359844713712;0.8114143797257863;0.18858562027421366
1731802497.5104768;/app/bags/user95_2017-02-24.bag;0.834065854549408;0.0;0.9619645476341248;0.0;3.6903359844713712;0.8114143797257863;0.18858562027421366
1731802497.7104425;/app/bags/user95_2017-02-24.bag;0.834065854549408;0.0;0.9619645476341248;0.0;3.6903359844713712;0.8114143797257863;0.18858562027421366
1731802497.910392;/app/bags/user95_2017-02-24.bag;0.834065854549408;0.0;0.9619645476341248;0.0;3.6903359844713712;0.8114143797257863;0.18858562027421366
1731802498.1104238;/app/bags/user95_2017-02-24.bag;0.834065854549408;0.0;0.9619645476341248;0.0;3.6903359844713712;0.8114143797257863;0.18858562027421366
1731802498.3104165;/app/bags/user95_2017-02-24.bag;0.834065854549408;0.0;0.9619645476341248;0.0;3.6903359844713712;0.8114143797257863;0.18858562027421366
1731802498.510377;/app/bags/user95_2017-02-24.bag;0.834065854549408;0.0;0.9619645476341248;0.0;3.6903359844713712;0.8114143797257863;0.18858562027421366
1731802498.7105925;/app/bags/user95_2017-02-24.bag;0.834065854549408;0.0;0.9619645476341248;0.0;3.6903359844713712;0.8114143797257863;0.18858562027421366
1731802498.9104528;/app/bags/user95_2017-02-24.bag;0.834065854549408;0.0;0.9619645476341248;0.0;3.6903359844713712;0.8114143797257863;0.18858562027421366
1731802499.1103966;/app/bags/user95_2017-02-24.bag;0.834065854549408;0.0;0.9619645476341248;0.0;3.6903359844713712;0.8114143797257863;0.18858562027421366
1731802499.310383;/app/bags/user95_2017-02-24.bag;0.834065854549408;0.0;0.9619645476341248;0.0;3.6903359844713712;0.8114143797257863;0.18858562027421366
1731802499.510381;/app/bags/user95_2017-02-24.bag;0.834065854549408;0.0;0.9619645476341248;0.0;3.6903359844713712;0.8114143797257863;0.18858562027421366
1731802499.710416;/app/bags/user95_2017-02-24.bag;0.834065854549408;0.0;0.9619645476341248;0.0;3.6903359844713712;0.8114143797257863;0.18858562027421366
1731802499.9104123;/app/bags/user95_2017-02-24.bag;0.834065854549408;0.0;0.9619645476341248;0.0;3.6903359844713712;0.8114143797257863;0.18858562027421366
1731802500.1104536;/app/bags/user95_2017-02-24.bag;0.834065854549408;0.0;0.9619645476341248;0.0;3.6903359844713712;0.8114143797257863;0.18858562027421366
1731802500.310383;/app/bags/user95_2017-02-24.bag;0.834065854549408;0.0;0.9619645476341248;0.0;3.6903359844713712;0.8114143797257863;0.18858562027421366
1731802500.5104022;/app/bags/user95_2017-02-24.bag;0.834065854549408;0.0;0.9619645476341248;0.0;3.6903359844713712;0.8114143797257863;0.18858562027421366
1731802500.710424;/app/bags/user95_2017-02-24.bag;0.834065854549408;0.0;0.9619645476341248;0.0;3.6903359844713712;0.8114143797257863;0.18858562027421366
1731802500.9104233;/app/bags/user95_2017-02-24.bag;0.834065854549408;0.0;0.9619645476341248;0.0;3.6903359844713712;0.8114143797257863;0.18858562027421366
1731802501.1105223;/app/bags/user95_2017-02-24.bag;0.834065854549408;0.0;0.9619645476341248;0.0;3.6903359844713712;0.8114143797257863;0.18858562027421366
1731802501.3104181;/app/bags/user95_2017-02-24.bag;0.834065854549408;0.0;0.9619645476341248;0.0;3.6903359844713712;0.8114143797257863;0.18858562027421366
1731802501.510388;/app/bags/user95_2017-02-24.bag;0.834065854549408;0.0;0.9619645476341248;0.0;3.6903359844713712;0.8114143797257863;0.18858562027421366
1731802501.710429;/app/bags/user95_2017-02-24.bag;0.834065854549408;0.0;0.9619645476341248;0.0;3.6903359844713712;0.8114143797257863;0.18858562027421366
1731802501.9106808;/app/bags/user95_2017-02-24.bag;0.834065854549408;0.0;0.9619645476341248;0.0;3.6903359844713712;0.8114143797257863;0.18858562027421366
1731802502.110413;/app/bags/user95_2017-02-24.bag;0.834065854549408;0.0;0.9619645476341248;0.0;3.6903359844713712;0.8114143797257863;0.18858562027421366
1731802502.3103898;/app/bags/user95_2017-02-24.bag;0.834065854549408;0.0;0.9619645476341248;0.0;3.6903359844713712;0.8114143797257863;0.18858562027421366
1731802502.5103788;/app/bags/user95_2017-02-24.bag;0.834065854549408;0.0;0.9619645476341248;0.0;3.6903359844713712;0.8114143797257863;0.18858562027421366
1731802502.7104034;/app/bags/user95_2017-02-24.bag;0.834065854549408;0.0;0.9619645476341248;0.0;3.6903359844713712;0.8114143797257863;0.18858562027421366
1731802502.9104128;/app/bags/user95_2017-02-24.bag;0.834065854549408;0.0;0.9619645476341248;0.0;3.6903359844713712;0.8114143797257863;0.18858562027421366
1731802503.1103885;/app/bags/user95_2017-02-24.bag;0.834065854549408;0.0;0.9619645476341248;0.0;3.6903359844713712;0.8114143797257863;0.18858562027421366
1731802503.3104174;/app/bags/user95_2017-02-24.bag;0.834065854549408;0.0;0.9619645476341248;0.0;3.6903359844713712;0.8114143797257863;0.18858562027421366
1731802503.5104039;/app/bags/user95_2017-02-24.bag;0.834065854549408;0.0;0.9619645476341248;0.0;3.6903359844713712;0.8114143797257863;0.18858562027421366
1731802503.7103689;/app/bags/user95_2017-02-24.bag;0.834065854549408;0.0;0.9619645476341248;0.0;3.6903359844713712;0.8114143797257863;0.18858562027421366
1731802503.9103982;/app/bags/user95_2017-02-24.bag;0.834065854549408;0.0;0.9619645476341248;0.0;3.6903359844713712;0.8114143797257863;0.18858562027421366
1731802504.110442;/app/bags/user95_2017-02-24.bag;0.834065854549408;0.0;0.9619645476341248;0.0;3.6903359844713712;0.8114143797257863;0.18858562027421366
1731802504.3104138;/app/bags/user95_2017-02-24.bag;0.834065854549408;0.0;0.9619645476341248;0.0;3.6903359844713712;0.8114143797257863;0.18858562027421366
1731802504.5103848;/app/bags/user95_2017-02-24.bag;0.834065854549408;0.0;0.9619645476341248;0.0;3.6903359844713712;0.8114143797257863;0.18858562027421366
1731802504.7103922;/app/bags/user95_2017-02-24.bag;0.834065854549408;0.0;0.9619645476341248;0.0;3.6903359844713712;0.8114143797257863;0.18858562027421366
1731802504.9104402;/app/bags/user95_2017-02-24.bag;0.834065854549408;0.0;0.9619645476341248;0.0;3.6903359844713712;0.8114143797257863;0.18858562027421366
1731802505.1104069;/app/bags/user95_2017-02-24.bag;0.834065854549408;0.0;0.9619645476341248;0.0;3.6903359844713712;0.8114143797257863;0.18858562027421366
1731802505.3104033;/app/bags/user95_2017-02-24.bag;0.834065854549408;0.0;0.9619645476341248;0.0;3.6903359844713712;0.8114143797257863;0.18858562027421366
1731802505.5104089;/app/bags/user95_2017-02-24.bag;0.834065854549408;0.0;0.9619645476341248;0.0;3.6903359844713712;0.8114143797257863;0.18858562027421366
1731802505.7101817;/app/bags/user95_2017-02-24.bag;0.834065854549408;0.0;0.9619645476341248;0.0;3.6903359844713712;0.8114143797257863;0.18858562027421366
1731802505.9104478;/app/bags/user95_2017-02-24.bag;0.834065854549408;0.0;0.9619645476341248;0.0;3.6903359844713712;0.8114143797257863;0.18858562027421366
1731802506.1104212;/app/bags/user95_2017-02-24.bag;0.834065854549408;0.0;0.9619645476341248;0.0;3.6903359844713712;0.8114143797257863;0.18858562027421366
1731802506.310373;/app/bags/user95_2017-02-24.bag;0.834065854549408;0.0;0.9619645476341248;0.0;3.6903359844713712;0.8114143797257863;0.18858562027421366
1731802506.5103686;/app/bags/user95_2017-02-24.bag;0.834065854549408;0.0;0.9619645476341248;0.0;3.6903359844713712;0.8114143797257863;0.18858562027421366
1731802506.710395;/app/bags/user95_2017-02-24.bag;0.834065854549408;0.0;0.9619645476341248;0.0;3.6903359844713712;0.8114143797257863;0.18858562027421366
1731802506.9103463;/app/bags/user95_2017-02-24.bag;0.834065854549408;0.0;0.9619645476341248;0.0;3.6903359844713712;0.8114143797257863;0.18858562027421366
1731802507.1104078;/app/bags/user95_2017-02-24.bag;0.834065854549408;0.0;0.9619645476341248;0.0;3.6903359844713712;0.8114143797257863;0.18858562027421366
1731802507.310385;/app/bags/user95_2017-02-24.bag;0.834065854549408;0.0;0.9619645476341248;0.0;3.6903359844713712;0.8114143797257863;0.18858562027421366
1731802507.510368;/app/bags/user95_2017-02-24.bag;0.834065854549408;0.0;0.9619645476341248;0.0;3.6903359844713712;0.8114143797257863;0.18858562027421366
1731802507.710407;/app/bags/user95_2017-02-24.bag;0.834065854549408;0.0;0.9619645476341248;0.0;3.6903359844713712;0.8114143797257863;0.18858562027421366
1731802507.910455;/app/bags/user95_2017-02-24.bag;0.834065854549408;0.0;0.9619645476341248;0.0;3.6903359844713712;0.8114143797257863;0.18858562027421366
1731802508.1104221;/app/bags/user95_2017-02-24.bag;0.834065854549408;0.0;0.9619645476341248;0.0;3.6903359844713712;0.8114143797257863;0.18858562027421366
1731802508.310398;/app/bags/user95_2017-02-24.bag;0.834065854549408;0.0;0.9619645476341248;0.0;3.6903359844713712;0.8114143797257863;0.18858562027421366
1731802508.510351;/app/bags/user95_2017-02-24.bag;0.834065854549408;0.0;0.9619645476341248;0.0;3.6903359844713712;0.8114143797257863;0.18858562027421366
1731802508.7103896;/app/bags/user95_2017-02-24.bag;0.834065854549408;0.0;0.9619645476341248;0.0;3.6903359844713712;0.8114143797257863;0.18858562027421366
1731802508.9104226;/app/bags/user95_2017-02-24.bag;0.834065854549408;0.0;0.9619645476341248;0.0;3.6903359844713712;0.8114143797257863;0.18858562027421366
1731802509.1104436;/app/bags/user95_2017-02-24.bag;0.834065854549408;0.0;0.9619645476341248;0.0;3.6903359844713712;0.8114143797257863;0.18858562027421366
1731802509.3104072;/app/bags/user95_2017-02-24.bag;0.834065854549408;0.0;0.9619645476341248;0.0;3.6903359844713712;0.8114143797257863;0.18858562027421366
1731802509.510414;/app/bags/user95_2017-02-24.bag;0.834065854549408;0.0;0.9619645476341248;0.0;3.6903359844713712;0.8114143797257863;0.18858562027421366
1731802509.7104301;/app/bags/user95_2017-02-24.bag;0.834065854549408;0.0;0.9619645476341248;0.0;3.6903359844713712;0.8114143797257863;0.18858562027421366
1731802509.9104059;/app/bags/user95_2017-02-24.bag;0.834065854549408;0.0;0.9619645476341248;0.0;3.6903359844713712;0.8114143797257863;0.18858562027421366
1731802510.1104834;/app/bags/user95_2017-02-24.bag;0.834065854549408;0.0;0.9619645476341248;0.0;3.6903359844713712;0.8114143797257863;0.18858562027421366
1731802510.310419;/app/bags/user95_2017-02-24.bag;0.834065854549408;0.0;0.9619645476341248;0.0;3.6903359844713712;0.8114143797257863;0.18858562027421366
1731802510.5103981;/app/bags/user95_2017-02-24.bag;0.834065854549408;0.0;0.9619645476341248;0.0;3.6903359844713712;0.8114143797257863;0.18858562027421366
1731802510.710406;/app/bags/user95_2017-02-24.bag;0.834065854549408;0.0;0.9619645476341248;0.0;3.6903359844713712;0.8114143797257863;0.18858562027421366
1731802510.9104722;/app/bags/user95_2017-02-24.bag;0.834065854549408;0.0;0.9619645476341248;0.0;3.6903359844713712;0.8114143797257863;0.18858562027421366
1731802511.1104043;/app/bags/user95_2017-02-24.bag;0.834065854549408;0.0;0.9619645476341248;0.0;3.6903359844713712;0.8114143797257863;0.18858562027421366
1731802511.3103724;/app/bags/user95_2017-02-24.bag;0.834065854549408;0.0;0.9619645476341248;0.0;3.6903359844713712;0.8114143797257863;0.18858562027421366
1731802511.5104227;/app/bags/user95_2017-02-24.bag;0.834065854549408;0.0;0.9619645476341248;0.0;3.6903359844713712;0.8114143797257863;0.18858562027421366
1731802511.7104106;/app/bags/user95_2017-02-24.bag;0.834065854549408;0.0;0.9619645476341248;0.0;3.6903359844713712;0.8114143797257863;0.18858562027421366
1731802511.9104156;/app/bags/user95_2017-02-24.bag;0.834065854549408;0.0;0.9619645476341248;0.0;3.6903359844713712;0.8114143797257863;0.18858562027421366
1731802512.1103995;/app/bags/user95_2017-02-24.bag;0.834065854549408;0.0;0.9619645476341248;0.0;3.6903359844713712;0.8114143797257863;0.18858562027421366
1731802512.3104007;/app/bags/user95_2017-02-24.bag;0.834065854549408;0.0;0.9619645476341248;0.0;3.6903359844713712;0.8114143797257863;0.18858562027421366
1731802512.5104558;/app/bags/user95_2017-02-24.bag;0.834065854549408;0.0;0.9619645476341248;0.0;3.6903359844713712;0.8114143797257863;0.18858562027421366
1731802512.7103996;/app/bags/user95_2017-02-24.bag;0.834065854549408;0.0;0.9619645476341248;0.0;3.6903359844713712;0.8114143797257863;0.18858562027421366
1731802512.9103734;/app/bags/user95_2017-02-24.bag;0.834065854549408;0.0;0.9619645476341248;0.0;3.6903359844713712;0.8114143797257863;0.18858562027421366
1731802513.1104236;/app/bags/user95_2017-02-24.bag;0.834065854549408;0.0;0.9619645476341248;0.0;3.6903359844713712;0.8114143797257863;0.18858562027421366
1731802513.3103995;/app/bags/user95_2017-02-24.bag;0.834065854549408;0.0;0.9619645476341248;0.0;3.6903359844713712;0.8114143797257863;0.18858562027421366
1731802513.510379;/app/bags/user95_2017-02-24.bag;0.834065854549408;0.0;0.9619645476341248;0.0;3.6903359844713712;0.8114143797257863;0.18858562027421366
1731802513.7103887;/app/bags/user95_2017-02-24.bag;0.834065854549408;0.0;0.9619645476341248;0.0;3.6903359844713712;0.8114143797257863;0.18858562027421366
1731802513.9104047;/app/bags/user95_2017-02-24.bag;0.834065854549408;0.0;0.9619645476341248;0.0;3.6903359844713712;0.8114143797257863;0.18858562027421366
1731802514.1103938;/app/bags/user95_2017-02-24.bag;0.834065854549408;0.0;0.9619645476341248;0.0;3.6903359844713712;0.8114143797257863;0.18858562027421366
1731802514.3103988;/app/bags/user95_2017-02-24.bag;0.834065854549408;0.0;0.9619645476341248;0.0;3.6903359844713712;0.8114143797257863;0.18858562027421366
1731802514.51043;/app/bags/user95_2017-02-24.bag;0.834065854549408;0.0;0.9619645476341248;0.0;3.6903359844713712;0.8114143797257863;0.18858562027421366
1731802514.710404;/app/bags/user95_2017-02-24.bag;0.834065854549408;0.0;0.9619645476341248;0.0;3.6903359844713712;0.8114143797257863;0.18858562027421366
1731802514.9104333;/app/bags/user95_2017-02-24.bag;0.834065854549408;0.0;0.9619645476341248;0.0;3.6903359844713712;0.8114143797257863;0.18858562027421366
1731802515.1104934;/app/bags/user95_2017-02-24.bag;0.834065854549408;0.0;0.9619645476341248;0.0;3.6903359844713712;0.8114143797257863;0.18858562027421366
1731802515.310396;/app/bags/user95_2017-02-24.bag;0.834065854549408;0.0;0.9619645476341248;0.0;3.6903359844713712;0.8114143797257863;0.18858562027421366
1731802515.5103865;/app/bags/user95_2017-02-24.bag;0.834065854549408;0.0;0.9619645476341248;0.0;3.6903359844713712;0.8114143797257863;0.18858562027421366
1731802515.7104225;/app/bags/user95_2017-02-24.bag;0.834065854549408;0.0;0.9619645476341248;0.0;3.6903359844713712;0.8114143797257863;0.18858562027421366
1731802515.910382;/app/bags/user95_2017-02-24.bag;0.834065854549408;0.0;0.9619645476341248;0.0;3.6903359844713712;0.8114143797257863;0.18858562027421366
1731802516.1104257;/app/bags/user95_2017-02-24.bag;0.834065854549408;0.0;0.9619645476341248;0.0;3.6903359844713712;0.8114143797257863;0.18858562027421366
1731802516.3103817;/app/bags/user95_2017-02-24.bag;0.834065854549408;0.0;0.9619645476341248;0.0;3.6903359844713712;0.8114143797257863;0.18858562027421366
1731802516.5104575;/app/bags/user95_2017-02-24.bag;0.834065854549408;0.0;0.9619645476341248;0.0;3.6903359844713712;0.8114143797257863;0.18858562027421366
1731802516.7103975;/app/bags/user95_2017-02-24.bag;0.834065854549408;0.0;0.9619645476341248;0.0;3.6903359844713712;0.8114143797257863;0.18858562027421366
1731802516.9104302;/app/bags/user95_2017-02-24.bag;0.834065854549408;0.0;0.9619645476341248;0.0;3.6903359844713712;0.8114143797257863;0.18858562027421366
1731802517.1104064;/app/bags/user95_2017-02-24.bag;0.834065854549408;0.0;0.9619645476341248;0.0;3.6903359844713712;0.8114143797257863;0.18858562027421366
1731802517.310427;/app/bags/user95_2017-02-24.bag;0.834065854549408;0.0;0.9619645476341248;0.0;3.6903359844713712;0.8114143797257863;0.18858562027421366
1731802517.5104287;/app/bags/user95_2017-02-24.bag;0.834065854549408;0.0;0.9619645476341248;0.0;3.6903359844713712;0.8114143797257863;0.18858562027421366
1731802517.7103732;/app/bags/user95_2017-02-24.bag;0.834065854549408;0.0;0.9619645476341248;0.0;3.6903359844713712;0.8114143797257863;0.18858562027421366
1731802517.9103868;/app/bags/user95_2017-02-24.bag;0.834065854549408;0.0;0.9619645476341248;0.0;3.6903359844713712;0.8114143797257863;0.18858562027421366
1731802518.1103818;/app/bags/user95_2017-02-24.bag;0.834065854549408;0.0;0.9619645476341248;0.0;3.6903359844713712;0.8114143797257863;0.18858562027421366
1731802518.3103728;/app/bags/user95_2017-02-24.bag;0.834065854549408;0.0;0.9619645476341248;0.0;3.6903359844713712;0.8114143797257863;0.18858562027421366
1731802518.5105946;/app/bags/user95_2017-02-24.bag;0.834065854549408;0.0;0.9619645476341248;0.0;3.6903359844713712;0.8114143797257863;0.18858562027421366
1731802518.7105021;/app/bags/user95_2017-02-24.bag;0.834065854549408;0.0;0.9619645476341248;0.0;3.6903359844713712;0.8114143797257863;0.18858562027421366
1731802518.9103863;/app/bags/user95_2017-02-24.bag;0.834065854549408;0.0;0.9619645476341248;0.0;3.6903359844713712;0.8114143797257863;0.18858562027421366
1731802519.1103787;/app/bags/user95_2017-02-24.bag;0.834065854549408;0.0;0.9619645476341248;0.0;3.6903359844713712;0.8114143797257863;0.18858562027421366
1731802519.3105574;/app/bags/user95_2017-02-24.bag;0.834065854549408;0.0;0.9619645476341248;0.0;3.6903359844713712;0.8114143797257863;0.18858562027421366
1731802519.510433;/app/bags/user95_2017-02-24.bag;0.834065854549408;0.0;0.9619645476341248;0.0;3.6903359844713712;0.8114143797257863;0.18858562027421366
1731802519.710371;/app/bags/user95_2017-02-24.bag;0.834065854549408;0.0;0.9619645476341248;0.0;3.6903359844713712;0.8114143797257863;0.18858562027421366
1731802519.910384;/app/bags/user95_2017-02-24.bag;0.834065854549408;0.0;0.9619645476341248;0.0;3.6903359844713712;0.8114143797257863;0.18858562027421366
1731802520.1103973;/app/bags/user95_2017-02-24.bag;0.834065854549408;0.0;0.9619645476341248;0.0;3.6903359844713712;0.8114143797257863;0.18858562027421366
1731802520.3103719;/app/bags/user95_2017-02-24.bag;0.834065854549408;0.0;0.9619645476341248;0.0;3.6903359844713712;0.8114143797257863;0.18858562027421366
1731802520.5104609;/app/bags/user95_2017-02-24.bag;0.834065854549408;0.0;0.9619645476341248;0.0;3.6903359844713712;0.8114143797257863;0.18858562027421366
1731802520.7103853;/app/bags/user95_2017-02-24.bag;0.834065854549408;0.0;0.9619645476341248;0.0;3.6903359844713712;0.8114143797257863;0.18858562027421366
1731802520.910391;/app/bags/user95_2017-02-24.bag;0.834065854549408;0.0;0.9619645476341248;0.0;3.6903359844713712;0.8114143797257863;0.18858562027421366
1731802521.1105726;/app/bags/user95_2017-02-24.bag;0.834065854549408;0.0;0.9619645476341248;0.0;3.6903359844713712;0.8114143797257863;0.18858562027421366
1731802521.3104374;/app/bags/user95_2017-02-24.bag;0.834065854549408;0.0;0.9619645476341248;0.0;3.6903359844713712;0.8114143797257863;0.18858562027421366
1731802521.5103915;/app/bags/user95_2017-02-24.bag;0.834065854549408;0.0;0.9619645476341248;0.0;3.6903359844713712;0.8114143797257863;0.18858562027421366
1731802521.7103832;/app/bags/user95_2017-02-24.bag;0.834065854549408;0.0;0.9619645476341248;0.0;3.6903359844713712;0.8114143797257863;0.18858562027421366
1731802521.9104607;/app/bags/user95_2017-02-24.bag;0.834065854549408;0.0;0.9619645476341248;0.0;3.6903359844713712;0.8114143797257863;0.18858562027421366
1731802522.1104634;/app/bags/user95_2017-02-24.bag;0.834065854549408;0.0;0.9619645476341248;0.0;3.6903359844713712;0.8114143797257863;0.18858562027421366
1731802522.3104794;/app/bags/user95_2017-02-24.bag;0.834065854549408;0.0;0.9619645476341248;0.0;3.6903359844713712;0.8114143797257863;0.18858562027421366
1731802522.5103948;/app/bags/user95_2017-02-24.bag;0.834065854549408;0.0;0.9619645476341248;0.0;3.6903359844713712;0.8114143797257863;0.18858562027421366
1731802522.7103796;/app/bags/user95_2017-02-24.bag;0.834065854549408;0.0;0.9619645476341248;0.0;3.6903359844713712;0.8114143797257863;0.18858562027421366
1731802522.910387;/app/bags/user95_2017-02-24.bag;0.834065854549408;0.0;0.9619645476341248;0.0;3.6903359844713712;0.8114143797257863;0.18858562027421366
1731802523.1103985;/app/bags/user95_2017-02-24.bag;0.834065854549408;0.0;0.9619645476341248;0.0;3.6903359844713712;0.8114143797257863;0.18858562027421366
1731802523.3104062;/app/bags/user95_2017-02-24.bag;0.834065854549408;0.0;0.9619645476341248;0.0;3.6903359844713712;0.8114143797257863;0.18858562027421366
1731802523.5103948;/app/bags/user95_2017-02-24.bag;0.834065854549408;0.0;0.9619645476341248;0.0;3.6903359844713712;0.8114143797257863;0.18858562027421366
1731802523.710443;/app/bags/user95_2017-02-24.bag;0.834065854549408;0.0;0.9619645476341248;0.0;3.6903359844713712;0.8114143797257863;0.18858562027421366
1731802523.9104538;/app/bags/user95_2017-02-24.bag;0.834065854549408;0.0;0.9619645476341248;0.0;3.6903359844713712;0.8114143797257863;0.18858562027421366
1731802524.11041;/app/bags/user95_2017-02-24.bag;0.834065854549408;0.0;0.9619645476341248;0.0;3.6903359844713712;0.8114143797257863;0.18858562027421366
1731802524.3103817;/app/bags/user95_2017-02-24.bag;0.834065854549408;0.0;0.9619645476341248;0.0;3.6903359844713712;0.8114143797257863;0.18858562027421366
1731802524.5105386;/app/bags/user95_2017-02-24.bag;0.834065854549408;0.0;0.9619645476341248;0.0;3.6903359844713712;0.8114143797257863;0.18858562027421366
1731802524.7103763;/app/bags/user95_2017-02-24.bag;0.834065854549408;0.0;0.9619645476341248;0.0;3.6903359844713712;0.8114143797257863;0.18858562027421366
1731802524.910478;/app/bags/user95_2017-02-24.bag;0.834065854549408;0.0;0.9619645476341248;0.0;3.6903359844713712;0.8114143797257863;0.18858562027421366
1731802525.110384;/app/bags/user95_2017-02-24.bag;0.834065854549408;0.0;0.9619645476341248;0.0;3.6903359844713712;0.8114143797257863;0.18858562027421366
1731802525.3103838;/app/bags/user95_2017-02-24.bag;0.834065854549408;0.0;0.9619645476341248;0.0;3.6903359844713712;0.8114143797257863;0.18858562027421366
1731802525.510419;/app/bags/user95_2017-02-24.bag;0.834065854549408;0.0;0.9619645476341248;0.0;3.6903359844713712;0.8114143797257863;0.18858562027421366
1731802525.710383;/app/bags/user95_2017-02-24.bag;0.834065854549408;0.0;0.9619645476341248;0.0;3.6903359844713712;0.8114143797257863;0.18858562027421366
1731802525.9104173;/app/bags/user95_2017-02-24.bag;0.834065854549408;0.0;0.9619645476341248;0.0;3.6903359844713712;0.8114143797257863;0.18858562027421366
1731802526.110509;/app/bags/user95_2017-02-24.bag;0.834065854549408;0.0;0.9619645476341248;0.0;3.6903359844713712;0.8114143797257863;0.18858562027421366
1731802526.310383;/app/bags/user95_2017-02-24.bag;0.834065854549408;0.0;0.9619645476341248;0.0;3.6903359844713712;0.8114143797257863;0.18858562027421366
1731802526.510404;/app/bags/user95_2017-02-24.bag;0.834065854549408;0.0;0.9619645476341248;0.0;3.6903359844713712;0.8114143797257863;0.18858562027421366
1731802526.7103915;/app/bags/user95_2017-02-24.bag;0.834065854549408;0.0;0.9619645476341248;0.0;3.6903359844713712;0.8114143797257863;0.18858562027421366
1731802526.9104064;/app/bags/user95_2017-02-24.bag;0.834065854549408;0.0;0.9619645476341248;0.0;3.6903359844713712;0.8114143797257863;0.18858562027421366
1731802527.110434;/app/bags/user95_2017-02-24.bag;0.834065854549408;0.0;0.9619645476341248;0.0;3.6903359844713712;0.8114143797257863;0.18858562027421366
1731802527.3104;/app/bags/user95_2017-02-24.bag;0.834065854549408;0.0;0.9619645476341248;0.0;3.6903359844713712;0.8114143797257863;0.18858562027421366
1731802527.5104575;/app/bags/user95_2017-02-24.bag;0.834065854549408;0.0;0.9619645476341248;0.0;3.6903359844713712;0.8114143797257863;0.18858562027421366
1731802527.7104423;/app/bags/user95_2017-02-24.bag;0.834065854549408;0.0;0.9619645476341248;0.0;3.6903359844713712;0.8114143797257863;0.18858562027421366
1731802527.9103782;/app/bags/user95_2017-02-24.bag;0.834065854549408;0.0;0.9619645476341248;0.0;3.6903359844713712;0.8114143797257863;0.18858562027421366
1731802528.110413;/app/bags/user95_2017-02-24.bag;0.834065854549408;0.0;0.9619645476341248;0.0;3.6903359844713712;0.8114143797257863;0.18858562027421366
1731802528.3104448;/app/bags/user95_2017-02-24.bag;0.834065854549408;0.0;0.9619645476341248;0.0;3.6903359844713712;0.8114143797257863;0.18858562027421366
1731802528.5103745;/app/bags/user95_2017-02-24.bag;0.834065854549408;0.0;0.9619645476341248;0.0;3.6903359844713712;0.8114143797257863;0.18858562027421366
1731802528.7104912;/app/bags/user95_2017-02-24.bag;0.834065854549408;0.0;0.9619645476341248;0.0;3.6903359844713712;0.8114143797257863;0.18858562027421366
1731802528.9103713;/app/bags/user95_2017-02-24.bag;0.834065854549408;0.0;0.9619645476341248;0.0;3.6903359844713712;0.8114143797257863;0.18858562027421366
1731802529.1103723;/app/bags/user95_2017-02-24.bag;0.834065854549408;0.0;0.9619645476341248;0.0;3.6903359844713712;0.8114143797257863;0.18858562027421366
1731802529.3104906;/app/bags/user95_2017-02-24.bag;0.834065854549408;0.0;0.9619645476341248;0.0;3.6903359844713712;0.8114143797257863;0.18858562027421366
1731802529.5104144;/app/bags/user95_2017-02-24.bag;0.834065854549408;0.0;0.9619645476341248;0.0;3.6903359844713712;0.8114143797257863;0.18858562027421366
1731802529.7104213;/app/bags/user95_2017-02-24.bag;0.834065854549408;0.0;0.9619645476341248;0.0;3.6903359844713712;0.8114143797257863;0.18858562027421366
1731802529.9104497;/app/bags/user95_2017-02-24.bag;0.834065854549408;0.0;0.9619645476341248;0.0;3.6903359844713712;0.8114143797257863;0.18858562027421366
1731802530.1103773;/app/bags/user95_2017-02-24.bag;0.834065854549408;0.0;0.9619645476341248;0.0;3.6903359844713712;0.8114143797257863;0.18858562027421366
1731802530.310409;/app/bags/user95_2017-02-24.bag;0.834065854549408;0.0;0.9619645476341248;0.0;3.6903359844713712;0.8114143797257863;0.18858562027421366
1731802530.5103984;/app/bags/user95_2017-02-24.bag;0.834065854549408;0.0;0.9619645476341248;0.0;3.6903359844713712;0.8114143797257863;0.18858562027421366
1731802530.7103992;/app/bags/user95_2017-02-24.bag;0.834065854549408;0.0;0.9619645476341248;0.0;3.6903359844713712;0.8114143797257863;0.18858562027421366
1731802530.9104543;/app/bags/user95_2017-02-24.bag;0.834065854549408;0.0;0.9619645476341248;0.0;3.6903359844713712;0.8114143797257863;0.18858562027421366
1731802531.1103785;/app/bags/user95_2017-02-24.bag;0.834065854549408;0.0;0.9619645476341248;0.0;3.6903359844713712;0.8114143797257863;0.18858562027421366
1731802531.3104098;/app/bags/user95_2017-02-24.bag;0.834065854549408;0.0;0.9619645476341248;0.0;3.6903359844713712;0.8114143797257863;0.18858562027421366
1731802531.5104148;/app/bags/user95_2017-02-24.bag;0.834065854549408;0.0;0.9619645476341248;0.0;3.6903359844713712;0.8114143797257863;0.18858562027421366
1731802531.7103884;/app/bags/user95_2017-02-24.bag;0.834065854549408;0.0;0.9619645476341248;0.0;3.6903359844713712;0.8114143797257863;0.18858562027421366
1731802531.9105282;/app/bags/user95_2017-02-24.bag;0.834065854549408;0.0;0.9619645476341248;0.0;3.6903359844713712;0.8114143797257863;0.18858562027421366
1731802532.1104918;/app/bags/user95_2017-02-24.bag;0.834065854549408;0.0;0.9619645476341248;0.0;3.6903359844713712;0.8114143797257863;0.18858562027421366
1731802532.3104212;/app/bags/user95_2017-02-24.bag;0.834065854549408;0.0;0.9619645476341248;0.0;3.6903359844713712;0.8114143797257863;0.18858562027421366
1731802532.5104446;/app/bags/user95_2017-02-24.bag;0.834065854549408;0.0;0.9619645476341248;0.0;3.6903359844713712;0.8114143797257863;0.18858562027421366
1731802532.7104192;/app/bags/user95_2017-02-24.bag;0.834065854549408;0.0;0.9619645476341248;0.0;3.6903359844713712;0.8114143797257863;0.18858562027421366
1731802532.9103887;/app/bags/user95_2017-02-24.bag;0.834065854549408;0.0;0.9619645476341248;0.0;3.6903359844713712;0.8114143797257863;0.18858562027421366
1731802533.110514;/app/bags/user95_2017-02-24.bag;0.834065854549408;0.0;0.9619645476341248;0.0;3.6903359844713712;0.8114143797257863;0.18858562027421366
1731802533.3104577;/app/bags/user95_2017-02-24.bag;0.834065854549408;0.0;0.9619645476341248;0.0;3.6903359844713712;0.8114143797257863;0.18858562027421366
1731802533.5104246;/app/bags/user95_2017-02-24.bag;0.834065854549408;0.0;0.9619645476341248;0.0;3.6903359844713712;0.8114143797257863;0.18858562027421366
1731802533.710387;/app/bags/user95_2017-02-24.bag;0.834065854549408;0.0;0.9619645476341248;0.0;3.6903359844713712;0.8114143797257863;0.18858562027421366
1731802533.910531;/app/bags/user95_2017-02-24.bag;0.834065854549408;0.0;0.9619645476341248;0.0;3.6903359844713712;0.8114143797257863;0.18858562027421366
1731802534.110409;/app/bags/user95_2017-02-24.bag;0.834065854549408;0.0;0.9619645476341248;0.0;3.6903359844713712;0.8114143797257863;0.18858562027421366
1731802534.3103988;/app/bags/user95_2017-02-24.bag;0.834065854549408;0.0;0.9619645476341248;0.0;3.6903359844713712;0.8114143797257863;0.18858562027421366
1731802534.5103924;/app/bags/user95_2017-02-24.bag;0.834065854549408;0.0;0.9619645476341248;0.0;3.6903359844713712;0.8114143797257863;0.18858562027421366
1731802534.710423;/app/bags/user95_2017-02-24.bag;0.834065854549408;0.0;0.9619645476341248;0.0;3.6903359844713712;0.8114143797257863;0.18858562027421366
1731802534.9104736;/app/bags/user95_2017-02-24.bag;0.834065854549408;0.0;0.9619645476341248;0.0;3.6903359844713712;0.8114143797257863;0.18858562027421366
1731802535.1104138;/app/bags/user95_2017-02-24.bag;0.834065854549408;0.0;0.9619645476341248;0.0;3.6903359844713712;0.8114143797257863;0.18858562027421366
1731802535.3104396;/app/bags/user95_2017-02-24.bag;0.834065854549408;0.0;0.9619645476341248;0.0;3.6903359844713712;0.8114143797257863;0.18858562027421366
1731802535.5104508;/app/bags/user95_2017-02-24.bag;0.834065854549408;0.0;0.9619645476341248;0.0;3.6903359844713712;0.8114143797257863;0.18858562027421366
1731802535.710361;/app/bags/user95_2017-02-24.bag;0.834065854549408;0.0;0.9619645476341248;0.0;3.6903359844713712;0.8114143797257863;0.18858562027421366
1731802535.9103663;/app/bags/user95_2017-02-24.bag;0.834065854549408;0.0;0.9619645476341248;0.0;3.6903359844713712;0.8114143797257863;0.18858562027421366
1731802536.1104453;/app/bags/user95_2017-02-24.bag;0.834065854549408;0.0;0.9619645476341248;0.0;3.6903359844713712;0.8114143797257863;0.18858562027421366
1731802536.3103936;/app/bags/user95_2017-02-24.bag;0.834065854549408;0.0;0.9619645476341248;0.0;3.6903359844713712;0.8114143797257863;0.18858562027421366
1731802536.5103962;/app/bags/user95_2017-02-24.bag;0.834065854549408;0.0;0.9619645476341248;0.0;3.6903359844713712;0.8114143797257863;0.18858562027421366
1731802536.7103608;/app/bags/user95_2017-02-24.bag;0.834065854549408;0.0;0.9619645476341248;0.0;3.6903359844713712;0.8114143797257863;0.18858562027421366
1731802536.9104614;/app/bags/user95_2017-02-24.bag;0.834065854549408;0.0;0.9619645476341248;0.0;3.6903359844713712;0.8114143797257863;0.18858562027421366
1731802537.1103778;/app/bags/user95_2017-02-24.bag;0.834065854549408;0.0;0.9619645476341248;0.0;3.6903359844713712;0.8114143797257863;0.18858562027421366
1731802537.3103828;/app/bags/user95_2017-02-24.bag;0.834065854549408;0.0;0.9619645476341248;0.0;3.6903359844713712;0.8114143797257863;0.18858562027421366
1731802537.5104098;/app/bags/user95_2017-02-24.bag;0.834065854549408;0.0;0.9619645476341248;0.0;3.6903359844713712;0.8114143797257863;0.18858562027421366
1731802537.7103865;/app/bags/user95_2017-02-24.bag;0.834065854549408;0.0;0.9619645476341248;0.0;3.6903359844713712;0.8114143797257863;0.18858562027421366
1731802537.910431;/app/bags/user95_2017-02-24.bag;0.834065854549408;0.0;0.9619645476341248;0.0;3.6903359844713712;0.8114143797257863;0.18858562027421366
1731802538.110403;/app/bags/user95_2017-02-24.bag;0.834065854549408;0.0;0.9619645476341248;0.0;3.6903359844713712;0.8114143797257863;0.18858562027421366
1731802538.3106222;/app/bags/user95_2017-02-24.bag;0.834065854549408;0.0;0.9619645476341248;0.0;3.6903359844713712;0.8114143797257863;0.18858562027421366
1731802538.5103807;/app/bags/user95_2017-02-24.bag;0.834065854549408;0.0;0.9619645476341248;0.0;3.6903359844713712;0.8114143797257863;0.18858562027421366
1731802538.7103856;/app/bags/user95_2017-02-24.bag;0.834065854549408;0.0;0.9619645476341248;0.0;3.6903359844713712;0.8114143797257863;0.18858562027421366
1731802538.9104104;/app/bags/user95_2017-02-24.bag;0.834065854549408;0.0;0.9619645476341248;0.0;3.6903359844713712;0.8114143797257863;0.18858562027421366
1731802539.1104195;/app/bags/user95_2017-02-24.bag;0.834065854549408;0.0;0.9619645476341248;0.0;3.6903359844713712;0.8114143797257863;0.18858562027421366
1731802539.3104606;/app/bags/user95_2017-02-24.bag;0.834065854549408;0.0;0.9619645476341248;0.0;3.6903359844713712;0.8114143797257863;0.18858562027421366
1731802539.5103993;/app/bags/user95_2017-02-24.bag;0.834065854549408;0.0;0.9619645476341248;0.0;3.6903359844713712;0.8114143797257863;0.18858562027421366
1731802539.7105098;/app/bags/user95_2017-02-24.bag;0.834065854549408;0.0;0.9619645476341248;0.0;3.6903359844713712;0.8114143797257863;0.18858562027421366
1731802539.9103808;/app/bags/user95_2017-02-24.bag;0.834065854549408;0.0;0.9619645476341248;0.0;3.6903359844713712;0.8114143797257863;0.18858562027421366
1731802540.1104722;/app/bags/user95_2017-02-24.bag;0.834065854549408;0.0;0.9619645476341248;0.0;3.6903359844713712;0.8114143797257863;0.18858562027421366
1731802540.310375;/app/bags/user95_2017-02-24.bag;0.834065854549408;0.0;0.9619645476341248;0.0;3.6903359844713712;0.8114143797257863;0.18858562027421366
1731802540.510389;/app/bags/user95_2017-02-24.bag;0.834065854549408;0.0;0.9619645476341248;0.0;3.6903359844713712;0.8114143797257863;0.18858562027421366
1731802540.710411;/app/bags/user95_2017-02-24.bag;0.834065854549408;0.0;0.9619645476341248;0.0;3.6903359844713712;0.8114143797257863;0.18858562027421366
1731802540.9103768;/app/bags/user95_2017-02-24.bag;0.834065854549408;0.0;0.9619645476341248;0.0;3.6903359844713712;0.8114143797257863;0.18858562027421366
1731802541.110347;/app/bags/user95_2017-02-24.bag;0.834065854549408;0.0;0.9619645476341248;0.0;3.6903359844713712;0.8114143797257863;0.18858562027421366
1731802541.3104484;/app/bags/user95_2017-02-24.bag;0.834065854549408;0.0;0.9619645476341248;0.0;3.6903359844713712;0.8114143797257863;0.18858562027421366
1731802541.510428;/app/bags/user95_2017-02-24.bag;0.834065854549408;0.0;0.9619645476341248;0.0;3.6903359844713712;0.8114143797257863;0.18858562027421366
1731802541.710408;/app/bags/user95_2017-02-24.bag;0.834065854549408;0.0;0.9619645476341248;0.0;3.6903359844713712;0.8114143797257863;0.18858562027421366
1731802541.9103723;/app/bags/user95_2017-02-24.bag;0.834065854549408;0.0;0.9619645476341248;0.0;3.6903359844713712;0.8114143797257863;0.18858562027421366
1731802542.110403;/app/bags/user95_2017-02-24.bag;0.834065854549408;0.0;0.9619645476341248;0.0;3.6903359844713712;0.8114143797257863;0.18858562027421366
1731802542.3104422;/app/bags/user95_2017-02-24.bag;0.834065854549408;0.0;0.9619645476341248;0.0;3.6903359844713712;0.8114143797257863;0.18858562027421366
1731802542.5104423;/app/bags/user95_2017-02-24.bag;0.834065854549408;0.0;0.9619645476341248;0.0;3.6903359844713712;0.8114143797257863;0.18858562027421366
1731802542.710344;/app/bags/user95_2017-02-24.bag;0.834065854549408;0.0;0.9619645476341248;0.0;3.6903359844713712;0.8114143797257863;0.18858562027421366
1731802542.910509;/app/bags/user95_2017-02-24.bag;0.834065854549408;0.0;0.9619645476341248;0.0;3.6903359844713712;0.8114143797257863;0.18858562027421366
1731802543.1103592;/app/bags/user95_2017-02-24.bag;0.834065854549408;0.0;0.9619645476341248;0.0;3.6903359844713712;0.8114143797257863;0.18858562027421366
1731802543.3103757;/app/bags/user95_2017-02-24.bag;0.834065854549408;0.0;0.9619645476341248;0.0;3.6903359844713712;0.8114143797257863;0.18858562027421366
1731802543.5103974;/app/bags/user95_2017-02-24.bag;0.834065854549408;0.0;0.9619645476341248;0.0;3.6903359844713712;0.8114143797257863;0.18858562027421366
1731802543.7104127;/app/bags/user95_2017-02-24.bag;0.834065854549408;0.0;0.9619645476341248;0.0;3.6903359844713712;0.8114143797257863;0.18858562027421366
1731802543.9105005;/app/bags/user95_2017-02-24.bag;0.834065854549408;0.0;0.9619645476341248;0.0;3.6903359844713712;0.8114143797257863;0.18858562027421366
1731802544.1104066;/app/bags/user95_2017-02-24.bag;0.834065854549408;0.0;0.9619645476341248;0.0;3.6903359844713712;0.8114143797257863;0.18858562027421366
1731802544.3103693;/app/bags/user95_2017-02-24.bag;0.834065854549408;0.0;0.9619645476341248;0.0;3.6903359844713712;0.8114143797257863;0.18858562027421366
1731802544.5104008;/app/bags/user95_2017-02-24.bag;0.834065854549408;0.0;0.9619645476341248;0.0;3.6903359844713712;0.8114143797257863;0.18858562027421366
1731802544.710425;/app/bags/user95_2017-02-24.bag;0.834065854549408;0.0;0.9619645476341248;0.0;3.6903359844713712;0.8114143797257863;0.18858562027421366
1731802544.9103968;/app/bags/user95_2017-02-24.bag;0.834065854549408;0.0;0.9619645476341248;0.0;3.6903359844713712;0.8114143797257863;0.18858562027421366
1731802545.11038;/app/bags/user95_2017-02-24.bag;0.834065854549408;0.0;0.9619645476341248;0.0;3.6903359844713712;0.8114143797257863;0.18858562027421366
1731802545.3103836;/app/bags/user95_2017-02-24.bag;0.834065854549408;0.0;0.9619645476341248;0.0;3.6903359844713712;0.8114143797257863;0.18858562027421366
1731802545.5103946;/app/bags/user95_2017-02-24.bag;0.834065854549408;0.0;0.9619645476341248;0.0;3.6903359844713712;0.8114143797257863;0.18858562027421366
1731802545.7104042;/app/bags/user95_2017-02-24.bag;0.834065854549408;0.0;0.9619645476341248;0.0;3.6903359844713712;0.8114143797257863;0.18858562027421366
1731802545.9104006;/app/bags/user95_2017-02-24.bag;0.834065854549408;0.0;0.9619645476341248;0.0;3.6903359844713712;0.8114143797257863;0.18858562027421366
1731802546.1103718;/app/bags/user95_2017-02-24.bag;0.834065854549408;0.0;0.9619645476341248;0.0;3.6903359844713712;0.8114143797257863;0.18858562027421366
1731802546.3104043;/app/bags/user95_2017-02-24.bag;0.834065854549408;0.0;0.9619645476341248;0.0;3.6903359844713712;0.8114143797257863;0.18858562027421366
1731802546.5104306;/app/bags/user95_2017-02-24.bag;0.834065854549408;0.0;0.9619645476341248;0.0;3.6903359844713712;0.8114143797257863;0.18858562027421366
1731802546.710405;/app/bags/user95_2017-02-24.bag;0.834065854549408;0.0;0.9619645476341248;0.0;3.6903359844713712;0.8114143797257863;0.18858562027421366
1731802546.9104083;/app/bags/user95_2017-02-24.bag;0.834065854549408;0.0;0.9619645476341248;0.0;3.6903359844713712;0.8114143797257863;0.18858562027421366
1731802547.1104727;/app/bags/user95_2017-02-24.bag;0.834065854549408;0.0;0.9619645476341248;0.0;3.6903359844713712;0.8114143797257863;0.18858562027421366
1731802547.3104432;/app/bags/user95_2017-02-24.bag;0.834065854549408;0.0;0.9619645476341248;0.0;3.6903359844713712;0.8114143797257863;0.18858562027421366
1731802547.5103836;/app/bags/user95_2017-02-24.bag;0.834065854549408;0.0;0.9619645476341248;0.0;3.6903359844713712;0.8114143797257863;0.18858562027421366
1731802547.7103927;/app/bags/user95_2017-02-24.bag;0.834065854549408;0.0;0.9619645476341248;0.0;3.6903359844713712;0.8114143797257863;0.18858562027421366
1731802547.9103684;/app/bags/user95_2017-02-24.bag;0.834065854549408;0.0;0.9619645476341248;0.0;3.6903359844713712;0.8114143797257863;0.18858562027421366
1731802548.1106687;/app/bags/user95_2017-02-24.bag;0.834065854549408;0.0;0.9619645476341248;0.0;3.6903359844713712;0.8114143797257863;0.18858562027421366
1731802548.3105958;/app/bags/user95_2017-02-24.bag;0.834065854549408;0.0;0.9619645476341248;0.0;3.6903359844713712;0.8114143797257863;0.18858562027421366
1731802548.5104334;/app/bags/user95_2017-02-24.bag;0.834065854549408;0.0;0.9619645476341248;0.0;3.6903359844713712;0.8114143797257863;0.18858562027421366
1731802548.7104268;/app/bags/user95_2017-02-24.bag;0.834065854549408;0.0;0.9619645476341248;0.0;3.6903359844713712;0.8114143797257863;0.18858562027421366
1731802548.9103577;/app/bags/user95_2017-02-24.bag;0.834065854549408;0.0;0.9619645476341248;0.0;3.6903359844713712;0.8114143797257863;0.18858562027421366
1731802549.1122313;/app/bags/user95_2017-02-24.bag;0.834065854549408;0.0;0.9619645476341248;0.0;3.6903359844713712;0.8114143797257863;0.18858562027421366
1731802549.310421;/app/bags/user95_2017-02-24.bag;0.834065854549408;0.0;0.9619645476341248;0.0;3.6903359844713712;0.8114143797257863;0.18858562027421366
1731802549.5103824;/app/bags/user95_2017-02-24.bag;0.834065854549408;0.0;0.9619645476341248;0.0;3.6903359844713712;0.8114143797257863;0.18858562027421366
1731802549.710507;/app/bags/user95_2017-02-24.bag;0.834065854549408;0.0;0.9619645476341248;0.0;3.6903359844713712;0.8114143797257863;0.18858562027421366
1731802549.9104002;/app/bags/user95_2017-02-24.bag;0.834065854549408;0.0;0.9619645476341248;0.0;3.6903359844713712;0.8114143797257863;0.18858562027421366
1731802550.1104434;/app/bags/user95_2017-02-24.bag;0.834065854549408;0.0;0.9619645476341248;0.0;3.6903359844713712;0.8114143797257863;0.18858562027421366
1731802550.3103926;/app/bags/user95_2017-02-24.bag;0.834065854549408;0.0;0.9619645476341248;0.0;3.6903359844713712;0.8114143797257863;0.18858562027421366
1731802550.5103908;/app/bags/user95_2017-02-24.bag;0.834065854549408;0.0;0.9619645476341248;0.0;3.6903359844713712;0.8114143797257863;0.18858562027421366
1731802550.7105486;/app/bags/user95_2017-02-24.bag;0.834065854549408;0.0;0.9619645476341248;0.0;3.6903359844713712;0.8114143797257863;0.18858562027421366
1731802550.9103909;/app/bags/user95_2017-02-24.bag;0.834065854549408;0.0;0.9619645476341248;0.0;3.6903359844713712;0.8114143797257863;0.18858562027421366
1731802551.110375;/app/bags/user95_2017-02-24.bag;0.834065854549408;0.0;0.9619645476341248;0.0;3.6903359844713712;0.8114143797257863;0.18858562027421366
1731802551.310378;/app/bags/user95_2017-02-24.bag;0.834065854549408;0.0;0.9619645476341248;0.0;3.6903359844713712;0.8114143797257863;0.18858562027421366
1731802551.510362;/app/bags/user95_2017-02-24.bag;0.834065854549408;0.0;0.9619645476341248;0.0;3.6903359844713712;0.8114143797257863;0.18858562027421366
1731802551.7103913;/app/bags/user95_2017-02-24.bag;0.834065854549408;0.0;0.9619645476341248;0.0;3.6903359844713712;0.8114143797257863;0.18858562027421366
1731802551.9104016;/app/bags/user95_2017-02-24.bag;0.834065854549408;0.0;0.9619645476341248;0.0;3.6903359844713712;0.8114143797257863;0.18858562027421366
1731802552.110389;/app/bags/user95_2017-02-24.bag;0.834065854549408;0.0;0.9619645476341248;0.0;3.6903359844713712;0.8114143797257863;0.18858562027421366
1731802552.3103771;/app/bags/user95_2017-02-24.bag;0.834065854549408;0.0;0.9619645476341248;0.0;3.6903359844713712;0.8114143797257863;0.18858562027421366
1731802552.5104203;/app/bags/user95_2017-02-24.bag;0.834065854549408;0.0;0.9619645476341248;0.0;3.6903359844713712;0.8114143797257863;0.18858562027421366
1731802552.7103841;/app/bags/user95_2017-02-24.bag;0.834065854549408;0.0;0.9619645476341248;0.0;3.6903359844713712;0.8114143797257863;0.18858562027421366
1731802552.910379;/app/bags/user95_2017-02-24.bag;0.834065854549408;0.0;0.9619645476341248;0.0;3.6903359844713712;0.8114143797257863;0.18858562027421366
1731802553.1103883;/app/bags/user95_2017-02-24.bag;0.834065854549408;0.0;0.9619645476341248;0.0;3.6903359844713712;0.8114143797257863;0.18858562027421366
1731802553.310426;/app/bags/user95_2017-02-24.bag;0.834065854549408;0.0;0.9619645476341248;0.0;3.6903359844713712;0.8114143797257863;0.18858562027421366
1731802553.5103989;/app/bags/user95_2017-02-24.bag;0.834065854549408;0.0;0.9619645476341248;0.0;3.6903359844713712;0.8114143797257863;0.18858562027421366
1731802553.7103589;/app/bags/user95_2017-02-24.bag;0.834065854549408;0.0;0.9619645476341248;0.0;3.6903359844713712;0.8114143797257863;0.18858562027421366
1731802553.91037;/app/bags/user95_2017-02-24.bag;0.834065854549408;0.0;0.9619645476341248;0.0;3.6903359844713712;0.8114143797257863;0.18858562027421366
1731802554.1104283;/app/bags/user95_2017-02-24.bag;0.834065854549408;0.0;0.9619645476341248;0.0;3.6903359844713712;0.8114143797257863;0.18858562027421366
1731802554.3104384;/app/bags/user95_2017-02-24.bag;0.834065854549408;0.0;0.9619645476341248;0.0;3.6903359844713712;0.8114143797257863;0.18858562027421366
1731802554.5104196;/app/bags/user95_2017-02-24.bag;0.834065854549408;0.0;0.9619645476341248;0.0;3.6903359844713712;0.8114143797257863;0.18858562027421366
1731802554.7103517;/app/bags/user95_2017-02-24.bag;0.834065854549408;0.0;0.9619645476341248;0.0;3.6903359844713712;0.8114143797257863;0.18858562027421366
1731802554.910362;/app/bags/user95_2017-02-24.bag;0.834065854549408;0.0;0.9619645476341248;0.0;3.6903359844713712;0.8114143797257863;0.18858562027421366
1731802555.110431;/app/bags/user95_2017-02-24.bag;0.834065854549408;0.0;0.9619645476341248;0.0;3.6903359844713712;0.8114143797257863;0.18858562027421366
1731802555.310394;/app/bags/user95_2017-02-24.bag;0.834065854549408;0.0;0.9619645476341248;0.0;3.6903359844713712;0.8114143797257863;0.18858562027421366
1731802555.5104105;/app/bags/user95_2017-02-24.bag;0.834065854549408;0.0;0.9619645476341248;0.0;3.6903359844713712;0.8114143797257863;0.18858562027421366
1731802555.710392;/app/bags/user95_2017-02-24.bag;0.834065854549408;0.0;0.9619645476341248;0.0;3.6903359844713712;0.8114143797257863;0.18858562027421366
1731802555.9103894;/app/bags/user95_2017-02-24.bag;0.834065854549408;0.0;0.9619645476341248;0.0;3.6903359844713712;0.8114143797257863;0.18858562027421366
1731802556.110413;/app/bags/user95_2017-02-24.bag;0.834065854549408;0.0;0.9619645476341248;0.0;3.6903359844713712;0.8114143797257863;0.18858562027421366
1731802556.3104167;/app/bags/user95_2017-02-24.bag;0.834065854549408;0.0;0.9619645476341248;0.0;3.6903359844713712;0.8114143797257863;0.18858562027421366
1731802556.5103858;/app/bags/user95_2017-02-24.bag;0.834065854549408;0.0;0.9619645476341248;0.0;3.6903359844713712;0.8114143797257863;0.18858562027421366
1731802556.7104392;/app/bags/user95_2017-02-24.bag;0.834065854549408;0.0;0.9619645476341248;0.0;3.6903359844713712;0.8114143797257863;0.18858562027421366
1731802556.9103687;/app/bags/user95_2017-02-24.bag;0.834065854549408;0.0;0.9619645476341248;0.0;3.6903359844713712;0.8114143797257863;0.18858562027421366
1731802557.1104143;/app/bags/user95_2017-02-24.bag;0.834065854549408;0.0;0.9619645476341248;0.0;3.6903359844713712;0.8114143797257863;0.18858562027421366
1731802557.3104067;/app/bags/user95_2017-02-24.bag;0.834065854549408;0.0;0.9619645476341248;0.0;3.6903359844713712;0.8114143797257863;0.18858562027421366
1731802557.5104954;/app/bags/user95_2017-02-24.bag;0.834065854549408;0.0;0.9619645476341248;0.0;3.6903359844713712;0.8114143797257863;0.18858562027421366
1731802557.7104495;/app/bags/user95_2017-02-24.bag;0.834065854549408;0.0;0.9619645476341248;0.0;3.6903359844713712;0.8114143797257863;0.18858562027421366
1731802557.9103563;/app/bags/user95_2017-02-24.bag;0.834065854549408;0.0;0.9619645476341248;0.0;3.6903359844713712;0.8114143797257863;0.18858562027421366
1731802558.11034;/app/bags/user95_2017-02-24.bag;0.834065854549408;0.0;0.9619645476341248;0.0;3.6903359844713712;0.8114143797257863;0.18858562027421366
1731802558.3105307;/app/bags/user95_2017-02-24.bag;0.834065854549408;0.0;0.9619645476341248;0.0;3.6903359844713712;0.8114143797257863;0.18858562027421366
1731802558.510425;/app/bags/user95_2017-02-24.bag;0.834065854549408;0.0;0.9619645476341248;0.0;3.6903359844713712;0.8114143797257863;0.18858562027421366
1731802558.7104952;/app/bags/user95_2017-02-24.bag;0.834065854549408;0.0;0.9619645476341248;0.0;3.6903359844713712;0.8114143797257863;0.18858562027421366
1731802558.9103575;/app/bags/user95_2017-02-24.bag;0.834065854549408;0.0;0.9619645476341248;0.0;3.6903359844713712;0.8114143797257863;0.18858562027421366
1731802559.1103773;/app/bags/user95_2017-02-24.bag;0.834065854549408;0.0;0.9619645476341248;0.0;3.6903359844713712;0.8114143797257863;0.18858562027421366
1731802559.3103912;/app/bags/user95_2017-02-24.bag;0.834065854549408;0.0;0.9619645476341248;0.0;3.6903359844713712;0.8114143797257863;0.18858562027421366
1731802559.5104;/app/bags/user95_2017-02-24.bag;0.834065854549408;0.0;0.9619645476341248;0.0;3.6903359844713712;0.8114143797257863;0.18858562027421366
1731802559.7103848;/app/bags/user95_2017-02-24.bag;0.834065854549408;0.0;0.9619645476341248;0.0;3.6903359844713712;0.8114143797257863;0.18858562027421366
1731802559.9103723;/app/bags/user95_2017-02-24.bag;0.834065854549408;0.0;0.9619645476341248;0.0;3.6903359844713712;0.8114143797257863;0.18858562027421366
1731802560.110397;/app/bags/user95_2017-02-24.bag;0.834065854549408;0.0;0.9619645476341248;0.0;3.6903359844713712;0.8114143797257863;0.18858562027421366
1731802560.310369;/app/bags/user95_2017-02-24.bag;0.834065854549408;0.0;0.9619645476341248;0.0;3.6903359844713712;0.8114143797257863;0.18858562027421366
1731802560.5104308;/app/bags/user95_2017-02-24.bag;0.834065854549408;0.0;0.9619645476341248;0.0;3.6903359844713712;0.8114143797257863;0.18858562027421366
1731802560.7105927;/app/bags/user95_2017-02-24.bag;0.834065854549408;0.0;0.9619645476341248;0.0;3.6903359844713712;0.8114143797257863;0.18858562027421366
1731802560.9104245;/app/bags/user95_2017-02-24.bag;0.834065854549408;0.0;0.9619645476341248;0.0;3.6903359844713712;0.8114143797257863;0.18858562027421366
1731802561.1104164;/app/bags/user95_2017-02-24.bag;0.834065854549408;0.0;0.9619645476341248;0.0;3.6903359844713712;0.8114143797257863;0.18858562027421366
1731802561.3103678;/app/bags/user95_2017-02-24.bag;0.834065854549408;0.0;0.9619645476341248;0.0;3.6903359844713712;0.8114143797257863;0.18858562027421366
1731802561.5103707;/app/bags/user95_2017-02-24.bag;0.834065854549408;0.0;0.9619645476341248;0.0;3.6903359844713712;0.8114143797257863;0.18858562027421366
1731802561.7103863;/app/bags/user95_2017-02-24.bag;0.834065854549408;0.0;0.9619645476341248;0.0;3.6903359844713712;0.8114143797257863;0.18858562027421366
1731802561.9104238;/app/bags/user95_2017-02-24.bag;0.834065854549408;0.0;0.9619645476341248;0.0;3.6903359844713712;0.8114143797257863;0.18858562027421366
1731802562.1104665;/app/bags/user95_2017-02-24.bag;0.834065854549408;0.0;0.9619645476341248;0.0;3.6903359844713712;0.8114143797257863;0.18858562027421366
1731802562.3103757;/app/bags/user95_2017-02-24.bag;0.834065854549408;0.0;0.9619645476341248;0.0;3.6903359844713712;0.8114143797257863;0.18858562027421366
1731802562.5104954;/app/bags/user95_2017-02-24.bag;0.834065854549408;0.0;0.9619645476341248;0.0;3.6903359844713712;0.8114143797257863;0.18858562027421366
1731802562.7104247;/app/bags/user95_2017-02-24.bag;0.834065854549408;0.0;0.9619645476341248;0.0;3.6903359844713712;0.8114143797257863;0.18858562027421366
1731802562.9103868;/app/bags/user95_2017-02-24.bag;0.834065854549408;0.0;0.9619645476341248;0.0;3.6903359844713712;0.8114143797257863;0.18858562027421366
1731802563.1103733;/app/bags/user95_2017-02-24.bag;0.834065854549408;0.0;0.9619645476341248;0.0;3.6903359844713712;0.8114143797257863;0.18858562027421366
1731802563.3104188;/app/bags/user95_2017-02-24.bag;0.834065854549408;0.0;0.9619645476341248;0.0;3.6903359844713712;0.8114143797257863;0.18858562027421366
1731802563.5103455;/app/bags/user95_2017-02-24.bag;0.834065854549408;0.0;0.9619645476341248;0.0;3.6903359844713712;0.8114143797257863;0.18858562027421366
1731802563.710463;/app/bags/user95_2017-02-24.bag;0.834065854549408;0.0;0.9619645476341248;0.0;3.6903359844713712;0.8114143797257863;0.18858562027421366
1731802563.910394;/app/bags/user95_2017-02-24.bag;0.834065854549408;0.0;0.9619645476341248;0.0;3.6903359844713712;0.8114143797257863;0.18858562027421366
1731802564.1103957;/app/bags/user95_2017-02-24.bag;0.834065854549408;0.0;0.9619645476341248;0.0;3.6903359844713712;0.8114143797257863;0.18858562027421366
1731802564.3104155;/app/bags/user95_2017-02-24.bag;0.834065854549408;0.0;0.9619645476341248;0.0;3.6903359844713712;0.8114143797257863;0.18858562027421366
1731802564.5104308;/app/bags/user95_2017-02-24.bag;0.834065854549408;0.0;0.9619645476341248;0.0;3.6903359844713712;0.8114143797257863;0.18858562027421366
1731802564.7104566;/app/bags/user95_2017-02-24.bag;0.834065854549408;0.0;0.9619645476341248;0.0;3.6903359844713712;0.8114143797257863;0.18858562027421366
1731802564.9105403;/app/bags/user95_2017-02-24.bag;0.834065854549408;0.0;0.9619645476341248;0.0;3.6903359844713712;0.8114143797257863;0.18858562027421366
1731802565.110398;/app/bags/user95_2017-02-24.bag;0.834065854549408;0.0;0.9619645476341248;0.0;3.6903359844713712;0.8114143797257863;0.18858562027421366
1731802565.3103783;/app/bags/user95_2017-02-24.bag;0.834065854549408;0.0;0.9619645476341248;0.0;3.6903359844713712;0.8114143797257863;0.18858562027421366
1731802565.5103433;/app/bags/user95_2017-02-24.bag;0.834065854549408;0.0;0.9619645476341248;0.0;3.6903359844713712;0.8114143797257863;0.18858562027421366
1731802565.7103713;/app/bags/user95_2017-02-24.bag;0.834065854549408;0.0;0.9619645476341248;0.0;3.6903359844713712;0.8114143797257863;0.18858562027421366
1731802565.9104404;/app/bags/user95_2017-02-24.bag;0.834065854549408;0.0;0.9619645476341248;0.0;3.6903359844713712;0.8114143797257863;0.18858562027421366
1731802566.1104867;/app/bags/user95_2017-02-24.bag;0.834065854549408;0.0;0.9619645476341248;0.0;3.6903359844713712;0.8114143797257863;0.18858562027421366
1731802566.3103795;/app/bags/user95_2017-02-24.bag;0.834065854549408;0.0;0.9619645476341248;0.0;3.6903359844713712;0.8114143797257863;0.18858562027421366
1731802566.510438;/app/bags/user95_2017-02-24.bag;0.834065854549408;0.0;0.9619645476341248;0.0;3.6903359844713712;0.8114143797257863;0.18858562027421366
1731802566.7104177;/app/bags/user95_2017-02-24.bag;0.834065854549408;0.0;0.9619645476341248;0.0;3.6903359844713712;0.8114143797257863;0.18858562027421366
1731802566.9104066;/app/bags/user95_2017-02-24.bag;0.834065854549408;0.0;0.9619645476341248;0.0;3.6903359844713712;0.8114143797257863;0.18858562027421366
1731802567.110381;/app/bags/user95_2017-02-24.bag;0.834065854549408;0.0;0.9619645476341248;0.0;3.6903359844713712;0.8114143797257863;0.18858562027421366
1731802567.3104022;/app/bags/user95_2017-02-24.bag;0.834065854549408;0.0;0.9619645476341248;0.0;3.6903359844713712;0.8114143797257863;0.18858562027421366
1731802567.510546;/app/bags/user95_2017-02-24.bag;0.834065854549408;0.0;0.9619645476341248;0.0;3.6903359844713712;0.8114143797257863;0.18858562027421366
1731802567.710391;/app/bags/user95_2017-02-24.bag;0.834065854549408;0.0;0.9619645476341248;0.0;3.6903359844713712;0.8114143797257863;0.18858562027421366
1731802567.910374;/app/bags/user95_2017-02-24.bag;0.834065854549408;0.0;0.9619645476341248;0.0;3.6903359844713712;0.8114143797257863;0.18858562027421366
1731802568.1104772;/app/bags/user95_2017-02-24.bag;0.834065854549408;0.0;0.9619645476341248;0.0;3.6903359844713712;0.8114143797257863;0.18858562027421366
1731802568.3103786;/app/bags/user95_2017-02-24.bag;0.834065854549408;0.0;0.9619645476341248;0.0;3.6903359844713712;0.8114143797257863;0.18858562027421366
1731802568.510392;/app/bags/user95_2017-02-24.bag;0.834065854549408;0.0;0.9619645476341248;0.0;3.6903359844713712;0.8114143797257863;0.18858562027421366
1731802568.7103655;/app/bags/user95_2017-02-24.bag;0.834065854549408;0.0;0.9619645476341248;0.0;3.6903359844713712;0.8114143797257863;0.18858562027421366
1731802568.9103868;/app/bags/user95_2017-02-24.bag;0.834065854549408;0.0;0.9619645476341248;0.0;3.6903359844713712;0.8114143797257863;0.18858562027421366
1731802569.1103563;/app/bags/user95_2017-02-24.bag;0.834065854549408;0.0;0.9619645476341248;0.0;3.6903359844713712;0.8114143797257863;0.18858562027421366
1731802569.310382;/app/bags/user95_2017-02-24.bag;0.834065854549408;0.0;0.9619645476341248;0.0;3.6903359844713712;0.8114143797257863;0.18858562027421366
1731802569.510457;/app/bags/user95_2017-02-24.bag;0.834065854549408;0.0;0.9619645476341248;0.0;3.6903359844713712;0.8114143797257863;0.18858562027421366
1731802569.7103882;/app/bags/user95_2017-02-24.bag;0.834065854549408;0.0;0.9619645476341248;0.0;3.6903359844713712;0.8114143797257863;0.18858562027421366
1731802569.9104013;/app/bags/user95_2017-02-24.bag;0.834065854549408;0.0;0.9619645476341248;0.0;3.6903359844713712;0.8114143797257863;0.18858562027421366
1731802570.1104088;/app/bags/user95_2017-02-24.bag;0.834065854549408;0.0;0.9619645476341248;0.0;3.6903359844713712;0.8114143797257863;0.18858562027421366
1731802570.310371;/app/bags/user95_2017-02-24.bag;0.834065854549408;0.0;0.9619645476341248;0.0;3.6903359844713712;0.8114143797257863;0.18858562027421366
1731802570.5103867;/app/bags/user95_2017-02-24.bag;0.834065854549408;0.0;0.9619645476341248;0.0;3.6903359844713712;0.8114143797257863;0.18858562027421366
1731802570.7103903;/app/bags/user95_2017-02-24.bag;0.834065854549408;0.0;0.9619645476341248;0.0;3.6903359844713712;0.8114143797257863;0.18858562027421366
1731802570.9103742;/app/bags/user95_2017-02-24.bag;0.834065854549408;0.0;0.9619645476341248;0.0;3.6903359844713712;0.8114143797257863;0.18858562027421366
1731802571.1103659;/app/bags/user95_2017-02-24.bag;0.834065854549408;0.0;0.9619645476341248;0.0;3.6903359844713712;0.8114143797257863;0.18858562027421366
1731802571.310386;/app/bags/user95_2017-02-24.bag;0.834065854549408;0.0;0.9619645476341248;0.0;3.6903359844713712;0.8114143797257863;0.18858562027421366
1731802571.5103855;/app/bags/user95_2017-02-24.bag;0.834065854549408;0.0;0.9619645476341248;0.0;3.6903359844713712;0.8114143797257863;0.18858562027421366
1731802571.7104957;/app/bags/user95_2017-02-24.bag;0.834065854549408;0.0;0.9619645476341248;0.0;3.6903359844713712;0.8114143797257863;0.18858562027421366
1731802571.9104137;/app/bags/user95_2017-02-24.bag;0.834065854549408;0.0;0.9619645476341248;0.0;3.6903359844713712;0.8114143797257863;0.18858562027421366
1731802572.110441;/app/bags/user95_2017-02-24.bag;0.834065854549408;0.0;0.9619645476341248;0.0;3.6903359844713712;0.8114143797257863;0.18858562027421366
1731802572.3103862;/app/bags/user95_2017-02-24.bag;0.834065854549408;0.0;0.9619645476341248;0.0;3.6903359844713712;0.8114143797257863;0.18858562027421366
1731802572.5104287;/app/bags/user95_2017-02-24.bag;0.834065854549408;0.0;0.9619645476341248;0.0;3.6903359844713712;0.8114143797257863;0.18858562027421366
1731802572.71037;/app/bags/user95_2017-02-24.bag;0.834065854549408;0.0;0.9619645476341248;0.0;3.6903359844713712;0.8114143797257863;0.18858562027421366
1731802572.9103918;/app/bags/user95_2017-02-24.bag;0.834065854549408;0.0;0.9619645476341248;0.0;3.6903359844713712;0.8114143797257863;0.18858562027421366
1731802573.1104023;/app/bags/user95_2017-02-24.bag;0.834065854549408;0.0;0.9619645476341248;0.0;3.6903359844713712;0.8114143797257863;0.18858562027421366
1731802573.3104303;/app/bags/user95_2017-02-24.bag;0.834065854549408;0.0;0.9619645476341248;0.0;3.6903359844713712;0.8114143797257863;0.18858562027421366
1731802573.510348;/app/bags/user95_2017-02-24.bag;0.834065854549408;0.0;0.9619645476341248;0.0;3.6903359844713712;0.8114143797257863;0.18858562027421366
1731802573.7103944;/app/bags/user95_2017-02-24.bag;0.834065854549408;0.0;0.9619645476341248;0.0;3.6903359844713712;0.8114143797257863;0.18858562027421366
1731802573.9103703;/app/bags/user95_2017-02-24.bag;0.834065854549408;0.0;0.9619645476341248;0.0;3.6903359844713712;0.8114143797257863;0.18858562027421366
1731802574.110344;/app/bags/user95_2017-02-24.bag;0.834065854549408;0.0;0.9619645476341248;0.0;3.6903359844713712;0.8114143797257863;0.18858562027421366
1731802574.3103647;/app/bags/user95_2017-02-24.bag;0.834065854549408;0.0;0.9619645476341248;0.0;3.6903359844713712;0.8114143797257863;0.18858562027421366
1731802574.510427;/app/bags/user95_2017-02-24.bag;0.834065854549408;0.0;0.9619645476341248;0.0;3.6903359844713712;0.8114143797257863;0.18858562027421366
1731802574.7103577;/app/bags/user95_2017-02-24.bag;0.834065854549408;0.0;0.9619645476341248;0.0;3.6903359844713712;0.8114143797257863;0.18858562027421366
1731802574.9103873;/app/bags/user95_2017-02-24.bag;0.834065854549408;0.0;0.9619645476341248;0.0;3.6903359844713712;0.8114143797257863;0.18858562027421366
1731802575.1103818;/app/bags/user95_2017-02-24.bag;0.834065854549408;0.0;0.9619645476341248;0.0;3.6903359844713712;0.8114143797257863;0.18858562027421366
1731802575.3103862;/app/bags/user95_2017-02-24.bag;0.834065854549408;0.0;0.9619645476341248;0.0;3.6903359844713712;0.8114143797257863;0.18858562027421366
1731802575.510419;/app/bags/user95_2017-02-24.bag;0.834065854549408;0.0;0.9619645476341248;0.0;3.6903359844713712;0.8114143797257863;0.18858562027421366
1731802575.7104502;/app/bags/user95_2017-02-24.bag;0.834065854549408;0.0;0.9619645476341248;0.0;3.6903359844713712;0.8114143797257863;0.18858562027421366
1731802575.9104226;/app/bags/user95_2017-02-24.bag;0.834065854549408;0.0;0.9619645476341248;0.0;3.6903359844713712;0.8114143797257863;0.18858562027421366
1731802576.1104999;/app/bags/user95_2017-02-24.bag;0.834065854549408;0.0;0.9619645476341248;0.0;3.6903359844713712;0.8114143797257863;0.18858562027421366
1731802576.3105145;/app/bags/user95_2017-02-24.bag;0.834065854549408;0.0;0.9619645476341248;0.0;3.6903359844713712;0.8114143797257863;0.18858562027421366
1731802576.5103898;/app/bags/user95_2017-02-24.bag;0.834065854549408;0.0;0.9619645476341248;0.0;3.6903359844713712;0.8114143797257863;0.18858562027421366
1731802576.710447;/app/bags/user95_2017-02-24.bag;0.834065854549408;0.0;0.9619645476341248;0.0;3.6903359844713712;0.8114143797257863;0.18858562027421366
1731802576.9103959;/app/bags/user95_2017-02-24.bag;0.834065854549408;0.0;0.9619645476341248;0.0;3.6903359844713712;0.8114143797257863;0.18858562027421366
1731802577.1104264;/app/bags/user95_2017-02-24.bag;0.834065854549408;0.0;0.9619645476341248;0.0;3.6903359844713712;0.8114143797257863;0.18858562027421366
1731802577.3103695;/app/bags/user95_2017-02-24.bag;0.834065854549408;0.0;0.9619645476341248;0.0;3.6903359844713712;0.8114143797257863;0.18858562027421366
1731802577.5105343;/app/bags/user95_2017-02-24.bag;0.834065854549408;0.0;0.9619645476341248;0.0;3.6903359844713712;0.8114143797257863;0.18858562027421366
1731802577.7103958;/app/bags/user95_2017-02-24.bag;0.834065854549408;0.0;0.9619645476341248;0.0;3.6903359844713712;0.8114143797257863;0.18858562027421366
1731802577.9103994;/app/bags/user95_2017-02-24.bag;0.834065854549408;0.0;0.9619645476341248;0.0;3.6903359844713712;0.8114143797257863;0.18858562027421366
1731802578.1104472;/app/bags/user95_2017-02-24.bag;0.834065854549408;0.0;0.9619645476341248;0.0;3.6903359844713712;0.8114143797257863;0.18858562027421366
1731802578.3103964;/app/bags/user95_2017-02-24.bag;0.834065854549408;0.0;0.9619645476341248;0.0;3.6903359844713712;0.8114143797257863;0.18858562027421366
1731802578.5103974;/app/bags/user95_2017-02-24.bag;0.834065854549408;0.0;0.9619645476341248;0.0;3.6903359844713712;0.8114143797257863;0.18858562027421366
1731802578.710383;/app/bags/user95_2017-02-24.bag;0.834065854549408;0.0;0.9619645476341248;0.0;3.6903359844713712;0.8114143797257863;0.18858562027421366
1731802578.9104326;/app/bags/user95_2017-02-24.bag;0.834065854549408;0.0;0.9619645476341248;0.0;3.6903359844713712;0.8114143797257863;0.18858562027421366
1731802579.1103866;/app/bags/user95_2017-02-24.bag;0.834065854549408;0.0;0.9619645476341248;0.0;3.6903359844713712;0.8114143797257863;0.18858562027421366
1731802579.3105485;/app/bags/user95_2017-02-24.bag;0.834065854549408;0.0;0.9619645476341248;0.0;3.6903359844713712;0.8114143797257863;0.18858562027421366
1731802579.5104127;/app/bags/user95_2017-02-24.bag;0.834065854549408;0.0;0.9619645476341248;0.0;3.6903359844713712;0.8114143797257863;0.18858562027421366
1731802579.7104433;/app/bags/user95_2017-02-24.bag;0.834065854549408;0.0;0.9619645476341248;0.0;3.6903359844713712;0.8114143797257863;0.18858562027421366
1731802579.9104693;/app/bags/user95_2017-02-24.bag;0.834065854549408;0.0;0.9619645476341248;0.0;3.6903359844713712;0.8114143797257863;0.18858562027421366
1731802580.1104095;/app/bags/user95_2017-02-24.bag;0.834065854549408;0.0;0.9619645476341248;0.0;3.6903359844713712;0.8114143797257863;0.18858562027421366
1731802580.3104315;/app/bags/user95_2017-02-24.bag;0.834065854549408;0.0;0.9619645476341248;0.0;3.6903359844713712;0.8114143797257863;0.18858562027421366
1731802580.5104172;/app/bags/user95_2017-02-24.bag;0.834065854549408;0.0;0.9619645476341248;0.0;3.6903359844713712;0.8114143797257863;0.18858562027421366
1731802580.7104442;/app/bags/user95_2017-02-24.bag;0.834065854549408;0.0;0.9619645476341248;0.0;3.6903359844713712;0.8114143797257863;0.18858562027421366
1731802580.9103765;/app/bags/user95_2017-02-24.bag;0.834065854549408;0.0;0.9619645476341248;0.0;3.6903359844713712;0.8114143797257863;0.18858562027421366
1731802581.110398;/app/bags/user95_2017-02-24.bag;0.834065854549408;0.0;0.9619645476341248;0.0;3.6903359844713712;0.8114143797257863;0.18858562027421366
1731802581.3104649;/app/bags/user95_2017-02-24.bag;0.834065854549408;0.0;0.9619645476341248;0.0;3.6903359844713712;0.8114143797257863;0.18858562027421366
1731802581.5104656;/app/bags/user95_2017-02-24.bag;0.834065854549408;0.0;0.9619645476341248;0.0;3.6903359844713712;0.8114143797257863;0.18858562027421366
1731802581.7104201;/app/bags/user95_2017-02-24.bag;0.834065854549408;0.0;0.9619645476341248;0.0;3.6903359844713712;0.8114143797257863;0.18858562027421366
1731802581.910407;/app/bags/user95_2017-02-24.bag;0.834065854549408;0.0;0.9619645476341248;0.0;3.6903359844713712;0.8114143797257863;0.18858562027421366
1731802582.1103659;/app/bags/user95_2017-02-24.bag;0.834065854549408;0.0;0.9619645476341248;0.0;3.6903359844713712;0.8114143797257863;0.18858562027421366
1731802582.310462;/app/bags/user95_2017-02-24.bag;0.834065854549408;0.0;0.9619645476341248;0.0;3.6903359844713712;0.8114143797257863;0.18858562027421366
1731802582.5103388;/app/bags/user95_2017-02-24.bag;0.834065854549408;0.0;0.9619645476341248;0.0;3.6903359844713712;0.8114143797257863;0.18858562027421366
1731802582.7103853;/app/bags/user95_2017-02-24.bag;0.834065854549408;0.0;0.9619645476341248;0.0;3.6903359844713712;0.8114143797257863;0.18858562027421366
1731802582.910448;/app/bags/user95_2017-02-24.bag;0.834065854549408;0.0;0.9619645476341248;0.0;3.6903359844713712;0.8114143797257863;0.18858562027421366
1731802583.110464;/app/bags/user95_2017-02-24.bag;0.834065854549408;0.0;0.9619645476341248;0.0;3.6903359844713712;0.8114143797257863;0.18858562027421366
1731802583.3103755;/app/bags/user95_2017-02-24.bag;0.834065854549408;0.0;0.9619645476341248;0.0;3.6903359844713712;0.8114143797257863;0.18858562027421366
1731802583.5103633;/app/bags/user95_2017-02-24.bag;0.834065854549408;0.0;0.9619645476341248;0.0;3.6903359844713712;0.8114143797257863;0.18858562027421366
1731802583.7104578;/app/bags/user95_2017-02-24.bag;0.834065854549408;0.0;0.9619645476341248;0.0;3.6903359844713712;0.8114143797257863;0.18858562027421366
1731802583.9103882;/app/bags/user95_2017-02-24.bag;0.834065854549408;0.0;0.9619645476341248;0.0;3.6903359844713712;0.8114143797257863;0.18858562027421366
1731802584.1103652;/app/bags/user95_2017-02-24.bag;0.834065854549408;0.0;0.9619645476341248;0.0;3.6903359844713712;0.8114143797257863;0.18858562027421366
1731802584.3104284;/app/bags/user95_2017-02-24.bag;0.834065854549408;0.0;0.9619645476341248;0.0;3.6903359844713712;0.8114143797257863;0.18858562027421366
1731802584.51041;/app/bags/user95_2017-02-24.bag;0.834065854549408;0.0;0.9619645476341248;0.0;3.6903359844713712;0.8114143797257863;0.18858562027421366
1731802584.7104013;/app/bags/user95_2017-02-24.bag;0.834065854549408;0.0;0.9619645476341248;0.0;3.6903359844713712;0.8114143797257863;0.18858562027421366
1731802584.9103944;/app/bags/user95_2017-02-24.bag;0.834065854549408;0.0;0.9619645476341248;0.0;3.6903359844713712;0.8114143797257863;0.18858562027421366
1731802585.1103923;/app/bags/user95_2017-02-24.bag;0.834065854549408;0.0;0.9619645476341248;0.0;3.6903359844713712;0.8114143797257863;0.18858562027421366
1731802585.310397;/app/bags/user95_2017-02-24.bag;0.834065854549408;0.0;0.9619645476341248;0.0;3.6903359844713712;0.8114143797257863;0.18858562027421366
1731802585.5103974;/app/bags/user95_2017-02-24.bag;0.834065854549408;0.0;0.9619645476341248;0.0;3.6903359844713712;0.8114143797257863;0.18858562027421366
1731802585.7103863;/app/bags/user95_2017-02-24.bag;0.834065854549408;0.0;0.9619645476341248;0.0;3.6903359844713712;0.8114143797257863;0.18858562027421366
1731802585.9104192;/app/bags/user95_2017-02-24.bag;0.834065854549408;0.0;0.9619645476341248;0.0;3.6903359844713712;0.8114143797257863;0.18858562027421366
1731802586.1103752;/app/bags/user95_2017-02-24.bag;0.834065854549408;0.0;0.9619645476341248;0.0;3.6903359844713712;0.8114143797257863;0.18858562027421366
1731802586.3103826;/app/bags/user95_2017-02-24.bag;0.834065854549408;0.0;0.9619645476341248;0.0;3.6903359844713712;0.8114143797257863;0.18858562027421366
1731802586.5104089;/app/bags/user95_2017-02-24.bag;0.834065854549408;0.0;0.9619645476341248;0.0;3.6903359844713712;0.8114143797257863;0.18858562027421366
1731802586.710385;/app/bags/user95_2017-02-24.bag;0.834065854549408;0.0;0.9619645476341248;0.0;3.6903359844713712;0.8114143797257863;0.18858562027421366
1731802586.9104185;/app/bags/user95_2017-02-24.bag;0.834065854549408;0.0;0.9619645476341248;0.0;3.6903359844713712;0.8114143797257863;0.18858562027421366
1731802587.110539;/app/bags/user95_2017-02-24.bag;0.834065854549408;0.0;0.9619645476341248;0.0;3.6903359844713712;0.8114143797257863;0.18858562027421366
1731802587.310368;/app/bags/user95_2017-02-24.bag;0.834065854549408;0.0;0.9619645476341248;0.0;3.6903359844713712;0.8114143797257863;0.18858562027421366
1731802587.5104558;/app/bags/user95_2017-02-24.bag;0.834065854549408;0.0;0.9619645476341248;0.0;3.6903359844713712;0.8114143797257863;0.18858562027421366
1731802587.7103627;/app/bags/user95_2017-02-24.bag;0.834065854549408;0.0;0.9619645476341248;0.0;3.6903359844713712;0.8114143797257863;0.18858562027421366
1731802587.910444;/app/bags/user95_2017-02-24.bag;0.834065854549408;0.0;0.9619645476341248;0.0;3.6903359844713712;0.8114143797257863;0.18858562027421366
1731802588.1103811;/app/bags/user95_2017-02-24.bag;0.834065854549408;0.0;0.9619645476341248;0.0;3.6903359844713712;0.8114143797257863;0.18858562027421366
1731802588.3104641;/app/bags/user95_2017-02-24.bag;0.834065854549408;0.0;0.9619645476341248;0.0;3.6903359844713712;0.8114143797257863;0.18858562027421366
1731802588.5104036;/app/bags/user95_2017-02-24.bag;0.834065854549408;0.0;0.9619645476341248;0.0;3.6903359844713712;0.8114143797257863;0.18858562027421366
1731802588.7103817;/app/bags/user95_2017-02-24.bag;0.834065854549408;0.0;0.9619645476341248;0.0;3.6903359844713712;0.8114143797257863;0.18858562027421366
1731802588.9104233;/app/bags/user95_2017-02-24.bag;0.834065854549408;0.0;0.9619645476341248;0.0;3.6903359844713712;0.8114143797257863;0.18858562027421366
1731802589.11039;/app/bags/user95_2017-02-24.bag;0.834065854549408;0.0;0.9619645476341248;0.0;3.6903359844713712;0.8114143797257863;0.18858562027421366
1731802589.3104362;/app/bags/user95_2017-02-24.bag;0.834065854549408;0.0;0.9619645476341248;0.0;3.6903359844713712;0.8114143797257863;0.18858562027421366
1731802589.5104456;/app/bags/user95_2017-02-24.bag;0.834065854549408;0.0;0.9619645476341248;0.0;3.6903359844713712;0.8114143797257863;0.18858562027421366
1731802589.7105026;/app/bags/user95_2017-02-24.bag;0.834065854549408;0.0;0.9619645476341248;0.0;3.6903359844713712;0.8114143797257863;0.18858562027421366
1731802589.9104285;/app/bags/user95_2017-02-24.bag;0.834065854549408;0.0;0.9619645476341248;0.0;3.6903359844713712;0.8114143797257863;0.18858562027421366
1731802590.110418;/app/bags/user95_2017-02-24.bag;0.834065854549408;0.0;0.9619645476341248;0.0;3.6903359844713712;0.8114143797257863;0.18858562027421366
1731802590.3104334;/app/bags/user95_2017-02-24.bag;0.834065854549408;0.0;0.9619645476341248;0.0;3.6903359844713712;0.8114143797257863;0.18858562027421366
1731802590.5104141;/app/bags/user95_2017-02-24.bag;0.834065854549408;0.0;0.9619645476341248;0.0;3.6903359844713712;0.8114143797257863;0.18858562027421366
1731802590.7104802;/app/bags/user95_2017-02-24.bag;0.834065854549408;0.0;0.9619645476341248;0.0;3.6903359844713712;0.8114143797257863;0.18858562027421366
1731802590.9103706;/app/bags/user95_2017-02-24.bag;0.834065854549408;0.0;0.9619645476341248;0.0;3.6903359844713712;0.8114143797257863;0.18858562027421366
1731802591.1104765;/app/bags/user95_2017-02-24.bag;0.834065854549408;0.0;0.9619645476341248;0.0;3.6903359844713712;0.8114143797257863;0.18858562027421366
1731802591.310368;/app/bags/user95_2017-02-24.bag;0.834065854549408;0.0;0.9619645476341248;0.0;3.6903359844713712;0.8114143797257863;0.18858562027421366
1731802591.5104494;/app/bags/user95_2017-02-24.bag;0.834065854549408;0.0;0.9619645476341248;0.0;3.6903359844713712;0.8114143797257863;0.18858562027421366
1731802591.7104118;/app/bags/user95_2017-02-24.bag;0.834065854549408;0.0;0.9619645476341248;0.0;3.6903359844713712;0.8114143797257863;0.18858562027421366
1731802591.9104342;/app/bags/user95_2017-02-24.bag;0.834065854549408;0.0;0.9619645476341248;0.0;3.6903359844713712;0.8114143797257863;0.18858562027421366
1731802592.1103888;/app/bags/user95_2017-02-24.bag;0.834065854549408;0.0;0.9619645476341248;0.0;3.6903359844713712;0.8114143797257863;0.18858562027421366
1731802592.3103848;/app/bags/user95_2017-02-24.bag;0.834065854549408;0.0;0.9619645476341248;0.0;3.6903359844713712;0.8114143797257863;0.18858562027421366
1731802592.510388;/app/bags/user95_2017-02-24.bag;0.834065854549408;0.0;0.9619645476341248;0.0;3.6903359844713712;0.8114143797257863;0.18858562027421366
1731802592.7103853;/app/bags/user95_2017-02-24.bag;0.834065854549408;0.0;0.9619645476341248;0.0;3.6903359844713712;0.8114143797257863;0.18858562027421366
1731802592.9104187;/app/bags/user95_2017-02-24.bag;0.834065854549408;0.0;0.9619645476341248;0.0;3.6903359844713712;0.8114143797257863;0.18858562027421366
1731802593.1103923;/app/bags/user95_2017-02-24.bag;0.834065854549408;0.0;0.9619645476341248;0.0;3.6903359844713712;0.8114143797257863;0.18858562027421366
1731802593.3104353;/app/bags/user95_2017-02-24.bag;0.834065854549408;0.0;0.9619645476341248;0.0;3.6903359844713712;0.8114143797257863;0.18858562027421366
1731802593.5103927;/app/bags/user95_2017-02-24.bag;0.834065854549408;0.0;0.9619645476341248;0.0;3.6903359844713712;0.8114143797257863;0.18858562027421366
1731802593.7104201;/app/bags/user95_2017-02-24.bag;0.834065854549408;0.0;0.9619645476341248;0.0;3.6903359844713712;0.8114143797257863;0.18858562027421366
1731802593.9104054;/app/bags/user95_2017-02-24.bag;0.834065854549408;0.0;0.9619645476341248;0.0;3.6903359844713712;0.8114143797257863;0.18858562027421366
1731802594.1103635;/app/bags/user95_2017-02-24.bag;0.834065854549408;0.0;0.9619645476341248;0.0;3.6903359844713712;0.8114143797257863;0.18858562027421366
1731802594.3105834;/app/bags/user95_2017-02-24.bag;0.834065854549408;0.0;0.9619645476341248;0.0;3.6903359844713712;0.8114143797257863;0.18858562027421366
1731802594.5103683;/app/bags/user95_2017-02-24.bag;0.834065854549408;0.0;0.9619645476341248;0.0;3.6903359844713712;0.8114143797257863;0.18858562027421366
1731802594.7103891;/app/bags/user95_2017-02-24.bag;0.834065854549408;0.0;0.9619645476341248;0.0;3.6903359844713712;0.8114143797257863;0.18858562027421366
1731802594.910371;/app/bags/user95_2017-02-24.bag;0.834065854549408;0.0;0.9619645476341248;0.0;3.6903359844713712;0.8114143797257863;0.18858562027421366
1731802595.1103582;/app/bags/user95_2017-02-24.bag;0.834065854549408;0.0;0.9619645476341248;0.0;3.6903359844713712;0.8114143797257863;0.18858562027421366
1731802595.3103654;/app/bags/user95_2017-02-24.bag;0.834065854549408;0.0;0.9619645476341248;0.0;3.6903359844713712;0.8114143797257863;0.18858562027421366
1731802595.510408;/app/bags/user95_2017-02-24.bag;0.834065854549408;0.0;0.9619645476341248;0.0;3.6903359844713712;0.8114143797257863;0.18858562027421366
1731802595.710398;/app/bags/user95_2017-02-24.bag;0.834065854549408;0.0;0.9619645476341248;0.0;3.6903359844713712;0.8114143797257863;0.18858562027421366
1731802595.910387;/app/bags/user95_2017-02-24.bag;0.834065854549408;0.0;0.9619645476341248;0.0;3.6903359844713712;0.8114143797257863;0.18858562027421366
1731802596.1103926;/app/bags/user95_2017-02-24.bag;0.834065854549408;0.0;0.9619645476341248;0.0;3.6903359844713712;0.8114143797257863;0.18858562027421366
1731802596.3103824;/app/bags/user95_2017-02-24.bag;0.834065854549408;0.0;0.9619645476341248;0.0;3.6903359844713712;0.8114143797257863;0.18858562027421366
1731802596.5104487;/app/bags/user95_2017-02-24.bag;0.834065854549408;0.0;0.9619645476341248;0.0;3.6903359844713712;0.8114143797257863;0.18858562027421366
1731802596.7103882;/app/bags/user95_2017-02-24.bag;0.834065854549408;0.0;0.9619645476341248;0.0;3.6903359844713712;0.8114143797257863;0.18858562027421366
1731802596.9103932;/app/bags/user95_2017-02-24.bag;0.834065854549408;0.0;0.9619645476341248;0.0;3.6903359844713712;0.8114143797257863;0.18858562027421366
1731802597.1103718;/app/bags/user95_2017-02-24.bag;0.834065854549408;0.0;0.9619645476341248;0.0;3.6903359844713712;0.8114143797257863;0.18858562027421366
1731802597.3105278;/app/bags/user95_2017-02-24.bag;0.834065854549408;0.0;0.9619645476341248;0.0;3.6903359844713712;0.8114143797257863;0.18858562027421366
1731802597.5105255;/app/bags/user95_2017-02-24.bag;0.834065854549408;0.0;0.9619645476341248;0.0;3.6903359844713712;0.8114143797257863;0.18858562027421366
1731802597.7104297;/app/bags/user95_2017-02-24.bag;0.834065854549408;0.0;0.9619645476341248;0.0;3.6903359844713712;0.8114143797257863;0.18858562027421366
1731802597.910356;/app/bags/user95_2017-02-24.bag;0.834065854549408;0.0;0.9619645476341248;0.0;3.6903359844713712;0.8114143797257863;0.18858562027421366
1731802598.1105676;/app/bags/user95_2017-02-24.bag;0.834065854549408;0.0;0.9619645476341248;0.0;3.6903359844713712;0.8114143797257863;0.18858562027421366
1731802598.3103921;/app/bags/user95_2017-02-24.bag;0.834065854549408;0.0;0.9619645476341248;0.0;3.6903359844713712;0.8114143797257863;0.18858562027421366
1731802598.5104306;/app/bags/user95_2017-02-24.bag;0.834065854549408;0.0;0.9619645476341248;0.0;3.6903359844713712;0.8114143797257863;0.18858562027421366
1731802598.7103896;/app/bags/user95_2017-02-24.bag;0.834065854549408;0.0;0.9619645476341248;0.0;3.6903359844713712;0.8114143797257863;0.18858562027421366
1731802598.910412;/app/bags/user95_2017-02-24.bag;0.834065854549408;0.0;0.9619645476341248;0.0;3.6903359844713712;0.8114143797257863;0.18858562027421366
1731802599.1103818;/app/bags/user95_2017-02-24.bag;0.834065854549408;0.0;0.9619645476341248;0.0;3.6903359844713712;0.8114143797257863;0.18858562027421366
1731802599.3103895;/app/bags/user95_2017-02-24.bag;0.834065854549408;0.0;0.9619645476341248;0.0;3.6903359844713712;0.8114143797257863;0.18858562027421366
1731802599.5103884;/app/bags/user95_2017-02-24.bag;0.834065854549408;0.0;0.9619645476341248;0.0;3.6903359844713712;0.8114143797257863;0.18858562027421366
1731802599.7104044;/app/bags/user95_2017-02-24.bag;0.834065854549408;0.0;0.9619645476341248;0.0;3.6903359844713712;0.8114143797257863;0.18858562027421366
1731802599.9104114;/app/bags/user95_2017-02-24.bag;0.834065854549408;0.0;0.9619645476341248;0.0;3.6903359844713712;0.8114143797257863;0.18858562027421366
1731802600.1103568;/app/bags/user95_2017-02-24.bag;0.834065854549408;0.0;0.9619645476341248;0.0;3.6903359844713712;0.8114143797257863;0.18858562027421366
1731802600.3104398;/app/bags/user95_2017-02-24.bag;0.834065854549408;0.0;0.9619645476341248;0.0;3.6903359844713712;0.8114143797257863;0.18858562027421366
1731802600.5104034;/app/bags/user95_2017-02-24.bag;0.834065854549408;0.0;0.9619645476341248;0.0;3.6903359844713712;0.8114143797257863;0.18858562027421366
1731802600.7104285;/app/bags/user95_2017-02-24.bag;0.834065854549408;0.0;0.9619645476341248;0.0;3.6903359844713712;0.8114143797257863;0.18858562027421366
1731802600.9104655;/app/bags/user95_2017-02-24.bag;0.834065854549408;0.0;0.9619645476341248;0.0;3.6903359844713712;0.8114143797257863;0.18858562027421366
1731802601.1104002;/app/bags/user95_2017-02-24.bag;0.834065854549408;0.0;0.9619645476341248;0.0;3.6903359844713712;0.8114143797257863;0.18858562027421366
1731802601.3104007;/app/bags/user95_2017-02-24.bag;0.834065854549408;0.0;0.9619645476341248;0.0;3.6903359844713712;0.8114143797257863;0.18858562027421366
1731802601.5103793;/app/bags/user95_2017-02-24.bag;0.834065854549408;0.0;0.9619645476341248;0.0;3.6903359844713712;0.8114143797257863;0.18858562027421366
1731802601.710381;/app/bags/user95_2017-02-24.bag;0.834065854549408;0.0;0.9619645476341248;0.0;3.6903359844713712;0.8114143797257863;0.18858562027421366
1731802601.9103756;/app/bags/user95_2017-02-24.bag;0.834065854549408;0.0;0.9619645476341248;0.0;3.6903359844713712;0.8114143797257863;0.18858562027421366
1731802602.1104026;/app/bags/user95_2017-02-24.bag;0.834065854549408;0.0;0.9619645476341248;0.0;3.6903359844713712;0.8114143797257863;0.18858562027421366
1731802602.3103745;/app/bags/user95_2017-02-24.bag;0.834065854549408;0.0;0.9619645476341248;0.0;3.6903359844713712;0.8114143797257863;0.18858562027421366
1731802602.5103831;/app/bags/user95_2017-02-24.bag;0.834065854549408;0.0;0.9619645476341248;0.0;3.6903359844713712;0.8114143797257863;0.18858562027421366
1731802602.7104595;/app/bags/user95_2017-02-24.bag;0.834065854549408;0.0;0.9619645476341248;0.0;3.6903359844713712;0.8114143797257863;0.18858562027421366
1731802602.91041;/app/bags/user95_2017-02-24.bag;0.834065854549408;0.0;0.9619645476341248;0.0;3.6903359844713712;0.8114143797257863;0.18858562027421366
1731802603.1103866;/app/bags/user95_2017-02-24.bag;0.834065854549408;0.0;0.9619645476341248;0.0;3.6903359844713712;0.8114143797257863;0.18858562027421366
1731802603.3103933;/app/bags/user95_2017-02-24.bag;0.834065854549408;0.0;0.9619645476341248;0.0;3.6903359844713712;0.8114143797257863;0.18858562027421366
1731802603.5104518;/app/bags/user95_2017-02-24.bag;0.834065854549408;0.0;0.9619645476341248;0.0;3.6903359844713712;0.8114143797257863;0.18858562027421366
1731802603.710443;/app/bags/user95_2017-02-24.bag;0.834065854549408;0.0;0.9619645476341248;0.0;3.6903359844713712;0.8114143797257863;0.18858562027421366
1731802603.9104183;/app/bags/user95_2017-02-24.bag;0.834065854549408;0.0;0.9619645476341248;0.0;3.6903359844713712;0.8114143797257863;0.18858562027421366
1731802604.1103985;/app/bags/user95_2017-02-24.bag;0.834065854549408;0.0;0.9619645476341248;0.0;3.6903359844713712;0.8114143797257863;0.18858562027421366
1731802604.310468;/app/bags/user95_2017-02-24.bag;0.834065854549408;0.0;0.9619645476341248;0.0;3.6903359844713712;0.8114143797257863;0.18858562027421366
1731802604.5103617;/app/bags/user95_2017-02-24.bag;0.834065854549408;0.0;0.9619645476341248;0.0;3.6903359844713712;0.8114143797257863;0.18858562027421366
1731802604.7103972;/app/bags/user95_2017-02-24.bag;0.834065854549408;0.0;0.9619645476341248;0.0;3.6903359844713712;0.8114143797257863;0.18858562027421366
1731802604.9103808;/app/bags/user95_2017-02-24.bag;0.834065854549408;0.0;0.9619645476341248;0.0;3.6903359844713712;0.8114143797257863;0.18858562027421366
1731802605.1104233;/app/bags/user95_2017-02-24.bag;0.834065854549408;0.0;0.9619645476341248;0.0;3.6903359844713712;0.8114143797257863;0.18858562027421366
1731802605.310497;/app/bags/user95_2017-02-24.bag;0.834065854549408;0.0;0.9619645476341248;0.0;3.6903359844713712;0.8114143797257863;0.18858562027421366
1731802605.510377;/app/bags/user95_2017-02-24.bag;0.834065854549408;0.0;0.9619645476341248;0.0;3.6903359844713712;0.8114143797257863;0.18858562027421366
1731802605.7104716;/app/bags/user95_2017-02-24.bag;0.834065854549408;0.0;0.9619645476341248;0.0;3.6903359844713712;0.8114143797257863;0.18858562027421366
1731802605.910415;/app/bags/user95_2017-02-24.bag;0.834065854549408;0.0;0.9619645476341248;0.0;3.6903359844713712;0.8114143797257863;0.18858562027421366
1731802606.1103842;/app/bags/user95_2017-02-24.bag;0.834065854549408;0.0;0.9619645476341248;0.0;3.6903359844713712;0.8114143797257863;0.18858562027421366
1731802606.3103964;/app/bags/user95_2017-02-24.bag;0.834065854549408;0.0;0.9619645476341248;0.0;3.6903359844713712;0.8114143797257863;0.18858562027421366
1731802606.5103896;/app/bags/user95_2017-02-24.bag;0.834065854549408;0.0;0.9619645476341248;0.0;3.6903359844713712;0.8114143797257863;0.18858562027421366
1731802606.7103515;/app/bags/user95_2017-02-24.bag;0.834065854549408;0.0;0.9619645476341248;0.0;3.6903359844713712;0.8114143797257863;0.18858562027421366
1731802606.910393;/app/bags/user95_2017-02-24.bag;0.834065854549408;0.0;0.9619645476341248;0.0;3.6903359844713712;0.8114143797257863;0.18858562027421366
1731802607.1104484;/app/bags/user95_2017-02-24.bag;0.834065854549408;0.0;0.9619645476341248;0.0;3.6903359844713712;0.8114143797257863;0.18858562027421366
1731802607.310389;/app/bags/user95_2017-02-24.bag;0.834065854549408;0.0;0.9619645476341248;0.0;3.6903359844713712;0.8114143797257863;0.18858562027421366
1731802607.5104463;/app/bags/user95_2017-02-24.bag;0.834065854549408;0.0;0.9619645476341248;0.0;3.6903359844713712;0.8114143797257863;0.18858562027421366
1731802607.7104433;/app/bags/user95_2017-02-24.bag;0.834065854549408;0.0;0.9619645476341248;0.0;3.6903359844713712;0.8114143797257863;0.18858562027421366
1731802607.9103956;/app/bags/user95_2017-02-24.bag;0.834065854549408;0.0;0.9619645476341248;0.0;3.6903359844713712;0.8114143797257863;0.18858562027421366
1731802608.1104424;/app/bags/user95_2017-02-24.bag;0.834065854549408;0.0;0.9619645476341248;0.0;3.6903359844713712;0.8114143797257863;0.18858562027421366
1731802608.3104558;/app/bags/user95_2017-02-24.bag;0.834065854549408;0.0;0.9619645476341248;0.0;3.6903359844713712;0.8114143797257863;0.18858562027421366
1731802608.5103893;/app/bags/user95_2017-02-24.bag;0.834065854549408;0.0;0.9619645476341248;0.0;3.6903359844713712;0.8114143797257863;0.18858562027421366
1731802608.710399;/app/bags/user95_2017-02-24.bag;0.834065854549408;0.0;0.9619645476341248;0.0;3.6903359844713712;0.8114143797257863;0.18858562027421366
1731802608.910462;/app/bags/user95_2017-02-24.bag;0.834065854549408;0.0;0.9619645476341248;0.0;3.6903359844713712;0.8114143797257863;0.18858562027421366
1731802609.1103783;/app/bags/user95_2017-02-24.bag;0.834065854549408;0.0;0.9619645476341248;0.0;3.6903359844713712;0.8114143797257863;0.18858562027421366
1731802609.310457;/app/bags/user95_2017-02-24.bag;0.834065854549408;0.0;0.9619645476341248;0.0;3.6903359844713712;0.8114143797257863;0.18858562027421366
1731802609.510414;/app/bags/user95_2017-02-24.bag;0.834065854549408;0.0;0.9619645476341248;0.0;3.6903359844713712;0.8114143797257863;0.18858562027421366
1731802609.7103682;/app/bags/user95_2017-02-24.bag;0.834065854549408;0.0;0.9619645476341248;0.0;3.6903359844713712;0.8114143797257863;0.18858562027421366
1731802609.9103575;/app/bags/user95_2017-02-24.bag;0.834065854549408;0.0;0.9619645476341248;0.0;3.6903359844713712;0.8114143797257863;0.18858562027421366
1731802610.110404;/app/bags/user95_2017-02-24.bag;0.834065854549408;0.0;0.9619645476341248;0.0;3.6903359844713712;0.8114143797257863;0.18858562027421366
1731802610.3104067;/app/bags/user95_2017-02-24.bag;0.834065854549408;0.0;0.9619645476341248;0.0;3.6903359844713712;0.8114143797257863;0.18858562027421366
1731802610.5104256;/app/bags/user95_2017-02-24.bag;0.834065854549408;0.0;0.9619645476341248;0.0;3.6903359844713712;0.8114143797257863;0.18858562027421366
1731802610.7104013;/app/bags/user95_2017-02-24.bag;0.834065854549408;0.0;0.9619645476341248;0.0;3.6903359844713712;0.8114143797257863;0.18858562027421366
1731802610.9103868;/app/bags/user95_2017-02-24.bag;0.834065854549408;0.0;0.9619645476341248;0.0;3.6903359844713712;0.8114143797257863;0.18858562027421366
1731802611.1104193;/app/bags/user95_2017-02-24.bag;0.834065854549408;0.0;0.9619645476341248;0.0;3.6903359844713712;0.8114143797257863;0.18858562027421366
1731802611.3103817;/app/bags/user95_2017-02-24.bag;0.834065854549408;0.0;0.9619645476341248;0.0;3.6903359844713712;0.8114143797257863;0.18858562027421366
1731802611.5104554;/app/bags/user95_2017-02-24.bag;0.834065854549408;0.0;0.9619645476341248;0.0;3.6903359844713712;0.8114143797257863;0.18858562027421366
1731802611.7104182;/app/bags/user95_2017-02-24.bag;0.834065854549408;0.0;0.9619645476341248;0.0;3.6903359844713712;0.8114143797257863;0.18858562027421366
1731802611.9103937;/app/bags/user95_2017-02-24.bag;0.834065854549408;0.0;0.9619645476341248;0.0;3.6903359844713712;0.8114143797257863;0.18858562027421366
1731802612.110451;/app/bags/user95_2017-02-24.bag;0.834065854549408;0.0;0.9619645476341248;0.0;3.6903359844713712;0.8114143797257863;0.18858562027421366
1731802612.3103585;/app/bags/user95_2017-02-24.bag;0.834065854549408;0.0;0.9619645476341248;0.0;3.6903359844713712;0.8114143797257863;0.18858562027421366
1731802612.5104463;/app/bags/user95_2017-02-24.bag;0.834065854549408;0.0;0.9619645476341248;0.0;3.6903359844713712;0.8114143797257863;0.18858562027421366
1731802612.7104368;/app/bags/user95_2017-02-24.bag;0.834065854549408;0.0;0.9619645476341248;0.0;3.6903359844713712;0.8114143797257863;0.18858562027421366
1731802612.9104385;/app/bags/user95_2017-02-24.bag;0.834065854549408;0.0;0.9619645476341248;0.0;3.6903359844713712;0.8114143797257863;0.18858562027421366
1731802613.1104383;/app/bags/user95_2017-02-24.bag;0.834065854549408;0.0;0.9619645476341248;0.0;3.6903359844713712;0.8114143797257863;0.18858562027421366
1731802613.3104086;/app/bags/user95_2017-02-24.bag;0.834065854549408;0.0;0.9619645476341248;0.0;3.6903359844713712;0.8114143797257863;0.18858562027421366
1731802613.5103786;/app/bags/user95_2017-02-24.bag;0.834065854549408;0.0;0.9619645476341248;0.0;3.6903359844713712;0.8114143797257863;0.18858562027421366
1731802613.7103803;/app/bags/user95_2017-02-24.bag;0.834065854549408;0.0;0.9619645476341248;0.0;3.6903359844713712;0.8114143797257863;0.18858562027421366
1731802613.9105244;/app/bags/user95_2017-02-24.bag;0.834065854549408;0.0;0.9619645476341248;0.0;3.6903359844713712;0.8114143797257863;0.18858562027421366
1731802614.1103985;/app/bags/user95_2017-02-24.bag;0.834065854549408;0.0;0.9619645476341248;0.0;3.6903359844713712;0.8114143797257863;0.18858562027421366
1731802614.3103986;/app/bags/user95_2017-02-24.bag;0.834065854549408;0.0;0.9619645476341248;0.0;3.6903359844713712;0.8114143797257863;0.18858562027421366
1731802614.5104692;/app/bags/user95_2017-02-24.bag;0.834065854549408;0.0;0.9619645476341248;0.0;3.6903359844713712;0.8114143797257863;0.18858562027421366
1731802614.710457;/app/bags/user95_2017-02-24.bag;0.834065854549408;0.0;0.9619645476341248;0.0;3.6903359844713712;0.8114143797257863;0.18858562027421366
1731802614.9103453;/app/bags/user95_2017-02-24.bag;0.834065854549408;0.0;0.9619645476341248;0.0;3.6903359844713712;0.8114143797257863;0.18858562027421366
1731802615.1103704;/app/bags/user95_2017-02-24.bag;0.834065854549408;0.0;0.9619645476341248;0.0;3.6903359844713712;0.8114143797257863;0.18858562027421366
1731802615.3103812;/app/bags/user95_2017-02-24.bag;0.834065854549408;0.0;0.9619645476341248;0.0;3.6903359844713712;0.8114143797257863;0.18858562027421366
1731802615.5104153;/app/bags/user95_2017-02-24.bag;0.834065854549408;0.0;0.9619645476341248;0.0;3.6903359844713712;0.8114143797257863;0.18858562027421366
1731802615.710396;/app/bags/user95_2017-02-24.bag;0.834065854549408;0.0;0.9619645476341248;0.0;3.6903359844713712;0.8114143797257863;0.18858562027421366
1731802615.9104288;/app/bags/user95_2017-02-24.bag;0.834065854549408;0.0;0.9619645476341248;0.0;3.6903359844713712;0.8114143797257863;0.18858562027421366
1731802616.1103988;/app/bags/user95_2017-02-24.bag;0.834065854549408;0.0;0.9619645476341248;0.0;3.6903359844713712;0.8114143797257863;0.18858562027421366
1731802616.310397;/app/bags/user95_2017-02-24.bag;0.834065854549408;0.0;0.9619645476341248;0.0;3.6903359844713712;0.8114143797257863;0.18858562027421366
1731802616.5104046;/app/bags/user95_2017-02-24.bag;0.834065854549408;0.0;0.9619645476341248;0.0;3.6903359844713712;0.8114143797257863;0.18858562027421366
1731802616.7104192;/app/bags/user95_2017-02-24.bag;0.834065854549408;0.0;0.9619645476341248;0.0;3.6903359844713712;0.8114143797257863;0.18858562027421366
1731802616.910396;/app/bags/user95_2017-02-24.bag;0.834065854549408;0.0;0.9619645476341248;0.0;3.6903359844713712;0.8114143797257863;0.18858562027421366
1731802617.1103961;/app/bags/user95_2017-02-24.bag;0.834065854549408;0.0;0.9619645476341248;0.0;3.6903359844713712;0.8114143797257863;0.18858562027421366
1731802617.3103774;/app/bags/user95_2017-02-24.bag;0.834065854549408;0.0;0.9619645476341248;0.0;3.6903359844713712;0.8114143797257863;0.18858562027421366
1731802617.5104003;/app/bags/user95_2017-02-24.bag;0.834065854549408;0.0;0.9619645476341248;0.0;3.6903359844713712;0.8114143797257863;0.18858562027421366
1731802617.7104728;/app/bags/user95_2017-02-24.bag;0.834065854549408;0.0;0.9619645476341248;0.0;3.6903359844713712;0.8114143797257863;0.18858562027421366
1731802617.9104052;/app/bags/user95_2017-02-24.bag;0.834065854549408;0.0;0.9619645476341248;0.0;3.6903359844713712;0.8114143797257863;0.18858562027421366
1731802618.1104;/app/bags/user95_2017-02-24.bag;0.834065854549408;0.0;0.9619645476341248;0.0;3.6903359844713712;0.8114143797257863;0.18858562027421366
1731802618.310398;/app/bags/user95_2017-02-24.bag;0.834065854549408;0.0;0.9619645476341248;0.0;3.6903359844713712;0.8114143797257863;0.18858562027421366
1731802618.510445;/app/bags/user95_2017-02-24.bag;0.834065854549408;0.0;0.9619645476341248;0.0;3.6903359844713712;0.8114143797257863;0.18858562027421366
1731802618.7104135;/app/bags/user95_2017-02-24.bag;0.834065854549408;0.0;0.9619645476341248;0.0;3.6903359844713712;0.8114143797257863;0.18858562027421366
1731802618.9104564;/app/bags/user95_2017-02-24.bag;0.834065854549408;0.0;0.9619645476341248;0.0;3.6903359844713712;0.8114143797257863;0.18858562027421366
1731802619.1103888;/app/bags/user95_2017-02-24.bag;0.834065854549408;0.0;0.9619645476341248;0.0;3.6903359844713712;0.8114143797257863;0.18858562027421366
1731802619.310358;/app/bags/user95_2017-02-24.bag;0.834065854549408;0.0;0.9619645476341248;0.0;3.6903359844713712;0.8114143797257863;0.18858562027421366
1731802619.5104032;/app/bags/user95_2017-02-24.bag;0.834065854549408;0.0;0.9619645476341248;0.0;3.6903359844713712;0.8114143797257863;0.18858562027421366
1731802619.7103639;/app/bags/user95_2017-02-24.bag;0.834065854549408;0.0;0.9619645476341248;0.0;3.6903359844713712;0.8114143797257863;0.18858562027421366
1731802619.9103994;/app/bags/user95_2017-02-24.bag;0.834065854549408;0.0;0.9619645476341248;0.0;3.6903359844713712;0.8114143797257863;0.18858562027421366
1731802620.1104162;/app/bags/user95_2017-02-24.bag;0.834065854549408;0.0;0.9619645476341248;0.0;3.6903359844713712;0.8114143797257863;0.18858562027421366
1731802620.3103971;/app/bags/user95_2017-02-24.bag;0.834065854549408;0.0;0.9619645476341248;0.0;3.6903359844713712;0.8114143797257863;0.18858562027421366
1731802620.5104349;/app/bags/user95_2017-02-24.bag;0.834065854549408;0.0;0.9619645476341248;0.0;3.6903359844713712;0.8114143797257863;0.18858562027421366
1731802620.7104006;/app/bags/user95_2017-02-24.bag;0.834065854549408;0.0;0.9619645476341248;0.0;3.6903359844713712;0.8114143797257863;0.18858562027421366
1731802620.9103575;/app/bags/user95_2017-02-24.bag;0.834065854549408;0.0;0.9619645476341248;0.0;3.6903359844713712;0.8114143797257863;0.18858562027421366
1731802621.1103883;/app/bags/user95_2017-02-24.bag;0.834065854549408;0.0;0.9619645476341248;0.0;3.6903359844713712;0.8114143797257863;0.18858562027421366
1731802621.310445;/app/bags/user95_2017-02-24.bag;0.834065854549408;0.0;0.9619645476341248;0.0;3.6903359844713712;0.8114143797257863;0.18858562027421366
1731802621.5103693;/app/bags/user95_2017-02-24.bag;0.834065854549408;0.0;0.9619645476341248;0.0;3.6903359844713712;0.8114143797257863;0.18858562027421366
1731802621.7103722;/app/bags/user95_2017-02-24.bag;0.834065854549408;0.0;0.9619645476341248;0.0;3.6903359844713712;0.8114143797257863;0.18858562027421366
1731802621.9104776;/app/bags/user95_2017-02-24.bag;0.834065854549408;0.0;0.9619645476341248;0.0;3.6903359844713712;0.8114143797257863;0.18858562027421366
1731802622.1103969;/app/bags/user95_2017-02-24.bag;0.834065854549408;0.0;0.9619645476341248;0.0;3.6903359844713712;0.8114143797257863;0.18858562027421366
1731802622.3103957;/app/bags/user95_2017-02-24.bag;0.834065854549408;0.0;0.9619645476341248;0.0;3.6903359844713712;0.8114143797257863;0.18858562027421366
1731802622.510433;/app/bags/user95_2017-02-24.bag;0.834065854549408;0.0;0.9619645476341248;0.0;3.6903359844713712;0.8114143797257863;0.18858562027421366
1731802622.7104733;/app/bags/user95_2017-02-24.bag;0.834065854549408;0.0;0.9619645476341248;0.0;3.6903359844713712;0.8114143797257863;0.18858562027421366
1731802622.9104059;/app/bags/user95_2017-02-24.bag;0.834065854549408;0.0;0.9619645476341248;0.0;3.6903359844713712;0.8114143797257863;0.18858562027421366
1731802623.110449;/app/bags/user95_2017-02-24.bag;0.834065854549408;0.0;0.9619645476341248;0.0;3.6903359844713712;0.8114143797257863;0.18858562027421366
1731802623.3104458;/app/bags/user95_2017-02-24.bag;0.834065854549408;0.0;0.9619645476341248;0.0;3.6903359844713712;0.8114143797257863;0.18858562027421366
1731802623.5105956;/app/bags/user95_2017-02-24.bag;0.834065854549408;0.0;0.9619645476341248;0.0;3.6903359844713712;0.8114143797257863;0.18858562027421366
1731802623.7103913;/app/bags/user95_2017-02-24.bag;0.834065854549408;0.0;0.9619645476341248;0.0;3.6903359844713712;0.8114143797257863;0.18858562027421366
1731802623.9104383;/app/bags/user95_2017-02-24.bag;0.834065854549408;0.0;0.9619645476341248;0.0;3.6903359844713712;0.8114143797257863;0.18858562027421366
1731802624.1104329;/app/bags/user95_2017-02-24.bag;0.834065854549408;0.0;0.9619645476341248;0.0;3.6903359844713712;0.8114143797257863;0.18858562027421366
1731802624.3104062;/app/bags/user95_2017-02-24.bag;0.834065854549408;0.0;0.9619645476341248;0.0;3.6903359844713712;0.8114143797257863;0.18858562027421366
1731802624.5103958;/app/bags/user95_2017-02-24.bag;0.834065854549408;0.0;0.9619645476341248;0.0;3.6903359844713712;0.8114143797257863;0.18858562027421366
1731802624.710423;/app/bags/user95_2017-02-24.bag;0.834065854549408;0.0;0.9619645476341248;0.0;3.6903359844713712;0.8114143797257863;0.18858562027421366
1731802624.91045;/app/bags/user95_2017-02-24.bag;0.834065854549408;0.0;0.9619645476341248;0.0;3.6903359844713712;0.8114143797257863;0.18858562027421366
1731802625.1103365;/app/bags/user95_2017-02-24.bag;0.834065854549408;0.0;0.9619645476341248;0.0;3.6903359844713712;0.8114143797257863;0.18858562027421366
1731802625.3103929;/app/bags/user95_2017-02-24.bag;0.834065854549408;0.0;0.9619645476341248;0.0;3.6903359844713712;0.8114143797257863;0.18858562027421366
1731802625.5104864;/app/bags/user95_2017-02-24.bag;0.834065854549408;0.0;0.9619645476341248;0.0;3.6903359844713712;0.8114143797257863;0.18858562027421366
1731802625.7103956;/app/bags/user95_2017-02-24.bag;0.834065854549408;0.0;0.9619645476341248;0.0;3.6903359844713712;0.8114143797257863;0.18858562027421366
1731802625.9104483;/app/bags/user95_2017-02-24.bag;0.834065854549408;0.0;0.9619645476341248;0.0;3.6903359844713712;0.8114143797257863;0.18858562027421366
1731802626.110454;/app/bags/user95_2017-02-24.bag;0.834065854549408;0.0;0.9619645476341248;0.0;3.6903359844713712;0.8114143797257863;0.18858562027421366
1731802626.310372;/app/bags/user95_2017-02-24.bag;0.834065854549408;0.0;0.9619645476341248;0.0;3.6903359844713712;0.8114143797257863;0.18858562027421366
1731802626.5103989;/app/bags/user95_2017-02-24.bag;0.834065854549408;0.0;0.9619645476341248;0.0;3.6903359844713712;0.8114143797257863;0.18858562027421366
1731802626.7104602;/app/bags/user95_2017-02-24.bag;0.834065854549408;0.0;0.9619645476341248;0.0;3.6903359844713712;0.8114143797257863;0.18858562027421366
1731802626.910452;/app/bags/user95_2017-02-24.bag;0.834065854549408;0.0;0.9619645476341248;0.0;3.6903359844713712;0.8114143797257863;0.18858562027421366
1731802627.1104372;/app/bags/user95_2017-02-24.bag;0.834065854549408;0.0;0.9619645476341248;0.0;3.6903359844713712;0.8114143797257863;0.18858562027421366
1731802627.3103652;/app/bags/user95_2017-02-24.bag;0.834065854549408;0.0;0.9619645476341248;0.0;3.6903359844713712;0.8114143797257863;0.18858562027421366
1731802627.5103834;/app/bags/user95_2017-02-24.bag;0.834065854549408;0.0;0.9619645476341248;0.0;3.6903359844713712;0.8114143797257863;0.18858562027421366
1731802627.7103882;/app/bags/user95_2017-02-24.bag;0.834065854549408;0.0;0.9619645476341248;0.0;3.6903359844713712;0.8114143797257863;0.18858562027421366
1731802627.910446;/app/bags/user95_2017-02-24.bag;0.834065854549408;0.0;0.9619645476341248;0.0;3.6903359844713712;0.8114143797257863;0.18858562027421366
1731802628.1103823;/app/bags/user95_2017-02-24.bag;0.834065854549408;0.0;0.9619645476341248;0.0;3.6903359844713712;0.8114143797257863;0.18858562027421366
1731802628.3104672;/app/bags/user95_2017-02-24.bag;0.834065854549408;0.0;0.9619645476341248;0.0;3.6903359844713712;0.8114143797257863;0.18858562027421366
1731802628.5103877;/app/bags/user95_2017-02-24.bag;0.834065854549408;0.0;0.9619645476341248;0.0;3.6903359844713712;0.8114143797257863;0.18858562027421366
1731802628.7104306;/app/bags/user95_2017-02-24.bag;0.834065854549408;0.0;0.9619645476341248;0.0;3.6903359844713712;0.8114143797257863;0.18858562027421366
1731802628.910475;/app/bags/user95_2017-02-24.bag;0.834065854549408;0.0;0.9619645476341248;0.0;3.6903359844713712;0.8114143797257863;0.18858562027421366
1731802629.1104295;/app/bags/user95_2017-02-24.bag;0.834065854549408;0.0;0.9619645476341248;0.0;3.6903359844713712;0.8114143797257863;0.18858562027421366
1731802629.3104086;/app/bags/user95_2017-02-24.bag;0.834065854549408;0.0;0.9619645476341248;0.0;3.6903359844713712;0.8114143797257863;0.18858562027421366
1731802629.5106297;/app/bags/user95_2017-02-24.bag;0.834065854549408;0.0;0.9619645476341248;0.0;3.6903359844713712;0.8114143797257863;0.18858562027421366
1731802629.7103877;/app/bags/user95_2017-02-24.bag;0.834065854549408;0.0;0.9619645476341248;0.0;3.6903359844713712;0.8114143797257863;0.18858562027421366
1731802629.9104078;/app/bags/user95_2017-02-24.bag;0.834065854549408;0.0;0.9619645476341248;0.0;3.6903359844713712;0.8114143797257863;0.18858562027421366
1731802630.110445;/app/bags/user95_2017-02-24.bag;0.834065854549408;0.0;0.9619645476341248;0.0;3.6903359844713712;0.8114143797257863;0.18858562027421366
1731802630.310423;/app/bags/user95_2017-02-24.bag;0.834065854549408;0.0;0.9619645476341248;0.0;3.6903359844713712;0.8114143797257863;0.18858562027421366
1731802630.510405;/app/bags/user95_2017-02-24.bag;0.834065854549408;0.0;0.9619645476341248;0.0;3.6903359844713712;0.8114143797257863;0.18858562027421366
1731802630.7103536;/app/bags/user95_2017-02-24.bag;0.834065854549408;0.0;0.9619645476341248;0.0;3.6903359844713712;0.8114143797257863;0.18858562027421366
1731802630.910402;/app/bags/user95_2017-02-24.bag;0.834065854549408;0.0;0.9619645476341248;0.0;3.6903359844713712;0.8114143797257863;0.18858562027421366
1731802631.1104786;/app/bags/user95_2017-02-24.bag;0.834065854549408;0.0;0.9619645476341248;0.0;3.6903359844713712;0.8114143797257863;0.18858562027421366
1731802631.310389;/app/bags/user95_2017-02-24.bag;0.834065854549408;0.0;0.9619645476341248;0.0;3.6903359844713712;0.8114143797257863;0.18858562027421366
1731802631.510379;/app/bags/user95_2017-02-24.bag;0.834065854549408;0.0;0.9619645476341248;0.0;3.6903359844713712;0.8114143797257863;0.18858562027421366
1731802631.7103877;/app/bags/user95_2017-02-24.bag;0.834065854549408;0.0;0.9619645476341248;0.0;3.6903359844713712;0.8114143797257863;0.18858562027421366
1731802631.9104261;/app/bags/user95_2017-02-24.bag;0.834065854549408;0.0;0.9619645476341248;0.0;3.6903359844713712;0.8114143797257863;0.18858562027421366
1731802632.1104257;/app/bags/user95_2017-02-24.bag;0.834065854549408;0.0;0.9619645476341248;0.0;3.6903359844713712;0.8114143797257863;0.18858562027421366
1731802632.313313;/app/bags/user95_2017-02-24.bag;0.834065854549408;0.0;0.9619645476341248;0.0;3.6903359844713712;0.8114143797257863;0.18858562027421366
1731802632.510415;/app/bags/user95_2017-02-24.bag;0.834065854549408;0.0;0.9619645476341248;0.0;3.6903359844713712;0.8114143797257863;0.18858562027421366
1731802632.7103972;/app/bags/user95_2017-02-24.bag;0.834065854549408;0.0;0.9619645476341248;0.0;3.6903359844713712;0.8114143797257863;0.18858562027421366
1731802632.9104245;/app/bags/user95_2017-02-24.bag;0.834065854549408;0.0;0.9619645476341248;0.0;3.6903359844713712;0.8114143797257863;0.18858562027421366
1731802633.1105077;/app/bags/user95_2017-02-24.bag;0.834065854549408;0.0;0.9619645476341248;0.0;3.6903359844713712;0.8114143797257863;0.18858562027421366
1731802633.3104532;/app/bags/user95_2017-02-24.bag;0.834065854549408;0.0;0.9619645476341248;0.0;3.6903359844713712;0.8114143797257863;0.18858562027421366
1731802633.5103855;/app/bags/user95_2017-02-24.bag;0.834065854549408;0.0;0.9619645476341248;0.0;3.6903359844713712;0.8114143797257863;0.18858562027421366
1731802633.7104123;/app/bags/user95_2017-02-24.bag;0.834065854549408;0.0;0.9619645476341248;0.0;3.6903359844713712;0.8114143797257863;0.18858562027421366
1731802633.910385;/app/bags/user95_2017-02-24.bag;0.834065854549408;0.0;0.9619645476341248;0.0;3.6903359844713712;0.8114143797257863;0.18858562027421366
1731802634.1104217;/app/bags/user95_2017-02-24.bag;0.834065854549408;0.0;0.9619645476341248;0.0;3.6903359844713712;0.8114143797257863;0.18858562027421366
1731802634.3103876;/app/bags/user95_2017-02-24.bag;0.834065854549408;0.0;0.9619645476341248;0.0;3.6903359844713712;0.8114143797257863;0.18858562027421366
1731802634.5103633;/app/bags/user95_2017-02-24.bag;0.834065854549408;0.0;0.9619645476341248;0.0;3.6903359844713712;0.8114143797257863;0.18858562027421366
1731802634.710426;/app/bags/user95_2017-02-24.bag;0.834065854549408;0.0;0.9619645476341248;0.0;3.6903359844713712;0.8114143797257863;0.18858562027421366
1731802634.9104593;/app/bags/user95_2017-02-24.bag;0.834065854549408;0.0;0.9619645476341248;0.0;3.6903359844713712;0.8114143797257863;0.18858562027421366
1731802635.1104286;/app/bags/user95_2017-02-24.bag;0.834065854549408;0.0;0.9619645476341248;0.0;3.6903359844713712;0.8114143797257863;0.18858562027421366
1731802635.310425;/app/bags/user95_2017-02-24.bag;0.834065854549408;0.0;0.9619645476341248;0.0;3.6903359844713712;0.8114143797257863;0.18858562027421366
1731802635.5103884;/app/bags/user95_2017-02-24.bag;0.834065854549408;0.0;0.9619645476341248;0.0;3.6903359844713712;0.8114143797257863;0.18858562027421366
1731802635.7103882;/app/bags/user95_2017-02-24.bag;0.834065854549408;0.0;0.9619645476341248;0.0;3.6903359844713712;0.8114143797257863;0.18858562027421366
1731802635.9104462;/app/bags/user95_2017-02-24.bag;0.834065854549408;0.0;0.9619645476341248;0.0;3.6903359844713712;0.8114143797257863;0.18858562027421366
1731802636.110473;/app/bags/user95_2017-02-24.bag;0.834065854549408;0.0;0.9619645476341248;0.0;3.6903359844713712;0.8114143797257863;0.18858562027421366
1731802636.3104136;/app/bags/user95_2017-02-24.bag;0.834065854549408;0.0;0.9619645476341248;0.0;3.6903359844713712;0.8114143797257863;0.18858562027421366
1731802636.5103989;/app/bags/user95_2017-02-24.bag;0.834065854549408;0.0;0.9619645476341248;0.0;3.6903359844713712;0.8114143797257863;0.18858562027421366
1731802636.7103872;/app/bags/user95_2017-02-24.bag;0.834065854549408;0.0;0.9619645476341248;0.0;3.6903359844713712;0.8114143797257863;0.18858562027421366
1731802636.9104044;/app/bags/user95_2017-02-24.bag;0.834065854549408;0.0;0.9619645476341248;0.0;3.6903359844713712;0.8114143797257863;0.18858562027421366
1731802637.1104188;/app/bags/user95_2017-02-24.bag;0.834065854549408;0.0;0.9619645476341248;0.0;3.6903359844713712;0.8114143797257863;0.18858562027421366
1731802637.3104932;/app/bags/user95_2017-02-24.bag;0.834065854549408;0.0;0.9619645476341248;0.0;3.6903359844713712;0.8114143797257863;0.18858562027421366
1731802637.510436;/app/bags/user95_2017-02-24.bag;0.834065854549408;0.0;0.9619645476341248;0.0;3.6903359844713712;0.8114143797257863;0.18858562027421366
1731802637.7103763;/app/bags/user95_2017-02-24.bag;0.834065854549408;0.0;0.9619645476341248;0.0;3.6903359844713712;0.8114143797257863;0.18858562027421366
1731802637.9103959;/app/bags/user95_2017-02-24.bag;0.834065854549408;0.0;0.9619645476341248;0.0;3.6903359844713712;0.8114143797257863;0.18858562027421366
1731802638.1104655;/app/bags/user95_2017-02-24.bag;0.834065854549408;0.0;0.9619645476341248;0.0;3.6903359844713712;0.8114143797257863;0.18858562027421366
1731802638.3103933;/app/bags/user95_2017-02-24.bag;0.834065854549408;0.0;0.9619645476341248;0.0;3.6903359844713712;0.8114143797257863;0.18858562027421366
1731802638.5103834;/app/bags/user95_2017-02-24.bag;0.834065854549408;0.0;0.9619645476341248;0.0;3.6903359844713712;0.8114143797257863;0.18858562027421366
1731802638.7104003;/app/bags/user95_2017-02-24.bag;0.834065854549408;0.0;0.9619645476341248;0.0;3.6903359844713712;0.8114143797257863;0.18858562027421366
1731802638.9103742;/app/bags/user95_2017-02-24.bag;0.834065854549408;0.0;0.9619645476341248;0.0;3.6903359844713712;0.8114143797257863;0.18858562027421366
1731802639.1103504;/app/bags/user95_2017-02-24.bag;0.834065854549408;0.0;0.9619645476341248;0.0;3.6903359844713712;0.8114143797257863;0.18858562027421366
1731802639.310439;/app/bags/user95_2017-02-24.bag;0.834065854549408;0.0;0.9619645476341248;0.0;3.6903359844713712;0.8114143797257863;0.18858562027421366
1731802639.5103881;/app/bags/user95_2017-02-24.bag;0.834065854549408;0.0;0.9619645476341248;0.0;3.6903359844713712;0.8114143797257863;0.18858562027421366
1731802639.7104418;/app/bags/user95_2017-02-24.bag;0.834065854549408;0.0;0.9619645476341248;0.0;3.6903359844713712;0.8114143797257863;0.18858562027421366
1731802639.9104116;/app/bags/user95_2017-02-24.bag;0.834065854549408;0.0;0.9619645476341248;0.0;3.6903359844713712;0.8114143797257863;0.18858562027421366
1731802640.1103625;/app/bags/user95_2017-02-24.bag;0.834065854549408;0.0;0.9619645476341248;0.0;3.6903359844713712;0.8114143797257863;0.18858562027421366
1731802640.3104367;/app/bags/user95_2017-02-24.bag;0.834065854549408;0.0;0.9619645476341248;0.0;3.6903359844713712;0.8114143797257863;0.18858562027421366
1731802640.510394;/app/bags/user95_2017-02-24.bag;0.834065854549408;0.0;0.9619645476341248;0.0;3.6903359844713712;0.8114143797257863;0.18858562027421366
1731802640.7104435;/app/bags/user95_2017-02-24.bag;0.834065854549408;0.0;0.9619645476341248;0.0;3.6903359844713712;0.8114143797257863;0.18858562027421366
1731802640.910435;/app/bags/user95_2017-02-24.bag;0.834065854549408;0.0;0.9619645476341248;0.0;3.6903359844713712;0.8114143797257863;0.18858562027421366
1731802641.1105068;/app/bags/user95_2017-02-24.bag;0.834065854549408;0.0;0.9619645476341248;0.0;3.6903359844713712;0.8114143797257863;0.18858562027421366
1731802641.3104045;/app/bags/user95_2017-02-24.bag;0.834065854549408;0.0;0.9619645476341248;0.0;3.6903359844713712;0.8114143797257863;0.18858562027421366
1731802641.5103726;/app/bags/user95_2017-02-24.bag;0.834065854549408;0.0;0.9619645476341248;0.0;3.6903359844713712;0.8114143797257863;0.18858562027421366
1731802641.7103996;/app/bags/user95_2017-02-24.bag;0.834065854549408;0.0;0.9619645476341248;0.0;3.6903359844713712;0.8114143797257863;0.18858562027421366
1731802641.910558;/app/bags/user95_2017-02-24.bag;0.834065854549408;0.0;0.9619645476341248;0.0;3.6903359844713712;0.8114143797257863;0.18858562027421366
1731802642.1104062;/app/bags/user95_2017-02-24.bag;0.834065854549408;0.0;0.9619645476341248;0.0;3.6903359844713712;0.8114143797257863;0.18858562027421366
1731802642.3104148;/app/bags/user95_2017-02-24.bag;0.834065854549408;0.0;0.9619645476341248;0.0;3.6903359844713712;0.8114143797257863;0.18858562027421366
1731802642.5103874;/app/bags/user95_2017-02-24.bag;0.834065854549408;0.0;0.9619645476341248;0.0;3.6903359844713712;0.8114143797257863;0.18858562027421366
1731802642.7104177;/app/bags/user95_2017-02-24.bag;0.834065854549408;0.0;0.9619645476341248;0.0;3.6903359844713712;0.8114143797257863;0.18858562027421366
1731802642.9103987;/app/bags/user95_2017-02-24.bag;0.834065854549408;0.0;0.9619645476341248;0.0;3.6903359844713712;0.8114143797257863;0.18858562027421366
1731802643.110439;/app/bags/user95_2017-02-24.bag;0.834065854549408;0.0;0.9619645476341248;0.0;3.6903359844713712;0.8114143797257863;0.18858562027421366
1731802643.3104856;/app/bags/user95_2017-02-24.bag;0.834065854549408;0.0;0.9619645476341248;0.0;3.6903359844713712;0.8114143797257863;0.18858562027421366
1731802643.5104032;/app/bags/user95_2017-02-24.bag;0.834065854549408;0.0;0.9619645476341248;0.0;3.6903359844713712;0.8114143797257863;0.18858562027421366
1731802643.7103481;/app/bags/user95_2017-02-24.bag;0.834065854549408;0.0;0.9619645476341248;0.0;3.6903359844713712;0.8114143797257863;0.18858562027421366
1731802643.9105322;/app/bags/user95_2017-02-24.bag;0.834065854549408;0.0;0.9619645476341248;0.0;3.6903359844713712;0.8114143797257863;0.18858562027421366
1731802644.1104026;/app/bags/user95_2017-02-24.bag;0.834065854549408;0.0;0.9619645476341248;0.0;3.6903359844713712;0.8114143797257863;0.18858562027421366
1731802644.3103673;/app/bags/user95_2017-02-24.bag;0.834065854549408;0.0;0.9619645476341248;0.0;3.6903359844713712;0.8114143797257863;0.18858562027421366
1731802644.510388;/app/bags/user95_2017-02-24.bag;0.834065854549408;0.0;0.9619645476341248;0.0;3.6903359844713712;0.8114143797257863;0.18858562027421366
1731802644.7103808;/app/bags/user95_2017-02-24.bag;0.834065854549408;0.0;0.9619645476341248;0.0;3.6903359844713712;0.8114143797257863;0.18858562027421366
1731802644.9105551;/app/bags/user95_2017-02-24.bag;0.834065854549408;0.0;0.9619645476341248;0.0;3.6903359844713712;0.8114143797257863;0.18858562027421366
1731802645.11038;/app/bags/user95_2017-02-24.bag;0.834065854549408;0.0;0.9619645476341248;0.0;3.6903359844713712;0.8114143797257863;0.18858562027421366
1731802645.3104582;/app/bags/user95_2017-02-24.bag;0.834065854549408;0.0;0.9619645476341248;0.0;3.6903359844713712;0.8114143797257863;0.18858562027421366
1731802645.5104053;/app/bags/user95_2017-02-24.bag;0.834065854549408;0.0;0.9619645476341248;0.0;3.6903359844713712;0.8114143797257863;0.18858562027421366
1731802645.7104504;/app/bags/user95_2017-02-24.bag;0.834065854549408;0.0;0.9619645476341248;0.0;3.6903359844713712;0.8114143797257863;0.18858562027421366
1731802645.9103973;/app/bags/user95_2017-02-24.bag;0.834065854549408;0.0;0.9619645476341248;0.0;3.6903359844713712;0.8114143797257863;0.18858562027421366
1731802646.1104553;/app/bags/user95_2017-02-24.bag;0.834065854549408;0.0;0.9619645476341248;0.0;3.6903359844713712;0.8114143797257863;0.18858562027421366
1731802646.3103957;/app/bags/user95_2017-02-24.bag;0.834065854549408;0.0;0.9619645476341248;0.0;3.6903359844713712;0.8114143797257863;0.18858562027421366
1731802646.5104342;/app/bags/user95_2017-02-24.bag;0.834065854549408;0.0;0.9619645476341248;0.0;3.6903359844713712;0.8114143797257863;0.18858562027421366
1731802646.7103863;/app/bags/user95_2017-02-24.bag;0.834065854549408;0.0;0.9619645476341248;0.0;3.6903359844713712;0.8114143797257863;0.18858562027421366
1731802646.9103696;/app/bags/user95_2017-02-24.bag;0.834065854549408;0.0;0.9619645476341248;0.0;3.6903359844713712;0.8114143797257863;0.18858562027421366
1731802647.1103928;/app/bags/user95_2017-02-24.bag;0.834065854549408;0.0;0.9619645476341248;0.0;3.6903359844713712;0.8114143797257863;0.18858562027421366
1731802647.3103945;/app/bags/user95_2017-02-24.bag;0.834065854549408;0.0;0.9619645476341248;0.0;3.6903359844713712;0.8114143797257863;0.18858562027421366
1731802647.5104146;/app/bags/user95_2017-02-24.bag;0.834065854549408;0.0;0.9619645476341248;0.0;3.6903359844713712;0.8114143797257863;0.18858562027421366
1731802647.710461;/app/bags/user95_2017-02-24.bag;0.834065854549408;0.0;0.9619645476341248;0.0;3.6903359844713712;0.8114143797257863;0.18858562027421366
1731802647.910381;/app/bags/user95_2017-02-24.bag;0.834065854549408;0.0;0.9619645476341248;0.0;3.6903359844713712;0.8114143797257863;0.18858562027421366
1731802648.1103852;/app/bags/user95_2017-02-24.bag;0.834065854549408;0.0;0.9619645476341248;0.0;3.6903359844713712;0.8114143797257863;0.18858562027421366
1731802648.3104033;/app/bags/user95_2017-02-24.bag;0.834065854549408;0.0;0.9619645476341248;0.0;3.6903359844713712;0.8114143797257863;0.18858562027421366
1731802648.5104365;/app/bags/user95_2017-02-24.bag;0.834065854549408;0.0;0.9619645476341248;0.0;3.6903359844713712;0.8114143797257863;0.18858562027421366
1731802648.7103932;/app/bags/user95_2017-02-24.bag;0.834065854549408;0.0;0.9619645476341248;0.0;3.6903359844713712;0.8114143797257863;0.18858562027421366
1731802648.9104817;/app/bags/user95_2017-02-24.bag;0.834065854549408;0.0;0.9619645476341248;0.0;3.6903359844713712;0.8114143797257863;0.18858562027421366
1731802649.1103642;/app/bags/user95_2017-02-24.bag;0.834065854549408;0.0;0.9619645476341248;0.0;3.6903359844713712;0.8114143797257863;0.18858562027421366
1731802649.3104084;/app/bags/user95_2017-02-24.bag;0.834065854549408;0.0;0.9619645476341248;0.0;3.6903359844713712;0.8114143797257863;0.18858562027421366
1731802649.510384;/app/bags/user95_2017-02-24.bag;0.834065854549408;0.0;0.9619645476341248;0.0;3.6903359844713712;0.8114143797257863;0.18858562027421366
1731802649.710447;/app/bags/user95_2017-02-24.bag;0.834065854549408;0.0;0.9619645476341248;0.0;3.6903359844713712;0.8114143797257863;0.18858562027421366
1731802649.9103954;/app/bags/user95_2017-02-24.bag;0.834065854549408;0.0;0.9619645476341248;0.0;3.6903359844713712;0.8114143797257863;0.18858562027421366
1731802650.1104634;/app/bags/user95_2017-02-24.bag;0.834065854549408;0.0;0.9619645476341248;0.0;3.6903359844713712;0.8114143797257863;0.18858562027421366
1731802650.3103843;/app/bags/user95_2017-02-24.bag;0.834065854549408;0.0;0.9619645476341248;0.0;3.6903359844713712;0.8114143797257863;0.18858562027421366
1731802650.5103972;/app/bags/user95_2017-02-24.bag;0.834065854549408;0.0;0.9619645476341248;0.0;3.6903359844713712;0.8114143797257863;0.18858562027421366
1731802650.7104402;/app/bags/user95_2017-02-24.bag;0.834065854549408;0.0;0.9619645476341248;0.0;3.6903359844713712;0.8114143797257863;0.18858562027421366
1731802650.9103816;/app/bags/user95_2017-02-24.bag;0.834065854549408;0.0;0.9619645476341248;0.0;3.6903359844713712;0.8114143797257863;0.18858562027421366
1731802651.1104007;/app/bags/user95_2017-02-24.bag;0.834065854549408;0.0;0.9619645476341248;0.0;3.6903359844713712;0.8114143797257863;0.18858562027421366
1731802651.3103828;/app/bags/user95_2017-02-24.bag;0.834065854549408;0.0;0.9619645476341248;0.0;3.6903359844713712;0.8114143797257863;0.18858562027421366
1731802651.5106468;/app/bags/user95_2017-02-24.bag;0.834065854549408;0.0;0.9619645476341248;0.0;3.6903359844713712;0.8114143797257863;0.18858562027421366
1731802651.710396;/app/bags/user95_2017-02-24.bag;0.834065854549408;0.0;0.9619645476341248;0.0;3.6903359844713712;0.8114143797257863;0.18858562027421366
1731802651.9104486;/app/bags/user95_2017-02-24.bag;0.834065854549408;0.0;0.9619645476341248;0.0;3.6903359844713712;0.8114143797257863;0.18858562027421366
1731802652.1103885;/app/bags/user95_2017-02-24.bag;0.834065854549408;0.0;0.9619645476341248;0.0;3.6903359844713712;0.8114143797257863;0.18858562027421366
1731802652.3103743;/app/bags/user95_2017-02-24.bag;0.834065854549408;0.0;0.9619645476341248;0.0;3.6903359844713712;0.8114143797257863;0.18858562027421366
1731802652.510483;/app/bags/user95_2017-02-24.bag;0.834065854549408;0.0;0.9619645476341248;0.0;3.6903359844713712;0.8114143797257863;0.18858562027421366
1731802652.7104044;/app/bags/user95_2017-02-24.bag;0.834065854549408;0.0;0.9619645476341248;0.0;3.6903359844713712;0.8114143797257863;0.18858562027421366
1731802652.9104135;/app/bags/user95_2017-02-24.bag;0.834065854549408;0.0;0.9619645476341248;0.0;3.6903359844713712;0.8114143797257863;0.18858562027421366
1731802653.1104052;/app/bags/user95_2017-02-24.bag;0.834065854549408;0.0;0.9619645476341248;0.0;3.6903359844713712;0.8114143797257863;0.18858562027421366
1731802653.3103929;/app/bags/user95_2017-02-24.bag;0.834065854549408;0.0;0.9619645476341248;0.0;3.6903359844713712;0.8114143797257863;0.18858562027421366
1731802653.510457;/app/bags/user95_2017-02-24.bag;0.834065854549408;0.0;0.9619645476341248;0.0;3.6903359844713712;0.8114143797257863;0.18858562027421366
1731802653.710419;/app/bags/user95_2017-02-24.bag;0.834065854549408;0.0;0.9619645476341248;0.0;3.6903359844713712;0.8114143797257863;0.18858562027421366
1731802653.9104345;/app/bags/user95_2017-02-24.bag;0.834065854549408;0.0;0.9619645476341248;0.0;3.6903359844713712;0.8114143797257863;0.18858562027421366
1731802654.1103861;/app/bags/user95_2017-02-24.bag;0.834065854549408;0.0;0.9619645476341248;0.0;3.6903359844713712;0.8114143797257863;0.18858562027421366
1731802654.3103666;/app/bags/user95_2017-02-24.bag;0.834065854549408;0.0;0.9619645476341248;0.0;3.6903359844713712;0.8114143797257863;0.18858562027421366
1731802654.510356;/app/bags/user95_2017-02-24.bag;0.834065854549408;0.0;0.9619645476341248;0.0;3.6903359844713712;0.8114143797257863;0.18858562027421366
1731802654.710414;/app/bags/user95_2017-02-24.bag;0.834065854549408;0.0;0.9619645476341248;0.0;3.6903359844713712;0.8114143797257863;0.18858562027421366
1731802654.9103746;/app/bags/user95_2017-02-24.bag;0.834065854549408;0.0;0.9619645476341248;0.0;3.6903359844713712;0.8114143797257863;0.18858562027421366
1731802655.1103723;/app/bags/user95_2017-02-24.bag;0.834065854549408;0.0;0.9619645476341248;0.0;3.6903359844713712;0.8114143797257863;0.18858562027421366
1731802655.310528;/app/bags/user95_2017-02-24.bag;0.834065854549408;0.0;0.9619645476341248;0.0;3.6903359844713712;0.8114143797257863;0.18858562027421366
1731802655.5104814;/app/bags/user95_2017-02-24.bag;0.834065854549408;0.0;0.9619645476341248;0.0;3.6903359844713712;0.8114143797257863;0.18858562027421366
1731802655.7104287;/app/bags/user95_2017-02-24.bag;0.834065854549408;0.0;0.9619645476341248;0.0;3.6903359844713712;0.8114143797257863;0.18858562027421366
1731802655.910453;/app/bags/user95_2017-02-24.bag;0.834065854549408;0.0;0.9619645476341248;0.0;3.6903359844713712;0.8114143797257863;0.18858562027421366
1731802656.110441;/app/bags/user95_2017-02-24.bag;0.834065854549408;0.0;0.9619645476341248;0.0;3.6903359844713712;0.8114143797257863;0.18858562027421366
1731802656.3104012;/app/bags/user95_2017-02-24.bag;0.834065854549408;0.0;0.9619645476341248;0.0;3.6903359844713712;0.8114143797257863;0.18858562027421366
1731802656.5103896;/app/bags/user95_2017-02-24.bag;0.834065854549408;0.0;0.9619645476341248;0.0;3.6903359844713712;0.8114143797257863;0.18858562027421366
1731802656.710435;/app/bags/user95_2017-02-24.bag;0.834065854549408;0.0;0.9619645476341248;0.0;3.6903359844713712;0.8114143797257863;0.18858562027421366
1731802656.9103947;/app/bags/user95_2017-02-24.bag;0.834065854549408;0.0;0.9619645476341248;0.0;3.6903359844713712;0.8114143797257863;0.18858562027421366
1731802657.1105564;/app/bags/user95_2017-02-24.bag;0.834065854549408;0.0;0.9619645476341248;0.0;3.6903359844713712;0.8114143797257863;0.18858562027421366
1731802657.3103905;/app/bags/user95_2017-02-24.bag;0.834065854549408;0.0;0.9619645476341248;0.0;3.6903359844713712;0.8114143797257863;0.18858562027421366
1731802657.5104098;/app/bags/user95_2017-02-24.bag;0.834065854549408;0.0;0.9619645476341248;0.0;3.6903359844713712;0.8114143797257863;0.18858562027421366
1731802657.7103975;/app/bags/user95_2017-02-24.bag;0.834065854549408;0.0;0.9619645476341248;0.0;3.6903359844713712;0.8114143797257863;0.18858562027421366
1731802657.9103994;/app/bags/user95_2017-02-24.bag;0.834065854549408;0.0;0.9619645476341248;0.0;3.6903359844713712;0.8114143797257863;0.18858562027421366
1731802658.110404;/app/bags/user95_2017-02-24.bag;0.834065854549408;0.0;0.9619645476341248;0.0;3.6903359844713712;0.8114143797257863;0.18858562027421366
1731802658.310396;/app/bags/user95_2017-02-24.bag;0.834065854549408;0.0;0.9619645476341248;0.0;3.6903359844713712;0.8114143797257863;0.18858562027421366
1731802658.5104008;/app/bags/user95_2017-02-24.bag;0.834065854549408;0.0;0.9619645476341248;0.0;3.6903359844713712;0.8114143797257863;0.18858562027421366
1731802658.710416;/app/bags/user95_2017-02-24.bag;0.834065854549408;0.0;0.9619645476341248;0.0;3.6903359844713712;0.8114143797257863;0.18858562027421366
1731802658.9104202;/app/bags/user95_2017-02-24.bag;0.834065854549408;0.0;0.9619645476341248;0.0;3.6903359844713712;0.8114143797257863;0.18858562027421366
1731802659.11036;/app/bags/user95_2017-02-24.bag;0.834065854549408;0.0;0.9619645476341248;0.0;3.6903359844713712;0.8114143797257863;0.18858562027421366
1731802659.3103728;/app/bags/user95_2017-02-24.bag;0.834065854549408;0.0;0.9619645476341248;0.0;3.6903359844713712;0.8114143797257863;0.18858562027421366
1731802659.510384;/app/bags/user95_2017-02-24.bag;0.834065854549408;0.0;0.9619645476341248;0.0;3.6903359844713712;0.8114143797257863;0.18858562027421366
1731802659.7103913;/app/bags/user95_2017-02-24.bag;0.834065854549408;0.0;0.9619645476341248;0.0;3.6903359844713712;0.8114143797257863;0.18858562027421366
1731802659.9104328;/app/bags/user95_2017-02-24.bag;0.834065854549408;0.0;0.9619645476341248;0.0;3.6903359844713712;0.8114143797257863;0.18858562027421366
1731802660.110404;/app/bags/user95_2017-02-24.bag;0.834065854549408;0.0;0.9619645476341248;0.0;3.6903359844713712;0.8114143797257863;0.18858562027421366
1731802660.310459;/app/bags/user95_2017-02-24.bag;0.834065854549408;0.0;0.9619645476341248;0.0;3.6903359844713712;0.8114143797257863;0.18858562027421366
1731802660.510385;/app/bags/user95_2017-02-24.bag;0.834065854549408;0.0;0.9619645476341248;0.0;3.6903359844713712;0.8114143797257863;0.18858562027421366
1731802660.710529;/app/bags/user95_2017-02-24.bag;0.834065854549408;0.0;0.9619645476341248;0.0;3.6903359844713712;0.8114143797257863;0.18858562027421366
1731802660.910441;/app/bags/user95_2017-02-24.bag;0.834065854549408;0.0;0.9619645476341248;0.0;3.6903359844713712;0.8114143797257863;0.18858562027421366
1731802661.1103477;/app/bags/user95_2017-02-24.bag;0.834065854549408;0.0;0.9619645476341248;0.0;3.6903359844713712;0.8114143797257863;0.18858562027421366
1731802661.3104265;/app/bags/user95_2017-02-24.bag;0.834065854549408;0.0;0.9619645476341248;0.0;3.6903359844713712;0.8114143797257863;0.18858562027421366
1731802661.5104122;/app/bags/user95_2017-02-24.bag;0.834065854549408;0.0;0.9619645476341248;0.0;3.6903359844713712;0.8114143797257863;0.18858562027421366
1731802661.7104092;/app/bags/user95_2017-02-24.bag;0.834065854549408;0.0;0.9619645476341248;0.0;3.6903359844713712;0.8114143797257863;0.18858562027421366
1731802661.910372;/app/bags/user95_2017-02-24.bag;0.834065854549408;0.0;0.9619645476341248;0.0;3.6903359844713712;0.8114143797257863;0.18858562027421366
1731802662.1104257;/app/bags/user95_2017-02-24.bag;0.834065854549408;0.0;0.9619645476341248;0.0;3.6903359844713712;0.8114143797257863;0.18858562027421366
1731802662.310496;/app/bags/user95_2017-02-24.bag;0.834065854549408;0.0;0.9619645476341248;0.0;3.6903359844713712;0.8114143797257863;0.18858562027421366
1731802662.510381;/app/bags/user95_2017-02-24.bag;0.834065854549408;0.0;0.9619645476341248;0.0;3.6903359844713712;0.8114143797257863;0.18858562027421366
1731802662.7104375;/app/bags/user95_2017-02-24.bag;0.834065854549408;0.0;0.9619645476341248;0.0;3.6903359844713712;0.8114143797257863;0.18858562027421366
1731802662.910343;/app/bags/user95_2017-02-24.bag;0.834065854549408;0.0;0.9619645476341248;0.0;3.6903359844713712;0.8114143797257863;0.18858562027421366
1731802663.1104038;/app/bags/user95_2017-02-24.bag;0.834065854549408;0.0;0.9619645476341248;0.0;3.6903359844713712;0.8114143797257863;0.18858562027421366
1731802663.3105457;/app/bags/user95_2017-02-24.bag;0.834065854549408;0.0;0.9619645476341248;0.0;3.6903359844713712;0.8114143797257863;0.18858562027421366
1731802663.5103946;/app/bags/user95_2017-02-24.bag;0.834065854549408;0.0;0.9619645476341248;0.0;3.6903359844713712;0.8114143797257863;0.18858562027421366
1731802663.7103863;/app/bags/user95_2017-02-24.bag;0.834065854549408;0.0;0.9619645476341248;0.0;3.6903359844713712;0.8114143797257863;0.18858562027421366
1731802663.910612;/app/bags/user95_2017-02-24.bag;0.834065854549408;0.0;0.9619645476341248;0.0;3.6903359844713712;0.8114143797257863;0.18858562027421366
1731802664.1103756;/app/bags/user95_2017-02-24.bag;0.834065854549408;0.0;0.9619645476341248;0.0;3.6903359844713712;0.8114143797257863;0.18858562027421366
1731802664.3104908;/app/bags/user95_2017-02-24.bag;0.834065854549408;0.0;0.9619645476341248;0.0;3.6903359844713712;0.8114143797257863;0.18858562027421366
1731802664.5103831;/app/bags/user95_2017-02-24.bag;0.834065854549408;0.0;0.9619645476341248;0.0;3.6903359844713712;0.8114143797257863;0.18858562027421366
1731802664.7103846;/app/bags/user95_2017-02-24.bag;0.834065854549408;0.0;0.9619645476341248;0.0;3.6903359844713712;0.8114143797257863;0.18858562027421366
1731802664.9103768;/app/bags/user95_2017-02-24.bag;0.834065854549408;0.0;0.9619645476341248;0.0;3.6903359844713712;0.8114143797257863;0.18858562027421366
1731802665.1103463;/app/bags/user95_2017-02-24.bag;0.834065854549408;0.0;0.9619645476341248;0.0;3.6903359844713712;0.8114143797257863;0.18858562027421366
1731802665.310503;/app/bags/user95_2017-02-24.bag;0.834065854549408;0.0;0.9619645476341248;0.0;3.6903359844713712;0.8114143797257863;0.18858562027421366
1731802665.5104368;/app/bags/user95_2017-02-24.bag;0.834065854549408;0.0;0.9619645476341248;0.0;3.6903359844713712;0.8114143797257863;0.18858562027421366
1731802665.7104118;/app/bags/user95_2017-02-24.bag;0.834065854549408;0.0;0.9619645476341248;0.0;3.6903359844713712;0.8114143797257863;0.18858562027421366
1731802665.9103873;/app/bags/user95_2017-02-24.bag;0.834065854549408;0.0;0.9619645476341248;0.0;3.6903359844713712;0.8114143797257863;0.18858562027421366
1731802666.1104517;/app/bags/user95_2017-02-24.bag;0.834065854549408;0.0;0.9619645476341248;0.0;3.6903359844713712;0.8114143797257863;0.18858562027421366
1731802666.3103862;/app/bags/user95_2017-02-24.bag;0.834065854549408;0.0;0.9619645476341248;0.0;3.6903359844713712;0.8114143797257863;0.18858562027421366
1731802666.510445;/app/bags/user95_2017-02-24.bag;0.834065854549408;0.0;0.9619645476341248;0.0;3.6903359844713712;0.8114143797257863;0.18858562027421366
1731802666.7104475;/app/bags/user95_2017-02-24.bag;0.834065854549408;0.0;0.9619645476341248;0.0;3.6903359844713712;0.8114143797257863;0.18858562027421366
1731802666.9104035;/app/bags/user95_2017-02-24.bag;0.834065854549408;0.0;0.9619645476341248;0.0;3.6903359844713712;0.8114143797257863;0.18858562027421366
1731802667.1104963;/app/bags/user95_2017-02-24.bag;0.834065854549408;0.0;0.9619645476341248;0.0;3.6903359844713712;0.8114143797257863;0.18858562027421366
1731802667.3103895;/app/bags/user95_2017-02-24.bag;0.834065854549408;0.0;0.9619645476341248;0.0;3.6903359844713712;0.8114143797257863;0.18858562027421366
1731802667.5104482;/app/bags/user95_2017-02-24.bag;0.834065854549408;0.0;0.9619645476341248;0.0;3.6903359844713712;0.8114143797257863;0.18858562027421366
1731802667.7104454;/app/bags/user95_2017-02-24.bag;0.834065854549408;0.0;0.9619645476341248;0.0;3.6903359844713712;0.8114143797257863;0.18858562027421366
1731802667.910391;/app/bags/user95_2017-02-24.bag;0.834065854549408;0.0;0.9619645476341248;0.0;3.6903359844713712;0.8114143797257863;0.18858562027421366
1731802668.1103685;/app/bags/user95_2017-02-24.bag;0.834065854549408;0.0;0.9619645476341248;0.0;3.6903359844713712;0.8114143797257863;0.18858562027421366
1731802668.3103383;/app/bags/user95_2017-02-24.bag;0.834065854549408;0.0;0.9619645476341248;0.0;3.6903359844713712;0.8114143797257863;0.18858562027421366
1731802668.5104036;/app/bags/user95_2017-02-24.bag;0.834065854549408;0.0;0.9619645476341248;0.0;3.6903359844713712;0.8114143797257863;0.18858562027421366
1731802668.7103748;/app/bags/user95_2017-02-24.bag;0.834065854549408;0.0;0.9619645476341248;0.0;3.6903359844713712;0.8114143797257863;0.18858562027421366
1731802668.9103584;/app/bags/user95_2017-02-24.bag;0.834065854549408;0.0;0.9619645476341248;0.0;3.6903359844713712;0.8114143797257863;0.18858562027421366
1731802669.110466;/app/bags/user95_2017-02-24.bag;0.834065854549408;0.0;0.9619645476341248;0.0;3.6903359844713712;0.8114143797257863;0.18858562027421366
1731802669.3104012;/app/bags/user95_2017-02-24.bag;0.834065854549408;0.0;0.9619645476341248;0.0;3.6903359844713712;0.8114143797257863;0.18858562027421366
1731802669.5102043;/app/bags/user95_2017-02-24.bag;0.834065854549408;0.0;0.9619645476341248;0.0;3.6903359844713712;0.8114143797257863;0.18858562027421366
1731802669.7104676;/app/bags/user95_2017-02-24.bag;0.834065854549408;0.0;0.9619645476341248;0.0;3.6903359844713712;0.8114143797257863;0.18858562027421366
1731802669.9104428;/app/bags/user95_2017-02-24.bag;0.834065854549408;0.0;0.9619645476341248;0.0;3.6903359844713712;0.8114143797257863;0.18858562027421366
1731802670.1104264;/app/bags/user95_2017-02-24.bag;0.834065854549408;0.0;0.9619645476341248;0.0;3.6903359844713712;0.8114143797257863;0.18858562027421366
1731802670.310377;/app/bags/user95_2017-02-24.bag;0.834065854549408;0.0;0.9619645476341248;0.0;3.6903359844713712;0.8114143797257863;0.18858562027421366
1731802670.5103536;/app/bags/user95_2017-02-24.bag;0.834065854549408;0.0;0.9619645476341248;0.0;3.6903359844713712;0.8114143797257863;0.18858562027421366
1731802670.710414;/app/bags/user95_2017-02-24.bag;0.834065854549408;0.0;0.9619645476341248;0.0;3.6903359844713712;0.8114143797257863;0.18858562027421366
1731802670.9104326;/app/bags/user95_2017-02-24.bag;0.834065854549408;0.0;0.9619645476341248;0.0;3.6903359844713712;0.8114143797257863;0.18858562027421366
1731802671.1104667;/app/bags/user95_2017-02-24.bag;0.834065854549408;0.0;0.9619645476341248;0.0;3.6903359844713712;0.8114143797257863;0.18858562027421366
1731802671.3104322;/app/bags/user95_2017-02-24.bag;0.834065854549408;0.0;0.9619645476341248;0.0;3.6903359844713712;0.8114143797257863;0.18858562027421366
1731802671.5103703;/app/bags/user95_2017-02-24.bag;0.834065854549408;0.0;0.9619645476341248;0.0;3.6903359844713712;0.8114143797257863;0.18858562027421366
1731802671.7103994;/app/bags/user95_2017-02-24.bag;0.834065854549408;0.0;0.9619645476341248;0.0;3.6903359844713712;0.8114143797257863;0.18858562027421366
1731802671.9104133;/app/bags/user95_2017-02-24.bag;0.834065854549408;0.0;0.9619645476341248;0.0;3.6903359844713712;0.8114143797257863;0.18858562027421366
1731802672.1104023;/app/bags/user95_2017-02-24.bag;0.834065854549408;0.0;0.9619645476341248;0.0;3.6903359844713712;0.8114143797257863;0.18858562027421366
1731802672.3104012;/app/bags/user95_2017-02-24.bag;0.834065854549408;0.0;0.9619645476341248;0.0;3.6903359844713712;0.8114143797257863;0.18858562027421366
1731802672.510387;/app/bags/user95_2017-02-24.bag;0.834065854549408;0.0;0.9619645476341248;0.0;3.6903359844713712;0.8114143797257863;0.18858562027421366
1731802672.7104185;/app/bags/user95_2017-02-24.bag;0.834065854549408;0.0;0.9619645476341248;0.0;3.6903359844713712;0.8114143797257863;0.18858562027421366
1731802672.9103897;/app/bags/user95_2017-02-24.bag;0.834065854549408;0.0;0.9619645476341248;0.0;3.6903359844713712;0.8114143797257863;0.18858562027421366
1731802673.1104531;/app/bags/user95_2017-02-24.bag;0.834065854549408;0.0;0.9619645476341248;0.0;3.6903359844713712;0.8114143797257863;0.18858562027421366
1731802673.3105993;/app/bags/user95_2017-02-24.bag;0.834065854549408;0.0;0.9619645476341248;0.0;3.6903359844713712;0.8114143797257863;0.18858562027421366
1731802673.5103958;/app/bags/user95_2017-02-24.bag;0.834065854549408;0.0;0.9619645476341248;0.0;3.6903359844713712;0.8114143797257863;0.18858562027421366
1731802673.7104433;/app/bags/user95_2017-02-24.bag;0.834065854549408;0.0;0.9619645476341248;0.0;3.6903359844713712;0.8114143797257863;0.18858562027421366
1731802673.910387;/app/bags/user95_2017-02-24.bag;0.834065854549408;0.0;0.9619645476341248;0.0;3.6903359844713712;0.8114143797257863;0.18858562027421366
1731802674.1104121;/app/bags/user95_2017-02-24.bag;0.834065854549408;0.0;0.9619645476341248;0.0;3.6903359844713712;0.8114143797257863;0.18858562027421366
1731802674.310356;/app/bags/user95_2017-02-24.bag;0.834065854549408;0.0;0.9619645476341248;0.0;3.6903359844713712;0.8114143797257863;0.18858562027421366
1731802674.510383;/app/bags/user95_2017-02-24.bag;0.834065854549408;0.0;0.9619645476341248;0.0;3.6903359844713712;0.8114143797257863;0.18858562027421366
1731802674.7104094;/app/bags/user95_2017-02-24.bag;0.834065854549408;0.0;0.9619645476341248;0.0;3.6903359844713712;0.8114143797257863;0.18858562027421366
1731802674.9104104;/app/bags/user95_2017-02-24.bag;0.834065854549408;0.0;0.9619645476341248;0.0;3.6903359844713712;0.8114143797257863;0.18858562027421366
1731802675.110387;/app/bags/user95_2017-02-24.bag;0.834065854549408;0.0;0.9619645476341248;0.0;3.6903359844713712;0.8114143797257863;0.18858562027421366
1731802675.3103673;/app/bags/user95_2017-02-24.bag;0.834065854549408;0.0;0.9619645476341248;0.0;3.6903359844713712;0.8114143797257863;0.18858562027421366
1731802675.5104332;/app/bags/user95_2017-02-24.bag;0.834065854549408;0.0;0.9619645476341248;0.0;3.6903359844713712;0.8114143797257863;0.18858562027421366
1731802675.7103918;/app/bags/user95_2017-02-24.bag;0.834065854549408;0.0;0.9619645476341248;0.0;3.6903359844713712;0.8114143797257863;0.18858562027421366
1731802675.9104092;/app/bags/user95_2017-02-24.bag;0.834065854549408;0.0;0.9619645476341248;0.0;3.6903359844713712;0.8114143797257863;0.18858562027421366
1731802676.1103737;/app/bags/user95_2017-02-24.bag;0.834065854549408;0.0;0.9619645476341248;0.0;3.6903359844713712;0.8114143797257863;0.18858562027421366
1731802676.3103902;/app/bags/user95_2017-02-24.bag;0.834065854549408;0.0;0.9619645476341248;0.0;3.6903359844713712;0.8114143797257863;0.18858562027421366
1731802676.510377;/app/bags/user95_2017-02-24.bag;0.834065854549408;0.0;0.9619645476341248;0.0;3.6903359844713712;0.8114143797257863;0.18858562027421366
1731802676.7103786;/app/bags/user95_2017-02-24.bag;0.834065854549408;0.0;0.9619645476341248;0.0;3.6903359844713712;0.8114143797257863;0.18858562027421366
1731802676.9104066;/app/bags/user95_2017-02-24.bag;0.834065854549408;0.0;0.9619645476341248;0.0;3.6903359844713712;0.8114143797257863;0.18858562027421366
1731802677.1103673;/app/bags/user95_2017-02-24.bag;0.834065854549408;0.0;0.9619645476341248;0.0;3.6903359844713712;0.8114143797257863;0.18858562027421366
1731802677.3104486;/app/bags/user95_2017-02-24.bag;0.834065854549408;0.0;0.9619645476341248;0.0;3.6903359844713712;0.8114143797257863;0.18858562027421366
1731802677.5103967;/app/bags/user95_2017-02-24.bag;0.834065854549408;0.0;0.9619645476341248;0.0;3.6903359844713712;0.8114143797257863;0.18858562027421366
1731802677.7104082;/app/bags/user95_2017-02-24.bag;0.834065854549408;0.0;0.9619645476341248;0.0;3.6903359844713712;0.8114143797257863;0.18858562027421366
1731802677.9104438;/app/bags/user95_2017-02-24.bag;0.834065854549408;0.0;0.9619645476341248;0.0;3.6903359844713712;0.8114143797257863;0.18858562027421366
1731802678.1104019;/app/bags/user95_2017-02-24.bag;0.834065854549408;0.0;0.9619645476341248;0.0;3.6903359844713712;0.8114143797257863;0.18858562027421366
1731802678.3104143;/app/bags/user95_2017-02-24.bag;0.834065854549408;0.0;0.9619645476341248;0.0;3.6903359844713712;0.8114143797257863;0.18858562027421366
1731802678.5104017;/app/bags/user95_2017-02-24.bag;0.834065854549408;0.0;0.9619645476341248;0.0;3.6903359844713712;0.8114143797257863;0.18858562027421366
1731802678.7104442;/app/bags/user95_2017-02-24.bag;0.834065854549408;0.0;0.9619645476341248;0.0;3.6903359844713712;0.8114143797257863;0.18858562027421366
1731802678.910386;/app/bags/user95_2017-02-24.bag;0.834065854549408;0.0;0.9619645476341248;0.0;3.6903359844713712;0.8114143797257863;0.18858562027421366
1731802679.1104052;/app/bags/user95_2017-02-24.bag;0.834065854549408;0.0;0.9619645476341248;0.0;3.6903359844713712;0.8114143797257863;0.18858562027421366
1731802679.3103697;/app/bags/user95_2017-02-24.bag;0.834065854549408;0.0;0.9619645476341248;0.0;3.6903359844713712;0.8114143797257863;0.18858562027421366
1731802679.5103867;/app/bags/user95_2017-02-24.bag;0.834065854549408;0.0;0.9619645476341248;0.0;3.6903359844713712;0.8114143797257863;0.18858562027421366
1731802679.710375;/app/bags/user95_2017-02-24.bag;0.834065854549408;0.0;0.9619645476341248;0.0;3.6903359844713712;0.8114143797257863;0.18858562027421366
1731802679.9104013;/app/bags/user95_2017-02-24.bag;0.834065854549408;0.0;0.9619645476341248;0.0;3.6903359844713712;0.8114143797257863;0.18858562027421366
1731802680.1105175;/app/bags/user95_2017-02-24.bag;0.834065854549408;0.0;0.9619645476341248;0.0;3.6903359844713712;0.8114143797257863;0.18858562027421366
1731802680.3104358;/app/bags/user95_2017-02-24.bag;0.834065854549408;0.0;0.9619645476341248;0.0;3.6903359844713712;0.8114143797257863;0.18858562027421366
1731802680.5104485;/app/bags/user95_2017-02-24.bag;0.834065854549408;0.0;0.9619645476341248;0.0;3.6903359844713712;0.8114143797257863;0.18858562027421366
1731802680.7103987;/app/bags/user95_2017-02-24.bag;0.834065854549408;0.0;0.9619645476341248;0.0;3.6903359844713712;0.8114143797257863;0.18858562027421366
1731802680.9104414;/app/bags/user95_2017-02-24.bag;0.834065854549408;0.0;0.9619645476341248;0.0;3.6903359844713712;0.8114143797257863;0.18858562027421366
1731802681.11046;/app/bags/user95_2017-02-24.bag;0.834065854549408;0.0;0.9619645476341248;0.0;3.6903359844713712;0.8114143797257863;0.18858562027421366
1731802681.310409;/app/bags/user95_2017-02-24.bag;0.834065854549408;0.0;0.9619645476341248;0.0;3.6903359844713712;0.8114143797257863;0.18858562027421366
1731802681.5103974;/app/bags/user95_2017-02-24.bag;0.834065854549408;0.0;0.9619645476341248;0.0;3.6903359844713712;0.8114143797257863;0.18858562027421366
1731802681.7104053;/app/bags/user95_2017-02-24.bag;0.834065854549408;0.0;0.9619645476341248;0.0;3.6903359844713712;0.8114143797257863;0.18858562027421366
1731802681.910703;/app/bags/user95_2017-02-24.bag;0.834065854549408;0.0;0.9619645476341248;0.0;3.6903359844713712;0.8114143797257863;0.18858562027421366
1731802682.110402;/app/bags/user95_2017-02-24.bag;0.834065854549408;0.0;0.9619645476341248;0.0;3.6903359844713712;0.8114143797257863;0.18858562027421366
1731802682.3103924;/app/bags/user95_2017-02-24.bag;0.834065854549408;0.0;0.9619645476341248;0.0;3.6903359844713712;0.8114143797257863;0.18858562027421366
1731802682.510402;/app/bags/user95_2017-02-24.bag;0.834065854549408;0.0;0.9619645476341248;0.0;3.6903359844713712;0.8114143797257863;0.18858562027421366
1731802682.7103646;/app/bags/user95_2017-02-24.bag;0.834065854549408;0.0;0.9619645476341248;0.0;3.6903359844713712;0.8114143797257863;0.18858562027421366
1731802682.9104114;/app/bags/user95_2017-02-24.bag;0.834065854549408;0.0;0.9619645476341248;0.0;3.6903359844713712;0.8114143797257863;0.18858562027421366
1731802683.110393;/app/bags/user95_2017-02-24.bag;0.834065854549408;0.0;0.9619645476341248;0.0;3.6903359844713712;0.8114143797257863;0.18858562027421366
1731802683.3104117;/app/bags/user95_2017-02-24.bag;0.834065854549408;0.0;0.9619645476341248;0.0;3.6903359844713712;0.8114143797257863;0.18858562027421366
1731802683.5104077;/app/bags/user95_2017-02-24.bag;0.834065854549408;0.0;0.9619645476341248;0.0;3.6903359844713712;0.8114143797257863;0.18858562027421366
1731802683.7104504;/app/bags/user95_2017-02-24.bag;0.834065854549408;0.0;0.9619645476341248;0.0;3.6903359844713712;0.8114143797257863;0.18858562027421366
1731802683.9104228;/app/bags/user95_2017-02-24.bag;0.834065854549408;0.0;0.9619645476341248;0.0;3.6903359844713712;0.8114143797257863;0.18858562027421366
1731802684.1103883;/app/bags/user95_2017-02-24.bag;0.834065854549408;0.0;0.9619645476341248;0.0;3.6903359844713712;0.8114143797257863;0.18858562027421366
1731802684.310488;/app/bags/user95_2017-02-24.bag;0.834065854549408;0.0;0.9619645476341248;0.0;3.6903359844713712;0.8114143797257863;0.18858562027421366
1731802684.5104067;/app/bags/user95_2017-02-24.bag;0.834065854549408;0.0;0.9619645476341248;0.0;3.6903359844713712;0.8114143797257863;0.18858562027421366
1731802684.7103865;/app/bags/user95_2017-02-24.bag;0.834065854549408;0.0;0.9619645476341248;0.0;3.6903359844713712;0.8114143797257863;0.18858562027421366
1731802684.9104228;/app/bags/user95_2017-02-24.bag;0.834065854549408;0.0;0.9619645476341248;0.0;3.6903359844713712;0.8114143797257863;0.18858562027421366
1731802685.1104414;/app/bags/user95_2017-02-24.bag;0.834065854549408;0.0;0.9619645476341248;0.0;3.6903359844713712;0.8114143797257863;0.18858562027421366
1731802685.3103774;/app/bags/user95_2017-02-24.bag;0.834065854549408;0.0;0.9619645476341248;0.0;3.6903359844713712;0.8114143797257863;0.18858562027421366
1731802685.5103743;/app/bags/user95_2017-02-24.bag;0.834065854549408;0.0;0.9619645476341248;0.0;3.6903359844713712;0.8114143797257863;0.18858562027421366
1731802685.7104318;/app/bags/user95_2017-02-24.bag;0.834065854549408;0.0;0.9619645476341248;0.0;3.6903359844713712;0.8114143797257863;0.18858562027421366
1731802685.9103963;/app/bags/user95_2017-02-24.bag;0.834065854549408;0.0;0.9619645476341248;0.0;3.6903359844713712;0.8114143797257863;0.18858562027421366
1731802686.11039;/app/bags/user95_2017-02-24.bag;0.834065854549408;0.0;0.9619645476341248;0.0;3.6903359844713712;0.8114143797257863;0.18858562027421366
1731802686.310421;/app/bags/user95_2017-02-24.bag;0.834065854549408;0.0;0.9619645476341248;0.0;3.6903359844713712;0.8114143797257863;0.18858562027421366
1731802686.5104804;/app/bags/user95_2017-02-24.bag;0.834065854549408;0.0;0.9619645476341248;0.0;3.6903359844713712;0.8114143797257863;0.18858562027421366
1731802686.7104418;/app/bags/user95_2017-02-24.bag;0.834065854549408;0.0;0.9619645476341248;0.0;3.6903359844713712;0.8114143797257863;0.18858562027421366
1731802686.9103975;/app/bags/user95_2017-02-24.bag;0.834065854549408;0.0;0.9619645476341248;0.0;3.6903359844713712;0.8114143797257863;0.18858562027421366
1731802687.1103895;/app/bags/user95_2017-02-24.bag;0.834065854549408;0.0;0.9619645476341248;0.0;3.6903359844713712;0.8114143797257863;0.18858562027421366
1731802687.3104675;/app/bags/user95_2017-02-24.bag;0.834065854549408;0.0;0.9619645476341248;0.0;3.6903359844713712;0.8114143797257863;0.18858562027421366
1731802687.5103483;/app/bags/user95_2017-02-24.bag;0.834065854549408;0.0;0.9619645476341248;0.0;3.6903359844713712;0.8114143797257863;0.18858562027421366
1731802687.7103596;/app/bags/user95_2017-02-24.bag;0.834065854549408;0.0;0.9619645476341248;0.0;3.6903359844713712;0.8114143797257863;0.18858562027421366
1731802687.910421;/app/bags/user95_2017-02-24.bag;0.834065854549408;0.0;0.9619645476341248;0.0;3.6903359844713712;0.8114143797257863;0.18858562027421366
1731802688.1104336;/app/bags/user95_2017-02-24.bag;0.834065854549408;0.0;0.9619645476341248;0.0;3.6903359844713712;0.8114143797257863;0.18858562027421366
1731802688.3103344;/app/bags/user95_2017-02-24.bag;0.834065854549408;0.0;0.9619645476341248;0.0;3.6903359844713712;0.8114143797257863;0.18858562027421366
1731802688.5103996;/app/bags/user95_2017-02-24.bag;0.834065854549408;0.0;0.9619645476341248;0.0;3.6903359844713712;0.8114143797257863;0.18858562027421366
1731802688.7104027;/app/bags/user95_2017-02-24.bag;0.834065854549408;0.0;0.9619645476341248;0.0;3.6903359844713712;0.8114143797257863;0.18858562027421366
1731802688.9104342;/app/bags/user95_2017-02-24.bag;0.834065854549408;0.0;0.9619645476341248;0.0;3.6903359844713712;0.8114143797257863;0.18858562027421366
1731802689.1103897;/app/bags/user95_2017-02-24.bag;0.834065854549408;0.0;0.9619645476341248;0.0;3.6903359844713712;0.8114143797257863;0.18858562027421366
1731802689.3103895;/app/bags/user95_2017-02-24.bag;0.834065854549408;0.0;0.9619645476341248;0.0;3.6903359844713712;0.8114143797257863;0.18858562027421366
1731802689.5104134;/app/bags/user95_2017-02-24.bag;0.834065854549408;0.0;0.9619645476341248;0.0;3.6903359844713712;0.8114143797257863;0.18858562027421366
1731802689.7104392;/app/bags/user95_2017-02-24.bag;0.834065854549408;0.0;0.9619645476341248;0.0;3.6903359844713712;0.8114143797257863;0.18858562027421366
1731802689.9103916;/app/bags/user95_2017-02-24.bag;0.834065854549408;0.0;0.9619645476341248;0.0;3.6903359844713712;0.8114143797257863;0.18858562027421366
1731802690.1103723;/app/bags/user95_2017-02-24.bag;0.834065854549408;0.0;0.9619645476341248;0.0;3.6903359844713712;0.8114143797257863;0.18858562027421366
1731802690.310442;/app/bags/user95_2017-02-24.bag;0.834065854549408;0.0;0.9619645476341248;0.0;3.6903359844713712;0.8114143797257863;0.18858562027421366
1731802690.5104449;/app/bags/user95_2017-02-24.bag;0.834065854549408;0.0;0.9619645476341248;0.0;3.6903359844713712;0.8114143797257863;0.18858562027421366
1731802690.7103646;/app/bags/user95_2017-02-24.bag;0.834065854549408;0.0;0.9619645476341248;0.0;3.6903359844713712;0.8114143797257863;0.18858562027421366
1731802690.9103463;/app/bags/user95_2017-02-24.bag;0.834065854549408;0.0;0.9619645476341248;0.0;3.6903359844713712;0.8114143797257863;0.18858562027421366
1731802691.1104145;/app/bags/user95_2017-02-24.bag;0.834065854549408;0.0;0.9619645476341248;0.0;3.6903359844713712;0.8114143797257863;0.18858562027421366
1731802691.310467;/app/bags/user95_2017-02-24.bag;0.834065854549408;0.0;0.9619645476341248;0.0;3.6903359844713712;0.8114143797257863;0.18858562027421366
1731802691.5103664;/app/bags/user95_2017-02-24.bag;0.834065854549408;0.0;0.9619645476341248;0.0;3.6903359844713712;0.8114143797257863;0.18858562027421366
1731802691.710371;/app/bags/user95_2017-02-24.bag;0.834065854549408;0.0;0.9619645476341248;0.0;3.6903359844713712;0.8114143797257863;0.18858562027421366
1731802691.91037;/app/bags/user95_2017-02-24.bag;0.834065854549408;0.0;0.9619645476341248;0.0;3.6903359844713712;0.8114143797257863;0.18858562027421366
1731802692.1104236;/app/bags/user95_2017-02-24.bag;0.834065854549408;0.0;0.9619645476341248;0.0;3.6903359844713712;0.8114143797257863;0.18858562027421366
1731802692.310437;/app/bags/user95_2017-02-24.bag;0.834065854549408;0.0;0.9619645476341248;0.0;3.6903359844713712;0.8114143797257863;0.18858562027421366
1731802692.5103652;/app/bags/user95_2017-02-24.bag;0.834065854549408;0.0;0.9619645476341248;0.0;3.6903359844713712;0.8114143797257863;0.18858562027421366
1731802692.7104194;/app/bags/user95_2017-02-24.bag;0.834065854549408;0.0;0.9619645476341248;0.0;3.6903359844713712;0.8114143797257863;0.18858562027421366
1731802692.9104216;/app/bags/user95_2017-02-24.bag;0.834065854549408;0.0;0.9619645476341248;0.0;3.6903359844713712;0.8114143797257863;0.18858562027421366
1731802693.1104555;/app/bags/user95_2017-02-24.bag;0.834065854549408;0.0;0.9619645476341248;0.0;3.6903359844713712;0.8114143797257863;0.18858562027421366
1731802693.3104966;/app/bags/user95_2017-02-24.bag;0.834065854549408;0.0;0.9619645476341248;0.0;3.6903359844713712;0.8114143797257863;0.18858562027421366
1731802693.5103602;/app/bags/user95_2017-02-24.bag;0.834065854549408;0.0;0.9619645476341248;0.0;3.6903359844713712;0.8114143797257863;0.18858562027421366
1731802693.7103913;/app/bags/user95_2017-02-24.bag;0.834065854549408;0.0;0.9619645476341248;0.0;3.6903359844713712;0.8114143797257863;0.18858562027421366
1731802693.9103851;/app/bags/user95_2017-02-24.bag;0.834065854549408;0.0;0.9619645476341248;0.0;3.6903359844713712;0.8114143797257863;0.18858562027421366
1731802694.1103618;/app/bags/user95_2017-02-24.bag;0.834065854549408;0.0;0.9619645476341248;0.0;3.6903359844713712;0.8114143797257863;0.18858562027421366
1731802694.3104293;/app/bags/user95_2017-02-24.bag;0.834065854549408;0.0;0.9619645476341248;0.0;3.6903359844713712;0.8114143797257863;0.18858562027421366
1731802694.5104492;/app/bags/user95_2017-02-24.bag;0.834065854549408;0.0;0.9619645476341248;0.0;3.6903359844713712;0.8114143797257863;0.18858562027421366
1731802694.7103984;/app/bags/user95_2017-02-24.bag;0.834065854549408;0.0;0.9619645476341248;0.0;3.6903359844713712;0.8114143797257863;0.18858562027421366
1731802694.9104002;/app/bags/user95_2017-02-24.bag;0.834065854549408;0.0;0.9619645476341248;0.0;3.6903359844713712;0.8114143797257863;0.18858562027421366
1731802695.1104007;/app/bags/user95_2017-02-24.bag;0.834065854549408;0.0;0.9619645476341248;0.0;3.6903359844713712;0.8114143797257863;0.18858562027421366
1731802695.3103688;/app/bags/user95_2017-02-24.bag;0.834065854549408;0.0;0.9619645476341248;0.0;3.6903359844713712;0.8114143797257863;0.18858562027421366
1731802695.5105271;/app/bags/user95_2017-02-24.bag;0.834065854549408;0.0;0.9619645476341248;0.0;3.6903359844713712;0.8114143797257863;0.18858562027421366
1731802695.7104216;/app/bags/user95_2017-02-24.bag;0.834065854549408;0.0;0.9619645476341248;0.0;3.6903359844713712;0.8114143797257863;0.18858562027421366
1731802695.9104085;/app/bags/user95_2017-02-24.bag;0.834065854549408;0.0;0.9619645476341248;0.0;3.6903359844713712;0.8114143797257863;0.18858562027421366
1731802696.110426;/app/bags/user95_2017-02-24.bag;0.834065854549408;0.0;0.9619645476341248;0.0;3.6903359844713712;0.8114143797257863;0.18858562027421366
1731802696.310372;/app/bags/user95_2017-02-24.bag;0.834065854549408;0.0;0.9619645476341248;0.0;3.6903359844713712;0.8114143797257863;0.18858562027421366
1731802696.5103993;/app/bags/user95_2017-02-24.bag;0.834065854549408;0.0;0.9619645476341248;0.0;3.6903359844713712;0.8114143797257863;0.18858562027421366
1731802696.7104104;/app/bags/user95_2017-02-24.bag;0.834065854549408;0.0;0.9619645476341248;0.0;3.6903359844713712;0.8114143797257863;0.18858562027421366
1731802696.9104059;/app/bags/user95_2017-02-24.bag;0.834065854549408;0.0;0.9619645476341248;0.0;3.6903359844713712;0.8114143797257863;0.18858562027421366
1731802697.1103795;/app/bags/user95_2017-02-24.bag;0.834065854549408;0.0;0.9619645476341248;0.0;3.6903359844713712;0.8114143797257863;0.18858562027421366
1731802697.310433;/app/bags/user95_2017-02-24.bag;0.834065854549408;0.0;0.9619645476341248;0.0;3.6903359844713712;0.8114143797257863;0.18858562027421366
1731802697.5104554;/app/bags/user95_2017-02-24.bag;0.834065854549408;0.0;0.9619645476341248;0.0;3.6903359844713712;0.8114143797257863;0.18858562027421366
1731802697.7104461;/app/bags/user95_2017-02-24.bag;0.834065854549408;0.0;0.9619645476341248;0.0;3.6903359844713712;0.8114143797257863;0.18858562027421366
1731802697.9103963;/app/bags/user95_2017-02-24.bag;0.834065854549408;0.0;0.9619645476341248;0.0;3.6903359844713712;0.8114143797257863;0.18858562027421366
1731802698.110479;/app/bags/user95_2017-02-24.bag;0.834065854549408;0.0;0.9619645476341248;0.0;3.6903359844713712;0.8114143797257863;0.18858562027421366
1731802698.3104634;/app/bags/user95_2017-02-24.bag;0.834065854549408;0.0;0.9619645476341248;0.0;3.6903359844713712;0.8114143797257863;0.18858562027421366
1731802698.5103965;/app/bags/user95_2017-02-24.bag;0.834065854549408;0.0;0.9619645476341248;0.0;3.6903359844713712;0.8114143797257863;0.18858562027421366
1731802698.710432;/app/bags/user95_2017-02-24.bag;0.834065854549408;0.0;0.9619645476341248;0.0;3.6903359844713712;0.8114143797257863;0.18858562027421366
1731802698.910412;/app/bags/user95_2017-02-24.bag;0.834065854549408;0.0;0.9619645476341248;0.0;3.6903359844713712;0.8114143797257863;0.18858562027421366
1731802699.1103895;/app/bags/user95_2017-02-24.bag;0.834065854549408;0.0;0.9619645476341248;0.0;3.6903359844713712;0.8114143797257863;0.18858562027421366
1731802699.3104427;/app/bags/user95_2017-02-24.bag;0.834065854549408;0.0;0.9619645476341248;0.0;3.6903359844713712;0.8114143797257863;0.18858562027421366
1731802699.5104144;/app/bags/user95_2017-02-24.bag;0.834065854549408;0.0;0.9619645476341248;0.0;3.6903359844713712;0.8114143797257863;0.18858562027421366
1731802699.710371;/app/bags/user95_2017-02-24.bag;0.834065854549408;0.0;0.9619645476341248;0.0;3.6903359844713712;0.8114143797257863;0.18858562027421366
1731802699.9104517;/app/bags/user95_2017-02-24.bag;0.834065854549408;0.0;0.9619645476341248;0.0;3.6903359844713712;0.8114143797257863;0.18858562027421366
1731802700.1104205;/app/bags/user95_2017-02-24.bag;0.834065854549408;0.0;0.9619645476341248;0.0;3.6903359844713712;0.8114143797257863;0.18858562027421366
1731802700.3104215;/app/bags/user95_2017-02-24.bag;0.834065854549408;0.0;0.9619645476341248;0.0;3.6903359844713712;0.8114143797257863;0.18858562027421366
1731802700.5103934;/app/bags/user95_2017-02-24.bag;0.834065854549408;0.0;0.9619645476341248;0.0;3.6903359844713712;0.8114143797257863;0.18858562027421366
1731802700.710398;/app/bags/user95_2017-02-24.bag;0.834065854549408;0.0;0.9619645476341248;0.0;3.6903359844713712;0.8114143797257863;0.18858562027421366
1731802700.910395;/app/bags/user95_2017-02-24.bag;0.834065854549408;0.0;0.9619645476341248;0.0;3.6903359844713712;0.8114143797257863;0.18858562027421366
1731802701.1104126;/app/bags/user95_2017-02-24.bag;0.834065854549408;0.0;0.9619645476341248;0.0;3.6903359844713712;0.8114143797257863;0.18858562027421366
1731802701.3104367;/app/bags/user95_2017-02-24.bag;0.834065854549408;0.0;0.9619645476341248;0.0;3.6903359844713712;0.8114143797257863;0.18858562027421366
1731802701.5104275;/app/bags/user95_2017-02-24.bag;0.834065854549408;0.0;0.9619645476341248;0.0;3.6903359844713712;0.8114143797257863;0.18858562027421366
1731802701.7104287;/app/bags/user95_2017-02-24.bag;0.834065854549408;0.0;0.9619645476341248;0.0;3.6903359844713712;0.8114143797257863;0.18858562027421366
1731802701.9103925;/app/bags/user95_2017-02-24.bag;0.834065854549408;0.0;0.9619645476341248;0.0;3.6903359844713712;0.8114143797257863;0.18858562027421366
1731802702.1104076;/app/bags/user95_2017-02-24.bag;0.834065854549408;0.0;0.9619645476341248;0.0;3.6903359844713712;0.8114143797257863;0.18858562027421366
1731802702.3104105;/app/bags/user95_2017-02-24.bag;0.834065854549408;0.0;0.9619645476341248;0.0;3.6903359844713712;0.8114143797257863;0.18858562027421366
1731802702.5103946;/app/bags/user95_2017-02-24.bag;0.834065854549408;0.0;0.9619645476341248;0.0;3.6903359844713712;0.8114143797257863;0.18858562027421366
1731802702.7104025;/app/bags/user95_2017-02-24.bag;0.834065854549408;0.0;0.9619645476341248;0.0;3.6903359844713712;0.8114143797257863;0.18858562027421366
1731802702.9105551;/app/bags/user95_2017-02-24.bag;0.834065854549408;0.0;0.9619645476341248;0.0;3.6903359844713712;0.8114143797257863;0.18858562027421366
1731802703.1103754;/app/bags/user95_2017-02-24.bag;0.834065854549408;0.0;0.9619645476341248;0.0;3.6903359844713712;0.8114143797257863;0.18858562027421366
1731802703.3103797;/app/bags/user95_2017-02-24.bag;0.834065854549408;0.0;0.9619645476341248;0.0;3.6903359844713712;0.8114143797257863;0.18858562027421366
1731802703.5104506;/app/bags/user95_2017-02-24.bag;0.834065854549408;0.0;0.9619645476341248;0.0;3.6903359844713712;0.8114143797257863;0.18858562027421366
1731802703.7103934;/app/bags/user95_2017-02-24.bag;0.834065854549408;0.0;0.9619645476341248;0.0;3.6903359844713712;0.8114143797257863;0.18858562027421366
1731802703.9103904;/app/bags/user95_2017-02-24.bag;0.834065854549408;0.0;0.9619645476341248;0.0;3.6903359844713712;0.8114143797257863;0.18858562027421366
1731802704.1105125;/app/bags/user95_2017-02-24.bag;0.834065854549408;0.0;0.9619645476341248;0.0;3.6903359844713712;0.8114143797257863;0.18858562027421366
1731802704.3103619;/app/bags/user95_2017-02-24.bag;0.834065854549408;0.0;0.9619645476341248;0.0;3.6903359844713712;0.8114143797257863;0.18858562027421366
1731802704.5144327;/app/bags/user95_2017-02-24.bag;0.834065854549408;0.0;0.9619645476341248;0.0;3.6903359844713712;0.8114143797257863;0.18858562027421366
1731802704.710369;/app/bags/user95_2017-02-24.bag;0.834065854549408;0.0;0.9619645476341248;0.0;3.6903359844713712;0.8114143797257863;0.18858562027421366
1731802704.910382;/app/bags/user95_2017-02-24.bag;0.834065854549408;0.0;0.9619645476341248;0.0;3.6903359844713712;0.8114143797257863;0.18858562027421366
1731802705.1104226;/app/bags/user95_2017-02-24.bag;0.834065854549408;0.0;0.9619645476341248;0.0;3.6903359844713712;0.8114143797257863;0.18858562027421366
1731802705.3104134;/app/bags/user95_2017-02-24.bag;0.834065854549408;0.0;0.9619645476341248;0.0;3.6903359844713712;0.8114143797257863;0.18858562027421366
1731802705.5104284;/app/bags/user95_2017-02-24.bag;0.834065854549408;0.0;0.9619645476341248;0.0;3.6903359844713712;0.8114143797257863;0.18858562027421366
1731802705.7103877;/app/bags/user95_2017-02-24.bag;0.834065854549408;0.0;0.9619645476341248;0.0;3.6903359844713712;0.8114143797257863;0.18858562027421366
1731802705.910361;/app/bags/user95_2017-02-24.bag;0.834065854549408;0.0;0.9619645476341248;0.0;3.6903359844713712;0.8114143797257863;0.18858562027421366
1731802706.110368;/app/bags/user95_2017-02-24.bag;0.834065854549408;0.0;0.9619645476341248;0.0;3.6903359844713712;0.8114143797257863;0.18858562027421366
1731802706.3104255;/app/bags/user95_2017-02-24.bag;0.834065854549408;0.0;0.9619645476341248;0.0;3.6903359844713712;0.8114143797257863;0.18858562027421366
1731802706.5104737;/app/bags/user95_2017-02-24.bag;0.834065854549408;0.0;0.9619645476341248;0.0;3.6903359844713712;0.8114143797257863;0.18858562027421366
1731802706.7104127;/app/bags/user95_2017-02-24.bag;0.834065854549408;0.0;0.9619645476341248;0.0;3.6903359844713712;0.8114143797257863;0.18858562027421366
1731802706.9103394;/app/bags/user95_2017-02-24.bag;0.834065854549408;0.0;0.9619645476341248;0.0;3.6903359844713712;0.8114143797257863;0.18858562027421366
1731802707.1104367;/app/bags/user95_2017-02-24.bag;0.834065854549408;0.0;0.9619645476341248;0.0;3.6903359844713712;0.8114143797257863;0.18858562027421366
1731802707.3103826;/app/bags/user95_2017-02-24.bag;0.834065854549408;0.0;0.9619645476341248;0.0;3.6903359844713712;0.8114143797257863;0.18858562027421366
1731802707.5104313;/app/bags/user95_2017-02-24.bag;0.834065854549408;0.0;0.9619645476341248;0.0;3.6903359844713712;0.8114143797257863;0.18858562027421366
1731802707.7104023;/app/bags/user95_2017-02-24.bag;0.834065854549408;0.0;0.9619645476341248;0.0;3.6903359844713712;0.8114143797257863;0.18858562027421366
1731802707.9103932;/app/bags/user95_2017-02-24.bag;0.834065854549408;0.0;0.9619645476341248;0.0;3.6903359844713712;0.8114143797257863;0.18858562027421366
1731802708.1104095;/app/bags/user95_2017-02-24.bag;0.834065854549408;0.0;0.9619645476341248;0.0;3.6903359844713712;0.8114143797257863;0.18858562027421366
1731802708.3103974;/app/bags/user95_2017-02-24.bag;0.834065854549408;0.0;0.9619645476341248;0.0;3.6903359844713712;0.8114143797257863;0.18858562027421366
1731802708.5104358;/app/bags/user95_2017-02-24.bag;0.834065854549408;0.0;0.9619645476341248;0.0;3.6903359844713712;0.8114143797257863;0.18858562027421366
1731802708.7103865;/app/bags/user95_2017-02-24.bag;0.834065854549408;0.0;0.9619645476341248;0.0;3.6903359844713712;0.8114143797257863;0.18858562027421366
1731802708.9103835;/app/bags/user95_2017-02-24.bag;0.834065854549408;0.0;0.9619645476341248;0.0;3.6903359844713712;0.8114143797257863;0.18858562027421366
1731802709.110401;/app/bags/user95_2017-02-24.bag;0.834065854549408;0.0;0.9619645476341248;0.0;3.6903359844713712;0.8114143797257863;0.18858562027421366
1731802709.3103888;/app/bags/user95_2017-02-24.bag;0.834065854549408;0.0;0.9619645476341248;0.0;3.6903359844713712;0.8114143797257863;0.18858562027421366
1731802709.5104568;/app/bags/user95_2017-02-24.bag;0.834065854549408;0.0;0.9619645476341248;0.0;3.6903359844713712;0.8114143797257863;0.18858562027421366
1731802709.7103677;/app/bags/user95_2017-02-24.bag;0.834065854549408;0.0;0.9619645476341248;0.0;3.6903359844713712;0.8114143797257863;0.18858562027421366
1731802709.9104192;/app/bags/user95_2017-02-24.bag;0.834065854549408;0.0;0.9619645476341248;0.0;3.6903359844713712;0.8114143797257863;0.18858562027421366
1731802710.110459;/app/bags/user95_2017-02-24.bag;0.834065854549408;0.0;0.9619645476341248;0.0;3.6903359844713712;0.8114143797257863;0.18858562027421366
1731802710.3104272;/app/bags/user95_2017-02-24.bag;0.834065854549408;0.0;0.9619645476341248;0.0;3.6903359844713712;0.8114143797257863;0.18858562027421366
1731802710.5103986;/app/bags/user95_2017-02-24.bag;0.834065854549408;0.0;0.9619645476341248;0.0;3.6903359844713712;0.8114143797257863;0.18858562027421366
1731802710.7104166;/app/bags/user95_2017-02-24.bag;0.834065854549408;0.0;0.9619645476341248;0.0;3.6903359844713712;0.8114143797257863;0.18858562027421366
1731802710.9103956;/app/bags/user95_2017-02-24.bag;0.834065854549408;0.0;0.9619645476341248;0.0;3.6903359844713712;0.8114143797257863;0.18858562027421366
1731802711.1103692;/app/bags/user95_2017-02-24.bag;0.834065854549408;0.0;0.9619645476341248;0.0;3.6903359844713712;0.8114143797257863;0.18858562027421366
1731802711.3103685;/app/bags/user95_2017-02-24.bag;0.834065854549408;0.0;0.9619645476341248;0.0;3.6903359844713712;0.8114143797257863;0.18858562027421366
1731802711.5104213;/app/bags/user95_2017-02-24.bag;0.834065854549408;0.0;0.9619645476341248;0.0;3.6903359844713712;0.8114143797257863;0.18858562027421366
1731802711.710358;/app/bags/user95_2017-02-24.bag;0.834065854549408;0.0;0.9619645476341248;0.0;3.6903359844713712;0.8114143797257863;0.18858562027421366
1731802711.9103494;/app/bags/user95_2017-02-24.bag;0.834065854549408;0.0;0.9619645476341248;0.0;3.6903359844713712;0.8114143797257863;0.18858562027421366
1731802712.1104999;/app/bags/user95_2017-02-24.bag;0.834065854549408;0.0;0.9619645476341248;0.0;3.6903359844713712;0.8114143797257863;0.18858562027421366
1731802712.3103979;/app/bags/user95_2017-02-24.bag;0.834065854549408;0.0;0.9619645476341248;0.0;3.6903359844713712;0.8114143797257863;0.18858562027421366
1731802712.5103855;/app/bags/user95_2017-02-24.bag;0.834065854549408;0.0;0.9619645476341248;0.0;3.6903359844713712;0.8114143797257863;0.18858562027421366
1731802712.7103603;/app/bags/user95_2017-02-24.bag;0.834065854549408;0.0;0.9619645476341248;0.0;3.6903359844713712;0.8114143797257863;0.18858562027421366
1731802712.910418;/app/bags/user95_2017-02-24.bag;0.834065854549408;0.0;0.9619645476341248;0.0;3.6903359844713712;0.8114143797257863;0.18858562027421366
1731802713.1103916;/app/bags/user95_2017-02-24.bag;0.834065854549408;0.0;0.9619645476341248;0.0;3.6903359844713712;0.8114143797257863;0.18858562027421366
1731802713.3103728;/app/bags/user95_2017-02-24.bag;0.834065854549408;0.0;0.9619645476341248;0.0;3.6903359844713712;0.8114143797257863;0.18858562027421366
1731802713.510415;/app/bags/user95_2017-02-24.bag;0.834065854549408;0.0;0.9619645476341248;0.0;3.6903359844713712;0.8114143797257863;0.18858562027421366
1731802713.7104294;/app/bags/user95_2017-02-24.bag;0.834065854549408;0.0;0.9619645476341248;0.0;3.6903359844713712;0.8114143797257863;0.18858562027421366
1731802713.9104092;/app/bags/user95_2017-02-24.bag;0.834065854549408;0.0;0.9619645476341248;0.0;3.6903359844713712;0.8114143797257863;0.18858562027421366
1731802714.1104367;/app/bags/user95_2017-02-24.bag;0.834065854549408;0.0;0.9619645476341248;0.0;3.6903359844713712;0.8114143797257863;0.18858562027421366
1731802714.3104112;/app/bags/user95_2017-02-24.bag;0.834065854549408;0.0;0.9619645476341248;0.0;3.6903359844713712;0.8114143797257863;0.18858562027421366
1731802714.5103965;/app/bags/user95_2017-02-24.bag;0.834065854549408;0.0;0.9619645476341248;0.0;3.6903359844713712;0.8114143797257863;0.18858562027421366
1731802714.7104669;/app/bags/user95_2017-02-24.bag;0.834065854549408;0.0;0.9619645476341248;0.0;3.6903359844713712;0.8114143797257863;0.18858562027421366
1731802714.9104645;/app/bags/user95_2017-02-24.bag;0.834065854549408;0.0;0.9619645476341248;0.0;3.6903359844713712;0.8114143797257863;0.18858562027421366
1731802715.1104238;/app/bags/user95_2017-02-24.bag;0.834065854549408;0.0;0.9619645476341248;0.0;3.6903359844713712;0.8114143797257863;0.18858562027421366
1731802715.3104265;/app/bags/user95_2017-02-24.bag;0.834065854549408;0.0;0.9619645476341248;0.0;3.6903359844713712;0.8114143797257863;0.18858562027421366
1731802715.5104032;/app/bags/user95_2017-02-24.bag;0.834065854549408;0.0;0.9619645476341248;0.0;3.6903359844713712;0.8114143797257863;0.18858562027421366
1731802715.7104661;/app/bags/user95_2017-02-24.bag;0.834065854549408;0.0;0.9619645476341248;0.0;3.6903359844713712;0.8114143797257863;0.18858562027421366
1731802715.9104326;/app/bags/user95_2017-02-24.bag;0.834065854549408;0.0;0.9619645476341248;0.0;3.6903359844713712;0.8114143797257863;0.18858562027421366
1731802716.1105413;/app/bags/user95_2017-02-24.bag;0.834065854549408;0.0;0.9619645476341248;0.0;3.6903359844713712;0.8114143797257863;0.18858562027421366
1731802716.3103797;/app/bags/user95_2017-02-24.bag;0.834065854549408;0.0;0.9619645476341248;0.0;3.6903359844713712;0.8114143797257863;0.18858562027421366
1731802716.5103517;/app/bags/user95_2017-02-24.bag;0.834065854549408;0.0;0.9619645476341248;0.0;3.6903359844713712;0.8114143797257863;0.18858562027421366
1731802716.710424;/app/bags/user95_2017-02-24.bag;0.834065854549408;0.0;0.9619645476341248;0.0;3.6903359844713712;0.8114143797257863;0.18858562027421366
1731802716.9104295;/app/bags/user95_2017-02-24.bag;0.834065854549408;0.0;0.9619645476341248;0.0;3.6903359844713712;0.8114143797257863;0.18858562027421366
1731802717.110485;/app/bags/user95_2017-02-24.bag;0.834065854549408;0.0;0.9619645476341248;0.0;3.6903359844713712;0.8114143797257863;0.18858562027421366
1731802717.310456;/app/bags/user95_2017-02-24.bag;0.834065854549408;0.0;0.9619645476341248;0.0;3.6903359844713712;0.8114143797257863;0.18858562027421366
1731802717.5103998;/app/bags/user95_2017-02-24.bag;0.834065854549408;0.0;0.9619645476341248;0.0;3.6903359844713712;0.8114143797257863;0.18858562027421366
1731802717.7103913;/app/bags/user95_2017-02-24.bag;0.834065854549408;0.0;0.9619645476341248;0.0;3.6903359844713712;0.8114143797257863;0.18858562027421366
1731802717.910521;/app/bags/user95_2017-02-24.bag;0.834065854549408;0.0;0.9619645476341248;0.0;3.6903359844713712;0.8114143797257863;0.18858562027421366
1731802718.1104605;/app/bags/user95_2017-02-24.bag;0.834065854549408;0.0;0.9619645476341248;0.0;3.6903359844713712;0.8114143797257863;0.18858562027421366
1731802718.3103912;/app/bags/user95_2017-02-24.bag;0.834065854549408;0.0;0.9619645476341248;0.0;3.6903359844713712;0.8114143797257863;0.18858562027421366
1731802718.5104775;/app/bags/user95_2017-02-24.bag;0.834065854549408;0.0;0.9619645476341248;0.0;3.6903359844713712;0.8114143797257863;0.18858562027421366
1731802718.7104208;/app/bags/user95_2017-02-24.bag;0.834065854549408;0.0;0.9619645476341248;0.0;3.6903359844713712;0.8114143797257863;0.18858562027421366
1731802718.9104323;/app/bags/user95_2017-02-24.bag;0.834065854549408;0.0;0.9619645476341248;0.0;3.6903359844713712;0.8114143797257863;0.18858562027421366
1731802719.1103656;/app/bags/user95_2017-02-24.bag;0.834065854549408;0.0;0.9619645476341248;0.0;3.6903359844713712;0.8114143797257863;0.18858562027421366
1731802719.3105881;/app/bags/user95_2017-02-24.bag;0.834065854549408;0.0;0.9619645476341248;0.0;3.6903359844713712;0.8114143797257863;0.18858562027421366
1731802719.5103908;/app/bags/user95_2017-02-24.bag;0.834065854549408;0.0;0.9619645476341248;0.0;3.6903359844713712;0.8114143797257863;0.18858562027421366
1731802719.7103853;/app/bags/user95_2017-02-24.bag;0.834065854549408;0.0;0.9619645476341248;0.0;3.6903359844713712;0.8114143797257863;0.18858562027421366
1731802719.9104881;/app/bags/user95_2017-02-24.bag;0.834065854549408;0.0;0.9619645476341248;0.0;3.6903359844713712;0.8114143797257863;0.18858562027421366
1731802720.110697;/app/bags/user95_2017-02-24.bag;0.834065854549408;0.0;0.9619645476341248;0.0;3.6903359844713712;0.8114143797257863;0.18858562027421366
1731802720.3104074;/app/bags/user95_2017-02-24.bag;0.834065854549408;0.0;0.9619645476341248;0.0;3.6903359844713712;0.8114143797257863;0.18858562027421366
1731802720.5103674;/app/bags/user95_2017-02-24.bag;0.834065854549408;0.0;0.9619645476341248;0.0;3.6903359844713712;0.8114143797257863;0.18858562027421366
1731802720.7103708;/app/bags/user95_2017-02-24.bag;0.834065854549408;0.0;0.9619645476341248;0.0;3.6903359844713712;0.8114143797257863;0.18858562027421366
1731802720.9105277;/app/bags/user95_2017-02-24.bag;0.834065854549408;0.0;0.9619645476341248;0.0;3.6903359844713712;0.8114143797257863;0.18858562027421366
1731802721.11044;/app/bags/user95_2017-02-24.bag;0.834065854549408;0.0;0.9619645476341248;0.0;3.6903359844713712;0.8114143797257863;0.18858562027421366
1731802721.3104181;/app/bags/user95_2017-02-24.bag;0.834065854549408;0.0;0.9619645476341248;0.0;3.6903359844713712;0.8114143797257863;0.18858562027421366
1731802721.510416;/app/bags/user95_2017-02-24.bag;0.834065854549408;0.0;0.9619645476341248;0.0;3.6903359844713712;0.8114143797257863;0.18858562027421366
1731802721.7106793;/app/bags/user95_2017-02-24.bag;0.834065854549408;0.0;0.9619645476341248;0.0;3.6903359844713712;0.8114143797257863;0.18858562027421366
1731802721.9103966;/app/bags/user95_2017-02-24.bag;0.834065854549408;0.0;0.9619645476341248;0.0;3.6903359844713712;0.8114143797257863;0.18858562027421366
1731802722.1104693;/app/bags/user95_2017-02-24.bag;0.834065854549408;0.0;0.9619645476341248;0.0;3.6903359844713712;0.8114143797257863;0.18858562027421366
1731802722.3104293;/app/bags/user95_2017-02-24.bag;0.834065854549408;0.0;0.9619645476341248;0.0;3.6903359844713712;0.8114143797257863;0.18858562027421366
1731802722.510359;/app/bags/user95_2017-02-24.bag;0.834065854549408;0.0;0.9619645476341248;0.0;3.6903359844713712;0.8114143797257863;0.18858562027421366
1731802722.7104475;/app/bags/user95_2017-02-24.bag;0.834065854549408;0.0;0.9619645476341248;0.0;3.6903359844713712;0.8114143797257863;0.18858562027421366
1731802722.910388;/app/bags/user95_2017-02-24.bag;0.834065854549408;0.0;0.9619645476341248;0.0;3.6903359844713712;0.8114143797257863;0.18858562027421366
1731802723.110417;/app/bags/user95_2017-02-24.bag;0.834065854549408;0.0;0.9619645476341248;0.0;3.6903359844713712;0.8114143797257863;0.18858562027421366
1731802723.3103762;/app/bags/user95_2017-02-24.bag;0.834065854549408;0.0;0.9619645476341248;0.0;3.6903359844713712;0.8114143797257863;0.18858562027421366
1731802723.510418;/app/bags/user95_2017-02-24.bag;0.834065854549408;0.0;0.9619645476341248;0.0;3.6903359844713712;0.8114143797257863;0.18858562027421366
1731802723.7103658;/app/bags/user95_2017-02-24.bag;0.834065854549408;0.0;0.9619645476341248;0.0;3.6903359844713712;0.8114143797257863;0.18858562027421366
1731802723.910425;/app/bags/user95_2017-02-24.bag;0.834065854549408;0.0;0.9619645476341248;0.0;3.6903359844713712;0.8114143797257863;0.18858562027421366
1731802724.1104162;/app/bags/user95_2017-02-24.bag;0.834065854549408;0.0;0.9619645476341248;0.0;3.6903359844713712;0.8114143797257863;0.18858562027421366
1731802724.3104556;/app/bags/user95_2017-02-24.bag;0.834065854549408;0.0;0.9619645476341248;0.0;3.6903359844713712;0.8114143797257863;0.18858562027421366
1731802724.5103698;/app/bags/user95_2017-02-24.bag;0.834065854549408;0.0;0.9619645476341248;0.0;3.6903359844713712;0.8114143797257863;0.18858562027421366
1731802724.7103903;/app/bags/user95_2017-02-24.bag;0.834065854549408;0.0;0.9619645476341248;0.0;3.6903359844713712;0.8114143797257863;0.18858562027421366
1731802724.9103599;/app/bags/user95_2017-02-24.bag;0.834065854549408;0.0;0.9619645476341248;0.0;3.6903359844713712;0.8114143797257863;0.18858562027421366
1731802725.110434;/app/bags/user95_2017-02-24.bag;0.834065854549408;0.0;0.9619645476341248;0.0;3.6903359844713712;0.8114143797257863;0.18858562027421366
1731802725.3104095;/app/bags/user95_2017-02-24.bag;0.834065854549408;0.0;0.9619645476341248;0.0;3.6903359844713712;0.8114143797257863;0.18858562027421366
1731802725.5103295;/app/bags/user95_2017-02-24.bag;0.834065854549408;0.0;0.9619645476341248;0.0;3.6903359844713712;0.8114143797257863;0.18858562027421366
1731802725.7106261;/app/bags/user95_2017-02-24.bag;0.834065854549408;0.0;0.9619645476341248;0.0;3.6903359844713712;0.8114143797257863;0.18858562027421366
1731802725.9104033;/app/bags/user95_2017-02-24.bag;0.834065854549408;0.0;0.9619645476341248;0.0;3.6903359844713712;0.8114143797257863;0.18858562027421366
1731802726.110396;/app/bags/user95_2017-02-24.bag;0.834065854549408;0.0;0.9619645476341248;0.0;3.6903359844713712;0.8114143797257863;0.18858562027421366
1731802726.3103876;/app/bags/user95_2017-02-24.bag;0.834065854549408;0.0;0.9619645476341248;0.0;3.6903359844713712;0.8114143797257863;0.18858562027421366
1731802726.5103967;/app/bags/user95_2017-02-24.bag;0.834065854549408;0.0;0.9619645476341248;0.0;3.6903359844713712;0.8114143797257863;0.18858562027421366
1731802726.710408;/app/bags/user95_2017-02-24.bag;0.834065854549408;0.0;0.9619645476341248;0.0;3.6903359844713712;0.8114143797257863;0.18858562027421366
1731802726.9103892;/app/bags/user95_2017-02-24.bag;0.834065854549408;0.0;0.9619645476341248;0.0;3.6903359844713712;0.8114143797257863;0.18858562027421366
1731802727.1103716;/app/bags/user95_2017-02-24.bag;0.834065854549408;0.0;0.9619645476341248;0.0;3.6903359844713712;0.8114143797257863;0.18858562027421366
1731802727.3104107;/app/bags/user95_2017-02-24.bag;0.834065854549408;0.0;0.9619645476341248;0.0;3.6903359844713712;0.8114143797257863;0.18858562027421366
1731802727.5103977;/app/bags/user95_2017-02-24.bag;0.834065854549408;0.0;0.9619645476341248;0.0;3.6903359844713712;0.8114143797257863;0.18858562027421366
1731802727.7105203;/app/bags/user95_2017-02-24.bag;0.834065854549408;0.0;0.9619645476341248;0.0;3.6903359844713712;0.8114143797257863;0.18858562027421366
1731802727.910608;/app/bags/user95_2017-02-24.bag;0.834065854549408;0.0;0.9619645476341248;0.0;3.6903359844713712;0.8114143797257863;0.18858562027421366
1731802728.1104026;/app/bags/user95_2017-02-24.bag;0.834065854549408;0.0;0.9619645476341248;0.0;3.6903359844713712;0.8114143797257863;0.18858562027421366
1731802728.3105414;/app/bags/user95_2017-02-24.bag;0.834065854549408;0.0;0.9619645476341248;0.0;3.6903359844713712;0.8114143797257863;0.18858562027421366
1731802728.510404;/app/bags/user95_2017-02-24.bag;0.834065854549408;0.0;0.9619645476341248;0.0;3.6903359844713712;0.8114143797257863;0.18858562027421366
1731802728.7104049;/app/bags/user95_2017-02-24.bag;0.834065854549408;0.0;0.9619645476341248;0.0;3.6903359844713712;0.8114143797257863;0.18858562027421366
1731802728.9104586;/app/bags/user95_2017-02-24.bag;0.834065854549408;0.0;0.9619645476341248;0.0;3.6903359844713712;0.8114143797257863;0.18858562027421366
1731802729.1103954;/app/bags/user95_2017-02-24.bag;0.834065854549408;0.0;0.9619645476341248;0.0;3.6903359844713712;0.8114143797257863;0.18858562027421366
1731802729.310414;/app/bags/user95_2017-02-24.bag;0.834065854549408;0.0;0.9619645476341248;0.0;3.6903359844713712;0.8114143797257863;0.18858562027421366
1731802729.5103984;/app/bags/user95_2017-02-24.bag;0.834065854549408;0.0;0.9619645476341248;0.0;3.6903359844713712;0.8114143797257863;0.18858562027421366
1731802729.7103834;/app/bags/user95_2017-02-24.bag;0.834065854549408;0.0;0.9619645476341248;0.0;3.6903359844713712;0.8114143797257863;0.18858562027421366
1731802729.9104125;/app/bags/user95_2017-02-24.bag;0.834065854549408;0.0;0.9619645476341248;0.0;3.6903359844713712;0.8114143797257863;0.18858562027421366
1731802730.1104019;/app/bags/user95_2017-02-24.bag;0.834065854549408;0.0;0.9619645476341248;0.0;3.6903359844713712;0.8114143797257863;0.18858562027421366
1731802730.3104267;/app/bags/user95_2017-02-24.bag;0.834065854549408;0.0;0.9619645476341248;0.0;3.6903359844713712;0.8114143797257863;0.18858562027421366
1731802730.5104191;/app/bags/user95_2017-02-24.bag;0.834065854549408;0.0;0.9619645476341248;0.0;3.6903359844713712;0.8114143797257863;0.18858562027421366
1731802730.710392;/app/bags/user95_2017-02-24.bag;0.834065854549408;0.0;0.9619645476341248;0.0;3.6903359844713712;0.8114143797257863;0.18858562027421366
1731802730.9104235;/app/bags/user95_2017-02-24.bag;0.834065854549408;0.0;0.9619645476341248;0.0;3.6903359844713712;0.8114143797257863;0.18858562027421366
1731802731.1104054;/app/bags/user95_2017-02-24.bag;0.834065854549408;0.0;0.9619645476341248;0.0;3.6903359844713712;0.8114143797257863;0.18858562027421366
1731802731.3103864;/app/bags/user95_2017-02-24.bag;0.834065854549408;0.0;0.9619645476341248;0.0;3.6903359844713712;0.8114143797257863;0.18858562027421366
1731802731.51042;/app/bags/user95_2017-02-24.bag;0.834065854549408;0.0;0.9619645476341248;0.0;3.6903359844713712;0.8114143797257863;0.18858562027421366
1731802731.7103896;/app/bags/user95_2017-02-24.bag;0.834065854549408;0.0;0.9619645476341248;0.0;3.6903359844713712;0.8114143797257863;0.18858562027421366
1731802731.9104064;/app/bags/user95_2017-02-24.bag;0.834065854549408;0.0;0.9619645476341248;0.0;3.6903359844713712;0.8114143797257863;0.18858562027421366
1731802732.110444;/app/bags/user95_2017-02-24.bag;0.834065854549408;0.0;0.9619645476341248;0.0;3.6903359844713712;0.8114143797257863;0.18858562027421366
1731802732.3104134;/app/bags/user95_2017-02-24.bag;0.834065854549408;0.0;0.9619645476341248;0.0;3.6903359844713712;0.8114143797257863;0.18858562027421366
1731802732.5104344;/app/bags/user95_2017-02-24.bag;0.834065854549408;0.0;0.9619645476341248;0.0;3.6903359844713712;0.8114143797257863;0.18858562027421366
1731802732.7104058;/app/bags/user95_2017-02-24.bag;0.834065854549408;0.0;0.9619645476341248;0.0;3.6903359844713712;0.8114143797257863;0.18858562027421366
1731802732.910403;/app/bags/user95_2017-02-24.bag;0.834065854549408;0.0;0.9619645476341248;0.0;3.6903359844713712;0.8114143797257863;0.18858562027421366
1731802733.1104171;/app/bags/user95_2017-02-24.bag;0.834065854549408;0.0;0.9619645476341248;0.0;3.6903359844713712;0.8114143797257863;0.18858562027421366
1731802733.3103964;/app/bags/user95_2017-02-24.bag;0.834065854549408;0.0;0.9619645476341248;0.0;3.6903359844713712;0.8114143797257863;0.18858562027421366
1731802733.5104558;/app/bags/user95_2017-02-24.bag;0.834065854549408;0.0;0.9619645476341248;0.0;3.6903359844713712;0.8114143797257863;0.18858562027421366
1731802733.710416;/app/bags/user95_2017-02-24.bag;0.834065854549408;0.0;0.9619645476341248;0.0;3.6903359844713712;0.8114143797257863;0.18858562027421366
1731802733.9104009;/app/bags/user95_2017-02-24.bag;0.834065854549408;0.0;0.9619645476341248;0.0;3.6903359844713712;0.8114143797257863;0.18858562027421366
1731802734.1103604;/app/bags/user95_2017-02-24.bag;0.834065854549408;0.0;0.9619645476341248;0.0;3.6903359844713712;0.8114143797257863;0.18858562027421366
1731802734.3103375;/app/bags/user95_2017-02-24.bag;0.834065854549408;0.0;0.9619645476341248;0.0;3.6903359844713712;0.8114143797257863;0.18858562027421366
1731802734.5103416;/app/bags/user95_2017-02-24.bag;0.834065854549408;0.0;0.9619645476341248;0.0;3.6903359844713712;0.8114143797257863;0.18858562027421366
1731802734.710467;/app/bags/user95_2017-02-24.bag;0.834065854549408;0.0;0.9619645476341248;0.0;3.6903359844713712;0.8114143797257863;0.18858562027421366
1731802734.9106455;/app/bags/user95_2017-02-24.bag;0.834065854549408;0.0;0.9619645476341248;0.0;3.6903359844713712;0.8114143797257863;0.18858562027421366
1731802735.1104004;/app/bags/user95_2017-02-24.bag;0.834065854549408;0.0;0.9619645476341248;0.0;3.6903359844713712;0.8114143797257863;0.18858562027421366
1731802735.3103592;/app/bags/user95_2017-02-24.bag;0.834065854549408;0.0;0.9619645476341248;0.0;3.6903359844713712;0.8114143797257863;0.18858562027421366
1731802735.510429;/app/bags/user95_2017-02-24.bag;0.834065854549408;0.0;0.9619645476341248;0.0;3.6903359844713712;0.8114143797257863;0.18858562027421366
1731802735.7104301;/app/bags/user95_2017-02-24.bag;0.834065854549408;0.0;0.9619645476341248;0.0;3.6903359844713712;0.8114143797257863;0.18858562027421366
1731802735.9104655;/app/bags/user95_2017-02-24.bag;0.834065854549408;0.0;0.9619645476341248;0.0;3.6903359844713712;0.8114143797257863;0.18858562027421366
1731802736.1103919;/app/bags/user95_2017-02-24.bag;0.834065854549408;0.0;0.9619645476341248;0.0;3.6903359844713712;0.8114143797257863;0.18858562027421366
1731802736.3104131;/app/bags/user95_2017-02-24.bag;0.834065854549408;0.0;0.9619645476341248;0.0;3.6903359844713712;0.8114143797257863;0.18858562027421366
1731802736.510428;/app/bags/user95_2017-02-24.bag;0.834065854549408;0.0;0.9619645476341248;0.0;3.6903359844713712;0.8114143797257863;0.18858562027421366
1731802736.7104297;/app/bags/user95_2017-02-24.bag;0.834065854549408;0.0;0.9619645476341248;0.0;3.6903359844713712;0.8114143797257863;0.18858562027421366
1731802736.9103951;/app/bags/user95_2017-02-24.bag;0.834065854549408;0.0;0.9619645476341248;0.0;3.6903359844713712;0.8114143797257863;0.18858562027421366
1731802737.1104126;/app/bags/user95_2017-02-24.bag;0.834065854549408;0.0;0.9619645476341248;0.0;3.6903359844713712;0.8114143797257863;0.18858562027421366
1731802737.310448;/app/bags/user95_2017-02-24.bag;0.834065854549408;0.0;0.9619645476341248;0.0;3.6903359844713712;0.8114143797257863;0.18858562027421366
1731802737.5104246;/app/bags/user95_2017-02-24.bag;0.834065854549408;0.0;0.9619645476341248;0.0;3.6903359844713712;0.8114143797257863;0.18858562027421366
1731802737.7103834;/app/bags/user95_2017-02-24.bag;0.834065854549408;0.0;0.9619645476341248;0.0;3.6903359844713712;0.8114143797257863;0.18858562027421366
1731802737.9103575;/app/bags/user95_2017-02-24.bag;0.834065854549408;0.0;0.9619645476341248;0.0;3.6903359844713712;0.8114143797257863;0.18858562027421366
1731802738.110435;/app/bags/user95_2017-02-24.bag;0.834065854549408;0.0;0.9619645476341248;0.0;3.6903359844713712;0.8114143797257863;0.18858562027421366
1731802738.3103855;/app/bags/user95_2017-02-24.bag;0.834065854549408;0.0;0.9619645476341248;0.0;3.6903359844713712;0.8114143797257863;0.18858562027421366
1731802738.5104334;/app/bags/user95_2017-02-24.bag;0.834065854549408;0.0;0.9619645476341248;0.0;3.6903359844713712;0.8114143797257863;0.18858562027421366
1731802738.7103782;/app/bags/user95_2017-02-24.bag;0.834065854549408;0.0;0.9619645476341248;0.0;3.6903359844713712;0.8114143797257863;0.18858562027421366
1731802738.9103982;/app/bags/user95_2017-02-24.bag;0.834065854549408;0.0;0.9619645476341248;0.0;3.6903359844713712;0.8114143797257863;0.18858562027421366
1731802739.1103919;/app/bags/user95_2017-02-24.bag;0.834065854549408;0.0;0.9619645476341248;0.0;3.6903359844713712;0.8114143797257863;0.18858562027421366
1731802739.3104107;/app/bags/user95_2017-02-24.bag;0.834065854549408;0.0;0.9619645476341248;0.0;3.6903359844713712;0.8114143797257863;0.18858562027421366
1731802739.5104706;/app/bags/user95_2017-02-24.bag;0.834065854549408;0.0;0.9619645476341248;0.0;3.6903359844713712;0.8114143797257863;0.18858562027421366
1731802739.7103698;/app/bags/user95_2017-02-24.bag;0.834065854549408;0.0;0.9619645476341248;0.0;3.6903359844713712;0.8114143797257863;0.18858562027421366
1731802739.9104314;/app/bags/user95_2017-02-24.bag;0.834065854549408;0.0;0.9619645476341248;0.0;3.6903359844713712;0.8114143797257863;0.18858562027421366
1731802740.110424;/app/bags/user95_2017-02-24.bag;0.834065854549408;0.0;0.9619645476341248;0.0;3.6903359844713712;0.8114143797257863;0.18858562027421366
1731802740.310403;/app/bags/user95_2017-02-24.bag;0.834065854549408;0.0;0.9619645476341248;0.0;3.6903359844713712;0.8114143797257863;0.18858562027421366
1731802740.510478;/app/bags/user95_2017-02-24.bag;0.834065854549408;0.0;0.9619645476341248;0.0;3.6903359844713712;0.8114143797257863;0.18858562027421366
1731802740.7103863;/app/bags/user95_2017-02-24.bag;0.834065854549408;0.0;0.9619645476341248;0.0;3.6903359844713712;0.8114143797257863;0.18858562027421366
1731802740.910412;/app/bags/user95_2017-02-24.bag;0.834065854549408;0.0;0.9619645476341248;0.0;3.6903359844713712;0.8114143797257863;0.18858562027421366
1731802741.1103642;/app/bags/user95_2017-02-24.bag;0.834065854549408;0.0;0.9619645476341248;0.0;3.6903359844713712;0.8114143797257863;0.18858562027421366
1731802741.3103974;/app/bags/user95_2017-02-24.bag;0.834065854549408;0.0;0.9619645476341248;0.0;3.6903359844713712;0.8114143797257863;0.18858562027421366
1731802741.5103838;/app/bags/user95_2017-02-24.bag;0.834065854549408;0.0;0.9619645476341248;0.0;3.6903359844713712;0.8114143797257863;0.18858562027421366
1731802741.7105343;/app/bags/user95_2017-02-24.bag;0.834065854549408;0.0;0.9619645476341248;0.0;3.6903359844713712;0.8114143797257863;0.18858562027421366
1731802741.9104102;/app/bags/user95_2017-02-24.bag;0.834065854549408;0.0;0.9619645476341248;0.0;3.6903359844713712;0.8114143797257863;0.18858562027421366
1731802742.1104655;/app/bags/user95_2017-02-24.bag;0.834065854549408;0.0;0.9619645476341248;0.0;3.6903359844713712;0.8114143797257863;0.18858562027421366
1731802742.3103993;/app/bags/user95_2017-02-24.bag;0.834065854549408;0.0;0.9619645476341248;0.0;3.6903359844713712;0.8114143797257863;0.18858562027421366
1731802742.5104463;/app/bags/user95_2017-02-24.bag;0.834065854549408;0.0;0.9619645476341248;0.0;3.6903359844713712;0.8114143797257863;0.18858562027421366
1731802742.7104166;/app/bags/user95_2017-02-24.bag;0.834065854549408;0.0;0.9619645476341248;0.0;3.6903359844713712;0.8114143797257863;0.18858562027421366
1731802742.9103878;/app/bags/user95_2017-02-24.bag;0.834065854549408;0.0;0.9619645476341248;0.0;3.6903359844713712;0.8114143797257863;0.18858562027421366
1731802743.110423;/app/bags/user95_2017-02-24.bag;0.834065854549408;0.0;0.9619645476341248;0.0;3.6903359844713712;0.8114143797257863;0.18858562027421366
1731802743.3104384;/app/bags/user95_2017-02-24.bag;0.834065854549408;0.0;0.9619645476341248;0.0;3.6903359844713712;0.8114143797257863;0.18858562027421366
1731802743.5103834;/app/bags/user95_2017-02-24.bag;0.834065854549408;0.0;0.9619645476341248;0.0;3.6903359844713712;0.8114143797257863;0.18858562027421366
1731802743.7105663;/app/bags/user95_2017-02-24.bag;0.834065854549408;0.0;0.9619645476341248;0.0;3.6903359844713712;0.8114143797257863;0.18858562027421366
1731802743.9103398;/app/bags/user95_2017-02-24.bag;0.834065854549408;0.0;0.9619645476341248;0.0;3.6903359844713712;0.8114143797257863;0.18858562027421366
1731802744.110452;/app/bags/user95_2017-02-24.bag;0.834065854549408;0.0;0.9619645476341248;0.0;3.6903359844713712;0.8114143797257863;0.18858562027421366
1731802744.3104486;/app/bags/user95_2017-02-24.bag;0.834065854549408;0.0;0.9619645476341248;0.0;3.6903359844713712;0.8114143797257863;0.18858562027421366
1731802744.510427;/app/bags/user95_2017-02-24.bag;0.834065854549408;0.0;0.9619645476341248;0.0;3.6903359844713712;0.8114143797257863;0.18858562027421366
1731802744.7104144;/app/bags/user95_2017-02-24.bag;0.834065854549408;0.0;0.9619645476341248;0.0;3.6903359844713712;0.8114143797257863;0.18858562027421366
1731802744.9103913;/app/bags/user95_2017-02-24.bag;0.834065854549408;0.0;0.9619645476341248;0.0;3.6903359844713712;0.8114143797257863;0.18858562027421366
1731802745.1103966;/app/bags/user95_2017-02-24.bag;0.834065854549408;0.0;0.9619645476341248;0.0;3.6903359844713712;0.8114143797257863;0.18858562027421366
1731802745.3104844;/app/bags/user95_2017-02-24.bag;0.834065854549408;0.0;0.9619645476341248;0.0;3.6903359844713712;0.8114143797257863;0.18858562027421366
1731802745.5103977;/app/bags/user95_2017-02-24.bag;0.834065854549408;0.0;0.9619645476341248;0.0;3.6903359844713712;0.8114143797257863;0.18858562027421366
1731802745.710386;/app/bags/user95_2017-02-24.bag;0.834065854549408;0.0;0.9619645476341248;0.0;3.6903359844713712;0.8114143797257863;0.18858562027421366
1731802745.910371;/app/bags/user95_2017-02-24.bag;0.834065854549408;0.0;0.9619645476341248;0.0;3.6903359844713712;0.8114143797257863;0.18858562027421366
1731802746.110372;/app/bags/user95_2017-02-24.bag;0.834065854549408;0.0;0.9619645476341248;0.0;3.6903359844713712;0.8114143797257863;0.18858562027421366
1731802746.310415;/app/bags/user95_2017-02-24.bag;0.834065854549408;0.0;0.9619645476341248;0.0;3.6903359844713712;0.8114143797257863;0.18858562027421366
1731802746.5104485;/app/bags/user95_2017-02-24.bag;0.834065854549408;0.0;0.9619645476341248;0.0;3.6903359844713712;0.8114143797257863;0.18858562027421366
1731802746.7104456;/app/bags/user95_2017-02-24.bag;0.834065854549408;0.0;0.9619645476341248;0.0;3.6903359844713712;0.8114143797257863;0.18858562027421366
1731802746.9104571;/app/bags/user95_2017-02-24.bag;0.834065854549408;0.0;0.9619645476341248;0.0;3.6903359844713712;0.8114143797257863;0.18858562027421366
1731802747.1105375;/app/bags/user95_2017-02-24.bag;0.834065854549408;0.0;0.9619645476341248;0.0;3.6903359844713712;0.8114143797257863;0.18858562027421366
1731802747.3104239;/app/bags/user95_2017-02-24.bag;0.834065854549408;0.0;0.9619645476341248;0.0;3.6903359844713712;0.8114143797257863;0.18858562027421366
1731802747.51042;/app/bags/user95_2017-02-24.bag;0.834065854549408;0.0;0.9619645476341248;0.0;3.6903359844713712;0.8114143797257863;0.18858562027421366
1731802747.7104607;/app/bags/user95_2017-02-24.bag;0.834065854549408;0.0;0.9619645476341248;0.0;3.6903359844713712;0.8114143797257863;0.18858562027421366
1731802747.9103591;/app/bags/user95_2017-02-24.bag;0.834065854549408;0.0;0.9619645476341248;0.0;3.6903359844713712;0.8114143797257863;0.18858562027421366
1731802748.110384;/app/bags/user95_2017-02-24.bag;0.834065854549408;0.0;0.9619645476341248;0.0;3.6903359844713712;0.8114143797257863;0.18858562027421366
1731802748.3104553;/app/bags/user95_2017-02-24.bag;0.834065854549408;0.0;0.9619645476341248;0.0;3.6903359844713712;0.8114143797257863;0.18858562027421366
1731802748.5103984;/app/bags/user95_2017-02-24.bag;0.834065854549408;0.0;0.9619645476341248;0.0;3.6903359844713712;0.8114143797257863;0.18858562027421366
1731802748.7105412;/app/bags/user95_2017-02-24.bag;0.834065854549408;0.0;0.9619645476341248;0.0;3.6903359844713712;0.8114143797257863;0.18858562027421366
1731802748.9104843;/app/bags/user95_2017-02-24.bag;0.834065854549408;0.0;0.9619645476341248;0.0;3.6903359844713712;0.8114143797257863;0.18858562027421366
1731802749.1103826;/app/bags/user95_2017-02-24.bag;0.834065854549408;0.0;0.9619645476341248;0.0;3.6903359844713712;0.8114143797257863;0.18858562027421366
1731802749.31039;/app/bags/user95_2017-02-24.bag;0.834065854549408;0.0;0.9619645476341248;0.0;3.6903359844713712;0.8114143797257863;0.18858562027421366
1731802749.5103917;/app/bags/user95_2017-02-24.bag;0.834065854549408;0.0;0.9619645476341248;0.0;3.6903359844713712;0.8114143797257863;0.18858562027421366
1731802749.710426;/app/bags/user95_2017-02-24.bag;0.834065854549408;0.0;0.9619645476341248;0.0;3.6903359844713712;0.8114143797257863;0.18858562027421366
1731802749.9104187;/app/bags/user95_2017-02-24.bag;0.834065854549408;0.0;0.9619645476341248;0.0;3.6903359844713712;0.8114143797257863;0.18858562027421366
1731802750.1104095;/app/bags/user95_2017-02-24.bag;0.834065854549408;0.0;0.9619645476341248;0.0;3.6903359844713712;0.8114143797257863;0.18858562027421366
1731802750.3104074;/app/bags/user95_2017-02-24.bag;0.834065854549408;0.0;0.9619645476341248;0.0;3.6903359844713712;0.8114143797257863;0.18858562027421366
1731802750.5104291;/app/bags/user95_2017-02-24.bag;0.834065854549408;0.0;0.9619645476341248;0.0;3.6903359844713712;0.8114143797257863;0.18858562027421366
1731802750.7104259;/app/bags/user95_2017-02-24.bag;0.834065854549408;0.0;0.9619645476341248;0.0;3.6903359844713712;0.8114143797257863;0.18858562027421366
1731802750.9104319;/app/bags/user95_2017-02-24.bag;0.834065854549408;0.0;0.9619645476341248;0.0;3.6903359844713712;0.8114143797257863;0.18858562027421366
1731802751.11042;/app/bags/user95_2017-02-24.bag;0.834065854549408;0.0;0.9619645476341248;0.0;3.6903359844713712;0.8114143797257863;0.18858562027421366
1731802751.3104777;/app/bags/user95_2017-02-24.bag;0.834065854549408;0.0;0.9619645476341248;0.0;3.6903359844713712;0.8114143797257863;0.18858562027421366
1731802751.510514;/app/bags/user95_2017-02-24.bag;0.834065854549408;0.0;0.9619645476341248;0.0;3.6903359844713712;0.8114143797257863;0.18858562027421366
1731802751.710429;/app/bags/user95_2017-02-24.bag;0.834065854549408;0.0;0.9619645476341248;0.0;3.6903359844713712;0.8114143797257863;0.18858562027421366
1731802751.910414;/app/bags/user95_2017-02-24.bag;0.834065854549408;0.0;0.9619645476341248;0.0;3.6903359844713712;0.8114143797257863;0.18858562027421366
1731802752.110423;/app/bags/user95_2017-02-24.bag;0.834065854549408;0.0;0.9619645476341248;0.0;3.6903359844713712;0.8114143797257863;0.18858562027421366
1731802752.3104894;/app/bags/user95_2017-02-24.bag;0.834065854549408;0.0;0.9619645476341248;0.0;3.6903359844713712;0.8114143797257863;0.18858562027421366
1731802752.5103908;/app/bags/user95_2017-02-24.bag;0.834065854549408;0.0;0.9619645476341248;0.0;3.6903359844713712;0.8114143797257863;0.18858562027421366
1731802752.7103941;/app/bags/user95_2017-02-24.bag;0.834065854549408;0.0;0.9619645476341248;0.0;3.6903359844713712;0.8114143797257863;0.18858562027421366
1731802752.9104168;/app/bags/user95_2017-02-24.bag;0.834065854549408;0.0;0.9619645476341248;0.0;3.6903359844713712;0.8114143797257863;0.18858562027421366
1731802753.1103575;/app/bags/user95_2017-02-24.bag;0.834065854549408;0.0;0.9619645476341248;0.0;3.6903359844713712;0.8114143797257863;0.18858562027421366
1731802753.3104484;/app/bags/user95_2017-02-24.bag;0.834065854549408;0.0;0.9619645476341248;0.0;3.6903359844713712;0.8114143797257863;0.18858562027421366
1731802753.5103798;/app/bags/user95_2017-02-24.bag;0.834065854549408;0.0;0.9619645476341248;0.0;3.6903359844713712;0.8114143797257863;0.18858562027421366
1731802753.710432;/app/bags/user95_2017-02-24.bag;0.834065854549408;0.0;0.9619645476341248;0.0;3.6903359844713712;0.8114143797257863;0.18858562027421366
1731802753.910403;/app/bags/user95_2017-02-24.bag;0.834065854549408;0.0;0.9619645476341248;0.0;3.6903359844713712;0.8114143797257863;0.18858562027421366
1731802754.110427;/app/bags/user95_2017-02-24.bag;0.834065854549408;0.0;0.9619645476341248;0.0;3.6903359844713712;0.8114143797257863;0.18858562027421366
1731802754.310387;/app/bags/user95_2017-02-24.bag;0.834065854549408;0.0;0.9619645476341248;0.0;3.6903359844713712;0.8114143797257863;0.18858562027421366
1731802754.510442;/app/bags/user95_2017-02-24.bag;0.834065854549408;0.0;0.9619645476341248;0.0;3.6903359844713712;0.8114143797257863;0.18858562027421366
1731802754.7103941;/app/bags/user95_2017-02-24.bag;0.834065854549408;0.0;0.9619645476341248;0.0;3.6903359844713712;0.8114143797257863;0.18858562027421366
1731802754.91036;/app/bags/user95_2017-02-24.bag;0.834065854549408;0.0;0.9619645476341248;0.0;3.6903359844713712;0.8114143797257863;0.18858562027421366
1731802755.1103885;/app/bags/user95_2017-02-24.bag;0.834065854549408;0.0;0.9619645476341248;0.0;3.6903359844713712;0.8114143797257863;0.18858562027421366
1731802755.3103747;/app/bags/user95_2017-02-24.bag;0.834065854549408;0.0;0.9619645476341248;0.0;3.6903359844713712;0.8114143797257863;0.18858562027421366
1731802755.5104032;/app/bags/user95_2017-02-24.bag;0.834065854549408;0.0;0.9619645476341248;0.0;3.6903359844713712;0.8114143797257863;0.18858562027421366
1731802755.7103972;/app/bags/user95_2017-02-24.bag;0.834065854549408;0.0;0.9619645476341248;0.0;3.6903359844713712;0.8114143797257863;0.18858562027421366
1731802755.9104323;/app/bags/user95_2017-02-24.bag;0.834065854549408;0.0;0.9619645476341248;0.0;3.6903359844713712;0.8114143797257863;0.18858562027421366
1731802756.1104789;/app/bags/user95_2017-02-24.bag;0.834065854549408;0.0;0.9619645476341248;0.0;3.6903359844713712;0.8114143797257863;0.18858562027421366
1731802756.3104265;/app/bags/user95_2017-02-24.bag;0.834065854549408;0.0;0.9619645476341248;0.0;3.6903359844713712;0.8114143797257863;0.18858562027421366
1731802756.51053;/app/bags/user95_2017-02-24.bag;0.834065854549408;0.0;0.9619645476341248;0.0;3.6903359844713712;0.8114143797257863;0.18858562027421366
1731802756.7103868;/app/bags/user95_2017-02-24.bag;0.834065854549408;0.0;0.9619645476341248;0.0;3.6903359844713712;0.8114143797257863;0.18858562027421366
1731802756.9104052;/app/bags/user95_2017-02-24.bag;0.834065854549408;0.0;0.9619645476341248;0.0;3.6903359844713712;0.8114143797257863;0.18858562027421366
1731802757.1104639;/app/bags/user95_2017-02-24.bag;0.834065854549408;0.0;0.9619645476341248;0.0;3.6903359844713712;0.8114143797257863;0.18858562027421366
1731802757.3104076;/app/bags/user95_2017-02-24.bag;0.834065854549408;0.0;0.9619645476341248;0.0;3.6903359844713712;0.8114143797257863;0.18858562027421366
1731802757.5103972;/app/bags/user95_2017-02-24.bag;0.834065854549408;0.0;0.9619645476341248;0.0;3.6903359844713712;0.8114143797257863;0.18858562027421366
1731802757.7104204;/app/bags/user95_2017-02-24.bag;0.834065854549408;0.0;0.9619645476341248;0.0;3.6903359844713712;0.8114143797257863;0.18858562027421366
1731802757.9104147;/app/bags/user95_2017-02-24.bag;0.834065854549408;0.0;0.9619645476341248;0.0;3.6903359844713712;0.8114143797257863;0.18858562027421366
1731802758.1104054;/app/bags/user95_2017-02-24.bag;0.834065854549408;0.0;0.9619645476341248;0.0;3.6903359844713712;0.8114143797257863;0.18858562027421366
1731802758.3103518;/app/bags/user95_2017-02-24.bag;0.834065854549408;0.0;0.9619645476341248;0.0;3.6903359844713712;0.8114143797257863;0.18858562027421366
1731802758.510391;/app/bags/user95_2017-02-24.bag;0.834065854549408;0.0;0.9619645476341248;0.0;3.6903359844713712;0.8114143797257863;0.18858562027421366
1731802758.7104053;/app/bags/user95_2017-02-24.bag;0.834065854549408;0.0;0.9619645476341248;0.0;3.6903359844713712;0.8114143797257863;0.18858562027421366
1731802758.9104235;/app/bags/user95_2017-02-24.bag;0.834065854549408;0.0;0.9619645476341248;0.0;3.6903359844713712;0.8114143797257863;0.18858562027421366
1731802759.1104717;/app/bags/user95_2017-02-24.bag;0.834065854549408;0.0;0.9619645476341248;0.0;3.6903359844713712;0.8114143797257863;0.18858562027421366
1731802759.310428;/app/bags/user95_2017-02-24.bag;0.834065854549408;0.0;0.9619645476341248;0.0;3.6903359844713712;0.8114143797257863;0.18858562027421366
1731802759.5103881;/app/bags/user95_2017-02-24.bag;0.834065854549408;0.0;0.9619645476341248;0.0;3.6903359844713712;0.8114143797257863;0.18858562027421366
1731802759.7104008;/app/bags/user95_2017-02-24.bag;0.834065854549408;0.0;0.9619645476341248;0.0;3.6903359844713712;0.8114143797257863;0.18858562027421366
1731802759.9104946;/app/bags/user95_2017-02-24.bag;0.834065854549408;0.0;0.9619645476341248;0.0;3.6903359844713712;0.8114143797257863;0.18858562027421366
1731802760.110376;/app/bags/user95_2017-02-24.bag;0.834065854549408;0.0;0.9619645476341248;0.0;3.6903359844713712;0.8114143797257863;0.18858562027421366
1731802760.310409;/app/bags/user95_2017-02-24.bag;0.834065854549408;0.0;0.9619645476341248;0.0;3.6903359844713712;0.8114143797257863;0.18858562027421366
1731802760.510384;/app/bags/user95_2017-02-24.bag;0.834065854549408;0.0;0.9619645476341248;0.0;3.6903359844713712;0.8114143797257863;0.18858562027421366
1731802760.7105277;/app/bags/user95_2017-02-24.bag;0.834065854549408;0.0;0.9619645476341248;0.0;3.6903359844713712;0.8114143797257863;0.18858562027421366
1731802760.9103398;/app/bags/user95_2017-02-24.bag;0.834065854549408;0.0;0.9619645476341248;0.0;3.6903359844713712;0.8114143797257863;0.18858562027421366
1731802761.1103652;/app/bags/user95_2017-02-24.bag;0.834065854549408;0.0;0.9619645476341248;0.0;3.6903359844713712;0.8114143797257863;0.18858562027421366
1731802761.3103623;/app/bags/user95_2017-02-24.bag;0.834065854549408;0.0;0.9619645476341248;0.0;3.6903359844713712;0.8114143797257863;0.18858562027421366
1731802761.5103915;/app/bags/user95_2017-02-24.bag;0.834065854549408;0.0;0.9619645476341248;0.0;3.6903359844713712;0.8114143797257863;0.18858562027421366
1731802761.7103794;/app/bags/user95_2017-02-24.bag;0.834065854549408;0.0;0.9619645476341248;0.0;3.6903359844713712;0.8114143797257863;0.18858562027421366
1731802761.910431;/app/bags/user95_2017-02-24.bag;0.834065854549408;0.0;0.9619645476341248;0.0;3.6903359844713712;0.8114143797257863;0.18858562027421366
1731802762.1103935;/app/bags/user95_2017-02-24.bag;0.834065854549408;0.0;0.9619645476341248;0.0;3.6903359844713712;0.8114143797257863;0.18858562027421366
1731802762.3103654;/app/bags/user95_2017-02-24.bag;0.834065854549408;0.0;0.9619645476341248;0.0;3.6903359844713712;0.8114143797257863;0.18858562027421366
1731802762.510371;/app/bags/user95_2017-02-24.bag;0.834065854549408;0.0;0.9619645476341248;0.0;3.6903359844713712;0.8114143797257863;0.18858562027421366
1731802762.7104192;/app/bags/user95_2017-02-24.bag;0.834065854549408;0.0;0.9619645476341248;0.0;3.6903359844713712;0.8114143797257863;0.18858562027421366
1731802762.9103978;/app/bags/user95_2017-02-24.bag;0.834065854549408;0.0;0.9619645476341248;0.0;3.6903359844713712;0.8114143797257863;0.18858562027421366
1731802763.1105025;/app/bags/user95_2017-02-24.bag;0.834065854549408;0.0;0.9619645476341248;0.0;3.6903359844713712;0.8114143797257863;0.18858562027421366
1731802763.3104186;/app/bags/user95_2017-02-24.bag;0.834065854549408;0.0;0.9619645476341248;0.0;3.6903359844713712;0.8114143797257863;0.18858562027421366
1731802763.510382;/app/bags/user95_2017-02-24.bag;0.834065854549408;0.0;0.9619645476341248;0.0;3.6903359844713712;0.8114143797257863;0.18858562027421366
1731802763.7103992;/app/bags/user95_2017-02-24.bag;0.834065854549408;0.0;0.9619645476341248;0.0;3.6903359844713712;0.8114143797257863;0.18858562027421366
1731802763.9104602;/app/bags/user95_2017-02-24.bag;0.834065854549408;0.0;0.9619645476341248;0.0;3.6903359844713712;0.8114143797257863;0.18858562027421366
1731802764.1104023;/app/bags/user95_2017-02-24.bag;0.834065854549408;0.0;0.9619645476341248;0.0;3.6903359844713712;0.8114143797257863;0.18858562027421366
1731802764.310389;/app/bags/user95_2017-02-24.bag;0.834065854549408;0.0;0.9619645476341248;0.0;3.6903359844713712;0.8114143797257863;0.18858562027421366
1731802764.5104036;/app/bags/user95_2017-02-24.bag;0.834065854549408;0.0;0.9619645476341248;0.0;3.6903359844713712;0.8114143797257863;0.18858562027421366
1731802764.710442;/app/bags/user95_2017-02-24.bag;0.834065854549408;0.0;0.9619645476341248;0.0;3.6903359844713712;0.8114143797257863;0.18858562027421366
1731802764.910383;/app/bags/user95_2017-02-24.bag;0.834065854549408;0.0;0.9619645476341248;0.0;3.6903359844713712;0.8114143797257863;0.18858562027421366
1731802765.110391;/app/bags/user95_2017-02-24.bag;0.834065854549408;0.0;0.9619645476341248;0.0;3.6903359844713712;0.8114143797257863;0.18858562027421366
1731802765.31046;/app/bags/user95_2017-02-24.bag;0.834065854549408;0.0;0.9619645476341248;0.0;3.6903359844713712;0.8114143797257863;0.18858562027421366
1731802765.510468;/app/bags/user95_2017-02-24.bag;0.834065854549408;0.0;0.9619645476341248;0.0;3.6903359844713712;0.8114143797257863;0.18858562027421366
1731802765.71043;/app/bags/user95_2017-02-24.bag;0.834065854549408;0.0;0.9619645476341248;0.0;3.6903359844713712;0.8114143797257863;0.18858562027421366
1731802765.9104176;/app/bags/user95_2017-02-24.bag;0.834065854549408;0.0;0.9619645476341248;0.0;3.6903359844713712;0.8114143797257863;0.18858562027421366
1731802766.1105359;/app/bags/user95_2017-02-24.bag;0.834065854549408;0.0;0.9619645476341248;0.0;3.6903359844713712;0.8114143797257863;0.18858562027421366
1731802766.310425;/app/bags/user95_2017-02-24.bag;0.834065854549408;0.0;0.9619645476341248;0.0;3.6903359844713712;0.8114143797257863;0.18858562027421366
1731802766.51039;/app/bags/user95_2017-02-24.bag;0.834065854549408;0.0;0.9619645476341248;0.0;3.6903359844713712;0.8114143797257863;0.18858562027421366
1731802766.710386;/app/bags/user95_2017-02-24.bag;0.834065854549408;0.0;0.9619645476341248;0.0;3.6903359844713712;0.8114143797257863;0.18858562027421366
1731802766.9104717;/app/bags/user95_2017-02-24.bag;0.834065854549408;0.0;0.9619645476341248;0.0;3.6903359844713712;0.8114143797257863;0.18858562027421366
1731802767.1104739;/app/bags/user95_2017-02-24.bag;0.834065854549408;0.0;0.9619645476341248;0.0;3.6903359844713712;0.8114143797257863;0.18858562027421366
1731802767.3103702;/app/bags/user95_2017-02-24.bag;0.834065854549408;0.0;0.9619645476341248;0.0;3.6903359844713712;0.8114143797257863;0.18858562027421366
1731802767.5104158;/app/bags/user95_2017-02-24.bag;0.834065854549408;0.0;0.9619645476341248;0.0;3.6903359844713712;0.8114143797257863;0.18858562027421366
1731802767.7104135;/app/bags/user95_2017-02-24.bag;0.834065854549408;0.0;0.9619645476341248;0.0;3.6903359844713712;0.8114143797257863;0.18858562027421366
1731802767.910361;/app/bags/user95_2017-02-24.bag;0.834065854549408;0.0;0.9619645476341248;0.0;3.6903359844713712;0.8114143797257863;0.18858562027421366
1731802768.1105108;/app/bags/user95_2017-02-24.bag;0.834065854549408;0.0;0.9619645476341248;0.0;3.6903359844713712;0.8114143797257863;0.18858562027421366
1731802768.3104105;/app/bags/user95_2017-02-24.bag;0.834065854549408;0.0;0.9619645476341248;0.0;3.6903359844713712;0.8114143797257863;0.18858562027421366
1731802768.510437;/app/bags/user95_2017-02-24.bag;0.834065854549408;0.0;0.9619645476341248;0.0;3.6903359844713712;0.8114143797257863;0.18858562027421366
1731802768.710419;/app/bags/user95_2017-02-24.bag;0.834065854549408;0.0;0.9619645476341248;0.0;3.6903359844713712;0.8114143797257863;0.18858562027421366
1731802768.9104013;/app/bags/user95_2017-02-24.bag;0.834065854549408;0.0;0.9619645476341248;0.0;3.6903359844713712;0.8114143797257863;0.18858562027421366
1731802769.1104279;/app/bags/user95_2017-02-24.bag;0.834065854549408;0.0;0.9619645476341248;0.0;3.6903359844713712;0.8114143797257863;0.18858562027421366
1731802769.310307;/app/bags/user95_2017-02-24.bag;0.834065854549408;0.0;0.9619645476341248;0.0;3.6903359844713712;0.8114143797257863;0.18858562027421366
1731802769.5104003;/app/bags/user95_2017-02-24.bag;0.834065854549408;0.0;0.9619645476341248;0.0;3.6903359844713712;0.8114143797257863;0.18858562027421366
1731802769.7103994;/app/bags/user95_2017-02-24.bag;0.834065854549408;0.0;0.9619645476341248;0.0;3.6903359844713712;0.8114143797257863;0.18858562027421366
1731802769.9104223;/app/bags/user95_2017-02-24.bag;0.834065854549408;0.0;0.9619645476341248;0.0;3.6903359844713712;0.8114143797257863;0.18858562027421366
1731802770.110464;/app/bags/user95_2017-02-24.bag;0.834065854549408;0.0;0.9619645476341248;0.0;3.6903359844713712;0.8114143797257863;0.18858562027421366
1731802770.3104384;/app/bags/user95_2017-02-24.bag;0.834065854549408;0.0;0.9619645476341248;0.0;3.6903359844713712;0.8114143797257863;0.18858562027421366
1731802770.510387;/app/bags/user95_2017-02-24.bag;0.834065854549408;0.0;0.9619645476341248;0.0;3.6903359844713712;0.8114143797257863;0.18858562027421366
1731802770.7103631;/app/bags/user95_2017-02-24.bag;0.834065854549408;0.0;0.9619645476341248;0.0;3.6903359844713712;0.8114143797257863;0.18858562027421366
1731802770.910393;/app/bags/user95_2017-02-24.bag;0.834065854549408;0.0;0.9619645476341248;0.0;3.6903359844713712;0.8114143797257863;0.18858562027421366
1731802771.110371;/app/bags/user95_2017-02-24.bag;0.834065854549408;0.0;0.9619645476341248;0.0;3.6903359844713712;0.8114143797257863;0.18858562027421366
1731802771.3103864;/app/bags/user95_2017-02-24.bag;0.834065854549408;0.0;0.9619645476341248;0.0;3.6903359844713712;0.8114143797257863;0.18858562027421366
1731802771.5103834;/app/bags/user95_2017-02-24.bag;0.834065854549408;0.0;0.9619645476341248;0.0;3.6903359844713712;0.8114143797257863;0.18858562027421366
1731802771.7103953;/app/bags/user95_2017-02-24.bag;0.834065854549408;0.0;0.9619645476341248;0.0;3.6903359844713712;0.8114143797257863;0.18858562027421366
1731802771.9104037;/app/bags/user95_2017-02-24.bag;0.834065854549408;0.0;0.9619645476341248;0.0;3.6903359844713712;0.8114143797257863;0.18858562027421366
1731802772.1104734;/app/bags/user95_2017-02-24.bag;0.834065854549408;0.0;0.9619645476341248;0.0;3.6903359844713712;0.8114143797257863;0.18858562027421366
1731802772.3103817;/app/bags/user95_2017-02-24.bag;0.834065854549408;0.0;0.9619645476341248;0.0;3.6903359844713712;0.8114143797257863;0.18858562027421366
1731802772.510444;/app/bags/user95_2017-02-24.bag;0.834065854549408;0.0;0.9619645476341248;0.0;3.6903359844713712;0.8114143797257863;0.18858562027421366
1731802772.7103925;/app/bags/user95_2017-02-24.bag;0.834065854549408;0.0;0.9619645476341248;0.0;3.6903359844713712;0.8114143797257863;0.18858562027421366
1731802772.9105244;/app/bags/user95_2017-02-24.bag;0.834065854549408;0.0;0.9619645476341248;0.0;3.6903359844713712;0.8114143797257863;0.18858562027421366
1731802773.110381;/app/bags/user95_2017-02-24.bag;0.834065854549408;0.0;0.9619645476341248;0.0;3.6903359844713712;0.8114143797257863;0.18858562027421366
1731802773.3104038;/app/bags/user95_2017-02-24.bag;0.834065854549408;0.0;0.9619645476341248;0.0;3.6903359844713712;0.8114143797257863;0.18858562027421366
1731802773.5105;/app/bags/user95_2017-02-24.bag;0.834065854549408;0.0;0.9619645476341248;0.0;3.6903359844713712;0.8114143797257863;0.18858562027421366
1731802773.7103846;/app/bags/user95_2017-02-24.bag;0.834065854549408;0.0;0.9619645476341248;0.0;3.6903359844713712;0.8114143797257863;0.18858562027421366
1731802773.9103549;/app/bags/user95_2017-02-24.bag;0.834065854549408;0.0;0.9619645476341248;0.0;3.6903359844713712;0.8114143797257863;0.18858562027421366
1731802774.1104352;/app/bags/user95_2017-02-24.bag;0.834065854549408;0.0;0.9619645476341248;0.0;3.6903359844713712;0.8114143797257863;0.18858562027421366
1731802774.310499;/app/bags/user95_2017-02-24.bag;0.834065854549408;0.0;0.9619645476341248;0.0;3.6903359844713712;0.8114143797257863;0.18858562027421366
1731802774.5104003;/app/bags/user95_2017-02-24.bag;0.834065854549408;0.0;0.9619645476341248;0.0;3.6903359844713712;0.8114143797257863;0.18858562027421366
1731802774.710351;/app/bags/user95_2017-02-24.bag;0.834065854549408;0.0;0.9619645476341248;0.0;3.6903359844713712;0.8114143797257863;0.18858562027421366
1731802774.9103568;/app/bags/user95_2017-02-24.bag;0.834065854549408;0.0;0.9619645476341248;0.0;3.6903359844713712;0.8114143797257863;0.18858562027421366
1731802775.1104028;/app/bags/user95_2017-02-24.bag;0.834065854549408;0.0;0.9619645476341248;0.0;3.6903359844713712;0.8114143797257863;0.18858562027421366
1731802775.310474;/app/bags/user95_2017-02-24.bag;0.834065854549408;0.0;0.9619645476341248;0.0;3.6903359844713712;0.8114143797257863;0.18858562027421366
1731802775.510367;/app/bags/user95_2017-02-24.bag;0.834065854549408;0.0;0.9619645476341248;0.0;3.6903359844713712;0.8114143797257863;0.18858562027421366
1731802775.7103848;/app/bags/user95_2017-02-24.bag;0.834065854549408;0.0;0.9619645476341248;0.0;3.6903359844713712;0.8114143797257863;0.18858562027421366
1731802775.9104133;/app/bags/user95_2017-02-24.bag;0.834065854549408;0.0;0.9619645476341248;0.0;3.6903359844713712;0.8114143797257863;0.18858562027421366
1731802776.110508;/app/bags/user95_2017-02-24.bag;0.834065854549408;0.0;0.9619645476341248;0.0;3.6903359844713712;0.8114143797257863;0.18858562027421366
1731802776.3104093;/app/bags/user95_2017-02-24.bag;0.834065854549408;0.0;0.9619645476341248;0.0;3.6903359844713712;0.8114143797257863;0.18858562027421366
1731802776.5103874;/app/bags/user95_2017-02-24.bag;0.834065854549408;0.0;0.9619645476341248;0.0;3.6903359844713712;0.8114143797257863;0.18858562027421366
1731802776.7104034;/app/bags/user95_2017-02-24.bag;0.834065854549408;0.0;0.9619645476341248;0.0;3.6903359844713712;0.8114143797257863;0.18858562027421366
1731802776.910423;/app/bags/user95_2017-02-24.bag;0.834065854549408;0.0;0.9619645476341248;0.0;3.6903359844713712;0.8114143797257863;0.18858562027421366
1731802777.1103928;/app/bags/user95_2017-02-24.bag;0.834065854549408;0.0;0.9619645476341248;0.0;3.6903359844713712;0.8114143797257863;0.18858562027421366
1731802777.3103864;/app/bags/user95_2017-02-24.bag;0.834065854549408;0.0;0.9619645476341248;0.0;3.6903359844713712;0.8114143797257863;0.18858562027421366
1731802777.5103843;/app/bags/user95_2017-02-24.bag;0.834065854549408;0.0;0.9619645476341248;0.0;3.6903359844713712;0.8114143797257863;0.18858562027421366
1731802777.7104113;/app/bags/user95_2017-02-24.bag;0.834065854549408;0.0;0.9619645476341248;0.0;3.6903359844713712;0.8114143797257863;0.18858562027421366
1731802777.9104125;/app/bags/user95_2017-02-24.bag;0.834065854549408;0.0;0.9619645476341248;0.0;3.6903359844713712;0.8114143797257863;0.18858562027421366
1731802778.110388;/app/bags/user95_2017-02-24.bag;0.834065854549408;0.0;0.9619645476341248;0.0;3.6903359844713712;0.8114143797257863;0.18858562027421366
1731802778.3103936;/app/bags/user95_2017-02-24.bag;0.834065854549408;0.0;0.9619645476341248;0.0;3.6903359844713712;0.8114143797257863;0.18858562027421366
1731802778.5103943;/app/bags/user95_2017-02-24.bag;0.834065854549408;0.0;0.9619645476341248;0.0;3.6903359844713712;0.8114143797257863;0.18858562027421366
1731802778.7105262;/app/bags/user95_2017-02-24.bag;0.834065854549408;0.0;0.9619645476341248;0.0;3.6903359844713712;0.8114143797257863;0.18858562027421366
1731802778.9104147;/app/bags/user95_2017-02-24.bag;0.834065854549408;0.0;0.9619645476341248;0.0;3.6903359844713712;0.8114143797257863;0.18858562027421366
1731802779.1105292;/app/bags/user95_2017-02-24.bag;0.834065854549408;0.0;0.9619645476341248;0.0;3.6903359844713712;0.8114143797257863;0.18858562027421366
1731802779.3104334;/app/bags/user95_2017-02-24.bag;0.834065854549408;0.0;0.9619645476341248;0.0;3.6903359844713712;0.8114143797257863;0.18858562027421366
1731802779.5103543;/app/bags/user95_2017-02-24.bag;0.834065854549408;0.0;0.9619645476341248;0.0;3.6903359844713712;0.8114143797257863;0.18858562027421366
1731802779.7104442;/app/bags/user95_2017-02-24.bag;0.834065854549408;0.0;0.9619645476341248;0.0;3.6903359844713712;0.8114143797257863;0.18858562027421366
1731802779.9103515;/app/bags/user95_2017-02-24.bag;0.834065854549408;0.0;0.9619645476341248;0.0;3.6903359844713712;0.8114143797257863;0.18858562027421366
1731802780.1103723;/app/bags/user95_2017-02-24.bag;0.834065854549408;0.0;0.9619645476341248;0.0;3.6903359844713712;0.8114143797257863;0.18858562027421366
1731802780.3103971;/app/bags/user95_2017-02-24.bag;0.834065854549408;0.0;0.9619645476341248;0.0;3.6903359844713712;0.8114143797257863;0.18858562027421366
1731802780.510403;/app/bags/user95_2017-02-24.bag;0.834065854549408;0.0;0.9619645476341248;0.0;3.6903359844713712;0.8114143797257863;0.18858562027421366
1731802780.7103786;/app/bags/user95_2017-02-24.bag;0.834065854549408;0.0;0.9619645476341248;0.0;3.6903359844713712;0.8114143797257863;0.18858562027421366
1731802780.9105077;/app/bags/user95_2017-02-24.bag;0.834065854549408;0.0;0.9619645476341248;0.0;3.6903359844713712;0.8114143797257863;0.18858562027421366
1731802781.1103947;/app/bags/user95_2017-02-24.bag;0.834065854549408;0.0;0.9619645476341248;0.0;3.6903359844713712;0.8114143797257863;0.18858562027421366
1731802781.3103788;/app/bags/user95_2017-02-24.bag;0.834065854549408;0.0;0.9619645476341248;0.0;3.6903359844713712;0.8114143797257863;0.18858562027421366
1731802781.5104353;/app/bags/user95_2017-02-24.bag;0.834065854549408;0.0;0.9619645476341248;0.0;3.6903359844713712;0.8114143797257863;0.18858562027421366
1731802781.710462;/app/bags/user95_2017-02-24.bag;0.834065854549408;0.0;0.9619645476341248;0.0;3.6903359844713712;0.8114143797257863;0.18858562027421366
1731802781.9104018;/app/bags/user95_2017-02-24.bag;0.834065854549408;0.0;0.9619645476341248;0.0;3.6903359844713712;0.8114143797257863;0.18858562027421366
1731802782.1103961;/app/bags/user95_2017-02-24.bag;0.834065854549408;0.0;0.9619645476341248;0.0;3.6903359844713712;0.8114143797257863;0.18858562027421366
1731802782.3104079;/app/bags/user95_2017-02-24.bag;0.834065854549408;0.0;0.9619645476341248;0.0;3.6903359844713712;0.8114143797257863;0.18858562027421366
1731802782.5104458;/app/bags/user95_2017-02-24.bag;0.834065854549408;0.0;0.9619645476341248;0.0;3.6903359844713712;0.8114143797257863;0.18858562027421366
1731802782.71042;/app/bags/user95_2017-02-24.bag;0.834065854549408;0.0;0.9619645476341248;0.0;3.6903359844713712;0.8114143797257863;0.18858562027421366
1731802782.9103975;/app/bags/user95_2017-02-24.bag;0.834065854549408;0.0;0.9619645476341248;0.0;3.6903359844713712;0.8114143797257863;0.18858562027421366
1731802783.1104472;/app/bags/user95_2017-02-24.bag;0.834065854549408;0.0;0.9619645476341248;0.0;3.6903359844713712;0.8114143797257863;0.18858562027421366
1731802783.310512;/app/bags/user95_2017-02-24.bag;0.834065854549408;0.0;0.9619645476341248;0.0;3.6903359844713712;0.8114143797257863;0.18858562027421366
1731802783.5103986;/app/bags/user95_2017-02-24.bag;0.834065854549408;0.0;0.9619645476341248;0.0;3.6903359844713712;0.8114143797257863;0.18858562027421366
1731802783.7103865;/app/bags/user95_2017-02-24.bag;0.834065854549408;0.0;0.9619645476341248;0.0;3.6903359844713712;0.8114143797257863;0.18858562027421366
1731802783.910539;/app/bags/user95_2017-02-24.bag;0.834065854549408;0.0;0.9619645476341248;0.0;3.6903359844713712;0.8114143797257863;0.18858562027421366
1731802784.1104207;/app/bags/user95_2017-02-24.bag;0.834065854549408;0.0;0.9619645476341248;0.0;3.6903359844713712;0.8114143797257863;0.18858562027421366
1731802784.3103852;/app/bags/user95_2017-02-24.bag;0.834065854549408;0.0;0.9619645476341248;0.0;3.6903359844713712;0.8114143797257863;0.18858562027421366
1731802784.5104318;/app/bags/user95_2017-02-24.bag;0.834065854549408;0.0;0.9619645476341248;0.0;3.6903359844713712;0.8114143797257863;0.18858562027421366
1731802784.7104173;/app/bags/user95_2017-02-24.bag;0.834065854549408;0.0;0.9619645476341248;0.0;3.6903359844713712;0.8114143797257863;0.18858562027421366
1731802784.9104087;/app/bags/user95_2017-02-24.bag;0.834065854549408;0.0;0.9619645476341248;0.0;3.6903359844713712;0.8114143797257863;0.18858562027421366
1731802785.110426;/app/bags/user95_2017-02-24.bag;0.834065854549408;0.0;0.9619645476341248;0.0;3.6903359844713712;0.8114143797257863;0.18858562027421366
1731802785.3104036;/app/bags/user95_2017-02-24.bag;0.834065854549408;0.0;0.9619645476341248;0.0;3.6903359844713712;0.8114143797257863;0.18858562027421366
1731802785.5104246;/app/bags/user95_2017-02-24.bag;0.834065854549408;0.0;0.9619645476341248;0.0;3.6903359844713712;0.8114143797257863;0.18858562027421366
1731802785.7104151;/app/bags/user95_2017-02-24.bag;0.834065854549408;0.0;0.9619645476341248;0.0;3.6903359844713712;0.8114143797257863;0.18858562027421366
1731802785.9105744;/app/bags/user95_2017-02-24.bag;0.834065854549408;0.0;0.9619645476341248;0.0;3.6903359844713712;0.8114143797257863;0.18858562027421366
1731802786.1104176;/app/bags/user95_2017-02-24.bag;0.834065854549408;0.0;0.9619645476341248;0.0;3.6903359844713712;0.8114143797257863;0.18858562027421366
1731802786.310401;/app/bags/user95_2017-02-24.bag;0.834065854549408;0.0;0.9619645476341248;0.0;3.6903359844713712;0.8114143797257863;0.18858562027421366
1731802786.5104055;/app/bags/user95_2017-02-24.bag;0.834065854549408;0.0;0.9619645476341248;0.0;3.6903359844713712;0.8114143797257863;0.18858562027421366
1731802786.7104435;/app/bags/user95_2017-02-24.bag;0.834065854549408;0.0;0.9619645476341248;0.0;3.6903359844713712;0.8114143797257863;0.18858562027421366
1731802786.910395;/app/bags/user95_2017-02-24.bag;0.834065854549408;0.0;0.9619645476341248;0.0;3.6903359844713712;0.8114143797257863;0.18858562027421366
1731802787.110388;/app/bags/user95_2017-02-24.bag;0.834065854549408;0.0;0.9619645476341248;0.0;3.6903359844713712;0.8114143797257863;0.18858562027421366
1731802787.3104472;/app/bags/user95_2017-02-24.bag;0.834065854549408;0.0;0.9619645476341248;0.0;3.6903359844713712;0.8114143797257863;0.18858562027421366
1731802787.5104048;/app/bags/user95_2017-02-24.bag;0.834065854549408;0.0;0.9619645476341248;0.0;3.6903359844713712;0.8114143797257863;0.18858562027421366
1731802787.7104511;/app/bags/user95_2017-02-24.bag;0.834065854549408;0.0;0.9619645476341248;0.0;3.6903359844713712;0.8114143797257863;0.18858562027421366
1731802787.9104242;/app/bags/user95_2017-02-24.bag;0.834065854549408;0.0;0.9619645476341248;0.0;3.6903359844713712;0.8114143797257863;0.18858562027421366
1731802788.1104152;/app/bags/user95_2017-02-24.bag;0.834065854549408;0.0;0.9619645476341248;0.0;3.6903359844713712;0.8114143797257863;0.18858562027421366
1731802788.3104942;/app/bags/user95_2017-02-24.bag;0.834065854549408;0.0;0.9619645476341248;0.0;3.6903359844713712;0.8114143797257863;0.18858562027421366
1731802788.5104113;/app/bags/user95_2017-02-24.bag;0.834065854549408;0.0;0.9619645476341248;0.0;3.6903359844713712;0.8114143797257863;0.18858562027421366
1731802788.7104566;/app/bags/user95_2017-02-24.bag;0.834065854549408;0.0;0.9619645476341248;0.0;3.6903359844713712;0.8114143797257863;0.18858562027421366
1731802788.9103642;/app/bags/user95_2017-02-24.bag;0.834065854549408;0.0;0.9619645476341248;0.0;3.6903359844713712;0.8114143797257863;0.18858562027421366
1731802789.1104412;/app/bags/user95_2017-02-24.bag;0.834065854549408;0.0;0.9619645476341248;0.0;3.6903359844713712;0.8114143797257863;0.18858562027421366
1731802789.3104196;/app/bags/user95_2017-02-24.bag;0.834065854549408;0.0;0.9619645476341248;0.0;3.6903359844713712;0.8114143797257863;0.18858562027421366
1731802789.5104117;/app/bags/user95_2017-02-24.bag;0.834065854549408;0.0;0.9619645476341248;0.0;3.6903359844713712;0.8114143797257863;0.18858562027421366
1731802789.7103984;/app/bags/user95_2017-02-24.bag;0.834065854549408;0.0;0.9619645476341248;0.0;3.6903359844713712;0.8114143797257863;0.18858562027421366
1731802789.9103806;/app/bags/user95_2017-02-24.bag;0.834065854549408;0.0;0.9619645476341248;0.0;3.6903359844713712;0.8114143797257863;0.18858562027421366
1731802790.1103623;/app/bags/user95_2017-02-24.bag;0.834065854549408;0.0;0.9619645476341248;0.0;3.6903359844713712;0.8114143797257863;0.18858562027421366
1731802790.3103733;/app/bags/user95_2017-02-24.bag;0.834065854549408;0.0;0.9619645476341248;0.0;3.6903359844713712;0.8114143797257863;0.18858562027421366
1731802790.510383;/app/bags/user95_2017-02-24.bag;0.834065854549408;0.0;0.9619645476341248;0.0;3.6903359844713712;0.8114143797257863;0.18858562027421366
1731802790.7104158;/app/bags/user95_2017-02-24.bag;0.834065854549408;0.0;0.9619645476341248;0.0;3.6903359844713712;0.8114143797257863;0.18858562027421366
1731802790.9104033;/app/bags/user95_2017-02-24.bag;0.834065854549408;0.0;0.9619645476341248;0.0;3.6903359844713712;0.8114143797257863;0.18858562027421366
1731802791.1104336;/app/bags/user95_2017-02-24.bag;0.834065854549408;0.0;0.9619645476341248;0.0;3.6903359844713712;0.8114143797257863;0.18858562027421366
1731802791.3105009;/app/bags/user95_2017-02-24.bag;0.834065854549408;0.0;0.9619645476341248;0.0;3.6903359844713712;0.8114143797257863;0.18858562027421366
1731802791.5104272;/app/bags/user95_2017-02-24.bag;0.834065854549408;0.0;0.9619645476341248;0.0;3.6903359844713712;0.8114143797257863;0.18858562027421366
1731802791.7103932;/app/bags/user95_2017-02-24.bag;0.834065854549408;0.0;0.9619645476341248;0.0;3.6903359844713712;0.8114143797257863;0.18858562027421366
1731802791.9104824;/app/bags/user95_2017-02-24.bag;0.834065854549408;0.0;0.9619645476341248;0.0;3.6903359844713712;0.8114143797257863;0.18858562027421366
1731802792.1104524;/app/bags/user95_2017-02-24.bag;0.834065854549408;0.0;0.9619645476341248;0.0;3.6903359844713712;0.8114143797257863;0.18858562027421366
1731802792.310405;/app/bags/user95_2017-02-24.bag;0.834065854549408;0.0;0.9619645476341248;0.0;3.6903359844713712;0.8114143797257863;0.18858562027421366
1731802792.5104663;/app/bags/user95_2017-02-24.bag;0.834065854549408;0.0;0.9619645476341248;0.0;3.6903359844713712;0.8114143797257863;0.18858562027421366
1731802792.7103622;/app/bags/user95_2017-02-24.bag;0.834065854549408;0.0;0.9619645476341248;0.0;3.6903359844713712;0.8114143797257863;0.18858562027421366
1731802792.9103737;/app/bags/user95_2017-02-24.bag;0.834065854549408;0.0;0.9619645476341248;0.0;3.6903359844713712;0.8114143797257863;0.18858562027421366
1731802793.1104138;/app/bags/user95_2017-02-24.bag;0.834065854549408;0.0;0.9619645476341248;0.0;3.6903359844713712;0.8114143797257863;0.18858562027421366
1731802793.310456;/app/bags/user95_2017-02-24.bag;0.834065854549408;0.0;0.9619645476341248;0.0;3.6903359844713712;0.8114143797257863;0.18858562027421366
1731802793.5103998;/app/bags/user95_2017-02-24.bag;0.834065854549408;0.0;0.9619645476341248;0.0;3.6903359844713712;0.8114143797257863;0.18858562027421366
1731802793.7105885;/app/bags/user95_2017-02-24.bag;0.834065854549408;0.0;0.9619645476341248;0.0;3.6903359844713712;0.8114143797257863;0.18858562027421366
1731802793.9103768;/app/bags/user95_2017-02-24.bag;0.834065854549408;0.0;0.9619645476341248;0.0;3.6903359844713712;0.8114143797257863;0.18858562027421366
1731802794.1104112;/app/bags/user95_2017-02-24.bag;0.834065854549408;0.0;0.9619645476341248;0.0;3.6903359844713712;0.8114143797257863;0.18858562027421366
1731802794.3103898;/app/bags/user95_2017-02-24.bag;0.834065854549408;0.0;0.9619645476341248;0.0;3.6903359844713712;0.8114143797257863;0.18858562027421366
1731802794.5103726;/app/bags/user95_2017-02-24.bag;0.834065854549408;0.0;0.9619645476341248;0.0;3.6903359844713712;0.8114143797257863;0.18858562027421366
1731802794.7103548;/app/bags/user95_2017-02-24.bag;0.834065854549408;0.0;0.9619645476341248;0.0;3.6903359844713712;0.8114143797257863;0.18858562027421366
1731802794.9104507;/app/bags/user95_2017-02-24.bag;0.834065854549408;0.0;0.9619645476341248;0.0;3.6903359844713712;0.8114143797257863;0.18858562027421366
1731802795.110394;/app/bags/user95_2017-02-24.bag;0.834065854549408;0.0;0.9619645476341248;0.0;3.6903359844713712;0.8114143797257863;0.18858562027421366
1731802795.3104014;/app/bags/user95_2017-02-24.bag;0.834065854549408;0.0;0.9619645476341248;0.0;3.6903359844713712;0.8114143797257863;0.18858562027421366
1731802795.5103621;/app/bags/user95_2017-02-24.bag;0.834065854549408;0.0;0.9619645476341248;0.0;3.6903359844713712;0.8114143797257863;0.18858562027421366
1731802795.7103984;/app/bags/user95_2017-02-24.bag;0.834065854549408;0.0;0.9619645476341248;0.0;3.6903359844713712;0.8114143797257863;0.18858562027421366
1731802795.9103997;/app/bags/user95_2017-02-24.bag;0.834065854549408;0.0;0.9619645476341248;0.0;3.6903359844713712;0.8114143797257863;0.18858562027421366
1731802796.1104107;/app/bags/user95_2017-02-24.bag;0.834065854549408;0.0;0.9619645476341248;0.0;3.6903359844713712;0.8114143797257863;0.18858562027421366
1731802796.3103766;/app/bags/user95_2017-02-24.bag;0.834065854549408;0.0;0.9619645476341248;0.0;3.6903359844713712;0.8114143797257863;0.18858562027421366
1731802796.5104523;/app/bags/user95_2017-02-24.bag;0.834065854549408;0.0;0.9619645476341248;0.0;3.6903359844713712;0.8114143797257863;0.18858562027421366
1731802796.7104146;/app/bags/user95_2017-02-24.bag;0.834065854549408;0.0;0.9619645476341248;0.0;3.6903359844713712;0.8114143797257863;0.18858562027421366
1731802796.9103951;/app/bags/user95_2017-02-24.bag;0.834065854549408;0.0;0.9619645476341248;0.0;3.6903359844713712;0.8114143797257863;0.18858562027421366
1731802797.110424;/app/bags/user95_2017-02-24.bag;0.834065854549408;0.0;0.9619645476341248;0.0;3.6903359844713712;0.8114143797257863;0.18858562027421366
1731802797.310378;/app/bags/user95_2017-02-24.bag;0.834065854549408;0.0;0.9619645476341248;0.0;3.6903359844713712;0.8114143797257863;0.18858562027421366
1731802797.510417;/app/bags/user95_2017-02-24.bag;0.834065854549408;0.0;0.9619645476341248;0.0;3.6903359844713712;0.8114143797257863;0.18858562027421366
1731802797.7105064;/app/bags/user95_2017-02-24.bag;0.834065854549408;0.0;0.9619645476341248;0.0;3.6903359844713712;0.8114143797257863;0.18858562027421366
1731802797.9104626;/app/bags/user95_2017-02-24.bag;0.834065854549408;0.0;0.9619645476341248;0.0;3.6903359844713712;0.8114143797257863;0.18858562027421366
1731802798.1104856;/app/bags/user95_2017-02-24.bag;0.834065854549408;0.0;0.9619645476341248;0.0;3.6903359844713712;0.8114143797257863;0.18858562027421366
1731802798.310287;/app/bags/user95_2017-02-24.bag;0.834065854549408;0.0;0.9619645476341248;0.0;3.6903359844713712;0.8114143797257863;0.18858562027421366
1731802798.5103965;/app/bags/user95_2017-02-24.bag;0.834065854549408;0.0;0.9619645476341248;0.0;3.6903359844713712;0.8114143797257863;0.18858562027421366
1731802798.710414;/app/bags/user95_2017-02-24.bag;0.834065854549408;0.0;0.9619645476341248;0.0;3.6903359844713712;0.8114143797257863;0.18858562027421366
1731802798.9103715;/app/bags/user95_2017-02-24.bag;0.834065854549408;0.0;0.9619645476341248;0.0;3.6903359844713712;0.8114143797257863;0.18858562027421366
1731802799.1104386;/app/bags/user95_2017-02-24.bag;0.834065854549408;0.0;0.9619645476341248;0.0;3.6903359844713712;0.8114143797257863;0.18858562027421366
1731802799.3103702;/app/bags/user95_2017-02-24.bag;0.834065854549408;0.0;0.9619645476341248;0.0;3.6903359844713712;0.8114143797257863;0.18858562027421366
1731802799.5103812;/app/bags/user95_2017-02-24.bag;0.834065854549408;0.0;0.9619645476341248;0.0;3.6903359844713712;0.8114143797257863;0.18858562027421366
1731802799.7104342;/app/bags/user95_2017-02-24.bag;0.834065854549408;0.0;0.9619645476341248;0.0;3.6903359844713712;0.8114143797257863;0.18858562027421366
1731802799.9103546;/app/bags/user95_2017-02-24.bag;0.834065854549408;0.0;0.9619645476341248;0.0;3.6903359844713712;0.8114143797257863;0.18858562027421366
1731802800.1104126;/app/bags/user95_2017-02-24.bag;0.834065854549408;0.0;0.9619645476341248;0.0;3.6903359844713712;0.8114143797257863;0.18858562027421366
1731802800.3103998;/app/bags/user95_2017-02-24.bag;0.834065854549408;0.0;0.9619645476341248;0.0;3.6903359844713712;0.8114143797257863;0.18858562027421366
1731802800.5103526;/app/bags/user95_2017-02-24.bag;0.834065854549408;0.0;0.9619645476341248;0.0;3.6903359844713712;0.8114143797257863;0.18858562027421366
1731802800.7103944;/app/bags/user95_2017-02-24.bag;0.834065854549408;0.0;0.9619645476341248;0.0;3.6903359844713712;0.8114143797257863;0.18858562027421366
1731802800.9104085;/app/bags/user95_2017-02-24.bag;0.834065854549408;0.0;0.9619645476341248;0.0;3.6903359844713712;0.8114143797257863;0.18858562027421366
1731802801.1103814;/app/bags/user95_2017-02-24.bag;0.834065854549408;0.0;0.9619645476341248;0.0;3.6903359844713712;0.8114143797257863;0.18858562027421366
1731802801.310428;/app/bags/user95_2017-02-24.bag;0.834065854549408;0.0;0.9619645476341248;0.0;3.6903359844713712;0.8114143797257863;0.18858562027421366
1731802801.510431;/app/bags/user95_2017-02-24.bag;0.834065854549408;0.0;0.9619645476341248;0.0;3.6903359844713712;0.8114143797257863;0.18858562027421366
1731802801.7104003;/app/bags/user95_2017-02-24.bag;0.834065854549408;0.0;0.9619645476341248;0.0;3.6903359844713712;0.8114143797257863;0.18858562027421366
1731802801.910394;/app/bags/user95_2017-02-24.bag;0.834065854549408;0.0;0.9619645476341248;0.0;3.6903359844713712;0.8114143797257863;0.18858562027421366
1731802802.1103854;/app/bags/user95_2017-02-24.bag;0.834065854549408;0.0;0.9619645476341248;0.0;3.6903359844713712;0.8114143797257863;0.18858562027421366
1731802802.310385;/app/bags/user95_2017-02-24.bag;0.834065854549408;0.0;0.9619645476341248;0.0;3.6903359844713712;0.8114143797257863;0.18858562027421366
1731802802.5103607;/app/bags/user95_2017-02-24.bag;0.834065854549408;0.0;0.9619645476341248;0.0;3.6903359844713712;0.8114143797257863;0.18858562027421366
1731802802.7103941;/app/bags/user95_2017-02-24.bag;0.834065854549408;0.0;0.9619645476341248;0.0;3.6903359844713712;0.8114143797257863;0.18858562027421366
1731802802.9104307;/app/bags/user95_2017-02-24.bag;0.834065854549408;0.0;0.9619645476341248;0.0;3.6903359844713712;0.8114143797257863;0.18858562027421366
1731802803.1104062;/app/bags/user95_2017-02-24.bag;0.834065854549408;0.0;0.9619645476341248;0.0;3.6903359844713712;0.8114143797257863;0.18858562027421366
1731802803.3103993;/app/bags/user95_2017-02-24.bag;0.834065854549408;0.0;0.9619645476341248;0.0;3.6903359844713712;0.8114143797257863;0.18858562027421366
1731802803.5103977;/app/bags/user95_2017-02-24.bag;0.834065854549408;0.0;0.9619645476341248;0.0;3.6903359844713712;0.8114143797257863;0.18858562027421366
1731802803.710446;/app/bags/user95_2017-02-24.bag;0.834065854549408;0.0;0.9619645476341248;0.0;3.6903359844713712;0.8114143797257863;0.18858562027421366
1731802803.9103887;/app/bags/user95_2017-02-24.bag;0.834065854549408;0.0;0.9619645476341248;0.0;3.6903359844713712;0.8114143797257863;0.18858562027421366
1731802804.1103563;/app/bags/user95_2017-02-24.bag;0.834065854549408;0.0;0.9619645476341248;0.0;3.6903359844713712;0.8114143797257863;0.18858562027421366
1731802804.3104277;/app/bags/user95_2017-02-24.bag;0.834065854549408;0.0;0.9619645476341248;0.0;3.6903359844713712;0.8114143797257863;0.18858562027421366
1731802804.5104022;/app/bags/user95_2017-02-24.bag;0.834065854549408;0.0;0.9619645476341248;0.0;3.6903359844713712;0.8114143797257863;0.18858562027421366
1731802804.710406;/app/bags/user95_2017-02-24.bag;0.834065854549408;0.0;0.9619645476341248;0.0;3.6903359844713712;0.8114143797257863;0.18858562027421366
1731802804.910379;/app/bags/user95_2017-02-24.bag;0.834065854549408;0.0;0.9619645476341248;0.0;3.6903359844713712;0.8114143797257863;0.18858562027421366
1731802805.1103652;/app/bags/user95_2017-02-24.bag;0.834065854549408;0.0;0.9619645476341248;0.0;3.6903359844713712;0.8114143797257863;0.18858562027421366
1731802805.3104515;/app/bags/user95_2017-02-24.bag;0.834065854549408;0.0;0.9619645476341248;0.0;3.6903359844713712;0.8114143797257863;0.18858562027421366
1731802805.510409;/app/bags/user95_2017-02-24.bag;0.834065854549408;0.0;0.9619645476341248;0.0;3.6903359844713712;0.8114143797257863;0.18858562027421366
1731802805.710403;/app/bags/user95_2017-02-24.bag;0.834065854549408;0.0;0.9619645476341248;0.0;3.6903359844713712;0.8114143797257863;0.18858562027421366
1731802805.9104424;/app/bags/user95_2017-02-24.bag;0.834065854549408;0.0;0.9619645476341248;0.0;3.6903359844713712;0.8114143797257863;0.18858562027421366
1731802806.1103864;/app/bags/user95_2017-02-24.bag;0.834065854549408;0.0;0.9619645476341248;0.0;3.6903359844713712;0.8114143797257863;0.18858562027421366
1731802806.3103986;/app/bags/user95_2017-02-24.bag;0.834065854549408;0.0;0.9619645476341248;0.0;3.6903359844713712;0.8114143797257863;0.18858562027421366
1731802806.5104291;/app/bags/user95_2017-02-24.bag;0.834065854549408;0.0;0.9619645476341248;0.0;3.6903359844713712;0.8114143797257863;0.18858562027421366
1731802806.7103744;/app/bags/user95_2017-02-24.bag;0.834065854549408;0.0;0.9619645476341248;0.0;3.6903359844713712;0.8114143797257863;0.18858562027421366
1731802806.9104586;/app/bags/user95_2017-02-24.bag;0.834065854549408;0.0;0.9619645476341248;0.0;3.6903359844713712;0.8114143797257863;0.18858562027421366
1731802807.1103966;/app/bags/user95_2017-02-24.bag;0.834065854549408;0.0;0.9619645476341248;0.0;3.6903359844713712;0.8114143797257863;0.18858562027421366
1731802807.3105211;/app/bags/user95_2017-02-24.bag;0.834065854549408;0.0;0.9619645476341248;0.0;3.6903359844713712;0.8114143797257863;0.18858562027421366
1731802807.5104606;/app/bags/user95_2017-02-24.bag;0.834065854549408;0.0;0.9619645476341248;0.0;3.6903359844713712;0.8114143797257863;0.18858562027421366
1731802807.7104118;/app/bags/user95_2017-02-24.bag;0.834065854549408;0.0;0.9619645476341248;0.0;3.6903359844713712;0.8114143797257863;0.18858562027421366
1731802807.9103706;/app/bags/user95_2017-02-24.bag;0.834065854549408;0.0;0.9619645476341248;0.0;3.6903359844713712;0.8114143797257863;0.18858562027421366
1731802808.1104007;/app/bags/user95_2017-02-24.bag;0.834065854549408;0.0;0.9619645476341248;0.0;3.6903359844713712;0.8114143797257863;0.18858562027421366
1731802808.310467;/app/bags/user95_2017-02-24.bag;0.834065854549408;0.0;0.9619645476341248;0.0;3.6903359844713712;0.8114143797257863;0.18858562027421366
1731802808.5104082;/app/bags/user95_2017-02-24.bag;0.834065854549408;0.0;0.9619645476341248;0.0;3.6903359844713712;0.8114143797257863;0.18858562027421366
1731802808.7105567;/app/bags/user95_2017-02-24.bag;0.834065854549408;0.0;0.9619645476341248;0.0;3.6903359844713712;0.8114143797257863;0.18858562027421366
1731802808.910415;/app/bags/user95_2017-02-24.bag;0.834065854549408;0.0;0.9619645476341248;0.0;3.6903359844713712;0.8114143797257863;0.18858562027421366
1731802809.1104167;/app/bags/user95_2017-02-24.bag;0.834065854549408;0.0;0.9619645476341248;0.0;3.6903359844713712;0.8114143797257863;0.18858562027421366
1731802809.3104856;/app/bags/user95_2017-02-24.bag;0.834065854549408;0.0;0.9619645476341248;0.0;3.6903359844713712;0.8114143797257863;0.18858562027421366
1731802809.5103958;/app/bags/user95_2017-02-24.bag;0.834065854549408;0.0;0.9619645476341248;0.0;3.6903359844713712;0.8114143797257863;0.18858562027421366
1731802809.7103946;/app/bags/user95_2017-02-24.bag;0.834065854549408;0.0;0.9619645476341248;0.0;3.6903359844713712;0.8114143797257863;0.18858562027421366
1731802809.910399;/app/bags/user95_2017-02-24.bag;0.834065854549408;0.0;0.9619645476341248;0.0;3.6903359844713712;0.8114143797257863;0.18858562027421366
1731802810.110444;/app/bags/user95_2017-02-24.bag;0.834065854549408;0.0;0.9619645476341248;0.0;3.6903359844713712;0.8114143797257863;0.18858562027421366
1731802810.3104024;/app/bags/user95_2017-02-24.bag;0.834065854549408;0.0;0.9619645476341248;0.0;3.6903359844713712;0.8114143797257863;0.18858562027421366
1731802810.5103822;/app/bags/user95_2017-02-24.bag;0.834065854549408;0.0;0.9619645476341248;0.0;3.6903359844713712;0.8114143797257863;0.18858562027421366
1731802810.71038;/app/bags/user95_2017-02-24.bag;0.834065854549408;0.0;0.9619645476341248;0.0;3.6903359844713712;0.8114143797257863;0.18858562027421366
1731802810.9103925;/app/bags/user95_2017-02-24.bag;0.834065854549408;0.0;0.9619645476341248;0.0;3.6903359844713712;0.8114143797257863;0.18858562027421366
1731802811.1103446;/app/bags/user95_2017-02-24.bag;0.834065854549408;0.0;0.9619645476341248;0.0;3.6903359844713712;0.8114143797257863;0.18858562027421366
1731802811.310392;/app/bags/user95_2017-02-24.bag;0.834065854549408;0.0;0.9619645476341248;0.0;3.6903359844713712;0.8114143797257863;0.18858562027421366
1731802811.5104578;/app/bags/user95_2017-02-24.bag;0.834065854549408;0.0;0.9619645476341248;0.0;3.6903359844713712;0.8114143797257863;0.18858562027421366
1731802811.710384;/app/bags/user95_2017-02-24.bag;0.834065854549408;0.0;0.9619645476341248;0.0;3.6903359844713712;0.8114143797257863;0.18858562027421366
1731802811.9104476;/app/bags/user95_2017-02-24.bag;0.834065854549408;0.0;0.9619645476341248;0.0;3.6903359844713712;0.8114143797257863;0.18858562027421366
1731802812.1104028;/app/bags/user95_2017-02-24.bag;0.834065854549408;0.0;0.9619645476341248;0.0;3.6903359844713712;0.8114143797257863;0.18858562027421366
1731802812.3104384;/app/bags/user95_2017-02-24.bag;0.834065854549408;0.0;0.9619645476341248;0.0;3.6903359844713712;0.8114143797257863;0.18858562027421366
1731802812.5106404;/app/bags/user95_2017-02-24.bag;0.834065854549408;0.0;0.9619645476341248;0.0;3.6903359844713712;0.8114143797257863;0.18858562027421366
1731802812.7103953;/app/bags/user95_2017-02-24.bag;0.834065854549408;0.0;0.9619645476341248;0.0;3.6903359844713712;0.8114143797257863;0.18858562027421366
1731802812.9104202;/app/bags/user95_2017-02-24.bag;0.834065854549408;0.0;0.9619645476341248;0.0;3.6903359844713712;0.8114143797257863;0.18858562027421366
1731802813.110418;/app/bags/user95_2017-02-24.bag;0.834065854549408;0.0;0.9619645476341248;0.0;3.6903359844713712;0.8114143797257863;0.18858562027421366
1731802813.3103924;/app/bags/user95_2017-02-24.bag;0.834065854549408;0.0;0.9619645476341248;0.0;3.6903359844713712;0.8114143797257863;0.18858562027421366
1731802813.5103996;/app/bags/user95_2017-02-24.bag;0.834065854549408;0.0;0.9619645476341248;0.0;3.6903359844713712;0.8114143797257863;0.18858562027421366
1731802813.7103813;/app/bags/user95_2017-02-24.bag;0.834065854549408;0.0;0.9619645476341248;0.0;3.6903359844713712;0.8114143797257863;0.18858562027421366
1731802813.910412;/app/bags/user95_2017-02-24.bag;0.834065854549408;0.0;0.9619645476341248;0.0;3.6903359844713712;0.8114143797257863;0.18858562027421366
1731802814.110445;/app/bags/user95_2017-02-24.bag;0.834065854549408;0.0;0.9619645476341248;0.0;3.6903359844713712;0.8114143797257863;0.18858562027421366
1731802814.3103945;/app/bags/user95_2017-02-24.bag;0.834065854549408;0.0;0.9619645476341248;0.0;3.6903359844713712;0.8114143797257863;0.18858562027421366
1731802814.5104437;/app/bags/user95_2017-02-24.bag;0.834065854549408;0.0;0.9619645476341248;0.0;3.6903359844713712;0.8114143797257863;0.18858562027421366
1731802814.710498;/app/bags/user95_2017-02-24.bag;0.834065854549408;0.0;0.9619645476341248;0.0;3.6903359844713712;0.8114143797257863;0.18858562027421366
1731802814.910572;/app/bags/user95_2017-02-24.bag;0.834065854549408;0.0;0.9619645476341248;0.0;3.6903359844713712;0.8114143797257863;0.18858562027421366
1731802815.1104379;/app/bags/user95_2017-02-24.bag;0.834065854549408;0.0;0.9619645476341248;0.0;3.6903359844713712;0.8114143797257863;0.18858562027421366
1731802815.310423;/app/bags/user95_2017-02-24.bag;0.834065854549408;0.0;0.9619645476341248;0.0;3.6903359844713712;0.8114143797257863;0.18858562027421366
1731802815.5104861;/app/bags/user95_2017-02-24.bag;0.834065854549408;0.0;0.9619645476341248;0.0;3.6903359844713712;0.8114143797257863;0.18858562027421366
1731802815.7104177;/app/bags/user95_2017-02-24.bag;0.834065854549408;0.0;0.9619645476341248;0.0;3.6903359844713712;0.8114143797257863;0.18858562027421366
1731802815.9104552;/app/bags/user95_2017-02-24.bag;0.834065854549408;0.0;0.9619645476341248;0.0;3.6903359844713712;0.8114143797257863;0.18858562027421366
1731802816.1103895;/app/bags/user95_2017-02-24.bag;0.834065854549408;0.0;0.9619645476341248;0.0;3.6903359844713712;0.8114143797257863;0.18858562027421366
1731802816.3104103;/app/bags/user95_2017-02-24.bag;0.834065854549408;0.0;0.9619645476341248;0.0;3.6903359844713712;0.8114143797257863;0.18858562027421366
1731802816.5104618;/app/bags/user95_2017-02-24.bag;0.834065854549408;0.0;0.9619645476341248;0.0;3.6903359844713712;0.8114143797257863;0.18858562027421366
1731802816.7103944;/app/bags/user95_2017-02-24.bag;0.834065854549408;0.0;0.9619645476341248;0.0;3.6903359844713712;0.8114143797257863;0.18858562027421366
1731802816.9104493;/app/bags/user95_2017-02-24.bag;0.834065854549408;0.0;0.9619645476341248;0.0;3.6903359844713712;0.8114143797257863;0.18858562027421366
1731802817.1104136;/app/bags/user95_2017-02-24.bag;0.834065854549408;0.0;0.9619645476341248;0.0;3.6903359844713712;0.8114143797257863;0.18858562027421366
1731802817.31045;/app/bags/user95_2017-02-24.bag;0.834065854549408;0.0;0.9619645476341248;0.0;3.6903359844713712;0.8114143797257863;0.18858562027421366
1731802817.5103934;/app/bags/user95_2017-02-24.bag;0.834065854549408;0.0;0.9619645476341248;0.0;3.6903359844713712;0.8114143797257863;0.18858562027421366
1731802817.7104142;/app/bags/user95_2017-02-24.bag;0.834065854549408;0.0;0.9619645476341248;0.0;3.6903359844713712;0.8114143797257863;0.18858562027421366
1731802817.9103782;/app/bags/user95_2017-02-24.bag;0.834065854549408;0.0;0.9619645476341248;0.0;3.6903359844713712;0.8114143797257863;0.18858562027421366
1731802818.1104033;/app/bags/user95_2017-02-24.bag;0.834065854549408;0.0;0.9619645476341248;0.0;3.6903359844713712;0.8114143797257863;0.18858562027421366
1731802818.3104098;/app/bags/user95_2017-02-24.bag;0.834065854549408;0.0;0.9619645476341248;0.0;3.6903359844713712;0.8114143797257863;0.18858562027421366
1731802818.5103843;/app/bags/user95_2017-02-24.bag;0.834065854549408;0.0;0.9619645476341248;0.0;3.6903359844713712;0.8114143797257863;0.18858562027421366
1731802818.7103655;/app/bags/user95_2017-02-24.bag;0.834065854549408;0.0;0.9619645476341248;0.0;3.6903359844713712;0.8114143797257863;0.18858562027421366
1731802818.910385;/app/bags/user95_2017-02-24.bag;0.834065854549408;0.0;0.9619645476341248;0.0;3.6903359844713712;0.8114143797257863;0.18858562027421366
1731802819.1104512;/app/bags/user95_2017-02-24.bag;0.834065854549408;0.0;0.9619645476341248;0.0;3.6903359844713712;0.8114143797257863;0.18858562027421366
1731802819.3104057;/app/bags/user95_2017-02-24.bag;0.834065854549408;0.0;0.9619645476341248;0.0;3.6903359844713712;0.8114143797257863;0.18858562027421366
1731802819.510395;/app/bags/user95_2017-02-24.bag;0.834065854549408;0.0;0.9619645476341248;0.0;3.6903359844713712;0.8114143797257863;0.18858562027421366
1731802819.7105165;/app/bags/user95_2017-02-24.bag;0.834065854549408;0.0;0.9619645476341248;0.0;3.6903359844713712;0.8114143797257863;0.18858562027421366
1731802819.9103928;/app/bags/user95_2017-02-24.bag;0.834065854549408;0.0;0.9619645476341248;0.0;3.6903359844713712;0.8114143797257863;0.18858562027421366
1731802820.1104631;/app/bags/user95_2017-02-24.bag;0.834065854549408;0.0;0.9619645476341248;0.0;3.6903359844713712;0.8114143797257863;0.18858562027421366
1731802820.3103616;/app/bags/user95_2017-02-24.bag;0.834065854549408;0.0;0.9619645476341248;0.0;3.6903359844713712;0.8114143797257863;0.18858562027421366
1731802820.510446;/app/bags/user95_2017-02-24.bag;0.834065854549408;0.0;0.9619645476341248;0.0;3.6903359844713712;0.8114143797257863;0.18858562027421366
1731802820.7103698;/app/bags/user95_2017-02-24.bag;0.834065854549408;0.0;0.9619645476341248;0.0;3.6903359844713712;0.8114143797257863;0.18858562027421366
1731802820.9103825;/app/bags/user95_2017-02-24.bag;0.834065854549408;0.0;0.9619645476341248;0.0;3.6903359844713712;0.8114143797257863;0.18858562027421366
1731802821.1104052;/app/bags/user95_2017-02-24.bag;0.834065854549408;0.0;0.9619645476341248;0.0;3.6903359844713712;0.8114143797257863;0.18858562027421366
1731802821.3103797;/app/bags/user95_2017-02-24.bag;0.834065854549408;0.0;0.9619645476341248;0.0;3.6903359844713712;0.8114143797257863;0.18858562027421366
1731802821.5103724;/app/bags/user95_2017-02-24.bag;0.834065854549408;0.0;0.9619645476341248;0.0;3.6903359844713712;0.8114143797257863;0.18858562027421366
1731802821.7105732;/app/bags/user95_2017-02-24.bag;0.834065854549408;0.0;0.9619645476341248;0.0;3.6903359844713712;0.8114143797257863;0.18858562027421366
1731802821.9104571;/app/bags/user95_2017-02-24.bag;0.834065854549408;0.0;0.9619645476341248;0.0;3.6903359844713712;0.8114143797257863;0.18858562027421366
1731802822.1103947;/app/bags/user95_2017-02-24.bag;0.834065854549408;0.0;0.9619645476341248;0.0;3.6903359844713712;0.8114143797257863;0.18858562027421366
1731802822.3103852;/app/bags/user95_2017-02-24.bag;0.834065854549408;0.0;0.9619645476341248;0.0;3.6903359844713712;0.8114143797257863;0.18858562027421366
1731802822.5104048;/app/bags/user95_2017-02-24.bag;0.834065854549408;0.0;0.9619645476341248;0.0;3.6903359844713712;0.8114143797257863;0.18858562027421366
1731802822.71039;/app/bags/user95_2017-02-24.bag;0.834065854549408;0.0;0.9619645476341248;0.0;3.6903359844713712;0.8114143797257863;0.18858562027421366
1731802822.9104111;/app/bags/user95_2017-02-24.bag;0.834065854549408;0.0;0.9619645476341248;0.0;3.6903359844713712;0.8114143797257863;0.18858562027421366
1731802823.1104822;/app/bags/user95_2017-02-24.bag;0.834065854549408;0.0;0.9619645476341248;0.0;3.6903359844713712;0.8114143797257863;0.18858562027421366
1731802823.3103623;/app/bags/user95_2017-02-24.bag;0.834065854549408;0.0;0.9619645476341248;0.0;3.6903359844713712;0.8114143797257863;0.18858562027421366
1731802823.5105717;/app/bags/user95_2017-02-24.bag;0.834065854549408;0.0;0.9619645476341248;0.0;3.6903359844713712;0.8114143797257863;0.18858562027421366
1731802823.7104788;/app/bags/user95_2017-02-24.bag;0.834065854549408;0.0;0.9619645476341248;0.0;3.6903359844713712;0.8114143797257863;0.18858562027421366
1731802823.9103897;/app/bags/user95_2017-02-24.bag;0.834065854549408;0.0;0.9619645476341248;0.0;3.6903359844713712;0.8114143797257863;0.18858562027421366
1731802824.1103966;/app/bags/user95_2017-02-24.bag;0.834065854549408;0.0;0.9619645476341248;0.0;3.6903359844713712;0.8114143797257863;0.18858562027421366
1731802824.310411;/app/bags/user95_2017-02-24.bag;0.834065854549408;0.0;0.9619645476341248;0.0;3.6903359844713712;0.8114143797257863;0.18858562027421366
1731802824.5104468;/app/bags/user95_2017-02-24.bag;0.834065854549408;0.0;0.9619645476341248;0.0;3.6903359844713712;0.8114143797257863;0.18858562027421366
1731802824.7103815;/app/bags/user95_2017-02-24.bag;0.834065854549408;0.0;0.9619645476341248;0.0;3.6903359844713712;0.8114143797257863;0.18858562027421366
1731802824.9104164;/app/bags/user95_2017-02-24.bag;0.834065854549408;0.0;0.9619645476341248;0.0;3.6903359844713712;0.8114143797257863;0.18858562027421366
1731802825.110537;/app/bags/user95_2017-02-24.bag;0.834065854549408;0.0;0.9619645476341248;0.0;3.6903359844713712;0.8114143797257863;0.18858562027421366
1731802825.3104055;/app/bags/user95_2017-02-24.bag;0.834065854549408;0.0;0.9619645476341248;0.0;3.6903359844713712;0.8114143797257863;0.18858562027421366
1731802825.5103636;/app/bags/user95_2017-02-24.bag;0.834065854549408;0.0;0.9619645476341248;0.0;3.6903359844713712;0.8114143797257863;0.18858562027421366
1731802825.7103605;/app/bags/user95_2017-02-24.bag;0.834065854549408;0.0;0.9619645476341248;0.0;3.6903359844713712;0.8114143797257863;0.18858562027421366
1731802825.9103818;/app/bags/user95_2017-02-24.bag;0.834065854549408;0.0;0.9619645476341248;0.0;3.6903359844713712;0.8114143797257863;0.18858562027421366
1731802826.1103911;/app/bags/user95_2017-02-24.bag;0.834065854549408;0.0;0.9619645476341248;0.0;3.6903359844713712;0.8114143797257863;0.18858562027421366
1731802826.3104208;/app/bags/user95_2017-02-24.bag;0.834065854549408;0.0;0.9619645476341248;0.0;3.6903359844713712;0.8114143797257863;0.18858562027421366
1731802826.5104911;/app/bags/user95_2017-02-24.bag;0.834065854549408;0.0;0.9619645476341248;0.0;3.6903359844713712;0.8114143797257863;0.18858562027421366
1731802826.710405;/app/bags/user95_2017-02-24.bag;0.834065854549408;0.0;0.9619645476341248;0.0;3.6903359844713712;0.8114143797257863;0.18858562027421366
1731802826.910412;/app/bags/user95_2017-02-24.bag;0.834065854549408;0.0;0.9619645476341248;0.0;3.6903359844713712;0.8114143797257863;0.18858562027421366
1731802827.1104262;/app/bags/user95_2017-02-24.bag;0.834065854549408;0.0;0.9619645476341248;0.0;3.6903359844713712;0.8114143797257863;0.18858562027421366
1731802827.3103528;/app/bags/user95_2017-02-24.bag;0.834065854549408;0.0;0.9619645476341248;0.0;3.6903359844713712;0.8114143797257863;0.18858562027421366
1731802827.5103993;/app/bags/user95_2017-02-24.bag;0.834065854549408;0.0;0.9619645476341248;0.0;3.6903359844713712;0.8114143797257863;0.18858562027421366
1731802827.7103968;/app/bags/user95_2017-02-24.bag;0.834065854549408;0.0;0.9619645476341248;0.0;3.6903359844713712;0.8114143797257863;0.18858562027421366
1731802827.9104176;/app/bags/user95_2017-02-24.bag;0.834065854549408;0.0;0.9619645476341248;0.0;3.6903359844713712;0.8114143797257863;0.18858562027421366
1731802828.110471;/app/bags/user95_2017-02-24.bag;0.834065854549408;0.0;0.9619645476341248;0.0;3.6903359844713712;0.8114143797257863;0.18858562027421366
1731802828.3104422;/app/bags/user95_2017-02-24.bag;0.834065854549408;0.0;0.9619645476341248;0.0;3.6903359844713712;0.8114143797257863;0.18858562027421366
1731802828.5103948;/app/bags/user95_2017-02-24.bag;0.834065854549408;0.0;0.9619645476341248;0.0;3.6903359844713712;0.8114143797257863;0.18858562027421366
1731802828.710395;/app/bags/user95_2017-02-24.bag;0.834065854549408;0.0;0.9619645476341248;0.0;3.6903359844713712;0.8114143797257863;0.18858562027421366
1731802828.910481;/app/bags/user95_2017-02-24.bag;0.834065854549408;0.0;0.9619645476341248;0.0;3.6903359844713712;0.8114143797257863;0.18858562027421366
1731802829.1104023;/app/bags/user95_2017-02-24.bag;0.834065854549408;0.0;0.9619645476341248;0.0;3.6903359844713712;0.8114143797257863;0.18858562027421366
1731802829.3103917;/app/bags/user95_2017-02-24.bag;0.834065854549408;0.0;0.9619645476341248;0.0;3.6903359844713712;0.8114143797257863;0.18858562027421366
1731802829.5105612;/app/bags/user95_2017-02-24.bag;0.834065854549408;0.0;0.9619645476341248;0.0;3.6903359844713712;0.8114143797257863;0.18858562027421366
1731802829.7104714;/app/bags/user95_2017-02-24.bag;0.834065854549408;0.0;0.9619645476341248;0.0;3.6903359844713712;0.8114143797257863;0.18858562027421366
1731802829.9105058;/app/bags/user95_2017-02-24.bag;0.834065854549408;0.0;0.9619645476341248;0.0;3.6903359844713712;0.8114143797257863;0.18858562027421366
1731802830.1103704;/app/bags/user95_2017-02-24.bag;0.834065854549408;0.0;0.9619645476341248;0.0;3.6903359844713712;0.8114143797257863;0.18858562027421366
1731802830.3104563;/app/bags/user95_2017-02-24.bag;0.834065854549408;0.0;0.9619645476341248;0.0;3.6903359844713712;0.8114143797257863;0.18858562027421366
1731802830.5104256;/app/bags/user95_2017-02-24.bag;0.834065854549408;0.0;0.9619645476341248;0.0;3.6903359844713712;0.8114143797257863;0.18858562027421366
1731802830.7103834;/app/bags/user95_2017-02-24.bag;0.834065854549408;0.0;0.9619645476341248;0.0;3.6903359844713712;0.8114143797257863;0.18858562027421366
1731802830.9103715;/app/bags/user95_2017-02-24.bag;0.834065854549408;0.0;0.9619645476341248;0.0;3.6903359844713712;0.8114143797257863;0.18858562027421366
1731802831.1104293;/app/bags/user95_2017-02-24.bag;0.834065854549408;0.0;0.9619645476341248;0.0;3.6903359844713712;0.8114143797257863;0.18858562027421366
1731802831.310403;/app/bags/user95_2017-02-24.bag;0.834065854549408;0.0;0.9619645476341248;0.0;3.6903359844713712;0.8114143797257863;0.18858562027421366
1731802831.510409;/app/bags/user95_2017-02-24.bag;0.834065854549408;0.0;0.9619645476341248;0.0;3.6903359844713712;0.8114143797257863;0.18858562027421366
1731802831.7103806;/app/bags/user95_2017-02-24.bag;0.834065854549408;0.0;0.9619645476341248;0.0;3.6903359844713712;0.8114143797257863;0.18858562027421366
1731802831.910455;/app/bags/user95_2017-02-24.bag;0.834065854549408;0.0;0.9619645476341248;0.0;3.6903359844713712;0.8114143797257863;0.18858562027421366
1731802832.1103697;/app/bags/user95_2017-02-24.bag;0.834065854549408;0.0;0.9619645476341248;0.0;3.6903359844713712;0.8114143797257863;0.18858562027421366
1731802832.310396;/app/bags/user95_2017-02-24.bag;0.834065854549408;0.0;0.9619645476341248;0.0;3.6903359844713712;0.8114143797257863;0.18858562027421366
1731802832.5103903;/app/bags/user95_2017-02-24.bag;0.834065854549408;0.0;0.9619645476341248;0.0;3.6903359844713712;0.8114143797257863;0.18858562027421366
1731802832.7103944;/app/bags/user95_2017-02-24.bag;0.834065854549408;0.0;0.9619645476341248;0.0;3.6903359844713712;0.8114143797257863;0.18858562027421366
1731802832.9104416;/app/bags/user95_2017-02-24.bag;0.834065854549408;0.0;0.9619645476341248;0.0;3.6903359844713712;0.8114143797257863;0.18858562027421366
1731802833.110409;/app/bags/user95_2017-02-24.bag;0.834065854549408;0.0;0.9619645476341248;0.0;3.6903359844713712;0.8114143797257863;0.18858562027421366
1731802833.3104343;/app/bags/user95_2017-02-24.bag;0.834065854549408;0.0;0.9619645476341248;0.0;3.6903359844713712;0.8114143797257863;0.18858562027421366
1731802833.5105097;/app/bags/user95_2017-02-24.bag;0.834065854549408;0.0;0.9619645476341248;0.0;3.6903359844713712;0.8114143797257863;0.18858562027421366
1731802833.7103882;/app/bags/user95_2017-02-24.bag;0.834065854549408;0.0;0.9619645476341248;0.0;3.6903359844713712;0.8114143797257863;0.18858562027421366
1731802833.9127676;/app/bags/user95_2017-02-24.bag;0.834065854549408;0.0;0.9619645476341248;0.0;3.6903359844713712;0.8114143797257863;0.18858562027421366
1731802834.110404;/app/bags/user95_2017-02-24.bag;0.834065854549408;0.0;0.9619645476341248;0.0;3.6903359844713712;0.8114143797257863;0.18858562027421366
1731802834.3103664;/app/bags/user95_2017-02-24.bag;0.834065854549408;0.0;0.9619645476341248;0.0;3.6903359844713712;0.8114143797257863;0.18858562027421366
1731802834.5103843;/app/bags/user95_2017-02-24.bag;0.834065854549408;0.0;0.9619645476341248;0.0;3.6903359844713712;0.8114143797257863;0.18858562027421366
1731802834.722425;/app/bags/user95_2017-02-24.bag;0.834065854549408;0.0;0.9619645476341248;0.0;3.6903359844713712;0.8114143797257863;0.18858562027421366
1731802834.9104035;/app/bags/user95_2017-02-24.bag;0.834065854549408;0.0;0.9619645476341248;0.0;3.6903359844713712;0.8114143797257863;0.18858562027421366
1731802835.110396;/app/bags/user95_2017-02-24.bag;0.834065854549408;0.0;0.9619645476341248;0.0;3.6903359844713712;0.8114143797257863;0.18858562027421366
1731802835.3103824;/app/bags/user95_2017-02-24.bag;0.834065854549408;0.0;0.9619645476341248;0.0;3.6903359844713712;0.8114143797257863;0.18858562027421366
1731802835.5103912;/app/bags/user95_2017-02-24.bag;0.834065854549408;0.0;0.9619645476341248;0.0;3.6903359844713712;0.8114143797257863;0.18858562027421366
1731802835.7104058;/app/bags/user95_2017-02-24.bag;0.834065854549408;0.0;0.9619645476341248;0.0;3.6903359844713712;0.8114143797257863;0.18858562027421366
1731802835.9104228;/app/bags/user95_2017-02-24.bag;0.834065854549408;0.0;0.9619645476341248;0.0;3.6903359844713712;0.8114143797257863;0.18858562027421366
1731802836.1103792;/app/bags/user95_2017-02-24.bag;0.834065854549408;0.0;0.9619645476341248;0.0;3.6903359844713712;0.8114143797257863;0.18858562027421366
1731802836.310377;/app/bags/user95_2017-02-24.bag;0.834065854549408;0.0;0.9619645476341248;0.0;3.6903359844713712;0.8114143797257863;0.18858562027421366
1731802836.510432;/app/bags/user95_2017-02-24.bag;0.834065854549408;0.0;0.9619645476341248;0.0;3.6903359844713712;0.8114143797257863;0.18858562027421366
1731802836.7106433;/app/bags/user95_2017-02-24.bag;0.834065854549408;0.0;0.9619645476341248;0.0;3.6903359844713712;0.8114143797257863;0.18858562027421366
1731802836.9104025;/app/bags/user95_2017-02-24.bag;0.834065854549408;0.0;0.9619645476341248;0.0;3.6903359844713712;0.8114143797257863;0.18858562027421366
1731802837.1104198;/app/bags/user95_2017-02-24.bag;0.834065854549408;0.0;0.9619645476341248;0.0;3.6903359844713712;0.8114143797257863;0.18858562027421366
1731802837.3104675;/app/bags/user95_2017-02-24.bag;0.834065854549408;0.0;0.9619645476341248;0.0;3.6903359844713712;0.8114143797257863;0.18858562027421366
1731802837.5103855;/app/bags/user95_2017-02-24.bag;0.834065854549408;0.0;0.9619645476341248;0.0;3.6903359844713712;0.8114143797257863;0.18858562027421366
1731802837.7116337;/app/bags/user95_2017-02-24.bag;0.834065854549408;0.0;0.9619645476341248;0.0;3.6903359844713712;0.8114143797257863;0.18858562027421366
1731802837.910476;/app/bags/user95_2017-02-24.bag;0.834065854549408;0.0;0.9619645476341248;0.0;3.6903359844713712;0.8114143797257863;0.18858562027421366
1731802838.110405;/app/bags/user95_2017-02-24.bag;0.834065854549408;0.0;0.9619645476341248;0.0;3.6903359844713712;0.8114143797257863;0.18858562027421366
1731802838.3103945;/app/bags/user95_2017-02-24.bag;0.834065854549408;0.0;0.9619645476341248;0.0;3.6903359844713712;0.8114143797257863;0.18858562027421366
1731802838.5104494;/app/bags/user95_2017-02-24.bag;0.834065854549408;0.0;0.9619645476341248;0.0;3.6903359844713712;0.8114143797257863;0.18858562027421366
1731802838.710381;/app/bags/user95_2017-02-24.bag;0.834065854549408;0.0;0.9619645476341248;0.0;3.6903359844713712;0.8114143797257863;0.18858562027421366
1731802838.9104435;/app/bags/user95_2017-02-24.bag;0.834065854549408;0.0;0.9619645476341248;0.0;3.6903359844713712;0.8114143797257863;0.18858562027421366
1731802839.1104171;/app/bags/user95_2017-02-24.bag;0.834065854549408;0.0;0.9619645476341248;0.0;3.6903359844713712;0.8114143797257863;0.18858562027421366
1731802839.3103755;/app/bags/user95_2017-02-24.bag;0.834065854549408;0.0;0.9619645476341248;0.0;3.6903359844713712;0.8114143797257863;0.18858562027421366
1731802839.510382;/app/bags/user95_2017-02-24.bag;0.834065854549408;0.0;0.9619645476341248;0.0;3.6903359844713712;0.8114143797257863;0.18858562027421366
1731802839.710442;/app/bags/user95_2017-02-24.bag;0.834065854549408;0.0;0.9619645476341248;0.0;3.6903359844713712;0.8114143797257863;0.18858562027421366
1731802839.9104276;/app/bags/user95_2017-02-24.bag;0.834065854549408;0.0;0.9619645476341248;0.0;3.6903359844713712;0.8114143797257863;0.18858562027421366
1731802840.1103897;/app/bags/user95_2017-02-24.bag;0.834065854549408;0.0;0.9619645476341248;0.0;3.6903359844713712;0.8114143797257863;0.18858562027421366
1731802840.3103733;/app/bags/user95_2017-02-24.bag;0.834065854549408;0.0;0.9619645476341248;0.0;3.6903359844713712;0.8114143797257863;0.18858562027421366
1731802840.5103717;/app/bags/user95_2017-02-24.bag;0.834065854549408;0.0;0.9619645476341248;0.0;3.6903359844713712;0.8114143797257863;0.18858562027421366
1731802840.7103658;/app/bags/user95_2017-02-24.bag;0.834065854549408;0.0;0.9619645476341248;0.0;3.6903359844713712;0.8114143797257863;0.18858562027421366
1731802840.9104161;/app/bags/user95_2017-02-24.bag;0.834065854549408;0.0;0.9619645476341248;0.0;3.6903359844713712;0.8114143797257863;0.18858562027421366
1731802841.1103702;/app/bags/user95_2017-02-24.bag;0.834065854549408;0.0;0.9619645476341248;0.0;3.6903359844713712;0.8114143797257863;0.18858562027421366
1731802841.3104532;/app/bags/user95_2017-02-24.bag;0.834065854549408;0.0;0.9619645476341248;0.0;3.6903359844713712;0.8114143797257863;0.18858562027421366
1731802841.5104387;/app/bags/user95_2017-02-24.bag;0.834065854549408;0.0;0.9619645476341248;0.0;3.6903359844713712;0.8114143797257863;0.18858562027421366
1731802841.7104042;/app/bags/user95_2017-02-24.bag;0.834065854549408;0.0;0.9619645476341248;0.0;3.6903359844713712;0.8114143797257863;0.18858562027421366
1731802841.9104054;/app/bags/user95_2017-02-24.bag;0.834065854549408;0.0;0.9619645476341248;0.0;3.6903359844713712;0.8114143797257863;0.18858562027421366
1731802842.1103919;/app/bags/user95_2017-02-24.bag;0.834065854549408;0.0;0.9619645476341248;0.0;3.6903359844713712;0.8114143797257863;0.18858562027421366
1731802842.3104038;/app/bags/user95_2017-02-24.bag;0.834065854549408;0.0;0.9619645476341248;0.0;3.6903359844713712;0.8114143797257863;0.18858562027421366
1731802842.51037;/app/bags/user95_2017-02-24.bag;0.834065854549408;0.0;0.9619645476341248;0.0;3.6903359844713712;0.8114143797257863;0.18858562027421366
1731802842.7104118;/app/bags/user95_2017-02-24.bag;0.834065854549408;0.0;0.9619645476341248;0.0;3.6903359844713712;0.8114143797257863;0.18858562027421366
1731802842.9104142;/app/bags/user95_2017-02-24.bag;0.834065854549408;0.0;0.9619645476341248;0.0;3.6903359844713712;0.8114143797257863;0.18858562027421366
1731802843.1103604;/app/bags/user95_2017-02-24.bag;0.834065854549408;0.0;0.9619645476341248;0.0;3.6903359844713712;0.8114143797257863;0.18858562027421366
1731802843.3104258;/app/bags/user95_2017-02-24.bag;0.834065854549408;0.0;0.9619645476341248;0.0;3.6903359844713712;0.8114143797257863;0.18858562027421366
1731802843.5104122;/app/bags/user95_2017-02-24.bag;0.834065854549408;0.0;0.9619645476341248;0.0;3.6903359844713712;0.8114143797257863;0.18858562027421366
1731802843.710428;/app/bags/user95_2017-02-24.bag;0.834065854549408;0.0;0.9619645476341248;0.0;3.6903359844713712;0.8114143797257863;0.18858562027421366
1731802843.91039;/app/bags/user95_2017-02-24.bag;0.834065854549408;0.0;0.9619645476341248;0.0;3.6903359844713712;0.8114143797257863;0.18858562027421366
1731802844.110348;/app/bags/user95_2017-02-24.bag;0.834065854549408;0.0;0.9619645476341248;0.0;3.6903359844713712;0.8114143797257863;0.18858562027421366
1731802844.3105042;/app/bags/user95_2017-02-24.bag;0.834065854549408;0.0;0.9619645476341248;0.0;3.6903359844713712;0.8114143797257863;0.18858562027421366
1731802844.510375;/app/bags/user95_2017-02-24.bag;0.834065854549408;0.0;0.9619645476341248;0.0;3.6903359844713712;0.8114143797257863;0.18858562027421366
1731802844.710383;/app/bags/user95_2017-02-24.bag;0.834065854549408;0.0;0.9619645476341248;0.0;3.6903359844713712;0.8114143797257863;0.18858562027421366
1731802844.9104497;/app/bags/user95_2017-02-24.bag;0.834065854549408;0.0;0.9619645476341248;0.0;3.6903359844713712;0.8114143797257863;0.18858562027421366
1731802845.1103566;/app/bags/user95_2017-02-24.bag;0.834065854549408;0.0;0.9619645476341248;0.0;3.6903359844713712;0.8114143797257863;0.18858562027421366
1731802845.3103874;/app/bags/user95_2017-02-24.bag;0.834065854549408;0.0;0.9619645476341248;0.0;3.6903359844713712;0.8114143797257863;0.18858562027421366
1731802845.510504;/app/bags/user95_2017-02-24.bag;0.834065854549408;0.0;0.9619645476341248;0.0;3.6903359844713712;0.8114143797257863;0.18858562027421366
1731802845.7104144;/app/bags/user95_2017-02-24.bag;0.834065854549408;0.0;0.9619645476341248;0.0;3.6903359844713712;0.8114143797257863;0.18858562027421366
1731802845.9103818;/app/bags/user95_2017-02-24.bag;0.834065854549408;0.0;0.9619645476341248;0.0;3.6903359844713712;0.8114143797257863;0.18858562027421366
1731802846.1103504;/app/bags/user95_2017-02-24.bag;0.834065854549408;0.0;0.9619645476341248;0.0;3.6903359844713712;0.8114143797257863;0.18858562027421366
1731802846.310535;/app/bags/user95_2017-02-24.bag;0.834065854549408;0.0;0.9619645476341248;0.0;3.6903359844713712;0.8114143797257863;0.18858562027421366
1731802846.510382;/app/bags/user95_2017-02-24.bag;0.834065854549408;0.0;0.9619645476341248;0.0;3.6903359844713712;0.8114143797257863;0.18858562027421366
1731802846.7104282;/app/bags/user95_2017-02-24.bag;0.834065854549408;0.0;0.9619645476341248;0.0;3.6903359844713712;0.8114143797257863;0.18858562027421366
1731802846.910423;/app/bags/user95_2017-02-24.bag;0.834065854549408;0.0;0.9619645476341248;0.0;3.6903359844713712;0.8114143797257863;0.18858562027421366
1731802847.1103742;/app/bags/user95_2017-02-24.bag;0.834065854549408;0.0;0.9619645476341248;0.0;3.6903359844713712;0.8114143797257863;0.18858562027421366
1731802847.310394;/app/bags/user95_2017-02-24.bag;0.834065854549408;0.0;0.9619645476341248;0.0;3.6903359844713712;0.8114143797257863;0.18858562027421366
1731802847.51043;/app/bags/user95_2017-02-24.bag;0.834065854549408;0.0;0.9619645476341248;0.0;3.6903359844713712;0.8114143797257863;0.18858562027421366
1731802847.7103612;/app/bags/user95_2017-02-24.bag;0.834065854549408;0.0;0.9619645476341248;0.0;3.6903359844713712;0.8114143797257863;0.18858562027421366
1731802847.9104383;/app/bags/user95_2017-02-24.bag;0.834065854549408;0.0;0.9619645476341248;0.0;3.6903359844713712;0.8114143797257863;0.18858562027421366
1731802848.1104193;/app/bags/user95_2017-02-24.bag;0.834065854549408;0.0;0.9619645476341248;0.0;3.6903359844713712;0.8114143797257863;0.18858562027421366
1731802848.3103862;/app/bags/user95_2017-02-24.bag;0.834065854549408;0.0;0.9619645476341248;0.0;3.6903359844713712;0.8114143797257863;0.18858562027421366
1731802848.510378;/app/bags/user95_2017-02-24.bag;0.834065854549408;0.0;0.9619645476341248;0.0;3.6903359844713712;0.8114143797257863;0.18858562027421366
1731802848.7103994;/app/bags/user95_2017-02-24.bag;0.834065854549408;0.0;0.9619645476341248;0.0;3.6903359844713712;0.8114143797257863;0.18858562027421366
1731802848.9104204;/app/bags/user95_2017-02-24.bag;0.834065854549408;0.0;0.9619645476341248;0.0;3.6903359844713712;0.8114143797257863;0.18858562027421366
1731802849.1103842;/app/bags/user95_2017-02-24.bag;0.834065854549408;0.0;0.9619645476341248;0.0;3.6903359844713712;0.8114143797257863;0.18858562027421366
1731802849.3103616;/app/bags/user95_2017-02-24.bag;0.834065854549408;0.0;0.9619645476341248;0.0;3.6903359844713712;0.8114143797257863;0.18858562027421366
1731802849.5105665;/app/bags/user95_2017-02-24.bag;0.834065854549408;0.0;0.9619645476341248;0.0;3.6903359844713712;0.8114143797257863;0.18858562027421366
1731802849.7104192;/app/bags/user95_2017-02-24.bag;0.834065854549408;0.0;0.9619645476341248;0.0;3.6903359844713712;0.8114143797257863;0.18858562027421366
1731802849.9103951;/app/bags/user95_2017-02-24.bag;0.834065854549408;0.0;0.9619645476341248;0.0;3.6903359844713712;0.8114143797257863;0.18858562027421366
1731802850.110373;/app/bags/user95_2017-02-24.bag;0.834065854549408;0.0;0.9619645476341248;0.0;3.6903359844713712;0.8114143797257863;0.18858562027421366
1731802850.3104117;/app/bags/user95_2017-02-24.bag;0.834065854549408;0.0;0.9619645476341248;0.0;3.6903359844713712;0.8114143797257863;0.18858562027421366
1731802850.5104082;/app/bags/user95_2017-02-24.bag;0.834065854549408;0.0;0.9619645476341248;0.0;3.6903359844713712;0.8114143797257863;0.18858562027421366
1731802850.710389;/app/bags/user95_2017-02-24.bag;0.834065854549408;0.0;0.9619645476341248;0.0;3.6903359844713712;0.8114143797257863;0.18858562027421366
1731802850.910392;/app/bags/user95_2017-02-24.bag;0.834065854549408;0.0;0.9619645476341248;0.0;3.6903359844713712;0.8114143797257863;0.18858562027421366
1731802851.1103947;/app/bags/user95_2017-02-24.bag;0.834065854549408;0.0;0.9619645476341248;0.0;3.6903359844713712;0.8114143797257863;0.18858562027421366
1731802851.3103676;/app/bags/user95_2017-02-24.bag;0.834065854549408;0.0;0.9619645476341248;0.0;3.6903359844713712;0.8114143797257863;0.18858562027421366
1731802851.5103717;/app/bags/user95_2017-02-24.bag;0.834065854549408;0.0;0.9619645476341248;0.0;3.6903359844713712;0.8114143797257863;0.18858562027421366
1731802851.710414;/app/bags/user95_2017-02-24.bag;0.834065854549408;0.0;0.9619645476341248;0.0;3.6903359844713712;0.8114143797257863;0.18858562027421366
1731802851.910409;/app/bags/user95_2017-02-24.bag;0.834065854549408;0.0;0.9619645476341248;0.0;3.6903359844713712;0.8114143797257863;0.18858562027421366
1731802852.1104326;/app/bags/user95_2017-02-24.bag;0.834065854549408;0.0;0.9619645476341248;0.0;3.6903359844713712;0.8114143797257863;0.18858562027421366
1731802852.3103683;/app/bags/user95_2017-02-24.bag;0.834065854549408;0.0;0.9619645476341248;0.0;3.6903359844713712;0.8114143797257863;0.18858562027421366
1731802852.5103786;/app/bags/user95_2017-02-24.bag;0.834065854549408;0.0;0.9619645476341248;0.0;3.6903359844713712;0.8114143797257863;0.18858562027421366
1731802852.7103543;/app/bags/user95_2017-02-24.bag;0.834065854549408;0.0;0.9619645476341248;0.0;3.6903359844713712;0.8114143797257863;0.18858562027421366
1731802852.910444;/app/bags/user95_2017-02-24.bag;0.834065854549408;0.0;0.9619645476341248;0.0;3.6903359844713712;0.8114143797257863;0.18858562027421366
1731802853.1104634;/app/bags/user95_2017-02-24.bag;0.834065854549408;0.0;0.9619645476341248;0.0;3.6903359844713712;0.8114143797257863;0.18858562027421366
1731802853.3103762;/app/bags/user95_2017-02-24.bag;0.834065854549408;0.0;0.9619645476341248;0.0;3.6903359844713712;0.8114143797257863;0.18858562027421366
1731802853.5103846;/app/bags/user95_2017-02-24.bag;0.834065854549408;0.0;0.9619645476341248;0.0;3.6903359844713712;0.8114143797257863;0.18858562027421366
1731802853.7104197;/app/bags/user95_2017-02-24.bag;0.834065854549408;0.0;0.9619645476341248;0.0;3.6903359844713712;0.8114143797257863;0.18858562027421366
1731802853.9104137;/app/bags/user95_2017-02-24.bag;0.834065854549408;0.0;0.9619645476341248;0.0;3.6903359844713712;0.8114143797257863;0.18858562027421366
1731802854.110377;/app/bags/user95_2017-02-24.bag;0.834065854549408;0.0;0.9619645476341248;0.0;3.6903359844713712;0.8114143797257863;0.18858562027421366
1731802854.3103962;/app/bags/user95_2017-02-24.bag;0.834065854549408;0.0;0.9619645476341248;0.0;3.6903359844713712;0.8114143797257863;0.18858562027421366
1731802854.5104063;/app/bags/user95_2017-02-24.bag;0.834065854549408;0.0;0.9619645476341248;0.0;3.6903359844713712;0.8114143797257863;0.18858562027421366
1731802854.7104728;/app/bags/user95_2017-02-24.bag;0.834065854549408;0.0;0.9619645476341248;0.0;3.6903359844713712;0.8114143797257863;0.18858562027421366
1731802854.910463;/app/bags/user95_2017-02-24.bag;0.834065854549408;0.0;0.9619645476341248;0.0;3.6903359844713712;0.8114143797257863;0.18858562027421366
1731802855.1106038;/app/bags/user95_2017-02-24.bag;0.834065854549408;0.0;0.9619645476341248;0.0;3.6903359844713712;0.8114143797257863;0.18858562027421366
1731802855.3104215;/app/bags/user95_2017-02-24.bag;0.834065854549408;0.0;0.9619645476341248;0.0;3.6903359844713712;0.8114143797257863;0.18858562027421366
1731802855.5103953;/app/bags/user95_2017-02-24.bag;0.834065854549408;0.0;0.9619645476341248;0.0;3.6903359844713712;0.8114143797257863;0.18858562027421366
1731802855.7104025;/app/bags/user95_2017-02-24.bag;0.834065854549408;0.0;0.9619645476341248;0.0;3.6903359844713712;0.8114143797257863;0.18858562027421366
1731802855.9104097;/app/bags/user95_2017-02-24.bag;0.834065854549408;0.0;0.9619645476341248;0.0;3.6903359844713712;0.8114143797257863;0.18858562027421366
1731802856.1104193;/app/bags/user95_2017-02-24.bag;0.834065854549408;0.0;0.9619645476341248;0.0;3.6903359844713712;0.8114143797257863;0.18858562027421366
1731802856.3103795;/app/bags/user95_2017-02-24.bag;0.834065854549408;0.0;0.9619645476341248;0.0;3.6903359844713712;0.8114143797257863;0.18858562027421366
1731802856.510457;/app/bags/user95_2017-02-24.bag;0.834065854549408;0.0;0.9619645476341248;0.0;3.6903359844713712;0.8114143797257863;0.18858562027421366
1731802856.7104955;/app/bags/user95_2017-02-24.bag;0.834065854549408;0.0;0.9619645476341248;0.0;3.6903359844713712;0.8114143797257863;0.18858562027421366
1731802856.9103956;/app/bags/user95_2017-02-24.bag;0.834065854549408;0.0;0.9619645476341248;0.0;3.6903359844713712;0.8114143797257863;0.18858562027421366
1731802857.110421;/app/bags/user95_2017-02-24.bag;0.834065854549408;0.0;0.9619645476341248;0.0;3.6903359844713712;0.8114143797257863;0.18858562027421366
1731802857.310421;/app/bags/user95_2017-02-24.bag;0.834065854549408;0.0;0.9619645476341248;0.0;3.6903359844713712;0.8114143797257863;0.18858562027421366
1731802857.5104287;/app/bags/user95_2017-02-24.bag;0.834065854549408;0.0;0.9619645476341248;0.0;3.6903359844713712;0.8114143797257863;0.18858562027421366
1731802857.7103946;/app/bags/user95_2017-02-24.bag;0.834065854549408;0.0;0.9619645476341248;0.0;3.6903359844713712;0.8114143797257863;0.18858562027421366
1731802857.9103675;/app/bags/user95_2017-02-24.bag;0.834065854549408;0.0;0.9619645476341248;0.0;3.6903359844713712;0.8114143797257863;0.18858562027421366
1731802858.1104224;/app/bags/user95_2017-02-24.bag;0.834065854549408;0.0;0.9619645476341248;0.0;3.6903359844713712;0.8114143797257863;0.18858562027421366
1731802858.3103898;/app/bags/user95_2017-02-24.bag;0.834065854549408;0.0;0.9619645476341248;0.0;3.6903359844713712;0.8114143797257863;0.18858562027421366
1731802858.5104003;/app/bags/user95_2017-02-24.bag;0.834065854549408;0.0;0.9619645476341248;0.0;3.6903359844713712;0.8114143797257863;0.18858562027421366
1731802858.710392;/app/bags/user95_2017-02-24.bag;0.834065854549408;0.0;0.9619645476341248;0.0;3.6903359844713712;0.8114143797257863;0.18858562027421366
1731802858.9105225;/app/bags/user95_2017-02-24.bag;0.834065854549408;0.0;0.9619645476341248;0.0;3.6903359844713712;0.8114143797257863;0.18858562027421366
1731802859.110427;/app/bags/user95_2017-02-24.bag;0.834065854549408;0.0;0.9619645476341248;0.0;3.6903359844713712;0.8114143797257863;0.18858562027421366
1731802859.3104196;/app/bags/user95_2017-02-24.bag;0.834065854549408;0.0;0.9619645476341248;0.0;3.6903359844713712;0.8114143797257863;0.18858562027421366
1731802859.5104551;/app/bags/user95_2017-02-24.bag;0.834065854549408;0.0;0.9619645476341248;0.0;3.6903359844713712;0.8114143797257863;0.18858562027421366
1731802859.7103846;/app/bags/user95_2017-02-24.bag;0.834065854549408;0.0;0.9619645476341248;0.0;3.6903359844713712;0.8114143797257863;0.18858562027421366
1731802859.9104548;/app/bags/user95_2017-02-24.bag;0.834065854549408;0.0;0.9619645476341248;0.0;3.6903359844713712;0.8114143797257863;0.18858562027421366
1731802860.110417;/app/bags/user95_2017-02-24.bag;0.834065854549408;0.0;0.9619645476341248;0.0;3.6903359844713712;0.8114143797257863;0.18858562027421366
1731802860.310408;/app/bags/user95_2017-02-24.bag;0.834065854549408;0.0;0.9619645476341248;0.0;3.6903359844713712;0.8114143797257863;0.18858562027421366
1731802860.5103898;/app/bags/user95_2017-02-24.bag;0.834065854549408;0.0;0.9619645476341248;0.0;3.6903359844713712;0.8114143797257863;0.18858562027421366
1731802860.7104578;/app/bags/user95_2017-02-24.bag;0.834065854549408;0.0;0.9619645476341248;0.0;3.6903359844713712;0.8114143797257863;0.18858562027421366
1731802860.910412;/app/bags/user95_2017-02-24.bag;0.834065854549408;0.0;0.9619645476341248;0.0;3.6903359844713712;0.8114143797257863;0.18858562027421366
1731802861.1104248;/app/bags/user95_2017-02-24.bag;0.834065854549408;0.0;0.9619645476341248;0.0;3.6903359844713712;0.8114143797257863;0.18858562027421366
1731802861.3103852;/app/bags/user95_2017-02-24.bag;0.834065854549408;0.0;0.9619645476341248;0.0;3.6903359844713712;0.8114143797257863;0.18858562027421366
1731802861.510393;/app/bags/user95_2017-02-24.bag;0.834065854549408;0.0;0.9619645476341248;0.0;3.6903359844713712;0.8114143797257863;0.18858562027421366
1731802861.710408;/app/bags/user95_2017-02-24.bag;0.834065854549408;0.0;0.9619645476341248;0.0;3.6903359844713712;0.8114143797257863;0.18858562027421366
1731802861.9103954;/app/bags/user95_2017-02-24.bag;0.834065854549408;0.0;0.9619645476341248;0.0;3.6903359844713712;0.8114143797257863;0.18858562027421366
1731802862.1104574;/app/bags/user95_2017-02-24.bag;0.834065854549408;0.0;0.9619645476341248;0.0;3.6903359844713712;0.8114143797257863;0.18858562027421366
1731802862.3104384;/app/bags/user95_2017-02-24.bag;0.834065854549408;0.0;0.9619645476341248;0.0;3.6903359844713712;0.8114143797257863;0.18858562027421366
1731802862.5104158;/app/bags/user95_2017-02-24.bag;0.834065854549408;0.0;0.9619645476341248;0.0;3.6903359844713712;0.8114143797257863;0.18858562027421366
1731802862.7103834;/app/bags/user95_2017-02-24.bag;0.834065854549408;0.0;0.9619645476341248;0.0;3.6903359844713712;0.8114143797257863;0.18858562027421366
1731802862.9104106;/app/bags/user95_2017-02-24.bag;0.834065854549408;0.0;0.9619645476341248;0.0;3.6903359844713712;0.8114143797257863;0.18858562027421366
1731802863.110388;/app/bags/user95_2017-02-24.bag;0.834065854549408;0.0;0.9619645476341248;0.0;3.6903359844713712;0.8114143797257863;0.18858562027421366
1731802863.310414;/app/bags/user95_2017-02-24.bag;0.834065854549408;0.0;0.9619645476341248;0.0;3.6903359844713712;0.8114143797257863;0.18858562027421366
1731802863.5104253;/app/bags/user95_2017-02-24.bag;0.834065854549408;0.0;0.9619645476341248;0.0;3.6903359844713712;0.8114143797257863;0.18858562027421366
1731802863.7103994;/app/bags/user95_2017-02-24.bag;0.834065854549408;0.0;0.9619645476341248;0.0;3.6903359844713712;0.8114143797257863;0.18858562027421366
1731802863.910389;/app/bags/user95_2017-02-24.bag;0.834065854549408;0.0;0.9619645476341248;0.0;3.6903359844713712;0.8114143797257863;0.18858562027421366
1731802864.1103828;/app/bags/user95_2017-02-24.bag;0.834065854549408;0.0;0.9619645476341248;0.0;3.6903359844713712;0.8114143797257863;0.18858562027421366
1731802864.3104155;/app/bags/user95_2017-02-24.bag;0.834065854549408;0.0;0.9619645476341248;0.0;3.6903359844713712;0.8114143797257863;0.18858562027421366
1731802864.510351;/app/bags/user95_2017-02-24.bag;0.834065854549408;0.0;0.9619645476341248;0.0;3.6903359844713712;0.8114143797257863;0.18858562027421366
1731802864.710377;/app/bags/user95_2017-02-24.bag;0.834065854549408;0.0;0.9619645476341248;0.0;3.6903359844713712;0.8114143797257863;0.18858562027421366
1731802864.9104605;/app/bags/user95_2017-02-24.bag;0.834065854549408;0.0;0.9619645476341248;0.0;3.6903359844713712;0.8114143797257863;0.18858562027421366
1731802865.1104493;/app/bags/user95_2017-02-24.bag;0.834065854549408;0.0;0.9619645476341248;0.0;3.6903359844713712;0.8114143797257863;0.18858562027421366
1731802865.3104208;/app/bags/user95_2017-02-24.bag;0.834065854549408;0.0;0.9619645476341248;0.0;3.6903359844713712;0.8114143797257863;0.18858562027421366
1731802865.5103946;/app/bags/user95_2017-02-24.bag;0.834065854549408;0.0;0.9619645476341248;0.0;3.6903359844713712;0.8114143797257863;0.18858562027421366
1731802865.7104053;/app/bags/user95_2017-02-24.bag;0.834065854549408;0.0;0.9619645476341248;0.0;3.6903359844713712;0.8114143797257863;0.18858562027421366
1731802865.9103656;/app/bags/user95_2017-02-24.bag;0.834065854549408;0.0;0.9619645476341248;0.0;3.6903359844713712;0.8114143797257863;0.18858562027421366
1731802866.1103926;/app/bags/user95_2017-02-24.bag;0.834065854549408;0.0;0.9619645476341248;0.0;3.6903359844713712;0.8114143797257863;0.18858562027421366
1731802866.3103764;/app/bags/user95_2017-02-24.bag;0.834065854549408;0.0;0.9619645476341248;0.0;3.6903359844713712;0.8114143797257863;0.18858562027421366
1731802866.5103924;/app/bags/user95_2017-02-24.bag;0.834065854549408;0.0;0.9619645476341248;0.0;3.6903359844713712;0.8114143797257863;0.18858562027421366
1731802866.7104192;/app/bags/user95_2017-02-24.bag;0.834065854549408;0.0;0.9619645476341248;0.0;3.6903359844713712;0.8114143797257863;0.18858562027421366
1731802866.9103773;/app/bags/user95_2017-02-24.bag;0.834065854549408;0.0;0.9619645476341248;0.0;3.6903359844713712;0.8114143797257863;0.18858562027421366
1731802867.1104162;/app/bags/user95_2017-02-24.bag;0.834065854549408;0.0;0.9619645476341248;0.0;3.6903359844713712;0.8114143797257863;0.18858562027421366
1731802867.3103957;/app/bags/user95_2017-02-24.bag;0.834065854549408;0.0;0.9619645476341248;0.0;3.6903359844713712;0.8114143797257863;0.18858562027421366
1731802867.5103827;/app/bags/user95_2017-02-24.bag;0.834065854549408;0.0;0.9619645476341248;0.0;3.6903359844713712;0.8114143797257863;0.18858562027421366
1731802867.7104173;/app/bags/user95_2017-02-24.bag;0.834065854549408;0.0;0.9619645476341248;0.0;3.6903359844713712;0.8114143797257863;0.18858562027421366
1731802867.910392;/app/bags/user95_2017-02-24.bag;0.834065854549408;0.0;0.9619645476341248;0.0;3.6903359844713712;0.8114143797257863;0.18858562027421366
1731802868.1104665;/app/bags/user95_2017-02-24.bag;0.834065854549408;0.0;0.9619645476341248;0.0;3.6903359844713712;0.8114143797257863;0.18858562027421366
1731802868.310416;/app/bags/user95_2017-02-24.bag;0.834065854549408;0.0;0.9619645476341248;0.0;3.6903359844713712;0.8114143797257863;0.18858562027421366
1731802868.5105562;/app/bags/user95_2017-02-24.bag;0.834065854549408;0.0;0.9619645476341248;0.0;3.6903359844713712;0.8114143797257863;0.18858562027421366
1731802868.7104259;/app/bags/user95_2017-02-24.bag;0.834065854549408;0.0;0.9619645476341248;0.0;3.6903359844713712;0.8114143797257863;0.18858562027421366
1731802868.9103894;/app/bags/user95_2017-02-24.bag;0.834065854549408;0.0;0.9619645476341248;0.0;3.6903359844713712;0.8114143797257863;0.18858562027421366
1731802869.110409;/app/bags/user95_2017-02-24.bag;0.834065854549408;0.0;0.9619645476341248;0.0;3.6903359844713712;0.8114143797257863;0.18858562027421366
1731802869.3103933;/app/bags/user95_2017-02-24.bag;0.834065854549408;0.0;0.9619645476341248;0.0;3.6903359844713712;0.8114143797257863;0.18858562027421366
1731802869.5103846;/app/bags/user95_2017-02-24.bag;0.834065854549408;0.0;0.9619645476341248;0.0;3.6903359844713712;0.8114143797257863;0.18858562027421366
1731802869.7104173;/app/bags/user95_2017-02-24.bag;0.834065854549408;0.0;0.9619645476341248;0.0;3.6903359844713712;0.8114143797257863;0.18858562027421366
1731802869.9105868;/app/bags/user95_2017-02-24.bag;0.834065854549408;0.0;0.9619645476341248;0.0;3.6903359844713712;0.8114143797257863;0.18858562027421366
1731802870.1104808;/app/bags/user95_2017-02-24.bag;0.834065854549408;0.0;0.9619645476341248;0.0;3.6903359844713712;0.8114143797257863;0.18858562027421366
1731802870.3105385;/app/bags/user95_2017-02-24.bag;0.834065854549408;0.0;0.9619645476341248;0.0;3.6903359844713712;0.8114143797257863;0.18858562027421366
1731802870.510374;/app/bags/user95_2017-02-24.bag;0.834065854549408;0.0;0.9619645476341248;0.0;3.6903359844713712;0.8114143797257863;0.18858562027421366
1731802870.7104166;/app/bags/user95_2017-02-24.bag;0.834065854549408;0.0;0.9619645476341248;0.0;3.6903359844713712;0.8114143797257863;0.18858562027421366
1731802870.9103847;/app/bags/user95_2017-02-24.bag;0.834065854549408;0.0;0.9619645476341248;0.0;3.6903359844713712;0.8114143797257863;0.18858562027421366
1731802871.1104312;/app/bags/user95_2017-02-24.bag;0.834065854549408;0.0;0.9619645476341248;0.0;3.6903359844713712;0.8114143797257863;0.18858562027421366
1731802871.3103817;/app/bags/user95_2017-02-24.bag;0.834065854549408;0.0;0.9619645476341248;0.0;3.6903359844713712;0.8114143797257863;0.18858562027421366
1731802871.5103948;/app/bags/user95_2017-02-24.bag;0.834065854549408;0.0;0.9619645476341248;0.0;3.6903359844713712;0.8114143797257863;0.18858562027421366
1731802871.7104049;/app/bags/user95_2017-02-24.bag;0.834065854549408;0.0;0.9619645476341248;0.0;3.6903359844713712;0.8114143797257863;0.18858562027421366
1731802871.9104266;/app/bags/user95_2017-02-24.bag;0.834065854549408;0.0;0.9619645476341248;0.0;3.6903359844713712;0.8114143797257863;0.18858562027421366
1731802872.11036;/app/bags/user95_2017-02-24.bag;0.834065854549408;0.0;0.9619645476341248;0.0;3.6903359844713712;0.8114143797257863;0.18858562027421366
1731802872.3104382;/app/bags/user95_2017-02-24.bag;0.834065854549408;0.0;0.9619645476341248;0.0;3.6903359844713712;0.8114143797257863;0.18858562027421366
1731802872.5104735;/app/bags/user95_2017-02-24.bag;0.834065854549408;0.0;0.9619645476341248;0.0;3.6903359844713712;0.8114143797257863;0.18858562027421366
1731802872.7105165;/app/bags/user95_2017-02-24.bag;0.834065854549408;0.0;0.9619645476341248;0.0;3.6903359844713712;0.8114143797257863;0.18858562027421366
1731802872.910409;/app/bags/user95_2017-02-24.bag;0.834065854549408;0.0;0.9619645476341248;0.0;3.6903359844713712;0.8114143797257863;0.18858562027421366
1731802873.1103513;/app/bags/user95_2017-02-24.bag;0.834065854549408;0.0;0.9619645476341248;0.0;3.6903359844713712;0.8114143797257863;0.18858562027421366
1731802873.310584;/app/bags/user95_2017-02-24.bag;0.834065854549408;0.0;0.9619645476341248;0.0;3.6903359844713712;0.8114143797257863;0.18858562027421366
1731802873.510522;/app/bags/user95_2017-02-24.bag;0.834065854549408;0.0;0.9619645476341248;0.0;3.6903359844713712;0.8114143797257863;0.18858562027421366
1731802873.7103953;/app/bags/user95_2017-02-24.bag;0.834065854549408;0.0;0.9619645476341248;0.0;3.6903359844713712;0.8114143797257863;0.18858562027421366
1731802873.910437;/app/bags/user95_2017-02-24.bag;0.834065854549408;0.0;0.9619645476341248;0.0;3.6903359844713712;0.8114143797257863;0.18858562027421366
1731802874.1104736;/app/bags/user95_2017-02-24.bag;0.834065854549408;0.0;0.9619645476341248;0.0;3.6903359844713712;0.8114143797257863;0.18858562027421366
1731802874.3104024;/app/bags/user95_2017-02-24.bag;0.834065854549408;0.0;0.9619645476341248;0.0;3.6903359844713712;0.8114143797257863;0.18858562027421366
1731802874.5104527;/app/bags/user95_2017-02-24.bag;0.834065854549408;0.0;0.9619645476341248;0.0;3.6903359844713712;0.8114143797257863;0.18858562027421366
1731802874.710529;/app/bags/user95_2017-02-24.bag;0.834065854549408;0.0;0.9619645476341248;0.0;3.6903359844713712;0.8114143797257863;0.18858562027421366
1731802874.9103804;/app/bags/user95_2017-02-24.bag;0.834065854549408;0.0;0.9619645476341248;0.0;3.6903359844713712;0.8114143797257863;0.18858562027421366
1731802875.1104023;/app/bags/user95_2017-02-24.bag;0.834065854549408;0.0;0.9619645476341248;0.0;3.6903359844713712;0.8114143797257863;0.18858562027421366
1731802875.310406;/app/bags/user95_2017-02-24.bag;0.834065854549408;0.0;0.9619645476341248;0.0;3.6903359844713712;0.8114143797257863;0.18858562027421366
1731802875.5104032;/app/bags/user95_2017-02-24.bag;0.834065854549408;0.0;0.9619645476341248;0.0;3.6903359844713712;0.8114143797257863;0.18858562027421366
1731802875.710461;/app/bags/user95_2017-02-24.bag;0.834065854549408;0.0;0.9619645476341248;0.0;3.6903359844713712;0.8114143797257863;0.18858562027421366
1731802875.910399;/app/bags/user95_2017-02-24.bag;0.834065854549408;0.0;0.9619645476341248;0.0;3.6903359844713712;0.8114143797257863;0.18858562027421366
1731802876.1103926;/app/bags/user95_2017-02-24.bag;0.834065854549408;0.0;0.9619645476341248;0.0;3.6903359844713712;0.8114143797257863;0.18858562027421366
1731802876.3103948;/app/bags/user95_2017-02-24.bag;0.834065854549408;0.0;0.9619645476341248;0.0;3.6903359844713712;0.8114143797257863;0.18858562027421366
1731802876.5105956;/app/bags/user95_2017-02-24.bag;0.834065854549408;0.0;0.9619645476341248;0.0;3.6903359844713712;0.8114143797257863;0.18858562027421366
1731802876.7104104;/app/bags/user95_2017-02-24.bag;0.834065854549408;0.0;0.9619645476341248;0.0;3.6903359844713712;0.8114143797257863;0.18858562027421366
1731802876.9104002;/app/bags/user95_2017-02-24.bag;0.834065854549408;0.0;0.9619645476341248;0.0;3.6903359844713712;0.8114143797257863;0.18858562027421366
1731802877.110379;/app/bags/user95_2017-02-24.bag;0.834065854549408;0.0;0.9619645476341248;0.0;3.6903359844713712;0.8114143797257863;0.18858562027421366
1731802877.3103812;/app/bags/user95_2017-02-24.bag;0.834065854549408;0.0;0.9619645476341248;0.0;3.6903359844713712;0.8114143797257863;0.18858562027421366
1731802877.5104005;/app/bags/user95_2017-02-24.bag;0.834065854549408;0.0;0.9619645476341248;0.0;3.6903359844713712;0.8114143797257863;0.18858562027421366
1731802877.7103899;/app/bags/user95_2017-02-24.bag;0.834065854549408;0.0;0.9619645476341248;0.0;3.6903359844713712;0.8114143797257863;0.18858562027421366
1731802877.9104292;/app/bags/user95_2017-02-24.bag;0.834065854549408;0.0;0.9619645476341248;0.0;3.6903359844713712;0.8114143797257863;0.18858562027421366
1731802878.110417;/app/bags/user95_2017-02-24.bag;0.834065854549408;0.0;0.9619645476341248;0.0;3.6903359844713712;0.8114143797257863;0.18858562027421366
1731802878.3103566;/app/bags/user95_2017-02-24.bag;0.834065854549408;0.0;0.9619645476341248;0.0;3.6903359844713712;0.8114143797257863;0.18858562027421366
1731802878.5103774;/app/bags/user95_2017-02-24.bag;0.834065854549408;0.0;0.9619645476341248;0.0;3.6903359844713712;0.8114143797257863;0.18858562027421366
1731802878.7104228;/app/bags/user95_2017-02-24.bag;0.834065854549408;0.0;0.9619645476341248;0.0;3.6903359844713712;0.8114143797257863;0.18858562027421366
1731802878.9103825;/app/bags/user95_2017-02-24.bag;0.834065854549408;0.0;0.9619645476341248;0.0;3.6903359844713712;0.8114143797257863;0.18858562027421366
1731802879.110421;/app/bags/user95_2017-02-24.bag;0.834065854549408;0.0;0.9619645476341248;0.0;3.6903359844713712;0.8114143797257863;0.18858562027421366
1731802879.310442;/app/bags/user95_2017-02-24.bag;0.834065854549408;0.0;0.9619645476341248;0.0;3.6903359844713712;0.8114143797257863;0.18858562027421366
1731802879.510461;/app/bags/user95_2017-02-24.bag;0.834065854549408;0.0;0.9619645476341248;0.0;3.6903359844713712;0.8114143797257863;0.18858562027421366
1731802879.7105355;/app/bags/user95_2017-02-24.bag;0.834065854549408;0.0;0.9619645476341248;0.0;3.6903359844713712;0.8114143797257863;0.18858562027421366
1731802879.9103887;/app/bags/user95_2017-02-24.bag;0.834065854549408;0.0;0.9619645476341248;0.0;3.6903359844713712;0.8114143797257863;0.18858562027421366
1731802880.1103928;/app/bags/user95_2017-02-24.bag;0.834065854549408;0.0;0.9619645476341248;0.0;3.6903359844713712;0.8114143797257863;0.18858562027421366
1731802880.3103795;/app/bags/user95_2017-02-24.bag;0.834065854549408;0.0;0.9619645476341248;0.0;3.6903359844713712;0.8114143797257863;0.18858562027421366
1731802880.5105474;/app/bags/user95_2017-02-24.bag;0.834065854549408;0.0;0.9619645476341248;0.0;3.6903359844713712;0.8114143797257863;0.18858562027421366
1731802880.7104213;/app/bags/user95_2017-02-24.bag;0.834065854549408;0.0;0.9619645476341248;0.0;3.6903359844713712;0.8114143797257863;0.18858562027421366
1731802880.910394;/app/bags/user95_2017-02-24.bag;0.834065854549408;0.0;0.9619645476341248;0.0;3.6903359844713712;0.8114143797257863;0.18858562027421366
1731802881.1104686;/app/bags/user95_2017-02-24.bag;0.834065854549408;0.0;0.9619645476341248;0.0;3.6903359844713712;0.8114143797257863;0.18858562027421366
1731802881.3103967;/app/bags/user95_2017-02-24.bag;0.834065854549408;0.0;0.9619645476341248;0.0;3.6903359844713712;0.8114143797257863;0.18858562027421366
1731802881.5103943;/app/bags/user95_2017-02-24.bag;0.834065854549408;0.0;0.9619645476341248;0.0;3.6903359844713712;0.8114143797257863;0.18858562027421366
1731802881.7103598;/app/bags/user95_2017-02-24.bag;0.834065854549408;0.0;0.9619645476341248;0.0;3.6903359844713712;0.8114143797257863;0.18858562027421366
1731802881.9104815;/app/bags/user95_2017-02-24.bag;0.834065854549408;0.0;0.9619645476341248;0.0;3.6903359844713712;0.8114143797257863;0.18858562027421366
1731802882.1105928;/app/bags/user95_2017-02-24.bag;0.834065854549408;0.0;0.9619645476341248;0.0;3.6903359844713712;0.8114143797257863;0.18858562027421366
1731802882.310431;/app/bags/user95_2017-02-24.bag;0.834065854549408;0.0;0.9619645476341248;0.0;3.6903359844713712;0.8114143797257863;0.18858562027421366
1731802882.510384;/app/bags/user95_2017-02-24.bag;0.834065854549408;0.0;0.9619645476341248;0.0;3.6903359844713712;0.8114143797257863;0.18858562027421366
1731802882.7103813;/app/bags/user95_2017-02-24.bag;0.834065854549408;0.0;0.9619645476341248;0.0;3.6903359844713712;0.8114143797257863;0.18858562027421366
1731802882.9103909;/app/bags/user95_2017-02-24.bag;0.834065854549408;0.0;0.9619645476341248;0.0;3.6903359844713712;0.8114143797257863;0.18858562027421366
1731802883.11038;/app/bags/user95_2017-02-24.bag;0.834065854549408;0.0;0.9619645476341248;0.0;3.6903359844713712;0.8114143797257863;0.18858562027421366
1731802883.3104014;/app/bags/user95_2017-02-24.bag;0.834065854549408;0.0;0.9619645476341248;0.0;3.6903359844713712;0.8114143797257863;0.18858562027421366
1731802883.510387;/app/bags/user95_2017-02-24.bag;0.834065854549408;0.0;0.9619645476341248;0.0;3.6903359844713712;0.8114143797257863;0.18858562027421366
1731802883.7104008;/app/bags/user95_2017-02-24.bag;0.834065854549408;0.0;0.9619645476341248;0.0;3.6903359844713712;0.8114143797257863;0.18858562027421366
1731802883.9103951;/app/bags/user95_2017-02-24.bag;0.834065854549408;0.0;0.9619645476341248;0.0;3.6903359844713712;0.8114143797257863;0.18858562027421366
1731802884.1104023;/app/bags/user95_2017-02-24.bag;0.834065854549408;0.0;0.9619645476341248;0.0;3.6903359844713712;0.8114143797257863;0.18858562027421366
1731802884.3104036;/app/bags/user95_2017-02-24.bag;0.834065854549408;0.0;0.9619645476341248;0.0;3.6903359844713712;0.8114143797257863;0.18858562027421366
1731802884.5104883;/app/bags/user95_2017-02-24.bag;0.834065854549408;0.0;0.9619645476341248;0.0;3.6903359844713712;0.8114143797257863;0.18858562027421366
1731802884.710409;/app/bags/user95_2017-02-24.bag;0.834065854549408;0.0;0.9619645476341248;0.0;3.6903359844713712;0.8114143797257863;0.18858562027421366
1731802884.9104724;/app/bags/user95_2017-02-24.bag;0.834065854549408;0.0;0.9619645476341248;0.0;3.6903359844713712;0.8114143797257863;0.18858562027421366
1731802885.1103482;/app/bags/user95_2017-02-24.bag;0.834065854549408;0.0;0.9619645476341248;0.0;3.6903359844713712;0.8114143797257863;0.18858562027421366
1731802885.3103852;/app/bags/user95_2017-02-24.bag;0.834065854549408;0.0;0.9619645476341248;0.0;3.6903359844713712;0.8114143797257863;0.18858562027421366
1731802885.5104592;/app/bags/user95_2017-02-24.bag;0.834065854549408;0.0;0.9619645476341248;0.0;3.6903359844713712;0.8114143797257863;0.18858562027421366
1731802885.7103593;/app/bags/user95_2017-02-24.bag;0.834065854549408;0.0;0.9619645476341248;0.0;3.6903359844713712;0.8114143797257863;0.18858562027421366
1731802885.9103713;/app/bags/user95_2017-02-24.bag;0.834065854549408;0.0;0.9619645476341248;0.0;3.6903359844713712;0.8114143797257863;0.18858562027421366
1731802886.110428;/app/bags/user95_2017-02-24.bag;0.834065854549408;0.0;0.9619645476341248;0.0;3.6903359844713712;0.8114143797257863;0.18858562027421366
1731802886.3104203;/app/bags/user95_2017-02-24.bag;0.834065854549408;0.0;0.9619645476341248;0.0;3.6903359844713712;0.8114143797257863;0.18858562027421366
1731802886.5104175;/app/bags/user95_2017-02-24.bag;0.834065854549408;0.0;0.9619645476341248;0.0;3.6903359844713712;0.8114143797257863;0.18858562027421366
1731802886.710385;/app/bags/user95_2017-02-24.bag;0.834065854549408;0.0;0.9619645476341248;0.0;3.6903359844713712;0.8114143797257863;0.18858562027421366
1731802886.9104028;/app/bags/user95_2017-02-24.bag;0.834065854549408;0.0;0.9619645476341248;0.0;3.6903359844713712;0.8114143797257863;0.18858562027421366
1731802887.1103895;/app/bags/user95_2017-02-24.bag;0.834065854549408;0.0;0.9619645476341248;0.0;3.6903359844713712;0.8114143797257863;0.18858562027421366
1731802887.310421;/app/bags/user95_2017-02-24.bag;0.834065854549408;0.0;0.9619645476341248;0.0;3.6903359844713712;0.8114143797257863;0.18858562027421366
1731802887.510408;/app/bags/user95_2017-02-24.bag;0.834065854549408;0.0;0.9619645476341248;0.0;3.6903359844713712;0.8114143797257863;0.18858562027421366
1731802887.7104461;/app/bags/user95_2017-02-24.bag;0.834065854549408;0.0;0.9619645476341248;0.0;3.6903359844713712;0.8114143797257863;0.18858562027421366
1731802887.9104612;/app/bags/user95_2017-02-24.bag;0.834065854549408;0.0;0.9619645476341248;0.0;3.6903359844713712;0.8114143797257863;0.18858562027421366
1731802888.110426;/app/bags/user95_2017-02-24.bag;0.834065854549408;0.0;0.9619645476341248;0.0;3.6903359844713712;0.8114143797257863;0.18858562027421366
1731802888.3103747;/app/bags/user95_2017-02-24.bag;0.834065854549408;0.0;0.9619645476341248;0.0;3.6903359844713712;0.8114143797257863;0.18858562027421366
1731802888.5104332;/app/bags/user95_2017-02-24.bag;0.834065854549408;0.0;0.9619645476341248;0.0;3.6903359844713712;0.8114143797257863;0.18858562027421366
1731802888.710414;/app/bags/user95_2017-02-24.bag;0.834065854549408;0.0;0.9619645476341248;0.0;3.6903359844713712;0.8114143797257863;0.18858562027421366
1731802888.9104078;/app/bags/user95_2017-02-24.bag;0.834065854549408;0.0;0.9619645476341248;0.0;3.6903359844713712;0.8114143797257863;0.18858562027421366
1731802889.1104167;/app/bags/user95_2017-02-24.bag;0.834065854549408;0.0;0.9619645476341248;0.0;3.6903359844713712;0.8114143797257863;0.18858562027421366
1731802889.3103812;/app/bags/user95_2017-02-24.bag;0.834065854549408;0.0;0.9619645476341248;0.0;3.6903359844713712;0.8114143797257863;0.18858562027421366
1731802889.5103889;/app/bags/user95_2017-02-24.bag;0.834065854549408;0.0;0.9619645476341248;0.0;3.6903359844713712;0.8114143797257863;0.18858562027421366
1731802889.7103958;/app/bags/user95_2017-02-24.bag;0.834065854549408;0.0;0.9619645476341248;0.0;3.6903359844713712;0.8114143797257863;0.18858562027421366
1731802889.910403;/app/bags/user95_2017-02-24.bag;0.834065854549408;0.0;0.9619645476341248;0.0;3.6903359844713712;0.8114143797257863;0.18858562027421366
1731802890.1104052;/app/bags/user95_2017-02-24.bag;0.834065854549408;0.0;0.9619645476341248;0.0;3.6903359844713712;0.8114143797257863;0.18858562027421366
1731802890.3103487;/app/bags/user95_2017-02-24.bag;0.834065854549408;0.0;0.9619645476341248;0.0;3.6903359844713712;0.8114143797257863;0.18858562027421366
1731802890.510366;/app/bags/user95_2017-02-24.bag;0.834065854549408;0.0;0.9619645476341248;0.0;3.6903359844713712;0.8114143797257863;0.18858562027421366
1731802890.7104013;/app/bags/user95_2017-02-24.bag;0.834065854549408;0.0;0.9619645476341248;0.0;3.6903359844713712;0.8114143797257863;0.18858562027421366
1731802890.910386;/app/bags/user95_2017-02-24.bag;0.834065854549408;0.0;0.9619645476341248;0.0;3.6903359844713712;0.8114143797257863;0.18858562027421366
1731802891.1103868;/app/bags/user95_2017-02-24.bag;0.834065854549408;0.0;0.9619645476341248;0.0;3.6903359844713712;0.8114143797257863;0.18858562027421366
1731802891.3104696;/app/bags/user95_2017-02-24.bag;0.834065854549408;0.0;0.9619645476341248;0.0;3.6903359844713712;0.8114143797257863;0.18858562027421366
1731802891.51039;/app/bags/user95_2017-02-24.bag;0.834065854549408;0.0;0.9619645476341248;0.0;3.6903359844713712;0.8114143797257863;0.18858562027421366
1731802891.7104428;/app/bags/user95_2017-02-24.bag;0.834065854549408;0.0;0.9619645476341248;0.0;3.6903359844713712;0.8114143797257863;0.18858562027421366
1731802891.9104786;/app/bags/user95_2017-02-24.bag;0.834065854549408;0.0;0.9619645476341248;0.0;3.6903359844713712;0.8114143797257863;0.18858562027421366
1731802892.1104124;/app/bags/user95_2017-02-24.bag;0.834065854549408;0.0;0.9619645476341248;0.0;3.6903359844713712;0.8114143797257863;0.18858562027421366
1731802892.310423;/app/bags/user95_2017-02-24.bag;0.834065854549408;0.0;0.9619645476341248;0.0;3.6903359844713712;0.8114143797257863;0.18858562027421366
1731802892.510405;/app/bags/user95_2017-02-24.bag;0.834065854549408;0.0;0.9619645476341248;0.0;3.6903359844713712;0.8114143797257863;0.18858562027421366
1731802892.7103891;/app/bags/user95_2017-02-24.bag;0.834065854549408;0.0;0.9619645476341248;0.0;3.6903359844713712;0.8114143797257863;0.18858562027421366
1731802892.910439;/app/bags/user95_2017-02-24.bag;0.834065854549408;0.0;0.9619645476341248;0.0;3.6903359844713712;0.8114143797257863;0.18858562027421366
1731802893.1103854;/app/bags/user95_2017-02-24.bag;0.834065854549408;0.0;0.9619645476341248;0.0;3.6903359844713712;0.8114143797257863;0.18858562027421366
1731802893.3104146;/app/bags/user95_2017-02-24.bag;0.834065854549408;0.0;0.9619645476341248;0.0;3.6903359844713712;0.8114143797257863;0.18858562027421366
1731802893.510365;/app/bags/user95_2017-02-24.bag;0.834065854549408;0.0;0.9619645476341248;0.0;3.6903359844713712;0.8114143797257863;0.18858562027421366
1731802893.7104552;/app/bags/user95_2017-02-24.bag;0.834065854549408;0.0;0.9619645476341248;0.0;3.6903359844713712;0.8114143797257863;0.18858562027421366
1731802893.9103663;/app/bags/user95_2017-02-24.bag;0.834065854549408;0.0;0.9619645476341248;0.0;3.6903359844713712;0.8114143797257863;0.18858562027421366
1731802894.110365;/app/bags/user95_2017-02-24.bag;0.834065854549408;0.0;0.9619645476341248;0.0;3.6903359844713712;0.8114143797257863;0.18858562027421366
1731802894.3103964;/app/bags/user95_2017-02-24.bag;0.834065854549408;0.0;0.9619645476341248;0.0;3.6903359844713712;0.8114143797257863;0.18858562027421366
1731802894.5103617;/app/bags/user95_2017-02-24.bag;0.834065854549408;0.0;0.9619645476341248;0.0;3.6903359844713712;0.8114143797257863;0.18858562027421366
1731802894.7104082;/app/bags/user95_2017-02-24.bag;0.834065854549408;0.0;0.9619645476341248;0.0;3.6903359844713712;0.8114143797257863;0.18858562027421366
1731802894.9104068;/app/bags/user95_2017-02-24.bag;0.834065854549408;0.0;0.9619645476341248;0.0;3.6903359844713712;0.8114143797257863;0.18858562027421366
1731802895.1103795;/app/bags/user95_2017-02-24.bag;0.834065854549408;0.0;0.9619645476341248;0.0;3.6903359844713712;0.8114143797257863;0.18858562027421366
1731802895.3103752;/app/bags/user95_2017-02-24.bag;0.834065854549408;0.0;0.9619645476341248;0.0;3.6903359844713712;0.8114143797257863;0.18858562027421366
1731802895.5104208;/app/bags/user95_2017-02-24.bag;0.834065854549408;0.0;0.9619645476341248;0.0;3.6903359844713712;0.8114143797257863;0.18858562027421366
1731802895.710412;/app/bags/user95_2017-02-24.bag;0.834065854549408;0.0;0.9619645476341248;0.0;3.6903359844713712;0.8114143797257863;0.18858562027421366
1731802895.9104474;/app/bags/user95_2017-02-24.bag;0.834065854549408;0.0;0.9619645476341248;0.0;3.6903359844713712;0.8114143797257863;0.18858562027421366
1731802896.1103992;/app/bags/user95_2017-02-24.bag;0.834065854549408;0.0;0.9619645476341248;0.0;3.6903359844713712;0.8114143797257863;0.18858562027421366
1731802896.3103874;/app/bags/user95_2017-02-24.bag;0.834065854549408;0.0;0.9619645476341248;0.0;3.6903359844713712;0.8114143797257863;0.18858562027421366
1731802896.5104246;/app/bags/user95_2017-02-24.bag;0.834065854549408;0.0;0.9619645476341248;0.0;3.6903359844713712;0.8114143797257863;0.18858562027421366
1731802896.7103693;/app/bags/user95_2017-02-24.bag;0.834065854549408;0.0;0.9619645476341248;0.0;3.6903359844713712;0.8114143797257863;0.18858562027421366
1731802896.9103463;/app/bags/user95_2017-02-24.bag;0.834065854549408;0.0;0.9619645476341248;0.0;3.6903359844713712;0.8114143797257863;0.18858562027421366
1731802897.1104271;/app/bags/user95_2017-02-24.bag;0.834065854549408;0.0;0.9619645476341248;0.0;3.6903359844713712;0.8114143797257863;0.18858562027421366
1731802897.3104079;/app/bags/user95_2017-02-24.bag;0.834065854549408;0.0;0.9619645476341248;0.0;3.6903359844713712;0.8114143797257863;0.18858562027421366
1731802897.5104258;/app/bags/user95_2017-02-24.bag;0.834065854549408;0.0;0.9619645476341248;0.0;3.6903359844713712;0.8114143797257863;0.18858562027421366
1731802897.7103958;/app/bags/user95_2017-02-24.bag;0.834065854549408;0.0;0.9619645476341248;0.0;3.6903359844713712;0.8114143797257863;0.18858562027421366
1731802897.9104064;/app/bags/user95_2017-02-24.bag;0.834065854549408;0.0;0.9619645476341248;0.0;3.6903359844713712;0.8114143797257863;0.18858562027421366
1731802898.1104276;/app/bags/user95_2017-02-24.bag;0.834065854549408;0.0;0.9619645476341248;0.0;3.6903359844713712;0.8114143797257863;0.18858562027421366
1731802898.3104243;/app/bags/user95_2017-02-24.bag;0.834065854549408;0.0;0.9619645476341248;0.0;3.6903359844713712;0.8114143797257863;0.18858562027421366
1731802898.5103998;/app/bags/user95_2017-02-24.bag;0.834065854549408;0.0;0.9619645476341248;0.0;3.6903359844713712;0.8114143797257863;0.18858562027421366
1731802898.7103515;/app/bags/user95_2017-02-24.bag;0.834065854549408;0.0;0.9619645476341248;0.0;3.6903359844713712;0.8114143797257863;0.18858562027421366
1731802898.9104338;/app/bags/user95_2017-02-24.bag;0.834065854549408;0.0;0.9619645476341248;0.0;3.6903359844713712;0.8114143797257863;0.18858562027421366
1731802899.1104684;/app/bags/user95_2017-02-24.bag;0.834065854549408;0.0;0.9619645476341248;0.0;3.6903359844713712;0.8114143797257863;0.18858562027421366
1731802899.3103967;/app/bags/user95_2017-02-24.bag;0.834065854549408;0.0;0.9619645476341248;0.0;3.6903359844713712;0.8114143797257863;0.18858562027421366
1731802899.5104258;/app/bags/user95_2017-02-24.bag;0.834065854549408;0.0;0.9619645476341248;0.0;3.6903359844713712;0.8114143797257863;0.18858562027421366
1731802899.7104452;/app/bags/user95_2017-02-24.bag;0.834065854549408;0.0;0.9619645476341248;0.0;3.6903359844713712;0.8114143797257863;0.18858562027421366
1731802899.9104235;/app/bags/user95_2017-02-24.bag;0.834065854549408;0.0;0.9619645476341248;0.0;3.6903359844713712;0.8114143797257863;0.18858562027421366
1731802900.1103864;/app/bags/user95_2017-02-24.bag;0.834065854549408;0.0;0.9619645476341248;0.0;3.6903359844713712;0.8114143797257863;0.18858562027421366
1731802900.3103895;/app/bags/user95_2017-02-24.bag;0.834065854549408;0.0;0.9619645476341248;0.0;3.6903359844713712;0.8114143797257863;0.18858562027421366
1731802900.510391;/app/bags/user95_2017-02-24.bag;0.834065854549408;0.0;0.9619645476341248;0.0;3.6903359844713712;0.8114143797257863;0.18858562027421366
1731802900.7103944;/app/bags/user95_2017-02-24.bag;0.834065854549408;0.0;0.9619645476341248;0.0;3.6903359844713712;0.8114143797257863;0.18858562027421366
1731802900.9104707;/app/bags/user95_2017-02-24.bag;0.834065854549408;0.0;0.9619645476341248;0.0;3.6903359844713712;0.8114143797257863;0.18858562027421366
1731802901.1103816;/app/bags/user95_2017-02-24.bag;0.834065854549408;0.0;0.9619645476341248;0.0;3.6903359844713712;0.8114143797257863;0.18858562027421366
1731802901.310407;/app/bags/user95_2017-02-24.bag;0.834065854549408;0.0;0.9619645476341248;0.0;3.6903359844713712;0.8114143797257863;0.18858562027421366
1731802901.5104418;/app/bags/user95_2017-02-24.bag;0.834065854549408;0.0;0.9619645476341248;0.0;3.6903359844713712;0.8114143797257863;0.18858562027421366
1731802901.71038;/app/bags/user95_2017-02-24.bag;0.834065854549408;0.0;0.9619645476341248;0.0;3.6903359844713712;0.8114143797257863;0.18858562027421366
1731802901.9104254;/app/bags/user95_2017-02-24.bag;0.834065854549408;0.0;0.9619645476341248;0.0;3.6903359844713712;0.8114143797257863;0.18858562027421366
1731802902.1103904;/app/bags/user95_2017-02-24.bag;0.834065854549408;0.0;0.9619645476341248;0.0;3.6903359844713712;0.8114143797257863;0.18858562027421366
1731802902.3103623;/app/bags/user95_2017-02-24.bag;0.834065854549408;0.0;0.9619645476341248;0.0;3.6903359844713712;0.8114143797257863;0.18858562027421366
1731802902.5104084;/app/bags/user95_2017-02-24.bag;0.834065854549408;0.0;0.9619645476341248;0.0;3.6903359844713712;0.8114143797257863;0.18858562027421366
1731802902.714308;/app/bags/user95_2017-02-24.bag;0.834065854549408;0.0;0.9619645476341248;0.0;3.6903359844713712;0.8114143797257863;0.18858562027421366
1731802902.9103956;/app/bags/user95_2017-02-24.bag;0.834065854549408;0.0;0.9619645476341248;0.0;3.6903359844713712;0.8114143797257863;0.18858562027421366
1731802903.1103597;/app/bags/user95_2017-02-24.bag;0.834065854549408;0.0;0.9619645476341248;0.0;3.6903359844713712;0.8114143797257863;0.18858562027421366
1731802903.3103826;/app/bags/user95_2017-02-24.bag;0.834065854549408;0.0;0.9619645476341248;0.0;3.6903359844713712;0.8114143797257863;0.18858562027421366
1731802903.51038;/app/bags/user95_2017-02-24.bag;0.834065854549408;0.0;0.9619645476341248;0.0;3.6903359844713712;0.8114143797257863;0.18858562027421366
1731802903.7103915;/app/bags/user95_2017-02-24.bag;0.834065854549408;0.0;0.9619645476341248;0.0;3.6903359844713712;0.8114143797257863;0.18858562027421366
1731802903.9104192;/app/bags/user95_2017-02-24.bag;0.834065854549408;0.0;0.9619645476341248;0.0;3.6903359844713712;0.8114143797257863;0.18858562027421366
1731802904.110388;/app/bags/user95_2017-02-24.bag;0.834065854549408;0.0;0.9619645476341248;0.0;3.6903359844713712;0.8114143797257863;0.18858562027421366
1731802904.3104606;/app/bags/user95_2017-02-24.bag;0.834065854549408;0.0;0.9619645476341248;0.0;3.6903359844713712;0.8114143797257863;0.18858562027421366
1731802904.5104697;/app/bags/user95_2017-02-24.bag;0.834065854549408;0.0;0.9619645476341248;0.0;3.6903359844713712;0.8114143797257863;0.18858562027421366
1731802904.7104065;/app/bags/user95_2017-02-24.bag;0.834065854549408;0.0;0.9619645476341248;0.0;3.6903359844713712;0.8114143797257863;0.18858562027421366
1731802904.9103904;/app/bags/user95_2017-02-24.bag;0.834065854549408;0.0;0.9619645476341248;0.0;3.6903359844713712;0.8114143797257863;0.18858562027421366
1731802905.1103928;/app/bags/user95_2017-02-24.bag;0.834065854549408;0.0;0.9619645476341248;0.0;3.6903359844713712;0.8114143797257863;0.18858562027421366
1731802905.3103812;/app/bags/user95_2017-02-24.bag;0.834065854549408;0.0;0.9619645476341248;0.0;3.6903359844713712;0.8114143797257863;0.18858562027421366
1731802905.5103626;/app/bags/user95_2017-02-24.bag;0.834065854549408;0.0;0.9619645476341248;0.0;3.6903359844713712;0.8114143797257863;0.18858562027421366
1731802905.7105339;/app/bags/user95_2017-02-24.bag;0.834065854549408;0.0;0.9619645476341248;0.0;3.6903359844713712;0.8114143797257863;0.18858562027421366
1731802905.910387;/app/bags/user95_2017-02-24.bag;0.834065854549408;0.0;0.9619645476341248;0.0;3.6903359844713712;0.8114143797257863;0.18858562027421366
1731802906.1103938;/app/bags/user95_2017-02-24.bag;0.834065854549408;0.0;0.9619645476341248;0.0;3.6903359844713712;0.8114143797257863;0.18858562027421366
1731802906.31048;/app/bags/user95_2017-02-24.bag;0.834065854549408;0.0;0.9619645476341248;0.0;3.6903359844713712;0.8114143797257863;0.18858562027421366
1731802906.510394;/app/bags/user95_2017-02-24.bag;0.834065854549408;0.0;0.9619645476341248;0.0;3.6903359844713712;0.8114143797257863;0.18858562027421366
1731802906.710403;/app/bags/user95_2017-02-24.bag;0.834065854549408;0.0;0.9619645476341248;0.0;3.6903359844713712;0.8114143797257863;0.18858562027421366
1731802906.9104266;/app/bags/user95_2017-02-24.bag;0.834065854549408;0.0;0.9619645476341248;0.0;3.6903359844713712;0.8114143797257863;0.18858562027421366
1731802907.1104367;/app/bags/user95_2017-02-24.bag;0.834065854549408;0.0;0.9619645476341248;0.0;3.6903359844713712;0.8114143797257863;0.18858562027421366
1731802907.310417;/app/bags/user95_2017-02-24.bag;0.834065854549408;0.0;0.9619645476341248;0.0;3.6903359844713712;0.8114143797257863;0.18858562027421366
1731802907.5103967;/app/bags/user95_2017-02-24.bag;0.834065854549408;0.0;0.9619645476341248;0.0;3.6903359844713712;0.8114143797257863;0.18858562027421366
1731802907.7103853;/app/bags/user95_2017-02-24.bag;0.834065854549408;0.0;0.9619645476341248;0.0;3.6903359844713712;0.8114143797257863;0.18858562027421366
1731802907.9104521;/app/bags/user95_2017-02-24.bag;0.834065854549408;0.0;0.9619645476341248;0.0;3.6903359844713712;0.8114143797257863;0.18858562027421366
1731802908.110407;/app/bags/user95_2017-02-24.bag;0.834065854549408;0.0;0.9619645476341248;0.0;3.6903359844713712;0.8114143797257863;0.18858562027421366
1731802908.310463;/app/bags/user95_2017-02-24.bag;0.834065854549408;0.0;0.9619645476341248;0.0;3.6903359844713712;0.8114143797257863;0.18858562027421366
1731802908.5103803;/app/bags/user95_2017-02-24.bag;0.834065854549408;0.0;0.9619645476341248;0.0;3.6903359844713712;0.8114143797257863;0.18858562027421366
1731802908.710414;/app/bags/user95_2017-02-24.bag;0.834065854549408;0.0;0.9619645476341248;0.0;3.6903359844713712;0.8114143797257863;0.18858562027421366
1731802908.9104848;/app/bags/user95_2017-02-24.bag;0.834065854549408;0.0;0.9619645476341248;0.0;3.6903359844713712;0.8114143797257863;0.18858562027421366
1731802909.1104343;/app/bags/user95_2017-02-24.bag;0.834065854549408;0.0;0.9619645476341248;0.0;3.6903359844713712;0.8114143797257863;0.18858562027421366
1731802909.310432;/app/bags/user95_2017-02-24.bag;0.834065854549408;0.0;0.9619645476341248;0.0;3.6903359844713712;0.8114143797257863;0.18858562027421366
1731802909.5104074;/app/bags/user95_2017-02-24.bag;0.834065854549408;0.0;0.9619645476341248;0.0;3.6903359844713712;0.8114143797257863;0.18858562027421366
1731802909.7104805;/app/bags/user95_2017-02-24.bag;0.834065854549408;0.0;0.9619645476341248;0.0;3.6903359844713712;0.8114143797257863;0.18858562027421366
1731802909.910369;/app/bags/user95_2017-02-24.bag;0.834065854549408;0.0;0.9619645476341248;0.0;3.6903359844713712;0.8114143797257863;0.18858562027421366
1731802910.1104062;/app/bags/user95_2017-02-24.bag;0.834065854549408;0.0;0.9619645476341248;0.0;3.6903359844713712;0.8114143797257863;0.18858562027421366
1731802910.3103566;/app/bags/user95_2017-02-24.bag;0.834065854549408;0.0;0.9619645476341248;0.0;3.6903359844713712;0.8114143797257863;0.18858562027421366
1731802910.510401;/app/bags/user95_2017-02-24.bag;0.834065854549408;0.0;0.9619645476341248;0.0;3.6903359844713712;0.8114143797257863;0.18858562027421366
1731802910.710414;/app/bags/user95_2017-02-24.bag;0.834065854549408;0.0;0.9619645476341248;0.0;3.6903359844713712;0.8114143797257863;0.18858562027421366
1731802910.910372;/app/bags/user95_2017-02-24.bag;0.834065854549408;0.0;0.9619645476341248;0.0;3.6903359844713712;0.8114143797257863;0.18858562027421366
1731802911.1103625;/app/bags/user95_2017-02-24.bag;0.834065854549408;0.0;0.9619645476341248;0.0;3.6903359844713712;0.8114143797257863;0.18858562027421366
1731802911.3105786;/app/bags/user95_2017-02-24.bag;0.834065854549408;0.0;0.9619645476341248;0.0;3.6903359844713712;0.8114143797257863;0.18858562027421366
1731802911.510384;/app/bags/user95_2017-02-24.bag;0.834065854549408;0.0;0.9619645476341248;0.0;3.6903359844713712;0.8114143797257863;0.18858562027421366
1731802911.7103996;/app/bags/user95_2017-02-24.bag;0.834065854549408;0.0;0.9619645476341248;0.0;3.6903359844713712;0.8114143797257863;0.18858562027421366
1731802911.9103818;/app/bags/user95_2017-02-24.bag;0.834065854549408;0.0;0.9619645476341248;0.0;3.6903359844713712;0.8114143797257863;0.18858562027421366
1731802912.1103952;/app/bags/user95_2017-02-24.bag;0.834065854549408;0.0;0.9619645476341248;0.0;3.6903359844713712;0.8114143797257863;0.18858562027421366
1731802912.3104308;/app/bags/user95_2017-02-24.bag;0.834065854549408;0.0;0.9619645476341248;0.0;3.6903359844713712;0.8114143797257863;0.18858562027421366
1731802912.5103872;/app/bags/user95_2017-02-24.bag;0.834065854549408;0.0;0.9619645476341248;0.0;3.6903359844713712;0.8114143797257863;0.18858562027421366
1731802912.7103853;/app/bags/user95_2017-02-24.bag;0.834065854549408;0.0;0.9619645476341248;0.0;3.6903359844713712;0.8114143797257863;0.18858562027421366
1731802912.9104078;/app/bags/user95_2017-02-24.bag;0.834065854549408;0.0;0.9619645476341248;0.0;3.6903359844713712;0.8114143797257863;0.18858562027421366
1731802913.1104825;/app/bags/user95_2017-02-24.bag;0.834065854549408;0.0;0.9619645476341248;0.0;3.6903359844713712;0.8114143797257863;0.18858562027421366
1731802913.3104427;/app/bags/user95_2017-02-24.bag;0.834065854549408;0.0;0.9619645476341248;0.0;3.6903359844713712;0.8114143797257863;0.18858562027421366
1731802913.5105138;/app/bags/user95_2017-02-24.bag;0.834065854549408;0.0;0.9619645476341248;0.0;3.6903359844713712;0.8114143797257863;0.18858562027421366
1731802913.710391;/app/bags/user95_2017-02-24.bag;0.834065854549408;0.0;0.9619645476341248;0.0;3.6903359844713712;0.8114143797257863;0.18858562027421366
1731802913.9103966;/app/bags/user95_2017-02-24.bag;0.834065854549408;0.0;0.9619645476341248;0.0;3.6903359844713712;0.8114143797257863;0.18858562027421366
1731802914.1103766;/app/bags/user95_2017-02-24.bag;0.834065854549408;0.0;0.9619645476341248;0.0;3.6903359844713712;0.8114143797257863;0.18858562027421366
1731802914.3104231;/app/bags/user95_2017-02-24.bag;0.834065854549408;0.0;0.9619645476341248;0.0;3.6903359844713712;0.8114143797257863;0.18858562027421366
1731802914.5103948;/app/bags/user95_2017-02-24.bag;0.834065854549408;0.0;0.9619645476341248;0.0;3.6903359844713712;0.8114143797257863;0.18858562027421366
1731802914.710396;/app/bags/user95_2017-02-24.bag;0.834065854549408;0.0;0.9619645476341248;0.0;3.6903359844713712;0.8114143797257863;0.18858562027421366
1731802914.9103804;/app/bags/user95_2017-02-24.bag;0.834065854549408;0.0;0.9619645476341248;0.0;3.6903359844713712;0.8114143797257863;0.18858562027421366
1731802915.1103833;/app/bags/user95_2017-02-24.bag;0.834065854549408;0.0;0.9619645476341248;0.0;3.6903359844713712;0.8114143797257863;0.18858562027421366
1731802915.310355;/app/bags/user95_2017-02-24.bag;0.834065854549408;0.0;0.9619645476341248;0.0;3.6903359844713712;0.8114143797257863;0.18858562027421366
1731802915.510384;/app/bags/user95_2017-02-24.bag;0.834065854549408;0.0;0.9619645476341248;0.0;3.6903359844713712;0.8114143797257863;0.18858562027421366
1731802915.7103817;/app/bags/user95_2017-02-24.bag;0.834065854549408;0.0;0.9619645476341248;0.0;3.6903359844713712;0.8114143797257863;0.18858562027421366
1731802915.9104147;/app/bags/user95_2017-02-24.bag;0.834065854549408;0.0;0.9619645476341248;0.0;3.6903359844713712;0.8114143797257863;0.18858562027421366
1731802916.1103826;/app/bags/user95_2017-02-24.bag;0.834065854549408;0.0;0.9619645476341248;0.0;3.6903359844713712;0.8114143797257863;0.18858562027421366
1731802916.3104057;/app/bags/user95_2017-02-24.bag;0.834065854549408;0.0;0.9619645476341248;0.0;3.6903359844713712;0.8114143797257863;0.18858562027421366
1731802916.5104284;/app/bags/user95_2017-02-24.bag;0.834065854549408;0.0;0.9619645476341248;0.0;3.6903359844713712;0.8114143797257863;0.18858562027421366
1731802916.7103882;/app/bags/user95_2017-02-24.bag;0.834065854549408;0.0;0.9619645476341248;0.0;3.6903359844713712;0.8114143797257863;0.18858562027421366
1731802916.9103763;/app/bags/user95_2017-02-24.bag;0.834065854549408;0.0;0.9619645476341248;0.0;3.6903359844713712;0.8114143797257863;0.18858562027421366
1731802917.1103754;/app/bags/user95_2017-02-24.bag;0.834065854549408;0.0;0.9619645476341248;0.0;3.6903359844713712;0.8114143797257863;0.18858562027421366
1731802917.3104267;/app/bags/user95_2017-02-24.bag;0.834065854549408;0.0;0.9619645476341248;0.0;3.6903359844713712;0.8114143797257863;0.18858562027421366
1731802917.5104253;/app/bags/user95_2017-02-24.bag;0.834065854549408;0.0;0.9619645476341248;0.0;3.6903359844713712;0.8114143797257863;0.18858562027421366
1731802917.7103896;/app/bags/user95_2017-02-24.bag;0.834065854549408;0.0;0.9619645476341248;0.0;3.6903359844713712;0.8114143797257863;0.18858562027421366
1731802917.9104507;/app/bags/user95_2017-02-24.bag;0.834065854549408;0.0;0.9619645476341248;0.0;3.6903359844713712;0.8114143797257863;0.18858562027421366
1731802918.110405;/app/bags/user95_2017-02-24.bag;0.834065854549408;0.0;0.9619645476341248;0.0;3.6903359844713712;0.8114143797257863;0.18858562027421366
1731802918.310393;/app/bags/user95_2017-02-24.bag;0.834065854549408;0.0;0.9619645476341248;0.0;3.6903359844713712;0.8114143797257863;0.18858562027421366
1731802918.510419;/app/bags/user95_2017-02-24.bag;0.834065854549408;0.0;0.9619645476341248;0.0;3.6903359844713712;0.8114143797257863;0.18858562027421366
1731802918.7103605;/app/bags/user95_2017-02-24.bag;0.834065854549408;0.0;0.9619645476341248;0.0;3.6903359844713712;0.8114143797257863;0.18858562027421366
1731802918.9105792;/app/bags/user95_2017-02-24.bag;0.834065854549408;0.0;0.9619645476341248;0.0;3.6903359844713712;0.8114143797257863;0.18858562027421366
1731802919.1104612;/app/bags/user95_2017-02-24.bag;0.834065854549408;0.0;0.9619645476341248;0.0;3.6903359844713712;0.8114143797257863;0.18858562027421366
1731802919.3103673;/app/bags/user95_2017-02-24.bag;0.834065854549408;0.0;0.9619645476341248;0.0;3.6903359844713712;0.8114143797257863;0.18858562027421366
1731802919.5103621;/app/bags/user95_2017-02-24.bag;0.834065854549408;0.0;0.9619645476341248;0.0;3.6903359844713712;0.8114143797257863;0.18858562027421366
1731802919.7104986;/app/bags/user95_2017-02-24.bag;0.834065854549408;0.0;0.9619645476341248;0.0;3.6903359844713712;0.8114143797257863;0.18858562027421366
1731802919.9104755;/app/bags/user95_2017-02-24.bag;0.834065854549408;0.0;0.9619645476341248;0.0;3.6903359844713712;0.8114143797257863;0.18858562027421366
1731802920.1104076;/app/bags/user95_2017-02-24.bag;0.834065854549408;0.0;0.9619645476341248;0.0;3.6903359844713712;0.8114143797257863;0.18858562027421366
1731802920.3104029;/app/bags/user95_2017-02-24.bag;0.834065854549408;0.0;0.9619645476341248;0.0;3.6903359844713712;0.8114143797257863;0.18858562027421366
1731802920.5103528;/app/bags/user95_2017-02-24.bag;0.834065854549408;0.0;0.9619645476341248;0.0;3.6903359844713712;0.8114143797257863;0.18858562027421366
1731802920.710409;/app/bags/user95_2017-02-24.bag;0.834065854549408;0.0;0.9619645476341248;0.0;3.6903359844713712;0.8114143797257863;0.18858562027421366
1731802920.9103868;/app/bags/user95_2017-02-24.bag;0.834065854549408;0.0;0.9619645476341248;0.0;3.6903359844713712;0.8114143797257863;0.18858562027421366
1731802921.1104007;/app/bags/user95_2017-02-24.bag;0.834065854549408;0.0;0.9619645476341248;0.0;3.6903359844713712;0.8114143797257863;0.18858562027421366
1731802921.3104734;/app/bags/user95_2017-02-24.bag;0.834065854549408;0.0;0.9619645476341248;0.0;3.6903359844713712;0.8114143797257863;0.18858562027421366
1731802921.5104654;/app/bags/user95_2017-02-24.bag;0.834065854549408;0.0;0.9619645476341248;0.0;3.6903359844713712;0.8114143797257863;0.18858562027421366
1731802921.7105362;/app/bags/user95_2017-02-24.bag;0.834065854549408;0.0;0.9619645476341248;0.0;3.6903359844713712;0.8114143797257863;0.18858562027421366
1731802921.9104176;/app/bags/user95_2017-02-24.bag;0.834065854549408;0.0;0.9619645476341248;0.0;3.6903359844713712;0.8114143797257863;0.18858562027421366
1731802922.1103697;/app/bags/user95_2017-02-24.bag;0.834065854549408;0.0;0.9619645476341248;0.0;3.6903359844713712;0.8114143797257863;0.18858562027421366
1731802922.310401;/app/bags/user95_2017-02-24.bag;0.834065854549408;0.0;0.9619645476341248;0.0;3.6903359844713712;0.8114143797257863;0.18858562027421366
1731802922.5104036;/app/bags/user95_2017-02-24.bag;0.834065854549408;0.0;0.9619645476341248;0.0;3.6903359844713712;0.8114143797257863;0.18858562027421366
1731802922.7103832;/app/bags/user95_2017-02-24.bag;0.834065854549408;0.0;0.9619645476341248;0.0;3.6903359844713712;0.8114143797257863;0.18858562027421366
1731802922.910364;/app/bags/user95_2017-02-24.bag;0.834065854549408;0.0;0.9619645476341248;0.0;3.6903359844713712;0.8114143797257863;0.18858562027421366
1731802923.1104257;/app/bags/user95_2017-02-24.bag;0.834065854549408;0.0;0.9619645476341248;0.0;3.6903359844713712;0.8114143797257863;0.18858562027421366
1731802923.3104131;/app/bags/user95_2017-02-24.bag;0.834065854549408;0.0;0.9619645476341248;0.0;3.6903359844713712;0.8114143797257863;0.18858562027421366
1731802923.5104582;/app/bags/user95_2017-02-24.bag;0.834065854549408;0.0;0.9619645476341248;0.0;3.6903359844713712;0.8114143797257863;0.18858562027421366
1731802923.7103915;/app/bags/user95_2017-02-24.bag;0.834065854549408;0.0;0.9619645476341248;0.0;3.6903359844713712;0.8114143797257863;0.18858562027421366
1731802923.9104385;/app/bags/user95_2017-02-24.bag;0.834065854549408;0.0;0.9619645476341248;0.0;3.6903359844713712;0.8114143797257863;0.18858562027421366
1731802924.1104085;/app/bags/user95_2017-02-24.bag;0.834065854549408;0.0;0.9619645476341248;0.0;3.6903359844713712;0.8114143797257863;0.18858562027421366
1731802924.310425;/app/bags/user95_2017-02-24.bag;0.834065854549408;0.0;0.9619645476341248;0.0;3.6903359844713712;0.8114143797257863;0.18858562027421366
1731802924.5105321;/app/bags/user95_2017-02-24.bag;0.834065854549408;0.0;0.9619645476341248;0.0;3.6903359844713712;0.8114143797257863;0.18858562027421366
1731802924.7104366;/app/bags/user95_2017-02-24.bag;0.834065854549408;0.0;0.9619645476341248;0.0;3.6903359844713712;0.8114143797257863;0.18858562027421366
1731802924.9104567;/app/bags/user95_2017-02-24.bag;0.834065854549408;0.0;0.9619645476341248;0.0;3.6903359844713712;0.8114143797257863;0.18858562027421366
1731802925.110411;/app/bags/user95_2017-02-24.bag;0.834065854549408;0.0;0.9619645476341248;0.0;3.6903359844713712;0.8114143797257863;0.18858562027421366
1731802925.3103812;/app/bags/user95_2017-02-24.bag;0.834065854549408;0.0;0.9619645476341248;0.0;3.6903359844713712;0.8114143797257863;0.18858562027421366
1731802925.51052;/app/bags/user95_2017-02-24.bag;0.834065854549408;0.0;0.9619645476341248;0.0;3.6903359844713712;0.8114143797257863;0.18858562027421366
1731802925.7104053;/app/bags/user95_2017-02-24.bag;0.834065854549408;0.0;0.9619645476341248;0.0;3.6903359844713712;0.8114143797257863;0.18858562027421366
1731802925.910428;/app/bags/user95_2017-02-24.bag;0.834065854549408;0.0;0.9619645476341248;0.0;3.6903359844713712;0.8114143797257863;0.18858562027421366
1731802926.1103742;/app/bags/user95_2017-02-24.bag;0.834065854549408;0.0;0.9619645476341248;0.0;3.6903359844713712;0.8114143797257863;0.18858562027421366
1731802926.3104055;/app/bags/user95_2017-02-24.bag;0.834065854549408;0.0;0.9619645476341248;0.0;3.6903359844713712;0.8114143797257863;0.18858562027421366
1731802926.5104785;/app/bags/user95_2017-02-24.bag;0.834065854549408;0.0;0.9619645476341248;0.0;3.6903359844713712;0.8114143797257863;0.18858562027421366
1731802926.7104735;/app/bags/user95_2017-02-24.bag;0.834065854549408;0.0;0.9619645476341248;0.0;3.6903359844713712;0.8114143797257863;0.18858562027421366
1731802926.9105015;/app/bags/user95_2017-02-24.bag;0.834065854549408;0.0;0.9619645476341248;0.0;3.6903359844713712;0.8114143797257863;0.18858562027421366
1731802927.110397;/app/bags/user95_2017-02-24.bag;0.834065854549408;0.0;0.9619645476341248;0.0;3.6903359844713712;0.8114143797257863;0.18858562027421366
1731802927.310464;/app/bags/user95_2017-02-24.bag;0.834065854549408;0.0;0.9619645476341248;0.0;3.6903359844713712;0.8114143797257863;0.18858562027421366
1731802927.5104294;/app/bags/user95_2017-02-24.bag;0.834065854549408;0.0;0.9619645476341248;0.0;3.6903359844713712;0.8114143797257863;0.18858562027421366
1731802927.710403;/app/bags/user95_2017-02-24.bag;0.834065854549408;0.0;0.9619645476341248;0.0;3.6903359844713712;0.8114143797257863;0.18858562027421366
1731802927.9104023;/app/bags/user95_2017-02-24.bag;0.834065854549408;0.0;0.9619645476341248;0.0;3.6903359844713712;0.8114143797257863;0.18858562027421366
1731802928.1104007;/app/bags/user95_2017-02-24.bag;0.834065854549408;0.0;0.9619645476341248;0.0;3.6903359844713712;0.8114143797257863;0.18858562027421366
1731802928.3103797;/app/bags/user95_2017-02-24.bag;0.834065854549408;0.0;0.9619645476341248;0.0;3.6903359844713712;0.8114143797257863;0.18858562027421366
1731802928.5104947;/app/bags/user95_2017-02-24.bag;0.834065854549408;0.0;0.9619645476341248;0.0;3.6903359844713712;0.8114143797257863;0.18858562027421366
1731802928.7104003;/app/bags/user95_2017-02-24.bag;0.834065854549408;0.0;0.9619645476341248;0.0;3.6903359844713712;0.8114143797257863;0.18858562027421366
1731802928.9103746;/app/bags/user95_2017-02-24.bag;0.834065854549408;0.0;0.9619645476341248;0.0;3.6903359844713712;0.8114143797257863;0.18858562027421366
1731802929.1104167;/app/bags/user95_2017-02-24.bag;0.834065854549408;0.0;0.9619645476341248;0.0;3.6903359844713712;0.8114143797257863;0.18858562027421366
1731802929.3104045;/app/bags/user95_2017-02-24.bag;0.834065854549408;0.0;0.9619645476341248;0.0;3.6903359844713712;0.8114143797257863;0.18858562027421366
1731802929.510398;/app/bags/user95_2017-02-24.bag;0.834065854549408;0.0;0.9619645476341248;0.0;3.6903359844713712;0.8114143797257863;0.18858562027421366
1731802929.71045;/app/bags/user95_2017-02-24.bag;0.834065854549408;0.0;0.9619645476341248;0.0;3.6903359844713712;0.8114143797257863;0.18858562027421366
1731802929.910436;/app/bags/user95_2017-02-24.bag;0.834065854549408;0.0;0.9619645476341248;0.0;3.6903359844713712;0.8114143797257863;0.18858562027421366
1731802930.1104288;/app/bags/user95_2017-02-24.bag;0.834065854549408;0.0;0.9619645476341248;0.0;3.6903359844713712;0.8114143797257863;0.18858562027421366
1731802930.3103995;/app/bags/user95_2017-02-24.bag;0.834065854549408;0.0;0.9619645476341248;0.0;3.6903359844713712;0.8114143797257863;0.18858562027421366
1731802930.5103755;/app/bags/user95_2017-02-24.bag;0.834065854549408;0.0;0.9619645476341248;0.0;3.6903359844713712;0.8114143797257863;0.18858562027421366
1731802930.710357;/app/bags/user95_2017-02-24.bag;0.834065854549408;0.0;0.9619645476341248;0.0;3.6903359844713712;0.8114143797257863;0.18858562027421366
1731802930.9103665;/app/bags/user95_2017-02-24.bag;0.834065854549408;0.0;0.9619645476341248;0.0;3.6903359844713712;0.8114143797257863;0.18858562027421366
1731802931.1103997;/app/bags/user95_2017-02-24.bag;0.834065854549408;0.0;0.9619645476341248;0.0;3.6903359844713712;0.8114143797257863;0.18858562027421366
1731802931.3103862;/app/bags/user95_2017-02-24.bag;0.834065854549408;0.0;0.9619645476341248;0.0;3.6903359844713712;0.8114143797257863;0.18858562027421366
1731802931.510429;/app/bags/user95_2017-02-24.bag;0.834065854549408;0.0;0.9619645476341248;0.0;3.6903359844713712;0.8114143797257863;0.18858562027421366
1731802931.7103956;/app/bags/user95_2017-02-24.bag;0.834065854549408;0.0;0.9619645476341248;0.0;3.6903359844713712;0.8114143797257863;0.18858562027421366
1731802931.9104142;/app/bags/user95_2017-02-24.bag;0.834065854549408;0.0;0.9619645476341248;0.0;3.6903359844713712;0.8114143797257863;0.18858562027421366
1731802932.1103864;/app/bags/user95_2017-02-24.bag;0.834065854549408;0.0;0.9619645476341248;0.0;3.6903359844713712;0.8114143797257863;0.18858562027421366
1731802932.3105013;/app/bags/user95_2017-02-24.bag;0.834065854549408;0.0;0.9619645476341248;0.0;3.6903359844713712;0.8114143797257863;0.18858562027421366
1731802932.510383;/app/bags/user95_2017-02-24.bag;0.834065854549408;0.0;0.9619645476341248;0.0;3.6903359844713712;0.8114143797257863;0.18858562027421366
1731802932.710403;/app/bags/user95_2017-02-24.bag;0.834065854549408;0.0;0.9619645476341248;0.0;3.6903359844713712;0.8114143797257863;0.18858562027421366
1731802932.9104912;/app/bags/user95_2017-02-24.bag;0.834065854549408;0.0;0.9619645476341248;0.0;3.6903359844713712;0.8114143797257863;0.18858562027421366
1731802933.1103928;/app/bags/user95_2017-02-24.bag;0.834065854549408;0.0;0.9619645476341248;0.0;3.6903359844713712;0.8114143797257863;0.18858562027421366
1731802933.3103766;/app/bags/user95_2017-02-24.bag;0.834065854549408;0.0;0.9619645476341248;0.0;3.6903359844713712;0.8114143797257863;0.18858562027421366
1731802933.5103927;/app/bags/user95_2017-02-24.bag;0.834065854549408;0.0;0.9619645476341248;0.0;3.6903359844713712;0.8114143797257863;0.18858562027421366
1731802933.7103486;/app/bags/user95_2017-02-24.bag;0.834065854549408;0.0;0.9619645476341248;0.0;3.6903359844713712;0.8114143797257863;0.18858562027421366
1731802933.910371;/app/bags/user95_2017-02-24.bag;0.834065854549408;0.0;0.9619645476341248;0.0;3.6903359844713712;0.8114143797257863;0.18858562027421366
1731802934.1104507;/app/bags/user95_2017-02-24.bag;0.834065854549408;0.0;0.9619645476341248;0.0;3.6903359844713712;0.8114143797257863;0.18858562027421366
1731802934.3103943;/app/bags/user95_2017-02-24.bag;0.834065854549408;0.0;0.9619645476341248;0.0;3.6903359844713712;0.8114143797257863;0.18858562027421366
1731802934.5103831;/app/bags/user95_2017-02-24.bag;0.834065854549408;0.0;0.9619645476341248;0.0;3.6903359844713712;0.8114143797257863;0.18858562027421366
1731802934.7104228;/app/bags/user95_2017-02-24.bag;0.834065854549408;0.0;0.9619645476341248;0.0;3.6903359844713712;0.8114143797257863;0.18858562027421366
1731802934.9103956;/app/bags/user95_2017-02-24.bag;0.834065854549408;0.0;0.9619645476341248;0.0;3.6903359844713712;0.8114143797257863;0.18858562027421366
1731802935.1104016;/app/bags/user95_2017-02-24.bag;0.834065854549408;0.0;0.9619645476341248;0.0;3.6903359844713712;0.8114143797257863;0.18858562027421366
1731802935.310383;/app/bags/user95_2017-02-24.bag;0.834065854549408;0.0;0.9619645476341248;0.0;3.6903359844713712;0.8114143797257863;0.18858562027421366
1731802935.5105286;/app/bags/user95_2017-02-24.bag;0.834065854549408;0.0;0.9619645476341248;0.0;3.6903359844713712;0.8114143797257863;0.18858562027421366
1731802935.7104251;/app/bags/user95_2017-02-24.bag;0.834065854549408;0.0;0.9619645476341248;0.0;3.6903359844713712;0.8114143797257863;0.18858562027421366
1731802935.9104426;/app/bags/user95_2017-02-24.bag;0.834065854549408;0.0;0.9619645476341248;0.0;3.6903359844713712;0.8114143797257863;0.18858562027421366
1731802936.1104565;/app/bags/user95_2017-02-24.bag;0.834065854549408;0.0;0.9619645476341248;0.0;3.6903359844713712;0.8114143797257863;0.18858562027421366
1731802936.3103995;/app/bags/user95_2017-02-24.bag;0.834065854549408;0.0;0.9619645476341248;0.0;3.6903359844713712;0.8114143797257863;0.18858562027421366
1731802936.5104678;/app/bags/user95_2017-02-24.bag;0.834065854549408;0.0;0.9619645476341248;0.0;3.6903359844713712;0.8114143797257863;0.18858562027421366
1731802936.7104142;/app/bags/user95_2017-02-24.bag;0.834065854549408;0.0;0.9619645476341248;0.0;3.6903359844713712;0.8114143797257863;0.18858562027421366
1731802936.910409;/app/bags/user95_2017-02-24.bag;0.834065854549408;0.0;0.9619645476341248;0.0;3.6903359844713712;0.8114143797257863;0.18858562027421366
1731802937.110392;/app/bags/user95_2017-02-24.bag;0.834065854549408;0.0;0.9619645476341248;0.0;3.6903359844713712;0.8114143797257863;0.18858562027421366
1731802937.3104079;/app/bags/user95_2017-02-24.bag;0.834065854549408;0.0;0.9619645476341248;0.0;3.6903359844713712;0.8114143797257863;0.18858562027421366
1731802937.51041;/app/bags/user95_2017-02-24.bag;0.834065854549408;0.0;0.9619645476341248;0.0;3.6903359844713712;0.8114143797257863;0.18858562027421366
1731802937.7104034;/app/bags/user95_2017-02-24.bag;0.834065854549408;0.0;0.9619645476341248;0.0;3.6903359844713712;0.8114143797257863;0.18858562027421366
1731802937.9105916;/app/bags/user95_2017-02-24.bag;0.834065854549408;0.0;0.9619645476341248;0.0;3.6903359844713712;0.8114143797257863;0.18858562027421366
1731802938.1104176;/app/bags/user95_2017-02-24.bag;0.834065854549408;0.0;0.9619645476341248;0.0;3.6903359844713712;0.8114143797257863;0.18858562027421366
1731802938.3103855;/app/bags/user95_2017-02-24.bag;0.834065854549408;0.0;0.9619645476341248;0.0;3.6903359844713712;0.8114143797257863;0.18858562027421366
1731802938.5104113;/app/bags/user95_2017-02-24.bag;0.834065854549408;0.0;0.9619645476341248;0.0;3.6903359844713712;0.8114143797257863;0.18858562027421366
1731802938.7105205;/app/bags/user95_2017-02-24.bag;0.834065854549408;0.0;0.9619645476341248;0.0;3.6903359844713712;0.8114143797257863;0.18858562027421366
1731802938.9104023;/app/bags/user95_2017-02-24.bag;0.834065854549408;0.0;0.9619645476341248;0.0;3.6903359844713712;0.8114143797257863;0.18858562027421366
1731802939.1104147;/app/bags/user95_2017-02-24.bag;0.834065854549408;0.0;0.9619645476341248;0.0;3.6903359844713712;0.8114143797257863;0.18858562027421366
1731802939.3103793;/app/bags/user95_2017-02-24.bag;0.834065854549408;0.0;0.9619645476341248;0.0;3.6903359844713712;0.8114143797257863;0.18858562027421366
1731802939.510386;/app/bags/user95_2017-02-24.bag;0.834065854549408;0.0;0.9619645476341248;0.0;3.6903359844713712;0.8114143797257863;0.18858562027421366
1731802939.7103953;/app/bags/user95_2017-02-24.bag;0.834065854549408;0.0;0.9619645476341248;0.0;3.6903359844713712;0.8114143797257863;0.18858562027421366
1731802939.9104142;/app/bags/user95_2017-02-24.bag;0.834065854549408;0.0;0.9619645476341248;0.0;3.6903359844713712;0.8114143797257863;0.18858562027421366
1731802940.110416;/app/bags/user95_2017-02-24.bag;0.834065854549408;0.0;0.9619645476341248;0.0;3.6903359844713712;0.8114143797257863;0.18858562027421366
1731802940.3104374;/app/bags/user95_2017-02-24.bag;0.834065854549408;0.0;0.9619645476341248;0.0;3.6903359844713712;0.8114143797257863;0.18858562027421366
1731802940.510489;/app/bags/user95_2017-02-24.bag;0.834065854549408;0.0;0.9619645476341248;0.0;3.6903359844713712;0.8114143797257863;0.18858562027421366
1731802940.710436;/app/bags/user95_2017-02-24.bag;0.834065854549408;0.0;0.9619645476341248;0.0;3.6903359844713712;0.8114143797257863;0.18858562027421366
1731802940.9103904;/app/bags/user95_2017-02-24.bag;0.834065854549408;0.0;0.9619645476341248;0.0;3.6903359844713712;0.8114143797257863;0.18858562027421366
1731802941.1104271;/app/bags/user95_2017-02-24.bag;0.834065854549408;0.0;0.9619645476341248;0.0;3.6903359844713712;0.8114143797257863;0.18858562027421366
1731802941.310524;/app/bags/user95_2017-02-24.bag;0.834065854549408;0.0;0.9619645476341248;0.0;3.6903359844713712;0.8114143797257863;0.18858562027421366
1731802941.51039;/app/bags/user95_2017-02-24.bag;0.834065854549408;0.0;0.9619645476341248;0.0;3.6903359844713712;0.8114143797257863;0.18858562027421366
1731802941.7104375;/app/bags/user95_2017-02-24.bag;0.834065854549408;0.0;0.9619645476341248;0.0;3.6903359844713712;0.8114143797257863;0.18858562027421366
1731802941.9103787;/app/bags/user95_2017-02-24.bag;0.834065854549408;0.0;0.9619645476341248;0.0;3.6903359844713712;0.8114143797257863;0.18858562027421366
1731802942.1103864;/app/bags/user95_2017-02-24.bag;0.834065854549408;0.0;0.9619645476341248;0.0;3.6903359844713712;0.8114143797257863;0.18858562027421366
1731802942.3104165;/app/bags/user95_2017-02-24.bag;0.834065854549408;0.0;0.9619645476341248;0.0;3.6903359844713712;0.8114143797257863;0.18858562027421366
1731802942.5104318;/app/bags/user95_2017-02-24.bag;0.834065854549408;0.0;0.9619645476341248;0.0;3.6903359844713712;0.8114143797257863;0.18858562027421366
1731802942.7105105;/app/bags/user95_2017-02-24.bag;0.834065854549408;0.0;0.9619645476341248;0.0;3.6903359844713712;0.8114143797257863;0.18858562027421366
1731802942.9104056;/app/bags/user95_2017-02-24.bag;0.834065854549408;0.0;0.9619645476341248;0.0;3.6903359844713712;0.8114143797257863;0.18858562027421366
1731802943.1104622;/app/bags/user95_2017-02-24.bag;0.834065854549408;0.0;0.9619645476341248;0.0;3.6903359844713712;0.8114143797257863;0.18858562027421366
1731802943.3103864;/app/bags/user95_2017-02-24.bag;0.834065854549408;0.0;0.9619645476341248;0.0;3.6903359844713712;0.8114143797257863;0.18858562027421366
1731802943.5104294;/app/bags/user95_2017-02-24.bag;0.834065854549408;0.0;0.9619645476341248;0.0;3.6903359844713712;0.8114143797257863;0.18858562027421366
1731802943.7104642;/app/bags/user95_2017-02-24.bag;0.834065854549408;0.0;0.9619645476341248;0.0;3.6903359844713712;0.8114143797257863;0.18858562027421366
1731802943.910423;/app/bags/user95_2017-02-24.bag;0.834065854549408;0.0;0.9619645476341248;0.0;3.6903359844713712;0.8114143797257863;0.18858562027421366
1731802944.1103842;/app/bags/user95_2017-02-24.bag;0.834065854549408;0.0;0.9619645476341248;0.0;3.6903359844713712;0.8114143797257863;0.18858562027421366
1731802944.3104055;/app/bags/user95_2017-02-24.bag;0.834065854549408;0.0;0.9619645476341248;0.0;3.6903359844713712;0.8114143797257863;0.18858562027421366
1731802944.5103948;/app/bags/user95_2017-02-24.bag;0.834065854549408;0.0;0.9619645476341248;0.0;3.6903359844713712;0.8114143797257863;0.18858562027421366
1731802944.7104077;/app/bags/user95_2017-02-24.bag;0.834065854549408;0.0;0.9619645476341248;0.0;3.6903359844713712;0.8114143797257863;0.18858562027421366
1731802944.9104152;/app/bags/user95_2017-02-24.bag;0.834065854549408;0.0;0.9619645476341248;0.0;3.6903359844713712;0.8114143797257863;0.18858562027421366
1731802945.1104157;/app/bags/user95_2017-02-24.bag;0.834065854549408;0.0;0.9619645476341248;0.0;3.6903359844713712;0.8114143797257863;0.18858562027421366
1731802945.31051;/app/bags/user95_2017-02-24.bag;0.834065854549408;0.0;0.9619645476341248;0.0;3.6903359844713712;0.8114143797257863;0.18858562027421366
1731802945.5104709;/app/bags/user95_2017-02-24.bag;0.834065854549408;0.0;0.9619645476341248;0.0;3.6903359844713712;0.8114143797257863;0.18858562027421366
1731802945.7104013;/app/bags/user95_2017-02-24.bag;0.834065854549408;0.0;0.9619645476341248;0.0;3.6903359844713712;0.8114143797257863;0.18858562027421366
1731802945.9103835;/app/bags/user95_2017-02-24.bag;0.834065854549408;0.0;0.9619645476341248;0.0;3.6903359844713712;0.8114143797257863;0.18858562027421366
1731802946.110404;/app/bags/user95_2017-02-24.bag;0.834065854549408;0.0;0.9619645476341248;0.0;3.6903359844713712;0.8114143797257863;0.18858562027421366
1731802946.3104239;/app/bags/user95_2017-02-24.bag;0.834065854549408;0.0;0.9619645476341248;0.0;3.6903359844713712;0.8114143797257863;0.18858562027421366
1731802946.5103846;/app/bags/user95_2017-02-24.bag;0.834065854549408;0.0;0.9619645476341248;0.0;3.6903359844713712;0.8114143797257863;0.18858562027421366
1731802946.7106023;/app/bags/user95_2017-02-24.bag;0.834065854549408;0.0;0.9619645476341248;0.0;3.6903359844713712;0.8114143797257863;0.18858562027421366
1731802946.9106023;/app/bags/user95_2017-02-24.bag;0.834065854549408;0.0;0.9619645476341248;0.0;3.6903359844713712;0.8114143797257863;0.18858562027421366
1731802947.110398;/app/bags/user95_2017-02-24.bag;0.834065854549408;0.0;0.9619645476341248;0.0;3.6903359844713712;0.8114143797257863;0.18858562027421366
1731802947.3103812;/app/bags/user95_2017-02-24.bag;0.834065854549408;0.0;0.9619645476341248;0.0;3.6903359844713712;0.8114143797257863;0.18858562027421366
1731802947.5103502;/app/bags/user95_2017-02-24.bag;0.834065854549408;0.0;0.9619645476341248;0.0;3.6903359844713712;0.8114143797257863;0.18858562027421366
1731802947.7103696;/app/bags/user95_2017-02-24.bag;0.834065854549408;0.0;0.9619645476341248;0.0;3.6903359844713712;0.8114143797257863;0.18858562027421366
1731802947.910403;/app/bags/user95_2017-02-24.bag;0.834065854549408;0.0;0.9619645476341248;0.0;3.6903359844713712;0.8114143797257863;0.18858562027421366
1731802948.1104078;/app/bags/user95_2017-02-24.bag;0.834065854549408;0.0;0.9619645476341248;0.0;3.6903359844713712;0.8114143797257863;0.18858562027421366
1731802948.3104115;/app/bags/user95_2017-02-24.bag;0.834065854549408;0.0;0.9619645476341248;0.0;3.6903359844713712;0.8114143797257863;0.18858562027421366
1731802948.510462;/app/bags/user95_2017-02-24.bag;0.834065854549408;0.0;0.9619645476341248;0.0;3.6903359844713712;0.8114143797257863;0.18858562027421366
1731802948.7103844;/app/bags/user95_2017-02-24.bag;0.834065854549408;0.0;0.9619645476341248;0.0;3.6903359844713712;0.8114143797257863;0.18858562027421366
1731802948.9103777;/app/bags/user95_2017-02-24.bag;0.834065854549408;0.0;0.9619645476341248;0.0;3.6903359844713712;0.8114143797257863;0.18858562027421366
1731802949.1104205;/app/bags/user95_2017-02-24.bag;0.834065854549408;0.0;0.9619645476341248;0.0;3.6903359844713712;0.8114143797257863;0.18858562027421366
1731802949.3105607;/app/bags/user95_2017-02-24.bag;0.834065854549408;0.0;0.9619645476341248;0.0;3.6903359844713712;0.8114143797257863;0.18858562027421366
1731802949.5104215;/app/bags/user95_2017-02-24.bag;0.834065854549408;0.0;0.9619645476341248;0.0;3.6903359844713712;0.8114143797257863;0.18858562027421366
1731802949.7103791;/app/bags/user95_2017-02-24.bag;0.834065854549408;0.0;0.9619645476341248;0.0;3.6903359844713712;0.8114143797257863;0.18858562027421366
1731802949.910425;/app/bags/user95_2017-02-24.bag;0.834065854549408;0.0;0.9619645476341248;0.0;3.6903359844713712;0.8114143797257863;0.18858562027421366
1731802950.110485;/app/bags/user95_2017-02-24.bag;0.834065854549408;0.0;0.9619645476341248;0.0;3.6903359844713712;0.8114143797257863;0.18858562027421366
1731802950.310423;/app/bags/user95_2017-02-24.bag;0.834065854549408;0.0;0.9619645476341248;0.0;3.6903359844713712;0.8114143797257863;0.18858562027421366
1731802950.5104551;/app/bags/user95_2017-02-24.bag;0.834065854549408;0.0;0.9619645476341248;0.0;3.6903359844713712;0.8114143797257863;0.18858562027421366
1731802950.7104452;/app/bags/user95_2017-02-24.bag;0.834065854549408;0.0;0.9619645476341248;0.0;3.6903359844713712;0.8114143797257863;0.18858562027421366
1731802950.9104612;/app/bags/user95_2017-02-24.bag;0.834065854549408;0.0;0.9619645476341248;0.0;3.6903359844713712;0.8114143797257863;0.18858562027421366
1731802951.1103737;/app/bags/user95_2017-02-24.bag;0.834065854549408;0.0;0.9619645476341248;0.0;3.6903359844713712;0.8114143797257863;0.18858562027421366
1731802951.3103786;/app/bags/user95_2017-02-24.bag;0.834065854549408;0.0;0.9619645476341248;0.0;3.6903359844713712;0.8114143797257863;0.18858562027421366
1731802951.5103936;/app/bags/user95_2017-02-24.bag;0.834065854549408;0.0;0.9619645476341248;0.0;3.6903359844713712;0.8114143797257863;0.18858562027421366
1731802951.7104304;/app/bags/user95_2017-02-24.bag;0.834065854549408;0.0;0.9619645476341248;0.0;3.6903359844713712;0.8114143797257863;0.18858562027421366
1731802951.9103909;/app/bags/user95_2017-02-24.bag;0.834065854549408;0.0;0.9619645476341248;0.0;3.6903359844713712;0.8114143797257863;0.18858562027421366
1731802952.1104903;/app/bags/user95_2017-02-24.bag;0.834065854549408;0.0;0.9619645476341248;0.0;3.6903359844713712;0.8114143797257863;0.18858562027421366
1731802952.3103664;/app/bags/user95_2017-02-24.bag;0.834065854549408;0.0;0.9619645476341248;0.0;3.6903359844713712;0.8114143797257863;0.18858562027421366
1731802952.5103998;/app/bags/user95_2017-02-24.bag;0.834065854549408;0.0;0.9619645476341248;0.0;3.6903359844713712;0.8114143797257863;0.18858562027421366
1731802952.7103977;/app/bags/user95_2017-02-24.bag;0.834065854549408;0.0;0.9619645476341248;0.0;3.6903359844713712;0.8114143797257863;0.18858562027421366
1731802952.9103642;/app/bags/user95_2017-02-24.bag;0.834065854549408;0.0;0.9619645476341248;0.0;3.6903359844713712;0.8114143797257863;0.18858562027421366
1731802953.1104233;/app/bags/user95_2017-02-24.bag;0.834065854549408;0.0;0.9619645476341248;0.0;3.6903359844713712;0.8114143797257863;0.18858562027421366
1731802953.3104107;/app/bags/user95_2017-02-24.bag;0.834065854549408;0.0;0.9619645476341248;0.0;3.6903359844713712;0.8114143797257863;0.18858562027421366
1731802953.5105162;/app/bags/user95_2017-02-24.bag;0.834065854549408;0.0;0.9619645476341248;0.0;3.6903359844713712;0.8114143797257863;0.18858562027421366
1731802953.7104924;/app/bags/user95_2017-02-24.bag;0.834065854549408;0.0;0.9619645476341248;0.0;3.6903359844713712;0.8114143797257863;0.18858562027421366
1731802953.9104183;/app/bags/user95_2017-02-24.bag;0.834065854549408;0.0;0.9619645476341248;0.0;3.6903359844713712;0.8114143797257863;0.18858562027421366
1731802954.11043;/app/bags/user95_2017-02-24.bag;0.834065854549408;0.0;0.9619645476341248;0.0;3.6903359844713712;0.8114143797257863;0.18858562027421366
1731802954.310364;/app/bags/user95_2017-02-24.bag;0.834065854549408;0.0;0.9619645476341248;0.0;3.6903359844713712;0.8114143797257863;0.18858562027421366
1731802954.5103872;/app/bags/user95_2017-02-24.bag;0.834065854549408;0.0;0.9619645476341248;0.0;3.6903359844713712;0.8114143797257863;0.18858562027421366
1731802954.710419;/app/bags/user95_2017-02-24.bag;0.834065854549408;0.0;0.9619645476341248;0.0;3.6903359844713712;0.8114143797257863;0.18858562027421366
1731802954.910447;/app/bags/user95_2017-02-24.bag;0.834065854549408;0.0;0.9619645476341248;0.0;3.6903359844713712;0.8114143797257863;0.18858562027421366
1731802955.1103814;/app/bags/user95_2017-02-24.bag;0.834065854549408;0.0;0.9619645476341248;0.0;3.6903359844713712;0.8114143797257863;0.18858562027421366
1731802955.3103757;/app/bags/user95_2017-02-24.bag;0.834065854549408;0.0;0.9619645476341248;0.0;3.6903359844713712;0.8114143797257863;0.18858562027421366
1731802955.5103695;/app/bags/user95_2017-02-24.bag;0.834065854549408;0.0;0.9619645476341248;0.0;3.6903359844713712;0.8114143797257863;0.18858562027421366
1731802955.7103837;/app/bags/user95_2017-02-24.bag;0.834065854549408;0.0;0.9619645476341248;0.0;3.6903359844713712;0.8114143797257863;0.18858562027421366
1731802955.9104161;/app/bags/user95_2017-02-24.bag;0.834065854549408;0.0;0.9619645476341248;0.0;3.6903359844713712;0.8114143797257863;0.18858562027421366
1731802956.1103997;/app/bags/user95_2017-02-24.bag;0.834065854549408;0.0;0.9619645476341248;0.0;3.6903359844713712;0.8114143797257863;0.18858562027421366
1731802956.3104215;/app/bags/user95_2017-02-24.bag;0.834065854549408;0.0;0.9619645476341248;0.0;3.6903359844713712;0.8114143797257863;0.18858562027421366
1731802956.5103889;/app/bags/user95_2017-02-24.bag;0.834065854549408;0.0;0.9619645476341248;0.0;3.6903359844713712;0.8114143797257863;0.18858562027421366
1731802956.7104335;/app/bags/user95_2017-02-24.bag;0.834065854549408;0.0;0.9619645476341248;0.0;3.6903359844713712;0.8114143797257863;0.18858562027421366
1731802956.9104235;/app/bags/user95_2017-02-24.bag;0.834065854549408;0.0;0.9619645476341248;0.0;3.6903359844713712;0.8114143797257863;0.18858562027421366
1731802957.1103883;/app/bags/user95_2017-02-24.bag;0.834065854549408;0.0;0.9619645476341248;0.0;3.6903359844713712;0.8114143797257863;0.18858562027421366
1731802957.3103833;/app/bags/user95_2017-02-24.bag;0.834065854549408;0.0;0.9619645476341248;0.0;3.6903359844713712;0.8114143797257863;0.18858562027421366
1731802957.5104158;/app/bags/user95_2017-02-24.bag;0.834065854549408;0.0;0.9619645476341248;0.0;3.6903359844713712;0.8114143797257863;0.18858562027421366
1731802957.7103837;/app/bags/user95_2017-02-24.bag;0.834065854549408;0.0;0.9619645476341248;0.0;3.6903359844713712;0.8114143797257863;0.18858562027421366
1731802957.9103808;/app/bags/user95_2017-02-24.bag;0.834065854549408;0.0;0.9619645476341248;0.0;3.6903359844713712;0.8114143797257863;0.18858562027421366
1731802958.1105137;/app/bags/user95_2017-02-24.bag;0.834065854549408;0.0;0.9619645476341248;0.0;3.6903359844713712;0.8114143797257863;0.18858562027421366
1731802958.3104463;/app/bags/user95_2017-02-24.bag;0.834065854549408;0.0;0.9619645476341248;0.0;3.6903359844713712;0.8114143797257863;0.18858562027421366
1731802958.510395;/app/bags/user95_2017-02-24.bag;0.834065854549408;0.0;0.9619645476341248;0.0;3.6903359844713712;0.8114143797257863;0.18858562027421366
1731802958.7103746;/app/bags/user95_2017-02-24.bag;0.834065854549408;0.0;0.9619645476341248;0.0;3.6903359844713712;0.8114143797257863;0.18858562027421366
1731802958.9104147;/app/bags/user95_2017-02-24.bag;0.834065854549408;0.0;0.9619645476341248;0.0;3.6903359844713712;0.8114143797257863;0.18858562027421366
1731802959.1104045;/app/bags/user95_2017-02-24.bag;0.834065854549408;0.0;0.9619645476341248;0.0;3.6903359844713712;0.8114143797257863;0.18858562027421366
1731802959.310494;/app/bags/user95_2017-02-24.bag;0.834065854549408;0.0;0.9619645476341248;0.0;3.6903359844713712;0.8114143797257863;0.18858562027421366
1731802959.5104032;/app/bags/user95_2017-02-24.bag;0.834065854549408;0.0;0.9619645476341248;0.0;3.6903359844713712;0.8114143797257863;0.18858562027421366
1731802959.710475;/app/bags/user95_2017-02-24.bag;0.834065854549408;0.0;0.9619645476341248;0.0;3.6903359844713712;0.8114143797257863;0.18858562027421366
1731802959.9104257;/app/bags/user95_2017-02-24.bag;0.834065854549408;0.0;0.9619645476341248;0.0;3.6903359844713712;0.8114143797257863;0.18858562027421366
1731802960.1103587;/app/bags/user95_2017-02-24.bag;0.834065854549408;0.0;0.9619645476341248;0.0;3.6903359844713712;0.8114143797257863;0.18858562027421366
1731802960.3104658;/app/bags/user95_2017-02-24.bag;0.834065854549408;0.0;0.9619645476341248;0.0;3.6903359844713712;0.8114143797257863;0.18858562027421366
1731802960.5104775;/app/bags/user95_2017-02-24.bag;0.834065854549408;0.0;0.9619645476341248;0.0;3.6903359844713712;0.8114143797257863;0.18858562027421366
1731802960.710433;/app/bags/user95_2017-02-24.bag;0.834065854549408;0.0;0.9619645476341248;0.0;3.6903359844713712;0.8114143797257863;0.18858562027421366
1731802960.9103682;/app/bags/user95_2017-02-24.bag;0.834065854549408;0.0;0.9619645476341248;0.0;3.6903359844713712;0.8114143797257863;0.18858562027421366
1731802961.1103687;/app/bags/user95_2017-02-24.bag;0.834065854549408;0.0;0.9619645476341248;0.0;3.6903359844713712;0.8114143797257863;0.18858562027421366
1731802961.310434;/app/bags/user95_2017-02-24.bag;0.834065854549408;0.0;0.9619645476341248;0.0;3.6903359844713712;0.8114143797257863;0.18858562027421366
1731802961.5103683;/app/bags/user95_2017-02-24.bag;0.834065854549408;0.0;0.9619645476341248;0.0;3.6903359844713712;0.8114143797257863;0.18858562027421366
1731802961.7104037;/app/bags/user95_2017-02-24.bag;0.834065854549408;0.0;0.9619645476341248;0.0;3.6903359844713712;0.8114143797257863;0.18858562027421366
1731802961.910543;/app/bags/user95_2017-02-24.bag;0.834065854549408;0.0;0.9619645476341248;0.0;3.6903359844713712;0.8114143797257863;0.18858562027421366
1731802962.1103847;/app/bags/user95_2017-02-24.bag;0.834065854549408;0.0;0.9619645476341248;0.0;3.6903359844713712;0.8114143797257863;0.18858562027421366
1731802962.3104014;/app/bags/user95_2017-02-24.bag;0.834065854549408;0.0;0.9619645476341248;0.0;3.6903359844713712;0.8114143797257863;0.18858562027421366
1731802962.5104587;/app/bags/user95_2017-02-24.bag;0.834065854549408;0.0;0.9619645476341248;0.0;3.6903359844713712;0.8114143797257863;0.18858562027421366
1731802962.710416;/app/bags/user95_2017-02-24.bag;0.834065854549408;0.0;0.9619645476341248;0.0;3.6903359844713712;0.8114143797257863;0.18858562027421366
1731802962.9103818;/app/bags/user95_2017-02-24.bag;0.834065854549408;0.0;0.9619645476341248;0.0;3.6903359844713712;0.8114143797257863;0.18858562027421366
1731802963.110525;/app/bags/user95_2017-02-24.bag;0.834065854549408;0.0;0.9619645476341248;0.0;3.6903359844713712;0.8114143797257863;0.18858562027421366
1731802963.3104012;/app/bags/user95_2017-02-24.bag;0.834065854549408;0.0;0.9619645476341248;0.0;3.6903359844713712;0.8114143797257863;0.18858562027421366
1731802963.5104082;/app/bags/user95_2017-02-24.bag;0.834065854549408;0.0;0.9619645476341248;0.0;3.6903359844713712;0.8114143797257863;0.18858562027421366
1731802963.7103622;/app/bags/user95_2017-02-24.bag;0.834065854549408;0.0;0.9619645476341248;0.0;3.6903359844713712;0.8114143797257863;0.18858562027421366
1731802963.910371;/app/bags/user95_2017-02-24.bag;0.834065854549408;0.0;0.9619645476341248;0.0;3.6903359844713712;0.8114143797257863;0.18858562027421366
1731802964.1103866;/app/bags/user95_2017-02-24.bag;0.834065854549408;0.0;0.9619645476341248;0.0;3.6903359844713712;0.8114143797257863;0.18858562027421366
1731802964.3103797;/app/bags/user95_2017-02-24.bag;0.834065854549408;0.0;0.9619645476341248;0.0;3.6903359844713712;0.8114143797257863;0.18858562027421366
1731802964.5104244;/app/bags/user95_2017-02-24.bag;0.834065854549408;0.0;0.9619645476341248;0.0;3.6903359844713712;0.8114143797257863;0.18858562027421366
1731802964.7104115;/app/bags/user95_2017-02-24.bag;0.834065854549408;0.0;0.9619645476341248;0.0;3.6903359844713712;0.8114143797257863;0.18858562027421366
1731802964.9104402;/app/bags/user95_2017-02-24.bag;0.834065854549408;0.0;0.9619645476341248;0.0;3.6903359844713712;0.8114143797257863;0.18858562027421366
1731802965.1104066;/app/bags/user95_2017-02-24.bag;0.834065854549408;0.0;0.9619645476341248;0.0;3.6903359844713712;0.8114143797257863;0.18858562027421366
1731802965.3105404;/app/bags/user95_2017-02-24.bag;0.834065854549408;0.0;0.9619645476341248;0.0;3.6903359844713712;0.8114143797257863;0.18858562027421366
1731802965.5104024;/app/bags/user95_2017-02-24.bag;0.834065854549408;0.0;0.9619645476341248;0.0;3.6903359844713712;0.8114143797257863;0.18858562027421366
1731802965.71038;/app/bags/user95_2017-02-24.bag;0.834065854549408;0.0;0.9619645476341248;0.0;3.6903359844713712;0.8114143797257863;0.18858562027421366
1731802965.9103734;/app/bags/user95_2017-02-24.bag;0.834065854549408;0.0;0.9619645476341248;0.0;3.6903359844713712;0.8114143797257863;0.18858562027421366
1731802966.110405;/app/bags/user95_2017-02-24.bag;0.834065854549408;0.0;0.9619645476341248;0.0;3.6903359844713712;0.8114143797257863;0.18858562027421366
1731802966.310442;/app/bags/user95_2017-02-24.bag;0.834065854549408;0.0;0.9619645476341248;0.0;3.6903359844713712;0.8114143797257863;0.18858562027421366
1731802966.5103498;/app/bags/user95_2017-02-24.bag;0.834065854549408;0.0;0.9619645476341248;0.0;3.6903359844713712;0.8114143797257863;0.18858562027421366
1731802966.7103367;/app/bags/user95_2017-02-24.bag;0.834065854549408;0.0;0.9619645476341248;0.0;3.6903359844713712;0.8114143797257863;0.18858562027421366
1731802966.910468;/app/bags/user95_2017-02-24.bag;0.834065854549408;0.0;0.9619645476341248;0.0;3.6903359844713712;0.8114143797257863;0.18858562027421366
1731802967.1104445;/app/bags/user95_2017-02-24.bag;0.834065854549408;0.0;0.9619645476341248;0.0;3.6903359844713712;0.8114143797257863;0.18858562027421366
1731802967.3103862;/app/bags/user95_2017-02-24.bag;0.834065854549408;0.0;0.9619645476341248;0.0;3.6903359844713712;0.8114143797257863;0.18858562027421366
1731802967.5103838;/app/bags/user95_2017-02-24.bag;0.834065854549408;0.0;0.9619645476341248;0.0;3.6903359844713712;0.8114143797257863;0.18858562027421366
1731802967.7104428;/app/bags/user95_2017-02-24.bag;0.834065854549408;0.0;0.9619645476341248;0.0;3.6903359844713712;0.8114143797257863;0.18858562027421366
1731802967.9103768;/app/bags/user95_2017-02-24.bag;0.834065854549408;0.0;0.9619645476341248;0.0;3.6903359844713712;0.8114143797257863;0.18858562027421366
1731802968.110423;/app/bags/user95_2017-02-24.bag;0.834065854549408;0.0;0.9619645476341248;0.0;3.6903359844713712;0.8114143797257863;0.18858562027421366
1731802968.3103826;/app/bags/user95_2017-02-24.bag;0.834065854549408;0.0;0.9619645476341248;0.0;3.6903359844713712;0.8114143797257863;0.18858562027421366
1731802968.5104053;/app/bags/user95_2017-02-24.bag;0.834065854549408;0.0;0.9619645476341248;0.0;3.6903359844713712;0.8114143797257863;0.18858562027421366
1731802968.7103782;/app/bags/user95_2017-02-24.bag;0.834065854549408;0.0;0.9619645476341248;0.0;3.6903359844713712;0.8114143797257863;0.18858562027421366
1731802968.9104695;/app/bags/user95_2017-02-24.bag;0.834065854549408;0.0;0.9619645476341248;0.0;3.6903359844713712;0.8114143797257863;0.18858562027421366
1731802969.110381;/app/bags/user95_2017-02-24.bag;0.834065854549408;0.0;0.9619645476341248;0.0;3.6903359844713712;0.8114143797257863;0.18858562027421366
1731802969.3104026;/app/bags/user95_2017-02-24.bag;0.834065854549408;0.0;0.9619645476341248;0.0;3.6903359844713712;0.8114143797257863;0.18858562027421366
1731802969.5104623;/app/bags/user95_2017-02-24.bag;0.834065854549408;0.0;0.9619645476341248;0.0;3.6903359844713712;0.8114143797257863;0.18858562027421366
1731802969.7104163;/app/bags/user95_2017-02-24.bag;0.834065854549408;0.0;0.9619645476341248;0.0;3.6903359844713712;0.8114143797257863;0.18858562027421366
1731802969.910593;/app/bags/user95_2017-02-24.bag;0.834065854549408;0.0;0.9619645476341248;0.0;3.6903359844713712;0.8114143797257863;0.18858562027421366
1731802970.1103747;/app/bags/user95_2017-02-24.bag;0.834065854549408;0.0;0.9619645476341248;0.0;3.6903359844713712;0.8114143797257863;0.18858562027421366
1731802970.3104029;/app/bags/user95_2017-02-24.bag;0.834065854549408;0.0;0.9619645476341248;0.0;3.6903359844713712;0.8114143797257863;0.18858562027421366
1731802970.5104346;/app/bags/user95_2017-02-24.bag;0.834065854549408;0.0;0.9619645476341248;0.0;3.6903359844713712;0.8114143797257863;0.18858562027421366
1731802970.7104456;/app/bags/user95_2017-02-24.bag;0.834065854549408;0.0;0.9619645476341248;0.0;3.6903359844713712;0.8114143797257863;0.18858562027421366
1731802970.9103758;/app/bags/user95_2017-02-24.bag;0.834065854549408;0.0;0.9619645476341248;0.0;3.6903359844713712;0.8114143797257863;0.18858562027421366
1731802971.1103861;/app/bags/user95_2017-02-24.bag;0.834065854549408;0.0;0.9619645476341248;0.0;3.6903359844713712;0.8114143797257863;0.18858562027421366
1731802971.3104038;/app/bags/user95_2017-02-24.bag;0.834065854549408;0.0;0.9619645476341248;0.0;3.6903359844713712;0.8114143797257863;0.18858562027421366
1731802971.5104034;/app/bags/user95_2017-02-24.bag;0.834065854549408;0.0;0.9619645476341248;0.0;3.6903359844713712;0.8114143797257863;0.18858562027421366
1731802971.7105174;/app/bags/user95_2017-02-24.bag;0.834065854549408;0.0;0.9619645476341248;0.0;3.6903359844713712;0.8114143797257863;0.18858562027421366
1731802971.9103825;/app/bags/user95_2017-02-24.bag;0.834065854549408;0.0;0.9619645476341248;0.0;3.6903359844713712;0.8114143797257863;0.18858562027421366
1731802972.1104345;/app/bags/user95_2017-02-24.bag;0.834065854549408;0.0;0.9619645476341248;0.0;3.6903359844713712;0.8114143797257863;0.18858562027421366
1731802972.3103814;/app/bags/user95_2017-02-24.bag;0.834065854549408;0.0;0.9619645476341248;0.0;3.6903359844713712;0.8114143797257863;0.18858562027421366
1731802972.5104132;/app/bags/user95_2017-02-24.bag;0.834065854549408;0.0;0.9619645476341248;0.0;3.6903359844713712;0.8114143797257863;0.18858562027421366
1731802972.7104712;/app/bags/user95_2017-02-24.bag;0.834065854549408;0.0;0.9619645476341248;0.0;3.6903359844713712;0.8114143797257863;0.18858562027421366
1731802972.9104433;/app/bags/user95_2017-02-24.bag;0.834065854549408;0.0;0.9619645476341248;0.0;3.6903359844713712;0.8114143797257863;0.18858562027421366
1731802973.1103911;/app/bags/user95_2017-02-24.bag;0.834065854549408;0.0;0.9619645476341248;0.0;3.6903359844713712;0.8114143797257863;0.18858562027421366
1731802973.3103826;/app/bags/user95_2017-02-24.bag;0.834065854549408;0.0;0.9619645476341248;0.0;3.6903359844713712;0.8114143797257863;0.18858562027421366
1731802973.5104473;/app/bags/user95_2017-02-24.bag;0.834065854549408;0.0;0.9619645476341248;0.0;3.6903359844713712;0.8114143797257863;0.18858562027421366
1731802973.7104383;/app/bags/user95_2017-02-24.bag;0.834065854549408;0.0;0.9619645476341248;0.0;3.6903359844713712;0.8114143797257863;0.18858562027421366
1731802973.9103968;/app/bags/user95_2017-02-24.bag;0.834065854549408;0.0;0.9619645476341248;0.0;3.6903359844713712;0.8114143797257863;0.18858562027421366
1731802974.110402;/app/bags/user95_2017-02-24.bag;0.834065854549408;0.0;0.9619645476341248;0.0;3.6903359844713712;0.8114143797257863;0.18858562027421366
1731802974.3104653;/app/bags/user95_2017-02-24.bag;0.834065854549408;0.0;0.9619645476341248;0.0;3.6903359844713712;0.8114143797257863;0.18858562027421366
1731802974.5103807;/app/bags/user95_2017-02-24.bag;0.834065854549408;0.0;0.9619645476341248;0.0;3.6903359844713712;0.8114143797257863;0.18858562027421366
1731802974.7104502;/app/bags/user95_2017-02-24.bag;0.834065854549408;0.0;0.9619645476341248;0.0;3.6903359844713712;0.8114143797257863;0.18858562027421366
1731802974.9104197;/app/bags/user95_2017-02-24.bag;0.834065854549408;0.0;0.9619645476341248;0.0;3.6903359844713712;0.8114143797257863;0.18858562027421366
1731802975.1104505;/app/bags/user95_2017-02-24.bag;0.834065854549408;0.0;0.9619645476341248;0.0;3.6903359844713712;0.8114143797257863;0.18858562027421366
1731802975.3104177;/app/bags/user95_2017-02-24.bag;0.834065854549408;0.0;0.9619645476341248;0.0;3.6903359844713712;0.8114143797257863;0.18858562027421366
1731802975.5103657;/app/bags/user95_2017-02-24.bag;0.834065854549408;0.0;0.9619645476341248;0.0;3.6903359844713712;0.8114143797257863;0.18858562027421366
1731802975.710385;/app/bags/user95_2017-02-24.bag;0.834065854549408;0.0;0.9619645476341248;0.0;3.6903359844713712;0.8114143797257863;0.18858562027421366
1731802975.9103925;/app/bags/user95_2017-02-24.bag;0.834065854549408;0.0;0.9619645476341248;0.0;3.6903359844713712;0.8114143797257863;0.18858562027421366
1731802976.110464;/app/bags/user95_2017-02-24.bag;0.834065854549408;0.0;0.9619645476341248;0.0;3.6903359844713712;0.8114143797257863;0.18858562027421366
1731802976.3104222;/app/bags/user95_2017-02-24.bag;0.834065854549408;0.0;0.9619645476341248;0.0;3.6903359844713712;0.8114143797257863;0.18858562027421366
1731802976.5103796;/app/bags/user95_2017-02-24.bag;0.834065854549408;0.0;0.9619645476341248;0.0;3.6903359844713712;0.8114143797257863;0.18858562027421366
1731802976.7103941;/app/bags/user95_2017-02-24.bag;0.834065854549408;0.0;0.9619645476341248;0.0;3.6903359844713712;0.8114143797257863;0.18858562027421366
1731802976.9103534;/app/bags/user95_2017-02-24.bag;0.834065854549408;0.0;0.9619645476341248;0.0;3.6903359844713712;0.8114143797257863;0.18858562027421366
1731802977.1103852;/app/bags/user95_2017-02-24.bag;0.834065854549408;0.0;0.9619645476341248;0.0;3.6903359844713712;0.8114143797257863;0.18858562027421366
1731802977.3103921;/app/bags/user95_2017-02-24.bag;0.834065854549408;0.0;0.9619645476341248;0.0;3.6903359844713712;0.8114143797257863;0.18858562027421366
1731802977.5103984;/app/bags/user95_2017-02-24.bag;0.834065854549408;0.0;0.9619645476341248;0.0;3.6903359844713712;0.8114143797257863;0.18858562027421366
1731802977.7104685;/app/bags/user95_2017-02-24.bag;0.834065854549408;0.0;0.9619645476341248;0.0;3.6903359844713712;0.8114143797257863;0.18858562027421366
1731802977.910371;/app/bags/user95_2017-02-24.bag;0.834065854549408;0.0;0.9619645476341248;0.0;3.6903359844713712;0.8114143797257863;0.18858562027421366
1731802978.110407;/app/bags/user95_2017-02-24.bag;0.834065854549408;0.0;0.9619645476341248;0.0;3.6903359844713712;0.8114143797257863;0.18858562027421366
1731802978.3104074;/app/bags/user95_2017-02-24.bag;0.834065854549408;0.0;0.9619645476341248;0.0;3.6903359844713712;0.8114143797257863;0.18858562027421366
1731802978.5104396;/app/bags/user95_2017-02-24.bag;0.834065854549408;0.0;0.9619645476341248;0.0;3.6903359844713712;0.8114143797257863;0.18858562027421366
1731802978.710411;/app/bags/user95_2017-02-24.bag;0.834065854549408;0.0;0.9619645476341248;0.0;3.6903359844713712;0.8114143797257863;0.18858562027421366
1731802978.9104013;/app/bags/user95_2017-02-24.bag;0.834065854549408;0.0;0.9619645476341248;0.0;3.6903359844713712;0.8114143797257863;0.18858562027421366
1731802979.11048;/app/bags/user95_2017-02-24.bag;0.834065854549408;0.0;0.9619645476341248;0.0;3.6903359844713712;0.8114143797257863;0.18858562027421366
1731802979.310416;/app/bags/user95_2017-02-24.bag;0.834065854549408;0.0;0.9619645476341248;0.0;3.6903359844713712;0.8114143797257863;0.18858562027421366
1731802979.5103657;/app/bags/user95_2017-02-24.bag;0.834065854549408;0.0;0.9619645476341248;0.0;3.6903359844713712;0.8114143797257863;0.18858562027421366
1731802979.710352;/app/bags/user95_2017-02-24.bag;0.834065854549408;0.0;0.9619645476341248;0.0;3.6903359844713712;0.8114143797257863;0.18858562027421366
1731802979.9103768;/app/bags/user95_2017-02-24.bag;0.834065854549408;0.0;0.9619645476341248;0.0;3.6903359844713712;0.8114143797257863;0.18858562027421366
1731802980.1103702;/app/bags/user95_2017-02-24.bag;0.834065854549408;0.0;0.9619645476341248;0.0;3.6903359844713712;0.8114143797257863;0.18858562027421366
1731802980.3104033;/app/bags/user95_2017-02-24.bag;0.834065854549408;0.0;0.9619645476341248;0.0;3.6903359844713712;0.8114143797257863;0.18858562027421366
1731802980.510416;/app/bags/user95_2017-02-24.bag;0.834065854549408;0.0;0.9619645476341248;0.0;3.6903359844713712;0.8114143797257863;0.18858562027421366
1731802980.7103841;/app/bags/user95_2017-02-24.bag;0.834065854549408;0.0;0.9619645476341248;0.0;3.6903359844713712;0.8114143797257863;0.18858562027421366
1731802980.910381;/app/bags/user95_2017-02-24.bag;0.834065854549408;0.0;0.9619645476341248;0.0;3.6903359844713712;0.8114143797257863;0.18858562027421366
1731802981.1103947;/app/bags/user95_2017-02-24.bag;0.834065854549408;0.0;0.9619645476341248;0.0;3.6903359844713712;0.8114143797257863;0.18858562027421366
1731802981.3104162;/app/bags/user95_2017-02-24.bag;0.834065854549408;0.0;0.9619645476341248;0.0;3.6903359844713712;0.8114143797257863;0.18858562027421366
1731802981.5104246;/app/bags/user95_2017-02-24.bag;0.834065854549408;0.0;0.9619645476341248;0.0;3.6903359844713712;0.8114143797257863;0.18858562027421366
1731802981.7104008;/app/bags/user95_2017-02-24.bag;0.834065854549408;0.0;0.9619645476341248;0.0;3.6903359844713712;0.8114143797257863;0.18858562027421366
1731802981.9103985;/app/bags/user95_2017-02-24.bag;0.834065854549408;0.0;0.9619645476341248;0.0;3.6903359844713712;0.8114143797257863;0.18858562027421366
1731802982.1104162;/app/bags/user95_2017-02-24.bag;0.834065854549408;0.0;0.9619645476341248;0.0;3.6903359844713712;0.8114143797257863;0.18858562027421366
1731802982.310362;/app/bags/user95_2017-02-24.bag;0.834065854549408;0.0;0.9619645476341248;0.0;3.6903359844713712;0.8114143797257863;0.18858562027421366
1731802982.5104468;/app/bags/user95_2017-02-24.bag;0.834065854549408;0.0;0.9619645476341248;0.0;3.6903359844713712;0.8114143797257863;0.18858562027421366
1731802982.7103944;/app/bags/user95_2017-02-24.bag;0.834065854549408;0.0;0.9619645476341248;0.0;3.6903359844713712;0.8114143797257863;0.18858562027421366
1731802982.9104774;/app/bags/user95_2017-02-24.bag;0.834065854549408;0.0;0.9619645476341248;0.0;3.6903359844713712;0.8114143797257863;0.18858562027421366
1731802983.1104403;/app/bags/user95_2017-02-24.bag;0.834065854549408;0.0;0.9619645476341248;0.0;3.6903359844713712;0.8114143797257863;0.18858562027421366
1731802983.3103848;/app/bags/user95_2017-02-24.bag;0.834065854549408;0.0;0.9619645476341248;0.0;3.6903359844713712;0.8114143797257863;0.18858562027421366
1731802983.510386;/app/bags/user95_2017-02-24.bag;0.834065854549408;0.0;0.9619645476341248;0.0;3.6903359844713712;0.8114143797257863;0.18858562027421366
1731802983.7104757;/app/bags/user95_2017-02-24.bag;0.834065854549408;0.0;0.9619645476341248;0.0;3.6903359844713712;0.8114143797257863;0.18858562027421366
1731802983.9103863;/app/bags/user95_2017-02-24.bag;0.834065854549408;0.0;0.9619645476341248;0.0;3.6903359844713712;0.8114143797257863;0.18858562027421366
1731802984.1103756;/app/bags/user95_2017-02-24.bag;0.834065854549408;0.0;0.9619645476341248;0.0;3.6903359844713712;0.8114143797257863;0.18858562027421366
1731802984.3103712;/app/bags/user95_2017-02-24.bag;0.834065854549408;0.0;0.9619645476341248;0.0;3.6903359844713712;0.8114143797257863;0.18858562027421366
1731802984.5104558;/app/bags/user95_2017-02-24.bag;0.834065854549408;0.0;0.9619645476341248;0.0;3.6903359844713712;0.8114143797257863;0.18858562027421366
1731802984.7104642;/app/bags/user95_2017-02-24.bag;0.834065854549408;0.0;0.9619645476341248;0.0;3.6903359844713712;0.8114143797257863;0.18858562027421366
1731802984.910526;/app/bags/user95_2017-02-24.bag;0.834065854549408;0.0;0.9619645476341248;0.0;3.6903359844713712;0.8114143797257863;0.18858562027421366
1731802985.110401;/app/bags/user95_2017-02-24.bag;0.834065854549408;0.0;0.9619645476341248;0.0;3.6903359844713712;0.8114143797257863;0.18858562027421366
1731802985.3104239;/app/bags/user95_2017-02-24.bag;0.834065854549408;0.0;0.9619645476341248;0.0;3.6903359844713712;0.8114143797257863;0.18858562027421366
1731802985.5104635;/app/bags/user95_2017-02-24.bag;0.834065854549408;0.0;0.9619645476341248;0.0;3.6903359844713712;0.8114143797257863;0.18858562027421366
1731802985.7104423;/app/bags/user95_2017-02-24.bag;0.834065854549408;0.0;0.9619645476341248;0.0;3.6903359844713712;0.8114143797257863;0.18858562027421366
1731802985.9104128;/app/bags/user95_2017-02-24.bag;0.834065854549408;0.0;0.9619645476341248;0.0;3.6903359844713712;0.8114143797257863;0.18858562027421366
1731802986.1103923;/app/bags/user95_2017-02-24.bag;0.834065854549408;0.0;0.9619645476341248;0.0;3.6903359844713712;0.8114143797257863;0.18858562027421366
1731802986.3104186;/app/bags/user95_2017-02-24.bag;0.834065854549408;0.0;0.9619645476341248;0.0;3.6903359844713712;0.8114143797257863;0.18858562027421366
1731802986.5103986;/app/bags/user95_2017-02-24.bag;0.834065854549408;0.0;0.9619645476341248;0.0;3.6903359844713712;0.8114143797257863;0.18858562027421366
1731802986.7104266;/app/bags/user95_2017-02-24.bag;0.834065854549408;0.0;0.9619645476341248;0.0;3.6903359844713712;0.8114143797257863;0.18858562027421366
1731802986.9104962;/app/bags/user95_2017-02-24.bag;0.834065854549408;0.0;0.9619645476341248;0.0;3.6903359844713712;0.8114143797257863;0.18858562027421366
1731802987.1103935;/app/bags/user95_2017-02-24.bag;0.834065854549408;0.0;0.9619645476341248;0.0;3.6903359844713712;0.8114143797257863;0.18858562027421366
1731802987.3104045;/app/bags/user95_2017-02-24.bag;0.834065854549408;0.0;0.9619645476341248;0.0;3.6903359844713712;0.8114143797257863;0.18858562027421366
1731802987.5104034;/app/bags/user95_2017-02-24.bag;0.834065854549408;0.0;0.9619645476341248;0.0;3.6903359844713712;0.8114143797257863;0.18858562027421366
1731802987.7104635;/app/bags/user95_2017-02-24.bag;0.834065854549408;0.0;0.9619645476341248;0.0;3.6903359844713712;0.8114143797257863;0.18858562027421366
1731802987.9103765;/app/bags/user95_2017-02-24.bag;0.834065854549408;0.0;0.9619645476341248;0.0;3.6903359844713712;0.8114143797257863;0.18858562027421366
1731802988.1103833;/app/bags/user95_2017-02-24.bag;0.834065854549408;0.0;0.9619645476341248;0.0;3.6903359844713712;0.8114143797257863;0.18858562027421366
1731802988.3103716;/app/bags/user95_2017-02-24.bag;0.834065854549408;0.0;0.9619645476341248;0.0;3.6903359844713712;0.8114143797257863;0.18858562027421366
1731802988.510421;/app/bags/user95_2017-02-24.bag;0.834065854549408;0.0;0.9619645476341248;0.0;3.6903359844713712;0.8114143797257863;0.18858562027421366
1731802988.7104297;/app/bags/user95_2017-02-24.bag;0.834065854549408;0.0;0.9619645476341248;0.0;3.6903359844713712;0.8114143797257863;0.18858562027421366
1731802988.9103851;/app/bags/user95_2017-02-24.bag;0.834065854549408;0.0;0.9619645476341248;0.0;3.6903359844713712;0.8114143797257863;0.18858562027421366
1731802989.1104023;/app/bags/user95_2017-02-24.bag;0.834065854549408;0.0;0.9619645476341248;0.0;3.6903359844713712;0.8114143797257863;0.18858562027421366
1731802989.3103905;/app/bags/user95_2017-02-24.bag;0.834065854549408;0.0;0.9619645476341248;0.0;3.6903359844713712;0.8114143797257863;0.18858562027421366
1731802989.5103698;/app/bags/user95_2017-02-24.bag;0.834065854549408;0.0;0.9619645476341248;0.0;3.6903359844713712;0.8114143797257863;0.18858562027421366
1731802989.7104185;/app/bags/user95_2017-02-24.bag;0.834065854549408;0.0;0.9619645476341248;0.0;3.6903359844713712;0.8114143797257863;0.18858562027421366
1731802989.9103966;/app/bags/user95_2017-02-24.bag;0.834065854549408;0.0;0.9619645476341248;0.0;3.6903359844713712;0.8114143797257863;0.18858562027421366
1731802990.1103797;/app/bags/user95_2017-02-24.bag;0.834065854549408;0.0;0.9619645476341248;0.0;3.6903359844713712;0.8114143797257863;0.18858562027421366
1731802990.3104002;/app/bags/user95_2017-02-24.bag;0.834065854549408;0.0;0.9619645476341248;0.0;3.6903359844713712;0.8114143797257863;0.18858562027421366
1731802990.5104203;/app/bags/user95_2017-02-24.bag;0.834065854549408;0.0;0.9619645476341248;0.0;3.6903359844713712;0.8114143797257863;0.18858562027421366
1731802990.7103727;/app/bags/user95_2017-02-24.bag;0.834065854549408;0.0;0.9619645476341248;0.0;3.6903359844713712;0.8114143797257863;0.18858562027421366
1731802990.9104204;/app/bags/user95_2017-02-24.bag;0.834065854549408;0.0;0.9619645476341248;0.0;3.6903359844713712;0.8114143797257863;0.18858562027421366
1731802991.110385;/app/bags/user95_2017-02-24.bag;0.834065854549408;0.0;0.9619645476341248;0.0;3.6903359844713712;0.8114143797257863;0.18858562027421366
1731802991.31063;/app/bags/user95_2017-02-24.bag;0.834065854549408;0.0;0.9619645476341248;0.0;3.6903359844713712;0.8114143797257863;0.18858562027421366
1731802991.510425;/app/bags/user95_2017-02-24.bag;0.834065854549408;0.0;0.9619645476341248;0.0;3.6903359844713712;0.8114143797257863;0.18858562027421366
1731802991.7103877;/app/bags/user95_2017-02-24.bag;0.834065854549408;0.0;0.9619645476341248;0.0;3.6903359844713712;0.8114143797257863;0.18858562027421366
1731802991.9104218;/app/bags/user95_2017-02-24.bag;0.834065854549408;0.0;0.9619645476341248;0.0;3.6903359844713712;0.8114143797257863;0.18858562027421366
1731802992.1104522;/app/bags/user95_2017-02-24.bag;0.834065854549408;0.0;0.9619645476341248;0.0;3.6903359844713712;0.8114143797257863;0.18858562027421366
1731802992.310405;/app/bags/user95_2017-02-24.bag;0.834065854549408;0.0;0.9619645476341248;0.0;3.6903359844713712;0.8114143797257863;0.18858562027421366
1731802992.5103843;/app/bags/user95_2017-02-24.bag;0.834065854549408;0.0;0.9619645476341248;0.0;3.6903359844713712;0.8114143797257863;0.18858562027421366
1731802992.7103882;/app/bags/user95_2017-02-24.bag;0.834065854549408;0.0;0.9619645476341248;0.0;3.6903359844713712;0.8114143797257863;0.18858562027421366
1731802992.9103897;/app/bags/user95_2017-02-24.bag;0.834065854549408;0.0;0.9619645476341248;0.0;3.6903359844713712;0.8114143797257863;0.18858562027421366
1731802993.1103866;/app/bags/user95_2017-02-24.bag;0.834065854549408;0.0;0.9619645476341248;0.0;3.6903359844713712;0.8114143797257863;0.18858562027421366
1731802993.3104293;/app/bags/user95_2017-02-24.bag;0.834065854549408;0.0;0.9619645476341248;0.0;3.6903359844713712;0.8114143797257863;0.18858562027421366
1731802993.5104933;/app/bags/user95_2017-02-24.bag;0.834065854549408;0.0;0.9619645476341248;0.0;3.6903359844713712;0.8114143797257863;0.18858562027421366
1731802993.7104661;/app/bags/user95_2017-02-24.bag;0.834065854549408;0.0;0.9619645476341248;0.0;3.6903359844713712;0.8114143797257863;0.18858562027421366
1731802993.9104218;/app/bags/user95_2017-02-24.bag;0.834065854549408;0.0;0.9619645476341248;0.0;3.6903359844713712;0.8114143797257863;0.18858562027421366
1731802994.110376;/app/bags/user95_2017-02-24.bag;0.834065854549408;0.0;0.9619645476341248;0.0;3.6903359844713712;0.8114143797257863;0.18858562027421366
1731802994.310407;/app/bags/user95_2017-02-24.bag;0.834065854549408;0.0;0.9619645476341248;0.0;3.6903359844713712;0.8114143797257863;0.18858562027421366
1731802994.5104072;/app/bags/user95_2017-02-24.bag;0.834065854549408;0.0;0.9619645476341248;0.0;3.6903359844713712;0.8114143797257863;0.18858562027421366
1731802994.7103567;/app/bags/user95_2017-02-24.bag;0.834065854549408;0.0;0.9619645476341248;0.0;3.6903359844713712;0.8114143797257863;0.18858562027421366
1731802994.9104097;/app/bags/user95_2017-02-24.bag;0.834065854549408;0.0;0.9619645476341248;0.0;3.6903359844713712;0.8114143797257863;0.18858562027421366
1731802995.110416;/app/bags/user95_2017-02-24.bag;0.834065854549408;0.0;0.9619645476341248;0.0;3.6903359844713712;0.8114143797257863;0.18858562027421366
1731802995.31041;/app/bags/user95_2017-02-24.bag;0.834065854549408;0.0;0.9619645476341248;0.0;3.6903359844713712;0.8114143797257863;0.18858562027421366
1731802995.51038;/app/bags/user95_2017-02-24.bag;0.834065854549408;0.0;0.9619645476341248;0.0;3.6903359844713712;0.8114143797257863;0.18858562027421366
1731802995.710409;/app/bags/user95_2017-02-24.bag;0.834065854549408;0.0;0.9619645476341248;0.0;3.6903359844713712;0.8114143797257863;0.18858562027421366
1731802995.9104574;/app/bags/user95_2017-02-24.bag;0.834065854549408;0.0;0.9619645476341248;0.0;3.6903359844713712;0.8114143797257863;0.18858562027421366
1731802996.110563;/app/bags/user95_2017-02-24.bag;0.834065854549408;0.0;0.9619645476341248;0.0;3.6903359844713712;0.8114143797257863;0.18858562027421366
1731802996.3103952;/app/bags/user95_2017-02-24.bag;0.834065854549408;0.0;0.9619645476341248;0.0;3.6903359844713712;0.8114143797257863;0.18858562027421366
1731802996.5104454;/app/bags/user95_2017-02-24.bag;0.834065854549408;0.0;0.9619645476341248;0.0;3.6903359844713712;0.8114143797257863;0.18858562027421366
1731802996.7106667;/app/bags/user95_2017-02-24.bag;0.834065854549408;0.0;0.9619645476341248;0.0;3.6903359844713712;0.8114143797257863;0.18858562027421366
1731802996.910403;/app/bags/user95_2017-02-24.bag;0.834065854549408;0.0;0.9619645476341248;0.0;3.6903359844713712;0.8114143797257863;0.18858562027421366
1731802997.1104007;/app/bags/user95_2017-02-24.bag;0.834065854549408;0.0;0.9619645476341248;0.0;3.6903359844713712;0.8114143797257863;0.18858562027421366
1731802997.3104177;/app/bags/user95_2017-02-24.bag;0.834065854549408;0.0;0.9619645476341248;0.0;3.6903359844713712;0.8114143797257863;0.18858562027421366
1731802997.5105636;/app/bags/user95_2017-02-24.bag;0.834065854549408;0.0;0.9619645476341248;0.0;3.6903359844713712;0.8114143797257863;0.18858562027421366
1731802997.7105434;/app/bags/user95_2017-02-24.bag;0.834065854549408;0.0;0.9619645476341248;0.0;3.6903359844713712;0.8114143797257863;0.18858562027421366
1731802997.9104402;/app/bags/user95_2017-02-24.bag;0.834065854549408;0.0;0.9619645476341248;0.0;3.6903359844713712;0.8114143797257863;0.18858562027421366
1731802998.1103957;/app/bags/user95_2017-02-24.bag;0.834065854549408;0.0;0.9619645476341248;0.0;3.6903359844713712;0.8114143797257863;0.18858562027421366
1731802998.3103986;/app/bags/user95_2017-02-24.bag;0.834065854549408;0.0;0.9619645476341248;0.0;3.6903359844713712;0.8114143797257863;0.18858562027421366
1731802998.5103724;/app/bags/user95_2017-02-24.bag;0.834065854549408;0.0;0.9619645476341248;0.0;3.6903359844713712;0.8114143797257863;0.18858562027421366
1731802998.7103744;/app/bags/user95_2017-02-24.bag;0.834065854549408;0.0;0.9619645476341248;0.0;3.6903359844713712;0.8114143797257863;0.18858562027421366
1731802998.910379;/app/bags/user95_2017-02-24.bag;0.834065854549408;0.0;0.9619645476341248;0.0;3.6903359844713712;0.8114143797257863;0.18858562027421366
1731802999.1104825;/app/bags/user95_2017-02-24.bag;0.834065854549408;0.0;0.9619645476341248;0.0;3.6903359844713712;0.8114143797257863;0.18858562027421366
1731802999.3105514;/app/bags/user95_2017-02-24.bag;0.834065854549408;0.0;0.9619645476341248;0.0;3.6903359844713712;0.8114143797257863;0.18858562027421366
1731802999.5103562;/app/bags/user95_2017-02-24.bag;0.834065854549408;0.0;0.9619645476341248;0.0;3.6903359844713712;0.8114143797257863;0.18858562027421366
1731802999.7104;/app/bags/user95_2017-02-24.bag;0.834065854549408;0.0;0.9619645476341248;0.0;3.6903359844713712;0.8114143797257863;0.18858562027421366
1731802999.9104028;/app/bags/user95_2017-02-24.bag;0.834065854549408;0.0;0.9619645476341248;0.0;3.6903359844713712;0.8114143797257863;0.18858562027421366
1731803000.1104908;/app/bags/user95_2017-02-24.bag;0.834065854549408;0.0;0.9619645476341248;0.0;3.6903359844713712;0.8114143797257863;0.18858562027421366
1731803000.310389;/app/bags/user95_2017-02-24.bag;0.834065854549408;0.0;0.9619645476341248;0.0;3.6903359844713712;0.8114143797257863;0.18858562027421366
1731803000.5103827;/app/bags/user95_2017-02-24.bag;0.834065854549408;0.0;0.9619645476341248;0.0;3.6903359844713712;0.8114143797257863;0.18858562027421366
1731803000.7103877;/app/bags/user95_2017-02-24.bag;0.834065854549408;0.0;0.9619645476341248;0.0;3.6903359844713712;0.8114143797257863;0.18858562027421366
1731803000.9104812;/app/bags/user95_2017-02-24.bag;0.834065854549408;0.0;0.9619645476341248;0.0;3.6903359844713712;0.8114143797257863;0.18858562027421366
1731803001.1106417;/app/bags/user95_2017-02-24.bag;0.834065854549408;0.0;0.9619645476341248;0.0;3.6903359844713712;0.8114143797257863;0.18858562027421366
1731803001.3105354;/app/bags/user95_2017-02-24.bag;0.834065854549408;0.0;0.9619645476341248;0.0;3.6903359844713712;0.8114143797257863;0.18858562027421366
1731803001.510522;/app/bags/user95_2017-02-24.bag;0.834065854549408;0.0;0.9619645476341248;0.0;3.6903359844713712;0.8114143797257863;0.18858562027421366
1731803001.7103984;/app/bags/user95_2017-02-24.bag;0.834065854549408;0.0;0.9619645476341248;0.0;3.6903359844713712;0.8114143797257863;0.18858562027421366
1731803001.9104056;/app/bags/user95_2017-02-24.bag;0.834065854549408;0.0;0.9619645476341248;0.0;3.6903359844713712;0.8114143797257863;0.18858562027421366
1731803002.1104076;/app/bags/user95_2017-02-24.bag;0.834065854549408;0.0;0.9619645476341248;0.0;3.6903359844713712;0.8114143797257863;0.18858562027421366
1731803002.3104026;/app/bags/user95_2017-02-24.bag;0.834065854549408;0.0;0.9619645476341248;0.0;3.6903359844713712;0.8114143797257863;0.18858562027421366
1731803002.5104218;/app/bags/user95_2017-02-24.bag;0.834065854549408;0.0;0.9619645476341248;0.0;3.6903359844713712;0.8114143797257863;0.18858562027421366
1731803002.7104316;/app/bags/user95_2017-02-24.bag;0.834065854549408;0.0;0.9619645476341248;0.0;3.6903359844713712;0.8114143797257863;0.18858562027421366
1731803002.9103835;/app/bags/user95_2017-02-24.bag;0.834065854549408;0.0;0.9619645476341248;0.0;3.6903359844713712;0.8114143797257863;0.18858562027421366
1731803003.1103535;/app/bags/user95_2017-02-24.bag;0.834065854549408;0.0;0.9619645476341248;0.0;3.6903359844713712;0.8114143797257863;0.18858562027421366
1731803003.310432;/app/bags/user95_2017-02-24.bag;0.834065854549408;0.0;0.9619645476341248;0.0;3.6903359844713712;0.8114143797257863;0.18858562027421366
1731803003.510408;/app/bags/user95_2017-02-24.bag;0.834065854549408;0.0;0.9619645476341248;0.0;3.6903359844713712;0.8114143797257863;0.18858562027421366
1731803003.710462;/app/bags/user95_2017-02-24.bag;0.834065854549408;0.0;0.9619645476341248;0.0;3.6903359844713712;0.8114143797257863;0.18858562027421366
1731803003.910351;/app/bags/user95_2017-02-24.bag;0.834065854549408;0.0;0.9619645476341248;0.0;3.6903359844713712;0.8114143797257863;0.18858562027421366
1731803004.110387;/app/bags/user95_2017-02-24.bag;0.834065854549408;0.0;0.9619645476341248;0.0;3.6903359844713712;0.8114143797257863;0.18858562027421366
1731803004.3103976;/app/bags/user95_2017-02-24.bag;0.834065854549408;0.0;0.9619645476341248;0.0;3.6903359844713712;0.8114143797257863;0.18858562027421366
1731803004.5103405;/app/bags/user95_2017-02-24.bag;0.834065854549408;0.0;0.9619645476341248;0.0;3.6903359844713712;0.8114143797257863;0.18858562027421366
1731803004.7103996;/app/bags/user95_2017-02-24.bag;0.834065854549408;0.0;0.9619645476341248;0.0;3.6903359844713712;0.8114143797257863;0.18858562027421366
1731803004.9103951;/app/bags/user95_2017-02-24.bag;0.834065854549408;0.0;0.9619645476341248;0.0;3.6903359844713712;0.8114143797257863;0.18858562027421366
1731803005.1104198;/app/bags/user95_2017-02-24.bag;0.834065854549408;0.0;0.9619645476341248;0.0;3.6903359844713712;0.8114143797257863;0.18858562027421366
1731803005.3104312;/app/bags/user95_2017-02-24.bag;0.834065854549408;0.0;0.9619645476341248;0.0;3.6903359844713712;0.8114143797257863;0.18858562027421366
1731803005.5103538;/app/bags/user95_2017-02-24.bag;0.834065854549408;0.0;0.9619645476341248;0.0;3.6903359844713712;0.8114143797257863;0.18858562027421366
1731803005.7104297;/app/bags/user95_2017-02-24.bag;0.834065854549408;0.0;0.9619645476341248;0.0;3.6903359844713712;0.8114143797257863;0.18858562027421366
1731803005.9104195;/app/bags/user95_2017-02-24.bag;0.834065854549408;0.0;0.9619645476341248;0.0;3.6903359844713712;0.8114143797257863;0.18858562027421366
1731803006.110406;/app/bags/user95_2017-02-24.bag;0.834065854549408;0.0;0.9619645476341248;0.0;3.6903359844713712;0.8114143797257863;0.18858562027421366
1731803006.3104675;/app/bags/user95_2017-02-24.bag;0.834065854549408;0.0;0.9619645476341248;0.0;3.6903359844713712;0.8114143797257863;0.18858562027421366
1731803006.5102894;/app/bags/user95_2017-02-24.bag;0.834065854549408;0.0;0.9619645476341248;0.0;3.6903359844713712;0.8114143797257863;0.18858562027421366
1731803006.710448;/app/bags/user95_2017-02-24.bag;0.834065854549408;0.0;0.9619645476341248;0.0;3.6903359844713712;0.8114143797257863;0.18858562027421366
1731803006.9104676;/app/bags/user95_2017-02-24.bag;0.834065854549408;0.0;0.9619645476341248;0.0;3.6903359844713712;0.8114143797257863;0.18858562027421366
1731803007.1104252;/app/bags/user95_2017-02-24.bag;0.834065854549408;0.0;0.9619645476341248;0.0;3.6903359844713712;0.8114143797257863;0.18858562027421366
1731803007.3103545;/app/bags/user95_2017-02-24.bag;0.834065854549408;0.0;0.9619645476341248;0.0;3.6903359844713712;0.8114143797257863;0.18858562027421366
1731803007.5104363;/app/bags/user95_2017-02-24.bag;0.834065854549408;0.0;0.9619645476341248;0.0;3.6903359844713712;0.8114143797257863;0.18858562027421366
1731803007.7103767;/app/bags/user95_2017-02-24.bag;0.834065854549408;0.0;0.9619645476341248;0.0;3.6903359844713712;0.8114143797257863;0.18858562027421366
1731803007.9104114;/app/bags/user95_2017-02-24.bag;0.834065854549408;0.0;0.9619645476341248;0.0;3.6903359844713712;0.8114143797257863;0.18858562027421366
1731803008.1104226;/app/bags/user95_2017-02-24.bag;0.834065854549408;0.0;0.9619645476341248;0.0;3.6903359844713712;0.8114143797257863;0.18858562027421366
1731803008.3104062;/app/bags/user95_2017-02-24.bag;0.834065854549408;0.0;0.9619645476341248;0.0;3.6903359844713712;0.8114143797257863;0.18858562027421366
1731803008.5104496;/app/bags/user95_2017-02-24.bag;0.834065854549408;0.0;0.9619645476341248;0.0;3.6903359844713712;0.8114143797257863;0.18858562027421366
1731803008.7103984;/app/bags/user95_2017-02-24.bag;0.834065854549408;0.0;0.9619645476341248;0.0;3.6903359844713712;0.8114143797257863;0.18858562027421366
1731803008.9103773;/app/bags/user95_2017-02-24.bag;0.834065854549408;0.0;0.9619645476341248;0.0;3.6903359844713712;0.8114143797257863;0.18858562027421366
1731803009.1104386;/app/bags/user95_2017-02-24.bag;0.834065854549408;0.0;0.9619645476341248;0.0;3.6903359844713712;0.8114143797257863;0.18858562027421366
1731803009.310503;/app/bags/user95_2017-02-24.bag;0.834065854549408;0.0;0.9619645476341248;0.0;3.6903359844713712;0.8114143797257863;0.18858562027421366
1731803009.5103896;/app/bags/user95_2017-02-24.bag;0.834065854549408;0.0;0.9619645476341248;0.0;3.6903359844713712;0.8114143797257863;0.18858562027421366
1731803009.7103848;/app/bags/user95_2017-02-24.bag;0.834065854549408;0.0;0.9619645476341248;0.0;3.6903359844713712;0.8114143797257863;0.18858562027421366
1731803009.9103804;/app/bags/user95_2017-02-24.bag;0.834065854549408;0.0;0.9619645476341248;0.0;3.6903359844713712;0.8114143797257863;0.18858562027421366
1731803010.1105168;/app/bags/user95_2017-02-24.bag;0.834065854549408;0.0;0.9619645476341248;0.0;3.6903359844713712;0.8114143797257863;0.18858562027421366
1731803010.3104131;/app/bags/user95_2017-02-24.bag;0.834065854549408;0.0;0.9619645476341248;0.0;3.6903359844713712;0.8114143797257863;0.18858562027421366
1731803010.5104346;/app/bags/user95_2017-02-24.bag;0.834065854549408;0.0;0.9619645476341248;0.0;3.6903359844713712;0.8114143797257863;0.18858562027421366
1731803010.710404;/app/bags/user95_2017-02-24.bag;0.834065854549408;0.0;0.9619645476341248;0.0;3.6903359844713712;0.8114143797257863;0.18858562027421366
1731803010.910358;/app/bags/user95_2017-02-24.bag;0.834065854549408;0.0;0.9619645476341248;0.0;3.6903359844713712;0.8114143797257863;0.18858562027421366
1731803011.1103668;/app/bags/user95_2017-02-24.bag;0.834065854549408;0.0;0.9619645476341248;0.0;3.6903359844713712;0.8114143797257863;0.18858562027421366
1731803011.3103774;/app/bags/user95_2017-02-24.bag;0.834065854549408;0.0;0.9619645476341248;0.0;3.6903359844713712;0.8114143797257863;0.18858562027421366
1731803011.5104325;/app/bags/user95_2017-02-24.bag;0.834065854549408;0.0;0.9619645476341248;0.0;3.6903359844713712;0.8114143797257863;0.18858562027421366
1731803011.7104483;/app/bags/user95_2017-02-24.bag;0.834065854549408;0.0;0.9619645476341248;0.0;3.6903359844713712;0.8114143797257863;0.18858562027421366
1731803011.9103782;/app/bags/user95_2017-02-24.bag;0.834065854549408;0.0;0.9619645476341248;0.0;3.6903359844713712;0.8114143797257863;0.18858562027421366
1731803012.110417;/app/bags/user95_2017-02-24.bag;0.834065854549408;0.0;0.9619645476341248;0.0;3.6903359844713712;0.8114143797257863;0.18858562027421366
1731803012.3104012;/app/bags/user95_2017-02-24.bag;0.834065854549408;0.0;0.9619645476341248;0.0;3.6903359844713712;0.8114143797257863;0.18858562027421366
1731803012.5103822;/app/bags/user95_2017-02-24.bag;0.834065854549408;0.0;0.9619645476341248;0.0;3.6903359844713712;0.8114143797257863;0.18858562027421366
1731803012.7103875;/app/bags/user95_2017-02-24.bag;0.834065854549408;0.0;0.9619645476341248;0.0;3.6903359844713712;0.8114143797257863;0.18858562027421366
1731803012.9104211;/app/bags/user95_2017-02-24.bag;0.834065854549408;0.0;0.9619645476341248;0.0;3.6903359844713712;0.8114143797257863;0.18858562027421366
1731803013.110445;/app/bags/user95_2017-02-24.bag;0.834065854549408;0.0;0.9619645476341248;0.0;3.6903359844713712;0.8114143797257863;0.18858562027421366
1731803013.3104453;/app/bags/user95_2017-02-24.bag;0.834065854549408;0.0;0.9619645476341248;0.0;3.6903359844713712;0.8114143797257863;0.18858562027421366
1731803013.5104606;/app/bags/user95_2017-02-24.bag;0.834065854549408;0.0;0.9619645476341248;0.0;3.6903359844713712;0.8114143797257863;0.18858562027421366
1731803013.7104027;/app/bags/user95_2017-02-24.bag;0.834065854549408;0.0;0.9619645476341248;0.0;3.6903359844713712;0.8114143797257863;0.18858562027421366
1731803013.910464;/app/bags/user95_2017-02-24.bag;0.834065854549408;0.0;0.9619645476341248;0.0;3.6903359844713712;0.8114143797257863;0.18858562027421366
1731803014.110447;/app/bags/user95_2017-02-24.bag;0.834065854549408;0.0;0.9619645476341248;0.0;3.6903359844713712;0.8114143797257863;0.18858562027421366
1731803014.3104026;/app/bags/user95_2017-02-24.bag;0.834065854549408;0.0;0.9619645476341248;0.0;3.6903359844713712;0.8114143797257863;0.18858562027421366
1731803014.5103605;/app/bags/user95_2017-02-24.bag;0.834065854549408;0.0;0.9619645476341248;0.0;3.6903359844713712;0.8114143797257863;0.18858562027421366
1731803014.7104473;/app/bags/user95_2017-02-24.bag;0.834065854549408;0.0;0.9619645476341248;0.0;3.6903359844713712;0.8114143797257863;0.18858562027421366
1731803014.9104538;/app/bags/user95_2017-02-24.bag;0.834065854549408;0.0;0.9619645476341248;0.0;3.6903359844713712;0.8114143797257863;0.18858562027421366
1731803015.1104565;/app/bags/user95_2017-02-24.bag;0.834065854549408;0.0;0.9619645476341248;0.0;3.6903359844713712;0.8114143797257863;0.18858562027421366
1731803015.3104181;/app/bags/user95_2017-02-24.bag;0.834065854549408;0.0;0.9619645476341248;0.0;3.6903359844713712;0.8114143797257863;0.18858562027421366
1731803015.5104325;/app/bags/user95_2017-02-24.bag;0.834065854549408;0.0;0.9619645476341248;0.0;3.6903359844713712;0.8114143797257863;0.18858562027421366
1731803015.7103984;/app/bags/user95_2017-02-24.bag;0.834065854549408;0.0;0.9619645476341248;0.0;3.6903359844713712;0.8114143797257863;0.18858562027421366
1731803015.9103725;/app/bags/user95_2017-02-24.bag;0.834065854549408;0.0;0.9619645476341248;0.0;3.6903359844713712;0.8114143797257863;0.18858562027421366
1731803016.1104014;/app/bags/user95_2017-02-24.bag;0.834065854549408;0.0;0.9619645476341248;0.0;3.6903359844713712;0.8114143797257863;0.18858562027421366
1731803016.3103654;/app/bags/user95_2017-02-24.bag;0.834065854549408;0.0;0.9619645476341248;0.0;3.6903359844713712;0.8114143797257863;0.18858562027421366
1731803016.5104444;/app/bags/user95_2017-02-24.bag;0.834065854549408;0.0;0.9619645476341248;0.0;3.6903359844713712;0.8114143797257863;0.18858562027421366
1731803016.710482;/app/bags/user95_2017-02-24.bag;0.834065854549408;0.0;0.9619645476341248;0.0;3.6903359844713712;0.8114143797257863;0.18858562027421366
1731803016.9103816;/app/bags/user95_2017-02-24.bag;0.834065854549408;0.0;0.9619645476341248;0.0;3.6903359844713712;0.8114143797257863;0.18858562027421366
1731803017.1104786;/app/bags/user95_2017-02-24.bag;0.834065854549408;0.0;0.9619645476341248;0.0;3.6903359844713712;0.8114143797257863;0.18858562027421366
1731803017.310427;/app/bags/user95_2017-02-24.bag;0.834065854549408;0.0;0.9619645476341248;0.0;3.6903359844713712;0.8114143797257863;0.18858562027421366
1731803017.510561;/app/bags/user95_2017-02-24.bag;0.834065854549408;0.0;0.9619645476341248;0.0;3.6903359844713712;0.8114143797257863;0.18858562027421366
1731803017.7103827;/app/bags/user95_2017-02-24.bag;0.834065854549408;0.0;0.9619645476341248;0.0;3.6903359844713712;0.8114143797257863;0.18858562027421366
1731803017.9103851;/app/bags/user95_2017-02-24.bag;0.834065854549408;0.0;0.9619645476341248;0.0;3.6903359844713712;0.8114143797257863;0.18858562027421366
1731803018.1103733;/app/bags/user95_2017-02-24.bag;0.834065854549408;0.0;0.9619645476341248;0.0;3.6903359844713712;0.8114143797257863;0.18858562027421366
1731803018.310389;/app/bags/user95_2017-02-24.bag;0.834065854549408;0.0;0.9619645476341248;0.0;3.6903359844713712;0.8114143797257863;0.18858562027421366
1731803018.510394;/app/bags/user95_2017-02-24.bag;0.834065854549408;0.0;0.9619645476341248;0.0;3.6903359844713712;0.8114143797257863;0.18858562027421366
1731803018.7104497;/app/bags/user95_2017-02-24.bag;0.834065854549408;0.0;0.9619645476341248;0.0;3.6903359844713712;0.8114143797257863;0.18858562027421366
1731803018.91048;/app/bags/user95_2017-02-24.bag;0.834065854549408;0.0;0.9619645476341248;0.0;3.6903359844713712;0.8114143797257863;0.18858562027421366
1731803019.1104095;/app/bags/user95_2017-02-24.bag;0.834065854549408;0.0;0.9619645476341248;0.0;3.6903359844713712;0.8114143797257863;0.18858562027421366
1731803019.3103883;/app/bags/user95_2017-02-24.bag;0.834065854549408;0.0;0.9619645476341248;0.0;3.6903359844713712;0.8114143797257863;0.18858562027421366
1731803019.5104809;/app/bags/user95_2017-02-24.bag;0.834065854549408;0.0;0.9619645476341248;0.0;3.6903359844713712;0.8114143797257863;0.18858562027421366
1731803019.7103772;/app/bags/user95_2017-02-24.bag;0.834065854549408;0.0;0.9619645476341248;0.0;3.6903359844713712;0.8114143797257863;0.18858562027421366
1731803019.9103987;/app/bags/user95_2017-02-24.bag;0.834065854549408;0.0;0.9619645476341248;0.0;3.6903359844713712;0.8114143797257863;0.18858562027421366
1731803020.1104062;/app/bags/user95_2017-02-24.bag;0.834065854549408;0.0;0.9619645476341248;0.0;3.6903359844713712;0.8114143797257863;0.18858562027421366
1731803020.3104527;/app/bags/user95_2017-02-24.bag;0.834065854549408;0.0;0.9619645476341248;0.0;3.6903359844713712;0.8114143797257863;0.18858562027421366
1731803020.5103352;/app/bags/user95_2017-02-24.bag;0.834065854549408;0.0;0.9619645476341248;0.0;3.6903359844713712;0.8114143797257863;0.18858562027421366
1731803020.7103565;/app/bags/user95_2017-02-24.bag;0.834065854549408;0.0;0.9619645476341248;0.0;3.6903359844713712;0.8114143797257863;0.18858562027421366
1731803020.9104414;/app/bags/user95_2017-02-24.bag;0.834065854549408;0.0;0.9619645476341248;0.0;3.6903359844713712;0.8114143797257863;0.18858562027421366
1731803021.11042;/app/bags/user95_2017-02-24.bag;0.834065854549408;0.0;0.9619645476341248;0.0;3.6903359844713712;0.8114143797257863;0.18858562027421366
1731803021.310428;/app/bags/user95_2017-02-24.bag;0.834065854549408;0.0;0.9619645476341248;0.0;3.6903359844713712;0.8114143797257863;0.18858562027421366
1731803021.510394;/app/bags/user95_2017-02-24.bag;0.834065854549408;0.0;0.9619645476341248;0.0;3.6903359844713712;0.8114143797257863;0.18858562027421366
1731803021.710378;/app/bags/user95_2017-02-24.bag;0.834065854549408;0.0;0.9619645476341248;0.0;3.6903359844713712;0.8114143797257863;0.18858562027421366
1731803021.9104216;/app/bags/user95_2017-02-24.bag;0.834065854549408;0.0;0.9619645476341248;0.0;3.6903359844713712;0.8114143797257863;0.18858562027421366
1731803022.110416;/app/bags/user95_2017-02-24.bag;0.834065854549408;0.0;0.9619645476341248;0.0;3.6903359844713712;0.8114143797257863;0.18858562027421366
1731803022.3104174;/app/bags/user95_2017-02-24.bag;0.834065854549408;0.0;0.9619645476341248;0.0;3.6903359844713712;0.8114143797257863;0.18858562027421366
1731803022.5104818;/app/bags/user95_2017-02-24.bag;0.834065854549408;0.0;0.9619645476341248;0.0;3.6903359844713712;0.8114143797257863;0.18858562027421366
1731803022.7103817;/app/bags/user95_2017-02-24.bag;0.834065854549408;0.0;0.9619645476341248;0.0;3.6903359844713712;0.8114143797257863;0.18858562027421366
1731803022.9104202;/app/bags/user95_2017-02-24.bag;0.834065854549408;0.0;0.9619645476341248;0.0;3.6903359844713712;0.8114143797257863;0.18858562027421366
1731803023.1104364;/app/bags/user95_2017-02-24.bag;0.834065854549408;0.0;0.9619645476341248;0.0;3.6903359844713712;0.8114143797257863;0.18858562027421366
1731803023.3104212;/app/bags/user95_2017-02-24.bag;0.834065854549408;0.0;0.9619645476341248;0.0;3.6903359844713712;0.8114143797257863;0.18858562027421366
1731803023.5104697;/app/bags/user95_2017-02-24.bag;0.834065854549408;0.0;0.9619645476341248;0.0;3.6903359844713712;0.8114143797257863;0.18858562027421366
1731803023.7104197;/app/bags/user95_2017-02-24.bag;0.834065854549408;0.0;0.9619645476341248;0.0;3.6903359844713712;0.8114143797257863;0.18858562027421366
1731803023.9104195;/app/bags/user95_2017-02-24.bag;0.834065854549408;0.0;0.9619645476341248;0.0;3.6903359844713712;0.8114143797257863;0.18858562027421366
1731803024.11039;/app/bags/user95_2017-02-24.bag;0.834065854549408;0.0;0.9619645476341248;0.0;3.6903359844713712;0.8114143797257863;0.18858562027421366
1731803024.3104186;/app/bags/user95_2017-02-24.bag;0.834065854549408;0.0;0.9619645476341248;0.0;3.6903359844713712;0.8114143797257863;0.18858562027421366
1731803024.5105176;/app/bags/user95_2017-02-24.bag;0.834065854549408;0.0;0.9619645476341248;0.0;3.6903359844713712;0.8114143797257863;0.18858562027421366
1731803024.7103677;/app/bags/user95_2017-02-24.bag;0.834065854549408;0.0;0.9619645476341248;0.0;3.6903359844713712;0.8114143797257863;0.18858562027421366
1731803024.9103968;/app/bags/user95_2017-02-24.bag;0.834065854549408;0.0;0.9619645476341248;0.0;3.6903359844713712;0.8114143797257863;0.18858562027421366
1731803025.1103888;/app/bags/user95_2017-02-24.bag;0.834065854549408;0.0;0.9619645476341248;0.0;3.6903359844713712;0.8114143797257863;0.18858562027421366
1731803025.3104873;/app/bags/user95_2017-02-24.bag;0.834065854549408;0.0;0.9619645476341248;0.0;3.6903359844713712;0.8114143797257863;0.18858562027421366
1731803025.510371;/app/bags/user95_2017-02-24.bag;0.834065854549408;0.0;0.9619645476341248;0.0;3.6903359844713712;0.8114143797257863;0.18858562027421366
1731803025.7103648;/app/bags/user95_2017-02-24.bag;0.834065854549408;0.0;0.9619645476341248;0.0;3.6903359844713712;0.8114143797257863;0.18858562027421366
1731803025.9103818;/app/bags/user95_2017-02-24.bag;0.834065854549408;0.0;0.9619645476341248;0.0;3.6903359844713712;0.8114143797257863;0.18858562027421366
1731803026.1103756;/app/bags/user95_2017-02-24.bag;0.834065854549408;0.0;0.9619645476341248;0.0;3.6903359844713712;0.8114143797257863;0.18858562027421366
1731803026.310379;/app/bags/user95_2017-02-24.bag;0.834065854549408;0.0;0.9619645476341248;0.0;3.6903359844713712;0.8114143797257863;0.18858562027421366
1731803026.510398;/app/bags/user95_2017-02-24.bag;0.834065854549408;0.0;0.9619645476341248;0.0;3.6903359844713712;0.8114143797257863;0.18858562027421366
1731803026.7104256;/app/bags/user95_2017-02-24.bag;0.834065854549408;0.0;0.9619645476341248;0.0;3.6903359844713712;0.8114143797257863;0.18858562027421366
1731803026.9103966;/app/bags/user95_2017-02-24.bag;0.834065854549408;0.0;0.9619645476341248;0.0;3.6903359844713712;0.8114143797257863;0.18858562027421366
1731803027.1104205;/app/bags/user95_2017-02-24.bag;0.834065854549408;0.0;0.9619645476341248;0.0;3.6903359844713712;0.8114143797257863;0.18858562027421366
1731803027.3103735;/app/bags/user95_2017-02-24.bag;0.834065854549408;0.0;0.9619645476341248;0.0;3.6903359844713712;0.8114143797257863;0.18858562027421366
1731803027.5104353;/app/bags/user95_2017-02-24.bag;0.834065854549408;0.0;0.9619645476341248;0.0;3.6903359844713712;0.8114143797257863;0.18858562027421366
1731803027.7104023;/app/bags/user95_2017-02-24.bag;0.834065854549408;0.0;0.9619645476341248;0.0;3.6903359844713712;0.8114143797257863;0.18858562027421366
1731803027.9104366;/app/bags/user95_2017-02-24.bag;0.834065854549408;0.0;0.9619645476341248;0.0;3.6903359844713712;0.8114143797257863;0.18858562027421366
1731803028.110391;/app/bags/user95_2017-02-24.bag;0.834065854549408;0.0;0.9619645476341248;0.0;3.6903359844713712;0.8114143797257863;0.18858562027421366
1731803028.3103652;/app/bags/user95_2017-02-24.bag;0.834065854549408;0.0;0.9619645476341248;0.0;3.6903359844713712;0.8114143797257863;0.18858562027421366
1731803028.51041;/app/bags/user95_2017-02-24.bag;0.834065854549408;0.0;0.9619645476341248;0.0;3.6903359844713712;0.8114143797257863;0.18858562027421366
1731803028.7104197;/app/bags/user95_2017-02-24.bag;0.834065854549408;0.0;0.9619645476341248;0.0;3.6903359844713712;0.8114143797257863;0.18858562027421366
1731803028.9104507;/app/bags/user95_2017-02-24.bag;0.834065854549408;0.0;0.9619645476341248;0.0;3.6903359844713712;0.8114143797257863;0.18858562027421366
1731803029.1104424;/app/bags/user95_2017-02-24.bag;0.834065854549408;0.0;0.9619645476341248;0.0;3.6903359844713712;0.8114143797257863;0.18858562027421366
1731803029.3103924;/app/bags/user95_2017-02-24.bag;0.834065854549408;0.0;0.9619645476341248;0.0;3.6903359844713712;0.8114143797257863;0.18858562027421366
1731803029.5104008;/app/bags/user95_2017-02-24.bag;0.834065854549408;0.0;0.9619645476341248;0.0;3.6903359844713712;0.8114143797257863;0.18858562027421366
1731803029.7104006;/app/bags/user95_2017-02-24.bag;0.834065854549408;0.0;0.9619645476341248;0.0;3.6903359844713712;0.8114143797257863;0.18858562027421366
1731803029.9104006;/app/bags/user95_2017-02-24.bag;0.834065854549408;0.0;0.9619645476341248;0.0;3.6903359844713712;0.8114143797257863;0.18858562027421366
1731803030.1104007;/app/bags/user95_2017-02-24.bag;0.834065854549408;0.0;0.9619645476341248;0.0;3.6903359844713712;0.8114143797257863;0.18858562027421366
1731803030.3104188;/app/bags/user95_2017-02-24.bag;0.834065854549408;0.0;0.9619645476341248;0.0;3.6903359844713712;0.8114143797257863;0.18858562027421366
1731803030.5104156;/app/bags/user95_2017-02-24.bag;0.834065854549408;0.0;0.9619645476341248;0.0;3.6903359844713712;0.8114143797257863;0.18858562027421366
1731803030.710391;/app/bags/user95_2017-02-24.bag;0.834065854549408;0.0;0.9619645476341248;0.0;3.6903359844713712;0.8114143797257863;0.18858562027421366
1731803030.910391;/app/bags/user95_2017-02-24.bag;0.834065854549408;0.0;0.9619645476341248;0.0;3.6903359844713712;0.8114143797257863;0.18858562027421366
1731803031.1103582;/app/bags/user95_2017-02-24.bag;0.834065854549408;0.0;0.9619645476341248;0.0;3.6903359844713712;0.8114143797257863;0.18858562027421366
1731803031.3103402;/app/bags/user95_2017-02-24.bag;0.834065854549408;0.0;0.9619645476341248;0.0;3.6903359844713712;0.8114143797257863;0.18858562027421366
1731803031.5105217;/app/bags/user95_2017-02-24.bag;0.834065854549408;0.0;0.9619645476341248;0.0;3.6903359844713712;0.8114143797257863;0.18858562027421366
1731803031.710404;/app/bags/user95_2017-02-24.bag;0.834065854549408;0.0;0.9619645476341248;0.0;3.6903359844713712;0.8114143797257863;0.18858562027421366
1731803031.910349;/app/bags/user95_2017-02-24.bag;0.834065854549408;0.0;0.9619645476341248;0.0;3.6903359844713712;0.8114143797257863;0.18858562027421366
1731803032.1104052;/app/bags/user95_2017-02-24.bag;0.834065854549408;0.0;0.9619645476341248;0.0;3.6903359844713712;0.8114143797257863;0.18858562027421366
1731803032.3103614;/app/bags/user95_2017-02-24.bag;0.834065854549408;0.0;0.9619645476341248;0.0;3.6903359844713712;0.8114143797257863;0.18858562027421366
1731803032.5104837;/app/bags/user95_2017-02-24.bag;0.834065854549408;0.0;0.9619645476341248;0.0;3.6903359844713712;0.8114143797257863;0.18858562027421366
1731803032.7105677;/app/bags/user95_2017-02-24.bag;0.834065854549408;0.0;0.9619645476341248;0.0;3.6903359844713712;0.8114143797257863;0.18858562027421366
1731803032.9103732;/app/bags/user95_2017-02-24.bag;0.834065854549408;0.0;0.9619645476341248;0.0;3.6903359844713712;0.8114143797257863;0.18858562027421366
1731803033.1103683;/app/bags/user95_2017-02-24.bag;0.834065854549408;0.0;0.9619645476341248;0.0;3.6903359844713712;0.8114143797257863;0.18858562027421366
1731803033.3104134;/app/bags/user95_2017-02-24.bag;0.834065854549408;0.0;0.9619645476341248;0.0;3.6903359844713712;0.8114143797257863;0.18858562027421366
1731803033.5104632;/app/bags/user95_2017-02-24.bag;0.834065854549408;0.0;0.9619645476341248;0.0;3.6903359844713712;0.8114143797257863;0.18858562027421366
1731803033.7103827;/app/bags/user95_2017-02-24.bag;0.834065854549408;0.0;0.9619645476341248;0.0;3.6903359844713712;0.8114143797257863;0.18858562027421366
1731803033.9103549;/app/bags/user95_2017-02-24.bag;0.834065854549408;0.0;0.9619645476341248;0.0;3.6903359844713712;0.8114143797257863;0.18858562027421366
1731803034.1103816;/app/bags/user95_2017-02-24.bag;0.834065854549408;0.0;0.9619645476341248;0.0;3.6903359844713712;0.8114143797257863;0.18858562027421366
1731803034.3104422;/app/bags/user95_2017-02-24.bag;0.834065854549408;0.0;0.9619645476341248;0.0;3.6903359844713712;0.8114143797257863;0.18858562027421366
1731803034.510397;/app/bags/user95_2017-02-24.bag;0.834065854549408;0.0;0.9619645476341248;0.0;3.6903359844713712;0.8114143797257863;0.18858562027421366
1731803034.710437;/app/bags/user95_2017-02-24.bag;0.834065854549408;0.0;0.9619645476341248;0.0;3.6903359844713712;0.8114143797257863;0.18858562027421366
1731803034.9104362;/app/bags/user95_2017-02-24.bag;0.834065854549408;0.0;0.9619645476341248;0.0;3.6903359844713712;0.8114143797257863;0.18858562027421366
1731803035.110392;/app/bags/user95_2017-02-24.bag;0.834065854549408;0.0;0.9619645476341248;0.0;3.6903359844713712;0.8114143797257863;0.18858562027421366
1731803035.3103566;/app/bags/user95_2017-02-24.bag;0.834065854549408;0.0;0.9619645476341248;0.0;3.6903359844713712;0.8114143797257863;0.18858562027421366
1731803035.5105343;/app/bags/user95_2017-02-24.bag;0.834065854549408;0.0;0.9619645476341248;0.0;3.6903359844713712;0.8114143797257863;0.18858562027421366
1731803035.7104082;/app/bags/user95_2017-02-24.bag;0.834065854549408;0.0;0.9619645476341248;0.0;3.6903359844713712;0.8114143797257863;0.18858562027421366
1731803035.9104056;/app/bags/user95_2017-02-24.bag;0.834065854549408;0.0;0.9619645476341248;0.0;3.6903359844713712;0.8114143797257863;0.18858562027421366
1731803036.1103795;/app/bags/user95_2017-02-24.bag;0.834065854549408;0.0;0.9619645476341248;0.0;3.6903359844713712;0.8114143797257863;0.18858562027421366
1731803036.3103807;/app/bags/user95_2017-02-24.bag;0.834065854549408;0.0;0.9619645476341248;0.0;3.6903359844713712;0.8114143797257863;0.18858562027421366
1731803036.5103586;/app/bags/user95_2017-02-24.bag;0.834065854549408;0.0;0.9619645476341248;0.0;3.6903359844713712;0.8114143797257863;0.18858562027421366
1731803036.7104087;/app/bags/user95_2017-02-24.bag;0.834065854549408;0.0;0.9619645476341248;0.0;3.6903359844713712;0.8114143797257863;0.18858562027421366
1731803036.9104395;/app/bags/user95_2017-02-24.bag;0.834065854549408;0.0;0.9619645476341248;0.0;3.6903359844713712;0.8114143797257863;0.18858562027421366
1731803037.1103883;/app/bags/user95_2017-02-24.bag;0.834065854549408;0.0;0.9619645476341248;0.0;3.6903359844713712;0.8114143797257863;0.18858562027421366
1731803037.3104153;/app/bags/user95_2017-02-24.bag;0.834065854549408;0.0;0.9619645476341248;0.0;3.6903359844713712;0.8114143797257863;0.18858562027421366
1731803037.5104167;/app/bags/user95_2017-02-24.bag;0.834065854549408;0.0;0.9619645476341248;0.0;3.6903359844713712;0.8114143797257863;0.18858562027421366
1731803037.7104187;/app/bags/user95_2017-02-24.bag;0.834065854549408;0.0;0.9619645476341248;0.0;3.6903359844713712;0.8114143797257863;0.18858562027421366
1731803037.9104006;/app/bags/user95_2017-02-24.bag;0.834065854549408;0.0;0.9619645476341248;0.0;3.6903359844713712;0.8114143797257863;0.18858562027421366
1731803038.110389;/app/bags/user95_2017-02-24.bag;0.834065854549408;0.0;0.9619645476341248;0.0;3.6903359844713712;0.8114143797257863;0.18858562027421366
1731803038.3103828;/app/bags/user95_2017-02-24.bag;0.834065854549408;0.0;0.9619645476341248;0.0;3.6903359844713712;0.8114143797257863;0.18858562027421366
1731803038.5104399;/app/bags/user95_2017-02-24.bag;0.834065854549408;0.0;0.9619645476341248;0.0;3.6903359844713712;0.8114143797257863;0.18858562027421366
1731803038.710414;/app/bags/user95_2017-02-24.bag;0.834065854549408;0.0;0.9619645476341248;0.0;3.6903359844713712;0.8114143797257863;0.18858562027421366
1731803038.9103932;/app/bags/user95_2017-02-24.bag;0.834065854549408;0.0;0.9619645476341248;0.0;3.6903359844713712;0.8114143797257863;0.18858562027421366
1731803039.1103647;/app/bags/user95_2017-02-24.bag;0.834065854549408;0.0;0.9619645476341248;0.0;3.6903359844713712;0.8114143797257863;0.18858562027421366
1731803039.3103542;/app/bags/user95_2017-02-24.bag;0.834065854549408;0.0;0.9619645476341248;0.0;3.6903359844713712;0.8114143797257863;0.18858562027421366
1731803039.5103996;/app/bags/user95_2017-02-24.bag;0.834065854549408;0.0;0.9619645476341248;0.0;3.6903359844713712;0.8114143797257863;0.18858562027421366
1731803039.7104087;/app/bags/user95_2017-02-24.bag;0.834065854549408;0.0;0.9619645476341248;0.0;3.6903359844713712;0.8114143797257863;0.18858562027421366
1731803039.9103634;/app/bags/user95_2017-02-24.bag;0.834065854549408;0.0;0.9619645476341248;0.0;3.6903359844713712;0.8114143797257863;0.18858562027421366
1731803040.1105008;/app/bags/user95_2017-02-24.bag;0.834065854549408;0.0;0.9619645476341248;0.0;3.6903359844713712;0.8114143797257863;0.18858562027421366
1731803040.3104067;/app/bags/user95_2017-02-24.bag;0.834065854549408;0.0;0.9619645476341248;0.0;3.6903359844713712;0.8114143797257863;0.18858562027421366
1731803040.5103765;/app/bags/user95_2017-02-24.bag;0.834065854549408;0.0;0.9619645476341248;0.0;3.6903359844713712;0.8114143797257863;0.18858562027421366
1731803040.7103972;/app/bags/user95_2017-02-24.bag;0.834065854549408;0.0;0.9619645476341248;0.0;3.6903359844713712;0.8114143797257863;0.18858562027421366
1731803040.9103794;/app/bags/user95_2017-02-24.bag;0.834065854549408;0.0;0.9619645476341248;0.0;3.6903359844713712;0.8114143797257863;0.18858562027421366
1731803041.1104596;/app/bags/user95_2017-02-24.bag;0.834065854549408;0.0;0.9619645476341248;0.0;3.6903359844713712;0.8114143797257863;0.18858562027421366
1731803041.3104177;/app/bags/user95_2017-02-24.bag;0.834065854549408;0.0;0.9619645476341248;0.0;3.6903359844713712;0.8114143797257863;0.18858562027421366
1731803041.510395;/app/bags/user95_2017-02-24.bag;0.834065854549408;0.0;0.9619645476341248;0.0;3.6903359844713712;0.8114143797257863;0.18858562027421366
1731803041.7104127;/app/bags/user95_2017-02-24.bag;0.834065854549408;0.0;0.9619645476341248;0.0;3.6903359844713712;0.8114143797257863;0.18858562027421366
1731803041.9104724;/app/bags/user95_2017-02-24.bag;0.834065854549408;0.0;0.9619645476341248;0.0;3.6903359844713712;0.8114143797257863;0.18858562027421366
1731803042.1103833;/app/bags/user95_2017-02-24.bag;0.834065854549408;0.0;0.9619645476341248;0.0;3.6903359844713712;0.8114143797257863;0.18858562027421366
1731803042.3103886;/app/bags/user95_2017-02-24.bag;0.834065854549408;0.0;0.9619645476341248;0.0;3.6903359844713712;0.8114143797257863;0.18858562027421366
1731803042.5104005;/app/bags/user95_2017-02-24.bag;0.834065854549408;0.0;0.9619645476341248;0.0;3.6903359844713712;0.8114143797257863;0.18858562027421366
1731803042.7104595;/app/bags/user95_2017-02-24.bag;0.834065854549408;0.0;0.9619645476341248;0.0;3.6903359844713712;0.8114143797257863;0.18858562027421366
1731803042.9103732;/app/bags/user95_2017-02-24.bag;0.834065854549408;0.0;0.9619645476341248;0.0;3.6903359844713712;0.8114143797257863;0.18858562027421366
1731803043.1104;/app/bags/user95_2017-02-24.bag;0.834065854549408;0.0;0.9619645476341248;0.0;3.6903359844713712;0.8114143797257863;0.18858562027421366
1731803043.3103917;/app/bags/user95_2017-02-24.bag;0.834065854549408;0.0;0.9619645476341248;0.0;3.6903359844713712;0.8114143797257863;0.18858562027421366
1731803043.5103571;/app/bags/user95_2017-02-24.bag;0.834065854549408;0.0;0.9619645476341248;0.0;3.6903359844713712;0.8114143797257863;0.18858562027421366
1731803043.7104006;/app/bags/user95_2017-02-24.bag;0.834065854549408;0.0;0.9619645476341248;0.0;3.6903359844713712;0.8114143797257863;0.18858562027421366
1731803043.9104934;/app/bags/user95_2017-02-24.bag;0.834065854549408;0.0;0.9619645476341248;0.0;3.6903359844713712;0.8114143797257863;0.18858562027421366
1731803044.1103203;/app/bags/user95_2017-02-24.bag;0.834065854549408;0.0;0.9619645476341248;0.0;3.6903359844713712;0.8114143797257863;0.18858562027421366
1731803044.31043;/app/bags/user95_2017-02-24.bag;0.834065854549408;0.0;0.9619645476341248;0.0;3.6903359844713712;0.8114143797257863;0.18858562027421366
1731803044.5103743;/app/bags/user95_2017-02-24.bag;0.834065854549408;0.0;0.9619645476341248;0.0;3.6903359844713712;0.8114143797257863;0.18858562027421366
1731803044.710347;/app/bags/user95_2017-02-24.bag;0.834065854549408;0.0;0.9619645476341248;0.0;3.6903359844713712;0.8114143797257863;0.18858562027421366
1731803044.9103398;/app/bags/user95_2017-02-24.bag;0.834065854549408;0.0;0.9619645476341248;0.0;3.6903359844713712;0.8114143797257863;0.18858562027421366
1731803045.1104257;/app/bags/user95_2017-02-24.bag;0.834065854549408;0.0;0.9619645476341248;0.0;3.6903359844713712;0.8114143797257863;0.18858562027421366
1731803045.3104308;/app/bags/user95_2017-02-24.bag;0.834065854549408;0.0;0.9619645476341248;0.0;3.6903359844713712;0.8114143797257863;0.18858562027421366
1731803045.510381;/app/bags/user95_2017-02-24.bag;0.834065854549408;0.0;0.9619645476341248;0.0;3.6903359844713712;0.8114143797257863;0.18858562027421366
1731803045.7103667;/app/bags/user95_2017-02-24.bag;0.834065854549408;0.0;0.9619645476341248;0.0;3.6903359844713712;0.8114143797257863;0.18858562027421366
1731803045.9106207;/app/bags/user95_2017-02-24.bag;0.834065854549408;0.0;0.9619645476341248;0.0;3.6903359844713712;0.8114143797257863;0.18858562027421366
1731803046.110413;/app/bags/user95_2017-02-24.bag;0.834065854549408;0.0;0.9619645476341248;0.0;3.6903359844713712;0.8114143797257863;0.18858562027421366
1731803046.3104784;/app/bags/user95_2017-02-24.bag;0.834065854549408;0.0;0.9619645476341248;0.0;3.6903359844713712;0.8114143797257863;0.18858562027421366
1731803046.5103898;/app/bags/user95_2017-02-24.bag;0.834065854549408;0.0;0.9619645476341248;0.0;3.6903359844713712;0.8114143797257863;0.18858562027421366
1731803046.710394;/app/bags/user95_2017-02-24.bag;0.834065854549408;0.0;0.9619645476341248;0.0;3.6903359844713712;0.8114143797257863;0.18858562027421366
1731803046.9104168;/app/bags/user95_2017-02-24.bag;0.834065854549408;0.0;0.9619645476341248;0.0;3.6903359844713712;0.8114143797257863;0.18858562027421366
1731803047.1103764;/app/bags/user95_2017-02-24.bag;0.834065854549408;0.0;0.9619645476341248;0.0;3.6903359844713712;0.8114143797257863;0.18858562027421366
1731803047.310362;/app/bags/user95_2017-02-24.bag;0.834065854549408;0.0;0.9619645476341248;0.0;3.6903359844713712;0.8114143797257863;0.18858562027421366
1731803047.5103693;/app/bags/user95_2017-02-24.bag;0.834065854549408;0.0;0.9619645476341248;0.0;3.6903359844713712;0.8114143797257863;0.18858562027421366
1731803047.710395;/app/bags/user95_2017-02-24.bag;0.834065854549408;0.0;0.9619645476341248;0.0;3.6903359844713712;0.8114143797257863;0.18858562027421366
1731803047.9103878;/app/bags/user95_2017-02-24.bag;0.834065854549408;0.0;0.9619645476341248;0.0;3.6903359844713712;0.8114143797257863;0.18858562027421366
1731803048.1105254;/app/bags/user95_2017-02-24.bag;0.834065854549408;0.0;0.9619645476341248;0.0;3.6903359844713712;0.8114143797257863;0.18858562027421366
1731803048.3104768;/app/bags/user95_2017-02-24.bag;0.834065854549408;0.0;0.9619645476341248;0.0;3.6903359844713712;0.8114143797257863;0.18858562027421366
1731803048.5105405;/app/bags/user95_2017-02-24.bag;0.834065854549408;0.0;0.9619645476341248;0.0;3.6903359844713712;0.8114143797257863;0.18858562027421366
1731803048.7104313;/app/bags/user95_2017-02-24.bag;0.834065854549408;0.0;0.9619645476341248;0.0;3.6903359844713712;0.8114143797257863;0.18858562027421366
1731803048.9103947;/app/bags/user95_2017-02-24.bag;0.834065854549408;0.0;0.9619645476341248;0.0;3.6903359844713712;0.8114143797257863;0.18858562027421366
1731803049.1104379;/app/bags/user95_2017-02-24.bag;0.834065854549408;0.0;0.9619645476341248;0.0;3.6903359844713712;0.8114143797257863;0.18858562027421366
1731803049.3104491;/app/bags/user95_2017-02-24.bag;0.834065854549408;0.0;0.9619645476341248;0.0;3.6903359844713712;0.8114143797257863;0.18858562027421366
1731803049.51044;/app/bags/user95_2017-02-24.bag;0.834065854549408;0.0;0.9619645476341248;0.0;3.6903359844713712;0.8114143797257863;0.18858562027421366
1731803049.7104475;/app/bags/user95_2017-02-24.bag;0.834065854549408;0.0;0.9619645476341248;0.0;3.6903359844713712;0.8114143797257863;0.18858562027421366
1731803049.9103816;/app/bags/user95_2017-02-24.bag;0.834065854549408;0.0;0.9619645476341248;0.0;3.6903359844713712;0.8114143797257863;0.18858562027421366
1731803050.1104038;/app/bags/user95_2017-02-24.bag;0.834065854549408;0.0;0.9619645476341248;0.0;3.6903359844713712;0.8114143797257863;0.18858562027421366
1731803050.3103907;/app/bags/user95_2017-02-24.bag;0.834065854549408;0.0;0.9619645476341248;0.0;3.6903359844713712;0.8114143797257863;0.18858562027421366
1731803050.5104516;/app/bags/user95_2017-02-24.bag;0.834065854549408;0.0;0.9619645476341248;0.0;3.6903359844713712;0.8114143797257863;0.18858562027421366
1731803050.7104075;/app/bags/user95_2017-02-24.bag;0.834065854549408;0.0;0.9619645476341248;0.0;3.6903359844713712;0.8114143797257863;0.18858562027421366
1731803050.910422;/app/bags/user95_2017-02-24.bag;0.834065854549408;0.0;0.9619645476341248;0.0;3.6903359844713712;0.8114143797257863;0.18858562027421366
1731803051.1103966;/app/bags/user95_2017-02-24.bag;0.834065854549408;0.0;0.9619645476341248;0.0;3.6903359844713712;0.8114143797257863;0.18858562027421366
1731803051.3103957;/app/bags/user95_2017-02-24.bag;0.834065854549408;0.0;0.9619645476341248;0.0;3.6903359844713712;0.8114143797257863;0.18858562027421366
1731803051.510444;/app/bags/user95_2017-02-24.bag;0.834065854549408;0.0;0.9619645476341248;0.0;3.6903359844713712;0.8114143797257863;0.18858562027421366
1731803051.7103488;/app/bags/user95_2017-02-24.bag;0.834065854549408;0.0;0.9619645476341248;0.0;3.6903359844713712;0.8114143797257863;0.18858562027421366
1731803051.910413;/app/bags/user95_2017-02-24.bag;0.834065854549408;0.0;0.9619645476341248;0.0;3.6903359844713712;0.8114143797257863;0.18858562027421366
1731803052.110367;/app/bags/user95_2017-02-24.bag;0.834065854549408;0.0;0.9619645476341248;0.0;3.6903359844713712;0.8114143797257863;0.18858562027421366
1731803052.3104086;/app/bags/user95_2017-02-24.bag;0.834065854549408;0.0;0.9619645476341248;0.0;3.6903359844713712;0.8114143797257863;0.18858562027421366
1731803052.5104363;/app/bags/user95_2017-02-24.bag;0.834065854549408;0.0;0.9619645476341248;0.0;3.6903359844713712;0.8114143797257863;0.18858562027421366
1731803052.7104156;/app/bags/user95_2017-02-24.bag;0.834065854549408;0.0;0.9619645476341248;0.0;3.6903359844713712;0.8114143797257863;0.18858562027421366
1731803052.91036;/app/bags/user95_2017-02-24.bag;0.834065854549408;0.0;0.9619645476341248;0.0;3.6903359844713712;0.8114143797257863;0.18858562027421366
1731803053.1104205;/app/bags/user95_2017-02-24.bag;0.834065854549408;0.0;0.9619645476341248;0.0;3.6903359844713712;0.8114143797257863;0.18858562027421366
1731803053.3104196;/app/bags/user95_2017-02-24.bag;0.834065854549408;0.0;0.9619645476341248;0.0;3.6903359844713712;0.8114143797257863;0.18858562027421366
1731803053.510506;/app/bags/user95_2017-02-24.bag;0.834065854549408;0.0;0.9619645476341248;0.0;3.6903359844713712;0.8114143797257863;0.18858562027421366
1731803053.7104914;/app/bags/user95_2017-02-24.bag;0.834065854549408;0.0;0.9619645476341248;0.0;3.6903359844713712;0.8114143797257863;0.18858562027421366
1731803053.9104161;/app/bags/user95_2017-02-24.bag;0.834065854549408;0.0;0.9619645476341248;0.0;3.6903359844713712;0.8114143797257863;0.18858562027421366
1731803054.1103756;/app/bags/user95_2017-02-24.bag;0.834065854549408;0.0;0.9619645476341248;0.0;3.6903359844713712;0.8114143797257863;0.18858562027421366
1731803054.3103871;/app/bags/user95_2017-02-24.bag;0.834065854549408;0.0;0.9619645476341248;0.0;3.6903359844713712;0.8114143797257863;0.18858562027421366
1731803054.510536;/app/bags/user95_2017-02-24.bag;0.834065854549408;0.0;0.9619645476341248;0.0;3.6903359844713712;0.8114143797257863;0.18858562027421366
1731803054.7104452;/app/bags/user95_2017-02-24.bag;0.834065854549408;0.0;0.9619645476341248;0.0;3.6903359844713712;0.8114143797257863;0.18858562027421366
1731803054.9104245;/app/bags/user95_2017-02-24.bag;0.834065854549408;0.0;0.9619645476341248;0.0;3.6903359844713712;0.8114143797257863;0.18858562027421366
1731803055.1104057;/app/bags/user95_2017-02-24.bag;0.834065854549408;0.0;0.9619645476341248;0.0;3.6903359844713712;0.8114143797257863;0.18858562027421366
1731803055.3103824;/app/bags/user95_2017-02-24.bag;0.834065854549408;0.0;0.9619645476341248;0.0;3.6903359844713712;0.8114143797257863;0.18858562027421366
1731803055.5104024;/app/bags/user95_2017-02-24.bag;0.834065854549408;0.0;0.9619645476341248;0.0;3.6903359844713712;0.8114143797257863;0.18858562027421366
1731803055.7103667;/app/bags/user95_2017-02-24.bag;0.834065854549408;0.0;0.9619645476341248;0.0;3.6903359844713712;0.8114143797257863;0.18858562027421366
1731803055.9104261;/app/bags/user95_2017-02-24.bag;0.834065854549408;0.0;0.9619645476341248;0.0;3.6903359844713712;0.8114143797257863;0.18858562027421366
1731803056.110403;/app/bags/user95_2017-02-24.bag;0.834065854549408;0.0;0.9619645476341248;0.0;3.6903359844713712;0.8114143797257863;0.18858562027421366
1731803056.310383;/app/bags/user95_2017-02-24.bag;0.834065854549408;0.0;0.9619645476341248;0.0;3.6903359844713712;0.8114143797257863;0.18858562027421366
1731803056.510415;/app/bags/user95_2017-02-24.bag;0.834065854549408;0.0;0.9619645476341248;0.0;3.6903359844713712;0.8114143797257863;0.18858562027421366
1731803056.710433;/app/bags/user95_2017-02-24.bag;0.834065854549408;0.0;0.9619645476341248;0.0;3.6903359844713712;0.8114143797257863;0.18858562027421366
1731803056.9104867;/app/bags/user95_2017-02-24.bag;0.834065854549408;0.0;0.9619645476341248;0.0;3.6903359844713712;0.8114143797257863;0.18858562027421366
1731803057.110384;/app/bags/user95_2017-02-24.bag;0.834065854549408;0.0;0.9619645476341248;0.0;3.6903359844713712;0.8114143797257863;0.18858562027421366
1731803057.310396;/app/bags/user95_2017-02-24.bag;0.834065854549408;0.0;0.9619645476341248;0.0;3.6903359844713712;0.8114143797257863;0.18858562027421366
1731803057.510432;/app/bags/user95_2017-02-24.bag;0.834065854549408;0.0;0.9619645476341248;0.0;3.6903359844713712;0.8114143797257863;0.18858562027421366
1731803057.7104218;/app/bags/user95_2017-02-24.bag;0.834065854549408;0.0;0.9619645476341248;0.0;3.6903359844713712;0.8114143797257863;0.18858562027421366
1731803057.9104393;/app/bags/user95_2017-02-24.bag;0.834065854549408;0.0;0.9619645476341248;0.0;3.6903359844713712;0.8114143797257863;0.18858562027421366
1731803058.1104107;/app/bags/user95_2017-02-24.bag;0.834065854549408;0.0;0.9619645476341248;0.0;3.6903359844713712;0.8114143797257863;0.18858562027421366
1731803058.310379;/app/bags/user95_2017-02-24.bag;0.834065854549408;0.0;0.9619645476341248;0.0;3.6903359844713712;0.8114143797257863;0.18858562027421366
1731803058.5104115;/app/bags/user95_2017-02-24.bag;0.834065854549408;0.0;0.9619645476341248;0.0;3.6903359844713712;0.8114143797257863;0.18858562027421366
1731803058.7103767;/app/bags/user95_2017-02-24.bag;0.834065854549408;0.0;0.9619645476341248;0.0;3.6903359844713712;0.8114143797257863;0.18858562027421366
1731803058.910429;/app/bags/user95_2017-02-24.bag;0.834065854549408;0.0;0.9619645476341248;0.0;3.6903359844713712;0.8114143797257863;0.18858562027421366
1731803059.110381;/app/bags/user95_2017-02-24.bag;0.834065854549408;0.0;0.9619645476341248;0.0;3.6903359844713712;0.8114143797257863;0.18858562027421366
1731803059.3103898;/app/bags/user95_2017-02-24.bag;0.834065854549408;0.0;0.9619645476341248;0.0;3.6903359844713712;0.8114143797257863;0.18858562027421366
1731803059.510403;/app/bags/user95_2017-02-24.bag;0.834065854549408;0.0;0.9619645476341248;0.0;3.6903359844713712;0.8114143797257863;0.18858562027421366
1731803059.7104492;/app/bags/user95_2017-02-24.bag;0.834065854549408;0.0;0.9619645476341248;0.0;3.6903359844713712;0.8114143797257863;0.18858562027421366
1731803059.9104373;/app/bags/user95_2017-02-24.bag;0.834065854549408;0.0;0.9619645476341248;0.0;3.6903359844713712;0.8114143797257863;0.18858562027421366
1731803060.1106195;/app/bags/user95_2017-02-24.bag;0.834065854549408;0.0;0.9619645476341248;0.0;3.6903359844713712;0.8114143797257863;0.18858562027421366
1731803060.310416;/app/bags/user95_2017-02-24.bag;0.834065854549408;0.0;0.9619645476341248;0.0;3.6903359844713712;0.8114143797257863;0.18858562027421366
1731803060.5103962;/app/bags/user95_2017-02-24.bag;0.834065854549408;0.0;0.9619645476341248;0.0;3.6903359844713712;0.8114143797257863;0.18858562027421366
1731803060.71038;/app/bags/user95_2017-02-24.bag;0.834065854549408;0.0;0.9619645476341248;0.0;3.6903359844713712;0.8114143797257863;0.18858562027421366
1731803060.910428;/app/bags/user95_2017-02-24.bag;0.834065854549408;0.0;0.9619645476341248;0.0;3.6903359844713712;0.8114143797257863;0.18858562027421366
1731803061.110402;/app/bags/user95_2017-02-24.bag;0.834065854549408;0.0;0.9619645476341248;0.0;3.6903359844713712;0.8114143797257863;0.18858562027421366
1731803061.3104427;/app/bags/user95_2017-02-24.bag;0.834065854549408;0.0;0.9619645476341248;0.0;3.6903359844713712;0.8114143797257863;0.18858562027421366
1731803061.510397;/app/bags/user95_2017-02-24.bag;0.834065854549408;0.0;0.9619645476341248;0.0;3.6903359844713712;0.8114143797257863;0.18858562027421366
1731803061.7104278;/app/bags/user95_2017-02-24.bag;0.834065854549408;0.0;0.9619645476341248;0.0;3.6903359844713712;0.8114143797257863;0.18858562027421366
1731803061.91038;/app/bags/user95_2017-02-24.bag;0.834065854549408;0.0;0.9619645476341248;0.0;3.6903359844713712;0.8114143797257863;0.18858562027421366
1731803062.110439;/app/bags/user95_2017-02-24.bag;0.834065854549408;0.0;0.9619645476341248;0.0;3.6903359844713712;0.8114143797257863;0.18858562027421366
1731803062.3104086;/app/bags/user95_2017-02-24.bag;0.834065854549408;0.0;0.9619645476341248;0.0;3.6903359844713712;0.8114143797257863;0.18858562027421366
1731803062.510498;/app/bags/user95_2017-02-24.bag;0.834065854549408;0.0;0.9619645476341248;0.0;3.6903359844713712;0.8114143797257863;0.18858562027421366
1731803062.7103913;/app/bags/user95_2017-02-24.bag;0.834065854549408;0.0;0.9619645476341248;0.0;3.6903359844713712;0.8114143797257863;0.18858562027421366
1731803062.9104254;/app/bags/user95_2017-02-24.bag;0.834065854549408;0.0;0.9619645476341248;0.0;3.6903359844713712;0.8114143797257863;0.18858562027421366
1731803063.1103773;/app/bags/user95_2017-02-24.bag;0.834065854549408;0.0;0.9619645476341248;0.0;3.6903359844713712;0.8114143797257863;0.18858562027421366
1731803063.3103774;/app/bags/user95_2017-02-24.bag;0.834065854549408;0.0;0.9619645476341248;0.0;3.6903359844713712;0.8114143797257863;0.18858562027421366
1731803063.5103948;/app/bags/user95_2017-02-24.bag;0.834065854549408;0.0;0.9619645476341248;0.0;3.6903359844713712;0.8114143797257863;0.18858562027421366
1731803063.7103708;/app/bags/user95_2017-02-24.bag;0.834065854549408;0.0;0.9619645476341248;0.0;3.6903359844713712;0.8114143797257863;0.18858562027421366
1731803063.9104335;/app/bags/user95_2017-02-24.bag;0.834065854549408;0.0;0.9619645476341248;0.0;3.6903359844713712;0.8114143797257863;0.18858562027421366
1731803064.110354;/app/bags/user95_2017-02-24.bag;0.834065854549408;0.0;0.9619645476341248;0.0;3.6903359844713712;0.8114143797257863;0.18858562027421366
1731803064.3105206;/app/bags/user95_2017-02-24.bag;0.834065854549408;0.0;0.9619645476341248;0.0;3.6903359844713712;0.8114143797257863;0.18858562027421366
1731803064.5104163;/app/bags/user95_2017-02-24.bag;0.834065854549408;0.0;0.9619645476341248;0.0;3.6903359844713712;0.8114143797257863;0.18858562027421366
1731803064.710351;/app/bags/user95_2017-02-24.bag;0.834065854549408;0.0;0.9619645476341248;0.0;3.6903359844713712;0.8114143797257863;0.18858562027421366
1731803064.91044;/app/bags/user95_2017-02-24.bag;0.834065854549408;0.0;0.9619645476341248;0.0;3.6903359844713712;0.8114143797257863;0.18858562027421366
1731803065.110345;/app/bags/user95_2017-02-24.bag;0.834065854549408;0.0;0.9619645476341248;0.0;3.6903359844713712;0.8114143797257863;0.18858562027421366
1731803065.3103461;/app/bags/user95_2017-02-24.bag;0.834065854549408;0.0;0.9619645476341248;0.0;3.6903359844713712;0.8114143797257863;0.18858562027421366
1731803065.5104866;/app/bags/user95_2017-02-24.bag;0.834065854549408;0.0;0.9619645476341248;0.0;3.6903359844713712;0.8114143797257863;0.18858562027421366
1731803065.7104006;/app/bags/user95_2017-02-24.bag;0.834065854549408;0.0;0.9619645476341248;0.0;3.6903359844713712;0.8114143797257863;0.18858562027421366
1731803065.9104095;/app/bags/user95_2017-02-24.bag;0.834065854549408;0.0;0.9619645476341248;0.0;3.6903359844713712;0.8114143797257863;0.18858562027421366
1731803066.1103961;/app/bags/user95_2017-02-24.bag;0.834065854549408;0.0;0.9619645476341248;0.0;3.6903359844713712;0.8114143797257863;0.18858562027421366
1731803066.3103392;/app/bags/user95_2017-02-24.bag;0.834065854549408;0.0;0.9619645476341248;0.0;3.6903359844713712;0.8114143797257863;0.18858562027421366
1731803066.510384;/app/bags/user95_2017-02-24.bag;0.834065854549408;0.0;0.9619645476341248;0.0;3.6903359844713712;0.8114143797257863;0.18858562027421366
1731803066.7104013;/app/bags/user95_2017-02-24.bag;0.834065854549408;0.0;0.9619645476341248;0.0;3.6903359844713712;0.8114143797257863;0.18858562027421366
1731803066.9104347;/app/bags/user95_2017-02-24.bag;0.834065854549408;0.0;0.9619645476341248;0.0;3.6903359844713712;0.8114143797257863;0.18858562027421366
1731803067.1104686;/app/bags/user95_2017-02-24.bag;0.834065854549408;0.0;0.9619645476341248;0.0;3.6903359844713712;0.8114143797257863;0.18858562027421366
1731803067.3103974;/app/bags/user95_2017-02-24.bag;0.834065854549408;0.0;0.9619645476341248;0.0;3.6903359844713712;0.8114143797257863;0.18858562027421366
1731803067.5103984;/app/bags/user95_2017-02-24.bag;0.834065854549408;0.0;0.9619645476341248;0.0;3.6903359844713712;0.8114143797257863;0.18858562027421366
1731803067.71042;/app/bags/user95_2017-02-24.bag;0.834065854549408;0.0;0.9619645476341248;0.0;3.6903359844713712;0.8114143797257863;0.18858562027421366
1731803067.910414;/app/bags/user95_2017-02-24.bag;0.834065854549408;0.0;0.9619645476341248;0.0;3.6903359844713712;0.8114143797257863;0.18858562027421366
1731803068.1103892;/app/bags/user95_2017-02-24.bag;0.834065854549408;0.0;0.9619645476341248;0.0;3.6903359844713712;0.8114143797257863;0.18858562027421366
1731803068.3104417;/app/bags/user95_2017-02-24.bag;0.834065854549408;0.0;0.9619645476341248;0.0;3.6903359844713712;0.8114143797257863;0.18858562027421366
1731803068.510435;/app/bags/user95_2017-02-24.bag;0.834065854549408;0.0;0.9619645476341248;0.0;3.6903359844713712;0.8114143797257863;0.18858562027421366
1731803068.7104125;/app/bags/user95_2017-02-24.bag;0.834065854549408;0.0;0.9619645476341248;0.0;3.6903359844713712;0.8114143797257863;0.18858562027421366
1731803068.910373;/app/bags/user95_2017-02-24.bag;0.834065854549408;0.0;0.9619645476341248;0.0;3.6903359844713712;0.8114143797257863;0.18858562027421366
1731803069.1103923;/app/bags/user95_2017-02-24.bag;0.834065854549408;0.0;0.9619645476341248;0.0;3.6903359844713712;0.8114143797257863;0.18858562027421366
1731803069.310392;/app/bags/user95_2017-02-24.bag;0.834065854549408;0.0;0.9619645476341248;0.0;3.6903359844713712;0.8114143797257863;0.18858562027421366
1731803069.5104222;/app/bags/user95_2017-02-24.bag;0.834065854549408;0.0;0.9619645476341248;0.0;3.6903359844713712;0.8114143797257863;0.18858562027421366
1731803069.710429;/app/bags/user95_2017-02-24.bag;0.834065854549408;0.0;0.9619645476341248;0.0;3.6903359844713712;0.8114143797257863;0.18858562027421366
1731803069.9103649;/app/bags/user95_2017-02-24.bag;0.834065854549408;0.0;0.9619645476341248;0.0;3.6903359844713712;0.8114143797257863;0.18858562027421366
1731803070.1105034;/app/bags/user95_2017-02-24.bag;0.834065854549408;0.0;0.9619645476341248;0.0;3.6903359844713712;0.8114143797257863;0.18858562027421366
1731803070.3103812;/app/bags/user95_2017-02-24.bag;0.834065854549408;0.0;0.9619645476341248;0.0;3.6903359844713712;0.8114143797257863;0.18858562027421366
1731803070.5104063;/app/bags/user95_2017-02-24.bag;0.834065854549408;0.0;0.9619645476341248;0.0;3.6903359844713712;0.8114143797257863;0.18858562027421366
1731803070.710375;/app/bags/user95_2017-02-24.bag;0.834065854549408;0.0;0.9619645476341248;0.0;3.6903359844713712;0.8114143797257863;0.18858562027421366
1731803070.9103825;/app/bags/user95_2017-02-24.bag;0.834065854549408;0.0;0.9619645476341248;0.0;3.6903359844713712;0.8114143797257863;0.18858562027421366
1731803071.1104767;/app/bags/user95_2017-02-24.bag;0.834065854549408;0.0;0.9619645476341248;0.0;3.6903359844713712;0.8114143797257863;0.18858562027421366
1731803071.3104007;/app/bags/user95_2017-02-24.bag;0.834065854549408;0.0;0.9619645476341248;0.0;3.6903359844713712;0.8114143797257863;0.18858562027421366
1731803071.5103676;/app/bags/user95_2017-02-24.bag;0.834065854549408;0.0;0.9619645476341248;0.0;3.6903359844713712;0.8114143797257863;0.18858562027421366
1731803071.7104473;/app/bags/user95_2017-02-24.bag;0.834065854549408;0.0;0.9619645476341248;0.0;3.6903359844713712;0.8114143797257863;0.18858562027421366
1731803071.910435;/app/bags/user95_2017-02-24.bag;0.834065854549408;0.0;0.9619645476341248;0.0;3.6903359844713712;0.8114143797257863;0.18858562027421366
1731803072.110428;/app/bags/user95_2017-02-24.bag;0.834065854549408;0.0;0.9619645476341248;0.0;3.6903359844713712;0.8114143797257863;0.18858562027421366
1731803072.3103812;/app/bags/user95_2017-02-24.bag;0.834065854549408;0.0;0.9619645476341248;0.0;3.6903359844713712;0.8114143797257863;0.18858562027421366
1731803072.5103672;/app/bags/user95_2017-02-24.bag;0.834065854549408;0.0;0.9619645476341248;0.0;3.6903359844713712;0.8114143797257863;0.18858562027421366
1731803072.7104197;/app/bags/user95_2017-02-24.bag;0.834065854549408;0.0;0.9619645476341248;0.0;3.6903359844713712;0.8114143797257863;0.18858562027421366
1731803072.9104009;/app/bags/user95_2017-02-24.bag;0.834065854549408;0.0;0.9619645476341248;0.0;3.6903359844713712;0.8114143797257863;0.18858562027421366
1731803073.110412;/app/bags/user95_2017-02-24.bag;0.834065854549408;0.0;0.9619645476341248;0.0;3.6903359844713712;0.8114143797257863;0.18858562027421366
1731803073.310523;/app/bags/user95_2017-02-24.bag;0.834065854549408;0.0;0.9619645476341248;0.0;3.6903359844713712;0.8114143797257863;0.18858562027421366
1731803073.5144718;/app/bags/user95_2017-02-24.bag;0.834065854549408;0.0;0.9619645476341248;0.0;3.6903359844713712;0.8114143797257863;0.18858562027421366
1731803073.7104487;/app/bags/user95_2017-02-24.bag;0.834065854549408;0.0;0.9619645476341248;0.0;3.6903359844713712;0.8114143797257863;0.18858562027421366
1731803073.9104068;/app/bags/user95_2017-02-24.bag;0.834065854549408;0.0;0.9619645476341248;0.0;3.6903359844713712;0.8114143797257863;0.18858562027421366
1731803074.110381;/app/bags/user95_2017-02-24.bag;0.834065854549408;0.0;0.9619645476341248;0.0;3.6903359844713712;0.8114143797257863;0.18858562027421366
1731803074.310453;/app/bags/user95_2017-02-24.bag;0.834065854549408;0.0;0.9619645476341248;0.0;3.6903359844713712;0.8114143797257863;0.18858562027421366
1731803074.510388;/app/bags/user95_2017-02-24.bag;0.834065854549408;0.0;0.9619645476341248;0.0;3.6903359844713712;0.8114143797257863;0.18858562027421366
1731803074.7103915;/app/bags/user95_2017-02-24.bag;0.834065854549408;0.0;0.9619645476341248;0.0;3.6903359844713712;0.8114143797257863;0.18858562027421366
1731803074.910383;/app/bags/user95_2017-02-24.bag;0.834065854549408;0.0;0.9619645476341248;0.0;3.6903359844713712;0.8114143797257863;0.18858562027421366
1731803075.1104124;/app/bags/user95_2017-02-24.bag;0.834065854549408;0.0;0.9619645476341248;0.0;3.6903359844713712;0.8114143797257863;0.18858562027421366
1731803075.310449;/app/bags/user95_2017-02-24.bag;0.834065854549408;0.0;0.9619645476341248;0.0;3.6903359844713712;0.8114143797257863;0.18858562027421366
1731803075.510381;/app/bags/user95_2017-02-24.bag;0.834065854549408;0.0;0.9619645476341248;0.0;3.6903359844713712;0.8114143797257863;0.18858562027421366
1731803075.710475;/app/bags/user95_2017-02-24.bag;0.834065854549408;0.0;0.9619645476341248;0.0;3.6903359844713712;0.8114143797257863;0.18858562027421366
1731803075.9104495;/app/bags/user95_2017-02-24.bag;0.834065854549408;0.0;0.9619645476341248;0.0;3.6903359844713712;0.8114143797257863;0.18858562027421366
1731803076.1104045;/app/bags/user95_2017-02-24.bag;0.834065854549408;0.0;0.9619645476341248;0.0;3.6903359844713712;0.8114143797257863;0.18858562027421366
1731803076.3104115;/app/bags/user95_2017-02-24.bag;0.834065854549408;0.0;0.9619645476341248;0.0;3.6903359844713712;0.8114143797257863;0.18858562027421366
1731803076.5104046;/app/bags/user95_2017-02-24.bag;0.834065854549408;0.0;0.9619645476341248;0.0;3.6903359844713712;0.8114143797257863;0.18858562027421366
1731803076.7104204;/app/bags/user95_2017-02-24.bag;0.834065854549408;0.0;0.9619645476341248;0.0;3.6903359844713712;0.8114143797257863;0.18858562027421366
1731803076.910405;/app/bags/user95_2017-02-24.bag;0.834065854549408;0.0;0.9619645476341248;0.0;3.6903359844713712;0.8114143797257863;0.18858562027421366
1731803077.1103609;/app/bags/user95_2017-02-24.bag;0.834065854549408;0.0;0.9619645476341248;0.0;3.6903359844713712;0.8114143797257863;0.18858562027421366
1731803077.3104303;/app/bags/user95_2017-02-24.bag;0.834065854549408;0.0;0.9619645476341248;0.0;3.6903359844713712;0.8114143797257863;0.18858562027421366
1731803077.5104358;/app/bags/user95_2017-02-24.bag;0.834065854549408;0.0;0.9619645476341248;0.0;3.6903359844713712;0.8114143797257863;0.18858562027421366
1731803077.7103822;/app/bags/user95_2017-02-24.bag;0.834065854549408;0.0;0.9619645476341248;0.0;3.6903359844713712;0.8114143797257863;0.18858562027421366
1731803077.910452;/app/bags/user95_2017-02-24.bag;0.834065854549408;0.0;0.9619645476341248;0.0;3.6903359844713712;0.8114143797257863;0.18858562027421366
1731803078.110385;/app/bags/user95_2017-02-24.bag;0.834065854549408;0.0;0.9619645476341248;0.0;3.6903359844713712;0.8114143797257863;0.18858562027421366
1731803078.3103964;/app/bags/user95_2017-02-24.bag;0.834065854549408;0.0;0.9619645476341248;0.0;3.6903359844713712;0.8114143797257863;0.18858562027421366
1731803078.510391;/app/bags/user95_2017-02-24.bag;0.834065854549408;0.0;0.9619645476341248;0.0;3.6903359844713712;0.8114143797257863;0.18858562027421366
1731803078.71036;/app/bags/user95_2017-02-24.bag;0.834065854549408;0.0;0.9619645476341248;0.0;3.6903359844713712;0.8114143797257863;0.18858562027421366
1731803078.9104197;/app/bags/user95_2017-02-24.bag;0.834065854549408;0.0;0.9619645476341248;0.0;3.6903359844713712;0.8114143797257863;0.18858562027421366
1731803079.110406;/app/bags/user95_2017-02-24.bag;0.834065854549408;0.0;0.9619645476341248;0.0;3.6903359844713712;0.8114143797257863;0.18858562027421366
1731803079.3104835;/app/bags/user95_2017-02-24.bag;0.834065854549408;0.0;0.9619645476341248;0.0;3.6903359844713712;0.8114143797257863;0.18858562027421366
1731803079.510389;/app/bags/user95_2017-02-24.bag;0.834065854549408;0.0;0.9619645476341248;0.0;3.6903359844713712;0.8114143797257863;0.18858562027421366
1731803079.7104235;/app/bags/user95_2017-02-24.bag;0.834065854549408;0.0;0.9619645476341248;0.0;3.6903359844713712;0.8114143797257863;0.18858562027421366
1731803079.910472;/app/bags/user95_2017-02-24.bag;0.834065854549408;0.0;0.9619645476341248;0.0;3.6903359844713712;0.8114143797257863;0.18858562027421366
1731803080.1103816;/app/bags/user95_2017-02-24.bag;0.834065854549408;0.0;0.9619645476341248;0.0;3.6903359844713712;0.8114143797257863;0.18858562027421366
1731803080.310464;/app/bags/user95_2017-02-24.bag;0.834065854549408;0.0;0.9619645476341248;0.0;3.6903359844713712;0.8114143797257863;0.18858562027421366
1731803080.5104089;/app/bags/user95_2017-02-24.bag;0.834065854549408;0.0;0.9619645476341248;0.0;3.6903359844713712;0.8114143797257863;0.18858562027421366
1731803080.7104967;/app/bags/user95_2017-02-24.bag;0.834065854549408;0.0;0.9619645476341248;0.0;3.6903359844713712;0.8114143797257863;0.18858562027421366
1731803080.910481;/app/bags/user95_2017-02-24.bag;0.834065854549408;0.0;0.9619645476341248;0.0;3.6903359844713712;0.8114143797257863;0.18858562027421366
1731803081.1104288;/app/bags/user95_2017-02-24.bag;0.834065854549408;0.0;0.9619645476341248;0.0;3.6903359844713712;0.8114143797257863;0.18858562027421366
1731803081.3104188;/app/bags/user95_2017-02-24.bag;0.834065854549408;0.0;0.9619645476341248;0.0;3.6903359844713712;0.8114143797257863;0.18858562027421366
1731803081.5106792;/app/bags/user95_2017-02-24.bag;0.834065854549408;0.0;0.9619645476341248;0.0;3.6903359844713712;0.8114143797257863;0.18858562027421366
1731803081.7105262;/app/bags/user95_2017-02-24.bag;0.834065854549408;0.0;0.9619645476341248;0.0;3.6903359844713712;0.8114143797257863;0.18858562027421366
1731803081.9103975;/app/bags/user95_2017-02-24.bag;0.834065854549408;0.0;0.9619645476341248;0.0;3.6903359844713712;0.8114143797257863;0.18858562027421366
1731803082.1103833;/app/bags/user95_2017-02-24.bag;0.834065854549408;0.0;0.9619645476341248;0.0;3.6903359844713712;0.8114143797257863;0.18858562027421366
1731803082.310365;/app/bags/user95_2017-02-24.bag;0.834065854549408;0.0;0.9619645476341248;0.0;3.6903359844713712;0.8114143797257863;0.18858562027421366
1731803082.5103896;/app/bags/user95_2017-02-24.bag;0.834065854549408;0.0;0.9619645476341248;0.0;3.6903359844713712;0.8114143797257863;0.18858562027421366
1731803082.7103734;/app/bags/user95_2017-02-24.bag;0.834065854549408;0.0;0.9619645476341248;0.0;3.6903359844713712;0.8114143797257863;0.18858562027421366
1731803082.910394;/app/bags/user95_2017-02-24.bag;0.834065854549408;0.0;0.9619645476341248;0.0;3.6903359844713712;0.8114143797257863;0.18858562027421366
1731803083.1105194;/app/bags/user95_2017-02-24.bag;0.834065854549408;0.0;0.9619645476341248;0.0;3.6903359844713712;0.8114143797257863;0.18858562027421366
1731803083.3105257;/app/bags/user95_2017-02-24.bag;0.834065854549408;0.0;0.9619645476341248;0.0;3.6903359844713712;0.8114143797257863;0.18858562027421366
1731803083.5104542;/app/bags/user95_2017-02-24.bag;0.834065854549408;0.0;0.9619645476341248;0.0;3.6903359844713712;0.8114143797257863;0.18858562027421366
1731803083.710402;/app/bags/user95_2017-02-24.bag;0.834065854549408;0.0;0.9619645476341248;0.0;3.6903359844713712;0.8114143797257863;0.18858562027421366
1731803083.910378;/app/bags/user95_2017-02-24.bag;0.834065854549408;0.0;0.9619645476341248;0.0;3.6903359844713712;0.8114143797257863;0.18858562027421366
1731803084.1103745;/app/bags/user95_2017-02-24.bag;0.834065854549408;0.0;0.9619645476341248;0.0;3.6903359844713712;0.8114143797257863;0.18858562027421366
1731803084.3103807;/app/bags/user95_2017-02-24.bag;0.834065854549408;0.0;0.9619645476341248;0.0;3.6903359844713712;0.8114143797257863;0.18858562027421366
1731803084.5104153;/app/bags/user95_2017-02-24.bag;0.834065854549408;0.0;0.9619645476341248;0.0;3.6903359844713712;0.8114143797257863;0.18858562027421366
1731803084.7103946;/app/bags/user95_2017-02-24.bag;0.834065854549408;0.0;0.9619645476341248;0.0;3.6903359844713712;0.8114143797257863;0.18858562027421366
1731803084.9105036;/app/bags/user95_2017-02-24.bag;0.834065854549408;0.0;0.9619645476341248;0.0;3.6903359844713712;0.8114143797257863;0.18858562027421366
1731803085.1104074;/app/bags/user95_2017-02-24.bag;0.834065854549408;0.0;0.9619645476341248;0.0;3.6903359844713712;0.8114143797257863;0.18858562027421366
1731803085.3104486;/app/bags/user95_2017-02-24.bag;0.834065854549408;0.0;0.9619645476341248;0.0;3.6903359844713712;0.8114143797257863;0.18858562027421366
1731803085.5103707;/app/bags/user95_2017-02-24.bag;0.834065854549408;0.0;0.9619645476341248;0.0;3.6903359844713712;0.8114143797257863;0.18858562027421366
1731803085.7103887;/app/bags/user95_2017-02-24.bag;0.834065854549408;0.0;0.9619645476341248;0.0;3.6903359844713712;0.8114143797257863;0.18858562027421366
1731803085.9104204;/app/bags/user95_2017-02-24.bag;0.834065854549408;0.0;0.9619645476341248;0.0;3.6903359844713712;0.8114143797257863;0.18858562027421366
1731803086.1104777;/app/bags/user95_2017-02-24.bag;0.834065854549408;0.0;0.9619645476341248;0.0;3.6903359844713712;0.8114143797257863;0.18858562027421366
1731803086.3104103;/app/bags/user95_2017-02-24.bag;0.834065854549408;0.0;0.9619645476341248;0.0;3.6903359844713712;0.8114143797257863;0.18858562027421366
1731803086.5105324;/app/bags/user95_2017-02-24.bag;0.834065854549408;0.0;0.9619645476341248;0.0;3.6903359844713712;0.8114143797257863;0.18858562027421366
1731803086.7103927;/app/bags/user95_2017-02-24.bag;0.834065854549408;0.0;0.9619645476341248;0.0;3.6903359844713712;0.8114143797257863;0.18858562027421366
1731803086.9104402;/app/bags/user95_2017-02-24.bag;0.834065854549408;0.0;0.9619645476341248;0.0;3.6903359844713712;0.8114143797257863;0.18858562027421366
1731803087.1103737;/app/bags/user95_2017-02-24.bag;0.834065854549408;0.0;0.9619645476341248;0.0;3.6903359844713712;0.8114143797257863;0.18858562027421366
1731803087.3103857;/app/bags/user95_2017-02-24.bag;0.834065854549408;0.0;0.9619645476341248;0.0;3.6903359844713712;0.8114143797257863;0.18858562027421366
1731803087.5104282;/app/bags/user95_2017-02-24.bag;0.834065854549408;0.0;0.9619645476341248;0.0;3.6903359844713712;0.8114143797257863;0.18858562027421366
1731803087.710382;/app/bags/user95_2017-02-24.bag;0.834065854549408;0.0;0.9619645476341248;0.0;3.6903359844713712;0.8114143797257863;0.18858562027421366
1731803087.910382;/app/bags/user95_2017-02-24.bag;0.834065854549408;0.0;0.9619645476341248;0.0;3.6903359844713712;0.8114143797257863;0.18858562027421366
1731803088.1104007;/app/bags/user95_2017-02-24.bag;0.834065854549408;0.0;0.9619645476341248;0.0;3.6903359844713712;0.8114143797257863;0.18858562027421366
1731803088.3103886;/app/bags/user95_2017-02-24.bag;0.834065854549408;0.0;0.9619645476341248;0.0;3.6903359844713712;0.8114143797257863;0.18858562027421366
1731803088.5103743;/app/bags/user95_2017-02-24.bag;0.834065854549408;0.0;0.9619645476341248;0.0;3.6903359844713712;0.8114143797257863;0.18858562027421366
1731803088.7103832;/app/bags/user95_2017-02-24.bag;0.834065854549408;0.0;0.9619645476341248;0.0;3.6903359844713712;0.8114143797257863;0.18858562027421366
1731803088.9104419;/app/bags/user95_2017-02-24.bag;0.834065854549408;0.0;0.9619645476341248;0.0;3.6903359844713712;0.8114143797257863;0.18858562027421366
1731803089.1104317;/app/bags/user95_2017-02-24.bag;0.834065854549408;0.0;0.9619645476341248;0.0;3.6903359844713712;0.8114143797257863;0.18858562027421366
1731803089.3104224;/app/bags/user95_2017-02-24.bag;0.834065854549408;0.0;0.9619645476341248;0.0;3.6903359844713712;0.8114143797257863;0.18858562027421366
1731803089.5103948;/app/bags/user95_2017-02-24.bag;0.834065854549408;0.0;0.9619645476341248;0.0;3.6903359844713712;0.8114143797257863;0.18858562027421366
1731803089.7103763;/app/bags/user95_2017-02-24.bag;0.834065854549408;0.0;0.9619645476341248;0.0;3.6903359844713712;0.8114143797257863;0.18858562027421366
1731803089.9103775;/app/bags/user95_2017-02-24.bag;0.834065854549408;0.0;0.9619645476341248;0.0;3.6903359844713712;0.8114143797257863;0.18858562027421366
1731803090.110391;/app/bags/user95_2017-02-24.bag;0.834065854549408;0.0;0.9619645476341248;0.0;3.6903359844713712;0.8114143797257863;0.18858562027421366
1731803090.3103864;/app/bags/user95_2017-02-24.bag;0.834065854549408;0.0;0.9619645476341248;0.0;3.6903359844713712;0.8114143797257863;0.18858562027421366
1731803090.5103614;/app/bags/user95_2017-02-24.bag;0.834065854549408;0.0;0.9619645476341248;0.0;3.6903359844713712;0.8114143797257863;0.18858562027421366
1731803090.7103903;/app/bags/user95_2017-02-24.bag;0.834065854549408;0.0;0.9619645476341248;0.0;3.6903359844713712;0.8114143797257863;0.18858562027421366
1731803090.910392;/app/bags/user95_2017-02-24.bag;0.834065854549408;0.0;0.9619645476341248;0.0;3.6903359844713712;0.8114143797257863;0.18858562027421366
1731803091.1103857;/app/bags/user95_2017-02-24.bag;0.834065854549408;0.0;0.9619645476341248;0.0;3.6903359844713712;0.8114143797257863;0.18858562027421366
1731803091.3103936;/app/bags/user95_2017-02-24.bag;0.834065854549408;0.0;0.9619645476341248;0.0;3.6903359844713712;0.8114143797257863;0.18858562027421366
1731803091.5103734;/app/bags/user95_2017-02-24.bag;0.834065854549408;0.0;0.9619645476341248;0.0;3.6903359844713712;0.8114143797257863;0.18858562027421366
1731803091.7103758;/app/bags/user95_2017-02-24.bag;0.834065854549408;0.0;0.9619645476341248;0.0;3.6903359844713712;0.8114143797257863;0.18858562027421366
1731803091.9104254;/app/bags/user95_2017-02-24.bag;0.834065854549408;0.0;0.9619645476341248;0.0;3.6903359844713712;0.8114143797257863;0.18858562027421366
1731803092.110395;/app/bags/user95_2017-02-24.bag;0.834065854549408;0.0;0.9619645476341248;0.0;3.6903359844713712;0.8114143797257863;0.18858562027421366
1731803092.3103504;/app/bags/user95_2017-02-24.bag;0.834065854549408;0.0;0.9619645476341248;0.0;3.6903359844713712;0.8114143797257863;0.18858562027421366
1731803092.5103586;/app/bags/user95_2017-02-24.bag;0.834065854549408;0.0;0.9619645476341248;0.0;3.6903359844713712;0.8114143797257863;0.18858562027421366
1731803092.7104225;/app/bags/user95_2017-02-24.bag;0.834065854549408;0.0;0.9619645476341248;0.0;3.6903359844713712;0.8114143797257863;0.18858562027421366
1731803092.9103982;/app/bags/user95_2017-02-24.bag;0.834065854549408;0.0;0.9619645476341248;0.0;3.6903359844713712;0.8114143797257863;0.18858562027421366
1731803093.1104755;/app/bags/user95_2017-02-24.bag;0.834065854549408;0.0;0.9619645476341248;0.0;3.6903359844713712;0.8114143797257863;0.18858562027421366
1731803093.3103867;/app/bags/user95_2017-02-24.bag;0.834065854549408;0.0;0.9619645476341248;0.0;3.6903359844713712;0.8114143797257863;0.18858562027421366
1731803093.5103884;/app/bags/user95_2017-02-24.bag;0.834065854549408;0.0;0.9619645476341248;0.0;3.6903359844713712;0.8114143797257863;0.18858562027421366
1731803093.7103827;/app/bags/user95_2017-02-24.bag;0.834065854549408;0.0;0.9619645476341248;0.0;3.6903359844713712;0.8114143797257863;0.18858562027421366
1731803093.9103968;/app/bags/user95_2017-02-24.bag;0.834065854549408;0.0;0.9619645476341248;0.0;3.6903359844713712;0.8114143797257863;0.18858562027421366
1731803094.1104693;/app/bags/user95_2017-02-24.bag;0.834065854549408;0.0;0.9619645476341248;0.0;3.6903359844713712;0.8114143797257863;0.18858562027421366
1731803094.3104928;/app/bags/user95_2017-02-24.bag;0.834065854549408;0.0;0.9619645476341248;0.0;3.6903359844713712;0.8114143797257863;0.18858562027421366
1731803094.5103607;/app/bags/user95_2017-02-24.bag;0.834065854549408;0.0;0.9619645476341248;0.0;3.6903359844713712;0.8114143797257863;0.18858562027421366
1731803094.7104044;/app/bags/user95_2017-02-24.bag;0.834065854549408;0.0;0.9619645476341248;0.0;3.6903359844713712;0.8114143797257863;0.18858562027421366
1731803094.9104285;/app/bags/user95_2017-02-24.bag;0.834065854549408;0.0;0.9619645476341248;0.0;3.6903359844713712;0.8114143797257863;0.18858562027421366
1731803095.1104019;/app/bags/user95_2017-02-24.bag;0.834065854549408;0.0;0.9619645476341248;0.0;3.6903359844713712;0.8114143797257863;0.18858562027421366
1731803095.3104131;/app/bags/user95_2017-02-24.bag;0.834065854549408;0.0;0.9619645476341248;0.0;3.6903359844713712;0.8114143797257863;0.18858562027421366
1731803095.5104024;/app/bags/user95_2017-02-24.bag;0.834065854549408;0.0;0.9619645476341248;0.0;3.6903359844713712;0.8114143797257863;0.18858562027421366
1731803095.71036;/app/bags/user95_2017-02-24.bag;0.834065854549408;0.0;0.9619645476341248;0.0;3.6903359844713712;0.8114143797257863;0.18858562027421366
1731803095.9104147;/app/bags/user95_2017-02-24.bag;0.834065854549408;0.0;0.9619645476341248;0.0;3.6903359844713712;0.8114143797257863;0.18858562027421366
1731803096.110417;/app/bags/user95_2017-02-24.bag;0.834065854549408;0.0;0.9619645476341248;0.0;3.6903359844713712;0.8114143797257863;0.18858562027421366
1731803096.3105013;/app/bags/user95_2017-02-24.bag;0.834065854549408;0.0;0.9619645476341248;0.0;3.6903359844713712;0.8114143797257863;0.18858562027421366
1731803096.5104554;/app/bags/user95_2017-02-24.bag;0.834065854549408;0.0;0.9619645476341248;0.0;3.6903359844713712;0.8114143797257863;0.18858562027421366
1731803096.7104223;/app/bags/user95_2017-02-24.bag;0.834065854549408;0.0;0.9619645476341248;0.0;3.6903359844713712;0.8114143797257863;0.18858562027421366
1731803096.9104981;/app/bags/user95_2017-02-24.bag;0.834065854549408;0.0;0.9619645476341248;0.0;3.6903359844713712;0.8114143797257863;0.18858562027421366
1731803097.1104035;/app/bags/user95_2017-02-24.bag;0.834065854549408;0.0;0.9619645476341248;0.0;3.6903359844713712;0.8114143797257863;0.18858562027421366
1731803097.3103778;/app/bags/user95_2017-02-24.bag;0.834065854549408;0.0;0.9619645476341248;0.0;3.6903359844713712;0.8114143797257863;0.18858562027421366
1731803097.5104022;/app/bags/user95_2017-02-24.bag;0.834065854549408;0.0;0.9619645476341248;0.0;3.6903359844713712;0.8114143797257863;0.18858562027421366
1731803097.7104213;/app/bags/user95_2017-02-24.bag;0.834065854549408;0.0;0.9619645476341248;0.0;3.6903359844713712;0.8114143797257863;0.18858562027421366
1731803097.9103804;/app/bags/user95_2017-02-24.bag;0.834065854549408;0.0;0.9619645476341248;0.0;3.6903359844713712;0.8114143797257863;0.18858562027421366
1731803098.1103854;/app/bags/user95_2017-02-24.bag;0.834065854549408;0.0;0.9619645476341248;0.0;3.6903359844713712;0.8114143797257863;0.18858562027421366
1731803098.3103838;/app/bags/user95_2017-02-24.bag;0.834065854549408;0.0;0.9619645476341248;0.0;3.6903359844713712;0.8114143797257863;0.18858562027421366
1731803098.5104258;/app/bags/user95_2017-02-24.bag;0.834065854549408;0.0;0.9619645476341248;0.0;3.6903359844713712;0.8114143797257863;0.18858562027421366
1731803098.710439;/app/bags/user95_2017-02-24.bag;0.834065854549408;0.0;0.9619645476341248;0.0;3.6903359844713712;0.8114143797257863;0.18858562027421366
1731803098.910402;/app/bags/user95_2017-02-24.bag;0.834065854549408;0.0;0.9619645476341248;0.0;3.6903359844713712;0.8114143797257863;0.18858562027421366
1731803099.1104631;/app/bags/user95_2017-02-24.bag;0.834065854549408;0.0;0.9619645476341248;0.0;3.6903359844713712;0.8114143797257863;0.18858562027421366
1731803099.3103793;/app/bags/user95_2017-02-24.bag;0.834065854549408;0.0;0.9619645476341248;0.0;3.6903359844713712;0.8114143797257863;0.18858562027421366
1731803099.5103943;/app/bags/user95_2017-02-24.bag;0.834065854549408;0.0;0.9619645476341248;0.0;3.6903359844713712;0.8114143797257863;0.18858562027421366
1731803099.7103865;/app/bags/user95_2017-02-24.bag;0.834065854549408;0.0;0.9619645476341248;0.0;3.6903359844713712;0.8114143797257863;0.18858562027421366
1731803099.9103777;/app/bags/user95_2017-02-24.bag;0.834065854549408;0.0;0.9619645476341248;0.0;3.6903359844713712;0.8114143797257863;0.18858562027421366
1731803100.1103985;/app/bags/user95_2017-02-24.bag;0.834065854549408;0.0;0.9619645476341248;0.0;3.6903359844713712;0.8114143797257863;0.18858562027421366
1731803100.3104866;/app/bags/user95_2017-02-24.bag;0.834065854549408;0.0;0.9619645476341248;0.0;3.6903359844713712;0.8114143797257863;0.18858562027421366
1731803100.5104094;/app/bags/user95_2017-02-24.bag;0.834065854549408;0.0;0.9619645476341248;0.0;3.6903359844713712;0.8114143797257863;0.18858562027421366
1731803100.7103877;/app/bags/user95_2017-02-24.bag;0.834065854549408;0.0;0.9619645476341248;0.0;3.6903359844713712;0.8114143797257863;0.18858562027421366
1731803100.9104652;/app/bags/user95_2017-02-24.bag;0.834065854549408;0.0;0.9619645476341248;0.0;3.6903359844713712;0.8114143797257863;0.18858562027421366
1731803101.1103868;/app/bags/user95_2017-02-24.bag;0.834065854549408;0.0;0.9619645476341248;0.0;3.6903359844713712;0.8114143797257863;0.18858562027421366
1731803101.3104084;/app/bags/user95_2017-02-24.bag;0.834065854549408;0.0;0.9619645476341248;0.0;3.6903359844713712;0.8114143797257863;0.18858562027421366
1731803101.5104132;/app/bags/user95_2017-02-24.bag;0.834065854549408;0.0;0.9619645476341248;0.0;3.6903359844713712;0.8114143797257863;0.18858562027421366
1731803101.7103863;/app/bags/user95_2017-02-24.bag;0.834065854549408;0.0;0.9619645476341248;0.0;3.6903359844713712;0.8114143797257863;0.18858562027421366
1731803101.9104607;/app/bags/user95_2017-02-24.bag;0.834065854549408;0.0;0.9619645476341248;0.0;3.6903359844713712;0.8114143797257863;0.18858562027421366
1731803102.1104298;/app/bags/user95_2017-02-24.bag;0.834065854549408;0.0;0.9619645476341248;0.0;3.6903359844713712;0.8114143797257863;0.18858562027421366
1731803102.3103988;/app/bags/user95_2017-02-24.bag;0.834065854549408;0.0;0.9619645476341248;0.0;3.6903359844713712;0.8114143797257863;0.18858562027421366
1731803102.510426;/app/bags/user95_2017-02-24.bag;0.834065854549408;0.0;0.9619645476341248;0.0;3.6903359844713712;0.8114143797257863;0.18858562027421366
1731803102.71042;/app/bags/user95_2017-02-24.bag;0.834065854549408;0.0;0.9619645476341248;0.0;3.6903359844713712;0.8114143797257863;0.18858562027421366
1731803102.9104006;/app/bags/user95_2017-02-24.bag;0.834065854549408;0.0;0.9619645476341248;0.0;3.6903359844713712;0.8114143797257863;0.18858562027421366
1731803103.1103857;/app/bags/user95_2017-02-24.bag;0.834065854549408;0.0;0.9619645476341248;0.0;3.6903359844713712;0.8114143797257863;0.18858562027421366
1731803103.3104477;/app/bags/user95_2017-02-24.bag;0.834065854549408;0.0;0.9619645476341248;0.0;3.6903359844713712;0.8114143797257863;0.18858562027421366
1731803103.5104363;/app/bags/user95_2017-02-24.bag;0.834065854549408;0.0;0.9619645476341248;0.0;3.6903359844713712;0.8114143797257863;0.18858562027421366
1731803103.7103953;/app/bags/user95_2017-02-24.bag;0.834065854549408;0.0;0.9619645476341248;0.0;3.6903359844713712;0.8114143797257863;0.18858562027421366
1731803103.910402;/app/bags/user95_2017-02-24.bag;0.834065854549408;0.0;0.9619645476341248;0.0;3.6903359844713712;0.8114143797257863;0.18858562027421366
1731803104.1103628;/app/bags/user95_2017-02-24.bag;0.834065854549408;0.0;0.9619645476341248;0.0;3.6903359844713712;0.8114143797257863;0.18858562027421366
1731803104.3104155;/app/bags/user95_2017-02-24.bag;0.834065854549408;0.0;0.9619645476341248;0.0;3.6903359844713712;0.8114143797257863;0.18858562027421366
1731803104.5103822;/app/bags/user95_2017-02-24.bag;0.834065854549408;0.0;0.9619645476341248;0.0;3.6903359844713712;0.8114143797257863;0.18858562027421366
1731803104.7104008;/app/bags/user95_2017-02-24.bag;0.834065854549408;0.0;0.9619645476341248;0.0;3.6903359844713712;0.8114143797257863;0.18858562027421366
1731803104.9103982;/app/bags/user95_2017-02-24.bag;0.834065854549408;0.0;0.9619645476341248;0.0;3.6903359844713712;0.8114143797257863;0.18858562027421366
1731803105.1104014;/app/bags/user95_2017-02-24.bag;0.834065854549408;0.0;0.9619645476341248;0.0;3.6903359844713712;0.8114143797257863;0.18858562027421366
1731803105.3103821;/app/bags/user95_2017-02-24.bag;0.834065854549408;0.0;0.9619645476341248;0.0;3.6903359844713712;0.8114143797257863;0.18858562027421366
1731803105.5103867;/app/bags/user95_2017-02-24.bag;0.834065854549408;0.0;0.9619645476341248;0.0;3.6903359844713712;0.8114143797257863;0.18858562027421366
1731803105.7103846;/app/bags/user95_2017-02-24.bag;0.834065854549408;0.0;0.9619645476341248;0.0;3.6903359844713712;0.8114143797257863;0.18858562027421366
1731803105.9103718;/app/bags/user95_2017-02-24.bag;0.834065854549408;0.0;0.9619645476341248;0.0;3.6903359844713712;0.8114143797257863;0.18858562027421366
1731803106.1104178;/app/bags/user95_2017-02-24.bag;0.834065854549408;0.0;0.9619645476341248;0.0;3.6903359844713712;0.8114143797257863;0.18858562027421366
1731803106.310429;/app/bags/user95_2017-02-24.bag;0.834065854549408;0.0;0.9619645476341248;0.0;3.6903359844713712;0.8114143797257863;0.18858562027421366
1731803106.5104115;/app/bags/user95_2017-02-24.bag;0.834065854549408;0.0;0.9619645476341248;0.0;3.6903359844713712;0.8114143797257863;0.18858562027421366
1731803106.710503;/app/bags/user95_2017-02-24.bag;0.834065854549408;0.0;0.9619645476341248;0.0;3.6903359844713712;0.8114143797257863;0.18858562027421366
1731803106.910392;/app/bags/user95_2017-02-24.bag;0.834065854549408;0.0;0.9619645476341248;0.0;3.6903359844713712;0.8114143797257863;0.18858562027421366
1731803107.110386;/app/bags/user95_2017-02-24.bag;0.834065854549408;0.0;0.9619645476341248;0.0;3.6903359844713712;0.8114143797257863;0.18858562027421366
1731803107.3103995;/app/bags/user95_2017-02-24.bag;0.834065854549408;0.0;0.9619645476341248;0.0;3.6903359844713712;0.8114143797257863;0.18858562027421366
1731803107.5104537;/app/bags/user95_2017-02-24.bag;0.834065854549408;0.0;0.9619645476341248;0.0;3.6903359844713712;0.8114143797257863;0.18858562027421366
1731803107.7103758;/app/bags/user95_2017-02-24.bag;0.834065854549408;0.0;0.9619645476341248;0.0;3.6903359844713712;0.8114143797257863;0.18858562027421366
1731803107.9103618;/app/bags/user95_2017-02-24.bag;0.834065854549408;0.0;0.9619645476341248;0.0;3.6903359844713712;0.8114143797257863;0.18858562027421366
1731803108.1103926;/app/bags/user95_2017-02-24.bag;0.834065854549408;0.0;0.9619645476341248;0.0;3.6903359844713712;0.8114143797257863;0.18858562027421366
1731803108.3104606;/app/bags/user95_2017-02-24.bag;0.834065854549408;0.0;0.9619645476341248;0.0;3.6903359844713712;0.8114143797257863;0.18858562027421366
1731803108.5103898;/app/bags/user95_2017-02-24.bag;0.834065854549408;0.0;0.9619645476341248;0.0;3.6903359844713712;0.8114143797257863;0.18858562027421366
1731803108.7103884;/app/bags/user95_2017-02-24.bag;0.834065854549408;0.0;0.9619645476341248;0.0;3.6903359844713712;0.8114143797257863;0.18858562027421366
1731803108.9104164;/app/bags/user95_2017-02-24.bag;0.834065854549408;0.0;0.9619645476341248;0.0;3.6903359844713712;0.8114143797257863;0.18858562027421366
1731803109.110374;/app/bags/user95_2017-02-24.bag;0.834065854549408;0.0;0.9619645476341248;0.0;3.6903359844713712;0.8114143797257863;0.18858562027421366
1731803109.3103733;/app/bags/user95_2017-02-24.bag;0.834065854549408;0.0;0.9619645476341248;0.0;3.6903359844713712;0.8114143797257863;0.18858562027421366
1731803109.5104144;/app/bags/user95_2017-02-24.bag;0.834065854549408;0.0;0.9619645476341248;0.0;3.6903359844713712;0.8114143797257863;0.18858562027421366
1731803109.7104158;/app/bags/user95_2017-02-24.bag;0.834065854549408;0.0;0.9619645476341248;0.0;3.6903359844713712;0.8114143797257863;0.18858562027421366
1731803109.9104354;/app/bags/user95_2017-02-24.bag;0.834065854549408;0.0;0.9619645476341248;0.0;3.6903359844713712;0.8114143797257863;0.18858562027421366
1731803110.110391;/app/bags/user95_2017-02-24.bag;0.834065854549408;0.0;0.9619645476341248;0.0;3.6903359844713712;0.8114143797257863;0.18858562027421366
1731803110.3103876;/app/bags/user95_2017-02-24.bag;0.834065854549408;0.0;0.9619645476341248;0.0;3.6903359844713712;0.8114143797257863;0.18858562027421366
1731803110.5103834;/app/bags/user95_2017-02-24.bag;0.834065854549408;0.0;0.9619645476341248;0.0;3.6903359844713712;0.8114143797257863;0.18858562027421366
1731803110.7104208;/app/bags/user95_2017-02-24.bag;0.834065854549408;0.0;0.9619645476341248;0.0;3.6903359844713712;0.8114143797257863;0.18858562027421366
1731803110.9103591;/app/bags/user95_2017-02-24.bag;0.834065854549408;0.0;0.9619645476341248;0.0;3.6903359844713712;0.8114143797257863;0.18858562027421366
1731803111.1103678;/app/bags/user95_2017-02-24.bag;0.834065854549408;0.0;0.9619645476341248;0.0;3.6903359844713712;0.8114143797257863;0.18858562027421366
1731803111.3104184;/app/bags/user95_2017-02-24.bag;0.834065854549408;0.0;0.9619645476341248;0.0;3.6903359844713712;0.8114143797257863;0.18858562027421366
1731803111.5104191;/app/bags/user95_2017-02-24.bag;0.834065854549408;0.0;0.9619645476341248;0.0;3.6903359844713712;0.8114143797257863;0.18858562027421366
1731803111.7104812;/app/bags/user95_2017-02-24.bag;0.834065854549408;0.0;0.9619645476341248;0.0;3.6903359844713712;0.8114143797257863;0.18858562027421366
1731803111.9104204;/app/bags/user95_2017-02-24.bag;0.834065854549408;0.0;0.9619645476341248;0.0;3.6903359844713712;0.8114143797257863;0.18858562027421366
1731803112.1104724;/app/bags/user95_2017-02-24.bag;0.834065854549408;0.0;0.9619645476341248;0.0;3.6903359844713712;0.8114143797257863;0.18858562027421366
1731803112.310418;/app/bags/user95_2017-02-24.bag;0.834065854549408;0.0;0.9619645476341248;0.0;3.6903359844713712;0.8114143797257863;0.18858562027421366
1731803112.5104523;/app/bags/user95_2017-02-24.bag;0.834065854549408;0.0;0.9619645476341248;0.0;3.6903359844713712;0.8114143797257863;0.18858562027421366
1731803112.7104182;/app/bags/user95_2017-02-24.bag;0.834065854549408;0.0;0.9619645476341248;0.0;3.6903359844713712;0.8114143797257863;0.18858562027421366
1731803112.9104044;/app/bags/user95_2017-02-24.bag;0.834065854549408;0.0;0.9619645476341248;0.0;3.6903359844713712;0.8114143797257863;0.18858562027421366
1731803113.1104548;/app/bags/user95_2017-02-24.bag;0.834065854549408;0.0;0.9619645476341248;0.0;3.6903359844713712;0.8114143797257863;0.18858562027421366
1731803113.3104553;/app/bags/user95_2017-02-24.bag;0.834065854549408;0.0;0.9619645476341248;0.0;3.6903359844713712;0.8114143797257863;0.18858562027421366
1731803113.5104845;/app/bags/user95_2017-02-24.bag;0.834065854549408;0.0;0.9619645476341248;0.0;3.6903359844713712;0.8114143797257863;0.18858562027421366
1731803113.7104015;/app/bags/user95_2017-02-24.bag;0.834065854549408;0.0;0.9619645476341248;0.0;3.6903359844713712;0.8114143797257863;0.18858562027421366
1731803113.9104161;/app/bags/user95_2017-02-24.bag;0.834065854549408;0.0;0.9619645476341248;0.0;3.6903359844713712;0.8114143797257863;0.18858562027421366
1731803114.1104794;/app/bags/user95_2017-02-24.bag;0.834065854549408;0.0;0.9619645476341248;0.0;3.6903359844713712;0.8114143797257863;0.18858562027421366
1731803114.310394;/app/bags/user95_2017-02-24.bag;0.834065854549408;0.0;0.9619645476341248;0.0;3.6903359844713712;0.8114143797257863;0.18858562027421366
1731803114.5103543;/app/bags/user95_2017-02-24.bag;0.834065854549408;0.0;0.9619645476341248;0.0;3.6903359844713712;0.8114143797257863;0.18858562027421366
1731803114.7103987;/app/bags/user95_2017-02-24.bag;0.834065854549408;0.0;0.9619645476341248;0.0;3.6903359844713712;0.8114143797257863;0.18858562027421366
1731803114.9103708;/app/bags/user95_2017-02-24.bag;0.834065854549408;0.0;0.9619645476341248;0.0;3.6903359844713712;0.8114143797257863;0.18858562027421366
1731803115.110406;/app/bags/user95_2017-02-24.bag;0.834065854549408;0.0;0.9619645476341248;0.0;3.6903359844713712;0.8114143797257863;0.18858562027421366
1731803115.310358;/app/bags/user95_2017-02-24.bag;0.834065854549408;0.0;0.9619645476341248;0.0;3.6903359844713712;0.8114143797257863;0.18858562027421366
1731803115.51038;/app/bags/user95_2017-02-24.bag;0.834065854549408;0.0;0.9619645476341248;0.0;3.6903359844713712;0.8114143797257863;0.18858562027421366
1731803115.7104306;/app/bags/user95_2017-02-24.bag;0.834065854549408;0.0;0.9619645476341248;0.0;3.6903359844713712;0.8114143797257863;0.18858562027421366
1731803115.910379;/app/bags/user95_2017-02-24.bag;0.834065854549408;0.0;0.9619645476341248;0.0;3.6903359844713712;0.8114143797257863;0.18858562027421366
1731803116.1103783;/app/bags/user95_2017-02-24.bag;0.834065854549408;0.0;0.9619645476341248;0.0;3.6903359844713712;0.8114143797257863;0.18858562027421366
1731803116.3103697;/app/bags/user95_2017-02-24.bag;0.834065854549408;0.0;0.9619645476341248;0.0;3.6903359844713712;0.8114143797257863;0.18858562027421366
1731803116.5103965;/app/bags/user95_2017-02-24.bag;0.834065854549408;0.0;0.9619645476341248;0.0;3.6903359844713712;0.8114143797257863;0.18858562027421366
1731803116.7104201;/app/bags/user95_2017-02-24.bag;0.834065854549408;0.0;0.9619645476341248;0.0;3.6903359844713712;0.8114143797257863;0.18858562027421366
1731803116.910422;/app/bags/user95_2017-02-24.bag;0.834065854549408;0.0;0.9619645476341248;0.0;3.6903359844713712;0.8114143797257863;0.18858562027421366
1731803117.1105907;/app/bags/user95_2017-02-24.bag;0.834065854549408;0.0;0.9619645476341248;0.0;3.6903359844713712;0.8114143797257863;0.18858562027421366
1731803117.3104043;/app/bags/user95_2017-02-24.bag;0.834065854549408;0.0;0.9619645476341248;0.0;3.6903359844713712;0.8114143797257863;0.18858562027421366
1731803117.5103645;/app/bags/user95_2017-02-24.bag;0.834065854549408;0.0;0.9619645476341248;0.0;3.6903359844713712;0.8114143797257863;0.18858562027421366
1731803117.710362;/app/bags/user95_2017-02-24.bag;0.834065854549408;0.0;0.9619645476341248;0.0;3.6903359844713712;0.8114143797257863;0.18858562027421366
1731803117.9104886;/app/bags/user95_2017-02-24.bag;0.834065854549408;0.0;0.9619645476341248;0.0;3.6903359844713712;0.8114143797257863;0.18858562027421366
1731803118.1103983;/app/bags/user95_2017-02-24.bag;0.834065854549408;0.0;0.9619645476341248;0.0;3.6903359844713712;0.8114143797257863;0.18858562027421366
1731803118.310371;/app/bags/user95_2017-02-24.bag;0.834065854549408;0.0;0.9619645476341248;0.0;3.6903359844713712;0.8114143797257863;0.18858562027421366
1731803118.510368;/app/bags/user95_2017-02-24.bag;0.834065854549408;0.0;0.9619645476341248;0.0;3.6903359844713712;0.8114143797257863;0.18858562027421366
1731803118.7105494;/app/bags/user95_2017-02-24.bag;0.834065854549408;0.0;0.9619645476341248;0.0;3.6903359844713712;0.8114143797257863;0.18858562027421366
1731803118.9103966;/app/bags/user95_2017-02-24.bag;0.834065854549408;0.0;0.9619645476341248;0.0;3.6903359844713712;0.8114143797257863;0.18858562027421366
1731803119.1104488;/app/bags/user95_2017-02-24.bag;0.834065854549408;0.0;0.9619645476341248;0.0;3.6903359844713712;0.8114143797257863;0.18858562027421366
1731803119.3103552;/app/bags/user95_2017-02-24.bag;0.834065854549408;0.0;0.9619645476341248;0.0;3.6903359844713712;0.8114143797257863;0.18858562027421366
1731803119.510373;/app/bags/user95_2017-02-24.bag;0.834065854549408;0.0;0.9619645476341248;0.0;3.6903359844713712;0.8114143797257863;0.18858562027421366
1731803119.7104626;/app/bags/user95_2017-02-24.bag;0.834065854549408;0.0;0.9619645476341248;0.0;3.6903359844713712;0.8114143797257863;0.18858562027421366
1731803119.9106352;/app/bags/user95_2017-02-24.bag;0.834065854549408;0.0;0.9619645476341248;0.0;3.6903359844713712;0.8114143797257863;0.18858562027421366
1731803120.1103787;/app/bags/user95_2017-02-24.bag;0.834065854549408;0.0;0.9619645476341248;0.0;3.6903359844713712;0.8114143797257863;0.18858562027421366
1731803120.3103604;/app/bags/user95_2017-02-24.bag;0.834065854549408;0.0;0.9619645476341248;0.0;3.6903359844713712;0.8114143797257863;0.18858562027421366
1731803120.5104527;/app/bags/user95_2017-02-24.bag;0.834065854549408;0.0;0.9619645476341248;0.0;3.6903359844713712;0.8114143797257863;0.18858562027421366
1731803120.710403;/app/bags/user95_2017-02-24.bag;0.834065854549408;0.0;0.9619645476341248;0.0;3.6903359844713712;0.8114143797257863;0.18858562027421366
1731803120.9103942;/app/bags/user95_2017-02-24.bag;0.834065854549408;0.0;0.9619645476341248;0.0;3.6903359844713712;0.8114143797257863;0.18858562027421366
1731803121.1103854;/app/bags/user95_2017-02-24.bag;0.834065854549408;0.0;0.9619645476341248;0.0;3.6903359844713712;0.8114143797257863;0.18858562027421366
1731803121.3104646;/app/bags/user95_2017-02-24.bag;0.834065854549408;0.0;0.9619645476341248;0.0;3.6903359844713712;0.8114143797257863;0.18858562027421366
1731803121.510436;/app/bags/user95_2017-02-24.bag;0.834065854549408;0.0;0.9619645476341248;0.0;3.6903359844713712;0.8114143797257863;0.18858562027421366
1731803121.7104096;/app/bags/user95_2017-02-24.bag;0.834065854549408;0.0;0.9619645476341248;0.0;3.6903359844713712;0.8114143797257863;0.18858562027421366
1731803121.9104736;/app/bags/user95_2017-02-24.bag;0.834065854549408;0.0;0.9619645476341248;0.0;3.6903359844713712;0.8114143797257863;0.18858562027421366
1731803122.1104627;/app/bags/user95_2017-02-24.bag;0.834065854549408;0.0;0.9619645476341248;0.0;3.6903359844713712;0.8114143797257863;0.18858562027421366
1731803122.3103797;/app/bags/user95_2017-02-24.bag;0.834065854549408;0.0;0.9619645476341248;0.0;3.6903359844713712;0.8114143797257863;0.18858562027421366
1731803122.5103896;/app/bags/user95_2017-02-24.bag;0.834065854549408;0.0;0.9619645476341248;0.0;3.6903359844713712;0.8114143797257863;0.18858562027421366
1731803122.710918;/app/bags/user95_2017-02-24.bag;0.834065854549408;0.0;0.9619645476341248;0.0;3.6903359844713712;0.8114143797257863;0.18858562027421366
1731803122.9109974;/app/bags/user95_2017-02-24.bag;0.834065854549408;0.0;0.9619645476341248;0.0;3.6903359844713712;0.8114143797257863;0.18858562027421366
1731803123.1104193;/app/bags/user95_2017-02-24.bag;0.834065854549408;0.0;0.9619645476341248;0.0;3.6903359844713712;0.8114143797257863;0.18858562027421366
1731803123.3104005;/app/bags/user95_2017-02-24.bag;0.834065854549408;0.0;0.9619645476341248;0.0;3.6903359844713712;0.8114143797257863;0.18858562027421366
1731803123.5104659;/app/bags/user95_2017-02-24.bag;0.834065854549408;0.0;0.9619645476341248;0.0;3.6903359844713712;0.8114143797257863;0.18858562027421366
1731803123.7104154;/app/bags/user95_2017-02-24.bag;0.834065854549408;0.0;0.9619645476341248;0.0;3.6903359844713712;0.8114143797257863;0.18858562027421366
1731803123.9104059;/app/bags/user95_2017-02-24.bag;0.834065854549408;0.0;0.9619645476341248;0.0;3.6903359844713712;0.8114143797257863;0.18858562027421366
1731803124.1104565;/app/bags/user95_2017-02-24.bag;0.834065854549408;0.0;0.9619645476341248;0.0;3.6903359844713712;0.8114143797257863;0.18858562027421366
1731803124.310386;/app/bags/user95_2017-02-24.bag;0.834065854549408;0.0;0.9619645476341248;0.0;3.6903359844713712;0.8114143797257863;0.18858562027421366
1731803124.5104194;/app/bags/user95_2017-02-24.bag;0.834065854549408;0.0;0.9619645476341248;0.0;3.6903359844713712;0.8114143797257863;0.18858562027421366
1731803124.7104108;/app/bags/user95_2017-02-24.bag;0.834065854549408;0.0;0.9619645476341248;0.0;3.6903359844713712;0.8114143797257863;0.18858562027421366
1731803124.910392;/app/bags/user95_2017-02-24.bag;0.834065854549408;0.0;0.9619645476341248;0.0;3.6903359844713712;0.8114143797257863;0.18858562027421366
1731803125.110384;/app/bags/user95_2017-02-24.bag;0.834065854549408;0.0;0.9619645476341248;0.0;3.6903359844713712;0.8114143797257863;0.18858562027421366
1731803125.310417;/app/bags/user95_2017-02-24.bag;0.834065854549408;0.0;0.9619645476341248;0.0;3.6903359844713712;0.8114143797257863;0.18858562027421366
1731803125.5103903;/app/bags/user95_2017-02-24.bag;0.834065854549408;0.0;0.9619645476341248;0.0;3.6903359844713712;0.8114143797257863;0.18858562027421366
1731803125.7104316;/app/bags/user95_2017-02-24.bag;0.834065854549408;0.0;0.9619645476341248;0.0;3.6903359844713712;0.8114143797257863;0.18858562027421366
1731803125.9104576;/app/bags/user95_2017-02-24.bag;0.834065854549408;0.0;0.9619645476341248;0.0;3.6903359844713712;0.8114143797257863;0.18858562027421366
1731803126.1104105;/app/bags/user95_2017-02-24.bag;0.834065854549408;0.0;0.9619645476341248;0.0;3.6903359844713712;0.8114143797257863;0.18858562027421366
1731803126.3104665;/app/bags/user95_2017-02-24.bag;0.834065854549408;0.0;0.9619645476341248;0.0;3.6903359844713712;0.8114143797257863;0.18858562027421366
1731803126.5103855;/app/bags/user95_2017-02-24.bag;0.834065854549408;0.0;0.9619645476341248;0.0;3.6903359844713712;0.8114143797257863;0.18858562027421366
1731803126.7104523;/app/bags/user95_2017-02-24.bag;0.834065854549408;0.0;0.9619645476341248;0.0;3.6903359844713712;0.8114143797257863;0.18858562027421366
1731803126.9103897;/app/bags/user95_2017-02-24.bag;0.834065854549408;0.0;0.9619645476341248;0.0;3.6903359844713712;0.8114143797257863;0.18858562027421366
1731803127.1104126;/app/bags/user95_2017-02-24.bag;0.834065854549408;0.0;0.9619645476341248;0.0;3.6903359844713712;0.8114143797257863;0.18858562027421366
1731803127.3104281;/app/bags/user95_2017-02-24.bag;0.834065854549408;0.0;0.9619645476341248;0.0;3.6903359844713712;0.8114143797257863;0.18858562027421366
1731803127.5103786;/app/bags/user95_2017-02-24.bag;0.834065854549408;0.0;0.9619645476341248;0.0;3.6903359844713712;0.8114143797257863;0.18858562027421366
1731803127.7103739;/app/bags/user95_2017-02-24.bag;0.834065854549408;0.0;0.9619645476341248;0.0;3.6903359844713712;0.8114143797257863;0.18858562027421366
1731803127.9104364;/app/bags/user95_2017-02-24.bag;0.834065854549408;0.0;0.9619645476341248;0.0;3.6903359844713712;0.8114143797257863;0.18858562027421366
1731803128.1104088;/app/bags/user95_2017-02-24.bag;0.834065854549408;0.0;0.9619645476341248;0.0;3.6903359844713712;0.8114143797257863;0.18858562027421366
1731803128.310415;/app/bags/user95_2017-02-24.bag;0.834065854549408;0.0;0.9619645476341248;0.0;3.6903359844713712;0.8114143797257863;0.18858562027421366
1731803128.5103793;/app/bags/user95_2017-02-24.bag;0.834065854549408;0.0;0.9619645476341248;0.0;3.6903359844713712;0.8114143797257863;0.18858562027421366
1731803128.7104006;/app/bags/user95_2017-02-24.bag;0.834065854549408;0.0;0.9619645476341248;0.0;3.6903359844713712;0.8114143797257863;0.18858562027421366
1731803128.910421;/app/bags/user95_2017-02-24.bag;0.834065854549408;0.0;0.9619645476341248;0.0;3.6903359844713712;0.8114143797257863;0.18858562027421366
1731803129.1103516;/app/bags/user95_2017-02-24.bag;0.834065854549408;0.0;0.9619645476341248;0.0;3.6903359844713712;0.8114143797257863;0.18858562027421366
1731803129.3104103;/app/bags/user95_2017-02-24.bag;0.834065854549408;0.0;0.9619645476341248;0.0;3.6903359844713712;0.8114143797257863;0.18858562027421366
1731803129.5103986;/app/bags/user95_2017-02-24.bag;0.834065854549408;0.0;0.9619645476341248;0.0;3.6903359844713712;0.8114143797257863;0.18858562027421366
1731803129.7104208;/app/bags/user95_2017-02-24.bag;0.834065854549408;0.0;0.9619645476341248;0.0;3.6903359844713712;0.8114143797257863;0.18858562027421366
1731803129.9101958;/app/bags/user95_2017-02-24.bag;0.834065854549408;0.0;0.9619645476341248;0.0;3.6903359844713712;0.8114143797257863;0.18858562027421366
1731803130.110439;/app/bags/user95_2017-02-24.bag;0.834065854549408;0.0;0.9619645476341248;0.0;3.6903359844713712;0.8114143797257863;0.18858562027421366
1731803130.310414;/app/bags/user95_2017-02-24.bag;0.834065854549408;0.0;0.9619645476341248;0.0;3.6903359844713712;0.8114143797257863;0.18858562027421366
1731803130.510389;/app/bags/user95_2017-02-24.bag;0.834065854549408;0.0;0.9619645476341248;0.0;3.6903359844713712;0.8114143797257863;0.18858562027421366
1731803130.7103648;/app/bags/user95_2017-02-24.bag;0.834065854549408;0.0;0.9619645476341248;0.0;3.6903359844713712;0.8114143797257863;0.18858562027421366
1731803130.9104767;/app/bags/user95_2017-02-24.bag;0.834065854549408;0.0;0.9619645476341248;0.0;3.6903359844713712;0.8114143797257863;0.18858562027421366
1731803131.1103969;/app/bags/user95_2017-02-24.bag;0.834065854549408;0.0;0.9619645476341248;0.0;3.6903359844713712;0.8114143797257863;0.18858562027421366
1731803131.3104453;/app/bags/user95_2017-02-24.bag;0.834065854549408;0.0;0.9619645476341248;0.0;3.6903359844713712;0.8114143797257863;0.18858562027421366
1731803131.51036;/app/bags/user95_2017-02-24.bag;0.834065854549408;0.0;0.9619645476341248;0.0;3.6903359844713712;0.8114143797257863;0.18858562027421366
1731803131.7104924;/app/bags/user95_2017-02-24.bag;0.834065854549408;0.0;0.9619645476341248;0.0;3.6903359844713712;0.8114143797257863;0.18858562027421366
1731803131.91044;/app/bags/user95_2017-02-24.bag;0.834065854549408;0.0;0.9619645476341248;0.0;3.6903359844713712;0.8114143797257863;0.18858562027421366
1731803132.110396;/app/bags/user95_2017-02-24.bag;0.834065854549408;0.0;0.9619645476341248;0.0;3.6903359844713712;0.8114143797257863;0.18858562027421366
1731803132.3104327;/app/bags/user95_2017-02-24.bag;0.834065854549408;0.0;0.9619645476341248;0.0;3.6903359844713712;0.8114143797257863;0.18858562027421366
1731803132.510428;/app/bags/user95_2017-02-24.bag;0.834065854549408;0.0;0.9619645476341248;0.0;3.6903359844713712;0.8114143797257863;0.18858562027421366
1731803132.7104437;/app/bags/user95_2017-02-24.bag;0.834065854549408;0.0;0.9619645476341248;0.0;3.6903359844713712;0.8114143797257863;0.18858562027421366
1731803132.910414;/app/bags/user95_2017-02-24.bag;0.834065854549408;0.0;0.9619645476341248;0.0;3.6903359844713712;0.8114143797257863;0.18858562027421366
1731803133.1104114;/app/bags/user95_2017-02-24.bag;0.834065854549408;0.0;0.9619645476341248;0.0;3.6903359844713712;0.8114143797257863;0.18858562027421366
1731803133.310525;/app/bags/user95_2017-02-24.bag;0.834065854549408;0.0;0.9619645476341248;0.0;3.6903359844713712;0.8114143797257863;0.18858562027421366
1731803133.5104015;/app/bags/user95_2017-02-24.bag;0.834065854549408;0.0;0.9619645476341248;0.0;3.6903359844713712;0.8114143797257863;0.18858562027421366
1731803133.710407;/app/bags/user95_2017-02-24.bag;0.834065854549408;0.0;0.9619645476341248;0.0;3.6903359844713712;0.8114143797257863;0.18858562027421366
1731803133.9103887;/app/bags/user95_2017-02-24.bag;0.834065854549408;0.0;0.9619645476341248;0.0;3.6903359844713712;0.8114143797257863;0.18858562027421366
1731803134.110424;/app/bags/user95_2017-02-24.bag;0.834065854549408;0.0;0.9619645476341248;0.0;3.6903359844713712;0.8114143797257863;0.18858562027421366
1731803134.3104131;/app/bags/user95_2017-02-24.bag;0.834065854549408;0.0;0.9619645476341248;0.0;3.6903359844713712;0.8114143797257863;0.18858562027421366
1731803134.510409;/app/bags/user95_2017-02-24.bag;0.834065854549408;0.0;0.9619645476341248;0.0;3.6903359844713712;0.8114143797257863;0.18858562027421366
1731803134.7104218;/app/bags/user95_2017-02-24.bag;0.834065854549408;0.0;0.9619645476341248;0.0;3.6903359844713712;0.8114143797257863;0.18858562027421366
1731803134.9104;/app/bags/user95_2017-02-24.bag;0.834065854549408;0.0;0.9619645476341248;0.0;3.6903359844713712;0.8114143797257863;0.18858562027421366
1731803135.110396;/app/bags/user95_2017-02-24.bag;0.834065854549408;0.0;0.9619645476341248;0.0;3.6903359844713712;0.8114143797257863;0.18858562027421366
1731803135.3104181;/app/bags/user95_2017-02-24.bag;0.834065854549408;0.0;0.9619645476341248;0.0;3.6903359844713712;0.8114143797257863;0.18858562027421366
1731803135.5104458;/app/bags/user95_2017-02-24.bag;0.834065854549408;0.0;0.9619645476341248;0.0;3.6903359844713712;0.8114143797257863;0.18858562027421366
1731803135.7103834;/app/bags/user95_2017-02-24.bag;0.834065854549408;0.0;0.9619645476341248;0.0;3.6903359844713712;0.8114143797257863;0.18858562027421366
1731803135.9103773;/app/bags/user95_2017-02-24.bag;0.834065854549408;0.0;0.9619645476341248;0.0;3.6903359844713712;0.8114143797257863;0.18858562027421366
1731803136.1104674;/app/bags/user95_2017-02-24.bag;0.834065854549408;0.0;0.9619645476341248;0.0;3.6903359844713712;0.8114143797257863;0.18858562027421366
1731803136.3103802;/app/bags/user95_2017-02-24.bag;0.834065854549408;0.0;0.9619645476341248;0.0;3.6903359844713712;0.8114143797257863;0.18858562027421366
1731803136.5104647;/app/bags/user95_2017-02-24.bag;0.834065854549408;0.0;0.9619645476341248;0.0;3.6903359844713712;0.8114143797257863;0.18858562027421366
1731803136.7104127;/app/bags/user95_2017-02-24.bag;0.834065854549408;0.0;0.9619645476341248;0.0;3.6903359844713712;0.8114143797257863;0.18858562027421366
1731803136.9104495;/app/bags/user95_2017-02-24.bag;0.834065854549408;0.0;0.9619645476341248;0.0;3.6903359844713712;0.8114143797257863;0.18858562027421366
1731803137.1103835;/app/bags/user95_2017-02-24.bag;0.834065854549408;0.0;0.9619645476341248;0.0;3.6903359844713712;0.8114143797257863;0.18858562027421366
1731803137.310464;/app/bags/user95_2017-02-24.bag;0.834065854549408;0.0;0.9619645476341248;0.0;3.6903359844713712;0.8114143797257863;0.18858562027421366
1731803137.5104113;/app/bags/user95_2017-02-24.bag;0.834065854549408;0.0;0.9619645476341248;0.0;3.6903359844713712;0.8114143797257863;0.18858562027421366
1731803137.7104616;/app/bags/user95_2017-02-24.bag;0.834065854549408;0.0;0.9619645476341248;0.0;3.6903359844713712;0.8114143797257863;0.18858562027421366
1731803137.9104385;/app/bags/user95_2017-02-24.bag;0.834065854549408;0.0;0.9619645476341248;0.0;3.6903359844713712;0.8114143797257863;0.18858562027421366
1731803138.1104028;/app/bags/user95_2017-02-24.bag;0.834065854549408;0.0;0.9619645476341248;0.0;3.6903359844713712;0.8114143797257863;0.18858562027421366
1731803138.310364;/app/bags/user95_2017-02-24.bag;0.834065854549408;0.0;0.9619645476341248;0.0;3.6903359844713712;0.8114143797257863;0.18858562027421366
1731803138.5103874;/app/bags/user95_2017-02-24.bag;0.834065854549408;0.0;0.9619645476341248;0.0;3.6903359844713712;0.8114143797257863;0.18858562027421366
1731803138.7104614;/app/bags/user95_2017-02-24.bag;0.834065854549408;0.0;0.9619645476341248;0.0;3.6903359844713712;0.8114143797257863;0.18858562027421366
1731803138.9104042;/app/bags/user95_2017-02-24.bag;0.834065854549408;0.0;0.9619645476341248;0.0;3.6903359844713712;0.8114143797257863;0.18858562027421366
1731803139.110431;/app/bags/user95_2017-02-24.bag;0.834065854549408;0.0;0.9619645476341248;0.0;3.6903359844713712;0.8114143797257863;0.18858562027421366
1731803139.3104243;/app/bags/user95_2017-02-24.bag;0.834065854549408;0.0;0.9619645476341248;0.0;3.6903359844713712;0.8114143797257863;0.18858562027421366
1731803139.5104117;/app/bags/user95_2017-02-24.bag;0.834065854549408;0.0;0.9619645476341248;0.0;3.6903359844713712;0.8114143797257863;0.18858562027421366
1731803139.710394;/app/bags/user95_2017-02-24.bag;0.834065854549408;0.0;0.9619645476341248;0.0;3.6903359844713712;0.8114143797257863;0.18858562027421366
1731803139.9104512;/app/bags/user95_2017-02-24.bag;0.834065854549408;0.0;0.9619645476341248;0.0;3.6903359844713712;0.8114143797257863;0.18858562027421366
1731803140.1104138;/app/bags/user95_2017-02-24.bag;0.834065854549408;0.0;0.9619645476341248;0.0;3.6903359844713712;0.8114143797257863;0.18858562027421366
1731803140.3104167;/app/bags/user95_2017-02-24.bag;0.834065854549408;0.0;0.9619645476341248;0.0;3.6903359844713712;0.8114143797257863;0.18858562027421366
1731803140.5104356;/app/bags/user95_2017-02-24.bag;0.834065854549408;0.0;0.9619645476341248;0.0;3.6903359844713712;0.8114143797257863;0.18858562027421366
1731803140.710403;/app/bags/user95_2017-02-24.bag;0.834065854549408;0.0;0.9619645476341248;0.0;3.6903359844713712;0.8114143797257863;0.18858562027421366
1731803140.9104252;/app/bags/user95_2017-02-24.bag;0.834065854549408;0.0;0.9619645476341248;0.0;3.6903359844713712;0.8114143797257863;0.18858562027421366
1731803141.1103914;/app/bags/user95_2017-02-24.bag;0.834065854549408;0.0;0.9619645476341248;0.0;3.6903359844713712;0.8114143797257863;0.18858562027421366
1731803141.31039;/app/bags/user95_2017-02-24.bag;0.834065854549408;0.0;0.9619645476341248;0.0;3.6903359844713712;0.8114143797257863;0.18858562027421366
1731803141.5103517;/app/bags/user95_2017-02-24.bag;0.834065854549408;0.0;0.9619645476341248;0.0;3.6903359844713712;0.8114143797257863;0.18858562027421366
1731803141.7104077;/app/bags/user95_2017-02-24.bag;0.834065854549408;0.0;0.9619645476341248;0.0;3.6903359844713712;0.8114143797257863;0.18858562027421366
1731803141.910598;/app/bags/user95_2017-02-24.bag;0.834065854549408;0.0;0.9619645476341248;0.0;3.6903359844713712;0.8114143797257863;0.18858562027421366
1731803142.110396;/app/bags/user95_2017-02-24.bag;0.834065854549408;0.0;0.9619645476341248;0.0;3.6903359844713712;0.8114143797257863;0.18858562027421366
1731803142.3103871;/app/bags/user95_2017-02-24.bag;0.834065854549408;0.0;0.9619645476341248;0.0;3.6903359844713712;0.8114143797257863;0.18858562027421366
1731803142.5104327;/app/bags/user95_2017-02-24.bag;0.834065854549408;0.0;0.9619645476341248;0.0;3.6903359844713712;0.8114143797257863;0.18858562027421366
1731803142.7104535;/app/bags/user95_2017-02-24.bag;0.834065854549408;0.0;0.9619645476341248;0.0;3.6903359844713712;0.8114143797257863;0.18858562027421366
1731803142.9104044;/app/bags/user95_2017-02-24.bag;0.834065854549408;0.0;0.9619645476341248;0.0;3.6903359844713712;0.8114143797257863;0.18858562027421366
1731803143.1105943;/app/bags/user95_2017-02-24.bag;0.834065854549408;0.0;0.9619645476341248;0.0;3.6903359844713712;0.8114143797257863;0.18858562027421366
1731803143.310398;/app/bags/user95_2017-02-24.bag;0.834065854549408;0.0;0.9619645476341248;0.0;3.6903359844713712;0.8114143797257863;0.18858562027421366
1731803143.510383;/app/bags/user95_2017-02-24.bag;0.834065854549408;0.0;0.9619645476341248;0.0;3.6903359844713712;0.8114143797257863;0.18858562027421366
1731803143.7103817;/app/bags/user95_2017-02-24.bag;0.834065854549408;0.0;0.9619645476341248;0.0;3.6903359844713712;0.8114143797257863;0.18858562027421366
1731803143.910385;/app/bags/user95_2017-02-24.bag;0.834065854549408;0.0;0.9619645476341248;0.0;3.6903359844713712;0.8114143797257863;0.18858562027421366
1731803144.110393;/app/bags/user95_2017-02-24.bag;0.834065854549408;0.0;0.9619645476341248;0.0;3.6903359844713712;0.8114143797257863;0.18858562027421366
1731803144.3103836;/app/bags/user95_2017-02-24.bag;0.834065854549408;0.0;0.9619645476341248;0.0;3.6903359844713712;0.8114143797257863;0.18858562027421366
1731803144.5104797;/app/bags/user95_2017-02-24.bag;0.834065854549408;0.0;0.9619645476341248;0.0;3.6903359844713712;0.8114143797257863;0.18858562027421366
1731803144.7104633;/app/bags/user95_2017-02-24.bag;0.834065854549408;0.0;0.9619645476341248;0.0;3.6903359844713712;0.8114143797257863;0.18858562027421366
1731803144.91036;/app/bags/user95_2017-02-24.bag;0.834065854549408;0.0;0.9619645476341248;0.0;3.6903359844713712;0.8114143797257863;0.18858562027421366
1731803145.1104372;/app/bags/user95_2017-02-24.bag;0.834065854549408;0.0;0.9619645476341248;0.0;3.6903359844713712;0.8114143797257863;0.18858562027421366
1731803145.310605;/app/bags/user95_2017-02-24.bag;0.834065854549408;0.0;0.9619645476341248;0.0;3.6903359844713712;0.8114143797257863;0.18858562027421366
1731803145.5104387;/app/bags/user95_2017-02-24.bag;0.834065854549408;0.0;0.9619645476341248;0.0;3.6903359844713712;0.8114143797257863;0.18858562027421366
1731803145.7104478;/app/bags/user95_2017-02-24.bag;0.834065854549408;0.0;0.9619645476341248;0.0;3.6903359844713712;0.8114143797257863;0.18858562027421366
1731803145.9104323;/app/bags/user95_2017-02-24.bag;0.834065854549408;0.0;0.9619645476341248;0.0;3.6903359844713712;0.8114143797257863;0.18858562027421366
1731803146.1104739;/app/bags/user95_2017-02-24.bag;0.834065854549408;0.0;0.9619645476341248;0.0;3.6903359844713712;0.8114143797257863;0.18858562027421366
1731803146.310387;/app/bags/user95_2017-02-24.bag;0.834065854549408;0.0;0.9619645476341248;0.0;3.6903359844713712;0.8114143797257863;0.18858562027421366
1731803146.5104032;/app/bags/user95_2017-02-24.bag;0.834065854549408;0.0;0.9619645476341248;0.0;3.6903359844713712;0.8114143797257863;0.18858562027421366
1731803146.7104256;/app/bags/user95_2017-02-24.bag;0.834065854549408;0.0;0.9619645476341248;0.0;3.6903359844713712;0.8114143797257863;0.18858562027421366
1731803146.9105127;/app/bags/user95_2017-02-24.bag;0.834065854549408;0.0;0.9619645476341248;0.0;3.6903359844713712;0.8114143797257863;0.18858562027421366
1731803147.110431;/app/bags/user95_2017-02-24.bag;0.834065854549408;0.0;0.9619645476341248;0.0;3.6903359844713712;0.8114143797257863;0.18858562027421366
1731803147.3104107;/app/bags/user95_2017-02-24.bag;0.834065854549408;0.0;0.9619645476341248;0.0;3.6903359844713712;0.8114143797257863;0.18858562027421366
1731803147.510378;/app/bags/user95_2017-02-24.bag;0.834065854549408;0.0;0.9619645476341248;0.0;3.6903359844713712;0.8114143797257863;0.18858562027421366
1731803147.7103875;/app/bags/user95_2017-02-24.bag;0.834065854549408;0.0;0.9619645476341248;0.0;3.6903359844713712;0.8114143797257863;0.18858562027421366
1731803147.9104588;/app/bags/user95_2017-02-24.bag;0.834065854549408;0.0;0.9619645476341248;0.0;3.6903359844713712;0.8114143797257863;0.18858562027421366
1731803148.1103845;/app/bags/user95_2017-02-24.bag;0.834065854549408;0.0;0.9619645476341248;0.0;3.6903359844713712;0.8114143797257863;0.18858562027421366
1731803148.3103716;/app/bags/user95_2017-02-24.bag;0.834065854549408;0.0;0.9619645476341248;0.0;3.6903359844713712;0.8114143797257863;0.18858562027421366
1731803148.5103872;/app/bags/user95_2017-02-24.bag;0.834065854549408;0.0;0.9619645476341248;0.0;3.6903359844713712;0.8114143797257863;0.18858562027421366
1731803148.7103705;/app/bags/user95_2017-02-24.bag;0.834065854549408;0.0;0.9619645476341248;0.0;3.6903359844713712;0.8114143797257863;0.18858562027421366
1731803148.9104056;/app/bags/user95_2017-02-24.bag;0.834065854549408;0.0;0.9619645476341248;0.0;3.6903359844713712;0.8114143797257863;0.18858562027421366
1731803149.1104074;/app/bags/user95_2017-02-24.bag;0.834065854549408;0.0;0.9619645476341248;0.0;3.6903359844713712;0.8114143797257863;0.18858562027421366
1731803149.3104362;/app/bags/user95_2017-02-24.bag;0.834065854549408;0.0;0.9619645476341248;0.0;3.6903359844713712;0.8114143797257863;0.18858562027421366
1731803149.5103905;/app/bags/user95_2017-02-24.bag;0.834065854549408;0.0;0.9619645476341248;0.0;3.6903359844713712;0.8114143797257863;0.18858562027421366
1731803149.7103956;/app/bags/user95_2017-02-24.bag;0.834065854549408;0.0;0.9619645476341248;0.0;3.6903359844713712;0.8114143797257863;0.18858562027421366
1731803149.910423;/app/bags/user95_2017-02-24.bag;0.834065854549408;0.0;0.9619645476341248;0.0;3.6903359844713712;0.8114143797257863;0.18858562027421366
1731803150.1103911;/app/bags/user95_2017-02-24.bag;0.834065854549408;0.0;0.9619645476341248;0.0;3.6903359844713712;0.8114143797257863;0.18858562027421366
1731803150.3105118;/app/bags/user95_2017-02-24.bag;0.834065854549408;0.0;0.9619645476341248;0.0;3.6903359844713712;0.8114143797257863;0.18858562027421366
1731803150.5104163;/app/bags/user95_2017-02-24.bag;0.834065854549408;0.0;0.9619645476341248;0.0;3.6903359844713712;0.8114143797257863;0.18858562027421366
1731803150.7103944;/app/bags/user95_2017-02-24.bag;0.834065854549408;0.0;0.9619645476341248;0.0;3.6903359844713712;0.8114143797257863;0.18858562027421366
1731803150.910413;/app/bags/user95_2017-02-24.bag;0.834065854549408;0.0;0.9619645476341248;0.0;3.6903359844713712;0.8114143797257863;0.18858562027421366
1731803151.1104496;/app/bags/user95_2017-02-24.bag;0.834065854549408;0.0;0.9619645476341248;0.0;3.6903359844713712;0.8114143797257863;0.18858562027421366
1731803151.310422;/app/bags/user95_2017-02-24.bag;0.834065854549408;0.0;0.9619645476341248;0.0;3.6903359844713712;0.8114143797257863;0.18858562027421366
1731803151.510404;/app/bags/user95_2017-02-24.bag;0.834065854549408;0.0;0.9619645476341248;0.0;3.6903359844713712;0.8114143797257863;0.18858562027421366
1731803151.7104506;/app/bags/user95_2017-02-24.bag;0.834065854549408;0.0;0.9619645476341248;0.0;3.6903359844713712;0.8114143797257863;0.18858562027421366
1731803151.9104114;/app/bags/user95_2017-02-24.bag;0.834065854549408;0.0;0.9619645476341248;0.0;3.6903359844713712;0.8114143797257863;0.18858562027421366
1731803152.1104612;/app/bags/user95_2017-02-24.bag;0.834065854549408;0.0;0.9619645476341248;0.0;3.6903359844713712;0.8114143797257863;0.18858562027421366
1731803152.310393;/app/bags/user95_2017-02-24.bag;0.834065854549408;0.0;0.9619645476341248;0.0;3.6903359844713712;0.8114143797257863;0.18858562027421366
1731803152.510408;/app/bags/user95_2017-02-24.bag;0.834065854549408;0.0;0.9619645476341248;0.0;3.6903359844713712;0.8114143797257863;0.18858562027421366
1731803152.71042;/app/bags/user95_2017-02-24.bag;0.834065854549408;0.0;0.9619645476341248;0.0;3.6903359844713712;0.8114143797257863;0.18858562027421366
1731803152.9103982;/app/bags/user95_2017-02-24.bag;0.834065854549408;0.0;0.9619645476341248;0.0;3.6903359844713712;0.8114143797257863;0.18858562027421366
1731803153.1104205;/app/bags/user95_2017-02-24.bag;0.834065854549408;0.0;0.9619645476341248;0.0;3.6903359844713712;0.8114143797257863;0.18858562027421366
1731803153.3104377;/app/bags/user95_2017-02-24.bag;0.834065854549408;0.0;0.9619645476341248;0.0;3.6903359844713712;0.8114143797257863;0.18858562027421366
1731803153.5104206;/app/bags/user95_2017-02-24.bag;0.834065854549408;0.0;0.9619645476341248;0.0;3.6903359844713712;0.8114143797257863;0.18858562027421366
1731803153.710397;/app/bags/user95_2017-02-24.bag;0.834065854549408;0.0;0.9619645476341248;0.0;3.6903359844713712;0.8114143797257863;0.18858562027421366
1731803153.9103968;/app/bags/user95_2017-02-24.bag;0.834065854549408;0.0;0.9619645476341248;0.0;3.6903359844713712;0.8114143797257863;0.18858562027421366
1731803154.1104505;/app/bags/user95_2017-02-24.bag;0.834065854549408;0.0;0.9619645476341248;0.0;3.6903359844713712;0.8114143797257863;0.18858562027421366
1731803154.3103762;/app/bags/user95_2017-02-24.bag;0.834065854549408;0.0;0.9619645476341248;0.0;3.6903359844713712;0.8114143797257863;0.18858562027421366
1731803154.5104296;/app/bags/user95_2017-02-24.bag;0.834065854549408;0.0;0.9619645476341248;0.0;3.6903359844713712;0.8114143797257863;0.18858562027421366
1731803154.7103968;/app/bags/user95_2017-02-24.bag;0.834065854549408;0.0;0.9619645476341248;0.0;3.6903359844713712;0.8114143797257863;0.18858562027421366
1731803154.9103856;/app/bags/user95_2017-02-24.bag;0.834065854549408;0.0;0.9619645476341248;0.0;3.6903359844713712;0.8114143797257863;0.18858562027421366
1731803155.110423;/app/bags/user95_2017-02-24.bag;0.834065854549408;0.0;0.9619645476341248;0.0;3.6903359844713712;0.8114143797257863;0.18858562027421366
1731803155.3103886;/app/bags/user95_2017-02-24.bag;0.834065854549408;0.0;0.9619645476341248;0.0;3.6903359844713712;0.8114143797257863;0.18858562027421366
1731803155.5104141;/app/bags/user95_2017-02-24.bag;0.834065854549408;0.0;0.9619645476341248;0.0;3.6903359844713712;0.8114143797257863;0.18858562027421366
1731803155.7103775;/app/bags/user95_2017-02-24.bag;0.834065854549408;0.0;0.9619645476341248;0.0;3.6903359844713712;0.8114143797257863;0.18858562027421366
1731803155.9104328;/app/bags/user95_2017-02-24.bag;0.834065854549408;0.0;0.9619645476341248;0.0;3.6903359844713712;0.8114143797257863;0.18858562027421366
1731803156.1103973;/app/bags/user95_2017-02-24.bag;0.834065854549408;0.0;0.9619645476341248;0.0;3.6903359844713712;0.8114143797257863;0.18858562027421366
1731803156.310451;/app/bags/user95_2017-02-24.bag;0.834065854549408;0.0;0.9619645476341248;0.0;3.6903359844713712;0.8114143797257863;0.18858562027421366
1731803156.510412;/app/bags/user95_2017-02-24.bag;0.834065854549408;0.0;0.9619645476341248;0.0;3.6903359844713712;0.8114143797257863;0.18858562027421366
1731803156.7104506;/app/bags/user95_2017-02-24.bag;0.834065854549408;0.0;0.9619645476341248;0.0;3.6903359844713712;0.8114143797257863;0.18858562027421366
1731803156.910417;/app/bags/user95_2017-02-24.bag;0.834065854549408;0.0;0.9619645476341248;0.0;3.6903359844713712;0.8114143797257863;0.18858562027421366
1731803157.1104095;/app/bags/user95_2017-02-24.bag;0.834065854549408;0.0;0.9619645476341248;0.0;3.6903359844713712;0.8114143797257863;0.18858562027421366
1731803157.3104587;/app/bags/user95_2017-02-24.bag;0.834065854549408;0.0;0.9619645476341248;0.0;3.6903359844713712;0.8114143797257863;0.18858562027421366
1731803157.5104818;/app/bags/user95_2017-02-24.bag;0.834065854549408;0.0;0.9619645476341248;0.0;3.6903359844713712;0.8114143797257863;0.18858562027421366
1731803157.7103715;/app/bags/user95_2017-02-24.bag;0.834065854549408;0.0;0.9619645476341248;0.0;3.6903359844713712;0.8114143797257863;0.18858562027421366
1731803157.9104064;/app/bags/user95_2017-02-24.bag;0.834065854549408;0.0;0.9619645476341248;0.0;3.6903359844713712;0.8114143797257863;0.18858562027421366
1731803158.1104033;/app/bags/user95_2017-02-24.bag;0.834065854549408;0.0;0.9619645476341248;0.0;3.6903359844713712;0.8114143797257863;0.18858562027421366
1731803158.3104298;/app/bags/user95_2017-02-24.bag;0.834065854549408;0.0;0.9619645476341248;0.0;3.6903359844713712;0.8114143797257863;0.18858562027421366
1731803158.5103862;/app/bags/user95_2017-02-24.bag;0.834065854549408;0.0;0.9619645476341248;0.0;3.6903359844713712;0.8114143797257863;0.18858562027421366
1731803158.7104545;/app/bags/user95_2017-02-24.bag;0.834065854549408;0.0;0.9619645476341248;0.0;3.6903359844713712;0.8114143797257863;0.18858562027421366
1731803158.9103618;/app/bags/user95_2017-02-24.bag;0.834065854549408;0.0;0.9619645476341248;0.0;3.6903359844713712;0.8114143797257863;0.18858562027421366
1731803159.1106074;/app/bags/user95_2017-02-24.bag;0.834065854549408;0.0;0.9619645476341248;0.0;3.6903359844713712;0.8114143797257863;0.18858562027421366
1731803159.3104622;/app/bags/user95_2017-02-24.bag;0.834065854549408;0.0;0.9619645476341248;0.0;3.6903359844713712;0.8114143797257863;0.18858562027421366
1731803159.5103636;/app/bags/user95_2017-02-24.bag;0.834065854549408;0.0;0.9619645476341248;0.0;3.6903359844713712;0.8114143797257863;0.18858562027421366
1731803159.7104702;/app/bags/user95_2017-02-24.bag;0.834065854549408;0.0;0.9619645476341248;0.0;3.6903359844713712;0.8114143797257863;0.18858562027421366
1731803159.9103768;/app/bags/user95_2017-02-24.bag;0.834065854549408;0.0;0.9619645476341248;0.0;3.6903359844713712;0.8114143797257863;0.18858562027421366
1731803160.1104054;/app/bags/user95_2017-02-24.bag;0.834065854549408;0.0;0.9619645476341248;0.0;3.6903359844713712;0.8114143797257863;0.18858562027421366
1731803160.3104236;/app/bags/user95_2017-02-24.bag;0.834065854549408;0.0;0.9619645476341248;0.0;3.6903359844713712;0.8114143797257863;0.18858562027421366
1731803160.5104623;/app/bags/user95_2017-02-24.bag;0.834065854549408;0.0;0.9619645476341248;0.0;3.6903359844713712;0.8114143797257863;0.18858562027421366
1731803160.7103765;/app/bags/user95_2017-02-24.bag;0.834065854549408;0.0;0.9619645476341248;0.0;3.6903359844713712;0.8114143797257863;0.18858562027421366
1731803160.910378;/app/bags/user95_2017-02-24.bag;0.834065854549408;0.0;0.9619645476341248;0.0;3.6903359844713712;0.8114143797257863;0.18858562027421366
1731803161.110389;/app/bags/user95_2017-02-24.bag;0.834065854549408;0.0;0.9619645476341248;0.0;3.6903359844713712;0.8114143797257863;0.18858562027421366
1731803161.310438;/app/bags/user95_2017-02-24.bag;0.834065854549408;0.0;0.9619645476341248;0.0;3.6903359844713712;0.8114143797257863;0.18858562027421366
1731803161.5104446;/app/bags/user95_2017-02-24.bag;0.834065854549408;0.0;0.9619645476341248;0.0;3.6903359844713712;0.8114143797257863;0.18858562027421366
1731803161.710397;/app/bags/user95_2017-02-24.bag;0.834065854549408;0.0;0.9619645476341248;0.0;3.6903359844713712;0.8114143797257863;0.18858562027421366
1731803161.9103975;/app/bags/user95_2017-02-24.bag;0.834065854549408;0.0;0.9619645476341248;0.0;3.6903359844713712;0.8114143797257863;0.18858562027421366
1731803162.1104078;/app/bags/user95_2017-02-24.bag;0.834065854549408;0.0;0.9619645476341248;0.0;3.6903359844713712;0.8114143797257863;0.18858562027421366
1731803162.310453;/app/bags/user95_2017-02-24.bag;0.834065854549408;0.0;0.9619645476341248;0.0;3.6903359844713712;0.8114143797257863;0.18858562027421366
1731803162.5104403;/app/bags/user95_2017-02-24.bag;0.834065854549408;0.0;0.9619645476341248;0.0;3.6903359844713712;0.8114143797257863;0.18858562027421366
1731803162.710473;/app/bags/user95_2017-02-24.bag;0.834065854549408;0.0;0.9619645476341248;0.0;3.6903359844713712;0.8114143797257863;0.18858562027421366
1731803162.9104111;/app/bags/user95_2017-02-24.bag;0.834065854549408;0.0;0.9619645476341248;0.0;3.6903359844713712;0.8114143797257863;0.18858562027421366
1731803163.1104112;/app/bags/user95_2017-02-24.bag;0.834065854549408;0.0;0.9619645476341248;0.0;3.6903359844713712;0.8114143797257863;0.18858562027421366
1731803163.3104084;/app/bags/user95_2017-02-24.bag;0.834065854549408;0.0;0.9619645476341248;0.0;3.6903359844713712;0.8114143797257863;0.18858562027421366
1731803163.5104775;/app/bags/user95_2017-02-24.bag;0.834065854549408;0.0;0.9619645476341248;0.0;3.6903359844713712;0.8114143797257863;0.18858562027421366
1731803163.7104301;/app/bags/user95_2017-02-24.bag;0.834065854549408;0.0;0.9619645476341248;0.0;3.6903359844713712;0.8114143797257863;0.18858562027421366
1731803163.9103746;/app/bags/user95_2017-02-24.bag;0.834065854549408;0.0;0.9619645476341248;0.0;3.6903359844713712;0.8114143797257863;0.18858562027421366
1731803164.1104274;/app/bags/user95_2017-02-24.bag;0.834065854549408;0.0;0.9619645476341248;0.0;3.6903359844713712;0.8114143797257863;0.18858562027421366
1731803164.310483;/app/bags/user95_2017-02-24.bag;0.834065854549408;0.0;0.9619645476341248;0.0;3.6903359844713712;0.8114143797257863;0.18858562027421366
1731803164.5104294;/app/bags/user95_2017-02-24.bag;0.834065854549408;0.0;0.9619645476341248;0.0;3.6903359844713712;0.8114143797257863;0.18858562027421366
1731803164.7103727;/app/bags/user95_2017-02-24.bag;0.834065854549408;0.0;0.9619645476341248;0.0;3.6903359844713712;0.8114143797257863;0.18858562027421366
1731803164.9105666;/app/bags/user95_2017-02-24.bag;0.834065854549408;0.0;0.9619645476341248;0.0;3.6903359844713712;0.8114143797257863;0.18858562027421366
1731803165.1104069;/app/bags/user95_2017-02-24.bag;0.834065854549408;0.0;0.9619645476341248;0.0;3.6903359844713712;0.8114143797257863;0.18858562027421366
1731803165.3104322;/app/bags/user95_2017-02-24.bag;0.834065854549408;0.0;0.9619645476341248;0.0;3.6903359844713712;0.8114143797257863;0.18858562027421366
1731803165.5104682;/app/bags/user95_2017-02-24.bag;0.834065854549408;0.0;0.9619645476341248;0.0;3.6903359844713712;0.8114143797257863;0.18858562027421366
1731803165.7103934;/app/bags/user95_2017-02-24.bag;0.834065854549408;0.0;0.9619645476341248;0.0;3.6903359844713712;0.8114143797257863;0.18858562027421366
1731803165.9103923;/app/bags/user95_2017-02-24.bag;0.834065854549408;0.0;0.9619645476341248;0.0;3.6903359844713712;0.8114143797257863;0.18858562027421366
1731803166.1104274;/app/bags/user95_2017-02-24.bag;0.834065854549408;0.0;0.9619645476341248;0.0;3.6903359844713712;0.8114143797257863;0.18858562027421366
1731803166.3101707;/app/bags/user95_2017-02-24.bag;0.834065854549408;0.0;0.9619645476341248;0.0;3.6903359844713712;0.8114143797257863;0.18858562027421366
1731803166.5104053;/app/bags/user95_2017-02-24.bag;0.834065854549408;0.0;0.9619645476341248;0.0;3.6903359844713712;0.8114143797257863;0.18858562027421366
1731803166.7103643;/app/bags/user95_2017-02-24.bag;0.834065854549408;0.0;0.9619645476341248;0.0;3.6903359844713712;0.8114143797257863;0.18858562027421366
1731803166.91042;/app/bags/user95_2017-02-24.bag;0.834065854549408;0.0;0.9619645476341248;0.0;3.6903359844713712;0.8114143797257863;0.18858562027421366
1731803167.1104105;/app/bags/user95_2017-02-24.bag;0.834065854549408;0.0;0.9619645476341248;0.0;3.6903359844713712;0.8114143797257863;0.18858562027421366
1731803167.310441;/app/bags/user95_2017-02-24.bag;0.834065854549408;0.0;0.9619645476341248;0.0;3.6903359844713712;0.8114143797257863;0.18858562027421366
1731803167.5104074;/app/bags/user95_2017-02-24.bag;0.834065854549408;0.0;0.9619645476341248;0.0;3.6903359844713712;0.8114143797257863;0.18858562027421366
1731803167.710399;/app/bags/user95_2017-02-24.bag;0.834065854549408;0.0;0.9619645476341248;0.0;3.6903359844713712;0.8114143797257863;0.18858562027421366
1731803167.9104133;/app/bags/user95_2017-02-24.bag;0.834065854549408;0.0;0.9619645476341248;0.0;3.6903359844713712;0.8114143797257863;0.18858562027421366
1731803168.1103818;/app/bags/user95_2017-02-24.bag;0.834065854549408;0.0;0.9619645476341248;0.0;3.6903359844713712;0.8114143797257863;0.18858562027421366
1731803168.3104548;/app/bags/user95_2017-02-24.bag;0.834065854549408;0.0;0.9619645476341248;0.0;3.6903359844713712;0.8114143797257863;0.18858562027421366
1731803168.5104308;/app/bags/user95_2017-02-24.bag;0.834065854549408;0.0;0.9619645476341248;0.0;3.6903359844713712;0.8114143797257863;0.18858562027421366
1731803168.7104576;/app/bags/user95_2017-02-24.bag;0.834065854549408;0.0;0.9619645476341248;0.0;3.6903359844713712;0.8114143797257863;0.18858562027421366
1731803168.9104297;/app/bags/user95_2017-02-24.bag;0.834065854549408;0.0;0.9619645476341248;0.0;3.6903359844713712;0.8114143797257863;0.18858562027421366
1731803169.1103935;/app/bags/user95_2017-02-24.bag;0.834065854549408;0.0;0.9619645476341248;0.0;3.6903359844713712;0.8114143797257863;0.18858562027421366
1731803169.3103552;/app/bags/user95_2017-02-24.bag;0.834065854549408;0.0;0.9619645476341248;0.0;3.6903359844713712;0.8114143797257863;0.18858562027421366
1731803169.5103579;/app/bags/user95_2017-02-24.bag;0.834065854549408;0.0;0.9619645476341248;0.0;3.6903359844713712;0.8114143797257863;0.18858562027421366
1731803169.7104084;/app/bags/user95_2017-02-24.bag;0.834065854549408;0.0;0.9619645476341248;0.0;3.6903359844713712;0.8114143797257863;0.18858562027421366
1731803169.910371;/app/bags/user95_2017-02-24.bag;0.834065854549408;0.0;0.9619645476341248;0.0;3.6903359844713712;0.8114143797257863;0.18858562027421366
1731803170.1103547;/app/bags/user95_2017-02-24.bag;0.834065854549408;0.0;0.9619645476341248;0.0;3.6903359844713712;0.8114143797257863;0.18858562027421366
1731803170.310376;/app/bags/user95_2017-02-24.bag;0.834065854549408;0.0;0.9619645476341248;0.0;3.6903359844713712;0.8114143797257863;0.18858562027421366
1731803170.510418;/app/bags/user95_2017-02-24.bag;0.834065854549408;0.0;0.9619645476341248;0.0;3.6903359844713712;0.8114143797257863;0.18858562027421366
1731803170.71037;/app/bags/user95_2017-02-24.bag;0.834065854549408;0.0;0.9619645476341248;0.0;3.6903359844713712;0.8114143797257863;0.18858562027421366
1731803170.9103568;/app/bags/user95_2017-02-24.bag;0.834065854549408;0.0;0.9619645476341248;0.0;3.6903359844713712;0.8114143797257863;0.18858562027421366
1731803171.1104043;/app/bags/user95_2017-02-24.bag;0.834065854549408;0.0;0.9619645476341248;0.0;3.6903359844713712;0.8114143797257863;0.18858562027421366
1731803171.3103888;/app/bags/user95_2017-02-24.bag;0.834065854549408;0.0;0.9619645476341248;0.0;3.6903359844713712;0.8114143797257863;0.18858562027421366
1731803171.510598;/app/bags/user95_2017-02-24.bag;0.834065854549408;0.0;0.9619645476341248;0.0;3.6903359844713712;0.8114143797257863;0.18858562027421366
1731803171.7104228;/app/bags/user95_2017-02-24.bag;0.834065854549408;0.0;0.9619645476341248;0.0;3.6903359844713712;0.8114143797257863;0.18858562027421366
1731803171.91041;/app/bags/user95_2017-02-24.bag;0.834065854549408;0.0;0.9619645476341248;0.0;3.6903359844713712;0.8114143797257863;0.18858562027421366
1731803172.110421;/app/bags/user95_2017-02-24.bag;0.834065854549408;0.0;0.9619645476341248;0.0;3.6903359844713712;0.8114143797257863;0.18858562027421366
1731803172.310462;/app/bags/user95_2017-02-24.bag;0.834065854549408;0.0;0.9619645476341248;0.0;3.6903359844713712;0.8114143797257863;0.18858562027421366
1731803172.510424;/app/bags/user95_2017-02-24.bag;0.834065854549408;0.0;0.9619645476341248;0.0;3.6903359844713712;0.8114143797257863;0.18858562027421366
1731803172.7103875;/app/bags/user95_2017-02-24.bag;0.834065854549408;0.0;0.9619645476341248;0.0;3.6903359844713712;0.8114143797257863;0.18858562027421366
1731803172.9103541;/app/bags/user95_2017-02-24.bag;0.834065854549408;0.0;0.9619645476341248;0.0;3.6903359844713712;0.8114143797257863;0.18858562027421366
1731803173.1104484;/app/bags/user95_2017-02-24.bag;0.834065854549408;0.0;0.9619645476341248;0.0;3.6903359844713712;0.8114143797257863;0.18858562027421366
1731803173.3104415;/app/bags/user95_2017-02-24.bag;0.834065854549408;0.0;0.9619645476341248;0.0;3.6903359844713712;0.8114143797257863;0.18858562027421366
1731803173.510415;/app/bags/user95_2017-02-24.bag;0.834065854549408;0.0;0.9619645476341248;0.0;3.6903359844713712;0.8114143797257863;0.18858562027421366
1731803173.7104495;/app/bags/user95_2017-02-24.bag;0.834065854549408;0.0;0.9619645476341248;0.0;3.6903359844713712;0.8114143797257863;0.18858562027421366
1731803173.9104435;/app/bags/user95_2017-02-24.bag;0.834065854549408;0.0;0.9619645476341248;0.0;3.6903359844713712;0.8114143797257863;0.18858562027421366
1731803174.1103783;/app/bags/user95_2017-02-24.bag;0.834065854549408;0.0;0.9619645476341248;0.0;3.6903359844713712;0.8114143797257863;0.18858562027421366
1731803174.3103735;/app/bags/user95_2017-02-24.bag;0.834065854549408;0.0;0.9619645476341248;0.0;3.6903359844713712;0.8114143797257863;0.18858562027421366
1731803174.5104718;/app/bags/user95_2017-02-24.bag;0.834065854549408;0.0;0.9619645476341248;0.0;3.6903359844713712;0.8114143797257863;0.18858562027421366
1731803174.7104821;/app/bags/user95_2017-02-24.bag;0.834065854549408;0.0;0.9619645476341248;0.0;3.6903359844713712;0.8114143797257863;0.18858562027421366
1731803174.9103794;/app/bags/user95_2017-02-24.bag;0.834065854549408;0.0;0.9619645476341248;0.0;3.6903359844713712;0.8114143797257863;0.18858562027421366
1731803175.1103673;/app/bags/user95_2017-02-24.bag;0.834065854549408;0.0;0.9619645476341248;0.0;3.6903359844713712;0.8114143797257863;0.18858562027421366
1731803175.3104486;/app/bags/user95_2017-02-24.bag;0.834065854549408;0.0;0.9619645476341248;0.0;3.6903359844713712;0.8114143797257863;0.18858562027421366
1731803175.5103273;/app/bags/user95_2017-02-24.bag;0.834065854549408;0.0;0.9619645476341248;0.0;3.6903359844713712;0.8114143797257863;0.18858562027421366
1731803175.7104301;/app/bags/user95_2017-02-24.bag;0.834065854549408;0.0;0.9619645476341248;0.0;3.6903359844713712;0.8114143797257863;0.18858562027421366
1731803175.910416;/app/bags/user95_2017-02-24.bag;0.834065854549408;0.0;0.9619645476341248;0.0;3.6903359844713712;0.8114143797257863;0.18858562027421366
1731803176.1104357;/app/bags/user95_2017-02-24.bag;0.834065854549408;0.0;0.9619645476341248;0.0;3.6903359844713712;0.8114143797257863;0.18858562027421366
1731803176.3104362;/app/bags/user95_2017-02-24.bag;0.834065854549408;0.0;0.9619645476341248;0.0;3.6903359844713712;0.8114143797257863;0.18858562027421366
1731803176.5105512;/app/bags/user95_2017-02-24.bag;0.834065854549408;0.0;0.9619645476341248;0.0;3.6903359844713712;0.8114143797257863;0.18858562027421366
1731803176.7103643;/app/bags/user95_2017-02-24.bag;0.834065854549408;0.0;0.9619645476341248;0.0;3.6903359844713712;0.8114143797257863;0.18858562027421366
1731803176.9104207;/app/bags/user95_2017-02-24.bag;0.834065854549408;0.0;0.9619645476341248;0.0;3.6903359844713712;0.8114143797257863;0.18858562027421366
1731803177.1104054;/app/bags/user95_2017-02-24.bag;0.834065854549408;0.0;0.9619645476341248;0.0;3.6903359844713712;0.8114143797257863;0.18858562027421366
1731803177.3103883;/app/bags/user95_2017-02-24.bag;0.834065854549408;0.0;0.9619645476341248;0.0;3.6903359844713712;0.8114143797257863;0.18858562027421366
1731803177.5104;/app/bags/user95_2017-02-24.bag;0.834065854549408;0.0;0.9619645476341248;0.0;3.6903359844713712;0.8114143797257863;0.18858562027421366
1731803177.7104723;/app/bags/user95_2017-02-24.bag;0.834065854549408;0.0;0.9619645476341248;0.0;3.6903359844713712;0.8114143797257863;0.18858562027421366
1731803177.9105241;/app/bags/user95_2017-02-24.bag;0.834065854549408;0.0;0.9619645476341248;0.0;3.6903359844713712;0.8114143797257863;0.18858562027421366
1731803178.1103861;/app/bags/user95_2017-02-24.bag;0.834065854549408;0.0;0.9619645476341248;0.0;3.6903359844713712;0.8114143797257863;0.18858562027421366
1731803178.3103898;/app/bags/user95_2017-02-24.bag;0.834065854549408;0.0;0.9619645476341248;0.0;3.6903359844713712;0.8114143797257863;0.18858562027421366
1731803178.5103683;/app/bags/user95_2017-02-24.bag;0.834065854549408;0.0;0.9619645476341248;0.0;3.6903359844713712;0.8114143797257863;0.18858562027421366
1731803178.7104516;/app/bags/user95_2017-02-24.bag;0.834065854549408;0.0;0.9619645476341248;0.0;3.6903359844713712;0.8114143797257863;0.18858562027421366
1731803178.9103916;/app/bags/user95_2017-02-24.bag;0.834065854549408;0.0;0.9619645476341248;0.0;3.6903359844713712;0.8114143797257863;0.18858562027421366
1731803179.1103885;/app/bags/user95_2017-02-24.bag;0.834065854549408;0.0;0.9619645476341248;0.0;3.6903359844713712;0.8114143797257863;0.18858562027421366
1731803179.310379;/app/bags/user95_2017-02-24.bag;0.834065854549408;0.0;0.9619645476341248;0.0;3.6903359844713712;0.8114143797257863;0.18858562027421366
1731803179.510415;/app/bags/user95_2017-02-24.bag;0.834065854549408;0.0;0.9619645476341248;0.0;3.6903359844713712;0.8114143797257863;0.18858562027421366
1731803179.7103734;/app/bags/user95_2017-02-24.bag;0.834065854549408;0.0;0.9619645476341248;0.0;3.6903359844713712;0.8114143797257863;0.18858562027421366
1731803179.910379;/app/bags/user95_2017-02-24.bag;0.834065854549408;0.0;0.9619645476341248;0.0;3.6903359844713712;0.8114143797257863;0.18858562027421366
1731803180.11039;/app/bags/user95_2017-02-24.bag;0.834065854549408;0.0;0.9619645476341248;0.0;3.6903359844713712;0.8114143797257863;0.18858562027421366
1731803180.3104236;/app/bags/user95_2017-02-24.bag;0.834065854549408;0.0;0.9619645476341248;0.0;3.6903359844713712;0.8114143797257863;0.18858562027421366
1731803180.5104063;/app/bags/user95_2017-02-24.bag;0.834065854549408;0.0;0.9619645476341248;0.0;3.6903359844713712;0.8114143797257863;0.18858562027421366
1731803180.7104175;/app/bags/user95_2017-02-24.bag;0.834065854549408;0.0;0.9619645476341248;0.0;3.6903359844713712;0.8114143797257863;0.18858562027421366
1731803180.910455;/app/bags/user95_2017-02-24.bag;0.834065854549408;0.0;0.9619645476341248;0.0;3.6903359844713712;0.8114143797257863;0.18858562027421366
1731803181.1104171;/app/bags/user95_2017-02-24.bag;0.834065854549408;0.0;0.9619645476341248;0.0;3.6903359844713712;0.8114143797257863;0.18858562027421366
1731803181.310345;/app/bags/user95_2017-02-24.bag;0.834065854549408;0.0;0.9619645476341248;0.0;3.6903359844713712;0.8114143797257863;0.18858562027421366
1731803181.5104036;/app/bags/user95_2017-02-24.bag;0.834065854549408;0.0;0.9619645476341248;0.0;3.6903359844713712;0.8114143797257863;0.18858562027421366
1731803181.710453;/app/bags/user95_2017-02-24.bag;0.834065854549408;0.0;0.9619645476341248;0.0;3.6903359844713712;0.8114143797257863;0.18858562027421366
1731803181.9104123;/app/bags/user95_2017-02-24.bag;0.834065854549408;0.0;0.9619645476341248;0.0;3.6903359844713712;0.8114143797257863;0.18858562027421366
1731803182.1105509;/app/bags/user95_2017-02-24.bag;0.834065854549408;0.0;0.9619645476341248;0.0;3.6903359844713712;0.8114143797257863;0.18858562027421366
1731803182.310384;/app/bags/user95_2017-02-24.bag;0.834065854549408;0.0;0.9619645476341248;0.0;3.6903359844713712;0.8114143797257863;0.18858562027421366
1731803182.510403;/app/bags/user95_2017-02-24.bag;0.834065854549408;0.0;0.9619645476341248;0.0;3.6903359844713712;0.8114143797257863;0.18858562027421366
1731803182.7103724;/app/bags/user95_2017-02-24.bag;0.834065854549408;0.0;0.9619645476341248;0.0;3.6903359844713712;0.8114143797257863;0.18858562027421366
1731803182.9103873;/app/bags/user95_2017-02-24.bag;0.834065854549408;0.0;0.9619645476341248;0.0;3.6903359844713712;0.8114143797257863;0.18858562027421366
1731803183.110393;/app/bags/user95_2017-02-24.bag;0.834065854549408;0.0;0.9619645476341248;0.0;3.6903359844713712;0.8114143797257863;0.18858562027421366
1731803183.3104343;/app/bags/user95_2017-02-24.bag;0.834065854549408;0.0;0.9619645476341248;0.0;3.6903359844713712;0.8114143797257863;0.18858562027421366
1731803183.5103977;/app/bags/user95_2017-02-24.bag;0.834065854549408;0.0;0.9619645476341248;0.0;3.6903359844713712;0.8114143797257863;0.18858562027421366
1731803183.7103992;/app/bags/user95_2017-02-24.bag;0.834065854549408;0.0;0.9619645476341248;0.0;3.6903359844713712;0.8114143797257863;0.18858562027421366
1731803183.9103653;/app/bags/user95_2017-02-24.bag;0.834065854549408;0.0;0.9619645476341248;0.0;3.6903359844713712;0.8114143797257863;0.18858562027421366
1731803184.1104174;/app/bags/user95_2017-02-24.bag;0.834065854549408;0.0;0.9619645476341248;0.0;3.6903359844713712;0.8114143797257863;0.18858562027421366
1731803184.3104131;/app/bags/user95_2017-02-24.bag;0.834065854549408;0.0;0.9619645476341248;0.0;3.6903359844713712;0.8114143797257863;0.18858562027421366
1731803184.5104227;/app/bags/user95_2017-02-24.bag;0.834065854549408;0.0;0.9619645476341248;0.0;3.6903359844713712;0.8114143797257863;0.18858562027421366
1731803184.7105014;/app/bags/user95_2017-02-24.bag;0.834065854549408;0.0;0.9619645476341248;0.0;3.6903359844713712;0.8114143797257863;0.18858562027421366
1731803184.9104817;/app/bags/user95_2017-02-24.bag;0.834065854549408;0.0;0.9619645476341248;0.0;3.6903359844713712;0.8114143797257863;0.18858562027421366
1731803185.110383;/app/bags/user95_2017-02-24.bag;0.834065854549408;0.0;0.9619645476341248;0.0;3.6903359844713712;0.8114143797257863;0.18858562027421366
1731803185.3104565;/app/bags/user95_2017-02-24.bag;0.834065854549408;0.0;0.9619645476341248;0.0;3.6903359844713712;0.8114143797257863;0.18858562027421366
1731803185.510376;/app/bags/user95_2017-02-24.bag;0.834065854549408;0.0;0.9619645476341248;0.0;3.6903359844713712;0.8114143797257863;0.18858562027421366
1731803185.7104325;/app/bags/user95_2017-02-24.bag;0.834065854549408;0.0;0.9619645476341248;0.0;3.6903359844713712;0.8114143797257863;0.18858562027421366
1731803185.910455;/app/bags/user95_2017-02-24.bag;0.834065854549408;0.0;0.9619645476341248;0.0;3.6903359844713712;0.8114143797257863;0.18858562027421366
1731803186.1104019;/app/bags/user95_2017-02-24.bag;0.834065854549408;0.0;0.9619645476341248;0.0;3.6903359844713712;0.8114143797257863;0.18858562027421366
1731803186.3103318;/app/bags/user95_2017-02-24.bag;0.834065854549408;0.0;0.9619645476341248;0.0;3.6903359844713712;0.8114143797257863;0.18858562027421366
1731803186.510409;/app/bags/user95_2017-02-24.bag;0.834065854549408;0.0;0.9619645476341248;0.0;3.6903359844713712;0.8114143797257863;0.18858562027421366
1731803186.71039;/app/bags/user95_2017-02-24.bag;0.834065854549408;0.0;0.9619645476341248;0.0;3.6903359844713712;0.8114143797257863;0.18858562027421366
1731803186.9103754;/app/bags/user95_2017-02-24.bag;0.834065854549408;0.0;0.9619645476341248;0.0;3.6903359844713712;0.8114143797257863;0.18858562027421366
1731803187.1103666;/app/bags/user95_2017-02-24.bag;0.834065854549408;0.0;0.9619645476341248;0.0;3.6903359844713712;0.8114143797257863;0.18858562027421366
1731803187.3103888;/app/bags/user95_2017-02-24.bag;0.834065854549408;0.0;0.9619645476341248;0.0;3.6903359844713712;0.8114143797257863;0.18858562027421366
1731803187.510386;/app/bags/user95_2017-02-24.bag;0.834065854549408;0.0;0.9619645476341248;0.0;3.6903359844713712;0.8114143797257863;0.18858562027421366
1731803187.7103655;/app/bags/user95_2017-02-24.bag;0.834065854549408;0.0;0.9619645476341248;0.0;3.6903359844713712;0.8114143797257863;0.18858562027421366
1731803187.910386;/app/bags/user95_2017-02-24.bag;0.834065854549408;0.0;0.9619645476341248;0.0;3.6903359844713712;0.8114143797257863;0.18858562027421366
1731803188.110465;/app/bags/user95_2017-02-24.bag;0.834065854549408;0.0;0.9619645476341248;0.0;3.6903359844713712;0.8114143797257863;0.18858562027421366
1731803188.3104153;/app/bags/user95_2017-02-24.bag;0.834065854549408;0.0;0.9619645476341248;0.0;3.6903359844713712;0.8114143797257863;0.18858562027421366
1731803188.5105674;/app/bags/user95_2017-02-24.bag;0.834065854549408;0.0;0.9619645476341248;0.0;3.6903359844713712;0.8114143797257863;0.18858562027421366
1731803188.7104075;/app/bags/user95_2017-02-24.bag;0.834065854549408;0.0;0.9619645476341248;0.0;3.6903359844713712;0.8114143797257863;0.18858562027421366
1731803188.910383;/app/bags/user95_2017-02-24.bag;0.834065854549408;0.0;0.9619645476341248;0.0;3.6903359844713712;0.8114143797257863;0.18858562027421366
1731803189.1104994;/app/bags/user95_2017-02-24.bag;0.834065854549408;0.0;0.9619645476341248;0.0;3.6903359844713712;0.8114143797257863;0.18858562027421366
1731803189.3104558;/app/bags/user95_2017-02-24.bag;0.834065854549408;0.0;0.9619645476341248;0.0;3.6903359844713712;0.8114143797257863;0.18858562027421366
1731803189.5104535;/app/bags/user95_2017-02-24.bag;0.834065854549408;0.0;0.9619645476341248;0.0;3.6903359844713712;0.8114143797257863;0.18858562027421366
1731803189.7104166;/app/bags/user95_2017-02-24.bag;0.834065854549408;0.0;0.9619645476341248;0.0;3.6903359844713712;0.8114143797257863;0.18858562027421366
1731803189.9103882;/app/bags/user95_2017-02-24.bag;0.834065854549408;0.0;0.9619645476341248;0.0;3.6903359844713712;0.8114143797257863;0.18858562027421366
1731803190.1104023;/app/bags/user95_2017-02-24.bag;0.834065854549408;0.0;0.9619645476341248;0.0;3.6903359844713712;0.8114143797257863;0.18858562027421366
1731803190.3104672;/app/bags/user95_2017-02-24.bag;0.834065854549408;0.0;0.9619645476341248;0.0;3.6903359844713712;0.8114143797257863;0.18858562027421366
1731803190.510405;/app/bags/user95_2017-02-24.bag;0.834065854549408;0.0;0.9619645476341248;0.0;3.6903359844713712;0.8114143797257863;0.18858562027421366
1731803190.7104197;/app/bags/user95_2017-02-24.bag;0.834065854549408;0.0;0.9619645476341248;0.0;3.6903359844713712;0.8114143797257863;0.18858562027421366
1731803190.9104033;/app/bags/user95_2017-02-24.bag;0.834065854549408;0.0;0.9619645476341248;0.0;3.6903359844713712;0.8114143797257863;0.18858562027421366
1731803191.1104386;/app/bags/user95_2017-02-24.bag;0.834065854549408;0.0;0.9619645476341248;0.0;3.6903359844713712;0.8114143797257863;0.18858562027421366
1731803191.310398;/app/bags/user95_2017-02-24.bag;0.834065854549408;0.0;0.9619645476341248;0.0;3.6903359844713712;0.8114143797257863;0.18858562027421366
1731803191.5104215;/app/bags/user95_2017-02-24.bag;0.834065854549408;0.0;0.9619645476341248;0.0;3.6903359844713712;0.8114143797257863;0.18858562027421366
1731803191.7104132;/app/bags/user95_2017-02-24.bag;0.834065854549408;0.0;0.9619645476341248;0.0;3.6903359844713712;0.8114143797257863;0.18858562027421366
1731803191.9103765;/app/bags/user95_2017-02-24.bag;0.834065854549408;0.0;0.9619645476341248;0.0;3.6903359844713712;0.8114143797257863;0.18858562027421366
1731803192.1104007;/app/bags/user95_2017-02-24.bag;0.834065854549408;0.0;0.9619645476341248;0.0;3.6903359844713712;0.8114143797257863;0.18858562027421366
1731803192.3104286;/app/bags/user95_2017-02-24.bag;0.834065854549408;0.0;0.9619645476341248;0.0;3.6903359844713712;0.8114143797257863;0.18858562027421366
1731803192.510404;/app/bags/user95_2017-02-24.bag;0.834065854549408;0.0;0.9619645476341248;0.0;3.6903359844713712;0.8114143797257863;0.18858562027421366
1731803192.7103837;/app/bags/user95_2017-02-24.bag;0.834065854549408;0.0;0.9619645476341248;0.0;3.6903359844713712;0.8114143797257863;0.18858562027421366
1731803192.9105127;/app/bags/user95_2017-02-24.bag;0.834065854549408;0.0;0.9619645476341248;0.0;3.6903359844713712;0.8114143797257863;0.18858562027421366
1731803193.1104069;/app/bags/user95_2017-02-24.bag;0.834065854549408;0.0;0.9619645476341248;0.0;3.6903359844713712;0.8114143797257863;0.18858562027421366
1731803193.3103883;/app/bags/user95_2017-02-24.bag;0.834065854549408;0.0;0.9619645476341248;0.0;3.6903359844713712;0.8114143797257863;0.18858562027421366
1731803193.5104036;/app/bags/user95_2017-02-24.bag;0.834065854549408;0.0;0.9619645476341248;0.0;3.6903359844713712;0.8114143797257863;0.18858562027421366
1731803193.710371;/app/bags/user95_2017-02-24.bag;0.834065854549408;0.0;0.9619645476341248;0.0;3.6903359844713712;0.8114143797257863;0.18858562027421366
1731803193.9103749;/app/bags/user95_2017-02-24.bag;0.834065854549408;0.0;0.9619645476341248;0.0;3.6903359844713712;0.8114143797257863;0.18858562027421366
1731803194.1104193;/app/bags/user95_2017-02-24.bag;0.834065854549408;0.0;0.9619645476341248;0.0;3.6903359844713712;0.8114143797257863;0.18858562027421366
1731803194.3103988;/app/bags/user95_2017-02-24.bag;0.834065854549408;0.0;0.9619645476341248;0.0;3.6903359844713712;0.8114143797257863;0.18858562027421366
1731803194.5103693;/app/bags/user95_2017-02-24.bag;0.834065854549408;0.0;0.9619645476341248;0.0;3.6903359844713712;0.8114143797257863;0.18858562027421366
1731803194.7103465;/app/bags/user95_2017-02-24.bag;0.834065854549408;0.0;0.9619645476341248;0.0;3.6903359844713712;0.8114143797257863;0.18858562027421366
1731803194.9103923;/app/bags/user95_2017-02-24.bag;0.834065854549408;0.0;0.9619645476341248;0.0;3.6903359844713712;0.8114143797257863;0.18858562027421366
1731803195.1103895;/app/bags/user95_2017-02-24.bag;0.834065854549408;0.0;0.9619645476341248;0.0;3.6903359844713712;0.8114143797257863;0.18858562027421366
1731803195.3104022;/app/bags/user95_2017-02-24.bag;0.834065854549408;0.0;0.9619645476341248;0.0;3.6903359844713712;0.8114143797257863;0.18858562027421366
1731803195.510485;/app/bags/user95_2017-02-24.bag;0.834065854549408;0.0;0.9619645476341248;0.0;3.6903359844713712;0.8114143797257863;0.18858562027421366
1731803195.7104247;/app/bags/user95_2017-02-24.bag;0.834065854549408;0.0;0.9619645476341248;0.0;3.6903359844713712;0.8114143797257863;0.18858562027421366
1731803195.91044;/app/bags/user95_2017-02-24.bag;0.834065854549408;0.0;0.9619645476341248;0.0;3.6903359844713712;0.8114143797257863;0.18858562027421366
1731803196.1105492;/app/bags/user95_2017-02-24.bag;0.834065854549408;0.0;0.9619645476341248;0.0;3.6903359844713712;0.8114143797257863;0.18858562027421366
1731803196.3103888;/app/bags/user95_2017-02-24.bag;0.834065854549408;0.0;0.9619645476341248;0.0;3.6903359844713712;0.8114143797257863;0.18858562027421366
1731803196.510383;/app/bags/user95_2017-02-24.bag;0.834065854549408;0.0;0.9619645476341248;0.0;3.6903359844713712;0.8114143797257863;0.18858562027421366
1731803196.710408;/app/bags/user95_2017-02-24.bag;0.834065854549408;0.0;0.9619645476341248;0.0;3.6903359844713712;0.8114143797257863;0.18858562027421366
1731803196.9103785;/app/bags/user95_2017-02-24.bag;0.834065854549408;0.0;0.9619645476341248;0.0;3.6903359844713712;0.8114143797257863;0.18858562027421366
1731803197.1103816;/app/bags/user95_2017-02-24.bag;0.834065854549408;0.0;0.9619645476341248;0.0;3.6903359844713712;0.8114143797257863;0.18858562027421366
1731803197.3104472;/app/bags/user95_2017-02-24.bag;0.834065854549408;0.0;0.9619645476341248;0.0;3.6903359844713712;0.8114143797257863;0.18858562027421366
1731803197.5104315;/app/bags/user95_2017-02-24.bag;0.834065854549408;0.0;0.9619645476341248;0.0;3.6903359844713712;0.8114143797257863;0.18858562027421366
1731803197.710439;/app/bags/user95_2017-02-24.bag;0.834065854549408;0.0;0.9619645476341248;0.0;3.6903359844713712;0.8114143797257863;0.18858562027421366
1731803197.910428;/app/bags/user95_2017-02-24.bag;0.834065854549408;0.0;0.9619645476341248;0.0;3.6903359844713712;0.8114143797257863;0.18858562027421366
1731803198.1103878;/app/bags/user95_2017-02-24.bag;0.834065854549408;0.0;0.9619645476341248;0.0;3.6903359844713712;0.8114143797257863;0.18858562027421366
1731803198.3103695;/app/bags/user95_2017-02-24.bag;0.834065854549408;0.0;0.9619645476341248;0.0;3.6903359844713712;0.8114143797257863;0.18858562027421366
1731803198.5104566;/app/bags/user95_2017-02-24.bag;0.834065854549408;0.0;0.9619645476341248;0.0;3.6903359844713712;0.8114143797257863;0.18858562027421366
1731803198.7103982;/app/bags/user95_2017-02-24.bag;0.834065854549408;0.0;0.9619645476341248;0.0;3.6903359844713712;0.8114143797257863;0.18858562027421366
1731803198.9103894;/app/bags/user95_2017-02-24.bag;0.834065854549408;0.0;0.9619645476341248;0.0;3.6903359844713712;0.8114143797257863;0.18858562027421366
1731803199.1103885;/app/bags/user95_2017-02-24.bag;0.834065854549408;0.0;0.9619645476341248;0.0;3.6903359844713712;0.8114143797257863;0.18858562027421366
1731803199.3103766;/app/bags/user95_2017-02-24.bag;0.834065854549408;0.0;0.9619645476341248;0.0;3.6903359844713712;0.8114143797257863;0.18858562027421366
1731803199.5103662;/app/bags/user95_2017-02-24.bag;0.834065854549408;0.0;0.9619645476341248;0.0;3.6903359844713712;0.8114143797257863;0.18858562027421366
1731803199.7103908;/app/bags/user95_2017-02-24.bag;0.834065854549408;0.0;0.9619645476341248;0.0;3.6903359844713712;0.8114143797257863;0.18858562027421366
1731803199.910399;/app/bags/user95_2017-02-24.bag;0.834065854549408;0.0;0.9619645476341248;0.0;3.6903359844713712;0.8114143797257863;0.18858562027421366
1731803200.1103446;/app/bags/user95_2017-02-24.bag;0.834065854549408;0.0;0.9619645476341248;0.0;3.6903359844713712;0.8114143797257863;0.18858562027421366
1731803200.3104002;/app/bags/user95_2017-02-24.bag;0.834065854549408;0.0;0.9619645476341248;0.0;3.6903359844713712;0.8114143797257863;0.18858562027421366
1731803200.5104072;/app/bags/user95_2017-02-24.bag;0.834065854549408;0.0;0.9619645476341248;0.0;3.6903359844713712;0.8114143797257863;0.18858562027421366
1731803200.710464;/app/bags/user95_2017-02-24.bag;0.834065854549408;0.0;0.9619645476341248;0.0;3.6903359844713712;0.8114143797257863;0.18858562027421366
1731803200.9104245;/app/bags/user95_2017-02-24.bag;0.834065854549408;0.0;0.9619645476341248;0.0;3.6903359844713712;0.8114143797257863;0.18858562027421366
1731803201.1104267;/app/bags/user95_2017-02-24.bag;0.834065854549408;0.0;0.9619645476341248;0.0;3.6903359844713712;0.8114143797257863;0.18858562027421366
1731803201.3103812;/app/bags/user95_2017-02-24.bag;0.834065854549408;0.0;0.9619645476341248;0.0;3.6903359844713712;0.8114143797257863;0.18858562027421366
1731803201.510454;/app/bags/user95_2017-02-24.bag;0.834065854549408;0.0;0.9619645476341248;0.0;3.6903359844713712;0.8114143797257863;0.18858562027421366
1731803201.710416;/app/bags/user95_2017-02-24.bag;0.834065854549408;0.0;0.9619645476341248;0.0;3.6903359844713712;0.8114143797257863;0.18858562027421366
1731803201.9103825;/app/bags/user95_2017-02-24.bag;0.834065854549408;0.0;0.9619645476341248;0.0;3.6903359844713712;0.8114143797257863;0.18858562027421366
1731803202.1103723;/app/bags/user95_2017-02-24.bag;0.834065854549408;0.0;0.9619645476341248;0.0;3.6903359844713712;0.8114143797257863;0.18858562027421366
1731803202.3104103;/app/bags/user95_2017-02-24.bag;0.834065854549408;0.0;0.9619645476341248;0.0;3.6903359844713712;0.8114143797257863;0.18858562027421366
1731803202.5103714;/app/bags/user95_2017-02-24.bag;0.834065854549408;0.0;0.9619645476341248;0.0;3.6903359844713712;0.8114143797257863;0.18858562027421366
1731803202.7103896;/app/bags/user95_2017-02-24.bag;0.834065854549408;0.0;0.9619645476341248;0.0;3.6903359844713712;0.8114143797257863;0.18858562027421366
1731803202.910436;/app/bags/user95_2017-02-24.bag;0.834065854549408;0.0;0.9619645476341248;0.0;3.6903359844713712;0.8114143797257863;0.18858562027421366
1731803203.110462;/app/bags/user95_2017-02-24.bag;0.834065854549408;0.0;0.9619645476341248;0.0;3.6903359844713712;0.8114143797257863;0.18858562027421366
1731803203.3104224;/app/bags/user95_2017-02-24.bag;0.834065854549408;0.0;0.9619645476341248;0.0;3.6903359844713712;0.8114143797257863;0.18858562027421366
1731803203.5104127;/app/bags/user95_2017-02-24.bag;0.834065854549408;0.0;0.9619645476341248;0.0;3.6903359844713712;0.8114143797257863;0.18858562027421366
1731803203.7103832;/app/bags/user95_2017-02-24.bag;0.834065854549408;0.0;0.9619645476341248;0.0;3.6903359844713712;0.8114143797257863;0.18858562027421366
1731803203.9104207;/app/bags/user95_2017-02-24.bag;0.834065854549408;0.0;0.9619645476341248;0.0;3.6903359844713712;0.8114143797257863;0.18858562027421366
1731803204.110494;/app/bags/user95_2017-02-24.bag;0.834065854549408;0.0;0.9619645476341248;0.0;3.6903359844713712;0.8114143797257863;0.18858562027421366
1731803204.310547;/app/bags/user95_2017-02-24.bag;0.834065854549408;0.0;0.9619645476341248;0.0;3.6903359844713712;0.8114143797257863;0.18858562027421366
1731803204.5104275;/app/bags/user95_2017-02-24.bag;0.834065854549408;0.0;0.9619645476341248;0.0;3.6903359844713712;0.8114143797257863;0.18858562027421366
1731803204.7105122;/app/bags/user95_2017-02-24.bag;0.834065854549408;0.0;0.9619645476341248;0.0;3.6903359844713712;0.8114143797257863;0.18858562027421366
1731803204.9104052;/app/bags/user95_2017-02-24.bag;0.834065854549408;0.0;0.9619645476341248;0.0;3.6903359844713712;0.8114143797257863;0.18858562027421366
1731803205.1104171;/app/bags/user95_2017-02-24.bag;0.834065854549408;0.0;0.9619645476341248;0.0;3.6903359844713712;0.8114143797257863;0.18858562027421366
1731803205.310378;/app/bags/user95_2017-02-24.bag;0.834065854549408;0.0;0.9619645476341248;0.0;3.6903359844713712;0.8114143797257863;0.18858562027421366
1731803205.5104244;/app/bags/user95_2017-02-24.bag;0.834065854549408;0.0;0.9619645476341248;0.0;3.6903359844713712;0.8114143797257863;0.18858562027421366
1731803205.7103953;/app/bags/user95_2017-02-24.bag;0.834065854549408;0.0;0.9619645476341248;0.0;3.6903359844713712;0.8114143797257863;0.18858562027421366
1731803205.9104226;/app/bags/user95_2017-02-24.bag;0.834065854549408;0.0;0.9619645476341248;0.0;3.6903359844713712;0.8114143797257863;0.18858562027421366
1731803206.1104054;/app/bags/user95_2017-02-24.bag;0.834065854549408;0.0;0.9619645476341248;0.0;3.6903359844713712;0.8114143797257863;0.18858562027421366
1731803206.3104463;/app/bags/user95_2017-02-24.bag;0.834065854549408;0.0;0.9619645476341248;0.0;3.6903359844713712;0.8114143797257863;0.18858562027421366
1731803206.5103896;/app/bags/user95_2017-02-24.bag;0.834065854549408;0.0;0.9619645476341248;0.0;3.6903359844713712;0.8114143797257863;0.18858562027421366
1731803206.7104454;/app/bags/user95_2017-02-24.bag;0.834065854549408;0.0;0.9619645476341248;0.0;3.6903359844713712;0.8114143797257863;0.18858562027421366
1731803206.9103897;/app/bags/user95_2017-02-24.bag;0.834065854549408;0.0;0.9619645476341248;0.0;3.6903359844713712;0.8114143797257863;0.18858562027421366
1731803207.1106067;/app/bags/user95_2017-02-24.bag;0.834065854549408;0.0;0.9619645476341248;0.0;3.6903359844713712;0.8114143797257863;0.18858562027421366
1731803207.3104868;/app/bags/user95_2017-02-24.bag;0.834065854549408;0.0;0.9619645476341248;0.0;3.6903359844713712;0.8114143797257863;0.18858562027421366
1731803207.5104;/app/bags/user95_2017-02-24.bag;0.834065854549408;0.0;0.9619645476341248;0.0;3.6903359844713712;0.8114143797257863;0.18858562027421366
1731803207.7104125;/app/bags/user95_2017-02-24.bag;0.834065854549408;0.0;0.9619645476341248;0.0;3.6903359844713712;0.8114143797257863;0.18858562027421366
1731803207.9104362;/app/bags/user95_2017-02-24.bag;0.834065854549408;0.0;0.9619645476341248;0.0;3.6903359844713712;0.8114143797257863;0.18858562027421366
1731803208.1105735;/app/bags/user95_2017-02-24.bag;0.834065854549408;0.0;0.9619645476341248;0.0;3.6903359844713712;0.8114143797257863;0.18858562027421366
1731803208.3103936;/app/bags/user95_2017-02-24.bag;0.834065854549408;0.0;0.9619645476341248;0.0;3.6903359844713712;0.8114143797257863;0.18858562027421366
1731803208.5103967;/app/bags/user95_2017-02-24.bag;0.834065854549408;0.0;0.9619645476341248;0.0;3.6903359844713712;0.8114143797257863;0.18858562027421366
1731803208.7104053;/app/bags/user95_2017-02-24.bag;0.834065854549408;0.0;0.9619645476341248;0.0;3.6903359844713712;0.8114143797257863;0.18858562027421366
1731803208.9103587;/app/bags/user95_2017-02-24.bag;0.834065854549408;0.0;0.9619645476341248;0.0;3.6903359844713712;0.8114143797257863;0.18858562027421366
1731803209.1103947;/app/bags/user95_2017-02-24.bag;0.834065854549408;0.0;0.9619645476341248;0.0;3.6903359844713712;0.8114143797257863;0.18858562027421366
1731803209.310404;/app/bags/user95_2017-02-24.bag;0.834065854549408;0.0;0.9619645476341248;0.0;3.6903359844713712;0.8114143797257863;0.18858562027421366
1731803209.5104358;/app/bags/user95_2017-02-24.bag;0.834065854549408;0.0;0.9619645476341248;0.0;3.6903359844713712;0.8114143797257863;0.18858562027421366
1731803209.7104113;/app/bags/user95_2017-02-24.bag;0.834065854549408;0.0;0.9619645476341248;0.0;3.6903359844713712;0.8114143797257863;0.18858562027421366
1731803209.910484;/app/bags/user95_2017-02-24.bag;0.834065854549408;0.0;0.9619645476341248;0.0;3.6903359844713712;0.8114143797257863;0.18858562027421366
1731803210.1103973;/app/bags/user95_2017-02-24.bag;0.834065854549408;0.0;0.9619645476341248;0.0;3.6903359844713712;0.8114143797257863;0.18858562027421366
1731803210.3104048;/app/bags/user95_2017-02-24.bag;0.834065854549408;0.0;0.9619645476341248;0.0;3.6903359844713712;0.8114143797257863;0.18858562027421366
1731803210.5103967;/app/bags/user95_2017-02-24.bag;0.834065854549408;0.0;0.9619645476341248;0.0;3.6903359844713712;0.8114143797257863;0.18858562027421366
1731803210.7103937;/app/bags/user95_2017-02-24.bag;0.834065854549408;0.0;0.9619645476341248;0.0;3.6903359844713712;0.8114143797257863;0.18858562027421366
1731803210.91042;/app/bags/user95_2017-02-24.bag;0.834065854549408;0.0;0.9619645476341248;0.0;3.6903359844713712;0.8114143797257863;0.18858562027421366
1731803211.110365;/app/bags/user95_2017-02-24.bag;0.834065854549408;0.0;0.9619645476341248;0.0;3.6903359844713712;0.8114143797257863;0.18858562027421366
1731803211.3103704;/app/bags/user95_2017-02-24.bag;0.834065854549408;0.0;0.9619645476341248;0.0;3.6903359844713712;0.8114143797257863;0.18858562027421366
1731803211.5104132;/app/bags/user95_2017-02-24.bag;0.834065854549408;0.0;0.9619645476341248;0.0;3.6903359844713712;0.8114143797257863;0.18858562027421366
1731803211.710395;/app/bags/user95_2017-02-24.bag;0.834065854549408;0.0;0.9619645476341248;0.0;3.6903359844713712;0.8114143797257863;0.18858562027421366
1731803211.910429;/app/bags/user95_2017-02-24.bag;0.834065854549408;0.0;0.9619645476341248;0.0;3.6903359844713712;0.8114143797257863;0.18858562027421366
1731803212.110382;/app/bags/user95_2017-02-24.bag;0.834065854549408;0.0;0.9619645476341248;0.0;3.6903359844713712;0.8114143797257863;0.18858562027421366
1731803212.3104162;/app/bags/user95_2017-02-24.bag;0.834065854549408;0.0;0.9619645476341248;0.0;3.6903359844713712;0.8114143797257863;0.18858562027421366
1731803212.5104334;/app/bags/user95_2017-02-24.bag;0.834065854549408;0.0;0.9619645476341248;0.0;3.6903359844713712;0.8114143797257863;0.18858562027421366
1731803212.7103639;/app/bags/user95_2017-02-24.bag;0.834065854549408;0.0;0.9619645476341248;0.0;3.6903359844713712;0.8114143797257863;0.18858562027421366
1731803212.9103713;/app/bags/user95_2017-02-24.bag;0.834065854549408;0.0;0.9619645476341248;0.0;3.6903359844713712;0.8114143797257863;0.18858562027421366
1731803213.1105006;/app/bags/user95_2017-02-24.bag;0.834065854549408;0.0;0.9619645476341248;0.0;3.6903359844713712;0.8114143797257863;0.18858562027421366
1731803213.3103979;/app/bags/user95_2017-02-24.bag;0.834065854549408;0.0;0.9619645476341248;0.0;3.6903359844713712;0.8114143797257863;0.18858562027421366
1731803213.5104167;/app/bags/user95_2017-02-24.bag;0.834065854549408;0.0;0.9619645476341248;0.0;3.6903359844713712;0.8114143797257863;0.18858562027421366
1731803213.7103646;/app/bags/user95_2017-02-24.bag;0.834065854549408;0.0;0.9619645476341248;0.0;3.6903359844713712;0.8114143797257863;0.18858562027421366
1731803213.9104042;/app/bags/user95_2017-02-24.bag;0.834065854549408;0.0;0.9619645476341248;0.0;3.6903359844713712;0.8114143797257863;0.18858562027421366
1731803214.110403;/app/bags/user95_2017-02-24.bag;0.834065854549408;0.0;0.9619645476341248;0.0;3.6903359844713712;0.8114143797257863;0.18858562027421366
1731803214.310401;/app/bags/user95_2017-02-24.bag;0.834065854549408;0.0;0.9619645476341248;0.0;3.6903359844713712;0.8114143797257863;0.18858562027421366
1731803214.5104241;/app/bags/user95_2017-02-24.bag;0.834065854549408;0.0;0.9619645476341248;0.0;3.6903359844713712;0.8114143797257863;0.18858562027421366
1731803214.7103777;/app/bags/user95_2017-02-24.bag;0.834065854549408;0.0;0.9619645476341248;0.0;3.6903359844713712;0.8114143797257863;0.18858562027421366
1731803214.9103951;/app/bags/user95_2017-02-24.bag;0.834065854549408;0.0;0.9619645476341248;0.0;3.6903359844713712;0.8114143797257863;0.18858562027421366
1731803215.1102698;/app/bags/user95_2017-02-24.bag;0.834065854549408;0.0;0.9619645476341248;0.0;3.6903359844713712;0.8114143797257863;0.18858562027421366
1731803215.310384;/app/bags/user95_2017-02-24.bag;0.834065854549408;0.0;0.9619645476341248;0.0;3.6903359844713712;0.8114143797257863;0.18858562027421366
1731803215.510447;/app/bags/user95_2017-02-24.bag;0.834065854549408;0.0;0.9619645476341248;0.0;3.6903359844713712;0.8114143797257863;0.18858562027421366
1731803215.7104661;/app/bags/user95_2017-02-24.bag;0.834065854549408;0.0;0.9619645476341248;0.0;3.6903359844713712;0.8114143797257863;0.18858562027421366
1731803215.9104042;/app/bags/user95_2017-02-24.bag;0.834065854549408;0.0;0.9619645476341248;0.0;3.6903359844713712;0.8114143797257863;0.18858562027421366
1731803216.1103446;/app/bags/user95_2017-02-24.bag;0.834065854549408;0.0;0.9619645476341248;0.0;3.6903359844713712;0.8114143797257863;0.18858562027421366
1731803216.3103993;/app/bags/user95_2017-02-24.bag;0.834065854549408;0.0;0.9619645476341248;0.0;3.6903359844713712;0.8114143797257863;0.18858562027421366
1731803216.5104473;/app/bags/user95_2017-02-24.bag;0.834065854549408;0.0;0.9619645476341248;0.0;3.6903359844713712;0.8114143797257863;0.18858562027421366
1731803216.7103899;/app/bags/user95_2017-02-24.bag;0.834065854549408;0.0;0.9619645476341248;0.0;3.6903359844713712;0.8114143797257863;0.18858562027421366
1731803216.910422;/app/bags/user95_2017-02-24.bag;0.834065854549408;0.0;0.9619645476341248;0.0;3.6903359844713712;0.8114143797257863;0.18858562027421366
1731803217.1103766;/app/bags/user95_2017-02-24.bag;0.834065854549408;0.0;0.9619645476341248;0.0;3.6903359844713712;0.8114143797257863;0.18858562027421366
1731803217.3103936;/app/bags/user95_2017-02-24.bag;0.834065854549408;0.0;0.9619645476341248;0.0;3.6903359844713712;0.8114143797257863;0.18858562027421366
1731803217.5103524;/app/bags/user95_2017-02-24.bag;0.834065854549408;0.0;0.9619645476341248;0.0;3.6903359844713712;0.8114143797257863;0.18858562027421366
1731803217.7103715;/app/bags/user95_2017-02-24.bag;0.834065854549408;0.0;0.9619645476341248;0.0;3.6903359844713712;0.8114143797257863;0.18858562027421366
1731803217.9104176;/app/bags/user95_2017-02-24.bag;0.834065854549408;0.0;0.9619645476341248;0.0;3.6903359844713712;0.8114143797257863;0.18858562027421366
1731803218.110411;/app/bags/user95_2017-02-24.bag;0.834065854549408;0.0;0.9619645476341248;0.0;3.6903359844713712;0.8114143797257863;0.18858562027421366
1731803218.3103864;/app/bags/user95_2017-02-24.bag;0.834065854549408;0.0;0.9619645476341248;0.0;3.6903359844713712;0.8114143797257863;0.18858562027421366
1731803218.510396;/app/bags/user95_2017-02-24.bag;0.834065854549408;0.0;0.9619645476341248;0.0;3.6903359844713712;0.8114143797257863;0.18858562027421366
1731803218.7104049;/app/bags/user95_2017-02-24.bag;0.834065854549408;0.0;0.9619645476341248;0.0;3.6903359844713712;0.8114143797257863;0.18858562027421366
1731803218.9104078;/app/bags/user95_2017-02-24.bag;0.834065854549408;0.0;0.9619645476341248;0.0;3.6903359844713712;0.8114143797257863;0.18858562027421366
1731803219.1103883;/app/bags/user95_2017-02-24.bag;0.834065854549408;0.0;0.9619645476341248;0.0;3.6903359844713712;0.8114143797257863;0.18858562027421366
1731803219.3103719;/app/bags/user95_2017-02-24.bag;0.834065854549408;0.0;0.9619645476341248;0.0;3.6903359844713712;0.8114143797257863;0.18858562027421366
1731803219.510443;/app/bags/user95_2017-02-24.bag;0.834065854549408;0.0;0.9619645476341248;0.0;3.6903359844713712;0.8114143797257863;0.18858562027421366
1731803219.7103846;/app/bags/user95_2017-02-24.bag;0.834065854549408;0.0;0.9619645476341248;0.0;3.6903359844713712;0.8114143797257863;0.18858562027421366
1731803219.9103909;/app/bags/user95_2017-02-24.bag;0.834065854549408;0.0;0.9619645476341248;0.0;3.6903359844713712;0.8114143797257863;0.18858562027421366
1731803220.1103904;/app/bags/user95_2017-02-24.bag;0.834065854549408;0.0;0.9619645476341248;0.0;3.6903359844713712;0.8114143797257863;0.18858562027421366
1731803220.3103945;/app/bags/user95_2017-02-24.bag;0.834065854549408;0.0;0.9619645476341248;0.0;3.6903359844713712;0.8114143797257863;0.18858562027421366
1731803220.5103903;/app/bags/user95_2017-02-24.bag;0.834065854549408;0.0;0.9619645476341248;0.0;3.6903359844713712;0.8114143797257863;0.18858562027421366
1731803220.710454;/app/bags/user95_2017-02-24.bag;0.834065854549408;0.0;0.9619645476341248;0.0;3.6903359844713712;0.8114143797257863;0.18858562027421366
1731803220.910399;/app/bags/user95_2017-02-24.bag;0.834065854549408;0.0;0.9619645476341248;0.0;3.6903359844713712;0.8114143797257863;0.18858562027421366
1731803221.11045;/app/bags/user95_2017-02-24.bag;0.834065854549408;0.0;0.9619645476341248;0.0;3.6903359844713712;0.8114143797257863;0.18858562027421366
1731803221.3104794;/app/bags/user95_2017-02-24.bag;0.834065854549408;0.0;0.9619645476341248;0.0;3.6903359844713712;0.8114143797257863;0.18858562027421366
1731803221.5104048;/app/bags/user95_2017-02-24.bag;0.834065854549408;0.0;0.9619645476341248;0.0;3.6903359844713712;0.8114143797257863;0.18858562027421366
1731803221.710389;/app/bags/user95_2017-02-24.bag;0.834065854549408;0.0;0.9619645476341248;0.0;3.6903359844713712;0.8114143797257863;0.18858562027421366
1731803221.910394;/app/bags/user95_2017-02-24.bag;0.834065854549408;0.0;0.9619645476341248;0.0;3.6903359844713712;0.8114143797257863;0.18858562027421366
1731803222.1104767;/app/bags/user95_2017-02-24.bag;0.834065854549408;0.0;0.9619645476341248;0.0;3.6903359844713712;0.8114143797257863;0.18858562027421366
1731803222.310389;/app/bags/user95_2017-02-24.bag;0.834065854549408;0.0;0.9619645476341248;0.0;3.6903359844713712;0.8114143797257863;0.18858562027421366
1731803222.510463;/app/bags/user95_2017-02-24.bag;0.834065854549408;0.0;0.9619645476341248;0.0;3.6903359844713712;0.8114143797257863;0.18858562027421366
1731803222.7103937;/app/bags/user95_2017-02-24.bag;0.834065854549408;0.0;0.9619645476341248;0.0;3.6903359844713712;0.8114143797257863;0.18858562027421366
1731803222.9104586;/app/bags/user95_2017-02-24.bag;0.834065854549408;0.0;0.9619645476341248;0.0;3.6903359844713712;0.8114143797257863;0.18858562027421366
1731803223.1103926;/app/bags/user95_2017-02-24.bag;0.834065854549408;0.0;0.9619645476341248;0.0;3.6903359844713712;0.8114143797257863;0.18858562027421366
1731803223.3104215;/app/bags/user95_2017-02-24.bag;0.834065854549408;0.0;0.9619645476341248;0.0;3.6903359844713712;0.8114143797257863;0.18858562027421366
1731803223.5103948;/app/bags/user95_2017-02-24.bag;0.834065854549408;0.0;0.9619645476341248;0.0;3.6903359844713712;0.8114143797257863;0.18858562027421366
1731803223.7104187;/app/bags/user95_2017-02-24.bag;0.834065854549408;0.0;0.9619645476341248;0.0;3.6903359844713712;0.8114143797257863;0.18858562027421366
1731803223.9103968;/app/bags/user95_2017-02-24.bag;0.834065854549408;0.0;0.9619645476341248;0.0;3.6903359844713712;0.8114143797257863;0.18858562027421366
1731803224.1104195;/app/bags/user95_2017-02-24.bag;0.834065854549408;0.0;0.9619645476341248;0.0;3.6903359844713712;0.8114143797257863;0.18858562027421366
1731803224.3104153;/app/bags/user95_2017-02-24.bag;0.834065854549408;0.0;0.9619645476341248;0.0;3.6903359844713712;0.8114143797257863;0.18858562027421366
1731803224.5105019;/app/bags/user95_2017-02-24.bag;0.834065854549408;0.0;0.9619645476341248;0.0;3.6903359844713712;0.8114143797257863;0.18858562027421366
1731803224.7104034;/app/bags/user95_2017-02-24.bag;0.834065854549408;0.0;0.9619645476341248;0.0;3.6903359844713712;0.8114143797257863;0.18858562027421366
1731803224.9103777;/app/bags/user95_2017-02-24.bag;0.834065854549408;0.0;0.9619645476341248;0.0;3.6903359844713712;0.8114143797257863;0.18858562027421366
1731803225.1103494;/app/bags/user95_2017-02-24.bag;0.834065854549408;0.0;0.9619645476341248;0.0;3.6903359844713712;0.8114143797257863;0.18858562027421366
1731803225.3104174;/app/bags/user95_2017-02-24.bag;0.834065854549408;0.0;0.9619645476341248;0.0;3.6903359844713712;0.8114143797257863;0.18858562027421366
1731803225.5104086;/app/bags/user95_2017-02-24.bag;0.834065854549408;0.0;0.9619645476341248;0.0;3.6903359844713712;0.8114143797257863;0.18858562027421366
1731803225.710378;/app/bags/user95_2017-02-24.bag;0.834065854549408;0.0;0.9619645476341248;0.0;3.6903359844713712;0.8114143797257863;0.18858562027421366
1731803225.910459;/app/bags/user95_2017-02-24.bag;0.834065854549408;0.0;0.9619645476341248;0.0;3.6903359844713712;0.8114143797257863;0.18858562027421366
1731803226.1104577;/app/bags/user95_2017-02-24.bag;0.834065854549408;0.0;0.9619645476341248;0.0;3.6903359844713712;0.8114143797257863;0.18858562027421366
1731803226.3103895;/app/bags/user95_2017-02-24.bag;0.834065854549408;0.0;0.9619645476341248;0.0;3.6903359844713712;0.8114143797257863;0.18858562027421366
1731803226.510428;/app/bags/user95_2017-02-24.bag;0.834065854549408;0.0;0.9619645476341248;0.0;3.6903359844713712;0.8114143797257863;0.18858562027421366
1731803226.7103958;/app/bags/user95_2017-02-24.bag;0.834065854549408;0.0;0.9619645476341248;0.0;3.6903359844713712;0.8114143797257863;0.18858562027421366
1731803226.910398;/app/bags/user95_2017-02-24.bag;0.834065854549408;0.0;0.9619645476341248;0.0;3.6903359844713712;0.8114143797257863;0.18858562027421366
1731803227.1103683;/app/bags/user95_2017-02-24.bag;0.834065854549408;0.0;0.9619645476341248;0.0;3.6903359844713712;0.8114143797257863;0.18858562027421366
1731803227.3103745;/app/bags/user95_2017-02-24.bag;0.834065854549408;0.0;0.9619645476341248;0.0;3.6903359844713712;0.8114143797257863;0.18858562027421366
1731803227.5104454;/app/bags/user95_2017-02-24.bag;0.834065854549408;0.0;0.9619645476341248;0.0;3.6903359844713712;0.8114143797257863;0.18858562027421366
1731803227.7104244;/app/bags/user95_2017-02-24.bag;0.834065854549408;0.0;0.9619645476341248;0.0;3.6903359844713712;0.8114143797257863;0.18858562027421366
1731803227.9104257;/app/bags/user95_2017-02-24.bag;0.834065854549408;0.0;0.9619645476341248;0.0;3.6903359844713712;0.8114143797257863;0.18858562027421366
1731803228.1103537;/app/bags/user95_2017-02-24.bag;0.834065854549408;0.0;0.9619645476341248;0.0;3.6903359844713712;0.8114143797257863;0.18858562027421366
1731803228.310353;/app/bags/user95_2017-02-24.bag;0.834065854549408;0.0;0.9619645476341248;0.0;3.6903359844713712;0.8114143797257863;0.18858562027421366
1731803228.5103564;/app/bags/user95_2017-02-24.bag;0.834065854549408;0.0;0.9619645476341248;0.0;3.6903359844713712;0.8114143797257863;0.18858562027421366
1731803228.710458;/app/bags/user95_2017-02-24.bag;0.834065854549408;0.0;0.9619645476341248;0.0;3.6903359844713712;0.8114143797257863;0.18858562027421366
1731803228.9104033;/app/bags/user95_2017-02-24.bag;0.834065854549408;0.0;0.9619645476341248;0.0;3.6903359844713712;0.8114143797257863;0.18858562027421366
1731803229.1103783;/app/bags/user95_2017-02-24.bag;0.834065854549408;0.0;0.9619645476341248;0.0;3.6903359844713712;0.8114143797257863;0.18858562027421366
1731803229.3104043;/app/bags/user95_2017-02-24.bag;0.834065854549408;0.0;0.9619645476341248;0.0;3.6903359844713712;0.8114143797257863;0.18858562027421366
1731803229.5104184;/app/bags/user95_2017-02-24.bag;0.834065854549408;0.0;0.9619645476341248;0.0;3.6903359844713712;0.8114143797257863;0.18858562027421366
1731803229.7103648;/app/bags/user95_2017-02-24.bag;0.834065854549408;0.0;0.9619645476341248;0.0;3.6903359844713712;0.8114143797257863;0.18858562027421366
1731803229.910437;/app/bags/user95_2017-02-24.bag;0.834065854549408;0.0;0.9619645476341248;0.0;3.6903359844713712;0.8114143797257863;0.18858562027421366
1731803230.1105359;/app/bags/user95_2017-02-24.bag;0.834065854549408;0.0;0.9619645476341248;0.0;3.6903359844713712;0.8114143797257863;0.18858562027421366
1731803230.3103964;/app/bags/user95_2017-02-24.bag;0.834065854549408;0.0;0.9619645476341248;0.0;3.6903359844713712;0.8114143797257863;0.18858562027421366
1731803230.5104961;/app/bags/user95_2017-02-24.bag;0.834065854549408;0.0;0.9619645476341248;0.0;3.6903359844713712;0.8114143797257863;0.18858562027421366
1731803230.7103384;/app/bags/user95_2017-02-24.bag;0.834065854549408;0.0;0.9619645476341248;0.0;3.6903359844713712;0.8114143797257863;0.18858562027421366
1731803230.9103987;/app/bags/user95_2017-02-24.bag;0.834065854549408;0.0;0.9619645476341248;0.0;3.6903359844713712;0.8114143797257863;0.18858562027421366
1731803231.1103952;/app/bags/user95_2017-02-24.bag;0.834065854549408;0.0;0.9619645476341248;0.0;3.6903359844713712;0.8114143797257863;0.18858562027421366
1731803231.310442;/app/bags/user95_2017-02-24.bag;0.834065854549408;0.0;0.9619645476341248;0.0;3.6903359844713712;0.8114143797257863;0.18858562027421366
1731803231.510439;/app/bags/user95_2017-02-24.bag;0.834065854549408;0.0;0.9619645476341248;0.0;3.6903359844713712;0.8114143797257863;0.18858562027421366
1731803231.7104785;/app/bags/user95_2017-02-24.bag;0.834065854549408;0.0;0.9619645476341248;0.0;3.6903359844713712;0.8114143797257863;0.18858562027421366
1731803231.9103975;/app/bags/user95_2017-02-24.bag;0.834065854549408;0.0;0.9619645476341248;0.0;3.6903359844713712;0.8114143797257863;0.18858562027421366
1731803232.1104264;/app/bags/user95_2017-02-24.bag;0.834065854549408;0.0;0.9619645476341248;0.0;3.6903359844713712;0.8114143797257863;0.18858562027421366
1731803232.3104281;/app/bags/user95_2017-02-24.bag;0.834065854549408;0.0;0.9619645476341248;0.0;3.6903359844713712;0.8114143797257863;0.18858562027421366
1731803232.5103946;/app/bags/user95_2017-02-24.bag;0.834065854549408;0.0;0.9619645476341248;0.0;3.6903359844713712;0.8114143797257863;0.18858562027421366
1731803232.710413;/app/bags/user95_2017-02-24.bag;0.834065854549408;0.0;0.9619645476341248;0.0;3.6903359844713712;0.8114143797257863;0.18858562027421366
1731803232.910432;/app/bags/user95_2017-02-24.bag;0.834065854549408;0.0;0.9619645476341248;0.0;3.6903359844713712;0.8114143797257863;0.18858562027421366
1731803233.1103806;/app/bags/user95_2017-02-24.bag;0.834065854549408;0.0;0.9619645476341248;0.0;3.6903359844713712;0.8114143797257863;0.18858562027421366
1731803233.3104014;/app/bags/user95_2017-02-24.bag;0.834065854549408;0.0;0.9619645476341248;0.0;3.6903359844713712;0.8114143797257863;0.18858562027421366
1731803233.51048;/app/bags/user95_2017-02-24.bag;0.834065854549408;0.0;0.9619645476341248;0.0;3.6903359844713712;0.8114143797257863;0.18858562027421366
1731803233.7104006;/app/bags/user95_2017-02-24.bag;0.834065854549408;0.0;0.9619645476341248;0.0;3.6903359844713712;0.8114143797257863;0.18858562027421366
1731803233.9104059;/app/bags/user95_2017-02-24.bag;0.834065854549408;0.0;0.9619645476341248;0.0;3.6903359844713712;0.8114143797257863;0.18858562027421366
1731803234.1103988;/app/bags/user95_2017-02-24.bag;0.834065854549408;0.0;0.9619645476341248;0.0;3.6903359844713712;0.8114143797257863;0.18858562027421366
1731803234.3103807;/app/bags/user95_2017-02-24.bag;0.834065854549408;0.0;0.9619645476341248;0.0;3.6903359844713712;0.8114143797257863;0.18858562027421366
1731803234.510386;/app/bags/user95_2017-02-24.bag;0.834065854549408;0.0;0.9619645476341248;0.0;3.6903359844713712;0.8114143797257863;0.18858562027421366
1731803234.7103777;/app/bags/user95_2017-02-24.bag;0.834065854549408;0.0;0.9619645476341248;0.0;3.6903359844713712;0.8114143797257863;0.18858562027421366
1731803234.910403;/app/bags/user95_2017-02-24.bag;0.834065854549408;0.0;0.9619645476341248;0.0;3.6903359844713712;0.8114143797257863;0.18858562027421366
1731803235.1104136;/app/bags/user95_2017-02-24.bag;0.834065854549408;0.0;0.9619645476341248;0.0;3.6903359844713712;0.8114143797257863;0.18858562027421366
1731803235.3104017;/app/bags/user95_2017-02-24.bag;0.834065854549408;0.0;0.9619645476341248;0.0;3.6903359844713712;0.8114143797257863;0.18858562027421366
1731803235.51057;/app/bags/user95_2017-02-24.bag;0.834065854549408;0.0;0.9619645476341248;0.0;3.6903359844713712;0.8114143797257863;0.18858562027421366
1731803235.710396;/app/bags/user95_2017-02-24.bag;0.834065854549408;0.0;0.9619645476341248;0.0;3.6903359844713712;0.8114143797257863;0.18858562027421366
1731803235.9103825;/app/bags/user95_2017-02-24.bag;0.834065854549408;0.0;0.9619645476341248;0.0;3.6903359844713712;0.8114143797257863;0.18858562027421366
1731803236.1103537;/app/bags/user95_2017-02-24.bag;0.834065854549408;0.0;0.9619645476341248;0.0;3.6903359844713712;0.8114143797257863;0.18858562027421366
1731803236.310371;/app/bags/user95_2017-02-24.bag;0.834065854549408;0.0;0.9619645476341248;0.0;3.6903359844713712;0.8114143797257863;0.18858562027421366
1731803236.5103846;/app/bags/user95_2017-02-24.bag;0.834065854549408;0.0;0.9619645476341248;0.0;3.6903359844713712;0.8114143797257863;0.18858562027421366
1731803236.7103834;/app/bags/user95_2017-02-24.bag;0.834065854549408;0.0;0.9619645476341248;0.0;3.6903359844713712;0.8114143797257863;0.18858562027421366
1731803236.9104342;/app/bags/user95_2017-02-24.bag;0.834065854549408;0.0;0.9619645476341248;0.0;3.6903359844713712;0.8114143797257863;0.18858562027421366
1731803237.1104023;/app/bags/user95_2017-02-24.bag;0.834065854549408;0.0;0.9619645476341248;0.0;3.6903359844713712;0.8114143797257863;0.18858562027421366
1731803237.310502;/app/bags/user95_2017-02-24.bag;0.834065854549408;0.0;0.9619645476341248;0.0;3.6903359844713712;0.8114143797257863;0.18858562027421366
1731803237.510377;/app/bags/user95_2017-02-24.bag;0.834065854549408;0.0;0.9619645476341248;0.0;3.6903359844713712;0.8114143797257863;0.18858562027421366
1731803237.7104473;/app/bags/user95_2017-02-24.bag;0.834065854549408;0.0;0.9619645476341248;0.0;3.6903359844713712;0.8114143797257863;0.18858562027421366
1731803237.9105003;/app/bags/user95_2017-02-24.bag;0.834065854549408;0.0;0.9619645476341248;0.0;3.6903359844713712;0.8114143797257863;0.18858562027421366
1731803238.1104214;/app/bags/user95_2017-02-24.bag;0.834065854549408;0.0;0.9619645476341248;0.0;3.6903359844713712;0.8114143797257863;0.18858562027421366
1731803238.3104057;/app/bags/user95_2017-02-24.bag;0.834065854549408;0.0;0.9619645476341248;0.0;3.6903359844713712;0.8114143797257863;0.18858562027421366
1731803238.5104897;/app/bags/user95_2017-02-24.bag;0.834065854549408;0.0;0.9619645476341248;0.0;3.6903359844713712;0.8114143797257863;0.18858562027421366
1731803238.7104034;/app/bags/user95_2017-02-24.bag;0.834065854549408;0.0;0.9619645476341248;0.0;3.6903359844713712;0.8114143797257863;0.18858562027421366
1731803238.9104025;/app/bags/user95_2017-02-24.bag;0.834065854549408;0.0;0.9619645476341248;0.0;3.6903359844713712;0.8114143797257863;0.18858562027421366
1731803239.1104138;/app/bags/user95_2017-02-24.bag;0.834065854549408;0.0;0.9619645476341248;0.0;3.6903359844713712;0.8114143797257863;0.18858562027421366
1731803239.3104863;/app/bags/user95_2017-02-24.bag;0.834065854549408;0.0;0.9619645476341248;0.0;3.6903359844713712;0.8114143797257863;0.18858562027421366
1731803239.5103989;/app/bags/user95_2017-02-24.bag;0.834065854549408;0.0;0.9619645476341248;0.0;3.6903359844713712;0.8114143797257863;0.18858562027421366
1731803239.7103984;/app/bags/user95_2017-02-24.bag;0.834065854549408;0.0;0.9619645476341248;0.0;3.6903359844713712;0.8114143797257863;0.18858562027421366
1731803239.9103818;/app/bags/user95_2017-02-24.bag;0.834065854549408;0.0;0.9619645476341248;0.0;3.6903359844713712;0.8114143797257863;0.18858562027421366
1731803240.1103578;/app/bags/user95_2017-02-24.bag;0.834065854549408;0.0;0.9619645476341248;0.0;3.6903359844713712;0.8114143797257863;0.18858562027421366
1731803240.310439;/app/bags/user95_2017-02-24.bag;0.834065854549408;0.0;0.9619645476341248;0.0;3.6903359844713712;0.8114143797257863;0.18858562027421366
1731803240.5102592;/app/bags/user95_2017-02-24.bag;0.834065854549408;0.0;0.9619645476341248;0.0;3.6903359844713712;0.8114143797257863;0.18858562027421366
1731803240.710443;/app/bags/user95_2017-02-24.bag;0.834065854549408;0.0;0.9619645476341248;0.0;3.6903359844713712;0.8114143797257863;0.18858562027421366
1731803240.9103734;/app/bags/user95_2017-02-24.bag;0.834065854549408;0.0;0.9619645476341248;0.0;3.6903359844713712;0.8114143797257863;0.18858562027421366
1731803241.1103885;/app/bags/user95_2017-02-24.bag;0.834065854549408;0.0;0.9619645476341248;0.0;3.6903359844713712;0.8114143797257863;0.18858562027421366
1731803241.3103626;/app/bags/user95_2017-02-24.bag;0.834065854549408;0.0;0.9619645476341248;0.0;3.6903359844713712;0.8114143797257863;0.18858562027421366
1731803241.5104196;/app/bags/user95_2017-02-24.bag;0.834065854549408;0.0;0.9619645476341248;0.0;3.6903359844713712;0.8114143797257863;0.18858562027421366
1731803241.710421;/app/bags/user95_2017-02-24.bag;0.834065854549408;0.0;0.9619645476341248;0.0;3.6903359844713712;0.8114143797257863;0.18858562027421366
1731803241.910532;/app/bags/user95_2017-02-24.bag;0.834065854549408;0.0;0.9619645476341248;0.0;3.6903359844713712;0.8114143797257863;0.18858562027421366
1731803242.1104097;/app/bags/user95_2017-02-24.bag;0.834065854549408;0.0;0.9619645476341248;0.0;3.6903359844713712;0.8114143797257863;0.18858562027421366
1731803242.3104346;/app/bags/user95_2017-02-24.bag;0.834065854549408;0.0;0.9619645476341248;0.0;3.6903359844713712;0.8114143797257863;0.18858562027421366
1731803242.5104475;/app/bags/user95_2017-02-24.bag;0.834065854549408;0.0;0.9619645476341248;0.0;3.6903359844713712;0.8114143797257863;0.18858562027421366
1731803242.7103953;/app/bags/user95_2017-02-24.bag;0.834065854549408;0.0;0.9619645476341248;0.0;3.6903359844713712;0.8114143797257863;0.18858562027421366
1731803242.9103987;/app/bags/user95_2017-02-24.bag;0.834065854549408;0.0;0.9619645476341248;0.0;3.6903359844713712;0.8114143797257863;0.18858562027421366
1731803243.1104097;/app/bags/user95_2017-02-24.bag;0.834065854549408;0.0;0.9619645476341248;0.0;3.6903359844713712;0.8114143797257863;0.18858562027421366
1731803243.3104064;/app/bags/user95_2017-02-24.bag;0.834065854549408;0.0;0.9619645476341248;0.0;3.6903359844713712;0.8114143797257863;0.18858562027421366
1731803243.5104008;/app/bags/user95_2017-02-24.bag;0.834065854549408;0.0;0.9619645476341248;0.0;3.6903359844713712;0.8114143797257863;0.18858562027421366
1731803243.7104228;/app/bags/user95_2017-02-24.bag;0.834065854549408;0.0;0.9619645476341248;0.0;3.6903359844713712;0.8114143797257863;0.18858562027421366
1731803243.9103763;/app/bags/user95_2017-02-24.bag;0.834065854549408;0.0;0.9619645476341248;0.0;3.6903359844713712;0.8114143797257863;0.18858562027421366
1731803244.110458;/app/bags/user95_2017-02-24.bag;0.834065854549408;0.0;0.9619645476341248;0.0;3.6903359844713712;0.8114143797257863;0.18858562027421366
1731803244.310516;/app/bags/user95_2017-02-24.bag;0.834065854549408;0.0;0.9619645476341248;0.0;3.6903359844713712;0.8114143797257863;0.18858562027421366
1731803244.510372;/app/bags/user95_2017-02-24.bag;0.834065854549408;0.0;0.9619645476341248;0.0;3.6903359844713712;0.8114143797257863;0.18858562027421366
1731803244.710415;/app/bags/user95_2017-02-24.bag;0.834065854549408;0.0;0.9619645476341248;0.0;3.6903359844713712;0.8114143797257863;0.18858562027421366
1731803244.910367;/app/bags/user95_2017-02-24.bag;0.834065854549408;0.0;0.9619645476341248;0.0;3.6903359844713712;0.8114143797257863;0.18858562027421366
1731803245.1106224;/app/bags/user95_2017-02-24.bag;0.834065854549408;0.0;0.9619645476341248;0.0;3.6903359844713712;0.8114143797257863;0.18858562027421366
1731803245.3117096;/app/bags/user95_2017-02-24.bag;0.834065854549408;0.0;0.9619645476341248;0.0;3.6903359844713712;0.8114143797257863;0.18858562027421366
1731803245.5103931;/app/bags/user95_2017-02-24.bag;0.834065854549408;0.0;0.9619645476341248;0.0;3.6903359844713712;0.8114143797257863;0.18858562027421366
1731803245.710404;/app/bags/user95_2017-02-24.bag;0.834065854549408;0.0;0.9619645476341248;0.0;3.6903359844713712;0.8114143797257863;0.18858562027421366
1731803245.9104366;/app/bags/user95_2017-02-24.bag;0.834065854549408;0.0;0.9619645476341248;0.0;3.6903359844713712;0.8114143797257863;0.18858562027421366
1731803246.1103835;/app/bags/user95_2017-02-24.bag;0.834065854549408;0.0;0.9619645476341248;0.0;3.6903359844713712;0.8114143797257863;0.18858562027421366
1731803246.3104124;/app/bags/user95_2017-02-24.bag;0.834065854549408;0.0;0.9619645476341248;0.0;3.6903359844713712;0.8114143797257863;0.18858562027421366
1731803246.5103557;/app/bags/user95_2017-02-24.bag;0.834065854549408;0.0;0.9619645476341248;0.0;3.6903359844713712;0.8114143797257863;0.18858562027421366
1731803246.710368;/app/bags/user95_2017-02-24.bag;0.834065854549408;0.0;0.9619645476341248;0.0;3.6903359844713712;0.8114143797257863;0.18858562027421366
1731803246.9104261;/app/bags/user95_2017-02-24.bag;0.834065854549408;0.0;0.9619645476341248;0.0;3.6903359844713712;0.8114143797257863;0.18858562027421366
1731803247.1102571;/app/bags/user95_2017-02-24.bag;0.834065854549408;0.0;0.9619645476341248;0.0;3.6903359844713712;0.8114143797257863;0.18858562027421366
1731803247.3104079;/app/bags/user95_2017-02-24.bag;0.834065854549408;0.0;0.9619645476341248;0.0;3.6903359844713712;0.8114143797257863;0.18858562027421366
1731803247.5103936;/app/bags/user95_2017-02-24.bag;0.834065854549408;0.0;0.9619645476341248;0.0;3.6903359844713712;0.8114143797257863;0.18858562027421366
1731803247.7104325;/app/bags/user95_2017-02-24.bag;0.834065854549408;0.0;0.9619645476341248;0.0;3.6903359844713712;0.8114143797257863;0.18858562027421366
1731803247.9103973;/app/bags/user95_2017-02-24.bag;0.834065854549408;0.0;0.9619645476341248;0.0;3.6903359844713712;0.8114143797257863;0.18858562027421366
1731803248.1103988;/app/bags/user95_2017-02-24.bag;0.834065854549408;0.0;0.9619645476341248;0.0;3.6903359844713712;0.8114143797257863;0.18858562027421366
1731803248.3104522;/app/bags/user95_2017-02-24.bag;0.834065854549408;0.0;0.9619645476341248;0.0;3.6903359844713712;0.8114143797257863;0.18858562027421366
1731803248.5103977;/app/bags/user95_2017-02-24.bag;0.834065854549408;0.0;0.9619645476341248;0.0;3.6903359844713712;0.8114143797257863;0.18858562027421366
1731803248.7104185;/app/bags/user95_2017-02-24.bag;0.834065854549408;0.0;0.9619645476341248;0.0;3.6903359844713712;0.8114143797257863;0.18858562027421366
1731803248.9103637;/app/bags/user95_2017-02-24.bag;0.834065854549408;0.0;0.9619645476341248;0.0;3.6903359844713712;0.8114143797257863;0.18858562027421366
1731803249.1104212;/app/bags/user95_2017-02-24.bag;0.834065854549408;0.0;0.9619645476341248;0.0;3.6903359844713712;0.8114143797257863;0.18858562027421366
1731803249.3105078;/app/bags/user95_2017-02-24.bag;0.834065854549408;0.0;0.9619645476341248;0.0;3.6903359844713712;0.8114143797257863;0.18858562027421366
1731803249.5103967;/app/bags/user95_2017-02-24.bag;0.834065854549408;0.0;0.9619645476341248;0.0;3.6903359844713712;0.8114143797257863;0.18858562027421366
1731803249.7103903;/app/bags/user95_2017-02-24.bag;0.834065854549408;0.0;0.9619645476341248;0.0;3.6903359844713712;0.8114143797257863;0.18858562027421366
1731803249.9104092;/app/bags/user95_2017-02-24.bag;0.834065854549408;0.0;0.9619645476341248;0.0;3.6903359844713712;0.8114143797257863;0.18858562027421366
1731803250.1104815;/app/bags/user95_2017-02-24.bag;0.834065854549408;0.0;0.9619645476341248;0.0;3.6903359844713712;0.8114143797257863;0.18858562027421366
1731803250.3104734;/app/bags/user95_2017-02-24.bag;0.834065854549408;0.0;0.9619645476341248;0.0;3.6903359844713712;0.8114143797257863;0.18858562027421366
1731803250.5104434;/app/bags/user95_2017-02-24.bag;0.834065854549408;0.0;0.9619645476341248;0.0;3.6903359844713712;0.8114143797257863;0.18858562027421366
1731803250.710538;/app/bags/user95_2017-02-24.bag;0.834065854549408;0.0;0.9619645476341248;0.0;3.6903359844713712;0.8114143797257863;0.18858562027421366
1731803250.9104583;/app/bags/user95_2017-02-24.bag;0.834065854549408;0.0;0.9619645476341248;0.0;3.6903359844713712;0.8114143797257863;0.18858562027421366
1731803251.1103644;/app/bags/user95_2017-02-24.bag;0.834065854549408;0.0;0.9619645476341248;0.0;3.6903359844713712;0.8114143797257863;0.18858562027421366
1731803251.3104022;/app/bags/user95_2017-02-24.bag;0.834065854549408;0.0;0.9619645476341248;0.0;3.6903359844713712;0.8114143797257863;0.18858562027421366
1731803251.510467;/app/bags/user95_2017-02-24.bag;0.834065854549408;0.0;0.9619645476341248;0.0;3.6903359844713712;0.8114143797257863;0.18858562027421366
1731803251.710436;/app/bags/user95_2017-02-24.bag;0.834065854549408;0.0;0.9619645476341248;0.0;3.6903359844713712;0.8114143797257863;0.18858562027421366
1731803251.9104202;/app/bags/user95_2017-02-24.bag;0.834065854549408;0.0;0.9619645476341248;0.0;3.6903359844713712;0.8114143797257863;0.18858562027421366
1731803252.1104052;/app/bags/user95_2017-02-24.bag;0.834065854549408;0.0;0.9619645476341248;0.0;3.6903359844713712;0.8114143797257863;0.18858562027421366
1731803252.3104107;/app/bags/user95_2017-02-24.bag;0.834065854549408;0.0;0.9619645476341248;0.0;3.6903359844713712;0.8114143797257863;0.18858562027421366
1731803252.5104017;/app/bags/user95_2017-02-24.bag;0.834065854549408;0.0;0.9619645476341248;0.0;3.6903359844713712;0.8114143797257863;0.18858562027421366
1731803252.7104013;/app/bags/user95_2017-02-24.bag;0.834065854549408;0.0;0.9619645476341248;0.0;3.6903359844713712;0.8114143797257863;0.18858562027421366
1731803252.9105856;/app/bags/user95_2017-02-24.bag;0.834065854549408;0.0;0.9619645476341248;0.0;3.6903359844713712;0.8114143797257863;0.18858562027421366
1731803253.110381;/app/bags/user95_2017-02-24.bag;0.834065854549408;0.0;0.9619645476341248;0.0;3.6903359844713712;0.8114143797257863;0.18858562027421366
1731803253.3104315;/app/bags/user95_2017-02-24.bag;0.834065854549408;0.0;0.9619645476341248;0.0;3.6903359844713712;0.8114143797257863;0.18858562027421366
1731803253.5104365;/app/bags/user95_2017-02-24.bag;0.834065854549408;0.0;0.9619645476341248;0.0;3.6903359844713712;0.8114143797257863;0.18858562027421366
1731803253.7103925;/app/bags/user95_2017-02-24.bag;0.834065854549408;0.0;0.9619645476341248;0.0;3.6903359844713712;0.8114143797257863;0.18858562027421366
1731803253.9103606;/app/bags/user95_2017-02-24.bag;0.834065854549408;0.0;0.9619645476341248;0.0;3.6903359844713712;0.8114143797257863;0.18858562027421366
1731803254.1104038;/app/bags/user95_2017-02-24.bag;0.834065854549408;0.0;0.9619645476341248;0.0;3.6903359844713712;0.8114143797257863;0.18858562027421366
1731803254.310355;/app/bags/user95_2017-02-24.bag;0.834065854549408;0.0;0.9619645476341248;0.0;3.6903359844713712;0.8114143797257863;0.18858562027421366
1731803254.510378;/app/bags/user95_2017-02-24.bag;0.834065854549408;0.0;0.9619645476341248;0.0;3.6903359844713712;0.8114143797257863;0.18858562027421366
1731803254.7103627;/app/bags/user95_2017-02-24.bag;0.834065854549408;0.0;0.9619645476341248;0.0;3.6903359844713712;0.8114143797257863;0.18858562027421366
1731803254.9104044;/app/bags/user95_2017-02-24.bag;0.834065854549408;0.0;0.9619645476341248;0.0;3.6903359844713712;0.8114143797257863;0.18858562027421366
1731803255.1103785;/app/bags/user95_2017-02-24.bag;0.834065854549408;0.0;0.9619645476341248;0.0;3.6903359844713712;0.8114143797257863;0.18858562027421366
1731803255.3104079;/app/bags/user95_2017-02-24.bag;0.834065854549408;0.0;0.9619645476341248;0.0;3.6903359844713712;0.8114143797257863;0.18858562027421366
1731803255.5104012;/app/bags/user95_2017-02-24.bag;0.834065854549408;0.0;0.9619645476341248;0.0;3.6903359844713712;0.8114143797257863;0.18858562027421366
1731803255.710464;/app/bags/user95_2017-02-24.bag;0.834065854549408;0.0;0.9619645476341248;0.0;3.6903359844713712;0.8114143797257863;0.18858562027421366
1731803255.9104195;/app/bags/user95_2017-02-24.bag;0.834065854549408;0.0;0.9619645476341248;0.0;3.6903359844713712;0.8114143797257863;0.18858562027421366
1731803256.1103702;/app/bags/user95_2017-02-24.bag;0.834065854549408;0.0;0.9619645476341248;0.0;3.6903359844713712;0.8114143797257863;0.18858562027421366
1731803256.310407;/app/bags/user95_2017-02-24.bag;0.834065854549408;0.0;0.9619645476341248;0.0;3.6903359844713712;0.8114143797257863;0.18858562027421366
1731803256.5103662;/app/bags/user95_2017-02-24.bag;0.834065854549408;0.0;0.9619645476341248;0.0;3.6903359844713712;0.8114143797257863;0.18858562027421366
1731803256.7104216;/app/bags/user95_2017-02-24.bag;0.834065854549408;0.0;0.9619645476341248;0.0;3.6903359844713712;0.8114143797257863;0.18858562027421366
1731803256.9104092;/app/bags/user95_2017-02-24.bag;0.834065854549408;0.0;0.9619645476341248;0.0;3.6903359844713712;0.8114143797257863;0.18858562027421366
1731803257.1103957;/app/bags/user95_2017-02-24.bag;0.834065854549408;0.0;0.9619645476341248;0.0;3.6903359844713712;0.8114143797257863;0.18858562027421366
1731803257.3103795;/app/bags/user95_2017-02-24.bag;0.834065854549408;0.0;0.9619645476341248;0.0;3.6903359844713712;0.8114143797257863;0.18858562027421366
1731803257.5104432;/app/bags/user95_2017-02-24.bag;0.834065854549408;0.0;0.9619645476341248;0.0;3.6903359844713712;0.8114143797257863;0.18858562027421366
1731803257.7104082;/app/bags/user95_2017-02-24.bag;0.834065854549408;0.0;0.9619645476341248;0.0;3.6903359844713712;0.8114143797257863;0.18858562027421366
1731803257.910558;/app/bags/user95_2017-02-24.bag;0.834065854549408;0.0;0.9619645476341248;0.0;3.6903359844713712;0.8114143797257863;0.18858562027421366
1731803258.110389;/app/bags/user95_2017-02-24.bag;0.834065854549408;0.0;0.9619645476341248;0.0;3.6903359844713712;0.8114143797257863;0.18858562027421366
1731803258.3103824;/app/bags/user95_2017-02-24.bag;0.834065854549408;0.0;0.9619645476341248;0.0;3.6903359844713712;0.8114143797257863;0.18858562027421366
1731803258.5104191;/app/bags/user95_2017-02-24.bag;0.834065854549408;0.0;0.9619645476341248;0.0;3.6903359844713712;0.8114143797257863;0.18858562027421366
1731803258.710377;/app/bags/user95_2017-02-24.bag;0.834065854549408;0.0;0.9619645476341248;0.0;3.6903359844713712;0.8114143797257863;0.18858562027421366
1731803258.9104002;/app/bags/user95_2017-02-24.bag;0.834065854549408;0.0;0.9619645476341248;0.0;3.6903359844713712;0.8114143797257863;0.18858562027421366
1731803259.1103783;/app/bags/user95_2017-02-24.bag;0.834065854549408;0.0;0.9619645476341248;0.0;3.6903359844713712;0.8114143797257863;0.18858562027421366
1731803259.3103752;/app/bags/user95_2017-02-24.bag;0.834065854549408;0.0;0.9619645476341248;0.0;3.6903359844713712;0.8114143797257863;0.18858562027421366
1731803259.5104105;/app/bags/user95_2017-02-24.bag;0.834065854549408;0.0;0.9619645476341248;0.0;3.6903359844713712;0.8114143797257863;0.18858562027421366
1731803259.7103853;/app/bags/user95_2017-02-24.bag;0.834065854549408;0.0;0.9619645476341248;0.0;3.6903359844713712;0.8114143797257863;0.18858562027421366
1731803259.9103737;/app/bags/user95_2017-02-24.bag;0.834065854549408;0.0;0.9619645476341248;0.0;3.6903359844713712;0.8114143797257863;0.18858562027421366
1731803260.1104207;/app/bags/user95_2017-02-24.bag;0.834065854549408;0.0;0.9619645476341248;0.0;3.6903359844713712;0.8114143797257863;0.18858562027421366
1731803260.3104656;/app/bags/user95_2017-02-24.bag;0.834065854549408;0.0;0.9619645476341248;0.0;3.6903359844713712;0.8114143797257863;0.18858562027421366
1731803260.5104182;/app/bags/user95_2017-02-24.bag;0.834065854549408;0.0;0.9619645476341248;0.0;3.6903359844713712;0.8114143797257863;0.18858562027421366
1731803260.710421;/app/bags/user95_2017-02-24.bag;0.834065854549408;0.0;0.9619645476341248;0.0;3.6903359844713712;0.8114143797257863;0.18858562027421366
1731803260.9104183;/app/bags/user95_2017-02-24.bag;0.834065854549408;0.0;0.9619645476341248;0.0;3.6903359844713712;0.8114143797257863;0.18858562027421366
1731803261.1104293;/app/bags/user95_2017-02-24.bag;0.834065854549408;0.0;0.9619645476341248;0.0;3.6903359844713712;0.8114143797257863;0.18858562027421366
1731803261.3104548;/app/bags/user95_2017-02-24.bag;0.834065854549408;0.0;0.9619645476341248;0.0;3.6903359844713712;0.8114143797257863;0.18858562027421366
1731803261.5103793;/app/bags/user95_2017-02-24.bag;0.834065854549408;0.0;0.9619645476341248;0.0;3.6903359844713712;0.8114143797257863;0.18858562027421366
1731803261.7104669;/app/bags/user95_2017-02-24.bag;0.834065854549408;0.0;0.9619645476341248;0.0;3.6903359844713712;0.8114143797257863;0.18858562027421366
1731803261.9104075;/app/bags/user95_2017-02-24.bag;0.834065854549408;0.0;0.9619645476341248;0.0;3.6903359844713712;0.8114143797257863;0.18858562027421366
1731803262.1104467;/app/bags/user95_2017-02-24.bag;0.834065854549408;0.0;0.9619645476341248;0.0;3.6903359844713712;0.8114143797257863;0.18858562027421366
1731803262.3104084;/app/bags/user95_2017-02-24.bag;0.834065854549408;0.0;0.9619645476341248;0.0;3.6903359844713712;0.8114143797257863;0.18858562027421366
1731803262.5103939;/app/bags/user95_2017-02-24.bag;0.834065854549408;0.0;0.9619645476341248;0.0;3.6903359844713712;0.8114143797257863;0.18858562027421366
1731803262.7103934;/app/bags/user95_2017-02-24.bag;0.834065854549408;0.0;0.9619645476341248;0.0;3.6903359844713712;0.8114143797257863;0.18858562027421366
1731803262.9103491;/app/bags/user95_2017-02-24.bag;0.834065854549408;0.0;0.9619645476341248;0.0;3.6903359844713712;0.8114143797257863;0.18858562027421366
1731803263.1105404;/app/bags/user95_2017-02-24.bag;0.834065854549408;0.0;0.9619645476341248;0.0;3.6903359844713712;0.8114143797257863;0.18858562027421366
1731803263.3104177;/app/bags/user95_2017-02-24.bag;0.834065854549408;0.0;0.9619645476341248;0.0;3.6903359844713712;0.8114143797257863;0.18858562027421366
1731803263.5104218;/app/bags/user95_2017-02-24.bag;0.834065854549408;0.0;0.9619645476341248;0.0;3.6903359844713712;0.8114143797257863;0.18858562027421366
1731803263.7103531;/app/bags/user95_2017-02-24.bag;0.834065854549408;0.0;0.9619645476341248;0.0;3.6903359844713712;0.8114143797257863;0.18858562027421366
1731803263.9105437;/app/bags/user95_2017-02-24.bag;0.834065854549408;0.0;0.9619645476341248;0.0;3.6903359844713712;0.8114143797257863;0.18858562027421366
1731803264.1103954;/app/bags/user95_2017-02-24.bag;0.834065854549408;0.0;0.9619645476341248;0.0;3.6903359844713712;0.8114143797257863;0.18858562027421366
1731803264.3103962;/app/bags/user95_2017-02-24.bag;0.834065854549408;0.0;0.9619645476341248;0.0;3.6903359844713712;0.8114143797257863;0.18858562027421366
1731803264.510429;/app/bags/user95_2017-02-24.bag;0.834065854549408;0.0;0.9619645476341248;0.0;3.6903359844713712;0.8114143797257863;0.18858562027421366
1731803264.7105021;/app/bags/user95_2017-02-24.bag;0.834065854549408;0.0;0.9619645476341248;0.0;3.6903359844713712;0.8114143797257863;0.18858562027421366
1731803264.9103947;/app/bags/user95_2017-02-24.bag;0.834065854549408;0.0;0.9619645476341248;0.0;3.6903359844713712;0.8114143797257863;0.18858562027421366
1731803265.1103659;/app/bags/user95_2017-02-24.bag;0.834065854549408;0.0;0.9619645476341248;0.0;3.6903359844713712;0.8114143797257863;0.18858562027421366
1731803265.3103802;/app/bags/user95_2017-02-24.bag;0.834065854549408;0.0;0.9619645476341248;0.0;3.6903359844713712;0.8114143797257863;0.18858562027421366
1731803265.510371;/app/bags/user95_2017-02-24.bag;0.834065854549408;0.0;0.9619645476341248;0.0;3.6903359844713712;0.8114143797257863;0.18858562027421366
1731803265.7104158;/app/bags/user95_2017-02-24.bag;0.834065854549408;0.0;0.9619645476341248;0.0;3.6903359844713712;0.8114143797257863;0.18858562027421366
1731803265.9104326;/app/bags/user95_2017-02-24.bag;0.834065854549408;0.0;0.9619645476341248;0.0;3.6903359844713712;0.8114143797257863;0.18858562027421366
1731803266.1104066;/app/bags/user95_2017-02-24.bag;0.834065854549408;0.0;0.9619645476341248;0.0;3.6903359844713712;0.8114143797257863;0.18858562027421366
1731803266.3103938;/app/bags/user95_2017-02-24.bag;0.834065854549408;0.0;0.9619645476341248;0.0;3.6903359844713712;0.8114143797257863;0.18858562027421366
1731803266.5104525;/app/bags/user95_2017-02-24.bag;0.834065854549408;0.0;0.9619645476341248;0.0;3.6903359844713712;0.8114143797257863;0.18858562027421366
1731803266.7104752;/app/bags/user95_2017-02-24.bag;0.834065854549408;0.0;0.9619645476341248;0.0;3.6903359844713712;0.8114143797257863;0.18858562027421366
1731803266.910483;/app/bags/user95_2017-02-24.bag;0.834065854549408;0.0;0.9619645476341248;0.0;3.6903359844713712;0.8114143797257863;0.18858562027421366
1731803267.1104178;/app/bags/user95_2017-02-24.bag;0.834065854549408;0.0;0.9619645476341248;0.0;3.6903359844713712;0.8114143797257863;0.18858562027421366
1731803267.3104336;/app/bags/user95_2017-02-24.bag;0.834065854549408;0.0;0.9619645476341248;0.0;3.6903359844713712;0.8114143797257863;0.18858562027421366
1731803267.5104449;/app/bags/user95_2017-02-24.bag;0.834065854549408;0.0;0.9619645476341248;0.0;3.6903359844713712;0.8114143797257863;0.18858562027421366
1731803267.7104175;/app/bags/user95_2017-02-24.bag;0.834065854549408;0.0;0.9619645476341248;0.0;3.6903359844713712;0.8114143797257863;0.18858562027421366
1731803267.91038;/app/bags/user95_2017-02-24.bag;0.834065854549408;0.0;0.9619645476341248;0.0;3.6903359844713712;0.8114143797257863;0.18858562027421366
1731803268.1104064;/app/bags/user95_2017-02-24.bag;0.834065854549408;0.0;0.9619645476341248;0.0;3.6903359844713712;0.8114143797257863;0.18858562027421366
1731803268.310408;/app/bags/user95_2017-02-24.bag;0.834065854549408;0.0;0.9619645476341248;0.0;3.6903359844713712;0.8114143797257863;0.18858562027421366
1731803268.5103898;/app/bags/user95_2017-02-24.bag;0.834065854549408;0.0;0.9619645476341248;0.0;3.6903359844713712;0.8114143797257863;0.18858562027421366
1731803268.710401;/app/bags/user95_2017-02-24.bag;0.834065854549408;0.0;0.9619645476341248;0.0;3.6903359844713712;0.8114143797257863;0.18858562027421366
1731803268.910368;/app/bags/user95_2017-02-24.bag;0.834065854549408;0.0;0.9619645476341248;0.0;3.6903359844713712;0.8114143797257863;0.18858562027421366
1731803269.110441;/app/bags/user95_2017-02-24.bag;0.834065854549408;0.0;0.9619645476341248;0.0;3.6903359844713712;0.8114143797257863;0.18858562027421366
1731803269.3104289;/app/bags/user95_2017-02-24.bag;0.834065854549408;0.0;0.9619645476341248;0.0;3.6903359844713712;0.8114143797257863;0.18858562027421366
1731803269.5103915;/app/bags/user95_2017-02-24.bag;0.834065854549408;0.0;0.9619645476341248;0.0;3.6903359844713712;0.8114143797257863;0.18858562027421366
1731803269.7103806;/app/bags/user95_2017-02-24.bag;0.834065854549408;0.0;0.9619645476341248;0.0;3.6903359844713712;0.8114143797257863;0.18858562027421366
1731803269.9104266;/app/bags/user95_2017-02-24.bag;0.834065854549408;0.0;0.9619645476341248;0.0;3.6903359844713712;0.8114143797257863;0.18858562027421366
1731803270.1103914;/app/bags/user95_2017-02-24.bag;0.834065854549408;0.0;0.9619645476341248;0.0;3.6903359844713712;0.8114143797257863;0.18858562027421366
1731803270.3103979;/app/bags/user95_2017-02-24.bag;0.834065854549408;0.0;0.9619645476341248;0.0;3.6903359844713712;0.8114143797257863;0.18858562027421366
1731803270.5103943;/app/bags/user95_2017-02-24.bag;0.834065854549408;0.0;0.9619645476341248;0.0;3.6903359844713712;0.8114143797257863;0.18858562027421366
1731803270.710429;/app/bags/user95_2017-02-24.bag;0.834065854549408;0.0;0.9619645476341248;0.0;3.6903359844713712;0.8114143797257863;0.18858562027421366
1731803270.9105604;/app/bags/user95_2017-02-24.bag;0.834065854549408;0.0;0.9619645476341248;0.0;3.6903359844713712;0.8114143797257863;0.18858562027421366
1731803271.1103835;/app/bags/user95_2017-02-24.bag;0.834065854549408;0.0;0.9619645476341248;0.0;3.6903359844713712;0.8114143797257863;0.18858562027421366
1731803271.3104448;/app/bags/user95_2017-02-24.bag;0.834065854549408;0.0;0.9619645476341248;0.0;3.6903359844713712;0.8114143797257863;0.18858562027421366
1731803271.510355;/app/bags/user95_2017-02-24.bag;0.834065854549408;0.0;0.9619645476341248;0.0;3.6903359844713712;0.8114143797257863;0.18858562027421366
1731803271.7103782;/app/bags/user95_2017-02-24.bag;0.834065854549408;0.0;0.9619645476341248;0.0;3.6903359844713712;0.8114143797257863;0.18858562027421366
1731803271.9104018;/app/bags/user95_2017-02-24.bag;0.834065854549408;0.0;0.9619645476341248;0.0;3.6903359844713712;0.8114143797257863;0.18858562027421366
1731803272.1103985;/app/bags/user95_2017-02-24.bag;0.834065854549408;0.0;0.9619645476341248;0.0;3.6903359844713712;0.8114143797257863;0.18858562027421366
1731803272.3104002;/app/bags/user95_2017-02-24.bag;0.834065854549408;0.0;0.9619645476341248;0.0;3.6903359844713712;0.8114143797257863;0.18858562027421366
1731803272.5105517;/app/bags/user95_2017-02-24.bag;0.834065854549408;0.0;0.9619645476341248;0.0;3.6903359844713712;0.8114143797257863;0.18858562027421366
1731803272.710374;/app/bags/user95_2017-02-24.bag;0.834065854549408;0.0;0.9619645476341248;0.0;3.6903359844713712;0.8114143797257863;0.18858562027421366
1731803272.9103715;/app/bags/user95_2017-02-24.bag;0.834065854549408;0.0;0.9619645476341248;0.0;3.6903359844713712;0.8114143797257863;0.18858562027421366
1731803273.110362;/app/bags/user95_2017-02-24.bag;0.834065854549408;0.0;0.9619645476341248;0.0;3.6903359844713712;0.8114143797257863;0.18858562027421366
1731803273.3104126;/app/bags/user95_2017-02-24.bag;0.834065854549408;0.0;0.9619645476341248;0.0;3.6903359844713712;0.8114143797257863;0.18858562027421366
1731803273.5104158;/app/bags/user95_2017-02-24.bag;0.834065854549408;0.0;0.9619645476341248;0.0;3.6903359844713712;0.8114143797257863;0.18858562027421366
1731803273.7104611;/app/bags/user95_2017-02-24.bag;0.834065854549408;0.0;0.9619645476341248;0.0;3.6903359844713712;0.8114143797257863;0.18858562027421366
1731803273.9103818;/app/bags/user95_2017-02-24.bag;0.834065854549408;0.0;0.9619645476341248;0.0;3.6903359844713712;0.8114143797257863;0.18858562027421366
1731803274.110437;/app/bags/user95_2017-02-24.bag;0.834065854549408;0.0;0.9619645476341248;0.0;3.6903359844713712;0.8114143797257863;0.18858562027421366
1731803274.3104243;/app/bags/user95_2017-02-24.bag;0.834065854549408;0.0;0.9619645476341248;0.0;3.6903359844713712;0.8114143797257863;0.18858562027421366
1731803274.5104127;/app/bags/user95_2017-02-24.bag;0.834065854549408;0.0;0.9619645476341248;0.0;3.6903359844713712;0.8114143797257863;0.18858562027421366
1731803274.7103713;/app/bags/user95_2017-02-24.bag;0.834065854549408;0.0;0.9619645476341248;0.0;3.6903359844713712;0.8114143797257863;0.18858562027421366
1731803274.9103773;/app/bags/user95_2017-02-24.bag;0.834065854549408;0.0;0.9619645476341248;0.0;3.6903359844713712;0.8114143797257863;0.18858562027421366
1731803275.1103935;/app/bags/user95_2017-02-24.bag;0.834065854549408;0.0;0.9619645476341248;0.0;3.6903359844713712;0.8114143797257863;0.18858562027421366
1731803275.3104064;/app/bags/user95_2017-02-24.bag;0.834065854549408;0.0;0.9619645476341248;0.0;3.6903359844713712;0.8114143797257863;0.18858562027421366
1731803275.5104098;/app/bags/user95_2017-02-24.bag;0.834065854549408;0.0;0.9619645476341248;0.0;3.6903359844713712;0.8114143797257863;0.18858562027421366
1731803275.7103763;/app/bags/user95_2017-02-24.bag;0.834065854549408;0.0;0.9619645476341248;0.0;3.6903359844713712;0.8114143797257863;0.18858562027421366
1731803275.9103837;/app/bags/user95_2017-02-24.bag;0.834065854549408;0.0;0.9619645476341248;0.0;3.6903359844713712;0.8114143797257863;0.18858562027421366
1731803276.1104865;/app/bags/user95_2017-02-24.bag;0.834065854549408;0.0;0.9619645476341248;0.0;3.6903359844713712;0.8114143797257863;0.18858562027421366
1731803276.3104541;/app/bags/user95_2017-02-24.bag;0.834065854549408;0.0;0.9619645476341248;0.0;3.6903359844713712;0.8114143797257863;0.18858562027421366
1731803276.510417;/app/bags/user95_2017-02-24.bag;0.834065854549408;0.0;0.9619645476341248;0.0;3.6903359844713712;0.8114143797257863;0.18858562027421366
1731803276.7103927;/app/bags/user95_2017-02-24.bag;0.834065854549408;0.0;0.9619645476341248;0.0;3.6903359844713712;0.8114143797257863;0.18858562027421366
1731803276.9104326;/app/bags/user95_2017-02-24.bag;0.834065854549408;0.0;0.9619645476341248;0.0;3.6903359844713712;0.8114143797257863;0.18858562027421366
1731803277.1103857;/app/bags/user95_2017-02-24.bag;0.834065854549408;0.0;0.9619645476341248;0.0;3.6903359844713712;0.8114143797257863;0.18858562027421366
1731803277.310385;/app/bags/user95_2017-02-24.bag;0.834065854549408;0.0;0.9619645476341248;0.0;3.6903359844713712;0.8114143797257863;0.18858562027421366
1731803277.5103984;/app/bags/user95_2017-02-24.bag;0.834065854549408;0.0;0.9619645476341248;0.0;3.6903359844713712;0.8114143797257863;0.18858562027421366
1731803277.7104383;/app/bags/user95_2017-02-24.bag;0.834065854549408;0.0;0.9619645476341248;0.0;3.6903359844713712;0.8114143797257863;0.18858562027421366
1731803277.910469;/app/bags/user95_2017-02-24.bag;0.834065854549408;0.0;0.9619645476341248;0.0;3.6903359844713712;0.8114143797257863;0.18858562027421366
1731803278.1103964;/app/bags/user95_2017-02-24.bag;0.834065854549408;0.0;0.9619645476341248;0.0;3.6903359844713712;0.8114143797257863;0.18858562027421366
1731803278.3104234;/app/bags/user95_2017-02-24.bag;0.834065854549408;0.0;0.9619645476341248;0.0;3.6903359844713712;0.8114143797257863;0.18858562027421366
1731803278.510402;/app/bags/user95_2017-02-24.bag;0.834065854549408;0.0;0.9619645476341248;0.0;3.6903359844713712;0.8114143797257863;0.18858562027421366
1731803278.7103736;/app/bags/user95_2017-02-24.bag;0.834065854549408;0.0;0.9619645476341248;0.0;3.6903359844713712;0.8114143797257863;0.18858562027421366
1731803278.9103904;/app/bags/user95_2017-02-24.bag;0.834065854549408;0.0;0.9619645476341248;0.0;3.6903359844713712;0.8114143797257863;0.18858562027421366
1731803279.1103916;/app/bags/user95_2017-02-24.bag;0.834065854549408;0.0;0.9619645476341248;0.0;3.6903359844713712;0.8114143797257863;0.18858562027421366
1731803279.3104618;/app/bags/user95_2017-02-24.bag;0.834065854549408;0.0;0.9619645476341248;0.0;3.6903359844713712;0.8114143797257863;0.18858562027421366
1731803279.5104485;/app/bags/user95_2017-02-24.bag;0.834065854549408;0.0;0.9619645476341248;0.0;3.6903359844713712;0.8114143797257863;0.18858562027421366
1731803279.7104058;/app/bags/user95_2017-02-24.bag;0.834065854549408;0.0;0.9619645476341248;0.0;3.6903359844713712;0.8114143797257863;0.18858562027421366
1731803279.9104745;/app/bags/user95_2017-02-24.bag;0.834065854549408;0.0;0.9619645476341248;0.0;3.6903359844713712;0.8114143797257863;0.18858562027421366
1731803280.1104825;/app/bags/user95_2017-02-24.bag;0.834065854549408;0.0;0.9619645476341248;0.0;3.6903359844713712;0.8114143797257863;0.18858562027421366
1731803280.3104222;/app/bags/user95_2017-02-24.bag;0.834065854549408;0.0;0.9619645476341248;0.0;3.6903359844713712;0.8114143797257863;0.18858562027421366
1731803280.5103836;/app/bags/user95_2017-02-24.bag;0.834065854549408;0.0;0.9619645476341248;0.0;3.6903359844713712;0.8114143797257863;0.18858562027421366
1731803280.7103794;/app/bags/user95_2017-02-24.bag;0.834065854549408;0.0;0.9619645476341248;0.0;3.6903359844713712;0.8114143797257863;0.18858562027421366
1731803280.9103825;/app/bags/user95_2017-02-24.bag;0.834065854549408;0.0;0.9619645476341248;0.0;3.6903359844713712;0.8114143797257863;0.18858562027421366
1731803281.1103895;/app/bags/user95_2017-02-24.bag;0.834065854549408;0.0;0.9619645476341248;0.0;3.6903359844713712;0.8114143797257863;0.18858562027421366
1731803281.3103654;/app/bags/user95_2017-02-24.bag;0.834065854549408;0.0;0.9619645476341248;0.0;3.6903359844713712;0.8114143797257863;0.18858562027421366
1731803281.5104556;/app/bags/user95_2017-02-24.bag;0.834065854549408;0.0;0.9619645476341248;0.0;3.6903359844713712;0.8114143797257863;0.18858562027421366
1731803281.7103748;/app/bags/user95_2017-02-24.bag;0.834065854549408;0.0;0.9619645476341248;0.0;3.6903359844713712;0.8114143797257863;0.18858562027421366
1731803281.9103856;/app/bags/user95_2017-02-24.bag;0.834065854549408;0.0;0.9619645476341248;0.0;3.6903359844713712;0.8114143797257863;0.18858562027421366
1731803282.110385;/app/bags/user95_2017-02-24.bag;0.834065854549408;0.0;0.9619645476341248;0.0;3.6903359844713712;0.8114143797257863;0.18858562027421366
1731803282.310424;/app/bags/user95_2017-02-24.bag;0.834065854549408;0.0;0.9619645476341248;0.0;3.6903359844713712;0.8114143797257863;0.18858562027421366
1731803282.5103896;/app/bags/user95_2017-02-24.bag;0.834065854549408;0.0;0.9619645476341248;0.0;3.6903359844713712;0.8114143797257863;0.18858562027421366
1731803282.7104397;/app/bags/user95_2017-02-24.bag;0.834065854549408;0.0;0.9619645476341248;0.0;3.6903359844713712;0.8114143797257863;0.18858562027421366
1731803282.9104698;/app/bags/user95_2017-02-24.bag;0.834065854549408;0.0;0.9619645476341248;0.0;3.6903359844713712;0.8114143797257863;0.18858562027421366
1731803283.1104066;/app/bags/user95_2017-02-24.bag;0.834065854549408;0.0;0.9619645476341248;0.0;3.6903359844713712;0.8114143797257863;0.18858562027421366
1731803283.310397;/app/bags/user95_2017-02-24.bag;0.834065854549408;0.0;0.9619645476341248;0.0;3.6903359844713712;0.8114143797257863;0.18858562027421366
1731803283.510405;/app/bags/user95_2017-02-24.bag;0.834065854549408;0.0;0.9619645476341248;0.0;3.6903359844713712;0.8114143797257863;0.18858562027421366
1731803283.7103934;/app/bags/user95_2017-02-24.bag;0.834065854549408;0.0;0.9619645476341248;0.0;3.6903359844713712;0.8114143797257863;0.18858562027421366
1731803283.910417;/app/bags/user95_2017-02-24.bag;0.834065854549408;0.0;0.9619645476341248;0.0;3.6903359844713712;0.8114143797257863;0.18858562027421366
1731803284.1104105;/app/bags/user95_2017-02-24.bag;0.834065854549408;0.0;0.9619645476341248;0.0;3.6903359844713712;0.8114143797257863;0.18858562027421366
1731803284.3103876;/app/bags/user95_2017-02-24.bag;0.834065854549408;0.0;0.9619645476341248;0.0;3.6903359844713712;0.8114143797257863;0.18858562027421366
1731803284.5103605;/app/bags/user95_2017-02-24.bag;0.834065854549408;0.0;0.9619645476341248;0.0;3.6903359844713712;0.8114143797257863;0.18858562027421366
1731803284.7103746;/app/bags/user95_2017-02-24.bag;0.834065854549408;0.0;0.9619645476341248;0.0;3.6903359844713712;0.8114143797257863;0.18858562027421366
1731803284.9105897;/app/bags/user95_2017-02-24.bag;0.834065854549408;0.0;0.9619645476341248;0.0;3.6903359844713712;0.8114143797257863;0.18858562027421366
1731803285.1103935;/app/bags/user95_2017-02-24.bag;0.834065854549408;0.0;0.9619645476341248;0.0;3.6903359844713712;0.8114143797257863;0.18858562027421366
1731803285.310397;/app/bags/user95_2017-02-24.bag;0.834065854549408;0.0;0.9619645476341248;0.0;3.6903359844713712;0.8114143797257863;0.18858562027421366
1731803285.5103567;/app/bags/user95_2017-02-24.bag;0.834065854549408;0.0;0.9619645476341248;0.0;3.6903359844713712;0.8114143797257863;0.18858562027421366
1731803285.7104135;/app/bags/user95_2017-02-24.bag;0.834065854549408;0.0;0.9619645476341248;0.0;3.6903359844713712;0.8114143797257863;0.18858562027421366
1731803285.9103837;/app/bags/user95_2017-02-24.bag;0.834065854549408;0.0;0.9619645476341248;0.0;3.6903359844713712;0.8114143797257863;0.18858562027421366
1731803286.11038;/app/bags/user95_2017-02-24.bag;0.834065854549408;0.0;0.9619645476341248;0.0;3.6903359844713712;0.8114143797257863;0.18858562027421366
1731803286.3104844;/app/bags/user95_2017-02-24.bag;0.834065854549408;0.0;0.9619645476341248;0.0;3.6903359844713712;0.8114143797257863;0.18858562027421366
1731803286.510393;/app/bags/user95_2017-02-24.bag;0.834065854549408;0.0;0.9619645476341248;0.0;3.6903359844713712;0.8114143797257863;0.18858562027421366
1731803286.710428;/app/bags/user95_2017-02-24.bag;0.834065854549408;0.0;0.9619645476341248;0.0;3.6903359844713712;0.8114143797257863;0.18858562027421366
1731803286.9104674;/app/bags/user95_2017-02-24.bag;0.834065854549408;0.0;0.9619645476341248;0.0;3.6903359844713712;0.8114143797257863;0.18858562027421366
1731803287.1104336;/app/bags/user95_2017-02-24.bag;0.834065854549408;0.0;0.9619645476341248;0.0;3.6903359844713712;0.8114143797257863;0.18858562027421366
1731803287.3104033;/app/bags/user95_2017-02-24.bag;0.834065854549408;0.0;0.9619645476341248;0.0;3.6903359844713712;0.8114143797257863;0.18858562027421366
1731803287.510378;/app/bags/user95_2017-02-24.bag;0.834065854549408;0.0;0.9619645476341248;0.0;3.6903359844713712;0.8114143797257863;0.18858562027421366
1731803287.71039;/app/bags/user95_2017-02-24.bag;0.834065854549408;0.0;0.9619645476341248;0.0;3.6903359844713712;0.8114143797257863;0.18858562027421366
1731803287.9104095;/app/bags/user95_2017-02-24.bag;0.834065854549408;0.0;0.9619645476341248;0.0;3.6903359844713712;0.8114143797257863;0.18858562027421366
1731803288.1104548;/app/bags/user95_2017-02-24.bag;0.834065854549408;0.0;0.9619645476341248;0.0;3.6903359844713712;0.8114143797257863;0.18858562027421366
1731803288.310431;/app/bags/user95_2017-02-24.bag;0.834065854549408;0.0;0.9619645476341248;0.0;3.6903359844713712;0.8114143797257863;0.18858562027421366
1731803288.5103858;/app/bags/user95_2017-02-24.bag;0.834065854549408;0.0;0.9619645476341248;0.0;3.6903359844713712;0.8114143797257863;0.18858562027421366
1731803288.7104487;/app/bags/user95_2017-02-24.bag;0.834065854549408;0.0;0.9619645476341248;0.0;3.6903359844713712;0.8114143797257863;0.18858562027421366
1731803288.910451;/app/bags/user95_2017-02-24.bag;0.834065854549408;0.0;0.9619645476341248;0.0;3.6903359844713712;0.8114143797257863;0.18858562027421366
1731803289.1104286;/app/bags/user95_2017-02-24.bag;0.834065854549408;0.0;0.9619645476341248;0.0;3.6903359844713712;0.8114143797257863;0.18858562027421366
1731803289.3104048;/app/bags/user95_2017-02-24.bag;0.834065854549408;0.0;0.9619645476341248;0.0;3.6903359844713712;0.8114143797257863;0.18858562027421366
1731803289.5103753;/app/bags/user95_2017-02-24.bag;0.834065854549408;0.0;0.9619645476341248;0.0;3.6903359844713712;0.8114143797257863;0.18858562027421366
1731803289.710403;/app/bags/user95_2017-02-24.bag;0.834065854549408;0.0;0.9619645476341248;0.0;3.6903359844713712;0.8114143797257863;0.18858562027421366
1731803289.910401;/app/bags/user95_2017-02-24.bag;0.834065854549408;0.0;0.9619645476341248;0.0;3.6903359844713712;0.8114143797257863;0.18858562027421366
1731803290.1103518;/app/bags/user95_2017-02-24.bag;0.834065854549408;0.0;0.9619645476341248;0.0;3.6903359844713712;0.8114143797257863;0.18858562027421366
1731803290.3104153;/app/bags/user95_2017-02-24.bag;0.834065854549408;0.0;0.9619645476341248;0.0;3.6903359844713712;0.8114143797257863;0.18858562027421366
1731803290.510453;/app/bags/user95_2017-02-24.bag;0.834065854549408;0.0;0.9619645476341248;0.0;3.6903359844713712;0.8114143797257863;0.18858562027421366
1731803290.710428;/app/bags/user95_2017-02-24.bag;0.834065854549408;0.0;0.9619645476341248;0.0;3.6903359844713712;0.8114143797257863;0.18858562027421366
1731803290.9103804;/app/bags/user95_2017-02-24.bag;0.834065854549408;0.0;0.9619645476341248;0.0;3.6903359844713712;0.8114143797257863;0.18858562027421366
1731803291.1104035;/app/bags/user95_2017-02-24.bag;0.834065854549408;0.0;0.9619645476341248;0.0;3.6903359844713712;0.8114143797257863;0.18858562027421366
1731803291.3104248;/app/bags/user95_2017-02-24.bag;0.834065854549408;0.0;0.9619645476341248;0.0;3.6903359844713712;0.8114143797257863;0.18858562027421366
1731803291.510527;/app/bags/user95_2017-02-24.bag;0.834065854549408;0.0;0.9619645476341248;0.0;3.6903359844713712;0.8114143797257863;0.18858562027421366
1731803291.7103682;/app/bags/user95_2017-02-24.bag;0.834065854549408;0.0;0.9619645476341248;0.0;3.6903359844713712;0.8114143797257863;0.18858562027421366
1731803291.9103758;/app/bags/user95_2017-02-24.bag;0.834065854549408;0.0;0.9619645476341248;0.0;3.6903359844713712;0.8114143797257863;0.18858562027421366
1731803292.1103725;/app/bags/user95_2017-02-24.bag;0.834065854549408;0.0;0.9619645476341248;0.0;3.6903359844713712;0.8114143797257863;0.18858562027421366
1731803292.3104155;/app/bags/user95_2017-02-24.bag;0.834065854549408;0.0;0.9619645476341248;0.0;3.6903359844713712;0.8114143797257863;0.18858562027421366
1731803292.5104644;/app/bags/user95_2017-02-24.bag;0.834065854549408;0.0;0.9619645476341248;0.0;3.6903359844713712;0.8114143797257863;0.18858562027421366
1731803292.7103636;/app/bags/user95_2017-02-24.bag;0.834065854549408;0.0;0.9619645476341248;0.0;3.6903359844713712;0.8114143797257863;0.18858562027421366
1731803292.91056;/app/bags/user95_2017-02-24.bag;0.834065854549408;0.0;0.9619645476341248;0.0;3.6903359844713712;0.8114143797257863;0.18858562027421366
1731803293.1103852;/app/bags/user95_2017-02-24.bag;0.834065854549408;0.0;0.9619645476341248;0.0;3.6903359844713712;0.8114143797257863;0.18858562027421366
1731803293.3103578;/app/bags/user95_2017-02-24.bag;0.834065854549408;0.0;0.9619645476341248;0.0;3.6903359844713712;0.8114143797257863;0.18858562027421366
1731803293.5103812;/app/bags/user95_2017-02-24.bag;0.834065854549408;0.0;0.9619645476341248;0.0;3.6903359844713712;0.8114143797257863;0.18858562027421366
1731803293.7104352;/app/bags/user95_2017-02-24.bag;0.834065854549408;0.0;0.9619645476341248;0.0;3.6903359844713712;0.8114143797257863;0.18858562027421366
1731803293.9103673;/app/bags/user95_2017-02-24.bag;0.834065854549408;0.0;0.9619645476341248;0.0;3.6903359844713712;0.8114143797257863;0.18858562027421366
1731803294.1103964;/app/bags/user95_2017-02-24.bag;0.834065854549408;0.0;0.9619645476341248;0.0;3.6903359844713712;0.8114143797257863;0.18858562027421366
1731803294.3103526;/app/bags/user95_2017-02-24.bag;0.834065854549408;0.0;0.9619645476341248;0.0;3.6903359844713712;0.8114143797257863;0.18858562027421366
1731803294.5103617;/app/bags/user95_2017-02-24.bag;0.834065854549408;0.0;0.9619645476341248;0.0;3.6903359844713712;0.8114143797257863;0.18858562027421366
1731803294.7104192;/app/bags/user95_2017-02-24.bag;0.834065854549408;0.0;0.9619645476341248;0.0;3.6903359844713712;0.8114143797257863;0.18858562027421366
1731803294.9104118;/app/bags/user95_2017-02-24.bag;0.834065854549408;0.0;0.9619645476341248;0.0;3.6903359844713712;0.8114143797257863;0.18858562027421366
1731803295.1104367;/app/bags/user95_2017-02-24.bag;0.834065854549408;0.0;0.9619645476341248;0.0;3.6903359844713712;0.8114143797257863;0.18858562027421366
1731803295.3104138;/app/bags/user95_2017-02-24.bag;0.834065854549408;0.0;0.9619645476341248;0.0;3.6903359844713712;0.8114143797257863;0.18858562027421366
1731803295.5106008;/app/bags/user95_2017-02-24.bag;0.834065854549408;0.0;0.9619645476341248;0.0;3.6903359844713712;0.8114143797257863;0.18858562027421366
1731803295.710413;/app/bags/user95_2017-02-24.bag;0.834065854549408;0.0;0.9619645476341248;0.0;3.6903359844713712;0.8114143797257863;0.18858562027421366
1731803295.9104106;/app/bags/user95_2017-02-24.bag;0.834065854549408;0.0;0.9619645476341248;0.0;3.6903359844713712;0.8114143797257863;0.18858562027421366
1731803296.1104078;/app/bags/user95_2017-02-24.bag;0.834065854549408;0.0;0.9619645476341248;0.0;3.6903359844713712;0.8114143797257863;0.18858562027421366
1731803296.3103757;/app/bags/user95_2017-02-24.bag;0.834065854549408;0.0;0.9619645476341248;0.0;3.6903359844713712;0.8114143797257863;0.18858562027421366
1731803296.5104382;/app/bags/user95_2017-02-24.bag;0.834065854549408;0.0;0.9619645476341248;0.0;3.6903359844713712;0.8114143797257863;0.18858562027421366
1731803296.710381;/app/bags/user95_2017-02-24.bag;0.834065854549408;0.0;0.9619645476341248;0.0;3.6903359844713712;0.8114143797257863;0.18858562027421366
1731803296.9103782;/app/bags/user95_2017-02-24.bag;0.834065854549408;0.0;0.9619645476341248;0.0;3.6903359844713712;0.8114143797257863;0.18858562027421366
1731803297.1104805;/app/bags/user95_2017-02-24.bag;0.834065854549408;0.0;0.9619645476341248;0.0;3.6903359844713712;0.8114143797257863;0.18858562027421366
1731803297.3105783;/app/bags/user95_2017-02-24.bag;0.834065854549408;0.0;0.9619645476341248;0.0;3.6903359844713712;0.8114143797257863;0.18858562027421366
1731803297.5104558;/app/bags/user95_2017-02-24.bag;0.834065854549408;0.0;0.9619645476341248;0.0;3.6903359844713712;0.8114143797257863;0.18858562027421366
1731803297.7104096;/app/bags/user95_2017-02-24.bag;0.834065854549408;0.0;0.9619645476341248;0.0;3.6903359844713712;0.8114143797257863;0.18858562027421366
1731803297.9103546;/app/bags/user95_2017-02-24.bag;0.834065854549408;0.0;0.9619645476341248;0.0;3.6903359844713712;0.8114143797257863;0.18858562027421366
1731803298.1104338;/app/bags/user95_2017-02-24.bag;0.834065854549408;0.0;0.9619645476341248;0.0;3.6903359844713712;0.8114143797257863;0.18858562027421366
1731803298.3104017;/app/bags/user95_2017-02-24.bag;0.834065854549408;0.0;0.9619645476341248;0.0;3.6903359844713712;0.8114143797257863;0.18858562027421366
1731803298.5103457;/app/bags/user95_2017-02-24.bag;0.834065854549408;0.0;0.9619645476341248;0.0;3.6903359844713712;0.8114143797257863;0.18858562027421366
1731803298.7103832;/app/bags/user95_2017-02-24.bag;0.834065854549408;0.0;0.9619645476341248;0.0;3.6903359844713712;0.8114143797257863;0.18858562027421366
1731803298.9104226;/app/bags/user95_2017-02-24.bag;0.834065854549408;0.0;0.9619645476341248;0.0;3.6903359844713712;0.8114143797257863;0.18858562027421366
1731803299.1104066;/app/bags/user95_2017-02-24.bag;0.834065854549408;0.0;0.9619645476341248;0.0;3.6903359844713712;0.8114143797257863;0.18858562027421366
1731803299.310385;/app/bags/user95_2017-02-24.bag;0.834065854549408;0.0;0.9619645476341248;0.0;3.6903359844713712;0.8114143797257863;0.18858562027421366
1731803299.510465;/app/bags/user95_2017-02-24.bag;0.834065854549408;0.0;0.9619645476341248;0.0;3.6903359844713712;0.8114143797257863;0.18858562027421366
1731803299.71035;/app/bags/user95_2017-02-24.bag;0.834065854549408;0.0;0.9619645476341248;0.0;3.6903359844713712;0.8114143797257863;0.18858562027421366
1731803299.9103951;/app/bags/user95_2017-02-24.bag;0.834065854549408;0.0;0.9619645476341248;0.0;3.6903359844713712;0.8114143797257863;0.18858562027421366
1731803300.1103926;/app/bags/user95_2017-02-24.bag;0.834065854549408;0.0;0.9619645476341248;0.0;3.6903359844713712;0.8114143797257863;0.18858562027421366
1731803300.310408;/app/bags/user95_2017-02-24.bag;0.834065854549408;0.0;0.9619645476341248;0.0;3.6903359844713712;0.8114143797257863;0.18858562027421366
1731803300.5106723;/app/bags/user95_2017-02-24.bag;0.834065854549408;0.0;0.9619645476341248;0.0;3.6903359844713712;0.8114143797257863;0.18858562027421366
1731803300.710377;/app/bags/user95_2017-02-24.bag;0.834065854549408;0.0;0.9619645476341248;0.0;3.6903359844713712;0.8114143797257863;0.18858562027421366
1731803300.9104025;/app/bags/user95_2017-02-24.bag;0.834065854549408;0.0;0.9619645476341248;0.0;3.6903359844713712;0.8114143797257863;0.18858562027421366
1731803301.1103756;/app/bags/user95_2017-02-24.bag;0.834065854549408;0.0;0.9619645476341248;0.0;3.6903359844713712;0.8114143797257863;0.18858562027421366
1731803301.3105361;/app/bags/user95_2017-02-24.bag;0.834065854549408;0.0;0.9619645476341248;0.0;3.6903359844713712;0.8114143797257863;0.18858562027421366
1731803301.510403;/app/bags/user95_2017-02-24.bag;0.834065854549408;0.0;0.9619645476341248;0.0;3.6903359844713712;0.8114143797257863;0.18858562027421366
1731803301.710354;/app/bags/user95_2017-02-24.bag;0.834065854549408;0.0;0.9619645476341248;0.0;3.6903359844713712;0.8114143797257863;0.18858562027421366
1731803301.9104528;/app/bags/user95_2017-02-24.bag;0.834065854549408;0.0;0.9619645476341248;0.0;3.6903359844713712;0.8114143797257863;0.18858562027421366
1731803302.1104841;/app/bags/user95_2017-02-24.bag;0.834065854549408;0.0;0.9619645476341248;0.0;3.6903359844713712;0.8114143797257863;0.18858562027421366
1731803302.31039;/app/bags/user95_2017-02-24.bag;0.834065854549408;0.0;0.9619645476341248;0.0;3.6903359844713712;0.8114143797257863;0.18858562027421366
1731803302.5104506;/app/bags/user95_2017-02-24.bag;0.834065854549408;0.0;0.9619645476341248;0.0;3.6903359844713712;0.8114143797257863;0.18858562027421366
1731803302.7103722;/app/bags/user95_2017-02-24.bag;0.834065854549408;0.0;0.9619645476341248;0.0;3.6903359844713712;0.8114143797257863;0.18858562027421366
1731803302.9104035;/app/bags/user95_2017-02-24.bag;0.834065854549408;0.0;0.9619645476341248;0.0;3.6903359844713712;0.8114143797257863;0.18858562027421366
1731803303.1104543;/app/bags/user95_2017-02-24.bag;0.834065854549408;0.0;0.9619645476341248;0.0;3.6903359844713712;0.8114143797257863;0.18858562027421366
1731803303.3103876;/app/bags/user95_2017-02-24.bag;0.834065854549408;0.0;0.9619645476341248;0.0;3.6903359844713712;0.8114143797257863;0.18858562027421366
1731803303.5103545;/app/bags/user95_2017-02-24.bag;0.834065854549408;0.0;0.9619645476341248;0.0;3.6903359844713712;0.8114143797257863;0.18858562027421366
1731803303.710424;/app/bags/user95_2017-02-24.bag;0.834065854549408;0.0;0.9619645476341248;0.0;3.6903359844713712;0.8114143797257863;0.18858562027421366
1731803303.9104927;/app/bags/user95_2017-02-24.bag;0.834065854549408;0.0;0.9619645476341248;0.0;3.6903359844713712;0.8114143797257863;0.18858562027421366
1731803304.1103888;/app/bags/user95_2017-02-24.bag;0.834065854549408;0.0;0.9619645476341248;0.0;3.6903359844713712;0.8114143797257863;0.18858562027421366
1731803304.310443;/app/bags/user95_2017-02-24.bag;0.834065854549408;0.0;0.9619645476341248;0.0;3.6903359844713712;0.8114143797257863;0.18858562027421366
1731803304.5103862;/app/bags/user95_2017-02-24.bag;0.834065854549408;0.0;0.9619645476341248;0.0;3.6903359844713712;0.8114143797257863;0.18858562027421366
1731803304.7103884;/app/bags/user95_2017-02-24.bag;0.834065854549408;0.0;0.9619645476341248;0.0;3.6903359844713712;0.8114143797257863;0.18858562027421366
1731803304.9104161;/app/bags/user95_2017-02-24.bag;0.834065854549408;0.0;0.9619645476341248;0.0;3.6903359844713712;0.8114143797257863;0.18858562027421366
1731803305.1103992;/app/bags/user95_2017-02-24.bag;0.834065854549408;0.0;0.9619645476341248;0.0;3.6903359844713712;0.8114143797257863;0.18858562027421366
1731803305.3103852;/app/bags/user95_2017-02-24.bag;0.834065854549408;0.0;0.9619645476341248;0.0;3.6903359844713712;0.8114143797257863;0.18858562027421366
1731803305.5103953;/app/bags/user95_2017-02-24.bag;0.834065854549408;0.0;0.9619645476341248;0.0;3.6903359844713712;0.8114143797257863;0.18858562027421366
1731803305.7104104;/app/bags/user95_2017-02-24.bag;0.834065854549408;0.0;0.9619645476341248;0.0;3.6903359844713712;0.8114143797257863;0.18858562027421366
1731803305.9104066;/app/bags/user95_2017-02-24.bag;0.834065854549408;0.0;0.9619645476341248;0.0;3.6903359844713712;0.8114143797257863;0.18858562027421366
1731803306.1103811;/app/bags/user95_2017-02-24.bag;0.834065854549408;0.0;0.9619645476341248;0.0;3.6903359844713712;0.8114143797257863;0.18858562027421366
1731803306.3103826;/app/bags/user95_2017-02-24.bag;0.834065854549408;0.0;0.9619645476341248;0.0;3.6903359844713712;0.8114143797257863;0.18858562027421366
1731803306.5104508;/app/bags/user95_2017-02-24.bag;0.834065854549408;0.0;0.9619645476341248;0.0;3.6903359844713712;0.8114143797257863;0.18858562027421366
1731803306.7104535;/app/bags/user95_2017-02-24.bag;0.834065854549408;0.0;0.9619645476341248;0.0;3.6903359844713712;0.8114143797257863;0.18858562027421366
1731803306.910398;/app/bags/user95_2017-02-24.bag;0.834065854549408;0.0;0.9619645476341248;0.0;3.6903359844713712;0.8114143797257863;0.18858562027421366
1731803307.110384;/app/bags/user95_2017-02-24.bag;0.834065854549408;0.0;0.9619645476341248;0.0;3.6903359844713712;0.8114143797257863;0.18858562027421366
1731803307.310363;/app/bags/user95_2017-02-24.bag;0.834065854549408;0.0;0.9619645476341248;0.0;3.6903359844713712;0.8114143797257863;0.18858562027421366
1731803307.5103986;/app/bags/user95_2017-02-24.bag;0.834065854549408;0.0;0.9619645476341248;0.0;3.6903359844713712;0.8114143797257863;0.18858562027421366
1731803307.7103994;/app/bags/user95_2017-02-24.bag;0.834065854549408;0.0;0.9619645476341248;0.0;3.6903359844713712;0.8114143797257863;0.18858562027421366
1731803307.910373;/app/bags/user95_2017-02-24.bag;0.834065854549408;0.0;0.9619645476341248;0.0;3.6903359844713712;0.8114143797257863;0.18858562027421366
1731803308.1103997;/app/bags/user95_2017-02-24.bag;0.834065854549408;0.0;0.9619645476341248;0.0;3.6903359844713712;0.8114143797257863;0.18858562027421366
1731803308.3103898;/app/bags/user95_2017-02-24.bag;0.834065854549408;0.0;0.9619645476341248;0.0;3.6903359844713712;0.8114143797257863;0.18858562027421366
1731803308.5104098;/app/bags/user95_2017-02-24.bag;0.834065854549408;0.0;0.9619645476341248;0.0;3.6903359844713712;0.8114143797257863;0.18858562027421366
1731803308.710416;/app/bags/user95_2017-02-24.bag;0.834065854549408;0.0;0.9619645476341248;0.0;3.6903359844713712;0.8114143797257863;0.18858562027421366
1731803308.9104095;/app/bags/user95_2017-02-24.bag;0.834065854549408;0.0;0.9619645476341248;0.0;3.6903359844713712;0.8114143797257863;0.18858562027421366
1731803309.1104248;/app/bags/user95_2017-02-24.bag;0.834065854549408;0.0;0.9619645476341248;0.0;3.6903359844713712;0.8114143797257863;0.18858562027421366
1731803309.3104606;/app/bags/user95_2017-02-24.bag;0.834065854549408;0.0;0.9619645476341248;0.0;3.6903359844713712;0.8114143797257863;0.18858562027421366
1731803309.5103903;/app/bags/user95_2017-02-24.bag;0.834065854549408;0.0;0.9619645476341248;0.0;3.6903359844713712;0.8114143797257863;0.18858562027421366
1731803309.710388;/app/bags/user95_2017-02-24.bag;0.834065854549408;0.0;0.9619645476341248;0.0;3.6903359844713712;0.8114143797257863;0.18858562027421366
1731803309.9103868;/app/bags/user95_2017-02-24.bag;0.834065854549408;0.0;0.9619645476341248;0.0;3.6903359844713712;0.8114143797257863;0.18858562027421366
1731803310.110365;/app/bags/user95_2017-02-24.bag;0.834065854549408;0.0;0.9619645476341248;0.0;3.6903359844713712;0.8114143797257863;0.18858562027421366
1731803310.3104074;/app/bags/user95_2017-02-24.bag;0.834065854549408;0.0;0.9619645476341248;0.0;3.6903359844713712;0.8114143797257863;0.18858562027421366
1731803310.5104465;/app/bags/user95_2017-02-24.bag;0.834065854549408;0.0;0.9619645476341248;0.0;3.6903359844713712;0.8114143797257863;0.18858562027421366
1731803310.710396;/app/bags/user95_2017-02-24.bag;0.834065854549408;0.0;0.9619645476341248;0.0;3.6903359844713712;0.8114143797257863;0.18858562027421366
1731803310.91043;/app/bags/user95_2017-02-24.bag;0.834065854549408;0.0;0.9619645476341248;0.0;3.6903359844713712;0.8114143797257863;0.18858562027421366
1731803311.110402;/app/bags/user95_2017-02-24.bag;0.834065854549408;0.0;0.9619645476341248;0.0;3.6903359844713712;0.8114143797257863;0.18858562027421366
1731803311.310445;/app/bags/user95_2017-02-24.bag;0.834065854549408;0.0;0.9619645476341248;0.0;3.6903359844713712;0.8114143797257863;0.18858562027421366
1731803311.5104332;/app/bags/user95_2017-02-24.bag;0.834065854549408;0.0;0.9619645476341248;0.0;3.6903359844713712;0.8114143797257863;0.18858562027421366
1731803311.710385;/app/bags/user95_2017-02-24.bag;0.834065854549408;0.0;0.9619645476341248;0.0;3.6903359844713712;0.8114143797257863;0.18858562027421366
1731803311.9104123;/app/bags/user95_2017-02-24.bag;0.834065854549408;0.0;0.9619645476341248;0.0;3.6903359844713712;0.8114143797257863;0.18858562027421366
1731803312.1104655;/app/bags/user95_2017-02-24.bag;0.834065854549408;0.0;0.9619645476341248;0.0;3.6903359844713712;0.8114143797257863;0.18858562027421366
1731803312.3103974;/app/bags/user95_2017-02-24.bag;0.834065854549408;0.0;0.9619645476341248;0.0;3.6903359844713712;0.8114143797257863;0.18858562027421366
1731803312.5103714;/app/bags/user95_2017-02-24.bag;0.834065854549408;0.0;0.9619645476341248;0.0;3.6903359844713712;0.8114143797257863;0.18858562027421366
1731803312.7104166;/app/bags/user95_2017-02-24.bag;0.834065854549408;0.0;0.9619645476341248;0.0;3.6903359844713712;0.8114143797257863;0.18858562027421366
1731803312.9103644;/app/bags/user95_2017-02-24.bag;0.834065854549408;0.0;0.9619645476341248;0.0;3.6903359844713712;0.8114143797257863;0.18858562027421366
1731803313.1104074;/app/bags/user95_2017-02-24.bag;0.834065854549408;0.0;0.9619645476341248;0.0;3.6903359844713712;0.8114143797257863;0.18858562027421366
1731803313.310387;/app/bags/user95_2017-02-24.bag;0.834065854549408;0.0;0.9619645476341248;0.0;3.6903359844713712;0.8114143797257863;0.18858562027421366
1731803313.5104117;/app/bags/user95_2017-02-24.bag;0.834065854549408;0.0;0.9619645476341248;0.0;3.6903359844713712;0.8114143797257863;0.18858562027421366
1731803313.710434;/app/bags/user95_2017-02-24.bag;0.834065854549408;0.0;0.9619645476341248;0.0;3.6903359844713712;0.8114143797257863;0.18858562027421366
1731803313.910391;/app/bags/user95_2017-02-24.bag;0.834065854549408;0.0;0.9619645476341248;0.0;3.6903359844713712;0.8114143797257863;0.18858562027421366
1731803314.110404;/app/bags/user95_2017-02-24.bag;0.834065854549408;0.0;0.9619645476341248;0.0;3.6903359844713712;0.8114143797257863;0.18858562027421366
1731803314.3104038;/app/bags/user95_2017-02-24.bag;0.834065854549408;0.0;0.9619645476341248;0.0;3.6903359844713712;0.8114143797257863;0.18858562027421366
1731803314.5104046;/app/bags/user95_2017-02-24.bag;0.834065854549408;0.0;0.9619645476341248;0.0;3.6903359844713712;0.8114143797257863;0.18858562027421366
1731803314.7104075;/app/bags/user95_2017-02-24.bag;0.834065854549408;0.0;0.9619645476341248;0.0;3.6903359844713712;0.8114143797257863;0.18858562027421366
1731803314.9103909;/app/bags/user95_2017-02-24.bag;0.834065854549408;0.0;0.9619645476341248;0.0;3.6903359844713712;0.8114143797257863;0.18858562027421366
1731803315.1104214;/app/bags/user95_2017-02-24.bag;0.834065854549408;0.0;0.9619645476341248;0.0;3.6903359844713712;0.8114143797257863;0.18858562027421366
1731803315.3104374;/app/bags/user95_2017-02-24.bag;0.834065854549408;0.0;0.9619645476341248;0.0;3.6903359844713712;0.8114143797257863;0.18858562027421366
1731803315.5104206;/app/bags/user95_2017-02-24.bag;0.834065854549408;0.0;0.9619645476341248;0.0;3.6903359844713712;0.8114143797257863;0.18858562027421366
1731803315.7104905;/app/bags/user95_2017-02-24.bag;0.834065854549408;0.0;0.9619645476341248;0.0;3.6903359844713712;0.8114143797257863;0.18858562027421366
1731803315.9103837;/app/bags/user95_2017-02-24.bag;0.834065854549408;0.0;0.9619645476341248;0.0;3.6903359844713712;0.8114143797257863;0.18858562027421366
1731803316.1103866;/app/bags/user95_2017-02-24.bag;0.834065854549408;0.0;0.9619645476341248;0.0;3.6903359844713712;0.8114143797257863;0.18858562027421366
1731803316.3104107;/app/bags/user95_2017-02-24.bag;0.834065854549408;0.0;0.9619645476341248;0.0;3.6903359844713712;0.8114143797257863;0.18858562027421366
1731803316.5104187;/app/bags/user95_2017-02-24.bag;0.834065854549408;0.0;0.9619645476341248;0.0;3.6903359844713712;0.8114143797257863;0.18858562027421366
1731803316.7103863;/app/bags/user95_2017-02-24.bag;0.834065854549408;0.0;0.9619645476341248;0.0;3.6903359844713712;0.8114143797257863;0.18858562027421366
1731803316.9104042;/app/bags/user95_2017-02-24.bag;0.834065854549408;0.0;0.9619645476341248;0.0;3.6903359844713712;0.8114143797257863;0.18858562027421366
1731803317.1103911;/app/bags/user95_2017-02-24.bag;0.834065854549408;0.0;0.9619645476341248;0.0;3.6903359844713712;0.8114143797257863;0.18858562027421366
1731803317.3103697;/app/bags/user95_2017-02-24.bag;0.834065854549408;0.0;0.9619645476341248;0.0;3.6903359844713712;0.8114143797257863;0.18858562027421366
1731803317.5104082;/app/bags/user95_2017-02-24.bag;0.834065854549408;0.0;0.9619645476341248;0.0;3.6903359844713712;0.8114143797257863;0.18858562027421366
1731803317.7104647;/app/bags/user95_2017-02-24.bag;0.834065854549408;0.0;0.9619645476341248;0.0;3.6903359844713712;0.8114143797257863;0.18858562027421366
1731803317.9104133;/app/bags/user95_2017-02-24.bag;0.834065854549408;0.0;0.9619645476341248;0.0;3.6903359844713712;0.8114143797257863;0.18858562027421366
1731803318.1104002;/app/bags/user95_2017-02-24.bag;0.834065854549408;0.0;0.9619645476341248;0.0;3.6903359844713712;0.8114143797257863;0.18858562027421366
1731803318.310342;/app/bags/user95_2017-02-24.bag;0.834065854549408;0.0;0.9619645476341248;0.0;3.6903359844713712;0.8114143797257863;0.18858562027421366
1731803318.5104637;/app/bags/user95_2017-02-24.bag;0.834065854549408;0.0;0.9619645476341248;0.0;3.6903359844713712;0.8114143797257863;0.18858562027421366
1731803318.7106469;/app/bags/user95_2017-02-24.bag;0.834065854549408;0.0;0.9619645476341248;0.0;3.6903359844713712;0.8114143797257863;0.18858562027421366
1731803318.9103782;/app/bags/user95_2017-02-24.bag;0.834065854549408;0.0;0.9619645476341248;0.0;3.6903359844713712;0.8114143797257863;0.18858562027421366
1731803319.1105125;/app/bags/user95_2017-02-24.bag;0.834065854549408;0.0;0.9619645476341248;0.0;3.6903359844713712;0.8114143797257863;0.18858562027421366
1731803319.3104045;/app/bags/user95_2017-02-24.bag;0.834065854549408;0.0;0.9619645476341248;0.0;3.6903359844713712;0.8114143797257863;0.18858562027421366
1731803319.5106184;/app/bags/user95_2017-02-24.bag;0.834065854549408;0.0;0.9619645476341248;0.0;3.6903359844713712;0.8114143797257863;0.18858562027421366
1731803319.710408;/app/bags/user95_2017-02-24.bag;0.834065854549408;0.0;0.9619645476341248;0.0;3.6903359844713712;0.8114143797257863;0.18858562027421366
1731803319.9103596;/app/bags/user95_2017-02-24.bag;0.834065854549408;0.0;0.9619645476341248;0.0;3.6903359844713712;0.8114143797257863;0.18858562027421366
1731803320.1104102;/app/bags/user95_2017-02-24.bag;0.834065854549408;0.0;0.9619645476341248;0.0;3.6903359844713712;0.8114143797257863;0.18858562027421366
1731803320.310443;/app/bags/user95_2017-02-24.bag;0.834065854549408;0.0;0.9619645476341248;0.0;3.6903359844713712;0.8114143797257863;0.18858562027421366
1731803320.5104818;/app/bags/user95_2017-02-24.bag;0.834065854549408;0.0;0.9619645476341248;0.0;3.6903359844713712;0.8114143797257863;0.18858562027421366
1731803320.7104053;/app/bags/user95_2017-02-24.bag;0.834065854549408;0.0;0.9619645476341248;0.0;3.6903359844713712;0.8114143797257863;0.18858562027421366
1731803320.9103956;/app/bags/user95_2017-02-24.bag;0.834065854549408;0.0;0.9619645476341248;0.0;3.6903359844713712;0.8114143797257863;0.18858562027421366
1731803321.1104014;/app/bags/user95_2017-02-24.bag;0.834065854549408;0.0;0.9619645476341248;0.0;3.6903359844713712;0.8114143797257863;0.18858562027421366
1731803321.310369;/app/bags/user95_2017-02-24.bag;0.834065854549408;0.0;0.9619645476341248;0.0;3.6903359844713712;0.8114143797257863;0.18858562027421366
1731803321.5104578;/app/bags/user95_2017-02-24.bag;0.834065854549408;0.0;0.9619645476341248;0.0;3.6903359844713712;0.8114143797257863;0.18858562027421366
1731803321.7103899;/app/bags/user95_2017-02-24.bag;0.834065854549408;0.0;0.9619645476341248;0.0;3.6903359844713712;0.8114143797257863;0.18858562027421366
1731803321.9103863;/app/bags/user95_2017-02-24.bag;0.834065854549408;0.0;0.9619645476341248;0.0;3.6903359844713712;0.8114143797257863;0.18858562027421366
1731803322.110399;/app/bags/user95_2017-02-24.bag;0.834065854549408;0.0;0.9619645476341248;0.0;3.6903359844713712;0.8114143797257863;0.18858562027421366
1731803322.3103743;/app/bags/user95_2017-02-24.bag;0.834065854549408;0.0;0.9619645476341248;0.0;3.6903359844713712;0.8114143797257863;0.18858562027421366
1731803322.5104072;/app/bags/user95_2017-02-24.bag;0.834065854549408;0.0;0.9619645476341248;0.0;3.6903359844713712;0.8114143797257863;0.18858562027421366
1731803322.7104433;/app/bags/user95_2017-02-24.bag;0.834065854549408;0.0;0.9619645476341248;0.0;3.6903359844713712;0.8114143797257863;0.18858562027421366
1731803322.9103994;/app/bags/user95_2017-02-24.bag;0.834065854549408;0.0;0.9619645476341248;0.0;3.6903359844713712;0.8114143797257863;0.18858562027421366
1731803323.1104362;/app/bags/user95_2017-02-24.bag;0.834065854549408;0.0;0.9619645476341248;0.0;3.6903359844713712;0.8114143797257863;0.18858562027421366
1731803323.3104396;/app/bags/user95_2017-02-24.bag;0.834065854549408;0.0;0.9619645476341248;0.0;3.6903359844713712;0.8114143797257863;0.18858562027421366
1731803323.5103884;/app/bags/user95_2017-02-24.bag;0.834065854549408;0.0;0.9619645476341248;0.0;3.6903359844713712;0.8114143797257863;0.18858562027421366
1731803323.7103827;/app/bags/user95_2017-02-24.bag;0.834065854549408;0.0;0.9619645476341248;0.0;3.6903359844713712;0.8114143797257863;0.18858562027421366
1731803323.9103808;/app/bags/user95_2017-02-24.bag;0.834065854549408;0.0;0.9619645476341248;0.0;3.6903359844713712;0.8114143797257863;0.18858562027421366
1731803324.1103625;/app/bags/user95_2017-02-24.bag;0.834065854549408;0.0;0.9619645476341248;0.0;3.6903359844713712;0.8114143797257863;0.18858562027421366
1731803324.3105252;/app/bags/user95_2017-02-24.bag;0.834065854549408;0.0;0.9619645476341248;0.0;3.6903359844713712;0.8114143797257863;0.18858562027421366
1731803324.5103984;/app/bags/user95_2017-02-24.bag;0.834065854549408;0.0;0.9619645476341248;0.0;3.6903359844713712;0.8114143797257863;0.18858562027421366
1731803324.7103906;/app/bags/user95_2017-02-24.bag;0.834065854549408;0.0;0.9619645476341248;0.0;3.6903359844713712;0.8114143797257863;0.18858562027421366
1731803324.9103982;/app/bags/user95_2017-02-24.bag;0.834065854549408;0.0;0.9619645476341248;0.0;3.6903359844713712;0.8114143797257863;0.18858562027421366
1731803325.1104367;/app/bags/user95_2017-02-24.bag;0.834065854549408;0.0;0.9619645476341248;0.0;3.6903359844713712;0.8114143797257863;0.18858562027421366
1731803325.3103971;/app/bags/user95_2017-02-24.bag;0.834065854549408;0.0;0.9619645476341248;0.0;3.6903359844713712;0.8114143797257863;0.18858562027421366
1731803325.5103781;/app/bags/user95_2017-02-24.bag;0.834065854549408;0.0;0.9619645476341248;0.0;3.6903359844713712;0.8114143797257863;0.18858562027421366
1731803325.7103753;/app/bags/user95_2017-02-24.bag;0.834065854549408;0.0;0.9619645476341248;0.0;3.6903359844713712;0.8114143797257863;0.18858562027421366
1731803325.9103653;/app/bags/user95_2017-02-24.bag;0.834065854549408;0.0;0.9619645476341248;0.0;3.6903359844713712;0.8114143797257863;0.18858562027421366
1731803326.110383;/app/bags/user95_2017-02-24.bag;0.834065854549408;0.0;0.9619645476341248;0.0;3.6903359844713712;0.8114143797257863;0.18858562027421366
1731803326.3103995;/app/bags/user95_2017-02-24.bag;0.834065854549408;0.0;0.9619645476341248;0.0;3.6903359844713712;0.8114143797257863;0.18858562027421366
1731803326.5103774;/app/bags/user95_2017-02-24.bag;0.834065854549408;0.0;0.9619645476341248;0.0;3.6903359844713712;0.8114143797257863;0.18858562027421366
1731803326.710356;/app/bags/user95_2017-02-24.bag;0.834065854549408;0.0;0.9619645476341248;0.0;3.6903359844713712;0.8114143797257863;0.18858562027421366
1731803326.9103765;/app/bags/user95_2017-02-24.bag;0.834065854549408;0.0;0.9619645476341248;0.0;3.6903359844713712;0.8114143797257863;0.18858562027421366
1731803327.1104228;/app/bags/user95_2017-02-24.bag;0.834065854549408;0.0;0.9619645476341248;0.0;3.6903359844713712;0.8114143797257863;0.18858562027421366
1731803327.3104594;/app/bags/user95_2017-02-24.bag;0.834065854549408;0.0;0.9619645476341248;0.0;3.6903359844713712;0.8114143797257863;0.18858562027421366
1731803327.510398;/app/bags/user95_2017-02-24.bag;0.834065854549408;0.0;0.9619645476341248;0.0;3.6903359844713712;0.8114143797257863;0.18858562027421366
1731803327.7103536;/app/bags/user95_2017-02-24.bag;0.834065854549408;0.0;0.9619645476341248;0.0;3.6903359844713712;0.8114143797257863;0.18858562027421366
1731803327.9103892;/app/bags/user95_2017-02-24.bag;0.834065854549408;0.0;0.9619645476341248;0.0;3.6903359844713712;0.8114143797257863;0.18858562027421366
1731803328.1103685;/app/bags/user95_2017-02-24.bag;0.834065854549408;0.0;0.9619645476341248;0.0;3.6903359844713712;0.8114143797257863;0.18858562027421366
1731803328.3103755;/app/bags/user95_2017-02-24.bag;0.834065854549408;0.0;0.9619645476341248;0.0;3.6903359844713712;0.8114143797257863;0.18858562027421366
1731803328.510525;/app/bags/user95_2017-02-24.bag;0.834065854549408;0.0;0.9619645476341248;0.0;3.6903359844713712;0.8114143797257863;0.18858562027421366
1731803328.7104146;/app/bags/user95_2017-02-24.bag;0.834065854549408;0.0;0.9619645476341248;0.0;3.6903359844713712;0.8114143797257863;0.18858562027421366
1731803328.9103765;/app/bags/user95_2017-02-24.bag;0.834065854549408;0.0;0.9619645476341248;0.0;3.6903359844713712;0.8114143797257863;0.18858562027421366
1731803329.1103852;/app/bags/user95_2017-02-24.bag;0.834065854549408;0.0;0.9619645476341248;0.0;3.6903359844713712;0.8114143797257863;0.18858562027421366
1731803329.3104186;/app/bags/user95_2017-02-24.bag;0.834065854549408;0.0;0.9619645476341248;0.0;3.6903359844713712;0.8114143797257863;0.18858562027421366
1731803329.5103838;/app/bags/user95_2017-02-24.bag;0.834065854549408;0.0;0.9619645476341248;0.0;3.6903359844713712;0.8114143797257863;0.18858562027421366
1731803329.7103777;/app/bags/user95_2017-02-24.bag;0.834065854549408;0.0;0.9619645476341248;0.0;3.6903359844713712;0.8114143797257863;0.18858562027421366
1731803329.9104333;/app/bags/user95_2017-02-24.bag;0.834065854549408;0.0;0.9619645476341248;0.0;3.6903359844713712;0.8114143797257863;0.18858562027421366
1731803330.110487;/app/bags/user95_2017-02-24.bag;0.834065854549408;0.0;0.9619645476341248;0.0;3.6903359844713712;0.8114143797257863;0.18858562027421366
1731803330.3103995;/app/bags/user95_2017-02-24.bag;0.834065854549408;0.0;0.9619645476341248;0.0;3.6903359844713712;0.8114143797257863;0.18858562027421366
1731803330.510386;/app/bags/user95_2017-02-24.bag;0.834065854549408;0.0;0.9619645476341248;0.0;3.6903359844713712;0.8114143797257863;0.18858562027421366
1731803330.7104225;/app/bags/user95_2017-02-24.bag;0.834065854549408;0.0;0.9619645476341248;0.0;3.6903359844713712;0.8114143797257863;0.18858562027421366
1731803330.910357;/app/bags/user95_2017-02-24.bag;0.834065854549408;0.0;0.9619645476341248;0.0;3.6903359844713712;0.8114143797257863;0.18858562027421366
1731803331.1104128;/app/bags/user95_2017-02-24.bag;0.834065854549408;0.0;0.9619645476341248;0.0;3.6903359844713712;0.8114143797257863;0.18858562027421366
1731803331.3104286;/app/bags/user95_2017-02-24.bag;0.834065854549408;0.0;0.9619645476341248;0.0;3.6903359844713712;0.8114143797257863;0.18858562027421366
1731803331.5104687;/app/bags/user95_2017-02-24.bag;0.834065854549408;0.0;0.9619645476341248;0.0;3.6903359844713712;0.8114143797257863;0.18858562027421366
1731803331.7103586;/app/bags/user95_2017-02-24.bag;0.834065854549408;0.0;0.9619645476341248;0.0;3.6903359844713712;0.8114143797257863;0.18858562027421366
1731803331.9103596;/app/bags/user95_2017-02-24.bag;0.834065854549408;0.0;0.9619645476341248;0.0;3.6903359844713712;0.8114143797257863;0.18858562027421366
1731803332.1104274;/app/bags/user95_2017-02-24.bag;0.834065854549408;0.0;0.9619645476341248;0.0;3.6903359844713712;0.8114143797257863;0.18858562027421366
1731803332.3103678;/app/bags/user95_2017-02-24.bag;0.834065854549408;0.0;0.9619645476341248;0.0;3.6903359844713712;0.8114143797257863;0.18858562027421366
1731803332.5103476;/app/bags/user95_2017-02-24.bag;0.834065854549408;0.0;0.9619645476341248;0.0;3.6903359844713712;0.8114143797257863;0.18858562027421366
1731803332.7103791;/app/bags/user95_2017-02-24.bag;0.834065854549408;0.0;0.9619645476341248;0.0;3.6903359844713712;0.8114143797257863;0.18858562027421366
1731803332.9104588;/app/bags/user95_2017-02-24.bag;0.834065854549408;0.0;0.9619645476341248;0.0;3.6903359844713712;0.8114143797257863;0.18858562027421366
1731803333.1104448;/app/bags/user95_2017-02-24.bag;0.834065854549408;0.0;0.9619645476341248;0.0;3.6903359844713712;0.8114143797257863;0.18858562027421366
1731803333.3104632;/app/bags/user95_2017-02-24.bag;0.834065854549408;0.0;0.9619645476341248;0.0;3.6903359844713712;0.8114143797257863;0.18858562027421366
1731803333.51038;/app/bags/user95_2017-02-24.bag;0.834065854549408;0.0;0.9619645476341248;0.0;3.6903359844713712;0.8114143797257863;0.18858562027421366
1731803333.7104294;/app/bags/user95_2017-02-24.bag;0.834065854549408;0.0;0.9619645476341248;0.0;3.6903359844713712;0.8114143797257863;0.18858562027421366
1731803333.9104698;/app/bags/user95_2017-02-24.bag;0.834065854549408;0.0;0.9619645476341248;0.0;3.6903359844713712;0.8114143797257863;0.18858562027421366
1731803334.1103647;/app/bags/user95_2017-02-24.bag;0.834065854549408;0.0;0.9619645476341248;0.0;3.6903359844713712;0.8114143797257863;0.18858562027421366
1731803334.31039;/app/bags/user95_2017-02-24.bag;0.834065854549408;0.0;0.9619645476341248;0.0;3.6903359844713712;0.8114143797257863;0.18858562027421366
1731803334.510488;/app/bags/user95_2017-02-24.bag;0.834065854549408;0.0;0.9619645476341248;0.0;3.6903359844713712;0.8114143797257863;0.18858562027421366
1731803334.7103848;/app/bags/user95_2017-02-24.bag;0.834065854549408;0.0;0.9619645476341248;0.0;3.6903359844713712;0.8114143797257863;0.18858562027421366
1731803334.9104404;/app/bags/user95_2017-02-24.bag;0.834065854549408;0.0;0.9619645476341248;0.0;3.6903359844713712;0.8114143797257863;0.18858562027421366
1731803335.1104126;/app/bags/user95_2017-02-24.bag;0.834065854549408;0.0;0.9619645476341248;0.0;3.6903359844713712;0.8114143797257863;0.18858562027421366
1731803335.3104107;/app/bags/user95_2017-02-24.bag;0.834065854549408;0.0;0.9619645476341248;0.0;3.6903359844713712;0.8114143797257863;0.18858562027421366
1731803335.5103567;/app/bags/user95_2017-02-24.bag;0.834065854549408;0.0;0.9619645476341248;0.0;3.6903359844713712;0.8114143797257863;0.18858562027421366
1731803335.7104328;/app/bags/user95_2017-02-24.bag;0.834065854549408;0.0;0.9619645476341248;0.0;3.6903359844713712;0.8114143797257863;0.18858562027421366
1731803335.9104066;/app/bags/user95_2017-02-24.bag;0.834065854549408;0.0;0.9619645476341248;0.0;3.6903359844713712;0.8114143797257863;0.18858562027421366
1731803336.1107242;/app/bags/user95_2017-02-24.bag;0.834065854549408;0.0;0.9619645476341248;0.0;3.6903359844713712;0.8114143797257863;0.18858562027421366
1731803336.310382;/app/bags/user95_2017-02-24.bag;0.834065854549408;0.0;0.9619645476341248;0.0;3.6903359844713712;0.8114143797257863;0.18858562027421366
1731803336.5103936;/app/bags/user95_2017-02-24.bag;0.834065854549408;0.0;0.9619645476341248;0.0;3.6903359844713712;0.8114143797257863;0.18858562027421366
1731803336.7104332;/app/bags/user95_2017-02-24.bag;0.834065854549408;0.0;0.9619645476341248;0.0;3.6903359844713712;0.8114143797257863;0.18858562027421366
1731803336.9104364;/app/bags/user95_2017-02-24.bag;0.834065854549408;0.0;0.9619645476341248;0.0;3.6903359844713712;0.8114143797257863;0.18858562027421366
1731803337.1104095;/app/bags/user95_2017-02-24.bag;0.834065854549408;0.0;0.9619645476341248;0.0;3.6903359844713712;0.8114143797257863;0.18858562027421366
1731803337.3103964;/app/bags/user95_2017-02-24.bag;0.834065854549408;0.0;0.9619645476341248;0.0;3.6903359844713712;0.8114143797257863;0.18858562027421366
1731803337.5104098;/app/bags/user95_2017-02-24.bag;0.834065854549408;0.0;0.9619645476341248;0.0;3.6903359844713712;0.8114143797257863;0.18858562027421366
1731803337.71039;/app/bags/user95_2017-02-24.bag;0.834065854549408;0.0;0.9619645476341248;0.0;3.6903359844713712;0.8114143797257863;0.18858562027421366
1731803337.910387;/app/bags/user95_2017-02-24.bag;0.834065854549408;0.0;0.9619645476341248;0.0;3.6903359844713712;0.8114143797257863;0.18858562027421366
1731803338.1105103;/app/bags/user95_2017-02-24.bag;0.834065854549408;0.0;0.9619645476341248;0.0;3.6903359844713712;0.8114143797257863;0.18858562027421366
1731803338.3104517;/app/bags/user95_2017-02-24.bag;0.834065854549408;0.0;0.9619645476341248;0.0;3.6903359844713712;0.8114143797257863;0.18858562027421366
1731803338.5104208;/app/bags/user95_2017-02-24.bag;0.834065854549408;0.0;0.9619645476341248;0.0;3.6903359844713712;0.8114143797257863;0.18858562027421366
1731803338.7103763;/app/bags/user95_2017-02-24.bag;0.834065854549408;0.0;0.9619645476341248;0.0;3.6903359844713712;0.8114143797257863;0.18858562027421366
1731803338.910386;/app/bags/user95_2017-02-24.bag;0.834065854549408;0.0;0.9619645476341248;0.0;3.6903359844713712;0.8114143797257863;0.18858562027421366
1731803339.1103868;/app/bags/user95_2017-02-24.bag;0.834065854549408;0.0;0.9619645476341248;0.0;3.6903359844713712;0.8114143797257863;0.18858562027421366
1731803339.3104286;/app/bags/user95_2017-02-24.bag;0.834065854549408;0.0;0.9619645476341248;0.0;3.6903359844713712;0.8114143797257863;0.18858562027421366
1731803339.5103939;/app/bags/user95_2017-02-24.bag;0.834065854549408;0.0;0.9619645476341248;0.0;3.6903359844713712;0.8114143797257863;0.18858562027421366
1731803339.7104013;/app/bags/user95_2017-02-24.bag;0.834065854549408;0.0;0.9619645476341248;0.0;3.6903359844713712;0.8114143797257863;0.18858562027421366
1731803339.9104195;/app/bags/user95_2017-02-24.bag;0.834065854549408;0.0;0.9619645476341248;0.0;3.6903359844713712;0.8114143797257863;0.18858562027421366
1731803340.1103706;/app/bags/user95_2017-02-24.bag;0.834065854549408;0.0;0.9619645476341248;0.0;3.6903359844713712;0.8114143797257863;0.18858562027421366
1731803340.3103971;/app/bags/user95_2017-02-24.bag;0.834065854549408;0.0;0.9619645476341248;0.0;3.6903359844713712;0.8114143797257863;0.18858562027421366
1731803340.5103717;/app/bags/user95_2017-02-24.bag;0.834065854549408;0.0;0.9619645476341248;0.0;3.6903359844713712;0.8114143797257863;0.18858562027421366
1731803340.7103863;/app/bags/user95_2017-02-24.bag;0.834065854549408;0.0;0.9619645476341248;0.0;3.6903359844713712;0.8114143797257863;0.18858562027421366
1731803340.9104164;/app/bags/user95_2017-02-24.bag;0.834065854549408;0.0;0.9619645476341248;0.0;3.6903359844713712;0.8114143797257863;0.18858562027421366
1731803341.1103895;/app/bags/user95_2017-02-24.bag;0.834065854549408;0.0;0.9619645476341248;0.0;3.6903359844713712;0.8114143797257863;0.18858562027421366
1731803341.3104033;/app/bags/user95_2017-02-24.bag;0.834065854549408;0.0;0.9619645476341248;0.0;3.6903359844713712;0.8114143797257863;0.18858562027421366
1731803341.5104709;/app/bags/user95_2017-02-24.bag;0.834065854549408;0.0;0.9619645476341248;0.0;3.6903359844713712;0.8114143797257863;0.18858562027421366
1731803341.7105076;/app/bags/user95_2017-02-24.bag;0.834065854549408;0.0;0.9619645476341248;0.0;3.6903359844713712;0.8114143797257863;0.18858562027421366
1731803341.9103904;/app/bags/user95_2017-02-24.bag;0.834065854549408;0.0;0.9619645476341248;0.0;3.6903359844713712;0.8114143797257863;0.18858562027421366
1731803342.110392;/app/bags/user95_2017-02-24.bag;0.834065854549408;0.0;0.9619645476341248;0.0;3.6903359844713712;0.8114143797257863;0.18858562027421366
1731803342.3104568;/app/bags/user95_2017-02-24.bag;0.834065854549408;0.0;0.9619645476341248;0.0;3.6903359844713712;0.8114143797257863;0.18858562027421366
1731803342.5103846;/app/bags/user95_2017-02-24.bag;0.834065854549408;0.0;0.9619645476341248;0.0;3.6903359844713712;0.8114143797257863;0.18858562027421366
1731803342.710415;/app/bags/user95_2017-02-24.bag;0.834065854549408;0.0;0.9619645476341248;0.0;3.6903359844713712;0.8114143797257863;0.18858562027421366
1731803342.9103982;/app/bags/user95_2017-02-24.bag;0.834065854549408;0.0;0.9619645476341248;0.0;3.6903359844713712;0.8114143797257863;0.18858562027421366
1731803343.1104646;/app/bags/user95_2017-02-24.bag;0.834065854549408;0.0;0.9619645476341248;0.0;3.6903359844713712;0.8114143797257863;0.18858562027421366
1731803343.3103926;/app/bags/user95_2017-02-24.bag;0.834065854549408;0.0;0.9619645476341248;0.0;3.6903359844713712;0.8114143797257863;0.18858562027421366
1731803343.510398;/app/bags/user95_2017-02-24.bag;0.834065854549408;0.0;0.9619645476341248;0.0;3.6903359844713712;0.8114143797257863;0.18858562027421366
1731803343.7104156;/app/bags/user95_2017-02-24.bag;0.834065854549408;0.0;0.9619645476341248;0.0;3.6903359844713712;0.8114143797257863;0.18858562027421366
1731803343.910389;/app/bags/user95_2017-02-24.bag;0.834065854549408;0.0;0.9619645476341248;0.0;3.6903359844713712;0.8114143797257863;0.18858562027421366
1731803344.1103706;/app/bags/user95_2017-02-24.bag;0.834065854549408;0.0;0.9619645476341248;0.0;3.6903359844713712;0.8114143797257863;0.18858562027421366
1731803344.3103962;/app/bags/user95_2017-02-24.bag;0.834065854549408;0.0;0.9619645476341248;0.0;3.6903359844713712;0.8114143797257863;0.18858562027421366
1731803344.5104043;/app/bags/user95_2017-02-24.bag;0.834065854549408;0.0;0.9619645476341248;0.0;3.6903359844713712;0.8114143797257863;0.18858562027421366
1731803344.7104285;/app/bags/user95_2017-02-24.bag;0.834065854549408;0.0;0.9619645476341248;0.0;3.6903359844713712;0.8114143797257863;0.18858562027421366
1731803344.9103813;/app/bags/user95_2017-02-24.bag;0.834065854549408;0.0;0.9619645476341248;0.0;3.6903359844713712;0.8114143797257863;0.18858562027421366
1731803345.110378;/app/bags/user95_2017-02-24.bag;0.834065854549408;0.0;0.9619645476341248;0.0;3.6903359844713712;0.8114143797257863;0.18858562027421366
1731803345.3103883;/app/bags/user95_2017-02-24.bag;0.834065854549408;0.0;0.9619645476341248;0.0;3.6903359844713712;0.8114143797257863;0.18858562027421366
1731803345.510398;/app/bags/user95_2017-02-24.bag;0.834065854549408;0.0;0.9619645476341248;0.0;3.6903359844713712;0.8114143797257863;0.18858562027421366
1731803345.710437;/app/bags/user95_2017-02-24.bag;0.834065854549408;0.0;0.9619645476341248;0.0;3.6903359844713712;0.8114143797257863;0.18858562027421366
1731803345.9104786;/app/bags/user95_2017-02-24.bag;0.834065854549408;0.0;0.9619645476341248;0.0;3.6903359844713712;0.8114143797257863;0.18858562027421366
1731803346.110424;/app/bags/user95_2017-02-24.bag;0.834065854549408;0.0;0.9619645476341248;0.0;3.6903359844713712;0.8114143797257863;0.18858562027421366
1731803346.310396;/app/bags/user95_2017-02-24.bag;0.834065854549408;0.0;0.9619645476341248;0.0;3.6903359844713712;0.8114143797257863;0.18858562027421366
1731803346.510373;/app/bags/user95_2017-02-24.bag;0.834065854549408;0.0;0.9619645476341248;0.0;3.6903359844713712;0.8114143797257863;0.18858562027421366
1731803346.7104115;/app/bags/user95_2017-02-24.bag;0.834065854549408;0.0;0.9619645476341248;0.0;3.6903359844713712;0.8114143797257863;0.18858562027421366
1731803346.9103994;/app/bags/user95_2017-02-24.bag;0.834065854549408;0.0;0.9619645476341248;0.0;3.6903359844713712;0.8114143797257863;0.18858562027421366
1731803347.1104658;/app/bags/user95_2017-02-24.bag;0.834065854549408;0.0;0.9619645476341248;0.0;3.6903359844713712;0.8114143797257863;0.18858562027421366
1731803347.310391;/app/bags/user95_2017-02-24.bag;0.834065854549408;0.0;0.9619645476341248;0.0;3.6903359844713712;0.8114143797257863;0.18858562027421366
1731803347.5103872;/app/bags/user95_2017-02-24.bag;0.834065854549408;0.0;0.9619645476341248;0.0;3.6903359844713712;0.8114143797257863;0.18858562027421366
1731803347.7103674;/app/bags/user95_2017-02-24.bag;0.834065854549408;0.0;0.9619645476341248;0.0;3.6903359844713712;0.8114143797257863;0.18858562027421366
1731803347.9104517;/app/bags/user95_2017-02-24.bag;0.834065854549408;0.0;0.9619645476341248;0.0;3.6903359844713712;0.8114143797257863;0.18858562027421366
1731803348.1103902;/app/bags/user95_2017-02-24.bag;0.834065854549408;0.0;0.9619645476341248;0.0;3.6903359844713712;0.8114143797257863;0.18858562027421366
1731803348.3104167;/app/bags/user95_2017-02-24.bag;0.834065854549408;0.0;0.9619645476341248;0.0;3.6903359844713712;0.8114143797257863;0.18858562027421366
1731803348.5104427;/app/bags/user95_2017-02-24.bag;0.834065854549408;0.0;0.9619645476341248;0.0;3.6903359844713712;0.8114143797257863;0.18858562027421366
1731803348.7103884;/app/bags/user95_2017-02-24.bag;0.834065854549408;0.0;0.9619645476341248;0.0;3.6903359844713712;0.8114143797257863;0.18858562027421366
1731803348.9104512;/app/bags/user95_2017-02-24.bag;0.834065854549408;0.0;0.9619645476341248;0.0;3.6903359844713712;0.8114143797257863;0.18858562027421366
1731803349.1104639;/app/bags/user95_2017-02-24.bag;0.834065854549408;0.0;0.9619645476341248;0.0;3.6903359844713712;0.8114143797257863;0.18858562027421366
1731803349.3104377;/app/bags/user95_2017-02-24.bag;0.834065854549408;0.0;0.9619645476341248;0.0;3.6903359844713712;0.8114143797257863;0.18858562027421366
1731803349.510368;/app/bags/user95_2017-02-24.bag;0.834065854549408;0.0;0.9619645476341248;0.0;3.6903359844713712;0.8114143797257863;0.18858562027421366
1731803349.710386;/app/bags/user95_2017-02-24.bag;0.834065854549408;0.0;0.9619645476341248;0.0;3.6903359844713712;0.8114143797257863;0.18858562027421366
1731803349.9103904;/app/bags/user95_2017-02-24.bag;0.834065854549408;0.0;0.9619645476341248;0.0;3.6903359844713712;0.8114143797257863;0.18858562027421366
1731803350.1103582;/app/bags/user95_2017-02-24.bag;0.834065854549408;0.0;0.9619645476341248;0.0;3.6903359844713712;0.8114143797257863;0.18858562027421366
1731803350.310412;/app/bags/user95_2017-02-24.bag;0.834065854549408;0.0;0.9619645476341248;0.0;3.6903359844713712;0.8114143797257863;0.18858562027421366
1731803350.5104182;/app/bags/user95_2017-02-24.bag;0.834065854549408;0.0;0.9619645476341248;0.0;3.6903359844713712;0.8114143797257863;0.18858562027421366
1731803350.7103841;/app/bags/user95_2017-02-24.bag;0.834065854549408;0.0;0.9619645476341248;0.0;3.6903359844713712;0.8114143797257863;0.18858562027421366
1731803350.9104605;/app/bags/user95_2017-02-24.bag;0.834065854549408;0.0;0.9619645476341248;0.0;3.6903359844713712;0.8114143797257863;0.18858562027421366
1731803351.1104257;/app/bags/user95_2017-02-24.bag;0.834065854549408;0.0;0.9619645476341248;0.0;3.6903359844713712;0.8114143797257863;0.18858562027421366
1731803351.310422;/app/bags/user95_2017-02-24.bag;0.834065854549408;0.0;0.9619645476341248;0.0;3.6903359844713712;0.8114143797257863;0.18858562027421366
1731803351.5105026;/app/bags/user95_2017-02-24.bag;0.834065854549408;0.0;0.9619645476341248;0.0;3.6903359844713712;0.8114143797257863;0.18858562027421366
1731803351.7104123;/app/bags/user95_2017-02-24.bag;0.834065854549408;0.0;0.9619645476341248;0.0;3.6903359844713712;0.8114143797257863;0.18858562027421366
1731803351.9104302;/app/bags/user95_2017-02-24.bag;0.834065854549408;0.0;0.9619645476341248;0.0;3.6903359844713712;0.8114143797257863;0.18858562027421366
1731803352.1103928;/app/bags/user95_2017-02-24.bag;0.834065854549408;0.0;0.9619645476341248;0.0;3.6903359844713712;0.8114143797257863;0.18858562027421366
1731803352.3103905;/app/bags/user95_2017-02-24.bag;0.834065854549408;0.0;0.9619645476341248;0.0;3.6903359844713712;0.8114143797257863;0.18858562027421366
1731803352.5104184;/app/bags/user95_2017-02-24.bag;0.834065854549408;0.0;0.9619645476341248;0.0;3.6903359844713712;0.8114143797257863;0.18858562027421366
1731803352.7103803;/app/bags/user95_2017-02-24.bag;0.834065854549408;0.0;0.9619645476341248;0.0;3.6903359844713712;0.8114143797257863;0.18858562027421366
1731803352.9104075;/app/bags/user95_2017-02-24.bag;0.834065854549408;0.0;0.9619645476341248;0.0;3.6903359844713712;0.8114143797257863;0.18858562027421366
1731803353.1104496;/app/bags/user95_2017-02-24.bag;0.834065854549408;0.0;0.9619645476341248;0.0;3.6903359844713712;0.8114143797257863;0.18858562027421366
1731803353.3103786;/app/bags/user95_2017-02-24.bag;0.834065854549408;0.0;0.9619645476341248;0.0;3.6903359844713712;0.8114143797257863;0.18858562027421366
1731803353.5104613;/app/bags/user95_2017-02-24.bag;0.834065854549408;0.0;0.9619645476341248;0.0;3.6903359844713712;0.8114143797257863;0.18858562027421366
1731803353.710436;/app/bags/user95_2017-02-24.bag;0.834065854549408;0.0;0.9619645476341248;0.0;3.6903359844713712;0.8114143797257863;0.18858562027421366
1731803353.9104092;/app/bags/user95_2017-02-24.bag;0.834065854549408;0.0;0.9619645476341248;0.0;3.6903359844713712;0.8114143797257863;0.18858562027421366
1731803354.1103542;/app/bags/user95_2017-02-24.bag;0.834065854549408;0.0;0.9619645476341248;0.0;3.6903359844713712;0.8114143797257863;0.18858562027421366
1731803354.3104002;/app/bags/user95_2017-02-24.bag;0.834065854549408;0.0;0.9619645476341248;0.0;3.6903359844713712;0.8114143797257863;0.18858562027421366
1731803354.5103762;/app/bags/user95_2017-02-24.bag;0.834065854549408;0.0;0.9619645476341248;0.0;3.6903359844713712;0.8114143797257863;0.18858562027421366
1731803354.710426;/app/bags/user95_2017-02-24.bag;0.834065854549408;0.0;0.9619645476341248;0.0;3.6903359844713712;0.8114143797257863;0.18858562027421366
1731803354.9103982;/app/bags/user95_2017-02-24.bag;0.834065854549408;0.0;0.9619645476341248;0.0;3.6903359844713712;0.8114143797257863;0.18858562027421366
1731803355.1104841;/app/bags/user95_2017-02-24.bag;0.834065854549408;0.0;0.9619645476341248;0.0;3.6903359844713712;0.8114143797257863;0.18858562027421366
1731803355.3103766;/app/bags/user95_2017-02-24.bag;0.834065854549408;0.0;0.9619645476341248;0.0;3.6903359844713712;0.8114143797257863;0.18858562027421366
1731803355.5105784;/app/bags/user95_2017-02-24.bag;0.834065854549408;0.0;0.9619645476341248;0.0;3.6903359844713712;0.8114143797257863;0.18858562027421366
1731803355.7104561;/app/bags/user95_2017-02-24.bag;0.834065854549408;0.0;0.9619645476341248;0.0;3.6903359844713712;0.8114143797257863;0.18858562027421366
1731803355.9103634;/app/bags/user95_2017-02-24.bag;0.834065854549408;0.0;0.9619645476341248;0.0;3.6903359844713712;0.8114143797257863;0.18858562027421366
1731803356.1104531;/app/bags/user95_2017-02-24.bag;0.834065854549408;0.0;0.9619645476341248;0.0;3.6903359844713712;0.8114143797257863;0.18858562027421366
1731803356.31041;/app/bags/user95_2017-02-24.bag;0.834065854549408;0.0;0.9619645476341248;0.0;3.6903359844713712;0.8114143797257863;0.18858562027421366
1731803356.510416;/app/bags/user95_2017-02-24.bag;0.834065854549408;0.0;0.9619645476341248;0.0;3.6903359844713712;0.8114143797257863;0.18858562027421366
1731803356.7104611;/app/bags/user95_2017-02-24.bag;0.834065854549408;0.0;0.9619645476341248;0.0;3.6903359844713712;0.8114143797257863;0.18858562027421366
1731803356.910419;/app/bags/user95_2017-02-24.bag;0.834065854549408;0.0;0.9619645476341248;0.0;3.6903359844713712;0.8114143797257863;0.18858562027421366
1731803357.110413;/app/bags/user95_2017-02-24.bag;0.834065854549408;0.0;0.9619645476341248;0.0;3.6903359844713712;0.8114143797257863;0.18858562027421366
1731803357.3103924;/app/bags/user95_2017-02-24.bag;0.834065854549408;0.0;0.9619645476341248;0.0;3.6903359844713712;0.8114143797257863;0.18858562027421366
1731803357.5103786;/app/bags/user95_2017-02-24.bag;0.834065854549408;0.0;0.9619645476341248;0.0;3.6903359844713712;0.8114143797257863;0.18858562027421366
1731803357.7104778;/app/bags/user95_2017-02-24.bag;0.834065854549408;0.0;0.9619645476341248;0.0;3.6903359844713712;0.8114143797257863;0.18858562027421366
1731803357.9103715;/app/bags/user95_2017-02-24.bag;0.834065854549408;0.0;0.9619645476341248;0.0;3.6903359844713712;0.8114143797257863;0.18858562027421366
1731803358.1104143;/app/bags/user95_2017-02-24.bag;0.834065854549408;0.0;0.9619645476341248;0.0;3.6903359844713712;0.8114143797257863;0.18858562027421366
1731803358.3103933;/app/bags/user95_2017-02-24.bag;0.834065854549408;0.0;0.9619645476341248;0.0;3.6903359844713712;0.8114143797257863;0.18858562027421366
1731803358.5104127;/app/bags/user95_2017-02-24.bag;0.834065854549408;0.0;0.9619645476341248;0.0;3.6903359844713712;0.8114143797257863;0.18858562027421366
1731803358.7104342;/app/bags/user95_2017-02-24.bag;0.834065854549408;0.0;0.9619645476341248;0.0;3.6903359844713712;0.8114143797257863;0.18858562027421366
1731803358.9103875;/app/bags/user95_2017-02-24.bag;0.834065854549408;0.0;0.9619645476341248;0.0;3.6903359844713712;0.8114143797257863;0.18858562027421366
1731803359.1103988;/app/bags/user95_2017-02-24.bag;0.834065854549408;0.0;0.9619645476341248;0.0;3.6903359844713712;0.8114143797257863;0.18858562027421366
1731803359.3104675;/app/bags/user95_2017-02-24.bag;0.834065854549408;0.0;0.9619645476341248;0.0;3.6903359844713712;0.8114143797257863;0.18858562027421366
1731803359.5104542;/app/bags/user95_2017-02-24.bag;0.834065854549408;0.0;0.9619645476341248;0.0;3.6903359844713712;0.8114143797257863;0.18858562027421366
1731803359.7103992;/app/bags/user95_2017-02-24.bag;0.834065854549408;0.0;0.9619645476341248;0.0;3.6903359844713712;0.8114143797257863;0.18858562027421366
1731803359.910421;/app/bags/user95_2017-02-24.bag;0.834065854549408;0.0;0.9619645476341248;0.0;3.6903359844713712;0.8114143797257863;0.18858562027421366
1731803360.1104035;/app/bags/user95_2017-02-24.bag;0.834065854549408;0.0;0.9619645476341248;0.0;3.6903359844713712;0.8114143797257863;0.18858562027421366
1731803360.3103778;/app/bags/user95_2017-02-24.bag;0.834065854549408;0.0;0.9619645476341248;0.0;3.6903359844713712;0.8114143797257863;0.18858562027421366
1731803360.510429;/app/bags/user95_2017-02-24.bag;0.834065854549408;0.0;0.9619645476341248;0.0;3.6903359844713712;0.8114143797257863;0.18858562027421366
1731803360.7103982;/app/bags/user95_2017-02-24.bag;0.834065854549408;0.0;0.9619645476341248;0.0;3.6903359844713712;0.8114143797257863;0.18858562027421366
1731803360.910382;/app/bags/user95_2017-02-24.bag;0.834065854549408;0.0;0.9619645476341248;0.0;3.6903359844713712;0.8114143797257863;0.18858562027421366
1731803361.110338;/app/bags/user95_2017-02-24.bag;0.834065854549408;0.0;0.9619645476341248;0.0;3.6903359844713712;0.8114143797257863;0.18858562027421366
1731803361.3104756;/app/bags/user95_2017-02-24.bag;0.834065854549408;0.0;0.9619645476341248;0.0;3.6903359844713712;0.8114143797257863;0.18858562027421366
1731803361.5104015;/app/bags/user95_2017-02-24.bag;0.834065854549408;0.0;0.9619645476341248;0.0;3.6903359844713712;0.8114143797257863;0.18858562027421366
1731803361.7104306;/app/bags/user95_2017-02-24.bag;0.834065854549408;0.0;0.9619645476341248;0.0;3.6903359844713712;0.8114143797257863;0.18858562027421366
1731803361.9103768;/app/bags/user95_2017-02-24.bag;0.834065854549408;0.0;0.9619645476341248;0.0;3.6903359844713712;0.8114143797257863;0.18858562027421366
1731803362.1103919;/app/bags/user95_2017-02-24.bag;0.834065854549408;0.0;0.9619645476341248;0.0;3.6903359844713712;0.8114143797257863;0.18858562027421366
1731803362.3104398;/app/bags/user95_2017-02-24.bag;0.834065854549408;0.0;0.9619645476341248;0.0;3.6903359844713712;0.8114143797257863;0.18858562027421366
1731803362.5103848;/app/bags/user95_2017-02-24.bag;0.834065854549408;0.0;0.9619645476341248;0.0;3.6903359844713712;0.8114143797257863;0.18858562027421366
1731803362.7104044;/app/bags/user95_2017-02-24.bag;0.834065854549408;0.0;0.9619645476341248;0.0;3.6903359844713712;0.8114143797257863;0.18858562027421366
1731803362.9103682;/app/bags/user95_2017-02-24.bag;0.834065854549408;0.0;0.9619645476341248;0.0;3.6903359844713712;0.8114143797257863;0.18858562027421366
1731803363.1103876;/app/bags/user95_2017-02-24.bag;0.834065854549408;0.0;0.9619645476341248;0.0;3.6903359844713712;0.8114143797257863;0.18858562027421366
1731803363.310403;/app/bags/user95_2017-02-24.bag;0.834065854549408;0.0;0.9619645476341248;0.0;3.6903359844713712;0.8114143797257863;0.18858562027421366
1731803363.510409;/app/bags/user95_2017-02-24.bag;0.834065854549408;0.0;0.9619645476341248;0.0;3.6903359844713712;0.8114143797257863;0.18858562027421366
1731803363.7103913;/app/bags/user95_2017-02-24.bag;0.834065854549408;0.0;0.9619645476341248;0.0;3.6903359844713712;0.8114143797257863;0.18858562027421366
1731803363.910391;/app/bags/user95_2017-02-24.bag;0.834065854549408;0.0;0.9619645476341248;0.0;3.6903359844713712;0.8114143797257863;0.18858562027421366
1731803364.110414;/app/bags/user95_2017-02-24.bag;0.834065854549408;0.0;0.9619645476341248;0.0;3.6903359844713712;0.8114143797257863;0.18858562027421366
1731803364.3104568;/app/bags/user95_2017-02-24.bag;0.834065854549408;0.0;0.9619645476341248;0.0;3.6903359844713712;0.8114143797257863;0.18858562027421366
1731803364.5104053;/app/bags/user95_2017-02-24.bag;0.834065854549408;0.0;0.9619645476341248;0.0;3.6903359844713712;0.8114143797257863;0.18858562027421366
1731803364.7104053;/app/bags/user95_2017-02-24.bag;0.834065854549408;0.0;0.9619645476341248;0.0;3.6903359844713712;0.8114143797257863;0.18858562027421366
1731803364.9103878;/app/bags/user95_2017-02-24.bag;0.834065854549408;0.0;0.9619645476341248;0.0;3.6903359844713712;0.8114143797257863;0.18858562027421366
1731803365.1104155;/app/bags/user95_2017-02-24.bag;0.834065854549408;0.0;0.9619645476341248;0.0;3.6903359844713712;0.8114143797257863;0.18858562027421366
1731803365.3103807;/app/bags/user95_2017-02-24.bag;0.834065854549408;0.0;0.9619645476341248;0.0;3.6903359844713712;0.8114143797257863;0.18858562027421366
1731803365.510374;/app/bags/user95_2017-02-24.bag;0.834065854549408;0.0;0.9619645476341248;0.0;3.6903359844713712;0.8114143797257863;0.18858562027421366
1731803365.7103996;/app/bags/user95_2017-02-24.bag;0.834065854549408;0.0;0.9619645476341248;0.0;3.6903359844713712;0.8114143797257863;0.18858562027421366
1731803365.910468;/app/bags/user95_2017-02-24.bag;0.834065854549408;0.0;0.9619645476341248;0.0;3.6903359844713712;0.8114143797257863;0.18858562027421366
1731803366.110428;/app/bags/user95_2017-02-24.bag;0.834065854549408;0.0;0.9619645476341248;0.0;3.6903359844713712;0.8114143797257863;0.18858562027421366
1731803366.310588;/app/bags/user95_2017-02-24.bag;0.834065854549408;0.0;0.9619645476341248;0.0;3.6903359844713712;0.8114143797257863;0.18858562027421366
1731803366.5105052;/app/bags/user95_2017-02-24.bag;0.834065854549408;0.0;0.9619645476341248;0.0;3.6903359844713712;0.8114143797257863;0.18858562027421366
1731803366.7103872;/app/bags/user95_2017-02-24.bag;0.834065854549408;0.0;0.9619645476341248;0.0;3.6903359844713712;0.8114143797257863;0.18858562027421366
1731803366.9103756;/app/bags/user95_2017-02-24.bag;0.834065854549408;0.0;0.9619645476341248;0.0;3.6903359844713712;0.8114143797257863;0.18858562027421366
1731803367.1104338;/app/bags/user95_2017-02-24.bag;0.834065854549408;0.0;0.9619645476341248;0.0;3.6903359844713712;0.8114143797257863;0.18858562027421366
1731803367.3103979;/app/bags/user95_2017-02-24.bag;0.834065854549408;0.0;0.9619645476341248;0.0;3.6903359844713712;0.8114143797257863;0.18858562027421366
1731803367.5103805;/app/bags/user95_2017-02-24.bag;0.834065854549408;0.0;0.9619645476341248;0.0;3.6903359844713712;0.8114143797257863;0.18858562027421366
1731803367.7103655;/app/bags/user95_2017-02-24.bag;0.834065854549408;0.0;0.9619645476341248;0.0;3.6903359844713712;0.8114143797257863;0.18858562027421366
1731803367.9103634;/app/bags/user95_2017-02-24.bag;0.834065854549408;0.0;0.9619645476341248;0.0;3.6903359844713712;0.8114143797257863;0.18858562027421366
1731803368.1104178;/app/bags/user95_2017-02-24.bag;0.834065854549408;0.0;0.9619645476341248;0.0;3.6903359844713712;0.8114143797257863;0.18858562027421366
1731803368.3103933;/app/bags/user95_2017-02-24.bag;0.834065854549408;0.0;0.9619645476341248;0.0;3.6903359844713712;0.8114143797257863;0.18858562027421366
1731803368.5104225;/app/bags/user95_2017-02-24.bag;0.834065854549408;0.0;0.9619645476341248;0.0;3.6903359844713712;0.8114143797257863;0.18858562027421366
1731803368.710394;/app/bags/user95_2017-02-24.bag;0.834065854549408;0.0;0.9619645476341248;0.0;3.6903359844713712;0.8114143797257863;0.18858562027421366
1731803368.9104426;/app/bags/user95_2017-02-24.bag;0.834065854549408;0.0;0.9619645476341248;0.0;3.6903359844713712;0.8114143797257863;0.18858562027421366
1731803369.1104445;/app/bags/user95_2017-02-24.bag;0.834065854549408;0.0;0.9619645476341248;0.0;3.6903359844713712;0.8114143797257863;0.18858562027421366
1731803369.3103666;/app/bags/user95_2017-02-24.bag;0.834065854549408;0.0;0.9619645476341248;0.0;3.6903359844713712;0.8114143797257863;0.18858562027421366
1731803369.5103843;/app/bags/user95_2017-02-24.bag;0.834065854549408;0.0;0.9619645476341248;0.0;3.6903359844713712;0.8114143797257863;0.18858562027421366
1731803369.7104106;/app/bags/user95_2017-02-24.bag;0.834065854549408;0.0;0.9619645476341248;0.0;3.6903359844713712;0.8114143797257863;0.18858562027421366
1731803369.9104643;/app/bags/user95_2017-02-24.bag;0.834065854549408;0.0;0.9619645476341248;0.0;3.6903359844713712;0.8114143797257863;0.18858562027421366
1731803370.110409;/app/bags/user95_2017-02-24.bag;0.834065854549408;0.0;0.9619645476341248;0.0;3.6903359844713712;0.8114143797257863;0.18858562027421366
1731803370.310436;/app/bags/user95_2017-02-24.bag;0.834065854549408;0.0;0.9619645476341248;0.0;3.6903359844713712;0.8114143797257863;0.18858562027421366
1731803370.5103965;/app/bags/user95_2017-02-24.bag;0.834065854549408;0.0;0.9619645476341248;0.0;3.6903359844713712;0.8114143797257863;0.18858562027421366
1731803370.710426;/app/bags/user95_2017-02-24.bag;0.834065854549408;0.0;0.9619645476341248;0.0;3.6903359844713712;0.8114143797257863;0.18858562027421366
1731803370.910386;/app/bags/user95_2017-02-24.bag;0.834065854549408;0.0;0.9619645476341248;0.0;3.6903359844713712;0.8114143797257863;0.18858562027421366
1731803371.1103897;/app/bags/user95_2017-02-24.bag;0.834065854549408;0.0;0.9619645476341248;0.0;3.6903359844713712;0.8114143797257863;0.18858562027421366
1731803371.3104353;/app/bags/user95_2017-02-24.bag;0.834065854549408;0.0;0.9619645476341248;0.0;3.6903359844713712;0.8114143797257863;0.18858562027421366
1731803371.5104063;/app/bags/user95_2017-02-24.bag;0.834065854549408;0.0;0.9619645476341248;0.0;3.6903359844713712;0.8114143797257863;0.18858562027421366
1731803371.7104394;/app/bags/user95_2017-02-24.bag;0.834065854549408;0.0;0.9619645476341248;0.0;3.6903359844713712;0.8114143797257863;0.18858562027421366
1731803371.9104276;/app/bags/user95_2017-02-24.bag;0.834065854549408;0.0;0.9619645476341248;0.0;3.6903359844713712;0.8114143797257863;0.18858562027421366
1731803372.110349;/app/bags/user95_2017-02-24.bag;0.834065854549408;0.0;0.9619645476341248;0.0;3.6903359844713712;0.8114143797257863;0.18858562027421366
1731803372.3104217;/app/bags/user95_2017-02-24.bag;0.834065854549408;0.0;0.9619645476341248;0.0;3.6903359844713712;0.8114143797257863;0.18858562027421366
1731803372.5103652;/app/bags/user95_2017-02-24.bag;0.834065854549408;0.0;0.9619645476341248;0.0;3.6903359844713712;0.8114143797257863;0.18858562027421366
1731803372.7104886;/app/bags/user95_2017-02-24.bag;0.834065854549408;0.0;0.9619645476341248;0.0;3.6903359844713712;0.8114143797257863;0.18858562027421366
1731803372.9104128;/app/bags/user95_2017-02-24.bag;0.834065854549408;0.0;0.9619645476341248;0.0;3.6903359844713712;0.8114143797257863;0.18858562027421366
1731803373.1103652;/app/bags/user95_2017-02-24.bag;0.834065854549408;0.0;0.9619645476341248;0.0;3.6903359844713712;0.8114143797257863;0.18858562027421366
1731803373.3103967;/app/bags/user95_2017-02-24.bag;0.834065854549408;0.0;0.9619645476341248;0.0;3.6903359844713712;0.8114143797257863;0.18858562027421366
1731803373.5103586;/app/bags/user95_2017-02-24.bag;0.834065854549408;0.0;0.9619645476341248;0.0;3.6903359844713712;0.8114143797257863;0.18858562027421366
1731803373.7104094;/app/bags/user95_2017-02-24.bag;0.834065854549408;0.0;0.9619645476341248;0.0;3.6903359844713712;0.8114143797257863;0.18858562027421366
1731803373.910395;/app/bags/user95_2017-02-24.bag;0.834065854549408;0.0;0.9619645476341248;0.0;3.6903359844713712;0.8114143797257863;0.18858562027421366
1731803374.1106117;/app/bags/user95_2017-02-24.bag;0.834065854549408;0.0;0.9619645476341248;0.0;3.6903359844713712;0.8114143797257863;0.18858562027421366
1731803374.3104982;/app/bags/user95_2017-02-24.bag;0.834065854549408;0.0;0.9619645476341248;0.0;3.6903359844713712;0.8114143797257863;0.18858562027421366
1731803374.5103924;/app/bags/user95_2017-02-24.bag;0.834065854549408;0.0;0.9619645476341248;0.0;3.6903359844713712;0.8114143797257863;0.18858562027421366
1731803374.7104106;/app/bags/user95_2017-02-24.bag;0.834065854549408;0.0;0.9619645476341248;0.0;3.6903359844713712;0.8114143797257863;0.18858562027421366
1731803374.910407;/app/bags/user95_2017-02-24.bag;0.834065854549408;0.0;0.9619645476341248;0.0;3.6903359844713712;0.8114143797257863;0.18858562027421366
1731803375.1105032;/app/bags/user95_2017-02-24.bag;0.834065854549408;0.0;0.9619645476341248;0.0;3.6903359844713712;0.8114143797257863;0.18858562027421366
1731803375.3104224;/app/bags/user95_2017-02-24.bag;0.834065854549408;0.0;0.9619645476341248;0.0;3.6903359844713712;0.8114143797257863;0.18858562027421366
1731803375.5104296;/app/bags/user95_2017-02-24.bag;0.834065854549408;0.0;0.9619645476341248;0.0;3.6903359844713712;0.8114143797257863;0.18858562027421366
1731803375.7104793;/app/bags/user95_2017-02-24.bag;0.834065854549408;0.0;0.9619645476341248;0.0;3.6903359844713712;0.8114143797257863;0.18858562027421366
1731803375.9104083;/app/bags/user95_2017-02-24.bag;0.834065854549408;0.0;0.9619645476341248;0.0;3.6903359844713712;0.8114143797257863;0.18858562027421366
1731803376.110416;/app/bags/user95_2017-02-24.bag;0.834065854549408;0.0;0.9619645476341248;0.0;3.6903359844713712;0.8114143797257863;0.18858562027421366
1731803376.310401;/app/bags/user95_2017-02-24.bag;0.834065854549408;0.0;0.9619645476341248;0.0;3.6903359844713712;0.8114143797257863;0.18858562027421366
1731803376.5103927;/app/bags/user95_2017-02-24.bag;0.834065854549408;0.0;0.9619645476341248;0.0;3.6903359844713712;0.8114143797257863;0.18858562027421366
1731803376.7103944;/app/bags/user95_2017-02-24.bag;0.834065854549408;0.0;0.9619645476341248;0.0;3.6903359844713712;0.8114143797257863;0.18858562027421366
1731803376.910355;/app/bags/user95_2017-02-24.bag;0.834065854549408;0.0;0.9619645476341248;0.0;3.6903359844713712;0.8114143797257863;0.18858562027421366
1731803377.110398;/app/bags/user95_2017-02-24.bag;0.834065854549408;0.0;0.9619645476341248;0.0;3.6903359844713712;0.8114143797257863;0.18858562027421366
1731803377.3104327;/app/bags/user95_2017-02-24.bag;0.834065854549408;0.0;0.9619645476341248;0.0;3.6903359844713712;0.8114143797257863;0.18858562027421366
1731803377.5104;/app/bags/user95_2017-02-24.bag;0.834065854549408;0.0;0.9619645476341248;0.0;3.6903359844713712;0.8114143797257863;0.18858562027421366
1731803377.7103658;/app/bags/user95_2017-02-24.bag;0.834065854549408;0.0;0.9619645476341248;0.0;3.6903359844713712;0.8114143797257863;0.18858562027421366
1731803377.9103546;/app/bags/user95_2017-02-24.bag;0.834065854549408;0.0;0.9619645476341248;0.0;3.6903359844713712;0.8114143797257863;0.18858562027421366
1731803378.1104739;/app/bags/user95_2017-02-24.bag;0.834065854549408;0.0;0.9619645476341248;0.0;3.6903359844713712;0.8114143797257863;0.18858562027421366
1731803378.3103893;/app/bags/user95_2017-02-24.bag;0.834065854549408;0.0;0.9619645476341248;0.0;3.6903359844713712;0.8114143797257863;0.18858562027421366
1731803378.5104063;/app/bags/user95_2017-02-24.bag;0.834065854549408;0.0;0.9619645476341248;0.0;3.6903359844713712;0.8114143797257863;0.18858562027421366
1731803378.7103772;/app/bags/user95_2017-02-24.bag;0.834065854549408;0.0;0.9619645476341248;0.0;3.6903359844713712;0.8114143797257863;0.18858562027421366
1731803378.910374;/app/bags/user95_2017-02-24.bag;0.834065854549408;0.0;0.9619645476341248;0.0;3.6903359844713712;0.8114143797257863;0.18858562027421366
1731803379.110406;/app/bags/user95_2017-02-24.bag;0.834065854549408;0.0;0.9619645476341248;0.0;3.6903359844713712;0.8114143797257863;0.18858562027421366
1731803379.3103898;/app/bags/user95_2017-02-24.bag;0.834065854549408;0.0;0.9619645476341248;0.0;3.6903359844713712;0.8114143797257863;0.18858562027421366
1731803379.5104094;/app/bags/user95_2017-02-24.bag;0.834065854549408;0.0;0.9619645476341248;0.0;3.6903359844713712;0.8114143797257863;0.18858562027421366
1731803379.7104385;/app/bags/user95_2017-02-24.bag;0.834065854549408;0.0;0.9619645476341248;0.0;3.6903359844713712;0.8114143797257863;0.18858562027421366
1731803379.910489;/app/bags/user95_2017-02-24.bag;0.834065854549408;0.0;0.9619645476341248;0.0;3.6903359844713712;0.8114143797257863;0.18858562027421366
1731803380.110394;/app/bags/user95_2017-02-24.bag;0.834065854549408;0.0;0.9619645476341248;0.0;3.6903359844713712;0.8114143797257863;0.18858562027421366
1731803380.3104072;/app/bags/user95_2017-02-24.bag;0.834065854549408;0.0;0.9619645476341248;0.0;3.6903359844713712;0.8114143797257863;0.18858562027421366
1731803380.510393;/app/bags/user95_2017-02-24.bag;0.834065854549408;0.0;0.9619645476341248;0.0;3.6903359844713712;0.8114143797257863;0.18858562027421366
1731803380.7104633;/app/bags/user95_2017-02-24.bag;0.834065854549408;0.0;0.9619645476341248;0.0;3.6903359844713712;0.8114143797257863;0.18858562027421366
1731803380.9104161;/app/bags/user95_2017-02-24.bag;0.834065854549408;0.0;0.9619645476341248;0.0;3.6903359844713712;0.8114143797257863;0.18858562027421366
1731803381.110424;/app/bags/user95_2017-02-24.bag;0.834065854549408;0.0;0.9619645476341248;0.0;3.6903359844713712;0.8114143797257863;0.18858562027421366
1731803381.3104298;/app/bags/user95_2017-02-24.bag;0.834065854549408;0.0;0.9619645476341248;0.0;3.6903359844713712;0.8114143797257863;0.18858562027421366
1731803381.5104015;/app/bags/user95_2017-02-24.bag;0.834065854549408;0.0;0.9619645476341248;0.0;3.6903359844713712;0.8114143797257863;0.18858562027421366
1731803381.7104483;/app/bags/user95_2017-02-24.bag;0.834065854549408;0.0;0.9619645476341248;0.0;3.6903359844713712;0.8114143797257863;0.18858562027421366
1731803381.910438;/app/bags/user95_2017-02-24.bag;0.834065854549408;0.0;0.9619645476341248;0.0;3.6903359844713712;0.8114143797257863;0.18858562027421366
1731803382.1103468;/app/bags/user95_2017-02-24.bag;0.834065854549408;0.0;0.9619645476341248;0.0;3.6903359844713712;0.8114143797257863;0.18858562027421366
1731803382.3104692;/app/bags/user95_2017-02-24.bag;0.834065854549408;0.0;0.9619645476341248;0.0;3.6903359844713712;0.8114143797257863;0.18858562027421366
1731803382.5103476;/app/bags/user95_2017-02-24.bag;0.834065854549408;0.0;0.9619645476341248;0.0;3.6903359844713712;0.8114143797257863;0.18858562027421366
1731803382.710477;/app/bags/user95_2017-02-24.bag;0.834065854549408;0.0;0.9619645476341248;0.0;3.6903359844713712;0.8114143797257863;0.18858562027421366
1731803382.9103842;/app/bags/user95_2017-02-24.bag;0.834065854549408;0.0;0.9619645476341248;0.0;3.6903359844713712;0.8114143797257863;0.18858562027421366
1731803383.1105273;/app/bags/user95_2017-02-24.bag;0.834065854549408;0.0;0.9619645476341248;0.0;3.6903359844713712;0.8114143797257863;0.18858562027421366
1731803383.310391;/app/bags/user95_2017-02-24.bag;0.834065854549408;0.0;0.9619645476341248;0.0;3.6903359844713712;0.8114143797257863;0.18858562027421366
1731803383.5103881;/app/bags/user95_2017-02-24.bag;0.834065854549408;0.0;0.9619645476341248;0.0;3.6903359844713712;0.8114143797257863;0.18858562027421366
1731803383.7103875;/app/bags/user95_2017-02-24.bag;0.834065854549408;0.0;0.9619645476341248;0.0;3.6903359844713712;0.8114143797257863;0.18858562027421366
1731803383.9104023;/app/bags/user95_2017-02-24.bag;0.834065854549408;0.0;0.9619645476341248;0.0;3.6903359844713712;0.8114143797257863;0.18858562027421366
1731803384.1104157;/app/bags/user95_2017-02-24.bag;0.834065854549408;0.0;0.9619645476341248;0.0;3.6903359844713712;0.8114143797257863;0.18858562027421366
1731803384.310399;/app/bags/user95_2017-02-24.bag;0.834065854549408;0.0;0.9619645476341248;0.0;3.6903359844713712;0.8114143797257863;0.18858562027421366
1731803384.5103977;/app/bags/user95_2017-02-24.bag;0.834065854549408;0.0;0.9619645476341248;0.0;3.6903359844713712;0.8114143797257863;0.18858562027421366
1731803384.710389;/app/bags/user95_2017-02-24.bag;0.834065854549408;0.0;0.9619645476341248;0.0;3.6903359844713712;0.8114143797257863;0.18858562027421366
1731803384.9103992;/app/bags/user95_2017-02-24.bag;0.834065854549408;0.0;0.9619645476341248;0.0;3.6903359844713712;0.8114143797257863;0.18858562027421366
1731803385.1104374;/app/bags/user95_2017-02-24.bag;0.834065854549408;0.0;0.9619645476341248;0.0;3.6903359844713712;0.8114143797257863;0.18858562027421366
1731803385.3104975;/app/bags/user95_2017-02-24.bag;0.834065854549408;0.0;0.9619645476341248;0.0;3.6903359844713712;0.8114143797257863;0.18858562027421366
1731803385.5104487;/app/bags/user95_2017-02-24.bag;0.834065854549408;0.0;0.9619645476341248;0.0;3.6903359844713712;0.8114143797257863;0.18858562027421366
1731803385.7104034;/app/bags/user95_2017-02-24.bag;0.834065854549408;0.0;0.9619645476341248;0.0;3.6903359844713712;0.8114143797257863;0.18858562027421366
1731803385.9104137;/app/bags/user95_2017-02-24.bag;0.834065854549408;0.0;0.9619645476341248;0.0;3.6903359844713712;0.8114143797257863;0.18858562027421366
1731803386.1103842;/app/bags/user95_2017-02-24.bag;0.834065854549408;0.0;0.9619645476341248;0.0;3.6903359844713712;0.8114143797257863;0.18858562027421366
1731803386.3103814;/app/bags/user95_2017-02-24.bag;0.834065854549408;0.0;0.9619645476341248;0.0;3.6903359844713712;0.8114143797257863;0.18858562027421366
1731803386.5104704;/app/bags/user95_2017-02-24.bag;0.834065854549408;0.0;0.9619645476341248;0.0;3.6903359844713712;0.8114143797257863;0.18858562027421366
1731803386.710396;/app/bags/user95_2017-02-24.bag;0.834065854549408;0.0;0.9619645476341248;0.0;3.6903359844713712;0.8114143797257863;0.18858562027421366
1731803386.9104297;/app/bags/user95_2017-02-24.bag;0.834065854549408;0.0;0.9619645476341248;0.0;3.6903359844713712;0.8114143797257863;0.18858562027421366
1731803387.1104043;/app/bags/user95_2017-02-24.bag;0.834065854549408;0.0;0.9619645476341248;0.0;3.6903359844713712;0.8114143797257863;0.18858562027421366
1731803387.3104005;/app/bags/user95_2017-02-24.bag;0.834065854549408;0.0;0.9619645476341248;0.0;3.6903359844713712;0.8114143797257863;0.18858562027421366
1731803387.5103939;/app/bags/user95_2017-02-24.bag;0.834065854549408;0.0;0.9619645476341248;0.0;3.6903359844713712;0.8114143797257863;0.18858562027421366
1731803387.7103698;/app/bags/user95_2017-02-24.bag;0.834065854549408;0.0;0.9619645476341248;0.0;3.6903359844713712;0.8114143797257863;0.18858562027421366
1731803387.9103928;/app/bags/user95_2017-02-24.bag;0.834065854549408;0.0;0.9619645476341248;0.0;3.6903359844713712;0.8114143797257863;0.18858562027421366
1731803388.1104233;/app/bags/user95_2017-02-24.bag;0.834065854549408;0.0;0.9619645476341248;0.0;3.6903359844713712;0.8114143797257863;0.18858562027421366
1731803388.3103933;/app/bags/user95_2017-02-24.bag;0.834065854549408;0.0;0.9619645476341248;0.0;3.6903359844713712;0.8114143797257863;0.18858562027421366
1731803388.510383;/app/bags/user95_2017-02-24.bag;0.834065854549408;0.0;0.9619645476341248;0.0;3.6903359844713712;0.8114143797257863;0.18858562027421366
1731803388.7103763;/app/bags/user95_2017-02-24.bag;0.834065854549408;0.0;0.9619645476341248;0.0;3.6903359844713712;0.8114143797257863;0.18858562027421366
1731803388.910476;/app/bags/user95_2017-02-24.bag;0.834065854549408;0.0;0.9619645476341248;0.0;3.6903359844713712;0.8114143797257863;0.18858562027421366
1731803389.1104589;/app/bags/user95_2017-02-24.bag;0.834065854549408;0.0;0.9619645476341248;0.0;3.6903359844713712;0.8114143797257863;0.18858562027421366
1731803389.310373;/app/bags/user95_2017-02-24.bag;0.834065854549408;0.0;0.9619645476341248;0.0;3.6903359844713712;0.8114143797257863;0.18858562027421366
1731803389.5103939;/app/bags/user95_2017-02-24.bag;0.834065854549408;0.0;0.9619645476341248;0.0;3.6903359844713712;0.8114143797257863;0.18858562027421366
1731803389.7103891;/app/bags/user95_2017-02-24.bag;0.834065854549408;0.0;0.9619645476341248;0.0;3.6903359844713712;0.8114143797257863;0.18858562027421366
1731803389.910512;/app/bags/user95_2017-02-24.bag;0.834065854549408;0.0;0.9619645476341248;0.0;3.6903359844713712;0.8114143797257863;0.18858562027421366
1731803390.1103826;/app/bags/user95_2017-02-24.bag;0.834065854549408;0.0;0.9619645476341248;0.0;3.6903359844713712;0.8114143797257863;0.18858562027421366
1731803390.3104115;/app/bags/user95_2017-02-24.bag;0.834065854549408;0.0;0.9619645476341248;0.0;3.6903359844713712;0.8114143797257863;0.18858562027421366
1731803390.5103686;/app/bags/user95_2017-02-24.bag;0.834065854549408;0.0;0.9619645476341248;0.0;3.6903359844713712;0.8114143797257863;0.18858562027421366
1731803390.7104425;/app/bags/user95_2017-02-24.bag;0.834065854549408;0.0;0.9619645476341248;0.0;3.6903359844713712;0.8114143797257863;0.18858562027421366
1731803390.9104028;/app/bags/user95_2017-02-24.bag;0.834065854549408;0.0;0.9619645476341248;0.0;3.6903359844713712;0.8114143797257863;0.18858562027421366
1731803391.1103811;/app/bags/user95_2017-02-24.bag;0.834065854549408;0.0;0.9619645476341248;0.0;3.6903359844713712;0.8114143797257863;0.18858562027421366
1731803391.3103783;/app/bags/user95_2017-02-24.bag;0.834065854549408;0.0;0.9619645476341248;0.0;3.6903359844713712;0.8114143797257863;0.18858562027421366
1731803391.5104449;/app/bags/user95_2017-02-24.bag;0.834065854549408;0.0;0.9619645476341248;0.0;3.6903359844713712;0.8114143797257863;0.18858562027421366
1731803391.7103972;/app/bags/user95_2017-02-24.bag;0.834065854549408;0.0;0.9619645476341248;0.0;3.6903359844713712;0.8114143797257863;0.18858562027421366
1731803391.910461;/app/bags/user95_2017-02-24.bag;0.834065854549408;0.0;0.9619645476341248;0.0;3.6903359844713712;0.8114143797257863;0.18858562027421366
1731803392.1104314;/app/bags/user95_2017-02-24.bag;0.834065854549408;0.0;0.9619645476341248;0.0;3.6903359844713712;0.8114143797257863;0.18858562027421366
1731803392.3103578;/app/bags/user95_2017-02-24.bag;0.834065854549408;0.0;0.9619645476341248;0.0;3.6903359844713712;0.8114143797257863;0.18858562027421366
1731803392.5104008;/app/bags/user95_2017-02-24.bag;0.834065854549408;0.0;0.9619645476341248;0.0;3.6903359844713712;0.8114143797257863;0.18858562027421366
1731803392.7104352;/app/bags/user95_2017-02-24.bag;0.834065854549408;0.0;0.9619645476341248;0.0;3.6903359844713712;0.8114143797257863;0.18858562027421366
1731803392.9104018;/app/bags/user95_2017-02-24.bag;0.834065854549408;0.0;0.9619645476341248;0.0;3.6903359844713712;0.8114143797257863;0.18858562027421366
1731803393.1105754;/app/bags/user95_2017-02-24.bag;0.834065854549408;0.0;0.9619645476341248;0.0;3.6903359844713712;0.8114143797257863;0.18858562027421366
1731803393.3103883;/app/bags/user95_2017-02-24.bag;0.834065854549408;0.0;0.9619645476341248;0.0;3.6903359844713712;0.8114143797257863;0.18858562027421366
1731803393.5104148;/app/bags/user95_2017-02-24.bag;0.834065854549408;0.0;0.9619645476341248;0.0;3.6903359844713712;0.8114143797257863;0.18858562027421366
1731803393.710345;/app/bags/user95_2017-02-24.bag;0.834065854549408;0.0;0.9619645476341248;0.0;3.6903359844713712;0.8114143797257863;0.18858562027421366
1731803393.9104326;/app/bags/user95_2017-02-24.bag;0.834065854549408;0.0;0.9619645476341248;0.0;3.6903359844713712;0.8114143797257863;0.18858562027421366
1731803394.1104004;/app/bags/user95_2017-02-24.bag;0.834065854549408;0.0;0.9619645476341248;0.0;3.6903359844713712;0.8114143797257863;0.18858562027421366
1731803394.3104281;/app/bags/user95_2017-02-24.bag;0.834065854549408;0.0;0.9619645476341248;0.0;3.6903359844713712;0.8114143797257863;0.18858562027421366
1731803394.5103962;/app/bags/user95_2017-02-24.bag;0.834065854549408;0.0;0.9619645476341248;0.0;3.6903359844713712;0.8114143797257863;0.18858562027421366
1731803394.7103977;/app/bags/user95_2017-02-24.bag;0.834065854549408;0.0;0.9619645476341248;0.0;3.6903359844713712;0.8114143797257863;0.18858562027421366
1731803394.9104548;/app/bags/user95_2017-02-24.bag;0.834065854549408;0.0;0.9619645476341248;0.0;3.6903359844713712;0.8114143797257863;0.18858562027421366
1731803395.1103835;/app/bags/user95_2017-02-24.bag;0.834065854549408;0.0;0.9619645476341248;0.0;3.6903359844713712;0.8114143797257863;0.18858562027421366
1731803395.3103826;/app/bags/user95_2017-02-24.bag;0.834065854549408;0.0;0.9619645476341248;0.0;3.6903359844713712;0.8114143797257863;0.18858562027421366
1731803395.5104446;/app/bags/user95_2017-02-24.bag;0.834065854549408;0.0;0.9619645476341248;0.0;3.6903359844713712;0.8114143797257863;0.18858562027421366
1731803395.7103887;/app/bags/user95_2017-02-24.bag;0.834065854549408;0.0;0.9619645476341248;0.0;3.6903359844713712;0.8114143797257863;0.18858562027421366
1731803395.910392;/app/bags/user95_2017-02-24.bag;0.834065854549408;0.0;0.9619645476341248;0.0;3.6903359844713712;0.8114143797257863;0.18858562027421366
1731803396.1103842;/app/bags/user95_2017-02-24.bag;0.834065854549408;0.0;0.9619645476341248;0.0;3.6903359844713712;0.8114143797257863;0.18858562027421366
1731803396.310361;/app/bags/user95_2017-02-24.bag;0.834065854549408;0.0;0.9619645476341248;0.0;3.6903359844713712;0.8114143797257863;0.18858562027421366
1731803396.5103936;/app/bags/user95_2017-02-24.bag;0.834065854549408;0.0;0.9619645476341248;0.0;3.6903359844713712;0.8114143797257863;0.18858562027421366
1731803396.7104135;/app/bags/user95_2017-02-24.bag;0.834065854549408;0.0;0.9619645476341248;0.0;3.6903359844713712;0.8114143797257863;0.18858562027421366
1731803396.91051;/app/bags/user95_2017-02-24.bag;0.834065854549408;0.0;0.9619645476341248;0.0;3.6903359844713712;0.8114143797257863;0.18858562027421366
1731803397.110413;/app/bags/user95_2017-02-24.bag;0.834065854549408;0.0;0.9619645476341248;0.0;3.6903359844713712;0.8114143797257863;0.18858562027421366
1731803397.3104165;/app/bags/user95_2017-02-24.bag;0.834065854549408;0.0;0.9619645476341248;0.0;3.6903359844713712;0.8114143797257863;0.18858562027421366
1731803397.510411;/app/bags/user95_2017-02-24.bag;0.834065854549408;0.0;0.9619645476341248;0.0;3.6903359844713712;0.8114143797257863;0.18858562027421366
1731803397.7104065;/app/bags/user95_2017-02-24.bag;0.834065854549408;0.0;0.9619645476341248;0.0;3.6903359844713712;0.8114143797257863;0.18858562027421366
1731803397.9103868;/app/bags/user95_2017-02-24.bag;0.834065854549408;0.0;0.9619645476341248;0.0;3.6903359844713712;0.8114143797257863;0.18858562027421366
1731803398.1104126;/app/bags/user95_2017-02-24.bag;0.834065854549408;0.0;0.9619645476341248;0.0;3.6903359844713712;0.8114143797257863;0.18858562027421366
1731803398.310401;/app/bags/user95_2017-02-24.bag;0.834065854549408;0.0;0.9619645476341248;0.0;3.6903359844713712;0.8114143797257863;0.18858562027421366
1731803398.5104256;/app/bags/user95_2017-02-24.bag;0.834065854549408;0.0;0.9619645476341248;0.0;3.6903359844713712;0.8114143797257863;0.18858562027421366
1731803398.7103763;/app/bags/user95_2017-02-24.bag;0.834065854549408;0.0;0.9619645476341248;0.0;3.6903359844713712;0.8114143797257863;0.18858562027421366
1731803398.910387;/app/bags/user95_2017-02-24.bag;0.834065854549408;0.0;0.9619645476341248;0.0;3.6903359844713712;0.8114143797257863;0.18858562027421366
1731803399.110504;/app/bags/user95_2017-02-24.bag;0.834065854549408;0.0;0.9619645476341248;0.0;3.6903359844713712;0.8114143797257863;0.18858562027421366
1731803399.3104017;/app/bags/user95_2017-02-24.bag;0.834065854549408;0.0;0.9619645476341248;0.0;3.6903359844713712;0.8114143797257863;0.18858562027421366
1731803399.510394;/app/bags/user95_2017-02-24.bag;0.834065854549408;0.0;0.9619645476341248;0.0;3.6903359844713712;0.8114143797257863;0.18858562027421366
1731803399.710411;/app/bags/user95_2017-02-24.bag;0.834065854549408;0.0;0.9619645476341248;0.0;3.6903359844713712;0.8114143797257863;0.18858562027421366
1731803399.9103823;/app/bags/user95_2017-02-24.bag;0.834065854549408;0.0;0.9619645476341248;0.0;3.6903359844713712;0.8114143797257863;0.18858562027421366
1731803400.1103764;/app/bags/user95_2017-02-24.bag;0.834065854549408;0.0;0.9619645476341248;0.0;3.6903359844713712;0.8114143797257863;0.18858562027421366
1731803400.3103948;/app/bags/user95_2017-02-24.bag;0.834065854549408;0.0;0.9619645476341248;0.0;3.6903359844713712;0.8114143797257863;0.18858562027421366
1731803400.5104592;/app/bags/user95_2017-02-24.bag;0.834065854549408;0.0;0.9619645476341248;0.0;3.6903359844713712;0.8114143797257863;0.18858562027421366
1731803400.7104113;/app/bags/user95_2017-02-24.bag;0.834065854549408;0.0;0.9619645476341248;0.0;3.6903359844713712;0.8114143797257863;0.18858562027421366
1731803400.9104106;/app/bags/user95_2017-02-24.bag;0.834065854549408;0.0;0.9619645476341248;0.0;3.6903359844713712;0.8114143797257863;0.18858562027421366
1731803401.1104717;/app/bags/user95_2017-02-24.bag;0.834065854549408;0.0;0.9619645476341248;0.0;3.6903359844713712;0.8114143797257863;0.18858562027421366
1731803401.3103986;/app/bags/user95_2017-02-24.bag;0.834065854549408;0.0;0.9619645476341248;0.0;3.6903359844713712;0.8114143797257863;0.18858562027421366
1731803401.5104153;/app/bags/user95_2017-02-24.bag;0.834065854549408;0.0;0.9619645476341248;0.0;3.6903359844713712;0.8114143797257863;0.18858562027421366
1731803401.710363;/app/bags/user95_2017-02-24.bag;0.834065854549408;0.0;0.9619645476341248;0.0;3.6903359844713712;0.8114143797257863;0.18858562027421366
1731803401.9106312;/app/bags/user95_2017-02-24.bag;0.834065854549408;0.0;0.9619645476341248;0.0;3.6903359844713712;0.8114143797257863;0.18858562027421366
1731803402.110372;/app/bags/user95_2017-02-24.bag;0.834065854549408;0.0;0.9619645476341248;0.0;3.6903359844713712;0.8114143797257863;0.18858562027421366
1731803402.3104148;/app/bags/user95_2017-02-24.bag;0.834065854549408;0.0;0.9619645476341248;0.0;3.6903359844713712;0.8114143797257863;0.18858562027421366
1731803402.510457;/app/bags/user95_2017-02-24.bag;0.834065854549408;0.0;0.9619645476341248;0.0;3.6903359844713712;0.8114143797257863;0.18858562027421366
1731803402.7103665;/app/bags/user95_2017-02-24.bag;0.834065854549408;0.0;0.9619645476341248;0.0;3.6903359844713712;0.8114143797257863;0.18858562027421366
1731803402.9103987;/app/bags/user95_2017-02-24.bag;0.834065854549408;0.0;0.9619645476341248;0.0;3.6903359844713712;0.8114143797257863;0.18858562027421366
1731803403.110385;/app/bags/user95_2017-02-24.bag;0.834065854549408;0.0;0.9619645476341248;0.0;3.6903359844713712;0.8114143797257863;0.18858562027421366
1731803403.310386;/app/bags/user95_2017-02-24.bag;0.834065854549408;0.0;0.9619645476341248;0.0;3.6903359844713712;0.8114143797257863;0.18858562027421366
1731803403.5106552;/app/bags/user95_2017-02-24.bag;0.834065854549408;0.0;0.9619645476341248;0.0;3.6903359844713712;0.8114143797257863;0.18858562027421366
1731803403.7103794;/app/bags/user95_2017-02-24.bag;0.834065854549408;0.0;0.9619645476341248;0.0;3.6903359844713712;0.8114143797257863;0.18858562027421366
1731803403.9103951;/app/bags/user95_2017-02-24.bag;0.834065854549408;0.0;0.9619645476341248;0.0;3.6903359844713712;0.8114143797257863;0.18858562027421366
1731803404.1103973;/app/bags/user95_2017-02-24.bag;0.834065854549408;0.0;0.9619645476341248;0.0;3.6903359844713712;0.8114143797257863;0.18858562027421366
1731803404.3103898;/app/bags/user95_2017-02-24.bag;0.834065854549408;0.0;0.9619645476341248;0.0;3.6903359844713712;0.8114143797257863;0.18858562027421366
1731803404.5104022;/app/bags/user95_2017-02-24.bag;0.834065854549408;0.0;0.9619645476341248;0.0;3.6903359844713712;0.8114143797257863;0.18858562027421366
1731803404.7103977;/app/bags/user95_2017-02-24.bag;0.834065854549408;0.0;0.9619645476341248;0.0;3.6903359844713712;0.8114143797257863;0.18858562027421366
1731803404.9104147;/app/bags/user95_2017-02-24.bag;0.834065854549408;0.0;0.9619645476341248;0.0;3.6903359844713712;0.8114143797257863;0.18858562027421366
1731803405.110391;/app/bags/user95_2017-02-24.bag;0.834065854549408;0.0;0.9619645476341248;0.0;3.6903359844713712;0.8114143797257863;0.18858562027421366
1731803405.3103912;/app/bags/user95_2017-02-24.bag;0.834065854549408;0.0;0.9619645476341248;0.0;3.6903359844713712;0.8114143797257863;0.18858562027421366
1731803405.5104249;/app/bags/user95_2017-02-24.bag;0.834065854549408;0.0;0.9619645476341248;0.0;3.6903359844713712;0.8114143797257863;0.18858562027421366
1731803405.7103794;/app/bags/user95_2017-02-24.bag;0.834065854549408;0.0;0.9619645476341248;0.0;3.6903359844713712;0.8114143797257863;0.18858562027421366
1731803405.9104362;/app/bags/user95_2017-02-24.bag;0.834065854549408;0.0;0.9619645476341248;0.0;3.6903359844713712;0.8114143797257863;0.18858562027421366
1731803406.1104019;/app/bags/user95_2017-02-24.bag;0.834065854549408;0.0;0.9619645476341248;0.0;3.6903359844713712;0.8114143797257863;0.18858562027421366
1731803406.3103495;/app/bags/user95_2017-02-24.bag;0.834065854549408;0.0;0.9619645476341248;0.0;3.6903359844713712;0.8114143797257863;0.18858562027421366
1731803406.510392;/app/bags/user95_2017-02-24.bag;0.834065854549408;0.0;0.9619645476341248;0.0;3.6903359844713712;0.8114143797257863;0.18858562027421366
1731803406.7104566;/app/bags/user95_2017-02-24.bag;0.834065854549408;0.0;0.9619645476341248;0.0;3.6903359844713712;0.8114143797257863;0.18858562027421366
1731803406.9103913;/app/bags/user95_2017-02-24.bag;0.834065854549408;0.0;0.9619645476341248;0.0;3.6903359844713712;0.8114143797257863;0.18858562027421366
1731803407.1103983;/app/bags/user95_2017-02-24.bag;0.834065854549408;0.0;0.9619645476341248;0.0;3.6903359844713712;0.8114143797257863;0.18858562027421366
1731803407.3103821;/app/bags/user95_2017-02-24.bag;0.834065854549408;0.0;0.9619645476341248;0.0;3.6903359844713712;0.8114143797257863;0.18858562027421366
1731803407.51037;/app/bags/user95_2017-02-24.bag;0.834065854549408;0.0;0.9619645476341248;0.0;3.6903359844713712;0.8114143797257863;0.18858562027421366
1731803407.710389;/app/bags/user95_2017-02-24.bag;0.834065854549408;0.0;0.9619645476341248;0.0;3.6903359844713712;0.8114143797257863;0.18858562027421366
1731803407.9103808;/app/bags/user95_2017-02-24.bag;0.834065854549408;0.0;0.9619645476341248;0.0;3.6903359844713712;0.8114143797257863;0.18858562027421366
1731803408.1103742;/app/bags/user95_2017-02-24.bag;0.834065854549408;0.0;0.9619645476341248;0.0;3.6903359844713712;0.8114143797257863;0.18858562027421366
1731803408.3104932;/app/bags/user95_2017-02-24.bag;0.834065854549408;0.0;0.9619645476341248;0.0;3.6903359844713712;0.8114143797257863;0.18858562027421366
1731803408.5104065;/app/bags/user95_2017-02-24.bag;0.834065854549408;0.0;0.9619645476341248;0.0;3.6903359844713712;0.8114143797257863;0.18858562027421366
1731803408.7103996;/app/bags/user95_2017-02-24.bag;0.834065854549408;0.0;0.9619645476341248;0.0;3.6903359844713712;0.8114143797257863;0.18858562027421366
1731803408.9104676;/app/bags/user95_2017-02-24.bag;0.834065854549408;0.0;0.9619645476341248;0.0;3.6903359844713712;0.8114143797257863;0.18858562027421366
1731803409.1104064;/app/bags/user95_2017-02-24.bag;0.834065854549408;0.0;0.9619645476341248;0.0;3.6903359844713712;0.8114143797257863;0.18858562027421366
1731803409.3103924;/app/bags/user95_2017-02-24.bag;0.834065854549408;0.0;0.9619645476341248;0.0;3.6903359844713712;0.8114143797257863;0.18858562027421366
1731803409.5104363;/app/bags/user95_2017-02-24.bag;0.834065854549408;0.0;0.9619645476341248;0.0;3.6903359844713712;0.8114143797257863;0.18858562027421366
1731803409.710432;/app/bags/user95_2017-02-24.bag;0.834065854549408;0.0;0.9619645476341248;0.0;3.6903359844713712;0.8114143797257863;0.18858562027421366
1731803409.9103825;/app/bags/user95_2017-02-24.bag;0.834065854549408;0.0;0.9619645476341248;0.0;3.6903359844713712;0.8114143797257863;0.18858562027421366
1731803410.110378;/app/bags/user95_2017-02-24.bag;0.834065854549408;0.0;0.9619645476341248;0.0;3.6903359844713712;0.8114143797257863;0.18858562027421366
1731803410.3103888;/app/bags/user95_2017-02-24.bag;0.834065854549408;0.0;0.9619645476341248;0.0;3.6903359844713712;0.8114143797257863;0.18858562027421366
1731803410.5104241;/app/bags/user95_2017-02-24.bag;0.834065854549408;0.0;0.9619645476341248;0.0;3.6903359844713712;0.8114143797257863;0.18858562027421366
1731803410.7103744;/app/bags/user95_2017-02-24.bag;0.834065854549408;0.0;0.9619645476341248;0.0;3.6903359844713712;0.8114143797257863;0.18858562027421366
1731803410.9104028;/app/bags/user95_2017-02-24.bag;0.834065854549408;0.0;0.9619645476341248;0.0;3.6903359844713712;0.8114143797257863;0.18858562027421366
1731803411.1104527;/app/bags/user95_2017-02-24.bag;0.834065854549408;0.0;0.9619645476341248;0.0;3.6903359844713712;0.8114143797257863;0.18858562027421366
1731803411.3104663;/app/bags/user95_2017-02-24.bag;0.834065854549408;0.0;0.9619645476341248;0.0;3.6903359844713712;0.8114143797257863;0.18858562027421366
1731803411.510405;/app/bags/user95_2017-02-24.bag;0.834065854549408;0.0;0.9619645476341248;0.0;3.6903359844713712;0.8114143797257863;0.18858562027421366
1731803411.7103908;/app/bags/user95_2017-02-24.bag;0.834065854549408;0.0;0.9619645476341248;0.0;3.6903359844713712;0.8114143797257863;0.18858562027421366
1731803411.910351;/app/bags/user95_2017-02-24.bag;0.834065854549408;0.0;0.9619645476341248;0.0;3.6903359844713712;0.8114143797257863;0.18858562027421366
1731803412.1103988;/app/bags/user95_2017-02-24.bag;0.834065854549408;0.0;0.9619645476341248;0.0;3.6903359844713712;0.8114143797257863;0.18858562027421366
1731803412.3104017;/app/bags/user95_2017-02-24.bag;0.834065854549408;0.0;0.9619645476341248;0.0;3.6903359844713712;0.8114143797257863;0.18858562027421366
1731803412.5105183;/app/bags/user95_2017-02-24.bag;0.834065854549408;0.0;0.9619645476341248;0.0;3.6903359844713712;0.8114143797257863;0.18858562027421366
1731803412.7103908;/app/bags/user95_2017-02-24.bag;0.834065854549408;0.0;0.9619645476341248;0.0;3.6903359844713712;0.8114143797257863;0.18858562027421366
1731803412.9104033;/app/bags/user95_2017-02-24.bag;0.834065854549408;0.0;0.9619645476341248;0.0;3.6903359844713712;0.8114143797257863;0.18858562027421366
1731803413.1103854;/app/bags/user95_2017-02-24.bag;0.834065854549408;0.0;0.9619645476341248;0.0;3.6903359844713712;0.8114143797257863;0.18858562027421366
1731803413.3104033;/app/bags/user95_2017-02-24.bag;0.834065854549408;0.0;0.9619645476341248;0.0;3.6903359844713712;0.8114143797257863;0.18858562027421366
1731803413.5104623;/app/bags/user95_2017-02-24.bag;0.834065854549408;0.0;0.9619645476341248;0.0;3.6903359844713712;0.8114143797257863;0.18858562027421366
1731803413.7104359;/app/bags/user95_2017-02-24.bag;0.834065854549408;0.0;0.9619645476341248;0.0;3.6903359844713712;0.8114143797257863;0.18858562027421366
1731803413.9104521;/app/bags/user95_2017-02-24.bag;0.834065854549408;0.0;0.9619645476341248;0.0;3.6903359844713712;0.8114143797257863;0.18858562027421366
1731803414.1103895;/app/bags/user95_2017-02-24.bag;0.834065854549408;0.0;0.9619645476341248;0.0;3.6903359844713712;0.8114143797257863;0.18858562027421366
1731803414.3103755;/app/bags/user95_2017-02-24.bag;0.834065854549408;0.0;0.9619645476341248;0.0;3.6903359844713712;0.8114143797257863;0.18858562027421366
1731803414.5103693;/app/bags/user95_2017-02-24.bag;0.834065854549408;0.0;0.9619645476341248;0.0;3.6903359844713712;0.8114143797257863;0.18858562027421366
1731803414.7103603;/app/bags/user95_2017-02-24.bag;0.834065854549408;0.0;0.9619645476341248;0.0;3.6903359844713712;0.8114143797257863;0.18858562027421366
1731803414.9104033;/app/bags/user95_2017-02-24.bag;0.834065854549408;0.0;0.9619645476341248;0.0;3.6903359844713712;0.8114143797257863;0.18858562027421366
1731803415.110449;/app/bags/user95_2017-02-24.bag;0.834065854549408;0.0;0.9619645476341248;0.0;3.6903359844713712;0.8114143797257863;0.18858562027421366
1731803415.3103673;/app/bags/user95_2017-02-24.bag;0.834065854549408;0.0;0.9619645476341248;0.0;3.6903359844713712;0.8114143797257863;0.18858562027421366
1731803415.5104995;/app/bags/user95_2017-02-24.bag;0.834065854549408;0.0;0.9619645476341248;0.0;3.6903359844713712;0.8114143797257863;0.18858562027421366
1731803415.7103987;/app/bags/user95_2017-02-24.bag;0.834065854549408;0.0;0.9619645476341248;0.0;3.6903359844713712;0.8114143797257863;0.18858562027421366
1731803415.9103882;/app/bags/user95_2017-02-24.bag;0.834065854549408;0.0;0.9619645476341248;0.0;3.6903359844713712;0.8114143797257863;0.18858562027421366
1731803416.1104038;/app/bags/user95_2017-02-24.bag;0.834065854549408;0.0;0.9619645476341248;0.0;3.6903359844713712;0.8114143797257863;0.18858562027421366
1731803416.3104057;/app/bags/user95_2017-02-24.bag;0.834065854549408;0.0;0.9619645476341248;0.0;3.6903359844713712;0.8114143797257863;0.18858562027421366
1731803416.5104175;/app/bags/user95_2017-02-24.bag;0.834065854549408;0.0;0.9619645476341248;0.0;3.6903359844713712;0.8114143797257863;0.18858562027421366
1731803416.7104678;/app/bags/user95_2017-02-24.bag;0.834065854549408;0.0;0.9619645476341248;0.0;3.6903359844713712;0.8114143797257863;0.18858562027421366
1731803416.910392;/app/bags/user95_2017-02-24.bag;0.834065854549408;0.0;0.9619645476341248;0.0;3.6903359844713712;0.8114143797257863;0.18858562027421366
1731803417.1105843;/app/bags/user95_2017-02-24.bag;0.834065854549408;0.0;0.9619645476341248;0.0;3.6903359844713712;0.8114143797257863;0.18858562027421366
1731803417.310378;/app/bags/user95_2017-02-24.bag;0.834065854549408;0.0;0.9619645476341248;0.0;3.6903359844713712;0.8114143797257863;0.18858562027421366
1731803417.5103893;/app/bags/user95_2017-02-24.bag;0.834065854549408;0.0;0.9619645476341248;0.0;3.6903359844713712;0.8114143797257863;0.18858562027421366
1731803417.7103748;/app/bags/user95_2017-02-24.bag;0.834065854549408;0.0;0.9619645476341248;0.0;3.6903359844713712;0.8114143797257863;0.18858562027421366
1731803417.9104667;/app/bags/user95_2017-02-24.bag;0.834065854549408;0.0;0.9619645476341248;0.0;3.6903359844713712;0.8114143797257863;0.18858562027421366
1731803418.1104207;/app/bags/user95_2017-02-24.bag;0.834065854549408;0.0;0.9619645476341248;0.0;3.6903359844713712;0.8114143797257863;0.18858562027421366
1731803418.3104727;/app/bags/user95_2017-02-24.bag;0.834065854549408;0.0;0.9619645476341248;0.0;3.6903359844713712;0.8114143797257863;0.18858562027421366
1731803418.5103455;/app/bags/user95_2017-02-24.bag;0.834065854549408;0.0;0.9619645476341248;0.0;3.6903359844713712;0.8114143797257863;0.18858562027421366
1731803418.7104611;/app/bags/user95_2017-02-24.bag;0.834065854549408;0.0;0.9619645476341248;0.0;3.6903359844713712;0.8114143797257863;0.18858562027421366
1731803418.9103713;/app/bags/user95_2017-02-24.bag;0.834065854549408;0.0;0.9619645476341248;0.0;3.6903359844713712;0.8114143797257863;0.18858562027421366
1731803419.110348;/app/bags/user95_2017-02-24.bag;0.834065854549408;0.0;0.9619645476341248;0.0;3.6903359844713712;0.8114143797257863;0.18858562027421366
1731803419.310349;/app/bags/user95_2017-02-24.bag;0.834065854549408;0.0;0.9619645476341248;0.0;3.6903359844713712;0.8114143797257863;0.18858562027421366
1731803419.5103936;/app/bags/user95_2017-02-24.bag;0.834065854549408;0.0;0.9619645476341248;0.0;3.6903359844713712;0.8114143797257863;0.18858562027421366
1731803419.7104266;/app/bags/user95_2017-02-24.bag;0.834065854549408;0.0;0.9619645476341248;0.0;3.6903359844713712;0.8114143797257863;0.18858562027421366
1731803419.9103801;/app/bags/user95_2017-02-24.bag;0.834065854549408;0.0;0.9619645476341248;0.0;3.6903359844713712;0.8114143797257863;0.18858562027421366
1731803420.1103787;/app/bags/user95_2017-02-24.bag;0.834065854549408;0.0;0.9619645476341248;0.0;3.6903359844713712;0.8114143797257863;0.18858562027421366
1731803420.3103929;/app/bags/user95_2017-02-24.bag;0.834065854549408;0.0;0.9619645476341248;0.0;3.6903359844713712;0.8114143797257863;0.18858562027421366
1731803420.5104244;/app/bags/user95_2017-02-24.bag;0.834065854549408;0.0;0.9619645476341248;0.0;3.6903359844713712;0.8114143797257863;0.18858562027421366
1731803420.7104368;/app/bags/user95_2017-02-24.bag;0.834065854549408;0.0;0.9619645476341248;0.0;3.6903359844713712;0.8114143797257863;0.18858562027421366
1731803420.9103775;/app/bags/user95_2017-02-24.bag;0.834065854549408;0.0;0.9619645476341248;0.0;3.6903359844713712;0.8114143797257863;0.18858562027421366
1731803421.1103866;/app/bags/user95_2017-02-24.bag;0.834065854549408;0.0;0.9619645476341248;0.0;3.6903359844713712;0.8114143797257863;0.18858562027421366
1731803421.310385;/app/bags/user95_2017-02-24.bag;0.834065854549408;0.0;0.9619645476341248;0.0;3.6903359844713712;0.8114143797257863;0.18858562027421366
1731803421.510423;/app/bags/user95_2017-02-24.bag;0.834065854549408;0.0;0.9619645476341248;0.0;3.6903359844713712;0.8114143797257863;0.18858562027421366
1731803421.7103884;/app/bags/user95_2017-02-24.bag;0.834065854549408;0.0;0.9619645476341248;0.0;3.6903359844713712;0.8114143797257863;0.18858562027421366
1731803421.9105473;/app/bags/user95_2017-02-24.bag;0.834065854549408;0.0;0.9619645476341248;0.0;3.6903359844713712;0.8114143797257863;0.18858562027421366
1731803422.1103566;/app/bags/user95_2017-02-24.bag;0.834065854549408;0.0;0.9619645476341248;0.0;3.6903359844713712;0.8114143797257863;0.18858562027421366
1731803422.3104112;/app/bags/user95_2017-02-24.bag;0.834065854549408;0.0;0.9619645476341248;0.0;3.6903359844713712;0.8114143797257863;0.18858562027421366
1731803422.510355;/app/bags/user95_2017-02-24.bag;0.834065854549408;0.0;0.9619645476341248;0.0;3.6903359844713712;0.8114143797257863;0.18858562027421366
1731803422.7103996;/app/bags/user95_2017-02-24.bag;0.834065854549408;0.0;0.9619645476341248;0.0;3.6903359844713712;0.8114143797257863;0.18858562027421366
1731803422.910346;/app/bags/user95_2017-02-24.bag;0.834065854549408;0.0;0.9619645476341248;0.0;3.6903359844713712;0.8114143797257863;0.18858562027421366
1731803423.1104004;/app/bags/user95_2017-02-24.bag;0.834065854549408;0.0;0.9619645476341248;0.0;3.6903359844713712;0.8114143797257863;0.18858562027421366
1731803423.3103743;/app/bags/user95_2017-02-24.bag;0.834065854549408;0.0;0.9619645476341248;0.0;3.6903359844713712;0.8114143797257863;0.18858562027421366
1731803423.5103812;/app/bags/user95_2017-02-24.bag;0.834065854549408;0.0;0.9619645476341248;0.0;3.6903359844713712;0.8114143797257863;0.18858562027421366
1731803423.7103996;/app/bags/user95_2017-02-24.bag;0.834065854549408;0.0;0.9619645476341248;0.0;3.6903359844713712;0.8114143797257863;0.18858562027421366
1731803423.9104407;/app/bags/user95_2017-02-24.bag;0.834065854549408;0.0;0.9619645476341248;0.0;3.6903359844713712;0.8114143797257863;0.18858562027421366
1731803424.1104274;/app/bags/user95_2017-02-24.bag;0.834065854549408;0.0;0.9619645476341248;0.0;3.6903359844713712;0.8114143797257863;0.18858562027421366
1731803424.3103774;/app/bags/user95_2017-02-24.bag;0.834065854549408;0.0;0.9619645476341248;0.0;3.6903359844713712;0.8114143797257863;0.18858562027421366
1731803424.5104444;/app/bags/user95_2017-02-24.bag;0.834065854549408;0.0;0.9619645476341248;0.0;3.6903359844713712;0.8114143797257863;0.18858562027421366
1731803424.7104487;/app/bags/user95_2017-02-24.bag;0.834065854549408;0.0;0.9619645476341248;0.0;3.6903359844713712;0.8114143797257863;0.18858562027421366
1731803424.910395;/app/bags/user95_2017-02-24.bag;0.834065854549408;0.0;0.9619645476341248;0.0;3.6903359844713712;0.8114143797257863;0.18858562027421366
1731803425.1105359;/app/bags/user95_2017-02-24.bag;0.834065854549408;0.0;0.9619645476341248;0.0;3.6903359844713712;0.8114143797257863;0.18858562027421366
1731803425.310439;/app/bags/user95_2017-02-24.bag;0.834065854549408;0.0;0.9619645476341248;0.0;3.6903359844713712;0.8114143797257863;0.18858562027421366
1731803425.5104187;/app/bags/user95_2017-02-24.bag;0.834065854549408;0.0;0.9619645476341248;0.0;3.6903359844713712;0.8114143797257863;0.18858562027421366
1731803425.7104142;/app/bags/user95_2017-02-24.bag;0.834065854549408;0.0;0.9619645476341248;0.0;3.6903359844713712;0.8114143797257863;0.18858562027421366
1731803425.9103706;/app/bags/user95_2017-02-24.bag;0.834065854549408;0.0;0.9619645476341248;0.0;3.6903359844713712;0.8114143797257863;0.18858562027421366
1731803426.1103976;/app/bags/user95_2017-02-24.bag;0.834065854549408;0.0;0.9619645476341248;0.0;3.6903359844713712;0.8114143797257863;0.18858562027421366
1731803426.3104353;/app/bags/user95_2017-02-24.bag;0.834065854549408;0.0;0.9619645476341248;0.0;3.6903359844713712;0.8114143797257863;0.18858562027421366
1731803426.5104387;/app/bags/user95_2017-02-24.bag;0.834065854549408;0.0;0.9619645476341248;0.0;3.6903359844713712;0.8114143797257863;0.18858562027421366
1731803426.7103856;/app/bags/user95_2017-02-24.bag;0.834065854549408;0.0;0.9619645476341248;0.0;3.6903359844713712;0.8114143797257863;0.18858562027421366
1731803426.9104095;/app/bags/user95_2017-02-24.bag;0.834065854549408;0.0;0.9619645476341248;0.0;3.6903359844713712;0.8114143797257863;0.18858562027421366
1731803427.110471;/app/bags/user95_2017-02-24.bag;0.834065854549408;0.0;0.9619645476341248;0.0;3.6903359844713712;0.8114143797257863;0.18858562027421366
1731803427.3104074;/app/bags/user95_2017-02-24.bag;0.834065854549408;0.0;0.9619645476341248;0.0;3.6903359844713712;0.8114143797257863;0.18858562027421366
1731803427.5104322;/app/bags/user95_2017-02-24.bag;0.834065854549408;0.0;0.9619645476341248;0.0;3.6903359844713712;0.8114143797257863;0.18858562027421366
1731803427.710408;/app/bags/user95_2017-02-24.bag;0.834065854549408;0.0;0.9619645476341248;0.0;3.6903359844713712;0.8114143797257863;0.18858562027421366
1731803427.9104087;/app/bags/user95_2017-02-24.bag;0.834065854549408;0.0;0.9619645476341248;0.0;3.6903359844713712;0.8114143797257863;0.18858562027421366
1731803428.1103854;/app/bags/user95_2017-02-24.bag;0.834065854549408;0.0;0.9619645476341248;0.0;3.6903359844713712;0.8114143797257863;0.18858562027421366
1731803428.3103836;/app/bags/user95_2017-02-24.bag;0.834065854549408;0.0;0.9619645476341248;0.0;3.6903359844713712;0.8114143797257863;0.18858562027421366
1731803428.5104015;/app/bags/user95_2017-02-24.bag;0.834065854549408;0.0;0.9619645476341248;0.0;3.6903359844713712;0.8114143797257863;0.18858562027421366
1731803428.7103972;/app/bags/user95_2017-02-24.bag;0.834065854549408;0.0;0.9619645476341248;0.0;3.6903359844713712;0.8114143797257863;0.18858562027421366
1731803428.9103673;/app/bags/user95_2017-02-24.bag;0.834065854549408;0.0;0.9619645476341248;0.0;3.6903359844713712;0.8114143797257863;0.18858562027421366
1731803429.1104581;/app/bags/user95_2017-02-24.bag;0.834065854549408;0.0;0.9619645476341248;0.0;3.6903359844713712;0.8114143797257863;0.18858562027421366
1731803429.3104153;/app/bags/user95_2017-02-24.bag;0.834065854549408;0.0;0.9619645476341248;0.0;3.6903359844713712;0.8114143797257863;0.18858562027421366
1731803429.510414;/app/bags/user95_2017-02-24.bag;0.834065854549408;0.0;0.9619645476341248;0.0;3.6903359844713712;0.8114143797257863;0.18858562027421366
1731803429.7104373;/app/bags/user95_2017-02-24.bag;0.834065854549408;0.0;0.9619645476341248;0.0;3.6903359844713712;0.8114143797257863;0.18858562027421366
1731803429.9103923;/app/bags/user95_2017-02-24.bag;0.834065854549408;0.0;0.9619645476341248;0.0;3.6903359844713712;0.8114143797257863;0.18858562027421366
1731803430.1103654;/app/bags/user95_2017-02-24.bag;0.834065854549408;0.0;0.9619645476341248;0.0;3.6903359844713712;0.8114143797257863;0.18858562027421366
1731803430.3105426;/app/bags/user95_2017-02-24.bag;0.834065854549408;0.0;0.9619645476341248;0.0;3.6903359844713712;0.8114143797257863;0.18858562027421366
1731803430.5102632;/app/bags/user95_2017-02-24.bag;0.834065854549408;0.0;0.9619645476341248;0.0;3.6903359844713712;0.8114143797257863;0.18858562027421366
1731803430.710415;/app/bags/user95_2017-02-24.bag;0.834065854549408;0.0;0.9619645476341248;0.0;3.6903359844713712;0.8114143797257863;0.18858562027421366
1731803430.9104369;/app/bags/user95_2017-02-24.bag;0.834065854549408;0.0;0.9619645476341248;0.0;3.6903359844713712;0.8114143797257863;0.18858562027421366
1731803431.1103745;/app/bags/user95_2017-02-24.bag;0.834065854549408;0.0;0.9619645476341248;0.0;3.6903359844713712;0.8114143797257863;0.18858562027421366
1731803431.310354;/app/bags/user95_2017-02-24.bag;0.834065854549408;0.0;0.9619645476341248;0.0;3.6903359844713712;0.8114143797257863;0.18858562027421366
1731803431.5104148;/app/bags/user95_2017-02-24.bag;0.834065854549408;0.0;0.9619645476341248;0.0;3.6903359844713712;0.8114143797257863;0.18858562027421366
1731803431.7103689;/app/bags/user95_2017-02-24.bag;0.834065854549408;0.0;0.9619645476341248;0.0;3.6903359844713712;0.8114143797257863;0.18858562027421366
1731803431.910447;/app/bags/user95_2017-02-24.bag;0.834065854549408;0.0;0.9619645476341248;0.0;3.6903359844713712;0.8114143797257863;0.18858562027421366
1731803432.110404;/app/bags/user95_2017-02-24.bag;0.834065854549408;0.0;0.9619645476341248;0.0;3.6903359844713712;0.8114143797257863;0.18858562027421366
1731803432.3104072;/app/bags/user95_2017-02-24.bag;0.834065854549408;0.0;0.9619645476341248;0.0;3.6903359844713712;0.8114143797257863;0.18858562027421366
1731803432.51043;/app/bags/user95_2017-02-24.bag;0.834065854549408;0.0;0.9619645476341248;0.0;3.6903359844713712;0.8114143797257863;0.18858562027421366
1731803432.7103965;/app/bags/user95_2017-02-24.bag;0.834065854549408;0.0;0.9619645476341248;0.0;3.6903359844713712;0.8114143797257863;0.18858562027421366
1731803432.9104168;/app/bags/user95_2017-02-24.bag;0.834065854549408;0.0;0.9619645476341248;0.0;3.6903359844713712;0.8114143797257863;0.18858562027421366
1731803433.1104045;/app/bags/user95_2017-02-24.bag;0.834065854549408;0.0;0.9619645476341248;0.0;3.6903359844713712;0.8114143797257863;0.18858562027421366
1731803433.3103836;/app/bags/user95_2017-02-24.bag;0.834065854549408;0.0;0.9619645476341248;0.0;3.6903359844713712;0.8114143797257863;0.18858562027421366
1731803433.5103915;/app/bags/user95_2017-02-24.bag;0.834065854549408;0.0;0.9619645476341248;0.0;3.6903359844713712;0.8114143797257863;0.18858562027421366
1731803433.7103856;/app/bags/user95_2017-02-24.bag;0.834065854549408;0.0;0.9619645476341248;0.0;3.6903359844713712;0.8114143797257863;0.18858562027421366
1731803433.910474;/app/bags/user95_2017-02-24.bag;0.834065854549408;0.0;0.9619645476341248;0.0;3.6903359844713712;0.8114143797257863;0.18858562027421366
1731803434.1104238;/app/bags/user95_2017-02-24.bag;0.834065854549408;0.0;0.9619645476341248;0.0;3.6903359844713712;0.8114143797257863;0.18858562027421366
1731803434.3103633;/app/bags/user95_2017-02-24.bag;0.834065854549408;0.0;0.9619645476341248;0.0;3.6903359844713712;0.8114143797257863;0.18858562027421366
1731803434.5103931;/app/bags/user95_2017-02-24.bag;0.834065854549408;0.0;0.9619645476341248;0.0;3.6903359844713712;0.8114143797257863;0.18858562027421366
1731803434.710349;/app/bags/user95_2017-02-24.bag;0.834065854549408;0.0;0.9619645476341248;0.0;3.6903359844713712;0.8114143797257863;0.18858562027421366
1731803434.9104364;/app/bags/user95_2017-02-24.bag;0.834065854549408;0.0;0.9619645476341248;0.0;3.6903359844713712;0.8114143797257863;0.18858562027421366
1731803435.1104174;/app/bags/user95_2017-02-24.bag;0.834065854549408;0.0;0.9619645476341248;0.0;3.6903359844713712;0.8114143797257863;0.18858562027421366
1731803435.3104005;/app/bags/user95_2017-02-24.bag;0.834065854549408;0.0;0.9619645476341248;0.0;3.6903359844713712;0.8114143797257863;0.18858562027421366
1731803435.5103676;/app/bags/user95_2017-02-24.bag;0.834065854549408;0.0;0.9619645476341248;0.0;3.6903359844713712;0.8114143797257863;0.18858562027421366
1731803435.7104151;/app/bags/user95_2017-02-24.bag;0.834065854549408;0.0;0.9619645476341248;0.0;3.6903359844713712;0.8114143797257863;0.18858562027421366
1731803435.9105098;/app/bags/user95_2017-02-24.bag;0.834065854549408;0.0;0.9619645476341248;0.0;3.6903359844713712;0.8114143797257863;0.18858562027421366
1731803436.110383;/app/bags/user95_2017-02-24.bag;0.834065854549408;0.0;0.9619645476341248;0.0;3.6903359844713712;0.8114143797257863;0.18858562027421366
1731803436.3103793;/app/bags/user95_2017-02-24.bag;0.834065854549408;0.0;0.9619645476341248;0.0;3.6903359844713712;0.8114143797257863;0.18858562027421366
1731803436.5105698;/app/bags/user95_2017-02-24.bag;0.834065854549408;0.0;0.9619645476341248;0.0;3.6903359844713712;0.8114143797257863;0.18858562027421366
1731803436.710401;/app/bags/user95_2017-02-24.bag;0.834065854549408;0.0;0.9619645476341248;0.0;3.6903359844713712;0.8114143797257863;0.18858562027421366
1731803436.9103599;/app/bags/user95_2017-02-24.bag;0.834065854549408;0.0;0.9619645476341248;0.0;3.6903359844713712;0.8114143797257863;0.18858562027421366
1731803437.1103816;/app/bags/user95_2017-02-24.bag;0.834065854549408;0.0;0.9619645476341248;0.0;3.6903359844713712;0.8114143797257863;0.18858562027421366
1731803437.3104312;/app/bags/user95_2017-02-24.bag;0.834065854549408;0.0;0.9619645476341248;0.0;3.6903359844713712;0.8114143797257863;0.18858562027421366
1731803437.5104868;/app/bags/user95_2017-02-24.bag;0.834065854549408;0.0;0.9619645476341248;0.0;3.6903359844713712;0.8114143797257863;0.18858562027421366
1731803437.7103903;/app/bags/user95_2017-02-24.bag;0.834065854549408;0.0;0.9619645476341248;0.0;3.6903359844713712;0.8114143797257863;0.18858562027421366
1731803437.9103782;/app/bags/user95_2017-02-24.bag;0.834065854549408;0.0;0.9619645476341248;0.0;3.6903359844713712;0.8114143797257863;0.18858562027421366
1731803438.1103742;/app/bags/user95_2017-02-24.bag;0.834065854549408;0.0;0.9619645476341248;0.0;3.6903359844713712;0.8114143797257863;0.18858562027421366
1731803438.3104694;/app/bags/user95_2017-02-24.bag;0.834065854549408;0.0;0.9619645476341248;0.0;3.6903359844713712;0.8114143797257863;0.18858562027421366
1731803438.5104156;/app/bags/user95_2017-02-24.bag;0.834065854549408;0.0;0.9619645476341248;0.0;3.6903359844713712;0.8114143797257863;0.18858562027421366
1731803438.710354;/app/bags/user95_2017-02-24.bag;0.834065854549408;0.0;0.9619645476341248;0.0;3.6903359844713712;0.8114143797257863;0.18858562027421366
1731803438.9103734;/app/bags/user95_2017-02-24.bag;0.834065854549408;0.0;0.9619645476341248;0.0;3.6903359844713712;0.8114143797257863;0.18858562027421366
1731803439.1104221;/app/bags/user95_2017-02-24.bag;0.834065854549408;0.0;0.9619645476341248;0.0;3.6903359844713712;0.8114143797257863;0.18858562027421366
1731803439.3103778;/app/bags/user95_2017-02-24.bag;0.834065854549408;0.0;0.9619645476341248;0.0;3.6903359844713712;0.8114143797257863;0.18858562027421366
1731803439.5103898;/app/bags/user95_2017-02-24.bag;0.834065854549408;0.0;0.9619645476341248;0.0;3.6903359844713712;0.8114143797257863;0.18858562027421366
1731803439.710385;/app/bags/user95_2017-02-24.bag;0.834065854549408;0.0;0.9619645476341248;0.0;3.6903359844713712;0.8114143797257863;0.18858562027421366
1731803439.9103954;/app/bags/user95_2017-02-24.bag;0.834065854549408;0.0;0.9619645476341248;0.0;3.6903359844713712;0.8114143797257863;0.18858562027421366
1731803440.110435;/app/bags/user95_2017-02-24.bag;0.834065854549408;0.0;0.9619645476341248;0.0;3.6903359844713712;0.8114143797257863;0.18858562027421366
1731803440.3104517;/app/bags/user95_2017-02-24.bag;0.834065854549408;0.0;0.9619645476341248;0.0;3.6903359844713712;0.8114143797257863;0.18858562027421366
1731803440.5104885;/app/bags/user95_2017-02-24.bag;0.834065854549408;0.0;0.9619645476341248;0.0;3.6903359844713712;0.8114143797257863;0.18858562027421366
1731803440.7103956;/app/bags/user95_2017-02-24.bag;0.834065854549408;0.0;0.9619645476341248;0.0;3.6903359844713712;0.8114143797257863;0.18858562027421366
1731803440.9103417;/app/bags/user95_2017-02-24.bag;0.834065854549408;0.0;0.9619645476341248;0.0;3.6903359844713712;0.8114143797257863;0.18858562027421366
1731803441.110398;/app/bags/user95_2017-02-24.bag;0.834065854549408;0.0;0.9619645476341248;0.0;3.6903359844713712;0.8114143797257863;0.18858562027421366
1731803441.3104112;/app/bags/user95_2017-02-24.bag;0.834065854549408;0.0;0.9619645476341248;0.0;3.6903359844713712;0.8114143797257863;0.18858562027421366
1731803441.510398;/app/bags/user95_2017-02-24.bag;0.834065854549408;0.0;0.9619645476341248;0.0;3.6903359844713712;0.8114143797257863;0.18858562027421366
1731803441.7104096;/app/bags/user95_2017-02-24.bag;0.834065854549408;0.0;0.9619645476341248;0.0;3.6903359844713712;0.8114143797257863;0.18858562027421366
1731803441.9103844;/app/bags/user95_2017-02-24.bag;0.834065854549408;0.0;0.9619645476341248;0.0;3.6903359844713712;0.8114143797257863;0.18858562027421366
1731803442.110399;/app/bags/user95_2017-02-24.bag;0.834065854549408;0.0;0.9619645476341248;0.0;3.6903359844713712;0.8114143797257863;0.18858562027421366
1731803442.3104198;/app/bags/user95_2017-02-24.bag;0.834065854549408;0.0;0.9619645476341248;0.0;3.6903359844713712;0.8114143797257863;0.18858562027421366
1731803442.5104103;/app/bags/user95_2017-02-24.bag;0.834065854549408;0.0;0.9619645476341248;0.0;3.6903359844713712;0.8114143797257863;0.18858562027421366
1731803442.710352;/app/bags/user95_2017-02-24.bag;0.834065854549408;0.0;0.9619645476341248;0.0;3.6903359844713712;0.8114143797257863;0.18858562027421366
1731803442.9103887;/app/bags/user95_2017-02-24.bag;0.834065854549408;0.0;0.9619645476341248;0.0;3.6903359844713712;0.8114143797257863;0.18858562027421366
1731803443.1103947;/app/bags/user95_2017-02-24.bag;0.834065854549408;0.0;0.9619645476341248;0.0;3.6903359844713712;0.8114143797257863;0.18858562027421366
1731803443.3103957;/app/bags/user95_2017-02-24.bag;0.834065854549408;0.0;0.9619645476341248;0.0;3.6903359844713712;0.8114143797257863;0.18858562027421366
1731803443.510395;/app/bags/user95_2017-02-24.bag;0.834065854549408;0.0;0.9619645476341248;0.0;3.6903359844713712;0.8114143797257863;0.18858562027421366
1731803443.7104144;/app/bags/user95_2017-02-24.bag;0.834065854549408;0.0;0.9619645476341248;0.0;3.6903359844713712;0.8114143797257863;0.18858562027421366
1731803443.910499;/app/bags/user95_2017-02-24.bag;0.834065854549408;0.0;0.9619645476341248;0.0;3.6903359844713712;0.8114143797257863;0.18858562027421366
1731803444.110405;/app/bags/user95_2017-02-24.bag;0.834065854549408;0.0;0.9619645476341248;0.0;3.6903359844713712;0.8114143797257863;0.18858562027421366
1731803444.3104177;/app/bags/user95_2017-02-24.bag;0.834065854549408;0.0;0.9619645476341248;0.0;3.6903359844713712;0.8114143797257863;0.18858562027421366
1731803444.5104332;/app/bags/user95_2017-02-24.bag;0.834065854549408;0.0;0.9619645476341248;0.0;3.6903359844713712;0.8114143797257863;0.18858562027421366
1731803444.710437;/app/bags/user95_2017-02-24.bag;0.834065854549408;0.0;0.9619645476341248;0.0;3.6903359844713712;0.8114143797257863;0.18858562027421366
1731803444.910387;/app/bags/user95_2017-02-24.bag;0.834065854549408;0.0;0.9619645476341248;0.0;3.6903359844713712;0.8114143797257863;0.18858562027421366
1731803445.1105661;/app/bags/user95_2017-02-24.bag;0.834065854549408;0.0;0.9619645476341248;0.0;3.6903359844713712;0.8114143797257863;0.18858562027421366
1731803445.3104424;/app/bags/user95_2017-02-24.bag;0.834065854549408;0.0;0.9619645476341248;0.0;3.6903359844713712;0.8114143797257863;0.18858562027421366
1731803445.5103989;/app/bags/user95_2017-02-24.bag;0.834065854549408;0.0;0.9619645476341248;0.0;3.6903359844713712;0.8114143797257863;0.18858562027421366
1731803445.7103727;/app/bags/user95_2017-02-24.bag;0.834065854549408;0.0;0.9619645476341248;0.0;3.6903359844713712;0.8114143797257863;0.18858562027421366
1731803445.9104137;/app/bags/user95_2017-02-24.bag;0.834065854549408;0.0;0.9619645476341248;0.0;3.6903359844713712;0.8114143797257863;0.18858562027421366
1731803446.1104746;/app/bags/user95_2017-02-24.bag;0.834065854549408;0.0;0.9619645476341248;0.0;3.6903359844713712;0.8114143797257863;0.18858562027421366
1731803446.310408;/app/bags/user95_2017-02-24.bag;0.834065854549408;0.0;0.9619645476341248;0.0;3.6903359844713712;0.8114143797257863;0.18858562027421366
1731803446.5105271;/app/bags/user95_2017-02-24.bag;0.834065854549408;0.0;0.9619645476341248;0.0;3.6903359844713712;0.8114143797257863;0.18858562027421366
1731803446.7105253;/app/bags/user95_2017-02-24.bag;0.834065854549408;0.0;0.9619645476341248;0.0;3.6903359844713712;0.8114143797257863;0.18858562027421366
1731803446.910405;/app/bags/user95_2017-02-24.bag;0.834065854549408;0.0;0.9619645476341248;0.0;3.6903359844713712;0.8114143797257863;0.18858562027421366
1731803447.1104715;/app/bags/user95_2017-02-24.bag;0.834065854549408;0.0;0.9619645476341248;0.0;3.6903359844713712;0.8114143797257863;0.18858562027421366
1731803447.310435;/app/bags/user95_2017-02-24.bag;0.834065854549408;0.0;0.9619645476341248;0.0;3.6903359844713712;0.8114143797257863;0.18858562027421366
1731803447.5104039;/app/bags/user95_2017-02-24.bag;0.834065854549408;0.0;0.9619645476341248;0.0;3.6903359844713712;0.8114143797257863;0.18858562027421366
1731803447.7104142;/app/bags/user95_2017-02-24.bag;0.834065854549408;0.0;0.9619645476341248;0.0;3.6903359844713712;0.8114143797257863;0.18858562027421366
1731803447.9104767;/app/bags/user95_2017-02-24.bag;0.834065854549408;0.0;0.9619645476341248;0.0;3.6903359844713712;0.8114143797257863;0.18858562027421366
1731803448.1104763;/app/bags/user95_2017-02-24.bag;0.834065854549408;0.0;0.9619645476341248;0.0;3.6903359844713712;0.8114143797257863;0.18858562027421366
1731803448.3104215;/app/bags/user95_2017-02-24.bag;0.834065854549408;0.0;0.9619645476341248;0.0;3.6903359844713712;0.8114143797257863;0.18858562027421366
1731803448.5104125;/app/bags/user95_2017-02-24.bag;0.834065854549408;0.0;0.9619645476341248;0.0;3.6903359844713712;0.8114143797257863;0.18858562027421366
1731803448.710412;/app/bags/user95_2017-02-24.bag;0.834065854549408;0.0;0.9619645476341248;0.0;3.6903359844713712;0.8114143797257863;0.18858562027421366
1731803448.9104354;/app/bags/user95_2017-02-24.bag;0.834065854549408;0.0;0.9619645476341248;0.0;3.6903359844713712;0.8114143797257863;0.18858562027421366
1731803449.1104076;/app/bags/user95_2017-02-24.bag;0.834065854549408;0.0;0.9619645476341248;0.0;3.6903359844713712;0.8114143797257863;0.18858562027421366
1731803449.3103795;/app/bags/user95_2017-02-24.bag;0.834065854549408;0.0;0.9619645476341248;0.0;3.6903359844713712;0.8114143797257863;0.18858562027421366
1731803449.5104113;/app/bags/user95_2017-02-24.bag;0.834065854549408;0.0;0.9619645476341248;0.0;3.6903359844713712;0.8114143797257863;0.18858562027421366
1731803449.7104003;/app/bags/user95_2017-02-24.bag;0.834065854549408;0.0;0.9619645476341248;0.0;3.6903359844713712;0.8114143797257863;0.18858562027421366
1731803449.9103882;/app/bags/user95_2017-02-24.bag;0.834065854549408;0.0;0.9619645476341248;0.0;3.6903359844713712;0.8114143797257863;0.18858562027421366
1731803450.1104226;/app/bags/user95_2017-02-24.bag;0.834065854549408;0.0;0.9619645476341248;0.0;3.6903359844713712;0.8114143797257863;0.18858562027421366
1731803450.3103826;/app/bags/user95_2017-02-24.bag;0.834065854549408;0.0;0.9619645476341248;0.0;3.6903359844713712;0.8114143797257863;0.18858562027421366
1731803450.5103836;/app/bags/user95_2017-02-24.bag;0.834065854549408;0.0;0.9619645476341248;0.0;3.6903359844713712;0.8114143797257863;0.18858562027421366
1731803450.7103896;/app/bags/user95_2017-02-24.bag;0.834065854549408;0.0;0.9619645476341248;0.0;3.6903359844713712;0.8114143797257863;0.18858562027421366
1731803450.9103873;/app/bags/user95_2017-02-24.bag;0.834065854549408;0.0;0.9619645476341248;0.0;3.6903359844713712;0.8114143797257863;0.18858562027421366
1731803451.1104283;/app/bags/user95_2017-02-24.bag;0.834065854549408;0.0;0.9619645476341248;0.0;3.6903359844713712;0.8114143797257863;0.18858562027421366
1731803451.3103664;/app/bags/user95_2017-02-24.bag;0.834065854549408;0.0;0.9619645476341248;0.0;3.6903359844713712;0.8114143797257863;0.18858562027421366
1731803451.5103807;/app/bags/user95_2017-02-24.bag;0.834065854549408;0.0;0.9619645476341248;0.0;3.6903359844713712;0.8114143797257863;0.18858562027421366
1731803451.7104127;/app/bags/user95_2017-02-24.bag;0.834065854549408;0.0;0.9619645476341248;0.0;3.6903359844713712;0.8114143797257863;0.18858562027421366
1731803451.9104092;/app/bags/user95_2017-02-24.bag;0.834065854549408;0.0;0.9619645476341248;0.0;3.6903359844713712;0.8114143797257863;0.18858562027421366
1731803452.110401;/app/bags/user95_2017-02-24.bag;0.834065854549408;0.0;0.9619645476341248;0.0;3.6903359844713712;0.8114143797257863;0.18858562027421366
1731803452.3103592;/app/bags/user95_2017-02-24.bag;0.834065854549408;0.0;0.9619645476341248;0.0;3.6903359844713712;0.8114143797257863;0.18858562027421366
1731803452.5103965;/app/bags/user95_2017-02-24.bag;0.834065854549408;0.0;0.9619645476341248;0.0;3.6903359844713712;0.8114143797257863;0.18858562027421366
1731803452.7104366;/app/bags/user95_2017-02-24.bag;0.834065854549408;0.0;0.9619645476341248;0.0;3.6903359844713712;0.8114143797257863;0.18858562027421366
1731803452.9104285;/app/bags/user95_2017-02-24.bag;0.834065854549408;0.0;0.9619645476341248;0.0;3.6903359844713712;0.8114143797257863;0.18858562027421366
1731803453.1103785;/app/bags/user95_2017-02-24.bag;0.834065854549408;0.0;0.9619645476341248;0.0;3.6903359844713712;0.8114143797257863;0.18858562027421366
1731803453.310477;/app/bags/user95_2017-02-24.bag;0.834065854549408;0.0;0.9619645476341248;0.0;3.6903359844713712;0.8114143797257863;0.18858562027421366
1731803453.510383;/app/bags/user95_2017-02-24.bag;0.834065854549408;0.0;0.9619645476341248;0.0;3.6903359844713712;0.8114143797257863;0.18858562027421366
1731803453.7104166;/app/bags/user95_2017-02-24.bag;0.834065854549408;0.0;0.9619645476341248;0.0;3.6903359844713712;0.8114143797257863;0.18858562027421366
1731803453.9104435;/app/bags/user95_2017-02-24.bag;0.834065854549408;0.0;0.9619645476341248;0.0;3.6903359844713712;0.8114143797257863;0.18858562027421366
1731803454.1103928;/app/bags/user95_2017-02-24.bag;0.834065854549408;0.0;0.9619645476341248;0.0;3.6903359844713712;0.8114143797257863;0.18858562027421366
1731803454.3104715;/app/bags/user95_2017-02-24.bag;0.834065854549408;0.0;0.9619645476341248;0.0;3.6903359844713712;0.8114143797257863;0.18858562027421366
1731803454.510426;/app/bags/user95_2017-02-24.bag;0.834065854549408;0.0;0.9619645476341248;0.0;3.6903359844713712;0.8114143797257863;0.18858562027421366
1731803454.710512;/app/bags/user95_2017-02-24.bag;0.834065854549408;0.0;0.9619645476341248;0.0;3.6903359844713712;0.8114143797257863;0.18858562027421366
1731803454.9104114;/app/bags/user95_2017-02-24.bag;0.834065854549408;0.0;0.9619645476341248;0.0;3.6903359844713712;0.8114143797257863;0.18858562027421366
1731803455.1104016;/app/bags/user95_2017-02-24.bag;0.834065854549408;0.0;0.9619645476341248;0.0;3.6903359844713712;0.8114143797257863;0.18858562027421366
1731803455.310467;/app/bags/user95_2017-02-24.bag;0.834065854549408;0.0;0.9619645476341248;0.0;3.6903359844713712;0.8114143797257863;0.18858562027421366
1731803455.5104415;/app/bags/user95_2017-02-24.bag;0.834065854549408;0.0;0.9619645476341248;0.0;3.6903359844713712;0.8114143797257863;0.18858562027421366
1731803455.7104197;/app/bags/user95_2017-02-24.bag;0.834065854549408;0.0;0.9619645476341248;0.0;3.6903359844713712;0.8114143797257863;0.18858562027421366
1731803455.910537;/app/bags/user95_2017-02-24.bag;0.834065854549408;0.0;0.9619645476341248;0.0;3.6903359844713712;0.8114143797257863;0.18858562027421366
1731803456.110372;/app/bags/user95_2017-02-24.bag;0.834065854549408;0.0;0.9619645476341248;0.0;3.6903359844713712;0.8114143797257863;0.18858562027421366
1731803456.310383;/app/bags/user95_2017-02-24.bag;0.834065854549408;0.0;0.9619645476341248;0.0;3.6903359844713712;0.8114143797257863;0.18858562027421366
1731803456.5104315;/app/bags/user95_2017-02-24.bag;0.834065854549408;0.0;0.9619645476341248;0.0;3.6903359844713712;0.8114143797257863;0.18858562027421366
1731803456.7103696;/app/bags/user95_2017-02-24.bag;0.834065854549408;0.0;0.9619645476341248;0.0;3.6903359844713712;0.8114143797257863;0.18858562027421366
1731803456.9104233;/app/bags/user95_2017-02-24.bag;0.834065854549408;0.0;0.9619645476341248;0.0;3.6903359844713712;0.8114143797257863;0.18858562027421366
1731803457.1103911;/app/bags/user95_2017-02-24.bag;0.834065854549408;0.0;0.9619645476341248;0.0;3.6903359844713712;0.8114143797257863;0.18858562027421366
1731803457.310422;/app/bags/user95_2017-02-24.bag;0.834065854549408;0.0;0.9619645476341248;0.0;3.6903359844713712;0.8114143797257863;0.18858562027421366
1731803457.510405;/app/bags/user95_2017-02-24.bag;0.834065854549408;0.0;0.9619645476341248;0.0;3.6903359844713712;0.8114143797257863;0.18858562027421366
1731803457.7105355;/app/bags/user95_2017-02-24.bag;0.834065854549408;0.0;0.9619645476341248;0.0;3.6903359844713712;0.8114143797257863;0.18858562027421366
1731803457.9103763;/app/bags/user95_2017-02-24.bag;0.834065854549408;0.0;0.9619645476341248;0.0;3.6903359844713712;0.8114143797257863;0.18858562027421366
1731803458.1103597;/app/bags/user95_2017-02-24.bag;0.834065854549408;0.0;0.9619645476341248;0.0;3.6903359844713712;0.8114143797257863;0.18858562027421366
1731803458.3104253;/app/bags/user95_2017-02-24.bag;0.834065854549408;0.0;0.9619645476341248;0.0;3.6903359844713712;0.8114143797257863;0.18858562027421366
1731803458.5104692;/app/bags/user95_2017-02-24.bag;0.834065854549408;0.0;0.9619645476341248;0.0;3.6903359844713712;0.8114143797257863;0.18858562027421366
1731803458.710385;/app/bags/user95_2017-02-24.bag;0.834065854549408;0.0;0.9619645476341248;0.0;3.6903359844713712;0.8114143797257863;0.18858562027421366
1731803458.9104125;/app/bags/user95_2017-02-24.bag;0.834065854549408;0.0;0.9619645476341248;0.0;3.6903359844713712;0.8114143797257863;0.18858562027421366
1731803459.110396;/app/bags/user95_2017-02-24.bag;0.834065854549408;0.0;0.9619645476341248;0.0;3.6903359844713712;0.8114143797257863;0.18858562027421366
1731803459.3104095;/app/bags/user95_2017-02-24.bag;0.834065854549408;0.0;0.9619645476341248;0.0;3.6903359844713712;0.8114143797257863;0.18858562027421366
1731803459.5103993;/app/bags/user95_2017-02-24.bag;0.834065854549408;0.0;0.9619645476341248;0.0;3.6903359844713712;0.8114143797257863;0.18858562027421366
1731803459.7104218;/app/bags/user95_2017-02-24.bag;0.834065854549408;0.0;0.9619645476341248;0.0;3.6903359844713712;0.8114143797257863;0.18858562027421366
1731803459.9104836;/app/bags/user95_2017-02-24.bag;0.834065854549408;0.0;0.9619645476341248;0.0;3.6903359844713712;0.8114143797257863;0.18858562027421366
1731803460.1104896;/app/bags/user95_2017-02-24.bag;0.834065854549408;0.0;0.9619645476341248;0.0;3.6903359844713712;0.8114143797257863;0.18858562027421366
1731803460.310403;/app/bags/user95_2017-02-24.bag;0.834065854549408;0.0;0.9619645476341248;0.0;3.6903359844713712;0.8114143797257863;0.18858562027421366
1731803460.5105665;/app/bags/user95_2017-02-24.bag;0.834065854549408;0.0;0.9619645476341248;0.0;3.6903359844713712;0.8114143797257863;0.18858562027421366
1731803460.7104096;/app/bags/user95_2017-02-24.bag;0.834065854549408;0.0;0.9619645476341248;0.0;3.6903359844713712;0.8114143797257863;0.18858562027421366
1731803460.9104114;/app/bags/user95_2017-02-24.bag;0.834065854549408;0.0;0.9619645476341248;0.0;3.6903359844713712;0.8114143797257863;0.18858562027421366
1731803461.1104038;/app/bags/user95_2017-02-24.bag;0.834065854549408;0.0;0.9619645476341248;0.0;3.6903359844713712;0.8114143797257863;0.18858562027421366
1731803461.3103817;/app/bags/user95_2017-02-24.bag;0.834065854549408;0.0;0.9619645476341248;0.0;3.6903359844713712;0.8114143797257863;0.18858562027421366
1731803461.5103793;/app/bags/user95_2017-02-24.bag;0.834065854549408;0.0;0.9619645476341248;0.0;3.6903359844713712;0.8114143797257863;0.18858562027421366
1731803461.7104316;/app/bags/user95_2017-02-24.bag;0.834065854549408;0.0;0.9619645476341248;0.0;3.6903359844713712;0.8114143797257863;0.18858562027421366
1731803461.910479;/app/bags/user95_2017-02-24.bag;0.834065854549408;0.0;0.9619645476341248;0.0;3.6903359844713712;0.8114143797257863;0.18858562027421366
1731803462.110427;/app/bags/user95_2017-02-24.bag;0.834065854549408;0.0;0.9619645476341248;0.0;3.6903359844713712;0.8114143797257863;0.18858562027421366
1731803462.310361;/app/bags/user95_2017-02-24.bag;0.834065854549408;0.0;0.9619645476341248;0.0;3.6903359844713712;0.8114143797257863;0.18858562027421366
1731803462.5104175;/app/bags/user95_2017-02-24.bag;0.834065854549408;0.0;0.9619645476341248;0.0;3.6903359844713712;0.8114143797257863;0.18858562027421366
1731803462.7103698;/app/bags/user95_2017-02-24.bag;0.834065854549408;0.0;0.9619645476341248;0.0;3.6903359844713712;0.8114143797257863;0.18858562027421366
1731803462.910424;/app/bags/user95_2017-02-24.bag;0.834065854549408;0.0;0.9619645476341248;0.0;3.6903359844713712;0.8114143797257863;0.18858562027421366
1731803463.1104352;/app/bags/user95_2017-02-24.bag;0.834065854549408;0.0;0.9619645476341248;0.0;3.6903359844713712;0.8114143797257863;0.18858562027421366
1731803463.3104143;/app/bags/user95_2017-02-24.bag;0.834065854549408;0.0;0.9619645476341248;0.0;3.6903359844713712;0.8114143797257863;0.18858562027421366
1731803463.5104024;/app/bags/user95_2017-02-24.bag;0.834065854549408;0.0;0.9619645476341248;0.0;3.6903359844713712;0.8114143797257863;0.18858562027421366
1731803463.7103786;/app/bags/user95_2017-02-24.bag;0.834065854549408;0.0;0.9619645476341248;0.0;3.6903359844713712;0.8114143797257863;0.18858562027421366
1731803463.9103994;/app/bags/user95_2017-02-24.bag;0.834065854549408;0.0;0.9619645476341248;0.0;3.6903359844713712;0.8114143797257863;0.18858562027421366
1731803464.1103442;/app/bags/user95_2017-02-24.bag;0.834065854549408;0.0;0.9619645476341248;0.0;3.6903359844713712;0.8114143797257863;0.18858562027421366
1731803464.310406;/app/bags/user95_2017-02-24.bag;0.834065854549408;0.0;0.9619645476341248;0.0;3.6903359844713712;0.8114143797257863;0.18858562027421366
1731803464.51041;/app/bags/user95_2017-02-24.bag;0.834065854549408;0.0;0.9619645476341248;0.0;3.6903359844713712;0.8114143797257863;0.18858562027421366
1731803464.7103941;/app/bags/user95_2017-02-24.bag;0.834065854549408;0.0;0.9619645476341248;0.0;3.6903359844713712;0.8114143797257863;0.18858562027421366
1731803464.9104466;/app/bags/user95_2017-02-24.bag;0.834065854549408;0.0;0.9619645476341248;0.0;3.6903359844713712;0.8114143797257863;0.18858562027421366
1731803465.1104577;/app/bags/user95_2017-02-24.bag;0.834065854549408;0.0;0.9619645476341248;0.0;3.6903359844713712;0.8114143797257863;0.18858562027421366
1731803465.3104377;/app/bags/user95_2017-02-24.bag;0.834065854549408;0.0;0.9619645476341248;0.0;3.6903359844713712;0.8114143797257863;0.18858562027421366
1731803465.5104954;/app/bags/user95_2017-02-24.bag;0.834065854549408;0.0;0.9619645476341248;0.0;3.6903359844713712;0.8114143797257863;0.18858562027421366
1731803465.710398;/app/bags/user95_2017-02-24.bag;0.834065854549408;0.0;0.9619645476341248;0.0;3.6903359844713712;0.8114143797257863;0.18858562027421366
1731803465.9103968;/app/bags/user95_2017-02-24.bag;0.834065854549408;0.0;0.9619645476341248;0.0;3.6903359844713712;0.8114143797257863;0.18858562027421366
1731803466.1103966;/app/bags/user95_2017-02-24.bag;0.834065854549408;0.0;0.9619645476341248;0.0;3.6903359844713712;0.8114143797257863;0.18858562027421366
1731803466.3104465;/app/bags/user95_2017-02-24.bag;0.834065854549408;0.0;0.9619645476341248;0.0;3.6903359844713712;0.8114143797257863;0.18858562027421366
1731803466.5104053;/app/bags/user95_2017-02-24.bag;0.834065854549408;0.0;0.9619645476341248;0.0;3.6903359844713712;0.8114143797257863;0.18858562027421366
1731803466.7103956;/app/bags/user95_2017-02-24.bag;0.834065854549408;0.0;0.9619645476341248;0.0;3.6903359844713712;0.8114143797257863;0.18858562027421366
1731803466.9104085;/app/bags/user95_2017-02-24.bag;0.834065854549408;0.0;0.9619645476341248;0.0;3.6903359844713712;0.8114143797257863;0.18858562027421366
1731803467.1103928;/app/bags/user95_2017-02-24.bag;0.834065854549408;0.0;0.9619645476341248;0.0;3.6903359844713712;0.8114143797257863;0.18858562027421366
1731803467.3103962;/app/bags/user95_2017-02-24.bag;0.834065854549408;0.0;0.9619645476341248;0.0;3.6903359844713712;0.8114143797257863;0.18858562027421366
1731803467.5103993;/app/bags/user95_2017-02-24.bag;0.834065854549408;0.0;0.9619645476341248;0.0;3.6903359844713712;0.8114143797257863;0.18858562027421366
1731803467.7104664;/app/bags/user95_2017-02-24.bag;0.834065854549408;0.0;0.9619645476341248;0.0;3.6903359844713712;0.8114143797257863;0.18858562027421366
1731803467.9104328;/app/bags/user95_2017-02-24.bag;0.834065854549408;0.0;0.9619645476341248;0.0;3.6903359844713712;0.8114143797257863;0.18858562027421366
1731803468.1104226;/app/bags/user95_2017-02-24.bag;0.834065854549408;0.0;0.9619645476341248;0.0;3.6903359844713712;0.8114143797257863;0.18858562027421366
1731803468.310387;/app/bags/user95_2017-02-24.bag;0.834065854549408;0.0;0.9619645476341248;0.0;3.6903359844713712;0.8114143797257863;0.18858562027421366
1731803468.5104609;/app/bags/user95_2017-02-24.bag;0.834065854549408;0.0;0.9619645476341248;0.0;3.6903359844713712;0.8114143797257863;0.18858562027421366
1731803468.710404;/app/bags/user95_2017-02-24.bag;0.834065854549408;0.0;0.9619645476341248;0.0;3.6903359844713712;0.8114143797257863;0.18858562027421366
1731803468.910447;/app/bags/user95_2017-02-24.bag;0.834065854549408;0.0;0.9619645476341248;0.0;3.6903359844713712;0.8114143797257863;0.18858562027421366
1731803469.1104374;/app/bags/user95_2017-02-24.bag;0.834065854549408;0.0;0.9619645476341248;0.0;3.6903359844713712;0.8114143797257863;0.18858562027421366
1731803469.3105056;/app/bags/user95_2017-02-24.bag;0.834065854549408;0.0;0.9619645476341248;0.0;3.6903359844713712;0.8114143797257863;0.18858562027421366
1731803469.5103934;/app/bags/user95_2017-02-24.bag;0.834065854549408;0.0;0.9619645476341248;0.0;3.6903359844713712;0.8114143797257863;0.18858562027421366
1731803469.710427;/app/bags/user95_2017-02-24.bag;0.834065854549408;0.0;0.9619645476341248;0.0;3.6903359844713712;0.8114143797257863;0.18858562027421366
1731803469.9105153;/app/bags/user95_2017-02-24.bag;0.834065854549408;0.0;0.9619645476341248;0.0;3.6903359844713712;0.8114143797257863;0.18858562027421366
1731803470.1104536;/app/bags/user95_2017-02-24.bag;0.834065854549408;0.0;0.9619645476341248;0.0;3.6903359844713712;0.8114143797257863;0.18858562027421366
1731803470.3103695;/app/bags/user95_2017-02-24.bag;0.834065854549408;0.0;0.9619645476341248;0.0;3.6903359844713712;0.8114143797257863;0.18858562027421366
1731803470.510384;/app/bags/user95_2017-02-24.bag;0.834065854549408;0.0;0.9619645476341248;0.0;3.6903359844713712;0.8114143797257863;0.18858562027421366
1731803470.7103875;/app/bags/user95_2017-02-24.bag;0.834065854549408;0.0;0.9619645476341248;0.0;3.6903359844713712;0.8114143797257863;0.18858562027421366
1731803470.9103715;/app/bags/user95_2017-02-24.bag;0.834065854549408;0.0;0.9619645476341248;0.0;3.6903359844713712;0.8114143797257863;0.18858562027421366
1731803471.1104;/app/bags/user95_2017-02-24.bag;0.834065854549408;0.0;0.9619645476341248;0.0;3.6903359844713712;0.8114143797257863;0.18858562027421366
1731803471.3104007;/app/bags/user95_2017-02-24.bag;0.834065854549408;0.0;0.9619645476341248;0.0;3.6903359844713712;0.8114143797257863;0.18858562027421366
1731803471.5103948;/app/bags/user95_2017-02-24.bag;0.834065854549408;0.0;0.9619645476341248;0.0;3.6903359844713712;0.8114143797257863;0.18858562027421366
1731803471.7104425;/app/bags/user95_2017-02-24.bag;0.834065854549408;0.0;0.9619645476341248;0.0;3.6903359844713712;0.8114143797257863;0.18858562027421366
1731803471.910421;/app/bags/user95_2017-02-24.bag;0.834065854549408;0.0;0.9619645476341248;0.0;3.6903359844713712;0.8114143797257863;0.18858562027421366
1731803472.110472;/app/bags/user95_2017-02-24.bag;0.834065854549408;0.0;0.9619645476341248;0.0;3.6903359844713712;0.8114143797257863;0.18858562027421366
1731803472.3104212;/app/bags/user95_2017-02-24.bag;0.834065854549408;0.0;0.9619645476341248;0.0;3.6903359844713712;0.8114143797257863;0.18858562027421366
1731803472.5104048;/app/bags/user95_2017-02-24.bag;0.834065854549408;0.0;0.9619645476341248;0.0;3.6903359844713712;0.8114143797257863;0.18858562027421366
1731803472.7104084;/app/bags/user95_2017-02-24.bag;0.834065854549408;0.0;0.9619645476341248;0.0;3.6903359844713712;0.8114143797257863;0.18858562027421366
1731803472.9103687;/app/bags/user95_2017-02-24.bag;0.834065854549408;0.0;0.9619645476341248;0.0;3.6903359844713712;0.8114143797257863;0.18858562027421366
1731803473.1103861;/app/bags/user95_2017-02-24.bag;0.834065854549408;0.0;0.9619645476341248;0.0;3.6903359844713712;0.8114143797257863;0.18858562027421366
1731803473.310465;/app/bags/user95_2017-02-24.bag;0.834065854549408;0.0;0.9619645476341248;0.0;3.6903359844713712;0.8114143797257863;0.18858562027421366
1731803473.510371;/app/bags/user95_2017-02-24.bag;0.834065854549408;0.0;0.9619645476341248;0.0;3.6903359844713712;0.8114143797257863;0.18858562027421366
1731803473.7104044;/app/bags/user95_2017-02-24.bag;0.834065854549408;0.0;0.9619645476341248;0.0;3.6903359844713712;0.8114143797257863;0.18858562027421366
1731803473.9104323;/app/bags/user95_2017-02-24.bag;0.834065854549408;0.0;0.9619645476341248;0.0;3.6903359844713712;0.8114143797257863;0.18858562027421366
1731803474.1103952;/app/bags/user95_2017-02-24.bag;0.834065854549408;0.0;0.9619645476341248;0.0;3.6903359844713712;0.8114143797257863;0.18858562027421366
1731803474.3103924;/app/bags/user95_2017-02-24.bag;0.834065854549408;0.0;0.9619645476341248;0.0;3.6903359844713712;0.8114143797257863;0.18858562027421366
1731803474.5104468;/app/bags/user95_2017-02-24.bag;0.834065854549408;0.0;0.9619645476341248;0.0;3.6903359844713712;0.8114143797257863;0.18858562027421366
1731803474.710386;/app/bags/user95_2017-02-24.bag;0.834065854549408;0.0;0.9619645476341248;0.0;3.6903359844713712;0.8114143797257863;0.18858562027421366
1731803474.9103847;/app/bags/user95_2017-02-24.bag;0.834065854549408;0.0;0.9619645476341248;0.0;3.6903359844713712;0.8114143797257863;0.18858562027421366
1731803475.1103685;/app/bags/user95_2017-02-24.bag;0.834065854549408;0.0;0.9619645476341248;0.0;3.6903359844713712;0.8114143797257863;0.18858562027421366
1731803475.3103662;/app/bags/user95_2017-02-24.bag;0.834065854549408;0.0;0.9619645476341248;0.0;3.6903359844713712;0.8114143797257863;0.18858562027421366
1731803475.5104227;/app/bags/user95_2017-02-24.bag;0.834065854549408;0.0;0.9619645476341248;0.0;3.6903359844713712;0.8114143797257863;0.18858562027421366
1731803475.710398;/app/bags/user95_2017-02-24.bag;0.834065854549408;0.0;0.9619645476341248;0.0;3.6903359844713712;0.8114143797257863;0.18858562027421366
1731803475.9104297;/app/bags/user95_2017-02-24.bag;0.834065854549408;0.0;0.9619645476341248;0.0;3.6903359844713712;0.8114143797257863;0.18858562027421366
1731803476.110374;/app/bags/user95_2017-02-24.bag;0.834065854549408;0.0;0.9619645476341248;0.0;3.6903359844713712;0.8114143797257863;0.18858562027421366
1731803476.3103824;/app/bags/user95_2017-02-24.bag;0.834065854549408;0.0;0.9619645476341248;0.0;3.6903359844713712;0.8114143797257863;0.18858562027421366
1731803476.5103858;/app/bags/user95_2017-02-24.bag;0.834065854549408;0.0;0.9619645476341248;0.0;3.6903359844713712;0.8114143797257863;0.18858562027421366
1731803476.710389;/app/bags/user95_2017-02-24.bag;0.834065854549408;0.0;0.9619645476341248;0.0;3.6903359844713712;0.8114143797257863;0.18858562027421366
1731803476.9103966;/app/bags/user95_2017-02-24.bag;0.834065854549408;0.0;0.9619645476341248;0.0;3.6903359844713712;0.8114143797257863;0.18858562027421366
1731803477.1104376;/app/bags/user95_2017-02-24.bag;0.834065854549408;0.0;0.9619645476341248;0.0;3.6903359844713712;0.8114143797257863;0.18858562027421366
1731803477.3104014;/app/bags/user95_2017-02-24.bag;0.834065854549408;0.0;0.9619645476341248;0.0;3.6903359844713712;0.8114143797257863;0.18858562027421366
1731803477.5103576;/app/bags/user95_2017-02-24.bag;0.834065854549408;0.0;0.9619645476341248;0.0;3.6903359844713712;0.8114143797257863;0.18858562027421366
1731803477.7104795;/app/bags/user95_2017-02-24.bag;0.834065854549408;0.0;0.9619645476341248;0.0;3.6903359844713712;0.8114143797257863;0.18858562027421366
1731803477.9103603;/app/bags/user95_2017-02-24.bag;0.834065854549408;0.0;0.9619645476341248;0.0;3.6903359844713712;0.8114143797257863;0.18858562027421366
1731803478.1103773;/app/bags/user95_2017-02-24.bag;0.834065854549408;0.0;0.9619645476341248;0.0;3.6903359844713712;0.8114143797257863;0.18858562027421366
1731803478.3103771;/app/bags/user95_2017-02-24.bag;0.834065854549408;0.0;0.9619645476341248;0.0;3.6903359844713712;0.8114143797257863;0.18858562027421366
1731803478.5104415;/app/bags/user95_2017-02-24.bag;0.834065854549408;0.0;0.9619645476341248;0.0;3.6903359844713712;0.8114143797257863;0.18858562027421366
1731803478.710433;/app/bags/user95_2017-02-24.bag;0.834065854549408;0.0;0.9619645476341248;0.0;3.6903359844713712;0.8114143797257863;0.18858562027421366
1731803478.910428;/app/bags/user95_2017-02-24.bag;0.834065854549408;0.0;0.9619645476341248;0.0;3.6903359844713712;0.8114143797257863;0.18858562027421366
1731803479.1103997;/app/bags/user95_2017-02-24.bag;0.834065854549408;0.0;0.9619645476341248;0.0;3.6903359844713712;0.8114143797257863;0.18858562027421366
1731803479.3104527;/app/bags/user95_2017-02-24.bag;0.834065854549408;0.0;0.9619645476341248;0.0;3.6903359844713712;0.8114143797257863;0.18858562027421366
1731803479.5103972;/app/bags/user95_2017-02-24.bag;0.834065854549408;0.0;0.9619645476341248;0.0;3.6903359844713712;0.8114143797257863;0.18858562027421366
1731803479.7103918;/app/bags/user95_2017-02-24.bag;0.834065854549408;0.0;0.9619645476341248;0.0;3.6903359844713712;0.8114143797257863;0.18858562027421366
1731803479.9103982;/app/bags/user95_2017-02-24.bag;0.834065854549408;0.0;0.9619645476341248;0.0;3.6903359844713712;0.8114143797257863;0.18858562027421366
1731803480.1104646;/app/bags/user95_2017-02-24.bag;0.834065854549408;0.0;0.9619645476341248;0.0;3.6903359844713712;0.8114143797257863;0.18858562027421366
1731803480.3103862;/app/bags/user95_2017-02-24.bag;0.834065854549408;0.0;0.9619645476341248;0.0;3.6903359844713712;0.8114143797257863;0.18858562027421366
1731803480.5104325;/app/bags/user95_2017-02-24.bag;0.834065854549408;0.0;0.9619645476341248;0.0;3.6903359844713712;0.8114143797257863;0.18858562027421366
1731803480.71039;/app/bags/user95_2017-02-24.bag;0.834065854549408;0.0;0.9619645476341248;0.0;3.6903359844713712;0.8114143797257863;0.18858562027421366
1731803480.9104006;/app/bags/user95_2017-02-24.bag;0.834065854549408;0.0;0.9619645476341248;0.0;3.6903359844713712;0.8114143797257863;0.18858562027421366
1731803481.1103706;/app/bags/user95_2017-02-24.bag;0.834065854549408;0.0;0.9619645476341248;0.0;3.6903359844713712;0.8114143797257863;0.18858562027421366
1731803481.3103774;/app/bags/user95_2017-02-24.bag;0.834065854549408;0.0;0.9619645476341248;0.0;3.6903359844713712;0.8114143797257863;0.18858562027421366
1731803481.510393;/app/bags/user95_2017-02-24.bag;0.834065854549408;0.0;0.9619645476341248;0.0;3.6903359844713712;0.8114143797257863;0.18858562027421366
1731803481.7103646;/app/bags/user95_2017-02-24.bag;0.834065854549408;0.0;0.9619645476341248;0.0;3.6903359844713712;0.8114143797257863;0.18858562027421366
1731803481.9103932;/app/bags/user95_2017-02-24.bag;0.834065854549408;0.0;0.9619645476341248;0.0;3.6903359844713712;0.8114143797257863;0.18858562027421366
1731803482.1104553;/app/bags/user95_2017-02-24.bag;0.834065854549408;0.0;0.9619645476341248;0.0;3.6903359844713712;0.8114143797257863;0.18858562027421366
1731803482.3103888;/app/bags/user95_2017-02-24.bag;0.834065854549408;0.0;0.9619645476341248;0.0;3.6903359844713712;0.8114143797257863;0.18858562027421366
1731803482.5104487;/app/bags/user95_2017-02-24.bag;0.834065854549408;0.0;0.9619645476341248;0.0;3.6903359844713712;0.8114143797257863;0.18858562027421366
1731803482.7104135;/app/bags/user95_2017-02-24.bag;0.834065854549408;0.0;0.9619645476341248;0.0;3.6903359844713712;0.8114143797257863;0.18858562027421366
1731803482.9103732;/app/bags/user95_2017-02-24.bag;0.834065854549408;0.0;0.9619645476341248;0.0;3.6903359844713712;0.8114143797257863;0.18858562027421366
1731803483.11039;/app/bags/user95_2017-02-24.bag;0.834065854549408;0.0;0.9619645476341248;0.0;3.6903359844713712;0.8114143797257863;0.18858562027421366
1731803483.3103874;/app/bags/user95_2017-02-24.bag;0.834065854549408;0.0;0.9619645476341248;0.0;3.6903359844713712;0.8114143797257863;0.18858562027421366
1731803483.5103521;/app/bags/user95_2017-02-24.bag;0.834065854549408;0.0;0.9619645476341248;0.0;3.6903359844713712;0.8114143797257863;0.18858562027421366
1731803483.7104;/app/bags/user95_2017-02-24.bag;0.834065854549408;0.0;0.9619645476341248;0.0;3.6903359844713712;0.8114143797257863;0.18858562027421366
1731803483.9105005;/app/bags/user95_2017-02-24.bag;0.834065854549408;0.0;0.9619645476341248;0.0;3.6903359844713712;0.8114143797257863;0.18858562027421366
1731803484.1105173;/app/bags/user95_2017-02-24.bag;0.834065854549408;0.0;0.9619645476341248;0.0;3.6903359844713712;0.8114143797257863;0.18858562027421366
1731803484.3104455;/app/bags/user95_2017-02-24.bag;0.834065854549408;0.0;0.9619645476341248;0.0;3.6903359844713712;0.8114143797257863;0.18858562027421366
1731803484.510401;/app/bags/user95_2017-02-24.bag;0.834065854549408;0.0;0.9619645476341248;0.0;3.6903359844713712;0.8114143797257863;0.18858562027421366
1731803484.7104409;/app/bags/user95_2017-02-24.bag;0.834065854549408;0.0;0.9619645476341248;0.0;3.6903359844713712;0.8114143797257863;0.18858562027421366
1731803484.9104068;/app/bags/user95_2017-02-24.bag;0.834065854549408;0.0;0.9619645476341248;0.0;3.6903359844713712;0.8114143797257863;0.18858562027421366
1731803485.1104317;/app/bags/user95_2017-02-24.bag;0.834065854549408;0.0;0.9619645476341248;0.0;3.6903359844713712;0.8114143797257863;0.18858562027421366
1731803485.3104692;/app/bags/user95_2017-02-24.bag;0.834065854549408;0.0;0.9619645476341248;0.0;3.6903359844713712;0.8114143797257863;0.18858562027421366
1731803485.510464;/app/bags/user95_2017-02-24.bag;0.834065854549408;0.0;0.9619645476341248;0.0;3.6903359844713712;0.8114143797257863;0.18858562027421366
1731803485.7104526;/app/bags/user95_2017-02-24.bag;0.834065854549408;0.0;0.9619645476341248;0.0;3.6903359844713712;0.8114143797257863;0.18858562027421366
1731803485.9104052;/app/bags/user95_2017-02-24.bag;0.834065854549408;0.0;0.9619645476341248;0.0;3.6903359844713712;0.8114143797257863;0.18858562027421366
1731803486.1104238;/app/bags/user95_2017-02-24.bag;0.834065854549408;0.0;0.9619645476341248;0.0;3.6903359844713712;0.8114143797257863;0.18858562027421366
1731803486.3104115;/app/bags/user95_2017-02-24.bag;0.834065854549408;0.0;0.9619645476341248;0.0;3.6903359844713712;0.8114143797257863;0.18858562027421366
1731803486.5106218;/app/bags/user95_2017-02-24.bag;0.834065854549408;0.0;0.9619645476341248;0.0;3.6903359844713712;0.8114143797257863;0.18858562027421366
1731803486.7104037;/app/bags/user95_2017-02-24.bag;0.834065854549408;0.0;0.9619645476341248;0.0;3.6903359844713712;0.8114143797257863;0.18858562027421366
1731803486.9103768;/app/bags/user95_2017-02-24.bag;0.834065854549408;0.0;0.9619645476341248;0.0;3.6903359844713712;0.8114143797257863;0.18858562027421366
1731803487.1104836;/app/bags/user95_2017-02-24.bag;0.834065854549408;0.0;0.9619645476341248;0.0;3.6903359844713712;0.8114143797257863;0.18858562027421366
1731803487.3104281;/app/bags/user95_2017-02-24.bag;0.834065854549408;0.0;0.9619645476341248;0.0;3.6903359844713712;0.8114143797257863;0.18858562027421366
1731803487.5104113;/app/bags/user95_2017-02-24.bag;0.834065854549408;0.0;0.9619645476341248;0.0;3.6903359844713712;0.8114143797257863;0.18858562027421366
1731803487.7103717;/app/bags/user95_2017-02-24.bag;0.834065854549408;0.0;0.9619645476341248;0.0;3.6903359844713712;0.8114143797257863;0.18858562027421366
1731803487.9104657;/app/bags/user95_2017-02-24.bag;0.834065854549408;0.0;0.9619645476341248;0.0;3.6903359844713712;0.8114143797257863;0.18858562027421366
1731803488.1103945;/app/bags/user95_2017-02-24.bag;0.834065854549408;0.0;0.9619645476341248;0.0;3.6903359844713712;0.8114143797257863;0.18858562027421366
1731803488.3104484;/app/bags/user95_2017-02-24.bag;0.834065854549408;0.0;0.9619645476341248;0.0;3.6903359844713712;0.8114143797257863;0.18858562027421366
1731803488.5105226;/app/bags/user95_2017-02-24.bag;0.834065854549408;0.0;0.9619645476341248;0.0;3.6903359844713712;0.8114143797257863;0.18858562027421366
1731803488.7103808;/app/bags/user95_2017-02-24.bag;0.834065854549408;0.0;0.9619645476341248;0.0;3.6903359844713712;0.8114143797257863;0.18858562027421366
1731803488.910422;/app/bags/user95_2017-02-24.bag;0.834065854549408;0.0;0.9619645476341248;0.0;3.6903359844713712;0.8114143797257863;0.18858562027421366
1731803489.1103685;/app/bags/user95_2017-02-24.bag;0.834065854549408;0.0;0.9619645476341248;0.0;3.6903359844713712;0.8114143797257863;0.18858562027421366
1731803489.3103693;/app/bags/user95_2017-02-24.bag;0.834065854549408;0.0;0.9619645476341248;0.0;3.6903359844713712;0.8114143797257863;0.18858562027421366
1731803489.5103812;/app/bags/user95_2017-02-24.bag;0.834065854549408;0.0;0.9619645476341248;0.0;3.6903359844713712;0.8114143797257863;0.18858562027421366
1731803489.710396;/app/bags/user95_2017-02-24.bag;0.834065854549408;0.0;0.9619645476341248;0.0;3.6903359844713712;0.8114143797257863;0.18858562027421366
1731803489.9103794;/app/bags/user95_2017-02-24.bag;0.834065854549408;0.0;0.9619645476341248;0.0;3.6903359844713712;0.8114143797257863;0.18858562027421366
1731803490.110447;/app/bags/user95_2017-02-24.bag;0.834065854549408;0.0;0.9619645476341248;0.0;3.6903359844713712;0.8114143797257863;0.18858562027421366
1731803490.3104315;/app/bags/user95_2017-02-24.bag;0.834065854549408;0.0;0.9619645476341248;0.0;3.6903359844713712;0.8114143797257863;0.18858562027421366
1731803490.510364;/app/bags/user95_2017-02-24.bag;0.834065854549408;0.0;0.9619645476341248;0.0;3.6903359844713712;0.8114143797257863;0.18858562027421366
1731803490.7104151;/app/bags/user95_2017-02-24.bag;0.834065854549408;0.0;0.9619645476341248;0.0;3.6903359844713712;0.8114143797257863;0.18858562027421366
1731803490.9104362;/app/bags/user95_2017-02-24.bag;0.834065854549408;0.0;0.9619645476341248;0.0;3.6903359844713712;0.8114143797257863;0.18858562027421366
1731803491.1104562;/app/bags/user95_2017-02-24.bag;0.834065854549408;0.0;0.9619645476341248;0.0;3.6903359844713712;0.8114143797257863;0.18858562027421366
1731803491.3104427;/app/bags/user95_2017-02-24.bag;0.834065854549408;0.0;0.9619645476341248;0.0;3.6903359844713712;0.8114143797257863;0.18858562027421366
1731803491.5104003;/app/bags/user95_2017-02-24.bag;0.834065854549408;0.0;0.9619645476341248;0.0;3.6903359844713712;0.8114143797257863;0.18858562027421366
1731803491.710423;/app/bags/user95_2017-02-24.bag;0.834065854549408;0.0;0.9619645476341248;0.0;3.6903359844713712;0.8114143797257863;0.18858562027421366
1731803491.9103992;/app/bags/user95_2017-02-24.bag;0.834065854549408;0.0;0.9619645476341248;0.0;3.6903359844713712;0.8114143797257863;0.18858562027421366
1731803492.1103947;/app/bags/user95_2017-02-24.bag;0.834065854549408;0.0;0.9619645476341248;0.0;3.6903359844713712;0.8114143797257863;0.18858562027421366
1731803492.3104372;/app/bags/user95_2017-02-24.bag;0.834065854549408;0.0;0.9619645476341248;0.0;3.6903359844713712;0.8114143797257863;0.18858562027421366
1731803492.5104039;/app/bags/user95_2017-02-24.bag;0.834065854549408;0.0;0.9619645476341248;0.0;3.6903359844713712;0.8114143797257863;0.18858562027421366
1731803492.710423;/app/bags/user95_2017-02-24.bag;0.834065854549408;0.0;0.9619645476341248;0.0;3.6903359844713712;0.8114143797257863;0.18858562027421366
1731803492.9104204;/app/bags/user95_2017-02-24.bag;0.834065854549408;0.0;0.9619645476341248;0.0;3.6903359844713712;0.8114143797257863;0.18858562027421366
1731803493.1104033;/app/bags/user95_2017-02-24.bag;0.834065854549408;0.0;0.9619645476341248;0.0;3.6903359844713712;0.8114143797257863;0.18858562027421366
1731803493.3103619;/app/bags/user95_2017-02-24.bag;0.834065854549408;0.0;0.9619645476341248;0.0;3.6903359844713712;0.8114143797257863;0.18858562027421366
1731803493.5104046;/app/bags/user95_2017-02-24.bag;0.834065854549408;0.0;0.9619645476341248;0.0;3.6903359844713712;0.8114143797257863;0.18858562027421366
1731803493.7104015;/app/bags/user95_2017-02-24.bag;0.834065854549408;0.0;0.9619645476341248;0.0;3.6903359844713712;0.8114143797257863;0.18858562027421366
1731803493.9103732;/app/bags/user95_2017-02-24.bag;0.834065854549408;0.0;0.9619645476341248;0.0;3.6903359844713712;0.8114143797257863;0.18858562027421366
1731803494.1103752;/app/bags/user95_2017-02-24.bag;0.834065854549408;0.0;0.9619645476341248;0.0;3.6903359844713712;0.8114143797257863;0.18858562027421366
1731803494.3103797;/app/bags/user95_2017-02-24.bag;0.834065854549408;0.0;0.9619645476341248;0.0;3.6903359844713712;0.8114143797257863;0.18858562027421366
1731803494.5103443;/app/bags/user95_2017-02-24.bag;0.834065854549408;0.0;0.9619645476341248;0.0;3.6903359844713712;0.8114143797257863;0.18858562027421366
1731803494.7103834;/app/bags/user95_2017-02-24.bag;0.834065854549408;0.0;0.9619645476341248;0.0;3.6903359844713712;0.8114143797257863;0.18858562027421366
1731803494.9103653;/app/bags/user95_2017-02-24.bag;0.834065854549408;0.0;0.9619645476341248;0.0;3.6903359844713712;0.8114143797257863;0.18858562027421366
1731803495.110413;/app/bags/user95_2017-02-24.bag;0.834065854549408;0.0;0.9619645476341248;0.0;3.6903359844713712;0.8114143797257863;0.18858562027421366
1731803495.3104153;/app/bags/user95_2017-02-24.bag;0.834065854549408;0.0;0.9619645476341248;0.0;3.6903359844713712;0.8114143797257863;0.18858562027421366
1731803495.5103655;/app/bags/user95_2017-02-24.bag;0.834065854549408;0.0;0.9619645476341248;0.0;3.6903359844713712;0.8114143797257863;0.18858562027421366
1731803495.710382;/app/bags/user95_2017-02-24.bag;0.834065854549408;0.0;0.9619645476341248;0.0;3.6903359844713712;0.8114143797257863;0.18858562027421366
1731803495.9104114;/app/bags/user95_2017-02-24.bag;0.834065854549408;0.0;0.9619645476341248;0.0;3.6903359844713712;0.8114143797257863;0.18858562027421366
1731803496.1103864;/app/bags/user95_2017-02-24.bag;0.834065854549408;0.0;0.9619645476341248;0.0;3.6903359844713712;0.8114143797257863;0.18858562027421366
1731803496.310386;/app/bags/user95_2017-02-24.bag;0.834065854549408;0.0;0.9619645476341248;0.0;3.6903359844713712;0.8114143797257863;0.18858562027421366
1731803496.510368;/app/bags/user95_2017-02-24.bag;0.834065854549408;0.0;0.9619645476341248;0.0;3.6903359844713712;0.8114143797257863;0.18858562027421366
1731803496.710425;/app/bags/user95_2017-02-24.bag;0.834065854549408;0.0;0.9619645476341248;0.0;3.6903359844713712;0.8114143797257863;0.18858562027421366
1731803496.9104;/app/bags/user95_2017-02-24.bag;0.834065854549408;0.0;0.9619645476341248;0.0;3.6903359844713712;0.8114143797257863;0.18858562027421366
1731803497.110444;/app/bags/user95_2017-02-24.bag;0.834065854549408;0.0;0.9619645476341248;0.0;3.6903359844713712;0.8114143797257863;0.18858562027421366
1731803497.310499;/app/bags/user95_2017-02-24.bag;0.834065854549408;0.0;0.9619645476341248;0.0;3.6903359844713712;0.8114143797257863;0.18858562027421366
1731803497.5104637;/app/bags/user95_2017-02-24.bag;0.834065854549408;0.0;0.9619645476341248;0.0;3.6903359844713712;0.8114143797257863;0.18858562027421366
1731803497.710551;/app/bags/user95_2017-02-24.bag;0.834065854549408;0.0;0.9619645476341248;0.0;3.6903359844713712;0.8114143797257863;0.18858562027421366
1731803497.910367;/app/bags/user95_2017-02-24.bag;0.834065854549408;0.0;0.9619645476341248;0.0;3.6903359844713712;0.8114143797257863;0.18858562027421366
1731803498.110375;/app/bags/user95_2017-02-24.bag;0.834065854549408;0.0;0.9619645476341248;0.0;3.6903359844713712;0.8114143797257863;0.18858562027421366
1731803498.310396;/app/bags/user95_2017-02-24.bag;0.834065854549408;0.0;0.9619645476341248;0.0;3.6903359844713712;0.8114143797257863;0.18858562027421366
1731803498.5103753;/app/bags/user95_2017-02-24.bag;0.834065854549408;0.0;0.9619645476341248;0.0;3.6903359844713712;0.8114143797257863;0.18858562027421366
1731803498.7103977;/app/bags/user95_2017-02-24.bag;0.834065854549408;0.0;0.9619645476341248;0.0;3.6903359844713712;0.8114143797257863;0.18858562027421366
1731803498.9104636;/app/bags/user95_2017-02-24.bag;0.834065854549408;0.0;0.9619645476341248;0.0;3.6903359844713712;0.8114143797257863;0.18858562027421366
1731803499.1104174;/app/bags/user95_2017-02-24.bag;0.834065854549408;0.0;0.9619645476341248;0.0;3.6903359844713712;0.8114143797257863;0.18858562027421366
1731803499.3103976;/app/bags/user95_2017-02-24.bag;0.834065854549408;0.0;0.9619645476341248;0.0;3.6903359844713712;0.8114143797257863;0.18858562027421366
1731803499.5103614;/app/bags/user95_2017-02-24.bag;0.834065854549408;0.0;0.9619645476341248;0.0;3.6903359844713712;0.8114143797257863;0.18858562027421366
1731803499.7103984;/app/bags/user95_2017-02-24.bag;0.834065854549408;0.0;0.9619645476341248;0.0;3.6903359844713712;0.8114143797257863;0.18858562027421366
1731803499.910441;/app/bags/user95_2017-02-24.bag;0.834065854549408;0.0;0.9619645476341248;0.0;3.6903359844713712;0.8114143797257863;0.18858562027421366
1731803500.1106014;/app/bags/user95_2017-02-24.bag;0.834065854549408;0.0;0.9619645476341248;0.0;3.6903359844713712;0.8114143797257863;0.18858562027421366
1731803500.310465;/app/bags/user95_2017-02-24.bag;0.834065854549408;0.0;0.9619645476341248;0.0;3.6903359844713712;0.8114143797257863;0.18858562027421366
1731803500.5103858;/app/bags/user95_2017-02-24.bag;0.834065854549408;0.0;0.9619645476341248;0.0;3.6903359844713712;0.8114143797257863;0.18858562027421366
1731803500.7104244;/app/bags/user95_2017-02-24.bag;0.834065854549408;0.0;0.9619645476341248;0.0;3.6903359844713712;0.8114143797257863;0.18858562027421366
1731803500.9104025;/app/bags/user95_2017-02-24.bag;0.834065854549408;0.0;0.9619645476341248;0.0;3.6903359844713712;0.8114143797257863;0.18858562027421366
1731803501.1104496;/app/bags/user95_2017-02-24.bag;0.834065854549408;0.0;0.9619645476341248;0.0;3.6903359844713712;0.8114143797257863;0.18858562027421366
1731803501.3103876;/app/bags/user95_2017-02-24.bag;0.834065854549408;0.0;0.9619645476341248;0.0;3.6903359844713712;0.8114143797257863;0.18858562027421366
1731803501.5104635;/app/bags/user95_2017-02-24.bag;0.834065854549408;0.0;0.9619645476341248;0.0;3.6903359844713712;0.8114143797257863;0.18858562027421366
1731803501.7104096;/app/bags/user95_2017-02-24.bag;0.834065854549408;0.0;0.9619645476341248;0.0;3.6903359844713712;0.8114143797257863;0.18858562027421366
1731803501.9104755;/app/bags/user95_2017-02-24.bag;0.834065854549408;0.0;0.9619645476341248;0.0;3.6903359844713712;0.8114143797257863;0.18858562027421366
1731803502.1104128;/app/bags/user95_2017-02-24.bag;0.834065854549408;0.0;0.9619645476341248;0.0;3.6903359844713712;0.8114143797257863;0.18858562027421366
1731803502.3103998;/app/bags/user95_2017-02-24.bag;0.834065854549408;0.0;0.9619645476341248;0.0;3.6903359844713712;0.8114143797257863;0.18858562027421366
1731803502.5104833;/app/bags/user95_2017-02-24.bag;0.834065854549408;0.0;0.9619645476341248;0.0;3.6903359844713712;0.8114143797257863;0.18858562027421366
1731803502.7103631;/app/bags/user95_2017-02-24.bag;0.834065854549408;0.0;0.9619645476341248;0.0;3.6903359844713712;0.8114143797257863;0.18858562027421366
1731803502.910396;/app/bags/user95_2017-02-24.bag;0.834065854549408;0.0;0.9619645476341248;0.0;3.6903359844713712;0.8114143797257863;0.18858562027421366
1731803503.110396;/app/bags/user95_2017-02-24.bag;0.834065854549408;0.0;0.9619645476341248;0.0;3.6903359844713712;0.8114143797257863;0.18858562027421366
1731803503.310494;/app/bags/user95_2017-02-24.bag;0.834065854549408;0.0;0.9619645476341248;0.0;3.6903359844713712;0.8114143797257863;0.18858562027421366
1731803503.5103567;/app/bags/user95_2017-02-24.bag;0.834065854549408;0.0;0.9619645476341248;0.0;3.6903359844713712;0.8114143797257863;0.18858562027421366
1731803503.7103899;/app/bags/user95_2017-02-24.bag;0.834065854549408;0.0;0.9619645476341248;0.0;3.6903359844713712;0.8114143797257863;0.18858562027421366
1731803503.910401;/app/bags/user95_2017-02-24.bag;0.834065854549408;0.0;0.9619645476341248;0.0;3.6903359844713712;0.8114143797257863;0.18858562027421366
1731803504.1103601;/app/bags/user95_2017-02-24.bag;0.834065854549408;0.0;0.9619645476341248;0.0;3.6903359844713712;0.8114143797257863;0.18858562027421366
1731803504.3104372;/app/bags/user95_2017-02-24.bag;0.834065854549408;0.0;0.9619645476341248;0.0;3.6903359844713712;0.8114143797257863;0.18858562027421366
1731803504.510417;/app/bags/user95_2017-02-24.bag;0.834065854549408;0.0;0.9619645476341248;0.0;3.6903359844713712;0.8114143797257863;0.18858562027421366
1731803504.7103932;/app/bags/user95_2017-02-24.bag;0.834065854549408;0.0;0.9619645476341248;0.0;3.6903359844713712;0.8114143797257863;0.18858562027421366
1731803504.910372;/app/bags/user95_2017-02-24.bag;0.834065854549408;0.0;0.9619645476341248;0.0;3.6903359844713712;0.8114143797257863;0.18858562027421366
1731803505.1104023;/app/bags/user95_2017-02-24.bag;0.834065854549408;0.0;0.9619645476341248;0.0;3.6903359844713712;0.8114143797257863;0.18858562027421366
1731803505.310407;/app/bags/user95_2017-02-24.bag;0.834065854549408;0.0;0.9619645476341248;0.0;3.6903359844713712;0.8114143797257863;0.18858562027421366
1731803505.5103807;/app/bags/user95_2017-02-24.bag;0.834065854549408;0.0;0.9619645476341248;0.0;3.6903359844713712;0.8114143797257863;0.18858562027421366
1731803505.7103736;/app/bags/user95_2017-02-24.bag;0.834065854549408;0.0;0.9619645476341248;0.0;3.6903359844713712;0.8114143797257863;0.18858562027421366
1731803505.9106224;/app/bags/user95_2017-02-24.bag;0.834065854549408;0.0;0.9619645476341248;0.0;3.6903359844713712;0.8114143797257863;0.18858562027421366
1731803506.1104164;/app/bags/user95_2017-02-24.bag;0.834065854549408;0.0;0.9619645476341248;0.0;3.6903359844713712;0.8114143797257863;0.18858562027421366
1731803506.3104;/app/bags/user95_2017-02-24.bag;0.834065854549408;0.0;0.9619645476341248;0.0;3.6903359844713712;0.8114143797257863;0.18858562027421366
1731803506.5104387;/app/bags/user95_2017-02-24.bag;0.834065854549408;0.0;0.9619645476341248;0.0;3.6903359844713712;0.8114143797257863;0.18858562027421366
1731803506.710394;/app/bags/user95_2017-02-24.bag;0.834065854549408;0.0;0.9619645476341248;0.0;3.6903359844713712;0.8114143797257863;0.18858562027421366
1731803506.9104016;/app/bags/user95_2017-02-24.bag;0.834065854549408;0.0;0.9619645476341248;0.0;3.6903359844713712;0.8114143797257863;0.18858562027421366
1731803507.110354;/app/bags/user95_2017-02-24.bag;0.834065854549408;0.0;0.9619645476341248;0.0;3.6903359844713712;0.8114143797257863;0.18858562027421366
1731803507.310459;/app/bags/user95_2017-02-24.bag;0.834065854549408;0.0;0.9619645476341248;0.0;3.6903359844713712;0.8114143797257863;0.18858562027421366
1731803507.5103638;/app/bags/user95_2017-02-24.bag;0.834065854549408;0.0;0.9619645476341248;0.0;3.6903359844713712;0.8114143797257863;0.18858562027421366
1731803507.710463;/app/bags/user95_2017-02-24.bag;0.834065854549408;0.0;0.9619645476341248;0.0;3.6903359844713712;0.8114143797257863;0.18858562027421366
1731803507.9103978;/app/bags/user95_2017-02-24.bag;0.834065854549408;0.0;0.9619645476341248;0.0;3.6903359844713712;0.8114143797257863;0.18858562027421366
1731803508.1104014;/app/bags/user95_2017-02-24.bag;0.834065854549408;0.0;0.9619645476341248;0.0;3.6903359844713712;0.8114143797257863;0.18858562027421366
1731803508.310362;/app/bags/user95_2017-02-24.bag;0.834065854549408;0.0;0.9619645476341248;0.0;3.6903359844713712;0.8114143797257863;0.18858562027421366
1731803508.5103655;/app/bags/user95_2017-02-24.bag;0.834065854549408;0.0;0.9619645476341248;0.0;3.6903359844713712;0.8114143797257863;0.18858562027421366
1731803508.7104387;/app/bags/user95_2017-02-24.bag;0.834065854549408;0.0;0.9619645476341248;0.0;3.6903359844713712;0.8114143797257863;0.18858562027421366
1731803508.9104142;/app/bags/user95_2017-02-24.bag;0.834065854549408;0.0;0.9619645476341248;0.0;3.6903359844713712;0.8114143797257863;0.18858562027421366
1731803509.1103835;/app/bags/user95_2017-02-24.bag;0.834065854549408;0.0;0.9619645476341248;0.0;3.6903359844713712;0.8114143797257863;0.18858562027421366
1731803509.3103952;/app/bags/user95_2017-02-24.bag;0.834065854549408;0.0;0.9619645476341248;0.0;3.6903359844713712;0.8114143797257863;0.18858562027421366
1731803509.5104024;/app/bags/user95_2017-02-24.bag;0.834065854549408;0.0;0.9619645476341248;0.0;3.6903359844713712;0.8114143797257863;0.18858562027421366
1731803509.7104716;/app/bags/user95_2017-02-24.bag;0.834065854549408;0.0;0.9619645476341248;0.0;3.6903359844713712;0.8114143797257863;0.18858562027421366
1731803509.9103441;/app/bags/user95_2017-02-24.bag;0.834065854549408;0.0;0.9619645476341248;0.0;3.6903359844713712;0.8114143797257863;0.18858562027421366
1731803510.1103632;/app/bags/user95_2017-02-24.bag;0.834065854549408;0.0;0.9619645476341248;0.0;3.6903359844713712;0.8114143797257863;0.18858562027421366
1731803510.3103838;/app/bags/user95_2017-02-24.bag;0.834065854549408;0.0;0.9619645476341248;0.0;3.6903359844713712;0.8114143797257863;0.18858562027421366
1731803510.5103893;/app/bags/user95_2017-02-24.bag;0.834065854549408;0.0;0.9619645476341248;0.0;3.6903359844713712;0.8114143797257863;0.18858562027421366
1731803510.7103868;/app/bags/user95_2017-02-24.bag;0.834065854549408;0.0;0.9619645476341248;0.0;3.6903359844713712;0.8114143797257863;0.18858562027421366
1731803510.9104195;/app/bags/user95_2017-02-24.bag;0.834065854549408;0.0;0.9619645476341248;0.0;3.6903359844713712;0.8114143797257863;0.18858562027421366
1731803511.1103601;/app/bags/user95_2017-02-24.bag;0.834065854549408;0.0;0.9619645476341248;0.0;3.6903359844713712;0.8114143797257863;0.18858562027421366
1731803511.3104155;/app/bags/user95_2017-02-24.bag;0.834065854549408;0.0;0.9619645476341248;0.0;3.6903359844713712;0.8114143797257863;0.18858562027421366
1731803511.510403;/app/bags/user95_2017-02-24.bag;0.834065854549408;0.0;0.9619645476341248;0.0;3.6903359844713712;0.8114143797257863;0.18858562027421366
1731803511.7105742;/app/bags/user95_2017-02-24.bag;0.834065854549408;0.0;0.9619645476341248;0.0;3.6903359844713712;0.8114143797257863;0.18858562027421366
1731803511.9103937;/app/bags/user95_2017-02-24.bag;0.834065854549408;0.0;0.9619645476341248;0.0;3.6903359844713712;0.8114143797257863;0.18858562027421366
1731803512.1103885;/app/bags/user95_2017-02-24.bag;0.834065854549408;0.0;0.9619645476341248;0.0;3.6903359844713712;0.8114143797257863;0.18858562027421366
1731803512.310366;/app/bags/user95_2017-02-24.bag;0.834065854549408;0.0;0.9619645476341248;0.0;3.6903359844713712;0.8114143797257863;0.18858562027421366
1731803512.5103805;/app/bags/user95_2017-02-24.bag;0.834065854549408;0.0;0.9619645476341248;0.0;3.6903359844713712;0.8114143797257863;0.18858562027421366
1731803512.7103853;/app/bags/user95_2017-02-24.bag;0.834065854549408;0.0;0.9619645476341248;0.0;3.6903359844713712;0.8114143797257863;0.18858562027421366
1731803512.91039;/app/bags/user95_2017-02-24.bag;0.834065854549408;0.0;0.9619645476341248;0.0;3.6903359844713712;0.8114143797257863;0.18858562027421366
1731803513.1103902;/app/bags/user95_2017-02-24.bag;0.834065854549408;0.0;0.9619645476341248;0.0;3.6903359844713712;0.8114143797257863;0.18858562027421366
1731803513.3104267;/app/bags/user95_2017-02-24.bag;0.834065854549408;0.0;0.9619645476341248;0.0;3.6903359844713712;0.8114143797257863;0.18858562027421366
1731803513.5103931;/app/bags/user95_2017-02-24.bag;0.834065854549408;0.0;0.9619645476341248;0.0;3.6903359844713712;0.8114143797257863;0.18858562027421366
1731803513.710405;/app/bags/user95_2017-02-24.bag;0.834065854549408;0.0;0.9619645476341248;0.0;3.6903359844713712;0.8114143797257863;0.18858562027421366
1731803513.9104269;/app/bags/user95_2017-02-24.bag;0.834065854549408;0.0;0.9619645476341248;0.0;3.6903359844713712;0.8114143797257863;0.18858562027421366
1731803514.1104152;/app/bags/user95_2017-02-24.bag;0.834065854549408;0.0;0.9619645476341248;0.0;3.6903359844713712;0.8114143797257863;0.18858562027421366
1731803514.3104498;/app/bags/user95_2017-02-24.bag;0.834065854549408;0.0;0.9619645476341248;0.0;3.6903359844713712;0.8114143797257863;0.18858562027421366
1731803514.510414;/app/bags/user95_2017-02-24.bag;0.834065854549408;0.0;0.9619645476341248;0.0;3.6903359844713712;0.8114143797257863;0.18858562027421366
1731803514.710429;/app/bags/user95_2017-02-24.bag;0.834065854549408;0.0;0.9619645476341248;0.0;3.6903359844713712;0.8114143797257863;0.18858562027421366
1731803514.910432;/app/bags/user95_2017-02-24.bag;0.834065854549408;0.0;0.9619645476341248;0.0;3.6903359844713712;0.8114143797257863;0.18858562027421366
1731803515.110454;/app/bags/user95_2017-02-24.bag;0.834065854549408;0.0;0.9619645476341248;0.0;3.6903359844713712;0.8114143797257863;0.18858562027421366
1731803515.3104777;/app/bags/user95_2017-02-24.bag;0.834065854549408;0.0;0.9619645476341248;0.0;3.6903359844713712;0.8114143797257863;0.18858562027421366
1731803515.5103629;/app/bags/user95_2017-02-24.bag;0.834065854549408;0.0;0.9619645476341248;0.0;3.6903359844713712;0.8114143797257863;0.18858562027421366
1731803515.7103796;/app/bags/user95_2017-02-24.bag;0.834065854549408;0.0;0.9619645476341248;0.0;3.6903359844713712;0.8114143797257863;0.18858562027421366
1731803515.910444;/app/bags/user95_2017-02-24.bag;0.834065854549408;0.0;0.9619645476341248;0.0;3.6903359844713712;0.8114143797257863;0.18858562027421366
1731803516.1104405;/app/bags/user95_2017-02-24.bag;0.834065854549408;0.0;0.9619645476341248;0.0;3.6903359844713712;0.8114143797257863;0.18858562027421366
1731803516.3103938;/app/bags/user95_2017-02-24.bag;0.834065854549408;0.0;0.9619645476341248;0.0;3.6903359844713712;0.8114143797257863;0.18858562027421366
1731803516.510378;/app/bags/user95_2017-02-24.bag;0.834065854549408;0.0;0.9619645476341248;0.0;3.6903359844713712;0.8114143797257863;0.18858562027421366
1731803516.7103746;/app/bags/user95_2017-02-24.bag;0.834065854549408;0.0;0.9619645476341248;0.0;3.6903359844713712;0.8114143797257863;0.18858562027421366
1731803516.9104292;/app/bags/user95_2017-02-24.bag;0.834065854549408;0.0;0.9619645476341248;0.0;3.6903359844713712;0.8114143797257863;0.18858562027421366
1731803517.1105397;/app/bags/user95_2017-02-24.bag;0.834065854549408;0.0;0.9619645476341248;0.0;3.6903359844713712;0.8114143797257863;0.18858562027421366
1731803517.310407;/app/bags/user95_2017-02-24.bag;0.834065854549408;0.0;0.9619645476341248;0.0;3.6903359844713712;0.8114143797257863;0.18858562027421366
1731803517.5104742;/app/bags/user95_2017-02-24.bag;0.834065854549408;0.0;0.9619645476341248;0.0;3.6903359844713712;0.8114143797257863;0.18858562027421366
1731803517.7104871;/app/bags/user95_2017-02-24.bag;0.834065854549408;0.0;0.9619645476341248;0.0;3.6903359844713712;0.8114143797257863;0.18858562027421366
1731803517.9104304;/app/bags/user95_2017-02-24.bag;0.834065854549408;0.0;0.9619645476341248;0.0;3.6903359844713712;0.8114143797257863;0.18858562027421366
1731803518.1104007;/app/bags/user95_2017-02-24.bag;0.834065854549408;0.0;0.9619645476341248;0.0;3.6903359844713712;0.8114143797257863;0.18858562027421366
1731803518.310465;/app/bags/user95_2017-02-24.bag;0.834065854549408;0.0;0.9619645476341248;0.0;3.6903359844713712;0.8114143797257863;0.18858562027421366
1731803518.5104847;/app/bags/user95_2017-02-24.bag;0.834065854549408;0.0;0.9619645476341248;0.0;3.6903359844713712;0.8114143797257863;0.18858562027421366
1731803518.7105362;/app/bags/user95_2017-02-24.bag;0.834065854549408;0.0;0.9619645476341248;0.0;3.6903359844713712;0.8114143797257863;0.18858562027421366
1731803518.9104016;/app/bags/user95_2017-02-24.bag;0.834065854549408;0.0;0.9619645476341248;0.0;3.6903359844713712;0.8114143797257863;0.18858562027421366
1731803519.1104228;/app/bags/user95_2017-02-24.bag;0.834065854549408;0.0;0.9619645476341248;0.0;3.6903359844713712;0.8114143797257863;0.18858562027421366
1731803519.3104;/app/bags/user95_2017-02-24.bag;0.834065854549408;0.0;0.9619645476341248;0.0;3.6903359844713712;0.8114143797257863;0.18858562027421366
1731803519.5104058;/app/bags/user95_2017-02-24.bag;0.834065854549408;0.0;0.9619645476341248;0.0;3.6903359844713712;0.8114143797257863;0.18858562027421366
1731803519.710419;/app/bags/user95_2017-02-24.bag;0.834065854549408;0.0;0.9619645476341248;0.0;3.6903359844713712;0.8114143797257863;0.18858562027421366
1731803519.9104095;/app/bags/user95_2017-02-24.bag;0.834065854549408;0.0;0.9619645476341248;0.0;3.6903359844713712;0.8114143797257863;0.18858562027421366
1731803520.1103823;/app/bags/user95_2017-02-24.bag;0.834065854549408;0.0;0.9619645476341248;0.0;3.6903359844713712;0.8114143797257863;0.18858562027421366
1731803520.310398;/app/bags/user95_2017-02-24.bag;0.834065854549408;0.0;0.9619645476341248;0.0;3.6903359844713712;0.8114143797257863;0.18858562027421366
1731803520.510408;/app/bags/user95_2017-02-24.bag;0.834065854549408;0.0;0.9619645476341248;0.0;3.6903359844713712;0.8114143797257863;0.18858562027421366
1731803520.7104104;/app/bags/user95_2017-02-24.bag;0.834065854549408;0.0;0.9619645476341248;0.0;3.6903359844713712;0.8114143797257863;0.18858562027421366
1731803520.9104216;/app/bags/user95_2017-02-24.bag;0.834065854549408;0.0;0.9619645476341248;0.0;3.6903359844713712;0.8114143797257863;0.18858562027421366
1731803521.1104014;/app/bags/user95_2017-02-24.bag;0.834065854549408;0.0;0.9619645476341248;0.0;3.6903359844713712;0.8114143797257863;0.18858562027421366
1731803521.3104327;/app/bags/user95_2017-02-24.bag;0.834065854549408;0.0;0.9619645476341248;0.0;3.6903359844713712;0.8114143797257863;0.18858562027421366
1731803521.5104055;/app/bags/user95_2017-02-24.bag;0.834065854549408;0.0;0.9619645476341248;0.0;3.6903359844713712;0.8114143797257863;0.18858562027421366
1731803521.7104056;/app/bags/user95_2017-02-24.bag;0.834065854549408;0.0;0.9619645476341248;0.0;3.6903359844713712;0.8114143797257863;0.18858562027421366
1731803521.9104605;/app/bags/user95_2017-02-24.bag;0.834065854549408;0.0;0.9619645476341248;0.0;3.6903359844713712;0.8114143797257863;0.18858562027421366
1731803522.110438;/app/bags/user95_2017-02-24.bag;0.834065854549408;0.0;0.9619645476341248;0.0;3.6903359844713712;0.8114143797257863;0.18858562027421366
1731803522.3104038;/app/bags/user95_2017-02-24.bag;0.834065854549408;0.0;0.9619645476341248;0.0;3.6903359844713712;0.8114143797257863;0.18858562027421366
1731803522.5103726;/app/bags/user95_2017-02-24.bag;0.834065854549408;0.0;0.9619645476341248;0.0;3.6903359844713712;0.8114143797257863;0.18858562027421366
1731803522.710369;/app/bags/user95_2017-02-24.bag;0.834065854549408;0.0;0.9619645476341248;0.0;3.6903359844713712;0.8114143797257863;0.18858562027421366
1731803522.910452;/app/bags/user95_2017-02-24.bag;0.834065854549408;0.0;0.9619645476341248;0.0;3.6903359844713712;0.8114143797257863;0.18858562027421366
1731803523.1104054;/app/bags/user95_2017-02-24.bag;0.834065854549408;0.0;0.9619645476341248;0.0;3.6903359844713712;0.8114143797257863;0.18858562027421366
1731803523.310427;/app/bags/user95_2017-02-24.bag;0.834065854549408;0.0;0.9619645476341248;0.0;3.6903359844713712;0.8114143797257863;0.18858562027421366
1731803523.5103626;/app/bags/user95_2017-02-24.bag;0.834065854549408;0.0;0.9619645476341248;0.0;3.6903359844713712;0.8114143797257863;0.18858562027421366
1731803523.7103815;/app/bags/user95_2017-02-24.bag;0.834065854549408;0.0;0.9619645476341248;0.0;3.6903359844713712;0.8114143797257863;0.18858562027421366
1731803523.9103813;/app/bags/user95_2017-02-24.bag;0.834065854549408;0.0;0.9619645476341248;0.0;3.6903359844713712;0.8114143797257863;0.18858562027421366
1731803524.1104634;/app/bags/user95_2017-02-24.bag;0.834065854549408;0.0;0.9619645476341248;0.0;3.6903359844713712;0.8114143797257863;0.18858562027421366
1731803524.3103817;/app/bags/user95_2017-02-24.bag;0.834065854549408;0.0;0.9619645476341248;0.0;3.6903359844713712;0.8114143797257863;0.18858562027421366
1731803524.5104196;/app/bags/user95_2017-02-24.bag;0.834065854549408;0.0;0.9619645476341248;0.0;3.6903359844713712;0.8114143797257863;0.18858562027421366
1731803524.7103906;/app/bags/user95_2017-02-24.bag;0.834065854549408;0.0;0.9619645476341248;0.0;3.6903359844713712;0.8114143797257863;0.18858562027421366
1731803524.910439;/app/bags/user95_2017-02-24.bag;0.834065854549408;0.0;0.9619645476341248;0.0;3.6903359844713712;0.8114143797257863;0.18858562027421366
1731803525.1103716;/app/bags/user95_2017-02-24.bag;0.834065854549408;0.0;0.9619645476341248;0.0;3.6903359844713712;0.8114143797257863;0.18858562027421366
1731803525.3104124;/app/bags/user95_2017-02-24.bag;0.834065854549408;0.0;0.9619645476341248;0.0;3.6903359844713712;0.8114143797257863;0.18858562027421366
1731803525.5104058;/app/bags/user95_2017-02-24.bag;0.834065854549408;0.0;0.9619645476341248;0.0;3.6903359844713712;0.8114143797257863;0.18858562027421366
1731803525.7104464;/app/bags/user95_2017-02-24.bag;0.834065854549408;0.0;0.9619645476341248;0.0;3.6903359844713712;0.8114143797257863;0.18858562027421366
1731803525.910393;/app/bags/user95_2017-02-24.bag;0.834065854549408;0.0;0.9619645476341248;0.0;3.6903359844713712;0.8114143797257863;0.18858562027421366
1731803526.1104903;/app/bags/user95_2017-02-24.bag;0.834065854549408;0.0;0.9619645476341248;0.0;3.6903359844713712;0.8114143797257863;0.18858562027421366
1731803526.3104033;/app/bags/user95_2017-02-24.bag;0.834065854549408;0.0;0.9619645476341248;0.0;3.6903359844713712;0.8114143797257863;0.18858562027421366
1731803526.510402;/app/bags/user95_2017-02-24.bag;0.834065854549408;0.0;0.9619645476341248;0.0;3.6903359844713712;0.8114143797257863;0.18858562027421366
1731803526.7104049;/app/bags/user95_2017-02-24.bag;0.834065854549408;0.0;0.9619645476341248;0.0;3.6903359844713712;0.8114143797257863;0.18858562027421366
1731803526.910424;/app/bags/user95_2017-02-24.bag;0.834065854549408;0.0;0.9619645476341248;0.0;3.6903359844713712;0.8114143797257863;0.18858562027421366
1731803527.110425;/app/bags/user95_2017-02-24.bag;0.834065854549408;0.0;0.9619645476341248;0.0;3.6903359844713712;0.8114143797257863;0.18858562027421366
1731803527.3104403;/app/bags/user95_2017-02-24.bag;0.834065854549408;0.0;0.9619645476341248;0.0;3.6903359844713712;0.8114143797257863;0.18858562027421366
1731803527.5103881;/app/bags/user95_2017-02-24.bag;0.834065854549408;0.0;0.9619645476341248;0.0;3.6903359844713712;0.8114143797257863;0.18858562027421366
1731803527.7103934;/app/bags/user95_2017-02-24.bag;0.834065854549408;0.0;0.9619645476341248;0.0;3.6903359844713712;0.8114143797257863;0.18858562027421366
1731803527.9103773;/app/bags/user95_2017-02-24.bag;0.834065854549408;0.0;0.9619645476341248;0.0;3.6903359844713712;0.8114143797257863;0.18858562027421366
1731803528.1104517;/app/bags/user95_2017-02-24.bag;0.834065854549408;0.0;0.9619645476341248;0.0;3.6903359844713712;0.8114143797257863;0.18858562027421366
1731803528.3104284;/app/bags/user95_2017-02-24.bag;0.834065854549408;0.0;0.9619645476341248;0.0;3.6903359844713712;0.8114143797257863;0.18858562027421366
1731803528.5103793;/app/bags/user95_2017-02-24.bag;0.834065854549408;0.0;0.9619645476341248;0.0;3.6903359844713712;0.8114143797257863;0.18858562027421366
1731803528.7104332;/app/bags/user95_2017-02-24.bag;0.834065854549408;0.0;0.9619645476341248;0.0;3.6903359844713712;0.8114143797257863;0.18858562027421366
1731803528.9103744;/app/bags/user95_2017-02-24.bag;0.834065854549408;0.0;0.9619645476341248;0.0;3.6903359844713712;0.8114143797257863;0.18858562027421366
1731803529.110395;/app/bags/user95_2017-02-24.bag;0.834065854549408;0.0;0.9619645476341248;0.0;3.6903359844713712;0.8114143797257863;0.18858562027421366
1731803529.310377;/app/bags/user95_2017-02-24.bag;0.834065854549408;0.0;0.9619645476341248;0.0;3.6903359844713712;0.8114143797257863;0.18858562027421366
1731803529.510496;/app/bags/user95_2017-02-24.bag;0.834065854549408;0.0;0.9619645476341248;0.0;3.6903359844713712;0.8114143797257863;0.18858562027421366
1731803529.7103772;/app/bags/user95_2017-02-24.bag;0.834065854549408;0.0;0.9619645476341248;0.0;3.6903359844713712;0.8114143797257863;0.18858562027421366
1731803529.9104836;/app/bags/user95_2017-02-24.bag;0.834065854549408;0.0;0.9619645476341248;0.0;3.6903359844713712;0.8114143797257863;0.18858562027421366
1731803530.1104896;/app/bags/user95_2017-02-24.bag;0.834065854549408;0.0;0.9619645476341248;0.0;3.6903359844713712;0.8114143797257863;0.18858562027421366
1731803530.3103623;/app/bags/user95_2017-02-24.bag;0.834065854549408;0.0;0.9619645476341248;0.0;3.6903359844713712;0.8114143797257863;0.18858562027421366
1731803530.510411;/app/bags/user95_2017-02-24.bag;0.834065854549408;0.0;0.9619645476341248;0.0;3.6903359844713712;0.8114143797257863;0.18858562027421366
1731803530.7103884;/app/bags/user95_2017-02-24.bag;0.834065854549408;0.0;0.9619645476341248;0.0;3.6903359844713712;0.8114143797257863;0.18858562027421366
1731803530.9101784;/app/bags/user95_2017-02-24.bag;0.834065854549408;0.0;0.9619645476341248;0.0;3.6903359844713712;0.8114143797257863;0.18858562027421366
1731803531.1104474;/app/bags/user95_2017-02-24.bag;0.834065854549408;0.0;0.9619645476341248;0.0;3.6903359844713712;0.8114143797257863;0.18858562027421366
1731803531.310574;/app/bags/user95_2017-02-24.bag;0.834065854549408;0.0;0.9619645476341248;0.0;3.6903359844713712;0.8114143797257863;0.18858562027421366
1731803531.5104272;/app/bags/user95_2017-02-24.bag;0.834065854549408;0.0;0.9619645476341248;0.0;3.6903359844713712;0.8114143797257863;0.18858562027421366
1731803531.7105315;/app/bags/user95_2017-02-24.bag;0.834065854549408;0.0;0.9619645476341248;0.0;3.6903359844713712;0.8114143797257863;0.18858562027421366
1731803531.9104328;/app/bags/user95_2017-02-24.bag;0.834065854549408;0.0;0.9619645476341248;0.0;3.6903359844713712;0.8114143797257863;0.18858562027421366
1731803532.110516;/app/bags/user95_2017-02-24.bag;0.834065854549408;0.0;0.9619645476341248;0.0;3.6903359844713712;0.8114143797257863;0.18858562027421366
1731803532.3104239;/app/bags/user95_2017-02-24.bag;0.834065854549408;0.0;0.9619645476341248;0.0;3.6903359844713712;0.8114143797257863;0.18858562027421366
1731803532.5104156;/app/bags/user95_2017-02-24.bag;0.834065854549408;0.0;0.9619645476341248;0.0;3.6903359844713712;0.8114143797257863;0.18858562027421366
1731803532.7103822;/app/bags/user95_2017-02-24.bag;0.834065854549408;0.0;0.9619645476341248;0.0;3.6903359844713712;0.8114143797257863;0.18858562027421366
1731803532.9103758;/app/bags/user95_2017-02-24.bag;0.834065854549408;0.0;0.9619645476341248;0.0;3.6903359844713712;0.8114143797257863;0.18858562027421366
1731803533.1104586;/app/bags/user95_2017-02-24.bag;0.834065854549408;0.0;0.9619645476341248;0.0;3.6903359844713712;0.8114143797257863;0.18858562027421366
1731803533.3104055;/app/bags/user95_2017-02-24.bag;0.834065854549408;0.0;0.9619645476341248;0.0;3.6903359844713712;0.8114143797257863;0.18858562027421366
1731803533.5104392;/app/bags/user95_2017-02-24.bag;0.834065854549408;0.0;0.9619645476341248;0.0;3.6903359844713712;0.8114143797257863;0.18858562027421366
1731803533.710361;/app/bags/user95_2017-02-24.bag;0.834065854549408;0.0;0.9619645476341248;0.0;3.6903359844713712;0.8114143797257863;0.18858562027421366
1731803533.9104068;/app/bags/user95_2017-02-24.bag;0.834065854549408;0.0;0.9619645476341248;0.0;3.6903359844713712;0.8114143797257863;0.18858562027421366
1731803534.1104023;/app/bags/user95_2017-02-24.bag;0.834065854549408;0.0;0.9619645476341248;0.0;3.6903359844713712;0.8114143797257863;0.18858562027421366
1731803534.3103662;/app/bags/user95_2017-02-24.bag;0.834065854549408;0.0;0.9619645476341248;0.0;3.6903359844713712;0.8114143797257863;0.18858562027421366
1731803534.510489;/app/bags/user95_2017-02-24.bag;0.834065854549408;0.0;0.9619645476341248;0.0;3.6903359844713712;0.8114143797257863;0.18858562027421366
1731803534.7106307;/app/bags/user95_2017-02-24.bag;0.834065854549408;0.0;0.9619645476341248;0.0;3.6903359844713712;0.8114143797257863;0.18858562027421366
1731803534.9103956;/app/bags/user95_2017-02-24.bag;0.834065854549408;0.0;0.9619645476341248;0.0;3.6903359844713712;0.8114143797257863;0.18858562027421366
1731803535.1103969;/app/bags/user95_2017-02-24.bag;0.834065854549408;0.0;0.9619645476341248;0.0;3.6903359844713712;0.8114143797257863;0.18858562027421366
1731803535.3104148;/app/bags/user95_2017-02-24.bag;0.834065854549408;0.0;0.9619645476341248;0.0;3.6903359844713712;0.8114143797257863;0.18858562027421366
1731803535.5104258;/app/bags/user95_2017-02-24.bag;0.834065854549408;0.0;0.9619645476341248;0.0;3.6903359844713712;0.8114143797257863;0.18858562027421366
1731803535.7103903;/app/bags/user95_2017-02-24.bag;0.834065854549408;0.0;0.9619645476341248;0.0;3.6903359844713712;0.8114143797257863;0.18858562027421366
1731803535.91041;/app/bags/user95_2017-02-24.bag;0.834065854549408;0.0;0.9619645476341248;0.0;3.6903359844713712;0.8114143797257863;0.18858562027421366
1731803536.1105013;/app/bags/user95_2017-02-24.bag;0.834065854549408;0.0;0.9619645476341248;0.0;3.6903359844713712;0.8114143797257863;0.18858562027421366
1731803536.310405;/app/bags/user95_2017-02-24.bag;0.834065854549408;0.0;0.9619645476341248;0.0;3.6903359844713712;0.8114143797257863;0.18858562027421366
1731803536.5104897;/app/bags/user95_2017-02-24.bag;0.834065854549408;0.0;0.9619645476341248;0.0;3.6903359844713712;0.8114143797257863;0.18858562027421366
1731803536.7103593;/app/bags/user95_2017-02-24.bag;0.834065854549408;0.0;0.9619645476341248;0.0;3.6903359844713712;0.8114143797257863;0.18858562027421366
1731803536.9104078;/app/bags/user95_2017-02-24.bag;0.834065854549408;0.0;0.9619645476341248;0.0;3.6903359844713712;0.8114143797257863;0.18858562027421366
1731803537.1103916;/app/bags/user95_2017-02-24.bag;0.834065854549408;0.0;0.9619645476341248;0.0;3.6903359844713712;0.8114143797257863;0.18858562027421366
1731803537.3104346;/app/bags/user95_2017-02-24.bag;0.834065854549408;0.0;0.9619645476341248;0.0;3.6903359844713712;0.8114143797257863;0.18858562027421366
1731803537.5104294;/app/bags/user95_2017-02-24.bag;0.834065854549408;0.0;0.9619645476341248;0.0;3.6903359844713712;0.8114143797257863;0.18858562027421366
1731803537.7104368;/app/bags/user95_2017-02-24.bag;0.834065854549408;0.0;0.9619645476341248;0.0;3.6903359844713712;0.8114143797257863;0.18858562027421366
1731803537.9104085;/app/bags/user95_2017-02-24.bag;0.834065854549408;0.0;0.9619645476341248;0.0;3.6903359844713712;0.8114143797257863;0.18858562027421366
1731803538.1104243;/app/bags/user95_2017-02-24.bag;0.834065854549408;0.0;0.9619645476341248;0.0;3.6903359844713712;0.8114143797257863;0.18858562027421366
1731803538.3103886;/app/bags/user95_2017-02-24.bag;0.834065854549408;0.0;0.9619645476341248;0.0;3.6903359844713712;0.8114143797257863;0.18858562027421366
1731803538.510529;/app/bags/user95_2017-02-24.bag;0.834065854549408;0.0;0.9619645476341248;0.0;3.6903359844713712;0.8114143797257863;0.18858562027421366
1731803538.7104096;/app/bags/user95_2017-02-24.bag;0.834065854549408;0.0;0.9619645476341248;0.0;3.6903359844713712;0.8114143797257863;0.18858562027421366
1731803538.9104168;/app/bags/user95_2017-02-24.bag;0.834065854549408;0.0;0.9619645476341248;0.0;3.6903359844713712;0.8114143797257863;0.18858562027421366
1731803539.1104066;/app/bags/user95_2017-02-24.bag;0.834065854549408;0.0;0.9619645476341248;0.0;3.6903359844713712;0.8114143797257863;0.18858562027421366
1731803539.3103864;/app/bags/user95_2017-02-24.bag;0.834065854549408;0.0;0.9619645476341248;0.0;3.6903359844713712;0.8114143797257863;0.18858562027421366
1731803539.5103874;/app/bags/user95_2017-02-24.bag;0.834065854549408;0.0;0.9619645476341248;0.0;3.6903359844713712;0.8114143797257863;0.18858562027421366
1731803539.7103908;/app/bags/user95_2017-02-24.bag;0.834065854549408;0.0;0.9619645476341248;0.0;3.6903359844713712;0.8114143797257863;0.18858562027421366
1731803539.9104426;/app/bags/user95_2017-02-24.bag;0.834065854549408;0.0;0.9619645476341248;0.0;3.6903359844713712;0.8114143797257863;0.18858562027421366
1731803540.1103404;/app/bags/user95_2017-02-24.bag;0.834065854549408;0.0;0.9619645476341248;0.0;3.6903359844713712;0.8114143797257863;0.18858562027421366
1731803540.3103962;/app/bags/user95_2017-02-24.bag;0.834065854549408;0.0;0.9619645476341248;0.0;3.6903359844713712;0.8114143797257863;0.18858562027421366
1731803540.510444;/app/bags/user95_2017-02-24.bag;0.834065854549408;0.0;0.9619645476341248;0.0;3.6903359844713712;0.8114143797257863;0.18858562027421366
1731803540.710428;/app/bags/user95_2017-02-24.bag;0.834065854549408;0.0;0.9619645476341248;0.0;3.6903359844713712;0.8114143797257863;0.18858562027421366
1731803540.9103816;/app/bags/user95_2017-02-24.bag;0.834065854549408;0.0;0.9619645476341248;0.0;3.6903359844713712;0.8114143797257863;0.18858562027421366
1731803541.1104205;/app/bags/user95_2017-02-24.bag;0.834065854549408;0.0;0.9619645476341248;0.0;3.6903359844713712;0.8114143797257863;0.18858562027421366
1731803541.3104208;/app/bags/user95_2017-02-24.bag;0.834065854549408;0.0;0.9619645476341248;0.0;3.6903359844713712;0.8114143797257863;0.18858562027421366
1731803541.510421;/app/bags/user95_2017-02-24.bag;0.834065854549408;0.0;0.9619645476341248;0.0;3.6903359844713712;0.8114143797257863;0.18858562027421366
1731803541.7103715;/app/bags/user95_2017-02-24.bag;0.834065854549408;0.0;0.9619645476341248;0.0;3.6903359844713712;0.8114143797257863;0.18858562027421366
1731803541.9103887;/app/bags/user95_2017-02-24.bag;0.834065854549408;0.0;0.9619645476341248;0.0;3.6903359844713712;0.8114143797257863;0.18858562027421366
1731803542.1103745;/app/bags/user95_2017-02-24.bag;0.834065854549408;0.0;0.9619645476341248;0.0;3.6903359844713712;0.8114143797257863;0.18858562027421366
1731803542.3103504;/app/bags/user95_2017-02-24.bag;0.834065854549408;0.0;0.9619645476341248;0.0;3.6903359844713712;0.8114143797257863;0.18858562027421366
1731803542.510384;/app/bags/user95_2017-02-24.bag;0.834065854549408;0.0;0.9619645476341248;0.0;3.6903359844713712;0.8114143797257863;0.18858562027421366
1731803542.7103987;/app/bags/user95_2017-02-24.bag;0.834065854549408;0.0;0.9619645476341248;0.0;3.6903359844713712;0.8114143797257863;0.18858562027421366
1731803542.9103956;/app/bags/user95_2017-02-24.bag;0.834065854549408;0.0;0.9619645476341248;0.0;3.6903359844713712;0.8114143797257863;0.18858562027421366
1731803543.1103914;/app/bags/user95_2017-02-24.bag;0.834065854549408;0.0;0.9619645476341248;0.0;3.6903359844713712;0.8114143797257863;0.18858562027421366
1731803543.3103757;/app/bags/user95_2017-02-24.bag;0.834065854549408;0.0;0.9619645476341248;0.0;3.6903359844713712;0.8114143797257863;0.18858562027421366
1731803543.5103521;/app/bags/user95_2017-02-24.bag;0.834065854549408;0.0;0.9619645476341248;0.0;3.6903359844713712;0.8114143797257863;0.18858562027421366
1731803543.7104075;/app/bags/user95_2017-02-24.bag;0.834065854549408;0.0;0.9619645476341248;0.0;3.6903359844713712;0.8114143797257863;0.18858562027421366
1731803543.9104538;/app/bags/user95_2017-02-24.bag;0.834065854549408;0.0;0.9619645476341248;0.0;3.6903359844713712;0.8114143797257863;0.18858562027421366
1731803544.1103475;/app/bags/user95_2017-02-24.bag;0.834065854549408;0.0;0.9619645476341248;0.0;3.6903359844713712;0.8114143797257863;0.18858562027421366
1731803544.3103774;/app/bags/user95_2017-02-24.bag;0.834065854549408;0.0;0.9619645476341248;0.0;3.6903359844713712;0.8114143797257863;0.18858562027421366
1731803544.510427;/app/bags/user95_2017-02-24.bag;0.834065854549408;0.0;0.9619645476341248;0.0;3.6903359844713712;0.8114143797257863;0.18858562027421366
1731803544.7103627;/app/bags/user95_2017-02-24.bag;0.834065854549408;0.0;0.9619645476341248;0.0;3.6903359844713712;0.8114143797257863;0.18858562027421366
1731803544.9103487;/app/bags/user95_2017-02-24.bag;0.834065854549408;0.0;0.9619645476341248;0.0;3.6903359844713712;0.8114143797257863;0.18858562027421366
1731803545.1103988;/app/bags/user95_2017-02-24.bag;0.834065854549408;0.0;0.9619645476341248;0.0;3.6903359844713712;0.8114143797257863;0.18858562027421366
1731803545.3103948;/app/bags/user95_2017-02-24.bag;0.834065854549408;0.0;0.9619645476341248;0.0;3.6903359844713712;0.8114143797257863;0.18858562027421366
1731803545.5103586;/app/bags/user95_2017-02-24.bag;0.834065854549408;0.0;0.9619645476341248;0.0;3.6903359844713712;0.8114143797257863;0.18858562027421366
1731803545.7104232;/app/bags/user95_2017-02-24.bag;0.834065854549408;0.0;0.9619645476341248;0.0;3.6903359844713712;0.8114143797257863;0.18858562027421366
1731803545.9104793;/app/bags/user95_2017-02-24.bag;0.834065854549408;0.0;0.9619645476341248;0.0;3.6903359844713712;0.8114143797257863;0.18858562027421366
1731803546.1103668;/app/bags/user95_2017-02-24.bag;0.834065854549408;0.0;0.9619645476341248;0.0;3.6903359844713712;0.8114143797257863;0.18858562027421366
1731803546.310421;/app/bags/user95_2017-02-24.bag;0.834065854549408;0.0;0.9619645476341248;0.0;3.6903359844713712;0.8114143797257863;0.18858562027421366
1731803546.5104637;/app/bags/user95_2017-02-24.bag;0.834065854549408;0.0;0.9619645476341248;0.0;3.6903359844713712;0.8114143797257863;0.18858562027421366
1731803546.7103767;/app/bags/user95_2017-02-24.bag;0.834065854549408;0.0;0.9619645476341248;0.0;3.6903359844713712;0.8114143797257863;0.18858562027421366
1731803546.9103923;/app/bags/user95_2017-02-24.bag;0.834065854549408;0.0;0.9619645476341248;0.0;3.6903359844713712;0.8114143797257863;0.18858562027421366
1731803547.110424;/app/bags/user95_2017-02-24.bag;0.834065854549408;0.0;0.9619645476341248;0.0;3.6903359844713712;0.8114143797257863;0.18858562027421366
1731803547.3103988;/app/bags/user95_2017-02-24.bag;0.834065854549408;0.0;0.9619645476341248;0.0;3.6903359844713712;0.8114143797257863;0.18858562027421366
1731803547.510615;/app/bags/user95_2017-02-24.bag;0.834065854549408;0.0;0.9619645476341248;0.0;3.6903359844713712;0.8114143797257863;0.18858562027421366
1731803547.7104166;/app/bags/user95_2017-02-24.bag;0.834065854549408;0.0;0.9619645476341248;0.0;3.6903359844713712;0.8114143797257863;0.18858562027421366
1731803547.910547;/app/bags/user95_2017-02-24.bag;0.834065854549408;0.0;0.9619645476341248;0.0;3.6903359844713712;0.8114143797257863;0.18858562027421366
1731803548.1104095;/app/bags/user95_2017-02-24.bag;0.834065854549408;0.0;0.9619645476341248;0.0;3.6903359844713712;0.8114143797257863;0.18858562027421366
1731803548.3103826;/app/bags/user95_2017-02-24.bag;0.834065854549408;0.0;0.9619645476341248;0.0;3.6903359844713712;0.8114143797257863;0.18858562027421366
1731803548.5104418;/app/bags/user95_2017-02-24.bag;0.834065854549408;0.0;0.9619645476341248;0.0;3.6903359844713712;0.8114143797257863;0.18858562027421366
1731803548.7104223;/app/bags/user95_2017-02-24.bag;0.834065854549408;0.0;0.9619645476341248;0.0;3.6903359844713712;0.8114143797257863;0.18858562027421366
1731803548.9104638;/app/bags/user95_2017-02-24.bag;0.834065854549408;0.0;0.9619645476341248;0.0;3.6903359844713712;0.8114143797257863;0.18858562027421366
1731803549.1103616;/app/bags/user95_2017-02-24.bag;0.834065854549408;0.0;0.9619645476341248;0.0;3.6903359844713712;0.8114143797257863;0.18858562027421366
1731803549.3103964;/app/bags/user95_2017-02-24.bag;0.834065854549408;0.0;0.9619645476341248;0.0;3.6903359844713712;0.8114143797257863;0.18858562027421366
1731803549.5104294;/app/bags/user95_2017-02-24.bag;0.834065854549408;0.0;0.9619645476341248;0.0;3.6903359844713712;0.8114143797257863;0.18858562027421366
1731803549.710418;/app/bags/user95_2017-02-24.bag;0.834065854549408;0.0;0.9619645476341248;0.0;3.6903359844713712;0.8114143797257863;0.18858562027421366
1731803549.9104223;/app/bags/user95_2017-02-24.bag;0.834065854549408;0.0;0.9619645476341248;0.0;3.6903359844713712;0.8114143797257863;0.18858562027421366
1731803550.1103122;/app/bags/user95_2017-02-24.bag;0.834065854549408;0.0;0.9619645476341248;0.0;3.6903359844713712;0.8114143797257863;0.18858562027421366
1731803550.3103852;/app/bags/user95_2017-02-24.bag;0.834065854549408;0.0;0.9619645476341248;0.0;3.6903359844713712;0.8114143797257863;0.18858562027421366
1731803550.510392;/app/bags/user95_2017-02-24.bag;0.834065854549408;0.0;0.9619645476341248;0.0;3.6903359844713712;0.8114143797257863;0.18858562027421366
1731803550.7103972;/app/bags/user95_2017-02-24.bag;0.834065854549408;0.0;0.9619645476341248;0.0;3.6903359844713712;0.8114143797257863;0.18858562027421366
1731803550.910398;/app/bags/user95_2017-02-24.bag;0.834065854549408;0.0;0.9619645476341248;0.0;3.6903359844713712;0.8114143797257863;0.18858562027421366
1731803551.1105278;/app/bags/user95_2017-02-24.bag;0.834065854549408;0.0;0.9619645476341248;0.0;3.6903359844713712;0.8114143797257863;0.18858562027421366
1731803551.3104074;/app/bags/user95_2017-02-24.bag;0.834065854549408;0.0;0.9619645476341248;0.0;3.6903359844713712;0.8114143797257863;0.18858562027421366
1731803551.510372;/app/bags/user95_2017-02-24.bag;0.834065854549408;0.0;0.9619645476341248;0.0;3.6903359844713712;0.8114143797257863;0.18858562027421366
1731803551.7103927;/app/bags/user95_2017-02-24.bag;0.834065854549408;0.0;0.9619645476341248;0.0;3.6903359844713712;0.8114143797257863;0.18858562027421366
1731803551.91046;/app/bags/user95_2017-02-24.bag;0.834065854549408;0.0;0.9619645476341248;0.0;3.6903359844713712;0.8114143797257863;0.18858562027421366
1731803552.1104681;/app/bags/user95_2017-02-24.bag;0.834065854549408;0.0;0.9619645476341248;0.0;3.6903359844713712;0.8114143797257863;0.18858562027421366
1731803552.3103871;/app/bags/user95_2017-02-24.bag;0.834065854549408;0.0;0.9619645476341248;0.0;3.6903359844713712;0.8114143797257863;0.18858562027421366
1731803552.5103753;/app/bags/user95_2017-02-24.bag;0.834065854549408;0.0;0.9619645476341248;0.0;3.6903359844713712;0.8114143797257863;0.18858562027421366
1731803552.710426;/app/bags/user95_2017-02-24.bag;0.834065854549408;0.0;0.9619645476341248;0.0;3.6903359844713712;0.8114143797257863;0.18858562027421366
1731803552.9104304;/app/bags/user95_2017-02-24.bag;0.834065854549408;0.0;0.9619645476341248;0.0;3.6903359844713712;0.8114143797257863;0.18858562027421366
1731803553.1103814;/app/bags/user95_2017-02-24.bag;0.834065854549408;0.0;0.9619645476341248;0.0;3.6903359844713712;0.8114143797257863;0.18858562027421366
1731803553.3103924;/app/bags/user95_2017-02-24.bag;0.834065854549408;0.0;0.9619645476341248;0.0;3.6903359844713712;0.8114143797257863;0.18858562027421366
1731803553.5103738;/app/bags/user95_2017-02-24.bag;0.834065854549408;0.0;0.9619645476341248;0.0;3.6903359844713712;0.8114143797257863;0.18858562027421366
1731803553.7104352;/app/bags/user95_2017-02-24.bag;0.834065854549408;0.0;0.9619645476341248;0.0;3.6903359844713712;0.8114143797257863;0.18858562027421366
1731803553.9103985;/app/bags/user95_2017-02-24.bag;0.834065854549408;0.0;0.9619645476341248;0.0;3.6903359844713712;0.8114143797257863;0.18858562027421366
1731803554.1104183;/app/bags/user95_2017-02-24.bag;0.834065854549408;0.0;0.9619645476341248;0.0;3.6903359844713712;0.8114143797257863;0.18858562027421366
1731803554.310362;/app/bags/user95_2017-02-24.bag;0.834065854549408;0.0;0.9619645476341248;0.0;3.6903359844713712;0.8114143797257863;0.18858562027421366
1731803554.5104232;/app/bags/user95_2017-02-24.bag;0.834065854549408;0.0;0.9619645476341248;0.0;3.6903359844713712;0.8114143797257863;0.18858562027421366
1731803554.7103727;/app/bags/user95_2017-02-24.bag;0.834065854549408;0.0;0.9619645476341248;0.0;3.6903359844713712;0.8114143797257863;0.18858562027421366
1731803554.910428;/app/bags/user95_2017-02-24.bag;0.834065854549408;0.0;0.9619645476341248;0.0;3.6903359844713712;0.8114143797257863;0.18858562027421366
1731803555.1103806;/app/bags/user95_2017-02-24.bag;0.834065854549408;0.0;0.9619645476341248;0.0;3.6903359844713712;0.8114143797257863;0.18858562027421366
1731803555.3104668;/app/bags/user95_2017-02-24.bag;0.834065854549408;0.0;0.9619645476341248;0.0;3.6903359844713712;0.8114143797257863;0.18858562027421366
1731803555.510497;/app/bags/user95_2017-02-24.bag;0.834065854549408;0.0;0.9619645476341248;0.0;3.6903359844713712;0.8114143797257863;0.18858562027421366
1731803555.7102191;/app/bags/user95_2017-02-24.bag;0.834065854549408;0.0;0.9619645476341248;0.0;3.6903359844713712;0.8114143797257863;0.18858562027421366
1731803555.9104;/app/bags/user95_2017-02-24.bag;0.834065854549408;0.0;0.9619645476341248;0.0;3.6903359844713712;0.8114143797257863;0.18858562027421366
1731803556.1103761;/app/bags/user95_2017-02-24.bag;0.834065854549408;0.0;0.9619645476341248;0.0;3.6903359844713712;0.8114143797257863;0.18858562027421366
1731803556.3103855;/app/bags/user95_2017-02-24.bag;0.834065854549408;0.0;0.9619645476341248;0.0;3.6903359844713712;0.8114143797257863;0.18858562027421366
1731803556.5104597;/app/bags/user95_2017-02-24.bag;0.834065854549408;0.0;0.9619645476341248;0.0;3.6903359844713712;0.8114143797257863;0.18858562027421366
1731803556.710469;/app/bags/user95_2017-02-24.bag;0.834065854549408;0.0;0.9619645476341248;0.0;3.6903359844713712;0.8114143797257863;0.18858562027421366
1731803556.9104922;/app/bags/user95_2017-02-24.bag;0.834065854549408;0.0;0.9619645476341248;0.0;3.6903359844713712;0.8114143797257863;0.18858562027421366
1731803557.110406;/app/bags/user95_2017-02-24.bag;0.834065854549408;0.0;0.9619645476341248;0.0;3.6903359844713712;0.8114143797257863;0.18858562027421366
1731803557.3104568;/app/bags/user95_2017-02-24.bag;0.834065854549408;0.0;0.9619645476341248;0.0;3.6903359844713712;0.8114143797257863;0.18858562027421366
1731803557.5105672;/app/bags/user95_2017-02-24.bag;0.834065854549408;0.0;0.9619645476341248;0.0;3.6903359844713712;0.8114143797257863;0.18858562027421366
1731803557.7103927;/app/bags/user95_2017-02-24.bag;0.834065854549408;0.0;0.9619645476341248;0.0;3.6903359844713712;0.8114143797257863;0.18858562027421366
1731803557.9103494;/app/bags/user95_2017-02-24.bag;0.834065854549408;0.0;0.9619645476341248;0.0;3.6903359844713712;0.8114143797257863;0.18858562027421366
1731803558.1103718;/app/bags/user95_2017-02-24.bag;0.834065854549408;0.0;0.9619645476341248;0.0;3.6903359844713712;0.8114143797257863;0.18858562027421366
1731803558.3105013;/app/bags/user95_2017-02-24.bag;0.834065854549408;0.0;0.9619645476341248;0.0;3.6903359844713712;0.8114143797257863;0.18858562027421366
1731803558.5103824;/app/bags/user95_2017-02-24.bag;0.834065854549408;0.0;0.9619645476341248;0.0;3.6903359844713712;0.8114143797257863;0.18858562027421366
1731803558.710554;/app/bags/user95_2017-02-24.bag;0.834065854549408;0.0;0.9619645476341248;0.0;3.6903359844713712;0.8114143797257863;0.18858562027421366
1731803558.9103775;/app/bags/user95_2017-02-24.bag;0.834065854549408;0.0;0.9619645476341248;0.0;3.6903359844713712;0.8114143797257863;0.18858562027421366
1731803559.1105072;/app/bags/user95_2017-02-24.bag;0.834065854549408;0.0;0.9619645476341248;0.0;3.6903359844713712;0.8114143797257863;0.18858562027421366
1731803559.3104045;/app/bags/user95_2017-02-24.bag;0.834065854549408;0.0;0.9619645476341248;0.0;3.6903359844713712;0.8114143797257863;0.18858562027421366
1731803559.5104015;/app/bags/user95_2017-02-24.bag;0.834065854549408;0.0;0.9619645476341248;0.0;3.6903359844713712;0.8114143797257863;0.18858562027421366
1731803559.7104542;/app/bags/user95_2017-02-24.bag;0.834065854549408;0.0;0.9619645476341248;0.0;3.6903359844713712;0.8114143797257863;0.18858562027421366
1731803559.9104357;/app/bags/user95_2017-02-24.bag;0.834065854549408;0.0;0.9619645476341248;0.0;3.6903359844713712;0.8114143797257863;0.18858562027421366
1731803560.110402;/app/bags/user95_2017-02-24.bag;0.834065854549408;0.0;0.9619645476341248;0.0;3.6903359844713712;0.8114143797257863;0.18858562027421366
1731803560.3104148;/app/bags/user95_2017-02-24.bag;0.834065854549408;0.0;0.9619645476341248;0.0;3.6903359844713712;0.8114143797257863;0.18858562027421366
1731803560.51041;/app/bags/user95_2017-02-24.bag;0.834065854549408;0.0;0.9619645476341248;0.0;3.6903359844713712;0.8114143797257863;0.18858562027421366
1731803560.7105293;/app/bags/user95_2017-02-24.bag;0.834065854549408;0.0;0.9619645476341248;0.0;3.6903359844713712;0.8114143797257863;0.18858562027421366
1731803560.9104013;/app/bags/user95_2017-02-24.bag;0.834065854549408;0.0;0.9619645476341248;0.0;3.6903359844713712;0.8114143797257863;0.18858562027421366
1731803561.1105518;/app/bags/user95_2017-02-24.bag;0.834065854549408;0.0;0.9619645476341248;0.0;3.6903359844713712;0.8114143797257863;0.18858562027421366
1731803561.3103979;/app/bags/user95_2017-02-24.bag;0.834065854549408;0.0;0.9619645476341248;0.0;3.6903359844713712;0.8114143797257863;0.18858562027421366
1731803561.510359;/app/bags/user95_2017-02-24.bag;0.834065854549408;0.0;0.9619645476341248;0.0;3.6903359844713712;0.8114143797257863;0.18858562027421366
1731803561.710394;/app/bags/user95_2017-02-24.bag;0.834065854549408;0.0;0.9619645476341248;0.0;3.6903359844713712;0.8114143797257863;0.18858562027421366
1731803561.9104042;/app/bags/user95_2017-02-24.bag;0.834065854549408;0.0;0.9619645476341248;0.0;3.6903359844713712;0.8114143797257863;0.18858562027421366
1731803562.1104064;/app/bags/user95_2017-02-24.bag;0.834065854549408;0.0;0.9619645476341248;0.0;3.6903359844713712;0.8114143797257863;0.18858562027421366
1731803562.3104217;/app/bags/user95_2017-02-24.bag;0.834065854549408;0.0;0.9619645476341248;0.0;3.6903359844713712;0.8114143797257863;0.18858562027421366
1731803562.5103984;/app/bags/user95_2017-02-24.bag;0.834065854549408;0.0;0.9619645476341248;0.0;3.6903359844713712;0.8114143797257863;0.18858562027421366
1731803562.7103984;/app/bags/user95_2017-02-24.bag;0.834065854549408;0.0;0.9619645476341248;0.0;3.6903359844713712;0.8114143797257863;0.18858562027421366
1731803562.9103663;/app/bags/user95_2017-02-24.bag;0.834065854549408;0.0;0.9619645476341248;0.0;3.6903359844713712;0.8114143797257863;0.18858562027421366
1731803563.1104112;/app/bags/user95_2017-02-24.bag;0.834065854549408;0.0;0.9619645476341248;0.0;3.6903359844713712;0.8114143797257863;0.18858562027421366
1731803563.3104143;/app/bags/user95_2017-02-24.bag;0.834065854549408;0.0;0.9619645476341248;0.0;3.6903359844713712;0.8114143797257863;0.18858562027421366
1731803563.5103865;/app/bags/user95_2017-02-24.bag;0.834065854549408;0.0;0.9619645476341248;0.0;3.6903359844713712;0.8114143797257863;0.18858562027421366
1731803563.7104027;/app/bags/user95_2017-02-24.bag;0.834065854549408;0.0;0.9619645476341248;0.0;3.6903359844713712;0.8114143797257863;0.18858562027421366
1731803563.9103844;/app/bags/user95_2017-02-24.bag;0.834065854549408;0.0;0.9619645476341248;0.0;3.6903359844713712;0.8114143797257863;0.18858562027421366
1731803564.1104398;/app/bags/user95_2017-02-24.bag;0.834065854549408;0.0;0.9619645476341248;0.0;3.6903359844713712;0.8114143797257863;0.18858562027421366
1731803564.310514;/app/bags/user95_2017-02-24.bag;0.834065854549408;0.0;0.9619645476341248;0.0;3.6903359844713712;0.8114143797257863;0.18858562027421366
1731803564.5104;/app/bags/user95_2017-02-24.bag;0.834065854549408;0.0;0.9619645476341248;0.0;3.6903359844713712;0.8114143797257863;0.18858562027421366
1731803564.7104087;/app/bags/user95_2017-02-24.bag;0.834065854549408;0.0;0.9619645476341248;0.0;3.6903359844713712;0.8114143797257863;0.18858562027421366
1731803564.910433;/app/bags/user95_2017-02-24.bag;0.834065854549408;0.0;0.9619645476341248;0.0;3.6903359844713712;0.8114143797257863;0.18858562027421366
1731803565.1103957;/app/bags/user95_2017-02-24.bag;0.834065854549408;0.0;0.9619645476341248;0.0;3.6903359844713712;0.8114143797257863;0.18858562027421366
1731803565.3104699;/app/bags/user95_2017-02-24.bag;0.834065854549408;0.0;0.9619645476341248;0.0;3.6903359844713712;0.8114143797257863;0.18858562027421366
1731803565.5104196;/app/bags/user95_2017-02-24.bag;0.834065854549408;0.0;0.9619645476341248;0.0;3.6903359844713712;0.8114143797257863;0.18858562027421366
1731803565.7103987;/app/bags/user95_2017-02-24.bag;0.834065854549408;0.0;0.9619645476341248;0.0;3.6903359844713712;0.8114143797257863;0.18858562027421366
1731803565.9103997;/app/bags/user95_2017-02-24.bag;0.834065854549408;0.0;0.9619645476341248;0.0;3.6903359844713712;0.8114143797257863;0.18858562027421366
1731803566.1104152;/app/bags/user95_2017-02-24.bag;0.834065854549408;0.0;0.9619645476341248;0.0;3.6903359844713712;0.8114143797257863;0.18858562027421366
1731803566.3103843;/app/bags/user95_2017-02-24.bag;0.834065854549408;0.0;0.9619645476341248;0.0;3.6903359844713712;0.8114143797257863;0.18858562027421366
1731803566.5103934;/app/bags/user95_2017-02-24.bag;0.834065854549408;0.0;0.9619645476341248;0.0;3.6903359844713712;0.8114143797257863;0.18858562027421366
1731803566.7104127;/app/bags/user95_2017-02-24.bag;0.834065854549408;0.0;0.9619645476341248;0.0;3.6903359844713712;0.8114143797257863;0.18858562027421366
1731803566.9104362;/app/bags/user95_2017-02-24.bag;0.834065854549408;0.0;0.9619645476341248;0.0;3.6903359844713712;0.8114143797257863;0.18858562027421366
1731803567.1103897;/app/bags/user95_2017-02-24.bag;0.834065854549408;0.0;0.9619645476341248;0.0;3.6903359844713712;0.8114143797257863;0.18858562027421366
1731803567.3104534;/app/bags/user95_2017-02-24.bag;0.834065854549408;0.0;0.9619645476341248;0.0;3.6903359844713712;0.8114143797257863;0.18858562027421366
1731803567.5104134;/app/bags/user95_2017-02-24.bag;0.834065854549408;0.0;0.9619645476341248;0.0;3.6903359844713712;0.8114143797257863;0.18858562027421366
1731803567.710468;/app/bags/user95_2017-02-24.bag;0.834065854549408;0.0;0.9619645476341248;0.0;3.6903359844713712;0.8114143797257863;0.18858562027421366
1731803567.910398;/app/bags/user95_2017-02-24.bag;0.834065854549408;0.0;0.9619645476341248;0.0;3.6903359844713712;0.8114143797257863;0.18858562027421366
1731803568.110427;/app/bags/user95_2017-02-24.bag;0.834065854549408;0.0;0.9619645476341248;0.0;3.6903359844713712;0.8114143797257863;0.18858562027421366
1731803568.3103833;/app/bags/user95_2017-02-24.bag;0.834065854549408;0.0;0.9619645476341248;0.0;3.6903359844713712;0.8114143797257863;0.18858562027421366
1731803568.5104282;/app/bags/user95_2017-02-24.bag;0.834065854549408;0.0;0.9619645476341248;0.0;3.6903359844713712;0.8114143797257863;0.18858562027421366
1731803568.7105482;/app/bags/user95_2017-02-24.bag;0.834065854549408;0.0;0.9619645476341248;0.0;3.6903359844713712;0.8114143797257863;0.18858562027421366
1731803568.910405;/app/bags/user95_2017-02-24.bag;0.834065854549408;0.0;0.9619645476341248;0.0;3.6903359844713712;0.8114143797257863;0.18858562027421366
1731803569.1104002;/app/bags/user95_2017-02-24.bag;0.834065854549408;0.0;0.9619645476341248;0.0;3.6903359844713712;0.8114143797257863;0.18858562027421366
1731803569.310428;/app/bags/user95_2017-02-24.bag;0.834065854549408;0.0;0.9619645476341248;0.0;3.6903359844713712;0.8114143797257863;0.18858562027421366
1731803569.5106096;/app/bags/user95_2017-02-24.bag;0.834065854549408;0.0;0.9619645476341248;0.0;3.6903359844713712;0.8114143797257863;0.18858562027421366
1731803569.7104108;/app/bags/user95_2017-02-24.bag;0.834065854549408;0.0;0.9619645476341248;0.0;3.6903359844713712;0.8114143797257863;0.18858562027421366
1731803569.910459;/app/bags/user95_2017-02-24.bag;0.834065854549408;0.0;0.9619645476341248;0.0;3.6903359844713712;0.8114143797257863;0.18858562027421366
1731803570.1105185;/app/bags/user95_2017-02-24.bag;0.834065854549408;0.0;0.9619645476341248;0.0;3.6903359844713712;0.8114143797257863;0.18858562027421366
1731803570.310474;/app/bags/user95_2017-02-24.bag;0.834065854549408;0.0;0.9619645476341248;0.0;3.6903359844713712;0.8114143797257863;0.18858562027421366
1731803570.5103352;/app/bags/user95_2017-02-24.bag;0.834065854549408;0.0;0.9619645476341248;0.0;3.6903359844713712;0.8114143797257863;0.18858562027421366
1731803570.7104154;/app/bags/user95_2017-02-24.bag;0.834065854549408;0.0;0.9619645476341248;0.0;3.6903359844713712;0.8114143797257863;0.18858562027421366
1731803570.9104548;/app/bags/user95_2017-02-24.bag;0.834065854549408;0.0;0.9619645476341248;0.0;3.6903359844713712;0.8114143797257863;0.18858562027421366
1731803571.1104934;/app/bags/user95_2017-02-24.bag;0.834065854549408;0.0;0.9619645476341248;0.0;3.6903359844713712;0.8114143797257863;0.18858562027421366
1731803571.310394;/app/bags/user95_2017-02-24.bag;0.834065854549408;0.0;0.9619645476341248;0.0;3.6903359844713712;0.8114143797257863;0.18858562027421366
1731803571.5104058;/app/bags/user95_2017-02-24.bag;0.834065854549408;0.0;0.9619645476341248;0.0;3.6903359844713712;0.8114143797257863;0.18858562027421366
1731803571.7103715;/app/bags/user95_2017-02-24.bag;0.834065854549408;0.0;0.9619645476341248;0.0;3.6903359844713712;0.8114143797257863;0.18858562027421366
1731803571.9103465;/app/bags/user95_2017-02-24.bag;0.834065854549408;0.0;0.9619645476341248;0.0;3.6903359844713712;0.8114143797257863;0.18858562027421366
1731803572.1104252;/app/bags/user95_2017-02-24.bag;0.834065854549408;0.0;0.9619645476341248;0.0;3.6903359844713712;0.8114143797257863;0.18858562027421366
1731803572.3104131;/app/bags/user95_2017-02-24.bag;0.834065854549408;0.0;0.9619645476341248;0.0;3.6903359844713712;0.8114143797257863;0.18858562027421366
1731803572.5103984;/app/bags/user95_2017-02-24.bag;0.834065854549408;0.0;0.9619645476341248;0.0;3.6903359844713712;0.8114143797257863;0.18858562027421366
1731803572.710446;/app/bags/user95_2017-02-24.bag;0.834065854549408;0.0;0.9619645476341248;0.0;3.6903359844713712;0.8114143797257863;0.18858562027421366
1731803572.910393;/app/bags/user95_2017-02-24.bag;0.834065854549408;0.0;0.9619645476341248;0.0;3.6903359844713712;0.8114143797257863;0.18858562027421366
1731803573.1103914;/app/bags/user95_2017-02-24.bag;0.834065854549408;0.0;0.9619645476341248;0.0;3.6903359844713712;0.8114143797257863;0.18858562027421366
1731803573.3104203;/app/bags/user95_2017-02-24.bag;0.834065854549408;0.0;0.9619645476341248;0.0;3.6903359844713712;0.8114143797257863;0.18858562027421366
1731803573.5104015;/app/bags/user95_2017-02-24.bag;0.834065854549408;0.0;0.9619645476341248;0.0;3.6903359844713712;0.8114143797257863;0.18858562027421366
1731803573.7104268;/app/bags/user95_2017-02-24.bag;0.834065854549408;0.0;0.9619645476341248;0.0;3.6903359844713712;0.8114143797257863;0.18858562027421366
1731803573.9104018;/app/bags/user95_2017-02-24.bag;0.834065854549408;0.0;0.9619645476341248;0.0;3.6903359844713712;0.8114143797257863;0.18858562027421366
1731803574.1104105;/app/bags/user95_2017-02-24.bag;0.834065854549408;0.0;0.9619645476341248;0.0;3.6903359844713712;0.8114143797257863;0.18858562027421366
1731803574.3103907;/app/bags/user95_2017-02-24.bag;0.834065854549408;0.0;0.9619645476341248;0.0;3.6903359844713712;0.8114143797257863;0.18858562027421366
1731803574.5104;/app/bags/user95_2017-02-24.bag;0.834065854549408;0.0;0.9619645476341248;0.0;3.6903359844713712;0.8114143797257863;0.18858562027421366
1731803574.7104313;/app/bags/user95_2017-02-24.bag;0.834065854549408;0.0;0.9619645476341248;0.0;3.6903359844713712;0.8114143797257863;0.18858562027421366
1731803574.9103973;/app/bags/user95_2017-02-24.bag;0.834065854549408;0.0;0.9619645476341248;0.0;3.6903359844713712;0.8114143797257863;0.18858562027421366
1731803575.1105316;/app/bags/user95_2017-02-24.bag;0.834065854549408;0.0;0.9619645476341248;0.0;3.6903359844713712;0.8114143797257863;0.18858562027421366
1731803575.3103862;/app/bags/user95_2017-02-24.bag;0.834065854549408;0.0;0.9619645476341248;0.0;3.6903359844713712;0.8114143797257863;0.18858562027421366
1731803575.510396;/app/bags/user95_2017-02-24.bag;0.834065854549408;0.0;0.9619645476341248;0.0;3.6903359844713712;0.8114143797257863;0.18858562027421366
1731803575.7104836;/app/bags/user95_2017-02-24.bag;0.834065854549408;0.0;0.9619645476341248;0.0;3.6903359844713712;0.8114143797257863;0.18858562027421366
1731803575.9104118;/app/bags/user95_2017-02-24.bag;0.834065854549408;0.0;0.9619645476341248;0.0;3.6903359844713712;0.8114143797257863;0.18858562027421366
1731803576.1104057;/app/bags/user95_2017-02-24.bag;0.834065854549408;0.0;0.9619645476341248;0.0;3.6903359844713712;0.8114143797257863;0.18858562027421366
1731803576.3103967;/app/bags/user95_2017-02-24.bag;0.834065854549408;0.0;0.9619645476341248;0.0;3.6903359844713712;0.8114143797257863;0.18858562027421366
1731803576.5104291;/app/bags/user95_2017-02-24.bag;0.834065854549408;0.0;0.9619645476341248;0.0;3.6903359844713712;0.8114143797257863;0.18858562027421366
1731803576.710382;/app/bags/user95_2017-02-24.bag;0.834065854549408;0.0;0.9619645476341248;0.0;3.6903359844713712;0.8114143797257863;0.18858562027421366
1731803576.9104035;/app/bags/user95_2017-02-24.bag;0.834065854549408;0.0;0.9619645476341248;0.0;3.6903359844713712;0.8114143797257863;0.18858562027421366
1731803577.1103861;/app/bags/user95_2017-02-24.bag;0.834065854549408;0.0;0.9619645476341248;0.0;3.6903359844713712;0.8114143797257863;0.18858562027421366
1731803577.310385;/app/bags/user95_2017-02-24.bag;0.834065854549408;0.0;0.9619645476341248;0.0;3.6903359844713712;0.8114143797257863;0.18858562027421366
1731803577.510444;/app/bags/user95_2017-02-24.bag;0.834065854549408;0.0;0.9619645476341248;0.0;3.6903359844713712;0.8114143797257863;0.18858562027421366
1731803577.7103965;/app/bags/user95_2017-02-24.bag;0.834065854549408;0.0;0.9619645476341248;0.0;3.6903359844713712;0.8114143797257863;0.18858562027421366
1731803577.9104097;/app/bags/user95_2017-02-24.bag;0.834065854549408;0.0;0.9619645476341248;0.0;3.6903359844713712;0.8114143797257863;0.18858562027421366
1731803578.110364;/app/bags/user95_2017-02-24.bag;0.834065854549408;0.0;0.9619645476341248;0.0;3.6903359844713712;0.8114143797257863;0.18858562027421366
1731803578.31046;/app/bags/user95_2017-02-24.bag;0.834065854549408;0.0;0.9619645476341248;0.0;3.6903359844713712;0.8114143797257863;0.18858562027421366
1731803578.510412;/app/bags/user95_2017-02-24.bag;0.834065854549408;0.0;0.9619645476341248;0.0;3.6903359844713712;0.8114143797257863;0.18858562027421366
1731803578.7104669;/app/bags/user95_2017-02-24.bag;0.834065854549408;0.0;0.9619645476341248;0.0;3.6903359844713712;0.8114143797257863;0.18858562027421366
1731803578.9104862;/app/bags/user95_2017-02-24.bag;0.834065854549408;0.0;0.9619645476341248;0.0;3.6903359844713712;0.8114143797257863;0.18858562027421366
1731803579.1104355;/app/bags/user95_2017-02-24.bag;0.834065854549408;0.0;0.9619645476341248;0.0;3.6903359844713712;0.8114143797257863;0.18858562027421366
1731803579.3104153;/app/bags/user95_2017-02-24.bag;0.834065854549408;0.0;0.9619645476341248;0.0;3.6903359844713712;0.8114143797257863;0.18858562027421366
1731803579.510404;/app/bags/user95_2017-02-24.bag;0.834065854549408;0.0;0.9619645476341248;0.0;3.6903359844713712;0.8114143797257863;0.18858562027421366
1731803579.7104378;/app/bags/user95_2017-02-24.bag;0.834065854549408;0.0;0.9619645476341248;0.0;3.6903359844713712;0.8114143797257863;0.18858562027421366
1731803579.9103882;/app/bags/user95_2017-02-24.bag;0.834065854549408;0.0;0.9619645476341248;0.0;3.6903359844713712;0.8114143797257863;0.18858562027421366
1731803580.1103954;/app/bags/user95_2017-02-24.bag;0.834065854549408;0.0;0.9619645476341248;0.0;3.6903359844713712;0.8114143797257863;0.18858562027421366
1731803580.3104026;/app/bags/user95_2017-02-24.bag;0.834065854549408;0.0;0.9619645476341248;0.0;3.6903359844713712;0.8114143797257863;0.18858562027421366
1731803580.510403;/app/bags/user95_2017-02-24.bag;0.834065854549408;0.0;0.9619645476341248;0.0;3.6903359844713712;0.8114143797257863;0.18858562027421366
1731803580.7104092;/app/bags/user95_2017-02-24.bag;0.834065854549408;0.0;0.9619645476341248;0.0;3.6903359844713712;0.8114143797257863;0.18858562027421366
1731803580.9104424;/app/bags/user95_2017-02-24.bag;0.834065854549408;0.0;0.9619645476341248;0.0;3.6903359844713712;0.8114143797257863;0.18858562027421366
1731803581.1104364;/app/bags/user95_2017-02-24.bag;0.834065854549408;0.0;0.9619645476341248;0.0;3.6903359844713712;0.8114143797257863;0.18858562027421366
1731803581.310469;/app/bags/user95_2017-02-24.bag;0.834065854549408;0.0;0.9619645476341248;0.0;3.6903359844713712;0.8114143797257863;0.18858562027421366
1731803581.5104246;/app/bags/user95_2017-02-24.bag;0.834065854549408;0.0;0.9619645476341248;0.0;3.6903359844713712;0.8114143797257863;0.18858562027421366
1731803581.7104425;/app/bags/user95_2017-02-24.bag;0.834065854549408;0.0;0.9619645476341248;0.0;3.6903359844713712;0.8114143797257863;0.18858562027421366
1731803581.9103572;/app/bags/user95_2017-02-24.bag;0.834065854549408;0.0;0.9619645476341248;0.0;3.6903359844713712;0.8114143797257863;0.18858562027421366
1731803582.110423;/app/bags/user95_2017-02-24.bag;0.834065854549408;0.0;0.9619645476341248;0.0;3.6903359844713712;0.8114143797257863;0.18858562027421366
1731803582.310511;/app/bags/user95_2017-02-24.bag;0.834065854549408;0.0;0.9619645476341248;0.0;3.6903359844713712;0.8114143797257863;0.18858562027421366
1731803582.5103981;/app/bags/user95_2017-02-24.bag;0.834065854549408;0.0;0.9619645476341248;0.0;3.6903359844713712;0.8114143797257863;0.18858562027421366
1731803582.710457;/app/bags/user95_2017-02-24.bag;0.834065854549408;0.0;0.9619645476341248;0.0;3.6903359844713712;0.8114143797257863;0.18858562027421366
1731803582.9104033;/app/bags/user95_2017-02-24.bag;0.834065854549408;0.0;0.9619645476341248;0.0;3.6903359844713712;0.8114143797257863;0.18858562027421366
1731803583.1104307;/app/bags/user95_2017-02-24.bag;0.834065854549408;0.0;0.9619645476341248;0.0;3.6903359844713712;0.8114143797257863;0.18858562027421366
1731803583.3104722;/app/bags/user95_2017-02-24.bag;0.834065854549408;0.0;0.9619645476341248;0.0;3.6903359844713712;0.8114143797257863;0.18858562027421366
1731803583.5104454;/app/bags/user95_2017-02-24.bag;0.834065854549408;0.0;0.9619645476341248;0.0;3.6903359844713712;0.8114143797257863;0.18858562027421366
1731803583.7103956;/app/bags/user95_2017-02-24.bag;0.834065854549408;0.0;0.9619645476341248;0.0;3.6903359844713712;0.8114143797257863;0.18858562027421366
1731803583.9103577;/app/bags/user95_2017-02-24.bag;0.834065854549408;0.0;0.9619645476341248;0.0;3.6903359844713712;0.8114143797257863;0.18858562027421366
1731803584.1104274;/app/bags/user95_2017-02-24.bag;0.834065854549408;0.0;0.9619645476341248;0.0;3.6903359844713712;0.8114143797257863;0.18858562027421366
1731803584.310422;/app/bags/user95_2017-02-24.bag;0.834065854549408;0.0;0.9619645476341248;0.0;3.6903359844713712;0.8114143797257863;0.18858562027421366
1731803584.5103965;/app/bags/user95_2017-02-24.bag;0.834065854549408;0.0;0.9619645476341248;0.0;3.6903359844713712;0.8114143797257863;0.18858562027421366
1731803584.7103703;/app/bags/user95_2017-02-24.bag;0.834065854549408;0.0;0.9619645476341248;0.0;3.6903359844713712;0.8114143797257863;0.18858562027421366
1731803584.9104211;/app/bags/user95_2017-02-24.bag;0.834065854549408;0.0;0.9619645476341248;0.0;3.6903359844713712;0.8114143797257863;0.18858562027421366
1731803585.1103845;/app/bags/user95_2017-02-24.bag;0.834065854549408;0.0;0.9619645476341248;0.0;3.6903359844713712;0.8114143797257863;0.18858562027421366
1731803585.3103778;/app/bags/user95_2017-02-24.bag;0.834065854549408;0.0;0.9619645476341248;0.0;3.6903359844713712;0.8114143797257863;0.18858562027421366
1731803585.5104156;/app/bags/user95_2017-02-24.bag;0.834065854549408;0.0;0.9619645476341248;0.0;3.6903359844713712;0.8114143797257863;0.18858562027421366
1731803585.7104452;/app/bags/user95_2017-02-24.bag;0.834065854549408;0.0;0.9619645476341248;0.0;3.6903359844713712;0.8114143797257863;0.18858562027421366
1731803585.9104614;/app/bags/user95_2017-02-24.bag;0.834065854549408;0.0;0.9619645476341248;0.0;3.6903359844713712;0.8114143797257863;0.18858562027421366
1731803586.110362;/app/bags/user95_2017-02-24.bag;0.834065854549408;0.0;0.9619645476341248;0.0;3.6903359844713712;0.8114143797257863;0.18858562027421366
1731803586.310387;/app/bags/user95_2017-02-24.bag;0.834065854549408;0.0;0.9619645476341248;0.0;3.6903359844713712;0.8114143797257863;0.18858562027421366
1731803586.5103981;/app/bags/user95_2017-02-24.bag;0.834065854549408;0.0;0.9619645476341248;0.0;3.6903359844713712;0.8114143797257863;0.18858562027421366
1731803586.710479;/app/bags/user95_2017-02-24.bag;0.834065854549408;0.0;0.9619645476341248;0.0;3.6903359844713712;0.8114143797257863;0.18858562027421366
1731803586.9105043;/app/bags/user95_2017-02-24.bag;0.834065854549408;0.0;0.9619645476341248;0.0;3.6903359844713712;0.8114143797257863;0.18858562027421366
1731803587.110486;/app/bags/user95_2017-02-24.bag;0.834065854549408;0.0;0.9619645476341248;0.0;3.6903359844713712;0.8114143797257863;0.18858562027421366
1731803587.3103921;/app/bags/user95_2017-02-24.bag;0.834065854549408;0.0;0.9619645476341248;0.0;3.6903359844713712;0.8114143797257863;0.18858562027421366
1731803587.510475;/app/bags/user95_2017-02-24.bag;0.834065854549408;0.0;0.9619645476341248;0.0;3.6903359844713712;0.8114143797257863;0.18858562027421366
1731803587.7104983;/app/bags/user95_2017-02-24.bag;0.834065854549408;0.0;0.9619645476341248;0.0;3.6903359844713712;0.8114143797257863;0.18858562027421366
1731803587.9104357;/app/bags/user95_2017-02-24.bag;0.834065854549408;0.0;0.9619645476341248;0.0;3.6903359844713712;0.8114143797257863;0.18858562027421366
1731803588.1104655;/app/bags/user95_2017-02-24.bag;0.834065854549408;0.0;0.9619645476341248;0.0;3.6903359844713712;0.8114143797257863;0.18858562027421366
1731803588.3103797;/app/bags/user95_2017-02-24.bag;0.834065854549408;0.0;0.9619645476341248;0.0;3.6903359844713712;0.8114143797257863;0.18858562027421366
1731803588.5103824;/app/bags/user95_2017-02-24.bag;0.834065854549408;0.0;0.9619645476341248;0.0;3.6903359844713712;0.8114143797257863;0.18858562027421366
1731803588.7105663;/app/bags/user95_2017-02-24.bag;0.834065854549408;0.0;0.9619645476341248;0.0;3.6903359844713712;0.8114143797257863;0.18858562027421366
1731803588.9103613;/app/bags/user95_2017-02-24.bag;0.834065854549408;0.0;0.9619645476341248;0.0;3.6903359844713712;0.8114143797257863;0.18858562027421366
1731803589.1103666;/app/bags/user95_2017-02-24.bag;0.834065854549408;0.0;0.9619645476341248;0.0;3.6903359844713712;0.8114143797257863;0.18858562027421366
1731803589.3104045;/app/bags/user95_2017-02-24.bag;0.834065854549408;0.0;0.9619645476341248;0.0;3.6903359844713712;0.8114143797257863;0.18858562027421366
1731803589.5105138;/app/bags/user95_2017-02-24.bag;0.834065854549408;0.0;0.9619645476341248;0.0;3.6903359844713712;0.8114143797257863;0.18858562027421366
1731803589.7103908;/app/bags/user95_2017-02-24.bag;0.834065854549408;0.0;0.9619645476341248;0.0;3.6903359844713712;0.8114143797257863;0.18858562027421366
1731803589.9103785;/app/bags/user95_2017-02-24.bag;0.834065854549408;0.0;0.9619645476341248;0.0;3.6903359844713712;0.8114143797257863;0.18858562027421366
1731803590.1103442;/app/bags/user95_2017-02-24.bag;0.834065854549408;0.0;0.9619645476341248;0.0;3.6903359844713712;0.8114143797257863;0.18858562027421366
1731803590.310397;/app/bags/user95_2017-02-24.bag;0.834065854549408;0.0;0.9619645476341248;0.0;3.6903359844713712;0.8114143797257863;0.18858562027421366
1731803590.510386;/app/bags/user95_2017-02-24.bag;0.834065854549408;0.0;0.9619645476341248;0.0;3.6903359844713712;0.8114143797257863;0.18858562027421366
1731803590.7104745;/app/bags/user95_2017-02-24.bag;0.834065854549408;0.0;0.9619645476341248;0.0;3.6903359844713712;0.8114143797257863;0.18858562027421366
1731803590.9103441;/app/bags/user95_2017-02-24.bag;0.834065854549408;0.0;0.9619645476341248;0.0;3.6903359844713712;0.8114143797257863;0.18858562027421366
1731803591.110442;/app/bags/user95_2017-02-24.bag;0.834065854549408;0.0;0.9619645476341248;0.0;3.6903359844713712;0.8114143797257863;0.18858562027421366
1731803591.3103564;/app/bags/user95_2017-02-24.bag;0.834065854549408;0.0;0.9619645476341248;0.0;3.6903359844713712;0.8114143797257863;0.18858562027421366
1731803591.5104094;/app/bags/user95_2017-02-24.bag;0.834065854549408;0.0;0.9619645476341248;0.0;3.6903359844713712;0.8114143797257863;0.18858562027421366
1731803591.7103965;/app/bags/user95_2017-02-24.bag;0.834065854549408;0.0;0.9619645476341248;0.0;3.6903359844713712;0.8114143797257863;0.18858562027421366
1731803591.9104323;/app/bags/user95_2017-02-24.bag;0.834065854549408;0.0;0.9619645476341248;0.0;3.6903359844713712;0.8114143797257863;0.18858562027421366
1731803592.1104019;/app/bags/user95_2017-02-24.bag;0.834065854549408;0.0;0.9619645476341248;0.0;3.6903359844713712;0.8114143797257863;0.18858562027421366
1731803592.3104107;/app/bags/user95_2017-02-24.bag;0.834065854549408;0.0;0.9619645476341248;0.0;3.6903359844713712;0.8114143797257863;0.18858562027421366
1731803592.5103984;/app/bags/user95_2017-02-24.bag;0.834065854549408;0.0;0.9619645476341248;0.0;3.6903359844713712;0.8114143797257863;0.18858562027421366
1731803592.7103958;/app/bags/user95_2017-02-24.bag;0.834065854549408;0.0;0.9619645476341248;0.0;3.6903359844713712;0.8114143797257863;0.18858562027421366
1731803592.910428;/app/bags/user95_2017-02-24.bag;0.834065854549408;0.0;0.9619645476341248;0.0;3.6903359844713712;0.8114143797257863;0.18858562027421366
1731803593.1103072;/app/bags/user95_2017-02-24.bag;0.834065854549408;0.0;0.9619645476341248;0.0;3.6903359844713712;0.8114143797257863;0.18858562027421366
1731803593.310419;/app/bags/user95_2017-02-24.bag;0.834065854549408;0.0;0.9619645476341248;0.0;3.6903359844713712;0.8114143797257863;0.18858562027421366
1731803593.510416;/app/bags/user95_2017-02-24.bag;0.834065854549408;0.0;0.9619645476341248;0.0;3.6903359844713712;0.8114143797257863;0.18858562027421366
1731803593.7104728;/app/bags/user95_2017-02-24.bag;0.834065854549408;0.0;0.9619645476341248;0.0;3.6903359844713712;0.8114143797257863;0.18858562027421366
1731803593.9103878;/app/bags/user95_2017-02-24.bag;0.834065854549408;0.0;0.9619645476341248;0.0;3.6903359844713712;0.8114143797257863;0.18858562027421366
1731803594.1104374;/app/bags/user95_2017-02-24.bag;0.834065854549408;0.0;0.9619645476341248;0.0;3.6903359844713712;0.8114143797257863;0.18858562027421366
1731803594.3104603;/app/bags/user95_2017-02-24.bag;0.834065854549408;0.0;0.9619645476341248;0.0;3.6903359844713712;0.8114143797257863;0.18858562027421366
1731803594.5104067;/app/bags/user95_2017-02-24.bag;0.834065854549408;0.0;0.9619645476341248;0.0;3.6903359844713712;0.8114143797257863;0.18858562027421366
1731803594.7103918;/app/bags/user95_2017-02-24.bag;0.834065854549408;0.0;0.9619645476341248;0.0;3.6903359844713712;0.8114143797257863;0.18858562027421366
1731803594.9103785;/app/bags/user95_2017-02-24.bag;0.834065854549408;0.0;0.9619645476341248;0.0;3.6903359844713712;0.8114143797257863;0.18858562027421366
1731803595.110369;/app/bags/user95_2017-02-24.bag;0.834065854549408;0.0;0.9619645476341248;0.0;3.6903359844713712;0.8114143797257863;0.18858562027421366
1731803595.3104155;/app/bags/user95_2017-02-24.bag;0.834065854549408;0.0;0.9619645476341248;0.0;3.6903359844713712;0.8114143797257863;0.18858562027421366
1731803595.51045;/app/bags/user95_2017-02-24.bag;0.834065854549408;0.0;0.9619645476341248;0.0;3.6903359844713712;0.8114143797257863;0.18858562027421366
1731803595.7104065;/app/bags/user95_2017-02-24.bag;0.834065854549408;0.0;0.9619645476341248;0.0;3.6903359844713712;0.8114143797257863;0.18858562027421366
1731803595.9103887;/app/bags/user95_2017-02-24.bag;0.834065854549408;0.0;0.9619645476341248;0.0;3.6903359844713712;0.8114143797257863;0.18858562027421366
1731803596.1104236;/app/bags/user95_2017-02-24.bag;0.834065854549408;0.0;0.9619645476341248;0.0;3.6903359844713712;0.8114143797257863;0.18858562027421366
1731803596.3104286;/app/bags/user95_2017-02-24.bag;0.834065854549408;0.0;0.9619645476341248;0.0;3.6903359844713712;0.8114143797257863;0.18858562027421366
1731803596.510412;/app/bags/user95_2017-02-24.bag;0.834065854549408;0.0;0.9619645476341248;0.0;3.6903359844713712;0.8114143797257863;0.18858562027421366
1731803596.7104416;/app/bags/user95_2017-02-24.bag;0.834065854549408;0.0;0.9619645476341248;0.0;3.6903359844713712;0.8114143797257863;0.18858562027421366
1731803596.910388;/app/bags/user95_2017-02-24.bag;0.834065854549408;0.0;0.9619645476341248;0.0;3.6903359844713712;0.8114143797257863;0.18858562027421366
1731803597.1104474;/app/bags/user95_2017-02-24.bag;0.834065854549408;0.0;0.9619645476341248;0.0;3.6903359844713712;0.8114143797257863;0.18858562027421366
1731803597.3104253;/app/bags/user95_2017-02-24.bag;0.834065854549408;0.0;0.9619645476341248;0.0;3.6903359844713712;0.8114143797257863;0.18858562027421366
1731803597.5103953;/app/bags/user95_2017-02-24.bag;0.834065854549408;0.0;0.9619645476341248;0.0;3.6903359844713712;0.8114143797257863;0.18858562027421366
1731803597.7103891;/app/bags/user95_2017-02-24.bag;0.834065854549408;0.0;0.9619645476341248;0.0;3.6903359844713712;0.8114143797257863;0.18858562027421366
1731803597.9103963;/app/bags/user95_2017-02-24.bag;0.834065854549408;0.0;0.9619645476341248;0.0;3.6903359844713712;0.8114143797257863;0.18858562027421366
1731803598.1104136;/app/bags/user95_2017-02-24.bag;0.834065854549408;0.0;0.9619645476341248;0.0;3.6903359844713712;0.8114143797257863;0.18858562027421366
1731803598.3103814;/app/bags/user95_2017-02-24.bag;0.834065854549408;0.0;0.9619645476341248;0.0;3.6903359844713712;0.8114143797257863;0.18858562027421366
1731803598.510386;/app/bags/user95_2017-02-24.bag;0.834065854549408;0.0;0.9619645476341248;0.0;3.6903359844713712;0.8114143797257863;0.18858562027421366
1731803598.710398;/app/bags/user95_2017-02-24.bag;0.834065854549408;0.0;0.9619645476341248;0.0;3.6903359844713712;0.8114143797257863;0.18858562027421366
1731803598.9103558;/app/bags/user95_2017-02-24.bag;0.834065854549408;0.0;0.9619645476341248;0.0;3.6903359844713712;0.8114143797257863;0.18858562027421366
1731803599.1103964;/app/bags/user95_2017-02-24.bag;0.834065854549408;0.0;0.9619645476341248;0.0;3.6903359844713712;0.8114143797257863;0.18858562027421366
1731803599.3104427;/app/bags/user95_2017-02-24.bag;0.834065854549408;0.0;0.9619645476341248;0.0;3.6903359844713712;0.8114143797257863;0.18858562027421366
1731803599.5104628;/app/bags/user95_2017-02-24.bag;0.834065854549408;0.0;0.9619645476341248;0.0;3.6903359844713712;0.8114143797257863;0.18858562027421366
1731803599.7103965;/app/bags/user95_2017-02-24.bag;0.834065854549408;0.0;0.9619645476341248;0.0;3.6903359844713712;0.8114143797257863;0.18858562027421366
1731803599.9103944;/app/bags/user95_2017-02-24.bag;0.834065854549408;0.0;0.9619645476341248;0.0;3.6903359844713712;0.8114143797257863;0.18858562027421366
1731803600.1104033;/app/bags/user95_2017-02-24.bag;0.834065854549408;0.0;0.9619645476341248;0.0;3.6903359844713712;0.8114143797257863;0.18858562027421366
1731803600.3103828;/app/bags/user95_2017-02-24.bag;0.834065854549408;0.0;0.9619645476341248;0.0;3.6903359844713712;0.8114143797257863;0.18858562027421366
1731803600.5103621;/app/bags/user95_2017-02-24.bag;0.834065854549408;0.0;0.9619645476341248;0.0;3.6903359844713712;0.8114143797257863;0.18858562027421366
1731803600.7104132;/app/bags/user95_2017-02-24.bag;0.834065854549408;0.0;0.9619645476341248;0.0;3.6903359844713712;0.8114143797257863;0.18858562027421366
1731803600.9104505;/app/bags/user95_2017-02-24.bag;0.834065854549408;0.0;0.9619645476341248;0.0;3.6903359844713712;0.8114143797257863;0.18858562027421366
1731803601.110433;/app/bags/user95_2017-02-24.bag;0.834065854549408;0.0;0.9619645476341248;0.0;3.6903359844713712;0.8114143797257863;0.18858562027421366
1731803601.3103738;/app/bags/user95_2017-02-24.bag;0.834065854549408;0.0;0.9619645476341248;0.0;3.6903359844713712;0.8114143797257863;0.18858562027421366
1731803601.5104413;/app/bags/user95_2017-02-24.bag;0.834065854549408;0.0;0.9619645476341248;0.0;3.6903359844713712;0.8114143797257863;0.18858562027421366
1731803601.7103994;/app/bags/user95_2017-02-24.bag;0.834065854549408;0.0;0.9619645476341248;0.0;3.6903359844713712;0.8114143797257863;0.18858562027421366
1731803601.9104536;/app/bags/user95_2017-02-24.bag;0.834065854549408;0.0;0.9619645476341248;0.0;3.6903359844713712;0.8114143797257863;0.18858562027421366
1731803602.1103895;/app/bags/user95_2017-02-24.bag;0.834065854549408;0.0;0.9619645476341248;0.0;3.6903359844713712;0.8114143797257863;0.18858562027421366
1731803602.3103878;/app/bags/user95_2017-02-24.bag;0.834065854549408;0.0;0.9619645476341248;0.0;3.6903359844713712;0.8114143797257863;0.18858562027421366
1731803602.5103586;/app/bags/user95_2017-02-24.bag;0.834065854549408;0.0;0.9619645476341248;0.0;3.6903359844713712;0.8114143797257863;0.18858562027421366
1731803602.7103622;/app/bags/user95_2017-02-24.bag;0.834065854549408;0.0;0.9619645476341248;0.0;3.6903359844713712;0.8114143797257863;0.18858562027421366
1731803602.910373;/app/bags/user95_2017-02-24.bag;0.834065854549408;0.0;0.9619645476341248;0.0;3.6903359844713712;0.8114143797257863;0.18858562027421366
1731803603.1104674;/app/bags/user95_2017-02-24.bag;0.834065854549408;0.0;0.9619645476341248;0.0;3.6903359844713712;0.8114143797257863;0.18858562027421366
1731803603.3103647;/app/bags/user95_2017-02-24.bag;0.834065854549408;0.0;0.9619645476341248;0.0;3.6903359844713712;0.8114143797257863;0.18858562027421366
1731803603.5104308;/app/bags/user95_2017-02-24.bag;0.834065854549408;0.0;0.9619645476341248;0.0;3.6903359844713712;0.8114143797257863;0.18858562027421366
1731803603.7104053;/app/bags/user95_2017-02-24.bag;0.834065854549408;0.0;0.9619645476341248;0.0;3.6903359844713712;0.8114143797257863;0.18858562027421366
1731803603.9104397;/app/bags/user95_2017-02-24.bag;0.834065854549408;0.0;0.9619645476341248;0.0;3.6903359844713712;0.8114143797257863;0.18858562027421366
1731803604.1103835;/app/bags/user95_2017-02-24.bag;0.834065854549408;0.0;0.9619645476341248;0.0;3.6903359844713712;0.8114143797257863;0.18858562027421366
1731803604.3103795;/app/bags/user95_2017-02-24.bag;0.834065854549408;0.0;0.9619645476341248;0.0;3.6903359844713712;0.8114143797257863;0.18858562027421366
1731803604.510408;/app/bags/user95_2017-02-24.bag;0.834065854549408;0.0;0.9619645476341248;0.0;3.6903359844713712;0.8114143797257863;0.18858562027421366
1731803604.7104423;/app/bags/user95_2017-02-24.bag;0.834065854549408;0.0;0.9619645476341248;0.0;3.6903359844713712;0.8114143797257863;0.18858562027421366
1731803604.910407;/app/bags/user95_2017-02-24.bag;0.834065854549408;0.0;0.9619645476341248;0.0;3.6903359844713712;0.8114143797257863;0.18858562027421366
1731803605.110395;/app/bags/user95_2017-02-24.bag;0.834065854549408;0.0;0.9619645476341248;0.0;3.6903359844713712;0.8114143797257863;0.18858562027421366
1731803605.3104827;/app/bags/user95_2017-02-24.bag;0.834065854549408;0.0;0.9619645476341248;0.0;3.6903359844713712;0.8114143797257863;0.18858562027421366
1731803605.5104487;/app/bags/user95_2017-02-24.bag;0.834065854549408;0.0;0.9619645476341248;0.0;3.6903359844713712;0.8114143797257863;0.18858562027421366
1731803605.7104082;/app/bags/user95_2017-02-24.bag;0.834065854549408;0.0;0.9619645476341248;0.0;3.6903359844713712;0.8114143797257863;0.18858562027421366
1731803605.9103665;/app/bags/user95_2017-02-24.bag;0.834065854549408;0.0;0.9619645476341248;0.0;3.6903359844713712;0.8114143797257863;0.18858562027421366
1731803606.1103992;/app/bags/user95_2017-02-24.bag;0.834065854549408;0.0;0.9619645476341248;0.0;3.6903359844713712;0.8114143797257863;0.18858562027421366
1731803606.3103957;/app/bags/user95_2017-02-24.bag;0.834065854549408;0.0;0.9619645476341248;0.0;3.6903359844713712;0.8114143797257863;0.18858562027421366
1731803606.5104246;/app/bags/user95_2017-02-24.bag;0.834065854549408;0.0;0.9619645476341248;0.0;3.6903359844713712;0.8114143797257863;0.18858562027421366
1731803606.7103977;/app/bags/user95_2017-02-24.bag;0.834065854549408;0.0;0.9619645476341248;0.0;3.6903359844713712;0.8114143797257863;0.18858562027421366
1731803606.910369;/app/bags/user95_2017-02-24.bag;0.834065854549408;0.0;0.9619645476341248;0.0;3.6903359844713712;0.8114143797257863;0.18858562027421366
1731803607.110353;/app/bags/user95_2017-02-24.bag;0.834065854549408;0.0;0.9619645476341248;0.0;3.6903359844713712;0.8114143797257863;0.18858562027421366
1731803607.31041;/app/bags/user95_2017-02-24.bag;0.834065854549408;0.0;0.9619645476341248;0.0;3.6903359844713712;0.8114143797257863;0.18858562027421366
1731803607.5104125;/app/bags/user95_2017-02-24.bag;0.834065854549408;0.0;0.9619645476341248;0.0;3.6903359844713712;0.8114143797257863;0.18858562027421366
1731803607.7104635;/app/bags/user95_2017-02-24.bag;0.834065854549408;0.0;0.9619645476341248;0.0;3.6903359844713712;0.8114143797257863;0.18858562027421366
1731803607.9105196;/app/bags/user95_2017-02-24.bag;0.834065854549408;0.0;0.9619645476341248;0.0;3.6903359844713712;0.8114143797257863;0.18858562027421366
1731803608.1103892;/app/bags/user95_2017-02-24.bag;0.834065854549408;0.0;0.9619645476341248;0.0;3.6903359844713712;0.8114143797257863;0.18858562027421366
1731803608.3103855;/app/bags/user95_2017-02-24.bag;0.834065854549408;0.0;0.9619645476341248;0.0;3.6903359844713712;0.8114143797257863;0.18858562027421366
1731803608.5104382;/app/bags/user95_2017-02-24.bag;0.834065854549408;0.0;0.9619645476341248;0.0;3.6903359844713712;0.8114143797257863;0.18858562027421366
1731803608.7104535;/app/bags/user95_2017-02-24.bag;0.834065854549408;0.0;0.9619645476341248;0.0;3.6903359844713712;0.8114143797257863;0.18858562027421366
1731803608.9104056;/app/bags/user95_2017-02-24.bag;0.834065854549408;0.0;0.9619645476341248;0.0;3.6903359844713712;0.8114143797257863;0.18858562027421366
1731803609.1104126;/app/bags/user95_2017-02-24.bag;0.834065854549408;0.0;0.9619645476341248;0.0;3.6903359844713712;0.8114143797257863;0.18858562027421366
1731803609.3104043;/app/bags/user95_2017-02-24.bag;0.834065854549408;0.0;0.9619645476341248;0.0;3.6903359844713712;0.8114143797257863;0.18858562027421366
1731803609.5104318;/app/bags/user95_2017-02-24.bag;0.834065854549408;0.0;0.9619645476341248;0.0;3.6903359844713712;0.8114143797257863;0.18858562027421366
1731803609.7103884;/app/bags/user95_2017-02-24.bag;0.834065854549408;0.0;0.9619645476341248;0.0;3.6903359844713712;0.8114143797257863;0.18858562027421366
1731803609.910429;/app/bags/user95_2017-02-24.bag;0.834065854549408;0.0;0.9619645476341248;0.0;3.6903359844713712;0.8114143797257863;0.18858562027421366
1731803610.1104558;/app/bags/user95_2017-02-24.bag;0.834065854549408;0.0;0.9619645476341248;0.0;3.6903359844713712;0.8114143797257863;0.18858562027421366
1731803610.3105578;/app/bags/user95_2017-02-24.bag;0.834065854549408;0.0;0.9619645476341248;0.0;3.6903359844713712;0.8114143797257863;0.18858562027421366
1731803610.5104213;/app/bags/user95_2017-02-24.bag;0.834065854549408;0.0;0.9619645476341248;0.0;3.6903359844713712;0.8114143797257863;0.18858562027421366
1731803610.710397;/app/bags/user95_2017-02-24.bag;0.834065854549408;0.0;0.9619645476341248;0.0;3.6903359844713712;0.8114143797257863;0.18858562027421366
1731803610.9104304;/app/bags/user95_2017-02-24.bag;0.834065854549408;0.0;0.9619645476341248;0.0;3.6903359844713712;0.8114143797257863;0.18858562027421366
1731803611.1103845;/app/bags/user95_2017-02-24.bag;0.834065854549408;0.0;0.9619645476341248;0.0;3.6903359844713712;0.8114143797257863;0.18858562027421366
1731803611.3103623;/app/bags/user95_2017-02-24.bag;0.834065854549408;0.0;0.9619645476341248;0.0;3.6903359844713712;0.8114143797257863;0.18858562027421366
1731803611.5104098;/app/bags/user95_2017-02-24.bag;0.834065854549408;0.0;0.9619645476341248;0.0;3.6903359844713712;0.8114143797257863;0.18858562027421366
1731803611.71042;/app/bags/user95_2017-02-24.bag;0.834065854549408;0.0;0.9619645476341248;0.0;3.6903359844713712;0.8114143797257863;0.18858562027421366
1731803611.910389;/app/bags/user95_2017-02-24.bag;0.834065854549408;0.0;0.9619645476341248;0.0;3.6903359844713712;0.8114143797257863;0.18858562027421366
1731803612.1103876;/app/bags/user95_2017-02-24.bag;0.834065854549408;0.0;0.9619645476341248;0.0;3.6903359844713712;0.8114143797257863;0.18858562027421366
1731803612.3103611;/app/bags/user95_2017-02-24.bag;0.834065854549408;0.0;0.9619645476341248;0.0;3.6903359844713712;0.8114143797257863;0.18858562027421366
1731803612.5104058;/app/bags/user95_2017-02-24.bag;0.834065854549408;0.0;0.9619645476341248;0.0;3.6903359844713712;0.8114143797257863;0.18858562027421366
1731803612.7104537;/app/bags/user95_2017-02-24.bag;0.834065854549408;0.0;0.9619645476341248;0.0;3.6903359844713712;0.8114143797257863;0.18858562027421366
1731803612.9104228;/app/bags/user95_2017-02-24.bag;0.834065854549408;0.0;0.9619645476341248;0.0;3.6903359844713712;0.8114143797257863;0.18858562027421366
1731803613.1104133;/app/bags/user95_2017-02-24.bag;0.834065854549408;0.0;0.9619645476341248;0.0;3.6903359844713712;0.8114143797257863;0.18858562027421366
1731803613.3104377;/app/bags/user95_2017-02-24.bag;0.834065854549408;0.0;0.9619645476341248;0.0;3.6903359844713712;0.8114143797257863;0.18858562027421366
1731803613.510381;/app/bags/user95_2017-02-24.bag;0.834065854549408;0.0;0.9619645476341248;0.0;3.6903359844713712;0.8114143797257863;0.18858562027421366
1731803613.710378;/app/bags/user95_2017-02-24.bag;0.834065854549408;0.0;0.9619645476341248;0.0;3.6903359844713712;0.8114143797257863;0.18858562027421366
1731803613.9104536;/app/bags/user95_2017-02-24.bag;0.834065854549408;0.0;0.9619645476341248;0.0;3.6903359844713712;0.8114143797257863;0.18858562027421366
1731803614.1104214;/app/bags/user95_2017-02-24.bag;0.834065854549408;0.0;0.9619645476341248;0.0;3.6903359844713712;0.8114143797257863;0.18858562027421366
1731803614.3102303;/app/bags/user95_2017-02-24.bag;0.834065854549408;0.0;0.9619645476341248;0.0;3.6903359844713712;0.8114143797257863;0.18858562027421366
1731803614.5103765;/app/bags/user95_2017-02-24.bag;0.834065854549408;0.0;0.9619645476341248;0.0;3.6903359844713712;0.8114143797257863;0.18858562027421366
1731803614.7104676;/app/bags/user95_2017-02-24.bag;0.834065854549408;0.0;0.9619645476341248;0.0;3.6903359844713712;0.8114143797257863;0.18858562027421366
1731803614.9104176;/app/bags/user95_2017-02-24.bag;0.834065854549408;0.0;0.9619645476341248;0.0;3.6903359844713712;0.8114143797257863;0.18858562027421366
1731803615.110393;/app/bags/user95_2017-02-24.bag;0.834065854549408;0.0;0.9619645476341248;0.0;3.6903359844713712;0.8114143797257863;0.18858562027421366
1731803615.3103867;/app/bags/user95_2017-02-24.bag;0.834065854549408;0.0;0.9619645476341248;0.0;3.6903359844713712;0.8114143797257863;0.18858562027421366
1731803615.51037;/app/bags/user95_2017-02-24.bag;0.834065854549408;0.0;0.9619645476341248;0.0;3.6903359844713712;0.8114143797257863;0.18858562027421366
1731803615.7104263;/app/bags/user95_2017-02-24.bag;0.834065854549408;0.0;0.9619645476341248;0.0;3.6903359844713712;0.8114143797257863;0.18858562027421366
1731803615.9103947;/app/bags/user95_2017-02-24.bag;0.834065854549408;0.0;0.9619645476341248;0.0;3.6903359844713712;0.8114143797257863;0.18858562027421366
1731803616.1104662;/app/bags/user95_2017-02-24.bag;0.834065854549408;0.0;0.9619645476341248;0.0;3.6903359844713712;0.8114143797257863;0.18858562027421366
1731803616.3103962;/app/bags/user95_2017-02-24.bag;0.834065854549408;0.0;0.9619645476341248;0.0;3.6903359844713712;0.8114143797257863;0.18858562027421366
1731803616.5103998;/app/bags/user95_2017-02-24.bag;0.834065854549408;0.0;0.9619645476341248;0.0;3.6903359844713712;0.8114143797257863;0.18858562027421366
1731803616.7104294;/app/bags/user95_2017-02-24.bag;0.834065854549408;0.0;0.9619645476341248;0.0;3.6903359844713712;0.8114143797257863;0.18858562027421366
1731803616.9104416;/app/bags/user95_2017-02-24.bag;0.834065854549408;0.0;0.9619645476341248;0.0;3.6903359844713712;0.8114143797257863;0.18858562027421366
1731803617.1104257;/app/bags/user95_2017-02-24.bag;0.834065854549408;0.0;0.9619645476341248;0.0;3.6903359844713712;0.8114143797257863;0.18858562027421366
1731803617.3105133;/app/bags/user95_2017-02-24.bag;0.834065854549408;0.0;0.9619645476341248;0.0;3.6903359844713712;0.8114143797257863;0.18858562027421366
1731803617.510395;/app/bags/user95_2017-02-24.bag;0.834065854549408;0.0;0.9619645476341248;0.0;3.6903359844713712;0.8114143797257863;0.18858562027421366
1731803617.7103984;/app/bags/user95_2017-02-24.bag;0.834065854549408;0.0;0.9619645476341248;0.0;3.6903359844713712;0.8114143797257863;0.18858562027421366
1731803617.910455;/app/bags/user95_2017-02-24.bag;0.834065854549408;0.0;0.9619645476341248;0.0;3.6903359844713712;0.8114143797257863;0.18858562027421366
1731803618.1104703;/app/bags/user95_2017-02-24.bag;0.834065854549408;0.0;0.9619645476341248;0.0;3.6903359844713712;0.8114143797257863;0.18858562027421366
1731803618.3104084;/app/bags/user95_2017-02-24.bag;0.834065854549408;0.0;0.9619645476341248;0.0;3.6903359844713712;0.8114143797257863;0.18858562027421366
1731803618.5104349;/app/bags/user95_2017-02-24.bag;0.834065854549408;0.0;0.9619645476341248;0.0;3.6903359844713712;0.8114143797257863;0.18858562027421366
1731803618.7104282;/app/bags/user95_2017-02-24.bag;0.834065854549408;0.0;0.9619645476341248;0.0;3.6903359844713712;0.8114143797257863;0.18858562027421366
1731803618.9103792;/app/bags/user95_2017-02-24.bag;0.834065854549408;0.0;0.9619645476341248;0.0;3.6903359844713712;0.8114143797257863;0.18858562027421366
1731803619.1104336;/app/bags/user95_2017-02-24.bag;0.834065854549408;0.0;0.9619645476341248;0.0;3.6903359844713712;0.8114143797257863;0.18858562027421366
1731803619.3104196;/app/bags/user95_2017-02-24.bag;0.834065854549408;0.0;0.9619645476341248;0.0;3.6903359844713712;0.8114143797257863;0.18858562027421366
1731803619.5104518;/app/bags/user95_2017-02-24.bag;0.834065854549408;0.0;0.9619645476341248;0.0;3.6903359844713712;0.8114143797257863;0.18858562027421366
1731803619.710536;/app/bags/user95_2017-02-24.bag;0.834065854549408;0.0;0.9619645476341248;0.0;3.6903359844713712;0.8114143797257863;0.18858562027421366
1731803619.910569;/app/bags/user95_2017-02-24.bag;0.834065854549408;0.0;0.9619645476341248;0.0;3.6903359844713712;0.8114143797257863;0.18858562027421366
1731803620.1103642;/app/bags/user95_2017-02-24.bag;0.834065854549408;0.0;0.9619645476341248;0.0;3.6903359844713712;0.8114143797257863;0.18858562027421366
1731803620.310408;/app/bags/user95_2017-02-24.bag;0.834065854549408;0.0;0.9619645476341248;0.0;3.6903359844713712;0.8114143797257863;0.18858562027421366
1731803620.51036;/app/bags/user95_2017-02-24.bag;0.834065854549408;0.0;0.9619645476341248;0.0;3.6903359844713712;0.8114143797257863;0.18858562027421366
1731803620.710465;/app/bags/user95_2017-02-24.bag;0.834065854549408;0.0;0.9619645476341248;0.0;3.6903359844713712;0.8114143797257863;0.18858562027421366
1731803620.9103825;/app/bags/user95_2017-02-24.bag;0.834065854549408;0.0;0.9619645476341248;0.0;3.6903359844713712;0.8114143797257863;0.18858562027421366
1731803621.1104398;/app/bags/user95_2017-02-24.bag;0.834065854549408;0.0;0.9619645476341248;0.0;3.6903359844713712;0.8114143797257863;0.18858562027421366
1731803621.3104134;/app/bags/user95_2017-02-24.bag;0.834065854549408;0.0;0.9619645476341248;0.0;3.6903359844713712;0.8114143797257863;0.18858562027421366
1731803621.5103838;/app/bags/user95_2017-02-24.bag;0.834065854549408;0.0;0.9619645476341248;0.0;3.6903359844713712;0.8114143797257863;0.18858562027421366
1731803621.7103913;/app/bags/user95_2017-02-24.bag;0.834065854549408;0.0;0.9619645476341248;0.0;3.6903359844713712;0.8114143797257863;0.18858562027421366
1731803621.9103806;/app/bags/user95_2017-02-24.bag;0.834065854549408;0.0;0.9619645476341248;0.0;3.6903359844713712;0.8114143797257863;0.18858562027421366
1731803622.110401;/app/bags/user95_2017-02-24.bag;0.834065854549408;0.0;0.9619645476341248;0.0;3.6903359844713712;0.8114143797257863;0.18858562027421366
1731803622.310523;/app/bags/user95_2017-02-24.bag;0.834065854549408;0.0;0.9619645476341248;0.0;3.6903359844713712;0.8114143797257863;0.18858562027421366
1731803622.5103908;/app/bags/user95_2017-02-24.bag;0.834065854549408;0.0;0.9619645476341248;0.0;3.6903359844713712;0.8114143797257863;0.18858562027421366
1731803622.71043;/app/bags/user95_2017-02-24.bag;0.834065854549408;0.0;0.9619645476341248;0.0;3.6903359844713712;0.8114143797257863;0.18858562027421366
1731803622.9103563;/app/bags/user95_2017-02-24.bag;0.834065854549408;0.0;0.9619645476341248;0.0;3.6903359844713712;0.8114143797257863;0.18858562027421366
1731803623.1104105;/app/bags/user95_2017-02-24.bag;0.834065854549408;0.0;0.9619645476341248;0.0;3.6903359844713712;0.8114143797257863;0.18858562027421366
1731803623.3103955;/app/bags/user95_2017-02-24.bag;0.834065854549408;0.0;0.9619645476341248;0.0;3.6903359844713712;0.8114143797257863;0.18858562027421366
1731803623.5103874;/app/bags/user95_2017-02-24.bag;0.834065854549408;0.0;0.9619645476341248;0.0;3.6903359844713712;0.8114143797257863;0.18858562027421366
1731803623.7103584;/app/bags/user95_2017-02-24.bag;0.834065854549408;0.0;0.9619645476341248;0.0;3.6903359844713712;0.8114143797257863;0.18858562027421366
1731803623.9104373;/app/bags/user95_2017-02-24.bag;0.834065854549408;0.0;0.9619645476341248;0.0;3.6903359844713712;0.8114143797257863;0.18858562027421366
1731803624.1103914;/app/bags/user95_2017-02-24.bag;0.834065854549408;0.0;0.9619645476341248;0.0;3.6903359844713712;0.8114143797257863;0.18858562027421366
1731803624.3103948;/app/bags/user95_2017-02-24.bag;0.834065854549408;0.0;0.9619645476341248;0.0;3.6903359844713712;0.8114143797257863;0.18858562027421366
1731803624.5104084;/app/bags/user95_2017-02-24.bag;0.834065854549408;0.0;0.9619645476341248;0.0;3.6903359844713712;0.8114143797257863;0.18858562027421366
1731803624.7104073;/app/bags/user95_2017-02-24.bag;0.834065854549408;0.0;0.9619645476341248;0.0;3.6903359844713712;0.8114143797257863;0.18858562027421366
1731803624.9103434;/app/bags/user95_2017-02-24.bag;0.834065854549408;0.0;0.9619645476341248;0.0;3.6903359844713712;0.8114143797257863;0.18858562027421366
1731803625.1104038;/app/bags/user95_2017-02-24.bag;0.834065854549408;0.0;0.9619645476341248;0.0;3.6903359844713712;0.8114143797257863;0.18858562027421366
1731803625.3103933;/app/bags/user95_2017-02-24.bag;0.834065854549408;0.0;0.9619645476341248;0.0;3.6903359844713712;0.8114143797257863;0.18858562027421366
1731803625.5103896;/app/bags/user95_2017-02-24.bag;0.834065854549408;0.0;0.9619645476341248;0.0;3.6903359844713712;0.8114143797257863;0.18858562027421366
1731803625.7104168;/app/bags/user95_2017-02-24.bag;0.834065854549408;0.0;0.9619645476341248;0.0;3.6903359844713712;0.8114143797257863;0.18858562027421366
1731803625.9104693;/app/bags/user95_2017-02-24.bag;0.834065854549408;0.0;0.9619645476341248;0.0;3.6903359844713712;0.8114143797257863;0.18858562027421366
1731803626.1104834;/app/bags/user95_2017-02-24.bag;0.834065854549408;0.0;0.9619645476341248;0.0;3.6903359844713712;0.8114143797257863;0.18858562027421366
1731803626.3103678;/app/bags/user95_2017-02-24.bag;0.834065854549408;0.0;0.9619645476341248;0.0;3.6903359844713712;0.8114143797257863;0.18858562027421366
1731803626.510375;/app/bags/user95_2017-02-24.bag;0.834065854549408;0.0;0.9619645476341248;0.0;3.6903359844713712;0.8114143797257863;0.18858562027421366
1731803626.7104354;/app/bags/user95_2017-02-24.bag;0.834065854549408;0.0;0.9619645476341248;0.0;3.6903359844713712;0.8114143797257863;0.18858562027421366
1731803626.9104524;/app/bags/user95_2017-02-24.bag;0.834065854549408;0.0;0.9619645476341248;0.0;3.6903359844713712;0.8114143797257863;0.18858562027421366
1731803627.1103823;/app/bags/user95_2017-02-24.bag;0.834065854549408;0.0;0.9619645476341248;0.0;3.6903359844713712;0.8114143797257863;0.18858562027421366
1731803627.3103886;/app/bags/user95_2017-02-24.bag;0.834065854549408;0.0;0.9619645476341248;0.0;3.6903359844713712;0.8114143797257863;0.18858562027421366
1731803627.5103934;/app/bags/user95_2017-02-24.bag;0.834065854549408;0.0;0.9619645476341248;0.0;3.6903359844713712;0.8114143797257863;0.18858562027421366
1731803627.7104013;/app/bags/user95_2017-02-24.bag;0.834065854549408;0.0;0.9619645476341248;0.0;3.6903359844713712;0.8114143797257863;0.18858562027421366
1731803627.910372;/app/bags/user95_2017-02-24.bag;0.834065854549408;0.0;0.9619645476341248;0.0;3.6903359844713712;0.8114143797257863;0.18858562027421366
1731803628.1103952;/app/bags/user95_2017-02-24.bag;0.834065854549408;0.0;0.9619645476341248;0.0;3.6903359844713712;0.8114143797257863;0.18858562027421366
1731803628.3104355;/app/bags/user95_2017-02-24.bag;0.834065854549408;0.0;0.9619645476341248;0.0;3.6903359844713712;0.8114143797257863;0.18858562027421366
1731803628.5103683;/app/bags/user95_2017-02-24.bag;0.834065854549408;0.0;0.9619645476341248;0.0;3.6903359844713712;0.8114143797257863;0.18858562027421366
1731803628.71048;/app/bags/user95_2017-02-24.bag;0.834065854549408;0.0;0.9619645476341248;0.0;3.6903359844713712;0.8114143797257863;0.18858562027421366
1731803628.9104905;/app/bags/user95_2017-02-24.bag;0.834065854549408;0.0;0.9619645476341248;0.0;3.6903359844713712;0.8114143797257863;0.18858562027421366
1731803629.1103706;/app/bags/user95_2017-02-24.bag;0.834065854549408;0.0;0.9619645476341248;0.0;3.6903359844713712;0.8114143797257863;0.18858562027421366
1731803629.310392;/app/bags/user95_2017-02-24.bag;0.834065854549408;0.0;0.9619645476341248;0.0;3.6903359844713712;0.8114143797257863;0.18858562027421366
1731803629.5104272;/app/bags/user95_2017-02-24.bag;0.834065854549408;0.0;0.9619645476341248;0.0;3.6903359844713712;0.8114143797257863;0.18858562027421366
1731803629.7104347;/app/bags/user95_2017-02-24.bag;0.834065854549408;0.0;0.9619645476341248;0.0;3.6903359844713712;0.8114143797257863;0.18858562027421366
1731803629.9103916;/app/bags/user95_2017-02-24.bag;0.834065854549408;0.0;0.9619645476341248;0.0;3.6903359844713712;0.8114143797257863;0.18858562027421366
1731803630.110411;/app/bags/user95_2017-02-24.bag;0.834065854549408;0.0;0.9619645476341248;0.0;3.6903359844713712;0.8114143797257863;0.18858562027421366
1731803630.3103871;/app/bags/user95_2017-02-24.bag;0.834065854549408;0.0;0.9619645476341248;0.0;3.6903359844713712;0.8114143797257863;0.18858562027421366
1731803630.5103889;/app/bags/user95_2017-02-24.bag;0.834065854549408;0.0;0.9619645476341248;0.0;3.6903359844713712;0.8114143797257863;0.18858562027421366
1731803630.7103577;/app/bags/user95_2017-02-24.bag;0.834065854549408;0.0;0.9619645476341248;0.0;3.6903359844713712;0.8114143797257863;0.18858562027421366
1731803630.9104195;/app/bags/user95_2017-02-24.bag;0.834065854549408;0.0;0.9619645476341248;0.0;3.6903359844713712;0.8114143797257863;0.18858562027421366
1731803631.1104434;/app/bags/user95_2017-02-24.bag;0.834065854549408;0.0;0.9619645476341248;0.0;3.6903359844713712;0.8114143797257863;0.18858562027421366
1731803631.310414;/app/bags/user95_2017-02-24.bag;0.834065854549408;0.0;0.9619645476341248;0.0;3.6903359844713712;0.8114143797257863;0.18858562027421366
1731803631.5103874;/app/bags/user95_2017-02-24.bag;0.834065854549408;0.0;0.9619645476341248;0.0;3.6903359844713712;0.8114143797257863;0.18858562027421366
1731803631.7103727;/app/bags/user95_2017-02-24.bag;0.834065854549408;0.0;0.9619645476341248;0.0;3.6903359844713712;0.8114143797257863;0.18858562027421366
1731803631.9103987;/app/bags/user95_2017-02-24.bag;0.834065854549408;0.0;0.9619645476341248;0.0;3.6903359844713712;0.8114143797257863;0.18858562027421366
1731803632.1104755;/app/bags/user95_2017-02-24.bag;0.834065854549408;0.0;0.9619645476341248;0.0;3.6903359844713712;0.8114143797257863;0.18858562027421366
1731803632.3104026;/app/bags/user95_2017-02-24.bag;0.834065854549408;0.0;0.9619645476341248;0.0;3.6903359844713712;0.8114143797257863;0.18858562027421366
1731803632.5103602;/app/bags/user95_2017-02-24.bag;0.834065854549408;0.0;0.9619645476341248;0.0;3.6903359844713712;0.8114143797257863;0.18858562027421366
1731803632.7103944;/app/bags/user95_2017-02-24.bag;0.834065854549408;0.0;0.9619645476341248;0.0;3.6903359844713712;0.8114143797257863;0.18858562027421366
1731803632.9103694;/app/bags/user95_2017-02-24.bag;0.834065854549408;0.0;0.9619645476341248;0.0;3.6903359844713712;0.8114143797257863;0.18858562027421366
1731803633.1103926;/app/bags/user95_2017-02-24.bag;0.834065854549408;0.0;0.9619645476341248;0.0;3.6903359844713712;0.8114143797257863;0.18858562027421366
1731803633.3104832;/app/bags/user95_2017-02-24.bag;0.834065854549408;0.0;0.9619645476341248;0.0;3.6903359844713712;0.8114143797257863;0.18858562027421366
1731803633.510395;/app/bags/user95_2017-02-24.bag;0.834065854549408;0.0;0.9619645476341248;0.0;3.6903359844713712;0.8114143797257863;0.18858562027421366
1731803633.710407;/app/bags/user95_2017-02-24.bag;0.834065854549408;0.0;0.9619645476341248;0.0;3.6903359844713712;0.8114143797257863;0.18858562027421366
1731803633.910402;/app/bags/user95_2017-02-24.bag;0.834065854549408;0.0;0.9619645476341248;0.0;3.6903359844713712;0.8114143797257863;0.18858562027421366
1731803634.1103861;/app/bags/user95_2017-02-24.bag;0.834065854549408;0.0;0.9619645476341248;0.0;3.6903359844713712;0.8114143797257863;0.18858562027421366
1731803634.3104043;/app/bags/user95_2017-02-24.bag;0.834065854549408;0.0;0.9619645476341248;0.0;3.6903359844713712;0.8114143797257863;0.18858562027421366
1731803634.510404;/app/bags/user95_2017-02-24.bag;0.834065854549408;0.0;0.9619645476341248;0.0;3.6903359844713712;0.8114143797257863;0.18858562027421366
1731803634.7104263;/app/bags/user95_2017-02-24.bag;0.834065854549408;0.0;0.9619645476341248;0.0;3.6903359844713712;0.8114143797257863;0.18858562027421366
1731803634.910379;/app/bags/user95_2017-02-24.bag;0.834065854549408;0.0;0.9619645476341248;0.0;3.6903359844713712;0.8114143797257863;0.18858562027421366
1731803635.110389;/app/bags/user95_2017-02-24.bag;0.834065854549408;0.0;0.9619645476341248;0.0;3.6903359844713712;0.8114143797257863;0.18858562027421366
1731803635.3103945;/app/bags/user95_2017-02-24.bag;0.834065854549408;0.0;0.9619645476341248;0.0;3.6903359844713712;0.8114143797257863;0.18858562027421366
1731803635.51039;/app/bags/user95_2017-02-24.bag;0.834065854549408;0.0;0.9619645476341248;0.0;3.6903359844713712;0.8114143797257863;0.18858562027421366
1731803635.7103782;/app/bags/user95_2017-02-24.bag;0.834065854549408;0.0;0.9619645476341248;0.0;3.6903359844713712;0.8114143797257863;0.18858562027421366
1731803635.9103897;/app/bags/user95_2017-02-24.bag;0.834065854549408;0.0;0.9619645476341248;0.0;3.6903359844713712;0.8114143797257863;0.18858562027421366
1731803636.1103623;/app/bags/user95_2017-02-24.bag;0.834065854549408;0.0;0.9619645476341248;0.0;3.6903359844713712;0.8114143797257863;0.18858562027421366
1731803636.3104756;/app/bags/user95_2017-02-24.bag;0.834065854549408;0.0;0.9619645476341248;0.0;3.6903359844713712;0.8114143797257863;0.18858562027421366
1731803636.510447;/app/bags/user95_2017-02-24.bag;0.834065854549408;0.0;0.9619645476341248;0.0;3.6903359844713712;0.8114143797257863;0.18858562027421366
1731803636.7104287;/app/bags/user95_2017-02-24.bag;0.834065854549408;0.0;0.9619645476341248;0.0;3.6903359844713712;0.8114143797257863;0.18858562027421366
1731803636.9103968;/app/bags/user95_2017-02-24.bag;0.834065854549408;0.0;0.9619645476341248;0.0;3.6903359844713712;0.8114143797257863;0.18858562027421366
1731803637.1104639;/app/bags/user95_2017-02-24.bag;0.834065854549408;0.0;0.9619645476341248;0.0;3.6903359844713712;0.8114143797257863;0.18858562027421366
1731803637.3104568;/app/bags/user95_2017-02-24.bag;0.834065854549408;0.0;0.9619645476341248;0.0;3.6903359844713712;0.8114143797257863;0.18858562027421366
1731803637.510423;/app/bags/user95_2017-02-24.bag;0.834065854549408;0.0;0.9619645476341248;0.0;3.6903359844713712;0.8114143797257863;0.18858562027421366
1731803637.7104578;/app/bags/user95_2017-02-24.bag;0.834065854549408;0.0;0.9619645476341248;0.0;3.6903359844713712;0.8114143797257863;0.18858562027421366
1731803637.9104173;/app/bags/user95_2017-02-24.bag;0.834065854549408;0.0;0.9619645476341248;0.0;3.6903359844713712;0.8114143797257863;0.18858562027421366
1731803638.1104152;/app/bags/user95_2017-02-24.bag;0.834065854549408;0.0;0.9619645476341248;0.0;3.6903359844713712;0.8114143797257863;0.18858562027421366
1731803638.3104162;/app/bags/user95_2017-02-24.bag;0.834065854549408;0.0;0.9619645476341248;0.0;3.6903359844713712;0.8114143797257863;0.18858562027421366
1731803638.5104039;/app/bags/user95_2017-02-24.bag;0.834065854549408;0.0;0.9619645476341248;0.0;3.6903359844713712;0.8114143797257863;0.18858562027421366
1731803638.7104127;/app/bags/user95_2017-02-24.bag;0.834065854549408;0.0;0.9619645476341248;0.0;3.6903359844713712;0.8114143797257863;0.18858562027421366
1731803638.9104161;/app/bags/user95_2017-02-24.bag;0.834065854549408;0.0;0.9619645476341248;0.0;3.6903359844713712;0.8114143797257863;0.18858562027421366
1731803639.1104105;/app/bags/user95_2017-02-24.bag;0.834065854549408;0.0;0.9619645476341248;0.0;3.6903359844713712;0.8114143797257863;0.18858562027421366
1731803639.3104715;/app/bags/user95_2017-02-24.bag;0.834065854549408;0.0;0.9619645476341248;0.0;3.6903359844713712;0.8114143797257863;0.18858562027421366
1731803639.510367;/app/bags/user95_2017-02-24.bag;0.834065854549408;0.0;0.9619645476341248;0.0;3.6903359844713712;0.8114143797257863;0.18858562027421366
1731803639.7104082;/app/bags/user95_2017-02-24.bag;0.834065854549408;0.0;0.9619645476341248;0.0;3.6903359844713712;0.8114143797257863;0.18858562027421366
1731803639.910468;/app/bags/user95_2017-02-24.bag;0.834065854549408;0.0;0.9619645476341248;0.0;3.6903359844713712;0.8114143797257863;0.18858562027421366
1731803640.1103966;/app/bags/user95_2017-02-24.bag;0.834065854549408;0.0;0.9619645476341248;0.0;3.6903359844713712;0.8114143797257863;0.18858562027421366
1731803640.31042;/app/bags/user95_2017-02-24.bag;0.834065854549408;0.0;0.9619645476341248;0.0;3.6903359844713712;0.8114143797257863;0.18858562027421366
1731803640.5103917;/app/bags/user95_2017-02-24.bag;0.834065854549408;0.0;0.9619645476341248;0.0;3.6903359844713712;0.8114143797257863;0.18858562027421366
1731803640.7103746;/app/bags/user95_2017-02-24.bag;0.834065854549408;0.0;0.9619645476341248;0.0;3.6903359844713712;0.8114143797257863;0.18858562027421366
1731803640.910432;/app/bags/user95_2017-02-24.bag;0.834065854549408;0.0;0.9619645476341248;0.0;3.6903359844713712;0.8114143797257863;0.18858562027421366
1731803641.1104848;/app/bags/user95_2017-02-24.bag;0.834065854549408;0.0;0.9619645476341248;0.0;3.6903359844713712;0.8114143797257863;0.18858562027421366
1731803641.3105469;/app/bags/user95_2017-02-24.bag;0.834065854549408;0.0;0.9619645476341248;0.0;3.6903359844713712;0.8114143797257863;0.18858562027421366
1731803641.5104067;/app/bags/user95_2017-02-24.bag;0.834065854549408;0.0;0.9619645476341248;0.0;3.6903359844713712;0.8114143797257863;0.18858562027421366
1731803641.7103786;/app/bags/user95_2017-02-24.bag;0.834065854549408;0.0;0.9619645476341248;0.0;3.6903359844713712;0.8114143797257863;0.18858562027421366
1731803641.9103968;/app/bags/user95_2017-02-24.bag;0.834065854549408;0.0;0.9619645476341248;0.0;3.6903359844713712;0.8114143797257863;0.18858562027421366
1731803642.1103783;/app/bags/user95_2017-02-24.bag;0.834065854549408;0.0;0.9619645476341248;0.0;3.6903359844713712;0.8114143797257863;0.18858562027421366
1731803642.3103848;/app/bags/user95_2017-02-24.bag;0.834065854549408;0.0;0.9619645476341248;0.0;3.6903359844713712;0.8114143797257863;0.18858562027421366
1731803642.5104003;/app/bags/user95_2017-02-24.bag;0.834065854549408;0.0;0.9619645476341248;0.0;3.6903359844713712;0.8114143797257863;0.18858562027421366
1731803642.7105067;/app/bags/user95_2017-02-24.bag;0.834065854549408;0.0;0.9619645476341248;0.0;3.6903359844713712;0.8114143797257863;0.18858562027421366
1731803642.9104345;/app/bags/user95_2017-02-24.bag;0.834065854549408;0.0;0.9619645476341248;0.0;3.6903359844713712;0.8114143797257863;0.18858562027421366
1731803643.1103883;/app/bags/user95_2017-02-24.bag;0.834065854549408;0.0;0.9619645476341248;0.0;3.6903359844713712;0.8114143797257863;0.18858562027421366
1731803643.3103874;/app/bags/user95_2017-02-24.bag;0.834065854549408;0.0;0.9619645476341248;0.0;3.6903359844713712;0.8114143797257863;0.18858562027421366
1731803643.510379;/app/bags/user95_2017-02-24.bag;0.834065854549408;0.0;0.9619645476341248;0.0;3.6903359844713712;0.8114143797257863;0.18858562027421366
1731803643.7104971;/app/bags/user95_2017-02-24.bag;0.834065854549408;0.0;0.9619645476341248;0.0;3.6903359844713712;0.8114143797257863;0.18858562027421366
1731803643.9104044;/app/bags/user95_2017-02-24.bag;0.834065854549408;0.0;0.9619645476341248;0.0;3.6903359844713712;0.8114143797257863;0.18858562027421366
1731803644.1104422;/app/bags/user95_2017-02-24.bag;0.834065854549408;0.0;0.9619645476341248;0.0;3.6903359844713712;0.8114143797257863;0.18858562027421366
1731803644.310438;/app/bags/user95_2017-02-24.bag;0.834065854549408;0.0;0.9619645476341248;0.0;3.6903359844713712;0.8114143797257863;0.18858562027421366
1731803644.5104144;/app/bags/user95_2017-02-24.bag;0.834065854549408;0.0;0.9619645476341248;0.0;3.6903359844713712;0.8114143797257863;0.18858562027421366
1731803644.7104216;/app/bags/user95_2017-02-24.bag;0.834065854549408;0.0;0.9619645476341248;0.0;3.6903359844713712;0.8114143797257863;0.18858562027421366
1731803644.9104583;/app/bags/user95_2017-02-24.bag;0.834065854549408;0.0;0.9619645476341248;0.0;3.6903359844713712;0.8114143797257863;0.18858562027421366
1731803645.1103563;/app/bags/user95_2017-02-24.bag;0.834065854549408;0.0;0.9619645476341248;0.0;3.6903359844713712;0.8114143797257863;0.18858562027421366
1731803645.3104212;/app/bags/user95_2017-02-24.bag;0.834065854549408;0.0;0.9619645476341248;0.0;3.6903359844713712;0.8114143797257863;0.18858562027421366
1731803645.5104036;/app/bags/user95_2017-02-24.bag;0.834065854549408;0.0;0.9619645476341248;0.0;3.6903359844713712;0.8114143797257863;0.18858562027421366
1731803645.710353;/app/bags/user95_2017-02-24.bag;0.834065854549408;0.0;0.9619645476341248;0.0;3.6903359844713712;0.8114143797257863;0.18858562027421366
1731803645.9104037;/app/bags/user95_2017-02-24.bag;0.834065854549408;0.0;0.9619645476341248;0.0;3.6903359844713712;0.8114143797257863;0.18858562027421366
1731803646.1103973;/app/bags/user95_2017-02-24.bag;0.834065854549408;0.0;0.9619645476341248;0.0;3.6903359844713712;0.8114143797257863;0.18858562027421366
1731803646.3104258;/app/bags/user95_2017-02-24.bag;0.834065854549408;0.0;0.9619645476341248;0.0;3.6903359844713712;0.8114143797257863;0.18858562027421366
1731803646.5104678;/app/bags/user95_2017-02-24.bag;0.834065854549408;0.0;0.9619645476341248;0.0;3.6903359844713712;0.8114143797257863;0.18858562027421366
1731803646.710344;/app/bags/user95_2017-02-24.bag;0.834065854549408;0.0;0.9619645476341248;0.0;3.6903359844713712;0.8114143797257863;0.18858562027421366
1731803646.9104474;/app/bags/user95_2017-02-24.bag;0.834065854549408;0.0;0.9619645476341248;0.0;3.6903359844713712;0.8114143797257863;0.18858562027421366
1731803647.1103904;/app/bags/user95_2017-02-24.bag;0.834065854549408;0.0;0.9619645476341248;0.0;3.6903359844713712;0.8114143797257863;0.18858562027421366
1731803647.3104115;/app/bags/user95_2017-02-24.bag;0.834065854549408;0.0;0.9619645476341248;0.0;3.6903359844713712;0.8114143797257863;0.18858562027421366
1731803647.5103567;/app/bags/user95_2017-02-24.bag;0.834065854549408;0.0;0.9619645476341248;0.0;3.6903359844713712;0.8114143797257863;0.18858562027421366
1731803647.7103746;/app/bags/user95_2017-02-24.bag;0.834065854549408;0.0;0.9619645476341248;0.0;3.6903359844713712;0.8114143797257863;0.18858562027421366
1731803647.910388;/app/bags/user95_2017-02-24.bag;0.834065854549408;0.0;0.9619645476341248;0.0;3.6903359844713712;0.8114143797257863;0.18858562027421366
1731803648.110437;/app/bags/user95_2017-02-24.bag;0.834065854549408;0.0;0.9619645476341248;0.0;3.6903359844713712;0.8114143797257863;0.18858562027421366
1731803648.3104508;/app/bags/user95_2017-02-24.bag;0.834065854549408;0.0;0.9619645476341248;0.0;3.6903359844713712;0.8114143797257863;0.18858562027421366
1731803648.510404;/app/bags/user95_2017-02-24.bag;0.834065854549408;0.0;0.9619645476341248;0.0;3.6903359844713712;0.8114143797257863;0.18858562027421366
1731803648.7104092;/app/bags/user95_2017-02-24.bag;0.834065854549408;0.0;0.9619645476341248;0.0;3.6903359844713712;0.8114143797257863;0.18858562027421366
1731803648.9103518;/app/bags/user95_2017-02-24.bag;0.834065854549408;0.0;0.9619645476341248;0.0;3.6903359844713712;0.8114143797257863;0.18858562027421366
1731803649.1104252;/app/bags/user95_2017-02-24.bag;0.834065854549408;0.0;0.9619645476341248;0.0;3.6903359844713712;0.8114143797257863;0.18858562027421366
1731803649.3103592;/app/bags/user95_2017-02-24.bag;0.834065854549408;0.0;0.9619645476341248;0.0;3.6903359844713712;0.8114143797257863;0.18858562027421366
1731803649.5103567;/app/bags/user95_2017-02-24.bag;0.834065854549408;0.0;0.9619645476341248;0.0;3.6903359844713712;0.8114143797257863;0.18858562027421366
1731803649.7104332;/app/bags/user95_2017-02-24.bag;0.834065854549408;0.0;0.9619645476341248;0.0;3.6903359844713712;0.8114143797257863;0.18858562027421366
1731803649.9103625;/app/bags/user95_2017-02-24.bag;0.834065854549408;0.0;0.9619645476341248;0.0;3.6903359844713712;0.8114143797257863;0.18858562027421366
1731803650.1105258;/app/bags/user95_2017-02-24.bag;0.834065854549408;0.0;0.9619645476341248;0.0;3.6903359844713712;0.8114143797257863;0.18858562027421366
1731803650.310405;/app/bags/user95_2017-02-24.bag;0.834065854549408;0.0;0.9619645476341248;0.0;3.6903359844713712;0.8114143797257863;0.18858562027421366
1731803650.5104332;/app/bags/user95_2017-02-24.bag;0.834065854549408;0.0;0.9619645476341248;0.0;3.6903359844713712;0.8114143797257863;0.18858562027421366
1731803650.7104666;/app/bags/user95_2017-02-24.bag;0.834065854549408;0.0;0.9619645476341248;0.0;3.6903359844713712;0.8114143797257863;0.18858562027421366
1731803650.9104517;/app/bags/user95_2017-02-24.bag;0.834065854549408;0.0;0.9619645476341248;0.0;3.6903359844713712;0.8114143797257863;0.18858562027421366
1731803651.1104605;/app/bags/user95_2017-02-24.bag;0.834065854549408;0.0;0.9619645476341248;0.0;3.6903359844713712;0.8114143797257863;0.18858562027421366
1731803651.3103964;/app/bags/user95_2017-02-24.bag;0.834065854549408;0.0;0.9619645476341248;0.0;3.6903359844713712;0.8114143797257863;0.18858562027421366
1731803651.510389;/app/bags/user95_2017-02-24.bag;0.834065854549408;0.0;0.9619645476341248;0.0;3.6903359844713712;0.8114143797257863;0.18858562027421366
1731803651.7104046;/app/bags/user95_2017-02-24.bag;0.834065854549408;0.0;0.9619645476341248;0.0;3.6903359844713712;0.8114143797257863;0.18858562027421366
1731803651.9104137;/app/bags/user95_2017-02-24.bag;0.834065854549408;0.0;0.9619645476341248;0.0;3.6903359844713712;0.8114143797257863;0.18858562027421366
1731803652.110425;/app/bags/user95_2017-02-24.bag;0.834065854549408;0.0;0.9619645476341248;0.0;3.6903359844713712;0.8114143797257863;0.18858562027421366
1731803652.3103964;/app/bags/user95_2017-02-24.bag;0.834065854549408;0.0;0.9619645476341248;0.0;3.6903359844713712;0.8114143797257863;0.18858562027421366
1731803652.5104065;/app/bags/user95_2017-02-24.bag;0.834065854549408;0.0;0.9619645476341248;0.0;3.6903359844713712;0.8114143797257863;0.18858562027421366
1731803652.710414;/app/bags/user95_2017-02-24.bag;0.834065854549408;0.0;0.9619645476341248;0.0;3.6903359844713712;0.8114143797257863;0.18858562027421366
1731803652.9104447;/app/bags/user95_2017-02-24.bag;0.834065854549408;0.0;0.9619645476341248;0.0;3.6903359844713712;0.8114143797257863;0.18858562027421366
1731803653.1104121;/app/bags/user95_2017-02-24.bag;0.834065854549408;0.0;0.9619645476341248;0.0;3.6903359844713712;0.8114143797257863;0.18858562027421366
1731803653.310495;/app/bags/user95_2017-02-24.bag;0.834065854549408;0.0;0.9619645476341248;0.0;3.6903359844713712;0.8114143797257863;0.18858562027421366
1731803653.5104134;/app/bags/user95_2017-02-24.bag;0.834065854549408;0.0;0.9619645476341248;0.0;3.6903359844713712;0.8114143797257863;0.18858562027421366
1731803653.7104442;/app/bags/user95_2017-02-24.bag;0.834065854549408;0.0;0.9619645476341248;0.0;3.6903359844713712;0.8114143797257863;0.18858562027421366
1731803653.9103787;/app/bags/user95_2017-02-24.bag;0.834065854549408;0.0;0.9619645476341248;0.0;3.6903359844713712;0.8114143797257863;0.18858562027421366
1731803654.110426;/app/bags/user95_2017-02-24.bag;0.834065854549408;0.0;0.9619645476341248;0.0;3.6903359844713712;0.8114143797257863;0.18858562027421366
1731803654.3104143;/app/bags/user95_2017-02-24.bag;0.834065854549408;0.0;0.9619645476341248;0.0;3.6903359844713712;0.8114143797257863;0.18858562027421366
1731803654.5106523;/app/bags/user95_2017-02-24.bag;0.834065854549408;0.0;0.9619645476341248;0.0;3.6903359844713712;0.8114143797257863;0.18858562027421366
1731803654.7104247;/app/bags/user95_2017-02-24.bag;0.834065854549408;0.0;0.9619645476341248;0.0;3.6903359844713712;0.8114143797257863;0.18858562027421366
1731803654.9104025;/app/bags/user95_2017-02-24.bag;0.834065854549408;0.0;0.9619645476341248;0.0;3.6903359844713712;0.8114143797257863;0.18858562027421366
1731803655.110448;/app/bags/user95_2017-02-24.bag;0.834065854549408;0.0;0.9619645476341248;0.0;3.6903359844713712;0.8114143797257863;0.18858562027421366
1731803655.310461;/app/bags/user95_2017-02-24.bag;0.834065854549408;0.0;0.9619645476341248;0.0;3.6903359844713712;0.8114143797257863;0.18858562027421366
1731803655.5104473;/app/bags/user95_2017-02-24.bag;0.834065854549408;0.0;0.9619645476341248;0.0;3.6903359844713712;0.8114143797257863;0.18858562027421366
1731803655.710404;/app/bags/user95_2017-02-24.bag;0.834065854549408;0.0;0.9619645476341248;0.0;3.6903359844713712;0.8114143797257863;0.18858562027421366
1731803655.9104679;/app/bags/user95_2017-02-24.bag;0.834065854549408;0.0;0.9619645476341248;0.0;3.6903359844713712;0.8114143797257863;0.18858562027421366
1731803656.1104038;/app/bags/user95_2017-02-24.bag;0.834065854549408;0.0;0.9619645476341248;0.0;3.6903359844713712;0.8114143797257863;0.18858562027421366
1731803656.310383;/app/bags/user95_2017-02-24.bag;0.834065854549408;0.0;0.9619645476341248;0.0;3.6903359844713712;0.8114143797257863;0.18858562027421366
1731803656.5103705;/app/bags/user95_2017-02-24.bag;0.834065854549408;0.0;0.9619645476341248;0.0;3.6903359844713712;0.8114143797257863;0.18858562027421366
1731803656.7104058;/app/bags/user95_2017-02-24.bag;0.834065854549408;0.0;0.9619645476341248;0.0;3.6903359844713712;0.8114143797257863;0.18858562027421366
1731803656.910425;/app/bags/user95_2017-02-24.bag;0.834065854549408;0.0;0.9619645476341248;0.0;3.6903359844713712;0.8114143797257863;0.18858562027421366
1731803657.1104372;/app/bags/user95_2017-02-24.bag;0.834065854549408;0.0;0.9619645476341248;0.0;3.6903359844713712;0.8114143797257863;0.18858562027421366
1731803657.310415;/app/bags/user95_2017-02-24.bag;0.834065854549408;0.0;0.9619645476341248;0.0;3.6903359844713712;0.8114143797257863;0.18858562027421366
1731803657.5104382;/app/bags/user95_2017-02-24.bag;0.834065854549408;0.0;0.9619645476341248;0.0;3.6903359844713712;0.8114143797257863;0.18858562027421366
1731803657.7104619;/app/bags/user95_2017-02-24.bag;0.834065854549408;0.0;0.9619645476341248;0.0;3.6903359844713712;0.8114143797257863;0.18858562027421366
1731803657.9104586;/app/bags/user95_2017-02-24.bag;0.834065854549408;0.0;0.9619645476341248;0.0;3.6903359844713712;0.8114143797257863;0.18858562027421366
1731803658.110386;/app/bags/user95_2017-02-24.bag;0.834065854549408;0.0;0.9619645476341248;0.0;3.6903359844713712;0.8114143797257863;0.18858562027421366
1731803658.3103766;/app/bags/user95_2017-02-24.bag;0.834065854549408;0.0;0.9619645476341248;0.0;3.6903359844713712;0.8114143797257863;0.18858562027421366
1731803658.5103645;/app/bags/user95_2017-02-24.bag;0.834065854549408;0.0;0.9619645476341248;0.0;3.6903359844713712;0.8114143797257863;0.18858562027421366
1731803658.7103882;/app/bags/user95_2017-02-24.bag;0.834065854549408;0.0;0.9619645476341248;0.0;3.6903359844713712;0.8114143797257863;0.18858562027421366
1731803658.910419;/app/bags/user95_2017-02-24.bag;0.834065854549408;0.0;0.9619645476341248;0.0;3.6903359844713712;0.8114143797257863;0.18858562027421366
1731803659.1103683;/app/bags/user95_2017-02-24.bag;0.834065854549408;0.0;0.9619645476341248;0.0;3.6903359844713712;0.8114143797257863;0.18858562027421366
1731803659.3104742;/app/bags/user95_2017-02-24.bag;0.834065854549408;0.0;0.9619645476341248;0.0;3.6903359844713712;0.8114143797257863;0.18858562027421366
1731803659.5104182;/app/bags/user95_2017-02-24.bag;0.834065854549408;0.0;0.9619645476341248;0.0;3.6903359844713712;0.8114143797257863;0.18858562027421366
1731803659.7105203;/app/bags/user95_2017-02-24.bag;0.834065854549408;0.0;0.9619645476341248;0.0;3.6903359844713712;0.8114143797257863;0.18858562027421366
1731803659.9104807;/app/bags/user95_2017-02-24.bag;0.834065854549408;0.0;0.9619645476341248;0.0;3.6903359844713712;0.8114143797257863;0.18858562027421366
1731803660.1104214;/app/bags/user95_2017-02-24.bag;0.834065854549408;0.0;0.9619645476341248;0.0;3.6903359844713712;0.8114143797257863;0.18858562027421366
1731803660.3105216;/app/bags/user95_2017-02-24.bag;0.834065854549408;0.0;0.9619645476341248;0.0;3.6903359844713712;0.8114143797257863;0.18858562027421366
1731803660.5104136;/app/bags/user95_2017-02-24.bag;0.834065854549408;0.0;0.9619645476341248;0.0;3.6903359844713712;0.8114143797257863;0.18858562027421366
1731803660.7103753;/app/bags/user95_2017-02-24.bag;0.834065854549408;0.0;0.9619645476341248;0.0;3.6903359844713712;0.8114143797257863;0.18858562027421366
1731803660.9104066;/app/bags/user95_2017-02-24.bag;0.834065854549408;0.0;0.9619645476341248;0.0;3.6903359844713712;0.8114143797257863;0.18858562027421366
1731803661.110472;/app/bags/user95_2017-02-24.bag;0.834065854549408;0.0;0.9619645476341248;0.0;3.6903359844713712;0.8114143797257863;0.18858562027421366
1731803661.3104074;/app/bags/user95_2017-02-24.bag;0.834065854549408;0.0;0.9619645476341248;0.0;3.6903359844713712;0.8114143797257863;0.18858562027421366
1731803661.5103793;/app/bags/user95_2017-02-24.bag;0.834065854549408;0.0;0.9619645476341248;0.0;3.6903359844713712;0.8114143797257863;0.18858562027421366
1731803661.7103853;/app/bags/user95_2017-02-24.bag;0.834065854549408;0.0;0.9619645476341248;0.0;3.6903359844713712;0.8114143797257863;0.18858562027421366
1731803661.9103663;/app/bags/user95_2017-02-24.bag;0.834065854549408;0.0;0.9619645476341248;0.0;3.6903359844713712;0.8114143797257863;0.18858562027421366
1731803662.1104026;/app/bags/user95_2017-02-24.bag;0.834065854549408;0.0;0.9619645476341248;0.0;3.6903359844713712;0.8114143797257863;0.18858562027421366
1731803662.3103895;/app/bags/user95_2017-02-24.bag;0.834065854549408;0.0;0.9619645476341248;0.0;3.6903359844713712;0.8114143797257863;0.18858562027421366
1731803662.5103621;/app/bags/user95_2017-02-24.bag;0.834065854549408;0.0;0.9619645476341248;0.0;3.6903359844713712;0.8114143797257863;0.18858562027421366
1731803662.7103796;/app/bags/user95_2017-02-24.bag;0.834065854549408;0.0;0.9619645476341248;0.0;3.6903359844713712;0.8114143797257863;0.18858562027421366
1731803662.9138715;/app/bags/user95_2017-02-24.bag;0.834065854549408;0.0;0.9619645476341248;0.0;3.6903359844713712;0.8114143797257863;0.18858562027421366
1731803663.1104114;/app/bags/user95_2017-02-24.bag;0.834065854549408;0.0;0.9619645476341248;0.0;3.6903359844713712;0.8114143797257863;0.18858562027421366
1731803663.3104215;/app/bags/user95_2017-02-24.bag;0.834065854549408;0.0;0.9619645476341248;0.0;3.6903359844713712;0.8114143797257863;0.18858562027421366
1731803663.5104182;/app/bags/user95_2017-02-24.bag;0.834065854549408;0.0;0.9619645476341248;0.0;3.6903359844713712;0.8114143797257863;0.18858562027421366
1731803663.7103608;/app/bags/user95_2017-02-24.bag;0.834065854549408;0.0;0.9619645476341248;0.0;3.6903359844713712;0.8114143797257863;0.18858562027421366
1731803663.9103706;/app/bags/user95_2017-02-24.bag;0.834065854549408;0.0;0.9619645476341248;0.0;3.6903359844713712;0.8114143797257863;0.18858562027421366
1731803664.1103914;/app/bags/user95_2017-02-24.bag;0.834065854549408;0.0;0.9619645476341248;0.0;3.6903359844713712;0.8114143797257863;0.18858562027421366
1731803664.3103886;/app/bags/user95_2017-02-24.bag;0.834065854549408;0.0;0.9619645476341248;0.0;3.6903359844713712;0.8114143797257863;0.18858562027421366
1731803664.5105302;/app/bags/user95_2017-02-24.bag;0.834065854549408;0.0;0.9619645476341248;0.0;3.6903359844713712;0.8114143797257863;0.18858562027421366
1731803664.710392;/app/bags/user95_2017-02-24.bag;0.834065854549408;0.0;0.9619645476341248;0.0;3.6903359844713712;0.8114143797257863;0.18858562027421366
1731803664.9103732;/app/bags/user95_2017-02-24.bag;0.834065854549408;0.0;0.9619645476341248;0.0;3.6903359844713712;0.8114143797257863;0.18858562027421366
1731803665.1103783;/app/bags/user95_2017-02-24.bag;0.834065854549408;0.0;0.9619645476341248;0.0;3.6903359844713712;0.8114143797257863;0.18858562027421366
1731803665.3104196;/app/bags/user95_2017-02-24.bag;0.834065854549408;0.0;0.9619645476341248;0.0;3.6903359844713712;0.8114143797257863;0.18858562027421366
1731803665.510387;/app/bags/user95_2017-02-24.bag;0.834065854549408;0.0;0.9619645476341248;0.0;3.6903359844713712;0.8114143797257863;0.18858562027421366
1731803665.710387;/app/bags/user95_2017-02-24.bag;0.834065854549408;0.0;0.9619645476341248;0.0;3.6903359844713712;0.8114143797257863;0.18858562027421366
1731803665.9104564;/app/bags/user95_2017-02-24.bag;0.834065854549408;0.0;0.9619645476341248;0.0;3.6903359844713712;0.8114143797257863;0.18858562027421366
1731803666.1105113;/app/bags/user95_2017-02-24.bag;0.834065854549408;0.0;0.9619645476341248;0.0;3.6903359844713712;0.8114143797257863;0.18858562027421366
1731803666.3103902;/app/bags/user95_2017-02-24.bag;0.834065854549408;0.0;0.9619645476341248;0.0;3.6903359844713712;0.8114143797257863;0.18858562027421366
1731803666.5103815;/app/bags/user95_2017-02-24.bag;0.834065854549408;0.0;0.9619645476341248;0.0;3.6903359844713712;0.8114143797257863;0.18858562027421366
1731803666.7104268;/app/bags/user95_2017-02-24.bag;0.834065854549408;0.0;0.9619645476341248;0.0;3.6903359844713712;0.8114143797257863;0.18858562027421366
1731803666.910415;/app/bags/user95_2017-02-24.bag;0.834065854549408;0.0;0.9619645476341248;0.0;3.6903359844713712;0.8114143797257863;0.18858562027421366
1731803667.1104894;/app/bags/user95_2017-02-24.bag;0.834065854549408;0.0;0.9619645476341248;0.0;3.6903359844713712;0.8114143797257863;0.18858562027421366
1731803667.3103976;/app/bags/user95_2017-02-24.bag;0.834065854549408;0.0;0.9619645476341248;0.0;3.6903359844713712;0.8114143797257863;0.18858562027421366
1731803667.5104594;/app/bags/user95_2017-02-24.bag;0.834065854549408;0.0;0.9619645476341248;0.0;3.6903359844713712;0.8114143797257863;0.18858562027421366
1731803667.7104392;/app/bags/user95_2017-02-24.bag;0.834065854549408;0.0;0.9619645476341248;0.0;3.6903359844713712;0.8114143797257863;0.18858562027421366
1731803667.9104276;/app/bags/user95_2017-02-24.bag;0.834065854549408;0.0;0.9619645476341248;0.0;3.6903359844713712;0.8114143797257863;0.18858562027421366
1731803668.1104083;/app/bags/user95_2017-02-24.bag;0.834065854549408;0.0;0.9619645476341248;0.0;3.6903359844713712;0.8114143797257863;0.18858562027421366
1731803668.310404;/app/bags/user95_2017-02-24.bag;0.834065854549408;0.0;0.9619645476341248;0.0;3.6903359844713712;0.8114143797257863;0.18858562027421366
1731803668.5104115;/app/bags/user95_2017-02-24.bag;0.834065854549408;0.0;0.9619645476341248;0.0;3.6903359844713712;0.8114143797257863;0.18858562027421366
1731803668.7104301;/app/bags/user95_2017-02-24.bag;0.834065854549408;0.0;0.9619645476341248;0.0;3.6903359844713712;0.8114143797257863;0.18858562027421366
1731803668.9103794;/app/bags/user95_2017-02-24.bag;0.834065854549408;0.0;0.9619645476341248;0.0;3.6903359844713712;0.8114143797257863;0.18858562027421366
1731803669.1104095;/app/bags/user95_2017-02-24.bag;0.834065854549408;0.0;0.9619645476341248;0.0;3.6903359844713712;0.8114143797257863;0.18858562027421366
1731803669.310376;/app/bags/user95_2017-02-24.bag;0.834065854549408;0.0;0.9619645476341248;0.0;3.6903359844713712;0.8114143797257863;0.18858562027421366
1731803669.510391;/app/bags/user95_2017-02-24.bag;0.834065854549408;0.0;0.9619645476341248;0.0;3.6903359844713712;0.8114143797257863;0.18858562027421366
1731803669.7103844;/app/bags/user95_2017-02-24.bag;0.834065854549408;0.0;0.9619645476341248;0.0;3.6903359844713712;0.8114143797257863;0.18858562027421366
1731803669.9103756;/app/bags/user95_2017-02-24.bag;0.834065854549408;0.0;0.9619645476341248;0.0;3.6903359844713712;0.8114143797257863;0.18858562027421366
1731803670.110433;/app/bags/user95_2017-02-24.bag;0.834065854549408;0.0;0.9619645476341248;0.0;3.6903359844713712;0.8114143797257863;0.18858562027421366
1731803670.3103628;/app/bags/user95_2017-02-24.bag;0.834065854549408;0.0;0.9619645476341248;0.0;3.6903359844713712;0.8114143797257863;0.18858562027421366
1731803670.5103877;/app/bags/user95_2017-02-24.bag;0.834065854549408;0.0;0.9619645476341248;0.0;3.6903359844713712;0.8114143797257863;0.18858562027421366
1731803670.7103913;/app/bags/user95_2017-02-24.bag;0.834065854549408;0.0;0.9619645476341248;0.0;3.6903359844713712;0.8114143797257863;0.18858562027421366
1731803670.9104183;/app/bags/user95_2017-02-24.bag;0.834065854549408;0.0;0.9619645476341248;0.0;3.6903359844713712;0.8114143797257863;0.18858562027421366
1731803671.110412;/app/bags/user95_2017-02-24.bag;0.834065854549408;0.0;0.9619645476341248;0.0;3.6903359844713712;0.8114143797257863;0.18858562027421366
1731803671.3103595;/app/bags/user95_2017-02-24.bag;0.834065854549408;0.0;0.9619645476341248;0.0;3.6903359844713712;0.8114143797257863;0.18858562027421366
1731803671.5104046;/app/bags/user95_2017-02-24.bag;0.834065854549408;0.0;0.9619645476341248;0.0;3.6903359844713712;0.8114143797257863;0.18858562027421366
1731803671.7104244;/app/bags/user95_2017-02-24.bag;0.834065854549408;0.0;0.9619645476341248;0.0;3.6903359844713712;0.8114143797257863;0.18858562027421366
1731803671.910388;/app/bags/user95_2017-02-24.bag;0.834065854549408;0.0;0.9619645476341248;0.0;3.6903359844713712;0.8114143797257863;0.18858562027421366
1731803672.1103654;/app/bags/user95_2017-02-24.bag;0.834065854549408;0.0;0.9619645476341248;0.0;3.6903359844713712;0.8114143797257863;0.18858562027421366
1731803672.3103435;/app/bags/user95_2017-02-24.bag;0.834065854549408;0.0;0.9619645476341248;0.0;3.6903359844713712;0.8114143797257863;0.18858562027421366
1731803672.5103908;/app/bags/user95_2017-02-24.bag;0.834065854549408;0.0;0.9619645476341248;0.0;3.6903359844713712;0.8114143797257863;0.18858562027421366
1731803672.7103972;/app/bags/user95_2017-02-24.bag;0.834065854549408;0.0;0.9619645476341248;0.0;3.6903359844713712;0.8114143797257863;0.18858562027421366
1731803672.910363;/app/bags/user95_2017-02-24.bag;0.834065854549408;0.0;0.9619645476341248;0.0;3.6903359844713712;0.8114143797257863;0.18858562027421366
1731803673.1104665;/app/bags/user95_2017-02-24.bag;0.834065854549408;0.0;0.9619645476341248;0.0;3.6903359844713712;0.8114143797257863;0.18858562027421366
1731803673.31038;/app/bags/user95_2017-02-24.bag;0.834065854549408;0.0;0.9619645476341248;0.0;3.6903359844713712;0.8114143797257863;0.18858562027421366
1731803673.5103846;/app/bags/user95_2017-02-24.bag;0.834065854549408;0.0;0.9619645476341248;0.0;3.6903359844713712;0.8114143797257863;0.18858562027421366
1731803673.7103906;/app/bags/user95_2017-02-24.bag;0.834065854549408;0.0;0.9619645476341248;0.0;3.6903359844713712;0.8114143797257863;0.18858562027421366
1731803673.91043;/app/bags/user95_2017-02-24.bag;0.834065854549408;0.0;0.9619645476341248;0.0;3.6903359844713712;0.8114143797257863;0.18858562027421366
1731803674.110396;/app/bags/user95_2017-02-24.bag;0.834065854549408;0.0;0.9619645476341248;0.0;3.6903359844713712;0.8114143797257863;0.18858562027421366
1731803674.3103552;/app/bags/user95_2017-02-24.bag;0.834065854549408;0.0;0.9619645476341248;0.0;3.6903359844713712;0.8114143797257863;0.18858562027421366
1731803674.510378;/app/bags/user95_2017-02-24.bag;0.834065854549408;0.0;0.9619645476341248;0.0;3.6903359844713712;0.8114143797257863;0.18858562027421366
1731803674.7104585;/app/bags/user95_2017-02-24.bag;0.834065854549408;0.0;0.9619645476341248;0.0;3.6903359844713712;0.8114143797257863;0.18858562027421366
1731803674.9103787;/app/bags/user95_2017-02-24.bag;0.834065854549408;0.0;0.9619645476341248;0.0;3.6903359844713712;0.8114143797257863;0.18858562027421366
1731803675.110394;/app/bags/user95_2017-02-24.bag;0.834065854549408;0.0;0.9619645476341248;0.0;3.6903359844713712;0.8114143797257863;0.18858562027421366
1731803675.3104408;/app/bags/user95_2017-02-24.bag;0.834065854549408;0.0;0.9619645476341248;0.0;3.6903359844713712;0.8114143797257863;0.18858562027421366
1731803675.5103836;/app/bags/user95_2017-02-24.bag;0.834065854549408;0.0;0.9619645476341248;0.0;3.6903359844713712;0.8114143797257863;0.18858562027421366
1731803675.710401;/app/bags/user95_2017-02-24.bag;0.834065854549408;0.0;0.9619645476341248;0.0;3.6903359844713712;0.8114143797257863;0.18858562027421366
1731803675.9104118;/app/bags/user95_2017-02-24.bag;0.834065854549408;0.0;0.9619645476341248;0.0;3.6903359844713712;0.8114143797257863;0.18858562027421366
1731803676.1103613;/app/bags/user95_2017-02-24.bag;0.834065854549408;0.0;0.9619645476341248;0.0;3.6903359844713712;0.8114143797257863;0.18858562027421366
1731803676.310398;/app/bags/user95_2017-02-24.bag;0.834065854549408;0.0;0.9619645476341248;0.0;3.6903359844713712;0.8114143797257863;0.18858562027421366
1731803676.5104647;/app/bags/user95_2017-02-24.bag;0.834065854549408;0.0;0.9619645476341248;0.0;3.6903359844713712;0.8114143797257863;0.18858562027421366
1731803676.7103734;/app/bags/user95_2017-02-24.bag;0.834065854549408;0.0;0.9619645476341248;0.0;3.6903359844713712;0.8114143797257863;0.18858562027421366
1731803676.9103773;/app/bags/user95_2017-02-24.bag;0.834065854549408;0.0;0.9619645476341248;0.0;3.6903359844713712;0.8114143797257863;0.18858562027421366
1731803677.1104057;/app/bags/user95_2017-02-24.bag;0.834065854549408;0.0;0.9619645476341248;0.0;3.6903359844713712;0.8114143797257863;0.18858562027421366
1731803677.3103697;/app/bags/user95_2017-02-24.bag;0.834065854549408;0.0;0.9619645476341248;0.0;3.6903359844713712;0.8114143797257863;0.18858562027421366
1731803677.510415;/app/bags/user95_2017-02-24.bag;0.834065854549408;0.0;0.9619645476341248;0.0;3.6903359844713712;0.8114143797257863;0.18858562027421366
1731803677.7103705;/app/bags/user95_2017-02-24.bag;0.834065854549408;0.0;0.9619645476341248;0.0;3.6903359844713712;0.8114143797257863;0.18858562027421366
1731803677.9103944;/app/bags/user95_2017-02-24.bag;0.834065854549408;0.0;0.9619645476341248;0.0;3.6903359844713712;0.8114143797257863;0.18858562027421366
1731803678.1103988;/app/bags/user95_2017-02-24.bag;0.834065854549408;0.0;0.9619645476341248;0.0;3.6903359844713712;0.8114143797257863;0.18858562027421366
1731803678.3104286;/app/bags/user95_2017-02-24.bag;0.834065854549408;0.0;0.9619645476341248;0.0;3.6903359844713712;0.8114143797257863;0.18858562027421366
1731803678.5103936;/app/bags/user95_2017-02-24.bag;0.834065854549408;0.0;0.9619645476341248;0.0;3.6903359844713712;0.8114143797257863;0.18858562027421366
1731803678.7104423;/app/bags/user95_2017-02-24.bag;0.834065854549408;0.0;0.9619645476341248;0.0;3.6903359844713712;0.8114143797257863;0.18858562027421366
1731803678.910393;/app/bags/user95_2017-02-24.bag;0.834065854549408;0.0;0.9619645476341248;0.0;3.6903359844713712;0.8114143797257863;0.18858562027421366
1731803679.1106036;/app/bags/user95_2017-02-24.bag;0.834065854549408;0.0;0.9619645476341248;0.0;3.6903359844713712;0.8114143797257863;0.18858562027421366
1731803679.3104272;/app/bags/user95_2017-02-24.bag;0.834065854549408;0.0;0.9619645476341248;0.0;3.6903359844713712;0.8114143797257863;0.18858562027421366
1731803679.5103905;/app/bags/user95_2017-02-24.bag;0.834065854549408;0.0;0.9619645476341248;0.0;3.6903359844713712;0.8114143797257863;0.18858562027421366
1731803679.710382;/app/bags/user95_2017-02-24.bag;0.834065854549408;0.0;0.9619645476341248;0.0;3.6903359844713712;0.8114143797257863;0.18858562027421366
1731803679.9104924;/app/bags/user95_2017-02-24.bag;0.834065854549408;0.0;0.9619645476341248;0.0;3.6903359844713712;0.8114143797257863;0.18858562027421366
1731803680.110409;/app/bags/user95_2017-02-24.bag;0.834065854549408;0.0;0.9619645476341248;0.0;3.6903359844713712;0.8114143797257863;0.18858562027421366
1731803680.3103988;/app/bags/user95_2017-02-24.bag;0.834065854549408;0.0;0.9619645476341248;0.0;3.6903359844713712;0.8114143797257863;0.18858562027421366
1731803680.510372;/app/bags/user95_2017-02-24.bag;0.834065854549408;0.0;0.9619645476341248;0.0;3.6903359844713712;0.8114143797257863;0.18858562027421366
1731803680.7103837;/app/bags/user95_2017-02-24.bag;0.834065854549408;0.0;0.9619645476341248;0.0;3.6903359844713712;0.8114143797257863;0.18858562027421366
1731803680.910363;/app/bags/user95_2017-02-24.bag;0.834065854549408;0.0;0.9619645476341248;0.0;3.6903359844713712;0.8114143797257863;0.18858562027421366
1731803681.1104112;/app/bags/user95_2017-02-24.bag;0.834065854549408;0.0;0.9619645476341248;0.0;3.6903359844713712;0.8114143797257863;0.18858562027421366
1731803681.3103704;/app/bags/user95_2017-02-24.bag;0.834065854549408;0.0;0.9619645476341248;0.0;3.6903359844713712;0.8114143797257863;0.18858562027421366
1731803681.510376;/app/bags/user95_2017-02-24.bag;0.834065854549408;0.0;0.9619645476341248;0.0;3.6903359844713712;0.8114143797257863;0.18858562027421366
1731803681.7103727;/app/bags/user95_2017-02-24.bag;0.834065854549408;0.0;0.9619645476341248;0.0;3.6903359844713712;0.8114143797257863;0.18858562027421366
1731803681.9104254;/app/bags/user95_2017-02-24.bag;0.834065854549408;0.0;0.9619645476341248;0.0;3.6903359844713712;0.8114143797257863;0.18858562027421366
1731803682.1103976;/app/bags/user95_2017-02-24.bag;0.834065854549408;0.0;0.9619645476341248;0.0;3.6903359844713712;0.8114143797257863;0.18858562027421366
1731803682.310377;/app/bags/user95_2017-02-24.bag;0.834065854549408;0.0;0.9619645476341248;0.0;3.6903359844713712;0.8114143797257863;0.18858562027421366
1731803682.5104003;/app/bags/user95_2017-02-24.bag;0.834065854549408;0.0;0.9619645476341248;0.0;3.6903359844713712;0.8114143797257863;0.18858562027421366
1731803682.7103753;/app/bags/user95_2017-02-24.bag;0.834065854549408;0.0;0.9619645476341248;0.0;3.6903359844713712;0.8114143797257863;0.18858562027421366
1731803682.9103608;/app/bags/user95_2017-02-24.bag;0.834065854549408;0.0;0.9619645476341248;0.0;3.6903359844713712;0.8114143797257863;0.18858562027421366
1731803683.110461;/app/bags/user95_2017-02-24.bag;0.834065854549408;0.0;0.9619645476341248;0.0;3.6903359844713712;0.8114143797257863;0.18858562027421366
1731803683.3104181;/app/bags/user95_2017-02-24.bag;0.834065854549408;0.0;0.9619645476341248;0.0;3.6903359844713712;0.8114143797257863;0.18858562027421366
1731803683.5102563;/app/bags/user95_2017-02-24.bag;0.834065854549408;0.0;0.9619645476341248;0.0;3.6903359844713712;0.8114143797257863;0.18858562027421366
1731803683.7103627;/app/bags/user95_2017-02-24.bag;0.834065854549408;0.0;0.9619645476341248;0.0;3.6903359844713712;0.8114143797257863;0.18858562027421366
1731803683.910463;/app/bags/user95_2017-02-24.bag;0.834065854549408;0.0;0.9619645476341248;0.0;3.6903359844713712;0.8114143797257863;0.18858562027421366
1731803684.1104066;/app/bags/user95_2017-02-24.bag;0.834065854549408;0.0;0.9619645476341248;0.0;3.6903359844713712;0.8114143797257863;0.18858562027421366
1731803684.3103943;/app/bags/user95_2017-02-24.bag;0.834065854549408;0.0;0.9619645476341248;0.0;3.6903359844713712;0.8114143797257863;0.18858562027421366
1731803684.5104468;/app/bags/user95_2017-02-24.bag;0.834065854549408;0.0;0.9619645476341248;0.0;3.6903359844713712;0.8114143797257863;0.18858562027421366
1731803684.7103453;/app/bags/user95_2017-02-24.bag;0.834065854549408;0.0;0.9619645476341248;0.0;3.6903359844713712;0.8114143797257863;0.18858562027421366
1731803684.9104245;/app/bags/user95_2017-02-24.bag;0.834065854549408;0.0;0.9619645476341248;0.0;3.6903359844713712;0.8114143797257863;0.18858562027421366
1731803685.1104085;/app/bags/user95_2017-02-24.bag;0.834065854549408;0.0;0.9619645476341248;0.0;3.6903359844713712;0.8114143797257863;0.18858562027421366
1731803685.3104057;/app/bags/user95_2017-02-24.bag;0.834065854549408;0.0;0.9619645476341248;0.0;3.6903359844713712;0.8114143797257863;0.18858562027421366
1731803685.5104187;/app/bags/user95_2017-02-24.bag;0.834065854549408;0.0;0.9619645476341248;0.0;3.6903359844713712;0.8114143797257863;0.18858562027421366
1731803685.7104037;/app/bags/user95_2017-02-24.bag;0.834065854549408;0.0;0.9619645476341248;0.0;3.6903359844713712;0.8114143797257863;0.18858562027421366
1731803685.9104092;/app/bags/user95_2017-02-24.bag;0.834065854549408;0.0;0.9619645476341248;0.0;3.6903359844713712;0.8114143797257863;0.18858562027421366
1731803686.1104488;/app/bags/user95_2017-02-24.bag;0.834065854549408;0.0;0.9619645476341248;0.0;3.6903359844713712;0.8114143797257863;0.18858562027421366
1731803686.3104022;/app/bags/user95_2017-02-24.bag;0.834065854549408;0.0;0.9619645476341248;0.0;3.6903359844713712;0.8114143797257863;0.18858562027421366
1731803686.510388;/app/bags/user95_2017-02-24.bag;0.834065854549408;0.0;0.9619645476341248;0.0;3.6903359844713712;0.8114143797257863;0.18858562027421366
1731803686.7104352;/app/bags/user95_2017-02-24.bag;0.834065854549408;0.0;0.9619645476341248;0.0;3.6903359844713712;0.8114143797257863;0.18858562027421366
1731803686.910371;/app/bags/user95_2017-02-24.bag;0.834065854549408;0.0;0.9619645476341248;0.0;3.6903359844713712;0.8114143797257863;0.18858562027421366
1731803687.1103795;/app/bags/user95_2017-02-24.bag;0.834065854549408;0.0;0.9619645476341248;0.0;3.6903359844713712;0.8114143797257863;0.18858562027421366
1731803687.3104;/app/bags/user95_2017-02-24.bag;0.834065854549408;0.0;0.9619645476341248;0.0;3.6903359844713712;0.8114143797257863;0.18858562027421366
1731803687.5105023;/app/bags/user95_2017-02-24.bag;0.834065854549408;0.0;0.9619645476341248;0.0;3.6903359844713712;0.8114143797257863;0.18858562027421366
1731803687.7104208;/app/bags/user95_2017-02-24.bag;0.834065854549408;0.0;0.9619645476341248;0.0;3.6903359844713712;0.8114143797257863;0.18858562027421366
1731803687.9103928;/app/bags/user95_2017-02-24.bag;0.834065854549408;0.0;0.9619645476341248;0.0;3.6903359844713712;0.8114143797257863;0.18858562027421366
1731803688.110385;/app/bags/user95_2017-02-24.bag;0.834065854549408;0.0;0.9619645476341248;0.0;3.6903359844713712;0.8114143797257863;0.18858562027421366
1731803688.3103864;/app/bags/user95_2017-02-24.bag;0.834065854549408;0.0;0.9619645476341248;0.0;3.6903359844713712;0.8114143797257863;0.18858562027421366
1731803688.5103798;/app/bags/user95_2017-02-24.bag;0.834065854549408;0.0;0.9619645476341248;0.0;3.6903359844713712;0.8114143797257863;0.18858562027421366
1731803688.710366;/app/bags/user95_2017-02-24.bag;0.834065854549408;0.0;0.9619645476341248;0.0;3.6903359844713712;0.8114143797257863;0.18858562027421366
1731803688.9103887;/app/bags/user95_2017-02-24.bag;0.834065854549408;0.0;0.9619645476341248;0.0;3.6903359844713712;0.8114143797257863;0.18858562027421366
1731803689.1104176;/app/bags/user95_2017-02-24.bag;0.834065854549408;0.0;0.9619645476341248;0.0;3.6903359844713712;0.8114143797257863;0.18858562027421366
1731803689.3103797;/app/bags/user95_2017-02-24.bag;0.834065854549408;0.0;0.9619645476341248;0.0;3.6903359844713712;0.8114143797257863;0.18858562027421366
1731803689.5104034;/app/bags/user95_2017-02-24.bag;0.834065854549408;0.0;0.9619645476341248;0.0;3.6903359844713712;0.8114143797257863;0.18858562027421366
1731803689.7105122;/app/bags/user95_2017-02-24.bag;0.834065854549408;0.0;0.9619645476341248;0.0;3.6903359844713712;0.8114143797257863;0.18858562027421366
1731803689.9103951;/app/bags/user95_2017-02-24.bag;0.834065854549408;0.0;0.9619645476341248;0.0;3.6903359844713712;0.8114143797257863;0.18858562027421366
1731803690.1103988;/app/bags/user95_2017-02-24.bag;0.834065854549408;0.0;0.9619645476341248;0.0;3.6903359844713712;0.8114143797257863;0.18858562027421366
1731803690.3103766;/app/bags/user95_2017-02-24.bag;0.834065854549408;0.0;0.9619645476341248;0.0;3.6903359844713712;0.8114143797257863;0.18858562027421366
1731803690.510526;/app/bags/user95_2017-02-24.bag;0.834065854549408;0.0;0.9619645476341248;0.0;3.6903359844713712;0.8114143797257863;0.18858562027421366
1731803690.7103772;/app/bags/user95_2017-02-24.bag;0.834065854549408;0.0;0.9619645476341248;0.0;3.6903359844713712;0.8114143797257863;0.18858562027421366
1731803690.9104345;/app/bags/user95_2017-02-24.bag;0.834065854549408;0.0;0.9619645476341248;0.0;3.6903359844713712;0.8114143797257863;0.18858562027421366
1731803691.1105201;/app/bags/user95_2017-02-24.bag;0.834065854549408;0.0;0.9619645476341248;0.0;3.6903359844713712;0.8114143797257863;0.18858562027421366
1731803691.3104072;/app/bags/user95_2017-02-24.bag;0.834065854549408;0.0;0.9619645476341248;0.0;3.6903359844713712;0.8114143797257863;0.18858562027421366
1731803691.5103676;/app/bags/user95_2017-02-24.bag;0.834065854549408;0.0;0.9619645476341248;0.0;3.6903359844713712;0.8114143797257863;0.18858562027421366
1731803691.7104177;/app/bags/user95_2017-02-24.bag;0.834065854549408;0.0;0.9619645476341248;0.0;3.6903359844713712;0.8114143797257863;0.18858562027421366
1731803691.9103959;/app/bags/user95_2017-02-24.bag;0.834065854549408;0.0;0.9619645476341248;0.0;3.6903359844713712;0.8114143797257863;0.18858562027421366
1731803692.1104128;/app/bags/user95_2017-02-24.bag;0.834065854549408;0.0;0.9619645476341248;0.0;3.6903359844713712;0.8114143797257863;0.18858562027421366
1731803692.3103886;/app/bags/user95_2017-02-24.bag;0.834065854549408;0.0;0.9619645476341248;0.0;3.6903359844713712;0.8114143797257863;0.18858562027421366
1731803692.5106106;/app/bags/user95_2017-02-24.bag;0.834065854549408;0.0;0.9619645476341248;0.0;3.6903359844713712;0.8114143797257863;0.18858562027421366
1731803692.710535;/app/bags/user95_2017-02-24.bag;0.834065854549408;0.0;0.9619645476341248;0.0;3.6903359844713712;0.8114143797257863;0.18858562027421366
1731803692.9103572;/app/bags/user95_2017-02-24.bag;0.834065854549408;0.0;0.9619645476341248;0.0;3.6903359844713712;0.8114143797257863;0.18858562027421366
1731803693.1104114;/app/bags/user95_2017-02-24.bag;0.834065854549408;0.0;0.9619645476341248;0.0;3.6903359844713712;0.8114143797257863;0.18858562027421366
1731803693.3104289;/app/bags/user95_2017-02-24.bag;0.834065854549408;0.0;0.9619645476341248;0.0;3.6903359844713712;0.8114143797257863;0.18858562027421366
1731803693.5105689;/app/bags/user95_2017-02-24.bag;0.834065854549408;0.0;0.9619645476341248;0.0;3.6903359844713712;0.8114143797257863;0.18858562027421366
1731803693.7103431;/app/bags/user95_2017-02-24.bag;0.834065854549408;0.0;0.9619645476341248;0.0;3.6903359844713712;0.8114143797257863;0.18858562027421366
1731803693.910496;/app/bags/user95_2017-02-24.bag;0.834065854549408;0.0;0.9619645476341248;0.0;3.6903359844713712;0.8114143797257863;0.18858562027421366
1731803694.1104321;/app/bags/user95_2017-02-24.bag;0.834065854549408;0.0;0.9619645476341248;0.0;3.6903359844713712;0.8114143797257863;0.18858562027421366
1731803694.3105645;/app/bags/user95_2017-02-24.bag;0.834065854549408;0.0;0.9619645476341248;0.0;3.6903359844713712;0.8114143797257863;0.18858562027421366
1731803694.5103858;/app/bags/user95_2017-02-24.bag;0.834065854549408;0.0;0.9619645476341248;0.0;3.6903359844713712;0.8114143797257863;0.18858562027421366
1731803694.7103758;/app/bags/user95_2017-02-24.bag;0.834065854549408;0.0;0.9619645476341248;0.0;3.6903359844713712;0.8114143797257863;0.18858562027421366
1731803694.9103768;/app/bags/user95_2017-02-24.bag;0.834065854549408;0.0;0.9619645476341248;0.0;3.6903359844713712;0.8114143797257863;0.18858562027421366
1731803695.11042;/app/bags/user95_2017-02-24.bag;0.834065854549408;0.0;0.9619645476341248;0.0;3.6903359844713712;0.8114143797257863;0.18858562027421366
1731803695.310398;/app/bags/user95_2017-02-24.bag;0.834065854549408;0.0;0.9619645476341248;0.0;3.6903359844713712;0.8114143797257863;0.18858562027421366
1731803695.5103898;/app/bags/user95_2017-02-24.bag;0.834065854549408;0.0;0.9619645476341248;0.0;3.6903359844713712;0.8114143797257863;0.18858562027421366
1731803695.7104318;/app/bags/user95_2017-02-24.bag;0.834065854549408;0.0;0.9619645476341248;0.0;3.6903359844713712;0.8114143797257863;0.18858562027421366
1731803695.9103942;/app/bags/user95_2017-02-24.bag;0.834065854549408;0.0;0.9619645476341248;0.0;3.6903359844713712;0.8114143797257863;0.18858562027421366
1731803696.1103919;/app/bags/user95_2017-02-24.bag;0.834065854549408;0.0;0.9619645476341248;0.0;3.6903359844713712;0.8114143797257863;0.18858562027421366
1731803696.3103878;/app/bags/user95_2017-02-24.bag;0.834065854549408;0.0;0.9619645476341248;0.0;3.6903359844713712;0.8114143797257863;0.18858562027421366
1731803696.5104327;/app/bags/user95_2017-02-24.bag;0.834065854549408;0.0;0.9619645476341248;0.0;3.6903359844713712;0.8114143797257863;0.18858562027421366
1731803696.710406;/app/bags/user95_2017-02-24.bag;0.834065854549408;0.0;0.9619645476341248;0.0;3.6903359844713712;0.8114143797257863;0.18858562027421366
1731803696.9103973;/app/bags/user95_2017-02-24.bag;0.834065854549408;0.0;0.9619645476341248;0.0;3.6903359844713712;0.8114143797257863;0.18858562027421366
1731803697.11042;/app/bags/user95_2017-02-24.bag;0.834065854549408;0.0;0.9619645476341248;0.0;3.6903359844713712;0.8114143797257863;0.18858562027421366
1731803697.310417;/app/bags/user95_2017-02-24.bag;0.834065854549408;0.0;0.9619645476341248;0.0;3.6903359844713712;0.8114143797257863;0.18858562027421366
1731803697.5103765;/app/bags/user95_2017-02-24.bag;0.834065854549408;0.0;0.9619645476341248;0.0;3.6903359844713712;0.8114143797257863;0.18858562027421366
1731803697.7104313;/app/bags/user95_2017-02-24.bag;0.834065854549408;0.0;0.9619645476341248;0.0;3.6903359844713712;0.8114143797257863;0.18858562027421366
1731803697.910392;/app/bags/user95_2017-02-24.bag;0.834065854549408;0.0;0.9619645476341248;0.0;3.6903359844713712;0.8114143797257863;0.18858562027421366
1731803698.1103647;/app/bags/user95_2017-02-24.bag;0.834065854549408;0.0;0.9619645476341248;0.0;3.6903359844713712;0.8114143797257863;0.18858562027421366
1731803698.3104095;/app/bags/user95_2017-02-24.bag;0.834065854549408;0.0;0.9619645476341248;0.0;3.6903359844713712;0.8114143797257863;0.18858562027421366
1731803698.5103974;/app/bags/user95_2017-02-24.bag;0.834065854549408;0.0;0.9619645476341248;0.0;3.6903359844713712;0.8114143797257863;0.18858562027421366
1731803698.7104118;/app/bags/user95_2017-02-24.bag;0.834065854549408;0.0;0.9619645476341248;0.0;3.6903359844713712;0.8114143797257863;0.18858562027421366
1731803698.910364;/app/bags/user95_2017-02-24.bag;0.834065854549408;0.0;0.9619645476341248;0.0;3.6903359844713712;0.8114143797257863;0.18858562027421366
1731803699.1103988;/app/bags/user95_2017-02-24.bag;0.834065854549408;0.0;0.9619645476341248;0.0;3.6903359844713712;0.8114143797257863;0.18858562027421366
1731803699.3103647;/app/bags/user95_2017-02-24.bag;0.834065854549408;0.0;0.9619645476341248;0.0;3.6903359844713712;0.8114143797257863;0.18858562027421366
1731803699.5104415;/app/bags/user95_2017-02-24.bag;0.834065854549408;0.0;0.9619645476341248;0.0;3.6903359844713712;0.8114143797257863;0.18858562027421366
1731803699.7104948;/app/bags/user95_2017-02-24.bag;0.834065854549408;0.0;0.9619645476341248;0.0;3.6903359844713712;0.8114143797257863;0.18858562027421366
1731803699.910417;/app/bags/user95_2017-02-24.bag;0.834065854549408;0.0;0.9619645476341248;0.0;3.6903359844713712;0.8114143797257863;0.18858562027421366
1731803700.1104188;/app/bags/user95_2017-02-24.bag;0.834065854549408;0.0;0.9619645476341248;0.0;3.6903359844713712;0.8114143797257863;0.18858562027421366
1731803700.3103788;/app/bags/user95_2017-02-24.bag;0.834065854549408;0.0;0.9619645476341248;0.0;3.6903359844713712;0.8114143797257863;0.18858562027421366
1731803700.5104585;/app/bags/user95_2017-02-24.bag;0.834065854549408;0.0;0.9619645476341248;0.0;3.6903359844713712;0.8114143797257863;0.18858562027421366
1731803700.7104223;/app/bags/user95_2017-02-24.bag;0.834065854549408;0.0;0.9619645476341248;0.0;3.6903359844713712;0.8114143797257863;0.18858562027421366
1731803700.9104435;/app/bags/user95_2017-02-24.bag;0.834065854549408;0.0;0.9619645476341248;0.0;3.6903359844713712;0.8114143797257863;0.18858562027421366
1731803701.110438;/app/bags/user95_2017-02-24.bag;0.834065854549408;0.0;0.9619645476341248;0.0;3.6903359844713712;0.8114143797257863;0.18858562027421366
1731803701.3103766;/app/bags/user95_2017-02-24.bag;0.834065854549408;0.0;0.9619645476341248;0.0;3.6903359844713712;0.8114143797257863;0.18858562027421366
1731803701.5104065;/app/bags/user95_2017-02-24.bag;0.834065854549408;0.0;0.9619645476341248;0.0;3.6903359844713712;0.8114143797257863;0.18858562027421366
1731803701.710375;/app/bags/user95_2017-02-24.bag;0.834065854549408;0.0;0.9619645476341248;0.0;3.6903359844713712;0.8114143797257863;0.18858562027421366
1731803701.9104118;/app/bags/user95_2017-02-24.bag;0.834065854549408;0.0;0.9619645476341248;0.0;3.6903359844713712;0.8114143797257863;0.18858562027421366
1731803702.1103537;/app/bags/user95_2017-02-24.bag;0.834065854549408;0.0;0.9619645476341248;0.0;3.6903359844713712;0.8114143797257863;0.18858562027421366
1731803702.310401;/app/bags/user95_2017-02-24.bag;0.834065854549408;0.0;0.9619645476341248;0.0;3.6903359844713712;0.8114143797257863;0.18858562027421366
1731803702.5104022;/app/bags/user95_2017-02-24.bag;0.834065854549408;0.0;0.9619645476341248;0.0;3.6903359844713712;0.8114143797257863;0.18858562027421366
1731803702.7104301;/app/bags/user95_2017-02-24.bag;0.834065854549408;0.0;0.9619645476341248;0.0;3.6903359844713712;0.8114143797257863;0.18858562027421366
1731803702.910357;/app/bags/user95_2017-02-24.bag;0.834065854549408;0.0;0.9619645476341248;0.0;3.6903359844713712;0.8114143797257863;0.18858562027421366
1731803703.110392;/app/bags/user95_2017-02-24.bag;0.834065854549408;0.0;0.9619645476341248;0.0;3.6903359844713712;0.8114143797257863;0.18858562027421366
1731803703.3104033;/app/bags/user95_2017-02-24.bag;0.834065854549408;0.0;0.9619645476341248;0.0;3.6903359844713712;0.8114143797257863;0.18858562027421366
1731803703.5104542;/app/bags/user95_2017-02-24.bag;0.834065854549408;0.0;0.9619645476341248;0.0;3.6903359844713712;0.8114143797257863;0.18858562027421366
1731803703.7104526;/app/bags/user95_2017-02-24.bag;0.834065854549408;0.0;0.9619645476341248;0.0;3.6903359844713712;0.8114143797257863;0.18858562027421366
1731803703.9103465;/app/bags/user95_2017-02-24.bag;0.834065854549408;0.0;0.9619645476341248;0.0;3.6903359844713712;0.8114143797257863;0.18858562027421366
1731803704.1103814;/app/bags/user95_2017-02-24.bag;0.834065854549408;0.0;0.9619645476341248;0.0;3.6903359844713712;0.8114143797257863;0.18858562027421366
1731803704.310389;/app/bags/user95_2017-02-24.bag;0.834065854549408;0.0;0.9619645476341248;0.0;3.6903359844713712;0.8114143797257863;0.18858562027421366
1731803704.5103781;/app/bags/user95_2017-02-24.bag;0.834065854549408;0.0;0.9619645476341248;0.0;3.6903359844713712;0.8114143797257863;0.18858562027421366
1731803704.7103577;/app/bags/user95_2017-02-24.bag;0.834065854549408;0.0;0.9619645476341248;0.0;3.6903359844713712;0.8114143797257863;0.18858562027421366
1731803704.9103944;/app/bags/user95_2017-02-24.bag;0.834065854549408;0.0;0.9619645476341248;0.0;3.6903359844713712;0.8114143797257863;0.18858562027421366
1731803705.1103787;/app/bags/user95_2017-02-24.bag;0.834065854549408;0.0;0.9619645476341248;0.0;3.6903359844713712;0.8114143797257863;0.18858562027421366
1731803705.3103693;/app/bags/user95_2017-02-24.bag;0.834065854549408;0.0;0.9619645476341248;0.0;3.6903359844713712;0.8114143797257863;0.18858562027421366
1731803705.510382;/app/bags/user95_2017-02-24.bag;0.834065854549408;0.0;0.9619645476341248;0.0;3.6903359844713712;0.8114143797257863;0.18858562027421366
1731803705.7104988;/app/bags/user95_2017-02-24.bag;0.834065854549408;0.0;0.9619645476341248;0.0;3.6903359844713712;0.8114143797257863;0.18858562027421366
1731803705.9104545;/app/bags/user95_2017-02-24.bag;0.834065854549408;0.0;0.9619645476341248;0.0;3.6903359844713712;0.8114143797257863;0.18858562027421366
1731803706.1105633;/app/bags/user95_2017-02-24.bag;0.834065854549408;0.0;0.9619645476341248;0.0;3.6903359844713712;0.8114143797257863;0.18858562027421366
1731803706.3103979;/app/bags/user95_2017-02-24.bag;0.834065854549408;0.0;0.9619645476341248;0.0;3.6903359844713712;0.8114143797257863;0.18858562027421366
1731803706.5104005;/app/bags/user95_2017-02-24.bag;0.834065854549408;0.0;0.9619645476341248;0.0;3.6903359844713712;0.8114143797257863;0.18858562027421366
1731803706.7104564;/app/bags/user95_2017-02-24.bag;0.834065854549408;0.0;0.9619645476341248;0.0;3.6903359844713712;0.8114143797257863;0.18858562027421366
1731803706.9104512;/app/bags/user95_2017-02-24.bag;0.834065854549408;0.0;0.9619645476341248;0.0;3.6903359844713712;0.8114143797257863;0.18858562027421366
1731803707.1104274;/app/bags/user95_2017-02-24.bag;0.834065854549408;0.0;0.9619645476341248;0.0;3.6903359844713712;0.8114143797257863;0.18858562027421366
1731803707.3103778;/app/bags/user95_2017-02-24.bag;0.834065854549408;0.0;0.9619645476341248;0.0;3.6903359844713712;0.8114143797257863;0.18858562027421366
1731803707.5104632;/app/bags/user95_2017-02-24.bag;0.834065854549408;0.0;0.9619645476341248;0.0;3.6903359844713712;0.8114143797257863;0.18858562027421366
1731803707.7104156;/app/bags/user95_2017-02-24.bag;0.834065854549408;0.0;0.9619645476341248;0.0;3.6903359844713712;0.8114143797257863;0.18858562027421366
1731803707.9103956;/app/bags/user95_2017-02-24.bag;0.834065854549408;0.0;0.9619645476341248;0.0;3.6903359844713712;0.8114143797257863;0.18858562027421366
1731803708.110403;/app/bags/user95_2017-02-24.bag;0.834065854549408;0.0;0.9619645476341248;0.0;3.6903359844713712;0.8114143797257863;0.18858562027421366
1731803708.3104148;/app/bags/user95_2017-02-24.bag;0.834065854549408;0.0;0.9619645476341248;0.0;3.6903359844713712;0.8114143797257863;0.18858562027421366
1731803708.5103686;/app/bags/user95_2017-02-24.bag;0.834065854549408;0.0;0.9619645476341248;0.0;3.6903359844713712;0.8114143797257863;0.18858562027421366
1731803708.710419;/app/bags/user95_2017-02-24.bag;0.834065854549408;0.0;0.9619645476341248;0.0;3.6903359844713712;0.8114143797257863;0.18858562027421366
1731803708.9104059;/app/bags/user95_2017-02-24.bag;0.834065854549408;0.0;0.9619645476341248;0.0;3.6903359844713712;0.8114143797257863;0.18858562027421366
1731803709.1104639;/app/bags/user95_2017-02-24.bag;0.834065854549408;0.0;0.9619645476341248;0.0;3.6903359844713712;0.8114143797257863;0.18858562027421366
1731803709.3103962;/app/bags/user95_2017-02-24.bag;0.834065854549408;0.0;0.9619645476341248;0.0;3.6903359844713712;0.8114143797257863;0.18858562027421366
1731803709.5104184;/app/bags/user95_2017-02-24.bag;0.834065854549408;0.0;0.9619645476341248;0.0;3.6903359844713712;0.8114143797257863;0.18858562027421366
1731803709.7103589;/app/bags/user95_2017-02-24.bag;0.834065854549408;0.0;0.9619645476341248;0.0;3.6903359844713712;0.8114143797257863;0.18858562027421366
1731803709.9103804;/app/bags/user95_2017-02-24.bag;0.834065854549408;0.0;0.9619645476341248;0.0;3.6903359844713712;0.8114143797257863;0.18858562027421366
1731803710.1104736;/app/bags/user95_2017-02-24.bag;0.834065854549408;0.0;0.9619645476341248;0.0;3.6903359844713712;0.8114143797257863;0.18858562027421366
1731803710.3104005;/app/bags/user95_2017-02-24.bag;0.834065854549408;0.0;0.9619645476341248;0.0;3.6903359844713712;0.8114143797257863;0.18858562027421366
1731803710.5103998;/app/bags/user95_2017-02-24.bag;0.834065854549408;0.0;0.9619645476341248;0.0;3.6903359844713712;0.8114143797257863;0.18858562027421366
1731803710.7104094;/app/bags/user95_2017-02-24.bag;0.834065854549408;0.0;0.9619645476341248;0.0;3.6903359844713712;0.8114143797257863;0.18858562027421366
1731803710.9104064;/app/bags/user95_2017-02-24.bag;0.834065854549408;0.0;0.9619645476341248;0.0;3.6903359844713712;0.8114143797257863;0.18858562027421366
1731803711.1104019;/app/bags/user95_2017-02-24.bag;0.834065854549408;0.0;0.9619645476341248;0.0;3.6903359844713712;0.8114143797257863;0.18858562027421366
1731803711.3104074;/app/bags/user95_2017-02-24.bag;0.834065854549408;0.0;0.9619645476341248;0.0;3.6903359844713712;0.8114143797257863;0.18858562027421366
1731803711.5105233;/app/bags/user95_2017-02-24.bag;0.834065854549408;0.0;0.9619645476341248;0.0;3.6903359844713712;0.8114143797257863;0.18858562027421366
1731803711.7104177;/app/bags/user95_2017-02-24.bag;0.834065854549408;0.0;0.9619645476341248;0.0;3.6903359844713712;0.8114143797257863;0.18858562027421366
1731803711.9104054;/app/bags/user95_2017-02-24.bag;0.834065854549408;0.0;0.9619645476341248;0.0;3.6903359844713712;0.8114143797257863;0.18858562027421366
1731803712.110397;/app/bags/user95_2017-02-24.bag;0.834065854549408;0.0;0.9619645476341248;0.0;3.6903359844713712;0.8114143797257863;0.18858562027421366
1731803712.3104568;/app/bags/user95_2017-02-24.bag;0.834065854549408;0.0;0.9619645476341248;0.0;3.6903359844713712;0.8114143797257863;0.18858562027421366
1731803712.5103917;/app/bags/user95_2017-02-24.bag;0.834065854549408;0.0;0.9619645476341248;0.0;3.6903359844713712;0.8114143797257863;0.18858562027421366
1731803712.710371;/app/bags/user95_2017-02-24.bag;0.834065854549408;0.0;0.9619645476341248;0.0;3.6903359844713712;0.8114143797257863;0.18858562027421366
1731803712.9103537;/app/bags/user95_2017-02-24.bag;0.834065854549408;0.0;0.9619645476341248;0.0;3.6903359844713712;0.8114143797257863;0.18858562027421366
1731803713.1104078;/app/bags/user95_2017-02-24.bag;0.834065854549408;0.0;0.9619645476341248;0.0;3.6903359844713712;0.8114143797257863;0.18858562027421366
1731803713.3104813;/app/bags/user95_2017-02-24.bag;0.834065854549408;0.0;0.9619645476341248;0.0;3.6903359844713712;0.8114143797257863;0.18858562027421366
1731803713.5103774;/app/bags/user95_2017-02-24.bag;0.834065854549408;0.0;0.9619645476341248;0.0;3.6903359844713712;0.8114143797257863;0.18858562027421366
1731803713.7104042;/app/bags/user95_2017-02-24.bag;0.834065854549408;0.0;0.9619645476341248;0.0;3.6903359844713712;0.8114143797257863;0.18858562027421366
1731803713.9104314;/app/bags/user95_2017-02-24.bag;0.834065854549408;0.0;0.9619645476341248;0.0;3.6903359844713712;0.8114143797257863;0.18858562027421366
1731803714.1103752;/app/bags/user95_2017-02-24.bag;0.834065854549408;0.0;0.9619645476341248;0.0;3.6903359844713712;0.8114143797257863;0.18858562027421366
1731803714.3105772;/app/bags/user95_2017-02-24.bag;0.834065854549408;0.0;0.9619645476341248;0.0;3.6903359844713712;0.8114143797257863;0.18858562027421366
1731803714.510397;/app/bags/user95_2017-02-24.bag;0.834065854549408;0.0;0.9619645476341248;0.0;3.6903359844713712;0.8114143797257863;0.18858562027421366
1731803714.7104669;/app/bags/user95_2017-02-24.bag;0.834065854549408;0.0;0.9619645476341248;0.0;3.6903359844713712;0.8114143797257863;0.18858562027421366
1731803714.910361;/app/bags/user95_2017-02-24.bag;0.834065854549408;0.0;0.9619645476341248;0.0;3.6903359844713712;0.8114143797257863;0.18858562027421366
1731803715.1104078;/app/bags/user95_2017-02-24.bag;0.834065854549408;0.0;0.9619645476341248;0.0;3.6903359844713712;0.8114143797257863;0.18858562027421366
1731803715.3104482;/app/bags/user95_2017-02-24.bag;0.834065854549408;0.0;0.9619645476341248;0.0;3.6903359844713712;0.8114143797257863;0.18858562027421366
1731803715.5103617;/app/bags/user95_2017-02-24.bag;0.834065854549408;0.0;0.9619645476341248;0.0;3.6903359844713712;0.8114143797257863;0.18858562027421366
1731803715.7103753;/app/bags/user95_2017-02-24.bag;0.834065854549408;0.0;0.9619645476341248;0.0;3.6903359844713712;0.8114143797257863;0.18858562027421366
1731803715.910396;/app/bags/user95_2017-02-24.bag;0.834065854549408;0.0;0.9619645476341248;0.0;3.6903359844713712;0.8114143797257863;0.18858562027421366
1731803716.1103997;/app/bags/user95_2017-02-24.bag;0.834065854549408;0.0;0.9619645476341248;0.0;3.6903359844713712;0.8114143797257863;0.18858562027421366
1731803716.3103836;/app/bags/user95_2017-02-24.bag;0.834065854549408;0.0;0.9619645476341248;0.0;3.6903359844713712;0.8114143797257863;0.18858562027421366
1731803716.5103664;/app/bags/user95_2017-02-24.bag;0.834065854549408;0.0;0.9619645476341248;0.0;3.6903359844713712;0.8114143797257863;0.18858562027421366
1731803716.7104177;/app/bags/user95_2017-02-24.bag;0.834065854549408;0.0;0.9619645476341248;0.0;3.6903359844713712;0.8114143797257863;0.18858562027421366
1731803716.9103954;/app/bags/user95_2017-02-24.bag;0.834065854549408;0.0;0.9619645476341248;0.0;3.6903359844713712;0.8114143797257863;0.18858562027421366
1731803717.1103773;/app/bags/user95_2017-02-24.bag;0.834065854549408;0.0;0.9619645476341248;0.0;3.6903359844713712;0.8114143797257863;0.18858562027421366
1731803717.3103476;/app/bags/user95_2017-02-24.bag;0.834065854549408;0.0;0.9619645476341248;0.0;3.6903359844713712;0.8114143797257863;0.18858562027421366
1731803717.5104167;/app/bags/user95_2017-02-24.bag;0.834065854549408;0.0;0.9619645476341248;0.0;3.6903359844713712;0.8114143797257863;0.18858562027421366
1731803717.7104197;/app/bags/user95_2017-02-24.bag;0.834065854549408;0.0;0.9619645476341248;0.0;3.6903359844713712;0.8114143797257863;0.18858562027421366
1731803717.9104233;/app/bags/user95_2017-02-24.bag;0.834065854549408;0.0;0.9619645476341248;0.0;2.6795707480621864;0.44242944379134674;0.5575705562086533
1731803718.1103814;/app/bags/user95_2017-02-24.bag;0.834065854549408;0.0;0.9619645476341248;0.0;2.6795707480621864;0.44242944379134674;0.5575705562086533
1731803718.3104126;/app/bags/user95_2017-02-24.bag;0.834065854549408;0.0;0.9619645476341248;0.0;2.6795707480621864;0.44242944379134674;0.5575705562086533
1731803718.5104485;/app/bags/user95_2017-02-24.bag;0.834065854549408;0.0;0.9619645476341248;0.0;2.6795707480621864;0.44242944379134674;0.5575705562086533
1731803718.7105138;/app/bags/user95_2017-02-24.bag;0.834065854549408;0.0;0.9619645476341248;0.0;2.6795707480621864;0.44242944379134674;0.5575705562086533
1731803718.9104757;/app/bags/user95_2017-02-24.bag;0.834065854549408;0.0;0.9619645476341248;0.0;2.6795707480621864;0.44242944379134674;0.5575705562086533
1731803719.110391;/app/bags/user95_2017-02-24.bag;0.834065854549408;0.0;0.9619645476341248;0.0;2.6795707480621864;0.44242944379134674;0.5575705562086533
1731803719.310427;/app/bags/user95_2017-02-24.bag;0.834065854549408;0.0;0.9619645476341248;0.0;2.6795707480621864;0.44242944379134674;0.5575705562086533
1731803719.5104055;/app/bags/user95_2017-02-24.bag;0.834065854549408;0.0;0.9619645476341248;0.0;2.6795707480621864;0.44242944379134674;0.5575705562086533
1731803719.7104008;/app/bags/user95_2017-02-24.bag;0.834065854549408;0.0;0.9619645476341248;0.0;2.6795707480621864;0.44242944379134674;0.5575705562086533
1731803719.9104016;/app/bags/user95_2017-02-24.bag;0.834065854549408;0.0;0.9619645476341248;0.0;2.6795707480621864;0.44242944379134674;0.5575705562086533
1731803720.1104662;/app/bags/user95_2017-02-24.bag;0.834065854549408;0.0;0.9619645476341248;0.0;2.6795707480621864;0.44242944379134674;0.5575705562086533
1731803720.3103771;/app/bags/user95_2017-02-24.bag;0.834065854549408;0.0;0.9619645476341248;0.0;2.6795707480621864;0.44242944379134674;0.5575705562086533
1731803720.5103838;/app/bags/user95_2017-02-24.bag;0.834065854549408;0.0;0.9619645476341248;0.0;2.6795707480621864;0.44242944379134674;0.5575705562086533
1731803720.7103953;/app/bags/user95_2017-02-24.bag;0.834065854549408;0.0;0.9619645476341248;0.0;2.6795707480621864;0.44242944379134674;0.5575705562086533
1731803720.9103785;/app/bags/user95_2017-02-24.bag;0.834065854549408;0.0;0.9619645476341248;0.0;2.6795707480621864;0.44242944379134674;0.5575705562086533
1731803721.1103818;/app/bags/user95_2017-02-24.bag;0.834065854549408;0.0;0.9619645476341248;0.0;2.6795707480621864;0.44242944379134674;0.5575705562086533
1731803721.310495;/app/bags/user95_2017-02-24.bag;0.834065854549408;0.0;0.9619645476341248;0.0;2.6795707480621864;0.44242944379134674;0.5575705562086533
1731803721.5104163;/app/bags/user95_2017-02-24.bag;0.834065854549408;0.0;0.9619645476341248;0.0;2.6795707480621864;0.44242944379134674;0.5575705562086533
1731803721.710435;/app/bags/user95_2017-02-24.bag;0.834065854549408;0.0;0.9619645476341248;0.0;2.6795707480621864;0.44242944379134674;0.5575705562086533
1731803721.9104486;/app/bags/user95_2017-02-24.bag;0.834065854549408;0.0;0.9619645476341248;0.0;2.6795707480621864;0.44242944379134674;0.5575705562086533
1731803722.110475;/app/bags/user95_2017-02-24.bag;0.834065854549408;0.0;0.9619645476341248;0.0;2.6795707480621864;0.44242944379134674;0.5575705562086533
1731803722.3103957;/app/bags/user95_2017-02-24.bag;0.834065854549408;0.0;0.9619645476341248;0.0;2.6795707480621864;0.44242944379134674;0.5575705562086533
1731803722.5103967;/app/bags/user95_2017-02-24.bag;0.834065854549408;0.0;0.9619645476341248;0.0;2.6795707480621864;0.44242944379134674;0.5575705562086533
1731803722.710428;/app/bags/user95_2017-02-24.bag;0.834065854549408;0.0;0.9619645476341248;0.0;2.6795707480621864;0.44242944379134674;0.5575705562086533
1731803722.9106092;/app/bags/user95_2017-02-24.bag;0.834065854549408;0.0;0.9619645476341248;0.0;2.6795707480621864;0.44242944379134674;0.5575705562086533
1731803723.1104236;/app/bags/user95_2017-02-24.bag;0.834065854549408;0.0;0.9619645476341248;0.0;2.6795707480621864;0.44242944379134674;0.5575705562086533
1731803723.310434;/app/bags/user95_2017-02-24.bag;0.834065854549408;0.0;0.9619645476341248;0.0;2.6795707480621864;0.44242944379134674;0.5575705562086533
1731803723.5103993;/app/bags/user95_2017-02-24.bag;0.834065854549408;0.0;0.9619645476341248;0.0;2.6795707480621864;0.44242944379134674;0.5575705562086533
1731803723.710404;/app/bags/user95_2017-02-24.bag;0.834065854549408;0.0;0.9619645476341248;0.0;2.6795707480621864;0.44242944379134674;0.5575705562086533
1731803723.9103904;/app/bags/user95_2017-02-24.bag;0.834065854549408;0.0;0.9619645476341248;0.0;2.6795707480621864;0.44242944379134674;0.5575705562086533
1731803724.1103637;/app/bags/user95_2017-02-24.bag;0.834065854549408;0.0;0.9619645476341248;0.0;2.6795707480621864;0.44242944379134674;0.5575705562086533
1731803724.3104029;/app/bags/user95_2017-02-24.bag;0.834065854549408;0.0;0.9619645476341248;0.0;2.6795707480621864;0.44242944379134674;0.5575705562086533
1731803724.510386;/app/bags/user95_2017-02-24.bag;0.834065854549408;0.0;0.9619645476341248;0.0;2.6795707480621864;0.44242944379134674;0.5575705562086533
1731803724.7104292;/app/bags/user95_2017-02-24.bag;0.834065854549408;0.0;0.9619645476341248;0.0;2.6795707480621864;0.44242944379134674;0.5575705562086533
1731803724.9104033;/app/bags/user95_2017-02-24.bag;0.834065854549408;0.0;0.9619645476341248;0.0;2.6795707480621864;0.44242944379134674;0.5575705562086533
1731803725.1103747;/app/bags/user95_2017-02-24.bag;0.834065854549408;0.0;0.9619645476341248;0.0;2.6795707480621864;0.44242944379134674;0.5575705562086533
1731803725.3103902;/app/bags/user95_2017-02-24.bag;0.834065854549408;0.0;0.9619645476341248;0.0;2.6795707480621864;0.44242944379134674;0.5575705562086533
1731803725.5104008;/app/bags/user95_2017-02-24.bag;0.834065854549408;0.0;0.9619645476341248;0.0;2.6795707480621864;0.44242944379134674;0.5575705562086533
1731803725.7103958;/app/bags/user95_2017-02-24.bag;0.834065854549408;0.0;0.9619645476341248;0.0;2.6795707480621864;0.44242944379134674;0.5575705562086533
1731803725.910356;/app/bags/user95_2017-02-24.bag;0.834065854549408;0.0;0.9619645476341248;0.0;2.6795707480621864;0.44242944379134674;0.5575705562086533
1731803726.1103938;/app/bags/user95_2017-02-24.bag;0.834065854549408;0.0;0.9619645476341248;0.0;2.6795707480621864;0.44242944379134674;0.5575705562086533
1731803726.3103812;/app/bags/user95_2017-02-24.bag;0.834065854549408;0.0;0.9619645476341248;0.0;2.6795707480621864;0.44242944379134674;0.5575705562086533
1731803726.510504;/app/bags/user95_2017-02-24.bag;0.834065854549408;0.0;0.9619645476341248;0.0;2.6795707480621864;0.44242944379134674;0.5575705562086533
1731803726.710404;/app/bags/user95_2017-02-24.bag;0.834065854549408;0.0;0.9619645476341248;0.0;2.6795707480621864;0.44242944379134674;0.5575705562086533
1731803726.9103768;/app/bags/user95_2017-02-24.bag;0.834065854549408;0.0;0.9619645476341248;0.0;2.6795707480621864;0.44242944379134674;0.5575705562086533
1731803727.1104026;/app/bags/user95_2017-02-24.bag;0.834065854549408;0.0;0.9619645476341248;0.0;2.6795707480621864;0.44242944379134674;0.5575705562086533
1731803727.3104675;/app/bags/user95_2017-02-24.bag;0.834065854549408;0.0;0.9619645476341248;0.0;2.6795707480621864;0.44242944379134674;0.5575705562086533
1731803727.5103912;/app/bags/user95_2017-02-24.bag;0.834065854549408;0.0;0.9619645476341248;0.0;2.6795707480621864;0.44242944379134674;0.5575705562086533
1731803727.7103865;/app/bags/user95_2017-02-24.bag;0.834065854549408;0.0;0.9619645476341248;0.0;2.6795707480621864;0.44242944379134674;0.5575705562086533
1731803727.91046;/app/bags/user95_2017-02-24.bag;0.834065854549408;0.0;0.9619645476341248;0.0;2.6795707480621864;0.44242944379134674;0.5575705562086533
1731803728.1104279;/app/bags/user95_2017-02-24.bag;0.834065854549408;0.0;0.9619645476341248;0.0;2.6795707480621864;0.44242944379134674;0.5575705562086533
1731803728.3104243;/app/bags/user95_2017-02-24.bag;0.834065854549408;0.0;0.9619645476341248;0.0;2.6795707480621864;0.44242944379134674;0.5575705562086533
1731803728.5104005;/app/bags/user95_2017-02-24.bag;0.834065854549408;0.0;0.9619645476341248;0.0;2.6795707480621864;0.44242944379134674;0.5575705562086533
1731803728.7104332;/app/bags/user95_2017-02-24.bag;0.834065854549408;0.0;0.9619645476341248;0.0;2.6795707480621864;0.44242944379134674;0.5575705562086533
1731803728.9104207;/app/bags/user95_2017-02-24.bag;0.834065854549408;0.0;0.9619645476341248;0.0;2.6795707480621864;0.44242944379134674;0.5575705562086533
1731803729.110409;/app/bags/user95_2017-02-24.bag;0.834065854549408;0.0;0.9619645476341248;0.0;2.6795707480621864;0.44242944379134674;0.5575705562086533
1731803729.310416;/app/bags/user95_2017-02-24.bag;0.834065854549408;0.0;0.9619645476341248;0.0;2.6795707480621864;0.44242944379134674;0.5575705562086533
1731803729.5104008;/app/bags/user95_2017-02-24.bag;0.834065854549408;0.0;0.9619645476341248;0.0;2.6795707480621864;0.44242944379134674;0.5575705562086533
1731803729.7105587;/app/bags/user95_2017-02-24.bag;0.834065854549408;0.0;0.9619645476341248;0.0;2.6795707480621864;0.44242944379134674;0.5575705562086533
1731803729.9104855;/app/bags/user95_2017-02-24.bag;0.834065854549408;0.0;0.9619645476341248;0.0;2.6795707480621864;0.44242944379134674;0.5575705562086533
1731803730.110387;/app/bags/user95_2017-02-24.bag;0.834065854549408;0.0;0.9619645476341248;0.0;2.6795707480621864;0.44242944379134674;0.5575705562086533
1731803730.3103766;/app/bags/user95_2017-02-24.bag;0.834065854549408;0.0;0.9619645476341248;0.0;2.6795707480621864;0.44242944379134674;0.5575705562086533
1731803730.51041;/app/bags/user95_2017-02-24.bag;0.834065854549408;0.0;0.9619645476341248;0.0;2.6795707480621864;0.44242944379134674;0.5575705562086533
1731803730.7103887;/app/bags/user95_2017-02-24.bag;0.834065854549408;0.0;0.9619645476341248;0.0;2.6795707480621864;0.44242944379134674;0.5575705562086533
1731803730.9103532;/app/bags/user95_2017-02-24.bag;0.834065854549408;0.0;0.9619645476341248;0.0;2.6795707480621864;0.44242944379134674;0.5575705562086533
1731803731.1103885;/app/bags/user95_2017-02-24.bag;0.834065854549408;0.0;0.9619645476341248;0.0;2.6795707480621864;0.44242944379134674;0.5575705562086533
1731803731.310473;/app/bags/user95_2017-02-24.bag;0.834065854549408;0.0;0.9619645476341248;0.0;2.6795707480621864;0.44242944379134674;0.5575705562086533
1731803731.5104086;/app/bags/user95_2017-02-24.bag;0.834065854549408;0.0;0.9619645476341248;0.0;2.6795707480621864;0.44242944379134674;0.5575705562086533
1731803731.7104237;/app/bags/user95_2017-02-24.bag;0.834065854549408;0.0;0.9619645476341248;0.0;2.6795707480621864;0.44242944379134674;0.5575705562086533
1731803731.9104102;/app/bags/user95_2017-02-24.bag;0.834065854549408;0.0;0.9619645476341248;0.0;2.6795707480621864;0.44242944379134674;0.5575705562086533
1731803732.1103952;/app/bags/user95_2017-02-24.bag;0.834065854549408;0.0;0.9619645476341248;0.0;2.6795707480621864;0.44242944379134674;0.5575705562086533
1731803732.3104794;/app/bags/user95_2017-02-24.bag;0.834065854549408;0.0;0.9619645476341248;0.0;2.6795707480621864;0.44242944379134674;0.5575705562086533
1731803732.5104449;/app/bags/user95_2017-02-24.bag;0.834065854549408;0.0;0.9619645476341248;0.0;2.6795707480621864;0.44242944379134674;0.5575705562086533
1731803732.7104065;/app/bags/user95_2017-02-24.bag;0.834065854549408;0.0;0.9619645476341248;0.0;2.6795707480621864;0.44242944379134674;0.5575705562086533
1731803732.9104028;/app/bags/user95_2017-02-24.bag;0.834065854549408;0.0;0.9619645476341248;0.0;2.6795707480621864;0.44242944379134674;0.5575705562086533
1731803733.1104019;/app/bags/user95_2017-02-24.bag;0.834065854549408;0.0;0.9619645476341248;0.0;2.6795707480621864;0.44242944379134674;0.5575705562086533
1731803733.3103626;/app/bags/user95_2017-02-24.bag;0.834065854549408;0.0;0.9619645476341248;0.0;2.6795707480621864;0.44242944379134674;0.5575705562086533
1731803733.5104365;/app/bags/user95_2017-02-24.bag;0.834065854549408;0.0;0.9619645476341248;0.0;2.6795707480621864;0.44242944379134674;0.5575705562086533
1731803733.7104268;/app/bags/user95_2017-02-24.bag;0.834065854549408;0.0;0.9619645476341248;0.0;2.6795707480621864;0.44242944379134674;0.5575705562086533
1731803733.9104216;/app/bags/user95_2017-02-24.bag;0.834065854549408;0.0;0.9619645476341248;0.0;2.6795707480621864;0.44242944379134674;0.5575705562086533
1731803734.110405;/app/bags/user95_2017-02-24.bag;0.834065854549408;0.0;0.9619645476341248;0.0;2.6795707480621864;0.44242944379134674;0.5575705562086533
1731803734.3104565;/app/bags/user95_2017-02-24.bag;0.834065854549408;0.0;0.9619645476341248;0.0;2.6795707480621864;0.44242944379134674;0.5575705562086533
1731803734.5103464;/app/bags/user95_2017-02-24.bag;0.834065854549408;0.0;0.9619645476341248;0.0;2.6795707480621864;0.44242944379134674;0.5575705562086533
1731803734.7104127;/app/bags/user95_2017-02-24.bag;0.834065854549408;0.0;0.9619645476341248;0.0;2.6795707480621864;0.44242944379134674;0.5575705562086533
1731803734.9103608;/app/bags/user95_2017-02-24.bag;0.834065854549408;0.0;0.9619645476341248;0.0;2.6795707480621864;0.44242944379134674;0.5575705562086533
1731803735.110432;/app/bags/user95_2017-02-24.bag;0.834065854549408;0.0;0.9619645476341248;0.0;2.6795707480621864;0.44242944379134674;0.5575705562086533
1731803735.3105175;/app/bags/user95_2017-02-24.bag;0.834065854549408;0.0;0.9619645476341248;0.0;2.6795707480621864;0.44242944379134674;0.5575705562086533
1731803735.5103848;/app/bags/user95_2017-02-24.bag;0.834065854549408;0.0;0.9619645476341248;0.0;2.6795707480621864;0.44242944379134674;0.5575705562086533
1731803735.7103868;/app/bags/user95_2017-02-24.bag;0.834065854549408;0.0;0.9619645476341248;0.0;2.6795707480621864;0.44242944379134674;0.5575705562086533
1731803735.9104016;/app/bags/user95_2017-02-24.bag;0.834065854549408;0.0;0.9619645476341248;0.0;2.6795707480621864;0.44242944379134674;0.5575705562086533
1731803736.110387;/app/bags/user95_2017-02-24.bag;0.834065854549408;0.0;0.9619645476341248;0.0;2.6795707480621864;0.44242944379134674;0.5575705562086533
1731803736.3103905;/app/bags/user95_2017-02-24.bag;0.834065854549408;0.0;0.9619645476341248;0.0;2.6795707480621864;0.44242944379134674;0.5575705562086533
1731803736.5104039;/app/bags/user95_2017-02-24.bag;0.834065854549408;0.0;0.9619645476341248;0.0;2.6795707480621864;0.44242944379134674;0.5575705562086533
1731803736.7103724;/app/bags/user95_2017-02-24.bag;0.834065854549408;0.0;0.9619645476341248;0.0;2.6795707480621864;0.44242944379134674;0.5575705562086533
1731803736.910385;/app/bags/user95_2017-02-24.bag;0.834065854549408;0.0;0.9619645476341248;0.0;2.6795707480621864;0.44242944379134674;0.5575705562086533
1731803737.110464;/app/bags/user95_2017-02-24.bag;0.834065854549408;0.0;0.9619645476341248;0.0;2.6795707480621864;0.44242944379134674;0.5575705562086533
1731803737.3104253;/app/bags/user95_2017-02-24.bag;0.834065854549408;0.0;0.9619645476341248;0.0;2.6795707480621864;0.44242944379134674;0.5575705562086533
1731803737.510379;/app/bags/user95_2017-02-24.bag;0.834065854549408;0.0;0.9619645476341248;0.0;2.6795707480621864;0.44242944379134674;0.5575705562086533
1731803737.7103763;/app/bags/user95_2017-02-24.bag;0.834065854549408;0.0;0.9619645476341248;0.0;2.6795707480621864;0.44242944379134674;0.5575705562086533
1731803737.9103844;/app/bags/user95_2017-02-24.bag;0.834065854549408;0.0;0.9619645476341248;0.0;2.6795707480621864;0.44242944379134674;0.5575705562086533
1731803738.1104028;/app/bags/user95_2017-02-24.bag;0.834065854549408;0.0;0.9619645476341248;0.0;2.6795707480621864;0.44242944379134674;0.5575705562086533
1731803738.3104131;/app/bags/user95_2017-02-24.bag;0.834065854549408;0.0;0.9619645476341248;0.0;2.6795707480621864;0.44242944379134674;0.5575705562086533
1731803738.5104218;/app/bags/user95_2017-02-24.bag;0.834065854549408;0.0;0.9619645476341248;0.0;2.6795707480621864;0.44242944379134674;0.5575705562086533
1731803738.7104027;/app/bags/user95_2017-02-24.bag;0.834065854549408;0.0;0.9619645476341248;0.0;2.6795707480621864;0.44242944379134674;0.5575705562086533
1731803738.9104443;/app/bags/user95_2017-02-24.bag;0.834065854549408;0.0;0.9619645476341248;0.0;2.6795707480621864;0.44242944379134674;0.5575705562086533
1731803739.1103919;/app/bags/user95_2017-02-24.bag;0.834065854549408;0.0;0.9619645476341248;0.0;2.6795707480621864;0.44242944379134674;0.5575705562086533
1731803739.310433;/app/bags/user95_2017-02-24.bag;0.834065854549408;0.0;0.9619645476341248;0.0;2.6795707480621864;0.44242944379134674;0.5575705562086533
1731803739.5104105;/app/bags/user95_2017-02-24.bag;0.834065854549408;0.0;0.9619645476341248;0.0;2.6795707480621864;0.44242944379134674;0.5575705562086533
1731803739.7104025;/app/bags/user95_2017-02-24.bag;0.834065854549408;0.0;0.9619645476341248;0.0;2.6795707480621864;0.44242944379134674;0.5575705562086533
1731803739.9103618;/app/bags/user95_2017-02-24.bag;0.834065854549408;0.0;0.9619645476341248;0.0;2.6795707480621864;0.44242944379134674;0.5575705562086533
1731803740.1103818;/app/bags/user95_2017-02-24.bag;0.834065854549408;0.0;0.9619645476341248;0.0;2.6795707480621864;0.44242944379134674;0.5575705562086533
1731803740.3104396;/app/bags/user95_2017-02-24.bag;0.834065854549408;0.0;0.9619645476341248;0.0;2.6795707480621864;0.44242944379134674;0.5575705562086533
1731803740.5103965;/app/bags/user95_2017-02-24.bag;0.834065854549408;0.0;0.9619645476341248;0.0;2.6795707480621864;0.44242944379134674;0.5575705562086533
1731803740.710391;/app/bags/user95_2017-02-24.bag;0.834065854549408;0.0;0.9619645476341248;0.0;2.6795707480621864;0.44242944379134674;0.5575705562086533
1731803740.910395;/app/bags/user95_2017-02-24.bag;0.834065854549408;0.0;0.9619645476341248;0.0;2.6795707480621864;0.44242944379134674;0.5575705562086533
1731803741.1103673;/app/bags/user95_2017-02-24.bag;0.834065854549408;0.0;0.9619645476341248;0.0;2.6795707480621864;0.44242944379134674;0.5575705562086533
1731803741.3104086;/app/bags/user95_2017-02-24.bag;0.834065854549408;0.0;0.9619645476341248;0.0;2.6795707480621864;0.44242944379134674;0.5575705562086533
1731803741.5105603;/app/bags/user95_2017-02-24.bag;0.834065854549408;0.0;0.9619645476341248;0.0;2.6795707480621864;0.44242944379134674;0.5575705562086533
1731803741.710363;/app/bags/user95_2017-02-24.bag;0.834065854549408;0.0;0.9619645476341248;0.0;2.6795707480621864;0.44242944379134674;0.5575705562086533
1731803741.9104657;/app/bags/user95_2017-02-24.bag;0.834065854549408;0.0;0.9619645476341248;0.0;2.6795707480621864;0.44242944379134674;0.5575705562086533
1731803742.1103578;/app/bags/user95_2017-02-24.bag;0.834065854549408;0.0;0.9619645476341248;0.0;2.6795707480621864;0.44242944379134674;0.5575705562086533
1731803742.3103938;/app/bags/user95_2017-02-24.bag;0.834065854549408;0.0;0.9619645476341248;0.0;2.6795707480621864;0.44242944379134674;0.5575705562086533
1731803742.5103714;/app/bags/user95_2017-02-24.bag;0.834065854549408;0.0;0.9619645476341248;0.0;2.6795707480621864;0.44242944379134674;0.5575705562086533
1731803742.7104843;/app/bags/user95_2017-02-24.bag;0.834065854549408;0.0;0.9619645476341248;0.0;2.6795707480621864;0.44242944379134674;0.5575705562086533
1731803742.9103947;/app/bags/user95_2017-02-24.bag;0.834065854549408;0.0;0.9619645476341248;0.0;2.6795707480621864;0.44242944379134674;0.5575705562086533
1731803743.1104274;/app/bags/user95_2017-02-24.bag;0.834065854549408;0.0;0.9619645476341248;0.0;2.6795707480621864;0.44242944379134674;0.5575705562086533
1731803743.3105435;/app/bags/user95_2017-02-24.bag;0.834065854549408;0.0;0.9619645476341248;0.0;2.6795707480621864;0.44242944379134674;0.5575705562086533
1731803743.5104825;/app/bags/user95_2017-02-24.bag;0.834065854549408;0.0;0.9619645476341248;0.0;2.6795707480621864;0.44242944379134674;0.5575705562086533
1731803743.7104204;/app/bags/user95_2017-02-24.bag;0.834065854549408;0.0;0.9619645476341248;0.0;2.6795707480621864;0.44242944379134674;0.5575705562086533
1731803743.9104602;/app/bags/user95_2017-02-24.bag;0.834065854549408;0.0;0.9619645476341248;0.0;2.6795707480621864;0.44242944379134674;0.5575705562086533
1731803744.1104507;/app/bags/user95_2017-02-24.bag;0.834065854549408;0.0;0.9619645476341248;0.0;2.6795707480621864;0.44242944379134674;0.5575705562086533
1731803744.3104074;/app/bags/user95_2017-02-24.bag;0.834065854549408;0.0;0.9619645476341248;0.0;2.6795707480621864;0.44242944379134674;0.5575705562086533
1731803744.5104015;/app/bags/user95_2017-02-24.bag;0.834065854549408;0.0;0.9619645476341248;0.0;2.6795707480621864;0.44242944379134674;0.5575705562086533
1731803744.7104495;/app/bags/user95_2017-02-24.bag;0.834065854549408;0.0;0.9619645476341248;0.0;2.6795707480621864;0.44242944379134674;0.5575705562086533
1731803744.910417;/app/bags/user95_2017-02-24.bag;0.834065854549408;0.0;0.9619645476341248;0.0;2.6795707480621864;0.44242944379134674;0.5575705562086533
1731803745.110416;/app/bags/user95_2017-02-24.bag;0.834065854549408;0.0;0.9619645476341248;0.0;2.6795707480621864;0.44242944379134674;0.5575705562086533
1731803745.3104243;/app/bags/user95_2017-02-24.bag;0.834065854549408;0.0;0.9619645476341248;0.0;2.6795707480621864;0.44242944379134674;0.5575705562086533
1731803745.510389;/app/bags/user95_2017-02-24.bag;0.834065854549408;0.0;0.9619645476341248;0.0;2.6795707480621864;0.44242944379134674;0.5575705562086533
1731803745.7103965;/app/bags/user95_2017-02-24.bag;0.834065854549408;0.0;0.9619645476341248;0.0;2.6795707480621864;0.44242944379134674;0.5575705562086533
1731803745.9104507;/app/bags/user95_2017-02-24.bag;0.834065854549408;0.0;0.9619645476341248;0.0;2.6795707480621864;0.44242944379134674;0.5575705562086533
1731803746.110441;/app/bags/user95_2017-02-24.bag;0.834065854549408;0.0;0.9619645476341248;0.0;2.6795707480621864;0.44242944379134674;0.5575705562086533
1731803746.3104131;/app/bags/user95_2017-02-24.bag;0.834065854549408;0.0;0.9619645476341248;0.0;2.6795707480621864;0.44242944379134674;0.5575705562086533
1731803746.5104575;/app/bags/user95_2017-02-24.bag;0.834065854549408;0.0;0.9619645476341248;0.0;2.6795707480621864;0.44242944379134674;0.5575705562086533
1731803746.7104406;/app/bags/user95_2017-02-24.bag;0.834065854549408;0.0;0.9619645476341248;0.0;2.6795707480621864;0.44242944379134674;0.5575705562086533
1731803746.910371;/app/bags/user95_2017-02-24.bag;0.834065854549408;0.0;0.9619645476341248;0.0;2.6795707480621864;0.44242944379134674;0.5575705562086533
1731803747.110402;/app/bags/user95_2017-02-24.bag;0.834065854549408;0.0;0.9619645476341248;0.0;2.6795707480621864;0.44242944379134674;0.5575705562086533
1731803747.3104427;/app/bags/user95_2017-02-24.bag;0.834065854549408;0.0;0.9619645476341248;0.0;2.6795707480621864;0.44242944379134674;0.5575705562086533
1731803747.510401;/app/bags/user95_2017-02-24.bag;0.834065854549408;0.0;0.9619645476341248;0.0;2.6795707480621864;0.44242944379134674;0.5575705562086533
1731803747.7104087;/app/bags/user95_2017-02-24.bag;0.834065854549408;0.0;0.9619645476341248;0.0;2.6795707480621864;0.44242944379134674;0.5575705562086533
1731803747.910432;/app/bags/user95_2017-02-24.bag;0.834065854549408;0.0;0.9619645476341248;0.0;2.6795707480621864;0.44242944379134674;0.5575705562086533
1731803748.1104798;/app/bags/user95_2017-02-24.bag;0.834065854549408;0.0;0.9619645476341248;0.0;2.6795707480621864;0.44242944379134674;0.5575705562086533
1731803748.3103952;/app/bags/user95_2017-02-24.bag;0.834065854549408;0.0;0.9619645476341248;0.0;2.6795707480621864;0.44242944379134674;0.5575705562086533
1731803748.5103986;/app/bags/user95_2017-02-24.bag;0.834065854549408;0.0;0.9619645476341248;0.0;2.6795707480621864;0.44242944379134674;0.5575705562086533
1731803748.7104;/app/bags/user95_2017-02-24.bag;0.834065854549408;0.0;0.9619645476341248;0.0;2.6795707480621864;0.44242944379134674;0.5575705562086533
1731803748.9104066;/app/bags/user95_2017-02-24.bag;0.834065854549408;0.0;0.9619645476341248;0.0;2.6795707480621864;0.44242944379134674;0.5575705562086533
1731803749.1105003;/app/bags/user95_2017-02-24.bag;0.834065854549408;0.0;0.9619645476341248;0.0;2.6795707480621864;0.44242944379134674;0.5575705562086533
1731803749.3103843;/app/bags/user95_2017-02-24.bag;0.834065854549408;0.0;0.9619645476341248;0.0;2.6795707480621864;0.44242944379134674;0.5575705562086533
1731803749.5103757;/app/bags/user95_2017-02-24.bag;0.834065854549408;0.0;0.9619645476341248;0.0;2.6795707480621864;0.44242944379134674;0.5575705562086533
1731803749.7103984;/app/bags/user95_2017-02-24.bag;0.834065854549408;0.0;0.9619645476341248;0.0;2.6795707480621864;0.44242944379134674;0.5575705562086533
1731803749.9103858;/app/bags/user95_2017-02-24.bag;0.834065854549408;0.0;0.9619645476341248;0.0;2.6795707480621864;0.44242944379134674;0.5575705562086533
1731803750.1104107;/app/bags/user95_2017-02-24.bag;0.834065854549408;0.0;0.9619645476341248;0.0;2.6795707480621864;0.44242944379134674;0.5575705562086533
1731803750.3103907;/app/bags/user95_2017-02-24.bag;0.834065854549408;0.0;0.9619645476341248;0.0;2.6795707480621864;0.44242944379134674;0.5575705562086533
1731803750.510987;/app/bags/user95_2017-02-24.bag;0.834065854549408;0.0;0.9619645476341248;0.0;2.6795707480621864;0.44242944379134674;0.5575705562086533
1731803750.7103646;/app/bags/user95_2017-02-24.bag;0.834065854549408;0.0;0.9619645476341248;0.0;2.6795707480621864;0.44242944379134674;0.5575705562086533
1731803750.9103808;/app/bags/user95_2017-02-24.bag;0.834065854549408;0.0;0.9619645476341248;0.0;2.6795707480621864;0.44242944379134674;0.5575705562086533
1731803751.1104805;/app/bags/user95_2017-02-24.bag;0.834065854549408;0.0;0.9619645476341248;0.0;2.6795707480621864;0.44242944379134674;0.5575705562086533
1731803751.3104384;/app/bags/user95_2017-02-24.bag;0.834065854549408;0.0;0.9619645476341248;0.0;2.6795707480621864;0.44242944379134674;0.5575705562086533
1731803751.5104527;/app/bags/user95_2017-02-24.bag;0.834065854549408;0.0;0.9619645476341248;0.0;2.6795707480621864;0.44242944379134674;0.5575705562086533
1731803751.7104256;/app/bags/user95_2017-02-24.bag;0.834065854549408;0.0;0.9619645476341248;0.0;2.6795707480621864;0.44242944379134674;0.5575705562086533
1731803751.9104176;/app/bags/user95_2017-02-24.bag;0.834065854549408;0.0;0.9619645476341248;0.0;2.6795707480621864;0.44242944379134674;0.5575705562086533
1731803752.1104708;/app/bags/user95_2017-02-24.bag;0.834065854549408;0.0;0.9619645476341248;0.0;2.6795707480621864;0.44242944379134674;0.5575705562086533
1731803752.310418;/app/bags/user95_2017-02-24.bag;0.834065854549408;0.0;0.9619645476341248;0.0;2.6795707480621864;0.44242944379134674;0.5575705562086533
1731803752.5105128;/app/bags/user95_2017-02-24.bag;0.834065854549408;0.0;0.9619645476341248;0.0;2.6795707480621864;0.44242944379134674;0.5575705562086533
1731803752.7104893;/app/bags/user95_2017-02-24.bag;0.834065854549408;0.0;0.9619645476341248;0.0;2.6795707480621864;0.44242944379134674;0.5575705562086533
1731803752.910466;/app/bags/user95_2017-02-24.bag;0.834065854549408;0.0;0.9619645476341248;0.0;2.6795707480621864;0.44242944379134674;0.5575705562086533
1731803753.1104088;/app/bags/user95_2017-02-24.bag;0.834065854549408;0.0;0.9619645476341248;0.0;2.6795707480621864;0.44242944379134674;0.5575705562086533
1731803753.3104038;/app/bags/user95_2017-02-24.bag;0.834065854549408;0.0;0.9619645476341248;0.0;2.6795707480621864;0.44242944379134674;0.5575705562086533
1731803753.510431;/app/bags/user95_2017-02-24.bag;0.834065854549408;0.0;0.9619645476341248;0.0;2.6795707480621864;0.44242944379134674;0.5575705562086533
1731803753.7104852;/app/bags/user95_2017-02-24.bag;0.834065854549408;0.0;0.9619645476341248;0.0;2.6795707480621864;0.44242944379134674;0.5575705562086533
1731803753.9103978;/app/bags/user95_2017-02-24.bag;0.834065854549408;0.0;0.9619645476341248;0.0;2.6795707480621864;0.44242944379134674;0.5575705562086533
1731803754.1104684;/app/bags/user95_2017-02-24.bag;0.834065854549408;0.0;0.9619645476341248;0.0;2.6795707480621864;0.44242944379134674;0.5575705562086533
1731803754.3104212;/app/bags/user95_2017-02-24.bag;0.834065854549408;0.0;0.9619645476341248;0.0;2.6795707480621864;0.44242944379134674;0.5575705562086533
1731803754.5103865;/app/bags/user95_2017-02-24.bag;0.834065854549408;0.0;0.9619645476341248;0.0;2.6795707480621864;0.44242944379134674;0.5575705562086533
1731803754.7104056;/app/bags/user95_2017-02-24.bag;0.834065854549408;0.0;0.9619645476341248;0.0;2.6795707480621864;0.44242944379134674;0.5575705562086533
1731803754.9104383;/app/bags/user95_2017-02-24.bag;0.834065854549408;0.0;0.9619645476341248;0.0;2.6795707480621864;0.44242944379134674;0.5575705562086533
1731803755.1104107;/app/bags/user95_2017-02-24.bag;0.834065854549408;0.0;0.9619645476341248;0.0;2.6795707480621864;0.44242944379134674;0.5575705562086533
1731803755.3103838;/app/bags/user95_2017-02-24.bag;0.834065854549408;0.0;0.9619645476341248;0.0;2.6795707480621864;0.44242944379134674;0.5575705562086533
1731803755.510415;/app/bags/user95_2017-02-24.bag;0.834065854549408;0.0;0.9619645476341248;0.0;2.6795707480621864;0.44242944379134674;0.5575705562086533
1731803755.710456;/app/bags/user95_2017-02-24.bag;0.834065854549408;0.0;0.9619645476341248;0.0;2.6795707480621864;0.44242944379134674;0.5575705562086533
1731803755.9104412;/app/bags/user95_2017-02-24.bag;0.834065854549408;0.0;0.9619645476341248;0.0;2.6795707480621864;0.44242944379134674;0.5575705562086533
1731803756.1104233;/app/bags/user95_2017-02-24.bag;0.834065854549408;0.0;0.9619645476341248;0.0;2.6795707480621864;0.44242944379134674;0.5575705562086533
1731803756.3103905;/app/bags/user95_2017-02-24.bag;0.834065854549408;0.0;0.9619645476341248;0.0;2.6795707480621864;0.44242944379134674;0.5575705562086533
1731803756.51039;/app/bags/user95_2017-02-24.bag;0.834065854549408;0.0;0.9619645476341248;0.0;2.6795707480621864;0.44242944379134674;0.5575705562086533
1731803756.7104506;/app/bags/user95_2017-02-24.bag;0.834065854549408;0.0;0.9619645476341248;0.0;2.6795707480621864;0.44242944379134674;0.5575705562086533
1731803756.9104223;/app/bags/user95_2017-02-24.bag;0.834065854549408;0.0;0.9619645476341248;0.0;2.6795707480621864;0.44242944379134674;0.5575705562086533
1731803757.1104276;/app/bags/user95_2017-02-24.bag;0.834065854549408;0.0;0.9619645476341248;0.0;2.6795707480621864;0.44242944379134674;0.5575705562086533
1731803757.310411;/app/bags/user95_2017-02-24.bag;0.834065854549408;0.0;0.9619645476341248;0.0;2.6795707480621864;0.44242944379134674;0.5575705562086533
1731803757.510439;/app/bags/user95_2017-02-24.bag;0.834065854549408;0.0;0.9619645476341248;0.0;2.6795707480621864;0.44242944379134674;0.5575705562086533
1731803757.7104008;/app/bags/user95_2017-02-24.bag;0.834065854549408;0.0;0.9619645476341248;0.0;2.6795707480621864;0.44242944379134674;0.5575705562086533
1731803757.9104156;/app/bags/user95_2017-02-24.bag;0.834065854549408;0.0;0.9619645476341248;0.0;2.6795707480621864;0.44242944379134674;0.5575705562086533
1731803758.1103916;/app/bags/user95_2017-02-24.bag;0.834065854549408;0.0;0.9619645476341248;0.0;2.6795707480621864;0.44242944379134674;0.5575705562086533
1731803758.3104382;/app/bags/user95_2017-02-24.bag;0.834065854549408;0.0;0.9619645476341248;0.0;2.6795707480621864;0.44242944379134674;0.5575705562086533
1731803758.5103965;/app/bags/user95_2017-02-24.bag;0.834065854549408;0.0;0.9619645476341248;0.0;2.6795707480621864;0.44242944379134674;0.5575705562086533
1731803758.7104037;/app/bags/user95_2017-02-24.bag;0.834065854549408;0.0;0.9619645476341248;0.0;2.6795707480621864;0.44242944379134674;0.5575705562086533
1731803758.9104636;/app/bags/user95_2017-02-24.bag;0.834065854549408;0.0;0.9619645476341248;0.0;2.6795707480621864;0.44242944379134674;0.5575705562086533
1731803759.110439;/app/bags/user95_2017-02-24.bag;0.834065854549408;0.0;0.9619645476341248;0.0;2.6795707480621864;0.44242944379134674;0.5575705562086533
1731803759.310434;/app/bags/user95_2017-02-24.bag;0.834065854549408;0.0;0.9619645476341248;0.0;2.6795707480621864;0.44242944379134674;0.5575705562086533
1731803759.5103967;/app/bags/user95_2017-02-24.bag;0.834065854549408;0.0;0.9619645476341248;0.0;2.6795707480621864;0.44242944379134674;0.5575705562086533
1731803759.7104027;/app/bags/user95_2017-02-24.bag;0.834065854549408;0.0;0.9619645476341248;0.0;2.6795707480621864;0.44242944379134674;0.5575705562086533
1731803759.9103656;/app/bags/user95_2017-02-24.bag;0.834065854549408;0.0;0.9619645476341248;0.0;2.6795707480621864;0.44242944379134674;0.5575705562086533
1731803760.1104689;/app/bags/user95_2017-02-24.bag;0.834065854549408;0.0;0.9619645476341248;0.0;2.6795707480621864;0.44242944379134674;0.5575705562086533
1731803760.3103907;/app/bags/user95_2017-02-24.bag;0.834065854549408;0.0;0.9619645476341248;0.0;2.6795707480621864;0.44242944379134674;0.5575705562086533
1731803760.5103996;/app/bags/user95_2017-02-24.bag;0.834065854549408;0.0;0.9619645476341248;0.0;2.6795707480621864;0.44242944379134674;0.5575705562086533
1731803760.7104099;/app/bags/user95_2017-02-24.bag;0.834065854549408;0.0;0.9619645476341248;0.0;2.6795707480621864;0.44242944379134674;0.5575705562086533
1731803760.9103594;/app/bags/user95_2017-02-24.bag;0.834065854549408;0.0;0.9619645476341248;0.0;2.6795707480621864;0.44242944379134674;0.5575705562086533
1731803761.1104333;/app/bags/user95_2017-02-24.bag;0.834065854549408;0.0;0.9619645476341248;0.0;2.6795707480621864;0.44242944379134674;0.5575705562086533
1731803761.3103523;/app/bags/user95_2017-02-24.bag;0.834065854549408;0.0;0.9619645476341248;0.0;2.6795707480621864;0.44242944379134674;0.5575705562086533
1731803761.5104704;/app/bags/user95_2017-02-24.bag;0.834065854549408;0.0;0.9619645476341248;0.0;2.6795707480621864;0.44242944379134674;0.5575705562086533
1731803761.710371;/app/bags/user95_2017-02-24.bag;0.834065854549408;0.0;0.9619645476341248;0.0;2.6795707480621864;0.44242944379134674;0.5575705562086533
1731803761.9103916;/app/bags/user95_2017-02-24.bag;0.834065854549408;0.0;0.9619645476341248;0.0;2.6795707480621864;0.44242944379134674;0.5575705562086533
1731803762.1104064;/app/bags/user95_2017-02-24.bag;0.834065854549408;0.0;0.9619645476341248;0.0;2.6795707480621864;0.44242944379134674;0.5575705562086533
1731803762.3104198;/app/bags/user95_2017-02-24.bag;0.834065854549408;0.0;0.9619645476341248;0.0;2.6795707480621864;0.44242944379134674;0.5575705562086533
1731803762.5104449;/app/bags/user95_2017-02-24.bag;0.834065854549408;0.0;0.9619645476341248;0.0;2.6795707480621864;0.44242944379134674;0.5575705562086533
1731803762.7104108;/app/bags/user95_2017-02-24.bag;0.834065854549408;0.0;0.9619645476341248;0.0;2.6795707480621864;0.44242944379134674;0.5575705562086533
1731803762.9103925;/app/bags/user95_2017-02-24.bag;0.834065854549408;0.0;0.9619645476341248;0.0;2.6795707480621864;0.44242944379134674;0.5575705562086533
1731803763.1103475;/app/bags/user95_2017-02-24.bag;0.834065854549408;0.0;0.9619645476341248;0.0;2.6795707480621864;0.44242944379134674;0.5575705562086533
1731803763.3103871;/app/bags/user95_2017-02-24.bag;0.834065854549408;0.0;0.9619645476341248;0.0;2.6795707480621864;0.44242944379134674;0.5575705562086533
1731803763.5103474;/app/bags/user95_2017-02-24.bag;0.834065854549408;0.0;0.9619645476341248;0.0;2.6795707480621864;0.44242944379134674;0.5575705562086533
1731803763.710387;/app/bags/user95_2017-02-24.bag;0.834065854549408;0.0;0.9619645476341248;0.0;2.6795707480621864;0.44242944379134674;0.5575705562086533
1731803763.910413;/app/bags/user95_2017-02-24.bag;0.834065854549408;0.0;0.9619645476341248;0.0;2.6795707480621864;0.44242944379134674;0.5575705562086533
1731803764.1104624;/app/bags/user95_2017-02-24.bag;0.834065854549408;0.0;0.9619645476341248;0.0;2.6795707480621864;0.44242944379134674;0.5575705562086533
1731803764.310389;/app/bags/user95_2017-02-24.bag;0.834065854549408;0.0;0.9619645476341248;0.0;2.6795707480621864;0.44242944379134674;0.5575705562086533
1731803764.5104074;/app/bags/user95_2017-02-24.bag;0.834065854549408;0.0;0.9619645476341248;0.0;2.6795707480621864;0.44242944379134674;0.5575705562086533
1731803764.7104251;/app/bags/user95_2017-02-24.bag;0.834065854549408;0.0;0.9619645476341248;0.0;2.6795707480621864;0.44242944379134674;0.5575705562086533
1731803764.910428;/app/bags/user95_2017-02-24.bag;0.834065854549408;0.0;0.9619645476341248;0.0;2.6795707480621864;0.44242944379134674;0.5575705562086533
1731803765.1104522;/app/bags/user95_2017-02-24.bag;0.834065854549408;0.0;0.9619645476341248;0.0;2.6795707480621864;0.44242944379134674;0.5575705562086533
1731803765.3103547;/app/bags/user95_2017-02-24.bag;0.834065854549408;0.0;0.9619645476341248;0.0;2.6795707480621864;0.44242944379134674;0.5575705562086533
1731803765.5104039;/app/bags/user95_2017-02-24.bag;0.834065854549408;0.0;0.9619645476341248;0.0;2.6795707480621864;0.44242944379134674;0.5575705562086533
1731803765.7104123;/app/bags/user95_2017-02-24.bag;0.834065854549408;0.0;0.9619645476341248;0.0;2.6795707480621864;0.44242944379134674;0.5575705562086533
1731803765.9103887;/app/bags/user95_2017-02-24.bag;0.834065854549408;0.0;0.9619645476341248;0.0;2.6795707480621864;0.44242944379134674;0.5575705562086533
1731803766.110445;/app/bags/user95_2017-02-24.bag;0.834065854549408;0.0;0.9619645476341248;0.0;2.6795707480621864;0.44242944379134674;0.5575705562086533
1731803766.3104002;/app/bags/user95_2017-02-24.bag;0.834065854549408;0.0;0.9619645476341248;0.0;2.6795707480621864;0.44242944379134674;0.5575705562086533
1731803766.5104017;/app/bags/user95_2017-02-24.bag;0.834065854549408;0.0;0.9619645476341248;0.0;2.6795707480621864;0.44242944379134674;0.5575705562086533
1731803766.7104392;/app/bags/user95_2017-02-24.bag;0.834065854549408;0.0;0.9619645476341248;0.0;2.6795707480621864;0.44242944379134674;0.5575705562086533
1731803766.9104671;/app/bags/user95_2017-02-24.bag;0.834065854549408;0.0;0.9619645476341248;0.0;2.6795707480621864;0.44242944379134674;0.5575705562086533
1731803767.1103997;/app/bags/user95_2017-02-24.bag;0.834065854549408;0.0;0.9619645476341248;0.0;2.6795707480621864;0.44242944379134674;0.5575705562086533
1731803767.3103597;/app/bags/user95_2017-02-24.bag;0.834065854549408;0.0;0.9619645476341248;0.0;2.6795707480621864;0.44242944379134674;0.5575705562086533
1731803767.5103984;/app/bags/user95_2017-02-24.bag;0.834065854549408;0.0;0.9619645476341248;0.0;2.6795707480621864;0.44242944379134674;0.5575705562086533
1731803767.7103884;/app/bags/user95_2017-02-24.bag;0.834065854549408;0.0;0.9619645476341248;0.0;2.6795707480621864;0.44242944379134674;0.5575705562086533
1731803767.9104714;/app/bags/user95_2017-02-24.bag;0.834065854549408;0.0;0.9619645476341248;0.0;2.6795707480621864;0.44242944379134674;0.5575705562086533
1731803768.1103854;/app/bags/user95_2017-02-24.bag;0.834065854549408;0.0;0.9619645476341248;0.0;2.6795707480621864;0.44242944379134674;0.5575705562086533
1731803768.3104277;/app/bags/user95_2017-02-24.bag;0.834065854549408;0.0;0.9619645476341248;0.0;2.6795707480621864;0.44242944379134674;0.5575705562086533
1731803768.5103877;/app/bags/user95_2017-02-24.bag;0.834065854549408;0.0;0.9619645476341248;0.0;2.6795707480621864;0.44242944379134674;0.5575705562086533
1731803768.7103915;/app/bags/user95_2017-02-24.bag;0.834065854549408;0.0;0.9619645476341248;0.0;2.6795707480621864;0.44242944379134674;0.5575705562086533
1731803768.910437;/app/bags/user95_2017-02-24.bag;0.834065854549408;0.0;0.9619645476341248;0.0;2.6795707480621864;0.44242944379134674;0.5575705562086533
1731803769.1104586;/app/bags/user95_2017-02-24.bag;0.834065854549408;0.0;0.9619645476341248;0.0;2.6795707480621864;0.44242944379134674;0.5575705562086533
1731803769.3104415;/app/bags/user95_2017-02-24.bag;0.834065854549408;0.0;0.9619645476341248;0.0;2.6795707480621864;0.44242944379134674;0.5575705562086533
1731803769.5104136;/app/bags/user95_2017-02-24.bag;0.834065854549408;0.0;0.9619645476341248;0.0;2.6795707480621864;0.44242944379134674;0.5575705562086533
1731803769.7104058;/app/bags/user95_2017-02-24.bag;0.834065854549408;0.0;0.9619645476341248;0.0;2.6795707480621864;0.44242944379134674;0.5575705562086533
1731803769.9104304;/app/bags/user95_2017-02-24.bag;0.834065854549408;0.0;0.9619645476341248;0.0;2.6795707480621864;0.44242944379134674;0.5575705562086533
1731803770.1103432;/app/bags/user95_2017-02-24.bag;0.834065854549408;0.0;0.9619645476341248;0.0;2.6795707480621864;0.44242944379134674;0.5575705562086533
1731803770.310387;/app/bags/user95_2017-02-24.bag;0.834065854549408;0.0;0.9619645476341248;0.0;2.6795707480621864;0.44242944379134674;0.5575705562086533
1731803770.5103745;/app/bags/user95_2017-02-24.bag;0.834065854549408;0.0;0.9619645476341248;0.0;2.6795707480621864;0.44242944379134674;0.5575705562086533
1731803770.7103796;/app/bags/user95_2017-02-24.bag;0.834065854549408;0.0;0.9619645476341248;0.0;2.6795707480621864;0.44242944379134674;0.5575705562086533
1731803770.9103675;/app/bags/user95_2017-02-24.bag;0.834065854549408;0.0;0.9619645476341248;0.0;2.6795707480621864;0.44242944379134674;0.5575705562086533
1731803771.1104789;/app/bags/user95_2017-02-24.bag;0.834065854549408;0.0;0.9619645476341248;0.0;2.6795707480621864;0.44242944379134674;0.5575705562086533
1731803771.3103886;/app/bags/user95_2017-02-24.bag;0.834065854549408;0.0;0.9619645476341248;0.0;2.6795707480621864;0.44242944379134674;0.5575705562086533
1731803771.5104494;/app/bags/user95_2017-02-24.bag;0.834065854549408;0.0;0.9619645476341248;0.0;2.6795707480621864;0.44242944379134674;0.5575705562086533
1731803771.710434;/app/bags/user95_2017-02-24.bag;0.834065854549408;0.0;0.9619645476341248;0.0;2.6795707480621864;0.44242944379134674;0.5575705562086533
1731803771.910413;/app/bags/user95_2017-02-24.bag;0.834065854549408;0.0;0.9619645476341248;0.0;2.6795707480621864;0.44242944379134674;0.5575705562086533
1731803772.1104424;/app/bags/user95_2017-02-24.bag;0.834065854549408;0.0;0.9619645476341248;0.0;2.6795707480621864;0.44242944379134674;0.5575705562086533
1731803772.3104005;/app/bags/user95_2017-02-24.bag;0.834065854549408;0.0;0.9619645476341248;0.0;2.6795707480621864;0.44242944379134674;0.5575705562086533
1731803772.5103893;/app/bags/user95_2017-02-24.bag;0.834065854549408;0.0;0.9619645476341248;0.0;2.6795707480621864;0.44242944379134674;0.5575705562086533
1731803772.710388;/app/bags/user95_2017-02-24.bag;0.834065854549408;0.0;0.9619645476341248;0.0;2.6795707480621864;0.44242944379134674;0.5575705562086533
1731803772.9104424;/app/bags/user95_2017-02-24.bag;0.834065854549408;0.0;0.9619645476341248;0.0;2.6795707480621864;0.44242944379134674;0.5575705562086533
1731803773.110382;/app/bags/user95_2017-02-24.bag;0.834065854549408;0.0;0.9619645476341248;0.0;2.6795707480621864;0.44242944379134674;0.5575705562086533
1731803773.3103786;/app/bags/user95_2017-02-24.bag;0.834065854549408;0.0;0.9619645476341248;0.0;2.6795707480621864;0.44242944379134674;0.5575705562086533
1731803773.5103893;/app/bags/user95_2017-02-24.bag;0.834065854549408;0.0;0.9619645476341248;0.0;2.6795707480621864;0.44242944379134674;0.5575705562086533
1731803773.7104;/app/bags/user95_2017-02-24.bag;0.834065854549408;0.0;0.9619645476341248;0.0;2.6795707480621864;0.44242944379134674;0.5575705562086533
1731803773.9104357;/app/bags/user95_2017-02-24.bag;0.834065854549408;0.0;0.9619645476341248;0.0;2.6795707480621864;0.44242944379134674;0.5575705562086533
1731803774.110379;/app/bags/user95_2017-02-24.bag;0.834065854549408;0.0;0.9619645476341248;0.0;2.6795707480621864;0.44242944379134674;0.5575705562086533
1731803774.3103812;/app/bags/user95_2017-02-24.bag;0.834065854549408;0.0;0.9619645476341248;0.0;2.6795707480621864;0.44242944379134674;0.5575705562086533
1731803774.51044;/app/bags/user95_2017-02-24.bag;0.834065854549408;0.0;0.9619645476341248;0.0;2.6795707480621864;0.44242944379134674;0.5575705562086533
1731803774.7104197;/app/bags/user95_2017-02-24.bag;0.834065854549408;0.0;0.9619645476341248;0.0;2.6795707480621864;0.44242944379134674;0.5575705562086533
1731803774.9103768;/app/bags/user95_2017-02-24.bag;0.834065854549408;0.0;0.9619645476341248;0.0;2.6795707480621864;0.44242944379134674;0.5575705562086533
1731803775.1103823;/app/bags/user95_2017-02-24.bag;0.834065854549408;0.0;0.9619645476341248;0.0;2.6795707480621864;0.44242944379134674;0.5575705562086533
1731803775.3103585;/app/bags/user95_2017-02-24.bag;0.834065854549408;0.0;0.9619645476341248;0.0;2.6795707480621864;0.44242944379134674;0.5575705562086533
1731803775.5103936;/app/bags/user95_2017-02-24.bag;0.834065854549408;0.0;0.9619645476341248;0.0;2.6795707480621864;0.44242944379134674;0.5575705562086533
1731803775.7104173;/app/bags/user95_2017-02-24.bag;0.834065854549408;0.0;0.9619645476341248;0.0;2.6795707480621864;0.44242944379134674;0.5575705562086533
1731803775.9104576;/app/bags/user95_2017-02-24.bag;0.834065854549408;0.0;0.9619645476341248;0.0;2.6795707480621864;0.44242944379134674;0.5575705562086533
1731803776.1103718;/app/bags/user95_2017-02-24.bag;0.834065854549408;0.0;0.9619645476341248;0.0;2.6795707480621864;0.44242944379134674;0.5575705562086533
1731803776.310435;/app/bags/user95_2017-02-24.bag;0.834065854549408;0.0;0.9619645476341248;0.0;2.6795707480621864;0.44242944379134674;0.5575705562086533
1731803776.5103981;/app/bags/user95_2017-02-24.bag;0.834065854549408;0.0;0.9619645476341248;0.0;2.6795707480621864;0.44242944379134674;0.5575705562086533
1731803776.710426;/app/bags/user95_2017-02-24.bag;0.834065854549408;0.0;0.9619645476341248;0.0;2.6795707480621864;0.44242944379134674;0.5575705562086533
1731803776.9105127;/app/bags/user95_2017-02-24.bag;0.834065854549408;0.0;0.9619645476341248;0.0;2.6795707480621864;0.44242944379134674;0.5575705562086533
1731803777.110393;/app/bags/user95_2017-02-24.bag;0.834065854549408;0.0;0.9619645476341248;0.0;2.6795707480621864;0.44242944379134674;0.5575705562086533
1731803777.3103933;/app/bags/user95_2017-02-24.bag;0.834065854549408;0.0;0.9619645476341248;0.0;2.6795707480621864;0.44242944379134674;0.5575705562086533
1731803777.510404;/app/bags/user95_2017-02-24.bag;0.834065854549408;0.0;0.9619645476341248;0.0;2.6795707480621864;0.44242944379134674;0.5575705562086533
1731803777.7104201;/app/bags/user95_2017-02-24.bag;0.834065854549408;0.0;0.9619645476341248;0.0;2.6795707480621864;0.44242944379134674;0.5575705562086533
1731803777.9103916;/app/bags/user95_2017-02-24.bag;0.834065854549408;0.0;0.9619645476341248;0.0;2.6795707480621864;0.44242944379134674;0.5575705562086533
1731803778.110391;/app/bags/user95_2017-02-24.bag;0.834065854549408;0.0;0.9619645476341248;0.0;2.6795707480621864;0.44242944379134674;0.5575705562086533
1731803778.310437;/app/bags/user95_2017-02-24.bag;0.834065854549408;0.0;0.9619645476341248;0.0;2.6795707480621864;0.44242944379134674;0.5575705562086533
1731803778.5104418;/app/bags/user95_2017-02-24.bag;0.834065854549408;0.0;0.9619645476341248;0.0;2.6795707480621864;0.44242944379134674;0.5575705562086533
1731803778.710436;/app/bags/user95_2017-02-24.bag;0.834065854549408;0.0;0.9619645476341248;0.0;2.6795707480621864;0.44242944379134674;0.5575705562086533
1731803778.9104154;/app/bags/user95_2017-02-24.bag;0.834065854549408;0.0;0.9619645476341248;0.0;2.6795707480621864;0.44242944379134674;0.5575705562086533
1731803779.1103785;/app/bags/user95_2017-02-24.bag;0.834065854549408;0.0;0.9619645476341248;0.0;2.6795707480621864;0.44242944379134674;0.5575705562086533
1731803779.310382;/app/bags/user95_2017-02-24.bag;0.834065854549408;0.0;0.9619645476341248;0.0;2.6795707480621864;0.44242944379134674;0.5575705562086533
1731803779.5104074;/app/bags/user95_2017-02-24.bag;0.834065854549408;0.0;0.9619645476341248;0.0;2.6795707480621864;0.44242944379134674;0.5575705562086533
1731803779.7104418;/app/bags/user95_2017-02-24.bag;0.834065854549408;0.0;0.9619645476341248;0.0;2.6795707480621864;0.44242944379134674;0.5575705562086533
1731803779.9103982;/app/bags/user95_2017-02-24.bag;0.834065854549408;0.0;0.9619645476341248;0.0;2.6795707480621864;0.44242944379134674;0.5575705562086533
1731803780.1103916;/app/bags/user95_2017-02-24.bag;0.834065854549408;0.0;0.9619645476341248;0.0;2.6795707480621864;0.44242944379134674;0.5575705562086533
1731803780.3104308;/app/bags/user95_2017-02-24.bag;0.834065854549408;0.0;0.9619645476341248;0.0;2.6795707480621864;0.44242944379134674;0.5575705562086533
1731803780.5103736;/app/bags/user95_2017-02-24.bag;0.834065854549408;0.0;0.9619645476341248;0.0;2.6795707480621864;0.44242944379134674;0.5575705562086533
1731803780.710411;/app/bags/user95_2017-02-24.bag;0.834065854549408;0.0;0.9619645476341248;0.0;2.6795707480621864;0.44242944379134674;0.5575705562086533
1731803780.9103673;/app/bags/user95_2017-02-24.bag;0.834065854549408;0.0;0.9619645476341248;0.0;2.6795707480621864;0.44242944379134674;0.5575705562086533
1731803781.110412;/app/bags/user95_2017-02-24.bag;0.834065854549408;0.0;0.9619645476341248;0.0;2.6795707480621864;0.44242944379134674;0.5575705562086533
1731803781.3104215;/app/bags/user95_2017-02-24.bag;0.834065854549408;0.0;0.9619645476341248;0.0;2.6795707480621864;0.44242944379134674;0.5575705562086533
1731803781.5104356;/app/bags/user95_2017-02-24.bag;0.834065854549408;0.0;0.9619645476341248;0.0;2.6795707480621864;0.44242944379134674;0.5575705562086533
1731803781.7104673;/app/bags/user95_2017-02-24.bag;0.834065854549408;0.0;0.9619645476341248;0.0;2.6795707480621864;0.44242944379134674;0.5575705562086533
1731803781.9104965;/app/bags/user95_2017-02-24.bag;0.834065854549408;0.0;0.9619645476341248;0.0;2.6795707480621864;0.44242944379134674;0.5575705562086533
1731803782.1104057;/app/bags/user95_2017-02-24.bag;0.834065854549408;0.0;0.9619645476341248;0.0;2.6795707480621864;0.44242944379134674;0.5575705562086533
1731803782.310405;/app/bags/user95_2017-02-24.bag;0.834065854549408;0.0;0.9619645476341248;0.0;2.6795707480621864;0.44242944379134674;0.5575705562086533
1731803782.510414;/app/bags/user95_2017-02-24.bag;0.834065854549408;0.0;0.9619645476341248;0.0;2.6795707480621864;0.44242944379134674;0.5575705562086533
1731803782.7103624;/app/bags/user95_2017-02-24.bag;0.834065854549408;0.0;0.9619645476341248;0.0;2.6795707480621864;0.44242944379134674;0.5575705562086533
1731803782.9104204;/app/bags/user95_2017-02-24.bag;0.834065854549408;0.0;0.9619645476341248;0.0;2.6795707480621864;0.44242944379134674;0.5575705562086533
1731803783.1104338;/app/bags/user95_2017-02-24.bag;0.834065854549408;0.0;0.9619645476341248;0.0;2.6795707480621864;0.44242944379134674;0.5575705562086533
1731803783.3104093;/app/bags/user95_2017-02-24.bag;0.834065854549408;0.0;0.9619645476341248;0.0;2.6795707480621864;0.44242944379134674;0.5575705562086533
1731803783.5104127;/app/bags/user95_2017-02-24.bag;0.834065854549408;0.0;0.9619645476341248;0.0;2.6795707480621864;0.44242944379134674;0.5575705562086533
1731803783.7103887;/app/bags/user95_2017-02-24.bag;0.834065854549408;0.0;0.9619645476341248;0.0;2.6795707480621864;0.44242944379134674;0.5575705562086533
1731803783.9104047;/app/bags/user95_2017-02-24.bag;0.834065854549408;0.0;0.9619645476341248;0.0;2.6795707480621864;0.44242944379134674;0.5575705562086533
1731803784.1104228;/app/bags/user95_2017-02-24.bag;0.834065854549408;0.0;0.9619645476341248;0.0;2.6795707480621864;0.44242944379134674;0.5575705562086533
1731803784.3103712;/app/bags/user95_2017-02-24.bag;0.834065854549408;0.0;0.9619645476341248;0.0;2.6795707480621864;0.44242944379134674;0.5575705562086533
1731803784.5103588;/app/bags/user95_2017-02-24.bag;0.834065854549408;0.0;0.9619645476341248;0.0;2.6795707480621864;0.44242944379134674;0.5575705562086533
1731803784.710422;/app/bags/user95_2017-02-24.bag;0.834065854549408;0.0;0.9619645476341248;0.0;2.6795707480621864;0.44242944379134674;0.5575705562086533
1731803784.9103575;/app/bags/user95_2017-02-24.bag;0.834065854549408;0.0;0.9619645476341248;0.0;2.6795707480621864;0.44242944379134674;0.5575705562086533
1731803785.110368;/app/bags/user95_2017-02-24.bag;0.834065854549408;0.0;0.9619645476341248;0.0;2.6795707480621864;0.44242944379134674;0.5575705562086533
1731803785.310526;/app/bags/user95_2017-02-24.bag;0.834065854549408;0.0;0.9619645476341248;0.0;2.6795707480621864;0.44242944379134674;0.5575705562086533
1731803785.5103934;/app/bags/user95_2017-02-24.bag;0.834065854549408;0.0;0.9619645476341248;0.0;2.6795707480621864;0.44242944379134674;0.5575705562086533
1731803785.710501;/app/bags/user95_2017-02-24.bag;0.834065854549408;0.0;0.9619645476341248;0.0;2.6795707480621864;0.44242944379134674;0.5575705562086533
1731803785.9103334;/app/bags/user95_2017-02-24.bag;0.834065854549408;0.0;0.9619645476341248;0.0;2.6795707480621864;0.44242944379134674;0.5575705562086533
1731803786.1104617;/app/bags/user95_2017-02-24.bag;0.834065854549408;0.0;0.9619645476341248;0.0;2.6795707480621864;0.44242944379134674;0.5575705562086533
1731803786.3104043;/app/bags/user95_2017-02-24.bag;0.834065854549408;0.0;0.9619645476341248;0.0;2.6795707480621864;0.44242944379134674;0.5575705562086533
1731803786.5104253;/app/bags/user95_2017-02-24.bag;0.834065854549408;0.0;0.9619645476341248;0.0;2.6795707480621864;0.44242944379134674;0.5575705562086533
1731803786.7103634;/app/bags/user95_2017-02-24.bag;0.834065854549408;0.0;0.9619645476341248;0.0;2.6795707480621864;0.44242944379134674;0.5575705562086533
1731803786.9103968;/app/bags/user95_2017-02-24.bag;0.834065854549408;0.0;0.9619645476341248;0.0;2.6795707480621864;0.44242944379134674;0.5575705562086533
1731803787.1104188;/app/bags/user95_2017-02-24.bag;0.834065854549408;0.0;0.9619645476341248;0.0;2.6795707480621864;0.44242944379134674;0.5575705562086533
1731803787.310398;/app/bags/user95_2017-02-24.bag;0.834065854549408;0.0;0.9619645476341248;0.0;2.6795707480621864;0.44242944379134674;0.5575705562086533
1731803787.510407;/app/bags/user95_2017-02-24.bag;0.834065854549408;0.0;0.9619645476341248;0.0;2.6795707480621864;0.44242944379134674;0.5575705562086533
1731803787.7104561;/app/bags/user95_2017-02-24.bag;0.834065854549408;0.0;0.9619645476341248;0.0;2.6795707480621864;0.44242944379134674;0.5575705562086533
1731803787.9103699;/app/bags/user95_2017-02-24.bag;0.834065854549408;0.0;0.9619645476341248;0.0;2.6795707480621864;0.44242944379134674;0.5575705562086533
1731803788.1104195;/app/bags/user95_2017-02-24.bag;0.834065854549408;0.0;0.9619645476341248;0.0;2.6795707480621864;0.44242944379134674;0.5575705562086533
1731803788.310377;/app/bags/user95_2017-02-24.bag;0.834065854549408;0.0;0.9619645476341248;0.0;2.6795707480621864;0.44242944379134674;0.5575705562086533
1731803788.5104055;/app/bags/user95_2017-02-24.bag;0.834065854549408;0.0;0.9619645476341248;0.0;2.6795707480621864;0.44242944379134674;0.5575705562086533
1731803788.710405;/app/bags/user95_2017-02-24.bag;0.834065854549408;0.0;0.9619645476341248;0.0;2.6795707480621864;0.44242944379134674;0.5575705562086533
1731803788.910452;/app/bags/user95_2017-02-24.bag;0.834065854549408;0.0;0.9619645476341248;0.0;2.6795707480621864;0.44242944379134674;0.5575705562086533
1731803789.1104364;/app/bags/user95_2017-02-24.bag;0.834065854549408;0.0;0.9619645476341248;0.0;2.6795707480621864;0.44242944379134674;0.5575705562086533
1731803789.310425;/app/bags/user95_2017-02-24.bag;0.834065854549408;0.0;0.9619645476341248;0.0;2.6795707480621864;0.44242944379134674;0.5575705562086533
1731803789.5103617;/app/bags/user95_2017-02-24.bag;0.834065854549408;0.0;0.9619645476341248;0.0;2.6795707480621864;0.44242944379134674;0.5575705562086533
1731803789.7104266;/app/bags/user95_2017-02-24.bag;0.834065854549408;0.0;0.9619645476341248;0.0;2.6795707480621864;0.44242944379134674;0.5575705562086533
1731803789.9104555;/app/bags/user95_2017-02-24.bag;0.834065854549408;0.0;0.9619645476341248;0.0;2.6795707480621864;0.44242944379134674;0.5575705562086533
1731803790.110402;/app/bags/user95_2017-02-24.bag;0.834065854549408;0.0;0.9619645476341248;0.0;2.6795707480621864;0.44242944379134674;0.5575705562086533
1731803790.310392;/app/bags/user95_2017-02-24.bag;0.834065854549408;0.0;0.9619645476341248;0.0;2.6795707480621864;0.44242944379134674;0.5575705562086533
1731803790.5103822;/app/bags/user95_2017-02-24.bag;0.834065854549408;0.0;0.9619645476341248;0.0;2.6795707480621864;0.44242944379134674;0.5575705562086533
1731803790.7104287;/app/bags/user95_2017-02-24.bag;0.834065854549408;0.0;0.9619645476341248;0.0;2.6795707480621864;0.44242944379134674;0.5575705562086533
1731803790.910395;/app/bags/user95_2017-02-24.bag;0.834065854549408;0.0;0.9619645476341248;0.0;2.6795707480621864;0.44242944379134674;0.5575705562086533
1731803791.1103761;/app/bags/user95_2017-02-24.bag;0.834065854549408;0.0;0.9619645476341248;0.0;2.6795707480621864;0.44242944379134674;0.5575705562086533
1731803791.3104968;/app/bags/user95_2017-02-24.bag;0.834065854549408;0.0;0.9619645476341248;0.0;2.6795707480621864;0.44242944379134674;0.5575705562086533
1731803791.510411;/app/bags/user95_2017-02-24.bag;0.834065854549408;0.0;0.9619645476341248;0.0;2.6795707480621864;0.44242944379134674;0.5575705562086533
1731803791.710387;/app/bags/user95_2017-02-24.bag;0.834065854549408;0.0;0.9619645476341248;0.0;2.6795707480621864;0.44242944379134674;0.5575705562086533
1731803791.9103856;/app/bags/user95_2017-02-24.bag;0.834065854549408;0.0;0.9619645476341248;0.0;2.6795707480621864;0.44242944379134674;0.5575705562086533
1731803792.1103833;/app/bags/user95_2017-02-24.bag;0.834065854549408;0.0;0.9619645476341248;0.0;2.6795707480621864;0.44242944379134674;0.5575705562086533
1731803792.3103926;/app/bags/user95_2017-02-24.bag;0.834065854549408;0.0;0.9619645476341248;0.0;2.6795707480621864;0.44242944379134674;0.5575705562086533
1731803792.5103862;/app/bags/user95_2017-02-24.bag;0.834065854549408;0.0;0.9619645476341248;0.0;2.6795707480621864;0.44242944379134674;0.5575705562086533
1731803792.7103934;/app/bags/user95_2017-02-24.bag;0.834065854549408;0.0;0.9619645476341248;0.0;2.6795707480621864;0.44242944379134674;0.5575705562086533
1731803792.9104211;/app/bags/user95_2017-02-24.bag;0.834065854549408;0.0;0.9619645476341248;0.0;2.6795707480621864;0.44242944379134674;0.5575705562086533
1731803793.1103866;/app/bags/user95_2017-02-24.bag;0.834065854549408;0.0;0.9619645476341248;0.0;2.6795707480621864;0.44242944379134674;0.5575705562086533
1731803793.3103926;/app/bags/user95_2017-02-24.bag;0.834065854549408;0.0;0.9619645476341248;0.0;2.6795707480621864;0.44242944379134674;0.5575705562086533
1731803793.5104785;/app/bags/user95_2017-02-24.bag;0.834065854549408;0.0;0.9619645476341248;0.0;2.6795707480621864;0.44242944379134674;0.5575705562086533
1731803793.710345;/app/bags/user95_2017-02-24.bag;0.834065854549408;0.0;0.9619645476341248;0.0;2.6795707480621864;0.44242944379134674;0.5575705562086533
1731803793.91038;/app/bags/user95_2017-02-24.bag;0.834065854549408;0.0;0.9619645476341248;0.0;2.6795707480621864;0.44242944379134674;0.5575705562086533
1731803794.1103673;/app/bags/user95_2017-02-24.bag;0.834065854549408;0.0;0.9619645476341248;0.0;2.6795707480621864;0.44242944379134674;0.5575705562086533
1731803794.3104093;/app/bags/user95_2017-02-24.bag;0.834065854549408;0.0;0.9619645476341248;0.0;2.6795707480621864;0.44242944379134674;0.5575705562086533
1731803794.5104396;/app/bags/user95_2017-02-24.bag;0.834065854549408;0.0;0.9619645476341248;0.0;2.6795707480621864;0.44242944379134674;0.5575705562086533
1731803794.7103965;/app/bags/user95_2017-02-24.bag;0.834065854549408;0.0;0.9619645476341248;0.0;2.6795707480621864;0.44242944379134674;0.5575705562086533
1731803794.9103997;/app/bags/user95_2017-02-24.bag;0.834065854549408;0.0;0.9619645476341248;0.0;2.6795707480621864;0.44242944379134674;0.5575705562086533
1731803795.110406;/app/bags/user95_2017-02-24.bag;0.834065854549408;0.0;0.9619645476341248;0.0;2.6795707480621864;0.44242944379134674;0.5575705562086533
1731803795.3103547;/app/bags/user95_2017-02-24.bag;0.834065854549408;0.0;0.9619645476341248;0.0;2.6795707480621864;0.44242944379134674;0.5575705562086533
1731803795.5104294;/app/bags/user95_2017-02-24.bag;0.834065854549408;0.0;0.9619645476341248;0.0;2.6795707480621864;0.44242944379134674;0.5575705562086533
1731803795.7103865;/app/bags/user95_2017-02-24.bag;0.834065854549408;0.0;0.9619645476341248;0.0;2.6795707480621864;0.44242944379134674;0.5575705562086533
1731803795.9106276;/app/bags/user95_2017-02-24.bag;0.834065854549408;0.0;0.9619645476341248;0.0;2.6795707480621864;0.44242944379134674;0.5575705562086533
1731803796.110362;/app/bags/user95_2017-02-24.bag;0.834065854549408;0.0;0.9619645476341248;0.0;2.6795707480621864;0.44242944379134674;0.5575705562086533
1731803796.310462;/app/bags/user95_2017-02-24.bag;0.834065854549408;0.0;0.9619645476341248;0.0;2.6795707480621864;0.44242944379134674;0.5575705562086533
1731803796.5103884;/app/bags/user95_2017-02-24.bag;0.834065854549408;0.0;0.9619645476341248;0.0;2.6795707480621864;0.44242944379134674;0.5575705562086533
1731803796.710413;/app/bags/user95_2017-02-24.bag;0.834065854549408;0.0;0.9619645476341248;0.0;2.6795707480621864;0.44242944379134674;0.5575705562086533
1731803796.910387;/app/bags/user95_2017-02-24.bag;0.834065854549408;0.0;0.9619645476341248;0.0;2.6795707480621864;0.44242944379134674;0.5575705562086533
1731803797.110405;/app/bags/user95_2017-02-24.bag;0.834065854549408;0.0;0.9619645476341248;0.0;2.6795707480621864;0.44242944379134674;0.5575705562086533
1731803797.310405;/app/bags/user95_2017-02-24.bag;0.834065854549408;0.0;0.9619645476341248;0.0;2.6795707480621864;0.44242944379134674;0.5575705562086533
1731803797.5103848;/app/bags/user95_2017-02-24.bag;0.834065854549408;0.0;0.9619645476341248;0.0;2.6795707480621864;0.44242944379134674;0.5575705562086533
1731803797.710454;/app/bags/user95_2017-02-24.bag;0.834065854549408;0.0;0.9619645476341248;0.0;2.6795707480621864;0.44242944379134674;0.5575705562086533
1731803797.9104729;/app/bags/user95_2017-02-24.bag;0.834065854549408;0.0;0.9619645476341248;0.0;2.6795707480621864;0.44242944379134674;0.5575705562086533
1731803798.110392;/app/bags/user95_2017-02-24.bag;0.834065854549408;0.0;0.9619645476341248;0.0;2.6795707480621864;0.44242944379134674;0.5575705562086533
1731803798.3104327;/app/bags/user95_2017-02-24.bag;0.834065854549408;0.0;0.9619645476341248;0.0;2.6795707480621864;0.44242944379134674;0.5575705562086533
1731803798.510398;/app/bags/user95_2017-02-24.bag;0.834065854549408;0.0;0.9619645476341248;0.0;2.6795707480621864;0.44242944379134674;0.5575705562086533
1731803798.7103815;/app/bags/user95_2017-02-24.bag;0.834065854549408;0.0;0.9619645476341248;0.0;2.6795707480621864;0.44242944379134674;0.5575705562086533
1731803798.9110892;/app/bags/user95_2017-02-24.bag;0.834065854549408;0.0;0.9619645476341248;0.0;2.6795707480621864;0.44242944379134674;0.5575705562086533
1731803799.1104069;/app/bags/user95_2017-02-24.bag;0.834065854549408;0.0;0.9619645476341248;0.0;2.6795707480621864;0.44242944379134674;0.5575705562086533
1731803799.31038;/app/bags/user95_2017-02-24.bag;0.834065854549408;0.0;0.9619645476341248;0.0;2.6795707480621864;0.44242944379134674;0.5575705562086533
1731803799.510387;/app/bags/user95_2017-02-24.bag;0.834065854549408;0.0;0.9619645476341248;0.0;2.6795707480621864;0.44242944379134674;0.5575705562086533
1731803799.710459;/app/bags/user95_2017-02-24.bag;0.834065854549408;0.0;0.9619645476341248;0.0;2.6795707480621864;0.44242944379134674;0.5575705562086533
1731803799.9104834;/app/bags/user95_2017-02-24.bag;0.834065854549408;0.0;0.9619645476341248;0.0;2.6795707480621864;0.44242944379134674;0.5575705562086533
1731803800.110368;/app/bags/user95_2017-02-24.bag;0.834065854549408;0.0;0.9619645476341248;0.0;2.6795707480621864;0.44242944379134674;0.5575705562086533
1731803800.3103888;/app/bags/user95_2017-02-24.bag;0.834065854549408;0.0;0.9619645476341248;0.0;2.6795707480621864;0.44242944379134674;0.5575705562086533
1731803800.510403;/app/bags/user95_2017-02-24.bag;0.834065854549408;0.0;0.9619645476341248;0.0;2.6795707480621864;0.44242944379134674;0.5575705562086533
1731803800.7104495;/app/bags/user95_2017-02-24.bag;0.834065854549408;0.0;0.9619645476341248;0.0;2.6795707480621864;0.44242944379134674;0.5575705562086533
1731803800.910415;/app/bags/user95_2017-02-24.bag;0.834065854549408;0.0;0.9619645476341248;0.0;2.6795707480621864;0.44242944379134674;0.5575705562086533
1731803801.110414;/app/bags/user95_2017-02-24.bag;0.834065854549408;0.0;0.9619645476341248;0.0;2.6795707480621864;0.44242944379134674;0.5575705562086533
1731803801.310455;/app/bags/user95_2017-02-24.bag;0.834065854549408;0.0;0.9619645476341248;0.0;2.6795707480621864;0.44242944379134674;0.5575705562086533
1731803801.5105338;/app/bags/user95_2017-02-24.bag;0.834065854549408;0.0;0.9619645476341248;0.0;2.6795707480621864;0.44242944379134674;0.5575705562086533
1731803801.7104313;/app/bags/user95_2017-02-24.bag;0.834065854549408;0.0;0.9619645476341248;0.0;2.6795707480621864;0.44242944379134674;0.5575705562086533
1731803801.9104042;/app/bags/user95_2017-02-24.bag;0.834065854549408;0.0;0.9619645476341248;0.0;2.6795707480621864;0.44242944379134674;0.5575705562086533
1731803802.1104035;/app/bags/user95_2017-02-24.bag;0.834065854549408;0.0;0.9619645476341248;0.0;2.6795707480621864;0.44242944379134674;0.5575705562086533
1731803802.3103898;/app/bags/user95_2017-02-24.bag;0.834065854549408;0.0;0.9619645476341248;0.0;2.6795707480621864;0.44242944379134674;0.5575705562086533
1731803802.5104272;/app/bags/user95_2017-02-24.bag;0.834065854549408;0.0;0.9619645476341248;0.0;2.6795707480621864;0.44242944379134674;0.5575705562086533
1731803802.7103915;/app/bags/user95_2017-02-24.bag;0.834065854549408;0.0;0.9619645476341248;0.0;2.6795707480621864;0.44242944379134674;0.5575705562086533
1731803802.9103916;/app/bags/user95_2017-02-24.bag;0.834065854549408;0.0;0.9619645476341248;0.0;2.6795707480621864;0.44242944379134674;0.5575705562086533
1731803803.1103685;/app/bags/user95_2017-02-24.bag;0.834065854549408;0.0;0.9619645476341248;0.0;2.6795707480621864;0.44242944379134674;0.5575705562086533
1731803803.3104928;/app/bags/user95_2017-02-24.bag;0.834065854549408;0.0;0.9619645476341248;0.0;2.6795707480621864;0.44242944379134674;0.5575705562086533
1731803803.510391;/app/bags/user95_2017-02-24.bag;0.834065854549408;0.0;0.9619645476341248;0.0;2.6795707480621864;0.44242944379134674;0.5575705562086533
1731803803.7104852;/app/bags/user95_2017-02-24.bag;0.834065854549408;0.0;0.9619645476341248;0.0;2.6795707480621864;0.44242944379134674;0.5575705562086533
1731803803.9104633;/app/bags/user95_2017-02-24.bag;0.834065854549408;0.0;0.9619645476341248;0.0;2.6795707480621864;0.44242944379134674;0.5575705562086533
1731803804.1104069;/app/bags/user95_2017-02-24.bag;0.834065854549408;0.0;0.9619645476341248;0.0;2.6795707480621864;0.44242944379134674;0.5575705562086533
1731803804.3104534;/app/bags/user95_2017-02-24.bag;0.834065854549408;0.0;0.9619645476341248;0.0;2.6795707480621864;0.44242944379134674;0.5575705562086533
1731803804.5104744;/app/bags/user95_2017-02-24.bag;0.834065854549408;0.0;0.9619645476341248;0.0;2.6795707480621864;0.44242944379134674;0.5575705562086533
1731803804.7104018;/app/bags/user95_2017-02-24.bag;0.834065854549408;0.0;0.9619645476341248;0.0;2.6795707480621864;0.44242944379134674;0.5575705562086533
1731803804.910346;/app/bags/user95_2017-02-24.bag;0.834065854549408;0.0;0.9619645476341248;0.0;2.6795707480621864;0.44242944379134674;0.5575705562086533
1731803805.1103773;/app/bags/user95_2017-02-24.bag;0.834065854549408;0.0;0.9619645476341248;0.0;2.6795707480621864;0.44242944379134674;0.5575705562086533
1731803805.3103943;/app/bags/user95_2017-02-24.bag;0.834065854549408;0.0;0.9619645476341248;0.0;2.6795707480621864;0.44242944379134674;0.5575705562086533
1731803805.5103781;/app/bags/user95_2017-02-24.bag;0.834065854549408;0.0;0.9619645476341248;0.0;2.6795707480621864;0.44242944379134674;0.5575705562086533
1731803805.7103884;/app/bags/user95_2017-02-24.bag;0.834065854549408;0.0;0.9619645476341248;0.0;2.6795707480621864;0.44242944379134674;0.5575705562086533
1731803805.910392;/app/bags/user95_2017-02-24.bag;0.834065854549408;0.0;0.9619645476341248;0.0;2.6795707480621864;0.44242944379134674;0.5575705562086533
1731803806.1103802;/app/bags/user95_2017-02-24.bag;0.834065854549408;0.0;0.9619645476341248;0.0;2.6795707480621864;0.44242944379134674;0.5575705562086533
1731803806.3103712;/app/bags/user95_2017-02-24.bag;0.834065854549408;0.0;0.9619645476341248;0.0;2.6795707480621864;0.44242944379134674;0.5575705562086533
1731803806.5104358;/app/bags/user95_2017-02-24.bag;0.834065854549408;0.0;0.9619645476341248;0.0;2.6795707480621864;0.44242944379134674;0.5575705562086533
1731803806.7104385;/app/bags/user95_2017-02-24.bag;0.834065854549408;0.0;0.9619645476341248;0.0;2.6795707480621864;0.44242944379134674;0.5575705562086533
1731803806.9103875;/app/bags/user95_2017-02-24.bag;0.834065854549408;0.0;0.9619645476341248;0.0;2.6795707480621864;0.44242944379134674;0.5575705562086533
1731803807.1103866;/app/bags/user95_2017-02-24.bag;0.834065854549408;0.0;0.9619645476341248;0.0;2.6795707480621864;0.44242944379134674;0.5575705562086533
1731803807.3104336;/app/bags/user95_2017-02-24.bag;0.834065854549408;0.0;0.9619645476341248;0.0;2.6795707480621864;0.44242944379134674;0.5575705562086533
1731803807.510457;/app/bags/user95_2017-02-24.bag;0.834065854549408;0.0;0.9619645476341248;0.0;2.6795707480621864;0.44242944379134674;0.5575705562086533
1731803807.710504;/app/bags/user95_2017-02-24.bag;0.834065854549408;0.0;0.9619645476341248;0.0;2.6795707480621864;0.44242944379134674;0.5575705562086533
1731803807.910406;/app/bags/user95_2017-02-24.bag;0.834065854549408;0.0;0.9619645476341248;0.0;2.6795707480621864;0.44242944379134674;0.5575705562086533
1731803808.1103835;/app/bags/user95_2017-02-24.bag;0.834065854549408;0.0;0.9619645476341248;0.0;2.6795707480621864;0.44242944379134674;0.5575705562086533
1731803808.3103964;/app/bags/user95_2017-02-24.bag;0.834065854549408;0.0;0.9619645476341248;0.0;2.6795707480621864;0.44242944379134674;0.5575705562086533
1731803808.5104413;/app/bags/user95_2017-02-24.bag;0.834065854549408;0.0;0.9619645476341248;0.0;2.6795707480621864;0.44242944379134674;0.5575705562086533
1731803808.7104561;/app/bags/user95_2017-02-24.bag;0.834065854549408;0.0;0.9619645476341248;0.0;2.6795707480621864;0.44242944379134674;0.5575705562086533
1731803808.910398;/app/bags/user95_2017-02-24.bag;0.834065854549408;0.0;0.9619645476341248;0.0;2.6795707480621864;0.44242944379134674;0.5575705562086533
1731803809.1104655;/app/bags/user95_2017-02-24.bag;0.834065854549408;0.0;0.9619645476341248;0.0;2.6795707480621864;0.44242944379134674;0.5575705562086533
1731803809.3104033;/app/bags/user95_2017-02-24.bag;0.834065854549408;0.0;0.9619645476341248;0.0;2.6795707480621864;0.44242944379134674;0.5575705562086533
1731803809.510377;/app/bags/user95_2017-02-24.bag;0.834065854549408;0.0;0.9619645476341248;0.0;2.6795707480621864;0.44242944379134674;0.5575705562086533
1731803809.7104023;/app/bags/user95_2017-02-24.bag;0.834065854549408;0.0;0.9619645476341248;0.0;2.6795707480621864;0.44242944379134674;0.5575705562086533
1731803809.9103744;/app/bags/user95_2017-02-24.bag;0.834065854549408;0.0;0.9619645476341248;0.0;2.6795707480621864;0.44242944379134674;0.5575705562086533
1731803810.1104608;/app/bags/user95_2017-02-24.bag;0.834065854549408;0.0;0.9619645476341248;0.0;2.6795707480621864;0.44242944379134674;0.5575705562086533
1731803810.3104146;/app/bags/user95_2017-02-24.bag;0.834065854549408;0.0;0.9619645476341248;0.0;2.6795707480621864;0.44242944379134674;0.5575705562086533
1731803810.5103934;/app/bags/user95_2017-02-24.bag;0.834065854549408;0.0;0.9619645476341248;0.0;2.6795707480621864;0.44242944379134674;0.5575705562086533
1731803810.7104607;/app/bags/user95_2017-02-24.bag;0.834065854549408;0.0;0.9619645476341248;0.0;2.6795707480621864;0.44242944379134674;0.5575705562086533
1731803810.910739;/app/bags/user95_2017-02-24.bag;0.834065854549408;0.0;0.9619645476341248;0.0;2.6795707480621864;0.44242944379134674;0.5575705562086533
1731803811.1105168;/app/bags/user95_2017-02-24.bag;0.834065854549408;0.0;0.9619645476341248;0.0;2.6795707480621864;0.44242944379134674;0.5575705562086533
1731803811.3103902;/app/bags/user95_2017-02-24.bag;0.834065854549408;0.0;0.9619645476341248;0.0;2.6795707480621864;0.44242944379134674;0.5575705562086533
1731803811.5103877;/app/bags/user95_2017-02-24.bag;0.834065854549408;0.0;0.9619645476341248;0.0;2.6795707480621864;0.44242944379134674;0.5575705562086533
1731803811.7103438;/app/bags/user95_2017-02-24.bag;0.834065854549408;0.0;0.9619645476341248;0.0;2.6795707480621864;0.44242944379134674;0.5575705562086533
1731803811.9103699;/app/bags/user95_2017-02-24.bag;0.834065854549408;0.0;0.9619645476341248;0.0;2.6795707480621864;0.44242944379134674;0.5575705562086533
1731803812.1103911;/app/bags/user95_2017-02-24.bag;0.834065854549408;0.0;0.9619645476341248;0.0;2.6795707480621864;0.44242944379134674;0.5575705562086533
1731803812.3104126;/app/bags/user95_2017-02-24.bag;0.834065854549408;0.0;0.9619645476341248;0.0;2.6795707480621864;0.44242944379134674;0.5575705562086533
1731803812.510396;/app/bags/user95_2017-02-24.bag;0.834065854549408;0.0;0.9619645476341248;0.0;2.6795707480621864;0.44242944379134674;0.5575705562086533
1731803812.71038;/app/bags/user95_2017-02-24.bag;0.834065854549408;0.0;0.9619645476341248;0.0;2.6795707480621864;0.44242944379134674;0.5575705562086533
1731803812.910371;/app/bags/user95_2017-02-24.bag;0.834065854549408;0.0;0.9619645476341248;0.0;2.6795707480621864;0.44242944379134674;0.5575705562086533
1731803813.1103976;/app/bags/user95_2017-02-24.bag;0.834065854549408;0.0;0.9619645476341248;0.0;2.6795707480621864;0.44242944379134674;0.5575705562086533
1731803813.310408;/app/bags/user95_2017-02-24.bag;0.834065854549408;0.0;0.9619645476341248;0.0;2.6795707480621864;0.44242944379134674;0.5575705562086533
1731803813.5104122;/app/bags/user95_2017-02-24.bag;0.834065854549408;0.0;0.9619645476341248;0.0;2.6795707480621864;0.44242944379134674;0.5575705562086533
1731803813.7104347;/app/bags/user95_2017-02-24.bag;0.834065854549408;0.0;0.9619645476341248;0.0;2.6795707480621864;0.44242944379134674;0.5575705562086533
1731803813.9105136;/app/bags/user95_2017-02-24.bag;0.834065854549408;0.0;0.9619645476341248;0.0;2.6795707480621864;0.44242944379134674;0.5575705562086533
1731803814.1104424;/app/bags/user95_2017-02-24.bag;0.834065854549408;0.0;0.9619645476341248;0.0;2.6795707480621864;0.44242944379134674;0.5575705562086533
1731803814.3104324;/app/bags/user95_2017-02-24.bag;0.834065854549408;0.0;0.9619645476341248;0.0;2.6795707480621864;0.44242944379134674;0.5575705562086533
1731803814.5103788;/app/bags/user95_2017-02-24.bag;0.834065854549408;0.0;0.9619645476341248;0.0;2.6795707480621864;0.44242944379134674;0.5575705562086533
1731803814.710401;/app/bags/user95_2017-02-24.bag;0.834065854549408;0.0;0.9619645476341248;0.0;2.6795707480621864;0.44242944379134674;0.5575705562086533
1731803814.9103813;/app/bags/user95_2017-02-24.bag;0.834065854549408;0.0;0.9619645476341248;0.0;2.6795707480621864;0.44242944379134674;0.5575705562086533
1731803815.1103966;/app/bags/user95_2017-02-24.bag;0.834065854549408;0.0;0.9619645476341248;0.0;2.6795707480621864;0.44242944379134674;0.5575705562086533
1731803815.3104017;/app/bags/user95_2017-02-24.bag;0.834065854549408;0.0;0.9619645476341248;0.0;2.6795707480621864;0.44242944379134674;0.5575705562086533
1731803815.510462;/app/bags/user95_2017-02-24.bag;0.834065854549408;0.0;0.9619645476341248;0.0;2.6795707480621864;0.44242944379134674;0.5575705562086533
1731803815.7103612;/app/bags/user95_2017-02-24.bag;0.834065854549408;0.0;0.9619645476341248;0.0;2.6795707480621864;0.44242944379134674;0.5575705562086533
1731803815.9104009;/app/bags/user95_2017-02-24.bag;0.834065854549408;0.0;0.9619645476341248;0.0;2.6795707480621864;0.44242944379134674;0.5575705562086533
1731803816.1104586;/app/bags/user95_2017-02-24.bag;0.834065854549408;0.0;0.9619645476341248;0.0;2.6795707480621864;0.44242944379134674;0.5575705562086533
1731803816.3104322;/app/bags/user95_2017-02-24.bag;0.834065854549408;0.0;0.9619645476341248;0.0;2.6795707480621864;0.44242944379134674;0.5575705562086533
1731803816.5103827;/app/bags/user95_2017-02-24.bag;0.834065854549408;0.0;0.9619645476341248;0.0;2.6795707480621864;0.44242944379134674;0.5575705562086533
1731803816.7103643;/app/bags/user95_2017-02-24.bag;0.834065854549408;0.0;0.9619645476341248;0.0;2.6795707480621864;0.44242944379134674;0.5575705562086533
1731803816.9104085;/app/bags/user95_2017-02-24.bag;0.834065854549408;0.0;0.9619645476341248;0.0;2.6795707480621864;0.44242944379134674;0.5575705562086533
1731803817.1104507;/app/bags/user95_2017-02-24.bag;0.834065854549408;0.0;0.9619645476341248;0.0;2.6795707480621864;0.44242944379134674;0.5575705562086533
1731803817.3104444;/app/bags/user95_2017-02-24.bag;0.834065854549408;0.0;0.9619645476341248;0.0;2.6795707480621864;0.44242944379134674;0.5575705562086533
1731803817.5105407;/app/bags/user95_2017-02-24.bag;0.834065854549408;0.0;0.9619645476341248;0.0;2.6795707480621864;0.44242944379134674;0.5575705562086533
1731803817.7103946;/app/bags/user95_2017-02-24.bag;0.834065854549408;0.0;0.9619645476341248;0.0;2.6795707480621864;0.44242944379134674;0.5575705562086533
1731803817.910396;/app/bags/user95_2017-02-24.bag;0.834065854549408;0.0;0.9619645476341248;0.0;2.6795707480621864;0.44242944379134674;0.5575705562086533
1731803818.1103895;/app/bags/user95_2017-02-24.bag;0.834065854549408;0.0;0.9619645476341248;0.0;2.6795707480621864;0.44242944379134674;0.5575705562086533
1731803818.3104146;/app/bags/user95_2017-02-24.bag;0.834065854549408;0.0;0.9619645476341248;0.0;2.6795707480621864;0.44242944379134674;0.5575705562086533
1731803818.510436;/app/bags/user95_2017-02-24.bag;0.834065854549408;0.0;0.9619645476341248;0.0;2.6795707480621864;0.44242944379134674;0.5575705562086533
1731803818.7104383;/app/bags/user95_2017-02-24.bag;0.834065854549408;0.0;0.9619645476341248;0.0;2.6795707480621864;0.44242944379134674;0.5575705562086533
1731803818.9103565;/app/bags/user95_2017-02-24.bag;0.834065854549408;0.0;0.9619645476341248;0.0;2.6795707480621864;0.44242944379134674;0.5575705562086533
1731803819.110444;/app/bags/user95_2017-02-24.bag;0.834065854549408;0.0;0.9619645476341248;0.0;2.6795707480621864;0.44242944379134674;0.5575705562086533
1731803819.3104231;/app/bags/user95_2017-02-24.bag;0.834065854549408;0.0;0.9619645476341248;0.0;2.6795707480621864;0.44242944379134674;0.5575705562086533
1731803819.5103862;/app/bags/user95_2017-02-24.bag;0.834065854549408;0.0;0.9619645476341248;0.0;2.6795707480621864;0.44242944379134674;0.5575705562086533
1731803819.7103972;/app/bags/user95_2017-02-24.bag;0.834065854549408;0.0;0.9619645476341248;0.0;2.6795707480621864;0.44242944379134674;0.5575705562086533
1731803819.91039;/app/bags/user95_2017-02-24.bag;0.834065854549408;0.0;0.9619645476341248;0.0;2.6795707480621864;0.44242944379134674;0.5575705562086533
1731803820.1103973;/app/bags/user95_2017-02-24.bag;0.834065854549408;0.0;0.9619645476341248;0.0;2.6795707480621864;0.44242944379134674;0.5575705562086533
1731803820.3103714;/app/bags/user95_2017-02-24.bag;0.834065854549408;0.0;0.9619645476341248;0.0;2.6795707480621864;0.44242944379134674;0.5575705562086533
1731803820.5103807;/app/bags/user95_2017-02-24.bag;0.834065854549408;0.0;0.9619645476341248;0.0;2.6795707480621864;0.44242944379134674;0.5575705562086533
1731803820.710378;/app/bags/user95_2017-02-24.bag;0.834065854549408;0.0;0.9619645476341248;0.0;2.6795707480621864;0.44242944379134674;0.5575705562086533
1731803820.9104338;/app/bags/user95_2017-02-24.bag;0.834065854549408;0.0;0.9619645476341248;0.0;2.6795707480621864;0.44242944379134674;0.5575705562086533
1731803821.1103766;/app/bags/user95_2017-02-24.bag;0.834065854549408;0.0;0.9619645476341248;0.0;2.6795707480621864;0.44242944379134674;0.5575705562086533
1731803821.3103807;/app/bags/user95_2017-02-24.bag;0.834065854549408;0.0;0.9619645476341248;0.0;2.6795707480621864;0.44242944379134674;0.5575705562086533
1731803821.5103834;/app/bags/user95_2017-02-24.bag;0.834065854549408;0.0;0.9619645476341248;0.0;2.6795707480621864;0.44242944379134674;0.5575705562086533
1731803821.7103734;/app/bags/user95_2017-02-24.bag;0.834065854549408;0.0;0.9619645476341248;0.0;2.6795707480621864;0.44242944379134674;0.5575705562086533
1731803821.910395;/app/bags/user95_2017-02-24.bag;0.834065854549408;0.0;0.9619645476341248;0.0;2.6795707480621864;0.44242944379134674;0.5575705562086533
1731803822.1103683;/app/bags/user95_2017-02-24.bag;0.834065854549408;0.0;0.9619645476341248;0.0;2.6795707480621864;0.44242944379134674;0.5575705562086533
1731803822.3103812;/app/bags/user95_2017-02-24.bag;0.834065854549408;0.0;0.9619645476341248;0.0;2.6795707480621864;0.44242944379134674;0.5575705562086533
1731803822.5104058;/app/bags/user95_2017-02-24.bag;0.834065854549408;0.0;0.9619645476341248;0.0;2.6795707480621864;0.44242944379134674;0.5575705562086533
1731803822.7104595;/app/bags/user95_2017-02-24.bag;0.834065854549408;0.0;0.9619645476341248;0.0;2.6795707480621864;0.44242944379134674;0.5575705562086533
1731803822.9104066;/app/bags/user95_2017-02-24.bag;0.834065854549408;0.0;0.9619645476341248;0.0;2.6795707480621864;0.44242944379134674;0.5575705562086533
1731803823.1103826;/app/bags/user95_2017-02-24.bag;0.834065854549408;0.0;0.9619645476341248;0.0;2.6795707480621864;0.44242944379134674;0.5575705562086533
1731803823.310387;/app/bags/user95_2017-02-24.bag;0.834065854549408;0.0;0.9619645476341248;0.0;2.6795707480621864;0.44242944379134674;0.5575705562086533
1731803823.5103831;/app/bags/user95_2017-02-24.bag;0.834065854549408;0.0;0.9619645476341248;0.0;2.6795707480621864;0.44242944379134674;0.5575705562086533
1731803823.7103941;/app/bags/user95_2017-02-24.bag;0.834065854549408;0.0;0.9619645476341248;0.0;2.6795707480621864;0.44242944379134674;0.5575705562086533
1731803823.9104447;/app/bags/user95_2017-02-24.bag;0.834065854549408;0.0;0.9619645476341248;0.0;2.6795707480621864;0.44242944379134674;0.5575705562086533
1731803824.1103997;/app/bags/user95_2017-02-24.bag;0.834065854549408;0.0;0.9619645476341248;0.0;2.6795707480621864;0.44242944379134674;0.5575705562086533
1731803824.3103971;/app/bags/user95_2017-02-24.bag;0.834065854549408;0.0;0.9619645476341248;0.0;2.6795707480621864;0.44242944379134674;0.5575705562086533
1731803824.510431;/app/bags/user95_2017-02-24.bag;0.834065854549408;0.0;0.9619645476341248;0.0;2.6795707480621864;0.44242944379134674;0.5575705562086533
1731803824.7103996;/app/bags/user95_2017-02-24.bag;0.834065854549408;0.0;0.9619645476341248;0.0;2.6795707480621864;0.44242944379134674;0.5575705562086533
1731803824.9103632;/app/bags/user95_2017-02-24.bag;0.834065854549408;0.0;0.9619645476341248;0.0;2.6795707480621864;0.44242944379134674;0.5575705562086533
1731803825.1104372;/app/bags/user95_2017-02-24.bag;0.834065854549408;0.0;0.9619645476341248;0.0;2.6795707480621864;0.44242944379134674;0.5575705562086533
1731803825.3103898;/app/bags/user95_2017-02-24.bag;0.834065854549408;0.0;0.9619645476341248;0.0;2.6795707480621864;0.44242944379134674;0.5575705562086533
1731803825.5104008;/app/bags/user95_2017-02-24.bag;0.834065854549408;0.0;0.9619645476341248;0.0;2.6795707480621864;0.44242944379134674;0.5575705562086533
1731803825.710449;/app/bags/user95_2017-02-24.bag;0.834065854549408;0.0;0.9619645476341248;0.0;2.6795707480621864;0.44242944379134674;0.5575705562086533
1731803825.9103472;/app/bags/user95_2017-02-24.bag;0.834065854549408;0.0;0.9619645476341248;0.0;2.6795707480621864;0.44242944379134674;0.5575705562086533
1731803826.1104841;/app/bags/user95_2017-02-24.bag;0.834065854549408;0.0;0.9619645476341248;0.0;2.6795707480621864;0.44242944379134674;0.5575705562086533
1731803826.3104026;/app/bags/user95_2017-02-24.bag;0.834065854549408;0.0;0.9619645476341248;0.0;2.6795707480621864;0.44242944379134674;0.5575705562086533
1731803826.5104156;/app/bags/user95_2017-02-24.bag;0.834065854549408;0.0;0.9619645476341248;0.0;2.6795707480621864;0.44242944379134674;0.5575705562086533
1731803826.7103624;/app/bags/user95_2017-02-24.bag;0.834065854549408;0.0;0.9619645476341248;0.0;2.6795707480621864;0.44242944379134674;0.5575705562086533
1731803826.9104009;/app/bags/user95_2017-02-24.bag;0.834065854549408;0.0;0.9619645476341248;0.0;2.6795707480621864;0.44242944379134674;0.5575705562086533
1731803827.1103957;/app/bags/user95_2017-02-24.bag;0.834065854549408;0.0;0.9619645476341248;0.0;2.6795707480621864;0.44242944379134674;0.5575705562086533
1731803827.310408;/app/bags/user95_2017-02-24.bag;0.834065854549408;0.0;0.9619645476341248;0.0;2.6795707480621864;0.44242944379134674;0.5575705562086533
1731803827.5105045;/app/bags/user95_2017-02-24.bag;0.834065854549408;0.0;0.9619645476341248;0.0;2.6795707480621864;0.44242944379134674;0.5575705562086533
1731803827.7103808;/app/bags/user95_2017-02-24.bag;0.834065854549408;0.0;0.9619645476341248;0.0;2.6795707480621864;0.44242944379134674;0.5575705562086533
1731803827.9104164;/app/bags/user95_2017-02-24.bag;0.834065854549408;0.0;0.9619645476341248;0.0;2.6795707480621864;0.44242944379134674;0.5575705562086533
1731803828.1104457;/app/bags/user95_2017-02-24.bag;0.834065854549408;0.0;0.9619645476341248;0.0;2.6795707480621864;0.44242944379134674;0.5575705562086533
1731803828.310437;/app/bags/user95_2017-02-24.bag;0.834065854549408;0.0;0.9619645476341248;0.0;2.6795707480621864;0.44242944379134674;0.5575705562086533
1731803828.5105667;/app/bags/user95_2017-02-24.bag;0.834065854549408;0.0;0.9619645476341248;0.0;2.6795707480621864;0.44242944379134674;0.5575705562086533
1731803828.7104387;/app/bags/user95_2017-02-24.bag;0.834065854549408;0.0;0.9619645476341248;0.0;2.6795707480621864;0.44242944379134674;0.5575705562086533
1731803828.9104087;/app/bags/user95_2017-02-24.bag;0.834065854549408;0.0;0.9619645476341248;0.0;2.6795707480621864;0.44242944379134674;0.5575705562086533
1731803829.1103861;/app/bags/user95_2017-02-24.bag;0.834065854549408;0.0;0.9619645476341248;0.0;2.6795707480621864;0.44242944379134674;0.5575705562086533
1731803829.3103764;/app/bags/user95_2017-02-24.bag;0.834065854549408;0.0;0.9619645476341248;0.0;2.6795707480621864;0.44242944379134674;0.5575705562086533
1731803829.5104017;/app/bags/user95_2017-02-24.bag;0.834065854549408;0.0;0.9619645476341248;0.0;2.6795707480621864;0.44242944379134674;0.5575705562086533
1731803829.7103884;/app/bags/user95_2017-02-24.bag;0.834065854549408;0.0;0.9619645476341248;0.0;2.6795707480621864;0.44242944379134674;0.5575705562086533
1731803829.9104478;/app/bags/user95_2017-02-24.bag;0.834065854549408;0.0;0.9619645476341248;0.0;2.6795707480621864;0.44242944379134674;0.5575705562086533
1731803830.1103628;/app/bags/user95_2017-02-24.bag;0.834065854549408;0.0;0.9619645476341248;0.0;2.6795707480621864;0.44242944379134674;0.5575705562086533
1731803830.3103857;/app/bags/user95_2017-02-24.bag;0.834065854549408;0.0;0.9619645476341248;0.0;2.6795707480621864;0.44242944379134674;0.5575705562086533
1731803830.5104115;/app/bags/user95_2017-02-24.bag;0.834065854549408;0.0;0.9619645476341248;0.0;2.6795707480621864;0.44242944379134674;0.5575705562086533
1731803830.710505;/app/bags/user95_2017-02-24.bag;0.834065854549408;0.0;0.9619645476341248;0.0;2.6795707480621864;0.44242944379134674;0.5575705562086533
1731803830.910344;/app/bags/user95_2017-02-24.bag;0.834065854549408;0.0;0.9619645476341248;0.0;2.6795707480621864;0.44242944379134674;0.5575705562086533
1731803831.1103647;/app/bags/user95_2017-02-24.bag;0.834065854549408;0.0;0.9619645476341248;0.0;2.6795707480621864;0.44242944379134674;0.5575705562086533
1731803831.3103917;/app/bags/user95_2017-02-24.bag;0.834065854549408;0.0;0.9619645476341248;0.0;2.6795707480621864;0.44242944379134674;0.5575705562086533
1731803831.5104349;/app/bags/user95_2017-02-24.bag;0.834065854549408;0.0;0.9619645476341248;0.0;2.6795707480621864;0.44242944379134674;0.5575705562086533
1731803831.7103667;/app/bags/user95_2017-02-24.bag;0.834065854549408;0.0;0.9619645476341248;0.0;2.6795707480621864;0.44242944379134674;0.5575705562086533
1731803831.9104466;/app/bags/user95_2017-02-24.bag;0.834065854549408;0.0;0.9619645476341248;0.0;2.6795707480621864;0.44242944379134674;0.5575705562086533
1731803832.11039;/app/bags/user95_2017-02-24.bag;0.834065854549408;0.0;0.9619645476341248;0.0;2.6795707480621864;0.44242944379134674;0.5575705562086533
1731803832.310443;/app/bags/user95_2017-02-24.bag;0.834065854549408;0.0;0.9619645476341248;0.0;2.6795707480621864;0.44242944379134674;0.5575705562086533
1731803832.5103889;/app/bags/user95_2017-02-24.bag;0.834065854549408;0.0;0.9619645476341248;0.0;2.6795707480621864;0.44242944379134674;0.5575705562086533
1731803832.7103786;/app/bags/user95_2017-02-24.bag;0.834065854549408;0.0;0.9619645476341248;0.0;2.6795707480621864;0.44242944379134674;0.5575705562086533
1731803832.910405;/app/bags/user95_2017-02-24.bag;0.834065854549408;0.0;0.9619645476341248;0.0;2.6795707480621864;0.44242944379134674;0.5575705562086533
1731803833.1104095;/app/bags/user95_2017-02-24.bag;0.834065854549408;0.0;0.9619645476341248;0.0;2.6795707480621864;0.44242944379134674;0.5575705562086533
1731803833.3103762;/app/bags/user95_2017-02-24.bag;0.834065854549408;0.0;0.9619645476341248;0.0;2.6795707480621864;0.44242944379134674;0.5575705562086533
1731803833.5103872;/app/bags/user95_2017-02-24.bag;0.834065854549408;0.0;0.9619645476341248;0.0;2.6795707480621864;0.44242944379134674;0.5575705562086533
1731803833.710395;/app/bags/user95_2017-02-24.bag;0.834065854549408;0.0;0.9619645476341248;0.0;2.6795707480621864;0.44242944379134674;0.5575705562086533
1731803833.9103994;/app/bags/user95_2017-02-24.bag;0.834065854549408;0.0;0.9619645476341248;0.0;2.6795707480621864;0.44242944379134674;0.5575705562086533
1731803834.1104145;/app/bags/user95_2017-02-24.bag;0.834065854549408;0.0;0.9619645476341248;0.0;2.6795707480621864;0.44242944379134674;0.5575705562086533
1731803834.310383;/app/bags/user95_2017-02-24.bag;0.834065854549408;0.0;0.9619645476341248;0.0;2.6795707480621864;0.44242944379134674;0.5575705562086533
1731803834.5104542;/app/bags/user95_2017-02-24.bag;0.834065854549408;0.0;0.9619645476341248;0.0;2.6795707480621864;0.44242944379134674;0.5575705562086533
1731803834.710381;/app/bags/user95_2017-02-24.bag;0.834065854549408;0.0;0.9619645476341248;0.0;2.6795707480621864;0.44242944379134674;0.5575705562086533
1731803834.9104767;/app/bags/user95_2017-02-24.bag;0.834065854549408;0.0;0.9619645476341248;0.0;2.6795707480621864;0.44242944379134674;0.5575705562086533
1731803835.1103632;/app/bags/user95_2017-02-24.bag;0.834065854549408;0.0;0.9619645476341248;0.0;2.6795707480621864;0.44242944379134674;0.5575705562086533
1731803835.3104;/app/bags/user95_2017-02-24.bag;0.834065854549408;0.0;0.9619645476341248;0.0;2.6795707480621864;0.44242944379134674;0.5575705562086533
1731803835.5103915;/app/bags/user95_2017-02-24.bag;0.834065854549408;0.0;0.9619645476341248;0.0;2.6795707480621864;0.44242944379134674;0.5575705562086533
1731803835.7104013;/app/bags/user95_2017-02-24.bag;0.834065854549408;0.0;0.9619645476341248;0.0;2.6795707480621864;0.44242944379134674;0.5575705562086533
1731803835.9104967;/app/bags/user95_2017-02-24.bag;0.834065854549408;0.0;0.9619645476341248;0.0;2.6795707480621864;0.44242944379134674;0.5575705562086533
1731803836.110479;/app/bags/user95_2017-02-24.bag;0.834065854549408;0.0;0.9619645476341248;0.0;2.6795707480621864;0.44242944379134674;0.5575705562086533
1731803836.3104239;/app/bags/user95_2017-02-24.bag;0.834065854549408;0.0;0.9619645476341248;0.0;2.6795707480621864;0.44242944379134674;0.5575705562086533
1731803836.5104194;/app/bags/user95_2017-02-24.bag;0.834065854549408;0.0;0.9619645476341248;0.0;2.6795707480621864;0.44242944379134674;0.5575705562086533
1731803836.710413;/app/bags/user95_2017-02-24.bag;0.834065854549408;0.0;0.9619645476341248;0.0;2.6795707480621864;0.44242944379134674;0.5575705562086533
1731803836.9104013;/app/bags/user95_2017-02-24.bag;0.834065854549408;0.0;0.9619645476341248;0.0;2.6795707480621864;0.44242944379134674;0.5575705562086533
1731803837.1104403;/app/bags/user95_2017-02-24.bag;0.834065854549408;0.0;0.9619645476341248;0.0;2.6795707480621864;0.44242944379134674;0.5575705562086533
1731803837.3103876;/app/bags/user95_2017-02-24.bag;0.834065854549408;0.0;0.9619645476341248;0.0;2.6795707480621864;0.44242944379134674;0.5575705562086533
1731803837.5104008;/app/bags/user95_2017-02-24.bag;0.834065854549408;0.0;0.9619645476341248;0.0;2.6795707480621864;0.44242944379134674;0.5575705562086533
1731803837.710369;/app/bags/user95_2017-02-24.bag;0.834065854549408;0.0;0.9619645476341248;0.0;2.6795707480621864;0.44242944379134674;0.5575705562086533
1731803837.9104347;/app/bags/user95_2017-02-24.bag;0.834065854549408;0.0;0.9619645476341248;0.0;2.6795707480621864;0.44242944379134674;0.5575705562086533
1731803838.1104496;/app/bags/user95_2017-02-24.bag;0.834065854549408;0.0;0.9619645476341248;0.0;2.6795707480621864;0.44242944379134674;0.5575705562086533
1731803838.3104184;/app/bags/user95_2017-02-24.bag;0.834065854549408;0.0;0.9619645476341248;0.0;2.6795707480621864;0.44242944379134674;0.5575705562086533
1731803838.5104523;/app/bags/user95_2017-02-24.bag;0.834065854549408;0.0;0.9619645476341248;0.0;2.6795707480621864;0.44242944379134674;0.5575705562086533
1731803838.7104142;/app/bags/user95_2017-02-24.bag;0.834065854549408;0.0;0.9619645476341248;0.0;2.6795707480621864;0.44242944379134674;0.5575705562086533
1731803838.9103792;/app/bags/user95_2017-02-24.bag;0.834065854549408;0.0;0.9619645476341248;0.0;2.6795707480621864;0.44242944379134674;0.5575705562086533
1731803839.110494;/app/bags/user95_2017-02-24.bag;0.834065854549408;0.0;0.9619645476341248;0.0;2.6795707480621864;0.44242944379134674;0.5575705562086533
1731803839.3104336;/app/bags/user95_2017-02-24.bag;0.834065854549408;0.0;0.9619645476341248;0.0;2.6795707480621864;0.44242944379134674;0.5575705562086533
1731803839.5104342;/app/bags/user95_2017-02-24.bag;0.834065854549408;0.0;0.9619645476341248;0.0;2.6795707480621864;0.44242944379134674;0.5575705562086533
1731803839.7103708;/app/bags/user95_2017-02-24.bag;0.834065854549408;0.0;0.9619645476341248;0.0;2.6795707480621864;0.44242944379134674;0.5575705562086533
1731803839.9104116;/app/bags/user95_2017-02-24.bag;0.834065854549408;0.0;0.9619645476341248;0.0;2.6795707480621864;0.44242944379134674;0.5575705562086533
1731803840.1103957;/app/bags/user95_2017-02-24.bag;0.834065854549408;0.0;0.9619645476341248;0.0;2.6795707480621864;0.44242944379134674;0.5575705562086533
1731803840.3103757;/app/bags/user95_2017-02-24.bag;0.834065854549408;0.0;0.9619645476341248;0.0;2.6795707480621864;0.44242944379134674;0.5575705562086533
1731803840.5104;/app/bags/user95_2017-02-24.bag;0.834065854549408;0.0;0.9619645476341248;0.0;2.6795707480621864;0.44242944379134674;0.5575705562086533
1731803840.7104294;/app/bags/user95_2017-02-24.bag;0.834065854549408;0.0;0.9619645476341248;0.0;2.6795707480621864;0.44242944379134674;0.5575705562086533
1731803840.910436;/app/bags/user95_2017-02-24.bag;0.834065854549408;0.0;0.9619645476341248;0.0;2.6795707480621864;0.44242944379134674;0.5575705562086533
1731803841.1104171;/app/bags/user95_2017-02-24.bag;0.834065854549408;0.0;0.9619645476341248;0.0;2.6795707480621864;0.44242944379134674;0.5575705562086533
1731803841.310441;/app/bags/user95_2017-02-24.bag;0.834065854549408;0.0;0.9619645476341248;0.0;2.6795707480621864;0.44242944379134674;0.5575705562086533
1731803841.510404;/app/bags/user95_2017-02-24.bag;0.834065854549408;0.0;0.9619645476341248;0.0;2.6795707480621864;0.44242944379134674;0.5575705562086533
1731803841.7103996;/app/bags/user95_2017-02-24.bag;0.834065854549408;0.0;0.9619645476341248;0.0;2.6795707480621864;0.44242944379134674;0.5575705562086533
1731803841.9103682;/app/bags/user95_2017-02-24.bag;0.834065854549408;0.0;0.9619645476341248;0.0;2.6795707480621864;0.44242944379134674;0.5575705562086533
1731803842.110396;/app/bags/user95_2017-02-24.bag;0.834065854549408;0.0;0.9619645476341248;0.0;2.6795707480621864;0.44242944379134674;0.5575705562086533
1731803842.3104024;/app/bags/user95_2017-02-24.bag;0.834065854549408;0.0;0.9619645476341248;0.0;2.6795707480621864;0.44242944379134674;0.5575705562086533
1731803842.5103848;/app/bags/user95_2017-02-24.bag;0.834065854549408;0.0;0.9619645476341248;0.0;2.6795707480621864;0.44242944379134674;0.5575705562086533
1731803842.7104127;/app/bags/user95_2017-02-24.bag;0.834065854549408;0.0;0.9619645476341248;0.0;2.6795707480621864;0.44242944379134674;0.5575705562086533
1731803842.910383;/app/bags/user95_2017-02-24.bag;0.834065854549408;0.0;0.9619645476341248;0.0;2.6795707480621864;0.44242944379134674;0.5575705562086533
1731803843.110416;/app/bags/user95_2017-02-24.bag;0.834065854549408;0.0;0.9619645476341248;0.0;2.6795707480621864;0.44242944379134674;0.5575705562086533
1731803843.3103795;/app/bags/user95_2017-02-24.bag;0.834065854549408;0.0;0.9619645476341248;0.0;2.6795707480621864;0.44242944379134674;0.5575705562086533
1731803843.510352;/app/bags/user95_2017-02-24.bag;0.834065854549408;0.0;0.9619645476341248;0.0;2.6795707480621864;0.44242944379134674;0.5575705562086533
1731803843.7103784;/app/bags/user95_2017-02-24.bag;0.834065854549408;0.0;0.9619645476341248;0.0;2.6795707480621864;0.44242944379134674;0.5575705562086533
1731803843.9104009;/app/bags/user95_2017-02-24.bag;0.834065854549408;0.0;0.9619645476341248;0.0;2.6795707480621864;0.44242944379134674;0.5575705562086533
1731803844.1104796;/app/bags/user95_2017-02-24.bag;0.834065854549408;0.0;0.9619645476341248;0.0;2.6795707480621864;0.44242944379134674;0.5575705562086533
1731803844.3104386;/app/bags/user95_2017-02-24.bag;0.834065854549408;0.0;0.9619645476341248;0.0;2.6795707480621864;0.44242944379134674;0.5575705562086533
1731803844.510572;/app/bags/user95_2017-02-24.bag;0.834065854549408;0.0;0.9619645476341248;0.0;2.6795707480621864;0.44242944379134674;0.5575705562086533
1731803844.7104454;/app/bags/user95_2017-02-24.bag;0.834065854549408;0.0;0.9619645476341248;0.0;2.6795707480621864;0.44242944379134674;0.5575705562086533
1731803844.9103544;/app/bags/user95_2017-02-24.bag;0.834065854549408;0.0;0.9619645476341248;0.0;2.6795707480621864;0.44242944379134674;0.5575705562086533
1731803845.1104364;/app/bags/user95_2017-02-24.bag;0.834065854549408;0.0;0.9619645476341248;0.0;2.6795707480621864;0.44242944379134674;0.5575705562086533
1731803845.3103557;/app/bags/user95_2017-02-24.bag;0.834065854549408;0.0;0.9619645476341248;0.0;2.6795707480621864;0.44242944379134674;0.5575705562086533
1731803845.510421;/app/bags/user95_2017-02-24.bag;0.834065854549408;0.0;0.9619645476341248;0.0;2.6795707480621864;0.44242944379134674;0.5575705562086533
1731803845.7104151;/app/bags/user95_2017-02-24.bag;0.834065854549408;0.0;0.9619645476341248;0.0;2.6795707480621864;0.44242944379134674;0.5575705562086533
1731803845.9104142;/app/bags/user95_2017-02-24.bag;0.834065854549408;0.0;0.9619645476341248;0.0;2.6795707480621864;0.44242944379134674;0.5575705562086533
1731803846.110477;/app/bags/user95_2017-02-24.bag;0.834065854549408;0.0;0.9619645476341248;0.0;2.6795707480621864;0.44242944379134674;0.5575705562086533
1731803846.310437;/app/bags/user95_2017-02-24.bag;0.834065854549408;0.0;0.9619645476341248;0.0;2.6795707480621864;0.44242944379134674;0.5575705562086533
1731803846.5104375;/app/bags/user95_2017-02-24.bag;0.834065854549408;0.0;0.9619645476341248;0.0;2.6795707480621864;0.44242944379134674;0.5575705562086533
1731803846.7104452;/app/bags/user95_2017-02-24.bag;0.834065854549408;0.0;0.9619645476341248;0.0;2.6795707480621864;0.44242944379134674;0.5575705562086533
1731803846.9103968;/app/bags/user95_2017-02-24.bag;0.834065854549408;0.0;0.9619645476341248;0.0;2.6795707480621864;0.44242944379134674;0.5575705562086533
1731803847.1103992;/app/bags/user95_2017-02-24.bag;0.834065854549408;0.0;0.9619645476341248;0.0;2.6795707480621864;0.44242944379134674;0.5575705562086533
1731803847.3104339;/app/bags/user95_2017-02-24.bag;0.834065854549408;0.0;0.9619645476341248;0.0;2.6795707480621864;0.44242944379134674;0.5575705562086533
1731803847.5104933;/app/bags/user95_2017-02-24.bag;0.834065854549408;0.0;0.9619645476341248;0.0;2.6795707480621864;0.44242944379134674;0.5575705562086533
1731803847.7104266;/app/bags/user95_2017-02-24.bag;0.834065854549408;0.0;0.9619645476341248;0.0;2.6795707480621864;0.44242944379134674;0.5575705562086533
1731803847.910421;/app/bags/user95_2017-02-24.bag;0.834065854549408;0.0;0.9619645476341248;0.0;2.6795707480621864;0.44242944379134674;0.5575705562086533
1731803848.110407;/app/bags/user95_2017-02-24.bag;0.834065854549408;0.0;0.9619645476341248;0.0;2.6795707480621864;0.44242944379134674;0.5575705562086533
1731803848.3103728;/app/bags/user95_2017-02-24.bag;0.834065854549408;0.0;0.9619645476341248;0.0;2.6795707480621864;0.44242944379134674;0.5575705562086533
1731803848.5103452;/app/bags/user95_2017-02-24.bag;0.834065854549408;0.0;0.9619645476341248;0.0;2.6795707480621864;0.44242944379134674;0.5575705562086533
1731803848.7104564;/app/bags/user95_2017-02-24.bag;0.834065854549408;0.0;0.9619645476341248;0.0;2.6795707480621864;0.44242944379134674;0.5575705562086533
1731803848.9103642;/app/bags/user95_2017-02-24.bag;0.834065854549408;0.0;0.9619645476341248;0.0;2.6795707480621864;0.44242944379134674;0.5575705562086533
1731803849.1104445;/app/bags/user95_2017-02-24.bag;0.834065854549408;0.0;0.9619645476341248;0.0;2.6795707480621864;0.44242944379134674;0.5575705562086533
1731803849.3103857;/app/bags/user95_2017-02-24.bag;0.834065854549408;0.0;0.9619645476341248;0.0;2.6795707480621864;0.44242944379134674;0.5575705562086533
1731803849.5103807;/app/bags/user95_2017-02-24.bag;0.834065854549408;0.0;0.9619645476341248;0.0;2.6795707480621864;0.44242944379134674;0.5575705562086533
1731803849.7104123;/app/bags/user95_2017-02-24.bag;0.834065854549408;0.0;0.9619645476341248;0.0;2.6795707480621864;0.44242944379134674;0.5575705562086533
1731803849.910386;/app/bags/user95_2017-02-24.bag;0.834065854549408;0.0;0.9619645476341248;0.0;2.6795707480621864;0.44242944379134674;0.5575705562086533
1731803850.1103778;/app/bags/user95_2017-02-24.bag;0.834065854549408;0.0;0.9619645476341248;0.0;2.6795707480621864;0.44242944379134674;0.5575705562086533
1731803850.3104565;/app/bags/user95_2017-02-24.bag;0.834065854549408;0.0;0.9619645476341248;0.0;2.6795707480621864;0.44242944379134674;0.5575705562086533
1731803850.5104127;/app/bags/user95_2017-02-24.bag;0.834065854549408;0.0;0.9619645476341248;0.0;2.6795707480621864;0.44242944379134674;0.5575705562086533
1731803850.710411;/app/bags/user95_2017-02-24.bag;0.834065854549408;0.0;0.9619645476341248;0.0;2.6795707480621864;0.44242944379134674;0.5575705562086533
1731803850.9104154;/app/bags/user95_2017-02-24.bag;0.834065854549408;0.0;0.9619645476341248;0.0;2.6795707480621864;0.44242944379134674;0.5575705562086533
1731803851.1104505;/app/bags/user95_2017-02-24.bag;0.834065854549408;0.0;0.9619645476341248;0.0;2.6795707480621864;0.44242944379134674;0.5575705562086533
1731803851.3104358;/app/bags/user95_2017-02-24.bag;0.834065854549408;0.0;0.9619645476341248;0.0;2.6795707480621864;0.44242944379134674;0.5575705562086533
1731803851.510457;/app/bags/user95_2017-02-24.bag;0.834065854549408;0.0;0.9619645476341248;0.0;2.6795707480621864;0.44242944379134674;0.5575705562086533
1731803851.710407;/app/bags/user95_2017-02-24.bag;0.834065854549408;0.0;0.9619645476341248;0.0;2.6795707480621864;0.44242944379134674;0.5575705562086533
1731803851.9103742;/app/bags/user95_2017-02-24.bag;0.834065854549408;0.0;0.9619645476341248;0.0;2.6795707480621864;0.44242944379134674;0.5575705562086533
1731803852.1103969;/app/bags/user95_2017-02-24.bag;0.834065854549408;0.0;0.9619645476341248;0.0;2.6795707480621864;0.44242944379134674;0.5575705562086533
1731803852.3104386;/app/bags/user95_2017-02-24.bag;0.834065854549408;0.0;0.9619645476341248;0.0;2.6795707480621864;0.44242944379134674;0.5575705562086533
1731803852.5104108;/app/bags/user95_2017-02-24.bag;0.834065854549408;0.0;0.9619645476341248;0.0;2.6795707480621864;0.44242944379134674;0.5575705562086533
1731803852.7103875;/app/bags/user95_2017-02-24.bag;0.834065854549408;0.0;0.9619645476341248;0.0;2.6795707480621864;0.44242944379134674;0.5575705562086533
1731803852.910405;/app/bags/user95_2017-02-24.bag;0.834065854549408;0.0;0.9619645476341248;0.0;2.6795707480621864;0.44242944379134674;0.5575705562086533
1731803853.1103766;/app/bags/user95_2017-02-24.bag;0.834065854549408;0.0;0.9619645476341248;0.0;2.6795707480621864;0.44242944379134674;0.5575705562086533
1731803853.3103995;/app/bags/user95_2017-02-24.bag;0.834065854549408;0.0;0.9619645476341248;0.0;2.6795707480621864;0.44242944379134674;0.5575705562086533
1731803853.5103834;/app/bags/user95_2017-02-24.bag;0.834065854549408;0.0;0.9619645476341248;0.0;2.6795707480621864;0.44242944379134674;0.5575705562086533
1731803853.7104225;/app/bags/user95_2017-02-24.bag;0.834065854549408;0.0;0.9619645476341248;0.0;2.6795707480621864;0.44242944379134674;0.5575705562086533
1731803853.9105787;/app/bags/user95_2017-02-24.bag;0.834065854549408;0.0;0.9619645476341248;0.0;2.6795707480621864;0.44242944379134674;0.5575705562086533
1731803854.1103916;/app/bags/user95_2017-02-24.bag;0.834065854549408;0.0;0.9619645476341248;0.0;2.6795707480621864;0.44242944379134674;0.5575705562086533
1731803854.310453;/app/bags/user95_2017-02-24.bag;0.834065854549408;0.0;0.9619645476341248;0.0;2.6795707480621864;0.44242944379134674;0.5575705562086533
1731803854.5104327;/app/bags/user95_2017-02-24.bag;0.834065854549408;0.0;0.9619645476341248;0.0;2.6795707480621864;0.44242944379134674;0.5575705562086533
1731803854.7106102;/app/bags/user95_2017-02-24.bag;0.834065854549408;0.0;0.9619645476341248;0.0;2.6795707480621864;0.44242944379134674;0.5575705562086533
1731803854.910445;/app/bags/user95_2017-02-24.bag;0.834065854549408;0.0;0.9619645476341248;0.0;2.6795707480621864;0.44242944379134674;0.5575705562086533
1731803855.110428;/app/bags/user95_2017-02-24.bag;0.834065854549408;0.0;0.9619645476341248;0.0;2.6795707480621864;0.44242944379134674;0.5575705562086533
1731803855.3104477;/app/bags/user95_2017-02-24.bag;0.834065854549408;0.0;0.9619645476341248;0.0;2.6795707480621864;0.44242944379134674;0.5575705562086533
1731803855.5103855;/app/bags/user95_2017-02-24.bag;0.834065854549408;0.0;0.9619645476341248;0.0;2.6795707480621864;0.44242944379134674;0.5575705562086533
1731803855.710369;/app/bags/user95_2017-02-24.bag;0.834065854549408;0.0;0.9619645476341248;0.0;2.6795707480621864;0.44242944379134674;0.5575705562086533
1731803855.9103918;/app/bags/user95_2017-02-24.bag;0.834065854549408;0.0;0.9619645476341248;0.0;2.6795707480621864;0.44242944379134674;0.5575705562086533
1731803856.1104434;/app/bags/user95_2017-02-24.bag;0.834065854549408;0.0;0.9619645476341248;0.0;2.6795707480621864;0.44242944379134674;0.5575705562086533
1731803856.3103917;/app/bags/user95_2017-02-24.bag;0.834065854549408;0.0;0.9619645476341248;0.0;2.6795707480621864;0.44242944379134674;0.5575705562086533
1731803856.5103683;/app/bags/user95_2017-02-24.bag;0.834065854549408;0.0;0.9619645476341248;0.0;2.6795707480621864;0.44242944379134674;0.5575705562086533
1731803856.7104433;/app/bags/user95_2017-02-24.bag;0.834065854549408;0.0;0.9619645476341248;0.0;2.6795707480621864;0.44242944379134674;0.5575705562086533
1731803856.91045;/app/bags/user95_2017-02-24.bag;0.834065854549408;0.0;0.9619645476341248;0.0;2.6795707480621864;0.44242944379134674;0.5575705562086533
1731803857.1104298;/app/bags/user95_2017-02-24.bag;0.834065854549408;0.0;0.9619645476341248;0.0;2.6795707480621864;0.44242944379134674;0.5575705562086533
1731803857.3103921;/app/bags/user95_2017-02-24.bag;0.834065854549408;0.0;0.9619645476341248;0.0;2.6795707480621864;0.44242944379134674;0.5575705562086533
1731803857.5103993;/app/bags/user95_2017-02-24.bag;0.834065854549408;0.0;0.9619645476341248;0.0;2.6795707480621864;0.44242944379134674;0.5575705562086533
1731803857.7105842;/app/bags/user95_2017-02-24.bag;0.834065854549408;0.0;0.9619645476341248;0.0;2.6795707480621864;0.44242944379134674;0.5575705562086533
1731803857.9105709;/app/bags/user95_2017-02-24.bag;0.834065854549408;0.0;0.9619645476341248;0.0;2.6795707480621864;0.44242944379134674;0.5575705562086533
1731803858.1104176;/app/bags/user95_2017-02-24.bag;0.834065854549408;0.0;0.9619645476341248;0.0;2.6795707480621864;0.44242944379134674;0.5575705562086533
1731803858.3101995;/app/bags/user95_2017-02-24.bag;0.834065854549408;0.0;0.9619645476341248;0.0;2.6795707480621864;0.44242944379134674;0.5575705562086533
1731803858.5103664;/app/bags/user95_2017-02-24.bag;0.834065854549408;0.0;0.9619645476341248;0.0;2.6795707480621864;0.44242944379134674;0.5575705562086533
1731803858.71038;/app/bags/user95_2017-02-24.bag;0.834065854549408;0.0;0.9619645476341248;0.0;2.6795707480621864;0.44242944379134674;0.5575705562086533
1731803858.910377;/app/bags/user95_2017-02-24.bag;0.834065854549408;0.0;0.9619645476341248;0.0;2.6795707480621864;0.44242944379134674;0.5575705562086533
1731803859.110379;/app/bags/user95_2017-02-24.bag;0.834065854549408;0.0;0.9619645476341248;0.0;2.6795707480621864;0.44242944379134674;0.5575705562086533
1731803859.3103878;/app/bags/user95_2017-02-24.bag;0.834065854549408;0.0;0.9619645476341248;0.0;2.6795707480621864;0.44242944379134674;0.5575705562086533
1731803859.5105114;/app/bags/user95_2017-02-24.bag;0.834065854549408;0.0;0.9619645476341248;0.0;2.6795707480621864;0.44242944379134674;0.5575705562086533
1731803859.7104561;/app/bags/user95_2017-02-24.bag;0.834065854549408;0.0;0.9619645476341248;0.0;2.6795707480621864;0.44242944379134674;0.5575705562086533
1731803859.9104831;/app/bags/user95_2017-02-24.bag;0.834065854549408;0.0;0.9619645476341248;0.0;2.6795707480621864;0.44242944379134674;0.5575705562086533
1731803860.1104424;/app/bags/user95_2017-02-24.bag;0.834065854549408;0.0;0.9619645476341248;0.0;2.6795707480621864;0.44242944379134674;0.5575705562086533
1731803860.3104167;/app/bags/user95_2017-02-24.bag;0.834065854549408;0.0;0.9619645476341248;0.0;2.6795707480621864;0.44242944379134674;0.5575705562086533
1731803860.510412;/app/bags/user95_2017-02-24.bag;0.834065854549408;0.0;0.9619645476341248;0.0;2.6795707480621864;0.44242944379134674;0.5575705562086533
1731803860.7103863;/app/bags/user95_2017-02-24.bag;0.834065854549408;0.0;0.9619645476341248;0.0;2.6795707480621864;0.44242944379134674;0.5575705562086533
1731803860.9103775;/app/bags/user95_2017-02-24.bag;0.834065854549408;0.0;0.9619645476341248;0.0;2.6795707480621864;0.44242944379134674;0.5575705562086533
1731803861.1104321;/app/bags/user95_2017-02-24.bag;0.834065854549408;0.0;0.9619645476341248;0.0;2.6795707480621864;0.44242944379134674;0.5575705562086533
1731803861.3103807;/app/bags/user95_2017-02-24.bag;0.834065854549408;0.0;0.9619645476341248;0.0;2.6795707480621864;0.44242944379134674;0.5575705562086533
1731803861.5103948;/app/bags/user95_2017-02-24.bag;0.834065854549408;0.0;0.9619645476341248;0.0;2.6795707480621864;0.44242944379134674;0.5575705562086533
1731803861.7103689;/app/bags/user95_2017-02-24.bag;0.834065854549408;0.0;0.9619645476341248;0.0;2.6795707480621864;0.44242944379134674;0.5575705562086533
1731803861.9103823;/app/bags/user95_2017-02-24.bag;0.834065854549408;0.0;0.9619645476341248;0.0;2.6795707480621864;0.44242944379134674;0.5575705562086533
1731803862.1104386;/app/bags/user95_2017-02-24.bag;0.834065854549408;0.0;0.9619645476341248;0.0;2.6795707480621864;0.44242944379134674;0.5575705562086533
1731803862.3104563;/app/bags/user95_2017-02-24.bag;0.834065854549408;0.0;0.9619645476341248;0.0;2.6795707480621864;0.44242944379134674;0.5575705562086533
1731803862.510383;/app/bags/user95_2017-02-24.bag;0.834065854549408;0.0;0.9619645476341248;0.0;2.6795707480621864;0.44242944379134674;0.5575705562086533
1731803862.7103899;/app/bags/user95_2017-02-24.bag;0.834065854549408;0.0;0.9619645476341248;0.0;2.6795707480621864;0.44242944379134674;0.5575705562086533
1731803862.9104483;/app/bags/user95_2017-02-24.bag;0.834065854549408;0.0;0.9619645476341248;0.0;2.6795707480621864;0.44242944379134674;0.5575705562086533
1731803863.110401;/app/bags/user95_2017-02-24.bag;0.834065854549408;0.0;0.9619645476341248;0.0;2.6795707480621864;0.44242944379134674;0.5575705562086533
1731803863.310365;/app/bags/user95_2017-02-24.bag;0.834065854549408;0.0;0.9619645476341248;0.0;2.6795707480621864;0.44242944379134674;0.5575705562086533
1731803863.510448;/app/bags/user95_2017-02-24.bag;0.834065854549408;0.0;0.9619645476341248;0.0;2.6795707480621864;0.44242944379134674;0.5575705562086533
1731803863.710421;/app/bags/user95_2017-02-24.bag;0.834065854549408;0.0;0.9619645476341248;0.0;2.6795707480621864;0.44242944379134674;0.5575705562086533
1731803863.9104102;/app/bags/user95_2017-02-24.bag;0.834065854549408;0.0;0.9619645476341248;0.0;2.6795707480621864;0.44242944379134674;0.5575705562086533
1731803864.1103816;/app/bags/user95_2017-02-24.bag;0.834065854549408;0.0;0.9619645476341248;0.0;2.6795707480621864;0.44242944379134674;0.5575705562086533
1731803864.3103917;/app/bags/user95_2017-02-24.bag;0.834065854549408;0.0;0.9619645476341248;0.0;2.6795707480621864;0.44242944379134674;0.5575705562086533
1731803864.5103912;/app/bags/user95_2017-02-24.bag;0.834065854549408;0.0;0.9619645476341248;0.0;2.6795707480621864;0.44242944379134674;0.5575705562086533
1731803864.7104368;/app/bags/user95_2017-02-24.bag;0.834065854549408;0.0;0.9619645476341248;0.0;2.6795707480621864;0.44242944379134674;0.5575705562086533
1731803864.910399;/app/bags/user95_2017-02-24.bag;0.834065854549408;0.0;0.9619645476341248;0.0;2.6795707480621864;0.44242944379134674;0.5575705562086533
1731803865.1103985;/app/bags/user95_2017-02-24.bag;0.834065854549408;0.0;0.9619645476341248;0.0;2.6795707480621864;0.44242944379134674;0.5575705562086533
1731803865.3103867;/app/bags/user95_2017-02-24.bag;0.834065854549408;0.0;0.9619645476341248;0.0;2.6795707480621864;0.44242944379134674;0.5575705562086533
1731803865.5104506;/app/bags/user95_2017-02-24.bag;0.834065854549408;0.0;0.9619645476341248;0.0;2.6795707480621864;0.44242944379134674;0.5575705562086533
1731803865.7103837;/app/bags/user95_2017-02-24.bag;0.834065854549408;0.0;0.9619645476341248;0.0;2.6795707480621864;0.44242944379134674;0.5575705562086533
1731803865.9103994;/app/bags/user95_2017-02-24.bag;0.834065854549408;0.0;0.9619645476341248;0.0;2.6795707480621864;0.44242944379134674;0.5575705562086533
1731803866.1103659;/app/bags/user95_2017-02-24.bag;0.834065854549408;0.0;0.9619645476341248;0.0;2.6795707480621864;0.44242944379134674;0.5575705562086533
1731803866.3104496;/app/bags/user95_2017-02-24.bag;0.834065854549408;0.0;0.9619645476341248;0.0;2.6795707480621864;0.44242944379134674;0.5575705562086533
1731803866.5104177;/app/bags/user95_2017-02-24.bag;0.834065854549408;0.0;0.9619645476341248;0.0;2.6795707480621864;0.44242944379134674;0.5575705562086533
1731803866.7103903;/app/bags/user95_2017-02-24.bag;0.834065854549408;0.0;0.9619645476341248;0.0;2.6795707480621864;0.44242944379134674;0.5575705562086533
1731803866.9103835;/app/bags/user95_2017-02-24.bag;0.834065854549408;0.0;0.9619645476341248;0.0;2.6795707480621864;0.44242944379134674;0.5575705562086533
1731803867.1104343;/app/bags/user95_2017-02-24.bag;0.834065854549408;0.0;0.9619645476341248;0.0;2.6795707480621864;0.44242944379134674;0.5575705562086533
1731803867.3103995;/app/bags/user95_2017-02-24.bag;0.834065854549408;0.0;0.9619645476341248;0.0;2.6795707480621864;0.44242944379134674;0.5575705562086533
1731803867.5104127;/app/bags/user95_2017-02-24.bag;0.834065854549408;0.0;0.9619645476341248;0.0;2.6795707480621864;0.44242944379134674;0.5575705562086533
1731803867.710363;/app/bags/user95_2017-02-24.bag;0.834065854549408;0.0;0.9619645476341248;0.0;2.6795707480621864;0.44242944379134674;0.5575705562086533
1731803867.910498;/app/bags/user95_2017-02-24.bag;0.834065854549408;0.0;0.9619645476341248;0.0;2.6795707480621864;0.44242944379134674;0.5575705562086533
1731803868.1104033;/app/bags/user95_2017-02-24.bag;0.834065854549408;0.0;0.9619645476341248;0.0;2.6795707480621864;0.44242944379134674;0.5575705562086533
1731803868.3103848;/app/bags/user95_2017-02-24.bag;0.834065854549408;0.0;0.9619645476341248;0.0;2.6795707480621864;0.44242944379134674;0.5575705562086533
1731803868.5103927;/app/bags/user95_2017-02-24.bag;0.834065854549408;0.0;0.9619645476341248;0.0;2.6795707480621864;0.44242944379134674;0.5575705562086533
1731803868.7103703;/app/bags/user95_2017-02-24.bag;0.834065854549408;0.0;0.9619645476341248;0.0;2.6795707480621864;0.44242944379134674;0.5575705562086533
1731803868.9103851;/app/bags/user95_2017-02-24.bag;0.834065854549408;0.0;0.9619645476341248;0.0;2.6795707480621864;0.44242944379134674;0.5575705562086533
1731803869.1103926;/app/bags/user95_2017-02-24.bag;0.834065854549408;0.0;0.9619645476341248;0.0;2.6795707480621864;0.44242944379134674;0.5575705562086533
1731803869.310408;/app/bags/user95_2017-02-24.bag;0.834065854549408;0.0;0.9619645476341248;0.0;2.6795707480621864;0.44242944379134674;0.5575705562086533
1731803869.5104227;/app/bags/user95_2017-02-24.bag;0.834065854549408;0.0;0.9619645476341248;0.0;2.6795707480621864;0.44242944379134674;0.5575705562086533
1731803869.7103992;/app/bags/user95_2017-02-24.bag;0.834065854549408;0.0;0.9619645476341248;0.0;2.6795707480621864;0.44242944379134674;0.5575705562086533
1731803869.9104185;/app/bags/user95_2017-02-24.bag;0.834065854549408;0.0;0.9619645476341248;0.0;2.6795707480621864;0.44242944379134674;0.5575705562086533
1731803870.110409;/app/bags/user95_2017-02-24.bag;0.834065854549408;0.0;0.9619645476341248;0.0;2.6795707480621864;0.44242944379134674;0.5575705562086533
1731803870.3104165;/app/bags/user95_2017-02-24.bag;0.834065854549408;0.0;0.9619645476341248;0.0;2.6795707480621864;0.44242944379134674;0.5575705562086533
1731803870.510392;/app/bags/user95_2017-02-24.bag;0.834065854549408;0.0;0.9619645476341248;0.0;2.6795707480621864;0.44242944379134674;0.5575705562086533
1731803870.7104175;/app/bags/user95_2017-02-24.bag;0.834065854549408;0.0;0.9619645476341248;0.0;2.6795707480621864;0.44242944379134674;0.5575705562086533
1731803870.910448;/app/bags/user95_2017-02-24.bag;0.834065854549408;0.0;0.9619645476341248;0.0;2.6795707480621864;0.44242944379134674;0.5575705562086533
1731803871.1103876;/app/bags/user95_2017-02-24.bag;0.834065854549408;0.0;0.9619645476341248;0.0;2.6795707480621864;0.44242944379134674;0.5575705562086533
1731803871.310482;/app/bags/user95_2017-02-24.bag;0.834065854549408;0.0;0.9619645476341248;0.0;2.6795707480621864;0.44242944379134674;0.5575705562086533
1731803871.510401;/app/bags/user95_2017-02-24.bag;0.834065854549408;0.0;0.9619645476341248;0.0;2.6795707480621864;0.44242944379134674;0.5575705562086533
1731803871.7104042;/app/bags/user95_2017-02-24.bag;0.834065854549408;0.0;0.9619645476341248;0.0;2.6795707480621864;0.44242944379134674;0.5575705562086533
1731803871.910396;/app/bags/user95_2017-02-24.bag;0.834065854549408;0.0;0.9619645476341248;0.0;2.6795707480621864;0.44242944379134674;0.5575705562086533
1731803872.1103969;/app/bags/user95_2017-02-24.bag;0.834065854549408;0.0;0.9619645476341248;0.0;2.6795707480621864;0.44242944379134674;0.5575705562086533
1731803872.3103917;/app/bags/user95_2017-02-24.bag;0.834065854549408;0.0;0.9619645476341248;0.0;2.6795707480621864;0.44242944379134674;0.5575705562086533
1731803872.510483;/app/bags/user95_2017-02-24.bag;0.834065854549408;0.0;0.9619645476341248;0.0;2.6795707480621864;0.44242944379134674;0.5575705562086533
1731803872.7103817;/app/bags/user95_2017-02-24.bag;0.834065854549408;0.0;0.9619645476341248;0.0;2.6795707480621864;0.44242944379134674;0.5575705562086533
1731803872.9103792;/app/bags/user95_2017-02-24.bag;0.834065854549408;0.0;0.9619645476341248;0.0;2.6795707480621864;0.44242944379134674;0.5575705562086533
1731803873.1104026;/app/bags/user95_2017-02-24.bag;0.834065854549408;0.0;0.9619645476341248;0.0;2.6795707480621864;0.44242944379134674;0.5575705562086533
1731803873.3104432;/app/bags/user95_2017-02-24.bag;0.834065854549408;0.0;0.9619645476341248;0.0;2.6795707480621864;0.44242944379134674;0.5575705562086533
1731803873.5104046;/app/bags/user95_2017-02-24.bag;0.834065854549408;0.0;0.9619645476341248;0.0;2.6795707480621864;0.44242944379134674;0.5575705562086533
1731803873.710371;/app/bags/user95_2017-02-24.bag;0.834065854549408;0.0;0.9619645476341248;0.0;2.6795707480621864;0.44242944379134674;0.5575705562086533
1731803873.9103887;/app/bags/user95_2017-02-24.bag;0.834065854549408;0.0;0.9619645476341248;0.0;2.6795707480621864;0.44242944379134674;0.5575705562086533
1731803874.110438;/app/bags/user95_2017-02-24.bag;0.834065854549408;0.0;0.9619645476341248;0.0;2.6795707480621864;0.44242944379134674;0.5575705562086533
1731803874.3104086;/app/bags/user95_2017-02-24.bag;0.834065854549408;0.0;0.9619645476341248;0.0;2.6795707480621864;0.44242944379134674;0.5575705562086533
1731803874.510425;/app/bags/user95_2017-02-24.bag;0.834065854549408;0.0;0.9619645476341248;0.0;2.6795707480621864;0.44242944379134674;0.5575705562086533
1731803874.710439;/app/bags/user95_2017-02-24.bag;0.834065854549408;0.0;0.9619645476341248;0.0;2.6795707480621864;0.44242944379134674;0.5575705562086533
1731803874.9104319;/app/bags/user95_2017-02-24.bag;0.834065854549408;0.0;0.9619645476341248;0.0;2.6795707480621864;0.44242944379134674;0.5575705562086533
1731803875.1103709;/app/bags/user95_2017-02-24.bag;0.834065854549408;0.0;0.9619645476341248;0.0;2.6795707480621864;0.44242944379134674;0.5575705562086533
1731803875.3103898;/app/bags/user95_2017-02-24.bag;0.834065854549408;0.0;0.9619645476341248;0.0;2.6795707480621864;0.44242944379134674;0.5575705562086533
1731803875.5103877;/app/bags/user95_2017-02-24.bag;0.834065854549408;0.0;0.9619645476341248;0.0;2.6795707480621864;0.44242944379134674;0.5575705562086533
1731803875.7103863;/app/bags/user95_2017-02-24.bag;0.834065854549408;0.0;0.9619645476341248;0.0;2.6795707480621864;0.44242944379134674;0.5575705562086533
1731803875.910461;/app/bags/user95_2017-02-24.bag;0.834065854549408;0.0;0.9619645476341248;0.0;2.6795707480621864;0.44242944379134674;0.5575705562086533
1731803876.1103992;/app/bags/user95_2017-02-24.bag;0.834065854549408;0.0;0.9619645476341248;0.0;2.6795707480621864;0.44242944379134674;0.5575705562086533
1731803876.3103952;/app/bags/user95_2017-02-24.bag;0.834065854549408;0.0;0.9619645476341248;0.0;2.6795707480621864;0.44242944379134674;0.5575705562086533
1731803876.5104554;/app/bags/user95_2017-02-24.bag;0.834065854549408;0.0;0.9619645476341248;0.0;2.6795707480621864;0.44242944379134674;0.5575705562086533
1731803876.7104213;/app/bags/user95_2017-02-24.bag;0.834065854549408;0.0;0.9619645476341248;0.0;2.6795707480621864;0.44242944379134674;0.5575705562086533
1731803876.9104264;/app/bags/user95_2017-02-24.bag;0.834065854549408;0.0;0.9619645476341248;0.0;2.6795707480621864;0.44242944379134674;0.5575705562086533
1731803877.1103847;/app/bags/user95_2017-02-24.bag;0.834065854549408;0.0;0.9619645476341248;0.0;2.6795707480621864;0.44242944379134674;0.5575705562086533
1731803877.310362;/app/bags/user95_2017-02-24.bag;0.834065854549408;0.0;0.9619645476341248;0.0;2.6795707480621864;0.44242944379134674;0.5575705562086533
1731803877.5104253;/app/bags/user95_2017-02-24.bag;0.834065854549408;0.0;0.9619645476341248;0.0;2.6795707480621864;0.44242944379134674;0.5575705562086533
1731803877.7104504;/app/bags/user95_2017-02-24.bag;0.834065854549408;0.0;0.9619645476341248;0.0;2.6795707480621864;0.44242944379134674;0.5575705562086533
1731803877.9103525;/app/bags/user95_2017-02-24.bag;0.834065854549408;0.0;0.9619645476341248;0.0;2.6795707480621864;0.44242944379134674;0.5575705562086533
1731803878.110509;/app/bags/user95_2017-02-24.bag;0.834065854549408;0.0;0.9619645476341248;0.0;2.6795707480621864;0.44242944379134674;0.5575705562086533
1731803878.3104103;/app/bags/user95_2017-02-24.bag;0.834065854549408;0.0;0.9619645476341248;0.0;2.6795707480621864;0.44242944379134674;0.5575705562086533
1731803878.510398;/app/bags/user95_2017-02-24.bag;0.834065854549408;0.0;0.9619645476341248;0.0;2.6795707480621864;0.44242944379134674;0.5575705562086533
1731803878.7103853;/app/bags/user95_2017-02-24.bag;0.834065854549408;0.0;0.9619645476341248;0.0;2.6795707480621864;0.44242944379134674;0.5575705562086533
1731803878.910383;/app/bags/user95_2017-02-24.bag;0.834065854549408;0.0;0.9619645476341248;0.0;2.6795707480621864;0.44242944379134674;0.5575705562086533
1731803879.1104937;/app/bags/user95_2017-02-24.bag;0.834065854549408;0.0;0.9619645476341248;0.0;2.6795707480621864;0.44242944379134674;0.5575705562086533
1731803879.3103664;/app/bags/user95_2017-02-24.bag;0.834065854549408;0.0;0.9619645476341248;0.0;2.6795707480621864;0.44242944379134674;0.5575705562086533
1731803879.510423;/app/bags/user95_2017-02-24.bag;0.834065854549408;0.0;0.9619645476341248;0.0;2.6795707480621864;0.44242944379134674;0.5575705562086533
1731803879.7103655;/app/bags/user95_2017-02-24.bag;0.834065854549408;0.0;0.9619645476341248;0.0;2.6795707480621864;0.44242944379134674;0.5575705562086533
1731803879.9104252;/app/bags/user95_2017-02-24.bag;0.834065854549408;0.0;0.9619645476341248;0.0;2.6795707480621864;0.44242944379134674;0.5575705562086533
1731803880.110384;/app/bags/user95_2017-02-24.bag;0.834065854549408;0.0;0.9619645476341248;0.0;2.6795707480621864;0.44242944379134674;0.5575705562086533
1731803880.3103828;/app/bags/user95_2017-02-24.bag;0.834065854549408;0.0;0.9619645476341248;0.0;2.6795707480621864;0.44242944379134674;0.5575705562086533
1731803880.5103788;/app/bags/user95_2017-02-24.bag;0.834065854549408;0.0;0.9619645476341248;0.0;2.6795707480621864;0.44242944379134674;0.5575705562086533
1731803880.7104023;/app/bags/user95_2017-02-24.bag;0.834065854549408;0.0;0.9619645476341248;0.0;2.6795707480621864;0.44242944379134674;0.5575705562086533
1731803880.9104147;/app/bags/user95_2017-02-24.bag;0.834065854549408;0.0;0.9619645476341248;0.0;2.6795707480621864;0.44242944379134674;0.5575705562086533
1731803881.110445;/app/bags/user95_2017-02-24.bag;0.834065854549408;0.0;0.9619645476341248;0.0;2.6795707480621864;0.44242944379134674;0.5575705562086533
1731803881.3103886;/app/bags/user95_2017-02-24.bag;0.834065854549408;0.0;0.9619645476341248;0.0;2.6795707480621864;0.44242944379134674;0.5575705562086533
1731803881.5104394;/app/bags/user95_2017-02-24.bag;0.834065854549408;0.0;0.9619645476341248;0.0;2.6795707480621864;0.44242944379134674;0.5575705562086533
1731803881.7103915;/app/bags/user95_2017-02-24.bag;0.834065854549408;0.0;0.9619645476341248;0.0;2.6795707480621864;0.44242944379134674;0.5575705562086533
1731803881.9104078;/app/bags/user95_2017-02-24.bag;0.834065854549408;0.0;0.9619645476341248;0.0;2.6795707480621864;0.44242944379134674;0.5575705562086533
1731803882.1103945;/app/bags/user95_2017-02-24.bag;0.834065854549408;0.0;0.9619645476341248;0.0;2.6795707480621864;0.44242944379134674;0.5575705562086533
1731803882.3103752;/app/bags/user95_2017-02-24.bag;0.834065854549408;0.0;0.9619645476341248;0.0;2.6795707480621864;0.44242944379134674;0.5575705562086533
1731803882.510391;/app/bags/user95_2017-02-24.bag;0.834065854549408;0.0;0.9619645476341248;0.0;2.6795707480621864;0.44242944379134674;0.5575705562086533
1731803882.7103922;/app/bags/user95_2017-02-24.bag;0.834065854549408;0.0;0.9619645476341248;0.0;2.6795707480621864;0.44242944379134674;0.5575705562086533
1731803882.9104037;/app/bags/user95_2017-02-24.bag;0.834065854549408;0.0;0.9619645476341248;0.0;2.6795707480621864;0.44242944379134674;0.5575705562086533
1731803883.110367;/app/bags/user95_2017-02-24.bag;0.834065854549408;0.0;0.9619645476341248;0.0;2.6795707480621864;0.44242944379134674;0.5575705562086533
1731803883.3104463;/app/bags/user95_2017-02-24.bag;0.834065854549408;0.0;0.9619645476341248;0.0;2.6795707480621864;0.44242944379134674;0.5575705562086533
1731803883.5104659;/app/bags/user95_2017-02-24.bag;0.834065854549408;0.0;0.9619645476341248;0.0;2.6795707480621864;0.44242944379134674;0.5575705562086533
1731803883.710412;/app/bags/user95_2017-02-24.bag;0.834065854549408;0.0;0.9619645476341248;0.0;2.6795707480621864;0.44242944379134674;0.5575705562086533
1731803883.910394;/app/bags/user95_2017-02-24.bag;0.834065854549408;0.0;0.9619645476341248;0.0;2.6795707480621864;0.44242944379134674;0.5575705562086533
1731803884.1104243;/app/bags/user95_2017-02-24.bag;0.834065854549408;0.0;0.9619645476341248;0.0;2.6795707480621864;0.44242944379134674;0.5575705562086533
1731803884.3104231;/app/bags/user95_2017-02-24.bag;0.834065854549408;0.0;0.9619645476341248;0.0;2.6795707480621864;0.44242944379134674;0.5575705562086533
1731803884.5106072;/app/bags/user95_2017-02-24.bag;0.834065854549408;0.0;0.9619645476341248;0.0;2.6795707480621864;0.44242944379134674;0.5575705562086533
1731803884.71046;/app/bags/user95_2017-02-24.bag;0.834065854549408;0.0;0.9619645476341248;0.0;2.6795707480621864;0.44242944379134674;0.5575705562086533
1731803884.9104207;/app/bags/user95_2017-02-24.bag;0.834065854549408;0.0;0.9619645476341248;0.0;2.6795707480621864;0.44242944379134674;0.5575705562086533
1731803885.1104228;/app/bags/user95_2017-02-24.bag;0.834065854549408;0.0;0.9619645476341248;0.0;2.6795707480621864;0.44242944379134674;0.5575705562086533
1731803885.3105116;/app/bags/user95_2017-02-24.bag;0.834065854549408;0.0;0.9619645476341248;0.0;2.6795707480621864;0.44242944379134674;0.5575705562086533
1731803885.5104847;/app/bags/user95_2017-02-24.bag;0.834065854549408;0.0;0.9619645476341248;0.0;2.6795707480621864;0.44242944379134674;0.5575705562086533
1731803885.7103984;/app/bags/user95_2017-02-24.bag;0.834065854549408;0.0;0.9619645476341248;0.0;2.6795707480621864;0.44242944379134674;0.5575705562086533
1731803885.9104342;/app/bags/user95_2017-02-24.bag;0.834065854549408;0.0;0.9619645476341248;0.0;2.6795707480621864;0.44242944379134674;0.5575705562086533
1731803886.1103935;/app/bags/user95_2017-02-24.bag;0.834065854549408;0.0;0.9619645476341248;0.0;2.6795707480621864;0.44242944379134674;0.5575705562086533
1731803886.3103926;/app/bags/user95_2017-02-24.bag;0.834065854549408;0.0;0.9619645476341248;0.0;2.6795707480621864;0.44242944379134674;0.5575705562086533
1731803886.5103884;/app/bags/user95_2017-02-24.bag;0.834065854549408;0.0;0.9619645476341248;0.0;2.6795707480621864;0.44242944379134674;0.5575705562086533
1731803886.7104428;/app/bags/user95_2017-02-24.bag;0.834065854549408;0.0;0.9619645476341248;0.0;2.6795707480621864;0.44242944379134674;0.5575705562086533
1731803886.9104207;/app/bags/user95_2017-02-24.bag;0.834065854549408;0.0;0.9619645476341248;0.0;2.6795707480621864;0.44242944379134674;0.5575705562086533
1731803887.110379;/app/bags/user95_2017-02-24.bag;0.834065854549408;0.0;0.9619645476341248;0.0;2.6795707480621864;0.44242944379134674;0.5575705562086533
1731803887.3103883;/app/bags/user95_2017-02-24.bag;0.834065854549408;0.0;0.9619645476341248;0.0;2.6795707480621864;0.44242944379134674;0.5575705562086533
1731803887.5104232;/app/bags/user95_2017-02-24.bag;0.834065854549408;0.0;0.9619645476341248;0.0;2.6795707480621864;0.44242944379134674;0.5575705562086533
1731803887.7104006;/app/bags/user95_2017-02-24.bag;0.834065854549408;0.0;0.9619645476341248;0.0;2.6795707480621864;0.44242944379134674;0.5575705562086533
1731803887.9103959;/app/bags/user95_2017-02-24.bag;0.834065854549408;0.0;0.9619645476341248;0.0;2.6795707480621864;0.44242944379134674;0.5575705562086533
1731803888.1104014;/app/bags/user95_2017-02-24.bag;0.834065854549408;0.0;0.9619645476341248;0.0;2.6795707480621864;0.44242944379134674;0.5575705562086533
1731803888.310397;/app/bags/user95_2017-02-24.bag;0.834065854549408;0.0;0.9619645476341248;0.0;2.6795707480621864;0.44242944379134674;0.5575705562086533
1731803888.510384;/app/bags/user95_2017-02-24.bag;0.834065854549408;0.0;0.9619645476341248;0.0;2.6795707480621864;0.44242944379134674;0.5575705562086533
1731803888.7103915;/app/bags/user95_2017-02-24.bag;0.834065854549408;0.0;0.9619645476341248;0.0;2.6795707480621864;0.44242944379134674;0.5575705562086533
1731803888.9104524;/app/bags/user95_2017-02-24.bag;0.834065854549408;0.0;0.9619645476341248;0.0;2.6795707480621864;0.44242944379134674;0.5575705562086533
1731803889.1103911;/app/bags/user95_2017-02-24.bag;0.834065854549408;0.0;0.9619645476341248;0.0;2.6795707480621864;0.44242944379134674;0.5575705562086533
1731803889.310345;/app/bags/user95_2017-02-24.bag;0.834065854549408;0.0;0.9619645476341248;0.0;2.6795707480621864;0.44242944379134674;0.5575705562086533
1731803889.5104659;/app/bags/user95_2017-02-24.bag;0.834065854549408;0.0;0.9619645476341248;0.0;2.6795707480621864;0.44242944379134674;0.5575705562086533
1731803889.7103932;/app/bags/user95_2017-02-24.bag;0.834065854549408;0.0;0.9619645476341248;0.0;2.6795707480621864;0.44242944379134674;0.5575705562086533
1731803889.910439;/app/bags/user95_2017-02-24.bag;0.834065854549408;0.0;0.9619645476341248;0.0;2.6795707480621864;0.44242944379134674;0.5575705562086533
1731803890.1103973;/app/bags/user95_2017-02-24.bag;0.834065854549408;0.0;0.9619645476341248;0.0;2.6795707480621864;0.44242944379134674;0.5575705562086533
1731803890.3104026;/app/bags/user95_2017-02-24.bag;0.834065854549408;0.0;0.9619645476341248;0.0;2.6795707480621864;0.44242944379134674;0.5575705562086533
1731803890.5103607;/app/bags/user95_2017-02-24.bag;0.834065854549408;0.0;0.9619645476341248;0.0;2.6795707480621864;0.44242944379134674;0.5575705562086533
1731803890.710402;/app/bags/user95_2017-02-24.bag;0.834065854549408;0.0;0.9619645476341248;0.0;2.6795707480621864;0.44242944379134674;0.5575705562086533
1731803890.910447;/app/bags/user95_2017-02-24.bag;0.834065854549408;0.0;0.9619645476341248;0.0;2.6795707480621864;0.44242944379134674;0.5575705562086533
1731803891.1103969;/app/bags/user95_2017-02-24.bag;0.834065854549408;0.0;0.9619645476341248;0.0;2.6795707480621864;0.44242944379134674;0.5575705562086533
1731803891.3103797;/app/bags/user95_2017-02-24.bag;0.834065854549408;0.0;0.9619645476341248;0.0;2.6795707480621864;0.44242944379134674;0.5575705562086533
1731803891.5104258;/app/bags/user95_2017-02-24.bag;0.834065854549408;0.0;0.9619645476341248;0.0;2.6795707480621864;0.44242944379134674;0.5575705562086533
1731803891.7104044;/app/bags/user95_2017-02-24.bag;0.834065854549408;0.0;0.9619645476341248;0.0;2.6795707480621864;0.44242944379134674;0.5575705562086533
1731803891.9104;/app/bags/user95_2017-02-24.bag;0.834065854549408;0.0;0.9619645476341248;0.0;2.6795707480621864;0.44242944379134674;0.5575705562086533
1731803892.1104078;/app/bags/user95_2017-02-24.bag;0.834065854549408;0.0;0.9619645476341248;0.0;2.6795707480621864;0.44242944379134674;0.5575705562086533
1731803892.3103523;/app/bags/user95_2017-02-24.bag;0.834065854549408;0.0;0.9619645476341248;0.0;2.6795707480621864;0.44242944379134674;0.5575705562086533
1731803892.5103903;/app/bags/user95_2017-02-24.bag;0.834065854549408;0.0;0.9619645476341248;0.0;2.6795707480621864;0.44242944379134674;0.5575705562086533
1731803892.710418;/app/bags/user95_2017-02-24.bag;0.834065854549408;0.0;0.9619645476341248;0.0;2.6795707480621864;0.44242944379134674;0.5575705562086533
1731803892.910383;/app/bags/user95_2017-02-24.bag;0.834065854549408;0.0;0.9619645476341248;0.0;2.6795707480621864;0.44242944379134674;0.5575705562086533
1731803893.110442;/app/bags/user95_2017-02-24.bag;0.834065854549408;0.0;0.9619645476341248;0.0;2.6795707480621864;0.44242944379134674;0.5575705562086533
1731803893.3103826;/app/bags/user95_2017-02-24.bag;0.834065854549408;0.0;0.9619645476341248;0.0;2.6795707480621864;0.44242944379134674;0.5575705562086533
1731803893.510385;/app/bags/user95_2017-02-24.bag;0.834065854549408;0.0;0.9619645476341248;0.0;2.6795707480621864;0.44242944379134674;0.5575705562086533
1731803893.7104437;/app/bags/user95_2017-02-24.bag;0.834065854549408;0.0;0.9619645476341248;0.0;2.6795707480621864;0.44242944379134674;0.5575705562086533
1731803893.9104211;/app/bags/user95_2017-02-24.bag;0.834065854549408;0.0;0.9619645476341248;0.0;2.6795707480621864;0.44242944379134674;0.5575705562086533
1731803894.1105058;/app/bags/user95_2017-02-24.bag;0.834065854549408;0.0;0.9619645476341248;0.0;2.6795707480621864;0.44242944379134674;0.5575705562086533
1731803894.3103867;/app/bags/user95_2017-02-24.bag;0.834065854549408;0.0;0.9619645476341248;0.0;2.6795707480621864;0.44242944379134674;0.5575705562086533
1731803894.510446;/app/bags/user95_2017-02-24.bag;0.834065854549408;0.0;0.9619645476341248;0.0;2.6795707480621864;0.44242944379134674;0.5575705562086533
1731803894.7105196;/app/bags/user95_2017-02-24.bag;0.834065854549408;0.0;0.9619645476341248;0.0;2.6795707480621864;0.44242944379134674;0.5575705562086533
1731803894.9103732;/app/bags/user95_2017-02-24.bag;0.834065854549408;0.0;0.9619645476341248;0.0;2.6795707480621864;0.44242944379134674;0.5575705562086533
1731803895.1103945;/app/bags/user95_2017-02-24.bag;0.834065854549408;0.0;0.9619645476341248;0.0;2.6795707480621864;0.44242944379134674;0.5575705562086533
1731803895.310379;/app/bags/user95_2017-02-24.bag;0.834065854549408;0.0;0.9619645476341248;0.0;2.6795707480621864;0.44242944379134674;0.5575705562086533
1731803895.510376;/app/bags/user95_2017-02-24.bag;0.834065854549408;0.0;0.9619645476341248;0.0;2.6795707480621864;0.44242944379134674;0.5575705562086533
1731803895.710481;/app/bags/user95_2017-02-24.bag;0.834065854549408;0.0;0.9619645476341248;0.0;2.6795707480621864;0.44242944379134674;0.5575705562086533
1731803895.9104006;/app/bags/user95_2017-02-24.bag;0.834065854549408;0.0;0.9619645476341248;0.0;2.6795707480621864;0.44242944379134674;0.5575705562086533
1731803896.1103776;/app/bags/user95_2017-02-24.bag;0.834065854549408;0.0;0.9619645476341248;0.0;2.6795707480621864;0.44242944379134674;0.5575705562086533
1731803896.3103673;/app/bags/user95_2017-02-24.bag;0.834065854549408;0.0;0.9619645476341248;0.0;2.6795707480621864;0.44242944379134674;0.5575705562086533
1731803896.5104322;/app/bags/user95_2017-02-24.bag;0.834065854549408;0.0;0.9619645476341248;0.0;2.6795707480621864;0.44242944379134674;0.5575705562086533
1731803896.710406;/app/bags/user95_2017-02-24.bag;0.834065854549408;0.0;0.9619645476341248;0.0;2.6795707480621864;0.44242944379134674;0.5575705562086533
1731803896.91039;/app/bags/user95_2017-02-24.bag;0.834065854549408;0.0;0.9619645476341248;0.0;2.6795707480621864;0.44242944379134674;0.5575705562086533
1731803897.110379;/app/bags/user95_2017-02-24.bag;0.834065854549408;0.0;0.9619645476341248;0.0;2.6795707480621864;0.44242944379134674;0.5575705562086533
1731803897.310372;/app/bags/user95_2017-02-24.bag;0.834065854549408;0.0;0.9619645476341248;0.0;2.6795707480621864;0.44242944379134674;0.5575705562086533
1731803897.5104046;/app/bags/user95_2017-02-24.bag;0.834065854549408;0.0;0.9619645476341248;0.0;2.6795707480621864;0.44242944379134674;0.5575705562086533
1731803897.7104142;/app/bags/user95_2017-02-24.bag;0.834065854549408;0.0;0.9619645476341248;0.0;2.6795707480621864;0.44242944379134674;0.5575705562086533
1731803897.9103963;/app/bags/user95_2017-02-24.bag;0.834065854549408;0.0;0.9619645476341248;0.0;2.6795707480621864;0.44242944379134674;0.5575705562086533
1731803898.110492;/app/bags/user95_2017-02-24.bag;0.834065854549408;0.0;0.9619645476341248;0.0;2.6795707480621864;0.44242944379134674;0.5575705562086533
1731803898.310391;/app/bags/user95_2017-02-24.bag;0.834065854549408;0.0;0.9619645476341248;0.0;2.6795707480621864;0.44242944379134674;0.5575705562086533
1731803898.5103981;/app/bags/user95_2017-02-24.bag;0.834065854549408;0.0;0.9619645476341248;0.0;2.6795707480621864;0.44242944379134674;0.5575705562086533
1731803898.7103815;/app/bags/user95_2017-02-24.bag;0.834065854549408;0.0;0.9619645476341248;0.0;2.6795707480621864;0.44242944379134674;0.5575705562086533
1731803898.9105773;/app/bags/user95_2017-02-24.bag;0.834065854549408;0.0;0.9619645476341248;0.0;2.6795707480621864;0.44242944379134674;0.5575705562086533
1731803899.1104085;/app/bags/user95_2017-02-24.bag;0.834065854549408;0.0;0.9619645476341248;0.0;2.6795707480621864;0.44242944379134674;0.5575705562086533
1731803899.3103876;/app/bags/user95_2017-02-24.bag;0.834065854549408;0.0;0.9619645476341248;0.0;2.6795707480621864;0.44242944379134674;0.5575705562086533
1731803899.510492;/app/bags/user95_2017-02-24.bag;0.834065854549408;0.0;0.9619645476341248;0.0;2.6795707480621864;0.44242944379134674;0.5575705562086533
1731803899.7104025;/app/bags/user95_2017-02-24.bag;0.834065854549408;0.0;0.9619645476341248;0.0;2.6795707480621864;0.44242944379134674;0.5575705562086533
1731803899.9104042;/app/bags/user95_2017-02-24.bag;0.834065854549408;0.0;0.9619645476341248;0.0;2.6795707480621864;0.44242944379134674;0.5575705562086533
1731803900.1103616;/app/bags/user95_2017-02-24.bag;0.834065854549408;0.0;0.9619645476341248;0.0;2.6795707480621864;0.44242944379134674;0.5575705562086533
1731803900.3105469;/app/bags/user95_2017-02-24.bag;0.834065854549408;0.0;0.9619645476341248;0.0;2.6795707480621864;0.44242944379134674;0.5575705562086533
1731803900.5103722;/app/bags/user95_2017-02-24.bag;0.834065854549408;0.0;0.9619645476341248;0.0;2.6795707480621864;0.44242944379134674;0.5575705562086533
1731803900.710453;/app/bags/user95_2017-02-24.bag;0.834065854549408;0.0;0.9619645476341248;0.0;2.6795707480621864;0.44242944379134674;0.5575705562086533
1731803900.9103928;/app/bags/user95_2017-02-24.bag;0.834065854549408;0.0;0.9619645476341248;0.0;2.6795707480621864;0.44242944379134674;0.5575705562086533
1731803901.1103706;/app/bags/user95_2017-02-24.bag;0.834065854549408;0.0;0.9619645476341248;0.0;2.6795707480621864;0.44242944379134674;0.5575705562086533
1731803901.310392;/app/bags/user95_2017-02-24.bag;0.834065854549408;0.0;0.9619645476341248;0.0;2.6795707480621864;0.44242944379134674;0.5575705562086533
1731803901.5103934;/app/bags/user95_2017-02-24.bag;0.834065854549408;0.0;0.9619645476341248;0.0;2.6795707480621864;0.44242944379134674;0.5575705562086533
1731803901.7103689;/app/bags/user95_2017-02-24.bag;0.834065854549408;0.0;0.9619645476341248;0.0;2.6795707480621864;0.44242944379134674;0.5575705562086533
1731803901.910416;/app/bags/user95_2017-02-24.bag;0.834065854549408;0.0;0.9619645476341248;0.0;2.6795707480621864;0.44242944379134674;0.5575705562086533
1731803902.11039;/app/bags/user95_2017-02-24.bag;0.834065854549408;0.0;0.9619645476341248;0.0;2.6795707480621864;0.44242944379134674;0.5575705562086533
1731803902.310425;/app/bags/user95_2017-02-24.bag;0.834065854549408;0.0;0.9619645476341248;0.0;2.6795707480621864;0.44242944379134674;0.5575705562086533
1731803902.5103862;/app/bags/user95_2017-02-24.bag;0.834065854549408;0.0;0.9619645476341248;0.0;2.6795707480621864;0.44242944379134674;0.5575705562086533
1731803902.7104723;/app/bags/user95_2017-02-24.bag;0.834065854549408;0.0;0.9619645476341248;0.0;2.6795707480621864;0.44242944379134674;0.5575705562086533
1731803902.910381;/app/bags/user95_2017-02-24.bag;0.834065854549408;0.0;0.9619645476341248;0.0;2.6795707480621864;0.44242944379134674;0.5575705562086533
1731803903.1104457;/app/bags/user95_2017-02-24.bag;0.834065854549408;0.0;0.9619645476341248;0.0;2.6795707480621864;0.44242944379134674;0.5575705562086533
1731803903.3103526;/app/bags/user95_2017-02-24.bag;0.834065854549408;0.0;0.9619645476341248;0.0;2.6795707480621864;0.44242944379134674;0.5575705562086533
1731803903.5103798;/app/bags/user95_2017-02-24.bag;0.834065854549408;0.0;0.9619645476341248;0.0;2.6795707480621864;0.44242944379134674;0.5575705562086533
1731803903.7103753;/app/bags/user95_2017-02-24.bag;0.834065854549408;0.0;0.9619645476341248;0.0;2.6795707480621864;0.44242944379134674;0.5575705562086533
1731803903.9103863;/app/bags/user95_2017-02-24.bag;0.834065854549408;0.0;0.9619645476341248;0.0;2.6795707480621864;0.44242944379134674;0.5575705562086533
1731803904.1104927;/app/bags/user95_2017-02-24.bag;0.834065854549408;0.0;0.9619645476341248;0.0;2.6795707480621864;0.44242944379134674;0.5575705562086533
1731803904.3103957;/app/bags/user95_2017-02-24.bag;0.834065854549408;0.0;0.9619645476341248;0.0;2.6795707480621864;0.44242944379134674;0.5575705562086533
1731803904.51039;/app/bags/user95_2017-02-24.bag;0.834065854549408;0.0;0.9619645476341248;0.0;2.6795707480621864;0.44242944379134674;0.5575705562086533
1731803904.71037;/app/bags/user95_2017-02-24.bag;0.834065854549408;0.0;0.9619645476341248;0.0;2.6795707480621864;0.44242944379134674;0.5575705562086533
1731803904.9103954;/app/bags/user95_2017-02-24.bag;0.834065854549408;0.0;0.9619645476341248;0.0;2.6795707480621864;0.44242944379134674;0.5575705562086533
1731803905.1104019;/app/bags/user95_2017-02-24.bag;0.834065854549408;0.0;0.9619645476341248;0.0;2.6795707480621864;0.44242944379134674;0.5575705562086533
1731803905.3104074;/app/bags/user95_2017-02-24.bag;0.834065854549408;0.0;0.9619645476341248;0.0;2.6795707480621864;0.44242944379134674;0.5575705562086533
1731803905.5104067;/app/bags/user95_2017-02-24.bag;0.834065854549408;0.0;0.9619645476341248;0.0;2.6795707480621864;0.44242944379134674;0.5575705562086533
1731803905.710415;/app/bags/user95_2017-02-24.bag;0.834065854549408;0.0;0.9619645476341248;0.0;2.6795707480621864;0.44242944379134674;0.5575705562086533
1731803905.9105136;/app/bags/user95_2017-02-24.bag;0.834065854549408;0.0;0.9619645476341248;0.0;2.6795707480621864;0.44242944379134674;0.5575705562086533
1731803906.1103923;/app/bags/user95_2017-02-24.bag;0.834065854549408;0.0;0.9619645476341248;0.0;2.6795707480621864;0.44242944379134674;0.5575705562086533
1731803906.3104656;/app/bags/user95_2017-02-24.bag;0.834065854549408;0.0;0.9619645476341248;0.0;2.6795707480621864;0.44242944379134674;0.5575705562086533
1731803906.5104084;/app/bags/user95_2017-02-24.bag;0.834065854549408;0.0;0.9619645476341248;0.0;2.6795707480621864;0.44242944379134674;0.5575705562086533
1731803906.710611;/app/bags/user95_2017-02-24.bag;0.834065854549408;0.0;0.9619645476341248;0.0;2.6795707480621864;0.44242944379134674;0.5575705562086533
1731803906.9103894;/app/bags/user95_2017-02-24.bag;0.834065854549408;0.0;0.9619645476341248;0.0;2.6795707480621864;0.44242944379134674;0.5575705562086533
1731803907.1103551;/app/bags/user95_2017-02-24.bag;0.834065854549408;0.0;0.9619645476341248;0.0;2.6795707480621864;0.44242944379134674;0.5575705562086533
1731803907.3104417;/app/bags/user95_2017-02-24.bag;0.834065854549408;0.0;0.9619645476341248;0.0;2.6795707480621864;0.44242944379134674;0.5575705562086533
1731803907.5103915;/app/bags/user95_2017-02-24.bag;0.834065854549408;0.0;0.9619645476341248;0.0;2.6795707480621864;0.44242944379134674;0.5575705562086533
1731803907.7103784;/app/bags/user95_2017-02-24.bag;0.834065854549408;0.0;0.9619645476341248;0.0;2.6795707480621864;0.44242944379134674;0.5575705562086533
1731803907.9104648;/app/bags/user95_2017-02-24.bag;0.834065854549408;0.0;0.9619645476341248;0.0;2.6795707480621864;0.44242944379134674;0.5575705562086533
1731803908.110407;/app/bags/user95_2017-02-24.bag;0.834065854549408;0.0;0.9619645476341248;0.0;2.6795707480621864;0.44242944379134674;0.5575705562086533
1731803908.3104315;/app/bags/user95_2017-02-24.bag;0.834065854549408;0.0;0.9619645476341248;0.0;2.6795707480621864;0.44242944379134674;0.5575705562086533
1731803908.51041;/app/bags/user95_2017-02-24.bag;0.834065854549408;0.0;0.9619645476341248;0.0;2.6795707480621864;0.44242944379134674;0.5575705562086533
1731803908.7103908;/app/bags/user95_2017-02-24.bag;0.834065854549408;0.0;0.9619645476341248;0.0;2.6795707480621864;0.44242944379134674;0.5575705562086533
1731803908.9103696;/app/bags/user95_2017-02-24.bag;0.834065854549408;0.0;0.9619645476341248;0.0;2.6795707480621864;0.44242944379134674;0.5575705562086533
1731803909.110416;/app/bags/user95_2017-02-24.bag;0.834065854549408;0.0;0.9619645476341248;0.0;2.6795707480621864;0.44242944379134674;0.5575705562086533
1731803909.3104177;/app/bags/user95_2017-02-24.bag;0.834065854549408;0.0;0.9619645476341248;0.0;2.6795707480621864;0.44242944379134674;0.5575705562086533
1731803909.5104046;/app/bags/user95_2017-02-24.bag;0.834065854549408;0.0;0.9619645476341248;0.0;2.6795707480621864;0.44242944379134674;0.5575705562086533
1731803909.710371;/app/bags/user95_2017-02-24.bag;0.834065854549408;0.0;0.9619645476341248;0.0;2.6795707480621864;0.44242944379134674;0.5575705562086533
1731803909.9104552;/app/bags/user95_2017-02-24.bag;0.834065854549408;0.0;0.9619645476341248;0.0;2.6795707480621864;0.44242944379134674;0.5575705562086533
1731803910.1103883;/app/bags/user95_2017-02-24.bag;0.834065854549408;0.0;0.9619645476341248;0.0;2.6795707480621864;0.44242944379134674;0.5575705562086533
1731803910.3103848;/app/bags/user95_2017-02-24.bag;0.834065854549408;0.0;0.9619645476341248;0.0;2.6795707480621864;0.44242944379134674;0.5575705562086533
1731803910.510495;/app/bags/user95_2017-02-24.bag;0.834065854549408;0.0;0.9619645476341248;0.0;2.6795707480621864;0.44242944379134674;0.5575705562086533
1731803910.7103953;/app/bags/user95_2017-02-24.bag;0.834065854549408;0.0;0.9619645476341248;0.0;2.6795707480621864;0.44242944379134674;0.5575705562086533
1731803910.910365;/app/bags/user95_2017-02-24.bag;0.834065854549408;0.0;0.9619645476341248;0.0;2.6795707480621864;0.44242944379134674;0.5575705562086533
1731803911.110442;/app/bags/user95_2017-02-24.bag;0.834065854549408;0.0;0.9619645476341248;0.0;2.6795707480621864;0.44242944379134674;0.5575705562086533
1731803911.3105307;/app/bags/user95_2017-02-24.bag;0.834065854549408;0.0;0.9619645476341248;0.0;2.6795707480621864;0.44242944379134674;0.5575705562086533
1731803911.510411;/app/bags/user95_2017-02-24.bag;0.834065854549408;0.0;0.9619645476341248;0.0;2.6795707480621864;0.44242944379134674;0.5575705562086533
1731803911.7103927;/app/bags/user95_2017-02-24.bag;0.834065854549408;0.0;0.9619645476341248;0.0;2.6795707480621864;0.44242944379134674;0.5575705562086533
1731803911.9104612;/app/bags/user95_2017-02-24.bag;0.834065854549408;0.0;0.9619645476341248;0.0;2.6795707480621864;0.44242944379134674;0.5575705562086533
1731803912.1103575;/app/bags/user95_2017-02-24.bag;0.834065854549408;0.0;0.9619645476341248;0.0;2.6795707480621864;0.44242944379134674;0.5575705562086533
1731803912.3103867;/app/bags/user95_2017-02-24.bag;0.834065854549408;0.0;0.9619645476341248;0.0;2.6795707480621864;0.44242944379134674;0.5575705562086533
1731803912.5104063;/app/bags/user95_2017-02-24.bag;0.834065854549408;0.0;0.9619645476341248;0.0;2.6795707480621864;0.44242944379134674;0.5575705562086533
1731803912.710399;/app/bags/user95_2017-02-24.bag;0.834065854549408;0.0;0.9619645476341248;0.0;2.6795707480621864;0.44242944379134674;0.5575705562086533
1731803912.9104033;/app/bags/user95_2017-02-24.bag;0.834065854549408;0.0;0.9619645476341248;0.0;2.6795707480621864;0.44242944379134674;0.5575705562086533
1731803913.110498;/app/bags/user95_2017-02-24.bag;0.834065854549408;0.0;0.9619645476341248;0.0;2.6795707480621864;0.44242944379134674;0.5575705562086533
1731803913.3103933;/app/bags/user95_2017-02-24.bag;0.834065854549408;0.0;0.9619645476341248;0.0;2.6795707480621864;0.44242944379134674;0.5575705562086533
1731803913.5103812;/app/bags/user95_2017-02-24.bag;0.834065854549408;0.0;0.9619645476341248;0.0;2.6795707480621864;0.44242944379134674;0.5575705562086533
1731803913.7103631;/app/bags/user95_2017-02-24.bag;0.834065854549408;0.0;0.9619645476341248;0.0;2.6795707480621864;0.44242944379134674;0.5575705562086533
1731803913.910394;/app/bags/user95_2017-02-24.bag;0.834065854549408;0.0;0.9619645476341248;0.0;2.6795707480621864;0.44242944379134674;0.5575705562086533
1731803914.1103833;/app/bags/user95_2017-02-24.bag;0.834065854549408;0.0;0.9619645476341248;0.0;2.6795707480621864;0.44242944379134674;0.5575705562086533
1731803914.3103995;/app/bags/user95_2017-02-24.bag;0.834065854549408;0.0;0.9619645476341248;0.0;2.6795707480621864;0.44242944379134674;0.5575705562086533
1731803914.5103533;/app/bags/user95_2017-02-24.bag;0.834065854549408;0.0;0.9619645476341248;0.0;2.6795707480621864;0.44242944379134674;0.5575705562086533
1731803914.7103853;/app/bags/user95_2017-02-24.bag;0.834065854549408;0.0;0.9619645476341248;0.0;2.6795707480621864;0.44242944379134674;0.5575705562086533
1731803914.9103973;/app/bags/user95_2017-02-24.bag;0.834065854549408;0.0;0.9619645476341248;0.0;2.6795707480621864;0.44242944379134674;0.5575705562086533
1731803915.1104202;/app/bags/user95_2017-02-24.bag;0.834065854549408;0.0;0.9619645476341248;0.0;2.6795707480621864;0.44242944379134674;0.5575705562086533
1731803915.3104303;/app/bags/user95_2017-02-24.bag;0.834065854549408;0.0;0.9619645476341248;0.0;2.6795707480621864;0.44242944379134674;0.5575705562086533
1731803915.5104089;/app/bags/user95_2017-02-24.bag;0.834065854549408;0.0;0.9619645476341248;0.0;2.6795707480621864;0.44242944379134674;0.5575705562086533
1731803915.7103786;/app/bags/user95_2017-02-24.bag;0.834065854549408;0.0;0.9619645476341248;0.0;2.6795707480621864;0.44242944379134674;0.5575705562086533
1731803915.9103606;/app/bags/user95_2017-02-24.bag;0.834065854549408;0.0;0.9619645476341248;0.0;2.6795707480621864;0.44242944379134674;0.5575705562086533
1731803916.1104236;/app/bags/user95_2017-02-24.bag;0.834065854549408;0.0;0.9619645476341248;0.0;2.6795707480621864;0.44242944379134674;0.5575705562086533
1731803916.3104;/app/bags/user95_2017-02-24.bag;0.834065854549408;0.0;0.9619645476341248;0.0;2.6795707480621864;0.44242944379134674;0.5575705562086533
1731803916.5104058;/app/bags/user95_2017-02-24.bag;0.834065854549408;0.0;0.9619645476341248;0.0;2.6795707480621864;0.44242944379134674;0.5575705562086533
1731803916.7104092;/app/bags/user95_2017-02-24.bag;0.834065854549408;0.0;0.9619645476341248;0.0;2.6795707480621864;0.44242944379134674;0.5575705562086533
1731803916.9104266;/app/bags/user95_2017-02-24.bag;0.834065854549408;0.0;0.9619645476341248;0.0;2.6795707480621864;0.44242944379134674;0.5575705562086533
1731803917.1104572;/app/bags/user95_2017-02-24.bag;0.834065854549408;0.0;0.9619645476341248;0.0;2.6795707480621864;0.44242944379134674;0.5575705562086533
1731803917.3103762;/app/bags/user95_2017-02-24.bag;0.834065854549408;0.0;0.9619645476341248;0.0;2.6795707480621864;0.44242944379134674;0.5575705562086533
1731803917.5104203;/app/bags/user95_2017-02-24.bag;0.834065854549408;0.0;0.9619645476341248;0.0;2.6795707480621864;0.44242944379134674;0.5575705562086533
1731803917.7103877;/app/bags/user95_2017-02-24.bag;0.834065854549408;0.0;0.9619645476341248;0.0;2.6795707480621864;0.44242944379134674;0.5575705562086533
1731803917.9103982;/app/bags/user95_2017-02-24.bag;0.834065854549408;0.0;0.9619645476341248;0.0;2.6795707480621864;0.44242944379134674;0.5575705562086533
1731803918.1103892;/app/bags/user95_2017-02-24.bag;0.834065854549408;0.0;0.9619645476341248;0.0;2.6795707480621864;0.44242944379134674;0.5575705562086533
1731803918.3104405;/app/bags/user95_2017-02-24.bag;0.834065854549408;0.0;0.9619645476341248;0.0;2.6795707480621864;0.44242944379134674;0.5575705562086533
1731803918.51041;/app/bags/user95_2017-02-24.bag;0.834065854549408;0.0;0.9619645476341248;0.0;2.6795707480621864;0.44242944379134674;0.5575705562086533
1731803918.7103837;/app/bags/user95_2017-02-24.bag;0.834065854549408;0.0;0.9619645476341248;0.0;2.6795707480621864;0.44242944379134674;0.5575705562086533
1731803918.9103673;/app/bags/user95_2017-02-24.bag;0.834065854549408;0.0;0.9619645476341248;0.0;2.6795707480621864;0.44242944379134674;0.5575705562086533
1731803919.1103606;/app/bags/user95_2017-02-24.bag;0.834065854549408;0.0;0.9619645476341248;0.0;2.6795707480621864;0.44242944379134674;0.5575705562086533
1731803919.3103797;/app/bags/user95_2017-02-24.bag;0.834065854549408;0.0;0.9619645476341248;0.0;2.6795707480621864;0.44242944379134674;0.5575705562086533
1731803919.5103998;/app/bags/user95_2017-02-24.bag;0.834065854549408;0.0;0.9619645476341248;0.0;2.6795707480621864;0.44242944379134674;0.5575705562086533
1731803919.7105622;/app/bags/user95_2017-02-24.bag;0.834065854549408;0.0;0.9619645476341248;0.0;2.6795707480621864;0.44242944379134674;0.5575705562086533
1731803919.9104047;/app/bags/user95_2017-02-24.bag;0.834065854549408;0.0;0.9619645476341248;0.0;2.6795707480621864;0.44242944379134674;0.5575705562086533
1731803920.1103919;/app/bags/user95_2017-02-24.bag;0.834065854549408;0.0;0.9619645476341248;0.0;2.6795707480621864;0.44242944379134674;0.5575705562086533
1731803920.3103833;/app/bags/user95_2017-02-24.bag;0.834065854549408;0.0;0.9619645476341248;0.0;2.6795707480621864;0.44242944379134674;0.5575705562086533
1731803920.5104454;/app/bags/user95_2017-02-24.bag;0.834065854549408;0.0;0.9619645476341248;0.0;2.6795707480621864;0.44242944379134674;0.5575705562086533
1731803920.710423;/app/bags/user95_2017-02-24.bag;0.834065854549408;0.0;0.9619645476341248;0.0;2.6795707480621864;0.44242944379134674;0.5575705562086533
1731803920.9104939;/app/bags/user95_2017-02-24.bag;0.834065854549408;0.0;0.9619645476341248;0.0;2.6795707480621864;0.44242944379134674;0.5575705562086533
1731803921.1104176;/app/bags/user95_2017-02-24.bag;0.834065854549408;0.0;0.9619645476341248;0.0;2.6795707480621864;0.44242944379134674;0.5575705562086533
1731803921.3104007;/app/bags/user95_2017-02-24.bag;0.834065854549408;0.0;0.9619645476341248;0.0;2.6795707480621864;0.44242944379134674;0.5575705562086533
1731803921.5104043;/app/bags/user95_2017-02-24.bag;0.834065854549408;0.0;0.9619645476341248;0.0;2.6795707480621864;0.44242944379134674;0.5575705562086533
1731803921.7103868;/app/bags/user95_2017-02-24.bag;0.834065854549408;0.0;0.9619645476341248;0.0;2.6795707480621864;0.44242944379134674;0.5575705562086533
1731803921.910398;/app/bags/user95_2017-02-24.bag;0.834065854549408;0.0;0.9619645476341248;0.0;2.6795707480621864;0.44242944379134674;0.5575705562086533
1731803922.1104138;/app/bags/user95_2017-02-24.bag;0.834065854549408;0.0;0.9619645476341248;0.0;2.6795707480621864;0.44242944379134674;0.5575705562086533
1731803922.3104045;/app/bags/user95_2017-02-24.bag;0.834065854549408;0.0;0.9619645476341248;0.0;2.6795707480621864;0.44242944379134674;0.5575705562086533
1731803922.5104494;/app/bags/user95_2017-02-24.bag;0.834065854549408;0.0;0.9619645476341248;0.0;2.6795707480621864;0.44242944379134674;0.5575705562086533
1731803922.710408;/app/bags/user95_2017-02-24.bag;0.834065854549408;0.0;0.9619645476341248;0.0;2.6795707480621864;0.44242944379134674;0.5575705562086533
1731803922.9104173;/app/bags/user95_2017-02-24.bag;0.834065854549408;0.0;0.9619645476341248;0.0;2.6795707480621864;0.44242944379134674;0.5575705562086533
1731803923.1104941;/app/bags/user95_2017-02-24.bag;0.834065854549408;0.0;0.9619645476341248;0.0;2.6795707480621864;0.44242944379134674;0.5575705562086533
1731803923.3103802;/app/bags/user95_2017-02-24.bag;0.834065854549408;0.0;0.9619645476341248;0.0;2.6795707480621864;0.44242944379134674;0.5575705562086533
1731803923.5104039;/app/bags/user95_2017-02-24.bag;0.834065854549408;0.0;0.9619645476341248;0.0;2.6795707480621864;0.44242944379134674;0.5575705562086533
1731803923.7103782;/app/bags/user95_2017-02-24.bag;0.834065854549408;0.0;0.9619645476341248;0.0;2.6795707480621864;0.44242944379134674;0.5575705562086533
1731803923.9104807;/app/bags/user95_2017-02-24.bag;0.834065854549408;0.0;0.9619645476341248;0.0;2.6795707480621864;0.44242944379134674;0.5575705562086533
1731803924.110427;/app/bags/user95_2017-02-24.bag;0.834065854549408;0.0;0.9619645476341248;0.0;2.6795707480621864;0.44242944379134674;0.5575705562086533
1731803924.3105764;/app/bags/user95_2017-02-24.bag;0.834065854549408;0.0;0.9619645476341248;0.0;2.6795707480621864;0.44242944379134674;0.5575705562086533
1731803924.510488;/app/bags/user95_2017-02-24.bag;0.834065854549408;0.0;0.9619645476341248;0.0;2.6795707480621864;0.44242944379134674;0.5575705562086533
1731803924.7103856;/app/bags/user95_2017-02-24.bag;0.834065854549408;0.0;0.9619645476341248;0.0;2.6795707480621864;0.44242944379134674;0.5575705562086533
1731803924.910385;/app/bags/user95_2017-02-24.bag;0.834065854549408;0.0;0.9619645476341248;0.0;2.6795707480621864;0.44242944379134674;0.5575705562086533
1731803925.1104128;/app/bags/user95_2017-02-24.bag;0.834065854549408;0.0;0.9619645476341248;0.0;2.6795707480621864;0.44242944379134674;0.5575705562086533
1731803925.31041;/app/bags/user95_2017-02-24.bag;0.834065854549408;0.0;0.9619645476341248;0.0;2.6795707480621864;0.44242944379134674;0.5575705562086533
1731803925.51047;/app/bags/user95_2017-02-24.bag;0.834065854549408;0.0;0.9619645476341248;0.0;2.6795707480621864;0.44242944379134674;0.5575705562086533
1731803925.7104065;/app/bags/user95_2017-02-24.bag;0.834065854549408;0.0;0.9619645476341248;0.0;2.6795707480621864;0.44242944379134674;0.5575705562086533
1731803925.9104;/app/bags/user95_2017-02-24.bag;0.834065854549408;0.0;0.9619645476341248;0.0;2.6795707480621864;0.44242944379134674;0.5575705562086533
1731803926.1103697;/app/bags/user95_2017-02-24.bag;0.834065854549408;0.0;0.9619645476341248;0.0;2.6795707480621864;0.44242944379134674;0.5575705562086533
1731803926.3106117;/app/bags/user95_2017-02-24.bag;0.834065854549408;0.0;0.9619645476341248;0.0;2.6795707480621864;0.44242944379134674;0.5575705562086533
1731803926.5104508;/app/bags/user95_2017-02-24.bag;0.834065854549408;0.0;0.9619645476341248;0.0;2.6795707480621864;0.44242944379134674;0.5575705562086533
1731803926.7103772;/app/bags/user95_2017-02-24.bag;0.834065854549408;0.0;0.9619645476341248;0.0;2.6795707480621864;0.44242944379134674;0.5575705562086533
1731803926.9103906;/app/bags/user95_2017-02-24.bag;0.834065854549408;0.0;0.9619645476341248;0.0;2.6795707480621864;0.44242944379134674;0.5575705562086533
1731803927.1103613;/app/bags/user95_2017-02-24.bag;0.834065854549408;0.0;0.9619645476341248;0.0;2.6795707480621864;0.44242944379134674;0.5575705562086533
1731803927.310378;/app/bags/user95_2017-02-24.bag;0.834065854549408;0.0;0.9619645476341248;0.0;2.6795707480621864;0.44242944379134674;0.5575705562086533
1731803927.5103984;/app/bags/user95_2017-02-24.bag;0.834065854549408;0.0;0.9619645476341248;0.0;2.6795707480621864;0.44242944379134674;0.5575705562086533
1731803927.7103903;/app/bags/user95_2017-02-24.bag;0.834065854549408;0.0;0.9619645476341248;0.0;2.6795707480621864;0.44242944379134674;0.5575705562086533
1731803927.9104075;/app/bags/user95_2017-02-24.bag;0.834065854549408;0.0;0.9619645476341248;0.0;2.6795707480621864;0.44242944379134674;0.5575705562086533
1731803928.110403;/app/bags/user95_2017-02-24.bag;0.834065854549408;0.0;0.9619645476341248;0.0;2.6795707480621864;0.44242944379134674;0.5575705562086533
1731803928.3103964;/app/bags/user95_2017-02-24.bag;0.834065854549408;0.0;0.9619645476341248;0.0;2.6795707480621864;0.44242944379134674;0.5575705562086533
1731803928.5103664;/app/bags/user95_2017-02-24.bag;0.834065854549408;0.0;0.9619645476341248;0.0;2.6795707480621864;0.44242944379134674;0.5575705562086533
1731803928.710454;/app/bags/user95_2017-02-24.bag;0.834065854549408;0.0;0.9619645476341248;0.0;2.6795707480621864;0.44242944379134674;0.5575705562086533
1731803928.9104028;/app/bags/user95_2017-02-24.bag;0.834065854549408;0.0;0.9619645476341248;0.0;2.6795707480621864;0.44242944379134674;0.5575705562086533
1731803929.110444;/app/bags/user95_2017-02-24.bag;0.834065854549408;0.0;0.9619645476341248;0.0;2.6795707480621864;0.44242944379134674;0.5575705562086533
1731803929.3103857;/app/bags/user95_2017-02-24.bag;0.834065854549408;0.0;0.9619645476341248;0.0;2.6795707480621864;0.44242944379134674;0.5575705562086533
1731803929.510384;/app/bags/user95_2017-02-24.bag;0.834065854549408;0.0;0.9619645476341248;0.0;2.6795707480621864;0.44242944379134674;0.5575705562086533
1731803929.710387;/app/bags/user95_2017-02-24.bag;0.834065854549408;0.0;0.9619645476341248;0.0;2.6795707480621864;0.44242944379134674;0.5575705562086533
1731803929.9103804;/app/bags/user95_2017-02-24.bag;0.834065854549408;0.0;0.9619645476341248;0.0;2.6795707480621864;0.44242944379134674;0.5575705562086533
1731803930.1104152;/app/bags/user95_2017-02-24.bag;0.834065854549408;0.0;0.9619645476341248;0.0;2.6795707480621864;0.44242944379134674;0.5575705562086533
1731803930.3104446;/app/bags/user95_2017-02-24.bag;0.834065854549408;0.0;0.9619645476341248;0.0;2.6795707480621864;0.44242944379134674;0.5575705562086533
1731803930.5103793;/app/bags/user95_2017-02-24.bag;0.834065854549408;0.0;0.9619645476341248;0.0;2.6795707480621864;0.44242944379134674;0.5575705562086533
1731803930.7104096;/app/bags/user95_2017-02-24.bag;0.834065854549408;0.0;0.9619645476341248;0.0;2.6795707480621864;0.44242944379134674;0.5575705562086533
1731803930.910375;/app/bags/user95_2017-02-24.bag;0.834065854549408;0.0;0.9619645476341248;0.0;2.6795707480621864;0.44242944379134674;0.5575705562086533
1731803931.110392;/app/bags/user95_2017-02-24.bag;0.834065854549408;0.0;0.9619645476341248;0.0;2.6795707480621864;0.44242944379134674;0.5575705562086533
1731803931.3105156;/app/bags/user95_2017-02-24.bag;0.834065854549408;0.0;0.9619645476341248;0.0;2.6795707480621864;0.44242944379134674;0.5575705562086533
1731803931.5104032;/app/bags/user95_2017-02-24.bag;0.834065854549408;0.0;0.9619645476341248;0.0;2.6795707480621864;0.44242944379134674;0.5575705562086533
1731803931.7104316;/app/bags/user95_2017-02-24.bag;0.834065854549408;0.0;0.9619645476341248;0.0;2.6795707480621864;0.44242944379134674;0.5575705562086533
1731803931.9103932;/app/bags/user95_2017-02-24.bag;0.834065854549408;0.0;0.9619645476341248;0.0;2.6795707480621864;0.44242944379134674;0.5575705562086533
1731803932.1103969;/app/bags/user95_2017-02-24.bag;0.834065854549408;0.0;0.9619645476341248;0.0;2.6795707480621864;0.44242944379134674;0.5575705562086533
1731803932.3104043;/app/bags/user95_2017-02-24.bag;0.834065854549408;0.0;0.9619645476341248;0.0;2.6795707480621864;0.44242944379134674;0.5575705562086533
1731803932.5103977;/app/bags/user95_2017-02-24.bag;0.834065854549408;0.0;0.9619645476341248;0.0;2.6795707480621864;0.44242944379134674;0.5575705562086533
1731803932.7104385;/app/bags/user95_2017-02-24.bag;0.834065854549408;0.0;0.9619645476341248;0.0;2.6795707480621864;0.44242944379134674;0.5575705562086533
1731803932.9103954;/app/bags/user95_2017-02-24.bag;0.834065854549408;0.0;0.9619645476341248;0.0;2.6795707480621864;0.44242944379134674;0.5575705562086533
1731803933.1103923;/app/bags/user95_2017-02-24.bag;0.834065854549408;0.0;0.9619645476341248;0.0;2.6795707480621864;0.44242944379134674;0.5575705562086533
1731803933.3104362;/app/bags/user95_2017-02-24.bag;0.834065854549408;0.0;0.9619645476341248;0.0;2.6795707480621864;0.44242944379134674;0.5575705562086533
1731803933.5103989;/app/bags/user95_2017-02-24.bag;0.834065854549408;0.0;0.9619645476341248;0.0;2.6795707480621864;0.44242944379134674;0.5575705562086533
1731803933.7104254;/app/bags/user95_2017-02-24.bag;0.834065854549408;0.0;0.9619645476341248;0.0;2.6795707480621864;0.44242944379134674;0.5575705562086533
1731803933.9103994;/app/bags/user95_2017-02-24.bag;0.834065854549408;0.0;0.9619645476341248;0.0;2.6795707480621864;0.44242944379134674;0.5575705562086533
1731803934.11045;/app/bags/user95_2017-02-24.bag;0.834065854549408;0.0;0.9619645476341248;0.0;2.6795707480621864;0.44242944379134674;0.5575705562086533
1731803934.3104131;/app/bags/user95_2017-02-24.bag;0.834065854549408;0.0;0.9619645476341248;0.0;2.6795707480621864;0.44242944379134674;0.5575705562086533
1731803934.5104074;/app/bags/user95_2017-02-24.bag;0.834065854549408;0.0;0.9619645476341248;0.0;2.6795707480621864;0.44242944379134674;0.5575705562086533
1731803934.710409;/app/bags/user95_2017-02-24.bag;0.834065854549408;0.0;0.9619645476341248;0.0;2.6795707480621864;0.44242944379134674;0.5575705562086533
1731803934.9103951;/app/bags/user95_2017-02-24.bag;0.834065854549408;0.0;0.9619645476341248;0.0;2.6795707480621864;0.44242944379134674;0.5575705562086533
1731803935.1103604;/app/bags/user95_2017-02-24.bag;0.834065854549408;0.0;0.9619645476341248;0.0;2.6795707480621864;0.44242944379134674;0.5575705562086533
1731803935.310934;/app/bags/user95_2017-02-24.bag;0.834065854549408;0.0;0.9619645476341248;0.0;2.6795707480621864;0.44242944379134674;0.5575705562086533
1731803935.5104032;/app/bags/user95_2017-02-24.bag;0.834065854549408;0.0;0.9619645476341248;0.0;2.6795707480621864;0.44242944379134674;0.5575705562086533
1731803935.7104008;/app/bags/user95_2017-02-24.bag;0.834065854549408;0.0;0.9619645476341248;0.0;2.6795707480621864;0.44242944379134674;0.5575705562086533
1731803935.910407;/app/bags/user95_2017-02-24.bag;0.834065854549408;0.0;0.9619645476341248;0.0;2.6795707480621864;0.44242944379134674;0.5575705562086533
1731803936.1103935;/app/bags/user95_2017-02-24.bag;0.834065854549408;0.0;0.9619645476341248;0.0;2.6795707480621864;0.44242944379134674;0.5575705562086533
1731803936.3104806;/app/bags/user95_2017-02-24.bag;0.834065854549408;0.0;0.9619645476341248;0.0;2.6795707480621864;0.44242944379134674;0.5575705562086533
1731803936.5103874;/app/bags/user95_2017-02-24.bag;0.834065854549408;0.0;0.9619645476341248;0.0;2.6795707480621864;0.44242944379134674;0.5575705562086533
1731803936.7103753;/app/bags/user95_2017-02-24.bag;0.834065854549408;0.0;0.9619645476341248;0.0;2.6795707480621864;0.44242944379134674;0.5575705562086533
1731803936.9103944;/app/bags/user95_2017-02-24.bag;0.834065854549408;0.0;0.9619645476341248;0.0;2.6795707480621864;0.44242944379134674;0.5575705562086533
1731803937.1104767;/app/bags/user95_2017-02-24.bag;0.834065854549408;0.0;0.9619645476341248;0.0;2.6795707480621864;0.44242944379134674;0.5575705562086533
1731803937.3104603;/app/bags/user95_2017-02-24.bag;0.834065854549408;0.0;0.9619645476341248;0.0;2.6795707480621864;0.44242944379134674;0.5575705562086533
1731803937.5104263;/app/bags/user95_2017-02-24.bag;0.834065854549408;0.0;0.9619645476341248;0.0;2.6795707480621864;0.44242944379134674;0.5575705562086533
1731803937.7103808;/app/bags/user95_2017-02-24.bag;0.834065854549408;0.0;0.9619645476341248;0.0;2.6795707480621864;0.44242944379134674;0.5575705562086533
1731803937.9103878;/app/bags/user95_2017-02-24.bag;0.834065854549408;0.0;0.9619645476341248;0.0;2.6795707480621864;0.44242944379134674;0.5575705562086533
1731803938.110457;/app/bags/user95_2017-02-24.bag;0.834065854549408;0.0;0.9619645476341248;0.0;2.6795707480621864;0.44242944379134674;0.5575705562086533
1731803938.310437;/app/bags/user95_2017-02-24.bag;0.834065854549408;0.0;0.9619645476341248;0.0;2.6795707480621864;0.44242944379134674;0.5575705562086533
1731803938.5104327;/app/bags/user95_2017-02-24.bag;0.834065854549408;0.0;0.9619645476341248;0.0;2.6795707480621864;0.44242944379134674;0.5575705562086533
1731803938.7103937;/app/bags/user95_2017-02-24.bag;0.834065854549408;0.0;0.9619645476341248;0.0;2.6795707480621864;0.44242944379134674;0.5575705562086533
1731803938.9104235;/app/bags/user95_2017-02-24.bag;0.834065854549408;0.0;0.9619645476341248;0.0;2.6795707480621864;0.44242944379134674;0.5575705562086533
1731803939.1103435;/app/bags/user95_2017-02-24.bag;0.834065854549408;0.0;0.9619645476341248;0.0;2.6795707480621864;0.44242944379134674;0.5575705562086533
1731803939.310396;/app/bags/user95_2017-02-24.bag;0.834065854549408;0.0;0.9619645476341248;0.0;2.6795707480621864;0.44242944379134674;0.5575705562086533
1731803939.5104337;/app/bags/user95_2017-02-24.bag;0.834065854549408;0.0;0.9619645476341248;0.0;2.6795707480621864;0.44242944379134674;0.5575705562086533
1731803939.710453;/app/bags/user95_2017-02-24.bag;0.834065854549408;0.0;0.9619645476341248;0.0;2.6795707480621864;0.44242944379134674;0.5575705562086533
1731803939.9104235;/app/bags/user95_2017-02-24.bag;0.834065854549408;0.0;0.9619645476341248;0.0;2.6795707480621864;0.44242944379134674;0.5575705562086533
1731803940.110397;/app/bags/user95_2017-02-24.bag;0.834065854549408;0.0;0.9619645476341248;0.0;2.6795707480621864;0.44242944379134674;0.5575705562086533
1731803940.3104188;/app/bags/user95_2017-02-24.bag;0.834065854549408;0.0;0.9619645476341248;0.0;2.6795707480621864;0.44242944379134674;0.5575705562086533
1731803940.510379;/app/bags/user95_2017-02-24.bag;0.834065854549408;0.0;0.9619645476341248;0.0;2.6795707480621864;0.44242944379134674;0.5575705562086533
1731803940.7104306;/app/bags/user95_2017-02-24.bag;0.834065854549408;0.0;0.9619645476341248;0.0;2.6795707480621864;0.44242944379134674;0.5575705562086533
1731803940.9103777;/app/bags/user95_2017-02-24.bag;0.834065854549408;0.0;0.9619645476341248;0.0;2.6795707480621864;0.44242944379134674;0.5575705562086533
1731803941.1104102;/app/bags/user95_2017-02-24.bag;0.834065854549408;0.0;0.9619645476341248;0.0;2.6795707480621864;0.44242944379134674;0.5575705562086533
1731803941.3103704;/app/bags/user95_2017-02-24.bag;0.834065854549408;0.0;0.9619645476341248;0.0;2.6795707480621864;0.44242944379134674;0.5575705562086533
1731803941.5103793;/app/bags/user95_2017-02-24.bag;0.834065854549408;0.0;0.9619645476341248;0.0;2.6795707480621864;0.44242944379134674;0.5575705562086533
1731803941.7103908;/app/bags/user95_2017-02-24.bag;0.834065854549408;0.0;0.9619645476341248;0.0;2.6795707480621864;0.44242944379134674;0.5575705562086533
1731803941.9104025;/app/bags/user95_2017-02-24.bag;0.834065854549408;0.0;0.9619645476341248;0.0;2.6795707480621864;0.44242944379134674;0.5575705562086533
1731803942.1103516;/app/bags/user95_2017-02-24.bag;0.834065854549408;0.0;0.9619645476341248;0.0;2.6795707480621864;0.44242944379134674;0.5575705562086533
1731803942.310423;/app/bags/user95_2017-02-24.bag;0.834065854549408;0.0;0.9619645476341248;0.0;2.6795707480621864;0.44242944379134674;0.5575705562086533
1731803942.5104086;/app/bags/user95_2017-02-24.bag;0.834065854549408;0.0;0.9619645476341248;0.0;2.6795707480621864;0.44242944379134674;0.5575705562086533
1731803942.710409;/app/bags/user95_2017-02-24.bag;0.834065854549408;0.0;0.9619645476341248;0.0;2.6795707480621864;0.44242944379134674;0.5575705562086533
1731803942.9104106;/app/bags/user95_2017-02-24.bag;0.834065854549408;0.0;0.9619645476341248;0.0;2.6795707480621864;0.44242944379134674;0.5575705562086533
1731803943.110424;/app/bags/user95_2017-02-24.bag;0.834065854549408;0.0;0.9619645476341248;0.0;2.6795707480621864;0.44242944379134674;0.5575705562086533
1731803943.3103778;/app/bags/user95_2017-02-24.bag;0.834065854549408;0.0;0.9619645476341248;0.0;2.6795707480621864;0.44242944379134674;0.5575705562086533
1731803943.5104015;/app/bags/user95_2017-02-24.bag;0.834065854549408;0.0;0.9619645476341248;0.0;2.6795707480621864;0.44242944379134674;0.5575705562086533
1731803943.7104218;/app/bags/user95_2017-02-24.bag;0.834065854549408;0.0;0.9619645476341248;0.0;2.6795707480621864;0.44242944379134674;0.5575705562086533
1731803943.9103937;/app/bags/user95_2017-02-24.bag;0.834065854549408;0.0;0.9619645476341248;0.0;2.6795707480621864;0.44242944379134674;0.5575705562086533
1731803944.1103954;/app/bags/user95_2017-02-24.bag;0.834065854549408;0.0;0.9619645476341248;0.0;2.6795707480621864;0.44242944379134674;0.5575705562086533
1731803944.3103714;/app/bags/user95_2017-02-24.bag;0.834065854549408;0.0;0.9619645476341248;0.0;2.6795707480621864;0.44242944379134674;0.5575705562086533
1731803944.510408;/app/bags/user95_2017-02-24.bag;0.834065854549408;0.0;0.9619645476341248;0.0;2.6795707480621864;0.44242944379134674;0.5575705562086533
1731803944.7105107;/app/bags/user95_2017-02-24.bag;0.834065854549408;0.0;0.9619645476341248;0.0;2.6795707480621864;0.44242944379134674;0.5575705562086533
1731803944.9105766;/app/bags/user95_2017-02-24.bag;0.834065854549408;0.0;0.9619645476341248;0.0;2.6795707480621864;0.44242944379134674;0.5575705562086533
1731803945.1103947;/app/bags/user95_2017-02-24.bag;0.834065854549408;0.0;0.9619645476341248;0.0;2.6795707480621864;0.44242944379134674;0.5575705562086533
1731803945.3104584;/app/bags/user95_2017-02-24.bag;0.834065854549408;0.0;0.9619645476341248;0.0;2.6795707480621864;0.44242944379134674;0.5575705562086533
1731803945.5104024;/app/bags/user95_2017-02-24.bag;0.834065854549408;0.0;0.9619645476341248;0.0;2.6795707480621864;0.44242944379134674;0.5575705562086533
1731803945.7103093;/app/bags/user95_2017-02-24.bag;0.834065854549408;0.0;0.9619645476341248;0.0;2.6795707480621864;0.44242944379134674;0.5575705562086533
1731803945.9103997;/app/bags/user95_2017-02-24.bag;0.834065854549408;0.0;0.9619645476341248;0.0;2.6795707480621864;0.44242944379134674;0.5575705562086533
1731803946.1103544;/app/bags/user95_2017-02-24.bag;0.834065854549408;0.0;0.9619645476341248;0.0;2.6795707480621864;0.44242944379134674;0.5575705562086533
1731803946.3103628;/app/bags/user95_2017-02-24.bag;0.834065854549408;0.0;0.9619645476341248;0.0;2.6795707480621864;0.44242944379134674;0.5575705562086533
1731803946.510374;/app/bags/user95_2017-02-24.bag;0.834065854549408;0.0;0.9619645476341248;0.0;2.6795707480621864;0.44242944379134674;0.5575705562086533
1731803946.7104075;/app/bags/user95_2017-02-24.bag;0.834065854549408;0.0;0.9619645476341248;0.0;2.6795707480621864;0.44242944379134674;0.5575705562086533
1731803946.9104009;/app/bags/user95_2017-02-24.bag;0.834065854549408;0.0;0.9619645476341248;0.0;2.6795707480621864;0.44242944379134674;0.5575705562086533
1731803947.1104825;/app/bags/user95_2017-02-24.bag;0.834065854549408;0.0;0.9619645476341248;0.0;2.6795707480621864;0.44242944379134674;0.5575705562086533
1731803947.3104212;/app/bags/user95_2017-02-24.bag;0.834065854549408;0.0;0.9619645476341248;0.0;2.6795707480621864;0.44242944379134674;0.5575705562086533
1731803947.5103831;/app/bags/user95_2017-02-24.bag;0.834065854549408;0.0;0.9619645476341248;0.0;2.6795707480621864;0.44242944379134674;0.5575705562086533
1731803947.7104018;/app/bags/user95_2017-02-24.bag;0.834065854549408;0.0;0.9619645476341248;0.0;2.6795707480621864;0.44242944379134674;0.5575705562086533
1731803947.9103882;/app/bags/user95_2017-02-24.bag;0.834065854549408;0.0;0.9619645476341248;0.0;2.6795707480621864;0.44242944379134674;0.5575705562086533
1731803948.1103916;/app/bags/user95_2017-02-24.bag;0.834065854549408;0.0;0.9619645476341248;0.0;2.6795707480621864;0.44242944379134674;0.5575705562086533
1731803948.3104103;/app/bags/user95_2017-02-24.bag;0.834065854549408;0.0;0.9619645476341248;0.0;2.6795707480621864;0.44242944379134674;0.5575705562086533
1731803948.5104392;/app/bags/user95_2017-02-24.bag;0.834065854549408;0.0;0.9619645476341248;0.0;2.6795707480621864;0.44242944379134674;0.5575705562086533
1731803948.7103717;/app/bags/user95_2017-02-24.bag;0.834065854549408;0.0;0.9619645476341248;0.0;2.6795707480621864;0.44242944379134674;0.5575705562086533
1731803948.9104068;/app/bags/user95_2017-02-24.bag;0.834065854549408;0.0;0.9619645476341248;0.0;2.6795707480621864;0.44242944379134674;0.5575705562086533
1731803949.110412;/app/bags/user95_2017-02-24.bag;0.834065854549408;0.0;0.9619645476341248;0.0;2.6795707480621864;0.44242944379134674;0.5575705562086533
1731803949.3103817;/app/bags/user95_2017-02-24.bag;0.834065854549408;0.0;0.9619645476341248;0.0;2.6795707480621864;0.44242944379134674;0.5575705562086533
1731803949.510397;/app/bags/user95_2017-02-24.bag;0.834065854549408;0.0;0.9619645476341248;0.0;2.6795707480621864;0.44242944379134674;0.5575705562086533
1731803949.7103958;/app/bags/user95_2017-02-24.bag;0.834065854549408;0.0;0.9619645476341248;0.0;2.6795707480621864;0.44242944379134674;0.5575705562086533
1731803949.9103904;/app/bags/user95_2017-02-24.bag;0.834065854549408;0.0;0.9619645476341248;0.0;2.6795707480621864;0.44242944379134674;0.5575705562086533
1731803950.1104887;/app/bags/user95_2017-02-24.bag;0.834065854549408;0.0;0.9619645476341248;0.0;2.6795707480621864;0.44242944379134674;0.5575705562086533
1731803950.310403;/app/bags/user95_2017-02-24.bag;0.834065854549408;0.0;0.9619645476341248;0.0;2.6795707480621864;0.44242944379134674;0.5575705562086533
1731803950.5104024;/app/bags/user95_2017-02-24.bag;0.834065854549408;0.0;0.9619645476341248;0.0;2.6795707480621864;0.44242944379134674;0.5575705562086533
1731803950.7104247;/app/bags/user95_2017-02-24.bag;0.834065854549408;0.0;0.9619645476341248;0.0;2.6795707480621864;0.44242944379134674;0.5575705562086533
1731803950.9104083;/app/bags/user95_2017-02-24.bag;0.834065854549408;0.0;0.9619645476341248;0.0;2.6795707480621864;0.44242944379134674;0.5575705562086533
1731803951.1103904;/app/bags/user95_2017-02-24.bag;0.834065854549408;0.0;0.9619645476341248;0.0;2.6795707480621864;0.44242944379134674;0.5575705562086533
1731803951.3103848;/app/bags/user95_2017-02-24.bag;0.834065854549408;0.0;0.9619645476341248;0.0;2.6795707480621864;0.44242944379134674;0.5575705562086533
1731803951.5103695;/app/bags/user95_2017-02-24.bag;0.834065854549408;0.0;0.9619645476341248;0.0;2.6795707480621864;0.44242944379134674;0.5575705562086533
1731803951.7104678;/app/bags/user95_2017-02-24.bag;0.834065854549408;0.0;0.9619645476341248;0.0;2.6795707480621864;0.44242944379134674;0.5575705562086533
1731803951.9104335;/app/bags/user95_2017-02-24.bag;0.834065854549408;0.0;0.9619645476341248;0.0;2.6795707480621864;0.44242944379134674;0.5575705562086533
1731803952.110397;/app/bags/user95_2017-02-24.bag;0.834065854549408;0.0;0.9619645476341248;0.0;2.6795707480621864;0.44242944379134674;0.5575705562086533
1731803952.3104188;/app/bags/user95_2017-02-24.bag;0.834065854549408;0.0;0.9619645476341248;0.0;2.6795707480621864;0.44242944379134674;0.5575705562086533
1731803952.5103645;/app/bags/user95_2017-02-24.bag;0.834065854549408;0.0;0.9619645476341248;0.0;2.6795707480621864;0.44242944379134674;0.5575705562086533
1731803952.7103853;/app/bags/user95_2017-02-24.bag;0.834065854549408;0.0;0.9619645476341248;0.0;2.6795707480621864;0.44242944379134674;0.5575705562086533
1731803952.9103773;/app/bags/user95_2017-02-24.bag;0.834065854549408;0.0;0.9619645476341248;0.0;2.6795707480621864;0.44242944379134674;0.5575705562086533
1731803953.1103783;/app/bags/user95_2017-02-24.bag;0.834065854549408;0.0;0.9619645476341248;0.0;2.6795707480621864;0.44242944379134674;0.5575705562086533
1731803953.310464;/app/bags/user95_2017-02-24.bag;0.834065854549408;0.0;0.9619645476341248;0.0;2.6795707480621864;0.44242944379134674;0.5575705562086533
1731803953.5104249;/app/bags/user95_2017-02-24.bag;0.834065854549408;0.0;0.9619645476341248;0.0;2.6795707480621864;0.44242944379134674;0.5575705562086533
1731803953.710371;/app/bags/user95_2017-02-24.bag;0.834065854549408;0.0;0.9619645476341248;0.0;2.6795707480621864;0.44242944379134674;0.5575705562086533
1731803953.9103758;/app/bags/user95_2017-02-24.bag;0.834065854549408;0.0;0.9619645476341248;0.0;2.6795707480621864;0.44242944379134674;0.5575705562086533
1731803954.110425;/app/bags/user95_2017-02-24.bag;0.834065854549408;0.0;0.9619645476341248;0.0;2.6795707480621864;0.44242944379134674;0.5575705562086533
1731803954.3103826;/app/bags/user95_2017-02-24.bag;0.834065854549408;0.0;0.9619645476341248;0.0;2.6795707480621864;0.44242944379134674;0.5575705562086533
1731803954.5104449;/app/bags/user95_2017-02-24.bag;0.834065854549408;0.0;0.9619645476341248;0.0;2.6795707480621864;0.44242944379134674;0.5575705562086533
1731803954.710386;/app/bags/user95_2017-02-24.bag;0.834065854549408;0.0;0.9619645476341248;0.0;2.6795707480621864;0.44242944379134674;0.5575705562086533
1731803954.9103887;/app/bags/user95_2017-02-24.bag;0.834065854549408;0.0;0.9619645476341248;0.0;2.6795707480621864;0.44242944379134674;0.5575705562086533
1731803955.1103926;/app/bags/user95_2017-02-24.bag;0.834065854549408;0.0;0.9619645476341248;0.0;2.6795707480621864;0.44242944379134674;0.5575705562086533
1731803955.3104093;/app/bags/user95_2017-02-24.bag;0.834065854549408;0.0;0.9619645476341248;0.0;2.6795707480621864;0.44242944379134674;0.5575705562086533
1731803955.5103872;/app/bags/user95_2017-02-24.bag;0.834065854549408;0.0;0.9619645476341248;0.0;2.6795707480621864;0.44242944379134674;0.5575705562086533
1731803955.7104256;/app/bags/user95_2017-02-24.bag;0.834065854549408;0.0;0.9619645476341248;0.0;2.6795707480621864;0.44242944379134674;0.5575705562086533
1731803955.9104438;/app/bags/user95_2017-02-24.bag;0.834065854549408;0.0;0.9619645476341248;0.0;2.6795707480621864;0.44242944379134674;0.5575705562086533
1731803956.1103969;/app/bags/user95_2017-02-24.bag;0.834065854549408;0.0;0.9619645476341248;0.0;2.6795707480621864;0.44242944379134674;0.5575705562086533
1731803956.3103728;/app/bags/user95_2017-02-24.bag;0.834065854549408;0.0;0.9619645476341248;0.0;2.6795707480621864;0.44242944379134674;0.5575705562086533
1731803956.510391;/app/bags/user95_2017-02-24.bag;0.834065854549408;0.0;0.9619645476341248;0.0;2.6795707480621864;0.44242944379134674;0.5575705562086533
1731803956.7103982;/app/bags/user95_2017-02-24.bag;0.834065854549408;0.0;0.9619645476341248;0.0;2.6795707480621864;0.44242944379134674;0.5575705562086533
1731803956.9104297;/app/bags/user95_2017-02-24.bag;0.834065854549408;0.0;0.9619645476341248;0.0;2.6795707480621864;0.44242944379134674;0.5575705562086533
1731803957.1103742;/app/bags/user95_2017-02-24.bag;0.834065854549408;0.0;0.9619645476341248;0.0;2.6795707480621864;0.44242944379134674;0.5575705562086533
1731803957.3104389;/app/bags/user95_2017-02-24.bag;0.834065854549408;0.0;0.9619645476341248;0.0;2.6795707480621864;0.44242944379134674;0.5575705562086533
1731803957.5103889;/app/bags/user95_2017-02-24.bag;0.834065854549408;0.0;0.9619645476341248;0.0;2.6795707480621864;0.44242944379134674;0.5575705562086533
1731803957.7104082;/app/bags/user95_2017-02-24.bag;0.834065854549408;0.0;0.9619645476341248;0.0;2.6795707480621864;0.44242944379134674;0.5575705562086533
1731803957.910391;/app/bags/user95_2017-02-24.bag;0.834065854549408;0.0;0.9619645476341248;0.0;2.6795707480621864;0.44242944379134674;0.5575705562086533
1731803958.110418;/app/bags/user95_2017-02-24.bag;0.834065854549408;0.0;0.9619645476341248;0.0;2.6795707480621864;0.44242944379134674;0.5575705562086533
1731803958.3104134;/app/bags/user95_2017-02-24.bag;0.834065854549408;0.0;0.9619645476341248;0.0;2.6795707480621864;0.44242944379134674;0.5575705562086533
1731803958.5104246;/app/bags/user95_2017-02-24.bag;0.834065854549408;0.0;0.9619645476341248;0.0;2.6795707480621864;0.44242944379134674;0.5575705562086533
1731803958.710447;/app/bags/user95_2017-02-24.bag;0.834065854549408;0.0;0.9619645476341248;0.0;2.6795707480621864;0.44242944379134674;0.5575705562086533
1731803958.9104013;/app/bags/user95_2017-02-24.bag;0.834065854549408;0.0;0.9619645476341248;0.0;2.6795707480621864;0.44242944379134674;0.5575705562086533
1731803959.1104126;/app/bags/user95_2017-02-24.bag;0.834065854549408;0.0;0.9619645476341248;0.0;2.6795707480621864;0.44242944379134674;0.5575705562086533
1731803959.3104298;/app/bags/user95_2017-02-24.bag;0.834065854549408;0.0;0.9619645476341248;0.0;2.6795707480621864;0.44242944379134674;0.5575705562086533
1731803959.510448;/app/bags/user95_2017-02-24.bag;0.834065854549408;0.0;0.9619645476341248;0.0;2.6795707480621864;0.44242944379134674;0.5575705562086533
1731803959.710364;/app/bags/user95_2017-02-24.bag;0.834065854549408;0.0;0.9619645476341248;0.0;2.6795707480621864;0.44242944379134674;0.5575705562086533
1731803959.9103582;/app/bags/user95_2017-02-24.bag;0.834065854549408;0.0;0.9619645476341248;0.0;2.6795707480621864;0.44242944379134674;0.5575705562086533
1731803960.1103778;/app/bags/user95_2017-02-24.bag;0.834065854549408;0.0;0.9619645476341248;0.0;2.6795707480621864;0.44242944379134674;0.5575705562086533
1731803960.3103967;/app/bags/user95_2017-02-24.bag;0.834065854549408;0.0;0.9619645476341248;0.0;2.6795707480621864;0.44242944379134674;0.5575705562086533
1731803960.5103927;/app/bags/user95_2017-02-24.bag;0.834065854549408;0.0;0.9619645476341248;0.0;2.6795707480621864;0.44242944379134674;0.5575705562086533
1731803960.7104821;/app/bags/user95_2017-02-24.bag;0.834065854549408;0.0;0.9619645476341248;0.0;2.6795707480621864;0.44242944379134674;0.5575705562086533
1731803960.9104278;/app/bags/user95_2017-02-24.bag;0.834065854549408;0.0;0.9619645476341248;0.0;2.6795707480621864;0.44242944379134674;0.5575705562086533
1731803961.1103647;/app/bags/user95_2017-02-24.bag;0.834065854549408;0.0;0.9619645476341248;0.0;2.6795707480621864;0.44242944379134674;0.5575705562086533
1731803961.3104095;/app/bags/user95_2017-02-24.bag;0.834065854549408;0.0;0.9619645476341248;0.0;2.6795707480621864;0.44242944379134674;0.5575705562086533
1731803961.5103872;/app/bags/user95_2017-02-24.bag;0.834065854549408;0.0;0.9619645476341248;0.0;2.6795707480621864;0.44242944379134674;0.5575705562086533
1731803961.7103944;/app/bags/user95_2017-02-24.bag;0.834065854549408;0.0;0.9619645476341248;0.0;2.6795707480621864;0.44242944379134674;0.5575705562086533
1731803961.9104433;/app/bags/user95_2017-02-24.bag;0.834065854549408;0.0;0.9619645476341248;0.0;2.6795707480621864;0.44242944379134674;0.5575705562086533
1731803962.1104147;/app/bags/user95_2017-02-24.bag;0.834065854549408;0.0;0.9619645476341248;0.0;2.6795707480621864;0.44242944379134674;0.5575705562086533
1731803962.3104486;/app/bags/user95_2017-02-24.bag;0.834065854549408;0.0;0.9619645476341248;0.0;2.6795707480621864;0.44242944379134674;0.5575705562086533
1731803962.5103931;/app/bags/user95_2017-02-24.bag;0.834065854549408;0.0;0.9619645476341248;0.0;2.6795707480621864;0.44242944379134674;0.5575705562086533
1731803962.7104046;/app/bags/user95_2017-02-24.bag;0.834065854549408;0.0;0.9619645476341248;0.0;2.6795707480621864;0.44242944379134674;0.5575705562086533
1731803962.9104154;/app/bags/user95_2017-02-24.bag;0.834065854549408;0.0;0.9619645476341248;0.0;2.6795707480621864;0.44242944379134674;0.5575705562086533
1731803963.110367;/app/bags/user95_2017-02-24.bag;0.834065854549408;0.0;0.9619645476341248;0.0;2.6795707480621864;0.44242944379134674;0.5575705562086533
1731803963.3103936;/app/bags/user95_2017-02-24.bag;0.834065854549408;0.0;0.9619645476341248;0.0;2.6795707480621864;0.44242944379134674;0.5575705562086533
1731803963.5103736;/app/bags/user95_2017-02-24.bag;0.834065854549408;0.0;0.9619645476341248;0.0;2.6795707480621864;0.44242944379134674;0.5575705562086533
1731803963.7103875;/app/bags/user95_2017-02-24.bag;0.834065854549408;0.0;0.9619645476341248;0.0;2.6795707480621864;0.44242944379134674;0.5575705562086533
1731803963.9103775;/app/bags/user95_2017-02-24.bag;0.834065854549408;0.0;0.9619645476341248;0.0;2.6795707480621864;0.44242944379134674;0.5575705562086533
1731803964.110434;/app/bags/user95_2017-02-24.bag;0.834065854549408;0.0;0.9619645476341248;0.0;2.6795707480621864;0.44242944379134674;0.5575705562086533
1731803964.3103807;/app/bags/user95_2017-02-24.bag;0.834065854549408;0.0;0.9619645476341248;0.0;2.6795707480621864;0.44242944379134674;0.5575705562086533
1731803964.5103948;/app/bags/user95_2017-02-24.bag;0.834065854549408;0.0;0.9619645476341248;0.0;2.6795707480621864;0.44242944379134674;0.5575705562086533
1731803964.7103956;/app/bags/user95_2017-02-24.bag;0.834065854549408;0.0;0.9619645476341248;0.0;2.6795707480621864;0.44242944379134674;0.5575705562086533
1731803964.910417;/app/bags/user95_2017-02-24.bag;0.834065854549408;0.0;0.9619645476341248;0.0;2.6795707480621864;0.44242944379134674;0.5575705562086533
1731803965.1103814;/app/bags/user95_2017-02-24.bag;0.834065854549408;0.0;0.9619645476341248;0.0;2.6795707480621864;0.44242944379134674;0.5575705562086533
1731803965.3103786;/app/bags/user95_2017-02-24.bag;0.834065854549408;0.0;0.9619645476341248;0.0;2.6795707480621864;0.44242944379134674;0.5575705562086533
1731803965.5105302;/app/bags/user95_2017-02-24.bag;0.834065854549408;0.0;0.9619645476341248;0.0;2.6795707480621864;0.44242944379134674;0.5575705562086533
1731803965.7103953;/app/bags/user95_2017-02-24.bag;0.834065854549408;0.0;0.9619645476341248;0.0;2.6795707480621864;0.44242944379134674;0.5575705562086533
1731803965.9104385;/app/bags/user95_2017-02-24.bag;0.834065854549408;0.0;0.9619645476341248;0.0;2.6795707480621864;0.44242944379134674;0.5575705562086533
1731803966.1103256;/app/bags/user95_2017-02-24.bag;0.834065854549408;0.0;0.9619645476341248;0.0;2.6795707480621864;0.44242944379134674;0.5575705562086533
1731803966.3103788;/app/bags/user95_2017-02-24.bag;0.834065854549408;0.0;0.9619645476341248;0.0;2.6795707480621864;0.44242944379134674;0.5575705562086533
1731803966.5104723;/app/bags/user95_2017-02-24.bag;0.834065854549408;0.0;0.9619645476341248;0.0;2.6795707480621864;0.44242944379134674;0.5575705562086533
1731803966.7104013;/app/bags/user95_2017-02-24.bag;0.834065854549408;0.0;0.9619645476341248;0.0;2.6795707480621864;0.44242944379134674;0.5575705562086533
1731803966.910379;/app/bags/user95_2017-02-24.bag;0.834065854549408;0.0;0.9619645476341248;0.0;2.6795707480621864;0.44242944379134674;0.5575705562086533
1731803967.110556;/app/bags/user95_2017-02-24.bag;0.834065854549408;0.0;0.9619645476341248;0.0;2.6795707480621864;0.44242944379134674;0.5575705562086533
1731803967.3103838;/app/bags/user95_2017-02-24.bag;0.834065854549408;0.0;0.9619645476341248;0.0;2.6795707480621864;0.44242944379134674;0.5575705562086533
1731803967.5103838;/app/bags/user95_2017-02-24.bag;0.834065854549408;0.0;0.9619645476341248;0.0;2.6795707480621864;0.44242944379134674;0.5575705562086533
1731803967.7103815;/app/bags/user95_2017-02-24.bag;0.834065854549408;0.0;0.9619645476341248;0.0;2.6795707480621864;0.44242944379134674;0.5575705562086533
1731803967.9103606;/app/bags/user95_2017-02-24.bag;0.834065854549408;0.0;0.9619645476341248;0.0;2.6795707480621864;0.44242944379134674;0.5575705562086533
1731803968.1103783;/app/bags/user95_2017-02-24.bag;0.834065854549408;0.0;0.9619645476341248;0.0;2.6795707480621864;0.44242944379134674;0.5575705562086533
1731803968.3103905;/app/bags/user95_2017-02-24.bag;0.834065854549408;0.0;0.9619645476341248;0.0;2.6795707480621864;0.44242944379134674;0.5575705562086533
1731803968.5104299;/app/bags/user95_2017-02-24.bag;0.834065854549408;0.0;0.9619645476341248;0.0;2.6795707480621864;0.44242944379134674;0.5575705562086533
1731803968.7104552;/app/bags/user95_2017-02-24.bag;0.834065854549408;0.0;0.9619645476341248;0.0;2.6795707480621864;0.44242944379134674;0.5575705562086533
1731803968.910381;/app/bags/user95_2017-02-24.bag;0.834065854549408;0.0;0.9619645476341248;0.0;2.6795707480621864;0.44242944379134674;0.5575705562086533
1731803969.110303;/app/bags/user95_2017-02-24.bag;0.834065854549408;0.0;0.9619645476341248;0.0;2.6795707480621864;0.44242944379134674;0.5575705562086533
1731803969.3103855;/app/bags/user95_2017-02-24.bag;0.834065854549408;0.0;0.9619645476341248;0.0;2.6795707480621864;0.44242944379134674;0.5575705562086533
1731803969.5103993;/app/bags/user95_2017-02-24.bag;0.834065854549408;0.0;0.9619645476341248;0.0;2.6795707480621864;0.44242944379134674;0.5575705562086533
1731803969.7103841;/app/bags/user95_2017-02-24.bag;0.834065854549408;0.0;0.9619645476341248;0.0;2.6795707480621864;0.44242944379134674;0.5575705562086533
1731803969.9104042;/app/bags/user95_2017-02-24.bag;0.834065854549408;0.0;0.9619645476341248;0.0;2.6795707480621864;0.44242944379134674;0.5575705562086533
1731803970.1103797;/app/bags/user95_2017-02-24.bag;0.834065854549408;0.0;0.9619645476341248;0.0;2.6795707480621864;0.44242944379134674;0.5575705562086533
1731803970.310398;/app/bags/user95_2017-02-24.bag;0.834065854549408;0.0;0.9619645476341248;0.0;2.6795707480621864;0.44242944379134674;0.5575705562086533
1731803970.510366;/app/bags/user95_2017-02-24.bag;0.834065854549408;0.0;0.9619645476341248;0.0;2.6795707480621864;0.44242944379134674;0.5575705562086533
1731803970.7105215;/app/bags/user95_2017-02-24.bag;0.834065854549408;0.0;0.9619645476341248;0.0;2.6795707480621864;0.44242944379134674;0.5575705562086533
1731803970.9103968;/app/bags/user95_2017-02-24.bag;0.834065854549408;0.0;0.9619645476341248;0.0;2.6795707480621864;0.44242944379134674;0.5575705562086533
1731803971.1105206;/app/bags/user95_2017-02-24.bag;0.834065854549408;0.0;0.9619645476341248;0.0;2.6795707480621864;0.44242944379134674;0.5575705562086533
1731803971.3103921;/app/bags/user95_2017-02-24.bag;0.834065854549408;0.0;0.9619645476341248;0.0;2.6795707480621864;0.44242944379134674;0.5575705562086533
1731803971.5103757;/app/bags/user95_2017-02-24.bag;0.834065854549408;0.0;0.9619645476341248;0.0;2.6795707480621864;0.44242944379134674;0.5575705562086533
1731803971.7103794;/app/bags/user95_2017-02-24.bag;0.834065854549408;0.0;0.9619645476341248;0.0;2.6795707480621864;0.44242944379134674;0.5575705562086533
1731803971.9103928;/app/bags/user95_2017-02-24.bag;0.834065854549408;0.0;0.9619645476341248;0.0;2.6795707480621864;0.44242944379134674;0.5575705562086533
1731803972.1103876;/app/bags/user95_2017-02-24.bag;0.834065854549408;0.0;0.9619645476341248;0.0;2.6795707480621864;0.44242944379134674;0.5575705562086533
1731803972.3104556;/app/bags/user95_2017-02-24.bag;0.834065854549408;0.0;0.9619645476341248;0.0;2.6795707480621864;0.44242944379134674;0.5575705562086533
1731803972.510377;/app/bags/user95_2017-02-24.bag;0.834065854549408;0.0;0.9619645476341248;0.0;2.6795707480621864;0.44242944379134674;0.5575705562086533
1731803972.710249;/app/bags/user95_2017-02-24.bag;0.834065854549408;0.0;0.9619645476341248;0.0;2.6795707480621864;0.44242944379134674;0.5575705562086533
1731803972.9105294;/app/bags/user95_2017-02-24.bag;0.834065854549408;0.0;0.9619645476341248;0.0;2.6795707480621864;0.44242944379134674;0.5575705562086533
1731803973.1103868;/app/bags/user95_2017-02-24.bag;0.834065854549408;0.0;0.9619645476341248;0.0;2.6795707480621864;0.44242944379134674;0.5575705562086533
1731803973.3103876;/app/bags/user95_2017-02-24.bag;0.834065854549408;0.0;0.9619645476341248;0.0;2.6795707480621864;0.44242944379134674;0.5575705562086533
1731803973.5103579;/app/bags/user95_2017-02-24.bag;0.834065854549408;0.0;0.9619645476341248;0.0;2.6795707480621864;0.44242944379134674;0.5575705562086533
1731803973.7104065;/app/bags/user95_2017-02-24.bag;0.834065854549408;0.0;0.9619645476341248;0.0;2.6795707480621864;0.44242944379134674;0.5575705562086533
1731803973.910429;/app/bags/user95_2017-02-24.bag;0.834065854549408;0.0;0.9619645476341248;0.0;2.6795707480621864;0.44242944379134674;0.5575705562086533
1731803974.1103601;/app/bags/user95_2017-02-24.bag;0.834065854549408;0.0;0.9619645476341248;0.0;2.6795707480621864;0.44242944379134674;0.5575705562086533
1731803974.3104258;/app/bags/user95_2017-02-24.bag;0.834065854549408;0.0;0.9619645476341248;0.0;2.6795707480621864;0.44242944379134674;0.5575705562086533
1731803974.5103707;/app/bags/user95_2017-02-24.bag;0.834065854549408;0.0;0.9619645476341248;0.0;2.6795707480621864;0.44242944379134674;0.5575705562086533
1731803974.7103822;/app/bags/user95_2017-02-24.bag;0.834065854549408;0.0;0.9619645476341248;0.0;2.6795707480621864;0.44242944379134674;0.5575705562086533
1731803974.9103503;/app/bags/user95_2017-02-24.bag;0.834065854549408;0.0;0.9619645476341248;0.0;2.6795707480621864;0.44242944379134674;0.5575705562086533
1731803975.1103997;/app/bags/user95_2017-02-24.bag;0.834065854549408;0.0;0.9619645476341248;0.0;2.6795707480621864;0.44242944379134674;0.5575705562086533
1731803975.310416;/app/bags/user95_2017-02-24.bag;0.834065854549408;0.0;0.9619645476341248;0.0;2.6795707480621864;0.44242944379134674;0.5575705562086533
1731803975.5103812;/app/bags/user95_2017-02-24.bag;0.834065854549408;0.0;0.9619645476341248;0.0;2.6795707480621864;0.44242944379134674;0.5575705562086533
1731803975.7103636;/app/bags/user95_2017-02-24.bag;0.834065854549408;0.0;0.9619645476341248;0.0;2.6795707480621864;0.44242944379134674;0.5575705562086533
1731803975.9103944;/app/bags/user95_2017-02-24.bag;0.834065854549408;0.0;0.9619645476341248;0.0;2.6795707480621864;0.44242944379134674;0.5575705562086533
1731803976.1104286;/app/bags/user95_2017-02-24.bag;0.834065854549408;0.0;0.9619645476341248;0.0;2.6795707480621864;0.44242944379134674;0.5575705562086533
1731803976.3103714;/app/bags/user95_2017-02-24.bag;0.834065854549408;0.0;0.9619645476341248;0.0;2.6795707480621864;0.44242944379134674;0.5575705562086533
1731803976.5103838;/app/bags/user95_2017-02-24.bag;0.834065854549408;0.0;0.9619645476341248;0.0;2.6795707480621864;0.44242944379134674;0.5575705562086533
1731803976.7103715;/app/bags/user95_2017-02-24.bag;0.834065854549408;0.0;0.9619645476341248;0.0;2.6795707480621864;0.44242944379134674;0.5575705562086533
1731803976.9104297;/app/bags/user95_2017-02-24.bag;0.834065854549408;0.0;0.9619645476341248;0.0;2.6795707480621864;0.44242944379134674;0.5575705562086533
1731803977.1103704;/app/bags/user95_2017-02-24.bag;0.834065854549408;0.0;0.9619645476341248;0.0;2.6795707480621864;0.44242944379134674;0.5575705562086533
1731803977.3104389;/app/bags/user95_2017-02-24.bag;0.834065854549408;0.0;0.9619645476341248;0.0;2.6795707480621864;0.44242944379134674;0.5575705562086533
1731803977.5104716;/app/bags/user95_2017-02-24.bag;0.834065854549408;0.0;0.9619645476341248;0.0;2.6795707480621864;0.44242944379134674;0.5575705562086533
1731803977.710442;/app/bags/user95_2017-02-24.bag;0.834065854549408;0.0;0.9619645476341248;0.0;2.6795707480621864;0.44242944379134674;0.5575705562086533
1731803977.9103804;/app/bags/user95_2017-02-24.bag;0.834065854549408;0.0;0.9619645476341248;0.0;2.6795707480621864;0.44242944379134674;0.5575705562086533
1731803978.1103752;/app/bags/user95_2017-02-24.bag;0.834065854549408;0.0;0.9619645476341248;0.0;2.6795707480621864;0.44242944379134674;0.5575705562086533
1731803978.3103988;/app/bags/user95_2017-02-24.bag;0.834065854549408;0.0;0.9619645476341248;0.0;2.6795707480621864;0.44242944379134674;0.5575705562086533
1731803978.5104046;/app/bags/user95_2017-02-24.bag;0.834065854549408;0.0;0.9619645476341248;0.0;2.6795707480621864;0.44242944379134674;0.5575705562086533
1731803978.7103934;/app/bags/user95_2017-02-24.bag;0.834065854549408;0.0;0.9619645476341248;0.0;2.6795707480621864;0.44242944379134674;0.5575705562086533
1731803978.910542;/app/bags/user95_2017-02-24.bag;0.834065854549408;0.0;0.9619645476341248;0.0;2.6795707480621864;0.44242944379134674;0.5575705562086533
1731803979.110383;/app/bags/user95_2017-02-24.bag;0.834065854549408;0.0;0.9619645476341248;0.0;2.6795707480621864;0.44242944379134674;0.5575705562086533
1731803979.310418;/app/bags/user95_2017-02-24.bag;0.834065854549408;0.0;0.9619645476341248;0.0;2.6795707480621864;0.44242944379134674;0.5575705562086533
1731803979.5103996;/app/bags/user95_2017-02-24.bag;0.834065854549408;0.0;0.9619645476341248;0.0;2.6795707480621864;0.44242944379134674;0.5575705562086533
1731803979.7103608;/app/bags/user95_2017-02-24.bag;0.834065854549408;0.0;0.9619645476341248;0.0;2.6795707480621864;0.44242944379134674;0.5575705562086533
1731803979.9103663;/app/bags/user95_2017-02-24.bag;0.834065854549408;0.0;0.9619645476341248;0.0;2.6795707480621864;0.44242944379134674;0.5575705562086533
1731803980.1103716;/app/bags/user95_2017-02-24.bag;0.834065854549408;0.0;0.9619645476341248;0.0;2.6795707480621864;0.44242944379134674;0.5575705562086533
1731803980.310404;/app/bags/user95_2017-02-24.bag;0.834065854549408;0.0;0.9619645476341248;0.0;2.6795707480621864;0.44242944379134674;0.5575705562086533
1731803980.5103903;/app/bags/user95_2017-02-24.bag;0.834065854549408;0.0;0.9619645476341248;0.0;2.6795707480621864;0.44242944379134674;0.5575705562086533
1731803980.710391;/app/bags/user95_2017-02-24.bag;0.834065854549408;0.0;0.9619645476341248;0.0;2.6795707480621864;0.44242944379134674;0.5575705562086533
1731803980.910351;/app/bags/user95_2017-02-24.bag;0.834065854549408;0.0;0.9619645476341248;0.0;2.6795707480621864;0.44242944379134674;0.5575705562086533
1731803981.1103475;/app/bags/user95_2017-02-24.bag;0.834065854549408;0.0;0.9619645476341248;0.0;2.6795707480621864;0.44242944379134674;0.5575705562086533
1731803981.3104188;/app/bags/user95_2017-02-24.bag;0.834065854549408;0.0;0.9619645476341248;0.0;2.6795707480621864;0.44242944379134674;0.5575705562086533
1731803981.5104089;/app/bags/user95_2017-02-24.bag;0.834065854549408;0.0;0.9619645476341248;0.0;2.6795707480621864;0.44242944379134674;0.5575705562086533
1731803981.7103868;/app/bags/user95_2017-02-24.bag;0.834065854549408;0.0;0.9619645476341248;0.0;2.6795707480621864;0.44242944379134674;0.5575705562086533
1731803981.910353;/app/bags/user95_2017-02-24.bag;0.834065854549408;0.0;0.9619645476341248;0.0;2.6795707480621864;0.44242944379134674;0.5575705562086533
1731803982.1104207;/app/bags/user95_2017-02-24.bag;0.834065854549408;0.0;0.9619645476341248;0.0;2.6795707480621864;0.44242944379134674;0.5575705562086533
1731803982.3105202;/app/bags/user95_2017-02-24.bag;0.834065854549408;0.0;0.9619645476341248;0.0;2.6795707480621864;0.44242944379134674;0.5575705562086533
1731803982.5104039;/app/bags/user95_2017-02-24.bag;0.834065854549408;0.0;0.9619645476341248;0.0;2.6795707480621864;0.44242944379134674;0.5575705562086533
1731803982.7104318;/app/bags/user95_2017-02-24.bag;0.834065854549408;0.0;0.9619645476341248;0.0;2.6795707480621864;0.44242944379134674;0.5575705562086533
1731803982.9104555;/app/bags/user95_2017-02-24.bag;0.834065854549408;0.0;0.9619645476341248;0.0;2.6795707480621864;0.44242944379134674;0.5575705562086533
1731803983.110376;/app/bags/user95_2017-02-24.bag;0.834065854549408;0.0;0.9619645476341248;0.0;2.6795707480621864;0.44242944379134674;0.5575705562086533
1731803983.3103933;/app/bags/user95_2017-02-24.bag;0.834065854549408;0.0;0.9619645476341248;0.0;2.6795707480621864;0.44242944379134674;0.5575705562086533
1731803983.5104144;/app/bags/user95_2017-02-24.bag;0.834065854549408;0.0;0.9619645476341248;0.0;2.6795707480621864;0.44242944379134674;0.5575705562086533
1731803983.7104473;/app/bags/user95_2017-02-24.bag;0.834065854549408;0.0;0.9619645476341248;0.0;2.6795707480621864;0.44242944379134674;0.5575705562086533
1731803983.910424;/app/bags/user95_2017-02-24.bag;0.834065854549408;0.0;0.9619645476341248;0.0;2.6795707480621864;0.44242944379134674;0.5575705562086533
1731803984.1103816;/app/bags/user95_2017-02-24.bag;0.834065854549408;0.0;0.9619645476341248;0.0;2.6795707480621864;0.44242944379134674;0.5575705562086533
1731803984.310426;/app/bags/user95_2017-02-24.bag;0.834065854549408;0.0;0.9619645476341248;0.0;2.6795707480621864;0.44242944379134674;0.5575705562086533
1731803984.5105574;/app/bags/user95_2017-02-24.bag;0.834065854549408;0.0;0.9619645476341248;0.0;2.6795707480621864;0.44242944379134674;0.5575705562086533
1731803984.7103715;/app/bags/user95_2017-02-24.bag;0.834065854549408;0.0;0.9619645476341248;0.0;2.6795707480621864;0.44242944379134674;0.5575705562086533
1731803984.9103787;/app/bags/user95_2017-02-24.bag;0.834065854549408;0.0;0.9619645476341248;0.0;2.6795707480621864;0.44242944379134674;0.5575705562086533
1731803985.1104133;/app/bags/user95_2017-02-24.bag;0.834065854549408;0.0;0.9619645476341248;0.0;2.6795707480621864;0.44242944379134674;0.5575705562086533
1731803985.310416;/app/bags/user95_2017-02-24.bag;0.834065854549408;0.0;0.9619645476341248;0.0;2.6795707480621864;0.44242944379134674;0.5575705562086533
1731803985.5103674;/app/bags/user95_2017-02-24.bag;0.834065854549408;0.0;0.9619645476341248;0.0;2.6795707480621864;0.44242944379134674;0.5575705562086533
1731803985.7104304;/app/bags/user95_2017-02-24.bag;0.834065854549408;0.0;0.9619645476341248;0.0;2.6795707480621864;0.44242944379134674;0.5575705562086533
1731803985.910416;/app/bags/user95_2017-02-24.bag;0.834065854549408;0.0;0.9619645476341248;0.0;2.6795707480621864;0.44242944379134674;0.5575705562086533
1731803986.1103892;/app/bags/user95_2017-02-24.bag;0.834065854549408;0.0;0.9619645476341248;0.0;2.6795707480621864;0.44242944379134674;0.5575705562086533
1731803986.3103926;/app/bags/user95_2017-02-24.bag;0.834065854549408;0.0;0.9619645476341248;0.0;2.6795707480621864;0.44242944379134674;0.5575705562086533
1731803986.5104647;/app/bags/user95_2017-02-24.bag;0.834065854549408;0.0;0.9619645476341248;0.0;2.6795707480621864;0.44242944379134674;0.5575705562086533
1731803986.710522;/app/bags/user95_2017-02-24.bag;0.834065854549408;0.0;0.9619645476341248;0.0;2.6795707480621864;0.44242944379134674;0.5575705562086533
1731803986.910547;/app/bags/user95_2017-02-24.bag;0.834065854549408;0.0;0.9619645476341248;0.0;2.6795707480621864;0.44242944379134674;0.5575705562086533
1731803987.1104362;/app/bags/user95_2017-02-24.bag;0.834065854549408;0.0;0.9619645476341248;0.0;2.6795707480621864;0.44242944379134674;0.5575705562086533
1731803987.3103712;/app/bags/user95_2017-02-24.bag;0.834065854549408;0.0;0.9619645476341248;0.0;2.6795707480621864;0.44242944379134674;0.5575705562086533
1731803987.5104177;/app/bags/user95_2017-02-24.bag;0.834065854549408;0.0;0.9619645476341248;0.0;2.6795707480621864;0.44242944379134674;0.5575705562086533
1731803987.7103908;/app/bags/user95_2017-02-24.bag;0.834065854549408;0.0;0.9619645476341248;0.0;2.6795707480621864;0.44242944379134674;0.5575705562086533
1731803987.9104295;/app/bags/user95_2017-02-24.bag;0.834065854549408;0.0;0.9619645476341248;0.0;2.6795707480621864;0.44242944379134674;0.5575705562086533
1731803988.1103795;/app/bags/user95_2017-02-24.bag;0.834065854549408;0.0;0.9619645476341248;0.0;2.6795707480621864;0.44242944379134674;0.5575705562086533
1731803988.3104322;/app/bags/user95_2017-02-24.bag;0.834065854549408;0.0;0.9619645476341248;0.0;2.6795707480621864;0.44242944379134674;0.5575705562086533
1731803988.5104082;/app/bags/user95_2017-02-24.bag;0.834065854549408;0.0;0.9619645476341248;0.0;2.6795707480621864;0.44242944379134674;0.5575705562086533
1731803988.710362;/app/bags/user95_2017-02-24.bag;0.834065854549408;0.0;0.9619645476341248;0.0;2.6795707480621864;0.44242944379134674;0.5575705562086533
1731803988.9105103;/app/bags/user95_2017-02-24.bag;0.834065854549408;0.0;0.9619645476341248;0.0;2.6795707480621864;0.44242944379134674;0.5575705562086533
1731803989.1104243;/app/bags/user95_2017-02-24.bag;0.834065854549408;0.0;0.9619645476341248;0.0;2.6795707480621864;0.44242944379134674;0.5575705562086533
1731803989.3104231;/app/bags/user95_2017-02-24.bag;0.834065854549408;0.0;0.9619645476341248;0.0;2.6795707480621864;0.44242944379134674;0.5575705562086533
1731803989.5104067;/app/bags/user95_2017-02-24.bag;0.834065854549408;0.0;0.9619645476341248;0.0;2.6795707480621864;0.44242944379134674;0.5575705562086533
1731803989.7103906;/app/bags/user95_2017-02-24.bag;0.834065854549408;0.0;0.9619645476341248;0.0;2.6795707480621864;0.44242944379134674;0.5575705562086533
1731803989.9104578;/app/bags/user95_2017-02-24.bag;0.834065854549408;0.0;0.9619645476341248;0.0;2.6795707480621864;0.44242944379134674;0.5575705562086533
1731803990.1104288;/app/bags/user95_2017-02-24.bag;0.834065854549408;0.0;0.9619645476341248;0.0;2.6795707480621864;0.44242944379134674;0.5575705562086533
1731803990.310398;/app/bags/user95_2017-02-24.bag;0.834065854549408;0.0;0.9619645476341248;0.0;2.6795707480621864;0.44242944379134674;0.5575705562086533
1731803990.5104337;/app/bags/user95_2017-02-24.bag;0.834065854549408;0.0;0.9619645476341248;0.0;2.6795707480621864;0.44242944379134674;0.5575705562086533
1731803990.7105253;/app/bags/user95_2017-02-24.bag;0.834065854549408;0.0;0.9619645476341248;0.0;2.6795707480621864;0.44242944379134674;0.5575705562086533
1731803990.9104064;/app/bags/user95_2017-02-24.bag;0.834065854549408;0.0;0.9619645476341248;0.0;2.6795707480621864;0.44242944379134674;0.5575705562086533
1731803991.1104674;/app/bags/user95_2017-02-24.bag;0.834065854549408;0.0;0.9619645476341248;0.0;2.6795707480621864;0.44242944379134674;0.5575705562086533
1731803991.3104303;/app/bags/user95_2017-02-24.bag;0.834065854549408;0.0;0.9619645476341248;0.0;2.6795707480621864;0.44242944379134674;0.5575705562086533
1731803991.5103655;/app/bags/user95_2017-02-24.bag;0.834065854549408;0.0;0.9619645476341248;0.0;2.6795707480621864;0.44242944379134674;0.5575705562086533
1731803991.7104163;/app/bags/user95_2017-02-24.bag;0.834065854549408;0.0;0.9619645476341248;0.0;2.6795707480621864;0.44242944379134674;0.5575705562086533
1731803991.9103887;/app/bags/user95_2017-02-24.bag;0.834065854549408;0.0;0.9619645476341248;0.0;2.6795707480621864;0.44242944379134674;0.5575705562086533
1731803992.1103745;/app/bags/user95_2017-02-24.bag;0.834065854549408;0.0;0.9619645476341248;0.0;2.6795707480621864;0.44242944379134674;0.5575705562086533
1731803992.310418;/app/bags/user95_2017-02-24.bag;0.834065854549408;0.0;0.9619645476341248;0.0;2.6795707480621864;0.44242944379134674;0.5575705562086533
1731803992.51039;/app/bags/user95_2017-02-24.bag;0.834065854549408;0.0;0.9619645476341248;0.0;2.6795707480621864;0.44242944379134674;0.5575705562086533
1731803992.7104402;/app/bags/user95_2017-02-24.bag;0.834065854549408;0.0;0.9619645476341248;0.0;2.6795707480621864;0.44242944379134674;0.5575705562086533
1731803992.910459;/app/bags/user95_2017-02-24.bag;0.834065854549408;0.0;0.9619645476341248;0.0;2.6795707480621864;0.44242944379134674;0.5575705562086533
1731803993.1103618;/app/bags/user95_2017-02-24.bag;0.834065854549408;0.0;0.9619645476341248;0.0;2.6795707480621864;0.44242944379134674;0.5575705562086533
1731803993.310557;/app/bags/user95_2017-02-24.bag;0.834065854549408;0.0;0.9619645476341248;0.0;2.6795707480621864;0.44242944379134674;0.5575705562086533
1731803993.5104618;/app/bags/user95_2017-02-24.bag;0.834065854549408;0.0;0.9619645476341248;0.0;2.6795707480621864;0.44242944379134674;0.5575705562086533
1731803993.7104514;/app/bags/user95_2017-02-24.bag;0.834065854549408;0.0;0.9619645476341248;0.0;2.6795707480621864;0.44242944379134674;0.5575705562086533
1731803993.9104035;/app/bags/user95_2017-02-24.bag;0.834065854549408;0.0;0.9619645476341248;0.0;2.6795707480621864;0.44242944379134674;0.5575705562086533
1731803994.1103919;/app/bags/user95_2017-02-24.bag;0.834065854549408;0.0;0.9619645476341248;0.0;2.6795707480621864;0.44242944379134674;0.5575705562086533
1731803994.3103614;/app/bags/user95_2017-02-24.bag;0.834065854549408;0.0;0.9619645476341248;0.0;2.6795707480621864;0.44242944379134674;0.5575705562086533
1731803994.510463;/app/bags/user95_2017-02-24.bag;0.834065854549408;0.0;0.9619645476341248;0.0;2.6795707480621864;0.44242944379134674;0.5575705562086533
1731803994.7104604;/app/bags/user95_2017-02-24.bag;0.834065854549408;0.0;0.9619645476341248;0.0;2.6795707480621864;0.44242944379134674;0.5575705562086533
1731803994.910488;/app/bags/user95_2017-02-24.bag;0.834065854549408;0.0;0.9619645476341248;0.0;2.6795707480621864;0.44242944379134674;0.5575705562086533
1731803995.110493;/app/bags/user95_2017-02-24.bag;0.834065854549408;0.0;0.9619645476341248;0.0;2.6795707480621864;0.44242944379134674;0.5575705562086533
1731803995.3104105;/app/bags/user95_2017-02-24.bag;0.834065854549408;0.0;0.9619645476341248;0.0;2.6795707480621864;0.44242944379134674;0.5575705562086533
1731803995.5104053;/app/bags/user95_2017-02-24.bag;0.834065854549408;0.0;0.9619645476341248;0.0;2.6795707480621864;0.44242944379134674;0.5575705562086533
1731803995.7103922;/app/bags/user95_2017-02-24.bag;0.834065854549408;0.0;0.9619645476341248;0.0;2.6795707480621864;0.44242944379134674;0.5575705562086533
1731803995.9103944;/app/bags/user95_2017-02-24.bag;0.834065854549408;0.0;0.9619645476341248;0.0;2.6795707480621864;0.44242944379134674;0.5575705562086533
1731803996.1103835;/app/bags/user95_2017-02-24.bag;0.834065854549408;0.0;0.9619645476341248;0.0;2.6795707480621864;0.44242944379134674;0.5575705562086533
1731803996.3103888;/app/bags/user95_2017-02-24.bag;0.834065854549408;0.0;0.9619645476341248;0.0;2.6795707480621864;0.44242944379134674;0.5575705562086533
1731803996.5104103;/app/bags/user95_2017-02-24.bag;0.834065854549408;0.0;0.9619645476341248;0.0;2.6795707480621864;0.44242944379134674;0.5575705562086533
1731803996.710442;/app/bags/user95_2017-02-24.bag;0.834065854549408;0.0;0.9619645476341248;0.0;2.6795707480621864;0.44242944379134674;0.5575705562086533
1731803996.910417;/app/bags/user95_2017-02-24.bag;0.834065854549408;0.0;0.9619645476341248;0.0;2.6795707480621864;0.44242944379134674;0.5575705562086533
1731803997.1103842;/app/bags/user95_2017-02-24.bag;0.834065854549408;0.0;0.9619645476341248;0.0;2.6795707480621864;0.44242944379134674;0.5575705562086533
1731803997.3104093;/app/bags/user95_2017-02-24.bag;0.834065854549408;0.0;0.9619645476341248;0.0;2.6795707480621864;0.44242944379134674;0.5575705562086533
1731803997.5103848;/app/bags/user95_2017-02-24.bag;0.834065854549408;0.0;0.9619645476341248;0.0;2.6795707480621864;0.44242944379134674;0.5575705562086533
1731803997.7104023;/app/bags/user95_2017-02-24.bag;0.834065854549408;0.0;0.9619645476341248;0.0;2.6795707480621864;0.44242944379134674;0.5575705562086533
1731803997.9103837;/app/bags/user95_2017-02-24.bag;0.834065854549408;0.0;0.9619645476341248;0.0;2.6795707480621864;0.44242944379134674;0.5575705562086533
1731803998.1104336;/app/bags/user95_2017-02-24.bag;0.834065854549408;0.0;0.9619645476341248;0.0;2.6795707480621864;0.44242944379134674;0.5575705562086533
1731803998.3103747;/app/bags/user95_2017-02-24.bag;0.834065854549408;0.0;0.9619645476341248;0.0;2.6795707480621864;0.44242944379134674;0.5575705562086533
1731803998.5104132;/app/bags/user95_2017-02-24.bag;0.834065854549408;0.0;0.9619645476341248;0.0;2.6795707480621864;0.44242944379134674;0.5575705562086533
1731803998.7104213;/app/bags/user95_2017-02-24.bag;0.834065854549408;0.0;0.9619645476341248;0.0;2.6795707480621864;0.44242944379134674;0.5575705562086533
1731803998.9103928;/app/bags/user95_2017-02-24.bag;0.834065854549408;0.0;0.9619645476341248;0.0;2.6795707480621864;0.44242944379134674;0.5575705562086533
1731803999.1104784;/app/bags/user95_2017-02-24.bag;0.834065854549408;0.0;0.9619645476341248;0.0;2.6795707480621864;0.44242944379134674;0.5575705562086533
1731803999.3104181;/app/bags/user95_2017-02-24.bag;0.834065854549408;0.0;0.9619645476341248;0.0;2.6795707480621864;0.44242944379134674;0.5575705562086533
1731803999.510379;/app/bags/user95_2017-02-24.bag;0.834065854549408;0.0;0.9619645476341248;0.0;2.6795707480621864;0.44242944379134674;0.5575705562086533
1731803999.7104254;/app/bags/user95_2017-02-24.bag;0.834065854549408;0.0;0.9619645476341248;0.0;2.6795707480621864;0.44242944379134674;0.5575705562086533
1731803999.9104123;/app/bags/user95_2017-02-24.bag;0.834065854549408;0.0;0.9619645476341248;0.0;2.6795707480621864;0.44242944379134674;0.5575705562086533
1731804000.110421;/app/bags/user95_2017-02-24.bag;0.834065854549408;0.0;0.9619645476341248;0.0;2.6795707480621864;0.44242944379134674;0.5575705562086533
1731804000.3104146;/app/bags/user95_2017-02-24.bag;0.834065854549408;0.0;0.9619645476341248;0.0;2.6795707480621864;0.44242944379134674;0.5575705562086533
1731804000.5104144;/app/bags/user95_2017-02-24.bag;0.834065854549408;0.0;0.9619645476341248;0.0;2.6795707480621864;0.44242944379134674;0.5575705562086533
1731804000.7104073;/app/bags/user95_2017-02-24.bag;0.834065854549408;0.0;0.9619645476341248;0.0;2.6795707480621864;0.44242944379134674;0.5575705562086533
1731804000.910425;/app/bags/user95_2017-02-24.bag;0.834065854549408;0.0;0.9619645476341248;0.0;2.6795707480621864;0.44242944379134674;0.5575705562086533
1731804001.1103885;/app/bags/user95_2017-02-24.bag;0.834065854549408;0.0;0.9619645476341248;0.0;2.6795707480621864;0.44242944379134674;0.5575705562086533
1731804001.3103995;/app/bags/user95_2017-02-24.bag;0.834065854549408;0.0;0.9619645476341248;0.0;2.6795707480621864;0.44242944379134674;0.5575705562086533
1731804001.5104034;/app/bags/user95_2017-02-24.bag;0.834065854549408;0.0;0.9619645476341248;0.0;2.6795707480621864;0.44242944379134674;0.5575705562086533
1731804001.7103765;/app/bags/user95_2017-02-24.bag;0.834065854549408;0.0;0.9619645476341248;0.0;2.6795707480621864;0.44242944379134674;0.5575705562086533
1731804001.9105892;/app/bags/user95_2017-02-24.bag;0.834065854549408;0.0;0.9619645476341248;0.0;2.6795707480621864;0.44242944379134674;0.5575705562086533
1731804002.110406;/app/bags/user95_2017-02-24.bag;0.834065854549408;0.0;0.9619645476341248;0.0;2.6795707480621864;0.44242944379134674;0.5575705562086533
1731804002.3104382;/app/bags/user95_2017-02-24.bag;0.834065854549408;0.0;0.9619645476341248;0.0;2.6795707480621864;0.44242944379134674;0.5575705562086533
1731804002.510554;/app/bags/user95_2017-02-24.bag;0.834065854549408;0.0;0.9619645476341248;0.0;2.6795707480621864;0.44242944379134674;0.5575705562086533
1731804002.710411;/app/bags/user95_2017-02-24.bag;0.834065854549408;0.0;0.9619645476341248;0.0;2.6795707480621864;0.44242944379134674;0.5575705562086533
1731804002.9104009;/app/bags/user95_2017-02-24.bag;0.834065854549408;0.0;0.9619645476341248;0.0;2.6795707480621864;0.44242944379134674;0.5575705562086533
1731804003.1104114;/app/bags/user95_2017-02-24.bag;0.834065854549408;0.0;0.9619645476341248;0.0;2.6795707480621864;0.44242944379134674;0.5575705562086533
1731804003.3105369;/app/bags/user95_2017-02-24.bag;0.834065854549408;0.0;0.9619645476341248;0.0;2.6795707480621864;0.44242944379134674;0.5575705562086533
1731804003.5104144;/app/bags/user95_2017-02-24.bag;0.834065854549408;0.0;0.9619645476341248;0.0;2.6795707480621864;0.44242944379134674;0.5575705562086533
1731804003.7104056;/app/bags/user95_2017-02-24.bag;0.834065854549408;0.0;0.9619645476341248;0.0;2.6795707480621864;0.44242944379134674;0.5575705562086533
1731804003.9103856;/app/bags/user95_2017-02-24.bag;0.834065854549408;0.0;0.9619645476341248;0.0;2.6795707480621864;0.44242944379134674;0.5575705562086533
1731804004.1103754;/app/bags/user95_2017-02-24.bag;0.834065854549408;0.0;0.9619645476341248;0.0;2.6795707480621864;0.44242944379134674;0.5575705562086533
1731804004.3104148;/app/bags/user95_2017-02-24.bag;0.834065854549408;0.0;0.9619645476341248;0.0;2.6795707480621864;0.44242944379134674;0.5575705562086533
1731804004.5104039;/app/bags/user95_2017-02-24.bag;0.834065854549408;0.0;0.9619645476341248;0.0;2.6795707480621864;0.44242944379134674;0.5575705562086533
1731804004.71035;/app/bags/user95_2017-02-24.bag;0.834065854549408;0.0;0.9619645476341248;0.0;2.6795707480621864;0.44242944379134674;0.5575705562086533
1731804004.910421;/app/bags/user95_2017-02-24.bag;0.834065854549408;0.0;0.9619645476341248;0.0;2.6795707480621864;0.44242944379134674;0.5575705562086533
1731804005.1103952;/app/bags/user95_2017-02-24.bag;0.834065854549408;0.0;0.9619645476341248;0.0;2.6795707480621864;0.44242944379134674;0.5575705562086533
1731804005.3104093;/app/bags/user95_2017-02-24.bag;0.834065854549408;0.0;0.9619645476341248;0.0;2.6795707480621864;0.44242944379134674;0.5575705562086533
1731804005.5103848;/app/bags/user95_2017-02-24.bag;0.834065854549408;0.0;0.9619645476341248;0.0;2.6795707480621864;0.44242944379134674;0.5575705562086533
1731804005.7104654;/app/bags/user95_2017-02-24.bag;0.834065854549408;0.0;0.9619645476341248;0.0;2.6795707480621864;0.44242944379134674;0.5575705562086533
1731804005.9104958;/app/bags/user95_2017-02-24.bag;0.834065854549408;0.0;0.9619645476341248;0.0;2.6795707480621864;0.44242944379134674;0.5575705562086533
1731804006.1103914;/app/bags/user95_2017-02-24.bag;0.834065854549408;0.0;0.9619645476341248;0.0;2.6795707480621864;0.44242944379134674;0.5575705562086533
1731804006.3103771;/app/bags/user95_2017-02-24.bag;0.834065854549408;0.0;0.9619645476341248;0.0;2.6795707480621864;0.44242944379134674;0.5575705562086533
1731804006.5104115;/app/bags/user95_2017-02-24.bag;0.834065854549408;0.0;0.9619645476341248;0.0;2.6795707480621864;0.44242944379134674;0.5575705562086533
1731804006.7104087;/app/bags/user95_2017-02-24.bag;0.834065854549408;0.0;0.9619645476341248;0.0;2.6795707480621864;0.44242944379134674;0.5575705562086533
1731804006.910414;/app/bags/user95_2017-02-24.bag;0.834065854549408;0.0;0.9619645476341248;0.0;2.6795707480621864;0.44242944379134674;0.5575705562086533
1731804007.11039;/app/bags/user95_2017-02-24.bag;0.834065854549408;0.0;0.9619645476341248;0.0;2.6795707480621864;0.44242944379134674;0.5575705562086533
1731804007.3103557;/app/bags/user95_2017-02-24.bag;0.834065854549408;0.0;0.9619645476341248;0.0;2.6795707480621864;0.44242944379134674;0.5575705562086533
1731804007.5103953;/app/bags/user95_2017-02-24.bag;0.834065854549408;0.0;0.9619645476341248;0.0;2.6795707480621864;0.44242944379134674;0.5575705562086533
1731804007.7104456;/app/bags/user95_2017-02-24.bag;0.834065854549408;0.0;0.9619645476341248;0.0;2.6795707480621864;0.44242944379134674;0.5575705562086533
1731804007.9104135;/app/bags/user95_2017-02-24.bag;0.834065854549408;0.0;0.9619645476341248;0.0;2.6795707480621864;0.44242944379134674;0.5575705562086533
1731804008.1104286;/app/bags/user95_2017-02-24.bag;0.834065854549408;0.0;0.9619645476341248;0.0;2.6795707480621864;0.44242944379134674;0.5575705562086533
1731804008.310446;/app/bags/user95_2017-02-24.bag;0.834065854549408;0.0;0.9619645476341248;0.0;2.6795707480621864;0.44242944379134674;0.5575705562086533
1731804008.510376;/app/bags/user95_2017-02-24.bag;0.834065854549408;0.0;0.9619645476341248;0.0;2.6795707480621864;0.44242944379134674;0.5575705562086533
1731804008.71039;/app/bags/user95_2017-02-24.bag;0.834065854549408;0.0;0.9619645476341248;0.0;2.6795707480621864;0.44242944379134674;0.5575705562086533
1731804008.9104102;/app/bags/user95_2017-02-24.bag;0.834065854549408;0.0;0.9619645476341248;0.0;2.6795707480621864;0.44242944379134674;0.5575705562086533
1731804009.1103885;/app/bags/user95_2017-02-24.bag;0.834065854549408;0.0;0.9619645476341248;0.0;2.6795707480621864;0.44242944379134674;0.5575705562086533
1731804009.3103805;/app/bags/user95_2017-02-24.bag;0.834065854549408;0.0;0.9619645476341248;0.0;2.6795707480621864;0.44242944379134674;0.5575705562086533
1731804009.5103967;/app/bags/user95_2017-02-24.bag;0.834065854549408;0.0;0.9619645476341248;0.0;2.6795707480621864;0.44242944379134674;0.5575705562086533
1731804009.7103593;/app/bags/user95_2017-02-24.bag;0.834065854549408;0.0;0.9619645476341248;0.0;2.6795707480621864;0.44242944379134674;0.5575705562086533
1731804009.9103782;/app/bags/user95_2017-02-24.bag;0.834065854549408;0.0;0.9619645476341248;0.0;2.6795707480621864;0.44242944379134674;0.5575705562086533
1731804010.110354;/app/bags/user95_2017-02-24.bag;0.834065854549408;0.0;0.9619645476341248;0.0;2.6795707480621864;0.44242944379134674;0.5575705562086533
1731804010.310403;/app/bags/user95_2017-02-24.bag;0.834065854549408;0.0;0.9619645476341248;0.0;2.6795707480621864;0.44242944379134674;0.5575705562086533
1731804010.5104225;/app/bags/user95_2017-02-24.bag;0.834065854549408;0.0;0.9619645476341248;0.0;2.6795707480621864;0.44242944379134674;0.5575705562086533
1731804010.7103937;/app/bags/user95_2017-02-24.bag;0.834065854549408;0.0;0.9619645476341248;0.0;2.6795707480621864;0.44242944379134674;0.5575705562086533
1731804010.9103985;/app/bags/user95_2017-02-24.bag;0.834065854549408;0.0;0.9619645476341248;0.0;2.6795707480621864;0.44242944379134674;0.5575705562086533
1731804011.1104517;/app/bags/user95_2017-02-24.bag;0.834065854549408;0.0;0.9619645476341248;0.0;2.6795707480621864;0.44242944379134674;0.5575705562086533
1731804011.3103895;/app/bags/user95_2017-02-24.bag;0.834065854549408;0.0;0.9619645476341248;0.0;2.6795707480621864;0.44242944379134674;0.5575705562086533
1731804011.5104735;/app/bags/user95_2017-02-24.bag;0.834065854549408;0.0;0.9619645476341248;0.0;2.6795707480621864;0.44242944379134674;0.5575705562086533
1731804011.7104015;/app/bags/user95_2017-02-24.bag;0.834065854549408;0.0;0.9619645476341248;0.0;2.6795707480621864;0.44242944379134674;0.5575705562086533
1731804011.9103897;/app/bags/user95_2017-02-24.bag;0.834065854549408;0.0;0.9619645476341248;0.0;2.6795707480621864;0.44242944379134674;0.5575705562086533
1731804012.1104457;/app/bags/user95_2017-02-24.bag;0.834065854549408;0.0;0.9619645476341248;0.0;2.6795707480621864;0.44242944379134674;0.5575705562086533
1731804012.3103726;/app/bags/user95_2017-02-24.bag;0.834065854549408;0.0;0.9619645476341248;0.0;2.6795707480621864;0.44242944379134674;0.5575705562086533
1731804012.51038;/app/bags/user95_2017-02-24.bag;0.834065854549408;0.0;0.9619645476341248;0.0;2.6795707480621864;0.44242944379134674;0.5575705562086533
1731804012.7103872;/app/bags/user95_2017-02-24.bag;0.834065854549408;0.0;0.9619645476341248;0.0;2.6795707480621864;0.44242944379134674;0.5575705562086533
1731804012.910389;/app/bags/user95_2017-02-24.bag;0.834065854549408;0.0;0.9619645476341248;0.0;2.6795707480621864;0.44242944379134674;0.5575705562086533
1731804013.1103842;/app/bags/user95_2017-02-24.bag;0.834065854549408;0.0;0.9619645476341248;0.0;2.6795707480621864;0.44242944379134674;0.5575705562086533
1731804013.3103893;/app/bags/user95_2017-02-24.bag;0.834065854549408;0.0;0.9619645476341248;0.0;2.6795707480621864;0.44242944379134674;0.5575705562086533
1731804013.5103738;/app/bags/user95_2017-02-24.bag;0.834065854549408;0.0;0.9619645476341248;0.0;2.6795707480621864;0.44242944379134674;0.5575705562086533
1731804013.710454;/app/bags/user95_2017-02-24.bag;0.834065854549408;0.0;0.9619645476341248;0.0;2.6795707480621864;0.44242944379134674;0.5575705562086533
1731804013.9104154;/app/bags/user95_2017-02-24.bag;0.834065854549408;0.0;0.9619645476341248;0.0;2.6795707480621864;0.44242944379134674;0.5575705562086533
1731804014.1104164;/app/bags/user95_2017-02-24.bag;0.834065854549408;0.0;0.9619645476341248;0.0;2.6795707480621864;0.44242944379134674;0.5575705562086533
1731804014.3103843;/app/bags/user95_2017-02-24.bag;0.834065854549408;0.0;0.9619645476341248;0.0;2.6795707480621864;0.44242944379134674;0.5575705562086533
1731804014.5104887;/app/bags/user95_2017-02-24.bag;0.834065854549408;0.0;0.9619645476341248;0.0;2.6795707480621864;0.44242944379134674;0.5575705562086533
1731804014.7104292;/app/bags/user95_2017-02-24.bag;0.834065854549408;0.0;0.9619645476341248;0.0;2.6795707480621864;0.44242944379134674;0.5575705562086533
1731804014.9104154;/app/bags/user95_2017-02-24.bag;0.834065854549408;0.0;0.9619645476341248;0.0;2.6795707480621864;0.44242944379134674;0.5575705562086533
1731804015.1104908;/app/bags/user95_2017-02-24.bag;0.834065854549408;0.0;0.9619645476341248;0.0;2.6795707480621864;0.44242944379134674;0.5575705562086533
1731804015.3104234;/app/bags/user95_2017-02-24.bag;0.834065854549408;0.0;0.9619645476341248;0.0;2.6795707480621864;0.44242944379134674;0.5575705562086533
1731804015.5103948;/app/bags/user95_2017-02-24.bag;0.834065854549408;0.0;0.9619645476341248;0.0;2.6795707480621864;0.44242944379134674;0.5575705562086533
1731804015.7104;/app/bags/user95_2017-02-24.bag;0.834065854549408;0.0;0.9619645476341248;0.0;2.6795707480621864;0.44242944379134674;0.5575705562086533
1731804015.9104056;/app/bags/user95_2017-02-24.bag;0.834065854549408;0.0;0.9619645476341248;0.0;2.6795707480621864;0.44242944379134674;0.5575705562086533
1731804016.1104198;/app/bags/user95_2017-02-24.bag;0.834065854549408;0.0;0.9619645476341248;0.0;2.6795707480621864;0.44242944379134674;0.5575705562086533
1731804016.310411;/app/bags/user95_2017-02-24.bag;0.834065854549408;0.0;0.9619645476341248;0.0;2.6795707480621864;0.44242944379134674;0.5575705562086533
1731804016.510426;/app/bags/user95_2017-02-24.bag;0.834065854549408;0.0;0.9619645476341248;0.0;2.6795707480621864;0.44242944379134674;0.5575705562086533
1731804016.7103975;/app/bags/user95_2017-02-24.bag;0.834065854549408;0.0;0.9619645476341248;0.0;2.6795707480621864;0.44242944379134674;0.5575705562086533
1731804016.9103534;/app/bags/user95_2017-02-24.bag;0.834065854549408;0.0;0.9619645476341248;0.0;2.6795707480621864;0.44242944379134674;0.5575705562086533
1731804017.11039;/app/bags/user95_2017-02-24.bag;0.834065854549408;0.0;0.9619645476341248;0.0;2.6795707480621864;0.44242944379134674;0.5575705562086533
1731804017.31041;/app/bags/user95_2017-02-24.bag;0.834065854549408;0.0;0.9619645476341248;0.0;2.6795707480621864;0.44242944379134674;0.5575705562086533
1731804017.5103767;/app/bags/user95_2017-02-24.bag;0.834065854549408;0.0;0.9619645476341248;0.0;2.6795707480621864;0.44242944379134674;0.5575705562086533
1731804017.7103567;/app/bags/user95_2017-02-24.bag;0.834065854549408;0.0;0.9619645476341248;0.0;2.6795707480621864;0.44242944379134674;0.5575705562086533
1731804017.9104078;/app/bags/user95_2017-02-24.bag;0.834065854549408;0.0;0.9619645476341248;0.0;2.6795707480621864;0.44242944379134674;0.5575705562086533
1731804018.1104293;/app/bags/user95_2017-02-24.bag;0.834065854549408;0.0;0.9619645476341248;0.0;2.6795707480621864;0.44242944379134674;0.5575705562086533
1731804018.3104103;/app/bags/user95_2017-02-24.bag;0.834065854549408;0.0;0.9619645476341248;0.0;2.6795707480621864;0.44242944379134674;0.5575705562086533
1731804018.510382;/app/bags/user95_2017-02-24.bag;0.834065854549408;0.0;0.9619645476341248;0.0;2.6795707480621864;0.44242944379134674;0.5575705562086533
1731804018.7103732;/app/bags/user95_2017-02-24.bag;0.834065854549408;0.0;0.9619645476341248;0.0;2.6795707480621864;0.44242944379134674;0.5575705562086533
1731804018.9104586;/app/bags/user95_2017-02-24.bag;0.834065854549408;0.0;0.9619645476341248;0.0;2.6795707480621864;0.44242944379134674;0.5575705562086533
1731804019.1104252;/app/bags/user95_2017-02-24.bag;0.834065854549408;0.0;0.9619645476341248;0.0;2.6795707480621864;0.44242944379134674;0.5575705562086533
1731804019.310383;/app/bags/user95_2017-02-24.bag;0.834065854549408;0.0;0.9619645476341248;0.0;2.6795707480621864;0.44242944379134674;0.5575705562086533
1731804019.510446;/app/bags/user95_2017-02-24.bag;0.834065854549408;0.0;0.9619645476341248;0.0;2.6795707480621864;0.44242944379134674;0.5575705562086533
1731804019.710451;/app/bags/user95_2017-02-24.bag;0.834065854549408;0.0;0.9619645476341248;0.0;2.6795707480621864;0.44242944379134674;0.5575705562086533
1731804019.9104292;/app/bags/user95_2017-02-24.bag;0.834065854549408;0.0;0.9619645476341248;0.0;2.6795707480621864;0.44242944379134674;0.5575705562086533
1731804020.1103988;/app/bags/user95_2017-02-24.bag;0.834065854549408;0.0;0.9619645476341248;0.0;2.6795707480621864;0.44242944379134674;0.5575705562086533
1731804020.310407;/app/bags/user95_2017-02-24.bag;0.834065854549408;0.0;0.9619645476341248;0.0;2.6795707480621864;0.44242944379134674;0.5575705562086533
1731804020.5104215;/app/bags/user95_2017-02-24.bag;0.834065854549408;0.0;0.9619645476341248;0.0;2.6795707480621864;0.44242944379134674;0.5575705562086533
1731804020.710383;/app/bags/user95_2017-02-24.bag;0.834065854549408;0.0;0.9619645476341248;0.0;2.6795707480621864;0.44242944379134674;0.5575705562086533
1731804020.9105122;/app/bags/user95_2017-02-24.bag;0.834065854549408;0.0;0.9619645476341248;0.0;2.6795707480621864;0.44242944379134674;0.5575705562086533
1731804021.1103947;/app/bags/user95_2017-02-24.bag;0.834065854549408;0.0;0.9619645476341248;0.0;2.6795707480621864;0.44242944379134674;0.5575705562086533
1731804021.3103926;/app/bags/user95_2017-02-24.bag;0.834065854549408;0.0;0.9619645476341248;0.0;2.6795707480621864;0.44242944379134674;0.5575705562086533
1731804021.5104115;/app/bags/user95_2017-02-24.bag;0.834065854549408;0.0;0.9619645476341248;0.0;2.6795707480621864;0.44242944379134674;0.5575705562086533
1731804021.7104785;/app/bags/user95_2017-02-24.bag;0.834065854549408;0.0;0.9619645476341248;0.0;2.6795707480621864;0.44242944379134674;0.5575705562086533
1731804021.9104795;/app/bags/user95_2017-02-24.bag;0.834065854549408;0.0;0.9619645476341248;0.0;2.6795707480621864;0.44242944379134674;0.5575705562086533
1731804022.1104157;/app/bags/user95_2017-02-24.bag;0.834065854549408;0.0;0.9619645476341248;0.0;2.6795707480621864;0.44242944379134674;0.5575705562086533
1731804022.3104045;/app/bags/user95_2017-02-24.bag;0.834065854549408;0.0;0.9619645476341248;0.0;2.6795707480621864;0.44242944379134674;0.5575705562086533
1731804022.510425;/app/bags/user95_2017-02-24.bag;0.834065854549408;0.0;0.9619645476341248;0.0;2.6795707480621864;0.44242944379134674;0.5575705562086533
1731804022.710389;/app/bags/user95_2017-02-24.bag;0.834065854549408;0.0;0.9619645476341248;0.0;2.6795707480621864;0.44242944379134674;0.5575705562086533
1731804022.9103854;/app/bags/user95_2017-02-24.bag;0.834065854549408;0.0;0.9619645476341248;0.0;2.6795707480621864;0.44242944379134674;0.5575705562086533
1731804023.1104217;/app/bags/user95_2017-02-24.bag;0.834065854549408;0.0;0.9619645476341248;0.0;2.6795707480621864;0.44242944379134674;0.5575705562086533
1731804023.310358;/app/bags/user95_2017-02-24.bag;0.834065854549408;0.0;0.9619645476341248;0.0;2.6795707480621864;0.44242944379134674;0.5575705562086533
1731804023.5103874;/app/bags/user95_2017-02-24.bag;0.834065854549408;0.0;0.9619645476341248;0.0;2.6795707480621864;0.44242944379134674;0.5575705562086533
1731804023.710357;/app/bags/user95_2017-02-24.bag;0.834065854549408;0.0;0.9619645476341248;0.0;2.6795707480621864;0.44242944379134674;0.5575705562086533
1731804023.910441;/app/bags/user95_2017-02-24.bag;0.834065854549408;0.0;0.9619645476341248;0.0;2.6795707480621864;0.44242944379134674;0.5575705562086533
1731804024.1104228;/app/bags/user95_2017-02-24.bag;0.834065854549408;0.0;0.9619645476341248;0.0;2.6795707480621864;0.44242944379134674;0.5575705562086533
1731804024.3103857;/app/bags/user95_2017-02-24.bag;0.834065854549408;0.0;0.9619645476341248;0.0;2.6795707480621864;0.44242944379134674;0.5575705562086533
1731804024.510394;/app/bags/user95_2017-02-24.bag;0.834065854549408;0.0;0.9619645476341248;0.0;2.6795707480621864;0.44242944379134674;0.5575705562086533
1731804024.7106183;/app/bags/user95_2017-02-24.bag;0.834065854549408;0.0;0.9619645476341248;0.0;2.6795707480621864;0.44242944379134674;0.5575705562086533
1731804024.9103734;/app/bags/user95_2017-02-24.bag;0.834065854549408;0.0;0.9619645476341248;0.0;2.6795707480621864;0.44242944379134674;0.5575705562086533
1731804025.1104088;/app/bags/user95_2017-02-24.bag;0.834065854549408;0.0;0.9619645476341248;0.0;2.6795707480621864;0.44242944379134674;0.5575705562086533
1731804025.3104308;/app/bags/user95_2017-02-24.bag;0.834065854549408;0.0;0.9619645476341248;0.0;2.6795707480621864;0.44242944379134674;0.5575705562086533
1731804025.51042;/app/bags/user95_2017-02-24.bag;0.834065854549408;0.0;0.9619645476341248;0.0;2.6795707480621864;0.44242944379134674;0.5575705562086533
1731804025.710376;/app/bags/user95_2017-02-24.bag;0.834065854549408;0.0;0.9619645476341248;0.0;2.6795707480621864;0.44242944379134674;0.5575705562086533
1731804025.910421;/app/bags/user95_2017-02-24.bag;0.834065854549408;0.0;0.9619645476341248;0.0;2.6795707480621864;0.44242944379134674;0.5575705562086533
1731804026.1103914;/app/bags/user95_2017-02-24.bag;0.834065854549408;0.0;0.9619645476341248;0.0;2.6795707480621864;0.44242944379134674;0.5575705562086533
1731804026.3104131;/app/bags/user95_2017-02-24.bag;0.834065854549408;0.0;0.9619645476341248;0.0;2.6795707480621864;0.44242944379134674;0.5575705562086533
1731804026.5104158;/app/bags/user95_2017-02-24.bag;0.834065854549408;0.0;0.9619645476341248;0.0;2.6795707480621864;0.44242944379134674;0.5575705562086533
1731804026.7103934;/app/bags/user95_2017-02-24.bag;0.834065854549408;0.0;0.9619645476341248;0.0;2.6795707480621864;0.44242944379134674;0.5575705562086533
1731804026.910444;/app/bags/user95_2017-02-24.bag;0.834065854549408;0.0;0.9619645476341248;0.0;2.6795707480621864;0.44242944379134674;0.5575705562086533
1731804027.11039;/app/bags/user95_2017-02-24.bag;0.834065854549408;0.0;0.9619645476341248;0.0;2.6795707480621864;0.44242944379134674;0.5575705562086533
1731804027.3103933;/app/bags/user95_2017-02-24.bag;0.834065854549408;0.0;0.9619645476341248;0.0;2.6795707480621864;0.44242944379134674;0.5575705562086533
1731804027.5104334;/app/bags/user95_2017-02-24.bag;0.834065854549408;0.0;0.9619645476341248;0.0;2.6795707480621864;0.44242944379134674;0.5575705562086533
1731804027.7103548;/app/bags/user95_2017-02-24.bag;0.834065854549408;0.0;0.9619645476341248;0.0;2.6795707480621864;0.44242944379134674;0.5575705562086533
1731804027.9104452;/app/bags/user95_2017-02-24.bag;0.834065854549408;0.0;0.9619645476341248;0.0;2.6795707480621864;0.44242944379134674;0.5575705562086533
1731804028.110417;/app/bags/user95_2017-02-24.bag;0.834065854549408;0.0;0.9619645476341248;0.0;2.6795707480621864;0.44242944379134674;0.5575705562086533
1731804028.3103986;/app/bags/user95_2017-02-24.bag;0.834065854549408;0.0;0.9619645476341248;0.0;2.6795707480621864;0.44242944379134674;0.5575705562086533
1731804028.5104542;/app/bags/user95_2017-02-24.bag;0.834065854549408;0.0;0.9619645476341248;0.0;2.6795707480621864;0.44242944379134674;0.5575705562086533
1731804028.7103653;/app/bags/user95_2017-02-24.bag;0.834065854549408;0.0;0.9619645476341248;0.0;2.6795707480621864;0.44242944379134674;0.5575705562086533
1731804028.9104612;/app/bags/user95_2017-02-24.bag;0.834065854549408;0.0;0.9619645476341248;0.0;2.6795707480621864;0.44242944379134674;0.5575705562086533
1731804029.1104374;/app/bags/user95_2017-02-24.bag;0.834065854549408;0.0;0.9619645476341248;0.0;2.6795707480621864;0.44242944379134674;0.5575705562086533
1731804029.3104322;/app/bags/user95_2017-02-24.bag;0.834065854549408;0.0;0.9619645476341248;0.0;2.6795707480621864;0.44242944379134674;0.5575705562086533
1731804029.5104115;/app/bags/user95_2017-02-24.bag;0.834065854549408;0.0;0.9619645476341248;0.0;2.6795707480621864;0.44242944379134674;0.5575705562086533
1731804029.7103693;/app/bags/user95_2017-02-24.bag;0.834065854549408;0.0;0.9619645476341248;0.0;2.6795707480621864;0.44242944379134674;0.5575705562086533
1731804029.910433;/app/bags/user95_2017-02-24.bag;0.834065854549408;0.0;0.9619645476341248;0.0;2.6795707480621864;0.44242944379134674;0.5575705562086533
1731804030.1104453;/app/bags/user95_2017-02-24.bag;0.834065854549408;0.0;0.9619645476341248;0.0;2.6795707480621864;0.44242944379134674;0.5575705562086533
1731804030.3104355;/app/bags/user95_2017-02-24.bag;0.834065854549408;0.0;0.9619645476341248;0.0;2.6795707480621864;0.44242944379134674;0.5575705562086533
1731804030.5104172;/app/bags/user95_2017-02-24.bag;0.834065854549408;0.0;0.9619645476341248;0.0;2.6795707480621864;0.44242944379134674;0.5575705562086533
1731804030.7104313;/app/bags/user95_2017-02-24.bag;0.834065854549408;0.0;0.9619645476341248;0.0;2.6795707480621864;0.44242944379134674;0.5575705562086533
1731804030.9104114;/app/bags/user95_2017-02-24.bag;0.834065854549408;0.0;0.9619645476341248;0.0;2.6795707480621864;0.44242944379134674;0.5575705562086533
1731804031.110407;/app/bags/user95_2017-02-24.bag;0.834065854549408;0.0;0.9619645476341248;0.0;2.6795707480621864;0.44242944379134674;0.5575705562086533
1731804031.3103743;/app/bags/user95_2017-02-24.bag;0.834065854549408;0.0;0.9619645476341248;0.0;2.6795707480621864;0.44242944379134674;0.5575705562086533
1731804031.51037;/app/bags/user95_2017-02-24.bag;0.834065854549408;0.0;0.9619645476341248;0.0;2.6795707480621864;0.44242944379134674;0.5575705562086533
1731804031.7104018;/app/bags/user95_2017-02-24.bag;0.834065854549408;0.0;0.9619645476341248;0.0;2.6795707480621864;0.44242944379134674;0.5575705562086533
1731804031.9104981;/app/bags/user95_2017-02-24.bag;0.834065854549408;0.0;0.9619645476341248;0.0;2.6795707480621864;0.44242944379134674;0.5575705562086533
1731804032.1103938;/app/bags/user95_2017-02-24.bag;0.834065854549408;0.0;0.9619645476341248;0.0;2.6795707480621864;0.44242944379134674;0.5575705562086533
1731804032.310461;/app/bags/user95_2017-02-24.bag;0.834065854549408;0.0;0.9619645476341248;0.0;2.6795707480621864;0.44242944379134674;0.5575705562086533
1731804032.5103903;/app/bags/user95_2017-02-24.bag;0.834065854549408;0.0;0.9619645476341248;0.0;2.6795707480621864;0.44242944379134674;0.5575705562086533
1731804032.7104332;/app/bags/user95_2017-02-24.bag;0.834065854549408;0.0;0.9619645476341248;0.0;2.6795707480621864;0.44242944379134674;0.5575705562086533
1731804032.9104164;/app/bags/user95_2017-02-24.bag;0.834065854549408;0.0;0.9619645476341248;0.0;2.6795707480621864;0.44242944379134674;0.5575705562086533
1731804033.110456;/app/bags/user95_2017-02-24.bag;0.834065854549408;0.0;0.9619645476341248;0.0;2.6795707480621864;0.44242944379134674;0.5575705562086533
1731804033.310441;/app/bags/user95_2017-02-24.bag;0.834065854549408;0.0;0.9619645476341248;0.0;2.6795707480621864;0.44242944379134674;0.5575705562086533
1731804033.5104163;/app/bags/user95_2017-02-24.bag;0.834065854549408;0.0;0.9619645476341248;0.0;2.6795707480621864;0.44242944379134674;0.5575705562086533
1731804033.7103887;/app/bags/user95_2017-02-24.bag;0.834065854549408;0.0;0.9619645476341248;0.0;2.6795707480621864;0.44242944379134674;0.5575705562086533
1731804033.9104104;/app/bags/user95_2017-02-24.bag;0.834065854549408;0.0;0.9619645476341248;0.0;2.6795707480621864;0.44242944379134674;0.5575705562086533
1731804034.1103477;/app/bags/user95_2017-02-24.bag;0.834065854549408;0.0;0.9619645476341248;0.0;2.6795707480621864;0.44242944379134674;0.5575705562086533
1731804034.31042;/app/bags/user95_2017-02-24.bag;0.834065854549408;0.0;0.9619645476341248;0.0;2.6795707480621864;0.44242944379134674;0.5575705562086533
1731804034.5104008;/app/bags/user95_2017-02-24.bag;0.834065854549408;0.0;0.9619645476341248;0.0;2.6795707480621864;0.44242944379134674;0.5575705562086533
1731804034.710395;/app/bags/user95_2017-02-24.bag;0.834065854549408;0.0;0.9619645476341248;0.0;2.6795707480621864;0.44242944379134674;0.5575705562086533
1731804034.9104114;/app/bags/user95_2017-02-24.bag;0.834065854549408;0.0;0.9619645476341248;0.0;2.6795707480621864;0.44242944379134674;0.5575705562086533
1731804035.1103923;/app/bags/user95_2017-02-24.bag;0.834065854549408;0.0;0.9619645476341248;0.0;2.6795707480621864;0.44242944379134674;0.5575705562086533
1731804035.3104293;/app/bags/user95_2017-02-24.bag;0.834065854549408;0.0;0.9619645476341248;0.0;2.6795707480621864;0.44242944379134674;0.5575705562086533
1731804035.5103946;/app/bags/user95_2017-02-24.bag;0.834065854549408;0.0;0.9619645476341248;0.0;2.6795707480621864;0.44242944379134674;0.5575705562086533
1731804035.7104456;/app/bags/user95_2017-02-24.bag;0.834065854549408;0.0;0.9619645476341248;0.0;2.6795707480621864;0.44242944379134674;0.5575705562086533
1731804035.91037;/app/bags/user95_2017-02-24.bag;0.834065854549408;0.0;0.9619645476341248;0.0;2.6795707480621864;0.44242944379134674;0.5575705562086533
1731804036.1104326;/app/bags/user95_2017-02-24.bag;0.834065854549408;0.0;0.9619645476341248;0.0;2.6795707480621864;0.44242944379134674;0.5575705562086533
1731804036.310404;/app/bags/user95_2017-02-24.bag;0.834065854549408;0.0;0.9619645476341248;0.0;2.6795707480621864;0.44242944379134674;0.5575705562086533
1731804036.5104496;/app/bags/user95_2017-02-24.bag;0.834065854549408;0.0;0.9619645476341248;0.0;2.6795707480621864;0.44242944379134674;0.5575705562086533
1731804036.7103882;/app/bags/user95_2017-02-24.bag;0.834065854549408;0.0;0.9619645476341248;0.0;2.6795707480621864;0.44242944379134674;0.5575705562086533
1731804036.910351;/app/bags/user95_2017-02-24.bag;0.834065854549408;0.0;0.9619645476341248;0.0;2.6795707480621864;0.44242944379134674;0.5575705562086533
1731804037.1104617;/app/bags/user95_2017-02-24.bag;0.834065854549408;0.0;0.9619645476341248;0.0;2.6795707480621864;0.44242944379134674;0.5575705562086533
1731804037.3104346;/app/bags/user95_2017-02-24.bag;0.834065854549408;0.0;0.9619645476341248;0.0;2.6795707480621864;0.44242944379134674;0.5575705562086533
1731804037.5103993;/app/bags/user95_2017-02-24.bag;0.834065854549408;0.0;0.9619645476341248;0.0;2.6795707480621864;0.44242944379134674;0.5575705562086533
1731804037.710403;/app/bags/user95_2017-02-24.bag;0.834065854549408;0.0;0.9619645476341248;0.0;2.6795707480621864;0.44242944379134674;0.5575705562086533
1731804037.9103978;/app/bags/user95_2017-02-24.bag;0.834065854549408;0.0;0.9619645476341248;0.0;2.6795707480621864;0.44242944379134674;0.5575705562086533
1731804038.110513;/app/bags/user95_2017-02-24.bag;0.834065854549408;0.0;0.9619645476341248;0.0;2.6795707480621864;0.44242944379134674;0.5575705562086533
1731804038.3103936;/app/bags/user95_2017-02-24.bag;0.834065854549408;0.0;0.9619645476341248;0.0;2.6795707480621864;0.44242944379134674;0.5575705562086533
1731804038.510374;/app/bags/user95_2017-02-24.bag;0.834065854549408;0.0;0.9619645476341248;0.0;2.6795707480621864;0.44242944379134674;0.5575705562086533
1731804038.7104053;/app/bags/user95_2017-02-24.bag;0.834065854549408;0.0;0.9619645476341248;0.0;2.6795707480621864;0.44242944379134674;0.5575705562086533
1731804038.910403;/app/bags/user95_2017-02-24.bag;0.834065854549408;0.0;0.9619645476341248;0.0;2.6795707480621864;0.44242944379134674;0.5575705562086533
1731804039.110404;/app/bags/user95_2017-02-24.bag;0.834065854549408;0.0;0.9619645476341248;0.0;2.6795707480621864;0.44242944379134674;0.5575705562086533
1731804039.3103933;/app/bags/user95_2017-02-24.bag;0.834065854549408;0.0;0.9619645476341248;0.0;2.6795707480621864;0.44242944379134674;0.5575705562086533
1731804039.5103908;/app/bags/user95_2017-02-24.bag;0.834065854549408;0.0;0.9619645476341248;0.0;2.6795707480621864;0.44242944379134674;0.5575705562086533
1731804039.7103667;/app/bags/user95_2017-02-24.bag;0.834065854549408;0.0;0.9619645476341248;0.0;2.6795707480621864;0.44242944379134674;0.5575705562086533
1731804039.910445;/app/bags/user95_2017-02-24.bag;0.834065854549408;0.0;0.9619645476341248;0.0;2.6795707480621864;0.44242944379134674;0.5575705562086533
1731804040.1104305;/app/bags/user95_2017-02-24.bag;0.834065854549408;0.0;0.9619645476341248;0.0;2.6795707480621864;0.44242944379134674;0.5575705562086533
1731804040.3103926;/app/bags/user95_2017-02-24.bag;0.834065854549408;0.0;0.9619645476341248;0.0;2.6795707480621864;0.44242944379134674;0.5575705562086533
1731804040.5103827;/app/bags/user95_2017-02-24.bag;0.834065854549408;0.0;0.9619645476341248;0.0;2.6795707480621864;0.44242944379134674;0.5575705562086533
1731804040.710396;/app/bags/user95_2017-02-24.bag;0.834065854549408;0.0;0.9619645476341248;0.0;2.6795707480621864;0.44242944379134674;0.5575705562086533
1731804040.9104006;/app/bags/user95_2017-02-24.bag;0.834065854549408;0.0;0.9619645476341248;0.0;2.6795707480621864;0.44242944379134674;0.5575705562086533
1731804041.1104279;/app/bags/user95_2017-02-24.bag;0.834065854549408;0.0;0.9619645476341248;0.0;2.6795707480621864;0.44242944379134674;0.5575705562086533
1731804041.3104231;/app/bags/user95_2017-02-24.bag;0.834065854549408;0.0;0.9619645476341248;0.0;2.6795707480621864;0.44242944379134674;0.5575705562086533
1731804041.5103636;/app/bags/user95_2017-02-24.bag;0.834065854549408;0.0;0.9619645476341248;0.0;2.6795707480621864;0.44242944379134674;0.5575705562086533
1731804041.7103996;/app/bags/user95_2017-02-24.bag;0.834065854549408;0.0;0.9619645476341248;0.0;2.6795707480621864;0.44242944379134674;0.5575705562086533
1731804041.9104536;/app/bags/user95_2017-02-24.bag;0.834065854549408;0.0;0.9619645476341248;0.0;2.6795707480621864;0.44242944379134674;0.5575705562086533
1731804042.1104481;/app/bags/user95_2017-02-24.bag;0.834065854549408;0.0;0.9619645476341248;0.0;2.6795707480621864;0.44242944379134674;0.5575705562086533
1731804042.3104057;/app/bags/user95_2017-02-24.bag;0.834065854549408;0.0;0.9619645476341248;0.0;2.6795707480621864;0.44242944379134674;0.5575705562086533
1731804042.5103865;/app/bags/user95_2017-02-24.bag;0.834065854549408;0.0;0.9619645476341248;0.0;2.6795707480621864;0.44242944379134674;0.5575705562086533
1731804042.7104752;/app/bags/user95_2017-02-24.bag;0.834065854549408;0.0;0.9619645476341248;0.0;2.6795707480621864;0.44242944379134674;0.5575705562086533
1731804042.9103734;/app/bags/user95_2017-02-24.bag;0.834065854549408;0.0;0.9619645476341248;0.0;2.6795707480621864;0.44242944379134674;0.5575705562086533
1731804043.1104841;/app/bags/user95_2017-02-24.bag;0.834065854549408;0.0;0.9619645476341248;0.0;2.6795707480621864;0.44242944379134674;0.5575705562086533
1731804043.31037;/app/bags/user95_2017-02-24.bag;0.834065854549408;0.0;0.9619645476341248;0.0;2.6795707480621864;0.44242944379134674;0.5575705562086533
1731804043.5103812;/app/bags/user95_2017-02-24.bag;0.834065854549408;0.0;0.9619645476341248;0.0;2.6795707480621864;0.44242944379134674;0.5575705562086533
1731804043.7104144;/app/bags/user95_2017-02-24.bag;0.834065854549408;0.0;0.9619645476341248;0.0;2.6795707480621864;0.44242944379134674;0.5575705562086533
1731804043.9104035;/app/bags/user95_2017-02-24.bag;0.834065854549408;0.0;0.9619645476341248;0.0;2.6795707480621864;0.44242944379134674;0.5575705562086533
1731804044.1104016;/app/bags/user95_2017-02-24.bag;0.834065854549408;0.0;0.9619645476341248;0.0;2.6795707480621864;0.44242944379134674;0.5575705562086533
1731804044.3104281;/app/bags/user95_2017-02-24.bag;0.834065854549408;0.0;0.9619645476341248;0.0;2.6795707480621864;0.44242944379134674;0.5575705562086533
1731804044.5103986;/app/bags/user95_2017-02-24.bag;0.834065854549408;0.0;0.9619645476341248;0.0;2.6795707480621864;0.44242944379134674;0.5575705562086533
1731804044.710401;/app/bags/user95_2017-02-24.bag;0.834065854549408;0.0;0.9619645476341248;0.0;2.6795707480621864;0.44242944379134674;0.5575705562086533
1731804044.9103968;/app/bags/user95_2017-02-24.bag;0.834065854549408;0.0;0.9619645476341248;0.0;2.6795707480621864;0.44242944379134674;0.5575705562086533
1731804045.1104283;/app/bags/user95_2017-02-24.bag;0.834065854549408;0.0;0.9619645476341248;0.0;2.6795707480621864;0.44242944379134674;0.5575705562086533
1731804045.3104553;/app/bags/user95_2017-02-24.bag;0.834065854549408;0.0;0.9619645476341248;0.0;2.6795707480621864;0.44242944379134674;0.5575705562086533
1731804045.5104036;/app/bags/user95_2017-02-24.bag;0.834065854549408;0.0;0.9619645476341248;0.0;2.6795707480621864;0.44242944379134674;0.5575705562086533
1731804045.710501;/app/bags/user95_2017-02-24.bag;0.834065854549408;0.0;0.9619645476341248;0.0;2.6795707480621864;0.44242944379134674;0.5575705562086533
1731804045.9104419;/app/bags/user95_2017-02-24.bag;0.834065854549408;0.0;0.9619645476341248;0.0;2.6795707480621864;0.44242944379134674;0.5575705562086533
1731804046.110401;/app/bags/user95_2017-02-24.bag;0.834065854549408;0.0;0.9619645476341248;0.0;2.6795707480621864;0.44242944379134674;0.5575705562086533
1731804046.3103871;/app/bags/user95_2017-02-24.bag;0.834065854549408;0.0;0.9619645476341248;0.0;2.6795707480621864;0.44242944379134674;0.5575705562086533
1731804046.5103858;/app/bags/user95_2017-02-24.bag;0.834065854549408;0.0;0.9619645476341248;0.0;2.6795707480621864;0.44242944379134674;0.5575705562086533
1731804046.7104301;/app/bags/user95_2017-02-24.bag;0.834065854549408;0.0;0.9619645476341248;0.0;2.6795707480621864;0.44242944379134674;0.5575705562086533
1731804046.910387;/app/bags/user95_2017-02-24.bag;0.834065854549408;0.0;0.9619645476341248;0.0;2.6795707480621864;0.44242944379134674;0.5575705562086533
1731804047.1103964;/app/bags/user95_2017-02-24.bag;0.834065854549408;0.0;0.9619645476341248;0.0;2.6795707480621864;0.44242944379134674;0.5575705562086533
1731804047.3104386;/app/bags/user95_2017-02-24.bag;0.834065854549408;0.0;0.9619645476341248;0.0;2.6795707480621864;0.44242944379134674;0.5575705562086533
1731804047.5104153;/app/bags/user95_2017-02-24.bag;0.834065854549408;0.0;0.9619645476341248;0.0;2.6795707480621864;0.44242944379134674;0.5575705562086533
1731804047.7104008;/app/bags/user95_2017-02-24.bag;0.834065854549408;0.0;0.9619645476341248;0.0;2.6795707480621864;0.44242944379134674;0.5575705562086533
1731804047.910402;/app/bags/user95_2017-02-24.bag;0.834065854549408;0.0;0.9619645476341248;0.0;2.6795707480621864;0.44242944379134674;0.5575705562086533
1731804048.110373;/app/bags/user95_2017-02-24.bag;0.834065854549408;0.0;0.9619645476341248;0.0;2.6795707480621864;0.44242944379134674;0.5575705562086533
1731804048.3104515;/app/bags/user95_2017-02-24.bag;0.834065854549408;0.0;0.9619645476341248;0.0;2.6795707480621864;0.44242944379134674;0.5575705562086533
1731804048.5103996;/app/bags/user95_2017-02-24.bag;0.834065854549408;0.0;0.9619645476341248;0.0;2.6795707480621864;0.44242944379134674;0.5575705562086533
1731804048.710435;/app/bags/user95_2017-02-24.bag;0.834065854549408;0.0;0.9619645476341248;0.0;2.6795707480621864;0.44242944379134674;0.5575705562086533
1731804048.9104564;/app/bags/user95_2017-02-24.bag;0.834065854549408;0.0;0.9619645476341248;0.0;2.6795707480621864;0.44242944379134674;0.5575705562086533
1731804049.1103706;/app/bags/user95_2017-02-24.bag;0.834065854549408;0.0;0.9619645476341248;0.0;2.6795707480621864;0.44242944379134674;0.5575705562086533
1731804049.3105438;/app/bags/user95_2017-02-24.bag;0.834065854549408;0.0;0.9619645476341248;0.0;2.6795707480621864;0.44242944379134674;0.5575705562086533
1731804049.5104043;/app/bags/user95_2017-02-24.bag;0.834065854549408;0.0;0.9619645476341248;0.0;2.6795707480621864;0.44242944379134674;0.5575705562086533
1731804049.7104194;/app/bags/user95_2017-02-24.bag;0.834065854549408;0.0;0.9619645476341248;0.0;2.6795707480621864;0.44242944379134674;0.5575705562086533
1731804049.9104495;/app/bags/user95_2017-02-24.bag;0.834065854549408;0.0;0.9619645476341248;0.0;2.6795707480621864;0.44242944379134674;0.5575705562086533
1731804050.1103938;/app/bags/user95_2017-02-24.bag;0.834065854549408;0.0;0.9619645476341248;0.0;2.6795707480621864;0.44242944379134674;0.5575705562086533
1731804050.310379;/app/bags/user95_2017-02-24.bag;0.834065854549408;0.0;0.9619645476341248;0.0;2.6795707480621864;0.44242944379134674;0.5575705562086533
1731804050.5104034;/app/bags/user95_2017-02-24.bag;0.834065854549408;0.0;0.9619645476341248;0.0;2.6795707480621864;0.44242944379134674;0.5575705562086533
1731804050.7103744;/app/bags/user95_2017-02-24.bag;0.834065854549408;0.0;0.9619645476341248;0.0;2.6795707480621864;0.44242944379134674;0.5575705562086533
1731804050.910379;/app/bags/user95_2017-02-24.bag;0.834065854549408;0.0;0.9619645476341248;0.0;2.6795707480621864;0.44242944379134674;0.5575705562086533
1731804051.1104004;/app/bags/user95_2017-02-24.bag;0.834065854549408;0.0;0.9619645476341248;0.0;2.6795707480621864;0.44242944379134674;0.5575705562086533
1731804051.3104012;/app/bags/user95_2017-02-24.bag;0.834065854549408;0.0;0.9619645476341248;0.0;2.6795707480621864;0.44242944379134674;0.5575705562086533
1731804051.5104141;/app/bags/user95_2017-02-24.bag;0.834065854549408;0.0;0.9619645476341248;0.0;2.6795707480621864;0.44242944379134674;0.5575705562086533
1731804051.7104177;/app/bags/user95_2017-02-24.bag;0.834065854549408;0.0;0.9619645476341248;0.0;2.6795707480621864;0.44242944379134674;0.5575705562086533
1731804051.9104056;/app/bags/user95_2017-02-24.bag;0.834065854549408;0.0;0.9619645476341248;0.0;2.6795707480621864;0.44242944379134674;0.5575705562086533
1731804052.1103928;/app/bags/user95_2017-02-24.bag;0.834065854549408;0.0;0.9619645476341248;0.0;2.6795707480621864;0.44242944379134674;0.5575705562086533
1731804052.3104029;/app/bags/user95_2017-02-24.bag;0.834065854549408;0.0;0.9619645476341248;0.0;2.6795707480621864;0.44242944379134674;0.5575705562086533
1731804052.510407;/app/bags/user95_2017-02-24.bag;0.834065854549408;0.0;0.9619645476341248;0.0;2.6795707480621864;0.44242944379134674;0.5575705562086533
1731804052.7104294;/app/bags/user95_2017-02-24.bag;0.834065854549408;0.0;0.9619645476341248;0.0;2.6795707480621864;0.44242944379134674;0.5575705562086533
1731804052.9103909;/app/bags/user95_2017-02-24.bag;0.834065854549408;0.0;0.9619645476341248;0.0;2.6795707480621864;0.44242944379134674;0.5575705562086533
1731804053.1103806;/app/bags/user95_2017-02-24.bag;0.834065854549408;0.0;0.9619645476341248;0.0;2.6795707480621864;0.44242944379134674;0.5575705562086533
1731804053.3103743;/app/bags/user95_2017-02-24.bag;0.834065854549408;0.0;0.9619645476341248;0.0;2.6795707480621864;0.44242944379134674;0.5575705562086533
1731804053.5103996;/app/bags/user95_2017-02-24.bag;0.834065854549408;0.0;0.9619645476341248;0.0;2.6795707480621864;0.44242944379134674;0.5575705562086533
1731804053.7104123;/app/bags/user95_2017-02-24.bag;0.834065854549408;0.0;0.9619645476341248;0.0;2.6795707480621864;0.44242944379134674;0.5575705562086533
1731804053.910394;/app/bags/user95_2017-02-24.bag;0.834065854549408;0.0;0.9619645476341248;0.0;2.6795707480621864;0.44242944379134674;0.5575705562086533
1731804054.1104085;/app/bags/user95_2017-02-24.bag;0.834065854549408;0.0;0.9619645476341248;0.0;2.6795707480621864;0.44242944379134674;0.5575705562086533
1731804054.3103993;/app/bags/user95_2017-02-24.bag;0.834065854549408;0.0;0.9619645476341248;0.0;2.6795707480621864;0.44242944379134674;0.5575705562086533
1731804054.510439;/app/bags/user95_2017-02-24.bag;0.834065854549408;0.0;0.9619645476341248;0.0;2.6795707480621864;0.44242944379134674;0.5575705562086533
1731804054.7104092;/app/bags/user95_2017-02-24.bag;0.834065854549408;0.0;0.9619645476341248;0.0;2.6795707480621864;0.44242944379134674;0.5575705562086533
1731804054.910403;/app/bags/user95_2017-02-24.bag;0.834065854549408;0.0;0.9619645476341248;0.0;2.6795707480621864;0.44242944379134674;0.5575705562086533
1731804055.1103997;/app/bags/user95_2017-02-24.bag;0.834065854549408;0.0;0.9619645476341248;0.0;2.6795707480621864;0.44242944379134674;0.5575705562086533
1731804055.3105984;/app/bags/user95_2017-02-24.bag;0.834065854549408;0.0;0.9619645476341248;0.0;2.6795707480621864;0.44242944379134674;0.5575705562086533
1731804055.5104108;/app/bags/user95_2017-02-24.bag;0.834065854549408;0.0;0.9619645476341248;0.0;2.6795707480621864;0.44242944379134674;0.5575705562086533
1731804055.7103872;/app/bags/user95_2017-02-24.bag;0.834065854549408;0.0;0.9619645476341248;0.0;2.6795707480621864;0.44242944379134674;0.5575705562086533
1731804055.910401;/app/bags/user95_2017-02-24.bag;0.834065854549408;0.0;0.9619645476341248;0.0;2.6795707480621864;0.44242944379134674;0.5575705562086533
1731804056.1104484;/app/bags/user95_2017-02-24.bag;0.834065854549408;0.0;0.9619645476341248;0.0;2.6795707480621864;0.44242944379134674;0.5575705562086533
1731804056.3104012;/app/bags/user95_2017-02-24.bag;0.834065854549408;0.0;0.9619645476341248;0.0;2.6795707480621864;0.44242944379134674;0.5575705562086533
1731804056.51039;/app/bags/user95_2017-02-24.bag;0.834065854549408;0.0;0.9619645476341248;0.0;2.6795707480621864;0.44242944379134674;0.5575705562086533
1731804056.7103865;/app/bags/user95_2017-02-24.bag;0.834065854549408;0.0;0.9619645476341248;0.0;2.6795707480621864;0.44242944379134674;0.5575705562086533
1731804056.9103863;/app/bags/user95_2017-02-24.bag;0.834065854549408;0.0;0.9619645476341248;0.0;2.6795707480621864;0.44242944379134674;0.5575705562086533
1731804057.1103883;/app/bags/user95_2017-02-24.bag;0.834065854549408;0.0;0.9619645476341248;0.0;2.6795707480621864;0.44242944379134674;0.5575705562086533
1731804057.3104017;/app/bags/user95_2017-02-24.bag;0.834065854549408;0.0;0.9619645476341248;0.0;2.6795707480621864;0.44242944379134674;0.5575705562086533
1731804057.510391;/app/bags/user95_2017-02-24.bag;0.834065854549408;0.0;0.9619645476341248;0.0;2.6795707480621864;0.44242944379134674;0.5575705562086533
1731804057.7104301;/app/bags/user95_2017-02-24.bag;0.834065854549408;0.0;0.9619645476341248;0.0;2.6795707480621864;0.44242944379134674;0.5575705562086533
1731804057.9104002;/app/bags/user95_2017-02-24.bag;0.834065854549408;0.0;0.9619645476341248;0.0;2.6795707480621864;0.44242944379134674;0.5575705562086533
1731804058.1104212;/app/bags/user95_2017-02-24.bag;0.834065854549408;0.0;0.9619645476341248;0.0;2.6795707480621864;0.44242944379134674;0.5575705562086533
1731804058.310511;/app/bags/user95_2017-02-24.bag;0.834065854549408;0.0;0.9619645476341248;0.0;2.6795707480621864;0.44242944379134674;0.5575705562086533
1731804058.5104141;/app/bags/user95_2017-02-24.bag;0.834065854549408;0.0;0.9619645476341248;0.0;2.6795707480621864;0.44242944379134674;0.5575705562086533
1731804058.7104747;/app/bags/user95_2017-02-24.bag;0.834065854549408;0.0;0.9619645476341248;0.0;2.6795707480621864;0.44242944379134674;0.5575705562086533
1731804058.9103749;/app/bags/user95_2017-02-24.bag;0.834065854549408;0.0;0.9619645476341248;0.0;2.6795707480621864;0.44242944379134674;0.5575705562086533
1731804059.1103923;/app/bags/user95_2017-02-24.bag;0.834065854549408;0.0;0.9619645476341248;0.0;2.6795707480621864;0.44242944379134674;0.5575705562086533
1731804059.3103998;/app/bags/user95_2017-02-24.bag;0.834065854549408;0.0;0.9619645476341248;0.0;2.6795707480621864;0.44242944379134674;0.5575705562086533
1731804059.510395;/app/bags/user95_2017-02-24.bag;0.834065854549408;0.0;0.9619645476341248;0.0;2.6795707480621864;0.44242944379134674;0.5575705562086533
1731804059.7103822;/app/bags/user95_2017-02-24.bag;0.834065854549408;0.0;0.9619645476341248;0.0;2.6795707480621864;0.44242944379134674;0.5575705562086533
1731804059.9103992;/app/bags/user95_2017-02-24.bag;0.834065854549408;0.0;0.9619645476341248;0.0;2.6795707480621864;0.44242944379134674;0.5575705562086533
1731804060.110383;/app/bags/user95_2017-02-24.bag;0.834065854549408;0.0;0.9619645476341248;0.0;2.6795707480621864;0.44242944379134674;0.5575705562086533
1731804060.3103552;/app/bags/user95_2017-02-24.bag;0.834065854549408;0.0;0.9619645476341248;0.0;2.6795707480621864;0.44242944379134674;0.5575705562086533
1731804060.5103908;/app/bags/user95_2017-02-24.bag;0.834065854549408;0.0;0.9619645476341248;0.0;2.6795707480621864;0.44242944379134674;0.5575705562086533
1731804060.7103763;/app/bags/user95_2017-02-24.bag;0.834065854549408;0.0;0.9619645476341248;0.0;2.6795707480621864;0.44242944379134674;0.5575705562086533
1731804060.9103613;/app/bags/user95_2017-02-24.bag;0.834065854549408;0.0;0.9619645476341248;0.0;2.6795707480621864;0.44242944379134674;0.5575705562086533
1731804061.11038;/app/bags/user95_2017-02-24.bag;0.834065854549408;0.0;0.9619645476341248;0.0;2.6795707480621864;0.44242944379134674;0.5575705562086533
1731804061.310417;/app/bags/user95_2017-02-24.bag;0.834065854549408;0.0;0.9619645476341248;0.0;2.6795707480621864;0.44242944379134674;0.5575705562086533
1731804061.5103803;/app/bags/user95_2017-02-24.bag;0.834065854549408;0.0;0.9619645476341248;0.0;2.6795707480621864;0.44242944379134674;0.5575705562086533
1731804061.7104428;/app/bags/user95_2017-02-24.bag;0.834065854549408;0.0;0.9619645476341248;0.0;2.6795707480621864;0.44242944379134674;0.5575705562086533
1731804061.9103916;/app/bags/user95_2017-02-24.bag;0.834065854549408;0.0;0.9619645476341248;0.0;2.6795707480621864;0.44242944379134674;0.5575705562086533
1731804062.1104305;/app/bags/user95_2017-02-24.bag;0.834065854549408;0.0;0.9619645476341248;0.0;2.6795707480621864;0.44242944379134674;0.5575705562086533
1731804062.3103986;/app/bags/user95_2017-02-24.bag;0.834065854549408;0.0;0.9619645476341248;0.0;2.6795707480621864;0.44242944379134674;0.5575705562086533
1731804062.5104492;/app/bags/user95_2017-02-24.bag;0.834065854549408;0.0;0.9619645476341248;0.0;2.6795707480621864;0.44242944379134674;0.5575705562086533
1731804062.7103815;/app/bags/user95_2017-02-24.bag;0.834065854549408;0.0;0.9619645476341248;0.0;2.6795707480621864;0.44242944379134674;0.5575705562086533
1731804062.9103684;/app/bags/user95_2017-02-24.bag;0.834065854549408;0.0;0.9619645476341248;0.0;2.6795707480621864;0.44242944379134674;0.5575705562086533
1731804063.1103947;/app/bags/user95_2017-02-24.bag;0.834065854549408;0.0;0.9619645476341248;0.0;2.6795707480621864;0.44242944379134674;0.5575705562086533
1731804063.3103938;/app/bags/user95_2017-02-24.bag;0.834065854549408;0.0;0.9619645476341248;0.0;2.6795707480621864;0.44242944379134674;0.5575705562086533
1731804063.510422;/app/bags/user95_2017-02-24.bag;0.834065854549408;0.0;0.9619645476341248;0.0;2.6795707480621864;0.44242944379134674;0.5575705562086533
1731804063.71039;/app/bags/user95_2017-02-24.bag;0.834065854549408;0.0;0.9619645476341248;0.0;2.6795707480621864;0.44242944379134674;0.5575705562086533
1731804063.9103634;/app/bags/user95_2017-02-24.bag;0.834065854549408;0.0;0.9619645476341248;0.0;2.6795707480621864;0.44242944379134674;0.5575705562086533
1731804064.110387;/app/bags/user95_2017-02-24.bag;0.834065854549408;0.0;0.9619645476341248;0.0;2.6795707480621864;0.44242944379134674;0.5575705562086533
1731804064.3104002;/app/bags/user95_2017-02-24.bag;0.834065854549408;0.0;0.9619645476341248;0.0;2.6795707480621864;0.44242944379134674;0.5575705562086533
1731804064.5103953;/app/bags/user95_2017-02-24.bag;0.834065854549408;0.0;0.9619645476341248;0.0;2.6795707480621864;0.44242944379134674;0.5575705562086533
1731804064.7104023;/app/bags/user95_2017-02-24.bag;0.834065854549408;0.0;0.9619645476341248;0.0;2.6795707480621864;0.44242944379134674;0.5575705562086533
1731804064.9103472;/app/bags/user95_2017-02-24.bag;0.834065854549408;0.0;0.9619645476341248;0.0;2.6795707480621864;0.44242944379134674;0.5575705562086533
1731804065.1103783;/app/bags/user95_2017-02-24.bag;0.834065854549408;0.0;0.9619645476341248;0.0;2.6795707480621864;0.44242944379134674;0.5575705562086533
1731804065.3104684;/app/bags/user95_2017-02-24.bag;0.834065854549408;0.0;0.9619645476341248;0.0;2.6795707480621864;0.44242944379134674;0.5575705562086533
1731804065.510391;/app/bags/user95_2017-02-24.bag;0.834065854549408;0.0;0.9619645476341248;0.0;2.6795707480621864;0.44242944379134674;0.5575705562086533
1731804065.7103708;/app/bags/user95_2017-02-24.bag;0.834065854549408;0.0;0.9619645476341248;0.0;2.6795707480621864;0.44242944379134674;0.5575705562086533
1731804065.9104118;/app/bags/user95_2017-02-24.bag;0.834065854549408;0.0;0.9619645476341248;0.0;2.6795707480621864;0.44242944379134674;0.5575705562086533
1731804066.1103635;/app/bags/user95_2017-02-24.bag;0.834065854549408;0.0;0.9619645476341248;0.0;2.6795707480621864;0.44242944379134674;0.5575705562086533
1731804066.3104417;/app/bags/user95_2017-02-24.bag;0.834065854549408;0.0;0.9619645476341248;0.0;2.6795707480621864;0.44242944379134674;0.5575705562086533
1731804066.51037;/app/bags/user95_2017-02-24.bag;0.834065854549408;0.0;0.9619645476341248;0.0;2.6795707480621864;0.44242944379134674;0.5575705562086533
1731804066.7103772;/app/bags/user95_2017-02-24.bag;0.834065854549408;0.0;0.9619645476341248;0.0;2.6795707480621864;0.44242944379134674;0.5575705562086533
1731804066.9104009;/app/bags/user95_2017-02-24.bag;0.834065854549408;0.0;0.9619645476341248;0.0;2.6795707480621864;0.44242944379134674;0.5575705562086533
1731804067.1103706;/app/bags/user95_2017-02-24.bag;0.834065854549408;0.0;0.9619645476341248;0.0;2.6795707480621864;0.44242944379134674;0.5575705562086533
1731804067.3104131;/app/bags/user95_2017-02-24.bag;0.834065854549408;0.0;0.9619645476341248;0.0;2.6795707480621864;0.44242944379134674;0.5575705562086533
1731804067.5103707;/app/bags/user95_2017-02-24.bag;0.834065854549408;0.0;0.9619645476341248;0.0;2.6795707480621864;0.44242944379134674;0.5575705562086533
1731804067.7104483;/app/bags/user95_2017-02-24.bag;0.834065854549408;0.0;0.9619645476341248;0.0;2.6795707480621864;0.44242944379134674;0.5575705562086533
1731804067.910423;/app/bags/user95_2017-02-24.bag;0.834065854549408;0.0;0.9619645476341248;0.0;2.6795707480621864;0.44242944379134674;0.5575705562086533
1731804068.1103928;/app/bags/user95_2017-02-24.bag;0.834065854549408;0.0;0.9619645476341248;0.0;2.6795707480621864;0.44242944379134674;0.5575705562086533
1731804068.3103883;/app/bags/user95_2017-02-24.bag;0.834065854549408;0.0;0.9619645476341248;0.0;2.6795707480621864;0.44242944379134674;0.5575705562086533
1731804068.5104122;/app/bags/user95_2017-02-24.bag;0.834065854549408;0.0;0.9619645476341248;0.0;2.6795707480621864;0.44242944379134674;0.5575705562086533
1731804068.710394;/app/bags/user95_2017-02-24.bag;0.834065854549408;0.0;0.9619645476341248;0.0;2.6795707480621864;0.44242944379134674;0.5575705562086533
1731804068.9104083;/app/bags/user95_2017-02-24.bag;0.834065854549408;0.0;0.9619645476341248;0.0;2.6795707480621864;0.44242944379134674;0.5575705562086533
1731804069.1103852;/app/bags/user95_2017-02-24.bag;0.834065854549408;0.0;0.9619645476341248;0.0;2.6795707480621864;0.44242944379134674;0.5575705562086533
1731804069.3104098;/app/bags/user95_2017-02-24.bag;0.834065854549408;0.0;0.9619645476341248;0.0;2.6795707480621864;0.44242944379134674;0.5575705562086533
1731804069.5103807;/app/bags/user95_2017-02-24.bag;0.834065854549408;0.0;0.9619645476341248;0.0;2.6795707480621864;0.44242944379134674;0.5575705562086533
1731804069.7104297;/app/bags/user95_2017-02-24.bag;0.834065854549408;0.0;0.9619645476341248;0.0;2.6795707480621864;0.44242944379134674;0.5575705562086533
1731804069.9103823;/app/bags/user95_2017-02-24.bag;0.834065854549408;0.0;0.9619645476341248;0.0;2.6795707480621864;0.44242944379134674;0.5575705562086533
1731804070.1104493;/app/bags/user95_2017-02-24.bag;0.834065854549408;0.0;0.9619645476341248;0.0;2.6795707480621864;0.44242944379134674;0.5575705562086533
1731804070.3103924;/app/bags/user95_2017-02-24.bag;0.834065854549408;0.0;0.9619645476341248;0.0;2.6795707480621864;0.44242944379134674;0.5575705562086533
1731804070.5103974;/app/bags/user95_2017-02-24.bag;0.834065854549408;0.0;0.9619645476341248;0.0;2.6795707480621864;0.44242944379134674;0.5575705562086533
1731804070.7104018;/app/bags/user95_2017-02-24.bag;0.834065854549408;0.0;0.9619645476341248;0.0;2.6795707480621864;0.44242944379134674;0.5575705562086533
1731804070.9104652;/app/bags/user95_2017-02-24.bag;0.834065854549408;0.0;0.9619645476341248;0.0;2.6795707480621864;0.44242944379134674;0.5575705562086533
1731804071.1103811;/app/bags/user95_2017-02-24.bag;0.834065854549408;0.0;0.9619645476341248;0.0;2.6795707480621864;0.44242944379134674;0.5575705562086533
1731804071.3103993;/app/bags/user95_2017-02-24.bag;0.834065854549408;0.0;0.9619645476341248;0.0;2.6795707480621864;0.44242944379134674;0.5575705562086533
1731804071.5105624;/app/bags/user95_2017-02-24.bag;0.834065854549408;0.0;0.9619645476341248;0.0;2.6795707480621864;0.44242944379134674;0.5575705562086533
1731804071.7104259;/app/bags/user95_2017-02-24.bag;0.834065854549408;0.0;0.9619645476341248;0.0;2.6795707480621864;0.44242944379134674;0.5575705562086533
1731804071.9104402;/app/bags/user95_2017-02-24.bag;0.834065854549408;0.0;0.9619645476341248;0.0;2.6795707480621864;0.44242944379134674;0.5575705562086533
1731804072.1105216;/app/bags/user95_2017-02-24.bag;0.834065854549408;0.0;0.9619645476341248;0.0;2.6795707480621864;0.44242944379134674;0.5575705562086533
1731804072.3104336;/app/bags/user95_2017-02-24.bag;0.834065854549408;0.0;0.9619645476341248;0.0;2.6795707480621864;0.44242944379134674;0.5575705562086533
1731804072.5103884;/app/bags/user95_2017-02-24.bag;0.834065854549408;0.0;0.9619645476341248;0.0;2.6795707480621864;0.44242944379134674;0.5575705562086533
1731804072.7104483;/app/bags/user95_2017-02-24.bag;0.834065854549408;0.0;0.9619645476341248;0.0;2.6795707480621864;0.44242944379134674;0.5575705562086533
1731804072.9103596;/app/bags/user95_2017-02-24.bag;0.834065854549408;0.0;0.9619645476341248;0.0;2.6795707480621864;0.44242944379134674;0.5575705562086533
1731804073.1103733;/app/bags/user95_2017-02-24.bag;0.834065854549408;0.0;0.9619645476341248;0.0;2.6795707480621864;0.44242944379134674;0.5575705562086533
1731804073.3103952;/app/bags/user95_2017-02-24.bag;0.834065854549408;0.0;0.9619645476341248;0.0;2.6795707480621864;0.44242944379134674;0.5575705562086533
1731804073.5103974;/app/bags/user95_2017-02-24.bag;0.834065854549408;0.0;0.9619645476341248;0.0;2.6795707480621864;0.44242944379134674;0.5575705562086533
1731804073.7103925;/app/bags/user95_2017-02-24.bag;0.834065854549408;0.0;0.9619645476341248;0.0;2.6795707480621864;0.44242944379134674;0.5575705562086533
1731804073.9104226;/app/bags/user95_2017-02-24.bag;0.834065854549408;0.0;0.9619645476341248;0.0;2.6795707480621864;0.44242944379134674;0.5575705562086533
1731804074.1104026;/app/bags/user95_2017-02-24.bag;0.834065854549408;0.0;0.9619645476341248;0.0;2.6795707480621864;0.44242944379134674;0.5575705562086533
1731804074.3104165;/app/bags/user95_2017-02-24.bag;0.834065854549408;0.0;0.9619645476341248;0.0;2.6795707480621864;0.44242944379134674;0.5575705562086533
1731804074.5103977;/app/bags/user95_2017-02-24.bag;0.834065854549408;0.0;0.9619645476341248;0.0;2.6795707480621864;0.44242944379134674;0.5575705562086533
1731804074.710405;/app/bags/user95_2017-02-24.bag;0.834065854549408;0.0;0.9619645476341248;0.0;2.6795707480621864;0.44242944379134674;0.5575705562086533
1731804074.9104934;/app/bags/user95_2017-02-24.bag;0.834065854549408;0.0;0.9619645476341248;0.0;2.6795707480621864;0.44242944379134674;0.5575705562086533
1731804075.110423;/app/bags/user95_2017-02-24.bag;0.834065854549408;0.0;0.9619645476341248;0.0;2.6795707480621864;0.44242944379134674;0.5575705562086533
1731804075.3105867;/app/bags/user95_2017-02-24.bag;0.834065854549408;0.0;0.9619645476341248;0.0;2.6795707480621864;0.44242944379134674;0.5575705562086533
1731804075.5103834;/app/bags/user95_2017-02-24.bag;0.834065854549408;0.0;0.9619645476341248;0.0;2.6795707480621864;0.44242944379134674;0.5575705562086533
1731804075.7104447;/app/bags/user95_2017-02-24.bag;0.834065854549408;0.0;0.9619645476341248;0.0;2.6795707480621864;0.44242944379134674;0.5575705562086533
1731804075.9103916;/app/bags/user95_2017-02-24.bag;0.834065854549408;0.0;0.9619645476341248;0.0;2.6795707480621864;0.44242944379134674;0.5575705562086533
1731804076.1104035;/app/bags/user95_2017-02-24.bag;0.834065854549408;0.0;0.9619645476341248;0.0;2.6795707480621864;0.44242944379134674;0.5575705562086533
1731804076.3104043;/app/bags/user95_2017-02-24.bag;0.834065854549408;0.0;0.9619645476341248;0.0;2.6795707480621864;0.44242944379134674;0.5575705562086533
1731804076.5103993;/app/bags/user95_2017-02-24.bag;0.834065854549408;0.0;0.9619645476341248;0.0;2.6795707480621864;0.44242944379134674;0.5575705562086533
1731804076.7103634;/app/bags/user95_2017-02-24.bag;0.834065854549408;0.0;0.9619645476341248;0.0;2.6795707480621864;0.44242944379134674;0.5575705562086533
1731804076.9104152;/app/bags/user95_2017-02-24.bag;0.834065854549408;0.0;0.9619645476341248;0.0;2.6795707480621864;0.44242944379134674;0.5575705562086533
1731804077.1104124;/app/bags/user95_2017-02-24.bag;0.834065854549408;0.0;0.9619645476341248;0.0;2.6795707480621864;0.44242944379134674;0.5575705562086533
1731804077.3105576;/app/bags/user95_2017-02-24.bag;0.834065854549408;0.0;0.9619645476341248;0.0;2.6795707480621864;0.44242944379134674;0.5575705562086533
1731804077.5104241;/app/bags/user95_2017-02-24.bag;0.834065854549408;0.0;0.9619645476341248;0.0;2.6795707480621864;0.44242944379134674;0.5575705562086533
1731804077.71038;/app/bags/user95_2017-02-24.bag;0.834065854549408;0.0;0.9619645476341248;0.0;2.6795707480621864;0.44242944379134674;0.5575705562086533
1731804077.9104135;/app/bags/user95_2017-02-24.bag;0.834065854549408;0.0;0.9619645476341248;0.0;2.6795707480621864;0.44242944379134674;0.5575705562086533
1731804078.1103892;/app/bags/user95_2017-02-24.bag;0.834065854549408;0.0;0.9619645476341248;0.0;2.6795707480621864;0.44242944379134674;0.5575705562086533
1731804078.3103547;/app/bags/user95_2017-02-24.bag;0.834065854549408;0.0;0.9619645476341248;0.0;2.6795707480621864;0.44242944379134674;0.5575705562086533
1731804078.5104473;/app/bags/user95_2017-02-24.bag;0.834065854549408;0.0;0.9619645476341248;0.0;2.6795707480621864;0.44242944379134674;0.5575705562086533
1731804078.7104156;/app/bags/user95_2017-02-24.bag;0.834065854549408;0.0;0.9619645476341248;0.0;2.6795707480621864;0.44242944379134674;0.5575705562086533
1731804078.9103773;/app/bags/user95_2017-02-24.bag;0.834065854549408;0.0;0.9619645476341248;0.0;2.6795707480621864;0.44242944379134674;0.5575705562086533
1731804079.1105256;/app/bags/user95_2017-02-24.bag;0.834065854549408;0.0;0.9619645476341248;0.0;2.6795707480621864;0.44242944379134674;0.5575705562086533
1731804079.3104987;/app/bags/user95_2017-02-24.bag;0.834065854549408;0.0;0.9619645476341248;0.0;2.6795707480621864;0.44242944379134674;0.5575705562086533
1731804079.5104089;/app/bags/user95_2017-02-24.bag;0.834065854549408;0.0;0.9619645476341248;0.0;2.6795707480621864;0.44242944379134674;0.5575705562086533
1731804079.7104332;/app/bags/user95_2017-02-24.bag;0.834065854549408;0.0;0.9619645476341248;0.0;2.6795707480621864;0.44242944379134674;0.5575705562086533
1731804079.9103718;/app/bags/user95_2017-02-24.bag;0.834065854549408;0.0;0.9619645476341248;0.0;2.6795707480621864;0.44242944379134674;0.5575705562086533
1731804080.1103716;/app/bags/user95_2017-02-24.bag;0.834065854549408;0.0;0.9619645476341248;0.0;2.6795707480621864;0.44242944379134674;0.5575705562086533
1731804080.3103676;/app/bags/user95_2017-02-24.bag;0.834065854549408;0.0;0.9619645476341248;0.0;2.6795707480621864;0.44242944379134674;0.5575705562086533
1731804080.5103874;/app/bags/user95_2017-02-24.bag;0.834065854549408;0.0;0.9619645476341248;0.0;2.6795707480621864;0.44242944379134674;0.5575705562086533
1731804080.710401;/app/bags/user95_2017-02-24.bag;0.834065854549408;0.0;0.9619645476341248;0.0;2.6795707480621864;0.44242944379134674;0.5575705562086533
1731804080.9104378;/app/bags/user95_2017-02-24.bag;0.834065854549408;0.0;0.9619645476341248;0.0;2.6795707480621864;0.44242944379134674;0.5575705562086533
1731804081.110381;/app/bags/user95_2017-02-24.bag;0.834065854549408;0.0;0.9619645476341248;0.0;2.6795707480621864;0.44242944379134674;0.5575705562086533
1731804081.3104815;/app/bags/user95_2017-02-24.bag;0.834065854549408;0.0;0.9619645476341248;0.0;2.6795707480621864;0.44242944379134674;0.5575705562086533
1731804081.510353;/app/bags/user95_2017-02-24.bag;0.834065854549408;0.0;0.9619645476341248;0.0;2.6795707480621864;0.44242944379134674;0.5575705562086533
1731804081.710388;/app/bags/user95_2017-02-24.bag;0.834065854549408;0.0;0.9619645476341248;0.0;2.6795707480621864;0.44242944379134674;0.5575705562086533
1731804081.910413;/app/bags/user95_2017-02-24.bag;0.834065854549408;0.0;0.9619645476341248;0.0;2.6795707480621864;0.44242944379134674;0.5575705562086533
1731804082.1103919;/app/bags/user95_2017-02-24.bag;0.834065854549408;0.0;0.9619645476341248;0.0;2.6795707480621864;0.44242944379134674;0.5575705562086533
1731804082.310398;/app/bags/user95_2017-02-24.bag;0.834065854549408;0.0;0.9619645476341248;0.0;2.6795707480621864;0.44242944379134674;0.5575705562086533
1731804082.510383;/app/bags/user95_2017-02-24.bag;0.834065854549408;0.0;0.9619645476341248;0.0;2.6795707480621864;0.44242944379134674;0.5575705562086533
1731804082.710394;/app/bags/user95_2017-02-24.bag;0.834065854549408;0.0;0.9619645476341248;0.0;2.6795707480621864;0.44242944379134674;0.5575705562086533
1731804082.910462;/app/bags/user95_2017-02-24.bag;0.834065854549408;0.0;0.9619645476341248;0.0;2.6795707480621864;0.44242944379134674;0.5575705562086533
1731804083.1104078;/app/bags/user95_2017-02-24.bag;0.834065854549408;0.0;0.9619645476341248;0.0;2.6795707480621864;0.44242944379134674;0.5575705562086533
1731804083.3104098;/app/bags/user95_2017-02-24.bag;0.834065854549408;0.0;0.9619645476341248;0.0;2.6795707480621864;0.44242944379134674;0.5575705562086533
1731804083.5104945;/app/bags/user95_2017-02-24.bag;0.834065854549408;0.0;0.9619645476341248;0.0;2.6795707480621864;0.44242944379134674;0.5575705562086533
1731804083.7104166;/app/bags/user95_2017-02-24.bag;0.834065854549408;0.0;0.9619645476341248;0.0;2.6795707480621864;0.44242944379134674;0.5575705562086533
1731804083.9104395;/app/bags/user95_2017-02-24.bag;0.834065854549408;0.0;0.9619645476341248;0.0;2.6795707480621864;0.44242944379134674;0.5575705562086533
1731804084.11045;/app/bags/user95_2017-02-24.bag;0.834065854549408;0.0;0.9619645476341248;0.0;2.6795707480621864;0.44242944379134674;0.5575705562086533
1731804084.310409;/app/bags/user95_2017-02-24.bag;0.834065854549408;0.0;0.9619645476341248;0.0;2.6795707480621864;0.44242944379134674;0.5575705562086533
1731804084.510441;/app/bags/user95_2017-02-24.bag;0.834065854549408;0.0;0.9619645476341248;0.0;2.6795707480621864;0.44242944379134674;0.5575705562086533
1731804084.710403;/app/bags/user95_2017-02-24.bag;0.834065854549408;0.0;0.9619645476341248;0.0;2.6795707480621864;0.44242944379134674;0.5575705562086533
1731804084.9103885;/app/bags/user95_2017-02-24.bag;0.834065854549408;0.0;0.9619645476341248;0.0;2.6795707480621864;0.44242944379134674;0.5575705562086533
1731804085.110406;/app/bags/user95_2017-02-24.bag;0.834065854549408;0.0;0.9619645476341248;0.0;2.6795707480621864;0.44242944379134674;0.5575705562086533
1731804085.310393;/app/bags/user95_2017-02-24.bag;0.834065854549408;0.0;0.9619645476341248;0.0;2.6795707480621864;0.44242944379134674;0.5575705562086533
1731804085.5103993;/app/bags/user95_2017-02-24.bag;0.834065854549408;0.0;0.9619645476341248;0.0;2.6795707480621864;0.44242944379134674;0.5575705562086533
1731804085.710399;/app/bags/user95_2017-02-24.bag;0.834065854549408;0.0;0.9619645476341248;0.0;2.6795707480621864;0.44242944379134674;0.5575705562086533
1731804085.910377;/app/bags/user95_2017-02-24.bag;0.834065854549408;0.0;0.9619645476341248;0.0;2.6795707480621864;0.44242944379134674;0.5575705562086533
1731804086.1104147;/app/bags/user95_2017-02-24.bag;0.834065854549408;0.0;0.9619645476341248;0.0;2.6795707480621864;0.44242944379134674;0.5575705562086533
1731804086.3104107;/app/bags/user95_2017-02-24.bag;0.834065854549408;0.0;0.9619645476341248;0.0;2.6795707480621864;0.44242944379134674;0.5575705562086533
1731804086.510424;/app/bags/user95_2017-02-24.bag;0.834065854549408;0.0;0.9619645476341248;0.0;2.6795707480621864;0.44242944379134674;0.5575705562086533
1731804086.7103863;/app/bags/user95_2017-02-24.bag;0.834065854549408;0.0;0.9619645476341248;0.0;2.6795707480621864;0.44242944379134674;0.5575705562086533
1731804086.9103825;/app/bags/user95_2017-02-24.bag;0.834065854549408;0.0;0.9619645476341248;0.0;2.6795707480621864;0.44242944379134674;0.5575705562086533
1731804087.110407;/app/bags/user95_2017-02-24.bag;0.834065854549408;0.0;0.9619645476341248;0.0;2.6795707480621864;0.44242944379134674;0.5575705562086533
1731804087.3104444;/app/bags/user95_2017-02-24.bag;0.834065854549408;0.0;0.9619645476341248;0.0;2.6795707480621864;0.44242944379134674;0.5575705562086533
1731804087.5104575;/app/bags/user95_2017-02-24.bag;0.834065854549408;0.0;0.9619645476341248;0.0;2.6795707480621864;0.44242944379134674;0.5575705562086533
1731804087.7104056;/app/bags/user95_2017-02-24.bag;0.834065854549408;0.0;0.9619645476341248;0.0;2.6795707480621864;0.44242944379134674;0.5575705562086533
1731804087.9104075;/app/bags/user95_2017-02-24.bag;0.834065854549408;0.0;0.9619645476341248;0.0;2.6795707480621864;0.44242944379134674;0.5575705562086533
1731804088.1104069;/app/bags/user95_2017-02-24.bag;0.834065854549408;0.0;0.9619645476341248;0.0;2.6795707480621864;0.44242944379134674;0.5575705562086533
1731804088.3103924;/app/bags/user95_2017-02-24.bag;0.834065854549408;0.0;0.9619645476341248;0.0;2.6795707480621864;0.44242944379134674;0.5575705562086533
1731804088.5103765;/app/bags/user95_2017-02-24.bag;0.834065854549408;0.0;0.9619645476341248;0.0;2.6795707480621864;0.44242944379134674;0.5575705562086533
1731804088.7103918;/app/bags/user95_2017-02-24.bag;0.834065854549408;0.0;0.9619645476341248;0.0;2.6795707480621864;0.44242944379134674;0.5575705562086533
1731804088.9105403;/app/bags/user95_2017-02-24.bag;0.834065854549408;0.0;0.9619645476341248;0.0;2.6795707480621864;0.44242944379134674;0.5575705562086533
1731804089.1104722;/app/bags/user95_2017-02-24.bag;0.834065854549408;0.0;0.9619645476341248;0.0;2.6795707480621864;0.44242944379134674;0.5575705562086533
1731804089.3104289;/app/bags/user95_2017-02-24.bag;0.834065854549408;0.0;0.9619645476341248;0.0;2.6795707480621864;0.44242944379134674;0.5575705562086533
1731804089.5104105;/app/bags/user95_2017-02-24.bag;0.834065854549408;0.0;0.9619645476341248;0.0;2.6795707480621864;0.44242944379134674;0.5575705562086533
1731804089.7104228;/app/bags/user95_2017-02-24.bag;0.834065854549408;0.0;0.9619645476341248;0.0;2.6795707480621864;0.44242944379134674;0.5575705562086533
1731804089.9103937;/app/bags/user95_2017-02-24.bag;0.834065854549408;0.0;0.9619645476341248;0.0;2.6795707480621864;0.44242944379134674;0.5575705562086533
1731804090.110653;/app/bags/user95_2017-02-24.bag;0.834065854549408;0.0;0.9619645476341248;0.0;2.6795707480621864;0.44242944379134674;0.5575705562086533
1731804090.3104968;/app/bags/user95_2017-02-24.bag;0.834065854549408;0.0;0.9619645476341248;0.0;2.6795707480621864;0.44242944379134674;0.5575705562086533
1731804090.5103762;/app/bags/user95_2017-02-24.bag;0.834065854549408;0.0;0.9619645476341248;0.0;2.6795707480621864;0.44242944379134674;0.5575705562086533
1731804090.7103775;/app/bags/user95_2017-02-24.bag;0.834065854549408;0.0;0.9619645476341248;0.0;2.6795707480621864;0.44242944379134674;0.5575705562086533
1731804090.9103863;/app/bags/user95_2017-02-24.bag;0.834065854549408;0.0;0.9619645476341248;0.0;2.6795707480621864;0.44242944379134674;0.5575705562086533
1731804091.1104057;/app/bags/user95_2017-02-24.bag;0.834065854549408;0.0;0.9619645476341248;0.0;2.6795707480621864;0.44242944379134674;0.5575705562086533
1731804091.3103714;/app/bags/user95_2017-02-24.bag;0.834065854549408;0.0;0.9619645476341248;0.0;2.6795707480621864;0.44242944379134674;0.5575705562086533
1731804091.510381;/app/bags/user95_2017-02-24.bag;0.834065854549408;0.0;0.9619645476341248;0.0;2.6795707480621864;0.44242944379134674;0.5575705562086533
1731804091.710421;/app/bags/user95_2017-02-24.bag;0.834065854549408;0.0;0.9619645476341248;0.0;2.6795707480621864;0.44242944379134674;0.5575705562086533
1731804091.910412;/app/bags/user95_2017-02-24.bag;0.834065854549408;0.0;0.9619645476341248;0.0;2.6795707480621864;0.44242944379134674;0.5575705562086533
1731804092.110389;/app/bags/user95_2017-02-24.bag;0.834065854549408;0.0;0.9619645476341248;0.0;2.6795707480621864;0.44242944379134674;0.5575705562086533
1731804092.3104117;/app/bags/user95_2017-02-24.bag;0.834065854549408;0.0;0.9619645476341248;0.0;2.6795707480621864;0.44242944379134674;0.5575705562086533
1731804092.5104377;/app/bags/user95_2017-02-24.bag;0.834065854549408;0.0;0.9619645476341248;0.0;2.6795707480621864;0.44242944379134674;0.5575705562086533
1731804092.710413;/app/bags/user95_2017-02-24.bag;0.834065854549408;0.0;0.9619645476341248;0.0;2.6795707480621864;0.44242944379134674;0.5575705562086533
1731804092.910395;/app/bags/user95_2017-02-24.bag;0.834065854549408;0.0;0.9619645476341248;0.0;2.6795707480621864;0.44242944379134674;0.5575705562086533
1731804093.1103923;/app/bags/user95_2017-02-24.bag;0.834065854549408;0.0;0.9619645476341248;0.0;2.6795707480621864;0.44242944379134674;0.5575705562086533
1731804093.3104901;/app/bags/user95_2017-02-24.bag;0.834065854549408;0.0;0.9619645476341248;0.0;2.6795707480621864;0.44242944379134674;0.5575705562086533
1731804093.51053;/app/bags/user95_2017-02-24.bag;0.834065854549408;0.0;0.9619645476341248;0.0;2.6795707480621864;0.44242944379134674;0.5575705562086533
1731804093.7104046;/app/bags/user95_2017-02-24.bag;0.834065854549408;0.0;0.9619645476341248;0.0;2.6795707480621864;0.44242944379134674;0.5575705562086533
1731804093.910413;/app/bags/user95_2017-02-24.bag;0.834065854549408;0.0;0.9619645476341248;0.0;2.6795707480621864;0.44242944379134674;0.5575705562086533
1731804094.1104443;/app/bags/user95_2017-02-24.bag;0.834065854549408;0.0;0.9619645476341248;0.0;2.6795707480621864;0.44242944379134674;0.5575705562086533
1731804094.3103945;/app/bags/user95_2017-02-24.bag;0.834065854549408;0.0;0.9619645476341248;0.0;2.6795707480621864;0.44242944379134674;0.5575705562086533
1731804094.5103927;/app/bags/user95_2017-02-24.bag;0.834065854549408;0.0;0.9619645476341248;0.0;2.6795707480621864;0.44242944379134674;0.5575705562086533
1731804094.710395;/app/bags/user95_2017-02-24.bag;0.834065854549408;0.0;0.9619645476341248;0.0;2.6795707480621864;0.44242944379134674;0.5575705562086533
1731804094.9104307;/app/bags/user95_2017-02-24.bag;0.834065854549408;0.0;0.9619645476341248;0.0;2.6795707480621864;0.44242944379134674;0.5575705562086533
1731804095.1103365;/app/bags/user95_2017-02-24.bag;0.834065854549408;0.0;0.9619645476341248;0.0;2.6795707480621864;0.44242944379134674;0.5575705562086533
1731804095.3104155;/app/bags/user95_2017-02-24.bag;0.834065854549408;0.0;0.9619645476341248;0.0;2.6795707480621864;0.44242944379134674;0.5575705562086533
1731804095.5103831;/app/bags/user95_2017-02-24.bag;0.834065854549408;0.0;0.9619645476341248;0.0;2.6795707480621864;0.44242944379134674;0.5575705562086533
1731804095.7104125;/app/bags/user95_2017-02-24.bag;0.834065854549408;0.0;0.9619645476341248;0.0;2.6795707480621864;0.44242944379134674;0.5575705562086533
1731804095.9103992;/app/bags/user95_2017-02-24.bag;0.834065854549408;0.0;0.9619645476341248;0.0;2.6795707480621864;0.44242944379134674;0.5575705562086533
1731804096.1104794;/app/bags/user95_2017-02-24.bag;0.834065854549408;0.0;0.9619645476341248;0.0;2.6795707480621864;0.44242944379134674;0.5575705562086533
1731804096.3103929;/app/bags/user95_2017-02-24.bag;0.834065854549408;0.0;0.9619645476341248;0.0;2.6795707480621864;0.44242944379134674;0.5575705562086533
1731804096.5104077;/app/bags/user95_2017-02-24.bag;0.834065854549408;0.0;0.9619645476341248;0.0;2.6795707480621864;0.44242944379134674;0.5575705562086533
1731804096.7104454;/app/bags/user95_2017-02-24.bag;0.834065854549408;0.0;0.9619645476341248;0.0;2.6795707480621864;0.44242944379134674;0.5575705562086533
1731804096.9103827;/app/bags/user95_2017-02-24.bag;0.834065854549408;0.0;0.9619645476341248;0.0;2.6795707480621864;0.44242944379134674;0.5575705562086533
1731804097.110382;/app/bags/user95_2017-02-24.bag;0.834065854549408;0.0;0.9619645476341248;0.0;2.6795707480621864;0.44242944379134674;0.5575705562086533
1731804097.310389;/app/bags/user95_2017-02-24.bag;0.834065854549408;0.0;0.9619645476341248;0.0;2.6795707480621864;0.44242944379134674;0.5575705562086533
1731804097.5105546;/app/bags/user95_2017-02-24.bag;0.834065854549408;0.0;0.9619645476341248;0.0;2.6795707480621864;0.44242944379134674;0.5575705562086533
1731804097.7103808;/app/bags/user95_2017-02-24.bag;0.834065854549408;0.0;0.9619645476341248;0.0;2.6795707480621864;0.44242944379134674;0.5575705562086533
1731804097.9103937;/app/bags/user95_2017-02-24.bag;0.834065854549408;0.0;0.9619645476341248;0.0;2.6795707480621864;0.44242944379134674;0.5575705562086533
1731804098.1104221;/app/bags/user95_2017-02-24.bag;0.834065854549408;0.0;0.9619645476341248;0.0;2.6795707480621864;0.44242944379134674;0.5575705562086533
1731804098.3103867;/app/bags/user95_2017-02-24.bag;0.834065854549408;0.0;0.9619645476341248;0.0;2.6795707480621864;0.44242944379134674;0.5575705562086533
1731804098.5104332;/app/bags/user95_2017-02-24.bag;0.834065854549408;0.0;0.9619645476341248;0.0;2.6795707480621864;0.44242944379134674;0.5575705562086533
1731804098.7103887;/app/bags/user95_2017-02-24.bag;0.834065854549408;0.0;0.9619645476341248;0.0;2.6795707480621864;0.44242944379134674;0.5575705562086533
1731804098.9103754;/app/bags/user95_2017-02-24.bag;0.834065854549408;0.0;0.9619645476341248;0.0;2.6795707480621864;0.44242944379134674;0.5575705562086533
1731804099.1105251;/app/bags/user95_2017-02-24.bag;0.834065854549408;0.0;0.9619645476341248;0.0;2.6795707480621864;0.44242944379134674;0.5575705562086533
1731804099.3103795;/app/bags/user95_2017-02-24.bag;0.834065854549408;0.0;0.9619645476341248;0.0;2.6795707480621864;0.44242944379134674;0.5575705562086533
1731804099.510359;/app/bags/user95_2017-02-24.bag;0.834065854549408;0.0;0.9619645476341248;0.0;2.6795707480621864;0.44242944379134674;0.5575705562086533
1731804099.7104256;/app/bags/user95_2017-02-24.bag;0.834065854549408;0.0;0.9619645476341248;0.0;2.6795707480621864;0.44242944379134674;0.5575705562086533
1731804099.9104228;/app/bags/user95_2017-02-24.bag;0.834065854549408;0.0;0.9619645476341248;0.0;2.6795707480621864;0.44242944379134674;0.5575705562086533
1731804100.1103919;/app/bags/user95_2017-02-24.bag;0.834065854549408;0.0;0.9619645476341248;0.0;2.6795707480621864;0.44242944379134674;0.5575705562086533
1731804100.3103943;/app/bags/user95_2017-02-24.bag;0.834065854549408;0.0;0.9619645476341248;0.0;2.6795707480621864;0.44242944379134674;0.5575705562086533
1731804100.5103705;/app/bags/user95_2017-02-24.bag;0.834065854549408;0.0;0.9619645476341248;0.0;2.6795707480621864;0.44242944379134674;0.5575705562086533
1731804100.7104285;/app/bags/user95_2017-02-24.bag;0.834065854549408;0.0;0.9619645476341248;0.0;2.6795707480621864;0.44242944379134674;0.5575705562086533
1731804100.9103885;/app/bags/user95_2017-02-24.bag;0.834065854549408;0.0;0.9619645476341248;0.0;2.6795707480621864;0.44242944379134674;0.5575705562086533
1731804101.1103997;/app/bags/user95_2017-02-24.bag;0.834065854549408;0.0;0.9619645476341248;0.0;2.6795707480621864;0.44242944379134674;0.5575705562086533
1731804101.3104186;/app/bags/user95_2017-02-24.bag;0.834065854549408;0.0;0.9619645476341248;0.0;2.6795707480621864;0.44242944379134674;0.5575705562086533
1731804101.5104122;/app/bags/user95_2017-02-24.bag;0.834065854549408;0.0;0.9619645476341248;0.0;2.6795707480621864;0.44242944379134674;0.5575705562086533
1731804101.7104294;/app/bags/user95_2017-02-24.bag;0.834065854549408;0.0;0.9619645476341248;0.0;2.6795707480621864;0.44242944379134674;0.5575705562086533
1731804101.91035;/app/bags/user95_2017-02-24.bag;0.834065854549408;0.0;0.9619645476341248;0.0;2.6795707480621864;0.44242944379134674;0.5575705562086533
1731804102.110421;/app/bags/user95_2017-02-24.bag;0.834065854549408;0.0;0.9619645476341248;0.0;2.6795707480621864;0.44242944379134674;0.5575705562086533
1731804102.3104;/app/bags/user95_2017-02-24.bag;0.834065854549408;0.0;0.9619645476341248;0.0;2.6795707480621864;0.44242944379134674;0.5575705562086533
1731804102.5103958;/app/bags/user95_2017-02-24.bag;0.834065854549408;0.0;0.9619645476341248;0.0;2.6795707480621864;0.44242944379134674;0.5575705562086533
1731804102.7104015;/app/bags/user95_2017-02-24.bag;0.834065854549408;0.0;0.9619645476341248;0.0;2.6795707480621864;0.44242944379134674;0.5575705562086533
1731804102.9103932;/app/bags/user95_2017-02-24.bag;0.834065854549408;0.0;0.9619645476341248;0.0;2.6795707480621864;0.44242944379134674;0.5575705562086533
1731804103.1104076;/app/bags/user95_2017-02-24.bag;0.834065854549408;0.0;0.9619645476341248;0.0;2.6795707480621864;0.44242944379134674;0.5575705562086533
1731804103.310419;/app/bags/user95_2017-02-24.bag;0.834065854549408;0.0;0.9619645476341248;0.0;2.6795707480621864;0.44242944379134674;0.5575705562086533
1731804103.5104184;/app/bags/user95_2017-02-24.bag;0.834065854549408;0.0;0.9619645476341248;0.0;2.6795707480621864;0.44242944379134674;0.5575705562086533
1731804103.7104087;/app/bags/user95_2017-02-24.bag;0.834065854549408;0.0;0.9619645476341248;0.0;2.6795707480621864;0.44242944379134674;0.5575705562086533
1731804103.9103892;/app/bags/user95_2017-02-24.bag;0.834065854549408;0.0;0.9619645476341248;0.0;2.6795707480621864;0.44242944379134674;0.5575705562086533
1731804104.1103852;/app/bags/user95_2017-02-24.bag;0.834065854549408;0.0;0.9619645476341248;0.0;2.6795707480621864;0.44242944379134674;0.5575705562086533
1731804104.310328;/app/bags/user95_2017-02-24.bag;0.834065854549408;0.0;0.9619645476341248;0.0;2.6795707480621864;0.44242944379134674;0.5575705562086533
1731804104.5104034;/app/bags/user95_2017-02-24.bag;0.834065854549408;0.0;0.9619645476341248;0.0;2.6795707480621864;0.44242944379134674;0.5575705562086533
1731804104.7104106;/app/bags/user95_2017-02-24.bag;0.834065854549408;0.0;0.9619645476341248;0.0;2.6795707480621864;0.44242944379134674;0.5575705562086533
1731804104.9104378;/app/bags/user95_2017-02-24.bag;0.834065854549408;0.0;0.9619645476341248;0.0;2.6795707480621864;0.44242944379134674;0.5575705562086533
1731804105.1104476;/app/bags/user95_2017-02-24.bag;0.834065854549408;0.0;0.9619645476341248;0.0;2.6795707480621864;0.44242944379134674;0.5575705562086533
1731804105.3104944;/app/bags/user95_2017-02-24.bag;0.834065854549408;0.0;0.9619645476341248;0.0;2.6795707480621864;0.44242944379134674;0.5575705562086533
1731804105.5103357;/app/bags/user95_2017-02-24.bag;0.834065854549408;0.0;0.9619645476341248;0.0;2.6795707480621864;0.44242944379134674;0.5575705562086533
1731804105.7103453;/app/bags/user95_2017-02-24.bag;0.834065854549408;0.0;0.9619645476341248;0.0;2.6795707480621864;0.44242944379134674;0.5575705562086533
1731804105.9104776;/app/bags/user95_2017-02-24.bag;0.834065854549408;0.0;0.9619645476341248;0.0;2.6795707480621864;0.44242944379134674;0.5575705562086533
1731804106.1104329;/app/bags/user95_2017-02-24.bag;0.834065854549408;0.0;0.9619645476341248;0.0;2.6795707480621864;0.44242944379134674;0.5575705562086533
1731804106.3103807;/app/bags/user95_2017-02-24.bag;0.834065854549408;0.0;0.9619645476341248;0.0;2.6795707480621864;0.44242944379134674;0.5575705562086533
1731804106.5104036;/app/bags/user95_2017-02-24.bag;0.834065854549408;0.0;0.9619645476341248;0.0;2.6795707480621864;0.44242944379134674;0.5575705562086533
1731804106.7103698;/app/bags/user95_2017-02-24.bag;0.834065854549408;0.0;0.9619645476341248;0.0;2.6795707480621864;0.44242944379134674;0.5575705562086533
1731804106.910377;/app/bags/user95_2017-02-24.bag;0.834065854549408;0.0;0.9619645476341248;0.0;2.6795707480621864;0.44242944379134674;0.5575705562086533
1731804107.1105745;/app/bags/user95_2017-02-24.bag;0.834065854549408;0.0;0.9619645476341248;0.0;2.6795707480621864;0.44242944379134674;0.5575705562086533
1731804107.3104198;/app/bags/user95_2017-02-24.bag;0.834065854549408;0.0;0.9619645476341248;0.0;2.6795707480621864;0.44242944379134674;0.5575705562086533
1731804107.5104253;/app/bags/user95_2017-02-24.bag;0.834065854549408;0.0;0.9619645476341248;0.0;2.6795707480621864;0.44242944379134674;0.5575705562086533
1731804107.7103813;/app/bags/user95_2017-02-24.bag;0.834065854549408;0.0;0.9619645476341248;0.0;2.6795707480621864;0.44242944379134674;0.5575705562086533
1731804107.9103975;/app/bags/user95_2017-02-24.bag;0.834065854549408;0.0;0.9619645476341248;0.0;2.6795707480621864;0.44242944379134674;0.5575705562086533
1731804108.1104107;/app/bags/user95_2017-02-24.bag;0.834065854549408;0.0;0.9619645476341248;0.0;2.6795707480621864;0.44242944379134674;0.5575705562086533
1731804108.3104362;/app/bags/user95_2017-02-24.bag;0.834065854549408;0.0;0.9619645476341248;0.0;2.6795707480621864;0.44242944379134674;0.5575705562086533
1731804108.5103896;/app/bags/user95_2017-02-24.bag;0.834065854549408;0.0;0.9619645476341248;0.0;2.6795707480621864;0.44242944379134674;0.5575705562086533
1731804108.7104049;/app/bags/user95_2017-02-24.bag;0.834065854549408;0.0;0.9619645476341248;0.0;2.6795707480621864;0.44242944379134674;0.5575705562086533
1731804108.9104006;/app/bags/user95_2017-02-24.bag;0.834065854549408;0.0;0.9619645476341248;0.0;2.6795707480621864;0.44242944379134674;0.5575705562086533
1731804109.1103852;/app/bags/user95_2017-02-24.bag;0.834065854549408;0.0;0.9619645476341248;0.0;2.6795707480621864;0.44242944379134674;0.5575705562086533
1731804109.3103783;/app/bags/user95_2017-02-24.bag;0.834065854549408;0.0;0.9619645476341248;0.0;2.6795707480621864;0.44242944379134674;0.5575705562086533
1731804109.51037;/app/bags/user95_2017-02-24.bag;0.834065854549408;0.0;0.9619645476341248;0.0;2.6795707480621864;0.44242944379134674;0.5575705562086533
1731804109.7103753;/app/bags/user95_2017-02-24.bag;0.834065854549408;0.0;0.9619645476341248;0.0;2.6795707480621864;0.44242944379134674;0.5575705562086533
1731804109.9104114;/app/bags/user95_2017-02-24.bag;0.834065854549408;0.0;0.9619645476341248;0.0;2.6795707480621864;0.44242944379134674;0.5575705562086533
1731804110.1103892;/app/bags/user95_2017-02-24.bag;0.834065854549408;0.0;0.9619645476341248;0.0;2.6795707480621864;0.44242944379134674;0.5575705562086533
1731804110.3103886;/app/bags/user95_2017-02-24.bag;0.834065854549408;0.0;0.9619645476341248;0.0;2.6795707480621864;0.44242944379134674;0.5575705562086533
1731804110.5104709;/app/bags/user95_2017-02-24.bag;0.834065854549408;0.0;0.9619645476341248;0.0;2.6795707480621864;0.44242944379134674;0.5575705562086533
1731804110.7105753;/app/bags/user95_2017-02-24.bag;0.834065854549408;0.0;0.9619645476341248;0.0;2.6795707480621864;0.44242944379134674;0.5575705562086533
1731804110.9104068;/app/bags/user95_2017-02-24.bag;0.834065854549408;0.0;0.9619645476341248;0.0;2.6795707480621864;0.44242944379134674;0.5575705562086533
1731804111.110482;/app/bags/user95_2017-02-24.bag;0.834065854549408;0.0;0.9619645476341248;0.0;2.6795707480621864;0.44242944379134674;0.5575705562086533
1731804111.3104298;/app/bags/user95_2017-02-24.bag;0.834065854549408;0.0;0.9619645476341248;0.0;2.6795707480621864;0.44242944379134674;0.5575705562086533
1731804111.510379;/app/bags/user95_2017-02-24.bag;0.834065854549408;0.0;0.9619645476341248;0.0;2.6795707480621864;0.44242944379134674;0.5575705562086533
1731804111.7104492;/app/bags/user95_2017-02-24.bag;0.834065854549408;0.0;0.9619645476341248;0.0;2.6795707480621864;0.44242944379134674;0.5575705562086533
1731804111.9104326;/app/bags/user95_2017-02-24.bag;0.834065854549408;0.0;0.9619645476341248;0.0;2.6795707480621864;0.44242944379134674;0.5575705562086533
1731804112.1104546;/app/bags/user95_2017-02-24.bag;0.834065854549408;0.0;0.9619645476341248;0.0;2.6795707480621864;0.44242944379134674;0.5575705562086533
1731804112.310436;/app/bags/user95_2017-02-24.bag;0.834065854549408;0.0;0.9619645476341248;0.0;2.6795707480621864;0.44242944379134674;0.5575705562086533
1731804112.510367;/app/bags/user95_2017-02-24.bag;0.834065854549408;0.0;0.9619645476341248;0.0;2.6795707480621864;0.44242944379134674;0.5575705562086533
1731804112.7103798;/app/bags/user95_2017-02-24.bag;0.834065854549408;0.0;0.9619645476341248;0.0;2.6795707480621864;0.44242944379134674;0.5575705562086533
1731804112.9103754;/app/bags/user95_2017-02-24.bag;0.834065854549408;0.0;0.9619645476341248;0.0;2.6795707480621864;0.44242944379134674;0.5575705562086533
1731804113.11042;/app/bags/user95_2017-02-24.bag;0.834065854549408;0.0;0.9619645476341248;0.0;2.6795707480621864;0.44242944379134674;0.5575705562086533
1731804113.3103771;/app/bags/user95_2017-02-24.bag;0.834065854549408;0.0;0.9619645476341248;0.0;2.6795707480621864;0.44242944379134674;0.5575705562086533
1731804113.5103953;/app/bags/user95_2017-02-24.bag;0.834065854549408;0.0;0.9619645476341248;0.0;2.6795707480621864;0.44242944379134674;0.5575705562086533
1731804113.710388;/app/bags/user95_2017-02-24.bag;0.834065854549408;0.0;0.9619645476341248;0.0;2.6795707480621864;0.44242944379134674;0.5575705562086533
1731804113.910391;/app/bags/user95_2017-02-24.bag;0.834065854549408;0.0;0.9619645476341248;0.0;2.6795707480621864;0.44242944379134674;0.5575705562086533
1731804114.11036;/app/bags/user95_2017-02-24.bag;0.834065854549408;0.0;0.9619645476341248;0.0;2.6795707480621864;0.44242944379134674;0.5575705562086533
1731804114.3104165;/app/bags/user95_2017-02-24.bag;0.834065854549408;0.0;0.9619645476341248;0.0;2.6795707480621864;0.44242944379134674;0.5575705562086533
1731804114.5104623;/app/bags/user95_2017-02-24.bag;0.834065854549408;0.0;0.9619645476341248;0.0;2.6795707480621864;0.44242944379134674;0.5575705562086533
1731804114.7103796;/app/bags/user95_2017-02-24.bag;0.834065854549408;0.0;0.9619645476341248;0.0;2.6795707480621864;0.44242944379134674;0.5575705562086533
1731804114.910389;/app/bags/user95_2017-02-24.bag;0.834065854549408;0.0;0.9619645476341248;0.0;2.6795707480621864;0.44242944379134674;0.5575705562086533
1731804115.1105325;/app/bags/user95_2017-02-24.bag;0.834065854549408;0.0;0.9619645476341248;0.0;2.6795707480621864;0.44242944379134674;0.5575705562086533
1731804115.3104336;/app/bags/user95_2017-02-24.bag;0.834065854549408;0.0;0.9619645476341248;0.0;2.6795707480621864;0.44242944379134674;0.5575705562086533
1731804115.5104961;/app/bags/user95_2017-02-24.bag;0.834065854549408;0.0;0.9619645476341248;0.0;2.6795707480621864;0.44242944379134674;0.5575705562086533
1731804115.7105238;/app/bags/user95_2017-02-24.bag;0.834065854549408;0.0;0.9619645476341248;0.0;2.6795707480621864;0.44242944379134674;0.5575705562086533
1731804115.9104292;/app/bags/user95_2017-02-24.bag;0.834065854549408;0.0;0.9619645476341248;0.0;2.6795707480621864;0.44242944379134674;0.5575705562086533
1731804116.110404;/app/bags/user95_2017-02-24.bag;0.834065854549408;0.0;0.9619645476341248;0.0;2.6795707480621864;0.44242944379134674;0.5575705562086533
1731804116.3104458;/app/bags/user95_2017-02-24.bag;0.834065854549408;0.0;0.9619645476341248;0.0;2.6795707480621864;0.44242944379134674;0.5575705562086533
1731804116.5103753;/app/bags/user95_2017-02-24.bag;0.834065854549408;0.0;0.9619645476341248;0.0;2.6795707480621864;0.44242944379134674;0.5575705562086533
1731804116.7104163;/app/bags/user95_2017-02-24.bag;0.834065854549408;0.0;0.9619645476341248;0.0;2.6795707480621864;0.44242944379134674;0.5575705562086533
1731804116.9103897;/app/bags/user95_2017-02-24.bag;0.834065854549408;0.0;0.9619645476341248;0.0;2.6795707480621864;0.44242944379134674;0.5575705562086533
1731804117.1104162;/app/bags/user95_2017-02-24.bag;0.834065854549408;0.0;0.9619645476341248;0.0;2.6795707480621864;0.44242944379134674;0.5575705562086533
1731804117.3104703;/app/bags/user95_2017-02-24.bag;0.834065854549408;0.0;0.9619645476341248;0.0;2.6795707480621864;0.44242944379134674;0.5575705562086533
1731804117.510279;/app/bags/user95_2017-02-24.bag;0.834065854549408;0.0;0.9619645476341248;0.0;2.6795707480621864;0.44242944379134674;0.5575705562086533
1731804117.7103798;/app/bags/user95_2017-02-24.bag;0.834065854549408;0.0;0.9619645476341248;0.0;2.6795707480621864;0.44242944379134674;0.5575705562086533
1731804117.9104786;/app/bags/user95_2017-02-24.bag;0.834065854549408;0.0;0.9619645476341248;0.0;2.6795707480621864;0.44242944379134674;0.5575705562086533
1731804118.110437;/app/bags/user95_2017-02-24.bag;0.834065854549408;0.0;0.9619645476341248;0.0;2.6795707480621864;0.44242944379134674;0.5575705562086533
1731804118.3103945;/app/bags/user95_2017-02-24.bag;0.834065854549408;0.0;0.9619645476341248;0.0;2.6795707480621864;0.44242944379134674;0.5575705562086533
1731804118.5104642;/app/bags/user95_2017-02-24.bag;0.834065854549408;0.0;0.9619645476341248;0.0;2.6795707480621864;0.44242944379134674;0.5575705562086533
1731804118.7104251;/app/bags/user95_2017-02-24.bag;0.834065854549408;0.0;0.9619645476341248;0.0;2.6795707480621864;0.44242944379134674;0.5575705562086533
1731804118.9104204;/app/bags/user95_2017-02-24.bag;0.834065854549408;0.0;0.9619645476341248;0.0;2.6795707480621864;0.44242944379134674;0.5575705562086533
1731804119.1106215;/app/bags/user95_2017-02-24.bag;0.834065854549408;0.0;0.9619645476341248;0.0;2.6795707480621864;0.44242944379134674;0.5575705562086533
1731804119.3104095;/app/bags/user95_2017-02-24.bag;0.834065854549408;0.0;0.9619645476341248;0.0;2.6795707480621864;0.44242944379134674;0.5575705562086533
1731804119.510343;/app/bags/user95_2017-02-24.bag;0.834065854549408;0.0;0.9619645476341248;0.0;2.6795707480621864;0.44242944379134674;0.5575705562086533
1731804119.7104058;/app/bags/user95_2017-02-24.bag;0.834065854549408;0.0;0.9619645476341248;0.0;2.6795707480621864;0.44242944379134674;0.5575705562086533
1731804119.910419;/app/bags/user95_2017-02-24.bag;0.834065854549408;0.0;0.9619645476341248;0.0;2.6795707480621864;0.44242944379134674;0.5575705562086533
1731804120.1104026;/app/bags/user95_2017-02-24.bag;0.834065854549408;0.0;0.9619645476341248;0.0;2.6795707480621864;0.44242944379134674;0.5575705562086533
1731804120.3103986;/app/bags/user95_2017-02-24.bag;0.834065854549408;0.0;0.9619645476341248;0.0;2.6795707480621864;0.44242944379134674;0.5575705562086533
1731804120.51036;/app/bags/user95_2017-02-24.bag;0.834065854549408;0.0;0.9619645476341248;0.0;2.6795707480621864;0.44242944379134674;0.5575705562086533
1731804120.7103975;/app/bags/user95_2017-02-24.bag;0.834065854549408;0.0;0.9619645476341248;0.0;2.6795707480621864;0.44242944379134674;0.5575705562086533
1731804120.910429;/app/bags/user95_2017-02-24.bag;0.834065854549408;0.0;0.9619645476341248;0.0;2.6795707480621864;0.44242944379134674;0.5575705562086533
1731804121.1103916;/app/bags/user95_2017-02-24.bag;0.834065854549408;0.0;0.9619645476341248;0.0;2.6795707480621864;0.44242944379134674;0.5575705562086533
1731804121.3103716;/app/bags/user95_2017-02-24.bag;0.834065854549408;0.0;0.9619645476341248;0.0;2.6795707480621864;0.44242944379134674;0.5575705562086533
1731804121.5104709;/app/bags/user95_2017-02-24.bag;0.834065854549408;0.0;0.9619645476341248;0.0;2.6795707480621864;0.44242944379134674;0.5575705562086533
1731804121.7104461;/app/bags/user95_2017-02-24.bag;0.834065854549408;0.0;0.9619645476341248;0.0;2.6795707480621864;0.44242944379134674;0.5575705562086533
1731804121.9103842;/app/bags/user95_2017-02-24.bag;0.834065854549408;0.0;0.9619645476341248;0.0;2.6795707480621864;0.44242944379134674;0.5575705562086533
1731804122.1103756;/app/bags/user95_2017-02-24.bag;0.834065854549408;0.0;0.9619645476341248;0.0;2.6795707480621864;0.44242944379134674;0.5575705562086533
1731804122.3104103;/app/bags/user95_2017-02-24.bag;0.834065854549408;0.0;0.9619645476341248;0.0;2.6795707480621864;0.44242944379134674;0.5575705562086533
1731804122.510401;/app/bags/user95_2017-02-24.bag;0.834065854549408;0.0;0.9619645476341248;0.0;2.6795707480621864;0.44242944379134674;0.5575705562086533
1731804122.710499;/app/bags/user95_2017-02-24.bag;0.834065854549408;0.0;0.9619645476341248;0.0;2.6795707480621864;0.44242944379134674;0.5575705562086533
1731804122.9104023;/app/bags/user95_2017-02-24.bag;0.834065854549408;0.0;0.9619645476341248;0.0;2.6795707480621864;0.44242944379134674;0.5575705562086533
1731804123.110376;/app/bags/user95_2017-02-24.bag;0.834065854549408;0.0;0.9619645476341248;0.0;2.6795707480621864;0.44242944379134674;0.5575705562086533
1731804123.3104382;/app/bags/user95_2017-02-24.bag;0.834065854549408;0.0;0.9619645476341248;0.0;2.6795707480621864;0.44242944379134674;0.5575705562086533
1731804123.5103707;/app/bags/user95_2017-02-24.bag;0.834065854549408;0.0;0.9619645476341248;0.0;2.6795707480621864;0.44242944379134674;0.5575705562086533
1731804123.7104356;/app/bags/user95_2017-02-24.bag;0.834065854549408;0.0;0.9619645476341248;0.0;2.6795707480621864;0.44242944379134674;0.5575705562086533
1731804123.9103813;/app/bags/user95_2017-02-24.bag;0.834065854549408;0.0;0.9619645476341248;0.0;2.6795707480621864;0.44242944379134674;0.5575705562086533
1731804124.110389;/app/bags/user95_2017-02-24.bag;0.834065854549408;0.0;0.9619645476341248;0.0;2.6795707480621864;0.44242944379134674;0.5575705562086533
1731804124.3103964;/app/bags/user95_2017-02-24.bag;0.834065854549408;0.0;0.9619645476341248;0.0;2.6795707480621864;0.44242944379134674;0.5575705562086533
1731804124.5103426;/app/bags/user95_2017-02-24.bag;0.834065854549408;0.0;0.9619645476341248;0.0;2.6795707480621864;0.44242944379134674;0.5575705562086533
1731804124.710432;/app/bags/user95_2017-02-24.bag;0.834065854549408;0.0;0.9619645476341248;0.0;2.6795707480621864;0.44242944379134674;0.5575705562086533
1731804124.9104278;/app/bags/user95_2017-02-24.bag;0.834065854549408;0.0;0.9619645476341248;0.0;2.6795707480621864;0.44242944379134674;0.5575705562086533
1731804125.1103692;/app/bags/user95_2017-02-24.bag;0.834065854549408;0.0;0.9619645476341248;0.0;2.6795707480621864;0.44242944379134674;0.5575705562086533
1731804125.3104117;/app/bags/user95_2017-02-24.bag;0.834065854549408;0.0;0.9619645476341248;0.0;2.6795707480621864;0.44242944379134674;0.5575705562086533
1731804125.510375;/app/bags/user95_2017-02-24.bag;0.834065854549408;0.0;0.9619645476341248;0.0;2.6795707480621864;0.44242944379134674;0.5575705562086533
1731804125.7104158;/app/bags/user95_2017-02-24.bag;0.834065854549408;0.0;0.9619645476341248;0.0;2.6795707480621864;0.44242944379134674;0.5575705562086533
1731804125.9104612;/app/bags/user95_2017-02-24.bag;0.834065854549408;0.0;0.9619645476341248;0.0;2.6795707480621864;0.44242944379134674;0.5575705562086533
1731804126.1103637;/app/bags/user95_2017-02-24.bag;0.834065854549408;0.0;0.9619645476341248;0.0;2.6795707480621864;0.44242944379134674;0.5575705562086533
1731804126.3103817;/app/bags/user95_2017-02-24.bag;0.834065854549408;0.0;0.9619645476341248;0.0;2.6795707480621864;0.44242944379134674;0.5575705562086533
1731804126.510382;/app/bags/user95_2017-02-24.bag;0.834065854549408;0.0;0.9619645476341248;0.0;2.6795707480621864;0.44242944379134674;0.5575705562086533
1731804126.7104044;/app/bags/user95_2017-02-24.bag;0.834065854549408;0.0;0.9619645476341248;0.0;2.6795707480621864;0.44242944379134674;0.5575705562086533
1731804126.9104226;/app/bags/user95_2017-02-24.bag;0.834065854549408;0.0;0.9619645476341248;0.0;2.6795707480621864;0.44242944379134674;0.5575705562086533
1731804127.110396;/app/bags/user95_2017-02-24.bag;0.834065854549408;0.0;0.9619645476341248;0.0;2.6795707480621864;0.44242944379134674;0.5575705562086533
1731804127.3104541;/app/bags/user95_2017-02-24.bag;0.834065854549408;0.0;0.9619645476341248;0.0;2.6795707480621864;0.44242944379134674;0.5575705562086533
1731804127.5104287;/app/bags/user95_2017-02-24.bag;0.834065854549408;0.0;0.9619645476341248;0.0;2.6795707480621864;0.44242944379134674;0.5575705562086533
1731804127.7104123;/app/bags/user95_2017-02-24.bag;0.834065854549408;0.0;0.9619645476341248;0.0;2.6795707480621864;0.44242944379134674;0.5575705562086533
1731804127.9103858;/app/bags/user95_2017-02-24.bag;0.834065854549408;0.0;0.9619645476341248;0.0;2.6795707480621864;0.44242944379134674;0.5575705562086533
1731804128.1104207;/app/bags/user95_2017-02-24.bag;0.834065854549408;0.0;0.9619645476341248;0.0;2.6795707480621864;0.44242944379134674;0.5575705562086533
1731804128.3105547;/app/bags/user95_2017-02-24.bag;0.834065854549408;0.0;0.9619645476341248;0.0;2.6795707480621864;0.44242944379134674;0.5575705562086533
1731804128.5103683;/app/bags/user95_2017-02-24.bag;0.834065854549408;0.0;0.9619645476341248;0.0;2.6795707480621864;0.44242944379134674;0.5575705562086533
1731804128.7104359;/app/bags/user95_2017-02-24.bag;0.834065854549408;0.0;0.9619645476341248;0.0;2.6795707480621864;0.44242944379134674;0.5575705562086533
1731804128.910563;/app/bags/user95_2017-02-24.bag;0.834065854549408;0.0;0.9619645476341248;0.0;2.6795707480621864;0.44242944379134674;0.5575705562086533
1731804129.1103995;/app/bags/user95_2017-02-24.bag;0.834065854549408;0.0;0.9619645476341248;0.0;2.6795707480621864;0.44242944379134674;0.5575705562086533
1731804129.3104012;/app/bags/user95_2017-02-24.bag;0.834065854549408;0.0;0.9619645476341248;0.0;2.6795707480621864;0.44242944379134674;0.5575705562086533
1731804129.510389;/app/bags/user95_2017-02-24.bag;0.834065854549408;0.0;0.9619645476341248;0.0;2.6795707480621864;0.44242944379134674;0.5575705562086533
1731804129.7104154;/app/bags/user95_2017-02-24.bag;0.834065854549408;0.0;0.9619645476341248;0.0;2.6795707480621864;0.44242944379134674;0.5575705562086533
1731804129.9104495;/app/bags/user95_2017-02-24.bag;0.834065854549408;0.0;0.9619645476341248;0.0;2.6795707480621864;0.44242944379134674;0.5575705562086533
1731804130.1103866;/app/bags/user95_2017-02-24.bag;0.834065854549408;0.0;0.9619645476341248;0.0;2.6795707480621864;0.44242944379134674;0.5575705562086533
1731804130.3104208;/app/bags/user95_2017-02-24.bag;0.834065854549408;0.0;0.9619645476341248;0.0;2.6795707480621864;0.44242944379134674;0.5575705562086533
1731804130.5104406;/app/bags/user95_2017-02-24.bag;0.834065854549408;0.0;0.9619645476341248;0.0;2.6795707480621864;0.44242944379134674;0.5575705562086533
1731804130.7103693;/app/bags/user95_2017-02-24.bag;0.834065854549408;0.0;0.9619645476341248;0.0;2.6795707480621864;0.44242944379134674;0.5575705562086533
1731804130.9103875;/app/bags/user95_2017-02-24.bag;0.834065854549408;0.0;0.9619645476341248;0.0;2.6795707480621864;0.44242944379134674;0.5575705562086533
1731804131.110378;/app/bags/user95_2017-02-24.bag;0.834065854549408;0.0;0.9619645476341248;0.0;2.6795707480621864;0.44242944379134674;0.5575705562086533
1731804131.3105;/app/bags/user95_2017-02-24.bag;0.834065854549408;0.0;0.9619645476341248;0.0;2.6795707480621864;0.44242944379134674;0.5575705562086533
1731804131.5103807;/app/bags/user95_2017-02-24.bag;0.834065854549408;0.0;0.9619645476341248;0.0;2.6795707480621864;0.44242944379134674;0.5575705562086533
1731804131.7104778;/app/bags/user95_2017-02-24.bag;0.834065854549408;0.0;0.9619645476341248;0.0;2.6795707480621864;0.44242944379134674;0.5575705562086533
1731804131.9104006;/app/bags/user95_2017-02-24.bag;0.834065854549408;0.0;0.9619645476341248;0.0;2.6795707480621864;0.44242944379134674;0.5575705562086533
1731804132.110535;/app/bags/user95_2017-02-24.bag;0.834065854549408;0.0;0.9619645476341248;0.0;2.6795707480621864;0.44242944379134674;0.5575705562086533
1731804132.3104074;/app/bags/user95_2017-02-24.bag;0.834065854549408;0.0;0.9619645476341248;0.0;2.6795707480621864;0.44242944379134674;0.5575705562086533
1731804132.510356;/app/bags/user95_2017-02-24.bag;0.834065854549408;0.0;0.9619645476341248;0.0;2.6795707480621864;0.44242944379134674;0.5575705562086533
1731804132.710391;/app/bags/user95_2017-02-24.bag;0.834065854549408;0.0;0.9619645476341248;0.0;2.6795707480621864;0.44242944379134674;0.5575705562086533
1731804132.9105444;/app/bags/user95_2017-02-24.bag;0.834065854549408;0.0;0.9619645476341248;0.0;2.6795707480621864;0.44242944379134674;0.5575705562086533
1731804133.1104062;/app/bags/user95_2017-02-24.bag;0.834065854549408;0.0;0.9619645476341248;0.0;2.6795707480621864;0.44242944379134674;0.5575705562086533
1731804133.3103838;/app/bags/user95_2017-02-24.bag;0.834065854549408;0.0;0.9619645476341248;0.0;2.6795707480621864;0.44242944379134674;0.5575705562086533
1731804133.5103881;/app/bags/user95_2017-02-24.bag;0.834065854549408;0.0;0.9619645476341248;0.0;2.6795707480621864;0.44242944379134674;0.5575705562086533
1731804133.710383;/app/bags/user95_2017-02-24.bag;0.834065854549408;0.0;0.9619645476341248;0.0;2.6795707480621864;0.44242944379134674;0.5575705562086533
1731804133.9103503;/app/bags/user95_2017-02-24.bag;0.834065854549408;0.0;0.9619645476341248;0.0;2.6795707480621864;0.44242944379134674;0.5575705562086533
1731804134.1103897;/app/bags/user95_2017-02-24.bag;0.834065854549408;0.0;0.9619645476341248;0.0;2.6795707480621864;0.44242944379134674;0.5575705562086533
1731804134.3103902;/app/bags/user95_2017-02-24.bag;0.834065854549408;0.0;0.9619645476341248;0.0;2.6795707480621864;0.44242944379134674;0.5575705562086533
1731804134.5104258;/app/bags/user95_2017-02-24.bag;0.834065854549408;0.0;0.9619645476341248;0.0;2.6795707480621864;0.44242944379134674;0.5575705562086533
1731804134.7105021;/app/bags/user95_2017-02-24.bag;0.834065854549408;0.0;0.9619645476341248;0.0;2.6795707480621864;0.44242944379134674;0.5575705562086533
1731804134.910403;/app/bags/user95_2017-02-24.bag;0.834065854549408;0.0;0.9619645476341248;0.0;2.6795707480621864;0.44242944379134674;0.5575705562086533
1731804135.1103885;/app/bags/user95_2017-02-24.bag;0.834065854549408;0.0;0.9619645476341248;0.0;2.6795707480621864;0.44242944379134674;0.5575705562086533
1731804135.3103719;/app/bags/user95_2017-02-24.bag;0.834065854549408;0.0;0.9619645476341248;0.0;2.6795707480621864;0.44242944379134674;0.5575705562086533
1731804135.5103884;/app/bags/user95_2017-02-24.bag;0.834065854549408;0.0;0.9619645476341248;0.0;2.6795707480621864;0.44242944379134674;0.5575705562086533
1731804135.7103896;/app/bags/user95_2017-02-24.bag;0.834065854549408;0.0;0.9619645476341248;0.0;2.6795707480621864;0.44242944379134674;0.5575705562086533
1731804135.91038;/app/bags/user95_2017-02-24.bag;0.834065854549408;0.0;0.9619645476341248;0.0;2.6795707480621864;0.44242944379134674;0.5575705562086533
1731804136.110412;/app/bags/user95_2017-02-24.bag;0.834065854549408;0.0;0.9619645476341248;0.0;2.6795707480621864;0.44242944379134674;0.5575705562086533
1731804136.3103745;/app/bags/user95_2017-02-24.bag;0.834065854549408;0.0;0.9619645476341248;0.0;2.6795707480621864;0.44242944379134674;0.5575705562086533
1731804136.510437;/app/bags/user95_2017-02-24.bag;0.834065854549408;0.0;0.9619645476341248;0.0;2.6795707480621864;0.44242944379134674;0.5575705562086533
1731804136.7103357;/app/bags/user95_2017-02-24.bag;0.834065854549408;0.0;0.9619645476341248;0.0;2.6795707480621864;0.44242944379134674;0.5575705562086533
1731804136.9103646;/app/bags/user95_2017-02-24.bag;0.834065854549408;0.0;0.9619645476341248;0.0;2.6795707480621864;0.44242944379134674;0.5575705562086533
1731804137.11052;/app/bags/user95_2017-02-24.bag;0.834065854549408;0.0;0.9619645476341248;0.0;2.6795707480621864;0.44242944379134674;0.5575705562086533
1731804137.3104038;/app/bags/user95_2017-02-24.bag;0.834065854549408;0.0;0.9619645476341248;0.0;2.6795707480621864;0.44242944379134674;0.5575705562086533
1731804137.510407;/app/bags/user95_2017-02-24.bag;0.834065854549408;0.0;0.9619645476341248;0.0;2.6795707480621864;0.44242944379134674;0.5575705562086533
1731804137.710347;/app/bags/user95_2017-02-24.bag;0.834065854549408;0.0;0.9619645476341248;0.0;2.6795707480621864;0.44242944379134674;0.5575705562086533
1731804137.9104662;/app/bags/user95_2017-02-24.bag;0.834065854549408;0.0;0.9619645476341248;0.0;2.6795707480621864;0.44242944379134674;0.5575705562086533
1731804138.1104493;/app/bags/user95_2017-02-24.bag;0.834065854549408;0.0;0.9619645476341248;0.0;2.6795707480621864;0.44242944379134674;0.5575705562086533
1731804138.3104117;/app/bags/user95_2017-02-24.bag;0.834065854549408;0.0;0.9619645476341248;0.0;2.6795707480621864;0.44242944379134674;0.5575705562086533
1731804138.5103433;/app/bags/user95_2017-02-24.bag;0.834065854549408;0.0;0.9619645476341248;0.0;2.6795707480621864;0.44242944379134674;0.5575705562086533
1731804138.7103772;/app/bags/user95_2017-02-24.bag;0.834065854549408;0.0;0.9619645476341248;0.0;2.6795707480621864;0.44242944379134674;0.5575705562086533
1731804138.9104187;/app/bags/user95_2017-02-24.bag;0.834065854549408;0.0;0.9619645476341248;0.0;2.6795707480621864;0.44242944379134674;0.5575705562086533
1731804139.1104226;/app/bags/user95_2017-02-24.bag;0.834065854549408;0.0;0.9619645476341248;0.0;2.6795707480621864;0.44242944379134674;0.5575705562086533
1731804139.3104072;/app/bags/user95_2017-02-24.bag;0.834065854549408;0.0;0.9619645476341248;0.0;2.6795707480621864;0.44242944379134674;0.5575705562086533
1731804139.5103614;/app/bags/user95_2017-02-24.bag;0.834065854549408;0.0;0.9619645476341248;0.0;2.6795707480621864;0.44242944379134674;0.5575705562086533
1731804139.7104661;/app/bags/user95_2017-02-24.bag;0.834065854549408;0.0;0.9619645476341248;0.0;2.6795707480621864;0.44242944379134674;0.5575705562086533
1731804139.910408;/app/bags/user95_2017-02-24.bag;0.834065854549408;0.0;0.9619645476341248;0.0;2.6795707480621864;0.44242944379134674;0.5575705562086533
1731804140.1103969;/app/bags/user95_2017-02-24.bag;0.834065854549408;0.0;0.9619645476341248;0.0;2.6795707480621864;0.44242944379134674;0.5575705562086533
1731804140.3104234;/app/bags/user95_2017-02-24.bag;0.834065854549408;0.0;0.9619645476341248;0.0;2.6795707480621864;0.44242944379134674;0.5575705562086533
1731804140.51041;/app/bags/user95_2017-02-24.bag;0.834065854549408;0.0;0.9619645476341248;0.0;2.6795707480621864;0.44242944379134674;0.5575705562086533
1731804140.7104013;/app/bags/user95_2017-02-24.bag;0.834065854549408;0.0;0.9619645476341248;0.0;2.6795707480621864;0.44242944379134674;0.5575705562086533
1731804140.910418;/app/bags/user95_2017-02-24.bag;0.834065854549408;0.0;0.9619645476341248;0.0;2.6795707480621864;0.44242944379134674;0.5575705562086533
1731804141.1104298;/app/bags/user95_2017-02-24.bag;0.834065854549408;0.0;0.9619645476341248;0.0;2.6795707480621864;0.44242944379134674;0.5575705562086533
1731804141.3104115;/app/bags/user95_2017-02-24.bag;0.834065854549408;0.0;0.9619645476341248;0.0;2.6795707480621864;0.44242944379134674;0.5575705562086533
1731804141.5104191;/app/bags/user95_2017-02-24.bag;0.834065854549408;0.0;0.9619645476341248;0.0;2.6795707480621864;0.44242944379134674;0.5575705562086533
1731804141.710356;/app/bags/user95_2017-02-24.bag;0.834065854549408;0.0;0.9619645476341248;0.0;2.6795707480621864;0.44242944379134674;0.5575705562086533
1731804141.9103932;/app/bags/user95_2017-02-24.bag;0.834065854549408;0.0;0.9619645476341248;0.0;2.6795707480621864;0.44242944379134674;0.5575705562086533
1731804142.1104052;/app/bags/user95_2017-02-24.bag;0.834065854549408;0.0;0.9619645476341248;0.0;2.6795707480621864;0.44242944379134674;0.5575705562086533
1731804142.310396;/app/bags/user95_2017-02-24.bag;0.834065854549408;0.0;0.9619645476341248;0.0;2.6795707480621864;0.44242944379134674;0.5575705562086533
1731804142.5103812;/app/bags/user95_2017-02-24.bag;0.834065854549408;0.0;0.9619645476341248;0.0;2.6795707480621864;0.44242944379134674;0.5575705562086533
1731804142.7105057;/app/bags/user95_2017-02-24.bag;0.834065854549408;0.0;0.9619645476341248;0.0;2.6795707480621864;0.44242944379134674;0.5575705562086533
1731804142.9103904;/app/bags/user95_2017-02-24.bag;0.834065854549408;0.0;0.9619645476341248;0.0;2.6795707480621864;0.44242944379134674;0.5575705562086533
1731804143.110459;/app/bags/user95_2017-02-24.bag;0.834065854549408;0.0;0.9619645476341248;0.0;2.6795707480621864;0.44242944379134674;0.5575705562086533
1731804143.3103733;/app/bags/user95_2017-02-24.bag;0.834065854549408;0.0;0.9619645476341248;0.0;2.6795707480621864;0.44242944379134674;0.5575705562086533
1731804143.5103967;/app/bags/user95_2017-02-24.bag;0.834065854549408;0.0;0.9619645476341248;0.0;2.6795707480621864;0.44242944379134674;0.5575705562086533
1731804143.7103975;/app/bags/user95_2017-02-24.bag;0.834065854549408;0.0;0.9619645476341248;0.0;2.6795707480621864;0.44242944379134674;0.5575705562086533
1731804143.910671;/app/bags/user95_2017-02-24.bag;0.834065854549408;0.0;0.9619645476341248;0.0;2.6795707480621864;0.44242944379134674;0.5575705562086533
1731804144.1104112;/app/bags/user95_2017-02-24.bag;0.834065854549408;0.0;0.9619645476341248;0.0;2.6795707480621864;0.44242944379134674;0.5575705562086533
1731804144.3104413;/app/bags/user95_2017-02-24.bag;0.834065854549408;0.0;0.9619645476341248;0.0;2.6795707480621864;0.44242944379134674;0.5575705562086533
1731804144.5103831;/app/bags/user95_2017-02-24.bag;0.834065854549408;0.0;0.9619645476341248;0.0;2.6795707480621864;0.44242944379134674;0.5575705562086533
1731804144.7104976;/app/bags/user95_2017-02-24.bag;0.834065854549408;0.0;0.9619645476341248;0.0;2.6795707480621864;0.44242944379134674;0.5575705562086533
1731804144.9104395;/app/bags/user95_2017-02-24.bag;0.834065854549408;0.0;0.9619645476341248;0.0;2.6795707480621864;0.44242944379134674;0.5575705562086533
1731804145.110421;/app/bags/user95_2017-02-24.bag;0.834065854549408;0.0;0.9619645476341248;0.0;2.6795707480621864;0.44242944379134674;0.5575705562086533
1731804145.310419;/app/bags/user95_2017-02-24.bag;0.834065854549408;0.0;0.9619645476341248;0.0;2.6795707480621864;0.44242944379134674;0.5575705562086533
1731804145.5104086;/app/bags/user95_2017-02-24.bag;0.834065854549408;0.0;0.9619645476341248;0.0;2.6795707480621864;0.44242944379134674;0.5575705562086533
1731804145.710429;/app/bags/user95_2017-02-24.bag;0.834065854549408;0.0;0.9619645476341248;0.0;2.6795707480621864;0.44242944379134674;0.5575705562086533
1731804145.9103782;/app/bags/user95_2017-02-24.bag;0.834065854549408;0.0;0.9619645476341248;0.0;2.6795707480621864;0.44242944379134674;0.5575705562086533
1731804146.1104374;/app/bags/user95_2017-02-24.bag;0.834065854549408;0.0;0.9619645476341248;0.0;2.6795707480621864;0.44242944379134674;0.5575705562086533
1731804146.3104038;/app/bags/user95_2017-02-24.bag;0.834065854549408;0.0;0.9619645476341248;0.0;2.6795707480621864;0.44242944379134674;0.5575705562086533
1731804146.5104878;/app/bags/user95_2017-02-24.bag;0.834065854549408;0.0;0.9619645476341248;0.0;2.6795707480621864;0.44242944379134674;0.5575705562086533
1731804146.7104192;/app/bags/user95_2017-02-24.bag;0.834065854549408;0.0;0.9619645476341248;0.0;2.6795707480621864;0.44242944379134674;0.5575705562086533
1731804146.9104354;/app/bags/user95_2017-02-24.bag;0.834065854549408;0.0;0.9619645476341248;0.0;2.6795707480621864;0.44242944379134674;0.5575705562086533
1731804147.1103764;/app/bags/user95_2017-02-24.bag;0.834065854549408;0.0;0.9619645476341248;0.0;2.6795707480621864;0.44242944379134674;0.5575705562086533
1731804147.3103948;/app/bags/user95_2017-02-24.bag;0.834065854549408;0.0;0.9619645476341248;0.0;2.6795707480621864;0.44242944379134674;0.5575705562086533
1731804147.510369;/app/bags/user95_2017-02-24.bag;0.834065854549408;0.0;0.9619645476341248;0.0;2.6795707480621864;0.44242944379134674;0.5575705562086533
1731804147.7104461;/app/bags/user95_2017-02-24.bag;0.834065854549408;0.0;0.9619645476341248;0.0;2.6795707480621864;0.44242944379134674;0.5575705562086533
1731804147.9104233;/app/bags/user95_2017-02-24.bag;0.834065854549408;0.0;0.9619645476341248;0.0;2.6795707480621864;0.44242944379134674;0.5575705562086533
1731804148.1103923;/app/bags/user95_2017-02-24.bag;0.834065854549408;0.0;0.9619645476341248;0.0;2.6795707480621864;0.44242944379134674;0.5575705562086533
1731804148.3104224;/app/bags/user95_2017-02-24.bag;0.834065854549408;0.0;0.9619645476341248;0.0;2.6795707480621864;0.44242944379134674;0.5575705562086533
1731804148.510391;/app/bags/user95_2017-02-24.bag;0.834065854549408;0.0;0.9619645476341248;0.0;2.6795707480621864;0.44242944379134674;0.5575705562086533
1731804148.7103798;/app/bags/user95_2017-02-24.bag;0.834065854549408;0.0;0.9619645476341248;0.0;2.6795707480621864;0.44242944379134674;0.5575705562086533
1731804148.9104688;/app/bags/user95_2017-02-24.bag;0.834065854549408;0.0;0.9619645476341248;0.0;2.6795707480621864;0.44242944379134674;0.5575705562086533
1731804149.1104097;/app/bags/user95_2017-02-24.bag;0.834065854549408;0.0;0.9619645476341248;0.0;2.6795707480621864;0.44242944379134674;0.5575705562086533
1731804149.3103933;/app/bags/user95_2017-02-24.bag;0.834065854549408;0.0;0.9619645476341248;0.0;2.6795707480621864;0.44242944379134674;0.5575705562086533
1731804149.5105472;/app/bags/user95_2017-02-24.bag;0.834065854549408;0.0;0.9619645476341248;0.0;2.6795707480621864;0.44242944379134674;0.5575705562086533
1731804149.7104077;/app/bags/user95_2017-02-24.bag;0.834065854549408;0.0;0.9619645476341248;0.0;2.6795707480621864;0.44242944379134674;0.5575705562086533
1731804149.910383;/app/bags/user95_2017-02-24.bag;0.834065854549408;0.0;0.9619645476341248;0.0;2.6795707480621864;0.44242944379134674;0.5575705562086533
1731804150.1104693;/app/bags/user95_2017-02-24.bag;0.834065854549408;0.0;0.9619645476341248;0.0;2.6795707480621864;0.44242944379134674;0.5575705562086533
1731804150.310386;/app/bags/user95_2017-02-24.bag;0.834065854549408;0.0;0.9619645476341248;0.0;2.6795707480621864;0.44242944379134674;0.5575705562086533
1731804150.5103934;/app/bags/user95_2017-02-24.bag;0.834065854549408;0.0;0.9619645476341248;0.0;2.6795707480621864;0.44242944379134674;0.5575705562086533
1731804150.7104251;/app/bags/user95_2017-02-24.bag;0.834065854549408;0.0;0.9619645476341248;0.0;2.6795707480621864;0.44242944379134674;0.5575705562086533
1731804150.910475;/app/bags/user95_2017-02-24.bag;0.834065854549408;0.0;0.9619645476341248;0.0;2.6795707480621864;0.44242944379134674;0.5575705562086533
1731804151.1104038;/app/bags/user95_2017-02-24.bag;0.834065854549408;0.0;0.9619645476341248;0.0;2.6795707480621864;0.44242944379134674;0.5575705562086533
1731804151.3104093;/app/bags/user95_2017-02-24.bag;0.834065854549408;0.0;0.9619645476341248;0.0;2.6795707480621864;0.44242944379134674;0.5575705562086533
1731804151.510394;/app/bags/user95_2017-02-24.bag;0.834065854549408;0.0;0.9619645476341248;0.0;2.6795707480621864;0.44242944379134674;0.5575705562086533
1731804151.7104201;/app/bags/user95_2017-02-24.bag;0.834065854549408;0.0;0.9619645476341248;0.0;2.6795707480621864;0.44242944379134674;0.5575705562086533
1731804151.910403;/app/bags/user95_2017-02-24.bag;0.834065854549408;0.0;0.9619645476341248;0.0;2.6795707480621864;0.44242944379134674;0.5575705562086533
1731804152.110388;/app/bags/user95_2017-02-24.bag;0.834065854549408;0.0;0.9619645476341248;0.0;2.6795707480621864;0.44242944379134674;0.5575705562086533
1731804152.310406;/app/bags/user95_2017-02-24.bag;0.834065854549408;0.0;0.9619645476341248;0.0;2.6795707480621864;0.44242944379134674;0.5575705562086533
1731804152.5103915;/app/bags/user95_2017-02-24.bag;0.834065854549408;0.0;0.9619645476341248;0.0;2.6795707480621864;0.44242944379134674;0.5575705562086533
1731804152.7104306;/app/bags/user95_2017-02-24.bag;0.834065854549408;0.0;0.9619645476341248;0.0;2.6795707480621864;0.44242944379134674;0.5575705562086533
1731804152.9103744;/app/bags/user95_2017-02-24.bag;0.834065854549408;0.0;0.9619645476341248;0.0;2.6795707480621864;0.44242944379134674;0.5575705562086533
1731804153.1104295;/app/bags/user95_2017-02-24.bag;0.834065854549408;0.0;0.9619645476341248;0.0;2.6795707480621864;0.44242944379134674;0.5575705562086533
1731804153.3104236;/app/bags/user95_2017-02-24.bag;0.834065854549408;0.0;0.9619645476341248;0.0;2.6795707480621864;0.44242944379134674;0.5575705562086533
1731804153.5103884;/app/bags/user95_2017-02-24.bag;0.834065854549408;0.0;0.9619645476341248;0.0;2.6795707480621864;0.44242944379134674;0.5575705562086533
1731804153.7104144;/app/bags/user95_2017-02-24.bag;0.834065854549408;0.0;0.9619645476341248;0.0;2.6795707480621864;0.44242944379134674;0.5575705562086533
1731804153.910364;/app/bags/user95_2017-02-24.bag;0.834065854549408;0.0;0.9619645476341248;0.0;2.6795707480621864;0.44242944379134674;0.5575705562086533
1731804154.110421;/app/bags/user95_2017-02-24.bag;0.834065854549408;0.0;0.9619645476341248;0.0;2.6795707480621864;0.44242944379134674;0.5575705562086533
1731804154.3103764;/app/bags/user95_2017-02-24.bag;0.834065854549408;0.0;0.9619645476341248;0.0;2.6795707480621864;0.44242944379134674;0.5575705562086533
1731804154.5103824;/app/bags/user95_2017-02-24.bag;0.834065854549408;0.0;0.9619645476341248;0.0;2.6795707480621864;0.44242944379134674;0.5575705562086533
1731804154.7104287;/app/bags/user95_2017-02-24.bag;0.834065854549408;0.0;0.9619645476341248;0.0;2.6795707480621864;0.44242944379134674;0.5575705562086533
1731804154.9105828;/app/bags/user95_2017-02-24.bag;0.834065854549408;0.0;0.9619645476341248;0.0;2.6795707480621864;0.44242944379134674;0.5575705562086533
1731804155.1103513;/app/bags/user95_2017-02-24.bag;0.834065854549408;0.0;0.9619645476341248;0.0;2.6795707480621864;0.44242944379134674;0.5575705562086533
1731804155.310432;/app/bags/user95_2017-02-24.bag;0.834065854549408;0.0;0.9619645476341248;0.0;2.6795707480621864;0.44242944379134674;0.5575705562086533
1731804155.5103862;/app/bags/user95_2017-02-24.bag;0.834065854549408;0.0;0.9619645476341248;0.0;2.6795707480621864;0.44242944379134674;0.5575705562086533
1731804155.710452;/app/bags/user95_2017-02-24.bag;0.834065854549408;0.0;0.9619645476341248;0.0;2.6795707480621864;0.44242944379134674;0.5575705562086533
1731804155.910604;/app/bags/user95_2017-02-24.bag;0.834065854549408;0.0;0.9619645476341248;0.0;2.6795707480621864;0.44242944379134674;0.5575705562086533
1731804156.1104112;/app/bags/user95_2017-02-24.bag;0.834065854549408;0.0;0.9619645476341248;0.0;2.6795707480621864;0.44242944379134674;0.5575705562086533
1731804156.3104622;/app/bags/user95_2017-02-24.bag;0.834065854549408;0.0;0.9619645476341248;0.0;2.6795707480621864;0.44242944379134674;0.5575705562086533
1731804156.5103881;/app/bags/user95_2017-02-24.bag;0.834065854549408;0.0;0.9619645476341248;0.0;2.6795707480621864;0.44242944379134674;0.5575705562086533
1731804156.7103715;/app/bags/user95_2017-02-24.bag;0.834065854549408;0.0;0.9619645476341248;0.0;2.6795707480621864;0.44242944379134674;0.5575705562086533
1731804156.9104562;/app/bags/user95_2017-02-24.bag;0.834065854549408;0.0;0.9619645476341248;0.0;2.6795707480621864;0.44242944379134674;0.5575705562086533
1731804157.1104252;/app/bags/user95_2017-02-24.bag;0.834065854549408;0.0;0.9619645476341248;0.0;2.6795707480621864;0.44242944379134674;0.5575705562086533
1731804157.3105283;/app/bags/user95_2017-02-24.bag;0.834065854549408;0.0;0.9619645476341248;0.0;2.6795707480621864;0.44242944379134674;0.5575705562086533
1731804157.5104117;/app/bags/user95_2017-02-24.bag;0.834065854549408;0.0;0.9619645476341248;0.0;2.6795707480621864;0.44242944379134674;0.5575705562086533
1731804157.7103798;/app/bags/user95_2017-02-24.bag;0.834065854549408;0.0;0.9619645476341248;0.0;2.6795707480621864;0.44242944379134674;0.5575705562086533
1731804157.910384;/app/bags/user95_2017-02-24.bag;0.834065854549408;0.0;0.9619645476341248;0.0;2.6795707480621864;0.44242944379134674;0.5575705562086533
1731804158.1104367;/app/bags/user95_2017-02-24.bag;0.834065854549408;0.0;0.9619645476341248;0.0;2.6795707480621864;0.44242944379134674;0.5575705562086533
1731804158.3104694;/app/bags/user95_2017-02-24.bag;0.834065854549408;0.0;0.9619645476341248;0.0;2.6795707480621864;0.44242944379134674;0.5575705562086533
1731804158.510447;/app/bags/user95_2017-02-24.bag;0.834065854549408;0.0;0.9619645476341248;0.0;2.6795707480621864;0.44242944379134674;0.5575705562086533
1731804158.7103853;/app/bags/user95_2017-02-24.bag;0.834065854549408;0.0;0.9619645476341248;0.0;2.6795707480621864;0.44242944379134674;0.5575705562086533
1731804158.9104393;/app/bags/user95_2017-02-24.bag;0.834065854549408;0.0;0.9619645476341248;0.0;2.6795707480621864;0.44242944379134674;0.5575705562086533
1731804159.1104794;/app/bags/user95_2017-02-24.bag;0.834065854549408;0.0;0.9619645476341248;0.0;2.6795707480621864;0.44242944379134674;0.5575705562086533
1731804159.3104012;/app/bags/user95_2017-02-24.bag;0.834065854549408;0.0;0.9619645476341248;0.0;2.6795707480621864;0.44242944379134674;0.5575705562086533
1731804159.5103788;/app/bags/user95_2017-02-24.bag;0.834065854549408;0.0;0.9619645476341248;0.0;2.6795707480621864;0.44242944379134674;0.5575705562086533
1731804159.7103941;/app/bags/user95_2017-02-24.bag;0.834065854549408;0.0;0.9619645476341248;0.0;2.6795707480621864;0.44242944379134674;0.5575705562086533
1731804159.9104233;/app/bags/user95_2017-02-24.bag;0.834065854549408;0.0;0.9619645476341248;0.0;2.6795707480621864;0.44242944379134674;0.5575705562086533
1731804160.110395;/app/bags/user95_2017-02-24.bag;0.834065854549408;0.0;0.9619645476341248;0.0;2.6795707480621864;0.44242944379134674;0.5575705562086533
1731804160.3104625;/app/bags/user95_2017-02-24.bag;0.834065854549408;0.0;0.9619645476341248;0.0;2.6795707480621864;0.44242944379134674;0.5575705562086533
1731804160.5104246;/app/bags/user95_2017-02-24.bag;0.834065854549408;0.0;0.9619645476341248;0.0;2.6795707480621864;0.44242944379134674;0.5575705562086533
1731804160.7103953;/app/bags/user95_2017-02-24.bag;0.834065854549408;0.0;0.9619645476341248;0.0;2.6795707480621864;0.44242944379134674;0.5575705562086533
1731804160.9103966;/app/bags/user95_2017-02-24.bag;0.834065854549408;0.0;0.9619645476341248;0.0;2.6795707480621864;0.44242944379134674;0.5575705562086533
1731804161.1104708;/app/bags/user95_2017-02-24.bag;0.834065854549408;0.0;0.9619645476341248;0.0;2.6795707480621864;0.44242944379134674;0.5575705562086533
1731804161.3104079;/app/bags/user95_2017-02-24.bag;0.834065854549408;0.0;0.9619645476341248;0.0;2.6795707480621864;0.44242944379134674;0.5575705562086533
1731804161.5104024;/app/bags/user95_2017-02-24.bag;0.834065854549408;0.0;0.9619645476341248;0.0;2.6795707480621864;0.44242944379134674;0.5575705562086533
1731804161.7103689;/app/bags/user95_2017-02-24.bag;0.834065854549408;0.0;0.9619645476341248;0.0;2.6795707480621864;0.44242944379134674;0.5575705562086533
1731804161.910417;/app/bags/user95_2017-02-24.bag;0.834065854549408;0.0;0.9619645476341248;0.0;2.6795707480621864;0.44242944379134674;0.5575705562086533
1731804162.1104062;/app/bags/user95_2017-02-24.bag;0.834065854549408;0.0;0.9619645476341248;0.0;2.6795707480621864;0.44242944379134674;0.5575705562086533
1731804162.3104205;/app/bags/user95_2017-02-24.bag;0.834065854549408;0.0;0.9619645476341248;0.0;2.6795707480621864;0.44242944379134674;0.5575705562086533
1731804162.5102699;/app/bags/user95_2017-02-24.bag;0.834065854549408;0.0;0.9619645476341248;0.0;2.6795707480621864;0.44242944379134674;0.5575705562086533
1731804162.7104776;/app/bags/user95_2017-02-24.bag;0.834065854549408;0.0;0.9619645476341248;0.0;2.6795707480621864;0.44242944379134674;0.5575705562086533
1731804162.9103909;/app/bags/user95_2017-02-24.bag;0.834065854549408;0.0;0.9619645476341248;0.0;2.6795707480621864;0.44242944379134674;0.5575705562086533
1731804163.11043;/app/bags/user95_2017-02-24.bag;0.834065854549408;0.0;0.9619645476341248;0.0;2.6795707480621864;0.44242944379134674;0.5575705562086533
1731804163.3103583;/app/bags/user95_2017-02-24.bag;0.834065854549408;0.0;0.9619645476341248;0.0;2.6795707480621864;0.44242944379134674;0.5575705562086533
1731804163.5103745;/app/bags/user95_2017-02-24.bag;0.834065854549408;0.0;0.9619645476341248;0.0;2.6795707480621864;0.44242944379134674;0.5575705562086533
1731804163.7104633;/app/bags/user95_2017-02-24.bag;0.834065854549408;0.0;0.9619645476341248;0.0;2.6795707480621864;0.44242944379134674;0.5575705562086533
1731804163.910473;/app/bags/user95_2017-02-24.bag;0.834065854549408;0.0;0.9619645476341248;0.0;2.6795707480621864;0.44242944379134674;0.5575705562086533
1731804164.1103814;/app/bags/user95_2017-02-24.bag;0.834065854549408;0.0;0.9619645476341248;0.0;2.6795707480621864;0.44242944379134674;0.5575705562086533
1731804164.3104413;/app/bags/user95_2017-02-24.bag;0.834065854549408;0.0;0.9619645476341248;0.0;2.6795707480621864;0.44242944379134674;0.5575705562086533
1731804164.5103912;/app/bags/user95_2017-02-24.bag;0.834065854549408;0.0;0.9619645476341248;0.0;2.6795707480621864;0.44242944379134674;0.5575705562086533
1731804164.7104888;/app/bags/user95_2017-02-24.bag;0.834065854549408;0.0;0.9619645476341248;0.0;2.6795707480621864;0.44242944379134674;0.5575705562086533
1731804164.9104164;/app/bags/user95_2017-02-24.bag;0.834065854549408;0.0;0.9619645476341248;0.0;2.6795707480621864;0.44242944379134674;0.5575705562086533
1731804165.110402;/app/bags/user95_2017-02-24.bag;0.834065854549408;0.0;0.9619645476341248;0.0;2.6795707480621864;0.44242944379134674;0.5575705562086533
1731804165.3103874;/app/bags/user95_2017-02-24.bag;0.834065854549408;0.0;0.9619645476341248;0.0;2.6795707480621864;0.44242944379134674;0.5575705562086533
1731804165.5103595;/app/bags/user95_2017-02-24.bag;0.834065854549408;0.0;0.9619645476341248;0.0;2.6795707480621864;0.44242944379134674;0.5575705562086533
1731804165.7104475;/app/bags/user95_2017-02-24.bag;0.834065854549408;0.0;0.9619645476341248;0.0;2.6795707480621864;0.44242944379134674;0.5575705562086533
1731804165.910407;/app/bags/user95_2017-02-24.bag;0.834065854549408;0.0;0.9619645476341248;0.0;2.6795707480621864;0.44242944379134674;0.5575705562086533
1731804166.1103935;/app/bags/user95_2017-02-24.bag;0.834065854549408;0.0;0.9619645476341248;0.0;2.6795707480621864;0.44242944379134674;0.5575705562086533
1731804166.310373;/app/bags/user95_2017-02-24.bag;0.834065854549408;0.0;0.9619645476341248;0.0;2.6795707480621864;0.44242944379134674;0.5575705562086533
1731804166.5103543;/app/bags/user95_2017-02-24.bag;0.834065854549408;0.0;0.9619645476341248;0.0;2.6795707480621864;0.44242944379134674;0.5575705562086533
1731804166.7104323;/app/bags/user95_2017-02-24.bag;0.834065854549408;0.0;0.9619645476341248;0.0;2.6795707480621864;0.44242944379134674;0.5575705562086533
1731804166.9103885;/app/bags/user95_2017-02-24.bag;0.834065854549408;0.0;0.9619645476341248;0.0;2.6795707480621864;0.44242944379134674;0.5575705562086533
1731804167.1103954;/app/bags/user95_2017-02-24.bag;0.834065854549408;0.0;0.9619645476341248;0.0;2.6795707480621864;0.44242944379134674;0.5575705562086533
1731804167.3103795;/app/bags/user95_2017-02-24.bag;0.834065854549408;0.0;0.9619645476341248;0.0;2.6795707480621864;0.44242944379134674;0.5575705562086533
1731804167.5104098;/app/bags/user95_2017-02-24.bag;0.834065854549408;0.0;0.9619645476341248;0.0;2.6795707480621864;0.44242944379134674;0.5575705562086533
1731804167.7104084;/app/bags/user95_2017-02-24.bag;0.834065854549408;0.0;0.9619645476341248;0.0;2.6795707480621864;0.44242944379134674;0.5575705562086533
1731804167.9103951;/app/bags/user95_2017-02-24.bag;0.834065854549408;0.0;0.9619645476341248;0.0;2.6795707480621864;0.44242944379134674;0.5575705562086533
1731804168.1103933;/app/bags/user95_2017-02-24.bag;0.834065854549408;0.0;0.9619645476341248;0.0;2.6795707480621864;0.44242944379134674;0.5575705562086533
1731804168.310438;/app/bags/user95_2017-02-24.bag;0.834065854549408;0.0;0.9619645476341248;0.0;2.6795707480621864;0.44242944379134674;0.5575705562086533
1731804168.5103974;/app/bags/user95_2017-02-24.bag;0.834065854549408;0.0;0.9619645476341248;0.0;2.6795707480621864;0.44242944379134674;0.5575705562086533
1731804168.7104144;/app/bags/user95_2017-02-24.bag;0.834065854549408;0.0;0.9619645476341248;0.0;2.6795707480621864;0.44242944379134674;0.5575705562086533
1731804168.910421;/app/bags/user95_2017-02-24.bag;0.834065854549408;0.0;0.9619645476341248;0.0;2.6795707480621864;0.44242944379134674;0.5575705562086533
1731804169.110441;/app/bags/user95_2017-02-24.bag;0.834065854549408;0.0;0.9619645476341248;0.0;2.6795707480621864;0.44242944379134674;0.5575705562086533
1731804169.3103697;/app/bags/user95_2017-02-24.bag;0.834065854549408;0.0;0.9619645476341248;0.0;2.6795707480621864;0.44242944379134674;0.5575705562086533
1731804169.5104032;/app/bags/user95_2017-02-24.bag;0.834065854549408;0.0;0.9619645476341248;0.0;2.6795707480621864;0.44242944379134674;0.5575705562086533
1731804169.710407;/app/bags/user95_2017-02-24.bag;0.834065854549408;0.0;0.9619645476341248;0.0;2.6795707480621864;0.44242944379134674;0.5575705562086533
1731804169.910426;/app/bags/user95_2017-02-24.bag;0.834065854549408;0.0;0.9619645476341248;0.0;2.6795707480621864;0.44242944379134674;0.5575705562086533
1731804170.1104708;/app/bags/user95_2017-02-24.bag;0.834065854549408;0.0;0.9619645476341248;0.0;2.6795707480621864;0.44242944379134674;0.5575705562086533
1731804170.3104014;/app/bags/user95_2017-02-24.bag;0.834065854549408;0.0;0.9619645476341248;0.0;2.6795707480621864;0.44242944379134674;0.5575705562086533
1731804170.5104518;/app/bags/user95_2017-02-24.bag;0.834065854549408;0.0;0.9619645476341248;0.0;2.6795707480621864;0.44242944379134674;0.5575705562086533
1731804170.710427;/app/bags/user95_2017-02-24.bag;0.834065854549408;0.0;0.9619645476341248;0.0;2.6795707480621864;0.44242944379134674;0.5575705562086533
1731804170.9103513;/app/bags/user95_2017-02-24.bag;0.834065854549408;0.0;0.9619645476341248;0.0;2.6795707480621864;0.44242944379134674;0.5575705562086533
1731804171.1104841;/app/bags/user95_2017-02-24.bag;0.834065854549408;0.0;0.9619645476341248;0.0;2.6795707480621864;0.44242944379134674;0.5575705562086533
1731804171.3104153;/app/bags/user95_2017-02-24.bag;0.834065854549408;0.0;0.9619645476341248;0.0;2.6795707480621864;0.44242944379134674;0.5575705562086533
1731804171.5104318;/app/bags/user95_2017-02-24.bag;0.834065854549408;0.0;0.9619645476341248;0.0;2.6795707480621864;0.44242944379134674;0.5575705562086533
1731804171.710437;/app/bags/user95_2017-02-24.bag;0.834065854549408;0.0;0.9619645476341248;0.0;2.6795707480621864;0.44242944379134674;0.5575705562086533
1731804171.910407;/app/bags/user95_2017-02-24.bag;0.834065854549408;0.0;0.9619645476341248;0.0;2.6795707480621864;0.44242944379134674;0.5575705562086533
1731804172.1104548;/app/bags/user95_2017-02-24.bag;0.834065854549408;0.0;0.9619645476341248;0.0;2.6795707480621864;0.44242944379134674;0.5575705562086533
1731804172.3103836;/app/bags/user95_2017-02-24.bag;0.834065854549408;0.0;0.9619645476341248;0.0;2.6795707480621864;0.44242944379134674;0.5575705562086533
1731804172.5103984;/app/bags/user95_2017-02-24.bag;0.834065854549408;0.0;0.9619645476341248;0.0;2.6795707480621864;0.44242944379134674;0.5575705562086533
1731804172.7104318;/app/bags/user95_2017-02-24.bag;0.834065854549408;0.0;0.9619645476341248;0.0;2.6795707480621864;0.44242944379134674;0.5575705562086533
1731804172.910472;/app/bags/user95_2017-02-24.bag;0.834065854549408;0.0;0.9619645476341248;0.0;2.6795707480621864;0.44242944379134674;0.5575705562086533
1731804173.110392;/app/bags/user95_2017-02-24.bag;0.834065854549408;0.0;0.9619645476341248;0.0;2.6795707480621864;0.44242944379134674;0.5575705562086533
1731804173.3103616;/app/bags/user95_2017-02-24.bag;0.834065854549408;0.0;0.9619645476341248;0.0;2.6795707480621864;0.44242944379134674;0.5575705562086533
1731804173.510372;/app/bags/user95_2017-02-24.bag;0.834065854549408;0.0;0.9619645476341248;0.0;2.6795707480621864;0.44242944379134674;0.5575705562086533
1731804173.7104094;/app/bags/user95_2017-02-24.bag;0.834065854549408;0.0;0.9619645476341248;0.0;2.6795707480621864;0.44242944379134674;0.5575705562086533
1731804173.9104402;/app/bags/user95_2017-02-24.bag;0.834065854549408;0.0;0.9619645476341248;0.0;2.6795707480621864;0.44242944379134674;0.5575705562086533
1731804174.110575;/app/bags/user95_2017-02-24.bag;0.834065854549408;0.0;0.9619645476341248;0.0;2.6795707480621864;0.44242944379134674;0.5575705562086533
1731804174.3104098;/app/bags/user95_2017-02-24.bag;0.834065854549408;0.0;0.9619645476341248;0.0;2.6795707480621864;0.44242944379134674;0.5575705562086533
1731804174.5104053;/app/bags/user95_2017-02-24.bag;0.834065854549408;0.0;0.9619645476341248;0.0;2.6795707480621864;0.44242944379134674;0.5575705562086533
1731804174.7104185;/app/bags/user95_2017-02-24.bag;0.834065854549408;0.0;0.9619645476341248;0.0;2.6795707480621864;0.44242944379134674;0.5575705562086533
1731804174.9103835;/app/bags/user95_2017-02-24.bag;0.834065854549408;0.0;0.9619645476341248;0.0;2.6795707480621864;0.44242944379134674;0.5575705562086533
1731804175.1104298;/app/bags/user95_2017-02-24.bag;0.834065854549408;0.0;0.9619645476341248;0.0;2.6795707480621864;0.44242944379134674;0.5575705562086533
1731804175.3103795;/app/bags/user95_2017-02-24.bag;0.834065854549408;0.0;0.9619645476341248;0.0;2.6795707480621864;0.44242944379134674;0.5575705562086533
1731804175.5104132;/app/bags/user95_2017-02-24.bag;0.834065854549408;0.0;0.9619645476341248;0.0;2.6795707480621864;0.44242944379134674;0.5575705562086533
1731804175.7103934;/app/bags/user95_2017-02-24.bag;0.834065854549408;0.0;0.9619645476341248;0.0;2.6795707480621864;0.44242944379134674;0.5575705562086533
1731804175.910396;/app/bags/user95_2017-02-24.bag;0.834065854549408;0.0;0.9619645476341248;0.0;2.6795707480621864;0.44242944379134674;0.5575705562086533
1731804176.1103773;/app/bags/user95_2017-02-24.bag;0.834065854549408;0.0;0.9619645476341248;0.0;2.6795707480621864;0.44242944379134674;0.5575705562086533
1731804176.310442;/app/bags/user95_2017-02-24.bag;0.834065854549408;0.0;0.9619645476341248;0.0;2.6795707480621864;0.44242944379134674;0.5575705562086533
1731804176.5103543;/app/bags/user95_2017-02-24.bag;0.834065854549408;0.0;0.9619645476341248;0.0;2.6795707480621864;0.44242944379134674;0.5575705562086533
1731804176.7104788;/app/bags/user95_2017-02-24.bag;0.834065854549408;0.0;0.9619645476341248;0.0;2.6795707480621864;0.44242944379134674;0.5575705562086533
1731804176.910363;/app/bags/user95_2017-02-24.bag;0.834065854549408;0.0;0.9619645476341248;0.0;2.6795707480621864;0.44242944379134674;0.5575705562086533
1731804177.1104221;/app/bags/user95_2017-02-24.bag;0.834065854549408;0.0;0.9619645476341248;0.0;2.6795707480621864;0.44242944379134674;0.5575705562086533
1731804177.310397;/app/bags/user95_2017-02-24.bag;0.834065854549408;0.0;0.9619645476341248;0.0;2.6795707480621864;0.44242944379134674;0.5575705562086533
1731804177.510408;/app/bags/user95_2017-02-24.bag;0.834065854549408;0.0;0.9619645476341248;0.0;2.6795707480621864;0.44242944379134674;0.5575705562086533
1731804177.710459;/app/bags/user95_2017-02-24.bag;0.834065854549408;0.0;0.9619645476341248;0.0;2.6795707480621864;0.44242944379134674;0.5575705562086533
1731804177.9104893;/app/bags/user95_2017-02-24.bag;0.834065854549408;0.0;0.9619645476341248;0.0;2.6795707480621864;0.44242944379134674;0.5575705562086533
1731804178.1104028;/app/bags/user95_2017-02-24.bag;0.834065854549408;0.0;0.9619645476341248;0.0;2.6795707480621864;0.44242944379134674;0.5575705562086533
1731804178.3103976;/app/bags/user95_2017-02-24.bag;0.834065854549408;0.0;0.9619645476341248;0.0;2.6795707480621864;0.44242944379134674;0.5575705562086533
1731804178.5103996;/app/bags/user95_2017-02-24.bag;0.834065854549408;0.0;0.9619645476341248;0.0;2.6795707480621864;0.44242944379134674;0.5575705562086533
1731804178.7103915;/app/bags/user95_2017-02-24.bag;0.834065854549408;0.0;0.9619645476341248;0.0;2.6795707480621864;0.44242944379134674;0.5575705562086533
1731804178.9104028;/app/bags/user95_2017-02-24.bag;0.834065854549408;0.0;0.9619645476341248;0.0;2.6795707480621864;0.44242944379134674;0.5575705562086533
1731804179.1104105;/app/bags/user95_2017-02-24.bag;0.834065854549408;0.0;0.9619645476341248;0.0;2.6795707480621864;0.44242944379134674;0.5575705562086533
1731804179.3104382;/app/bags/user95_2017-02-24.bag;0.834065854549408;0.0;0.9619645476341248;0.0;2.6795707480621864;0.44242944379134674;0.5575705562086533
1731804179.5104;/app/bags/user95_2017-02-24.bag;0.834065854549408;0.0;0.9619645476341248;0.0;2.6795707480621864;0.44242944379134674;0.5575705562086533
1731804179.7103803;/app/bags/user95_2017-02-24.bag;0.834065854549408;0.0;0.9619645476341248;0.0;2.6795707480621864;0.44242944379134674;0.5575705562086533
1731804179.9103975;/app/bags/user95_2017-02-24.bag;0.834065854549408;0.0;0.9619645476341248;0.0;2.6795707480621864;0.44242944379134674;0.5575705562086533
1731804180.1103888;/app/bags/user95_2017-02-24.bag;0.834065854549408;0.0;0.9619645476341248;0.0;2.6795707480621864;0.44242944379134674;0.5575705562086533
1731804180.3103683;/app/bags/user95_2017-02-24.bag;0.834065854549408;0.0;0.9619645476341248;0.0;2.6795707480621864;0.44242944379134674;0.5575705562086533
1731804180.5104332;/app/bags/user95_2017-02-24.bag;0.834065854549408;0.0;0.9619645476341248;0.0;2.6795707480621864;0.44242944379134674;0.5575705562086533
1731804180.7104368;/app/bags/user95_2017-02-24.bag;0.834065854549408;0.0;0.9619645476341248;0.0;2.6795707480621864;0.44242944379134674;0.5575705562086533
1731804180.910375;/app/bags/user95_2017-02-24.bag;0.834065854549408;0.0;0.9619645476341248;0.0;2.6795707480621864;0.44242944379134674;0.5575705562086533
1731804181.1103556;/app/bags/user95_2017-02-24.bag;0.834065854549408;0.0;0.9619645476341248;0.0;2.6795707480621864;0.44242944379134674;0.5575705562086533
1731804181.310389;/app/bags/user95_2017-02-24.bag;0.834065854549408;0.0;0.9619645476341248;0.0;2.6795707480621864;0.44242944379134674;0.5575705562086533
1731804181.5104046;/app/bags/user95_2017-02-24.bag;0.834065854549408;0.0;0.9619645476341248;0.0;2.6795707480621864;0.44242944379134674;0.5575705562086533
1731804181.710412;/app/bags/user95_2017-02-24.bag;0.834065854549408;0.0;0.9619645476341248;0.0;2.6795707480621864;0.44242944379134674;0.5575705562086533
1731804181.91039;/app/bags/user95_2017-02-24.bag;0.834065854549408;0.0;0.9619645476341248;0.0;2.6795707480621864;0.44242944379134674;0.5575705562086533
1731804182.1103897;/app/bags/user95_2017-02-24.bag;0.834065854549408;0.0;0.9619645476341248;0.0;2.6795707480621864;0.44242944379134674;0.5575705562086533
1731804182.3104467;/app/bags/user95_2017-02-24.bag;0.834065854549408;0.0;0.9619645476341248;0.0;2.6795707480621864;0.44242944379134674;0.5575705562086533
1731804182.5103874;/app/bags/user95_2017-02-24.bag;0.834065854549408;0.0;0.9619645476341248;0.0;2.6795707480621864;0.44242944379134674;0.5575705562086533
1731804182.710381;/app/bags/user95_2017-02-24.bag;0.834065854549408;0.0;0.9619645476341248;0.0;2.6795707480621864;0.44242944379134674;0.5575705562086533
1731804182.9103892;/app/bags/user95_2017-02-24.bag;0.834065854549408;0.0;0.9619645476341248;0.0;2.6795707480621864;0.44242944379134674;0.5575705562086533
1731804183.11047;/app/bags/user95_2017-02-24.bag;0.834065854549408;0.0;0.9619645476341248;0.0;2.6795707480621864;0.44242944379134674;0.5575705562086533
1731804183.3104312;/app/bags/user95_2017-02-24.bag;0.834065854549408;0.0;0.9619645476341248;0.0;2.6795707480621864;0.44242944379134674;0.5575705562086533
1731804183.5103934;/app/bags/user95_2017-02-24.bag;0.834065854549408;0.0;0.9619645476341248;0.0;2.6795707480621864;0.44242944379134674;0.5575705562086533
1731804183.7103558;/app/bags/user95_2017-02-24.bag;0.834065854549408;0.0;0.9619645476341248;0.0;2.6795707480621864;0.44242944379134674;0.5575705562086533
1731804183.9104111;/app/bags/user95_2017-02-24.bag;0.834065854549408;0.0;0.9619645476341248;0.0;2.6795707480621864;0.44242944379134674;0.5575705562086533
1731804184.110452;/app/bags/user95_2017-02-24.bag;0.834065854549408;0.0;0.9619645476341248;0.0;2.6795707480621864;0.44242944379134674;0.5575705562086533
1731804184.310414;/app/bags/user95_2017-02-24.bag;0.834065854549408;0.0;0.9619645476341248;0.0;2.6795707480621864;0.44242944379134674;0.5575705562086533
1731804184.5103633;/app/bags/user95_2017-02-24.bag;0.834065854549408;0.0;0.9619645476341248;0.0;2.6795707480621864;0.44242944379134674;0.5575705562086533
1731804184.7103848;/app/bags/user95_2017-02-24.bag;0.834065854549408;0.0;0.9619645476341248;0.0;2.6795707480621864;0.44242944379134674;0.5575705562086533
1731804184.9103575;/app/bags/user95_2017-02-24.bag;0.834065854549408;0.0;0.9619645476341248;0.0;2.6795707480621864;0.44242944379134674;0.5575705562086533
1731804185.1104527;/app/bags/user95_2017-02-24.bag;0.834065854549408;0.0;0.9619645476341248;0.0;2.6795707480621864;0.44242944379134674;0.5575705562086533
1731804185.3103793;/app/bags/user95_2017-02-24.bag;0.834065854549408;0.0;0.9619645476341248;0.0;2.6795707480621864;0.44242944379134674;0.5575705562086533
1731804185.5104098;/app/bags/user95_2017-02-24.bag;0.834065854549408;0.0;0.9619645476341248;0.0;2.6795707480621864;0.44242944379134674;0.5575705562086533
1731804185.7103958;/app/bags/user95_2017-02-24.bag;0.834065854549408;0.0;0.9619645476341248;0.0;2.6795707480621864;0.44242944379134674;0.5575705562086533
1731804185.910405;/app/bags/user95_2017-02-24.bag;0.834065854549408;0.0;0.9619645476341248;0.0;2.6795707480621864;0.44242944379134674;0.5575705562086533
1731804186.1103945;/app/bags/user95_2017-02-24.bag;0.834065854549408;0.0;0.9619645476341248;0.0;2.6795707480621864;0.44242944379134674;0.5575705562086533
1731804186.3104439;/app/bags/user95_2017-02-24.bag;0.834065854549408;0.0;0.9619645476341248;0.0;2.6795707480621864;0.44242944379134674;0.5575705562086533
1731804186.5103364;/app/bags/user95_2017-02-24.bag;0.834065854549408;0.0;0.9619645476341248;0.0;2.6795707480621864;0.44242944379134674;0.5575705562086533
1731804186.71061;/app/bags/user95_2017-02-24.bag;0.834065854549408;0.0;0.9619645476341248;0.0;2.6795707480621864;0.44242944379134674;0.5575705562086533
1731804186.9104412;/app/bags/user95_2017-02-24.bag;0.834065854549408;0.0;0.9619645476341248;0.0;2.6795707480621864;0.44242944379134674;0.5575705562086533
1731804187.110411;/app/bags/user95_2017-02-24.bag;0.834065854549408;0.0;0.9619645476341248;0.0;2.6795707480621864;0.44242944379134674;0.5575705562086533
1731804187.310423;/app/bags/user95_2017-02-24.bag;0.834065854549408;0.0;0.9619645476341248;0.0;2.6795707480621864;0.44242944379134674;0.5575705562086533
1731804187.5104334;/app/bags/user95_2017-02-24.bag;0.834065854549408;0.0;0.9619645476341248;0.0;2.6795707480621864;0.44242944379134674;0.5575705562086533
1731804187.7103956;/app/bags/user95_2017-02-24.bag;0.834065854549408;0.0;0.9619645476341248;0.0;2.6795707480621864;0.44242944379134674;0.5575705562086533
1731804187.910349;/app/bags/user95_2017-02-24.bag;0.834065854549408;0.0;0.9619645476341248;0.0;2.6795707480621864;0.44242944379134674;0.5575705562086533
1731804188.1104321;/app/bags/user95_2017-02-24.bag;0.834065854549408;0.0;0.9619645476341248;0.0;2.6795707480621864;0.44242944379134674;0.5575705562086533
1731804188.310391;/app/bags/user95_2017-02-24.bag;0.834065854549408;0.0;0.9619645476341248;0.0;2.6795707480621864;0.44242944379134674;0.5575705562086533
1731804188.5104294;/app/bags/user95_2017-02-24.bag;0.834065854549408;0.0;0.9619645476341248;0.0;2.6795707480621864;0.44242944379134674;0.5575705562086533
1731804188.7104046;/app/bags/user95_2017-02-24.bag;0.834065854549408;0.0;0.9619645476341248;0.0;2.6795707480621864;0.44242944379134674;0.5575705562086533
1731804188.9104455;/app/bags/user95_2017-02-24.bag;0.834065854549408;0.0;0.9619645476341248;0.0;2.6795707480621864;0.44242944379134674;0.5575705562086533
1731804189.110398;/app/bags/user95_2017-02-24.bag;0.834065854549408;0.0;0.9619645476341248;0.0;2.6795707480621864;0.44242944379134674;0.5575705562086533
1731804189.3104446;/app/bags/user95_2017-02-24.bag;0.834065854549408;0.0;0.9619645476341248;0.0;2.6795707480621864;0.44242944379134674;0.5575705562086533
1731804189.510352;/app/bags/user95_2017-02-24.bag;0.834065854549408;0.0;0.9619645476341248;0.0;2.6795707480621864;0.44242944379134674;0.5575705562086533
1731804189.7103372;/app/bags/user95_2017-02-24.bag;0.834065854549408;0.0;0.9619645476341248;0.0;2.6795707480621864;0.44242944379134674;0.5575705562086533
1731804189.9103794;/app/bags/user95_2017-02-24.bag;0.834065854549408;0.0;0.9619645476341248;0.0;2.6795707480621864;0.44242944379134674;0.5575705562086533
1731804190.1104064;/app/bags/user95_2017-02-24.bag;0.834065854549408;0.0;0.9619645476341248;0.0;2.6795707480621864;0.44242944379134674;0.5575705562086533
1731804190.3103888;/app/bags/user95_2017-02-24.bag;0.834065854549408;0.0;0.9619645476341248;0.0;2.6795707480621864;0.44242944379134674;0.5575705562086533
1731804190.5104196;/app/bags/user95_2017-02-24.bag;0.834065854549408;0.0;0.9619645476341248;0.0;2.6795707480621864;0.44242944379134674;0.5575705562086533
1731804190.7104006;/app/bags/user95_2017-02-24.bag;0.834065854549408;0.0;0.9619645476341248;0.0;2.6795707480621864;0.44242944379134674;0.5575705562086533
1731804190.91042;/app/bags/user95_2017-02-24.bag;0.834065854549408;0.0;0.9619645476341248;0.0;2.6795707480621864;0.44242944379134674;0.5575705562086533
1731804191.1104114;/app/bags/user95_2017-02-24.bag;0.834065854549408;0.0;0.9619645476341248;0.0;2.6795707480621864;0.44242944379134674;0.5575705562086533
1731804191.3104413;/app/bags/user95_2017-02-24.bag;0.834065854549408;0.0;0.9619645476341248;0.0;2.6795707480621864;0.44242944379134674;0.5575705562086533
1731804191.5103874;/app/bags/user95_2017-02-24.bag;0.834065854549408;0.0;0.9619645476341248;0.0;2.6795707480621864;0.44242944379134674;0.5575705562086533
1731804191.7104135;/app/bags/user95_2017-02-24.bag;0.834065854549408;0.0;0.9619645476341248;0.0;2.6795707480621864;0.44242944379134674;0.5575705562086533
1731804191.9103837;/app/bags/user95_2017-02-24.bag;0.834065854549408;0.0;0.9619645476341248;0.0;2.6795707480621864;0.44242944379134674;0.5575705562086533
1731804192.110411;/app/bags/user95_2017-02-24.bag;0.834065854549408;0.0;0.9619645476341248;0.0;2.6795707480621864;0.44242944379134674;0.5575705562086533
1731804192.3103924;/app/bags/user95_2017-02-24.bag;0.834065854549408;0.0;0.9619645476341248;0.0;2.6795707480621864;0.44242944379134674;0.5575705562086533
1731804192.5104284;/app/bags/user95_2017-02-24.bag;0.834065854549408;0.0;0.9619645476341248;0.0;2.6795707480621864;0.44242944379134674;0.5575705562086533
1731804192.7103908;/app/bags/user95_2017-02-24.bag;0.834065854549408;0.0;0.9619645476341248;0.0;2.6795707480621864;0.44242944379134674;0.5575705562086533
1731804192.9103625;/app/bags/user95_2017-02-24.bag;0.834065854549408;0.0;0.9619645476341248;0.0;2.6795707480621864;0.44242944379134674;0.5575705562086533
1731804193.1104708;/app/bags/user95_2017-02-24.bag;0.834065854549408;0.0;0.9619645476341248;0.0;2.6795707480621864;0.44242944379134674;0.5575705562086533
1731804193.3103855;/app/bags/user95_2017-02-24.bag;0.834065854549408;0.0;0.9619645476341248;0.0;2.6795707480621864;0.44242944379134674;0.5575705562086533
1731804193.5103555;/app/bags/user95_2017-02-24.bag;0.834065854549408;0.0;0.9619645476341248;0.0;2.6795707480621864;0.44242944379134674;0.5575705562086533
1731804193.7104445;/app/bags/user95_2017-02-24.bag;0.834065854549408;0.0;0.9619645476341248;0.0;2.6795707480621864;0.44242944379134674;0.5575705562086533
1731804193.9104948;/app/bags/user95_2017-02-24.bag;0.834065854549408;0.0;0.9619645476341248;0.0;2.6795707480621864;0.44242944379134674;0.5575705562086533
1731804194.110439;/app/bags/user95_2017-02-24.bag;0.834065854549408;0.0;0.9619645476341248;0.0;2.6795707480621864;0.44242944379134674;0.5575705562086533
1731804194.3103864;/app/bags/user95_2017-02-24.bag;0.834065854549408;0.0;0.9619645476341248;0.0;2.6795707480621864;0.44242944379134674;0.5575705562086533
1731804194.5103805;/app/bags/user95_2017-02-24.bag;0.834065854549408;0.0;0.9619645476341248;0.0;2.6795707480621864;0.44242944379134674;0.5575705562086533
1731804194.7103887;/app/bags/user95_2017-02-24.bag;0.834065854549408;0.0;0.9619645476341248;0.0;2.6795707480621864;0.44242944379134674;0.5575705562086533
1731804194.910428;/app/bags/user95_2017-02-24.bag;0.834065854549408;0.0;0.9619645476341248;0.0;2.6795707480621864;0.44242944379134674;0.5575705562086533
1731804195.1103985;/app/bags/user95_2017-02-24.bag;0.834065854549408;0.0;0.9619645476341248;0.0;2.6795707480621864;0.44242944379134674;0.5575705562086533
1731804195.3103712;/app/bags/user95_2017-02-24.bag;0.834065854549408;0.0;0.9619645476341248;0.0;2.6795707480621864;0.44242944379134674;0.5575705562086533
1731804195.5103786;/app/bags/user95_2017-02-24.bag;0.834065854549408;0.0;0.9619645476341248;0.0;2.6795707480621864;0.44242944379134674;0.5575705562086533
1731804195.7103567;/app/bags/user95_2017-02-24.bag;0.834065854549408;0.0;0.9619645476341248;0.0;2.6795707480621864;0.44242944379134674;0.5575705562086533
1731804195.9104156;/app/bags/user95_2017-02-24.bag;0.834065854549408;0.0;0.9619645476341248;0.0;2.6795707480621864;0.44242944379134674;0.5575705562086533
1731804196.1104553;/app/bags/user95_2017-02-24.bag;0.834065854549408;0.0;0.9619645476341248;0.0;2.6795707480621864;0.44242944379134674;0.5575705562086533
1731804196.31039;/app/bags/user95_2017-02-24.bag;0.834065854549408;0.0;0.9619645476341248;0.0;2.6795707480621864;0.44242944379134674;0.5575705562086533
1731804196.5103889;/app/bags/user95_2017-02-24.bag;0.834065854549408;0.0;0.9619645476341248;0.0;2.6795707480621864;0.44242944379134674;0.5575705562086533
1731804196.7104049;/app/bags/user95_2017-02-24.bag;0.834065854549408;0.0;0.9619645476341248;0.0;2.6795707480621864;0.44242944379134674;0.5575705562086533
1731804196.910416;/app/bags/user95_2017-02-24.bag;0.834065854549408;0.0;0.9619645476341248;0.0;2.6795707480621864;0.44242944379134674;0.5575705562086533
1731804197.1104674;/app/bags/user95_2017-02-24.bag;0.834065854549408;0.0;0.9619645476341248;0.0;2.6795707480621864;0.44242944379134674;0.5575705562086533
1731804197.310401;/app/bags/user95_2017-02-24.bag;0.834065854549408;0.0;0.9619645476341248;0.0;2.6795707480621864;0.44242944379134674;0.5575705562086533
1731804197.5104508;/app/bags/user95_2017-02-24.bag;0.834065854549408;0.0;0.9619645476341248;0.0;2.6795707480621864;0.44242944379134674;0.5575705562086533
1731804197.7104156;/app/bags/user95_2017-02-24.bag;0.834065854549408;0.0;0.9619645476341248;0.0;2.6795707480621864;0.44242944379134674;0.5575705562086533
1731804197.9103734;/app/bags/user95_2017-02-24.bag;0.834065854549408;0.0;0.9619645476341248;0.0;2.6795707480621864;0.44242944379134674;0.5575705562086533
1731804198.1104004;/app/bags/user95_2017-02-24.bag;0.834065854549408;0.0;0.9619645476341248;0.0;2.6795707480621864;0.44242944379134674;0.5575705562086533
1731804198.310398;/app/bags/user95_2017-02-24.bag;0.834065854549408;0.0;0.9619645476341248;0.0;2.6795707480621864;0.44242944379134674;0.5575705562086533
1731804198.510415;/app/bags/user95_2017-02-24.bag;0.834065854549408;0.0;0.9619645476341248;0.0;2.6795707480621864;0.44242944379134674;0.5575705562086533
1731804198.710432;/app/bags/user95_2017-02-24.bag;0.834065854549408;0.0;0.9619645476341248;0.0;2.6795707480621864;0.44242944379134674;0.5575705562086533
1731804198.9104137;/app/bags/user95_2017-02-24.bag;0.834065854549408;0.0;0.9619645476341248;0.0;2.6795707480621864;0.44242944379134674;0.5575705562086533
1731804199.110399;/app/bags/user95_2017-02-24.bag;0.834065854549408;0.0;0.9619645476341248;0.0;2.6795707480621864;0.44242944379134674;0.5575705562086533
1731804199.3103945;/app/bags/user95_2017-02-24.bag;0.834065854549408;0.0;0.9619645476341248;0.0;2.6795707480621864;0.44242944379134674;0.5575705562086533
1731804199.5106406;/app/bags/user95_2017-02-24.bag;0.834065854549408;0.0;0.9619645476341248;0.0;2.6795707480621864;0.44242944379134674;0.5575705562086533
1731804199.7104123;/app/bags/user95_2017-02-24.bag;0.834065854549408;0.0;0.9619645476341248;0.0;2.6795707480621864;0.44242944379134674;0.5575705562086533
1731804199.9104285;/app/bags/user95_2017-02-24.bag;0.834065854549408;0.0;0.9619645476341248;0.0;2.6795707480621864;0.44242944379134674;0.5575705562086533
1731804200.11036;/app/bags/user95_2017-02-24.bag;0.834065854549408;0.0;0.9619645476341248;0.0;2.6795707480621864;0.44242944379134674;0.5575705562086533
1731804200.3105404;/app/bags/user95_2017-02-24.bag;0.834065854549408;0.0;0.9619645476341248;0.0;2.6795707480621864;0.44242944379134674;0.5575705562086533
1731804200.5104187;/app/bags/user95_2017-02-24.bag;0.834065854549408;0.0;0.9619645476341248;0.0;2.6795707480621864;0.44242944379134674;0.5575705562086533
1731804200.7104123;/app/bags/user95_2017-02-24.bag;0.834065854549408;0.0;0.9619645476341248;0.0;2.6795707480621864;0.44242944379134674;0.5575705562086533
1731804200.9104447;/app/bags/user95_2017-02-24.bag;0.834065854549408;0.0;0.9619645476341248;0.0;2.6795707480621864;0.44242944379134674;0.5575705562086533
1731804201.11045;/app/bags/user95_2017-02-24.bag;0.834065854549408;0.0;0.9619645476341248;0.0;2.6795707480621864;0.44242944379134674;0.5575705562086533
1731804201.3104346;/app/bags/user95_2017-02-24.bag;0.834065854549408;0.0;0.9619645476341248;0.0;2.6795707480621864;0.44242944379134674;0.5575705562086533
1731804201.5103576;/app/bags/user95_2017-02-24.bag;0.834065854549408;0.0;0.9619645476341248;0.0;2.6795707480621864;0.44242944379134674;0.5575705562086533
1731804201.7104375;/app/bags/user95_2017-02-24.bag;0.834065854549408;0.0;0.9619645476341248;0.0;2.6795707480621864;0.44242944379134674;0.5575705562086533
1731804201.9104447;/app/bags/user95_2017-02-24.bag;0.834065854549408;0.0;0.9619645476341248;0.0;2.6795707480621864;0.44242944379134674;0.5575705562086533
1731804202.1103904;/app/bags/user95_2017-02-24.bag;0.834065854549408;0.0;0.9619645476341248;0.0;2.6795707480621864;0.44242944379134674;0.5575705562086533
1731804202.3104298;/app/bags/user95_2017-02-24.bag;0.834065854549408;0.0;0.9619645476341248;0.0;2.6795707480621864;0.44242944379134674;0.5575705562086533
1731804202.510384;/app/bags/user95_2017-02-24.bag;0.834065854549408;0.0;0.9619645476341248;0.0;2.6795707480621864;0.44242944379134674;0.5575705562086533
1731804202.710419;/app/bags/user95_2017-02-24.bag;0.834065854549408;0.0;0.9619645476341248;0.0;2.6795707480621864;0.44242944379134674;0.5575705562086533
1731804202.9104006;/app/bags/user95_2017-02-24.bag;0.834065854549408;0.0;0.9619645476341248;0.0;2.6795707480621864;0.44242944379134674;0.5575705562086533
1731804203.1104023;/app/bags/user95_2017-02-24.bag;0.834065854549408;0.0;0.9619645476341248;0.0;2.6795707480621864;0.44242944379134674;0.5575705562086533
1731804203.3104732;/app/bags/user95_2017-02-24.bag;0.834065854549408;0.0;0.9619645476341248;0.0;2.6795707480621864;0.44242944379134674;0.5575705562086533
1731804203.5105107;/app/bags/user95_2017-02-24.bag;0.834065854549408;0.0;0.9619645476341248;0.0;2.6795707480621864;0.44242944379134674;0.5575705562086533
1731804203.710354;/app/bags/user95_2017-02-24.bag;0.834065854549408;0.0;0.9619645476341248;0.0;2.6795707480621864;0.44242944379134674;0.5575705562086533
1731804203.9104428;/app/bags/user95_2017-02-24.bag;0.834065854549408;0.0;0.9619645476341248;0.0;2.6795707480621864;0.44242944379134674;0.5575705562086533
1731804204.1103766;/app/bags/user95_2017-02-24.bag;0.834065854549408;0.0;0.9619645476341248;0.0;2.6795707480621864;0.44242944379134674;0.5575705562086533
1731804204.3104155;/app/bags/user95_2017-02-24.bag;0.834065854549408;0.0;0.9619645476341248;0.0;2.6795707480621864;0.44242944379134674;0.5575705562086533
1731804204.5104127;/app/bags/user95_2017-02-24.bag;0.834065854549408;0.0;0.9619645476341248;0.0;2.6795707480621864;0.44242944379134674;0.5575705562086533
1731804204.7104282;/app/bags/user95_2017-02-24.bag;0.834065854549408;0.0;0.9619645476341248;0.0;2.6795707480621864;0.44242944379134674;0.5575705562086533
1731804204.9103909;/app/bags/user95_2017-02-24.bag;0.834065854549408;0.0;0.9619645476341248;0.0;2.6795707480621864;0.44242944379134674;0.5575705562086533
1731804205.1104002;/app/bags/user95_2017-02-24.bag;0.834065854549408;0.0;0.9619645476341248;0.0;2.6795707480621864;0.44242944379134674;0.5575705562086533
1731804205.3103652;/app/bags/user95_2017-02-24.bag;0.834065854549408;0.0;0.9619645476341248;0.0;2.6795707480621864;0.44242944379134674;0.5575705562086533
1731804205.5104265;/app/bags/user95_2017-02-24.bag;0.834065854549408;0.0;0.9619645476341248;0.0;2.6795707480621864;0.44242944379134674;0.5575705562086533
1731804205.7103899;/app/bags/user95_2017-02-24.bag;0.834065854549408;0.0;0.9619645476341248;0.0;2.6795707480621864;0.44242944379134674;0.5575705562086533
1731804205.9104066;/app/bags/user95_2017-02-24.bag;0.834065854549408;0.0;0.9619645476341248;0.0;2.6795707480621864;0.44242944379134674;0.5575705562086533
1731804206.110405;/app/bags/user95_2017-02-24.bag;0.834065854549408;0.0;0.9619645476341248;0.0;2.6795707480621864;0.44242944379134674;0.5575705562086533
1731804206.3104403;/app/bags/user95_2017-02-24.bag;0.834065854549408;0.0;0.9619645476341248;0.0;2.6795707480621864;0.44242944379134674;0.5575705562086533
1731804206.510396;/app/bags/user95_2017-02-24.bag;0.834065854549408;0.0;0.9619645476341248;0.0;2.6795707480621864;0.44242944379134674;0.5575705562086533
1731804206.7104003;/app/bags/user95_2017-02-24.bag;0.834065854549408;0.0;0.9619645476341248;0.0;2.6795707480621864;0.44242944379134674;0.5575705562086533
1731804206.91042;/app/bags/user95_2017-02-24.bag;0.834065854549408;0.0;0.9619645476341248;0.0;2.6795707480621864;0.44242944379134674;0.5575705562086533
1731804207.1103754;/app/bags/user95_2017-02-24.bag;0.834065854549408;0.0;0.9619645476341248;0.0;2.6795707480621864;0.44242944379134674;0.5575705562086533
1731804207.3104026;/app/bags/user95_2017-02-24.bag;0.834065854549408;0.0;0.9619645476341248;0.0;2.6795707480621864;0.44242944379134674;0.5575705562086533
1731804207.510379;/app/bags/user95_2017-02-24.bag;0.834065854549408;0.0;0.9619645476341248;0.0;2.6795707480621864;0.44242944379134674;0.5575705562086533
1731804207.7104592;/app/bags/user95_2017-02-24.bag;0.834065854549408;0.0;0.9619645476341248;0.0;2.6795707480621864;0.44242944379134674;0.5575705562086533
1731804207.910423;/app/bags/user95_2017-02-24.bag;0.834065854549408;0.0;0.9619645476341248;0.0;2.6795707480621864;0.44242944379134674;0.5575705562086533
1731804208.1104114;/app/bags/user95_2017-02-24.bag;0.834065854549408;0.0;0.9619645476341248;0.0;2.6795707480621864;0.44242944379134674;0.5575705562086533
1731804208.3104417;/app/bags/user95_2017-02-24.bag;0.834065854549408;0.0;0.9619645476341248;0.0;2.6795707480621864;0.44242944379134674;0.5575705562086533
1731804208.5105023;/app/bags/user95_2017-02-24.bag;0.834065854549408;0.0;0.9619645476341248;0.0;2.6795707480621864;0.44242944379134674;0.5575705562086533
1731804208.7103732;/app/bags/user95_2017-02-24.bag;0.834065854549408;0.0;0.9619645476341248;0.0;2.6795707480621864;0.44242944379134674;0.5575705562086533
1731804208.9104059;/app/bags/user95_2017-02-24.bag;0.834065854549408;0.0;0.9619645476341248;0.0;2.6795707480621864;0.44242944379134674;0.5575705562086533
1731804209.1104074;/app/bags/user95_2017-02-24.bag;0.834065854549408;0.0;0.9619645476341248;0.0;2.6795707480621864;0.44242944379134674;0.5575705562086533
1731804209.3104005;/app/bags/user95_2017-02-24.bag;0.834065854549408;0.0;0.9619645476341248;0.0;2.6795707480621864;0.44242944379134674;0.5575705562086533
1731804209.5104332;/app/bags/user95_2017-02-24.bag;0.834065854549408;0.0;0.9619645476341248;0.0;2.6795707480621864;0.44242944379134674;0.5575705562086533
1731804209.7103665;/app/bags/user95_2017-02-24.bag;0.834065854549408;0.0;0.9619645476341248;0.0;2.6795707480621864;0.44242944379134674;0.5575705562086533
1731804209.9104187;/app/bags/user95_2017-02-24.bag;0.834065854549408;0.0;0.9619645476341248;0.0;2.6795707480621864;0.44242944379134674;0.5575705562086533
1731804210.1103587;/app/bags/user95_2017-02-24.bag;0.834065854549408;0.0;0.9619645476341248;0.0;2.6795707480621864;0.44242944379134674;0.5575705562086533
1731804210.3103623;/app/bags/user95_2017-02-24.bag;0.834065854549408;0.0;0.9619645476341248;0.0;2.6795707480621864;0.44242944379134674;0.5575705562086533
1731804210.5104864;/app/bags/user95_2017-02-24.bag;0.834065854549408;0.0;0.9619645476341248;0.0;2.6795707480621864;0.44242944379134674;0.5575705562086533
1731804210.710467;/app/bags/user95_2017-02-24.bag;0.834065854549408;0.0;0.9619645476341248;0.0;2.6795707480621864;0.44242944379134674;0.5575705562086533
1731804210.9104028;/app/bags/user95_2017-02-24.bag;0.834065854549408;0.0;0.9619645476341248;0.0;2.6795707480621864;0.44242944379134674;0.5575705562086533
1731804211.110449;/app/bags/user95_2017-02-24.bag;0.834065854549408;0.0;0.9619645476341248;0.0;2.6795707480621864;0.44242944379134674;0.5575705562086533
1731804211.3103576;/app/bags/user95_2017-02-24.bag;0.834065854549408;0.0;0.9619645476341248;0.0;2.6795707480621864;0.44242944379134674;0.5575705562086533
1731804211.5103765;/app/bags/user95_2017-02-24.bag;0.834065854549408;0.0;0.9619645476341248;0.0;2.6795707480621864;0.44242944379134674;0.5575705562086533
1731804211.7104063;/app/bags/user95_2017-02-24.bag;0.834065854549408;0.0;0.9619645476341248;0.0;2.6795707480621864;0.44242944379134674;0.5575705562086533
1731804211.9103656;/app/bags/user95_2017-02-24.bag;0.834065854549408;0.0;0.9619645476341248;0.0;2.6795707480621864;0.44242944379134674;0.5575705562086533
1731804212.1104267;/app/bags/user95_2017-02-24.bag;0.834065854549408;0.0;0.9619645476341248;0.0;2.6795707480621864;0.44242944379134674;0.5575705562086533
1731804212.3104057;/app/bags/user95_2017-02-24.bag;0.834065854549408;0.0;0.9619645476341248;0.0;2.6795707480621864;0.44242944379134674;0.5575705562086533
1731804212.5104253;/app/bags/user95_2017-02-24.bag;0.834065854549408;0.0;0.9619645476341248;0.0;2.6795707480621864;0.44242944379134674;0.5575705562086533
1731804212.7104533;/app/bags/user95_2017-02-24.bag;0.834065854549408;0.0;0.9619645476341248;0.0;2.6795707480621864;0.44242944379134674;0.5575705562086533
1731804212.9104295;/app/bags/user95_2017-02-24.bag;0.834065854549408;0.0;0.9619645476341248;0.0;2.6795707480621864;0.44242944379134674;0.5575705562086533
1731804213.1104372;/app/bags/user95_2017-02-24.bag;0.834065854549408;0.0;0.9619645476341248;0.0;2.6795707480621864;0.44242944379134674;0.5575705562086533
1731804213.310413;/app/bags/user95_2017-02-24.bag;0.834065854549408;0.0;0.9619645476341248;0.0;2.6795707480621864;0.44242944379134674;0.5575705562086533
1731804213.5104253;/app/bags/user95_2017-02-24.bag;0.834065854549408;0.0;0.9619645476341248;0.0;2.6795707480621864;0.44242944379134674;0.5575705562086533
1731804213.7104757;/app/bags/user95_2017-02-24.bag;0.834065854549408;0.0;0.9619645476341248;0.0;2.6795707480621864;0.44242944379134674;0.5575705562086533
1731804213.9104347;/app/bags/user95_2017-02-24.bag;0.834065854549408;0.0;0.9619645476341248;0.0;2.6795707480621864;0.44242944379134674;0.5575705562086533
1731804214.1103923;/app/bags/user95_2017-02-24.bag;0.834065854549408;0.0;0.9619645476341248;0.0;2.6795707480621864;0.44242944379134674;0.5575705562086533
1731804214.3103628;/app/bags/user95_2017-02-24.bag;0.834065854549408;0.0;0.9619645476341248;0.0;2.6795707480621864;0.44242944379134674;0.5575705562086533
1731804214.5103972;/app/bags/user95_2017-02-24.bag;0.834065854549408;0.0;0.9619645476341248;0.0;2.6795707480621864;0.44242944379134674;0.5575705562086533
1731804214.710387;/app/bags/user95_2017-02-24.bag;0.834065854549408;0.0;0.9619645476341248;0.0;2.6795707480621864;0.44242944379134674;0.5575705562086533
1731804214.9104724;/app/bags/user95_2017-02-24.bag;0.834065854549408;0.0;0.9619645476341248;0.0;2.6795707480621864;0.44242944379134674;0.5575705562086533
1731804215.1106498;/app/bags/user95_2017-02-24.bag;0.834065854549408;0.0;0.9619645476341248;0.0;2.6795707480621864;0.44242944379134674;0.5575705562086533
1731804215.3104808;/app/bags/user95_2017-02-24.bag;0.834065854549408;0.0;0.9619645476341248;0.0;2.6795707480621864;0.44242944379134674;0.5575705562086533
1731804215.5103912;/app/bags/user95_2017-02-24.bag;0.834065854549408;0.0;0.9619645476341248;0.0;2.6795707480621864;0.44242944379134674;0.5575705562086533
1731804215.7104502;/app/bags/user95_2017-02-24.bag;0.834065854549408;0.0;0.9619645476341248;0.0;2.6795707480621864;0.44242944379134674;0.5575705562086533
1731804215.9104786;/app/bags/user95_2017-02-24.bag;0.834065854549408;0.0;0.9619645476341248;0.0;2.6795707480621864;0.44242944379134674;0.5575705562086533
1731804216.110346;/app/bags/user95_2017-02-24.bag;0.834065854549408;0.0;0.9619645476341248;0.0;2.6795707480621864;0.44242944379134674;0.5575705562086533
1731804216.3103964;/app/bags/user95_2017-02-24.bag;0.834065854549408;0.0;0.9619645476341248;0.0;2.6795707480621864;0.44242944379134674;0.5575705562086533
1731804216.5103836;/app/bags/user95_2017-02-24.bag;0.834065854549408;0.0;0.9619645476341248;0.0;2.6795707480621864;0.44242944379134674;0.5575705562086533
1731804216.7103786;/app/bags/user95_2017-02-24.bag;0.834065854549408;0.0;0.9619645476341248;0.0;2.6795707480621864;0.44242944379134674;0.5575705562086533
1731804216.9103708;/app/bags/user95_2017-02-24.bag;0.834065854549408;0.0;0.9619645476341248;0.0;2.6795707480621864;0.44242944379134674;0.5575705562086533
1731804217.110393;/app/bags/user95_2017-02-24.bag;0.834065854549408;0.0;0.9619645476341248;0.0;2.6795707480621864;0.44242944379134674;0.5575705562086533
1731804217.3103888;/app/bags/user95_2017-02-24.bag;0.834065854549408;0.0;0.9619645476341248;0.0;2.6795707480621864;0.44242944379134674;0.5575705562086533
1731804217.5103903;/app/bags/user95_2017-02-24.bag;0.834065854549408;0.0;0.9619645476341248;0.0;2.6795707480621864;0.44242944379134674;0.5575705562086533
1731804217.710384;/app/bags/user95_2017-02-24.bag;0.834065854549408;0.0;0.9619645476341248;0.0;2.6795707480621864;0.44242944379134674;0.5575705562086533
1731804217.9103827;/app/bags/user95_2017-02-24.bag;0.834065854549408;0.0;0.9619645476341248;0.0;2.6795707480621864;0.44242944379134674;0.5575705562086533
1731804218.1103745;/app/bags/user95_2017-02-24.bag;0.834065854549408;0.0;0.9619645476341248;0.0;2.6795707480621864;0.44242944379134674;0.5575705562086533
1731804218.3103669;/app/bags/user95_2017-02-24.bag;0.834065854549408;0.0;0.9619645476341248;0.0;2.6795707480621864;0.44242944379134674;0.5575705562086533
1731804218.5105412;/app/bags/user95_2017-02-24.bag;0.834065854549408;0.0;0.9619645476341248;0.0;2.6795707480621864;0.44242944379134674;0.5575705562086533
1731804218.7104304;/app/bags/user95_2017-02-24.bag;0.834065854549408;0.0;0.9619645476341248;0.0;2.6795707480621864;0.44242944379134674;0.5575705562086533
1731804218.9103801;/app/bags/user95_2017-02-24.bag;0.834065854549408;0.0;0.9619645476341248;0.0;2.6795707480621864;0.44242944379134674;0.5575705562086533
1731804219.110451;/app/bags/user95_2017-02-24.bag;0.834065854549408;0.0;0.9619645476341248;0.0;2.6795707480621864;0.44242944379134674;0.5575705562086533
1731804219.3104327;/app/bags/user95_2017-02-24.bag;0.834065854549408;0.0;0.9619645476341248;0.0;2.6795707480621864;0.44242944379134674;0.5575705562086533
1731804219.5103855;/app/bags/user95_2017-02-24.bag;0.834065854549408;0.0;0.9619645476341248;0.0;2.6795707480621864;0.44242944379134674;0.5575705562086533
1731804219.7104516;/app/bags/user95_2017-02-24.bag;0.834065854549408;0.0;0.9619645476341248;0.0;2.6795707480621864;0.44242944379134674;0.5575705562086533
1731804219.9103677;/app/bags/user95_2017-02-24.bag;0.834065854549408;0.0;0.9619645476341248;0.0;2.6795707480621864;0.44242944379134674;0.5575705562086533
1731804220.1103854;/app/bags/user95_2017-02-24.bag;0.834065854549408;0.0;0.9619645476341248;0.0;2.6795707480621864;0.44242944379134674;0.5575705562086533
1731804220.3103926;/app/bags/user95_2017-02-24.bag;0.834065854549408;0.0;0.9619645476341248;0.0;2.6795707480621864;0.44242944379134674;0.5575705562086533
1731804220.5104568;/app/bags/user95_2017-02-24.bag;0.834065854549408;0.0;0.9619645476341248;0.0;2.6795707480621864;0.44242944379134674;0.5575705562086533
1731804220.7104535;/app/bags/user95_2017-02-24.bag;0.834065854549408;0.0;0.9619645476341248;0.0;2.6795707480621864;0.44242944379134674;0.5575705562086533
1731804220.9103482;/app/bags/user95_2017-02-24.bag;0.834065854549408;0.0;0.9619645476341248;0.0;2.6795707480621864;0.44242944379134674;0.5575705562086533
1731804221.110506;/app/bags/user95_2017-02-24.bag;0.834065854549408;0.0;0.9619645476341248;0.0;2.6795707480621864;0.44242944379134674;0.5575705562086533
1731804221.3104753;/app/bags/user95_2017-02-24.bag;0.834065854549408;0.0;0.9619645476341248;0.0;2.6795707480621864;0.44242944379134674;0.5575705562086533
1731804221.5104105;/app/bags/user95_2017-02-24.bag;0.834065854549408;0.0;0.9619645476341248;0.0;2.6795707480621864;0.44242944379134674;0.5575705562086533
1731804221.710419;/app/bags/user95_2017-02-24.bag;0.834065854549408;0.0;0.9619645476341248;0.0;2.6795707480621864;0.44242944379134674;0.5575705562086533
1731804221.9104486;/app/bags/user95_2017-02-24.bag;0.834065854549408;0.0;0.9619645476341248;0.0;2.6795707480621864;0.44242944379134674;0.5575705562086533
1731804222.1103885;/app/bags/user95_2017-02-24.bag;0.834065854549408;0.0;0.9619645476341248;0.0;2.6795707480621864;0.44242944379134674;0.5575705562086533
1731804222.3103898;/app/bags/user95_2017-02-24.bag;0.834065854549408;0.0;0.9619645476341248;0.0;2.6795707480621864;0.44242944379134674;0.5575705562086533
1731804222.510378;/app/bags/user95_2017-02-24.bag;0.834065854549408;0.0;0.9619645476341248;0.0;2.6795707480621864;0.44242944379134674;0.5575705562086533
1731804222.7104325;/app/bags/user95_2017-02-24.bag;0.834065854549408;0.0;0.9619645476341248;0.0;2.6795707480621864;0.44242944379134674;0.5575705562086533
1731804222.9104748;/app/bags/user95_2017-02-24.bag;0.834065854549408;0.0;0.9619645476341248;0.0;2.6795707480621864;0.44242944379134674;0.5575705562086533
1731804223.110387;/app/bags/user95_2017-02-24.bag;0.834065854549408;0.0;0.9619645476341248;0.0;2.6795707480621864;0.44242944379134674;0.5575705562086533
1731804223.3104012;/app/bags/user95_2017-02-24.bag;0.834065854549408;0.0;0.9619645476341248;0.0;2.6795707480621864;0.44242944379134674;0.5575705562086533
1731804223.5104673;/app/bags/user95_2017-02-24.bag;0.834065854549408;0.0;0.9619645476341248;0.0;2.6795707480621864;0.44242944379134674;0.5575705562086533
1731804223.7104545;/app/bags/user95_2017-02-24.bag;0.834065854549408;0.0;0.9619645476341248;0.0;2.6795707480621864;0.44242944379134674;0.5575705562086533
1731804223.910385;/app/bags/user95_2017-02-24.bag;0.834065854549408;0.0;0.9619645476341248;0.0;2.6795707480621864;0.44242944379134674;0.5575705562086533
1731804224.110405;/app/bags/user95_2017-02-24.bag;0.834065854549408;0.0;0.9619645476341248;0.0;2.6795707480621864;0.44242944379134674;0.5575705562086533
1731804224.3103783;/app/bags/user95_2017-02-24.bag;0.834065854549408;0.0;0.9619645476341248;0.0;2.6795707480621864;0.44242944379134674;0.5575705562086533
1731804224.5105166;/app/bags/user95_2017-02-24.bag;0.834065854549408;0.0;0.9619645476341248;0.0;2.6795707480621864;0.44242944379134674;0.5575705562086533
1731804224.710406;/app/bags/user95_2017-02-24.bag;0.834065854549408;0.0;0.9619645476341248;0.0;2.6795707480621864;0.44242944379134674;0.5575705562086533
1731804224.910425;/app/bags/user95_2017-02-24.bag;0.834065854549408;0.0;0.9619645476341248;0.0;2.6795707480621864;0.44242944379134674;0.5575705562086533
1731804225.1104407;/app/bags/user95_2017-02-24.bag;0.834065854549408;0.0;0.9619645476341248;0.0;2.6795707480621864;0.44242944379134674;0.5575705562086533
1731804225.3104632;/app/bags/user95_2017-02-24.bag;0.834065854549408;0.0;0.9619645476341248;0.0;2.6795707480621864;0.44242944379134674;0.5575705562086533
1731804225.5103946;/app/bags/user95_2017-02-24.bag;0.834065854549408;0.0;0.9619645476341248;0.0;2.6795707480621864;0.44242944379134674;0.5575705562086533
1731804225.7103896;/app/bags/user95_2017-02-24.bag;0.834065854549408;0.0;0.9619645476341248;0.0;2.6795707480621864;0.44242944379134674;0.5575705562086533
1731804225.9103856;/app/bags/user95_2017-02-24.bag;0.834065854549408;0.0;0.9619645476341248;0.0;2.6795707480621864;0.44242944379134674;0.5575705562086533
1731804226.1103745;/app/bags/user95_2017-02-24.bag;0.834065854549408;0.0;0.9619645476341248;0.0;2.6795707480621864;0.44242944379134674;0.5575705562086533
1731804226.3103786;/app/bags/user95_2017-02-24.bag;0.834065854549408;0.0;0.9619645476341248;0.0;2.6795707480621864;0.44242944379134674;0.5575705562086533
1731804226.5104184;/app/bags/user95_2017-02-24.bag;0.834065854549408;0.0;0.9619645476341248;0.0;2.6795707480621864;0.44242944379134674;0.5575705562086533
1731804226.7104008;/app/bags/user95_2017-02-24.bag;0.834065854549408;0.0;0.9619645476341248;0.0;2.6795707480621864;0.44242944379134674;0.5575705562086533
1731804226.9104135;/app/bags/user95_2017-02-24.bag;0.834065854549408;0.0;0.9619645476341248;0.0;2.6795707480621864;0.44242944379134674;0.5575705562086533
1731804227.110399;/app/bags/user95_2017-02-24.bag;0.834065854549408;0.0;0.9619645476341248;0.0;2.6795707480621864;0.44242944379134674;0.5575705562086533
1731804227.310391;/app/bags/user95_2017-02-24.bag;0.834065854549408;0.0;0.9619645476341248;0.0;2.6795707480621864;0.44242944379134674;0.5575705562086533
1731804227.5103765;/app/bags/user95_2017-02-24.bag;0.834065854549408;0.0;0.9619645476341248;0.0;2.6795707480621864;0.44242944379134674;0.5575705562086533
1731804227.7103622;/app/bags/user95_2017-02-24.bag;0.834065854549408;0.0;0.9619645476341248;0.0;2.6795707480621864;0.44242944379134674;0.5575705562086533
1731804227.9103732;/app/bags/user95_2017-02-24.bag;0.834065854549408;0.0;0.9619645476341248;0.0;2.6795707480621864;0.44242944379134674;0.5575705562086533
1731804228.1104279;/app/bags/user95_2017-02-24.bag;0.834065854549408;0.0;0.9619645476341248;0.0;2.6795707480621864;0.44242944379134674;0.5575705562086533
1731804228.3103979;/app/bags/user95_2017-02-24.bag;0.834065854549408;0.0;0.9619645476341248;0.0;2.6795707480621864;0.44242944379134674;0.5575705562086533
1731804228.510444;/app/bags/user95_2017-02-24.bag;0.834065854549408;0.0;0.9619645476341248;0.0;2.6795707480621864;0.44242944379134674;0.5575705562086533
1731804228.7103932;/app/bags/user95_2017-02-24.bag;0.834065854549408;0.0;0.9619645476341248;0.0;2.6795707480621864;0.44242944379134674;0.5575705562086533
1731804228.910468;/app/bags/user95_2017-02-24.bag;0.834065854549408;0.0;0.9619645476341248;0.0;2.6795707480621864;0.44242944379134674;0.5575705562086533
1731804229.110476;/app/bags/user95_2017-02-24.bag;0.834065854549408;0.0;0.9619645476341248;0.0;2.6795707480621864;0.44242944379134674;0.5575705562086533
1731804229.3104322;/app/bags/user95_2017-02-24.bag;0.834065854549408;0.0;0.9619645476341248;0.0;2.6795707480621864;0.44242944379134674;0.5575705562086533
1731804229.5104017;/app/bags/user95_2017-02-24.bag;0.834065854549408;0.0;0.9619645476341248;0.0;2.6795707480621864;0.44242944379134674;0.5575705562086533
1731804229.7104316;/app/bags/user95_2017-02-24.bag;0.834065854549408;0.0;0.9619645476341248;0.0;2.6795707480621864;0.44242944379134674;0.5575705562086533
1731804229.910437;/app/bags/user95_2017-02-24.bag;0.834065854549408;0.0;0.9619645476341248;0.0;2.6795707480621864;0.44242944379134674;0.5575705562086533
1731804230.1104643;/app/bags/user95_2017-02-24.bag;0.834065854549408;0.0;0.9619645476341248;0.0;2.6795707480621864;0.44242944379134674;0.5575705562086533
1731804230.3103995;/app/bags/user95_2017-02-24.bag;0.834065854549408;0.0;0.9619645476341248;0.0;2.6795707480621864;0.44242944379134674;0.5575705562086533
1731804230.5103872;/app/bags/user95_2017-02-24.bag;0.834065854549408;0.0;0.9619645476341248;0.0;2.6795707480621864;0.44242944379134674;0.5575705562086533
1731804230.7104676;/app/bags/user95_2017-02-24.bag;0.834065854549408;0.0;0.9619645476341248;0.0;2.6795707480621864;0.44242944379134674;0.5575705562086533
1731804230.9105725;/app/bags/user95_2017-02-24.bag;0.834065854549408;0.0;0.9619645476341248;0.0;2.6795707480621864;0.44242944379134674;0.5575705562086533
1731804231.110407;/app/bags/user95_2017-02-24.bag;0.834065854549408;0.0;0.9619645476341248;0.0;2.6795707480621864;0.44242944379134674;0.5575705562086533
1731804231.3103867;/app/bags/user95_2017-02-24.bag;0.834065854549408;0.0;0.9619645476341248;0.0;2.6795707480621864;0.44242944379134674;0.5575705562086533
1731804231.510394;/app/bags/user95_2017-02-24.bag;0.834065854549408;0.0;0.9619645476341248;0.0;2.6795707480621864;0.44242944379134674;0.5575705562086533
1731804231.7105165;/app/bags/user95_2017-02-24.bag;0.834065854549408;0.0;0.9619645476341248;0.0;2.6795707480621864;0.44242944379134674;0.5575705562086533
1731804231.9104285;/app/bags/user95_2017-02-24.bag;0.834065854549408;0.0;0.9619645476341248;0.0;2.6795707480621864;0.44242944379134674;0.5575705562086533
1731804232.1103864;/app/bags/user95_2017-02-24.bag;0.834065854549408;0.0;0.9619645476341248;0.0;2.6795707480621864;0.44242944379134674;0.5575705562086533
1731804232.31038;/app/bags/user95_2017-02-24.bag;0.834065854549408;0.0;0.9619645476341248;0.0;2.6795707480621864;0.44242944379134674;0.5575705562086533
1731804232.510578;/app/bags/user95_2017-02-24.bag;0.834065854549408;0.0;0.9619645476341248;0.0;2.6795707480621864;0.44242944379134674;0.5575705562086533
1731804232.7103891;/app/bags/user95_2017-02-24.bag;0.834065854549408;0.0;0.9619645476341248;0.0;2.6795707480621864;0.44242944379134674;0.5575705562086533
1731804232.9103804;/app/bags/user95_2017-02-24.bag;0.834065854549408;0.0;0.9619645476341248;0.0;2.6795707480621864;0.44242944379134674;0.5575705562086533
1731804233.1104903;/app/bags/user95_2017-02-24.bag;0.834065854549408;0.0;0.9619645476341248;0.0;2.6795707480621864;0.44242944379134674;0.5575705562086533
1731804233.3103554;/app/bags/user95_2017-02-24.bag;0.834065854549408;0.0;0.9619645476341248;0.0;2.6795707480621864;0.44242944379134674;0.5575705562086533
1731804233.5103846;/app/bags/user95_2017-02-24.bag;0.834065854549408;0.0;0.9619645476341248;0.0;2.6795707480621864;0.44242944379134674;0.5575705562086533
1731804233.7103736;/app/bags/user95_2017-02-24.bag;0.834065854549408;0.0;0.9619645476341248;0.0;2.6795707480621864;0.44242944379134674;0.5575705562086533
1731804233.9104052;/app/bags/user95_2017-02-24.bag;0.834065854549408;0.0;0.9619645476341248;0.0;2.6795707480621864;0.44242944379134674;0.5575705562086533
1731804234.1104198;/app/bags/user95_2017-02-24.bag;0.834065854549408;0.0;0.9619645476341248;0.0;2.6795707480621864;0.44242944379134674;0.5575705562086533
1731804234.3104014;/app/bags/user95_2017-02-24.bag;0.834065854549408;0.0;0.9619645476341248;0.0;2.6795707480621864;0.44242944379134674;0.5575705562086533
1731804234.5104308;/app/bags/user95_2017-02-24.bag;0.834065854549408;0.0;0.9619645476341248;0.0;2.6795707480621864;0.44242944379134674;0.5575705562086533
1731804234.7104304;/app/bags/user95_2017-02-24.bag;0.834065854549408;0.0;0.9619645476341248;0.0;2.6795707480621864;0.44242944379134674;0.5575705562086533
1731804234.9103138;/app/bags/user95_2017-02-24.bag;0.834065854549408;0.0;0.9619645476341248;0.0;2.6795707480621864;0.44242944379134674;0.5575705562086533
1731804235.110482;/app/bags/user95_2017-02-24.bag;0.834065854549408;0.0;0.9619645476341248;0.0;2.6795707480621864;0.44242944379134674;0.5575705562086533
1731804235.3105528;/app/bags/user95_2017-02-24.bag;0.834065854549408;0.0;0.9619645476341248;0.0;2.6795707480621864;0.44242944379134674;0.5575705562086533
1731804235.5104;/app/bags/user95_2017-02-24.bag;0.834065854549408;0.0;0.9619645476341248;0.0;2.6795707480621864;0.44242944379134674;0.5575705562086533
1731804235.7104394;/app/bags/user95_2017-02-24.bag;0.834065854549408;0.0;0.9619645476341248;0.0;2.6795707480621864;0.44242944379134674;0.5575705562086533
1731804235.9104462;/app/bags/user95_2017-02-24.bag;0.834065854549408;0.0;0.9619645476341248;0.0;2.6795707480621864;0.44242944379134674;0.5575705562086533
1731804236.1104147;/app/bags/user95_2017-02-24.bag;0.834065854549408;0.0;0.9619645476341248;0.0;2.6795707480621864;0.44242944379134674;0.5575705562086533
1731804236.3103864;/app/bags/user95_2017-02-24.bag;0.834065854549408;0.0;0.9619645476341248;0.0;2.6795707480621864;0.44242944379134674;0.5575705562086533
1731804236.5104256;/app/bags/user95_2017-02-24.bag;0.834065854549408;0.0;0.9619645476341248;0.0;2.6795707480621864;0.44242944379134674;0.5575705562086533
1731804236.7104795;/app/bags/user95_2017-02-24.bag;0.834065854549408;0.0;0.9619645476341248;0.0;2.6795707480621864;0.44242944379134674;0.5575705562086533
1731804236.910412;/app/bags/user95_2017-02-24.bag;0.834065854549408;0.0;0.9619645476341248;0.0;2.6795707480621864;0.44242944379134674;0.5575705562086533
1731804237.1103966;/app/bags/user95_2017-02-24.bag;0.834065854549408;0.0;0.9619645476341248;0.0;2.6795707480621864;0.44242944379134674;0.5575705562086533
1731804237.3103518;/app/bags/user95_2017-02-24.bag;0.834065854549408;0.0;0.9619645476341248;0.0;2.6795707480621864;0.44242944379134674;0.5575705562086533
1731804237.5104232;/app/bags/user95_2017-02-24.bag;0.834065854549408;0.0;0.9619645476341248;0.0;2.6795707480621864;0.44242944379134674;0.5575705562086533
1731804237.7106576;/app/bags/user95_2017-02-24.bag;0.834065854549408;0.0;0.9619645476341248;0.0;2.6795707480621864;0.44242944379134674;0.5575705562086533
1731804237.9104068;/app/bags/user95_2017-02-24.bag;0.834065854549408;0.0;0.9619645476341248;0.0;2.6795707480621864;0.44242944379134674;0.5575705562086533
1731804238.1104338;/app/bags/user95_2017-02-24.bag;0.834065854549408;0.0;0.9619645476341248;0.0;2.6795707480621864;0.44242944379134674;0.5575705562086533
1731804238.310452;/app/bags/user95_2017-02-24.bag;0.834065854549408;0.0;0.9619645476341248;0.0;2.6795707480621864;0.44242944379134674;0.5575705562086533
1731804238.5104313;/app/bags/user95_2017-02-24.bag;0.834065854549408;0.0;0.9619645476341248;0.0;2.6795707480621864;0.44242944379134674;0.5575705562086533
1731804238.7103815;/app/bags/user95_2017-02-24.bag;0.834065854549408;0.0;0.9619645476341248;0.0;2.6795707480621864;0.44242944379134674;0.5575705562086533
1731804238.91043;/app/bags/user95_2017-02-24.bag;0.834065854549408;0.0;0.9619645476341248;0.0;2.6795707480621864;0.44242944379134674;0.5575705562086533
1731804239.1103823;/app/bags/user95_2017-02-24.bag;0.834065854549408;0.0;0.9619645476341248;0.0;2.6795707480621864;0.44242944379134674;0.5575705562086533
1731804239.3105032;/app/bags/user95_2017-02-24.bag;0.834065854549408;0.0;0.9619645476341248;0.0;2.6795707480621864;0.44242944379134674;0.5575705562086533
1731804239.5104172;/app/bags/user95_2017-02-24.bag;0.834065854549408;0.0;0.9619645476341248;0.0;2.6795707480621864;0.44242944379134674;0.5575705562086533
1731804239.71037;/app/bags/user95_2017-02-24.bag;0.834065854549408;0.0;0.9619645476341248;0.0;2.6795707480621864;0.44242944379134674;0.5575705562086533
1731804239.910464;/app/bags/user95_2017-02-24.bag;0.834065854549408;0.0;0.9619645476341248;0.0;2.6795707480621864;0.44242944379134674;0.5575705562086533
1731804240.110345;/app/bags/user95_2017-02-24.bag;0.834065854549408;0.0;0.9619645476341248;0.0;2.6795707480621864;0.44242944379134674;0.5575705562086533
1731804240.3104105;/app/bags/user95_2017-02-24.bag;0.834065854549408;0.0;0.9619645476341248;0.0;2.6795707480621864;0.44242944379134674;0.5575705562086533
1731804240.5105393;/app/bags/user95_2017-02-24.bag;0.834065854549408;0.0;0.9619645476341248;0.0;2.6795707480621864;0.44242944379134674;0.5575705562086533
1731804240.7103941;/app/bags/user95_2017-02-24.bag;0.834065854549408;0.0;0.9619645476341248;0.0;2.6795707480621864;0.44242944379134674;0.5575705562086533
1731804240.9103806;/app/bags/user95_2017-02-24.bag;0.834065854549408;0.0;0.9619645476341248;0.0;2.6795707480621864;0.44242944379134674;0.5575705562086533
1731804241.1103816;/app/bags/user95_2017-02-24.bag;0.834065854549408;0.0;0.9619645476341248;0.0;2.6795707480621864;0.44242944379134674;0.5575705562086533
1731804241.3104558;/app/bags/user95_2017-02-24.bag;0.834065854549408;0.0;0.9619645476341248;0.0;2.6795707480621864;0.44242944379134674;0.5575705562086533
1731804241.510424;/app/bags/user95_2017-02-24.bag;0.834065854549408;0.0;0.9619645476341248;0.0;2.6795707480621864;0.44242944379134674;0.5575705562086533
1731804241.710392;/app/bags/user95_2017-02-24.bag;0.834065854549408;0.0;0.9619645476341248;0.0;2.6795707480621864;0.44242944379134674;0.5575705562086533
1731804241.9103913;/app/bags/user95_2017-02-24.bag;0.834065854549408;0.0;0.9619645476341248;0.0;2.6795707480621864;0.44242944379134674;0.5575705562086533
1731804242.1104572;/app/bags/user95_2017-02-24.bag;0.834065854549408;0.0;0.9619645476341248;0.0;2.6795707480621864;0.44242944379134674;0.5575705562086533
1731804242.3103843;/app/bags/user95_2017-02-24.bag;0.834065854549408;0.0;0.9619645476341248;0.0;2.6795707480621864;0.44242944379134674;0.5575705562086533
1731804242.5103915;/app/bags/user95_2017-02-24.bag;0.834065854549408;0.0;0.9619645476341248;0.0;2.6795707480621864;0.44242944379134674;0.5575705562086533
1731804242.7104354;/app/bags/user95_2017-02-24.bag;0.834065854549408;0.0;0.9619645476341248;0.0;2.6795707480621864;0.44242944379134674;0.5575705562086533
1731804242.9104538;/app/bags/user95_2017-02-24.bag;0.834065854549408;0.0;0.9619645476341248;0.0;2.6795707480621864;0.44242944379134674;0.5575705562086533
1731804243.110453;/app/bags/user95_2017-02-24.bag;0.834065854549408;0.0;0.9619645476341248;0.0;2.6795707480621864;0.44242944379134674;0.5575705562086533
1731804243.3104646;/app/bags/user95_2017-02-24.bag;0.834065854549408;0.0;0.9619645476341248;0.0;2.6795707480621864;0.44242944379134674;0.5575705562086533
1731804243.510408;/app/bags/user95_2017-02-24.bag;0.834065854549408;0.0;0.9619645476341248;0.0;2.6795707480621864;0.44242944379134674;0.5575705562086533
1731804243.710455;/app/bags/user95_2017-02-24.bag;0.834065854549408;0.0;0.9619645476341248;0.0;2.6795707480621864;0.44242944379134674;0.5575705562086533
1731804243.910417;/app/bags/user95_2017-02-24.bag;0.834065854549408;0.0;0.9619645476341248;0.0;2.6795707480621864;0.44242944379134674;0.5575705562086533
1731804244.110413;/app/bags/user95_2017-02-24.bag;0.834065854549408;0.0;0.9619645476341248;0.0;2.6795707480621864;0.44242944379134674;0.5575705562086533
1731804244.3104339;/app/bags/user95_2017-02-24.bag;0.834065854549408;0.0;0.9619645476341248;0.0;2.6795707480621864;0.44242944379134674;0.5575705562086533
1731804244.5104046;/app/bags/user95_2017-02-24.bag;0.834065854549408;0.0;0.9619645476341248;0.0;2.6795707480621864;0.44242944379134674;0.5575705562086533
1731804244.7103636;/app/bags/user95_2017-02-24.bag;0.834065854549408;0.0;0.9619645476341248;0.0;2.6795707480621864;0.44242944379134674;0.5575705562086533
1731804244.9103968;/app/bags/user95_2017-02-24.bag;0.834065854549408;0.0;0.9619645476341248;0.0;2.6795707480621864;0.44242944379134674;0.5575705562086533
1731804245.1104145;/app/bags/user95_2017-02-24.bag;0.834065854549408;0.0;0.9619645476341248;0.0;2.6795707480621864;0.44242944379134674;0.5575705562086533
1731804245.3103948;/app/bags/user95_2017-02-24.bag;0.834065854549408;0.0;0.9619645476341248;0.0;2.6795707480621864;0.44242944379134674;0.5575705562086533
1731804245.5104218;/app/bags/user95_2017-02-24.bag;0.834065854549408;0.0;0.9619645476341248;0.0;2.6795707480621864;0.44242944379134674;0.5575705562086533
1731804245.7104757;/app/bags/user95_2017-02-24.bag;0.834065854549408;0.0;0.9619645476341248;0.0;2.6795707480621864;0.44242944379134674;0.5575705562086533
1731804245.9104364;/app/bags/user95_2017-02-24.bag;0.834065854549408;0.0;0.9619645476341248;0.0;2.6795707480621864;0.44242944379134674;0.5575705562086533
1731804246.1104023;/app/bags/user95_2017-02-24.bag;0.834065854549408;0.0;0.9619645476341248;0.0;2.6795707480621864;0.44242944379134674;0.5575705562086533
1731804246.3104448;/app/bags/user95_2017-02-24.bag;0.834065854549408;0.0;0.9619645476341248;0.0;2.6795707480621864;0.44242944379134674;0.5575705562086533
1731804246.5103757;/app/bags/user95_2017-02-24.bag;0.834065854549408;0.0;0.9619645476341248;0.0;2.6795707480621864;0.44242944379134674;0.5575705562086533
1731804246.7104003;/app/bags/user95_2017-02-24.bag;0.834065854549408;0.0;0.9619645476341248;0.0;2.6795707480621864;0.44242944379134674;0.5575705562086533
1731804246.910431;/app/bags/user95_2017-02-24.bag;0.834065854549408;0.0;0.9619645476341248;0.0;2.6795707480621864;0.44242944379134674;0.5575705562086533
1731804247.1104753;/app/bags/user95_2017-02-24.bag;0.834065854549408;0.0;0.9619645476341248;0.0;2.6795707480621864;0.44242944379134674;0.5575705562086533
1731804247.3106012;/app/bags/user95_2017-02-24.bag;0.834065854549408;0.0;0.9619645476341248;0.0;2.6795707480621864;0.44242944379134674;0.5575705562086533
1731804247.5104413;/app/bags/user95_2017-02-24.bag;0.834065854549408;0.0;0.9619645476341248;0.0;2.6795707480621864;0.44242944379134674;0.5575705562086533
1731804247.7103684;/app/bags/user95_2017-02-24.bag;0.834065854549408;0.0;0.9619645476341248;0.0;2.6795707480621864;0.44242944379134674;0.5575705562086533
1731804247.9103534;/app/bags/user95_2017-02-24.bag;0.834065854549408;0.0;0.9619645476341248;0.0;2.6795707480621864;0.44242944379134674;0.5575705562086533
1731804248.1104386;/app/bags/user95_2017-02-24.bag;0.834065854549408;0.0;0.9619645476341248;0.0;2.6795707480621864;0.44242944379134674;0.5575705562086533
1731804248.3103974;/app/bags/user95_2017-02-24.bag;0.834065854549408;0.0;0.9619645476341248;0.0;2.6795707480621864;0.44242944379134674;0.5575705562086533
1731804248.5104465;/app/bags/user95_2017-02-24.bag;0.834065854549408;0.0;0.9619645476341248;0.0;2.6795707480621864;0.44242944379134674;0.5575705562086533
1731804248.7103965;/app/bags/user95_2017-02-24.bag;0.834065854549408;0.0;0.9619645476341248;0.0;2.6795707480621864;0.44242944379134674;0.5575705562086533
1731804248.9103646;/app/bags/user95_2017-02-24.bag;0.834065854549408;0.0;0.9619645476341248;0.0;2.6795707480621864;0.44242944379134674;0.5575705562086533
1731804249.1103716;/app/bags/user95_2017-02-24.bag;0.834065854549408;0.0;0.9619645476341248;0.0;2.6795707480621864;0.44242944379134674;0.5575705562086533
1731804249.3104384;/app/bags/user95_2017-02-24.bag;0.834065854549408;0.0;0.9619645476341248;0.0;2.6795707480621864;0.44242944379134674;0.5575705562086533
1731804249.5103786;/app/bags/user95_2017-02-24.bag;0.834065854549408;0.0;0.9619645476341248;0.0;2.6795707480621864;0.44242944379134674;0.5575705562086533
1731804249.7103653;/app/bags/user95_2017-02-24.bag;0.834065854549408;0.0;0.9619645476341248;0.0;2.6795707480621864;0.44242944379134674;0.5575705562086533
1731804249.9105134;/app/bags/user95_2017-02-24.bag;0.834065854549408;0.0;0.9619645476341248;0.0;2.6795707480621864;0.44242944379134674;0.5575705562086533
1731804250.1104357;/app/bags/user95_2017-02-24.bag;0.834065854549408;0.0;0.9619645476341248;0.0;2.6795707480621864;0.44242944379134674;0.5575705562086533
1731804250.3104563;/app/bags/user95_2017-02-24.bag;0.834065854549408;0.0;0.9619645476341248;0.0;2.6795707480621864;0.44242944379134674;0.5575705562086533
1731804250.5104012;/app/bags/user95_2017-02-24.bag;0.834065854549408;0.0;0.9619645476341248;0.0;2.6795707480621864;0.44242944379134674;0.5575705562086533
1731804250.7104082;/app/bags/user95_2017-02-24.bag;0.834065854549408;0.0;0.9619645476341248;0.0;2.6795707480621864;0.44242944379134674;0.5575705562086533
1731804250.9103744;/app/bags/user95_2017-02-24.bag;0.834065854549408;0.0;0.9619645476341248;0.0;2.6795707480621864;0.44242944379134674;0.5575705562086533
1731804251.110376;/app/bags/user95_2017-02-24.bag;0.834065854549408;0.0;0.9619645476341248;0.0;2.6795707480621864;0.44242944379134674;0.5575705562086533
1731804251.310405;/app/bags/user95_2017-02-24.bag;0.834065854549408;0.0;0.9619645476341248;0.0;2.6795707480621864;0.44242944379134674;0.5575705562086533
1731804251.5104048;/app/bags/user95_2017-02-24.bag;0.834065854549408;0.0;0.9619645476341248;0.0;2.6795707480621864;0.44242944379134674;0.5575705562086533
1731804251.7103958;/app/bags/user95_2017-02-24.bag;0.834065854549408;0.0;0.9619645476341248;0.0;2.6795707480621864;0.44242944379134674;0.5575705562086533
1731804251.910382;/app/bags/user95_2017-02-24.bag;0.834065854549408;0.0;0.9619645476341248;0.0;2.6795707480621864;0.44242944379134674;0.5575705562086533
1731804252.110373;/app/bags/user95_2017-02-24.bag;0.834065854549408;0.0;0.9619645476341248;0.0;2.6795707480621864;0.44242944379134674;0.5575705562086533
1731804252.3103936;/app/bags/user95_2017-02-24.bag;0.834065854549408;0.0;0.9619645476341248;0.0;2.6795707480621864;0.44242944379134674;0.5575705562086533
1731804252.5103953;/app/bags/user95_2017-02-24.bag;0.834065854549408;0.0;0.9619645476341248;0.0;2.6795707480621864;0.44242944379134674;0.5575705562086533
1731804252.7105265;/app/bags/user95_2017-02-24.bag;0.834065854549408;0.0;0.9619645476341248;0.0;2.6795707480621864;0.44242944379134674;0.5575705562086533
1731804252.9103959;/app/bags/user95_2017-02-24.bag;0.834065854549408;0.0;0.9619645476341248;0.0;2.6795707480621864;0.44242944379134674;0.5575705562086533
1731804253.1104014;/app/bags/user95_2017-02-24.bag;0.834065854549408;0.0;0.9619645476341248;0.0;2.6795707480621864;0.44242944379134674;0.5575705562086533
1731804253.3103535;/app/bags/user95_2017-02-24.bag;0.834065854549408;0.0;0.9619645476341248;0.0;2.6795707480621864;0.44242944379134674;0.5575705562086533
1731804253.5104382;/app/bags/user95_2017-02-24.bag;0.834065854549408;0.0;0.9619645476341248;0.0;2.6795707480621864;0.44242944379134674;0.5575705562086533
1731804253.71039;/app/bags/user95_2017-02-24.bag;0.834065854549408;0.0;0.9619645476341248;0.0;2.6795707480621864;0.44242944379134674;0.5575705562086533
1731804253.9103928;/app/bags/user95_2017-02-24.bag;0.834065854549408;0.0;0.9619645476341248;0.0;2.6795707480621864;0.44242944379134674;0.5575705562086533
1731804254.1103861;/app/bags/user95_2017-02-24.bag;0.834065854549408;0.0;0.9619645476341248;0.0;2.6795707480621864;0.44242944379134674;0.5575705562086533
1731804254.3103933;/app/bags/user95_2017-02-24.bag;0.834065854549408;0.0;0.9619645476341248;0.0;2.6795707480621864;0.44242944379134674;0.5575705562086533
1731804254.5106397;/app/bags/user95_2017-02-24.bag;0.834065854549408;0.0;0.9619645476341248;0.0;2.6795707480621864;0.44242944379134674;0.5575705562086533
1731804254.710415;/app/bags/user95_2017-02-24.bag;0.834065854549408;0.0;0.9619645476341248;0.0;2.6795707480621864;0.44242944379134674;0.5575705562086533
1731804254.9104533;/app/bags/user95_2017-02-24.bag;0.834065854549408;0.0;0.9619645476341248;0.0;2.6795707480621864;0.44242944379134674;0.5575705562086533
1731804255.110428;/app/bags/user95_2017-02-24.bag;0.834065854549408;0.0;0.9619645476341248;0.0;2.6795707480621864;0.44242944379134674;0.5575705562086533
1731804255.3103786;/app/bags/user95_2017-02-24.bag;0.834065854549408;0.0;0.9619645476341248;0.0;2.6795707480621864;0.44242944379134674;0.5575705562086533
1731804255.5103924;/app/bags/user95_2017-02-24.bag;0.834065854549408;0.0;0.9619645476341248;0.0;2.6795707480621864;0.44242944379134674;0.5575705562086533
1731804255.7104034;/app/bags/user95_2017-02-24.bag;0.834065854549408;0.0;0.9619645476341248;0.0;2.6795707480621864;0.44242944379134674;0.5575705562086533
1731804255.910392;/app/bags/user95_2017-02-24.bag;0.834065854549408;0.0;0.9619645476341248;0.0;2.6795707480621864;0.44242944379134674;0.5575705562086533
1731804256.1104076;/app/bags/user95_2017-02-24.bag;0.834065854549408;0.0;0.9619645476341248;0.0;2.6795707480621864;0.44242944379134674;0.5575705562086533
1731804256.3104002;/app/bags/user95_2017-02-24.bag;0.834065854549408;0.0;0.9619645476341248;0.0;2.6795707480621864;0.44242944379134674;0.5575705562086533
1731804256.510429;/app/bags/user95_2017-02-24.bag;0.834065854549408;0.0;0.9619645476341248;0.0;2.6795707480621864;0.44242944379134674;0.5575705562086533
1731804256.7104173;/app/bags/user95_2017-02-24.bag;0.834065854549408;0.0;0.9619645476341248;0.0;2.6795707480621864;0.44242944379134674;0.5575705562086533
1731804256.9104295;/app/bags/user95_2017-02-24.bag;0.834065854549408;0.0;0.9619645476341248;0.0;2.6795707480621864;0.44242944379134674;0.5575705562086533
1731804257.1103737;/app/bags/user95_2017-02-24.bag;0.834065854549408;0.0;0.9619645476341248;0.0;2.6795707480621864;0.44242944379134674;0.5575705562086533
1731804257.310389;/app/bags/user95_2017-02-24.bag;0.834065854549408;0.0;0.9619645476341248;0.0;2.6795707480621864;0.44242944379134674;0.5575705562086533
1731804257.5103745;/app/bags/user95_2017-02-24.bag;0.834065854549408;0.0;0.9619645476341248;0.0;2.6795707480621864;0.44242944379134674;0.5575705562086533
1731804257.7104464;/app/bags/user95_2017-02-24.bag;0.834065854549408;0.0;0.9619645476341248;0.0;2.6795707480621864;0.44242944379134674;0.5575705562086533
1731804257.9103856;/app/bags/user95_2017-02-24.bag;0.834065854549408;0.0;0.9619645476341248;0.0;2.6795707480621864;0.44242944379134674;0.5575705562086533
1731804258.1104023;/app/bags/user95_2017-02-24.bag;0.834065854549408;0.0;0.9619645476341248;0.0;2.6795707480621864;0.44242944379134674;0.5575705562086533
1731804258.3104162;/app/bags/user95_2017-02-24.bag;0.834065854549408;0.0;0.9619645476341248;0.0;2.6795707480621864;0.44242944379134674;0.5575705562086533
1731804258.5105262;/app/bags/user95_2017-02-24.bag;0.834065854549408;0.0;0.9619645476341248;0.0;2.6795707480621864;0.44242944379134674;0.5575705562086533
1731804258.7104123;/app/bags/user95_2017-02-24.bag;0.834065854549408;0.0;0.9619645476341248;0.0;2.6795707480621864;0.44242944379134674;0.5575705562086533
1731804258.9103603;/app/bags/user95_2017-02-24.bag;0.834065854549408;0.0;0.9619645476341248;0.0;2.6795707480621864;0.44242944379134674;0.5575705562086533
1731804259.1104465;/app/bags/user95_2017-02-24.bag;0.834065854549408;0.0;0.9619645476341248;0.0;2.6795707480621864;0.44242944379134674;0.5575705562086533
1731804259.3103971;/app/bags/user95_2017-02-24.bag;0.834065854549408;0.0;0.9619645476341248;0.0;2.6795707480621864;0.44242944379134674;0.5575705562086533
1731804259.5104084;/app/bags/user95_2017-02-24.bag;0.834065854549408;0.0;0.9619645476341248;0.0;2.6795707480621864;0.44242944379134674;0.5575705562086533
1731804259.7103958;/app/bags/user95_2017-02-24.bag;0.834065854549408;0.0;0.9619645476341248;0.0;2.6795707480621864;0.44242944379134674;0.5575705562086533
1731804259.910459;/app/bags/user95_2017-02-24.bag;0.834065854549408;0.0;0.9619645476341248;0.0;2.6795707480621864;0.44242944379134674;0.5575705562086533
1731804260.1103787;/app/bags/user95_2017-02-24.bag;0.834065854549408;0.0;0.9619645476341248;0.0;2.6795707480621864;0.44242944379134674;0.5575705562086533
1731804260.3103874;/app/bags/user95_2017-02-24.bag;0.834065854549408;0.0;0.9619645476341248;0.0;2.6795707480621864;0.44242944379134674;0.5575705562086533
1731804260.510389;/app/bags/user95_2017-02-24.bag;0.834065854549408;0.0;0.9619645476341248;0.0;2.6795707480621864;0.44242944379134674;0.5575705562086533
1731804260.710429;/app/bags/user95_2017-02-24.bag;0.834065854549408;0.0;0.9619645476341248;0.0;2.6795707480621864;0.44242944379134674;0.5575705562086533
1731804260.9105432;/app/bags/user95_2017-02-24.bag;0.834065854549408;0.0;0.9619645476341248;0.0;2.6795707480621864;0.44242944379134674;0.5575705562086533
1731804261.1104069;/app/bags/user95_2017-02-24.bag;0.834065854549408;0.0;0.9619645476341248;0.0;2.6795707480621864;0.44242944379134674;0.5575705562086533
1731804261.310485;/app/bags/user95_2017-02-24.bag;0.834065854549408;0.0;0.9619645476341248;0.0;2.6795707480621864;0.44242944379134674;0.5575705562086533
1731804261.5104082;/app/bags/user95_2017-02-24.bag;0.834065854549408;0.0;0.9619645476341248;0.0;2.6795707480621864;0.44242944379134674;0.5575705562086533
1731804261.71038;/app/bags/user95_2017-02-24.bag;0.834065854549408;0.0;0.9619645476341248;0.0;2.6795707480621864;0.44242944379134674;0.5575705562086533
1731804261.9103749;/app/bags/user95_2017-02-24.bag;0.834065854549408;0.0;0.9619645476341248;0.0;2.6795707480621864;0.44242944379134674;0.5575705562086533
1731804262.1103888;/app/bags/user95_2017-02-24.bag;0.834065854549408;0.0;0.9619645476341248;0.0;2.6795707480621864;0.44242944379134674;0.5575705562086533
1731804262.310384;/app/bags/user95_2017-02-24.bag;0.834065854549408;0.0;0.9619645476341248;0.0;2.6795707480621864;0.44242944379134674;0.5575705562086533
1731804262.5104034;/app/bags/user95_2017-02-24.bag;0.834065854549408;0.0;0.9619645476341248;0.0;2.6795707480621864;0.44242944379134674;0.5575705562086533
1731804262.7104008;/app/bags/user95_2017-02-24.bag;0.834065854549408;0.0;0.9619645476341248;0.0;2.6795707480621864;0.44242944379134674;0.5575705562086533
1731804262.9103994;/app/bags/user95_2017-02-24.bag;0.834065854549408;0.0;0.9619645476341248;0.0;2.6795707480621864;0.44242944379134674;0.5575705562086533
1731804263.1104214;/app/bags/user95_2017-02-24.bag;0.834065854549408;0.0;0.9619645476341248;0.0;2.6795707480621864;0.44242944379134674;0.5575705562086533
1731804263.310441;/app/bags/user95_2017-02-24.bag;0.834065854549408;0.0;0.9619645476341248;0.0;2.6795707480621864;0.44242944379134674;0.5575705562086533
1731804263.510403;/app/bags/user95_2017-02-24.bag;0.834065854549408;0.0;0.9619645476341248;0.0;2.6795707480621864;0.44242944379134674;0.5575705562086533
1731804263.7103992;/app/bags/user95_2017-02-24.bag;0.834065854549408;0.0;0.9619645476341248;0.0;2.6795707480621864;0.44242944379134674;0.5575705562086533
1731804263.9104028;/app/bags/user95_2017-02-24.bag;0.834065854549408;0.0;0.9619645476341248;0.0;2.6795707480621864;0.44242944379134674;0.5575705562086533
1731804264.1105592;/app/bags/user95_2017-02-24.bag;0.834065854549408;0.0;0.9619645476341248;0.0;2.6795707480621864;0.44242944379134674;0.5575705562086533
1731804264.3104103;/app/bags/user95_2017-02-24.bag;0.834065854549408;0.0;0.9619645476341248;0.0;2.6795707480621864;0.44242944379134674;0.5575705562086533
1731804264.5104132;/app/bags/user95_2017-02-24.bag;0.834065854549408;0.0;0.9619645476341248;0.0;2.6795707480621864;0.44242944379134674;0.5575705562086533
1731804264.7104154;/app/bags/user95_2017-02-24.bag;0.834065854549408;0.0;0.9619645476341248;0.0;2.6795707480621864;0.44242944379134674;0.5575705562086533
1731804264.9104273;/app/bags/user95_2017-02-24.bag;0.834065854549408;0.0;0.9619645476341248;0.0;2.6795707480621864;0.44242944379134674;0.5575705562086533
1731804265.1103773;/app/bags/user95_2017-02-24.bag;0.834065854549408;0.0;0.9619645476341248;0.0;2.6795707480621864;0.44242944379134674;0.5575705562086533
1731804265.310373;/app/bags/user95_2017-02-24.bag;0.834065854549408;0.0;0.9619645476341248;0.0;2.6795707480621864;0.44242944379134674;0.5575705562086533
1731804265.5104182;/app/bags/user95_2017-02-24.bag;0.834065854549408;0.0;0.9619645476341248;0.0;2.6795707480621864;0.44242944379134674;0.5575705562086533
1731804265.710388;/app/bags/user95_2017-02-24.bag;0.834065854549408;0.0;0.9619645476341248;0.0;2.6795707480621864;0.44242944379134674;0.5575705562086533
1731804265.910436;/app/bags/user95_2017-02-24.bag;0.834065854549408;0.0;0.9619645476341248;0.0;2.6795707480621864;0.44242944379134674;0.5575705562086533
1731804266.110394;/app/bags/user95_2017-02-24.bag;0.834065854549408;0.0;0.9619645476341248;0.0;2.6795707480621864;0.44242944379134674;0.5575705562086533
1731804266.3103802;/app/bags/user95_2017-02-24.bag;0.834065854549408;0.0;0.9619645476341248;0.0;2.6795707480621864;0.44242944379134674;0.5575705562086533
1731804266.5103993;/app/bags/user95_2017-02-24.bag;0.834065854549408;0.0;0.9619645476341248;0.0;2.6795707480621864;0.44242944379134674;0.5575705562086533
1731804266.710383;/app/bags/user95_2017-02-24.bag;0.834065854549408;0.0;0.9619645476341248;0.0;2.6795707480621864;0.44242944379134674;0.5575705562086533
1731804266.9104018;/app/bags/user95_2017-02-24.bag;0.834065854549408;0.0;0.9619645476341248;0.0;2.6795707480621864;0.44242944379134674;0.5575705562086533
1731804267.110384;/app/bags/user95_2017-02-24.bag;0.834065854549408;0.0;0.9619645476341248;0.0;2.6795707480621864;0.44242944379134674;0.5575705562086533
1731804267.310408;/app/bags/user95_2017-02-24.bag;0.834065854549408;0.0;0.9619645476341248;0.0;2.6795707480621864;0.44242944379134674;0.5575705562086533
1731804267.5104399;/app/bags/user95_2017-02-24.bag;0.834065854549408;0.0;0.9619645476341248;0.0;2.6795707480621864;0.44242944379134674;0.5575705562086533
1731804267.7104757;/app/bags/user95_2017-02-24.bag;0.834065854549408;0.0;0.9619645476341248;0.0;2.6795707480621864;0.44242944379134674;0.5575705562086533
1731804267.9104414;/app/bags/user95_2017-02-24.bag;0.834065854549408;0.0;0.9619645476341248;0.0;2.6795707480621864;0.44242944379134674;0.5575705562086533
1731804268.1104658;/app/bags/user95_2017-02-24.bag;0.834065854549408;0.0;0.9619645476341248;0.0;2.6795707480621864;0.44242944379134674;0.5575705562086533
1731804268.3104024;/app/bags/user95_2017-02-24.bag;0.834065854549408;0.0;0.9619645476341248;0.0;2.6795707480621864;0.44242944379134674;0.5575705562086533
1731804268.5104244;/app/bags/user95_2017-02-24.bag;0.834065854549408;0.0;0.9619645476341248;0.0;2.6795707480621864;0.44242944379134674;0.5575705562086533
1731804268.710441;/app/bags/user95_2017-02-24.bag;0.834065854549408;0.0;0.9619645476341248;0.0;2.6795707480621864;0.44242944379134674;0.5575705562086533
1731804268.9104764;/app/bags/user95_2017-02-24.bag;0.834065854549408;0.0;0.9619645476341248;0.0;2.6795707480621864;0.44242944379134674;0.5575705562086533
1731804269.1104665;/app/bags/user95_2017-02-24.bag;0.834065854549408;0.0;0.9619645476341248;0.0;2.6795707480621864;0.44242944379134674;0.5575705562086533
1731804269.3103907;/app/bags/user95_2017-02-24.bag;0.834065854549408;0.0;0.9619645476341248;0.0;2.6795707480621864;0.44242944379134674;0.5575705562086533
1731804269.5103705;/app/bags/user95_2017-02-24.bag;0.834065854549408;0.0;0.9619645476341248;0.0;2.6795707480621864;0.44242944379134674;0.5575705562086533
1731804269.7104466;/app/bags/user95_2017-02-24.bag;0.834065854549408;0.0;0.9619645476341248;0.0;2.6795707480621864;0.44242944379134674;0.5575705562086533
1731804269.9104025;/app/bags/user95_2017-02-24.bag;0.834065854549408;0.0;0.9619645476341248;0.0;2.6795707480621864;0.44242944379134674;0.5575705562086533
1731804270.1104238;/app/bags/user95_2017-02-24.bag;0.834065854549408;0.0;0.9619645476341248;0.0;2.6795707480621864;0.44242944379134674;0.5575705562086533
1731804270.3103855;/app/bags/user95_2017-02-24.bag;0.834065854549408;0.0;0.9619645476341248;0.0;2.6795707480621864;0.44242944379134674;0.5575705562086533
1731804270.5103796;/app/bags/user95_2017-02-24.bag;0.834065854549408;0.0;0.9619645476341248;0.0;2.6795707480621864;0.44242944379134674;0.5575705562086533
1731804270.710419;/app/bags/user95_2017-02-24.bag;0.834065854549408;0.0;0.9619645476341248;0.0;2.6795707480621864;0.44242944379134674;0.5575705562086533
1731804270.9104624;/app/bags/user95_2017-02-24.bag;0.834065854549408;0.0;0.9619645476341248;0.0;2.6795707480621864;0.44242944379134674;0.5575705562086533
1731804271.1104136;/app/bags/user95_2017-02-24.bag;0.834065854549408;0.0;0.9619645476341248;0.0;2.6795707480621864;0.44242944379134674;0.5575705562086533
1731804271.3103974;/app/bags/user95_2017-02-24.bag;0.834065854549408;0.0;0.9619645476341248;0.0;2.6795707480621864;0.44242944379134674;0.5575705562086533
1731804271.5104063;/app/bags/user95_2017-02-24.bag;0.834065854549408;0.0;0.9619645476341248;0.0;2.6795707480621864;0.44242944379134674;0.5575705562086533
1731804271.7104053;/app/bags/user95_2017-02-24.bag;0.834065854549408;0.0;0.9619645476341248;0.0;2.6795707480621864;0.44242944379134674;0.5575705562086533
1731804271.9104116;/app/bags/user95_2017-02-24.bag;0.834065854549408;0.0;0.9619645476341248;0.0;2.6795707480621864;0.44242944379134674;0.5575705562086533
1731804272.110396;/app/bags/user95_2017-02-24.bag;0.834065854549408;0.0;0.9619645476341248;0.0;2.6795707480621864;0.44242944379134674;0.5575705562086533
1731804272.3103821;/app/bags/user95_2017-02-24.bag;0.834065854549408;0.0;0.9619645476341248;0.0;2.6795707480621864;0.44242944379134674;0.5575705562086533
1731804272.5103781;/app/bags/user95_2017-02-24.bag;0.834065854549408;0.0;0.9619645476341248;0.0;2.6795707480621864;0.44242944379134674;0.5575705562086533
1731804272.710387;/app/bags/user95_2017-02-24.bag;0.834065854549408;0.0;0.9619645476341248;0.0;2.6795707480621864;0.44242944379134674;0.5575705562086533
1731804272.9103725;/app/bags/user95_2017-02-24.bag;0.834065854549408;0.0;0.9619645476341248;0.0;2.6795707480621864;0.44242944379134674;0.5575705562086533
1731804273.1103704;/app/bags/user95_2017-02-24.bag;0.834065854549408;0.0;0.9619645476341248;0.0;2.6795707480621864;0.44242944379134674;0.5575705562086533
1731804273.3103855;/app/bags/user95_2017-02-24.bag;0.834065854549408;0.0;0.9619645476341248;0.0;2.6795707480621864;0.44242944379134674;0.5575705562086533
1731804273.5104017;/app/bags/user95_2017-02-24.bag;0.834065854549408;0.0;0.9619645476341248;0.0;2.6795707480621864;0.44242944379134674;0.5575705562086533
1731804273.7103863;/app/bags/user95_2017-02-24.bag;0.834065854549408;0.0;0.9619645476341248;0.0;2.6795707480621864;0.44242944379134674;0.5575705562086533
1731804273.910426;/app/bags/user95_2017-02-24.bag;0.834065854549408;0.0;0.9619645476341248;0.0;2.6795707480621864;0.44242944379134674;0.5575705562086533
1731804274.1103964;/app/bags/user95_2017-02-24.bag;0.834065854549408;0.0;0.9619645476341248;0.0;2.6795707480621864;0.44242944379134674;0.5575705562086533
1731804274.3103652;/app/bags/user95_2017-02-24.bag;0.834065854549408;0.0;0.9619645476341248;0.0;2.6795707480621864;0.44242944379134674;0.5575705562086533
1731804274.5103462;/app/bags/user95_2017-02-24.bag;0.834065854549408;0.0;0.9619645476341248;0.0;2.6795707480621864;0.44242944379134674;0.5575705562086533
1731804274.7103553;/app/bags/user95_2017-02-24.bag;0.834065854549408;0.0;0.9619645476341248;0.0;2.6795707480621864;0.44242944379134674;0.5575705562086533
1731804274.9104018;/app/bags/user95_2017-02-24.bag;0.834065854549408;0.0;0.9619645476341248;0.0;2.6795707480621864;0.44242944379134674;0.5575705562086533
1731804275.11036;/app/bags/user95_2017-02-24.bag;0.834065854549408;0.0;0.9619645476341248;0.0;2.6795707480621864;0.44242944379134674;0.5575705562086533
1731804275.3103929;/app/bags/user95_2017-02-24.bag;0.834065854549408;0.0;0.9619645476341248;0.0;2.6795707480621864;0.44242944379134674;0.5575705562086533
1731804275.5104253;/app/bags/user95_2017-02-24.bag;0.834065854549408;0.0;0.9619645476341248;0.0;2.6795707480621864;0.44242944379134674;0.5575705562086533
1731804275.710398;/app/bags/user95_2017-02-24.bag;0.834065854549408;0.0;0.9619645476341248;0.0;2.6795707480621864;0.44242944379134674;0.5575705562086533
1731804275.910377;/app/bags/user95_2017-02-24.bag;0.834065854549408;0.0;0.9619645476341248;0.0;2.6795707480621864;0.44242944379134674;0.5575705562086533
1731804276.110368;/app/bags/user95_2017-02-24.bag;0.834065854549408;0.0;0.9619645476341248;0.0;2.6795707480621864;0.44242944379134674;0.5575705562086533
1731804276.310437;/app/bags/user95_2017-02-24.bag;0.834065854549408;0.0;0.9619645476341248;0.0;2.6795707480621864;0.44242944379134674;0.5575705562086533
1731804276.5103931;/app/bags/user95_2017-02-24.bag;0.834065854549408;0.0;0.9619645476341248;0.0;2.6795707480621864;0.44242944379134674;0.5575705562086533
1731804276.7104163;/app/bags/user95_2017-02-24.bag;0.834065854549408;0.0;0.9619645476341248;0.0;2.6795707480621864;0.44242944379134674;0.5575705562086533
1731804276.9104278;/app/bags/user95_2017-02-24.bag;0.834065854549408;0.0;0.9619645476341248;0.0;2.6795707480621864;0.44242944379134674;0.5575705562086533
1731804277.1104512;/app/bags/user95_2017-02-24.bag;0.834065854549408;0.0;0.9619645476341248;0.0;2.6795707480621864;0.44242944379134674;0.5575705562086533
1731804277.3104403;/app/bags/user95_2017-02-24.bag;0.834065854549408;0.0;0.9619645476341248;0.0;2.6795707480621864;0.44242944379134674;0.5575705562086533
1731804277.51045;/app/bags/user95_2017-02-24.bag;0.834065854549408;0.0;0.9619645476341248;0.0;2.6795707480621864;0.44242944379134674;0.5575705562086533
1731804277.7103794;/app/bags/user95_2017-02-24.bag;0.834065854549408;0.0;0.9619645476341248;0.0;2.6795707480621864;0.44242944379134674;0.5575705562086533
1731804277.9104564;/app/bags/user95_2017-02-24.bag;0.834065854549408;0.0;0.9619645476341248;0.0;2.6795707480621864;0.44242944379134674;0.5575705562086533
1731804278.1104136;/app/bags/user95_2017-02-24.bag;0.834065854549408;0.0;0.9619645476341248;0.0;2.6795707480621864;0.44242944379134674;0.5575705562086533
1731804278.3103898;/app/bags/user95_2017-02-24.bag;0.834065854549408;0.0;0.9619645476341248;0.0;2.6795707480621864;0.44242944379134674;0.5575705562086533
1731804278.5104134;/app/bags/user95_2017-02-24.bag;0.834065854549408;0.0;0.9619645476341248;0.0;2.6795707480621864;0.44242944379134674;0.5575705562086533
1731804278.7105417;/app/bags/user95_2017-02-24.bag;0.834065854549408;0.0;0.9619645476341248;0.0;2.6795707480621864;0.44242944379134674;0.5575705562086533
1731804278.910392;/app/bags/user95_2017-02-24.bag;0.834065854549408;0.0;0.9619645476341248;0.0;2.6795707480621864;0.44242944379134674;0.5575705562086533
1731804279.1103752;/app/bags/user95_2017-02-24.bag;0.834065854549408;0.0;0.9619645476341248;0.0;2.6795707480621864;0.44242944379134674;0.5575705562086533
1731804279.3104181;/app/bags/user95_2017-02-24.bag;0.834065854549408;0.0;0.9619645476341248;0.0;2.6795707480621864;0.44242944379134674;0.5575705562086533
1731804279.5103776;/app/bags/user95_2017-02-24.bag;0.834065854549408;0.0;0.9619645476341248;0.0;2.6795707480621864;0.44242944379134674;0.5575705562086533
1731804279.7104237;/app/bags/user95_2017-02-24.bag;0.834065854549408;0.0;0.9619645476341248;0.0;2.6795707480621864;0.44242944379134674;0.5575705562086533
1731804279.910422;/app/bags/user95_2017-02-24.bag;0.834065854549408;0.0;0.9619645476341248;0.0;2.6795707480621864;0.44242944379134674;0.5575705562086533
1731804280.1103747;/app/bags/user95_2017-02-24.bag;0.834065854549408;0.0;0.9619645476341248;0.0;2.6795707480621864;0.44242944379134674;0.5575705562086533
1731804280.3104024;/app/bags/user95_2017-02-24.bag;0.834065854549408;0.0;0.9619645476341248;0.0;2.6795707480621864;0.44242944379134674;0.5575705562086533
1731804280.510461;/app/bags/user95_2017-02-24.bag;0.834065854549408;0.0;0.9619645476341248;0.0;2.6795707480621864;0.44242944379134674;0.5575705562086533
1731804280.7104065;/app/bags/user95_2017-02-24.bag;0.834065854549408;0.0;0.9619645476341248;0.0;2.6795707480621864;0.44242944379134674;0.5575705562086533
1731804280.9103978;/app/bags/user95_2017-02-24.bag;0.834065854549408;0.0;0.9619645476341248;0.0;2.6795707480621864;0.44242944379134674;0.5575705562086533
1731804281.110473;/app/bags/user95_2017-02-24.bag;0.834065854549408;0.0;0.9619645476341248;0.0;2.6795707480621864;0.44242944379134674;0.5575705562086533
1731804281.3104908;/app/bags/user95_2017-02-24.bag;0.834065854549408;0.0;0.9619645476341248;0.0;2.6795707480621864;0.44242944379134674;0.5575705562086533
1731804281.5104;/app/bags/user95_2017-02-24.bag;0.834065854549408;0.0;0.9619645476341248;0.0;2.6795707480621864;0.44242944379134674;0.5575705562086533
1731804281.710405;/app/bags/user95_2017-02-24.bag;0.834065854549408;0.0;0.9619645476341248;0.0;2.6795707480621864;0.44242944379134674;0.5575705562086533
1731804281.9104106;/app/bags/user95_2017-02-24.bag;0.834065854549408;0.0;0.9619645476341248;0.0;2.6795707480621864;0.44242944379134674;0.5575705562086533
1731804282.1104019;/app/bags/user95_2017-02-24.bag;0.834065854549408;0.0;0.9619645476341248;0.0;2.6795707480621864;0.44242944379134674;0.5575705562086533
1731804282.3103936;/app/bags/user95_2017-02-24.bag;0.834065854549408;0.0;0.9619645476341248;0.0;2.6795707480621864;0.44242944379134674;0.5575705562086533
1731804282.5104108;/app/bags/user95_2017-02-24.bag;0.834065854549408;0.0;0.9619645476341248;0.0;2.6795707480621864;0.44242944379134674;0.5575705562086533
1731804282.7104003;/app/bags/user95_2017-02-24.bag;0.834065854549408;0.0;0.9619645476341248;0.0;2.6795707480621864;0.44242944379134674;0.5575705562086533
1731804282.9103677;/app/bags/user95_2017-02-24.bag;0.834065854549408;0.0;0.9619645476341248;0.0;2.6795707480621864;0.44242944379134674;0.5575705562086533
1731804283.11039;/app/bags/user95_2017-02-24.bag;0.834065854549408;0.0;0.9619645476341248;0.0;2.6795707480621864;0.44242944379134674;0.5575705562086533
1731804283.3103971;/app/bags/user95_2017-02-24.bag;0.834065854549408;0.0;0.9619645476341248;0.0;2.6795707480621864;0.44242944379134674;0.5575705562086533
1731804283.5103858;/app/bags/user95_2017-02-24.bag;0.834065854549408;0.0;0.9619645476341248;0.0;2.6795707480621864;0.44242944379134674;0.5575705562086533
1731804283.710443;/app/bags/user95_2017-02-24.bag;0.834065854549408;0.0;0.9619645476341248;0.0;2.6795707480621864;0.44242944379134674;0.5575705562086533
1731804283.910379;/app/bags/user95_2017-02-24.bag;0.834065854549408;0.0;0.9619645476341248;0.0;2.6795707480621864;0.44242944379134674;0.5575705562086533
1731804284.110404;/app/bags/user95_2017-02-24.bag;0.834065854549408;0.0;0.9619645476341248;0.0;2.6795707480621864;0.44242944379134674;0.5575705562086533
1731804284.310439;/app/bags/user95_2017-02-24.bag;0.834065854549408;0.0;0.9619645476341248;0.0;2.6795707480621864;0.44242944379134674;0.5575705562086533
1731804284.5104687;/app/bags/user95_2017-02-24.bag;0.834065854549408;0.0;0.9619645476341248;0.0;2.6795707480621864;0.44242944379134674;0.5575705562086533
1731804284.710414;/app/bags/user95_2017-02-24.bag;0.834065854549408;0.0;0.9619645476341248;0.0;2.6795707480621864;0.44242944379134674;0.5575705562086533
1731804284.9104192;/app/bags/user95_2017-02-24.bag;0.834065854549408;0.0;0.9619645476341248;0.0;2.6795707480621864;0.44242944379134674;0.5575705562086533
1731804285.1104019;/app/bags/user95_2017-02-24.bag;0.834065854549408;0.0;0.9619645476341248;0.0;2.6795707480621864;0.44242944379134674;0.5575705562086533
1731804285.3104339;/app/bags/user95_2017-02-24.bag;0.834065854549408;0.0;0.9619645476341248;0.0;2.6795707480621864;0.44242944379134674;0.5575705562086533
1731804285.5104525;/app/bags/user95_2017-02-24.bag;0.834065854549408;0.0;0.9619645476341248;0.0;2.6795707480621864;0.44242944379134674;0.5575705562086533
1731804285.7104073;/app/bags/user95_2017-02-24.bag;0.834065854549408;0.0;0.9619645476341248;0.0;2.6795707480621864;0.44242944379134674;0.5575705562086533
1731804285.9104517;/app/bags/user95_2017-02-24.bag;0.834065854549408;0.0;0.9619645476341248;0.0;2.6795707480621864;0.44242944379134674;0.5575705562086533
1731804286.1104481;/app/bags/user95_2017-02-24.bag;0.834065854549408;0.0;0.9619645476341248;0.0;2.6795707480621864;0.44242944379134674;0.5575705562086533
1731804286.3104308;/app/bags/user95_2017-02-24.bag;0.834065854549408;0.0;0.9619645476341248;0.0;2.6795707480621864;0.44242944379134674;0.5575705562086533
1731804286.5104034;/app/bags/user95_2017-02-24.bag;0.834065854549408;0.0;0.9619645476341248;0.0;2.6795707480621864;0.44242944379134674;0.5575705562086533
1731804286.710415;/app/bags/user95_2017-02-24.bag;0.834065854549408;0.0;0.9619645476341248;0.0;2.6795707480621864;0.44242944379134674;0.5575705562086533
1731804286.9103947;/app/bags/user95_2017-02-24.bag;0.834065854549408;0.0;0.9619645476341248;0.0;2.6795707480621864;0.44242944379134674;0.5575705562086533
1731804287.110383;/app/bags/user95_2017-02-24.bag;0.834065854549408;0.0;0.9619645476341248;0.0;2.6795707480621864;0.44242944379134674;0.5575705562086533
1731804287.3105726;/app/bags/user95_2017-02-24.bag;0.834065854549408;0.0;0.9619645476341248;0.0;2.6795707480621864;0.44242944379134674;0.5575705562086533
1731804287.5104103;/app/bags/user95_2017-02-24.bag;0.834065854549408;0.0;0.9619645476341248;0.0;2.6795707480621864;0.44242944379134674;0.5575705562086533
1731804287.710363;/app/bags/user95_2017-02-24.bag;0.834065854549408;0.0;0.9619645476341248;0.0;2.6795707480621864;0.44242944379134674;0.5575705562086533
1731804287.9103847;/app/bags/user95_2017-02-24.bag;0.834065854549408;0.0;0.9619645476341248;0.0;2.6795707480621864;0.44242944379134674;0.5575705562086533
1731804288.1105165;/app/bags/user95_2017-02-24.bag;0.834065854549408;0.0;0.9619645476341248;0.0;2.6795707480621864;0.44242944379134674;0.5575705562086533
1731804288.3103442;/app/bags/user95_2017-02-24.bag;0.834065854549408;0.0;0.9619645476341248;0.0;2.6795707480621864;0.44242944379134674;0.5575705562086533
1731804288.510462;/app/bags/user95_2017-02-24.bag;0.834065854549408;0.0;0.9619645476341248;0.0;2.6795707480621864;0.44242944379134674;0.5575705562086533
1731804288.7104237;/app/bags/user95_2017-02-24.bag;0.834065854549408;0.0;0.9619645476341248;0.0;2.6795707480621864;0.44242944379134674;0.5575705562086533
1731804288.9104242;/app/bags/user95_2017-02-24.bag;0.834065854549408;0.0;0.9619645476341248;0.0;2.6795707480621864;0.44242944379134674;0.5575705562086533
1731804289.110389;/app/bags/user95_2017-02-24.bag;0.834065854549408;0.0;0.9619645476341248;0.0;2.6795707480621864;0.44242944379134674;0.5575705562086533
1731804289.310358;/app/bags/user95_2017-02-24.bag;0.834065854549408;0.0;0.9619645476341248;0.0;2.6795707480621864;0.44242944379134674;0.5575705562086533
1731804289.510408;/app/bags/user95_2017-02-24.bag;0.834065854549408;0.0;0.9619645476341248;0.0;2.6795707480621864;0.44242944379134674;0.5575705562086533
1731804289.7104332;/app/bags/user95_2017-02-24.bag;0.834065854549408;0.0;0.9619645476341248;0.0;2.6795707480621864;0.44242944379134674;0.5575705562086533
1731804289.9103968;/app/bags/user95_2017-02-24.bag;0.834065854549408;0.0;0.9619645476341248;0.0;2.6795707480621864;0.44242944379134674;0.5575705562086533
1731804290.110456;/app/bags/user95_2017-02-24.bag;0.834065854549408;0.0;0.9619645476341248;0.0;2.6795707480621864;0.44242944379134674;0.5575705562086533
1731804290.310382;/app/bags/user95_2017-02-24.bag;0.834065854549408;0.0;0.9619645476341248;0.0;2.6795707480621864;0.44242944379134674;0.5575705562086533
1731804290.510403;/app/bags/user95_2017-02-24.bag;0.834065854549408;0.0;0.9619645476341248;0.0;2.6795707480621864;0.44242944379134674;0.5575705562086533
1731804290.7104416;/app/bags/user95_2017-02-24.bag;0.834065854549408;0.0;0.9619645476341248;0.0;2.6795707480621864;0.44242944379134674;0.5575705562086533
1731804290.9104197;/app/bags/user95_2017-02-24.bag;0.834065854549408;0.0;0.9619645476341248;0.0;2.6795707480621864;0.44242944379134674;0.5575705562086533
1731804291.1103826;/app/bags/user95_2017-02-24.bag;0.834065854549408;0.0;0.9619645476341248;0.0;2.6795707480621864;0.44242944379134674;0.5575705562086533
1731804291.3104062;/app/bags/user95_2017-02-24.bag;0.834065854549408;0.0;0.9619645476341248;0.0;2.6795707480621864;0.44242944379134674;0.5575705562086533
1731804291.510391;/app/bags/user95_2017-02-24.bag;0.834065854549408;0.0;0.9619645476341248;0.0;2.6795707480621864;0.44242944379134674;0.5575705562086533
1731804291.7103784;/app/bags/user95_2017-02-24.bag;0.834065854549408;0.0;0.9619645476341248;0.0;2.6795707480621864;0.44242944379134674;0.5575705562086533
1731804291.9104555;/app/bags/user95_2017-02-24.bag;0.834065854549408;0.0;0.9619645476341248;0.0;2.6795707480621864;0.44242944379134674;0.5575705562086533
1731804292.1103652;/app/bags/user95_2017-02-24.bag;0.834065854549408;0.0;0.9619645476341248;0.0;2.6795707480621864;0.44242944379134674;0.5575705562086533
1731804292.3103836;/app/bags/user95_2017-02-24.bag;0.834065854549408;0.0;0.9619645476341248;0.0;2.6795707480621864;0.44242944379134674;0.5575705562086533
1731804292.5104346;/app/bags/user95_2017-02-24.bag;0.834065854549408;0.0;0.9619645476341248;0.0;2.6795707480621864;0.44242944379134674;0.5575705562086533
1731804292.710437;/app/bags/user95_2017-02-24.bag;0.834065854549408;0.0;0.9619645476341248;0.0;2.6795707480621864;0.44242944379134674;0.5575705562086533
1731804292.9104123;/app/bags/user95_2017-02-24.bag;0.834065854549408;0.0;0.9619645476341248;0.0;2.6795707480621864;0.44242944379134674;0.5575705562086533
1731804293.1103537;/app/bags/user95_2017-02-24.bag;0.834065854549408;0.0;0.9619645476341248;0.0;2.6795707480621864;0.44242944379134674;0.5575705562086533
1731804293.310371;/app/bags/user95_2017-02-24.bag;0.834065854549408;0.0;0.9619645476341248;0.0;2.6795707480621864;0.44242944379134674;0.5575705562086533
1731804293.5103705;/app/bags/user95_2017-02-24.bag;0.834065854549408;0.0;0.9619645476341248;0.0;2.6795707480621864;0.44242944379134674;0.5575705562086533
1731804293.7104294;/app/bags/user95_2017-02-24.bag;0.834065854549408;0.0;0.9619645476341248;0.0;2.6795707480621864;0.44242944379134674;0.5575705562086533
1731804293.910381;/app/bags/user95_2017-02-24.bag;0.834065854549408;0.0;0.9619645476341248;0.0;2.6795707480621864;0.44242944379134674;0.5575705562086533
1731804294.1104023;/app/bags/user95_2017-02-24.bag;0.834065854549408;0.0;0.9619645476341248;0.0;2.6795707480621864;0.44242944379134674;0.5575705562086533
1731804294.310441;/app/bags/user95_2017-02-24.bag;0.834065854549408;0.0;0.9619645476341248;0.0;2.6795707480621864;0.44242944379134674;0.5575705562086533
1731804294.5103927;/app/bags/user95_2017-02-24.bag;0.834065854549408;0.0;0.9619645476341248;0.0;2.6795707480621864;0.44242944379134674;0.5575705562086533
1731804294.7104752;/app/bags/user95_2017-02-24.bag;0.834065854549408;0.0;0.9619645476341248;0.0;2.6795707480621864;0.44242944379134674;0.5575705562086533
1731804294.910388;/app/bags/user95_2017-02-24.bag;0.834065854549408;0.0;0.9619645476341248;0.0;2.6795707480621864;0.44242944379134674;0.5575705562086533
1731804295.1104183;/app/bags/user95_2017-02-24.bag;0.834065854549408;0.0;0.9619645476341248;0.0;2.6795707480621864;0.44242944379134674;0.5575705562086533
1731804295.3104012;/app/bags/user95_2017-02-24.bag;0.834065854549408;0.0;0.9619645476341248;0.0;2.6795707480621864;0.44242944379134674;0.5575705562086533
1731804295.5103605;/app/bags/user95_2017-02-24.bag;0.834065854549408;0.0;0.9619645476341248;0.0;2.6795707480621864;0.44242944379134674;0.5575705562086533
1731804295.7104082;/app/bags/user95_2017-02-24.bag;0.834065854549408;0.0;0.9619645476341248;0.0;2.6795707480621864;0.44242944379134674;0.5575705562086533
1731804295.9104035;/app/bags/user95_2017-02-24.bag;0.834065854549408;0.0;0.9619645476341248;0.0;2.6795707480621864;0.44242944379134674;0.5575705562086533
1731804296.1103961;/app/bags/user95_2017-02-24.bag;0.834065854549408;0.0;0.9619645476341248;0.0;2.6795707480621864;0.44242944379134674;0.5575705562086533
1731804296.3104815;/app/bags/user95_2017-02-24.bag;0.834065854549408;0.0;0.9619645476341248;0.0;2.6795707480621864;0.44242944379134674;0.5575705562086533
1731804296.5103655;/app/bags/user95_2017-02-24.bag;0.834065854549408;0.0;0.9619645476341248;0.0;2.6795707480621864;0.44242944379134674;0.5575705562086533
1731804296.7104003;/app/bags/user95_2017-02-24.bag;0.834065854549408;0.0;0.9619645476341248;0.0;2.6795707480621864;0.44242944379134674;0.5575705562086533
1731804296.9103956;/app/bags/user95_2017-02-24.bag;0.834065854549408;0.0;0.9619645476341248;0.0;2.6795707480621864;0.44242944379134674;0.5575705562086533
1731804297.1104486;/app/bags/user95_2017-02-24.bag;0.834065854549408;0.0;0.9619645476341248;0.0;2.6795707480621864;0.44242944379134674;0.5575705562086533
1731804297.3103924;/app/bags/user95_2017-02-24.bag;0.834065854549408;0.0;0.9619645476341248;0.0;2.6795707480621864;0.44242944379134674;0.5575705562086533
1731804297.5104196;/app/bags/user95_2017-02-24.bag;0.834065854549408;0.0;0.9619645476341248;0.0;2.6795707480621864;0.44242944379134674;0.5575705562086533
1731804297.710399;/app/bags/user95_2017-02-24.bag;0.834065854549408;0.0;0.9619645476341248;0.0;2.6795707480621864;0.44242944379134674;0.5575705562086533
1731804297.9104006;/app/bags/user95_2017-02-24.bag;0.834065854549408;0.0;0.9619645476341248;0.0;2.6795707480621864;0.44242944379134674;0.5575705562086533
1731804298.1104407;/app/bags/user95_2017-02-24.bag;0.834065854549408;0.0;0.9619645476341248;0.0;2.6795707480621864;0.44242944379134674;0.5575705562086533
1731804298.3103902;/app/bags/user95_2017-02-24.bag;0.834065854549408;0.0;0.9619645476341248;0.0;2.6795707480621864;0.44242944379134674;0.5575705562086533
1731804298.5103736;/app/bags/user95_2017-02-24.bag;0.834065854549408;0.0;0.9619645476341248;0.0;2.6795707480621864;0.44242944379134674;0.5575705562086533
1731804298.7104907;/app/bags/user95_2017-02-24.bag;0.834065854549408;0.0;0.9619645476341248;0.0;2.6795707480621864;0.44242944379134674;0.5575705562086533
1731804298.9104218;/app/bags/user95_2017-02-24.bag;0.834065854549408;0.0;0.9619645476341248;0.0;2.6795707480621864;0.44242944379134674;0.5575705562086533
1731804299.110404;/app/bags/user95_2017-02-24.bag;0.834065854549408;0.0;0.9619645476341248;0.0;2.6795707480621864;0.44242944379134674;0.5575705562086533
1731804299.3104498;/app/bags/user95_2017-02-24.bag;0.834065854549408;0.0;0.9619645476341248;0.0;2.6795707480621864;0.44242944379134674;0.5575705562086533
1731804299.5104728;/app/bags/user95_2017-02-24.bag;0.834065854549408;0.0;0.9619645476341248;0.0;2.6795707480621864;0.44242944379134674;0.5575705562086533
1731804299.7103746;/app/bags/user95_2017-02-24.bag;0.834065854549408;0.0;0.9619645476341248;0.0;2.6795707480621864;0.44242944379134674;0.5575705562086533
1731804299.9104104;/app/bags/user95_2017-02-24.bag;0.834065854549408;0.0;0.9619645476341248;0.0;2.6795707480621864;0.44242944379134674;0.5575705562086533
1731804300.1103816;/app/bags/user95_2017-02-24.bag;0.834065854549408;0.0;0.9619645476341248;0.0;2.6795707480621864;0.44242944379134674;0.5575705562086533
1731804300.3105533;/app/bags/user95_2017-02-24.bag;0.834065854549408;0.0;0.9619645476341248;0.0;2.6795707480621864;0.44242944379134674;0.5575705562086533
1731804300.5104396;/app/bags/user95_2017-02-24.bag;0.834065854549408;0.0;0.9619645476341248;0.0;2.6795707480621864;0.44242944379134674;0.5575705562086533
1731804300.710406;/app/bags/user95_2017-02-24.bag;0.834065854549408;0.0;0.9619645476341248;0.0;2.6795707480621864;0.44242944379134674;0.5575705562086533
1731804300.91038;/app/bags/user95_2017-02-24.bag;0.834065854549408;0.0;0.9619645476341248;0.0;2.6795707480621864;0.44242944379134674;0.5575705562086533
1731804301.1104283;/app/bags/user95_2017-02-24.bag;0.834065854549408;0.0;0.9619645476341248;0.0;2.6795707480621864;0.44242944379134674;0.5575705562086533
1731804301.3103843;/app/bags/user95_2017-02-24.bag;0.834065854549408;0.0;0.9619645476341248;0.0;2.6795707480621864;0.44242944379134674;0.5575705562086533
1731804301.5103824;/app/bags/user95_2017-02-24.bag;0.834065854549408;0.0;0.9619645476341248;0.0;2.6795707480621864;0.44242944379134674;0.5575705562086533
1731804301.7103667;/app/bags/user95_2017-02-24.bag;0.834065854549408;0.0;0.9619645476341248;0.0;2.6795707480621864;0.44242944379134674;0.5575705562086533
1731804301.9103808;/app/bags/user95_2017-02-24.bag;0.834065854549408;0.0;0.9619645476341248;0.0;2.6795707480621864;0.44242944379134674;0.5575705562086533
1731804302.110416;/app/bags/user95_2017-02-24.bag;0.834065854549408;0.0;0.9619645476341248;0.0;2.6795707480621864;0.44242944379134674;0.5575705562086533
1731804302.3103797;/app/bags/user95_2017-02-24.bag;0.834065854549408;0.0;0.9619645476341248;0.0;2.6795707480621864;0.44242944379134674;0.5575705562086533
1731804302.5103807;/app/bags/user95_2017-02-24.bag;0.834065854549408;0.0;0.9619645476341248;0.0;2.6795707480621864;0.44242944379134674;0.5575705562086533
1731804302.7103896;/app/bags/user95_2017-02-24.bag;0.834065854549408;0.0;0.9619645476341248;0.0;2.6795707480621864;0.44242944379134674;0.5575705562086533
1731804302.9103744;/app/bags/user95_2017-02-24.bag;0.834065854549408;0.0;0.9619645476341248;0.0;2.6795707480621864;0.44242944379134674;0.5575705562086533
1731804303.110358;/app/bags/user95_2017-02-24.bag;0.834065854549408;0.0;0.9619645476341248;0.0;2.6795707480621864;0.44242944379134674;0.5575705562086533
1731804303.3104556;/app/bags/user95_2017-02-24.bag;0.834065854549408;0.0;0.9619645476341248;0.0;2.6795707480621864;0.44242944379134674;0.5575705562086533
1731804303.5105152;/app/bags/user95_2017-02-24.bag;0.834065854549408;0.0;0.9619645476341248;0.0;2.6795707480621864;0.44242944379134674;0.5575705562086533
1731804303.7104464;/app/bags/user95_2017-02-24.bag;0.834065854549408;0.0;0.9619645476341248;0.0;2.6795707480621864;0.44242944379134674;0.5575705562086533
1731804303.9104922;/app/bags/user95_2017-02-24.bag;0.834065854549408;0.0;0.9619645476341248;0.0;2.6795707480621864;0.44242944379134674;0.5575705562086533
1731804304.1104195;/app/bags/user95_2017-02-24.bag;0.834065854549408;0.0;0.9619645476341248;0.0;2.6795707480621864;0.44242944379134674;0.5575705562086533
1731804304.310384;/app/bags/user95_2017-02-24.bag;0.834065854549408;0.0;0.9619645476341248;0.0;2.6795707480621864;0.44242944379134674;0.5575705562086533
1731804304.5103898;/app/bags/user95_2017-02-24.bag;0.834065854549408;0.0;0.9619645476341248;0.0;2.6795707480621864;0.44242944379134674;0.5575705562086533
1731804304.7104197;/app/bags/user95_2017-02-24.bag;0.834065854549408;0.0;0.9619645476341248;0.0;2.6795707480621864;0.44242944379134674;0.5575705562086533
1731804304.9104114;/app/bags/user95_2017-02-24.bag;0.834065854549408;0.0;0.9619645476341248;0.0;2.6795707480621864;0.44242944379134674;0.5575705562086533
1731804305.1103668;/app/bags/user95_2017-02-24.bag;0.834065854549408;0.0;0.9619645476341248;0.0;2.6795707480621864;0.44242944379134674;0.5575705562086533
1731804305.310503;/app/bags/user95_2017-02-24.bag;0.834065854549408;0.0;0.9619645476341248;0.0;2.6795707480621864;0.44242944379134674;0.5575705562086533
1731804305.5104022;/app/bags/user95_2017-02-24.bag;0.834065854549408;0.0;0.9619645476341248;0.0;2.6795707480621864;0.44242944379134674;0.5575705562086533
1731804305.7104764;/app/bags/user95_2017-02-24.bag;0.834065854549408;0.0;0.9619645476341248;0.0;2.6795707480621864;0.44242944379134674;0.5575705562086533
1731804305.9104123;/app/bags/user95_2017-02-24.bag;0.834065854549408;0.0;0.9619645476341248;0.0;2.6795707480621864;0.44242944379134674;0.5575705562086533
1731804306.1104627;/app/bags/user95_2017-02-24.bag;0.834065854549408;0.0;0.9619645476341248;0.0;2.6795707480621864;0.44242944379134674;0.5575705562086533
1731804306.310417;/app/bags/user95_2017-02-24.bag;0.834065854549408;0.0;0.9619645476341248;0.0;2.6795707480621864;0.44242944379134674;0.5575705562086533
1731804306.5104048;/app/bags/user95_2017-02-24.bag;0.834065854549408;0.0;0.9619645476341248;0.0;2.6795707480621864;0.44242944379134674;0.5575705562086533
1731804306.7103875;/app/bags/user95_2017-02-24.bag;0.834065854549408;0.0;0.9619645476341248;0.0;2.6795707480621864;0.44242944379134674;0.5575705562086533
1731804306.910424;/app/bags/user95_2017-02-24.bag;0.834065854549408;0.0;0.9619645476341248;0.0;2.6795707480621864;0.44242944379134674;0.5575705562086533
1731804307.110393;/app/bags/user95_2017-02-24.bag;0.834065854549408;0.0;0.9619645476341248;0.0;2.6795707480621864;0.44242944379134674;0.5575705562086533
1731804307.310417;/app/bags/user95_2017-02-24.bag;0.834065854549408;0.0;0.9619645476341248;0.0;2.6795707480621864;0.44242944379134674;0.5575705562086533
1731804307.5104012;/app/bags/user95_2017-02-24.bag;0.834065854549408;0.0;0.9619645476341248;0.0;2.6795707480621864;0.44242944379134674;0.5575705562086533
1731804307.7104266;/app/bags/user95_2017-02-24.bag;0.834065854549408;0.0;0.9619645476341248;0.0;2.6795707480621864;0.44242944379134674;0.5575705562086533
1731804307.9103594;/app/bags/user95_2017-02-24.bag;0.834065854549408;0.0;0.9619645476341248;0.0;2.6795707480621864;0.44242944379134674;0.5575705562086533
1731804308.110438;/app/bags/user95_2017-02-24.bag;0.834065854549408;0.0;0.9619645476341248;0.0;2.6795707480621864;0.44242944379134674;0.5575705562086533
1731804308.3103838;/app/bags/user95_2017-02-24.bag;0.834065854549408;0.0;0.9619645476341248;0.0;2.6795707480621864;0.44242944379134674;0.5575705562086533
1731804308.510401;/app/bags/user95_2017-02-24.bag;0.834065854549408;0.0;0.9619645476341248;0.0;2.6795707480621864;0.44242944379134674;0.5575705562086533
1731804308.7104886;/app/bags/user95_2017-02-24.bag;0.834065854549408;0.0;0.9619645476341248;0.0;2.6795707480621864;0.44242944379134674;0.5575705562086533
1731804308.9105067;/app/bags/user95_2017-02-24.bag;0.834065854549408;0.0;0.9619645476341248;0.0;2.6795707480621864;0.44242944379134674;0.5575705562086533
1731804309.110545;/app/bags/user95_2017-02-24.bag;0.834065854549408;0.0;0.9619645476341248;0.0;2.6795707480621864;0.44242944379134674;0.5575705562086533
1731804309.310416;/app/bags/user95_2017-02-24.bag;0.834065854549408;0.0;0.9619645476341248;0.0;2.6795707480621864;0.44242944379134674;0.5575705562086533
1731804309.5104625;/app/bags/user95_2017-02-24.bag;0.834065854549408;0.0;0.9619645476341248;0.0;2.6795707480621864;0.44242944379134674;0.5575705562086533
1731804309.7103913;/app/bags/user95_2017-02-24.bag;0.834065854549408;0.0;0.9619645476341248;0.0;2.6795707480621864;0.44242944379134674;0.5575705562086533
1731804309.9103732;/app/bags/user95_2017-02-24.bag;0.834065854549408;0.0;0.9619645476341248;0.0;2.6795707480621864;0.44242944379134674;0.5575705562086533
1731804310.1103964;/app/bags/user95_2017-02-24.bag;0.834065854549408;0.0;0.9619645476341248;0.0;2.6795707480621864;0.44242944379134674;0.5575705562086533
1731804310.310424;/app/bags/user95_2017-02-24.bag;0.834065854549408;0.0;0.9619645476341248;0.0;2.6795707480621864;0.44242944379134674;0.5575705562086533
1731804310.5103736;/app/bags/user95_2017-02-24.bag;0.834065854549408;0.0;0.9619645476341248;0.0;2.6795707480621864;0.44242944379134674;0.5575705562086533
1731804310.7104146;/app/bags/user95_2017-02-24.bag;0.834065854549408;0.0;0.9619645476341248;0.0;2.6795707480621864;0.44242944379134674;0.5575705562086533
1731804310.9103756;/app/bags/user95_2017-02-24.bag;0.834065854549408;0.0;0.9619645476341248;0.0;2.6795707480621864;0.44242944379134674;0.5575705562086533
1731804311.110379;/app/bags/user95_2017-02-24.bag;0.834065854549408;0.0;0.9619645476341248;0.0;2.6795707480621864;0.44242944379134674;0.5575705562086533
1731804311.3104882;/app/bags/user95_2017-02-24.bag;0.834065854549408;0.0;0.9619645476341248;0.0;2.6795707480621864;0.44242944379134674;0.5575705562086533
1731804311.5104132;/app/bags/user95_2017-02-24.bag;0.834065854549408;0.0;0.9619645476341248;0.0;2.6795707480621864;0.44242944379134674;0.5575705562086533
1731804311.7105014;/app/bags/user95_2017-02-24.bag;0.834065854549408;0.0;0.9619645476341248;0.0;2.6795707480621864;0.44242944379134674;0.5575705562086533
1731804311.9103532;/app/bags/user95_2017-02-24.bag;0.834065854549408;0.0;0.9619645476341248;0.0;2.6795707480621864;0.44242944379134674;0.5575705562086533
1731804312.1103477;/app/bags/user95_2017-02-24.bag;0.834065854549408;0.0;0.9619645476341248;0.0;2.6795707480621864;0.44242944379134674;0.5575705562086533
1731804312.3105133;/app/bags/user95_2017-02-24.bag;0.834065854549408;0.0;0.9619645476341248;0.0;2.6795707480621864;0.44242944379134674;0.5575705562086533
1731804312.510375;/app/bags/user95_2017-02-24.bag;0.834065854549408;0.0;0.9619645476341248;0.0;2.6795707480621864;0.44242944379134674;0.5575705562086533
1731804312.7103732;/app/bags/user95_2017-02-24.bag;0.834065854549408;0.0;0.9619645476341248;0.0;2.6795707480621864;0.44242944379134674;0.5575705562086533
1731804312.9103565;/app/bags/user95_2017-02-24.bag;0.834065854549408;0.0;0.9619645476341248;0.0;2.6795707480621864;0.44242944379134674;0.5575705562086533
1731804313.110413;/app/bags/user95_2017-02-24.bag;0.834065854549408;0.0;0.9619645476341248;0.0;2.6795707480621864;0.44242944379134674;0.5575705562086533
1731804313.310347;/app/bags/user95_2017-02-24.bag;0.834065854549408;0.0;0.9619645476341248;0.0;2.6795707480621864;0.44242944379134674;0.5575705562086533
1731804313.51039;/app/bags/user95_2017-02-24.bag;0.834065854549408;0.0;0.9619645476341248;0.0;2.6795707480621864;0.44242944379134674;0.5575705562086533
1731804313.7104285;/app/bags/user95_2017-02-24.bag;0.834065854549408;0.0;0.9619645476341248;0.0;2.6795707480621864;0.44242944379134674;0.5575705562086533
1731804313.9104435;/app/bags/user95_2017-02-24.bag;0.834065854549408;0.0;0.9619645476341248;0.0;2.6795707480621864;0.44242944379134674;0.5575705562086533
1731804314.1104388;/app/bags/user95_2017-02-24.bag;0.834065854549408;0.0;0.9619645476341248;0.0;2.6795707480621864;0.44242944379134674;0.5575705562086533
1731804314.310476;/app/bags/user95_2017-02-24.bag;0.834065854549408;0.0;0.9619645476341248;0.0;2.6795707480621864;0.44242944379134674;0.5575705562086533
1731804314.5103657;/app/bags/user95_2017-02-24.bag;0.834065854549408;0.0;0.9619645476341248;0.0;2.6795707480621864;0.44242944379134674;0.5575705562086533
1731804314.7103808;/app/bags/user95_2017-02-24.bag;0.834065854549408;0.0;0.9619645476341248;0.0;2.6795707480621864;0.44242944379134674;0.5575705562086533
1731804314.9103677;/app/bags/user95_2017-02-24.bag;0.834065854549408;0.0;0.9619645476341248;0.0;2.6795707480621864;0.44242944379134674;0.5575705562086533
1731804315.110428;/app/bags/user95_2017-02-24.bag;0.834065854549408;0.0;0.9619645476341248;0.0;2.6795707480621864;0.44242944379134674;0.5575705562086533
1731804315.3104181;/app/bags/user95_2017-02-24.bag;0.834065854549408;0.0;0.9619645476341248;0.0;2.6795707480621864;0.44242944379134674;0.5575705562086533
1731804315.51039;/app/bags/user95_2017-02-24.bag;0.834065854549408;0.0;0.9619645476341248;0.0;2.6795707480621864;0.44242944379134674;0.5575705562086533
1731804315.7103882;/app/bags/user95_2017-02-24.bag;0.834065854549408;0.0;0.9619645476341248;0.0;2.6795707480621864;0.44242944379134674;0.5575705562086533
1731804315.9104438;/app/bags/user95_2017-02-24.bag;0.834065854549408;0.0;0.9619645476341248;0.0;2.6795707480621864;0.44242944379134674;0.5575705562086533
1731804316.1103961;/app/bags/user95_2017-02-24.bag;0.834065854549408;0.0;0.9619645476341248;0.0;2.6795707480621864;0.44242944379134674;0.5575705562086533
1731804316.3103898;/app/bags/user95_2017-02-24.bag;0.834065854549408;0.0;0.9619645476341248;0.0;2.6795707480621864;0.44242944379134674;0.5575705562086533
1731804316.5104506;/app/bags/user95_2017-02-24.bag;0.834065854549408;0.0;0.9619645476341248;0.0;2.6795707480621864;0.44242944379134674;0.5575705562086533
1731804316.7104633;/app/bags/user95_2017-02-24.bag;0.834065854549408;0.0;0.9619645476341248;0.0;2.6795707480621864;0.44242944379134674;0.5575705562086533
1731804316.910392;/app/bags/user95_2017-02-24.bag;0.834065854549408;0.0;0.9619645476341248;0.0;2.6795707480621864;0.44242944379134674;0.5575705562086533
1731804317.1103723;/app/bags/user95_2017-02-24.bag;0.834065854549408;0.0;0.9619645476341248;0.0;2.6795707480621864;0.44242944379134674;0.5575705562086533
1731804317.310399;/app/bags/user95_2017-02-24.bag;0.834065854549408;0.0;0.9619645476341248;0.0;2.6795707480621864;0.44242944379134674;0.5575705562086533
1731804317.510364;/app/bags/user95_2017-02-24.bag;0.834065854549408;0.0;0.9619645476341248;0.0;2.6795707480621864;0.44242944379134674;0.5575705562086533
1731804317.7104313;/app/bags/user95_2017-02-24.bag;0.834065854549408;0.0;0.9619645476341248;0.0;2.6795707480621864;0.44242944379134674;0.5575705562086533
1731804317.9103746;/app/bags/user95_2017-02-24.bag;0.834065854549408;0.0;0.9619645476341248;0.0;2.6795707480621864;0.44242944379134674;0.5575705562086533
