timestamp;name;progress;eng_4;eng_1;grace_eng;prox_epsilon;prox_weight;gaze_weight
1730779518.1103916;/app/bags/user95_2017-02-24.bag;0.834065854549408;0.0;0.9619645476341248;0.0;2.403604411345348;0.40154782656644117;0.5984521734335588
1730779518.3103855;/app/bags/user95_2017-02-24.bag;0.834065854549408;0.0;0.9619645476341248;0.0;2.403604411345348;0.40154782656644117;0.5984521734335588
1730779518.510445;/app/bags/user95_2017-02-24.bag;0.834065854549408;0.0;0.9619645476341248;0.0;2.403604411345348;0.40154782656644117;0.5984521734335588
1730779518.7104404;/app/bags/user95_2017-02-24.bag;0.834065854549408;0.0;0.9619645476341248;0.0;2.403604411345348;0.40154782656644117;0.5984521734335588
1730779518.910358;/app/bags/user95_2017-02-24.bag;0.834065854549408;0.0;0.9619645476341248;0.0;2.403604411345348;0.40154782656644117;0.5984521734335588
1730779519.110377;/app/bags/user95_2017-02-24.bag;0.834065854549408;0.0;0.9619645476341248;0.0;2.403604411345348;0.40154782656644117;0.5984521734335588
1730779519.310376;/app/bags/user95_2017-02-24.bag;0.834065854549408;0.0;0.9619645476341248;0.0;2.403604411345348;0.40154782656644117;0.5984521734335588
1730779519.5104299;/app/bags/user95_2017-02-24.bag;0.834065854549408;0.0;0.9619645476341248;0.0;2.403604411345348;0.40154782656644117;0.5984521734335588
1730779519.710363;/app/bags/user95_2017-02-24.bag;0.834065854549408;0.0;0.9619645476341248;0.0;2.403604411345348;0.40154782656644117;0.5984521734335588
1730779519.9104;/app/bags/user95_2017-02-24.bag;0.834065854549408;0.0;0.9619645476341248;0.0;2.403604411345348;0.40154782656644117;0.5984521734335588
1730779520.1103997;/app/bags/user95_2017-02-24.bag;0.834065854549408;0.0;0.9619645476341248;0.0;2.403604411345348;0.40154782656644117;0.5984521734335588
1730779520.3103614;/app/bags/user95_2017-02-24.bag;0.834065854549408;0.0;0.9619645476341248;0.0;2.403604411345348;0.40154782656644117;0.5984521734335588
1730779520.510345;/app/bags/user95_2017-02-24.bag;0.834065854549408;0.0;0.9619645476341248;0.0;2.403604411345348;0.40154782656644117;0.5984521734335588
1730779520.710361;/app/bags/user95_2017-02-24.bag;0.834065854549408;0.0;0.9619645476341248;0.0;2.403604411345348;0.40154782656644117;0.5984521734335588
1730779520.910443;/app/bags/user95_2017-02-24.bag;0.834065854549408;0.0;0.9619645476341248;0.0;2.403604411345348;0.40154782656644117;0.5984521734335588
1730779521.1104252;/app/bags/user95_2017-02-24.bag;0.834065854549408;0.0;0.9619645476341248;0.0;2.403604411345348;0.40154782656644117;0.5984521734335588
1730779521.310497;/app/bags/user95_2017-02-24.bag;0.834065854549408;0.0;0.9619645476341248;0.0;2.403604411345348;0.40154782656644117;0.5984521734335588
1730779521.5105174;/app/bags/user95_2017-02-24.bag;0.834065854549408;0.0;0.9619645476341248;0.0;2.403604411345348;0.40154782656644117;0.5984521734335588
1730779521.7103734;/app/bags/user95_2017-02-24.bag;0.834065854549408;0.0;0.9619645476341248;0.0;2.403604411345348;0.40154782656644117;0.5984521734335588
1730779521.9103837;/app/bags/user95_2017-02-24.bag;0.834065854549408;0.0;0.9619645476341248;0.0;2.403604411345348;0.40154782656644117;0.5984521734335588
1730779522.1104126;/app/bags/user95_2017-02-24.bag;0.834065854549408;0.0;0.9619645476341248;0.0;2.403604411345348;0.40154782656644117;0.5984521734335588
1730779522.310384;/app/bags/user95_2017-02-24.bag;0.834065854549408;0.0;0.9619645476341248;0.0;2.403604411345348;0.40154782656644117;0.5984521734335588
1730779522.5103815;/app/bags/user95_2017-02-24.bag;0.834065854549408;0.0;0.9619645476341248;0.0;2.403604411345348;0.40154782656644117;0.5984521734335588
1730779522.7103865;/app/bags/user95_2017-02-24.bag;0.834065854549408;0.0;0.9619645476341248;0.0;2.403604411345348;0.40154782656644117;0.5984521734335588
1730779522.9104097;/app/bags/user95_2017-02-24.bag;0.834065854549408;0.0;0.9619645476341248;0.0;2.403604411345348;0.40154782656644117;0.5984521734335588
1730779523.1103842;/app/bags/user95_2017-02-24.bag;0.834065854549408;0.0;0.9619645476341248;0.0;2.403604411345348;0.40154782656644117;0.5984521734335588
1730779523.3103764;/app/bags/user95_2017-02-24.bag;0.834065854549408;0.0;0.9619645476341248;0.0;2.403604411345348;0.40154782656644117;0.5984521734335588
1730779523.5103652;/app/bags/user95_2017-02-24.bag;0.834065854549408;0.0;0.9619645476341248;0.0;2.403604411345348;0.40154782656644117;0.5984521734335588
1730779523.7104378;/app/bags/user95_2017-02-24.bag;0.834065854549408;0.0;0.9619645476341248;0.0;2.403604411345348;0.40154782656644117;0.5984521734335588
1730779523.9103584;/app/bags/user95_2017-02-24.bag;0.834065854549408;0.0;0.9619645476341248;0.0;2.403604411345348;0.40154782656644117;0.5984521734335588
1730779524.110387;/app/bags/user95_2017-02-24.bag;0.834065854549408;0.0;0.9619645476341248;0.0;2.403604411345348;0.40154782656644117;0.5984521734335588
1730779524.3103862;/app/bags/user95_2017-02-24.bag;0.834065854549408;0.0;0.9619645476341248;0.0;2.403604411345348;0.40154782656644117;0.5984521734335588
1730779524.510422;/app/bags/user95_2017-02-24.bag;0.834065854549408;0.0;0.9619645476341248;0.0;2.403604411345348;0.40154782656644117;0.5984521734335588
1730779524.7103798;/app/bags/user95_2017-02-24.bag;0.834065854549408;0.0;0.9619645476341248;0.0;2.403604411345348;0.40154782656644117;0.5984521734335588
1730779524.9103928;/app/bags/user95_2017-02-24.bag;0.834065854549408;0.0;0.9619645476341248;0.0;2.403604411345348;0.40154782656644117;0.5984521734335588
1730779525.1103826;/app/bags/user95_2017-02-24.bag;0.834065854549408;0.0;0.9619645476341248;0.0;2.403604411345348;0.40154782656644117;0.5984521734335588
1730779525.3104427;/app/bags/user95_2017-02-24.bag;0.834065854549408;0.0;0.9619645476341248;0.0;2.403604411345348;0.40154782656644117;0.5984521734335588
1730779525.510489;/app/bags/user95_2017-02-24.bag;0.834065854549408;0.0;0.9619645476341248;0.0;2.403604411345348;0.40154782656644117;0.5984521734335588
1730779525.710391;/app/bags/user95_2017-02-24.bag;0.834065854549408;0.0;0.9619645476341248;0.0;2.403604411345348;0.40154782656644117;0.5984521734335588
1730779525.9103765;/app/bags/user95_2017-02-24.bag;0.834065854549408;0.0;0.9619645476341248;0.0;2.403604411345348;0.40154782656644117;0.5984521734335588
1730779526.1104345;/app/bags/user95_2017-02-24.bag;0.834065854549408;0.0;0.9619645476341248;0.0;2.403604411345348;0.40154782656644117;0.5984521734335588
1730779526.310377;/app/bags/user95_2017-02-24.bag;0.834065854549408;0.0;0.9619645476341248;0.0;2.403604411345348;0.40154782656644117;0.5984521734335588
1730779526.510381;/app/bags/user95_2017-02-24.bag;0.834065854549408;0.0;0.9619645476341248;0.0;2.403604411345348;0.40154782656644117;0.5984521734335588
1730779526.7103782;/app/bags/user95_2017-02-24.bag;0.834065854549408;0.0;0.9619645476341248;0.0;2.403604411345348;0.40154782656644117;0.5984521734335588
1730779526.9103959;/app/bags/user95_2017-02-24.bag;0.834065854549408;0.0;0.9619645476341248;0.0;2.403604411345348;0.40154782656644117;0.5984521734335588
1730779527.110456;/app/bags/user95_2017-02-24.bag;0.834065854549408;0.0;0.9619645476341248;0.0;2.403604411345348;0.40154782656644117;0.5984521734335588
1730779527.3103848;/app/bags/user95_2017-02-24.bag;0.834065854549408;0.0;0.9619645476341248;0.0;2.403604411345348;0.40154782656644117;0.5984521734335588
1730779527.5103843;/app/bags/user95_2017-02-24.bag;0.834065854549408;0.0;0.9619645476341248;0.0;2.403604411345348;0.40154782656644117;0.5984521734335588
1730779527.7103996;/app/bags/user95_2017-02-24.bag;0.834065854549408;0.0;0.9619645476341248;0.0;2.403604411345348;0.40154782656644117;0.5984521734335588
1730779527.910409;/app/bags/user95_2017-02-24.bag;0.834065854549408;0.0;0.9619645476341248;0.0;2.403604411345348;0.40154782656644117;0.5984521734335588
1730779528.110522;/app/bags/user95_2017-02-24.bag;0.834065854549408;0.0;0.9619645476341248;0.0;2.403604411345348;0.40154782656644117;0.5984521734335588
1730779528.3104095;/app/bags/user95_2017-02-24.bag;0.834065854549408;0.0;0.9619645476341248;0.0;2.403604411345348;0.40154782656644117;0.5984521734335588
1730779528.510387;/app/bags/user95_2017-02-24.bag;0.834065854549408;0.0;0.9619645476341248;0.0;2.403604411345348;0.40154782656644117;0.5984521734335588
1730779528.710363;/app/bags/user95_2017-02-24.bag;0.834065854549408;0.0;0.9619645476341248;0.0;2.403604411345348;0.40154782656644117;0.5984521734335588
1730779528.9103777;/app/bags/user95_2017-02-24.bag;0.834065854549408;0.0;0.9619645476341248;0.0;2.403604411345348;0.40154782656644117;0.5984521734335588
1730779529.1103585;/app/bags/user95_2017-02-24.bag;0.834065854549408;0.0;0.9619645476341248;0.0;2.403604411345348;0.40154782656644117;0.5984521734335588
1730779529.3104036;/app/bags/user95_2017-02-24.bag;0.834065854549408;0.0;0.9619645476341248;0.0;2.403604411345348;0.40154782656644117;0.5984521734335588
1730779529.510457;/app/bags/user95_2017-02-24.bag;0.834065854549408;0.0;0.9619645476341248;0.0;2.403604411345348;0.40154782656644117;0.5984521734335588
1730779529.7103946;/app/bags/user95_2017-02-24.bag;0.834065854549408;0.0;0.9619645476341248;0.0;2.403604411345348;0.40154782656644117;0.5984521734335588
1730779529.910409;/app/bags/user95_2017-02-24.bag;0.834065854549408;0.0;0.9619645476341248;0.0;2.403604411345348;0.40154782656644117;0.5984521734335588
1730779530.1103976;/app/bags/user95_2017-02-24.bag;0.834065854549408;0.0;0.9619645476341248;0.0;2.403604411345348;0.40154782656644117;0.5984521734335588
1730779530.3104596;/app/bags/user95_2017-02-24.bag;0.834065854549408;0.0;0.9619645476341248;0.0;2.403604411345348;0.40154782656644117;0.5984521734335588
1730779530.5103972;/app/bags/user95_2017-02-24.bag;0.834065854549408;0.0;0.9619645476341248;0.0;2.403604411345348;0.40154782656644117;0.5984521734335588
1730779530.7104397;/app/bags/user95_2017-02-24.bag;0.834065854549408;0.0;0.9619645476341248;0.0;2.403604411345348;0.40154782656644117;0.5984521734335588
1730779530.9103754;/app/bags/user95_2017-02-24.bag;0.834065854549408;0.0;0.9619645476341248;0.0;2.403604411345348;0.40154782656644117;0.5984521734335588
1730779531.1104882;/app/bags/user95_2017-02-24.bag;0.834065854549408;0.0;0.9619645476341248;0.0;2.403604411345348;0.40154782656644117;0.5984521734335588
1730779531.3103902;/app/bags/user95_2017-02-24.bag;0.834065854549408;0.0;0.9619645476341248;0.0;2.403604411345348;0.40154782656644117;0.5984521734335588
1730779531.51036;/app/bags/user95_2017-02-24.bag;0.834065854549408;0.0;0.9619645476341248;0.0;2.403604411345348;0.40154782656644117;0.5984521734335588
1730779531.7105887;/app/bags/user95_2017-02-24.bag;0.834065854549408;0.0;0.9619645476341248;0.0;2.403604411345348;0.40154782656644117;0.5984521734335588
1730779531.910402;/app/bags/user95_2017-02-24.bag;0.834065854549408;0.0;0.9619645476341248;0.0;2.403604411345348;0.40154782656644117;0.5984521734335588
1730779532.1104214;/app/bags/user95_2017-02-24.bag;0.834065854549408;0.0;0.9619645476341248;0.0;2.403604411345348;0.40154782656644117;0.5984521734335588
1730779532.3104076;/app/bags/user95_2017-02-24.bag;0.834065854549408;0.0;0.9619645476341248;0.0;2.403604411345348;0.40154782656644117;0.5984521734335588
1730779532.5103943;/app/bags/user95_2017-02-24.bag;0.834065854549408;0.0;0.9619645476341248;0.0;2.403604411345348;0.40154782656644117;0.5984521734335588
1730779532.710368;/app/bags/user95_2017-02-24.bag;0.834065854549408;0.0;0.9619645476341248;0.0;2.403604411345348;0.40154782656644117;0.5984521734335588
1730779532.910438;/app/bags/user95_2017-02-24.bag;0.834065854549408;0.0;0.9619645476341248;0.0;2.403604411345348;0.40154782656644117;0.5984521734335588
1730779533.1104228;/app/bags/user95_2017-02-24.bag;0.834065854549408;0.0;0.9619645476341248;0.0;2.403604411345348;0.40154782656644117;0.5984521734335588
1730779533.3104007;/app/bags/user95_2017-02-24.bag;0.834065854549408;0.0;0.9619645476341248;0.0;2.403604411345348;0.40154782656644117;0.5984521734335588
1730779533.5103736;/app/bags/user95_2017-02-24.bag;0.834065854549408;0.0;0.9619645476341248;0.0;2.403604411345348;0.40154782656644117;0.5984521734335588
1730779533.7104235;/app/bags/user95_2017-02-24.bag;0.834065854549408;0.0;0.9619645476341248;0.0;2.403604411345348;0.40154782656644117;0.5984521734335588
1730779533.9104307;/app/bags/user95_2017-02-24.bag;0.834065854549408;0.0;0.9619645476341248;0.0;2.403604411345348;0.40154782656644117;0.5984521734335588
1730779534.1104276;/app/bags/user95_2017-02-24.bag;0.834065854549408;0.0;0.9619645476341248;0.0;2.403604411345348;0.40154782656644117;0.5984521734335588
1730779534.3103504;/app/bags/user95_2017-02-24.bag;0.834065854549408;0.0;0.9619645476341248;0.0;2.403604411345348;0.40154782656644117;0.5984521734335588
1730779534.5103934;/app/bags/user95_2017-02-24.bag;0.834065854549408;0.0;0.9619645476341248;0.0;2.403604411345348;0.40154782656644117;0.5984521734335588
1730779534.7104392;/app/bags/user95_2017-02-24.bag;0.834065854549408;0.0;0.9619645476341248;0.0;2.403604411345348;0.40154782656644117;0.5984521734335588
1730779534.910373;/app/bags/user95_2017-02-24.bag;0.834065854549408;0.0;0.9619645476341248;0.0;2.403604411345348;0.40154782656644117;0.5984521734335588
1730779535.1104264;/app/bags/user95_2017-02-24.bag;0.834065854549408;0.0;0.9619645476341248;0.0;2.403604411345348;0.40154782656644117;0.5984521734335588
1730779535.3103611;/app/bags/user95_2017-02-24.bag;0.834065854549408;0.0;0.9619645476341248;0.0;2.403604411345348;0.40154782656644117;0.5984521734335588
1730779535.5103874;/app/bags/user95_2017-02-24.bag;0.834065854549408;0.0;0.9619645476341248;0.0;2.403604411345348;0.40154782656644117;0.5984521734335588
1730779535.7104537;/app/bags/user95_2017-02-24.bag;0.834065854549408;0.0;0.9619645476341248;0.0;2.403604411345348;0.40154782656644117;0.5984521734335588
1730779535.9104142;/app/bags/user95_2017-02-24.bag;0.834065854549408;0.0;0.9619645476341248;0.0;2.403604411345348;0.40154782656644117;0.5984521734335588
1730779536.1103811;/app/bags/user95_2017-02-24.bag;0.834065854549408;0.0;0.9619645476341248;0.0;2.403604411345348;0.40154782656644117;0.5984521734335588
1730779536.3103828;/app/bags/user95_2017-02-24.bag;0.834065854549408;0.0;0.9619645476341248;0.0;2.403604411345348;0.40154782656644117;0.5984521734335588
1730779536.5104194;/app/bags/user95_2017-02-24.bag;0.834065854549408;0.0;0.9619645476341248;0.0;2.403604411345348;0.40154782656644117;0.5984521734335588
1730779536.7104442;/app/bags/user95_2017-02-24.bag;0.834065854549408;0.0;0.9619645476341248;0.0;2.403604411345348;0.40154782656644117;0.5984521734335588
1730779536.9103417;/app/bags/user95_2017-02-24.bag;0.834065854549408;0.0;0.9619645476341248;0.0;2.403604411345348;0.40154782656644117;0.5984521734335588
1730779537.1103547;/app/bags/user95_2017-02-24.bag;0.834065854549408;0.0;0.9619645476341248;0.0;2.403604411345348;0.40154782656644117;0.5984521734335588
1730779537.31043;/app/bags/user95_2017-02-24.bag;0.834065854549408;0.0;0.9619645476341248;0.0;2.403604411345348;0.40154782656644117;0.5984521734335588
1730779537.510389;/app/bags/user95_2017-02-24.bag;0.834065854549408;0.0;0.9619645476341248;0.0;2.403604411345348;0.40154782656644117;0.5984521734335588
1730779537.7103808;/app/bags/user95_2017-02-24.bag;0.834065854549408;0.0;0.9619645476341248;0.0;2.403604411345348;0.40154782656644117;0.5984521734335588
1730779537.9105034;/app/bags/user95_2017-02-24.bag;0.834065854549408;0.0;0.9619645476341248;0.0;2.403604411345348;0.40154782656644117;0.5984521734335588
1730779538.1103344;/app/bags/user95_2017-02-24.bag;0.834065854549408;0.0;0.9619645476341248;0.0;2.403604411345348;0.40154782656644117;0.5984521734335588
1730779538.3103716;/app/bags/user95_2017-02-24.bag;0.834065854549408;0.0;0.9619645476341248;0.0;2.403604411345348;0.40154782656644117;0.5984521734335588
1730779538.5103667;/app/bags/user95_2017-02-24.bag;0.834065854549408;0.0;0.9619645476341248;0.0;2.403604411345348;0.40154782656644117;0.5984521734335588
1730779538.7105381;/app/bags/user95_2017-02-24.bag;0.834065854549408;0.0;0.9619645476341248;0.0;2.403604411345348;0.40154782656644117;0.5984521734335588
1730779538.9104092;/app/bags/user95_2017-02-24.bag;0.834065854549408;0.0;0.9619645476341248;0.0;2.403604411345348;0.40154782656644117;0.5984521734335588
1730779539.11036;/app/bags/user95_2017-02-24.bag;0.834065854549408;0.0;0.9619645476341248;0.0;2.403604411345348;0.40154782656644117;0.5984521734335588
1730779539.3104038;/app/bags/user95_2017-02-24.bag;0.834065854549408;0.0;0.9619645476341248;0.0;2.403604411345348;0.40154782656644117;0.5984521734335588
1730779539.510401;/app/bags/user95_2017-02-24.bag;0.834065854549408;0.0;0.9619645476341248;0.0;2.403604411345348;0.40154782656644117;0.5984521734335588
1730779539.7103808;/app/bags/user95_2017-02-24.bag;0.834065854549408;0.0;0.9619645476341248;0.0;2.403604411345348;0.40154782656644117;0.5984521734335588
1730779539.9103868;/app/bags/user95_2017-02-24.bag;0.834065854549408;0.0;0.9619645476341248;0.0;2.403604411345348;0.40154782656644117;0.5984521734335588
1730779540.110382;/app/bags/user95_2017-02-24.bag;0.834065854549408;0.0;0.9619645476341248;0.0;2.403604411345348;0.40154782656644117;0.5984521734335588
1730779540.3103871;/app/bags/user95_2017-02-24.bag;0.834065854549408;0.0;0.9619645476341248;0.0;2.403604411345348;0.40154782656644117;0.5984521734335588
1730779540.5103855;/app/bags/user95_2017-02-24.bag;0.834065854549408;0.0;0.9619645476341248;0.0;2.403604411345348;0.40154782656644117;0.5984521734335588
1730779540.7103872;/app/bags/user95_2017-02-24.bag;0.834065854549408;0.0;0.9619645476341248;0.0;2.403604411345348;0.40154782656644117;0.5984521734335588
1730779540.910424;/app/bags/user95_2017-02-24.bag;0.834065854549408;0.0;0.9619645476341248;0.0;2.403604411345348;0.40154782656644117;0.5984521734335588
1730779541.1103854;/app/bags/user95_2017-02-24.bag;0.834065854549408;0.0;0.9619645476341248;0.0;2.403604411345348;0.40154782656644117;0.5984521734335588
1730779541.3104172;/app/bags/user95_2017-02-24.bag;0.834065854549408;0.0;0.9619645476341248;0.0;2.403604411345348;0.40154782656644117;0.5984521734335588
1730779541.5104036;/app/bags/user95_2017-02-24.bag;0.834065854549408;0.0;0.9619645476341248;0.0;2.403604411345348;0.40154782656644117;0.5984521734335588
1730779541.7103598;/app/bags/user95_2017-02-24.bag;0.834065854549408;0.0;0.9619645476341248;0.0;2.403604411345348;0.40154782656644117;0.5984521734335588
1730779541.9104154;/app/bags/user95_2017-02-24.bag;0.834065854549408;0.0;0.9619645476341248;0.0;2.403604411345348;0.40154782656644117;0.5984521734335588
1730779542.1103885;/app/bags/user95_2017-02-24.bag;0.834065854549408;0.0;0.9619645476341248;0.0;2.403604411345348;0.40154782656644117;0.5984521734335588
1730779542.3103623;/app/bags/user95_2017-02-24.bag;0.834065854549408;0.0;0.9619645476341248;0.0;2.403604411345348;0.40154782656644117;0.5984521734335588
1730779542.5105124;/app/bags/user95_2017-02-24.bag;0.834065854549408;0.0;0.9619645476341248;0.0;2.403604411345348;0.40154782656644117;0.5984521734335588
1730779542.7103817;/app/bags/user95_2017-02-24.bag;0.834065854549408;0.0;0.9619645476341248;0.0;2.403604411345348;0.40154782656644117;0.5984521734335588
1730779542.91042;/app/bags/user95_2017-02-24.bag;0.834065854549408;0.0;0.9619645476341248;0.0;2.403604411345348;0.40154782656644117;0.5984521734335588
1730779543.1103683;/app/bags/user95_2017-02-24.bag;0.834065854549408;0.0;0.9619645476341248;0.0;2.403604411345348;0.40154782656644117;0.5984521734335588
1730779543.310382;/app/bags/user95_2017-02-24.bag;0.834065854549408;0.0;0.9619645476341248;0.0;2.403604411345348;0.40154782656644117;0.5984521734335588
1730779543.5103743;/app/bags/user95_2017-02-24.bag;0.834065854549408;0.0;0.9619645476341248;0.0;2.403604411345348;0.40154782656644117;0.5984521734335588
1730779543.7103908;/app/bags/user95_2017-02-24.bag;0.834065854549408;0.0;0.9619645476341248;0.0;2.403604411345348;0.40154782656644117;0.5984521734335588
1730779543.9103973;/app/bags/user95_2017-02-24.bag;0.834065854549408;0.0;0.9619645476341248;0.0;2.403604411345348;0.40154782656644117;0.5984521734335588
1730779544.1103773;/app/bags/user95_2017-02-24.bag;0.834065854549408;0.0;0.9619645476341248;0.0;2.403604411345348;0.40154782656644117;0.5984521734335588
1730779544.3103886;/app/bags/user95_2017-02-24.bag;0.834065854549408;0.0;0.9619645476341248;0.0;2.403604411345348;0.40154782656644117;0.5984521734335588
1730779544.5104072;/app/bags/user95_2017-02-24.bag;0.834065854549408;0.0;0.9619645476341248;0.0;2.403604411345348;0.40154782656644117;0.5984521734335588
1730779544.7104702;/app/bags/user95_2017-02-24.bag;0.834065854549408;0.0;0.9619645476341248;0.0;2.403604411345348;0.40154782656644117;0.5984521734335588
1730779544.9103909;/app/bags/user95_2017-02-24.bag;0.834065854549408;0.0;0.9619645476341248;0.0;2.403604411345348;0.40154782656644117;0.5984521734335588
1730779545.1104608;/app/bags/user95_2017-02-24.bag;0.834065854549408;0.0;0.9619645476341248;0.0;2.403604411345348;0.40154782656644117;0.5984521734335588
1730779545.310382;/app/bags/user95_2017-02-24.bag;0.834065854549408;0.0;0.9619645476341248;0.0;2.403604411345348;0.40154782656644117;0.5984521734335588
1730779545.5103745;/app/bags/user95_2017-02-24.bag;0.834065854549408;0.0;0.9619645476341248;0.0;2.403604411345348;0.40154782656644117;0.5984521734335588
1730779545.7103987;/app/bags/user95_2017-02-24.bag;0.834065854549408;0.0;0.9619645476341248;0.0;2.403604411345348;0.40154782656644117;0.5984521734335588
1730779545.9103785;/app/bags/user95_2017-02-24.bag;0.834065854549408;0.0;0.9619645476341248;0.0;2.403604411345348;0.40154782656644117;0.5984521734335588
1730779546.1103897;/app/bags/user95_2017-02-24.bag;0.834065854549408;0.0;0.9619645476341248;0.0;2.403604411345348;0.40154782656644117;0.5984521734335588
1730779546.3103962;/app/bags/user95_2017-02-24.bag;0.834065854549408;0.0;0.9619645476341248;0.0;2.403604411345348;0.40154782656644117;0.5984521734335588
1730779546.5104423;/app/bags/user95_2017-02-24.bag;0.834065854549408;0.0;0.9619645476341248;0.0;2.403604411345348;0.40154782656644117;0.5984521734335588
1730779546.7103856;/app/bags/user95_2017-02-24.bag;0.834065854549408;0.0;0.9619645476341248;0.0;2.403604411345348;0.40154782656644117;0.5984521734335588
1730779546.9103858;/app/bags/user95_2017-02-24.bag;0.834065854549408;0.0;0.9619645476341248;0.0;2.403604411345348;0.40154782656644117;0.5984521734335588
1730779547.110358;/app/bags/user95_2017-02-24.bag;0.834065854549408;0.0;0.9619645476341248;0.0;2.403604411345348;0.40154782656644117;0.5984521734335588
1730779547.3103375;/app/bags/user95_2017-02-24.bag;0.834065854549408;0.0;0.9619645476341248;0.0;2.403604411345348;0.40154782656644117;0.5984521734335588
1730779547.51043;/app/bags/user95_2017-02-24.bag;0.834065854549408;0.0;0.9619645476341248;0.0;2.403604411345348;0.40154782656644117;0.5984521734335588
1730779547.7103777;/app/bags/user95_2017-02-24.bag;0.834065854549408;0.0;0.9619645476341248;0.0;2.403604411345348;0.40154782656644117;0.5984521734335588
1730779547.9103937;/app/bags/user95_2017-02-24.bag;0.834065854549408;0.0;0.9619645476341248;0.0;2.403604411345348;0.40154782656644117;0.5984521734335588
1730779548.1103766;/app/bags/user95_2017-02-24.bag;0.834065854549408;0.0;0.9619645476341248;0.0;2.403604411345348;0.40154782656644117;0.5984521734335588
1730779548.310386;/app/bags/user95_2017-02-24.bag;0.834065854549408;0.0;0.9619645476341248;0.0;2.403604411345348;0.40154782656644117;0.5984521734335588
1730779548.5103855;/app/bags/user95_2017-02-24.bag;0.834065854549408;0.0;0.9619645476341248;0.0;2.403604411345348;0.40154782656644117;0.5984521734335588
1730779548.7104323;/app/bags/user95_2017-02-24.bag;0.834065854549408;0.0;0.9619645476341248;0.0;2.403604411345348;0.40154782656644117;0.5984521734335588
1730779548.910414;/app/bags/user95_2017-02-24.bag;0.834065854549408;0.0;0.9619645476341248;0.0;2.403604411345348;0.40154782656644117;0.5984521734335588
1730779549.110411;/app/bags/user95_2017-02-24.bag;0.834065854549408;0.0;0.9619645476341248;0.0;2.403604411345348;0.40154782656644117;0.5984521734335588
1730779549.3104086;/app/bags/user95_2017-02-24.bag;0.834065854549408;0.0;0.9619645476341248;0.0;2.403604411345348;0.40154782656644117;0.5984521734335588
1730779549.5103798;/app/bags/user95_2017-02-24.bag;0.834065854549408;0.0;0.9619645476341248;0.0;2.403604411345348;0.40154782656644117;0.5984521734335588
1730779549.7103949;/app/bags/user95_2017-02-24.bag;0.834065854549408;0.0;0.9619645476341248;0.0;2.403604411345348;0.40154782656644117;0.5984521734335588
1730779549.9104137;/app/bags/user95_2017-02-24.bag;0.834065854549408;0.0;0.9619645476341248;0.0;2.403604411345348;0.40154782656644117;0.5984521734335588
1730779550.1103692;/app/bags/user95_2017-02-24.bag;0.834065854549408;0.0;0.9619645476341248;0.0;2.403604411345348;0.40154782656644117;0.5984521734335588
1730779550.3103764;/app/bags/user95_2017-02-24.bag;0.834065854549408;0.0;0.9619645476341248;0.0;2.403604411345348;0.40154782656644117;0.5984521734335588
1730779550.5104258;/app/bags/user95_2017-02-24.bag;0.834065854549408;0.0;0.9619645476341248;0.0;2.403604411345348;0.40154782656644117;0.5984521734335588
1730779550.7103815;/app/bags/user95_2017-02-24.bag;0.834065854549408;0.0;0.9619645476341248;0.0;2.403604411345348;0.40154782656644117;0.5984521734335588
1730779550.9104266;/app/bags/user95_2017-02-24.bag;0.834065854549408;0.0;0.9619645476341248;0.0;2.403604411345348;0.40154782656644117;0.5984521734335588
1730779551.110399;/app/bags/user95_2017-02-24.bag;0.834065854549408;0.0;0.9619645476341248;0.0;2.403604411345348;0.40154782656644117;0.5984521734335588
1730779551.310386;/app/bags/user95_2017-02-24.bag;0.834065854549408;0.0;0.9619645476341248;0.0;2.403604411345348;0.40154782656644117;0.5984521734335588
1730779551.5104814;/app/bags/user95_2017-02-24.bag;0.834065854549408;0.0;0.9619645476341248;0.0;2.403604411345348;0.40154782656644117;0.5984521734335588
1730779551.710427;/app/bags/user95_2017-02-24.bag;0.834065854549408;0.0;0.9619645476341248;0.0;2.403604411345348;0.40154782656644117;0.5984521734335588
1730779551.910418;/app/bags/user95_2017-02-24.bag;0.834065854549408;0.0;0.9619645476341248;0.0;2.403604411345348;0.40154782656644117;0.5984521734335588
1730779552.1104152;/app/bags/user95_2017-02-24.bag;0.834065854549408;0.0;0.9619645476341248;0.0;2.403604411345348;0.40154782656644117;0.5984521734335588
1730779552.3104029;/app/bags/user95_2017-02-24.bag;0.834065854549408;0.0;0.9619645476341248;0.0;2.403604411345348;0.40154782656644117;0.5984521734335588
1730779552.51042;/app/bags/user95_2017-02-24.bag;0.834065854549408;0.0;0.9619645476341248;0.0;2.403604411345348;0.40154782656644117;0.5984521734335588
1730779552.7103763;/app/bags/user95_2017-02-24.bag;0.834065854549408;0.0;0.9619645476341248;0.0;2.403604411345348;0.40154782656644117;0.5984521734335588
1730779552.9104042;/app/bags/user95_2017-02-24.bag;0.834065854549408;0.0;0.9619645476341248;0.0;2.403604411345348;0.40154782656644117;0.5984521734335588
1730779553.110386;/app/bags/user95_2017-02-24.bag;0.834065854549408;0.0;0.9619645476341248;0.0;2.403604411345348;0.40154782656644117;0.5984521734335588
1730779553.310379;/app/bags/user95_2017-02-24.bag;0.834065854549408;0.0;0.9619645476341248;0.0;2.403604411345348;0.40154782656644117;0.5984521734335588
1730779553.51037;/app/bags/user95_2017-02-24.bag;0.834065854549408;0.0;0.9619645476341248;0.0;2.403604411345348;0.40154782656644117;0.5984521734335588
1730779553.7105348;/app/bags/user95_2017-02-24.bag;0.834065854549408;0.0;0.9619645476341248;0.0;2.403604411345348;0.40154782656644117;0.5984521734335588
1730779553.9103732;/app/bags/user95_2017-02-24.bag;0.834065854549408;0.0;0.9619645476341248;0.0;2.403604411345348;0.40154782656644117;0.5984521734335588
1730779554.110373;/app/bags/user95_2017-02-24.bag;0.834065854549408;0.0;0.9619645476341248;0.0;2.403604411345348;0.40154782656644117;0.5984521734335588
1730779554.3104434;/app/bags/user95_2017-02-24.bag;0.834065854549408;0.0;0.9619645476341248;0.0;2.403604411345348;0.40154782656644117;0.5984521734335588
1730779554.5103774;/app/bags/user95_2017-02-24.bag;0.834065854549408;0.0;0.9619645476341248;0.0;2.403604411345348;0.40154782656644117;0.5984521734335588
1730779554.7103992;/app/bags/user95_2017-02-24.bag;0.834065854549408;0.0;0.9619645476341248;0.0;2.403604411345348;0.40154782656644117;0.5984521734335588
1730779554.9103904;/app/bags/user95_2017-02-24.bag;0.834065854549408;0.0;0.9619645476341248;0.0;2.403604411345348;0.40154782656644117;0.5984521734335588
1730779555.1104262;/app/bags/user95_2017-02-24.bag;0.834065854549408;0.0;0.9619645476341248;0.0;2.403604411345348;0.40154782656644117;0.5984521734335588
1730779555.3104742;/app/bags/user95_2017-02-24.bag;0.834065854549408;0.0;0.9619645476341248;0.0;2.403604411345348;0.40154782656644117;0.5984521734335588
1730779555.510381;/app/bags/user95_2017-02-24.bag;0.834065854549408;0.0;0.9619645476341248;0.0;2.403604411345348;0.40154782656644117;0.5984521734335588
1730779555.7103803;/app/bags/user95_2017-02-24.bag;0.834065854549408;0.0;0.9619645476341248;0.0;2.403604411345348;0.40154782656644117;0.5984521734335588
1730779555.910417;/app/bags/user95_2017-02-24.bag;0.834065854549408;0.0;0.9619645476341248;0.0;2.403604411345348;0.40154782656644117;0.5984521734335588
1730779556.1104143;/app/bags/user95_2017-02-24.bag;0.834065854549408;0.0;0.9619645476341248;0.0;2.403604411345348;0.40154782656644117;0.5984521734335588
1730779556.3103943;/app/bags/user95_2017-02-24.bag;0.834065854549408;0.0;0.9619645476341248;0.0;2.403604411345348;0.40154782656644117;0.5984521734335588
1730779556.5103838;/app/bags/user95_2017-02-24.bag;0.834065854549408;0.0;0.9619645476341248;0.0;2.403604411345348;0.40154782656644117;0.5984521734335588
1730779556.710436;/app/bags/user95_2017-02-24.bag;0.834065854549408;0.0;0.9619645476341248;0.0;2.403604411345348;0.40154782656644117;0.5984521734335588
1730779556.9103668;/app/bags/user95_2017-02-24.bag;0.834065854549408;0.0;0.9619645476341248;0.0;2.403604411345348;0.40154782656644117;0.5984521734335588
1730779557.110375;/app/bags/user95_2017-02-24.bag;0.834065854549408;0.0;0.9619645476341248;0.0;2.403604411345348;0.40154782656644117;0.5984521734335588
1730779557.3104098;/app/bags/user95_2017-02-24.bag;0.834065854549408;0.0;0.9619645476341248;0.0;2.403604411345348;0.40154782656644117;0.5984521734335588
1730779557.5103927;/app/bags/user95_2017-02-24.bag;0.834065854549408;0.0;0.9619645476341248;0.0;2.403604411345348;0.40154782656644117;0.5984521734335588
1730779557.7103593;/app/bags/user95_2017-02-24.bag;0.834065854549408;0.0;0.9619645476341248;0.0;2.403604411345348;0.40154782656644117;0.5984521734335588
1730779557.910414;/app/bags/user95_2017-02-24.bag;0.834065854549408;0.0;0.9619645476341248;0.0;2.403604411345348;0.40154782656644117;0.5984521734335588
1730779558.1103983;/app/bags/user95_2017-02-24.bag;0.834065854549408;0.0;0.9619645476341248;0.0;2.403604411345348;0.40154782656644117;0.5984521734335588
1730779558.3103893;/app/bags/user95_2017-02-24.bag;0.834065854549408;0.0;0.9619645476341248;0.0;2.403604411345348;0.40154782656644117;0.5984521734335588
1730779558.5103786;/app/bags/user95_2017-02-24.bag;0.834065854549408;0.0;0.9619645476341248;0.0;2.403604411345348;0.40154782656644117;0.5984521734335588
1730779558.710388;/app/bags/user95_2017-02-24.bag;0.834065854549408;0.0;0.9619645476341248;0.0;2.403604411345348;0.40154782656644117;0.5984521734335588
1730779558.9103737;/app/bags/user95_2017-02-24.bag;0.834065854549408;0.0;0.9619645476341248;0.0;2.403604411345348;0.40154782656644117;0.5984521734335588
1730779559.1104155;/app/bags/user95_2017-02-24.bag;0.834065854549408;0.0;0.9619645476341248;0.0;2.403604411345348;0.40154782656644117;0.5984521734335588
1730779559.3103962;/app/bags/user95_2017-02-24.bag;0.834065854549408;0.0;0.9619645476341248;0.0;2.403604411345348;0.40154782656644117;0.5984521734335588
1730779559.5103767;/app/bags/user95_2017-02-24.bag;0.834065854549408;0.0;0.9619645476341248;0.0;2.403604411345348;0.40154782656644117;0.5984521734335588
1730779559.7103722;/app/bags/user95_2017-02-24.bag;0.834065854549408;0.0;0.9619645476341248;0.0;2.403604411345348;0.40154782656644117;0.5984521734335588
1730779559.9105148;/app/bags/user95_2017-02-24.bag;0.834065854549408;0.0;0.9619645476341248;0.0;2.403604411345348;0.40154782656644117;0.5984521734335588
1730779560.1104243;/app/bags/user95_2017-02-24.bag;0.834065854549408;0.0;0.9619645476341248;0.0;2.403604411345348;0.40154782656644117;0.5984521734335588
1730779560.310465;/app/bags/user95_2017-02-24.bag;0.834065854549408;0.0;0.9619645476341248;0.0;2.403604411345348;0.40154782656644117;0.5984521734335588
1730779560.510456;/app/bags/user95_2017-02-24.bag;0.834065854549408;0.0;0.9619645476341248;0.0;2.403604411345348;0.40154782656644117;0.5984521734335588
1730779560.710373;/app/bags/user95_2017-02-24.bag;0.834065854549408;0.0;0.9619645476341248;0.0;2.403604411345348;0.40154782656644117;0.5984521734335588
1730779560.9104433;/app/bags/user95_2017-02-24.bag;0.834065854549408;0.0;0.9619645476341248;0.0;2.403604411345348;0.40154782656644117;0.5984521734335588
1730779561.110649;/app/bags/user95_2017-02-24.bag;0.834065854549408;0.0;0.9619645476341248;0.0;2.403604411345348;0.40154782656644117;0.5984521734335588
1730779561.3103907;/app/bags/user95_2017-02-24.bag;0.834065854549408;0.0;0.9619645476341248;0.0;2.403604411345348;0.40154782656644117;0.5984521734335588
1730779561.5103703;/app/bags/user95_2017-02-24.bag;0.834065854549408;0.0;0.9619645476341248;0.0;2.403604411345348;0.40154782656644117;0.5984521734335588
1730779561.710363;/app/bags/user95_2017-02-24.bag;0.834065854549408;0.0;0.9619645476341248;0.0;2.403604411345348;0.40154782656644117;0.5984521734335588
1730779561.9103703;/app/bags/user95_2017-02-24.bag;0.834065854549408;0.0;0.9619645476341248;0.0;2.403604411345348;0.40154782656644117;0.5984521734335588
1730779562.1104674;/app/bags/user95_2017-02-24.bag;0.834065854549408;0.0;0.9619645476341248;0.0;2.403604411345348;0.40154782656644117;0.5984521734335588
1730779562.310394;/app/bags/user95_2017-02-24.bag;0.834065854549408;0.0;0.9619645476341248;0.0;2.403604411345348;0.40154782656644117;0.5984521734335588
1730779562.5104117;/app/bags/user95_2017-02-24.bag;0.834065854549408;0.0;0.9619645476341248;0.0;2.403604411345348;0.40154782656644117;0.5984521734335588
1730779562.7103763;/app/bags/user95_2017-02-24.bag;0.834065854549408;0.0;0.9619645476341248;0.0;2.403604411345348;0.40154782656644117;0.5984521734335588
1730779562.9103932;/app/bags/user95_2017-02-24.bag;0.834065854549408;0.0;0.9619645476341248;0.0;2.403604411345348;0.40154782656644117;0.5984521734335588
1730779563.110402;/app/bags/user95_2017-02-24.bag;0.834065854549408;0.0;0.9619645476341248;0.0;2.403604411345348;0.40154782656644117;0.5984521734335588
1730779563.3103724;/app/bags/user95_2017-02-24.bag;0.834065854549408;0.0;0.9619645476341248;0.0;2.403604411345348;0.40154782656644117;0.5984521734335588
1730779563.510443;/app/bags/user95_2017-02-24.bag;0.834065854549408;0.0;0.9619645476341248;0.0;2.403604411345348;0.40154782656644117;0.5984521734335588
1730779563.7103848;/app/bags/user95_2017-02-24.bag;0.834065854549408;0.0;0.9619645476341248;0.0;2.403604411345348;0.40154782656644117;0.5984521734335588
1730779563.9104264;/app/bags/user95_2017-02-24.bag;0.834065854549408;0.0;0.9619645476341248;0.0;2.403604411345348;0.40154782656644117;0.5984521734335588
1730779564.1104095;/app/bags/user95_2017-02-24.bag;0.834065854549408;0.0;0.9619645476341248;0.0;2.403604411345348;0.40154782656644117;0.5984521734335588
1730779564.3106186;/app/bags/user95_2017-02-24.bag;0.834065854549408;0.0;0.9619645476341248;0.0;2.403604411345348;0.40154782656644117;0.5984521734335588
1730779564.5103862;/app/bags/user95_2017-02-24.bag;0.834065854549408;0.0;0.9619645476341248;0.0;2.403604411345348;0.40154782656644117;0.5984521734335588
1730779564.710382;/app/bags/user95_2017-02-24.bag;0.834065854549408;0.0;0.9619645476341248;0.0;2.403604411345348;0.40154782656644117;0.5984521734335588
1730779564.9103794;/app/bags/user95_2017-02-24.bag;0.834065854549408;0.0;0.9619645476341248;0.0;2.403604411345348;0.40154782656644117;0.5984521734335588
1730779565.1104093;/app/bags/user95_2017-02-24.bag;0.834065854549408;0.0;0.9619645476341248;0.0;2.403604411345348;0.40154782656644117;0.5984521734335588
1730779565.3103416;/app/bags/user95_2017-02-24.bag;0.834065854549408;0.0;0.9619645476341248;0.0;2.403604411345348;0.40154782656644117;0.5984521734335588
1730779565.510369;/app/bags/user95_2017-02-24.bag;0.834065854549408;0.0;0.9619645476341248;0.0;2.403604411345348;0.40154782656644117;0.5984521734335588
1730779565.7103891;/app/bags/user95_2017-02-24.bag;0.834065854549408;0.0;0.9619645476341248;0.0;2.403604411345348;0.40154782656644117;0.5984521734335588
1730779565.9103594;/app/bags/user95_2017-02-24.bag;0.834065854549408;0.0;0.9619645476341248;0.0;2.403604411345348;0.40154782656644117;0.5984521734335588
1730779566.1105983;/app/bags/user95_2017-02-24.bag;0.834065854549408;0.0;0.9619645476341248;0.0;2.403604411345348;0.40154782656644117;0.5984521734335588
1730779566.3103836;/app/bags/user95_2017-02-24.bag;0.834065854549408;0.0;0.9619645476341248;0.0;2.403604411345348;0.40154782656644117;0.5984521734335588
1730779566.510395;/app/bags/user95_2017-02-24.bag;0.834065854549408;0.0;0.9619645476341248;0.0;2.403604411345348;0.40154782656644117;0.5984521734335588
1730779566.7103853;/app/bags/user95_2017-02-24.bag;0.834065854549408;0.0;0.9619645476341248;0.0;2.403604411345348;0.40154782656644117;0.5984521734335588
1730779566.910372;/app/bags/user95_2017-02-24.bag;0.834065854549408;0.0;0.9619645476341248;0.0;2.403604411345348;0.40154782656644117;0.5984521734335588
1730779567.1103745;/app/bags/user95_2017-02-24.bag;0.834065854549408;0.0;0.9619645476341248;0.0;2.403604411345348;0.40154782656644117;0.5984521734335588
1730779567.3105059;/app/bags/user95_2017-02-24.bag;0.834065854549408;0.0;0.9619645476341248;0.0;2.403604411345348;0.40154782656644117;0.5984521734335588
1730779567.51046;/app/bags/user95_2017-02-24.bag;0.834065854549408;0.0;0.9619645476341248;0.0;2.403604411345348;0.40154782656644117;0.5984521734335588
1730779567.7104008;/app/bags/user95_2017-02-24.bag;0.834065854549408;0.0;0.9619645476341248;0.0;2.403604411345348;0.40154782656644117;0.5984521734335588
1730779567.9104345;/app/bags/user95_2017-02-24.bag;0.834065854549408;0.0;0.9619645476341248;0.0;2.403604411345348;0.40154782656644117;0.5984521734335588
1730779568.1103935;/app/bags/user95_2017-02-24.bag;0.834065854549408;0.0;0.9619645476341248;0.0;2.403604411345348;0.40154782656644117;0.5984521734335588
1730779568.3103762;/app/bags/user95_2017-02-24.bag;0.834065854549408;0.0;0.9619645476341248;0.0;2.403604411345348;0.40154782656644117;0.5984521734335588
1730779568.5104387;/app/bags/user95_2017-02-24.bag;0.834065854549408;0.0;0.9619645476341248;0.0;2.403604411345348;0.40154782656644117;0.5984521734335588
1730779568.7103875;/app/bags/user95_2017-02-24.bag;0.834065854549408;0.0;0.9619645476341248;0.0;2.403604411345348;0.40154782656644117;0.5984521734335588
1730779568.9103932;/app/bags/user95_2017-02-24.bag;0.834065854549408;0.0;0.9619645476341248;0.0;2.403604411345348;0.40154782656644117;0.5984521734335588
1730779569.110387;/app/bags/user95_2017-02-24.bag;0.834065854549408;0.0;0.9619645476341248;0.0;2.403604411345348;0.40154782656644117;0.5984521734335588
1730779569.310376;/app/bags/user95_2017-02-24.bag;0.834065854549408;0.0;0.9619645476341248;0.0;2.403604411345348;0.40154782656644117;0.5984521734335588
1730779569.5104241;/app/bags/user95_2017-02-24.bag;0.834065854549408;0.0;0.9619645476341248;0.0;2.403604411345348;0.40154782656644117;0.5984521734335588
1730779569.7103972;/app/bags/user95_2017-02-24.bag;0.834065854549408;0.0;0.9619645476341248;0.0;2.403604411345348;0.40154782656644117;0.5984521734335588
1730779569.9104164;/app/bags/user95_2017-02-24.bag;0.834065854549408;0.0;0.9619645476341248;0.0;2.403604411345348;0.40154782656644117;0.5984521734335588
1730779570.1103938;/app/bags/user95_2017-02-24.bag;0.834065854549408;0.0;0.9619645476341248;0.0;2.403604411345348;0.40154782656644117;0.5984521734335588
1730779570.310446;/app/bags/user95_2017-02-24.bag;0.834065854549408;0.0;0.9619645476341248;0.0;2.403604411345348;0.40154782656644117;0.5984521734335588
1730779570.5104005;/app/bags/user95_2017-02-24.bag;0.834065854549408;0.0;0.9619645476341248;0.0;2.403604411345348;0.40154782656644117;0.5984521734335588
1730779570.7103868;/app/bags/user95_2017-02-24.bag;0.834065854549408;0.0;0.9619645476341248;0.0;2.403604411345348;0.40154782656644117;0.5984521734335588
1730779570.91041;/app/bags/user95_2017-02-24.bag;0.834065854549408;0.0;0.9619645476341248;0.0;2.403604411345348;0.40154782656644117;0.5984521734335588
1730779571.1103847;/app/bags/user95_2017-02-24.bag;0.834065854549408;0.0;0.9619645476341248;0.0;2.403604411345348;0.40154782656644117;0.5984521734335588
1730779571.3103669;/app/bags/user95_2017-02-24.bag;0.834065854549408;0.0;0.9619645476341248;0.0;2.403604411345348;0.40154782656644117;0.5984521734335588
1730779571.5104237;/app/bags/user95_2017-02-24.bag;0.834065854549408;0.0;0.9619645476341248;0.0;2.403604411345348;0.40154782656644117;0.5984521734335588
1730779571.7104185;/app/bags/user95_2017-02-24.bag;0.834065854549408;0.0;0.9619645476341248;0.0;2.403604411345348;0.40154782656644117;0.5984521734335588
1730779571.9104576;/app/bags/user95_2017-02-24.bag;0.834065854549408;0.0;0.9619645476341248;0.0;2.403604411345348;0.40154782656644117;0.5984521734335588
1730779572.1104207;/app/bags/user95_2017-02-24.bag;0.834065854549408;0.0;0.9619645476341248;0.0;2.403604411345348;0.40154782656644117;0.5984521734335588
1730779572.310397;/app/bags/user95_2017-02-24.bag;0.834065854549408;0.0;0.9619645476341248;0.0;2.403604411345348;0.40154782656644117;0.5984521734335588
1730779572.5104163;/app/bags/user95_2017-02-24.bag;0.834065854549408;0.0;0.9619645476341248;0.0;2.403604411345348;0.40154782656644117;0.5984521734335588
1730779572.7103646;/app/bags/user95_2017-02-24.bag;0.834065854549408;0.0;0.9619645476341248;0.0;2.403604411345348;0.40154782656644117;0.5984521734335588
1730779572.9103882;/app/bags/user95_2017-02-24.bag;0.834065854549408;0.0;0.9619645476341248;0.0;2.403604411345348;0.40154782656644117;0.5984521734335588
1730779573.1103902;/app/bags/user95_2017-02-24.bag;0.834065854549408;0.0;0.9619645476341248;0.0;2.403604411345348;0.40154782656644117;0.5984521734335588
1730779573.3103917;/app/bags/user95_2017-02-24.bag;0.834065854549408;0.0;0.9619645476341248;0.0;2.403604411345348;0.40154782656644117;0.5984521734335588
1730779573.5104284;/app/bags/user95_2017-02-24.bag;0.834065854549408;0.0;0.9619645476341248;0.0;2.403604411345348;0.40154782656644117;0.5984521734335588
1730779573.71042;/app/bags/user95_2017-02-24.bag;0.834065854549408;0.0;0.9619645476341248;0.0;2.403604411345348;0.40154782656644117;0.5984521734335588
1730779573.9103758;/app/bags/user95_2017-02-24.bag;0.834065854549408;0.0;0.9619645476341248;0.0;2.403604411345348;0.40154782656644117;0.5984521734335588
1730779574.1103857;/app/bags/user95_2017-02-24.bag;0.834065854549408;0.0;0.9619645476341248;0.0;2.403604411345348;0.40154782656644117;0.5984521734335588
1730779574.3103883;/app/bags/user95_2017-02-24.bag;0.834065854549408;0.0;0.9619645476341248;0.0;2.403604411345348;0.40154782656644117;0.5984521734335588
1730779574.5104394;/app/bags/user95_2017-02-24.bag;0.834065854549408;0.0;0.9619645476341248;0.0;2.403604411345348;0.40154782656644117;0.5984521734335588
1730779574.7104774;/app/bags/user95_2017-02-24.bag;0.834065854549408;0.0;0.9619645476341248;0.0;2.403604411345348;0.40154782656644117;0.5984521734335588
1730779574.9103894;/app/bags/user95_2017-02-24.bag;0.834065854549408;0.0;0.9619645476341248;0.0;2.403604411345348;0.40154782656644117;0.5984521734335588
1730779575.110366;/app/bags/user95_2017-02-24.bag;0.834065854549408;0.0;0.9619645476341248;0.0;2.403604411345348;0.40154782656644117;0.5984521734335588
1730779575.3102744;/app/bags/user95_2017-02-24.bag;0.834065854549408;0.0;0.9619645476341248;0.0;2.403604411345348;0.40154782656644117;0.5984521734335588
1730779575.5103629;/app/bags/user95_2017-02-24.bag;0.834065854549408;0.0;0.9619645476341248;0.0;2.403604411345348;0.40154782656644117;0.5984521734335588
1730779575.7104182;/app/bags/user95_2017-02-24.bag;0.834065854549408;0.0;0.9619645476341248;0.0;2.403604411345348;0.40154782656644117;0.5984521734335588
1730779575.9103703;/app/bags/user95_2017-02-24.bag;0.834065854549408;0.0;0.9619645476341248;0.0;2.403604411345348;0.40154782656644117;0.5984521734335588
1730779576.110383;/app/bags/user95_2017-02-24.bag;0.834065854549408;0.0;0.9619645476341248;0.0;2.403604411345348;0.40154782656644117;0.5984521734335588
1730779576.310445;/app/bags/user95_2017-02-24.bag;0.834065854549408;0.0;0.9619645476341248;0.0;2.403604411345348;0.40154782656644117;0.5984521734335588
1730779576.510384;/app/bags/user95_2017-02-24.bag;0.834065854549408;0.0;0.9619645476341248;0.0;2.403604411345348;0.40154782656644117;0.5984521734335588
1730779576.7103806;/app/bags/user95_2017-02-24.bag;0.834065854549408;0.0;0.9619645476341248;0.0;2.403604411345348;0.40154782656644117;0.5984521734335588
1730779576.9103818;/app/bags/user95_2017-02-24.bag;0.834065854549408;0.0;0.9619645476341248;0.0;2.403604411345348;0.40154782656644117;0.5984521734335588
1730779577.1104093;/app/bags/user95_2017-02-24.bag;0.834065854549408;0.0;0.9619645476341248;0.0;2.403604411345348;0.40154782656644117;0.5984521734335588
1730779577.3103786;/app/bags/user95_2017-02-24.bag;0.834065854549408;0.0;0.9619645476341248;0.0;2.403604411345348;0.40154782656644117;0.5984521734335588
1730779577.510388;/app/bags/user95_2017-02-24.bag;0.834065854549408;0.0;0.9619645476341248;0.0;2.403604411345348;0.40154782656644117;0.5984521734335588
1730779577.7103815;/app/bags/user95_2017-02-24.bag;0.834065854549408;0.0;0.9619645476341248;0.0;2.403604411345348;0.40154782656644117;0.5984521734335588
1730779577.910387;/app/bags/user95_2017-02-24.bag;0.834065854549408;0.0;0.9619645476341248;0.0;2.403604411345348;0.40154782656644117;0.5984521734335588
1730779578.1104205;/app/bags/user95_2017-02-24.bag;0.834065854549408;0.0;0.9619645476341248;0.0;2.403604411345348;0.40154782656644117;0.5984521734335588
1730779578.310392;/app/bags/user95_2017-02-24.bag;0.834065854549408;0.0;0.9619645476341248;0.0;2.403604411345348;0.40154782656644117;0.5984521734335588
1730779578.510416;/app/bags/user95_2017-02-24.bag;0.834065854549408;0.0;0.9619645476341248;0.0;2.403604411345348;0.40154782656644117;0.5984521734335588
1730779578.710411;/app/bags/user95_2017-02-24.bag;0.834065854549408;0.0;0.9619645476341248;0.0;2.403604411345348;0.40154782656644117;0.5984521734335588
1730779578.910357;/app/bags/user95_2017-02-24.bag;0.834065854549408;0.0;0.9619645476341248;0.0;2.403604411345348;0.40154782656644117;0.5984521734335588
1730779579.1104424;/app/bags/user95_2017-02-24.bag;0.834065854549408;0.0;0.9619645476341248;0.0;2.403604411345348;0.40154782656644117;0.5984521734335588
1730779579.3103642;/app/bags/user95_2017-02-24.bag;0.834065854549408;0.0;0.9619645476341248;0.0;2.403604411345348;0.40154782656644117;0.5984521734335588
1730779579.5103595;/app/bags/user95_2017-02-24.bag;0.834065854549408;0.0;0.9619645476341248;0.0;2.403604411345348;0.40154782656644117;0.5984521734335588
1730779579.7103956;/app/bags/user95_2017-02-24.bag;0.834065854549408;0.0;0.9619645476341248;0.0;2.403604411345348;0.40154782656644117;0.5984521734335588
1730779579.9104097;/app/bags/user95_2017-02-24.bag;0.834065854549408;0.0;0.9619645476341248;0.0;2.403604411345348;0.40154782656644117;0.5984521734335588
1730779580.1104143;/app/bags/user95_2017-02-24.bag;0.834065854549408;0.0;0.9619645476341248;0.0;2.403604411345348;0.40154782656644117;0.5984521734335588
1730779580.3103712;/app/bags/user95_2017-02-24.bag;0.834065854549408;0.0;0.9619645476341248;0.0;2.403604411345348;0.40154782656644117;0.5984521734335588
1730779580.5103757;/app/bags/user95_2017-02-24.bag;0.834065854549408;0.0;0.9619645476341248;0.0;2.403604411345348;0.40154782656644117;0.5984521734335588
1730779580.7104065;/app/bags/user95_2017-02-24.bag;0.834065854549408;0.0;0.9619645476341248;0.0;2.403604411345348;0.40154782656644117;0.5984521734335588
1730779580.9104445;/app/bags/user95_2017-02-24.bag;0.834065854549408;0.0;0.9619645476341248;0.0;2.403604411345348;0.40154782656644117;0.5984521734335588
1730779581.110453;/app/bags/user95_2017-02-24.bag;0.834065854549408;0.0;0.9619645476341248;0.0;2.403604411345348;0.40154782656644117;0.5984521734335588
1730779581.3103747;/app/bags/user95_2017-02-24.bag;0.834065854549408;0.0;0.9619645476341248;0.0;2.403604411345348;0.40154782656644117;0.5984521734335588
1730779581.5104008;/app/bags/user95_2017-02-24.bag;0.834065854549408;0.0;0.9619645476341248;0.0;2.403604411345348;0.40154782656644117;0.5984521734335588
1730779581.7103677;/app/bags/user95_2017-02-24.bag;0.834065854549408;0.0;0.9619645476341248;0.0;2.403604411345348;0.40154782656644117;0.5984521734335588
1730779581.9104106;/app/bags/user95_2017-02-24.bag;0.834065854549408;0.0;0.9619645476341248;0.0;2.403604411345348;0.40154782656644117;0.5984521734335588
1730779582.1104171;/app/bags/user95_2017-02-24.bag;0.834065854549408;0.0;0.9619645476341248;0.0;2.403604411345348;0.40154782656644117;0.5984521734335588
1730779582.3104174;/app/bags/user95_2017-02-24.bag;0.834065854549408;0.0;0.9619645476341248;0.0;2.403604411345348;0.40154782656644117;0.5984521734335588
1730779582.5103943;/app/bags/user95_2017-02-24.bag;0.834065854549408;0.0;0.9619645476341248;0.0;2.403604411345348;0.40154782656644117;0.5984521734335588
1730779582.710392;/app/bags/user95_2017-02-24.bag;0.834065854549408;0.0;0.9619645476341248;0.0;2.403604411345348;0.40154782656644117;0.5984521734335588
1730779582.9103756;/app/bags/user95_2017-02-24.bag;0.834065854549408;0.0;0.9619645476341248;0.0;2.403604411345348;0.40154782656644117;0.5984521734335588
1730779583.110435;/app/bags/user95_2017-02-24.bag;0.834065854549408;0.0;0.9619645476341248;0.0;2.403604411345348;0.40154782656644117;0.5984521734335588
1730779583.3104022;/app/bags/user95_2017-02-24.bag;0.834065854549408;0.0;0.9619645476341248;0.0;2.403604411345348;0.40154782656644117;0.5984521734335588
1730779583.5103836;/app/bags/user95_2017-02-24.bag;0.834065854549408;0.0;0.9619645476341248;0.0;2.403604411345348;0.40154782656644117;0.5984521734335588
1730779583.710407;/app/bags/user95_2017-02-24.bag;0.834065854549408;0.0;0.9619645476341248;0.0;2.403604411345348;0.40154782656644117;0.5984521734335588
1730779583.9104495;/app/bags/user95_2017-02-24.bag;0.834065854549408;0.0;0.9619645476341248;0.0;2.403604411345348;0.40154782656644117;0.5984521734335588
1730779584.110416;/app/bags/user95_2017-02-24.bag;0.834065854549408;0.0;0.9619645476341248;0.0;2.403604411345348;0.40154782656644117;0.5984521734335588
1730779584.310403;/app/bags/user95_2017-02-24.bag;0.834065854549408;0.0;0.9619645476341248;0.0;2.403604411345348;0.40154782656644117;0.5984521734335588
1730779584.5103793;/app/bags/user95_2017-02-24.bag;0.834065854549408;0.0;0.9619645476341248;0.0;2.403604411345348;0.40154782656644117;0.5984521734335588
1730779584.710407;/app/bags/user95_2017-02-24.bag;0.834065854549408;0.0;0.9619645476341248;0.0;2.403604411345348;0.40154782656644117;0.5984521734335588
1730779584.9103782;/app/bags/user95_2017-02-24.bag;0.834065854549408;0.0;0.9619645476341248;0.0;2.403604411345348;0.40154782656644117;0.5984521734335588
1730779585.1104736;/app/bags/user95_2017-02-24.bag;0.834065854549408;0.0;0.9619645476341248;0.0;2.403604411345348;0.40154782656644117;0.5984521734335588
1730779585.3104045;/app/bags/user95_2017-02-24.bag;0.834065854549408;0.0;0.9619645476341248;0.0;2.403604411345348;0.40154782656644117;0.5984521734335588
1730779585.510365;/app/bags/user95_2017-02-24.bag;0.834065854549408;0.0;0.9619645476341248;0.0;2.403604411345348;0.40154782656644117;0.5984521734335588
1730779585.7103503;/app/bags/user95_2017-02-24.bag;0.834065854549408;0.0;0.9619645476341248;0.0;2.403604411345348;0.40154782656644117;0.5984521734335588
1730779585.9103813;/app/bags/user95_2017-02-24.bag;0.834065854549408;0.0;0.9619645476341248;0.0;2.403604411345348;0.40154782656644117;0.5984521734335588
1730779586.1103952;/app/bags/user95_2017-02-24.bag;0.834065854549408;0.0;0.9619645476341248;0.0;2.403604411345348;0.40154782656644117;0.5984521734335588
1730779586.310376;/app/bags/user95_2017-02-24.bag;0.834065854549408;0.0;0.9619645476341248;0.0;2.403604411345348;0.40154782656644117;0.5984521734335588
1730779586.5103323;/app/bags/user95_2017-02-24.bag;0.834065854549408;0.0;0.9619645476341248;0.0;2.403604411345348;0.40154782656644117;0.5984521734335588
1730779586.7103345;/app/bags/user95_2017-02-24.bag;0.834065854549408;0.0;0.9619645476341248;0.0;2.403604411345348;0.40154782656644117;0.5984521734335588
1730779586.9103925;/app/bags/user95_2017-02-24.bag;0.834065854549408;0.0;0.9619645476341248;0.0;2.403604411345348;0.40154782656644117;0.5984521734335588
1730779587.1103945;/app/bags/user95_2017-02-24.bag;0.834065854549408;0.0;0.9619645476341248;0.0;2.403604411345348;0.40154782656644117;0.5984521734335588
1730779587.3103843;/app/bags/user95_2017-02-24.bag;0.834065854549408;0.0;0.9619645476341248;0.0;2.403604411345348;0.40154782656644117;0.5984521734335588
1730779587.5105052;/app/bags/user95_2017-02-24.bag;0.834065854549408;0.0;0.9619645476341248;0.0;2.403604411345348;0.40154782656644117;0.5984521734335588
1730779587.7103918;/app/bags/user95_2017-02-24.bag;0.834065854549408;0.0;0.9619645476341248;0.0;2.403604411345348;0.40154782656644117;0.5984521734335588
1730779587.9103746;/app/bags/user95_2017-02-24.bag;0.834065854549408;0.0;0.9619645476341248;0.0;2.403604411345348;0.40154782656644117;0.5984521734335588
1730779588.1103892;/app/bags/user95_2017-02-24.bag;0.834065854549408;0.0;0.9619645476341248;0.0;2.403604411345348;0.40154782656644117;0.5984521734335588
1730779588.3103828;/app/bags/user95_2017-02-24.bag;0.834065854549408;0.0;0.9619645476341248;0.0;2.403604411345348;0.40154782656644117;0.5984521734335588
1730779588.5103846;/app/bags/user95_2017-02-24.bag;0.834065854549408;0.0;0.9619645476341248;0.0;2.403604411345348;0.40154782656644117;0.5984521734335588
1730779588.7104006;/app/bags/user95_2017-02-24.bag;0.834065854549408;0.0;0.9619645476341248;0.0;2.403604411345348;0.40154782656644117;0.5984521734335588
1730779588.9104292;/app/bags/user95_2017-02-24.bag;0.834065854549408;0.0;0.9619645476341248;0.0;2.403604411345348;0.40154782656644117;0.5984521734335588
1730779589.1103806;/app/bags/user95_2017-02-24.bag;0.834065854549408;0.0;0.9619645476341248;0.0;2.403604411345348;0.40154782656644117;0.5984521734335588
1730779589.3102708;/app/bags/user95_2017-02-24.bag;0.834065854549408;0.0;0.9619645476341248;0.0;2.403604411345348;0.40154782656644117;0.5984521734335588
1730779589.5103977;/app/bags/user95_2017-02-24.bag;0.834065854549408;0.0;0.9619645476341248;0.0;2.403604411345348;0.40154782656644117;0.5984521734335588
1730779589.7104654;/app/bags/user95_2017-02-24.bag;0.834065854549408;0.0;0.9619645476341248;0.0;2.403604411345348;0.40154782656644117;0.5984521734335588
1730779589.9103878;/app/bags/user95_2017-02-24.bag;0.834065854549408;0.0;0.9619645476341248;0.0;2.403604411345348;0.40154782656644117;0.5984521734335588
1730779590.1103847;/app/bags/user95_2017-02-24.bag;0.834065854549408;0.0;0.9619645476341248;0.0;2.403604411345348;0.40154782656644117;0.5984521734335588
1730779590.310378;/app/bags/user95_2017-02-24.bag;0.834065854549408;0.0;0.9619645476341248;0.0;2.403604411345348;0.40154782656644117;0.5984521734335588
1730779590.510388;/app/bags/user95_2017-02-24.bag;0.834065854549408;0.0;0.9619645476341248;0.0;2.403604411345348;0.40154782656644117;0.5984521734335588
1730779590.7104318;/app/bags/user95_2017-02-24.bag;0.834065854549408;0.0;0.9619645476341248;0.0;2.403604411345348;0.40154782656644117;0.5984521734335588
1730779590.9104025;/app/bags/user95_2017-02-24.bag;0.834065854549408;0.0;0.9619645476341248;0.0;2.403604411345348;0.40154782656644117;0.5984521734335588
1730779591.1103697;/app/bags/user95_2017-02-24.bag;0.834065854549408;0.0;0.9619645476341248;0.0;2.403604411345348;0.40154782656644117;0.5984521734335588
1730779591.3105314;/app/bags/user95_2017-02-24.bag;0.834065854549408;0.0;0.9619645476341248;0.0;2.403604411345348;0.40154782656644117;0.5984521734335588
1730779591.5103936;/app/bags/user95_2017-02-24.bag;0.834065854549408;0.0;0.9619645476341248;0.0;2.403604411345348;0.40154782656644117;0.5984521734335588
1730779591.7103784;/app/bags/user95_2017-02-24.bag;0.834065854549408;0.0;0.9619645476341248;0.0;2.403604411345348;0.40154782656644117;0.5984521734335588
1730779591.9104013;/app/bags/user95_2017-02-24.bag;0.834065854549408;0.0;0.9619645476341248;0.0;2.403604411345348;0.40154782656644117;0.5984521734335588
1730779592.1104007;/app/bags/user95_2017-02-24.bag;0.834065854549408;0.0;0.9619645476341248;0.0;2.403604411345348;0.40154782656644117;0.5984521734335588
1730779592.3103762;/app/bags/user95_2017-02-24.bag;0.834065854549408;0.0;0.9619645476341248;0.0;2.403604411345348;0.40154782656644117;0.5984521734335588
1730779592.510452;/app/bags/user95_2017-02-24.bag;0.834065854549408;0.0;0.9619645476341248;0.0;2.403604411345348;0.40154782656644117;0.5984521734335588
1730779592.7105398;/app/bags/user95_2017-02-24.bag;0.834065854549408;0.0;0.9619645476341248;0.0;2.403604411345348;0.40154782656644117;0.5984521734335588
1730779592.9103806;/app/bags/user95_2017-02-24.bag;0.834065854549408;0.0;0.9619645476341248;0.0;2.403604411345348;0.40154782656644117;0.5984521734335588
1730779593.110366;/app/bags/user95_2017-02-24.bag;0.834065854549408;0.0;0.9619645476341248;0.0;2.403604411345348;0.40154782656644117;0.5984521734335588
1730779593.3103733;/app/bags/user95_2017-02-24.bag;0.834065854549408;0.0;0.9619645476341248;0.0;2.403604411345348;0.40154782656644117;0.5984521734335588
1730779593.51054;/app/bags/user95_2017-02-24.bag;0.834065854549408;0.0;0.9619645476341248;0.0;2.403604411345348;0.40154782656644117;0.5984521734335588
1730779593.710414;/app/bags/user95_2017-02-24.bag;0.834065854549408;0.0;0.9619645476341248;0.0;2.403604411345348;0.40154782656644117;0.5984521734335588
1730779593.9103923;/app/bags/user95_2017-02-24.bag;0.834065854549408;0.0;0.9619645476341248;0.0;2.403604411345348;0.40154782656644117;0.5984521734335588
1730779594.1104133;/app/bags/user95_2017-02-24.bag;0.834065854549408;0.0;0.9619645476341248;0.0;2.403604411345348;0.40154782656644117;0.5984521734335588
1730779594.3103893;/app/bags/user95_2017-02-24.bag;0.834065854549408;0.0;0.9619645476341248;0.0;2.403604411345348;0.40154782656644117;0.5984521734335588
1730779594.5103905;/app/bags/user95_2017-02-24.bag;0.834065854549408;0.0;0.9619645476341248;0.0;2.403604411345348;0.40154782656644117;0.5984521734335588
1730779594.710376;/app/bags/user95_2017-02-24.bag;0.834065854549408;0.0;0.9619645476341248;0.0;2.403604411345348;0.40154782656644117;0.5984521734335588
1730779594.9103677;/app/bags/user95_2017-02-24.bag;0.834065854549408;0.0;0.9619645476341248;0.0;2.403604411345348;0.40154782656644117;0.5984521734335588
1730779595.1107757;/app/bags/user95_2017-02-24.bag;0.834065854549408;0.0;0.9619645476341248;0.0;2.403604411345348;0.40154782656644117;0.5984521734335588
1730779595.310429;/app/bags/user95_2017-02-24.bag;0.834065854549408;0.0;0.9619645476341248;0.0;2.403604411345348;0.40154782656644117;0.5984521734335588
1730779595.5104175;/app/bags/user95_2017-02-24.bag;0.834065854549408;0.0;0.9619645476341248;0.0;2.403604411345348;0.40154782656644117;0.5984521734335588
1730779595.7103653;/app/bags/user95_2017-02-24.bag;0.834065854549408;0.0;0.9619645476341248;0.0;2.403604411345348;0.40154782656644117;0.5984521734335588
1730779595.9103584;/app/bags/user95_2017-02-24.bag;0.834065854549408;0.0;0.9619645476341248;0.0;2.403604411345348;0.40154782656644117;0.5984521734335588
1730779596.1104178;/app/bags/user95_2017-02-24.bag;0.834065854549408;0.0;0.9619645476341248;0.0;2.403604411345348;0.40154782656644117;0.5984521734335588
1730779596.3103757;/app/bags/user95_2017-02-24.bag;0.834065854549408;0.0;0.9619645476341248;0.0;2.403604411345348;0.40154782656644117;0.5984521734335588
1730779596.5103824;/app/bags/user95_2017-02-24.bag;0.834065854549408;0.0;0.9619645476341248;0.0;2.403604411345348;0.40154782656644117;0.5984521734335588
1730779596.7104263;/app/bags/user95_2017-02-24.bag;0.834065854549408;0.0;0.9619645476341248;0.0;2.403604411345348;0.40154782656644117;0.5984521734335588
1730779596.9104133;/app/bags/user95_2017-02-24.bag;0.834065854549408;0.0;0.9619645476341248;0.0;2.403604411345348;0.40154782656644117;0.5984521734335588
1730779597.1103833;/app/bags/user95_2017-02-24.bag;0.834065854549408;0.0;0.9619645476341248;0.0;2.403604411345348;0.40154782656644117;0.5984521734335588
1730779597.3103433;/app/bags/user95_2017-02-24.bag;0.834065854549408;0.0;0.9619645476341248;0.0;2.403604411345348;0.40154782656644117;0.5984521734335588
1730779597.51039;/app/bags/user95_2017-02-24.bag;0.834065854549408;0.0;0.9619645476341248;0.0;2.403604411345348;0.40154782656644117;0.5984521734335588
1730779597.710376;/app/bags/user95_2017-02-24.bag;0.834065854549408;0.0;0.9619645476341248;0.0;2.403604411345348;0.40154782656644117;0.5984521734335588
1730779597.9104009;/app/bags/user95_2017-02-24.bag;0.834065854549408;0.0;0.9619645476341248;0.0;2.403604411345348;0.40154782656644117;0.5984521734335588
1730779598.1103764;/app/bags/user95_2017-02-24.bag;0.834065854549408;0.0;0.9619645476341248;0.0;2.403604411345348;0.40154782656644117;0.5984521734335588
1730779598.310386;/app/bags/user95_2017-02-24.bag;0.834065854549408;0.0;0.9619645476341248;0.0;2.403604411345348;0.40154782656644117;0.5984521734335588
1730779598.5104265;/app/bags/user95_2017-02-24.bag;0.834065854549408;0.0;0.9619645476341248;0.0;2.403604411345348;0.40154782656644117;0.5984521734335588
1730779598.710397;/app/bags/user95_2017-02-24.bag;0.834065854549408;0.0;0.9619645476341248;0.0;2.403604411345348;0.40154782656644117;0.5984521734335588
1730779598.9103537;/app/bags/user95_2017-02-24.bag;0.834065854549408;0.0;0.9619645476341248;0.0;2.403604411345348;0.40154782656644117;0.5984521734335588
1730779599.110396;/app/bags/user95_2017-02-24.bag;0.834065854549408;0.0;0.9619645476341248;0.0;2.403604411345348;0.40154782656644117;0.5984521734335588
1730779599.3103912;/app/bags/user95_2017-02-24.bag;0.834065854549408;0.0;0.9619645476341248;0.0;2.403604411345348;0.40154782656644117;0.5984521734335588
1730779599.5103946;/app/bags/user95_2017-02-24.bag;0.834065854549408;0.0;0.9619645476341248;0.0;2.403604411345348;0.40154782656644117;0.5984521734335588
1730779599.7104921;/app/bags/user95_2017-02-24.bag;0.834065854549408;0.0;0.9619645476341248;0.0;2.403604411345348;0.40154782656644117;0.5984521734335588
1730779599.910458;/app/bags/user95_2017-02-24.bag;0.834065854549408;0.0;0.9619645476341248;0.0;2.403604411345348;0.40154782656644117;0.5984521734335588
1730779600.1103914;/app/bags/user95_2017-02-24.bag;0.834065854549408;0.0;0.9619645476341248;0.0;2.403604411345348;0.40154782656644117;0.5984521734335588
1730779600.3104684;/app/bags/user95_2017-02-24.bag;0.834065854549408;0.0;0.9619645476341248;0.0;2.403604411345348;0.40154782656644117;0.5984521734335588
1730779600.510393;/app/bags/user95_2017-02-24.bag;0.834065854549408;0.0;0.9619645476341248;0.0;2.403604411345348;0.40154782656644117;0.5984521734335588
1730779600.7103875;/app/bags/user95_2017-02-24.bag;0.834065854549408;0.0;0.9619645476341248;0.0;2.403604411345348;0.40154782656644117;0.5984521734335588
1730779600.9104254;/app/bags/user95_2017-02-24.bag;0.834065854549408;0.0;0.9619645476341248;0.0;2.403604411345348;0.40154782656644117;0.5984521734335588
1730779601.110367;/app/bags/user95_2017-02-24.bag;0.834065854549408;0.0;0.9619645476341248;0.0;2.403604411345348;0.40154782656644117;0.5984521734335588
1730779601.3104181;/app/bags/user95_2017-02-24.bag;0.834065854549408;0.0;0.9619645476341248;0.0;2.403604411345348;0.40154782656644117;0.5984521734335588
1730779601.5103958;/app/bags/user95_2017-02-24.bag;0.834065854549408;0.0;0.9619645476341248;0.0;2.403604411345348;0.40154782656644117;0.5984521734335588
1730779601.7103827;/app/bags/user95_2017-02-24.bag;0.834065854549408;0.0;0.9619645476341248;0.0;2.403604411345348;0.40154782656644117;0.5984521734335588
1730779601.9103944;/app/bags/user95_2017-02-24.bag;0.834065854549408;0.0;0.9619645476341248;0.0;2.403604411345348;0.40154782656644117;0.5984521734335588
1730779602.1104095;/app/bags/user95_2017-02-24.bag;0.834065854549408;0.0;0.9619645476341248;0.0;2.403604411345348;0.40154782656644117;0.5984521734335588
1730779602.3104587;/app/bags/user95_2017-02-24.bag;0.834065854549408;0.0;0.9619645476341248;0.0;2.403604411345348;0.40154782656644117;0.5984521734335588
1730779602.5103917;/app/bags/user95_2017-02-24.bag;0.834065854549408;0.0;0.9619645476341248;0.0;2.403604411345348;0.40154782656644117;0.5984521734335588
1730779602.7103589;/app/bags/user95_2017-02-24.bag;0.834065854549408;0.0;0.9619645476341248;0.0;2.403604411345348;0.40154782656644117;0.5984521734335588
1730779602.910372;/app/bags/user95_2017-02-24.bag;0.834065854549408;0.0;0.9619645476341248;0.0;2.403604411345348;0.40154782656644117;0.5984521734335588
1730779603.1103928;/app/bags/user95_2017-02-24.bag;0.834065854549408;0.0;0.9619645476341248;0.0;2.403604411345348;0.40154782656644117;0.5984521734335588
1730779603.310385;/app/bags/user95_2017-02-24.bag;0.834065854549408;0.0;0.9619645476341248;0.0;2.403604411345348;0.40154782656644117;0.5984521734335588
1730779603.5104046;/app/bags/user95_2017-02-24.bag;0.834065854549408;0.0;0.9619645476341248;0.0;2.403604411345348;0.40154782656644117;0.5984521734335588
1730779603.7104151;/app/bags/user95_2017-02-24.bag;0.834065854549408;0.0;0.9619645476341248;0.0;2.403604411345348;0.40154782656644117;0.5984521734335588
1730779603.9103456;/app/bags/user95_2017-02-24.bag;0.834065854549408;0.0;0.9619645476341248;0.0;2.403604411345348;0.40154782656644117;0.5984521734335588
1730779604.1104388;/app/bags/user95_2017-02-24.bag;0.834065854549408;0.0;0.9619645476341248;0.0;2.403604411345348;0.40154782656644117;0.5984521734335588
1730779604.310387;/app/bags/user95_2017-02-24.bag;0.834065854549408;0.0;0.9619645476341248;0.0;2.403604411345348;0.40154782656644117;0.5984521734335588
1730779604.5103788;/app/bags/user95_2017-02-24.bag;0.834065854549408;0.0;0.9619645476341248;0.0;2.403604411345348;0.40154782656644117;0.5984521734335588
1730779604.7103899;/app/bags/user95_2017-02-24.bag;0.834065854549408;0.0;0.9619645476341248;0.0;2.403604411345348;0.40154782656644117;0.5984521734335588
1730779604.9103851;/app/bags/user95_2017-02-24.bag;0.834065854549408;0.0;0.9619645476341248;0.0;2.403604411345348;0.40154782656644117;0.5984521734335588
1730779605.110421;/app/bags/user95_2017-02-24.bag;0.834065854549408;0.0;0.9619645476341248;0.0;2.403604411345348;0.40154782656644117;0.5984521734335588
1730779605.310417;/app/bags/user95_2017-02-24.bag;0.834065854549408;0.0;0.9619645476341248;0.0;2.403604411345348;0.40154782656644117;0.5984521734335588
1730779605.510411;/app/bags/user95_2017-02-24.bag;0.834065854549408;0.0;0.9619645476341248;0.0;2.403604411345348;0.40154782656644117;0.5984521734335588
1730779605.7103944;/app/bags/user95_2017-02-24.bag;0.834065854549408;0.0;0.9619645476341248;0.0;2.403604411345348;0.40154782656644117;0.5984521734335588
1730779605.9104748;/app/bags/user95_2017-02-24.bag;0.834065854549408;0.0;0.9619645476341248;0.0;2.403604411345348;0.40154782656644117;0.5984521734335588
1730779606.1103945;/app/bags/user95_2017-02-24.bag;0.834065854549408;0.0;0.9619645476341248;0.0;2.403604411345348;0.40154782656644117;0.5984521734335588
1730779606.3103807;/app/bags/user95_2017-02-24.bag;0.834065854549408;0.0;0.9619645476341248;0.0;2.403604411345348;0.40154782656644117;0.5984521734335588
1730779606.51037;/app/bags/user95_2017-02-24.bag;0.834065854549408;0.0;0.9619645476341248;0.0;2.403604411345348;0.40154782656644117;0.5984521734335588
1730779606.710468;/app/bags/user95_2017-02-24.bag;0.834065854549408;0.0;0.9619645476341248;0.0;2.403604411345348;0.40154782656644117;0.5984521734335588
1730779606.9103808;/app/bags/user95_2017-02-24.bag;0.834065854549408;0.0;0.9619645476341248;0.0;2.403604411345348;0.40154782656644117;0.5984521734335588
1730779607.1104298;/app/bags/user95_2017-02-24.bag;0.834065854549408;0.0;0.9619645476341248;0.0;2.403604411345348;0.40154782656644117;0.5984521734335588
1730779607.3103926;/app/bags/user95_2017-02-24.bag;0.834065854549408;0.0;0.9619645476341248;0.0;2.403604411345348;0.40154782656644117;0.5984521734335588
1730779607.5104306;/app/bags/user95_2017-02-24.bag;0.834065854549408;0.0;0.9619645476341248;0.0;2.403604411345348;0.40154782656644117;0.5984521734335588
1730779607.7103667;/app/bags/user95_2017-02-24.bag;0.834065854549408;0.0;0.9619645476341248;0.0;2.403604411345348;0.40154782656644117;0.5984521734335588
1730779607.9103742;/app/bags/user95_2017-02-24.bag;0.834065854549408;0.0;0.9619645476341248;0.0;2.403604411345348;0.40154782656644117;0.5984521734335588
1730779608.1104157;/app/bags/user95_2017-02-24.bag;0.834065854549408;0.0;0.9619645476341248;0.0;2.403604411345348;0.40154782656644117;0.5984521734335588
1730779608.3103797;/app/bags/user95_2017-02-24.bag;0.834065854549408;0.0;0.9619645476341248;0.0;2.403604411345348;0.40154782656644117;0.5984521734335588
1730779608.5103989;/app/bags/user95_2017-02-24.bag;0.834065854549408;0.0;0.9619645476341248;0.0;2.403604411345348;0.40154782656644117;0.5984521734335588
1730779608.7103956;/app/bags/user95_2017-02-24.bag;0.834065854549408;0.0;0.9619645476341248;0.0;2.403604411345348;0.40154782656644117;0.5984521734335588
1730779608.9103954;/app/bags/user95_2017-02-24.bag;0.834065854549408;0.0;0.9619645476341248;0.0;2.403604411345348;0.40154782656644117;0.5984521734335588
1730779609.1103797;/app/bags/user95_2017-02-24.bag;0.834065854549408;0.0;0.9619645476341248;0.0;2.403604411345348;0.40154782656644117;0.5984521734335588
1730779609.3103948;/app/bags/user95_2017-02-24.bag;0.834065854549408;0.0;0.9619645476341248;0.0;2.403604411345348;0.40154782656644117;0.5984521734335588
1730779609.5103865;/app/bags/user95_2017-02-24.bag;0.834065854549408;0.0;0.9619645476341248;0.0;2.403604411345348;0.40154782656644117;0.5984521734335588
1730779609.7103822;/app/bags/user95_2017-02-24.bag;0.834065854549408;0.0;0.9619645476341248;0.0;2.403604411345348;0.40154782656644117;0.5984521734335588
1730779609.910358;/app/bags/user95_2017-02-24.bag;0.834065854549408;0.0;0.9619645476341248;0.0;2.403604411345348;0.40154782656644117;0.5984521734335588
1730779610.1104257;/app/bags/user95_2017-02-24.bag;0.834065854549408;0.0;0.9619645476341248;0.0;2.403604411345348;0.40154782656644117;0.5984521734335588
1730779610.3104396;/app/bags/user95_2017-02-24.bag;0.834065854549408;0.0;0.9619645476341248;0.0;2.403604411345348;0.40154782656644117;0.5984521734335588
1730779610.5103424;/app/bags/user95_2017-02-24.bag;0.834065854549408;0.0;0.9619645476341248;0.0;2.403604411345348;0.40154782656644117;0.5984521734335588
1730779610.7103794;/app/bags/user95_2017-02-24.bag;0.834065854549408;0.0;0.9619645476341248;0.0;2.403604411345348;0.40154782656644117;0.5984521734335588
1730779610.9103844;/app/bags/user95_2017-02-24.bag;0.834065854549408;0.0;0.9619645476341248;0.0;2.403604411345348;0.40154782656644117;0.5984521734335588
1730779611.1104357;/app/bags/user95_2017-02-24.bag;0.834065854549408;0.0;0.9619645476341248;0.0;2.403604411345348;0.40154782656644117;0.5984521734335588
1730779611.3103817;/app/bags/user95_2017-02-24.bag;0.834065854549408;0.0;0.9619645476341248;0.0;2.403604411345348;0.40154782656644117;0.5984521734335588
1730779611.5104067;/app/bags/user95_2017-02-24.bag;0.834065854549408;0.0;0.9619645476341248;0.0;2.403604411345348;0.40154782656644117;0.5984521734335588
1730779611.7104003;/app/bags/user95_2017-02-24.bag;0.834065854549408;0.0;0.9619645476341248;0.0;2.403604411345348;0.40154782656644117;0.5984521734335588
1730779611.9103875;/app/bags/user95_2017-02-24.bag;0.834065854549408;0.0;0.9619645476341248;0.0;2.403604411345348;0.40154782656644117;0.5984521734335588
1730779612.1104195;/app/bags/user95_2017-02-24.bag;0.834065854549408;0.0;0.9619645476341248;0.0;2.403604411345348;0.40154782656644117;0.5984521734335588
1730779612.3103585;/app/bags/user95_2017-02-24.bag;0.834065854549408;0.0;0.9619645476341248;0.0;2.403604411345348;0.40154782656644117;0.5984521734335588
1730779612.5103502;/app/bags/user95_2017-02-24.bag;0.834065854549408;0.0;0.9619645476341248;0.0;2.403604411345348;0.40154782656644117;0.5984521734335588
1730779612.710376;/app/bags/user95_2017-02-24.bag;0.834065854549408;0.0;0.9619645476341248;0.0;2.403604411345348;0.40154782656644117;0.5984521734335588
1730779612.9104154;/app/bags/user95_2017-02-24.bag;0.834065854549408;0.0;0.9619645476341248;0.0;2.403604411345348;0.40154782656644117;0.5984521734335588
1730779613.110381;/app/bags/user95_2017-02-24.bag;0.834065854549408;0.0;0.9619645476341248;0.0;2.403604411345348;0.40154782656644117;0.5984521734335588
1730779613.3103824;/app/bags/user95_2017-02-24.bag;0.834065854549408;0.0;0.9619645476341248;0.0;2.403604411345348;0.40154782656644117;0.5984521734335588
1730779613.5103948;/app/bags/user95_2017-02-24.bag;0.834065854549408;0.0;0.9619645476341248;0.0;2.403604411345348;0.40154782656644117;0.5984521734335588
1730779613.7103877;/app/bags/user95_2017-02-24.bag;0.834065854549408;0.0;0.9619645476341248;0.0;2.403604411345348;0.40154782656644117;0.5984521734335588
1730779613.910398;/app/bags/user95_2017-02-24.bag;0.834065854549408;0.0;0.9619645476341248;0.0;2.403604411345348;0.40154782656644117;0.5984521734335588
1730779614.1103835;/app/bags/user95_2017-02-24.bag;0.834065854549408;0.0;0.9619645476341248;0.0;2.403604411345348;0.40154782656644117;0.5984521734335588
1730779614.3104272;/app/bags/user95_2017-02-24.bag;0.834065854549408;0.0;0.9619645476341248;0.0;2.403604411345348;0.40154782656644117;0.5984521734335588
1730779614.5104368;/app/bags/user95_2017-02-24.bag;0.834065854549408;0.0;0.9619645476341248;0.0;2.403604411345348;0.40154782656644117;0.5984521734335588
1730779614.710383;/app/bags/user95_2017-02-24.bag;0.834065854549408;0.0;0.9619645476341248;0.0;2.403604411345348;0.40154782656644117;0.5984521734335588
1730779614.9104466;/app/bags/user95_2017-02-24.bag;0.834065854549408;0.0;0.9619645476341248;0.0;2.403604411345348;0.40154782656644117;0.5984521734335588
1730779615.110381;/app/bags/user95_2017-02-24.bag;0.834065854549408;0.0;0.9619645476341248;0.0;2.403604411345348;0.40154782656644117;0.5984521734335588
1730779615.3104246;/app/bags/user95_2017-02-24.bag;0.834065854549408;0.0;0.9619645476341248;0.0;2.403604411345348;0.40154782656644117;0.5984521734335588
1730779615.510393;/app/bags/user95_2017-02-24.bag;0.834065854549408;0.0;0.9619645476341248;0.0;2.403604411345348;0.40154782656644117;0.5984521734335588
1730779615.7103899;/app/bags/user95_2017-02-24.bag;0.834065854549408;0.0;0.9619645476341248;0.0;2.403604411345348;0.40154782656644117;0.5984521734335588
1730779615.910423;/app/bags/user95_2017-02-24.bag;0.834065854549408;0.0;0.9619645476341248;0.0;2.403604411345348;0.40154782656644117;0.5984521734335588
1730779616.1103709;/app/bags/user95_2017-02-24.bag;0.834065854549408;0.0;0.9619645476341248;0.0;2.403604411345348;0.40154782656644117;0.5984521734335588
1730779616.3103938;/app/bags/user95_2017-02-24.bag;0.834065854549408;0.0;0.9619645476341248;0.0;2.403604411345348;0.40154782656644117;0.5984521734335588
1730779616.5104527;/app/bags/user95_2017-02-24.bag;0.834065854549408;0.0;0.9619645476341248;0.0;2.403604411345348;0.40154782656644117;0.5984521734335588
1730779616.7103653;/app/bags/user95_2017-02-24.bag;0.834065854549408;0.0;0.9619645476341248;0.0;2.403604411345348;0.40154782656644117;0.5984521734335588
1730779616.9104419;/app/bags/user95_2017-02-24.bag;0.834065854549408;0.0;0.9619645476341248;0.0;2.403604411345348;0.40154782656644117;0.5984521734335588
1730779617.1104681;/app/bags/user95_2017-02-24.bag;0.834065854549408;0.0;0.9619645476341248;0.0;2.403604411345348;0.40154782656644117;0.5984521734335588
1730779617.3103693;/app/bags/user95_2017-02-24.bag;0.834065854549408;0.0;0.9619645476341248;0.0;2.403604411345348;0.40154782656644117;0.5984521734335588
1730779617.5103939;/app/bags/user95_2017-02-24.bag;0.834065854549408;0.0;0.9619645476341248;0.0;2.403604411345348;0.40154782656644117;0.5984521734335588
1730779617.7103722;/app/bags/user95_2017-02-24.bag;0.834065854549408;0.0;0.9619645476341248;0.0;2.403604411345348;0.40154782656644117;0.5984521734335588
1730779617.9106317;/app/bags/user95_2017-02-24.bag;0.834065854549408;0.0;0.9619645476341248;0.0;2.403604411345348;0.40154782656644117;0.5984521734335588
1730779618.1103911;/app/bags/user95_2017-02-24.bag;0.834065854549408;0.0;0.9619645476341248;0.0;2.403604411345348;0.40154782656644117;0.5984521734335588
1730779618.310389;/app/bags/user95_2017-02-24.bag;0.834065854549408;0.0;0.9619645476341248;0.0;2.403604411345348;0.40154782656644117;0.5984521734335588
1730779618.5103965;/app/bags/user95_2017-02-24.bag;0.834065854549408;0.0;0.9619645476341248;0.0;2.403604411345348;0.40154782656644117;0.5984521734335588
1730779618.7104082;/app/bags/user95_2017-02-24.bag;0.834065854549408;0.0;0.9619645476341248;0.0;2.403604411345348;0.40154782656644117;0.5984521734335588
1730779618.9103718;/app/bags/user95_2017-02-24.bag;0.834065854549408;0.0;0.9619645476341248;0.0;2.403604411345348;0.40154782656644117;0.5984521734335588
1730779619.110387;/app/bags/user95_2017-02-24.bag;0.834065854549408;0.0;0.9619645476341248;0.0;2.403604411345348;0.40154782656644117;0.5984521734335588
1730779619.3104243;/app/bags/user95_2017-02-24.bag;0.834065854549408;0.0;0.9619645476341248;0.0;2.403604411345348;0.40154782656644117;0.5984521734335588
1730779619.510366;/app/bags/user95_2017-02-24.bag;0.834065854549408;0.0;0.9619645476341248;0.0;2.403604411345348;0.40154782656644117;0.5984521734335588
1730779619.7103827;/app/bags/user95_2017-02-24.bag;0.834065854549408;0.0;0.9619645476341248;0.0;2.403604411345348;0.40154782656644117;0.5984521734335588
1730779619.9104583;/app/bags/user95_2017-02-24.bag;0.834065854549408;0.0;0.9619645476341248;0.0;2.403604411345348;0.40154782656644117;0.5984521734335588
1730779620.1103826;/app/bags/user95_2017-02-24.bag;0.834065854549408;0.0;0.9619645476341248;0.0;2.403604411345348;0.40154782656644117;0.5984521734335588
1730779620.3103557;/app/bags/user95_2017-02-24.bag;0.834065854549408;0.0;0.9619645476341248;0.0;2.403604411345348;0.40154782656644117;0.5984521734335588
1730779620.5103555;/app/bags/user95_2017-02-24.bag;0.834065854549408;0.0;0.9619645476341248;0.0;2.403604411345348;0.40154782656644117;0.5984521734335588
1730779620.7103703;/app/bags/user95_2017-02-24.bag;0.834065854549408;0.0;0.9619645476341248;0.0;2.403604411345348;0.40154782656644117;0.5984521734335588
1730779620.9104116;/app/bags/user95_2017-02-24.bag;0.834065854549408;0.0;0.9619645476341248;0.0;2.403604411345348;0.40154782656644117;0.5984521734335588
1730779621.1105618;/app/bags/user95_2017-02-24.bag;0.834065854549408;0.0;0.9619645476341248;0.0;2.403604411345348;0.40154782656644117;0.5984521734335588
1730779621.3104281;/app/bags/user95_2017-02-24.bag;0.834065854549408;0.0;0.9619645476341248;0.0;2.403604411345348;0.40154782656644117;0.5984521734335588
1730779621.510396;/app/bags/user95_2017-02-24.bag;0.834065854549408;0.0;0.9619645476341248;0.0;2.403604411345348;0.40154782656644117;0.5984521734335588
1730779621.7103577;/app/bags/user95_2017-02-24.bag;0.834065854549408;0.0;0.9619645476341248;0.0;2.403604411345348;0.40154782656644117;0.5984521734335588
1730779621.9104147;/app/bags/user95_2017-02-24.bag;0.834065854549408;0.0;0.9619645476341248;0.0;2.403604411345348;0.40154782656644117;0.5984521734335588
1730779622.1104023;/app/bags/user95_2017-02-24.bag;0.834065854549408;0.0;0.9619645476341248;0.0;2.403604411345348;0.40154782656644117;0.5984521734335588
1730779622.310382;/app/bags/user95_2017-02-24.bag;0.834065854549408;0.0;0.9619645476341248;0.0;2.403604411345348;0.40154782656644117;0.5984521734335588
1730779622.510395;/app/bags/user95_2017-02-24.bag;0.834065854549408;0.0;0.9619645476341248;0.0;2.403604411345348;0.40154782656644117;0.5984521734335588
1730779622.710347;/app/bags/user95_2017-02-24.bag;0.834065854549408;0.0;0.9619645476341248;0.0;2.403604411345348;0.40154782656644117;0.5984521734335588
1730779622.9104123;/app/bags/user95_2017-02-24.bag;0.834065854549408;0.0;0.9619645476341248;0.0;2.403604411345348;0.40154782656644117;0.5984521734335588
1730779623.110376;/app/bags/user95_2017-02-24.bag;0.834065854549408;0.0;0.9619645476341248;0.0;2.403604411345348;0.40154782656644117;0.5984521734335588
1730779623.310456;/app/bags/user95_2017-02-24.bag;0.834065854549408;0.0;0.9619645476341248;0.0;2.403604411345348;0.40154782656644117;0.5984521734335588
1730779623.5103965;/app/bags/user95_2017-02-24.bag;0.834065854549408;0.0;0.9619645476341248;0.0;2.403604411345348;0.40154782656644117;0.5984521734335588
1730779623.71038;/app/bags/user95_2017-02-24.bag;0.834065854549408;0.0;0.9619645476341248;0.0;2.403604411345348;0.40154782656644117;0.5984521734335588
1730779623.9104528;/app/bags/user95_2017-02-24.bag;0.834065854549408;0.0;0.9619645476341248;0.0;2.403604411345348;0.40154782656644117;0.5984521734335588
1730779624.1103795;/app/bags/user95_2017-02-24.bag;0.834065854549408;0.0;0.9619645476341248;0.0;2.403604411345348;0.40154782656644117;0.5984521734335588
1730779624.310386;/app/bags/user95_2017-02-24.bag;0.834065854549408;0.0;0.9619645476341248;0.0;2.403604411345348;0.40154782656644117;0.5984521734335588
1730779624.510401;/app/bags/user95_2017-02-24.bag;0.834065854549408;0.0;0.9619645476341248;0.0;2.403604411345348;0.40154782656644117;0.5984521734335588
1730779624.7103813;/app/bags/user95_2017-02-24.bag;0.834065854549408;0.0;0.9619645476341248;0.0;2.403604411345348;0.40154782656644117;0.5984521734335588
1730779624.9104064;/app/bags/user95_2017-02-24.bag;0.834065854549408;0.0;0.9619645476341248;0.0;2.403604411345348;0.40154782656644117;0.5984521734335588
1730779625.1104183;/app/bags/user95_2017-02-24.bag;0.834065854549408;0.0;0.9619645476341248;0.0;2.403604411345348;0.40154782656644117;0.5984521734335588
1730779625.3103628;/app/bags/user95_2017-02-24.bag;0.834065854549408;0.0;0.9619645476341248;0.0;2.403604411345348;0.40154782656644117;0.5984521734335588
1730779625.5105326;/app/bags/user95_2017-02-24.bag;0.834065854549408;0.0;0.9619645476341248;0.0;2.403604411345348;0.40154782656644117;0.5984521734335588
1730779625.7103672;/app/bags/user95_2017-02-24.bag;0.834065854549408;0.0;0.9619645476341248;0.0;2.403604411345348;0.40154782656644117;0.5984521734335588
1730779625.910345;/app/bags/user95_2017-02-24.bag;0.834065854549408;0.0;0.9619645476341248;0.0;2.403604411345348;0.40154782656644117;0.5984521734335588
1730779626.1103864;/app/bags/user95_2017-02-24.bag;0.834065854549408;0.0;0.9619645476341248;0.0;2.403604411345348;0.40154782656644117;0.5984521734335588
1730779626.3103755;/app/bags/user95_2017-02-24.bag;0.834065854549408;0.0;0.9619645476341248;0.0;2.403604411345348;0.40154782656644117;0.5984521734335588
1730779626.5103881;/app/bags/user95_2017-02-24.bag;0.834065854549408;0.0;0.9619645476341248;0.0;2.403604411345348;0.40154782656644117;0.5984521734335588
1730779626.710443;/app/bags/user95_2017-02-24.bag;0.834065854549408;0.0;0.9619645476341248;0.0;2.403604411345348;0.40154782656644117;0.5984521734335588
1730779626.910407;/app/bags/user95_2017-02-24.bag;0.834065854549408;0.0;0.9619645476341248;0.0;2.403604411345348;0.40154782656644117;0.5984521734335588
1730779627.1104085;/app/bags/user95_2017-02-24.bag;0.834065854549408;0.0;0.9619645476341248;0.0;2.403604411345348;0.40154782656644117;0.5984521734335588
1730779627.310365;/app/bags/user95_2017-02-24.bag;0.834065854549408;0.0;0.9619645476341248;0.0;2.403604411345348;0.40154782656644117;0.5984521734335588
1730779627.5103898;/app/bags/user95_2017-02-24.bag;0.834065854549408;0.0;0.9619645476341248;0.0;2.403604411345348;0.40154782656644117;0.5984521734335588
1730779627.7103806;/app/bags/user95_2017-02-24.bag;0.834065854549408;0.0;0.9619645476341248;0.0;2.403604411345348;0.40154782656644117;0.5984521734335588
1730779627.9103928;/app/bags/user95_2017-02-24.bag;0.834065854549408;0.0;0.9619645476341248;0.0;2.403604411345348;0.40154782656644117;0.5984521734335588
1730779628.1103668;/app/bags/user95_2017-02-24.bag;0.834065854549408;0.0;0.9619645476341248;0.0;2.403604411345348;0.40154782656644117;0.5984521734335588
1730779628.3103926;/app/bags/user95_2017-02-24.bag;0.834065854549408;0.0;0.9619645476341248;0.0;2.403604411345348;0.40154782656644117;0.5984521734335588
1730779628.5104423;/app/bags/user95_2017-02-24.bag;0.834065854549408;0.0;0.9619645476341248;0.0;2.403604411345348;0.40154782656644117;0.5984521734335588
1730779628.7103891;/app/bags/user95_2017-02-24.bag;0.834065854549408;0.0;0.9619645476341248;0.0;2.403604411345348;0.40154782656644117;0.5984521734335588
1730779628.9103985;/app/bags/user95_2017-02-24.bag;0.834065854549408;0.0;0.9619645476341248;0.0;2.403604411345348;0.40154782656644117;0.5984521734335588
1730779629.110382;/app/bags/user95_2017-02-24.bag;0.834065854549408;0.0;0.9619645476341248;0.0;2.403604411345348;0.40154782656644117;0.5984521734335588
1730779629.3103812;/app/bags/user95_2017-02-24.bag;0.834065854549408;0.0;0.9619645476341248;0.0;2.403604411345348;0.40154782656644117;0.5984521734335588
1730779629.5103464;/app/bags/user95_2017-02-24.bag;0.834065854549408;0.0;0.9619645476341248;0.0;2.403604411345348;0.40154782656644117;0.5984521734335588
1730779629.7103717;/app/bags/user95_2017-02-24.bag;0.834065854549408;0.0;0.9619645476341248;0.0;2.403604411345348;0.40154782656644117;0.5984521734335588
1730779629.9104066;/app/bags/user95_2017-02-24.bag;0.834065854549408;0.0;0.9619645476341248;0.0;2.403604411345348;0.40154782656644117;0.5984521734335588
1730779630.110381;/app/bags/user95_2017-02-24.bag;0.834065854549408;0.0;0.9619645476341248;0.0;2.403604411345348;0.40154782656644117;0.5984521734335588
1730779630.3103476;/app/bags/user95_2017-02-24.bag;0.834065854549408;0.0;0.9619645476341248;0.0;2.403604411345348;0.40154782656644117;0.5984521734335588
1730779630.5103846;/app/bags/user95_2017-02-24.bag;0.834065854549408;0.0;0.9619645476341248;0.0;2.403604411345348;0.40154782656644117;0.5984521734335588
1730779630.71039;/app/bags/user95_2017-02-24.bag;0.834065854549408;0.0;0.9619645476341248;0.0;2.403604411345348;0.40154782656644117;0.5984521734335588
1730779630.9103684;/app/bags/user95_2017-02-24.bag;0.834065854549408;0.0;0.9619645476341248;0.0;2.403604411345348;0.40154782656644117;0.5984521734335588
1730779631.1104145;/app/bags/user95_2017-02-24.bag;0.834065854549408;0.0;0.9619645476341248;0.0;2.403604411345348;0.40154782656644117;0.5984521734335588
1730779631.310378;/app/bags/user95_2017-02-24.bag;0.834065854549408;0.0;0.9619645476341248;0.0;2.403604411345348;0.40154782656644117;0.5984521734335588
1730779631.5103703;/app/bags/user95_2017-02-24.bag;0.834065854549408;0.0;0.9619645476341248;0.0;2.403604411345348;0.40154782656644117;0.5984521734335588
1730779631.7103975;/app/bags/user95_2017-02-24.bag;0.834065854549408;0.0;0.9619645476341248;0.0;2.403604411345348;0.40154782656644117;0.5984521734335588
1730779631.9104037;/app/bags/user95_2017-02-24.bag;0.834065854549408;0.0;0.9619645476341248;0.0;2.403604411345348;0.40154782656644117;0.5984521734335588
1730779632.1103575;/app/bags/user95_2017-02-24.bag;0.834065854549408;0.0;0.9619645476341248;0.0;2.403604411345348;0.40154782656644117;0.5984521734335588
1730779632.310376;/app/bags/user95_2017-02-24.bag;0.834065854549408;0.0;0.9619645476341248;0.0;2.403604411345348;0.40154782656644117;0.5984521734335588
1730779632.5103867;/app/bags/user95_2017-02-24.bag;0.834065854549408;0.0;0.9619645476341248;0.0;2.403604411345348;0.40154782656644117;0.5984521734335588
1730779632.7104204;/app/bags/user95_2017-02-24.bag;0.834065854549408;0.0;0.9619645476341248;0.0;2.403604411345348;0.40154782656644117;0.5984521734335588
1730779632.9105093;/app/bags/user95_2017-02-24.bag;0.834065854549408;0.0;0.9619645476341248;0.0;2.403604411345348;0.40154782656644117;0.5984521734335588
1730779633.110371;/app/bags/user95_2017-02-24.bag;0.834065854549408;0.0;0.9619645476341248;0.0;2.403604411345348;0.40154782656644117;0.5984521734335588
1730779633.3104155;/app/bags/user95_2017-02-24.bag;0.834065854549408;0.0;0.9619645476341248;0.0;2.403604411345348;0.40154782656644117;0.5984521734335588
1730779633.510379;/app/bags/user95_2017-02-24.bag;0.834065854549408;0.0;0.9619645476341248;0.0;2.403604411345348;0.40154782656644117;0.5984521734335588
1730779633.7104523;/app/bags/user95_2017-02-24.bag;0.834065854549408;0.0;0.9619645476341248;0.0;2.403604411345348;0.40154782656644117;0.5984521734335588
1730779633.9103951;/app/bags/user95_2017-02-24.bag;0.834065854549408;0.0;0.9619645476341248;0.0;2.403604411345348;0.40154782656644117;0.5984521734335588
1730779634.1103911;/app/bags/user95_2017-02-24.bag;0.834065854549408;0.0;0.9619645476341248;0.0;2.403604411345348;0.40154782656644117;0.5984521734335588
1730779634.3103743;/app/bags/user95_2017-02-24.bag;0.834065854549408;0.0;0.9619645476341248;0.0;2.403604411345348;0.40154782656644117;0.5984521734335588
1730779634.5103674;/app/bags/user95_2017-02-24.bag;0.834065854549408;0.0;0.9619645476341248;0.0;2.403604411345348;0.40154782656644117;0.5984521734335588
1730779634.710429;/app/bags/user95_2017-02-24.bag;0.834065854549408;0.0;0.9619645476341248;0.0;2.403604411345348;0.40154782656644117;0.5984521734335588
1730779634.9103763;/app/bags/user95_2017-02-24.bag;0.834065854549408;0.0;0.9619645476341248;0.0;2.403604411345348;0.40154782656644117;0.5984521734335588
1730779635.110394;/app/bags/user95_2017-02-24.bag;0.834065854549408;0.0;0.9619645476341248;0.0;2.403604411345348;0.40154782656644117;0.5984521734335588
1730779635.3104477;/app/bags/user95_2017-02-24.bag;0.834065854549408;0.0;0.9619645476341248;0.0;2.403604411345348;0.40154782656644117;0.5984521734335588
1730779635.5103965;/app/bags/user95_2017-02-24.bag;0.834065854549408;0.0;0.9619645476341248;0.0;2.403604411345348;0.40154782656644117;0.5984521734335588
1730779635.7103899;/app/bags/user95_2017-02-24.bag;0.834065854549408;0.0;0.9619645476341248;0.0;2.403604411345348;0.40154782656644117;0.5984521734335588
1730779635.9103873;/app/bags/user95_2017-02-24.bag;0.834065854549408;0.0;0.9619645476341248;0.0;2.403604411345348;0.40154782656644117;0.5984521734335588
1730779636.1104608;/app/bags/user95_2017-02-24.bag;0.834065854549408;0.0;0.9619645476341248;0.0;2.403604411345348;0.40154782656644117;0.5984521734335588
1730779636.3103924;/app/bags/user95_2017-02-24.bag;0.834065854549408;0.0;0.9619645476341248;0.0;2.403604411345348;0.40154782656644117;0.5984521734335588
1730779636.5104156;/app/bags/user95_2017-02-24.bag;0.834065854549408;0.0;0.9619645476341248;0.0;2.403604411345348;0.40154782656644117;0.5984521734335588
1730779636.7103972;/app/bags/user95_2017-02-24.bag;0.834065854549408;0.0;0.9619645476341248;0.0;2.403604411345348;0.40154782656644117;0.5984521734335588
1730779636.9104319;/app/bags/user95_2017-02-24.bag;0.834065854549408;0.0;0.9619645476341248;0.0;2.403604411345348;0.40154782656644117;0.5984521734335588
1730779637.1107926;/app/bags/user95_2017-02-24.bag;0.834065854549408;0.0;0.9619645476341248;0.0;2.403604411345348;0.40154782656644117;0.5984521734335588
1730779637.310394;/app/bags/user95_2017-02-24.bag;0.834065854549408;0.0;0.9619645476341248;0.0;2.403604411345348;0.40154782656644117;0.5984521734335588
1730779637.5104086;/app/bags/user95_2017-02-24.bag;0.834065854549408;0.0;0.9619645476341248;0.0;2.403604411345348;0.40154782656644117;0.5984521734335588
1730779637.7103508;/app/bags/user95_2017-02-24.bag;0.834065854549408;0.0;0.9619645476341248;0.0;2.403604411345348;0.40154782656644117;0.5984521734335588
1730779637.9104133;/app/bags/user95_2017-02-24.bag;0.834065854549408;0.0;0.9619645476341248;0.0;2.403604411345348;0.40154782656644117;0.5984521734335588
1730779638.1103697;/app/bags/user95_2017-02-24.bag;0.834065854549408;0.0;0.9619645476341248;0.0;2.403604411345348;0.40154782656644117;0.5984521734335588
1730779638.3103993;/app/bags/user95_2017-02-24.bag;0.834065854549408;0.0;0.9619645476341248;0.0;2.403604411345348;0.40154782656644117;0.5984521734335588
1730779638.5103612;/app/bags/user95_2017-02-24.bag;0.834065854549408;0.0;0.9619645476341248;0.0;2.403604411345348;0.40154782656644117;0.5984521734335588
1730779638.7103465;/app/bags/user95_2017-02-24.bag;0.834065854549408;0.0;0.9619645476341248;0.0;2.403604411345348;0.40154782656644117;0.5984521734335588
1730779638.910491;/app/bags/user95_2017-02-24.bag;0.834065854549408;0.0;0.9619645476341248;0.0;2.403604411345348;0.40154782656644117;0.5984521734335588
1730779639.1103928;/app/bags/user95_2017-02-24.bag;0.834065854549408;0.0;0.9619645476341248;0.0;2.403604411345348;0.40154782656644117;0.5984521734335588
1730779639.3104258;/app/bags/user95_2017-02-24.bag;0.834065854549408;0.0;0.9619645476341248;0.0;2.403604411345348;0.40154782656644117;0.5984521734335588
1730779639.5104136;/app/bags/user95_2017-02-24.bag;0.834065854549408;0.0;0.9619645476341248;0.0;2.403604411345348;0.40154782656644117;0.5984521734335588
1730779639.7103746;/app/bags/user95_2017-02-24.bag;0.834065854549408;0.0;0.9619645476341248;0.0;2.403604411345348;0.40154782656644117;0.5984521734335588
1730779639.9103732;/app/bags/user95_2017-02-24.bag;0.834065854549408;0.0;0.9619645476341248;0.0;2.403604411345348;0.40154782656644117;0.5984521734335588
1730779640.1103919;/app/bags/user95_2017-02-24.bag;0.834065854549408;0.0;0.9619645476341248;0.0;2.403604411345348;0.40154782656644117;0.5984521734335588
1730779640.3103871;/app/bags/user95_2017-02-24.bag;0.834065854549408;0.0;0.9619645476341248;0.0;2.403604411345348;0.40154782656644117;0.5984521734335588
1730779640.5103776;/app/bags/user95_2017-02-24.bag;0.834065854549408;0.0;0.9619645476341248;0.0;2.403604411345348;0.40154782656644117;0.5984521734335588
1730779640.7103832;/app/bags/user95_2017-02-24.bag;0.834065854549408;0.0;0.9619645476341248;0.0;2.403604411345348;0.40154782656644117;0.5984521734335588
1730779640.9104168;/app/bags/user95_2017-02-24.bag;0.834065854549408;0.0;0.9619645476341248;0.0;2.403604411345348;0.40154782656644117;0.5984521734335588
1730779641.1103776;/app/bags/user95_2017-02-24.bag;0.834065854549408;0.0;0.9619645476341248;0.0;2.403604411345348;0.40154782656644117;0.5984521734335588
1730779641.3104036;/app/bags/user95_2017-02-24.bag;0.834065854549408;0.0;0.9619645476341248;0.0;2.403604411345348;0.40154782656644117;0.5984521734335588
1730779641.5103943;/app/bags/user95_2017-02-24.bag;0.834065854549408;0.0;0.9619645476341248;0.0;2.403604411345348;0.40154782656644117;0.5984521734335588
1730779641.7103791;/app/bags/user95_2017-02-24.bag;0.834065854549408;0.0;0.9619645476341248;0.0;2.403604411345348;0.40154782656644117;0.5984521734335588
1730779641.9103892;/app/bags/user95_2017-02-24.bag;0.834065854549408;0.0;0.9619645476341248;0.0;2.403604411345348;0.40154782656644117;0.5984521734335588
1730779642.1103892;/app/bags/user95_2017-02-24.bag;0.834065854549408;0.0;0.9619645476341248;0.0;2.403604411345348;0.40154782656644117;0.5984521734335588
1730779642.3102083;/app/bags/user95_2017-02-24.bag;0.834065854549408;0.0;0.9619645476341248;0.0;2.403604411345348;0.40154782656644117;0.5984521734335588
1730779642.5104058;/app/bags/user95_2017-02-24.bag;0.834065854549408;0.0;0.9619645476341248;0.0;2.403604411345348;0.40154782656644117;0.5984521734335588
1730779642.7103698;/app/bags/user95_2017-02-24.bag;0.834065854549408;0.0;0.9619645476341248;0.0;2.403604411345348;0.40154782656644117;0.5984521734335588
1730779642.9103916;/app/bags/user95_2017-02-24.bag;0.834065854549408;0.0;0.9619645476341248;0.0;2.403604411345348;0.40154782656644117;0.5984521734335588
1730779643.1103604;/app/bags/user95_2017-02-24.bag;0.834065854549408;0.0;0.9619645476341248;0.0;2.403604411345348;0.40154782656644117;0.5984521734335588
1730779643.3103402;/app/bags/user95_2017-02-24.bag;0.834065854549408;0.0;0.9619645476341248;0.0;2.403604411345348;0.40154782656644117;0.5984521734335588
1730779643.5103695;/app/bags/user95_2017-02-24.bag;0.834065854549408;0.0;0.9619645476341248;0.0;2.403604411345348;0.40154782656644117;0.5984521734335588
1730779643.7103822;/app/bags/user95_2017-02-24.bag;0.834065854549408;0.0;0.9619645476341248;0.0;2.403604411345348;0.40154782656644117;0.5984521734335588
1730779643.9105053;/app/bags/user95_2017-02-24.bag;0.834065854549408;0.0;0.9619645476341248;0.0;2.403604411345348;0.40154782656644117;0.5984521734335588
1730779644.1104596;/app/bags/user95_2017-02-24.bag;0.834065854549408;0.0;0.9619645476341248;0.0;2.403604411345348;0.40154782656644117;0.5984521734335588
1730779644.310354;/app/bags/user95_2017-02-24.bag;0.834065854549408;0.0;0.9619645476341248;0.0;2.403604411345348;0.40154782656644117;0.5984521734335588
1730779644.5106692;/app/bags/user95_2017-02-24.bag;0.834065854549408;0.0;0.9619645476341248;0.0;2.403604411345348;0.40154782656644117;0.5984521734335588
1730779644.7104118;/app/bags/user95_2017-02-24.bag;0.834065854549408;0.0;0.9619645476341248;0.0;2.403604411345348;0.40154782656644117;0.5984521734335588
1730779644.9103737;/app/bags/user95_2017-02-24.bag;0.834065854549408;0.0;0.9619645476341248;0.0;2.403604411345348;0.40154782656644117;0.5984521734335588
1730779645.1103592;/app/bags/user95_2017-02-24.bag;0.834065854549408;0.0;0.9619645476341248;0.0;2.403604411345348;0.40154782656644117;0.5984521734335588
1730779645.3103745;/app/bags/user95_2017-02-24.bag;0.834065854549408;0.0;0.9619645476341248;0.0;2.403604411345348;0.40154782656644117;0.5984521734335588
1730779645.5104218;/app/bags/user95_2017-02-24.bag;0.834065854549408;0.0;0.9619645476341248;0.0;2.403604411345348;0.40154782656644117;0.5984521734335588
1730779645.7103732;/app/bags/user95_2017-02-24.bag;0.834065854549408;0.0;0.9619645476341248;0.0;2.403604411345348;0.40154782656644117;0.5984521734335588
1730779645.9103947;/app/bags/user95_2017-02-24.bag;0.834065854549408;0.0;0.9619645476341248;0.0;2.403604411345348;0.40154782656644117;0.5984521734335588
1730779646.1103547;/app/bags/user95_2017-02-24.bag;0.834065854549408;0.0;0.9619645476341248;0.0;2.403604411345348;0.40154782656644117;0.5984521734335588
1730779646.3103998;/app/bags/user95_2017-02-24.bag;0.834065854549408;0.0;0.9619645476341248;0.0;2.403604411345348;0.40154782656644117;0.5984521734335588
1730779646.5104349;/app/bags/user95_2017-02-24.bag;0.834065854549408;0.0;0.9619645476341248;0.0;2.403604411345348;0.40154782656644117;0.5984521734335588
1730779646.7103772;/app/bags/user95_2017-02-24.bag;0.834065854549408;0.0;0.9619645476341248;0.0;2.403604411345348;0.40154782656644117;0.5984521734335588
1730779646.9104037;/app/bags/user95_2017-02-24.bag;0.834065854549408;0.0;0.9619645476341248;0.0;2.403604411345348;0.40154782656644117;0.5984521734335588
1730779647.110404;/app/bags/user95_2017-02-24.bag;0.834065854549408;0.0;0.9619645476341248;0.0;2.403604411345348;0.40154782656644117;0.5984521734335588
1730779647.3104005;/app/bags/user95_2017-02-24.bag;0.834065854549408;0.0;0.9619645476341248;0.0;2.403604411345348;0.40154782656644117;0.5984521734335588
1730779647.5103762;/app/bags/user95_2017-02-24.bag;0.834065854549408;0.0;0.9619645476341248;0.0;2.403604411345348;0.40154782656644117;0.5984521734335588
1730779647.710344;/app/bags/user95_2017-02-24.bag;0.834065854549408;0.0;0.9619645476341248;0.0;2.403604411345348;0.40154782656644117;0.5984521734335588
1730779647.910418;/app/bags/user95_2017-02-24.bag;0.834065854549408;0.0;0.9619645476341248;0.0;2.403604411345348;0.40154782656644117;0.5984521734335588
1730779648.1103866;/app/bags/user95_2017-02-24.bag;0.834065854549408;0.0;0.9619645476341248;0.0;2.403604411345348;0.40154782656644117;0.5984521734335588
1730779648.3104095;/app/bags/user95_2017-02-24.bag;0.834065854549408;0.0;0.9619645476341248;0.0;2.403604411345348;0.40154782656644117;0.5984521734335588
1730779648.5103657;/app/bags/user95_2017-02-24.bag;0.834065854549408;0.0;0.9619645476341248;0.0;2.403604411345348;0.40154782656644117;0.5984521734335588
1730779648.7103834;/app/bags/user95_2017-02-24.bag;0.834065854549408;0.0;0.9619645476341248;0.0;2.403604411345348;0.40154782656644117;0.5984521734335588
1730779648.9103854;/app/bags/user95_2017-02-24.bag;0.834065854549408;0.0;0.9619645476341248;0.0;2.403604411345348;0.40154782656644117;0.5984521734335588
1730779649.1103647;/app/bags/user95_2017-02-24.bag;0.834065854549408;0.0;0.9619645476341248;0.0;2.403604411345348;0.40154782656644117;0.5984521734335588
1730779649.31037;/app/bags/user95_2017-02-24.bag;0.834065854549408;0.0;0.9619645476341248;0.0;2.403604411345348;0.40154782656644117;0.5984521734335588
1730779649.510403;/app/bags/user95_2017-02-24.bag;0.834065854549408;0.0;0.9619645476341248;0.0;2.403604411345348;0.40154782656644117;0.5984521734335588
1730779649.7104914;/app/bags/user95_2017-02-24.bag;0.834065854549408;0.0;0.9619645476341248;0.0;2.403604411345348;0.40154782656644117;0.5984521734335588
1730779649.9103906;/app/bags/user95_2017-02-24.bag;0.834065854549408;0.0;0.9619645476341248;0.0;2.403604411345348;0.40154782656644117;0.5984521734335588
1730779650.110411;/app/bags/user95_2017-02-24.bag;0.834065854549408;0.0;0.9619645476341248;0.0;2.403604411345348;0.40154782656644117;0.5984521734335588
1730779650.310365;/app/bags/user95_2017-02-24.bag;0.834065854549408;0.0;0.9619645476341248;0.0;2.403604411345348;0.40154782656644117;0.5984521734335588
1730779650.5104005;/app/bags/user95_2017-02-24.bag;0.834065854549408;0.0;0.9619645476341248;0.0;2.403604411345348;0.40154782656644117;0.5984521734335588
1730779650.7103837;/app/bags/user95_2017-02-24.bag;0.834065854549408;0.0;0.9619645476341248;0.0;2.403604411345348;0.40154782656644117;0.5984521734335588
1730779650.9103773;/app/bags/user95_2017-02-24.bag;0.834065854549408;0.0;0.9619645476341248;0.0;2.403604411345348;0.40154782656644117;0.5984521734335588
1730779651.1104426;/app/bags/user95_2017-02-24.bag;0.834065854549408;0.0;0.9619645476341248;0.0;2.403604411345348;0.40154782656644117;0.5984521734335588
1730779651.3104093;/app/bags/user95_2017-02-24.bag;0.834065854549408;0.0;0.9619645476341248;0.0;2.403604411345348;0.40154782656644117;0.5984521734335588
1730779651.5103896;/app/bags/user95_2017-02-24.bag;0.834065854549408;0.0;0.9619645476341248;0.0;2.403604411345348;0.40154782656644117;0.5984521734335588
1730779651.7103987;/app/bags/user95_2017-02-24.bag;0.834065854549408;0.0;0.9619645476341248;0.0;2.403604411345348;0.40154782656644117;0.5984521734335588
1730779651.9103765;/app/bags/user95_2017-02-24.bag;0.834065854549408;0.0;0.9619645476341248;0.0;2.403604411345348;0.40154782656644117;0.5984521734335588
1730779652.1104684;/app/bags/user95_2017-02-24.bag;0.834065854549408;0.0;0.9619645476341248;0.0;2.403604411345348;0.40154782656644117;0.5984521734335588
1730779652.3103755;/app/bags/user95_2017-02-24.bag;0.834065854549408;0.0;0.9619645476341248;0.0;2.403604411345348;0.40154782656644117;0.5984521734335588
1730779652.510389;/app/bags/user95_2017-02-24.bag;0.834065854549408;0.0;0.9619645476341248;0.0;2.403604411345348;0.40154782656644117;0.5984521734335588
1730779652.7104015;/app/bags/user95_2017-02-24.bag;0.834065854549408;0.0;0.9619645476341248;0.0;2.403604411345348;0.40154782656644117;0.5984521734335588
1730779652.910366;/app/bags/user95_2017-02-24.bag;0.834065854549408;0.0;0.9619645476341248;0.0;2.403604411345348;0.40154782656644117;0.5984521734335588
1730779653.1104405;/app/bags/user95_2017-02-24.bag;0.834065854549408;0.0;0.9619645476341248;0.0;2.403604411345348;0.40154782656644117;0.5984521734335588
1730779653.3103964;/app/bags/user95_2017-02-24.bag;0.834065854549408;0.0;0.9619645476341248;0.0;2.403604411345348;0.40154782656644117;0.5984521734335588
1730779653.510394;/app/bags/user95_2017-02-24.bag;0.834065854549408;0.0;0.9619645476341248;0.0;2.403604411345348;0.40154782656644117;0.5984521734335588
1730779653.7103722;/app/bags/user95_2017-02-24.bag;0.834065854549408;0.0;0.9619645476341248;0.0;2.403604411345348;0.40154782656644117;0.5984521734335588
1730779653.9103813;/app/bags/user95_2017-02-24.bag;0.834065854549408;0.0;0.9619645476341248;0.0;2.403604411345348;0.40154782656644117;0.5984521734335588
1730779654.1103783;/app/bags/user95_2017-02-24.bag;0.834065854549408;0.0;0.9619645476341248;0.0;2.403604411345348;0.40154782656644117;0.5984521734335588
1730779654.3103852;/app/bags/user95_2017-02-24.bag;0.834065854549408;0.0;0.9619645476341248;0.0;2.403604411345348;0.40154782656644117;0.5984521734335588
1730779654.51038;/app/bags/user95_2017-02-24.bag;0.834065854549408;0.0;0.9619645476341248;0.0;2.403604411345348;0.40154782656644117;0.5984521734335588
1730779654.710375;/app/bags/user95_2017-02-24.bag;0.834065854549408;0.0;0.9619645476341248;0.0;2.403604411345348;0.40154782656644117;0.5984521734335588
1730779654.9104853;/app/bags/user95_2017-02-24.bag;0.834065854549408;0.0;0.9619645476341248;0.0;2.403604411345348;0.40154782656644117;0.5984521734335588
1730779655.1103988;/app/bags/user95_2017-02-24.bag;0.834065854549408;0.0;0.9619645476341248;0.0;2.403604411345348;0.40154782656644117;0.5984521734335588
1730779655.3104348;/app/bags/user95_2017-02-24.bag;0.834065854549408;0.0;0.9619645476341248;0.0;2.403604411345348;0.40154782656644117;0.5984521734335588
1730779655.5105054;/app/bags/user95_2017-02-24.bag;0.834065854549408;0.0;0.9619645476341248;0.0;2.403604411345348;0.40154782656644117;0.5984521734335588
1730779655.7104561;/app/bags/user95_2017-02-24.bag;0.834065854549408;0.0;0.9619645476341248;0.0;2.403604411345348;0.40154782656644117;0.5984521734335588
1730779655.9104285;/app/bags/user95_2017-02-24.bag;0.834065854549408;0.0;0.9619645476341248;0.0;2.403604411345348;0.40154782656644117;0.5984521734335588
1730779656.1104128;/app/bags/user95_2017-02-24.bag;0.834065854549408;0.0;0.9619645476341248;0.0;2.403604411345348;0.40154782656644117;0.5984521734335588
1730779656.3103848;/app/bags/user95_2017-02-24.bag;0.834065854549408;0.0;0.9619645476341248;0.0;2.403604411345348;0.40154782656644117;0.5984521734335588
1730779656.5104454;/app/bags/user95_2017-02-24.bag;0.834065854549408;0.0;0.9619645476341248;0.0;2.403604411345348;0.40154782656644117;0.5984521734335588
1730779656.7103875;/app/bags/user95_2017-02-24.bag;0.834065854549408;0.0;0.9619645476341248;0.0;2.403604411345348;0.40154782656644117;0.5984521734335588
1730779656.9103718;/app/bags/user95_2017-02-24.bag;0.834065854549408;0.0;0.9619645476341248;0.0;2.403604411345348;0.40154782656644117;0.5984521734335588
1730779657.110371;/app/bags/user95_2017-02-24.bag;0.834065854549408;0.0;0.9619645476341248;0.0;2.403604411345348;0.40154782656644117;0.5984521734335588
1730779657.3103585;/app/bags/user95_2017-02-24.bag;0.834065854549408;0.0;0.9619645476341248;0.0;2.403604411345348;0.40154782656644117;0.5984521734335588
1730779657.510362;/app/bags/user95_2017-02-24.bag;0.834065854549408;0.0;0.9619645476341248;0.0;2.403604411345348;0.40154782656644117;0.5984521734335588
1730779657.710397;/app/bags/user95_2017-02-24.bag;0.834065854549408;0.0;0.9619645476341248;0.0;2.403604411345348;0.40154782656644117;0.5984521734335588
1730779657.910341;/app/bags/user95_2017-02-24.bag;0.834065854549408;0.0;0.9619645476341248;0.0;2.403604411345348;0.40154782656644117;0.5984521734335588
1730779658.1103919;/app/bags/user95_2017-02-24.bag;0.834065854549408;0.0;0.9619645476341248;0.0;2.403604411345348;0.40154782656644117;0.5984521734335588
1730779658.3105707;/app/bags/user95_2017-02-24.bag;0.834065854549408;0.0;0.9619645476341248;0.0;2.403604411345348;0.40154782656644117;0.5984521734335588
1730779658.510378;/app/bags/user95_2017-02-24.bag;0.834065854549408;0.0;0.9619645476341248;0.0;2.403604411345348;0.40154782656644117;0.5984521734335588
1730779658.710382;/app/bags/user95_2017-02-24.bag;0.834065854549408;0.0;0.9619645476341248;0.0;2.403604411345348;0.40154782656644117;0.5984521734335588
1730779658.9103506;/app/bags/user95_2017-02-24.bag;0.834065854549408;0.0;0.9619645476341248;0.0;2.403604411345348;0.40154782656644117;0.5984521734335588
1730779659.1104798;/app/bags/user95_2017-02-24.bag;0.834065854549408;0.0;0.9619645476341248;0.0;2.403604411345348;0.40154782656644117;0.5984521734335588
1730779659.3103552;/app/bags/user95_2017-02-24.bag;0.834065854549408;0.0;0.9619645476341248;0.0;2.403604411345348;0.40154782656644117;0.5984521734335588
1730779659.5104184;/app/bags/user95_2017-02-24.bag;0.834065854549408;0.0;0.9619645476341248;0.0;2.403604411345348;0.40154782656644117;0.5984521734335588
1730779659.710432;/app/bags/user95_2017-02-24.bag;0.834065854549408;0.0;0.9619645476341248;0.0;2.403604411345348;0.40154782656644117;0.5984521734335588
1730779659.9104097;/app/bags/user95_2017-02-24.bag;0.834065854549408;0.0;0.9619645476341248;0.0;2.403604411345348;0.40154782656644117;0.5984521734335588
1730779660.1104248;/app/bags/user95_2017-02-24.bag;0.834065854549408;0.0;0.9619645476341248;0.0;2.403604411345348;0.40154782656644117;0.5984521734335588
1730779660.3103724;/app/bags/user95_2017-02-24.bag;0.834065854549408;0.0;0.9619645476341248;0.0;2.403604411345348;0.40154782656644117;0.5984521734335588
1730779660.5104117;/app/bags/user95_2017-02-24.bag;0.834065854549408;0.0;0.9619645476341248;0.0;2.403604411345348;0.40154782656644117;0.5984521734335588
1730779660.7104232;/app/bags/user95_2017-02-24.bag;0.834065854549408;0.0;0.9619645476341248;0.0;2.403604411345348;0.40154782656644117;0.5984521734335588
1730779660.9103756;/app/bags/user95_2017-02-24.bag;0.834065854549408;0.0;0.9619645476341248;0.0;2.403604411345348;0.40154782656644117;0.5984521734335588
1730779661.110382;/app/bags/user95_2017-02-24.bag;0.834065854549408;0.0;0.9619645476341248;0.0;2.403604411345348;0.40154782656644117;0.5984521734335588
1730779661.3104498;/app/bags/user95_2017-02-24.bag;0.834065854549408;0.0;0.9619645476341248;0.0;2.403604411345348;0.40154782656644117;0.5984521734335588
1730779661.5103614;/app/bags/user95_2017-02-24.bag;0.834065854549408;0.0;0.9619645476341248;0.0;2.403604411345348;0.40154782656644117;0.5984521734335588
1730779661.710408;/app/bags/user95_2017-02-24.bag;0.834065854549408;0.0;0.9619645476341248;0.0;2.403604411345348;0.40154782656644117;0.5984521734335588
1730779661.9103918;/app/bags/user95_2017-02-24.bag;0.834065854549408;0.0;0.9619645476341248;0.0;2.403604411345348;0.40154782656644117;0.5984521734335588
1730779662.1103733;/app/bags/user95_2017-02-24.bag;0.834065854549408;0.0;0.9619645476341248;0.0;2.403604411345348;0.40154782656644117;0.5984521734335588
1730779662.3103597;/app/bags/user95_2017-02-24.bag;0.834065854549408;0.0;0.9619645476341248;0.0;2.403604411345348;0.40154782656644117;0.5984521734335588
1730779662.5103743;/app/bags/user95_2017-02-24.bag;0.834065854549408;0.0;0.9619645476341248;0.0;2.403604411345348;0.40154782656644117;0.5984521734335588
1730779662.7103856;/app/bags/user95_2017-02-24.bag;0.834065854549408;0.0;0.9619645476341248;0.0;2.403604411345348;0.40154782656644117;0.5984521734335588
1730779662.9103854;/app/bags/user95_2017-02-24.bag;0.834065854549408;0.0;0.9619645476341248;0.0;2.403604411345348;0.40154782656644117;0.5984521734335588
1730779663.1103532;/app/bags/user95_2017-02-24.bag;0.834065854549408;0.0;0.9619645476341248;0.0;2.403604411345348;0.40154782656644117;0.5984521734335588
1730779663.3103743;/app/bags/user95_2017-02-24.bag;0.834065854549408;0.0;0.9619645476341248;0.0;2.403604411345348;0.40154782656644117;0.5984521734335588
1730779663.5103676;/app/bags/user95_2017-02-24.bag;0.834065854549408;0.0;0.9619645476341248;0.0;2.403604411345348;0.40154782656644117;0.5984521734335588
1730779663.710391;/app/bags/user95_2017-02-24.bag;0.834065854549408;0.0;0.9619645476341248;0.0;2.403604411345348;0.40154782656644117;0.5984521734335588
1730779663.9104128;/app/bags/user95_2017-02-24.bag;0.834065854549408;0.0;0.9619645476341248;0.0;2.403604411345348;0.40154782656644117;0.5984521734335588
1730779664.1104212;/app/bags/user95_2017-02-24.bag;0.834065854549408;0.0;0.9619645476341248;0.0;2.403604411345348;0.40154782656644117;0.5984521734335588
1730779664.3104167;/app/bags/user95_2017-02-24.bag;0.834065854549408;0.0;0.9619645476341248;0.0;2.403604411345348;0.40154782656644117;0.5984521734335588
1730779664.510389;/app/bags/user95_2017-02-24.bag;0.834065854549408;0.0;0.9619645476341248;0.0;2.403604411345348;0.40154782656644117;0.5984521734335588
1730779664.7104042;/app/bags/user95_2017-02-24.bag;0.834065854549408;0.0;0.9619645476341248;0.0;2.403604411345348;0.40154782656644117;0.5984521734335588
1730779664.9104016;/app/bags/user95_2017-02-24.bag;0.834065854549408;0.0;0.9619645476341248;0.0;2.403604411345348;0.40154782656644117;0.5984521734335588
1730779665.1104035;/app/bags/user95_2017-02-24.bag;0.834065854549408;0.0;0.9619645476341248;0.0;2.403604411345348;0.40154782656644117;0.5984521734335588
1730779665.3104317;/app/bags/user95_2017-02-24.bag;0.834065854549408;0.0;0.9619645476341248;0.0;2.403604411345348;0.40154782656644117;0.5984521734335588
1730779665.5104299;/app/bags/user95_2017-02-24.bag;0.834065854549408;0.0;0.9619645476341248;0.0;2.403604411345348;0.40154782656644117;0.5984521734335588
1730779665.710409;/app/bags/user95_2017-02-24.bag;0.834065854549408;0.0;0.9619645476341248;0.0;2.403604411345348;0.40154782656644117;0.5984521734335588
1730779665.9104054;/app/bags/user95_2017-02-24.bag;0.834065854549408;0.0;0.9619645476341248;0.0;2.403604411345348;0.40154782656644117;0.5984521734335588
1730779666.1103714;/app/bags/user95_2017-02-24.bag;0.834065854549408;0.0;0.9619645476341248;0.0;2.403604411345348;0.40154782656644117;0.5984521734335588
1730779666.3105607;/app/bags/user95_2017-02-24.bag;0.834065854549408;0.0;0.9619645476341248;0.0;2.403604411345348;0.40154782656644117;0.5984521734335588
1730779666.5103924;/app/bags/user95_2017-02-24.bag;0.834065854549408;0.0;0.9619645476341248;0.0;2.403604411345348;0.40154782656644117;0.5984521734335588
1730779666.7103946;/app/bags/user95_2017-02-24.bag;0.834065854549408;0.0;0.9619645476341248;0.0;2.403604411345348;0.40154782656644117;0.5984521734335588
1730779666.910395;/app/bags/user95_2017-02-24.bag;0.834065854549408;0.0;0.9619645476341248;0.0;2.403604411345348;0.40154782656644117;0.5984521734335588
1730779667.1104019;/app/bags/user95_2017-02-24.bag;0.834065854549408;0.0;0.9619645476341248;0.0;2.403604411345348;0.40154782656644117;0.5984521734335588
1730779667.3103874;/app/bags/user95_2017-02-24.bag;0.834065854549408;0.0;0.9619645476341248;0.0;2.403604411345348;0.40154782656644117;0.5984521734335588
1730779667.510375;/app/bags/user95_2017-02-24.bag;0.834065854549408;0.0;0.9619645476341248;0.0;2.403604411345348;0.40154782656644117;0.5984521734335588
1730779667.710397;/app/bags/user95_2017-02-24.bag;0.834065854549408;0.0;0.9619645476341248;0.0;2.403604411345348;0.40154782656644117;0.5984521734335588
1730779667.9104166;/app/bags/user95_2017-02-24.bag;0.834065854549408;0.0;0.9619645476341248;0.0;2.403604411345348;0.40154782656644117;0.5984521734335588
1730779668.1104198;/app/bags/user95_2017-02-24.bag;0.834065854549408;0.0;0.9619645476341248;0.0;2.403604411345348;0.40154782656644117;0.5984521734335588
1730779668.3103712;/app/bags/user95_2017-02-24.bag;0.834065854549408;0.0;0.9619645476341248;0.0;2.403604411345348;0.40154782656644117;0.5984521734335588
1730779668.5104074;/app/bags/user95_2017-02-24.bag;0.834065854549408;0.0;0.9619645476341248;0.0;2.403604411345348;0.40154782656644117;0.5984521734335588
1730779668.7104652;/app/bags/user95_2017-02-24.bag;0.834065854549408;0.0;0.9619645476341248;0.0;2.403604411345348;0.40154782656644117;0.5984521734335588
1730779668.9104009;/app/bags/user95_2017-02-24.bag;0.834065854549408;0.0;0.9619645476341248;0.0;2.403604411345348;0.40154782656644117;0.5984521734335588
1730779669.1103904;/app/bags/user95_2017-02-24.bag;0.834065854549408;0.0;0.9619645476341248;0.0;2.403604411345348;0.40154782656644117;0.5984521734335588
1730779669.3103976;/app/bags/user95_2017-02-24.bag;0.834065854549408;0.0;0.9619645476341248;0.0;2.403604411345348;0.40154782656644117;0.5984521734335588
1730779669.5104363;/app/bags/user95_2017-02-24.bag;0.834065854549408;0.0;0.9619645476341248;0.0;2.403604411345348;0.40154782656644117;0.5984521734335588
1730779669.7104168;/app/bags/user95_2017-02-24.bag;0.834065854549408;0.0;0.9619645476341248;0.0;2.403604411345348;0.40154782656644117;0.5984521734335588
1730779669.9103606;/app/bags/user95_2017-02-24.bag;0.834065854549408;0.0;0.9619645476341248;0.0;2.403604411345348;0.40154782656644117;0.5984521734335588
1730779670.110394;/app/bags/user95_2017-02-24.bag;0.834065854549408;0.0;0.9619645476341248;0.0;2.403604411345348;0.40154782656644117;0.5984521734335588
1730779670.3104298;/app/bags/user95_2017-02-24.bag;0.834065854549408;0.0;0.9619645476341248;0.0;2.403604411345348;0.40154782656644117;0.5984521734335588
1730779670.5103767;/app/bags/user95_2017-02-24.bag;0.834065854549408;0.0;0.9619645476341248;0.0;2.403604411345348;0.40154782656644117;0.5984521734335588
1730779670.7103765;/app/bags/user95_2017-02-24.bag;0.834065854549408;0.0;0.9619645476341248;0.0;2.403604411345348;0.40154782656644117;0.5984521734335588
1730779670.9103844;/app/bags/user95_2017-02-24.bag;0.834065854549408;0.0;0.9619645476341248;0.0;2.403604411345348;0.40154782656644117;0.5984521734335588
1730779671.1103888;/app/bags/user95_2017-02-24.bag;0.834065854549408;0.0;0.9619645476341248;0.0;2.403604411345348;0.40154782656644117;0.5984521734335588
1730779671.310353;/app/bags/user95_2017-02-24.bag;0.834065854549408;0.0;0.9619645476341248;0.0;2.403604411345348;0.40154782656644117;0.5984521734335588
1730779671.5104032;/app/bags/user95_2017-02-24.bag;0.834065854549408;0.0;0.9619645476341248;0.0;2.403604411345348;0.40154782656644117;0.5984521734335588
1730779671.7104383;/app/bags/user95_2017-02-24.bag;0.834065854549408;0.0;0.9619645476341248;0.0;2.403604411345348;0.40154782656644117;0.5984521734335588
1730779671.9103613;/app/bags/user95_2017-02-24.bag;0.834065854549408;0.0;0.9619645476341248;0.0;2.403604411345348;0.40154782656644117;0.5984521734335588
1730779672.110417;/app/bags/user95_2017-02-24.bag;0.834065854549408;0.0;0.9619645476341248;0.0;2.403604411345348;0.40154782656644117;0.5984521734335588
1730779672.3103542;/app/bags/user95_2017-02-24.bag;0.834065854549408;0.0;0.9619645476341248;0.0;2.403604411345348;0.40154782656644117;0.5984521734335588
1730779672.5104158;/app/bags/user95_2017-02-24.bag;0.834065854549408;0.0;0.9619645476341248;0.0;2.403604411345348;0.40154782656644117;0.5984521734335588
1730779672.7104561;/app/bags/user95_2017-02-24.bag;0.834065854549408;0.0;0.9619645476341248;0.0;2.403604411345348;0.40154782656644117;0.5984521734335588
1730779672.9105065;/app/bags/user95_2017-02-24.bag;0.834065854549408;0.0;0.9619645476341248;0.0;2.403604411345348;0.40154782656644117;0.5984521734335588
1730779673.1103551;/app/bags/user95_2017-02-24.bag;0.834065854549408;0.0;0.9619645476341248;0.0;2.403604411345348;0.40154782656644117;0.5984521734335588
1730779673.3104007;/app/bags/user95_2017-02-24.bag;0.834065854549408;0.0;0.9619645476341248;0.0;2.403604411345348;0.40154782656644117;0.5984521734335588
1730779673.5103667;/app/bags/user95_2017-02-24.bag;0.834065854549408;0.0;0.9619645476341248;0.0;2.403604411345348;0.40154782656644117;0.5984521734335588
1730779673.7103846;/app/bags/user95_2017-02-24.bag;0.834065854549408;0.0;0.9619645476341248;0.0;2.403604411345348;0.40154782656644117;0.5984521734335588
1730779673.910419;/app/bags/user95_2017-02-24.bag;0.834065854549408;0.0;0.9619645476341248;0.0;2.403604411345348;0.40154782656644117;0.5984521734335588
1730779674.110381;/app/bags/user95_2017-02-24.bag;0.834065854549408;0.0;0.9619645476341248;0.0;2.403604411345348;0.40154782656644117;0.5984521734335588
1730779674.3104124;/app/bags/user95_2017-02-24.bag;0.834065854549408;0.0;0.9619645476341248;0.0;2.403604411345348;0.40154782656644117;0.5984521734335588
1730779674.5103798;/app/bags/user95_2017-02-24.bag;0.834065854549408;0.0;0.9619645476341248;0.0;2.403604411345348;0.40154782656644117;0.5984521734335588
1730779674.7104785;/app/bags/user95_2017-02-24.bag;0.834065854549408;0.0;0.9619645476341248;0.0;2.403604411345348;0.40154782656644117;0.5984521734335588
1730779674.9104278;/app/bags/user95_2017-02-24.bag;0.834065854549408;0.0;0.9619645476341248;0.0;2.403604411345348;0.40154782656644117;0.5984521734335588
1730779675.110386;/app/bags/user95_2017-02-24.bag;0.834065854549408;0.0;0.9619645476341248;0.0;2.403604411345348;0.40154782656644117;0.5984521734335588
1730779675.310406;/app/bags/user95_2017-02-24.bag;0.834065854549408;0.0;0.9619645476341248;0.0;2.403604411345348;0.40154782656644117;0.5984521734335588
1730779675.5104506;/app/bags/user95_2017-02-24.bag;0.834065854549408;0.0;0.9619645476341248;0.0;2.403604411345348;0.40154782656644117;0.5984521734335588
1730779675.7103906;/app/bags/user95_2017-02-24.bag;0.834065854549408;0.0;0.9619645476341248;0.0;2.403604411345348;0.40154782656644117;0.5984521734335588
1730779675.9104571;/app/bags/user95_2017-02-24.bag;0.834065854549408;0.0;0.9619645476341248;0.0;2.403604411345348;0.40154782656644117;0.5984521734335588
1730779676.1104496;/app/bags/user95_2017-02-24.bag;0.834065854549408;0.0;0.9619645476341248;0.0;2.403604411345348;0.40154782656644117;0.5984521734335588
1730779676.3105876;/app/bags/user95_2017-02-24.bag;0.834065854549408;0.0;0.9619645476341248;0.0;2.403604411345348;0.40154782656644117;0.5984521734335588
1730779676.5103612;/app/bags/user95_2017-02-24.bag;0.834065854549408;0.0;0.9619645476341248;0.0;2.403604411345348;0.40154782656644117;0.5984521734335588
1730779676.7104201;/app/bags/user95_2017-02-24.bag;0.834065854549408;0.0;0.9619645476341248;0.0;2.403604411345348;0.40154782656644117;0.5984521734335588
1730779676.9103837;/app/bags/user95_2017-02-24.bag;0.834065854549408;0.0;0.9619645476341248;0.0;2.403604411345348;0.40154782656644117;0.5984521734335588
1730779677.1103694;/app/bags/user95_2017-02-24.bag;0.834065854549408;0.0;0.9619645476341248;0.0;2.403604411345348;0.40154782656644117;0.5984521734335588
1730779677.3103528;/app/bags/user95_2017-02-24.bag;0.834065854549408;0.0;0.9619645476341248;0.0;2.403604411345348;0.40154782656644117;0.5984521734335588
1730779677.51038;/app/bags/user95_2017-02-24.bag;0.834065854549408;0.0;0.9619645476341248;0.0;2.403604411345348;0.40154782656644117;0.5984521734335588
1730779677.7103384;/app/bags/user95_2017-02-24.bag;0.834065854549408;0.0;0.9619645476341248;0.0;2.403604411345348;0.40154782656644117;0.5984521734335588
1730779677.9104025;/app/bags/user95_2017-02-24.bag;0.834065854549408;0.0;0.9619645476341248;0.0;2.403604411345348;0.40154782656644117;0.5984521734335588
1730779678.1104262;/app/bags/user95_2017-02-24.bag;0.834065854549408;0.0;0.9619645476341248;0.0;2.403604411345348;0.40154782656644117;0.5984521734335588
1730779678.310188;/app/bags/user95_2017-02-24.bag;0.834065854549408;0.0;0.9619645476341248;0.0;2.403604411345348;0.40154782656644117;0.5984521734335588
1730779678.5105124;/app/bags/user95_2017-02-24.bag;0.834065854549408;0.0;0.9619645476341248;0.0;2.403604411345348;0.40154782656644117;0.5984521734335588
1730779678.7103767;/app/bags/user95_2017-02-24.bag;0.834065854549408;0.0;0.9619645476341248;0.0;2.403604411345348;0.40154782656644117;0.5984521734335588
1730779678.910388;/app/bags/user95_2017-02-24.bag;0.834065854549408;0.0;0.9619645476341248;0.0;2.403604411345348;0.40154782656644117;0.5984521734335588
1730779679.1103933;/app/bags/user95_2017-02-24.bag;0.834065854549408;0.0;0.9619645476341248;0.0;2.403604411345348;0.40154782656644117;0.5984521734335588
1730779679.3103712;/app/bags/user95_2017-02-24.bag;0.834065854549408;0.0;0.9619645476341248;0.0;2.403604411345348;0.40154782656644117;0.5984521734335588
1730779679.5103943;/app/bags/user95_2017-02-24.bag;0.834065854549408;0.0;0.9619645476341248;0.0;2.403604411345348;0.40154782656644117;0.5984521734335588
1730779679.7104192;/app/bags/user95_2017-02-24.bag;0.834065854549408;0.0;0.9619645476341248;0.0;2.403604411345348;0.40154782656644117;0.5984521734335588
1730779679.91038;/app/bags/user95_2017-02-24.bag;0.834065854549408;0.0;0.9619645476341248;0.0;2.403604411345348;0.40154782656644117;0.5984521734335588
1730779680.1103985;/app/bags/user95_2017-02-24.bag;0.834065854549408;0.0;0.9619645476341248;0.0;2.403604411345348;0.40154782656644117;0.5984521734335588
1730779680.3103802;/app/bags/user95_2017-02-24.bag;0.834065854549408;0.0;0.9619645476341248;0.0;2.403604411345348;0.40154782656644117;0.5984521734335588
1730779680.5105057;/app/bags/user95_2017-02-24.bag;0.834065854549408;0.0;0.9619645476341248;0.0;2.403604411345348;0.40154782656644117;0.5984521734335588
1730779680.7103682;/app/bags/user95_2017-02-24.bag;0.834065854549408;0.0;0.9619645476341248;0.0;2.403604411345348;0.40154782656644117;0.5984521734335588
1730779680.910436;/app/bags/user95_2017-02-24.bag;0.834065854549408;0.0;0.9619645476341248;0.0;2.403604411345348;0.40154782656644117;0.5984521734335588
1730779681.1103883;/app/bags/user95_2017-02-24.bag;0.834065854549408;0.0;0.9619645476341248;0.0;2.403604411345348;0.40154782656644117;0.5984521734335588
1730779681.3103883;/app/bags/user95_2017-02-24.bag;0.834065854549408;0.0;0.9619645476341248;0.0;2.403604411345348;0.40154782656644117;0.5984521734335588
1730779681.5103834;/app/bags/user95_2017-02-24.bag;0.834065854549408;0.0;0.9619645476341248;0.0;2.403604411345348;0.40154782656644117;0.5984521734335588
1730779681.7103984;/app/bags/user95_2017-02-24.bag;0.834065854549408;0.0;0.9619645476341248;0.0;2.403604411345348;0.40154782656644117;0.5984521734335588
1730779681.91039;/app/bags/user95_2017-02-24.bag;0.834065854549408;0.0;0.9619645476341248;0.0;2.403604411345348;0.40154782656644117;0.5984521734335588
1730779682.1103904;/app/bags/user95_2017-02-24.bag;0.834065854549408;0.0;0.9619645476341248;0.0;2.403604411345348;0.40154782656644117;0.5984521734335588
1730779682.3105898;/app/bags/user95_2017-02-24.bag;0.834065854549408;0.0;0.9619645476341248;0.0;2.403604411345348;0.40154782656644117;0.5984521734335588
1730779682.510416;/app/bags/user95_2017-02-24.bag;0.834065854549408;0.0;0.9619645476341248;0.0;2.403604411345348;0.40154782656644117;0.5984521734335588
1730779682.7103934;/app/bags/user95_2017-02-24.bag;0.834065854549408;0.0;0.9619645476341248;0.0;2.403604411345348;0.40154782656644117;0.5984521734335588
1730779682.9104166;/app/bags/user95_2017-02-24.bag;0.834065854549408;0.0;0.9619645476341248;0.0;2.403604411345348;0.40154782656644117;0.5984521734335588
1730779683.110419;/app/bags/user95_2017-02-24.bag;0.834065854549408;0.0;0.9619645476341248;0.0;2.403604411345348;0.40154782656644117;0.5984521734335588
1730779683.3103902;/app/bags/user95_2017-02-24.bag;0.834065854549408;0.0;0.9619645476341248;0.0;2.403604411345348;0.40154782656644117;0.5984521734335588
1730779683.5103831;/app/bags/user95_2017-02-24.bag;0.834065854549408;0.0;0.9619645476341248;0.0;2.403604411345348;0.40154782656644117;0.5984521734335588
1730779683.7104106;/app/bags/user95_2017-02-24.bag;0.834065854549408;0.0;0.9619645476341248;0.0;2.403604411345348;0.40154782656644117;0.5984521734335588
1730779683.9104445;/app/bags/user95_2017-02-24.bag;0.834065854549408;0.0;0.9619645476341248;0.0;2.403604411345348;0.40154782656644117;0.5984521734335588
1730779684.1104338;/app/bags/user95_2017-02-24.bag;0.834065854549408;0.0;0.9619645476341248;0.0;2.403604411345348;0.40154782656644117;0.5984521734335588
1730779684.3105066;/app/bags/user95_2017-02-24.bag;0.834065854549408;0.0;0.9619645476341248;0.0;2.403604411345348;0.40154782656644117;0.5984521734335588
1730779684.5104282;/app/bags/user95_2017-02-24.bag;0.834065854549408;0.0;0.9619645476341248;0.0;2.403604411345348;0.40154782656644117;0.5984521734335588
1730779684.7104297;/app/bags/user95_2017-02-24.bag;0.834065854549408;0.0;0.9619645476341248;0.0;2.403604411345348;0.40154782656644117;0.5984521734335588
1730779684.910384;/app/bags/user95_2017-02-24.bag;0.834065854549408;0.0;0.9619645476341248;0.0;2.403604411345348;0.40154782656644117;0.5984521734335588
1730779685.1103792;/app/bags/user95_2017-02-24.bag;0.834065854549408;0.0;0.9619645476341248;0.0;2.403604411345348;0.40154782656644117;0.5984521734335588
1730779685.310403;/app/bags/user95_2017-02-24.bag;0.834065854549408;0.0;0.9619645476341248;0.0;2.403604411345348;0.40154782656644117;0.5984521734335588
1730779685.5103648;/app/bags/user95_2017-02-24.bag;0.834065854549408;0.0;0.9619645476341248;0.0;2.403604411345348;0.40154782656644117;0.5984521734335588
1730779685.7103603;/app/bags/user95_2017-02-24.bag;0.834065854549408;0.0;0.9619645476341248;0.0;2.403604411345348;0.40154782656644117;0.5984521734335588
1730779685.9104266;/app/bags/user95_2017-02-24.bag;0.834065854549408;0.0;0.9619645476341248;0.0;2.403604411345348;0.40154782656644117;0.5984521734335588
1730779686.1103916;/app/bags/user95_2017-02-24.bag;0.834065854549408;0.0;0.9619645476341248;0.0;2.403604411345348;0.40154782656644117;0.5984521734335588
1730779686.3103878;/app/bags/user95_2017-02-24.bag;0.834065854549408;0.0;0.9619645476341248;0.0;2.403604411345348;0.40154782656644117;0.5984521734335588
1730779686.5103648;/app/bags/user95_2017-02-24.bag;0.834065854549408;0.0;0.9619645476341248;0.0;2.403604411345348;0.40154782656644117;0.5984521734335588
1730779686.7103736;/app/bags/user95_2017-02-24.bag;0.834065854549408;0.0;0.9619645476341248;0.0;2.403604411345348;0.40154782656644117;0.5984521734335588
1730779686.9103892;/app/bags/user95_2017-02-24.bag;0.834065854549408;0.0;0.9619645476341248;0.0;2.403604411345348;0.40154782656644117;0.5984521734335588
1730779687.1103806;/app/bags/user95_2017-02-24.bag;0.834065854549408;0.0;0.9619645476341248;0.0;2.403604411345348;0.40154782656644117;0.5984521734335588
1730779687.3104124;/app/bags/user95_2017-02-24.bag;0.834065854549408;0.0;0.9619645476341248;0.0;2.403604411345348;0.40154782656644117;0.5984521734335588
1730779687.5103948;/app/bags/user95_2017-02-24.bag;0.834065854549408;0.0;0.9619645476341248;0.0;2.403604411345348;0.40154782656644117;0.5984521734335588
1730779687.71039;/app/bags/user95_2017-02-24.bag;0.834065854549408;0.0;0.9619645476341248;0.0;2.403604411345348;0.40154782656644117;0.5984521734335588
1730779687.9103665;/app/bags/user95_2017-02-24.bag;0.834065854549408;0.0;0.9619645476341248;0.0;2.403604411345348;0.40154782656644117;0.5984521734335588
1730779688.1104252;/app/bags/user95_2017-02-24.bag;0.834065854549408;0.0;0.9619645476341248;0.0;2.403604411345348;0.40154782656644117;0.5984521734335588
1730779688.3103747;/app/bags/user95_2017-02-24.bag;0.834065854549408;0.0;0.9619645476341248;0.0;2.403604411345348;0.40154782656644117;0.5984521734335588
1730779688.5103848;/app/bags/user95_2017-02-24.bag;0.834065854549408;0.0;0.9619645476341248;0.0;2.403604411345348;0.40154782656644117;0.5984521734335588
1730779688.7104049;/app/bags/user95_2017-02-24.bag;0.834065854549408;0.0;0.9619645476341248;0.0;2.403604411345348;0.40154782656644117;0.5984521734335588
1730779688.9103599;/app/bags/user95_2017-02-24.bag;0.834065854549408;0.0;0.9619645476341248;0.0;2.403604411345348;0.40154782656644117;0.5984521734335588
1730779689.1103954;/app/bags/user95_2017-02-24.bag;0.834065854549408;0.0;0.9619645476341248;0.0;2.403604411345348;0.40154782656644117;0.5984521734335588
1730779689.3104038;/app/bags/user95_2017-02-24.bag;0.834065854549408;0.0;0.9619645476341248;0.0;2.403604411345348;0.40154782656644117;0.5984521734335588
1730779689.5103943;/app/bags/user95_2017-02-24.bag;0.834065854549408;0.0;0.9619645476341248;0.0;2.403604411345348;0.40154782656644117;0.5984521734335588
1730779689.7104125;/app/bags/user95_2017-02-24.bag;0.834065854549408;0.0;0.9619645476341248;0.0;2.403604411345348;0.40154782656644117;0.5984521734335588
1730779689.9103706;/app/bags/user95_2017-02-24.bag;0.834065854549408;0.0;0.9619645476341248;0.0;2.403604411345348;0.40154782656644117;0.5984521734335588
1730779690.1103919;/app/bags/user95_2017-02-24.bag;0.834065854549408;0.0;0.9619645476341248;0.0;2.403604411345348;0.40154782656644117;0.5984521734335588
1730779690.3103933;/app/bags/user95_2017-02-24.bag;0.834065854549408;0.0;0.9619645476341248;0.0;2.403604411345348;0.40154782656644117;0.5984521734335588
1730779690.510365;/app/bags/user95_2017-02-24.bag;0.834065854549408;0.0;0.9619645476341248;0.0;2.403604411345348;0.40154782656644117;0.5984521734335588
1730779690.7103872;/app/bags/user95_2017-02-24.bag;0.834065854549408;0.0;0.9619645476341248;0.0;2.403604411345348;0.40154782656644117;0.5984521734335588
1730779690.910391;/app/bags/user95_2017-02-24.bag;0.834065854549408;0.0;0.9619645476341248;0.0;2.403604411345348;0.40154782656644117;0.5984521734335588
1730779691.1103878;/app/bags/user95_2017-02-24.bag;0.834065854549408;0.0;0.9619645476341248;0.0;2.403604411345348;0.40154782656644117;0.5984521734335588
1730779691.3103912;/app/bags/user95_2017-02-24.bag;0.834065854549408;0.0;0.9619645476341248;0.0;2.403604411345348;0.40154782656644117;0.5984521734335588
1730779691.510416;/app/bags/user95_2017-02-24.bag;0.834065854549408;0.0;0.9619645476341248;0.0;2.403604411345348;0.40154782656644117;0.5984521734335588
1730779691.7104764;/app/bags/user95_2017-02-24.bag;0.834065854549408;0.0;0.9619645476341248;0.0;2.403604411345348;0.40154782656644117;0.5984521734335588
1730779691.9104974;/app/bags/user95_2017-02-24.bag;0.834065854549408;0.0;0.9619645476341248;0.0;2.403604411345348;0.40154782656644117;0.5984521734335588
1730779692.1104002;/app/bags/user95_2017-02-24.bag;0.834065854549408;0.0;0.9619645476341248;0.0;2.403604411345348;0.40154782656644117;0.5984521734335588
1730779692.3104808;/app/bags/user95_2017-02-24.bag;0.834065854549408;0.0;0.9619645476341248;0.0;2.403604411345348;0.40154782656644117;0.5984521734335588
1730779692.5103996;/app/bags/user95_2017-02-24.bag;0.834065854549408;0.0;0.9619645476341248;0.0;2.403604411345348;0.40154782656644117;0.5984521734335588
1730779692.7103672;/app/bags/user95_2017-02-24.bag;0.834065854549408;0.0;0.9619645476341248;0.0;2.403604411345348;0.40154782656644117;0.5984521734335588
1730779692.910386;/app/bags/user95_2017-02-24.bag;0.834065854549408;0.0;0.9619645476341248;0.0;2.403604411345348;0.40154782656644117;0.5984521734335588
1730779693.1104069;/app/bags/user95_2017-02-24.bag;0.834065854549408;0.0;0.9619645476341248;0.0;2.403604411345348;0.40154782656644117;0.5984521734335588
1730779693.3103783;/app/bags/user95_2017-02-24.bag;0.834065854549408;0.0;0.9619645476341248;0.0;2.403604411345348;0.40154782656644117;0.5984521734335588
1730779693.5103936;/app/bags/user95_2017-02-24.bag;0.834065854549408;0.0;0.9619645476341248;0.0;2.403604411345348;0.40154782656644117;0.5984521734335588
1730779693.7104146;/app/bags/user95_2017-02-24.bag;0.834065854549408;0.0;0.9619645476341248;0.0;2.403604411345348;0.40154782656644117;0.5984521734335588
1730779693.910369;/app/bags/user95_2017-02-24.bag;0.834065854549408;0.0;0.9619645476341248;0.0;2.403604411345348;0.40154782656644117;0.5984521734335588
1730779694.1103437;/app/bags/user95_2017-02-24.bag;0.834065854549408;0.0;0.9619645476341248;0.0;2.403604411345348;0.40154782656644117;0.5984521734335588
1730779694.310425;/app/bags/user95_2017-02-24.bag;0.834065854549408;0.0;0.9619645476341248;0.0;2.403604411345348;0.40154782656644117;0.5984521734335588
1730779694.5103824;/app/bags/user95_2017-02-24.bag;0.834065854549408;0.0;0.9619645476341248;0.0;2.403604411345348;0.40154782656644117;0.5984521734335588
1730779694.710428;/app/bags/user95_2017-02-24.bag;0.834065854549408;0.0;0.9619645476341248;0.0;2.403604411345348;0.40154782656644117;0.5984521734335588
1730779694.910487;/app/bags/user95_2017-02-24.bag;0.834065854549408;0.0;0.9619645476341248;0.0;2.403604411345348;0.40154782656644117;0.5984521734335588
1730779695.110402;/app/bags/user95_2017-02-24.bag;0.834065854549408;0.0;0.9619645476341248;0.0;2.403604411345348;0.40154782656644117;0.5984521734335588
1730779695.3103979;/app/bags/user95_2017-02-24.bag;0.834065854549408;0.0;0.9619645476341248;0.0;2.403604411345348;0.40154782656644117;0.5984521734335588
1730779695.5103943;/app/bags/user95_2017-02-24.bag;0.834065854549408;0.0;0.9619645476341248;0.0;2.403604411345348;0.40154782656644117;0.5984521734335588
1730779695.7103639;/app/bags/user95_2017-02-24.bag;0.834065854549408;0.0;0.9619645476341248;0.0;2.403604411345348;0.40154782656644117;0.5984521734335588
1730779695.910391;/app/bags/user95_2017-02-24.bag;0.834065854549408;0.0;0.9619645476341248;0.0;2.403604411345348;0.40154782656644117;0.5984521734335588
1730779696.1103938;/app/bags/user95_2017-02-24.bag;0.834065854549408;0.0;0.9619645476341248;0.0;2.403604411345348;0.40154782656644117;0.5984521734335588
1730779696.3104131;/app/bags/user95_2017-02-24.bag;0.834065854549408;0.0;0.9619645476341248;0.0;2.403604411345348;0.40154782656644117;0.5984521734335588
1730779696.5103998;/app/bags/user95_2017-02-24.bag;0.834065854549408;0.0;0.9619645476341248;0.0;2.403604411345348;0.40154782656644117;0.5984521734335588
1730779696.7103906;/app/bags/user95_2017-02-24.bag;0.834065854549408;0.0;0.9619645476341248;0.0;2.403604411345348;0.40154782656644117;0.5984521734335588
1730779696.910386;/app/bags/user95_2017-02-24.bag;0.834065854549408;0.0;0.9619645476341248;0.0;2.403604411345348;0.40154782656644117;0.5984521734335588
1730779697.1103697;/app/bags/user95_2017-02-24.bag;0.834065854549408;0.0;0.9619645476341248;0.0;2.403604411345348;0.40154782656644117;0.5984521734335588
1730779697.3104093;/app/bags/user95_2017-02-24.bag;0.834065854549408;0.0;0.9619645476341248;0.0;2.403604411345348;0.40154782656644117;0.5984521734335588
1730779697.510391;/app/bags/user95_2017-02-24.bag;0.834065854549408;0.0;0.9619645476341248;0.0;2.403604411345348;0.40154782656644117;0.5984521734335588
1730779697.7103863;/app/bags/user95_2017-02-24.bag;0.834065854549408;0.0;0.9619645476341248;0.0;2.403604411345348;0.40154782656644117;0.5984521734335588
1730779697.9103754;/app/bags/user95_2017-02-24.bag;0.834065854549408;0.0;0.9619645476341248;0.0;2.403604411345348;0.40154782656644117;0.5984521734335588
1730779698.1104128;/app/bags/user95_2017-02-24.bag;0.834065854549408;0.0;0.9619645476341248;0.0;2.403604411345348;0.40154782656644117;0.5984521734335588
1730779698.3104057;/app/bags/user95_2017-02-24.bag;0.834065854549408;0.0;0.9619645476341248;0.0;2.403604411345348;0.40154782656644117;0.5984521734335588
1730779698.5103636;/app/bags/user95_2017-02-24.bag;0.834065854549408;0.0;0.9619645476341248;0.0;2.403604411345348;0.40154782656644117;0.5984521734335588
1730779698.710432;/app/bags/user95_2017-02-24.bag;0.834065854549408;0.0;0.9619645476341248;0.0;2.403604411345348;0.40154782656644117;0.5984521734335588
1730779698.910361;/app/bags/user95_2017-02-24.bag;0.834065854549408;0.0;0.9619645476341248;0.0;2.403604411345348;0.40154782656644117;0.5984521734335588
1730779699.1103806;/app/bags/user95_2017-02-24.bag;0.834065854549408;0.0;0.9619645476341248;0.0;2.403604411345348;0.40154782656644117;0.5984521734335588
1730779699.3103929;/app/bags/user95_2017-02-24.bag;0.834065854549408;0.0;0.9619645476341248;0.0;2.403604411345348;0.40154782656644117;0.5984521734335588
1730779699.5104904;/app/bags/user95_2017-02-24.bag;0.834065854549408;0.0;0.9619645476341248;0.0;2.403604411345348;0.40154782656644117;0.5984521734335588
1730779699.7103822;/app/bags/user95_2017-02-24.bag;0.834065854549408;0.0;0.9619645476341248;0.0;2.403604411345348;0.40154782656644117;0.5984521734335588
1730779699.9103909;/app/bags/user95_2017-02-24.bag;0.834065854549408;0.0;0.9619645476341248;0.0;2.403604411345348;0.40154782656644117;0.5984521734335588
1730779700.110453;/app/bags/user95_2017-02-24.bag;0.834065854549408;0.0;0.9619645476341248;0.0;2.403604411345348;0.40154782656644117;0.5984521734335588
1730779700.3104143;/app/bags/user95_2017-02-24.bag;0.834065854549408;0.0;0.9619645476341248;0.0;2.403604411345348;0.40154782656644117;0.5984521734335588
1730779700.5103805;/app/bags/user95_2017-02-24.bag;0.834065854549408;0.0;0.9619645476341248;0.0;2.403604411345348;0.40154782656644117;0.5984521734335588
1730779700.710436;/app/bags/user95_2017-02-24.bag;0.834065854549408;0.0;0.9619645476341248;0.0;2.403604411345348;0.40154782656644117;0.5984521734335588
1730779700.9103842;/app/bags/user95_2017-02-24.bag;0.834065854549408;0.0;0.9619645476341248;0.0;2.403604411345348;0.40154782656644117;0.5984521734335588
1730779701.1104004;/app/bags/user95_2017-02-24.bag;0.834065854549408;0.0;0.9619645476341248;0.0;2.403604411345348;0.40154782656644117;0.5984521734335588
1730779701.3103824;/app/bags/user95_2017-02-24.bag;0.834065854549408;0.0;0.9619645476341248;0.0;2.403604411345348;0.40154782656644117;0.5984521734335588
1730779701.5104215;/app/bags/user95_2017-02-24.bag;0.834065854549408;0.0;0.9619645476341248;0.0;2.403604411345348;0.40154782656644117;0.5984521734335588
1730779701.7103865;/app/bags/user95_2017-02-24.bag;0.834065854549408;0.0;0.9619645476341248;0.0;2.403604411345348;0.40154782656644117;0.5984521734335588
1730779701.9104326;/app/bags/user95_2017-02-24.bag;0.834065854549408;0.0;0.9619645476341248;0.0;2.403604411345348;0.40154782656644117;0.5984521734335588
1730779702.110396;/app/bags/user95_2017-02-24.bag;0.834065854549408;0.0;0.9619645476341248;0.0;2.403604411345348;0.40154782656644117;0.5984521734335588
1730779702.3104277;/app/bags/user95_2017-02-24.bag;0.834065854549408;0.0;0.9619645476341248;0.0;2.403604411345348;0.40154782656644117;0.5984521734335588
1730779702.5104299;/app/bags/user95_2017-02-24.bag;0.834065854549408;0.0;0.9619645476341248;0.0;2.403604411345348;0.40154782656644117;0.5984521734335588
1730779702.7104318;/app/bags/user95_2017-02-24.bag;0.834065854549408;0.0;0.9619645476341248;0.0;2.403604411345348;0.40154782656644117;0.5984521734335588
1730779702.9103806;/app/bags/user95_2017-02-24.bag;0.834065854549408;0.0;0.9619645476341248;0.0;2.403604411345348;0.40154782656644117;0.5984521734335588
1730779703.1103776;/app/bags/user95_2017-02-24.bag;0.834065854549408;0.0;0.9619645476341248;0.0;2.403604411345348;0.40154782656644117;0.5984521734335588
1730779703.310423;/app/bags/user95_2017-02-24.bag;0.834065854549408;0.0;0.9619645476341248;0.0;2.403604411345348;0.40154782656644117;0.5984521734335588
1730779703.5103881;/app/bags/user95_2017-02-24.bag;0.834065854549408;0.0;0.9619645476341248;0.0;2.403604411345348;0.40154782656644117;0.5984521734335588
1730779703.7103798;/app/bags/user95_2017-02-24.bag;0.834065854549408;0.0;0.9619645476341248;0.0;2.403604411345348;0.40154782656644117;0.5984521734335588
1730779703.91043;/app/bags/user95_2017-02-24.bag;0.834065854549408;0.0;0.9619645476341248;0.0;2.403604411345348;0.40154782656644117;0.5984521734335588
1730779704.110418;/app/bags/user95_2017-02-24.bag;0.834065854549408;0.0;0.9619645476341248;0.0;2.403604411345348;0.40154782656644117;0.5984521734335588
1730779704.3105168;/app/bags/user95_2017-02-24.bag;0.834065854549408;0.0;0.9619645476341248;0.0;2.403604411345348;0.40154782656644117;0.5984521734335588
1730779704.5104668;/app/bags/user95_2017-02-24.bag;0.834065854549408;0.0;0.9619645476341248;0.0;2.403604411345348;0.40154782656644117;0.5984521734335588
1730779704.710389;/app/bags/user95_2017-02-24.bag;0.834065854549408;0.0;0.9619645476341248;0.0;2.403604411345348;0.40154782656644117;0.5984521734335588
1730779704.9104326;/app/bags/user95_2017-02-24.bag;0.834065854549408;0.0;0.9619645476341248;0.0;2.403604411345348;0.40154782656644117;0.5984521734335588
1730779705.11038;/app/bags/user95_2017-02-24.bag;0.834065854549408;0.0;0.9619645476341248;0.0;2.403604411345348;0.40154782656644117;0.5984521734335588
1730779705.3105907;/app/bags/user95_2017-02-24.bag;0.834065854549408;0.0;0.9619645476341248;0.0;2.403604411345348;0.40154782656644117;0.5984521734335588
1730779705.5103807;/app/bags/user95_2017-02-24.bag;0.834065854549408;0.0;0.9619645476341248;0.0;2.403604411345348;0.40154782656644117;0.5984521734335588
1730779705.7103534;/app/bags/user95_2017-02-24.bag;0.834065854549408;0.0;0.9619645476341248;0.0;2.403604411345348;0.40154782656644117;0.5984521734335588
1730779705.9103599;/app/bags/user95_2017-02-24.bag;0.834065854549408;0.0;0.9619645476341248;0.0;2.403604411345348;0.40154782656644117;0.5984521734335588
1730779706.1103828;/app/bags/user95_2017-02-24.bag;0.834065854549408;0.0;0.9619645476341248;0.0;2.403604411345348;0.40154782656644117;0.5984521734335588
1730779706.310353;/app/bags/user95_2017-02-24.bag;0.834065854549408;0.0;0.9619645476341248;0.0;2.403604411345348;0.40154782656644117;0.5984521734335588
1730779706.5104098;/app/bags/user95_2017-02-24.bag;0.834065854549408;0.0;0.9619645476341248;0.0;2.403604411345348;0.40154782656644117;0.5984521734335588
1730779706.7103863;/app/bags/user95_2017-02-24.bag;0.834065854549408;0.0;0.9619645476341248;0.0;2.403604411345348;0.40154782656644117;0.5984521734335588
1730779706.9104416;/app/bags/user95_2017-02-24.bag;0.834065854549408;0.0;0.9619645476341248;0.0;2.403604411345348;0.40154782656644117;0.5984521734335588
1730779707.1104538;/app/bags/user95_2017-02-24.bag;0.834065854549408;0.0;0.9619645476341248;0.0;2.403604411345348;0.40154782656644117;0.5984521734335588
1730779707.3103468;/app/bags/user95_2017-02-24.bag;0.834065854549408;0.0;0.9619645476341248;0.0;2.403604411345348;0.40154782656644117;0.5984521734335588
1730779707.51035;/app/bags/user95_2017-02-24.bag;0.834065854549408;0.0;0.9619645476341248;0.0;2.403604411345348;0.40154782656644117;0.5984521734335588
1730779707.7103784;/app/bags/user95_2017-02-24.bag;0.834065854549408;0.0;0.9619645476341248;0.0;2.403604411345348;0.40154782656644117;0.5984521734335588
1730779707.9103985;/app/bags/user95_2017-02-24.bag;0.834065854549408;0.0;0.9619645476341248;0.0;2.403604411345348;0.40154782656644117;0.5984521734335588
1730779708.11038;/app/bags/user95_2017-02-24.bag;0.834065854549408;0.0;0.9619645476341248;0.0;2.403604411345348;0.40154782656644117;0.5984521734335588
1730779708.3104;/app/bags/user95_2017-02-24.bag;0.834065854549408;0.0;0.9619645476341248;0.0;2.403604411345348;0.40154782656644117;0.5984521734335588
1730779708.5104427;/app/bags/user95_2017-02-24.bag;0.834065854549408;0.0;0.9619645476341248;0.0;2.403604411345348;0.40154782656644117;0.5984521734335588
1730779708.7103803;/app/bags/user95_2017-02-24.bag;0.834065854549408;0.0;0.9619645476341248;0.0;2.403604411345348;0.40154782656644117;0.5984521734335588
1730779708.9103715;/app/bags/user95_2017-02-24.bag;0.834065854549408;0.0;0.9619645476341248;0.0;2.403604411345348;0.40154782656644117;0.5984521734335588
1730779709.1104212;/app/bags/user95_2017-02-24.bag;0.834065854549408;0.0;0.9619645476341248;0.0;2.403604411345348;0.40154782656644117;0.5984521734335588
1730779709.3104246;/app/bags/user95_2017-02-24.bag;0.834065854549408;0.0;0.9619645476341248;0.0;2.403604411345348;0.40154782656644117;0.5984521734335588
1730779709.5104046;/app/bags/user95_2017-02-24.bag;0.834065854549408;0.0;0.9619645476341248;0.0;2.403604411345348;0.40154782656644117;0.5984521734335588
1730779709.710396;/app/bags/user95_2017-02-24.bag;0.834065854549408;0.0;0.9619645476341248;0.0;2.403604411345348;0.40154782656644117;0.5984521734335588
1730779709.9103835;/app/bags/user95_2017-02-24.bag;0.834065854549408;0.0;0.9619645476341248;0.0;2.403604411345348;0.40154782656644117;0.5984521734335588
1730779710.1104538;/app/bags/user95_2017-02-24.bag;0.834065854549408;0.0;0.9619645476341248;0.0;2.403604411345348;0.40154782656644117;0.5984521734335588
1730779710.3104138;/app/bags/user95_2017-02-24.bag;0.834065854549408;0.0;0.9619645476341248;0.0;2.403604411345348;0.40154782656644117;0.5984521734335588
1730779710.5103822;/app/bags/user95_2017-02-24.bag;0.834065854549408;0.0;0.9619645476341248;0.0;2.403604411345348;0.40154782656644117;0.5984521734335588
1730779710.710355;/app/bags/user95_2017-02-24.bag;0.834065854549408;0.0;0.9619645476341248;0.0;2.403604411345348;0.40154782656644117;0.5984521734335588
1730779710.9103932;/app/bags/user95_2017-02-24.bag;0.834065854549408;0.0;0.9619645476341248;0.0;2.403604411345348;0.40154782656644117;0.5984521734335588
1730779711.1103864;/app/bags/user95_2017-02-24.bag;0.834065854549408;0.0;0.9619645476341248;0.0;2.403604411345348;0.40154782656644117;0.5984521734335588
1730779711.310498;/app/bags/user95_2017-02-24.bag;0.834065854549408;0.0;0.9619645476341248;0.0;2.403604411345348;0.40154782656644117;0.5984521734335588
1730779711.510452;/app/bags/user95_2017-02-24.bag;0.834065854549408;0.0;0.9619645476341248;0.0;2.403604411345348;0.40154782656644117;0.5984521734335588
1730779711.7104151;/app/bags/user95_2017-02-24.bag;0.834065854549408;0.0;0.9619645476341248;0.0;2.403604411345348;0.40154782656644117;0.5984521734335588
1730779711.91037;/app/bags/user95_2017-02-24.bag;0.834065854549408;0.0;0.9619645476341248;0.0;2.403604411345348;0.40154782656644117;0.5984521734335588
1730779712.1103823;/app/bags/user95_2017-02-24.bag;0.834065854549408;0.0;0.9619645476341248;0.0;2.403604411345348;0.40154782656644117;0.5984521734335588
1730779712.3103714;/app/bags/user95_2017-02-24.bag;0.834065854549408;0.0;0.9619645476341248;0.0;2.403604411345348;0.40154782656644117;0.5984521734335588
1730779712.5104084;/app/bags/user95_2017-02-24.bag;0.834065854549408;0.0;0.9619645476341248;0.0;2.403604411345348;0.40154782656644117;0.5984521734335588
1730779712.7103913;/app/bags/user95_2017-02-24.bag;0.834065854549408;0.0;0.9619645476341248;0.0;2.403604411345348;0.40154782656644117;0.5984521734335588
1730779712.9105113;/app/bags/user95_2017-02-24.bag;0.834065854549408;0.0;0.9619645476341248;0.0;2.403604411345348;0.40154782656644117;0.5984521734335588
1730779713.1104138;/app/bags/user95_2017-02-24.bag;0.834065854549408;0.0;0.9619645476341248;0.0;2.403604411345348;0.40154782656644117;0.5984521734335588
1730779713.3104513;/app/bags/user95_2017-02-24.bag;0.834065854549408;0.0;0.9619645476341248;0.0;2.403604411345348;0.40154782656644117;0.5984521734335588
1730779713.5103953;/app/bags/user95_2017-02-24.bag;0.834065854549408;0.0;0.9619645476341248;0.0;2.403604411345348;0.40154782656644117;0.5984521734335588
1730779713.710383;/app/bags/user95_2017-02-24.bag;0.834065854549408;0.0;0.9619645476341248;0.0;2.403604411345348;0.40154782656644117;0.5984521734335588
1730779713.9103806;/app/bags/user95_2017-02-24.bag;0.834065854549408;0.0;0.9619645476341248;0.0;2.403604411345348;0.40154782656644117;0.5984521734335588
1730779714.110358;/app/bags/user95_2017-02-24.bag;0.834065854549408;0.0;0.9619645476341248;0.0;2.403604411345348;0.40154782656644117;0.5984521734335588
1730779714.3104172;/app/bags/user95_2017-02-24.bag;0.834065854549408;0.0;0.9619645476341248;0.0;2.403604411345348;0.40154782656644117;0.5984521734335588
1730779714.5103695;/app/bags/user95_2017-02-24.bag;0.834065854549408;0.0;0.9619645476341248;0.0;2.403604411345348;0.40154782656644117;0.5984521734335588
1730779714.7103806;/app/bags/user95_2017-02-24.bag;0.834065854549408;0.0;0.9619645476341248;0.0;2.403604411345348;0.40154782656644117;0.5984521734335588
1730779714.9104626;/app/bags/user95_2017-02-24.bag;0.834065854549408;0.0;0.9619645476341248;0.0;2.403604411345348;0.40154782656644117;0.5984521734335588
1730779715.1103828;/app/bags/user95_2017-02-24.bag;0.834065854549408;0.0;0.9619645476341248;0.0;2.403604411345348;0.40154782656644117;0.5984521734335588
1730779715.3103883;/app/bags/user95_2017-02-24.bag;0.834065854549408;0.0;0.9619645476341248;0.0;2.403604411345348;0.40154782656644117;0.5984521734335588
1730779715.510358;/app/bags/user95_2017-02-24.bag;0.834065854549408;0.0;0.9619645476341248;0.0;2.403604411345348;0.40154782656644117;0.5984521734335588
1730779715.7103603;/app/bags/user95_2017-02-24.bag;0.834065854549408;0.0;0.9619645476341248;0.0;2.403604411345348;0.40154782656644117;0.5984521734335588
1730779715.9103775;/app/bags/user95_2017-02-24.bag;0.834065854549408;0.0;0.9619645476341248;0.0;2.403604411345348;0.40154782656644117;0.5984521734335588
1730779716.1103885;/app/bags/user95_2017-02-24.bag;0.834065854549408;0.0;0.9619645476341248;0.0;2.403604411345348;0.40154782656644117;0.5984521734335588
1730779716.3103511;/app/bags/user95_2017-02-24.bag;0.834065854549408;0.0;0.9619645476341248;0.0;2.403604411345348;0.40154782656644117;0.5984521734335588
1730779716.510402;/app/bags/user95_2017-02-24.bag;0.834065854549408;0.0;0.9619645476341248;0.0;2.403604411345348;0.40154782656644117;0.5984521734335588
1730779716.7103968;/app/bags/user95_2017-02-24.bag;0.834065854549408;0.0;0.9619645476341248;0.0;2.403604411345348;0.40154782656644117;0.5984521734335588
1730779716.9104571;/app/bags/user95_2017-02-24.bag;0.834065854549408;0.0;0.9619645476341248;0.0;2.403604411345348;0.40154782656644117;0.5984521734335588
1730779717.1104093;/app/bags/user95_2017-02-24.bag;0.834065854549408;0.0;0.9619645476341248;0.0;2.403604411345348;0.40154782656644117;0.5984521734335588
1730779717.3103795;/app/bags/user95_2017-02-24.bag;0.834065854549408;0.0;0.9619645476341248;0.0;2.403604411345348;0.40154782656644117;0.5984521734335588
1730779717.5103867;/app/bags/user95_2017-02-24.bag;0.834065854549408;0.0;0.9619645476341248;0.0;2.403604411345348;0.40154782656644117;0.5984521734335588
1730779717.710377;/app/bags/user95_2017-02-24.bag;0.834065854549408;0.0;0.9619645476341248;0.0;2.403604411345348;0.40154782656644117;0.5984521734335588
1730779717.9104245;/app/bags/user95_2017-02-24.bag;0.834065854549408;0.0;0.9619645476341248;0.0;2.403604411345348;0.40154782656644117;0.5984521734335588
1730779718.1103828;/app/bags/user95_2017-02-24.bag;0.834065854549408;0.0;0.9619645476341248;0.0;2.403604411345348;0.40154782656644117;0.5984521734335588
1730779718.3104284;/app/bags/user95_2017-02-24.bag;0.834065854549408;0.0;0.9619645476341248;0.0;2.403604411345348;0.40154782656644117;0.5984521734335588
1730779718.5103881;/app/bags/user95_2017-02-24.bag;0.834065854549408;0.0;0.9619645476341248;0.0;2.403604411345348;0.40154782656644117;0.5984521734335588
1730779718.71042;/app/bags/user95_2017-02-24.bag;0.834065854549408;0.0;0.9619645476341248;0.0;2.403604411345348;0.40154782656644117;0.5984521734335588
1730779718.9103816;/app/bags/user95_2017-02-24.bag;0.834065854549408;0.0;0.9619645476341248;0.0;2.403604411345348;0.40154782656644117;0.5984521734335588
1730779719.1103919;/app/bags/user95_2017-02-24.bag;0.834065854549408;0.0;0.9619645476341248;0.0;2.403604411345348;0.40154782656644117;0.5984521734335588
1730779719.3104298;/app/bags/user95_2017-02-24.bag;0.834065854549408;0.0;0.9619645476341248;0.0;2.403604411345348;0.40154782656644117;0.5984521734335588
1730779719.5103815;/app/bags/user95_2017-02-24.bag;0.834065854549408;0.0;0.9619645476341248;0.0;2.403604411345348;0.40154782656644117;0.5984521734335588
1730779719.7103808;/app/bags/user95_2017-02-24.bag;0.834065854549408;0.0;0.9619645476341248;0.0;2.403604411345348;0.40154782656644117;0.5984521734335588
1730779719.9103868;/app/bags/user95_2017-02-24.bag;0.834065854549408;0.0;0.9619645476341248;0.0;2.403604411345348;0.40154782656644117;0.5984521734335588
1730779720.110388;/app/bags/user95_2017-02-24.bag;0.834065854549408;0.0;0.9619645476341248;0.0;2.403604411345348;0.40154782656644117;0.5984521734335588
1730779720.3104045;/app/bags/user95_2017-02-24.bag;0.834065854549408;0.0;0.9619645476341248;0.0;2.403604411345348;0.40154782656644117;0.5984521734335588
1730779720.5103729;/app/bags/user95_2017-02-24.bag;0.834065854549408;0.0;0.9619645476341248;0.0;2.403604411345348;0.40154782656644117;0.5984521734335588
1730779720.7103908;/app/bags/user95_2017-02-24.bag;0.834065854549408;0.0;0.9619645476341248;0.0;2.403604411345348;0.40154782656644117;0.5984521734335588
1730779720.9104297;/app/bags/user95_2017-02-24.bag;0.834065854549408;0.0;0.9619645476341248;0.0;2.403604411345348;0.40154782656644117;0.5984521734335588
1730779721.110411;/app/bags/user95_2017-02-24.bag;0.834065854549408;0.0;0.9619645476341248;0.0;2.403604411345348;0.40154782656644117;0.5984521734335588
1730779721.3103411;/app/bags/user95_2017-02-24.bag;0.834065854549408;0.0;0.9619645476341248;0.0;2.403604411345348;0.40154782656644117;0.5984521734335588
1730779721.5104127;/app/bags/user95_2017-02-24.bag;0.834065854549408;0.0;0.9619645476341248;0.0;2.403604411345348;0.40154782656644117;0.5984521734335588
1730779721.710403;/app/bags/user95_2017-02-24.bag;0.834065854549408;0.0;0.9619645476341248;0.0;2.403604411345348;0.40154782656644117;0.5984521734335588
1730779721.910354;/app/bags/user95_2017-02-24.bag;0.834065854549408;0.0;0.9619645476341248;0.0;2.403604411345348;0.40154782656644117;0.5984521734335588
1730779722.1103687;/app/bags/user95_2017-02-24.bag;0.834065854549408;0.0;0.9619645476341248;0.0;2.403604411345348;0.40154782656644117;0.5984521734335588
1730779722.310376;/app/bags/user95_2017-02-24.bag;0.834065854549408;0.0;0.9619645476341248;0.0;2.403604411345348;0.40154782656644117;0.5984521734335588
1730779722.510385;/app/bags/user95_2017-02-24.bag;0.834065854549408;0.0;0.9619645476341248;0.0;2.403604411345348;0.40154782656644117;0.5984521734335588
1730779722.7104006;/app/bags/user95_2017-02-24.bag;0.834065854549408;0.0;0.9619645476341248;0.0;2.403604411345348;0.40154782656644117;0.5984521734335588
1730779722.9104288;/app/bags/user95_2017-02-24.bag;0.834065854549408;0.0;0.9619645476341248;0.0;2.403604411345348;0.40154782656644117;0.5984521734335588
1730779723.1103954;/app/bags/user95_2017-02-24.bag;0.834065854549408;0.0;0.9619645476341248;0.0;2.403604411345348;0.40154782656644117;0.5984521734335588
1730779723.3104033;/app/bags/user95_2017-02-24.bag;0.834065854549408;0.0;0.9619645476341248;0.0;2.403604411345348;0.40154782656644117;0.5984521734335588
1730779723.510367;/app/bags/user95_2017-02-24.bag;0.834065854549408;0.0;0.9619645476341248;0.0;2.403604411345348;0.40154782656644117;0.5984521734335588
1730779723.7104254;/app/bags/user95_2017-02-24.bag;0.834065854549408;0.0;0.9619645476341248;0.0;2.403604411345348;0.40154782656644117;0.5984521734335588
1730779723.9103894;/app/bags/user95_2017-02-24.bag;0.834065854549408;0.0;0.9619645476341248;0.0;2.403604411345348;0.40154782656644117;0.5984521734335588
1730779724.110367;/app/bags/user95_2017-02-24.bag;0.834065854549408;0.0;0.9619645476341248;0.0;2.403604411345348;0.40154782656644117;0.5984521734335588
1730779724.3104465;/app/bags/user95_2017-02-24.bag;0.834065854549408;0.0;0.9619645476341248;0.0;2.403604411345348;0.40154782656644117;0.5984521734335588
1730779724.510358;/app/bags/user95_2017-02-24.bag;0.834065854549408;0.0;0.9619645476341248;0.0;2.403604411345348;0.40154782656644117;0.5984521734335588
1730779724.7104483;/app/bags/user95_2017-02-24.bag;0.834065854549408;0.0;0.9619645476341248;0.0;2.403604411345348;0.40154782656644117;0.5984521734335588
1730779724.9103916;/app/bags/user95_2017-02-24.bag;0.834065854549408;0.0;0.9619645476341248;0.0;2.403604411345348;0.40154782656644117;0.5984521734335588
1730779725.1103854;/app/bags/user95_2017-02-24.bag;0.834065854549408;0.0;0.9619645476341248;0.0;2.403604411345348;0.40154782656644117;0.5984521734335588
1730779725.3105335;/app/bags/user95_2017-02-24.bag;0.834065854549408;0.0;0.9619645476341248;0.0;2.403604411345348;0.40154782656644117;0.5984521734335588
1730779725.5104322;/app/bags/user95_2017-02-24.bag;0.834065854549408;0.0;0.9619645476341248;0.0;2.403604411345348;0.40154782656644117;0.5984521734335588
1730779725.7103887;/app/bags/user95_2017-02-24.bag;0.834065854549408;0.0;0.9619645476341248;0.0;2.403604411345348;0.40154782656644117;0.5984521734335588
1730779725.9103928;/app/bags/user95_2017-02-24.bag;0.834065854549408;0.0;0.9619645476341248;0.0;2.403604411345348;0.40154782656644117;0.5984521734335588
1730779726.1104283;/app/bags/user95_2017-02-24.bag;0.834065854549408;0.0;0.9619645476341248;0.0;2.403604411345348;0.40154782656644117;0.5984521734335588
1730779726.310387;/app/bags/user95_2017-02-24.bag;0.834065854549408;0.0;0.9619645476341248;0.0;2.403604411345348;0.40154782656644117;0.5984521734335588
1730779726.5103786;/app/bags/user95_2017-02-24.bag;0.834065854549408;0.0;0.9619645476341248;0.0;2.403604411345348;0.40154782656644117;0.5984521734335588
1730779726.7104;/app/bags/user95_2017-02-24.bag;0.834065854549408;0.0;0.9619645476341248;0.0;2.403604411345348;0.40154782656644117;0.5984521734335588
1730779726.9104536;/app/bags/user95_2017-02-24.bag;0.834065854549408;0.0;0.9619645476341248;0.0;2.403604411345348;0.40154782656644117;0.5984521734335588
1730779727.110385;/app/bags/user95_2017-02-24.bag;0.834065854549408;0.0;0.9619645476341248;0.0;2.403604411345348;0.40154782656644117;0.5984521734335588
1730779727.3104362;/app/bags/user95_2017-02-24.bag;0.834065854549408;0.0;0.9619645476341248;0.0;2.403604411345348;0.40154782656644117;0.5984521734335588
1730779727.510366;/app/bags/user95_2017-02-24.bag;0.834065854549408;0.0;0.9619645476341248;0.0;2.403604411345348;0.40154782656644117;0.5984521734335588
1730779727.7104046;/app/bags/user95_2017-02-24.bag;0.834065854549408;0.0;0.9619645476341248;0.0;2.403604411345348;0.40154782656644117;0.5984521734335588
1730779727.9103725;/app/bags/user95_2017-02-24.bag;0.834065854549408;0.0;0.9619645476341248;0.0;2.403604411345348;0.40154782656644117;0.5984521734335588
1730779728.1104;/app/bags/user95_2017-02-24.bag;0.834065854549408;0.0;0.9619645476341248;0.0;2.403604411345348;0.40154782656644117;0.5984521734335588
1730779728.3103697;/app/bags/user95_2017-02-24.bag;0.834065854549408;0.0;0.9619645476341248;0.0;2.403604411345348;0.40154782656644117;0.5984521734335588
1730779728.510411;/app/bags/user95_2017-02-24.bag;0.834065854549408;0.0;0.9619645476341248;0.0;2.403604411345348;0.40154782656644117;0.5984521734335588
1730779728.7103739;/app/bags/user95_2017-02-24.bag;0.834065854549408;0.0;0.9619645476341248;0.0;2.403604411345348;0.40154782656644117;0.5984521734335588
1730779728.9104123;/app/bags/user95_2017-02-24.bag;0.834065854549408;0.0;0.9619645476341248;0.0;2.403604411345348;0.40154782656644117;0.5984521734335588
1730779729.1104198;/app/bags/user95_2017-02-24.bag;0.834065854549408;0.0;0.9619645476341248;0.0;2.403604411345348;0.40154782656644117;0.5984521734335588
1730779729.3104556;/app/bags/user95_2017-02-24.bag;0.834065854549408;0.0;0.9619645476341248;0.0;2.403604411345348;0.40154782656644117;0.5984521734335588
1730779729.510392;/app/bags/user95_2017-02-24.bag;0.834065854549408;0.0;0.9619645476341248;0.0;2.403604411345348;0.40154782656644117;0.5984521734335588
1730779729.7103837;/app/bags/user95_2017-02-24.bag;0.834065854549408;0.0;0.9619645476341248;0.0;2.403604411345348;0.40154782656644117;0.5984521734335588
1730779729.9103775;/app/bags/user95_2017-02-24.bag;0.834065854549408;0.0;0.9619645476341248;0.0;2.403604411345348;0.40154782656644117;0.5984521734335588
1730779730.110374;/app/bags/user95_2017-02-24.bag;0.834065854549408;0.0;0.9619645476341248;0.0;2.403604411345348;0.40154782656644117;0.5984521734335588
1730779730.3103929;/app/bags/user95_2017-02-24.bag;0.834065854549408;0.0;0.9619645476341248;0.0;2.403604411345348;0.40154782656644117;0.5984521734335588
1730779730.5103874;/app/bags/user95_2017-02-24.bag;0.834065854549408;0.0;0.9619645476341248;0.0;2.403604411345348;0.40154782656644117;0.5984521734335588
1730779730.710397;/app/bags/user95_2017-02-24.bag;0.834065854549408;0.0;0.9619645476341248;0.0;2.403604411345348;0.40154782656644117;0.5984521734335588
1730779730.9104116;/app/bags/user95_2017-02-24.bag;0.834065854549408;0.0;0.9619645476341248;0.0;2.403604411345348;0.40154782656644117;0.5984521734335588
1730779731.1104028;/app/bags/user95_2017-02-24.bag;0.834065854549408;0.0;0.9619645476341248;0.0;2.403604411345348;0.40154782656644117;0.5984521734335588
1730779731.3103902;/app/bags/user95_2017-02-24.bag;0.834065854549408;0.0;0.9619645476341248;0.0;2.403604411345348;0.40154782656644117;0.5984521734335588
1730779731.5104122;/app/bags/user95_2017-02-24.bag;0.834065854549408;0.0;0.9619645476341248;0.0;2.403604411345348;0.40154782656644117;0.5984521734335588
1730779731.7103972;/app/bags/user95_2017-02-24.bag;0.834065854549408;0.0;0.9619645476341248;0.0;2.403604411345348;0.40154782656644117;0.5984521734335588
1730779731.9103918;/app/bags/user95_2017-02-24.bag;0.834065854549408;0.0;0.9619645476341248;0.0;2.403604411345348;0.40154782656644117;0.5984521734335588
1730779732.1104367;/app/bags/user95_2017-02-24.bag;0.834065854549408;0.0;0.9619645476341248;0.0;2.403604411345348;0.40154782656644117;0.5984521734335588
1730779732.3104582;/app/bags/user95_2017-02-24.bag;0.834065854549408;0.0;0.9619645476341248;0.0;2.403604411345348;0.40154782656644117;0.5984521734335588
1730779732.5103564;/app/bags/user95_2017-02-24.bag;0.834065854549408;0.0;0.9619645476341248;0.0;2.403604411345348;0.40154782656644117;0.5984521734335588
1730779732.7104213;/app/bags/user95_2017-02-24.bag;0.834065854549408;0.0;0.9619645476341248;0.0;2.403604411345348;0.40154782656644117;0.5984521734335588
1730779732.9103873;/app/bags/user95_2017-02-24.bag;0.834065854549408;0.0;0.9619645476341248;0.0;2.403604411345348;0.40154782656644117;0.5984521734335588
1730779733.110385;/app/bags/user95_2017-02-24.bag;0.834065854549408;0.0;0.9619645476341248;0.0;2.403604411345348;0.40154782656644117;0.5984521734335588
1730779733.3103852;/app/bags/user95_2017-02-24.bag;0.834065854549408;0.0;0.9619645476341248;0.0;2.403604411345348;0.40154782656644117;0.5984521734335588
1730779733.5103812;/app/bags/user95_2017-02-24.bag;0.834065854549408;0.0;0.9619645476341248;0.0;2.403604411345348;0.40154782656644117;0.5984521734335588
1730779733.710399;/app/bags/user95_2017-02-24.bag;0.834065854549408;0.0;0.9619645476341248;0.0;2.403604411345348;0.40154782656644117;0.5984521734335588
1730779733.9103885;/app/bags/user95_2017-02-24.bag;0.834065854549408;0.0;0.9619645476341248;0.0;2.403604411345348;0.40154782656644117;0.5984521734335588
1730779734.110378;/app/bags/user95_2017-02-24.bag;0.834065854549408;0.0;0.9619645476341248;0.0;2.403604411345348;0.40154782656644117;0.5984521734335588
1730779734.3103871;/app/bags/user95_2017-02-24.bag;0.834065854549408;0.0;0.9619645476341248;0.0;2.403604411345348;0.40154782656644117;0.5984521734335588
1730779734.5104253;/app/bags/user95_2017-02-24.bag;0.834065854549408;0.0;0.9619645476341248;0.0;2.403604411345348;0.40154782656644117;0.5984521734335588
1730779734.7103808;/app/bags/user95_2017-02-24.bag;0.834065854549408;0.0;0.9619645476341248;0.0;2.403604411345348;0.40154782656644117;0.5984521734335588
1730779734.910396;/app/bags/user95_2017-02-24.bag;0.834065854549408;0.0;0.9619645476341248;0.0;2.403604411345348;0.40154782656644117;0.5984521734335588
1730779735.1103537;/app/bags/user95_2017-02-24.bag;0.834065854549408;0.0;0.9619645476341248;0.0;2.403604411345348;0.40154782656644117;0.5984521734335588
1730779735.3103852;/app/bags/user95_2017-02-24.bag;0.834065854549408;0.0;0.9619645476341248;0.0;2.403604411345348;0.40154782656644117;0.5984521734335588
1730779735.5103803;/app/bags/user95_2017-02-24.bag;0.834065854549408;0.0;0.9619645476341248;0.0;2.403604411345348;0.40154782656644117;0.5984521734335588
1730779735.710361;/app/bags/user95_2017-02-24.bag;0.834065854549408;0.0;0.9619645476341248;0.0;2.403604411345348;0.40154782656644117;0.5984521734335588
1730779735.9104018;/app/bags/user95_2017-02-24.bag;0.834065854549408;0.0;0.9619645476341248;0.0;2.403604411345348;0.40154782656644117;0.5984521734335588
1730779736.1103895;/app/bags/user95_2017-02-24.bag;0.834065854549408;0.0;0.9619645476341248;0.0;2.403604411345348;0.40154782656644117;0.5984521734335588
1730779736.3103814;/app/bags/user95_2017-02-24.bag;0.834065854549408;0.0;0.9619645476341248;0.0;2.403604411345348;0.40154782656644117;0.5984521734335588
1730779736.510382;/app/bags/user95_2017-02-24.bag;0.834065854549408;0.0;0.9619645476341248;0.0;2.403604411345348;0.40154782656644117;0.5984521734335588
1730779736.7104025;/app/bags/user95_2017-02-24.bag;0.834065854549408;0.0;0.9619645476341248;0.0;2.403604411345348;0.40154782656644117;0.5984521734335588
1730779736.9103863;/app/bags/user95_2017-02-24.bag;0.834065854549408;0.0;0.9619645476341248;0.0;2.403604411345348;0.40154782656644117;0.5984521734335588
1730779737.110442;/app/bags/user95_2017-02-24.bag;0.834065854549408;0.0;0.9619645476341248;0.0;2.403604411345348;0.40154782656644117;0.5984521734335588
1730779737.310366;/app/bags/user95_2017-02-24.bag;0.834065854549408;0.0;0.9619645476341248;0.0;2.403604411345348;0.40154782656644117;0.5984521734335588
1730779737.5103753;/app/bags/user95_2017-02-24.bag;0.834065854549408;0.0;0.9619645476341248;0.0;2.403604411345348;0.40154782656644117;0.5984521734335588
1730779737.7103767;/app/bags/user95_2017-02-24.bag;0.834065854549408;0.0;0.9619645476341248;0.0;2.403604411345348;0.40154782656644117;0.5984521734335588
1730779737.9103894;/app/bags/user95_2017-02-24.bag;0.834065854549408;0.0;0.9619645476341248;0.0;2.403604411345348;0.40154782656644117;0.5984521734335588
1730779738.1104646;/app/bags/user95_2017-02-24.bag;0.834065854549408;0.0;0.9619645476341248;0.0;2.403604411345348;0.40154782656644117;0.5984521734335588
1730779738.3103917;/app/bags/user95_2017-02-24.bag;0.834065854549408;0.0;0.9619645476341248;0.0;2.403604411345348;0.40154782656644117;0.5984521734335588
1730779738.5104265;/app/bags/user95_2017-02-24.bag;0.834065854549408;0.0;0.9619645476341248;0.0;2.403604411345348;0.40154782656644117;0.5984521734335588
1730779738.7103958;/app/bags/user95_2017-02-24.bag;0.834065854549408;0.0;0.9619645476341248;0.0;2.403604411345348;0.40154782656644117;0.5984521734335588
1730779738.9103813;/app/bags/user95_2017-02-24.bag;0.834065854549408;0.0;0.9619645476341248;0.0;2.403604411345348;0.40154782656644117;0.5984521734335588
1730779739.110398;/app/bags/user95_2017-02-24.bag;0.834065854549408;0.0;0.9619645476341248;0.0;2.403604411345348;0.40154782656644117;0.5984521734335588
1730779739.3103867;/app/bags/user95_2017-02-24.bag;0.834065854549408;0.0;0.9619645476341248;0.0;2.403604411345348;0.40154782656644117;0.5984521734335588
1730779739.5103776;/app/bags/user95_2017-02-24.bag;0.834065854549408;0.0;0.9619645476341248;0.0;2.403604411345348;0.40154782656644117;0.5984521734335588
1730779739.7103713;/app/bags/user95_2017-02-24.bag;0.834065854549408;0.0;0.9619645476341248;0.0;2.403604411345348;0.40154782656644117;0.5984521734335588
1730779739.9103549;/app/bags/user95_2017-02-24.bag;0.834065854549408;0.0;0.9619645476341248;0.0;2.403604411345348;0.40154782656644117;0.5984521734335588
1730779740.1103904;/app/bags/user95_2017-02-24.bag;0.834065854549408;0.0;0.9619645476341248;0.0;2.403604411345348;0.40154782656644117;0.5984521734335588
1730779740.3104177;/app/bags/user95_2017-02-24.bag;0.834065854549408;0.0;0.9619645476341248;0.0;2.403604411345348;0.40154782656644117;0.5984521734335588
1730779740.510539;/app/bags/user95_2017-02-24.bag;0.834065854549408;0.0;0.9619645476341248;0.0;2.403604411345348;0.40154782656644117;0.5984521734335588
1730779740.710421;/app/bags/user95_2017-02-24.bag;0.834065854549408;0.0;0.9619645476341248;0.0;2.403604411345348;0.40154782656644117;0.5984521734335588
1730779740.9103894;/app/bags/user95_2017-02-24.bag;0.834065854549408;0.0;0.9619645476341248;0.0;2.403604411345348;0.40154782656644117;0.5984521734335588
1730779741.1103754;/app/bags/user95_2017-02-24.bag;0.834065854549408;0.0;0.9619645476341248;0.0;2.403604411345348;0.40154782656644117;0.5984521734335588
1730779741.310373;/app/bags/user95_2017-02-24.bag;0.834065854549408;0.0;0.9619645476341248;0.0;2.403604411345348;0.40154782656644117;0.5984521734335588
1730779741.5105355;/app/bags/user95_2017-02-24.bag;0.834065854549408;0.0;0.9619645476341248;0.0;2.403604411345348;0.40154782656644117;0.5984521734335588
1730779741.7103834;/app/bags/user95_2017-02-24.bag;0.834065854549408;0.0;0.9619645476341248;0.0;2.403604411345348;0.40154782656644117;0.5984521734335588
1730779741.9103816;/app/bags/user95_2017-02-24.bag;0.834065854549408;0.0;0.9619645476341248;0.0;2.403604411345348;0.40154782656644117;0.5984521734335588
1730779742.1104288;/app/bags/user95_2017-02-24.bag;0.834065854549408;0.0;0.9619645476341248;0.0;2.403604411345348;0.40154782656644117;0.5984521734335588
1730779742.3103783;/app/bags/user95_2017-02-24.bag;0.834065854549408;0.0;0.9619645476341248;0.0;2.403604411345348;0.40154782656644117;0.5984521734335588
1730779742.510389;/app/bags/user95_2017-02-24.bag;0.834065854549408;0.0;0.9619645476341248;0.0;2.403604411345348;0.40154782656644117;0.5984521734335588
1730779742.710395;/app/bags/user95_2017-02-24.bag;0.834065854549408;0.0;0.9619645476341248;0.0;2.403604411345348;0.40154782656644117;0.5984521734335588
1730779742.910451;/app/bags/user95_2017-02-24.bag;0.834065854549408;0.0;0.9619645476341248;0.0;2.403604411345348;0.40154782656644117;0.5984521734335588
1730779743.1104236;/app/bags/user95_2017-02-24.bag;0.834065854549408;0.0;0.9619645476341248;0.0;2.403604411345348;0.40154782656644117;0.5984521734335588
1730779743.3103817;/app/bags/user95_2017-02-24.bag;0.834065854549408;0.0;0.9619645476341248;0.0;2.403604411345348;0.40154782656644117;0.5984521734335588
1730779743.5103984;/app/bags/user95_2017-02-24.bag;0.834065854549408;0.0;0.9619645476341248;0.0;2.403604411345348;0.40154782656644117;0.5984521734335588
1730779743.710386;/app/bags/user95_2017-02-24.bag;0.834065854549408;0.0;0.9619645476341248;0.0;2.403604411345348;0.40154782656644117;0.5984521734335588
1730779743.9104037;/app/bags/user95_2017-02-24.bag;0.834065854549408;0.0;0.9619645476341248;0.0;2.403604411345348;0.40154782656644117;0.5984521734335588
1730779744.11039;/app/bags/user95_2017-02-24.bag;0.834065854549408;0.0;0.9619645476341248;0.0;2.403604411345348;0.40154782656644117;0.5984521734335588
1730779744.31047;/app/bags/user95_2017-02-24.bag;0.834065854549408;0.0;0.9619645476341248;0.0;2.403604411345348;0.40154782656644117;0.5984521734335588
1730779744.5103786;/app/bags/user95_2017-02-24.bag;0.834065854549408;0.0;0.9619645476341248;0.0;2.403604411345348;0.40154782656644117;0.5984521734335588
1730779744.7104332;/app/bags/user95_2017-02-24.bag;0.834065854549408;0.0;0.9619645476341248;0.0;2.403604411345348;0.40154782656644117;0.5984521734335588
1730779744.9103947;/app/bags/user95_2017-02-24.bag;0.834065854549408;0.0;0.9619645476341248;0.0;2.403604411345348;0.40154782656644117;0.5984521734335588
1730779745.110404;/app/bags/user95_2017-02-24.bag;0.834065854549408;0.0;0.9619645476341248;0.0;2.403604411345348;0.40154782656644117;0.5984521734335588
1730779745.310378;/app/bags/user95_2017-02-24.bag;0.834065854549408;0.0;0.9619645476341248;0.0;2.403604411345348;0.40154782656644117;0.5984521734335588
1730779745.5103858;/app/bags/user95_2017-02-24.bag;0.834065854549408;0.0;0.9619645476341248;0.0;2.403604411345348;0.40154782656644117;0.5984521734335588
1730779745.710452;/app/bags/user95_2017-02-24.bag;0.834065854549408;0.0;0.9619645476341248;0.0;2.403604411345348;0.40154782656644117;0.5984521734335588
1730779745.9104;/app/bags/user95_2017-02-24.bag;0.834065854549408;0.0;0.9619645476341248;0.0;2.403604411345348;0.40154782656644117;0.5984521734335588
1730779746.110388;/app/bags/user95_2017-02-24.bag;0.834065854549408;0.0;0.9619645476341248;0.0;2.403604411345348;0.40154782656644117;0.5984521734335588
1730779746.3104427;/app/bags/user95_2017-02-24.bag;0.834065854549408;0.0;0.9619645476341248;0.0;2.403604411345348;0.40154782656644117;0.5984521734335588
1730779746.510438;/app/bags/user95_2017-02-24.bag;0.834065854549408;0.0;0.9619645476341248;0.0;2.403604411345348;0.40154782656644117;0.5984521734335588
1730779746.7104163;/app/bags/user95_2017-02-24.bag;0.834065854549408;0.0;0.9619645476341248;0.0;2.403604411345348;0.40154782656644117;0.5984521734335588
1730779746.910542;/app/bags/user95_2017-02-24.bag;0.834065854549408;0.0;0.9619645476341248;0.0;2.403604411345348;0.40154782656644117;0.5984521734335588
1730779747.1103888;/app/bags/user95_2017-02-24.bag;0.834065854549408;0.0;0.9619645476341248;0.0;2.403604411345348;0.40154782656644117;0.5984521734335588
1730779747.3104355;/app/bags/user95_2017-02-24.bag;0.834065854549408;0.0;0.9619645476341248;0.0;2.403604411345348;0.40154782656644117;0.5984521734335588
1730779747.5104005;/app/bags/user95_2017-02-24.bag;0.834065854549408;0.0;0.9619645476341248;0.0;2.403604411345348;0.40154782656644117;0.5984521734335588
1730779747.7103877;/app/bags/user95_2017-02-24.bag;0.834065854549408;0.0;0.9619645476341248;0.0;2.403604411345348;0.40154782656644117;0.5984521734335588
1730779747.9103851;/app/bags/user95_2017-02-24.bag;0.834065854549408;0.0;0.9619645476341248;0.0;2.403604411345348;0.40154782656644117;0.5984521734335588
1730779748.1104064;/app/bags/user95_2017-02-24.bag;0.834065854549408;0.0;0.9619645476341248;0.0;2.403604411345348;0.40154782656644117;0.5984521734335588
1730779748.31037;/app/bags/user95_2017-02-24.bag;0.834065854549408;0.0;0.9619645476341248;0.0;2.403604411345348;0.40154782656644117;0.5984521734335588
1730779748.510376;/app/bags/user95_2017-02-24.bag;0.834065854549408;0.0;0.9619645476341248;0.0;2.403604411345348;0.40154782656644117;0.5984521734335588
1730779748.710387;/app/bags/user95_2017-02-24.bag;0.834065854549408;0.0;0.9619645476341248;0.0;2.403604411345348;0.40154782656644117;0.5984521734335588
1730779748.9103746;/app/bags/user95_2017-02-24.bag;0.834065854549408;0.0;0.9619645476341248;0.0;2.403604411345348;0.40154782656644117;0.5984521734335588
1730779749.110352;/app/bags/user95_2017-02-24.bag;0.834065854549408;0.0;0.9619645476341248;0.0;2.403604411345348;0.40154782656644117;0.5984521734335588
1730779749.3105311;/app/bags/user95_2017-02-24.bag;0.834065854549408;0.0;0.9619645476341248;0.0;2.403604411345348;0.40154782656644117;0.5984521734335588
1730779749.5103912;/app/bags/user95_2017-02-24.bag;0.834065854549408;0.0;0.9619645476341248;0.0;2.403604411345348;0.40154782656644117;0.5984521734335588
1730779749.71044;/app/bags/user95_2017-02-24.bag;0.834065854549408;0.0;0.9619645476341248;0.0;2.403604411345348;0.40154782656644117;0.5984521734335588
1730779749.910511;/app/bags/user95_2017-02-24.bag;0.834065854549408;0.0;0.9619645476341248;0.0;2.403604411345348;0.40154782656644117;0.5984521734335588
1730779750.110519;/app/bags/user95_2017-02-24.bag;0.834065854549408;0.0;0.9619645476341248;0.0;2.403604411345348;0.40154782656644117;0.5984521734335588
1730779750.3104265;/app/bags/user95_2017-02-24.bag;0.834065854549408;0.0;0.9619645476341248;0.0;2.403604411345348;0.40154782656644117;0.5984521734335588
1730779750.5103822;/app/bags/user95_2017-02-24.bag;0.834065854549408;0.0;0.9619645476341248;0.0;2.403604411345348;0.40154782656644117;0.5984521734335588
1730779750.7104058;/app/bags/user95_2017-02-24.bag;0.834065854549408;0.0;0.9619645476341248;0.0;2.403604411345348;0.40154782656644117;0.5984521734335588
1730779750.9104013;/app/bags/user95_2017-02-24.bag;0.834065854549408;0.0;0.9619645476341248;0.0;2.403604411345348;0.40154782656644117;0.5984521734335588
1730779751.1104586;/app/bags/user95_2017-02-24.bag;0.834065854549408;0.0;0.9619645476341248;0.0;2.403604411345348;0.40154782656644117;0.5984521734335588
1730779751.3104246;/app/bags/user95_2017-02-24.bag;0.834065854549408;0.0;0.9619645476341248;0.0;2.403604411345348;0.40154782656644117;0.5984521734335588
1730779751.5103717;/app/bags/user95_2017-02-24.bag;0.834065854549408;0.0;0.9619645476341248;0.0;2.403604411345348;0.40154782656644117;0.5984521734335588
1730779751.7104173;/app/bags/user95_2017-02-24.bag;0.834065854549408;0.0;0.9619645476341248;0.0;2.403604411345348;0.40154782656644117;0.5984521734335588
1730779751.9103754;/app/bags/user95_2017-02-24.bag;0.834065854549408;0.0;0.9619645476341248;0.0;2.403604411345348;0.40154782656644117;0.5984521734335588
1730779752.1103601;/app/bags/user95_2017-02-24.bag;0.834065854549408;0.0;0.9619645476341248;0.0;2.403604411345348;0.40154782656644117;0.5984521734335588
1730779752.3104272;/app/bags/user95_2017-02-24.bag;0.834065854549408;0.0;0.9619645476341248;0.0;2.403604411345348;0.40154782656644117;0.5984521734335588
1730779752.5103652;/app/bags/user95_2017-02-24.bag;0.834065854549408;0.0;0.9619645476341248;0.0;2.403604411345348;0.40154782656644117;0.5984521734335588
1730779752.7103746;/app/bags/user95_2017-02-24.bag;0.834065854549408;0.0;0.9619645476341248;0.0;2.403604411345348;0.40154782656644117;0.5984521734335588
1730779752.9103966;/app/bags/user95_2017-02-24.bag;0.834065854549408;0.0;0.9619645476341248;0.0;2.403604411345348;0.40154782656644117;0.5984521734335588
1730779753.110395;/app/bags/user95_2017-02-24.bag;0.834065854549408;0.0;0.9619645476341248;0.0;2.403604411345348;0.40154782656644117;0.5984521734335588
1730779753.3104112;/app/bags/user95_2017-02-24.bag;0.834065854549408;0.0;0.9619645476341248;0.0;2.403604411345348;0.40154782656644117;0.5984521734335588
1730779753.5103781;/app/bags/user95_2017-02-24.bag;0.834065854549408;0.0;0.9619645476341248;0.0;2.403604411345348;0.40154782656644117;0.5984521734335588
1730779753.7104094;/app/bags/user95_2017-02-24.bag;0.834065854549408;0.0;0.9619645476341248;0.0;2.403604411345348;0.40154782656644117;0.5984521734335588
1730779753.9103615;/app/bags/user95_2017-02-24.bag;0.834065854549408;0.0;0.9619645476341248;0.0;2.403604411345348;0.40154782656644117;0.5984521734335588
1730779754.110375;/app/bags/user95_2017-02-24.bag;0.834065854549408;0.0;0.9619645476341248;0.0;2.403604411345348;0.40154782656644117;0.5984521734335588
1730779754.3103924;/app/bags/user95_2017-02-24.bag;0.834065854549408;0.0;0.9619645476341248;0.0;2.403604411345348;0.40154782656644117;0.5984521734335588
1730779754.5103967;/app/bags/user95_2017-02-24.bag;0.834065854549408;0.0;0.9619645476341248;0.0;2.403604411345348;0.40154782656644117;0.5984521734335588
1730779754.7103908;/app/bags/user95_2017-02-24.bag;0.834065854549408;0.0;0.9619645476341248;0.0;2.403604411345348;0.40154782656644117;0.5984521734335588
1730779754.910446;/app/bags/user95_2017-02-24.bag;0.834065854549408;0.0;0.9619645476341248;0.0;2.403604411345348;0.40154782656644117;0.5984521734335588
1730779755.1104178;/app/bags/user95_2017-02-24.bag;0.834065854549408;0.0;0.9619645476341248;0.0;2.403604411345348;0.40154782656644117;0.5984521734335588
1730779755.3104112;/app/bags/user95_2017-02-24.bag;0.834065854549408;0.0;0.9619645476341248;0.0;2.403604411345348;0.40154782656644117;0.5984521734335588
1730779755.5103943;/app/bags/user95_2017-02-24.bag;0.834065854549408;0.0;0.9619645476341248;0.0;2.403604411345348;0.40154782656644117;0.5984521734335588
1730779755.710432;/app/bags/user95_2017-02-24.bag;0.834065854549408;0.0;0.9619645476341248;0.0;2.403604411345348;0.40154782656644117;0.5984521734335588
1730779755.9105883;/app/bags/user95_2017-02-24.bag;0.834065854549408;0.0;0.9619645476341248;0.0;2.403604411345348;0.40154782656644117;0.5984521734335588
1730779756.1103895;/app/bags/user95_2017-02-24.bag;0.834065854549408;0.0;0.9619645476341248;0.0;2.403604411345348;0.40154782656644117;0.5984521734335588
1730779756.3104072;/app/bags/user95_2017-02-24.bag;0.834065854549408;0.0;0.9619645476341248;0.0;2.403604411345348;0.40154782656644117;0.5984521734335588
1730779756.5103939;/app/bags/user95_2017-02-24.bag;0.834065854549408;0.0;0.9619645476341248;0.0;2.403604411345348;0.40154782656644117;0.5984521734335588
1730779756.7103565;/app/bags/user95_2017-02-24.bag;0.834065854549408;0.0;0.9619645476341248;0.0;2.403604411345348;0.40154782656644117;0.5984521734335588
1730779756.9103944;/app/bags/user95_2017-02-24.bag;0.834065854549408;0.0;0.9619645476341248;0.0;2.403604411345348;0.40154782656644117;0.5984521734335588
1730779757.1103904;/app/bags/user95_2017-02-24.bag;0.834065854549408;0.0;0.9619645476341248;0.0;2.403604411345348;0.40154782656644117;0.5984521734335588
1730779757.3103445;/app/bags/user95_2017-02-24.bag;0.834065854549408;0.0;0.9619645476341248;0.0;2.403604411345348;0.40154782656644117;0.5984521734335588
1730779757.5104194;/app/bags/user95_2017-02-24.bag;0.834065854549408;0.0;0.9619645476341248;0.0;2.403604411345348;0.40154782656644117;0.5984521734335588
1730779757.7103708;/app/bags/user95_2017-02-24.bag;0.834065854549408;0.0;0.9619645476341248;0.0;2.403604411345348;0.40154782656644117;0.5984521734335588
1730779757.9104064;/app/bags/user95_2017-02-24.bag;0.834065854549408;0.0;0.9619645476341248;0.0;2.403604411345348;0.40154782656644117;0.5984521734335588
1730779758.110419;/app/bags/user95_2017-02-24.bag;0.834065854549408;0.0;0.9619645476341248;0.0;2.403604411345348;0.40154782656644117;0.5984521734335588
1730779758.310465;/app/bags/user95_2017-02-24.bag;0.834065854549408;0.0;0.9619645476341248;0.0;2.403604411345348;0.40154782656644117;0.5984521734335588
1730779758.510373;/app/bags/user95_2017-02-24.bag;0.834065854549408;0.0;0.9619645476341248;0.0;2.403604411345348;0.40154782656644117;0.5984521734335588
1730779758.710349;/app/bags/user95_2017-02-24.bag;0.834065854549408;0.0;0.9619645476341248;0.0;2.403604411345348;0.40154782656644117;0.5984521734335588
1730779758.9103882;/app/bags/user95_2017-02-24.bag;0.834065854549408;0.0;0.9619645476341248;0.0;2.403604411345348;0.40154782656644117;0.5984521734335588
1730779759.1103494;/app/bags/user95_2017-02-24.bag;0.834065854549408;0.0;0.9619645476341248;0.0;2.403604411345348;0.40154782656644117;0.5984521734335588
1730779759.3104472;/app/bags/user95_2017-02-24.bag;0.834065854549408;0.0;0.9619645476341248;0.0;2.403604411345348;0.40154782656644117;0.5984521734335588
1730779759.5104177;/app/bags/user95_2017-02-24.bag;0.834065854549408;0.0;0.9619645476341248;0.0;2.403604411345348;0.40154782656644117;0.5984521734335588
1730779759.7103672;/app/bags/user95_2017-02-24.bag;0.834065854549408;0.0;0.9619645476341248;0.0;2.403604411345348;0.40154782656644117;0.5984521734335588
1730779759.9103928;/app/bags/user95_2017-02-24.bag;0.834065854549408;0.0;0.9619645476341248;0.0;2.403604411345348;0.40154782656644117;0.5984521734335588
1730779760.1103766;/app/bags/user95_2017-02-24.bag;0.834065854549408;0.0;0.9619645476341248;0.0;2.403604411345348;0.40154782656644117;0.5984521734335588
1730779760.3104448;/app/bags/user95_2017-02-24.bag;0.834065854549408;0.0;0.9619645476341248;0.0;2.403604411345348;0.40154782656644117;0.5984521734335588
1730779760.510424;/app/bags/user95_2017-02-24.bag;0.834065854549408;0.0;0.9619645476341248;0.0;2.403604411345348;0.40154782656644117;0.5984521734335588
1730779760.710399;/app/bags/user95_2017-02-24.bag;0.834065854549408;0.0;0.9619645476341248;0.0;2.403604411345348;0.40154782656644117;0.5984521734335588
1730779760.9104042;/app/bags/user95_2017-02-24.bag;0.834065854549408;0.0;0.9619645476341248;0.0;2.403604411345348;0.40154782656644117;0.5984521734335588
1730779761.1103895;/app/bags/user95_2017-02-24.bag;0.834065854549408;0.0;0.9619645476341248;0.0;2.403604411345348;0.40154782656644117;0.5984521734335588
1730779761.3103755;/app/bags/user95_2017-02-24.bag;0.834065854549408;0.0;0.9619645476341248;0.0;2.403604411345348;0.40154782656644117;0.5984521734335588
1730779761.5103939;/app/bags/user95_2017-02-24.bag;0.834065854549408;0.0;0.9619645476341248;0.0;2.403604411345348;0.40154782656644117;0.5984521734335588
1730779761.7104368;/app/bags/user95_2017-02-24.bag;0.834065854549408;0.0;0.9619645476341248;0.0;2.403604411345348;0.40154782656644117;0.5984521734335588
1730779761.9103756;/app/bags/user95_2017-02-24.bag;0.834065854549408;0.0;0.9619645476341248;0.0;2.403604411345348;0.40154782656644117;0.5984521734335588
1730779762.110389;/app/bags/user95_2017-02-24.bag;0.834065854549408;0.0;0.9619645476341248;0.0;2.403604411345348;0.40154782656644117;0.5984521734335588
1730779762.3103607;/app/bags/user95_2017-02-24.bag;0.834065854549408;0.0;0.9619645476341248;0.0;2.403604411345348;0.40154782656644117;0.5984521734335588
1730779762.5104017;/app/bags/user95_2017-02-24.bag;0.834065854549408;0.0;0.9619645476341248;0.0;2.403604411345348;0.40154782656644117;0.5984521734335588
1730779762.7103655;/app/bags/user95_2017-02-24.bag;0.834065854549408;0.0;0.9619645476341248;0.0;2.403604411345348;0.40154782656644117;0.5984521734335588
1730779762.9103787;/app/bags/user95_2017-02-24.bag;0.834065854549408;0.0;0.9619645476341248;0.0;2.403604411345348;0.40154782656644117;0.5984521734335588
1730779763.110389;/app/bags/user95_2017-02-24.bag;0.834065854549408;0.0;0.9619645476341248;0.0;2.403604411345348;0.40154782656644117;0.5984521734335588
1730779763.3103857;/app/bags/user95_2017-02-24.bag;0.834065854549408;0.0;0.9619645476341248;0.0;2.403604411345348;0.40154782656644117;0.5984521734335588
1730779763.5103755;/app/bags/user95_2017-02-24.bag;0.834065854549408;0.0;0.9619645476341248;0.0;2.403604411345348;0.40154782656644117;0.5984521734335588
1730779763.7103736;/app/bags/user95_2017-02-24.bag;0.834065854549408;0.0;0.9619645476341248;0.0;2.403604411345348;0.40154782656644117;0.5984521734335588
1730779763.9104025;/app/bags/user95_2017-02-24.bag;0.834065854549408;0.0;0.9619645476341248;0.0;2.403604411345348;0.40154782656644117;0.5984521734335588
1730779764.1103716;/app/bags/user95_2017-02-24.bag;0.834065854549408;0.0;0.9619645476341248;0.0;2.403604411345348;0.40154782656644117;0.5984521734335588
1730779764.3104172;/app/bags/user95_2017-02-24.bag;0.834065854549408;0.0;0.9619645476341248;0.0;2.403604411345348;0.40154782656644117;0.5984521734335588
1730779764.5104382;/app/bags/user95_2017-02-24.bag;0.834065854549408;0.0;0.9619645476341248;0.0;2.403604411345348;0.40154782656644117;0.5984521734335588
1730779764.7104943;/app/bags/user95_2017-02-24.bag;0.834065854549408;0.0;0.9619645476341248;0.0;2.403604411345348;0.40154782656644117;0.5984521734335588
1730779764.9104252;/app/bags/user95_2017-02-24.bag;0.834065854549408;0.0;0.9619645476341248;0.0;2.403604411345348;0.40154782656644117;0.5984521734335588
1730779765.110367;/app/bags/user95_2017-02-24.bag;0.834065854549408;0.0;0.9619645476341248;0.0;2.403604411345348;0.40154782656644117;0.5984521734335588
1730779765.3103762;/app/bags/user95_2017-02-24.bag;0.834065854549408;0.0;0.9619645476341248;0.0;2.403604411345348;0.40154782656644117;0.5984521734335588
1730779765.5103905;/app/bags/user95_2017-02-24.bag;0.834065854549408;0.0;0.9619645476341248;0.0;2.403604411345348;0.40154782656644117;0.5984521734335588
1730779765.7104297;/app/bags/user95_2017-02-24.bag;0.834065854549408;0.0;0.9619645476341248;0.0;2.403604411345348;0.40154782656644117;0.5984521734335588
1730779765.9103823;/app/bags/user95_2017-02-24.bag;0.834065854549408;0.0;0.9619645476341248;0.0;2.403604411345348;0.40154782656644117;0.5984521734335588
1730779766.110394;/app/bags/user95_2017-02-24.bag;0.834065854549408;0.0;0.9619645476341248;0.0;2.403604411345348;0.40154782656644117;0.5984521734335588
1730779766.3103843;/app/bags/user95_2017-02-24.bag;0.834065854549408;0.0;0.9619645476341248;0.0;2.403604411345348;0.40154782656644117;0.5984521734335588
1730779766.5103672;/app/bags/user95_2017-02-24.bag;0.834065854549408;0.0;0.9619645476341248;0.0;2.403604411345348;0.40154782656644117;0.5984521734335588
1730779766.710392;/app/bags/user95_2017-02-24.bag;0.834065854549408;0.0;0.9619645476341248;0.0;2.403604411345348;0.40154782656644117;0.5984521734335588
1730779766.9103825;/app/bags/user95_2017-02-24.bag;0.834065854549408;0.0;0.9619645476341248;0.0;2.403604411345348;0.40154782656644117;0.5984521734335588
1730779767.1103816;/app/bags/user95_2017-02-24.bag;0.834065854549408;0.0;0.9619645476341248;0.0;2.403604411345348;0.40154782656644117;0.5984521734335588
1730779767.3104048;/app/bags/user95_2017-02-24.bag;0.834065854549408;0.0;0.9619645476341248;0.0;2.403604411345348;0.40154782656644117;0.5984521734335588
1730779767.5103927;/app/bags/user95_2017-02-24.bag;0.834065854549408;0.0;0.9619645476341248;0.0;2.403604411345348;0.40154782656644117;0.5984521734335588
1730779767.7104075;/app/bags/user95_2017-02-24.bag;0.834065854549408;0.0;0.9619645476341248;0.0;2.403604411345348;0.40154782656644117;0.5984521734335588
1730779767.9103773;/app/bags/user95_2017-02-24.bag;0.834065854549408;0.0;0.9619645476341248;0.0;2.403604411345348;0.40154782656644117;0.5984521734335588
1730779768.1103764;/app/bags/user95_2017-02-24.bag;0.834065854549408;0.0;0.9619645476341248;0.0;2.403604411345348;0.40154782656644117;0.5984521734335588
1730779768.310385;/app/bags/user95_2017-02-24.bag;0.834065854549408;0.0;0.9619645476341248;0.0;2.403604411345348;0.40154782656644117;0.5984521734335588
1730779768.5104313;/app/bags/user95_2017-02-24.bag;0.834065854549408;0.0;0.9619645476341248;0.0;2.403604411345348;0.40154782656644117;0.5984521734335588
1730779768.7103677;/app/bags/user95_2017-02-24.bag;0.834065854549408;0.0;0.9619645476341248;0.0;2.403604411345348;0.40154782656644117;0.5984521734335588
1730779768.9103787;/app/bags/user95_2017-02-24.bag;0.834065854549408;0.0;0.9619645476341248;0.0;2.403604411345348;0.40154782656644117;0.5984521734335588
1730779769.1104097;/app/bags/user95_2017-02-24.bag;0.834065854549408;0.0;0.9619645476341248;0.0;2.403604411345348;0.40154782656644117;0.5984521734335588
1730779769.3103857;/app/bags/user95_2017-02-24.bag;0.834065854549408;0.0;0.9619645476341248;0.0;2.403604411345348;0.40154782656644117;0.5984521734335588
1730779769.5103831;/app/bags/user95_2017-02-24.bag;0.834065854549408;0.0;0.9619645476341248;0.0;2.403604411345348;0.40154782656644117;0.5984521734335588
1730779769.7103658;/app/bags/user95_2017-02-24.bag;0.834065854549408;0.0;0.9619645476341248;0.0;2.403604411345348;0.40154782656644117;0.5984521734335588
1730779769.910406;/app/bags/user95_2017-02-24.bag;0.834065854549408;0.0;0.9619645476341248;0.0;2.403604411345348;0.40154782656644117;0.5984521734335588
1730779770.110393;/app/bags/user95_2017-02-24.bag;0.834065854549408;0.0;0.9619645476341248;0.0;2.403604411345348;0.40154782656644117;0.5984521734335588
1730779770.3103495;/app/bags/user95_2017-02-24.bag;0.834065854549408;0.0;0.9619645476341248;0.0;2.403604411345348;0.40154782656644117;0.5984521734335588
1730779770.5104246;/app/bags/user95_2017-02-24.bag;0.834065854549408;0.0;0.9619645476341248;0.0;2.403604411345348;0.40154782656644117;0.5984521734335588
1730779770.710461;/app/bags/user95_2017-02-24.bag;0.834065854549408;0.0;0.9619645476341248;0.0;2.403604411345348;0.40154782656644117;0.5984521734335588
1730779770.910391;/app/bags/user95_2017-02-24.bag;0.834065854549408;0.0;0.9619645476341248;0.0;2.403604411345348;0.40154782656644117;0.5984521734335588
1730779771.1104465;/app/bags/user95_2017-02-24.bag;0.834065854549408;0.0;0.9619645476341248;0.0;2.403604411345348;0.40154782656644117;0.5984521734335588
1730779771.310387;/app/bags/user95_2017-02-24.bag;0.834065854549408;0.0;0.9619645476341248;0.0;2.403604411345348;0.40154782656644117;0.5984521734335588
1730779771.5103729;/app/bags/user95_2017-02-24.bag;0.834065854549408;0.0;0.9619645476341248;0.0;2.403604411345348;0.40154782656644117;0.5984521734335588
1730779771.710416;/app/bags/user95_2017-02-24.bag;0.834065854549408;0.0;0.9619645476341248;0.0;2.403604411345348;0.40154782656644117;0.5984521734335588
1730779771.9103646;/app/bags/user95_2017-02-24.bag;0.834065854549408;0.0;0.9619645476341248;0.0;2.403604411345348;0.40154782656644117;0.5984521734335588
1730779772.1103973;/app/bags/user95_2017-02-24.bag;0.834065854549408;0.0;0.9619645476341248;0.0;2.403604411345348;0.40154782656644117;0.5984521734335588
1730779772.3103771;/app/bags/user95_2017-02-24.bag;0.834065854549408;0.0;0.9619645476341248;0.0;2.403604411345348;0.40154782656644117;0.5984521734335588
1730779772.510375;/app/bags/user95_2017-02-24.bag;0.834065854549408;0.0;0.9619645476341248;0.0;2.403604411345348;0.40154782656644117;0.5984521734335588
1730779772.7103534;/app/bags/user95_2017-02-24.bag;0.834065854549408;0.0;0.9619645476341248;0.0;2.403604411345348;0.40154782656644117;0.5984521734335588
1730779772.910378;/app/bags/user95_2017-02-24.bag;0.834065854549408;0.0;0.9619645476341248;0.0;2.403604411345348;0.40154782656644117;0.5984521734335588
1730779773.110409;/app/bags/user95_2017-02-24.bag;0.834065854549408;0.0;0.9619645476341248;0.0;2.403604411345348;0.40154782656644117;0.5984521734335588
1730779773.3103988;/app/bags/user95_2017-02-24.bag;0.834065854549408;0.0;0.9619645476341248;0.0;2.403604411345348;0.40154782656644117;0.5984521734335588
1730779773.5104334;/app/bags/user95_2017-02-24.bag;0.834065854549408;0.0;0.9619645476341248;0.0;2.403604411345348;0.40154782656644117;0.5984521734335588
1730779773.7103958;/app/bags/user95_2017-02-24.bag;0.834065854549408;0.0;0.9619645476341248;0.0;2.403604411345348;0.40154782656644117;0.5984521734335588
1730779773.9104407;/app/bags/user95_2017-02-24.bag;0.834065854549408;0.0;0.9619645476341248;0.0;2.403604411345348;0.40154782656644117;0.5984521734335588
1730779774.110557;/app/bags/user95_2017-02-24.bag;0.834065854549408;0.0;0.9619645476341248;0.0;2.403604411345348;0.40154782656644117;0.5984521734335588
1730779774.3103573;/app/bags/user95_2017-02-24.bag;0.834065854549408;0.0;0.9619645476341248;0.0;2.403604411345348;0.40154782656644117;0.5984521734335588
1730779774.510348;/app/bags/user95_2017-02-24.bag;0.834065854549408;0.0;0.9619645476341248;0.0;2.403604411345348;0.40154782656644117;0.5984521734335588
1730779774.710383;/app/bags/user95_2017-02-24.bag;0.834065854549408;0.0;0.9619645476341248;0.0;2.403604411345348;0.40154782656644117;0.5984521734335588
1730779774.910396;/app/bags/user95_2017-02-24.bag;0.834065854549408;0.0;0.9619645476341248;0.0;2.403604411345348;0.40154782656644117;0.5984521734335588
1730779775.110378;/app/bags/user95_2017-02-24.bag;0.834065854549408;0.0;0.9619645476341248;0.0;2.403604411345348;0.40154782656644117;0.5984521734335588
1730779775.310476;/app/bags/user95_2017-02-24.bag;0.834065854549408;0.0;0.9619645476341248;0.0;2.403604411345348;0.40154782656644117;0.5984521734335588
1730779775.5103984;/app/bags/user95_2017-02-24.bag;0.834065854549408;0.0;0.9619645476341248;0.0;2.403604411345348;0.40154782656644117;0.5984521734335588
1730779775.7103887;/app/bags/user95_2017-02-24.bag;0.834065854549408;0.0;0.9619645476341248;0.0;2.403604411345348;0.40154782656644117;0.5984521734335588
1730779775.9103644;/app/bags/user95_2017-02-24.bag;0.834065854549408;0.0;0.9619645476341248;0.0;2.403604411345348;0.40154782656644117;0.5984521734335588
1730779776.1103992;/app/bags/user95_2017-02-24.bag;0.834065854549408;0.0;0.9619645476341248;0.0;2.403604411345348;0.40154782656644117;0.5984521734335588
1730779776.3103728;/app/bags/user95_2017-02-24.bag;0.834065854549408;0.0;0.9619645476341248;0.0;2.403604411345348;0.40154782656644117;0.5984521734335588
1730779776.5104077;/app/bags/user95_2017-02-24.bag;0.834065854549408;0.0;0.9619645476341248;0.0;2.403604411345348;0.40154782656644117;0.5984521734335588
1730779776.7103891;/app/bags/user95_2017-02-24.bag;0.834065854549408;0.0;0.9619645476341248;0.0;2.403604411345348;0.40154782656644117;0.5984521734335588
1730779776.9103873;/app/bags/user95_2017-02-24.bag;0.834065854549408;0.0;0.9619645476341248;0.0;2.403604411345348;0.40154782656644117;0.5984521734335588
1730779777.1103866;/app/bags/user95_2017-02-24.bag;0.834065854549408;0.0;0.9619645476341248;0.0;2.403604411345348;0.40154782656644117;0.5984521734335588
1730779777.3103895;/app/bags/user95_2017-02-24.bag;0.834065854549408;0.0;0.9619645476341248;0.0;2.403604411345348;0.40154782656644117;0.5984521734335588
1730779777.510372;/app/bags/user95_2017-02-24.bag;0.834065854549408;0.0;0.9619645476341248;0.0;2.403604411345348;0.40154782656644117;0.5984521734335588
1730779777.710359;/app/bags/user95_2017-02-24.bag;0.834065854549408;0.0;0.9619645476341248;0.0;2.403604411345348;0.40154782656644117;0.5984521734335588
1730779777.9103723;/app/bags/user95_2017-02-24.bag;0.834065854549408;0.0;0.9619645476341248;0.0;2.403604411345348;0.40154782656644117;0.5984521734335588
1730779778.110384;/app/bags/user95_2017-02-24.bag;0.834065854549408;0.0;0.9619645476341248;0.0;2.403604411345348;0.40154782656644117;0.5984521734335588
1730779778.310391;/app/bags/user95_2017-02-24.bag;0.834065854549408;0.0;0.9619645476341248;0.0;2.403604411345348;0.40154782656644117;0.5984521734335588
1730779778.5104244;/app/bags/user95_2017-02-24.bag;0.834065854549408;0.0;0.9619645476341248;0.0;2.403604411345348;0.40154782656644117;0.5984521734335588
1730779778.7103603;/app/bags/user95_2017-02-24.bag;0.834065854549408;0.0;0.9619645476341248;0.0;2.403604411345348;0.40154782656644117;0.5984521734335588
1730779778.9104023;/app/bags/user95_2017-02-24.bag;0.834065854549408;0.0;0.9619645476341248;0.0;2.403604411345348;0.40154782656644117;0.5984521734335588
1730779779.110397;/app/bags/user95_2017-02-24.bag;0.834065854549408;0.0;0.9619645476341248;0.0;2.403604411345348;0.40154782656644117;0.5984521734335588
1730779779.3104339;/app/bags/user95_2017-02-24.bag;0.834065854549408;0.0;0.9619645476341248;0.0;2.403604411345348;0.40154782656644117;0.5984521734335588
1730779779.510366;/app/bags/user95_2017-02-24.bag;0.834065854549408;0.0;0.9619645476341248;0.0;2.403604411345348;0.40154782656644117;0.5984521734335588
1730779779.7104132;/app/bags/user95_2017-02-24.bag;0.834065854549408;0.0;0.9619645476341248;0.0;2.403604411345348;0.40154782656644117;0.5984521734335588
1730779779.9103665;/app/bags/user95_2017-02-24.bag;0.834065854549408;0.0;0.9619645476341248;0.0;2.403604411345348;0.40154782656644117;0.5984521734335588
1730779780.1104355;/app/bags/user95_2017-02-24.bag;0.834065854549408;0.0;0.9619645476341248;0.0;2.403604411345348;0.40154782656644117;0.5984521734335588
1730779780.3104563;/app/bags/user95_2017-02-24.bag;0.834065854549408;0.0;0.9619645476341248;0.0;2.403604411345348;0.40154782656644117;0.5984521734335588
1730779780.510425;/app/bags/user95_2017-02-24.bag;0.834065854549408;0.0;0.9619645476341248;0.0;2.403604411345348;0.40154782656644117;0.5984521734335588
1730779780.7104125;/app/bags/user95_2017-02-24.bag;0.834065854549408;0.0;0.9619645476341248;0.0;2.403604411345348;0.40154782656644117;0.5984521734335588
1730779780.9103942;/app/bags/user95_2017-02-24.bag;0.834065854549408;0.0;0.9619645476341248;0.0;2.403604411345348;0.40154782656644117;0.5984521734335588
1730779781.1104083;/app/bags/user95_2017-02-24.bag;0.834065854549408;0.0;0.9619645476341248;0.0;2.403604411345348;0.40154782656644117;0.5984521734335588
1730779781.3103874;/app/bags/user95_2017-02-24.bag;0.834065854549408;0.0;0.9619645476341248;0.0;2.403604411345348;0.40154782656644117;0.5984521734335588
1730779781.5103805;/app/bags/user95_2017-02-24.bag;0.834065854549408;0.0;0.9619645476341248;0.0;2.403604411345348;0.40154782656644117;0.5984521734335588
1730779781.71039;/app/bags/user95_2017-02-24.bag;0.834065854549408;0.0;0.9619645476341248;0.0;2.403604411345348;0.40154782656644117;0.5984521734335588
1730779781.910349;/app/bags/user95_2017-02-24.bag;0.834065854549408;0.0;0.9619645476341248;0.0;2.403604411345348;0.40154782656644117;0.5984521734335588
1730779782.1104264;/app/bags/user95_2017-02-24.bag;0.834065854549408;0.0;0.9619645476341248;0.0;2.403604411345348;0.40154782656644117;0.5984521734335588
1730779782.3104534;/app/bags/user95_2017-02-24.bag;0.834065854549408;0.0;0.9619645476341248;0.0;2.403604411345348;0.40154782656644117;0.5984521734335588
1730779782.5104098;/app/bags/user95_2017-02-24.bag;0.834065854549408;0.0;0.9619645476341248;0.0;2.403604411345348;0.40154782656644117;0.5984521734335588
1730779782.71036;/app/bags/user95_2017-02-24.bag;0.834065854549408;0.0;0.9619645476341248;0.0;2.403604411345348;0.40154782656644117;0.5984521734335588
1730779782.910491;/app/bags/user95_2017-02-24.bag;0.834065854549408;0.0;0.9619645476341248;0.0;2.403604411345348;0.40154782656644117;0.5984521734335588
1730779783.110394;/app/bags/user95_2017-02-24.bag;0.834065854549408;0.0;0.9619645476341248;0.0;2.403604411345348;0.40154782656644117;0.5984521734335588
1730779783.31039;/app/bags/user95_2017-02-24.bag;0.834065854549408;0.0;0.9619645476341248;0.0;2.403604411345348;0.40154782656644117;0.5984521734335588
1730779783.5104136;/app/bags/user95_2017-02-24.bag;0.834065854549408;0.0;0.9619645476341248;0.0;2.403604411345348;0.40154782656644117;0.5984521734335588
1730779783.7103846;/app/bags/user95_2017-02-24.bag;0.834065854549408;0.0;0.9619645476341248;0.0;2.403604411345348;0.40154782656644117;0.5984521734335588
1730779783.9103782;/app/bags/user95_2017-02-24.bag;0.834065854549408;0.0;0.9619645476341248;0.0;2.403604411345348;0.40154782656644117;0.5984521734335588
1730779784.110403;/app/bags/user95_2017-02-24.bag;0.834065854549408;0.0;0.9619645476341248;0.0;2.403604411345348;0.40154782656644117;0.5984521734335588
1730779784.3103573;/app/bags/user95_2017-02-24.bag;0.834065854549408;0.0;0.9619645476341248;0.0;2.403604411345348;0.40154782656644117;0.5984521734335588
1730779784.5104463;/app/bags/user95_2017-02-24.bag;0.834065854549408;0.0;0.9619645476341248;0.0;2.403604411345348;0.40154782656644117;0.5984521734335588
1730779784.7103956;/app/bags/user95_2017-02-24.bag;0.834065854549408;0.0;0.9619645476341248;0.0;2.403604411345348;0.40154782656644117;0.5984521734335588
1730779784.9104292;/app/bags/user95_2017-02-24.bag;0.834065854549408;0.0;0.9619645476341248;0.0;2.403604411345348;0.40154782656644117;0.5984521734335588
1730779785.1104927;/app/bags/user95_2017-02-24.bag;0.834065854549408;0.0;0.9619645476341248;0.0;2.403604411345348;0.40154782656644117;0.5984521734335588
1730779785.3104248;/app/bags/user95_2017-02-24.bag;0.834065854549408;0.0;0.9619645476341248;0.0;2.403604411345348;0.40154782656644117;0.5984521734335588
1730779785.5103743;/app/bags/user95_2017-02-24.bag;0.834065854549408;0.0;0.9619645476341248;0.0;2.403604411345348;0.40154782656644117;0.5984521734335588
1730779785.7103899;/app/bags/user95_2017-02-24.bag;0.834065854549408;0.0;0.9619645476341248;0.0;2.403604411345348;0.40154782656644117;0.5984521734335588
1730779785.910387;/app/bags/user95_2017-02-24.bag;0.834065854549408;0.0;0.9619645476341248;0.0;2.403604411345348;0.40154782656644117;0.5984521734335588
1730779786.1102784;/app/bags/user95_2017-02-24.bag;0.834065854549408;0.0;0.9619645476341248;0.0;2.403604411345348;0.40154782656644117;0.5984521734335588
1730779786.3103623;/app/bags/user95_2017-02-24.bag;0.834065854549408;0.0;0.9619645476341248;0.0;2.403604411345348;0.40154782656644117;0.5984521734335588
1730779786.5104127;/app/bags/user95_2017-02-24.bag;0.834065854549408;0.0;0.9619645476341248;0.0;2.403604411345348;0.40154782656644117;0.5984521734335588
1730779786.710383;/app/bags/user95_2017-02-24.bag;0.834065854549408;0.0;0.9619645476341248;0.0;2.403604411345348;0.40154782656644117;0.5984521734335588
1730779786.9103663;/app/bags/user95_2017-02-24.bag;0.834065854549408;0.0;0.9619645476341248;0.0;2.403604411345348;0.40154782656644117;0.5984521734335588
1730779787.110475;/app/bags/user95_2017-02-24.bag;0.834065854549408;0.0;0.9619645476341248;0.0;2.403604411345348;0.40154782656644117;0.5984521734335588
1730779787.3104372;/app/bags/user95_2017-02-24.bag;0.834065854549408;0.0;0.9619645476341248;0.0;2.403604411345348;0.40154782656644117;0.5984521734335588
1730779787.510391;/app/bags/user95_2017-02-24.bag;0.834065854549408;0.0;0.9619645476341248;0.0;2.403604411345348;0.40154782656644117;0.5984521734335588
1730779787.7104049;/app/bags/user95_2017-02-24.bag;0.834065854549408;0.0;0.9619645476341248;0.0;2.403604411345348;0.40154782656644117;0.5984521734335588
1730779787.9103644;/app/bags/user95_2017-02-24.bag;0.834065854549408;0.0;0.9619645476341248;0.0;2.403604411345348;0.40154782656644117;0.5984521734335588
1730779788.1104414;/app/bags/user95_2017-02-24.bag;0.834065854549408;0.0;0.9619645476341248;0.0;2.403604411345348;0.40154782656644117;0.5984521734335588
1730779788.3103778;/app/bags/user95_2017-02-24.bag;0.834065854549408;0.0;0.9619645476341248;0.0;2.403604411345348;0.40154782656644117;0.5984521734335588
1730779788.5104363;/app/bags/user95_2017-02-24.bag;0.834065854549408;0.0;0.9619645476341248;0.0;2.403604411345348;0.40154782656644117;0.5984521734335588
1730779788.7103853;/app/bags/user95_2017-02-24.bag;0.834065854549408;0.0;0.9619645476341248;0.0;2.403604411345348;0.40154782656644117;0.5984521734335588
1730779788.9103827;/app/bags/user95_2017-02-24.bag;0.834065854549408;0.0;0.9619645476341248;0.0;2.403604411345348;0.40154782656644117;0.5984521734335588
1730779789.110398;/app/bags/user95_2017-02-24.bag;0.834065854549408;0.0;0.9619645476341248;0.0;2.403604411345348;0.40154782656644117;0.5984521734335588
1730779789.310382;/app/bags/user95_2017-02-24.bag;0.834065854549408;0.0;0.9619645476341248;0.0;2.403604411345348;0.40154782656644117;0.5984521734335588
1730779789.5104218;/app/bags/user95_2017-02-24.bag;0.834065854549408;0.0;0.9619645476341248;0.0;2.403604411345348;0.40154782656644117;0.5984521734335588
1730779789.71043;/app/bags/user95_2017-02-24.bag;0.834065854549408;0.0;0.9619645476341248;0.0;2.403604411345348;0.40154782656644117;0.5984521734335588
1730779789.9104218;/app/bags/user95_2017-02-24.bag;0.834065854549408;0.0;0.9619645476341248;0.0;2.403604411345348;0.40154782656644117;0.5984521734335588
1730779790.110403;/app/bags/user95_2017-02-24.bag;0.834065854549408;0.0;0.9619645476341248;0.0;2.403604411345348;0.40154782656644117;0.5984521734335588
1730779790.3103817;/app/bags/user95_2017-02-24.bag;0.834065854549408;0.0;0.9619645476341248;0.0;2.403604411345348;0.40154782656644117;0.5984521734335588
1730779790.5103638;/app/bags/user95_2017-02-24.bag;0.834065854549408;0.0;0.9619645476341248;0.0;2.403604411345348;0.40154782656644117;0.5984521734335588
1730779790.7103996;/app/bags/user95_2017-02-24.bag;0.834065854549408;0.0;0.9619645476341248;0.0;2.403604411345348;0.40154782656644117;0.5984521734335588
1730779790.910395;/app/bags/user95_2017-02-24.bag;0.834065854549408;0.0;0.9619645476341248;0.0;2.403604411345348;0.40154782656644117;0.5984521734335588
1730779791.1104453;/app/bags/user95_2017-02-24.bag;0.834065854549408;0.0;0.9619645476341248;0.0;2.403604411345348;0.40154782656644117;0.5984521734335588
1730779791.3103526;/app/bags/user95_2017-02-24.bag;0.834065854549408;0.0;0.9619645476341248;0.0;2.403604411345348;0.40154782656644117;0.5984521734335588
1730779791.5103815;/app/bags/user95_2017-02-24.bag;0.834065854549408;0.0;0.9619645476341248;0.0;2.403604411345348;0.40154782656644117;0.5984521734335588
1730779791.7103584;/app/bags/user95_2017-02-24.bag;0.834065854549408;0.0;0.9619645476341248;0.0;2.403604411345348;0.40154782656644117;0.5984521734335588
1730779791.9103863;/app/bags/user95_2017-02-24.bag;0.834065854549408;0.0;0.9619645476341248;0.0;2.403604411345348;0.40154782656644117;0.5984521734335588
1730779792.1103854;/app/bags/user95_2017-02-24.bag;0.834065854549408;0.0;0.9619645476341248;0.0;2.403604411345348;0.40154782656644117;0.5984521734335588
1730779792.310409;/app/bags/user95_2017-02-24.bag;0.834065854549408;0.0;0.9619645476341248;0.0;2.403604411345348;0.40154782656644117;0.5984521734335588
1730779792.5104446;/app/bags/user95_2017-02-24.bag;0.834065854549408;0.0;0.9619645476341248;0.0;2.403604411345348;0.40154782656644117;0.5984521734335588
1730779792.7103815;/app/bags/user95_2017-02-24.bag;0.834065854549408;0.0;0.9619645476341248;0.0;2.403604411345348;0.40154782656644117;0.5984521734335588
1730779792.910437;/app/bags/user95_2017-02-24.bag;0.834065854549408;0.0;0.9619645476341248;0.0;2.403604411345348;0.40154782656644117;0.5984521734335588
1730779793.1104167;/app/bags/user95_2017-02-24.bag;0.834065854549408;0.0;0.9619645476341248;0.0;2.403604411345348;0.40154782656644117;0.5984521734335588
1730779793.3103895;/app/bags/user95_2017-02-24.bag;0.834065854549408;0.0;0.9619645476341248;0.0;2.403604411345348;0.40154782656644117;0.5984521734335588
1730779793.51046;/app/bags/user95_2017-02-24.bag;0.834065854549408;0.0;0.9619645476341248;0.0;2.403604411345348;0.40154782656644117;0.5984521734335588
1730779793.7104194;/app/bags/user95_2017-02-24.bag;0.834065854549408;0.0;0.9619645476341248;0.0;2.403604411345348;0.40154782656644117;0.5984521734335588
1730779793.9103801;/app/bags/user95_2017-02-24.bag;0.834065854549408;0.0;0.9619645476341248;0.0;2.403604411345348;0.40154782656644117;0.5984521734335588
1730779794.11042;/app/bags/user95_2017-02-24.bag;0.834065854549408;0.0;0.9619645476341248;0.0;2.403604411345348;0.40154782656644117;0.5984521734335588
1730779794.3103764;/app/bags/user95_2017-02-24.bag;0.834065854549408;0.0;0.9619645476341248;0.0;2.403604411345348;0.40154782656644117;0.5984521734335588
1730779794.5104175;/app/bags/user95_2017-02-24.bag;0.834065854549408;0.0;0.9619645476341248;0.0;2.403604411345348;0.40154782656644117;0.5984521734335588
1730779794.7103848;/app/bags/user95_2017-02-24.bag;0.834065854549408;0.0;0.9619645476341248;0.0;2.403604411345348;0.40154782656644117;0.5984521734335588
1730779794.91041;/app/bags/user95_2017-02-24.bag;0.834065854549408;0.0;0.9619645476341248;0.0;2.403604411345348;0.40154782656644117;0.5984521734335588
1730779795.1103961;/app/bags/user95_2017-02-24.bag;0.834065854549408;0.0;0.9619645476341248;0.0;2.403604411345348;0.40154782656644117;0.5984521734335588
1730779795.3103876;/app/bags/user95_2017-02-24.bag;0.834065854549408;0.0;0.9619645476341248;0.0;2.403604411345348;0.40154782656644117;0.5984521734335588
1730779795.510432;/app/bags/user95_2017-02-24.bag;0.834065854549408;0.0;0.9619645476341248;0.0;2.403604411345348;0.40154782656644117;0.5984521734335588
1730779795.7103803;/app/bags/user95_2017-02-24.bag;0.834065854549408;0.0;0.9619645476341248;0.0;2.403604411345348;0.40154782656644117;0.5984521734335588
1730779795.9103997;/app/bags/user95_2017-02-24.bag;0.834065854549408;0.0;0.9619645476341248;0.0;2.403604411345348;0.40154782656644117;0.5984521734335588
1730779796.1103928;/app/bags/user95_2017-02-24.bag;0.834065854549408;0.0;0.9619645476341248;0.0;2.403604411345348;0.40154782656644117;0.5984521734335588
1730779796.310401;/app/bags/user95_2017-02-24.bag;0.834065854549408;0.0;0.9619645476341248;0.0;2.403604411345348;0.40154782656644117;0.5984521734335588
1730779796.510375;/app/bags/user95_2017-02-24.bag;0.834065854549408;0.0;0.9619645476341248;0.0;2.403604411345348;0.40154782656644117;0.5984521734335588
1730779796.7103782;/app/bags/user95_2017-02-24.bag;0.834065854549408;0.0;0.9619645476341248;0.0;2.403604411345348;0.40154782656644117;0.5984521734335588
1730779796.910393;/app/bags/user95_2017-02-24.bag;0.834065854549408;0.0;0.9619645476341248;0.0;2.403604411345348;0.40154782656644117;0.5984521734335588
1730779797.1104064;/app/bags/user95_2017-02-24.bag;0.834065854549408;0.0;0.9619645476341248;0.0;2.403604411345348;0.40154782656644117;0.5984521734335588
1730779797.3104012;/app/bags/user95_2017-02-24.bag;0.834065854549408;0.0;0.9619645476341248;0.0;2.403604411345348;0.40154782656644117;0.5984521734335588
1730779797.5104132;/app/bags/user95_2017-02-24.bag;0.834065854549408;0.0;0.9619645476341248;0.0;2.403604411345348;0.40154782656644117;0.5984521734335588
1730779797.7103794;/app/bags/user95_2017-02-24.bag;0.834065854549408;0.0;0.9619645476341248;0.0;2.403604411345348;0.40154782656644117;0.5984521734335588
1730779797.9103806;/app/bags/user95_2017-02-24.bag;0.834065854549408;0.0;0.9619645476341248;0.0;2.403604411345348;0.40154782656644117;0.5984521734335588
1730779798.110398;/app/bags/user95_2017-02-24.bag;0.834065854549408;0.0;0.9619645476341248;0.0;2.403604411345348;0.40154782656644117;0.5984521734335588
1730779798.310383;/app/bags/user95_2017-02-24.bag;0.834065854549408;0.0;0.9619645476341248;0.0;2.403604411345348;0.40154782656644117;0.5984521734335588
1730779798.5103867;/app/bags/user95_2017-02-24.bag;0.834065854549408;0.0;0.9619645476341248;0.0;2.403604411345348;0.40154782656644117;0.5984521734335588
1730779798.71043;/app/bags/user95_2017-02-24.bag;0.834065854549408;0.0;0.9619645476341248;0.0;2.403604411345348;0.40154782656644117;0.5984521734335588
1730779798.9104412;/app/bags/user95_2017-02-24.bag;0.834065854549408;0.0;0.9619645476341248;0.0;2.403604411345348;0.40154782656644117;0.5984521734335588
1730779799.1104517;/app/bags/user95_2017-02-24.bag;0.834065854549408;0.0;0.9619645476341248;0.0;2.403604411345348;0.40154782656644117;0.5984521734335588
1730779799.3103902;/app/bags/user95_2017-02-24.bag;0.834065854549408;0.0;0.9619645476341248;0.0;2.403604411345348;0.40154782656644117;0.5984521734335588
1730779799.5104017;/app/bags/user95_2017-02-24.bag;0.834065854549408;0.0;0.9619645476341248;0.0;2.403604411345348;0.40154782656644117;0.5984521734335588
1730779799.710398;/app/bags/user95_2017-02-24.bag;0.834065854549408;0.0;0.9619645476341248;0.0;2.403604411345348;0.40154782656644117;0.5984521734335588
1730779799.910405;/app/bags/user95_2017-02-24.bag;0.834065854549408;0.0;0.9619645476341248;0.0;2.403604411345348;0.40154782656644117;0.5984521734335588
1730779800.110409;/app/bags/user95_2017-02-24.bag;0.834065854549408;0.0;0.9619645476341248;0.0;2.403604411345348;0.40154782656644117;0.5984521734335588
1730779800.3103628;/app/bags/user95_2017-02-24.bag;0.834065854549408;0.0;0.9619645476341248;0.0;2.403604411345348;0.40154782656644117;0.5984521734335588
1730779800.5103624;/app/bags/user95_2017-02-24.bag;0.834065854549408;0.0;0.9619645476341248;0.0;2.403604411345348;0.40154782656644117;0.5984521734335588
1730779800.7104003;/app/bags/user95_2017-02-24.bag;0.834065854549408;0.0;0.9619645476341248;0.0;2.403604411345348;0.40154782656644117;0.5984521734335588
1730779800.9103808;/app/bags/user95_2017-02-24.bag;0.834065854549408;0.0;0.9619645476341248;0.0;2.403604411345348;0.40154782656644117;0.5984521734335588
1730779801.1104157;/app/bags/user95_2017-02-24.bag;0.834065854549408;0.0;0.9619645476341248;0.0;2.403604411345348;0.40154782656644117;0.5984521734335588
1730779801.3103642;/app/bags/user95_2017-02-24.bag;0.834065854549408;0.0;0.9619645476341248;0.0;2.403604411345348;0.40154782656644117;0.5984521734335588
1730779801.5103714;/app/bags/user95_2017-02-24.bag;0.834065854549408;0.0;0.9619645476341248;0.0;2.403604411345348;0.40154782656644117;0.5984521734335588
1730779801.7103884;/app/bags/user95_2017-02-24.bag;0.834065854549408;0.0;0.9619645476341248;0.0;2.403604411345348;0.40154782656644117;0.5984521734335588
1730779801.910407;/app/bags/user95_2017-02-24.bag;0.834065854549408;0.0;0.9619645476341248;0.0;2.403604411345348;0.40154782656644117;0.5984521734335588
1730779802.1103606;/app/bags/user95_2017-02-24.bag;0.834065854549408;0.0;0.9619645476341248;0.0;2.403604411345348;0.40154782656644117;0.5984521734335588
1730779802.3104036;/app/bags/user95_2017-02-24.bag;0.834065854549408;0.0;0.9619645476341248;0.0;2.403604411345348;0.40154782656644117;0.5984521734335588
1730779802.5103636;/app/bags/user95_2017-02-24.bag;0.834065854549408;0.0;0.9619645476341248;0.0;2.403604411345348;0.40154782656644117;0.5984521734335588
1730779802.71037;/app/bags/user95_2017-02-24.bag;0.834065854549408;0.0;0.9619645476341248;0.0;2.403604411345348;0.40154782656644117;0.5984521734335588
1730779802.9104104;/app/bags/user95_2017-02-24.bag;0.834065854549408;0.0;0.9619645476341248;0.0;2.403604411345348;0.40154782656644117;0.5984521734335588
1730779803.1104157;/app/bags/user95_2017-02-24.bag;0.834065854549408;0.0;0.9619645476341248;0.0;2.403604411345348;0.40154782656644117;0.5984521734335588
1730779803.310404;/app/bags/user95_2017-02-24.bag;0.834065854549408;0.0;0.9619645476341248;0.0;2.403604411345348;0.40154782656644117;0.5984521734335588
1730779803.51037;/app/bags/user95_2017-02-24.bag;0.834065854549408;0.0;0.9619645476341248;0.0;2.403604411345348;0.40154782656644117;0.5984521734335588
1730779803.7105331;/app/bags/user95_2017-02-24.bag;0.834065854549408;0.0;0.9619645476341248;0.0;2.403604411345348;0.40154782656644117;0.5984521734335588
1730779803.9104085;/app/bags/user95_2017-02-24.bag;0.834065854549408;0.0;0.9619645476341248;0.0;2.403604411345348;0.40154782656644117;0.5984521734335588
1730779804.1103802;/app/bags/user95_2017-02-24.bag;0.834065854549408;0.0;0.9619645476341248;0.0;2.403604411345348;0.40154782656644117;0.5984521734335588
1730779804.3104796;/app/bags/user95_2017-02-24.bag;0.834065854549408;0.0;0.9619645476341248;0.0;2.403604411345348;0.40154782656644117;0.5984521734335588
1730779804.5103774;/app/bags/user95_2017-02-24.bag;0.834065854549408;0.0;0.9619645476341248;0.0;2.403604411345348;0.40154782656644117;0.5984521734335588
1730779804.7103918;/app/bags/user95_2017-02-24.bag;0.834065854549408;0.0;0.9619645476341248;0.0;2.403604411345348;0.40154782656644117;0.5984521734335588
1730779804.9103618;/app/bags/user95_2017-02-24.bag;0.834065854549408;0.0;0.9619645476341248;0.0;2.403604411345348;0.40154782656644117;0.5984521734335588
1730779805.1104147;/app/bags/user95_2017-02-24.bag;0.834065854549408;0.0;0.9619645476341248;0.0;2.403604411345348;0.40154782656644117;0.5984521734335588
1730779805.310353;/app/bags/user95_2017-02-24.bag;0.834065854549408;0.0;0.9619645476341248;0.0;2.403604411345348;0.40154782656644117;0.5984521734335588
1730779805.510372;/app/bags/user95_2017-02-24.bag;0.834065854549408;0.0;0.9619645476341248;0.0;2.403604411345348;0.40154782656644117;0.5984521734335588
1730779805.7104182;/app/bags/user95_2017-02-24.bag;0.834065854549408;0.0;0.9619645476341248;0.0;2.403604411345348;0.40154782656644117;0.5984521734335588
1730779805.9104273;/app/bags/user95_2017-02-24.bag;0.834065854549408;0.0;0.9619645476341248;0.0;2.403604411345348;0.40154782656644117;0.5984521734335588
1730779806.110455;/app/bags/user95_2017-02-24.bag;0.834065854549408;0.0;0.9619645476341248;0.0;2.403604411345348;0.40154782656644117;0.5984521734335588
1730779806.3103862;/app/bags/user95_2017-02-24.bag;0.834065854549408;0.0;0.9619645476341248;0.0;2.403604411345348;0.40154782656644117;0.5984521734335588
1730779806.510443;/app/bags/user95_2017-02-24.bag;0.834065854549408;0.0;0.9619645476341248;0.0;2.403604411345348;0.40154782656644117;0.5984521734335588
1730779806.7103949;/app/bags/user95_2017-02-24.bag;0.834065854549408;0.0;0.9619645476341248;0.0;2.403604411345348;0.40154782656644117;0.5984521734335588
1730779806.91044;/app/bags/user95_2017-02-24.bag;0.834065854549408;0.0;0.9619645476341248;0.0;2.403604411345348;0.40154782656644117;0.5984521734335588
1730779807.1103842;/app/bags/user95_2017-02-24.bag;0.834065854549408;0.0;0.9619645476341248;0.0;2.403604411345348;0.40154782656644117;0.5984521734335588
1730779807.3103933;/app/bags/user95_2017-02-24.bag;0.834065854549408;0.0;0.9619645476341248;0.0;2.403604411345348;0.40154782656644117;0.5984521734335588
1730779807.5104353;/app/bags/user95_2017-02-24.bag;0.834065854549408;0.0;0.9619645476341248;0.0;2.403604411345348;0.40154782656644117;0.5984521734335588
1730779807.7104037;/app/bags/user95_2017-02-24.bag;0.834065854549408;0.0;0.9619645476341248;0.0;2.403604411345348;0.40154782656644117;0.5984521734335588
1730779807.9104013;/app/bags/user95_2017-02-24.bag;0.834065854549408;0.0;0.9619645476341248;0.0;2.403604411345348;0.40154782656644117;0.5984521734335588
1730779808.1104183;/app/bags/user95_2017-02-24.bag;0.834065854549408;0.0;0.9619645476341248;0.0;2.403604411345348;0.40154782656644117;0.5984521734335588
1730779808.3103883;/app/bags/user95_2017-02-24.bag;0.834065854549408;0.0;0.9619645476341248;0.0;2.403604411345348;0.40154782656644117;0.5984521734335588
1730779808.5103981;/app/bags/user95_2017-02-24.bag;0.834065854549408;0.0;0.9619645476341248;0.0;2.403604411345348;0.40154782656644117;0.5984521734335588
1730779808.7103822;/app/bags/user95_2017-02-24.bag;0.834065854549408;0.0;0.9619645476341248;0.0;2.403604411345348;0.40154782656644117;0.5984521734335588
1730779808.9103377;/app/bags/user95_2017-02-24.bag;0.834065854549408;0.0;0.9619645476341248;0.0;2.403604411345348;0.40154782656644117;0.5984521734335588
1730779809.110355;/app/bags/user95_2017-02-24.bag;0.834065854549408;0.0;0.9619645476341248;0.0;2.403604411345348;0.40154782656644117;0.5984521734335588
1730779809.3103838;/app/bags/user95_2017-02-24.bag;0.834065854549408;0.0;0.9619645476341248;0.0;2.403604411345348;0.40154782656644117;0.5984521734335588
1730779809.5103934;/app/bags/user95_2017-02-24.bag;0.834065854549408;0.0;0.9619645476341248;0.0;2.403604411345348;0.40154782656644117;0.5984521734335588
1730779809.7103693;/app/bags/user95_2017-02-24.bag;0.834065854549408;0.0;0.9619645476341248;0.0;2.403604411345348;0.40154782656644117;0.5984521734335588
1730779809.9104028;/app/bags/user95_2017-02-24.bag;0.834065854549408;0.0;0.9619645476341248;0.0;2.403604411345348;0.40154782656644117;0.5984521734335588
1730779810.1104932;/app/bags/user95_2017-02-24.bag;0.834065854549408;0.0;0.9619645476341248;0.0;2.403604411345348;0.40154782656644117;0.5984521734335588
1730779810.3103836;/app/bags/user95_2017-02-24.bag;0.834065854549408;0.0;0.9619645476341248;0.0;2.403604411345348;0.40154782656644117;0.5984521734335588
1730779810.5103598;/app/bags/user95_2017-02-24.bag;0.834065854549408;0.0;0.9619645476341248;0.0;2.403604411345348;0.40154782656644117;0.5984521734335588
1730779810.7103584;/app/bags/user95_2017-02-24.bag;0.834065854549408;0.0;0.9619645476341248;0.0;2.403604411345348;0.40154782656644117;0.5984521734335588
1730779810.9103541;/app/bags/user95_2017-02-24.bag;0.834065854549408;0.0;0.9619645476341248;0.0;2.403604411345348;0.40154782656644117;0.5984521734335588
1730779811.110376;/app/bags/user95_2017-02-24.bag;0.834065854549408;0.0;0.9619645476341248;0.0;2.403604411345348;0.40154782656644117;0.5984521734335588
1730779811.3104355;/app/bags/user95_2017-02-24.bag;0.834065854549408;0.0;0.9619645476341248;0.0;2.403604411345348;0.40154782656644117;0.5984521734335588
1730779811.510374;/app/bags/user95_2017-02-24.bag;0.834065854549408;0.0;0.9619645476341248;0.0;2.403604411345348;0.40154782656644117;0.5984521734335588
1730779811.710403;/app/bags/user95_2017-02-24.bag;0.834065854549408;0.0;0.9619645476341248;0.0;2.403604411345348;0.40154782656644117;0.5984521734335588
1730779811.9103942;/app/bags/user95_2017-02-24.bag;0.834065854549408;0.0;0.9619645476341248;0.0;2.403604411345348;0.40154782656644117;0.5984521734335588
1730779812.1104014;/app/bags/user95_2017-02-24.bag;0.834065854549408;0.0;0.9619645476341248;0.0;2.403604411345348;0.40154782656644117;0.5984521734335588
1730779812.3103929;/app/bags/user95_2017-02-24.bag;0.834065854549408;0.0;0.9619645476341248;0.0;2.403604411345348;0.40154782656644117;0.5984521734335588
1730779812.5103927;/app/bags/user95_2017-02-24.bag;0.834065854549408;0.0;0.9619645476341248;0.0;2.403604411345348;0.40154782656644117;0.5984521734335588
1730779812.710387;/app/bags/user95_2017-02-24.bag;0.834065854549408;0.0;0.9619645476341248;0.0;2.403604411345348;0.40154782656644117;0.5984521734335588
1730779812.910382;/app/bags/user95_2017-02-24.bag;0.834065854549408;0.0;0.9619645476341248;0.0;2.403604411345348;0.40154782656644117;0.5984521734335588
1730779813.1104062;/app/bags/user95_2017-02-24.bag;0.834065854549408;0.0;0.9619645476341248;0.0;2.403604411345348;0.40154782656644117;0.5984521734335588
1730779813.3104699;/app/bags/user95_2017-02-24.bag;0.834065854549408;0.0;0.9619645476341248;0.0;2.403604411345348;0.40154782656644117;0.5984521734335588
1730779813.5104003;/app/bags/user95_2017-02-24.bag;0.834065854549408;0.0;0.9619645476341248;0.0;2.403604411345348;0.40154782656644117;0.5984521734335588
1730779813.7103982;/app/bags/user95_2017-02-24.bag;0.834065854549408;0.0;0.9619645476341248;0.0;2.403604411345348;0.40154782656644117;0.5984521734335588
1730779813.9104068;/app/bags/user95_2017-02-24.bag;0.834065854549408;0.0;0.9619645476341248;0.0;2.403604411345348;0.40154782656644117;0.5984521734335588
1730779814.1106267;/app/bags/user95_2017-02-24.bag;0.834065854549408;0.0;0.9619645476341248;0.0;2.403604411345348;0.40154782656644117;0.5984521734335588
1730779814.3103843;/app/bags/user95_2017-02-24.bag;0.834065854549408;0.0;0.9619645476341248;0.0;2.403604411345348;0.40154782656644117;0.5984521734335588
1730779814.5103867;/app/bags/user95_2017-02-24.bag;0.834065854549408;0.0;0.9619645476341248;0.0;2.403604411345348;0.40154782656644117;0.5984521734335588
1730779814.7104254;/app/bags/user95_2017-02-24.bag;0.834065854549408;0.0;0.9619645476341248;0.0;2.403604411345348;0.40154782656644117;0.5984521734335588
1730779814.9103947;/app/bags/user95_2017-02-24.bag;0.834065854549408;0.0;0.9619645476341248;0.0;2.403604411345348;0.40154782656644117;0.5984521734335588
1730779815.1103828;/app/bags/user95_2017-02-24.bag;0.834065854549408;0.0;0.9619645476341248;0.0;2.403604411345348;0.40154782656644117;0.5984521734335588
1730779815.3103962;/app/bags/user95_2017-02-24.bag;0.834065854549408;0.0;0.9619645476341248;0.0;2.403604411345348;0.40154782656644117;0.5984521734335588
1730779815.5103815;/app/bags/user95_2017-02-24.bag;0.834065854549408;0.0;0.9619645476341248;0.0;2.403604411345348;0.40154782656644117;0.5984521734335588
1730779815.7103791;/app/bags/user95_2017-02-24.bag;0.834065854549408;0.0;0.9619645476341248;0.0;2.403604411345348;0.40154782656644117;0.5984521734335588
1730779815.9103923;/app/bags/user95_2017-02-24.bag;0.834065854549408;0.0;0.9619645476341248;0.0;2.403604411345348;0.40154782656644117;0.5984521734335588
1730779816.110412;/app/bags/user95_2017-02-24.bag;0.834065854549408;0.0;0.9619645476341248;0.0;2.403604411345348;0.40154782656644117;0.5984521734335588
1730779816.3103871;/app/bags/user95_2017-02-24.bag;0.834065854549408;0.0;0.9619645476341248;0.0;2.403604411345348;0.40154782656644117;0.5984521734335588
1730779816.5104158;/app/bags/user95_2017-02-24.bag;0.834065854549408;0.0;0.9619645476341248;0.0;2.403604411345348;0.40154782656644117;0.5984521734335588
1730779816.710381;/app/bags/user95_2017-02-24.bag;0.834065854549408;0.0;0.9619645476341248;0.0;2.403604411345348;0.40154782656644117;0.5984521734335588
1730779816.9103997;/app/bags/user95_2017-02-24.bag;0.834065854549408;0.0;0.9619645476341248;0.0;2.403604411345348;0.40154782656644117;0.5984521734335588
1730779817.1103609;/app/bags/user95_2017-02-24.bag;0.834065854549408;0.0;0.9619645476341248;0.0;2.403604411345348;0.40154782656644117;0.5984521734335588
1730779817.3103728;/app/bags/user95_2017-02-24.bag;0.834065854549408;0.0;0.9619645476341248;0.0;2.403604411345348;0.40154782656644117;0.5984521734335588
1730779817.5104156;/app/bags/user95_2017-02-24.bag;0.834065854549408;0.0;0.9619645476341248;0.0;2.403604411345348;0.40154782656644117;0.5984521734335588
1730779817.710387;/app/bags/user95_2017-02-24.bag;0.834065854549408;0.0;0.9619645476341248;0.0;2.403604411345348;0.40154782656644117;0.5984521734335588
1730779817.910391;/app/bags/user95_2017-02-24.bag;0.834065854549408;0.0;0.9619645476341248;0.0;2.403604411345348;0.40154782656644117;0.5984521734335588
1730779818.110367;/app/bags/user95_2017-02-24.bag;0.834065854549408;0.0;0.9619645476341248;0.0;2.403604411345348;0.40154782656644117;0.5984521734335588
1730779818.310385;/app/bags/user95_2017-02-24.bag;0.834065854549408;0.0;0.9619645476341248;0.0;2.403604411345348;0.40154782656644117;0.5984521734335588
1730779818.5104113;/app/bags/user95_2017-02-24.bag;0.834065854549408;0.0;0.9619645476341248;0.0;2.403604411345348;0.40154782656644117;0.5984521734335588
1730779818.7104373;/app/bags/user95_2017-02-24.bag;0.834065854549408;0.0;0.9619645476341248;0.0;2.403604411345348;0.40154782656644117;0.5984521734335588
1730779818.9103863;/app/bags/user95_2017-02-24.bag;0.834065854549408;0.0;0.9619645476341248;0.0;2.403604411345348;0.40154782656644117;0.5984521734335588
1730779819.1104171;/app/bags/user95_2017-02-24.bag;0.834065854549408;0.0;0.9619645476341248;0.0;2.403604411345348;0.40154782656644117;0.5984521734335588
1730779819.3103912;/app/bags/user95_2017-02-24.bag;0.834065854549408;0.0;0.9619645476341248;0.0;2.403604411345348;0.40154782656644117;0.5984521734335588
1730779819.510432;/app/bags/user95_2017-02-24.bag;0.834065854549408;0.0;0.9619645476341248;0.0;2.403604411345348;0.40154782656644117;0.5984521734335588
1730779819.7103689;/app/bags/user95_2017-02-24.bag;0.834065854549408;0.0;0.9619645476341248;0.0;2.403604411345348;0.40154782656644117;0.5984521734335588
1730779819.9103715;/app/bags/user95_2017-02-24.bag;0.834065854549408;0.0;0.9619645476341248;0.0;2.403604411345348;0.40154782656644117;0.5984521734335588
1730779820.1103413;/app/bags/user95_2017-02-24.bag;0.834065854549408;0.0;0.9619645476341248;0.0;2.403604411345348;0.40154782656644117;0.5984521734335588
1730779820.3104386;/app/bags/user95_2017-02-24.bag;0.834065854549408;0.0;0.9619645476341248;0.0;2.403604411345348;0.40154782656644117;0.5984521734335588
1730779820.5103977;/app/bags/user95_2017-02-24.bag;0.834065854549408;0.0;0.9619645476341248;0.0;2.403604411345348;0.40154782656644117;0.5984521734335588
1730779820.7103906;/app/bags/user95_2017-02-24.bag;0.834065854549408;0.0;0.9619645476341248;0.0;2.403604411345348;0.40154782656644117;0.5984521734335588
1730779820.9104326;/app/bags/user95_2017-02-24.bag;0.834065854549408;0.0;0.9619645476341248;0.0;2.403604411345348;0.40154782656644117;0.5984521734335588
1730779821.1103888;/app/bags/user95_2017-02-24.bag;0.834065854549408;0.0;0.9619645476341248;0.0;2.403604411345348;0.40154782656644117;0.5984521734335588
1730779821.3103817;/app/bags/user95_2017-02-24.bag;0.834065854549408;0.0;0.9619645476341248;0.0;2.403604411345348;0.40154782656644117;0.5984521734335588
1730779821.510381;/app/bags/user95_2017-02-24.bag;0.834065854549408;0.0;0.9619645476341248;0.0;2.403604411345348;0.40154782656644117;0.5984521734335588
1730779821.7104073;/app/bags/user95_2017-02-24.bag;0.834065854549408;0.0;0.9619645476341248;0.0;2.403604411345348;0.40154782656644117;0.5984521734335588
1730779821.9103725;/app/bags/user95_2017-02-24.bag;0.834065854549408;0.0;0.9619645476341248;0.0;2.403604411345348;0.40154782656644117;0.5984521734335588
1730779822.1104095;/app/bags/user95_2017-02-24.bag;0.834065854549408;0.0;0.9619645476341248;0.0;2.403604411345348;0.40154782656644117;0.5984521734335588
1730779822.3103871;/app/bags/user95_2017-02-24.bag;0.834065854549408;0.0;0.9619645476341248;0.0;2.403604411345348;0.40154782656644117;0.5984521734335588
1730779822.5104213;/app/bags/user95_2017-02-24.bag;0.834065854549408;0.0;0.9619645476341248;0.0;2.403604411345348;0.40154782656644117;0.5984521734335588
1730779822.7104254;/app/bags/user95_2017-02-24.bag;0.834065854549408;0.0;0.9619645476341248;0.0;2.403604411345348;0.40154782656644117;0.5984521734335588
1730779822.9104068;/app/bags/user95_2017-02-24.bag;0.834065854549408;0.0;0.9619645476341248;0.0;2.403604411345348;0.40154782656644117;0.5984521734335588
1730779823.1104007;/app/bags/user95_2017-02-24.bag;0.834065854549408;0.0;0.9619645476341248;0.0;2.403604411345348;0.40154782656644117;0.5984521734335588
1730779823.3104126;/app/bags/user95_2017-02-24.bag;0.834065854549408;0.0;0.9619645476341248;0.0;2.403604411345348;0.40154782656644117;0.5984521734335588
1730779823.5103838;/app/bags/user95_2017-02-24.bag;0.834065854549408;0.0;0.9619645476341248;0.0;2.403604411345348;0.40154782656644117;0.5984521734335588
1730779823.710389;/app/bags/user95_2017-02-24.bag;0.834065854549408;0.0;0.9619645476341248;0.0;2.403604411345348;0.40154782656644117;0.5984521734335588
1730779823.910387;/app/bags/user95_2017-02-24.bag;0.834065854549408;0.0;0.9619645476341248;0.0;2.403604411345348;0.40154782656644117;0.5984521734335588
1730779824.1104352;/app/bags/user95_2017-02-24.bag;0.834065854549408;0.0;0.9619645476341248;0.0;2.403604411345348;0.40154782656644117;0.5984521734335588
1730779824.3104002;/app/bags/user95_2017-02-24.bag;0.834065854549408;0.0;0.9619645476341248;0.0;2.403604411345348;0.40154782656644117;0.5984521734335588
1730779824.5103984;/app/bags/user95_2017-02-24.bag;0.834065854549408;0.0;0.9619645476341248;0.0;2.403604411345348;0.40154782656644117;0.5984521734335588
1730779824.7103887;/app/bags/user95_2017-02-24.bag;0.834065854549408;0.0;0.9619645476341248;0.0;2.403604411345348;0.40154782656644117;0.5984521734335588
1730779824.910382;/app/bags/user95_2017-02-24.bag;0.834065854549408;0.0;0.9619645476341248;0.0;2.403604411345348;0.40154782656644117;0.5984521734335588
1730779825.1104224;/app/bags/user95_2017-02-24.bag;0.834065854549408;0.0;0.9619645476341248;0.0;2.403604411345348;0.40154782656644117;0.5984521734335588
1730779825.3104374;/app/bags/user95_2017-02-24.bag;0.834065854549408;0.0;0.9619645476341248;0.0;2.403604411345348;0.40154782656644117;0.5984521734335588
1730779825.510424;/app/bags/user95_2017-02-24.bag;0.834065854549408;0.0;0.9619645476341248;0.0;2.403604411345348;0.40154782656644117;0.5984521734335588
1730779825.710369;/app/bags/user95_2017-02-24.bag;0.834065854549408;0.0;0.9619645476341248;0.0;2.403604411345348;0.40154782656644117;0.5984521734335588
1730779825.910568;/app/bags/user95_2017-02-24.bag;0.834065854549408;0.0;0.9619645476341248;0.0;2.403604411345348;0.40154782656644117;0.5984521734335588
1730779826.1105354;/app/bags/user95_2017-02-24.bag;0.834065854549408;0.0;0.9619645476341248;0.0;2.403604411345348;0.40154782656644117;0.5984521734335588
1730779826.310376;/app/bags/user95_2017-02-24.bag;0.834065854549408;0.0;0.9619645476341248;0.0;2.403604411345348;0.40154782656644117;0.5984521734335588
1730779826.5103633;/app/bags/user95_2017-02-24.bag;0.834065854549408;0.0;0.9619645476341248;0.0;2.403604411345348;0.40154782656644117;0.5984521734335588
1730779826.710419;/app/bags/user95_2017-02-24.bag;0.834065854549408;0.0;0.9619645476341248;0.0;2.403604411345348;0.40154782656644117;0.5984521734335588
1730779826.9104118;/app/bags/user95_2017-02-24.bag;0.834065854549408;0.0;0.9619645476341248;0.0;2.403604411345348;0.40154782656644117;0.5984521734335588
1730779827.1103783;/app/bags/user95_2017-02-24.bag;0.834065854549408;0.0;0.9619645476341248;0.0;2.403604411345348;0.40154782656644117;0.5984521734335588
1730779827.310356;/app/bags/user95_2017-02-24.bag;0.834065854549408;0.0;0.9619645476341248;0.0;2.403604411345348;0.40154782656644117;0.5984521734335588
1730779827.510363;/app/bags/user95_2017-02-24.bag;0.834065854549408;0.0;0.9619645476341248;0.0;2.403604411345348;0.40154782656644117;0.5984521734335588
1730779827.7103643;/app/bags/user95_2017-02-24.bag;0.834065854549408;0.0;0.9619645476341248;0.0;2.403604411345348;0.40154782656644117;0.5984521734335588
1730779827.9104195;/app/bags/user95_2017-02-24.bag;0.834065854549408;0.0;0.9619645476341248;0.0;2.403604411345348;0.40154782656644117;0.5984521734335588
1730779828.1104314;/app/bags/user95_2017-02-24.bag;0.834065854549408;0.0;0.9619645476341248;0.0;2.403604411345348;0.40154782656644117;0.5984521734335588
1730779828.310417;/app/bags/user95_2017-02-24.bag;0.834065854549408;0.0;0.9619645476341248;0.0;2.403604411345348;0.40154782656644117;0.5984521734335588
1730779828.5104458;/app/bags/user95_2017-02-24.bag;0.834065854549408;0.0;0.9619645476341248;0.0;2.403604411345348;0.40154782656644117;0.5984521734335588
1730779828.7103841;/app/bags/user95_2017-02-24.bag;0.834065854549408;0.0;0.9619645476341248;0.0;2.403604411345348;0.40154782656644117;0.5984521734335588
1730779828.9103518;/app/bags/user95_2017-02-24.bag;0.834065854549408;0.0;0.9619645476341248;0.0;2.403604411345348;0.40154782656644117;0.5984521734335588
1730779829.1104815;/app/bags/user95_2017-02-24.bag;0.834065854549408;0.0;0.9619645476341248;0.0;2.403604411345348;0.40154782656644117;0.5984521734335588
1730779829.310356;/app/bags/user95_2017-02-24.bag;0.834065854549408;0.0;0.9619645476341248;0.0;2.403604411345348;0.40154782656644117;0.5984521734335588
1730779829.5103953;/app/bags/user95_2017-02-24.bag;0.834065854549408;0.0;0.9619645476341248;0.0;2.403604411345348;0.40154782656644117;0.5984521734335588
1730779829.7103553;/app/bags/user95_2017-02-24.bag;0.834065854549408;0.0;0.9619645476341248;0.0;2.403604411345348;0.40154782656644117;0.5984521734335588
1730779829.9104354;/app/bags/user95_2017-02-24.bag;0.834065854549408;0.0;0.9619645476341248;0.0;2.403604411345348;0.40154782656644117;0.5984521734335588
1730779830.1105375;/app/bags/user95_2017-02-24.bag;0.834065854549408;0.0;0.9619645476341248;0.0;2.403604411345348;0.40154782656644117;0.5984521734335588
1730779830.3104312;/app/bags/user95_2017-02-24.bag;0.834065854549408;0.0;0.9619645476341248;0.0;2.403604411345348;0.40154782656644117;0.5984521734335588
1730779830.5103905;/app/bags/user95_2017-02-24.bag;0.834065854549408;0.0;0.9619645476341248;0.0;2.403604411345348;0.40154782656644117;0.5984521734335588
1730779830.7103744;/app/bags/user95_2017-02-24.bag;0.834065854549408;0.0;0.9619645476341248;0.0;2.403604411345348;0.40154782656644117;0.5984521734335588
1730779830.9104428;/app/bags/user95_2017-02-24.bag;0.834065854549408;0.0;0.9619645476341248;0.0;2.403604411345348;0.40154782656644117;0.5984521734335588
1730779831.110375;/app/bags/user95_2017-02-24.bag;0.834065854549408;0.0;0.9619645476341248;0.0;2.403604411345348;0.40154782656644117;0.5984521734335588
1730779831.3103747;/app/bags/user95_2017-02-24.bag;0.834065854549408;0.0;0.9619645476341248;0.0;2.403604411345348;0.40154782656644117;0.5984521734335588
1730779831.5103893;/app/bags/user95_2017-02-24.bag;0.834065854549408;0.0;0.9619645476341248;0.0;2.403604411345348;0.40154782656644117;0.5984521734335588
1730779831.7103758;/app/bags/user95_2017-02-24.bag;0.834065854549408;0.0;0.9619645476341248;0.0;2.403604411345348;0.40154782656644117;0.5984521734335588
1730779831.9103756;/app/bags/user95_2017-02-24.bag;0.834065854549408;0.0;0.9619645476341248;0.0;2.403604411345348;0.40154782656644117;0.5984521734335588
1730779832.110385;/app/bags/user95_2017-02-24.bag;0.834065854549408;0.0;0.9619645476341248;0.0;2.403604411345348;0.40154782656644117;0.5984521734335588
1730779832.3103836;/app/bags/user95_2017-02-24.bag;0.834065854549408;0.0;0.9619645476341248;0.0;2.403604411345348;0.40154782656644117;0.5984521734335588
1730779832.5104914;/app/bags/user95_2017-02-24.bag;0.834065854549408;0.0;0.9619645476341248;0.0;2.403604411345348;0.40154782656644117;0.5984521734335588
1730779832.7104056;/app/bags/user95_2017-02-24.bag;0.834065854549408;0.0;0.9619645476341248;0.0;2.403604411345348;0.40154782656644117;0.5984521734335588
1730779832.9103706;/app/bags/user95_2017-02-24.bag;0.834065854549408;0.0;0.9619645476341248;0.0;2.403604411345348;0.40154782656644117;0.5984521734335588
1730779833.1103776;/app/bags/user95_2017-02-24.bag;0.834065854549408;0.0;0.9619645476341248;0.0;2.403604411345348;0.40154782656644117;0.5984521734335588
1730779833.3104186;/app/bags/user95_2017-02-24.bag;0.834065854549408;0.0;0.9619645476341248;0.0;2.403604411345348;0.40154782656644117;0.5984521734335588
1730779833.5103848;/app/bags/user95_2017-02-24.bag;0.834065854549408;0.0;0.9619645476341248;0.0;2.403604411345348;0.40154782656644117;0.5984521734335588
1730779833.710381;/app/bags/user95_2017-02-24.bag;0.834065854549408;0.0;0.9619645476341248;0.0;2.403604411345348;0.40154782656644117;0.5984521734335588
1730779833.9103897;/app/bags/user95_2017-02-24.bag;0.834065854549408;0.0;0.9619645476341248;0.0;2.403604411345348;0.40154782656644117;0.5984521734335588
1730779834.1103857;/app/bags/user95_2017-02-24.bag;0.834065854549408;0.0;0.9619645476341248;0.0;2.403604411345348;0.40154782656644117;0.5984521734335588
1730779834.3103642;/app/bags/user95_2017-02-24.bag;0.834065854549408;0.0;0.9619645476341248;0.0;2.403604411345348;0.40154782656644117;0.5984521734335588
1730779834.510355;/app/bags/user95_2017-02-24.bag;0.834065854549408;0.0;0.9619645476341248;0.0;2.403604411345348;0.40154782656644117;0.5984521734335588
1730779834.710385;/app/bags/user95_2017-02-24.bag;0.834065854549408;0.0;0.9619645476341248;0.0;2.403604411345348;0.40154782656644117;0.5984521734335588
1730779834.9104295;/app/bags/user95_2017-02-24.bag;0.834065854549408;0.0;0.9619645476341248;0.0;2.403604411345348;0.40154782656644117;0.5984521734335588
1730779835.1103785;/app/bags/user95_2017-02-24.bag;0.834065854549408;0.0;0.9619645476341248;0.0;2.403604411345348;0.40154782656644117;0.5984521734335588
1730779835.3103642;/app/bags/user95_2017-02-24.bag;0.834065854549408;0.0;0.9619645476341248;0.0;2.403604411345348;0.40154782656644117;0.5984521734335588
1730779835.510387;/app/bags/user95_2017-02-24.bag;0.834065854549408;0.0;0.9619645476341248;0.0;2.403604411345348;0.40154782656644117;0.5984521734335588
1730779835.7103887;/app/bags/user95_2017-02-24.bag;0.834065854549408;0.0;0.9619645476341248;0.0;2.403604411345348;0.40154782656644117;0.5984521734335588
1730779835.9104066;/app/bags/user95_2017-02-24.bag;0.834065854549408;0.0;0.9619645476341248;0.0;2.403604411345348;0.40154782656644117;0.5984521734335588
1730779836.1103919;/app/bags/user95_2017-02-24.bag;0.834065854549408;0.0;0.9619645476341248;0.0;2.403604411345348;0.40154782656644117;0.5984521734335588
1730779836.3103678;/app/bags/user95_2017-02-24.bag;0.834065854549408;0.0;0.9619645476341248;0.0;2.403604411345348;0.40154782656644117;0.5984521734335588
1730779836.510369;/app/bags/user95_2017-02-24.bag;0.834065854549408;0.0;0.9619645476341248;0.0;2.403604411345348;0.40154782656644117;0.5984521734335588
1730779836.7103822;/app/bags/user95_2017-02-24.bag;0.834065854549408;0.0;0.9619645476341248;0.0;2.403604411345348;0.40154782656644117;0.5984521734335588
1730779836.910384;/app/bags/user95_2017-02-24.bag;0.834065854549408;0.0;0.9619645476341248;0.0;2.403604411345348;0.40154782656644117;0.5984521734335588
1730779837.1103811;/app/bags/user95_2017-02-24.bag;0.834065854549408;0.0;0.9619645476341248;0.0;2.403604411345348;0.40154782656644117;0.5984521734335588
1730779837.3103852;/app/bags/user95_2017-02-24.bag;0.834065854549408;0.0;0.9619645476341248;0.0;2.403604411345348;0.40154782656644117;0.5984521734335588
1730779837.510395;/app/bags/user95_2017-02-24.bag;0.834065854549408;0.0;0.9619645476341248;0.0;2.403604411345348;0.40154782656644117;0.5984521734335588
1730779837.7104266;/app/bags/user95_2017-02-24.bag;0.834065854549408;0.0;0.9619645476341248;0.0;2.403604411345348;0.40154782656644117;0.5984521734335588
1730779837.9104092;/app/bags/user95_2017-02-24.bag;0.834065854549408;0.0;0.9619645476341248;0.0;2.403604411345348;0.40154782656644117;0.5984521734335588
1730779838.1106155;/app/bags/user95_2017-02-24.bag;0.834065854549408;0.0;0.9619645476341248;0.0;2.403604411345348;0.40154782656644117;0.5984521734335588
1730779838.3103669;/app/bags/user95_2017-02-24.bag;0.834065854549408;0.0;0.9619645476341248;0.0;2.403604411345348;0.40154782656644117;0.5984521734335588
1730779838.5103924;/app/bags/user95_2017-02-24.bag;0.834065854549408;0.0;0.9619645476341248;0.0;2.403604411345348;0.40154782656644117;0.5984521734335588
1730779838.7105145;/app/bags/user95_2017-02-24.bag;0.834065854549408;0.0;0.9619645476341248;0.0;2.403604411345348;0.40154782656644117;0.5984521734335588
1730779838.9104242;/app/bags/user95_2017-02-24.bag;0.834065854549408;0.0;0.9619645476341248;0.0;2.403604411345348;0.40154782656644117;0.5984521734335588
1730779839.1104352;/app/bags/user95_2017-02-24.bag;0.834065854549408;0.0;0.9619645476341248;0.0;2.403604411345348;0.40154782656644117;0.5984521734335588
1730779839.310519;/app/bags/user95_2017-02-24.bag;0.834065854549408;0.0;0.9619645476341248;0.0;2.403604411345348;0.40154782656644117;0.5984521734335588
1730779839.5104053;/app/bags/user95_2017-02-24.bag;0.834065854549408;0.0;0.9619645476341248;0.0;2.403604411345348;0.40154782656644117;0.5984521734335588
1730779839.7104278;/app/bags/user95_2017-02-24.bag;0.834065854549408;0.0;0.9619645476341248;0.0;2.403604411345348;0.40154782656644117;0.5984521734335588
1730779839.910383;/app/bags/user95_2017-02-24.bag;0.834065854549408;0.0;0.9619645476341248;0.0;2.403604411345348;0.40154782656644117;0.5984521734335588
1730779840.1103692;/app/bags/user95_2017-02-24.bag;0.834065854549408;0.0;0.9619645476341248;0.0;2.403604411345348;0.40154782656644117;0.5984521734335588
1730779840.3103783;/app/bags/user95_2017-02-24.bag;0.834065854549408;0.0;0.9619645476341248;0.0;2.403604411345348;0.40154782656644117;0.5984521734335588
1730779840.5104122;/app/bags/user95_2017-02-24.bag;0.834065854549408;0.0;0.9619645476341248;0.0;2.403604411345348;0.40154782656644117;0.5984521734335588
1730779840.7104194;/app/bags/user95_2017-02-24.bag;0.834065854549408;0.0;0.9619645476341248;0.0;2.403604411345348;0.40154782656644117;0.5984521734335588
1730779840.9103923;/app/bags/user95_2017-02-24.bag;0.834065854549408;0.0;0.9619645476341248;0.0;2.403604411345348;0.40154782656644117;0.5984521734335588
1730779841.110387;/app/bags/user95_2017-02-24.bag;0.834065854549408;0.0;0.9619645476341248;0.0;2.403604411345348;0.40154782656644117;0.5984521734335588
1730779841.3104913;/app/bags/user95_2017-02-24.bag;0.834065854549408;0.0;0.9619645476341248;0.0;2.403604411345348;0.40154782656644117;0.5984521734335588
1730779841.5104313;/app/bags/user95_2017-02-24.bag;0.834065854549408;0.0;0.9619645476341248;0.0;2.403604411345348;0.40154782656644117;0.5984521734335588
1730779841.7103987;/app/bags/user95_2017-02-24.bag;0.834065854549408;0.0;0.9619645476341248;0.0;2.403604411345348;0.40154782656644117;0.5984521734335588
1730779841.9103868;/app/bags/user95_2017-02-24.bag;0.834065854549408;0.0;0.9619645476341248;0.0;2.403604411345348;0.40154782656644117;0.5984521734335588
1730779842.1103783;/app/bags/user95_2017-02-24.bag;0.834065854549408;0.0;0.9619645476341248;0.0;2.403604411345348;0.40154782656644117;0.5984521734335588
1730779842.3104746;/app/bags/user95_2017-02-24.bag;0.834065854549408;0.0;0.9619645476341248;0.0;2.403604411345348;0.40154782656644117;0.5984521734335588
1730779842.5103803;/app/bags/user95_2017-02-24.bag;0.834065854549408;0.0;0.9619645476341248;0.0;2.403604411345348;0.40154782656644117;0.5984521734335588
1730779842.710618;/app/bags/user95_2017-02-24.bag;0.834065854549408;0.0;0.9619645476341248;0.0;2.403604411345348;0.40154782656644117;0.5984521734335588
1730779842.9103818;/app/bags/user95_2017-02-24.bag;0.834065854549408;0.0;0.9619645476341248;0.0;2.403604411345348;0.40154782656644117;0.5984521734335588
1730779843.110387;/app/bags/user95_2017-02-24.bag;0.834065854549408;0.0;0.9619645476341248;0.0;2.403604411345348;0.40154782656644117;0.5984521734335588
1730779843.310455;/app/bags/user95_2017-02-24.bag;0.834065854549408;0.0;0.9619645476341248;0.0;2.403604411345348;0.40154782656644117;0.5984521734335588
1730779843.5104287;/app/bags/user95_2017-02-24.bag;0.834065854549408;0.0;0.9619645476341248;0.0;2.403604411345348;0.40154782656644117;0.5984521734335588
1730779843.7103798;/app/bags/user95_2017-02-24.bag;0.834065854549408;0.0;0.9619645476341248;0.0;2.403604411345348;0.40154782656644117;0.5984521734335588
1730779843.9103792;/app/bags/user95_2017-02-24.bag;0.834065854549408;0.0;0.9619645476341248;0.0;2.403604411345348;0.40154782656644117;0.5984521734335588
1730779844.1104467;/app/bags/user95_2017-02-24.bag;0.834065854549408;0.0;0.9619645476341248;0.0;2.403604411345348;0.40154782656644117;0.5984521734335588
1730779844.3104448;/app/bags/user95_2017-02-24.bag;0.834065854549408;0.0;0.9619645476341248;0.0;2.403604411345348;0.40154782656644117;0.5984521734335588
1730779844.510372;/app/bags/user95_2017-02-24.bag;0.834065854549408;0.0;0.9619645476341248;0.0;2.403604411345348;0.40154782656644117;0.5984521734335588
1730779844.7104003;/app/bags/user95_2017-02-24.bag;0.834065854549408;0.0;0.9619645476341248;0.0;2.403604411345348;0.40154782656644117;0.5984521734335588
1730779844.9104295;/app/bags/user95_2017-02-24.bag;0.834065854549408;0.0;0.9619645476341248;0.0;2.403604411345348;0.40154782656644117;0.5984521734335588
1730779845.110468;/app/bags/user95_2017-02-24.bag;0.834065854549408;0.0;0.9619645476341248;0.0;2.403604411345348;0.40154782656644117;0.5984521734335588
1730779845.3104155;/app/bags/user95_2017-02-24.bag;0.834065854549408;0.0;0.9619645476341248;0.0;2.403604411345348;0.40154782656644117;0.5984521734335588
1730779845.510372;/app/bags/user95_2017-02-24.bag;0.834065854549408;0.0;0.9619645476341248;0.0;2.403604411345348;0.40154782656644117;0.5984521734335588
1730779845.71036;/app/bags/user95_2017-02-24.bag;0.834065854549408;0.0;0.9619645476341248;0.0;2.403604411345348;0.40154782656644117;0.5984521734335588
1730779845.9104037;/app/bags/user95_2017-02-24.bag;0.834065854549408;0.0;0.9619645476341248;0.0;2.403604411345348;0.40154782656644117;0.5984521734335588
1730779846.110379;/app/bags/user95_2017-02-24.bag;0.834065854549408;0.0;0.9619645476341248;0.0;2.403604411345348;0.40154782656644117;0.5984521734335588
1730779846.3106008;/app/bags/user95_2017-02-24.bag;0.834065854549408;0.0;0.9619645476341248;0.0;2.403604411345348;0.40154782656644117;0.5984521734335588
1730779846.5104144;/app/bags/user95_2017-02-24.bag;0.834065854549408;0.0;0.9619645476341248;0.0;2.403604411345348;0.40154782656644117;0.5984521734335588
1730779846.7103937;/app/bags/user95_2017-02-24.bag;0.834065854549408;0.0;0.9619645476341248;0.0;2.403604411345348;0.40154782656644117;0.5984521734335588
1730779846.9103673;/app/bags/user95_2017-02-24.bag;0.834065854549408;0.0;0.9619645476341248;0.0;2.403604411345348;0.40154782656644117;0.5984521734335588
1730779847.110439;/app/bags/user95_2017-02-24.bag;0.834065854549408;0.0;0.9619645476341248;0.0;2.403604411345348;0.40154782656644117;0.5984521734335588
1730779847.3104057;/app/bags/user95_2017-02-24.bag;0.834065854549408;0.0;0.9619645476341248;0.0;2.403604411345348;0.40154782656644117;0.5984521734335588
1730779847.5103915;/app/bags/user95_2017-02-24.bag;0.834065854549408;0.0;0.9619645476341248;0.0;2.403604411345348;0.40154782656644117;0.5984521734335588
1730779847.710387;/app/bags/user95_2017-02-24.bag;0.834065854549408;0.0;0.9619645476341248;0.0;2.403604411345348;0.40154782656644117;0.5984521734335588
1730779847.9103856;/app/bags/user95_2017-02-24.bag;0.834065854549408;0.0;0.9619645476341248;0.0;2.403604411345348;0.40154782656644117;0.5984521734335588
1730779848.1106184;/app/bags/user95_2017-02-24.bag;0.834065854549408;0.0;0.9619645476341248;0.0;2.403604411345348;0.40154782656644117;0.5984521734335588
1730779848.3103838;/app/bags/user95_2017-02-24.bag;0.834065854549408;0.0;0.9619645476341248;0.0;2.403604411345348;0.40154782656644117;0.5984521734335588
1730779848.5104136;/app/bags/user95_2017-02-24.bag;0.834065854549408;0.0;0.9619645476341248;0.0;2.403604411345348;0.40154782656644117;0.5984521734335588
1730779848.7104537;/app/bags/user95_2017-02-24.bag;0.834065854549408;0.0;0.9619645476341248;0.0;2.403604411345348;0.40154782656644117;0.5984521734335588
1730779848.910391;/app/bags/user95_2017-02-24.bag;0.834065854549408;0.0;0.9619645476341248;0.0;2.403604411345348;0.40154782656644117;0.5984521734335588
1730779849.1104221;/app/bags/user95_2017-02-24.bag;0.834065854549408;0.0;0.9619645476341248;0.0;2.403604411345348;0.40154782656644117;0.5984521734335588
1730779849.3104513;/app/bags/user95_2017-02-24.bag;0.834065854549408;0.0;0.9619645476341248;0.0;2.403604411345348;0.40154782656644117;0.5984521734335588
1730779849.510408;/app/bags/user95_2017-02-24.bag;0.834065854549408;0.0;0.9619645476341248;0.0;2.403604411345348;0.40154782656644117;0.5984521734335588
1730779849.7103734;/app/bags/user95_2017-02-24.bag;0.834065854549408;0.0;0.9619645476341248;0.0;2.403604411345348;0.40154782656644117;0.5984521734335588
1730779849.9103906;/app/bags/user95_2017-02-24.bag;0.834065854549408;0.0;0.9619645476341248;0.0;2.403604411345348;0.40154782656644117;0.5984521734335588
1730779850.1104124;/app/bags/user95_2017-02-24.bag;0.834065854549408;0.0;0.9619645476341248;0.0;2.403604411345348;0.40154782656644117;0.5984521734335588
1730779850.3103817;/app/bags/user95_2017-02-24.bag;0.834065854549408;0.0;0.9619645476341248;0.0;2.403604411345348;0.40154782656644117;0.5984521734335588
1730779850.510381;/app/bags/user95_2017-02-24.bag;0.834065854549408;0.0;0.9619645476341248;0.0;2.403604411345348;0.40154782656644117;0.5984521734335588
1730779850.7104247;/app/bags/user95_2017-02-24.bag;0.834065854549408;0.0;0.9619645476341248;0.0;2.403604411345348;0.40154782656644117;0.5984521734335588
1730779850.9103854;/app/bags/user95_2017-02-24.bag;0.834065854549408;0.0;0.9619645476341248;0.0;2.403604411345348;0.40154782656644117;0.5984521734335588
1730779851.1103966;/app/bags/user95_2017-02-24.bag;0.834065854549408;0.0;0.9619645476341248;0.0;2.403604411345348;0.40154782656644117;0.5984521734335588
1730779851.3104534;/app/bags/user95_2017-02-24.bag;0.834065854549408;0.0;0.9619645476341248;0.0;2.403604411345348;0.40154782656644117;0.5984521734335588
1730779851.5103705;/app/bags/user95_2017-02-24.bag;0.834065854549408;0.0;0.9619645476341248;0.0;2.403604411345348;0.40154782656644117;0.5984521734335588
1730779851.7103863;/app/bags/user95_2017-02-24.bag;0.834065854549408;0.0;0.9619645476341248;0.0;2.403604411345348;0.40154782656644117;0.5984521734335588
1730779851.9103696;/app/bags/user95_2017-02-24.bag;0.834065854549408;0.0;0.9619645476341248;0.0;2.403604411345348;0.40154782656644117;0.5984521734335588
1730779852.1104121;/app/bags/user95_2017-02-24.bag;0.834065854549408;0.0;0.9619645476341248;0.0;2.403604411345348;0.40154782656644117;0.5984521734335588
1730779852.3103998;/app/bags/user95_2017-02-24.bag;0.834065854549408;0.0;0.9619645476341248;0.0;2.403604411345348;0.40154782656644117;0.5984521734335588
1730779852.5104318;/app/bags/user95_2017-02-24.bag;0.834065854549408;0.0;0.9619645476341248;0.0;2.403604411345348;0.40154782656644117;0.5984521734335588
1730779852.710377;/app/bags/user95_2017-02-24.bag;0.834065854549408;0.0;0.9619645476341248;0.0;2.403604411345348;0.40154782656644117;0.5984521734335588
1730779852.9104116;/app/bags/user95_2017-02-24.bag;0.834065854549408;0.0;0.9619645476341248;0.0;2.403604411345348;0.40154782656644117;0.5984521734335588
1730779853.1103861;/app/bags/user95_2017-02-24.bag;0.834065854549408;0.0;0.9619645476341248;0.0;2.403604411345348;0.40154782656644117;0.5984521734335588
1730779853.3103943;/app/bags/user95_2017-02-24.bag;0.834065854549408;0.0;0.9619645476341248;0.0;2.403604411345348;0.40154782656644117;0.5984521734335588
1730779853.5103867;/app/bags/user95_2017-02-24.bag;0.834065854549408;0.0;0.9619645476341248;0.0;2.403604411345348;0.40154782656644117;0.5984521734335588
1730779853.7105708;/app/bags/user95_2017-02-24.bag;0.834065854549408;0.0;0.9619645476341248;0.0;2.403604411345348;0.40154782656644117;0.5984521734335588
1730779853.9104598;/app/bags/user95_2017-02-24.bag;0.834065854549408;0.0;0.9619645476341248;0.0;2.403604411345348;0.40154782656644117;0.5984521734335588
1730779854.1104388;/app/bags/user95_2017-02-24.bag;0.834065854549408;0.0;0.9619645476341248;0.0;2.403604411345348;0.40154782656644117;0.5984521734335588
1730779854.310428;/app/bags/user95_2017-02-24.bag;0.834065854549408;0.0;0.9619645476341248;0.0;2.403604411345348;0.40154782656644117;0.5984521734335588
1730779854.51039;/app/bags/user95_2017-02-24.bag;0.834065854549408;0.0;0.9619645476341248;0.0;2.403604411345348;0.40154782656644117;0.5984521734335588
1730779854.710383;/app/bags/user95_2017-02-24.bag;0.834065854549408;0.0;0.9619645476341248;0.0;2.403604411345348;0.40154782656644117;0.5984521734335588
1730779854.9103968;/app/bags/user95_2017-02-24.bag;0.834065854549408;0.0;0.9619645476341248;0.0;2.403604411345348;0.40154782656644117;0.5984521734335588
1730779855.1103792;/app/bags/user95_2017-02-24.bag;0.834065854549408;0.0;0.9619645476341248;0.0;2.403604411345348;0.40154782656644117;0.5984521734335588
1730779855.310412;/app/bags/user95_2017-02-24.bag;0.834065854549408;0.0;0.9619645476341248;0.0;2.403604411345348;0.40154782656644117;0.5984521734335588
1730779855.5104094;/app/bags/user95_2017-02-24.bag;0.834065854549408;0.0;0.9619645476341248;0.0;2.403604411345348;0.40154782656644117;0.5984521734335588
1730779855.7103975;/app/bags/user95_2017-02-24.bag;0.834065854549408;0.0;0.9619645476341248;0.0;2.403604411345348;0.40154782656644117;0.5984521734335588
1730779855.9104187;/app/bags/user95_2017-02-24.bag;0.834065854549408;0.0;0.9619645476341248;0.0;2.403604411345348;0.40154782656644117;0.5984521734335588
1730779856.1104357;/app/bags/user95_2017-02-24.bag;0.834065854549408;0.0;0.9619645476341248;0.0;2.403604411345348;0.40154782656644117;0.5984521734335588
1730779856.3103857;/app/bags/user95_2017-02-24.bag;0.834065854549408;0.0;0.9619645476341248;0.0;2.403604411345348;0.40154782656644117;0.5984521734335588
1730779856.5104022;/app/bags/user95_2017-02-24.bag;0.834065854549408;0.0;0.9619645476341248;0.0;2.403604411345348;0.40154782656644117;0.5984521734335588
1730779856.7103922;/app/bags/user95_2017-02-24.bag;0.834065854549408;0.0;0.9619645476341248;0.0;2.403604411345348;0.40154782656644117;0.5984521734335588
1730779856.910412;/app/bags/user95_2017-02-24.bag;0.834065854549408;0.0;0.9619645476341248;0.0;2.403604411345348;0.40154782656644117;0.5984521734335588
1730779857.110382;/app/bags/user95_2017-02-24.bag;0.834065854549408;0.0;0.9619645476341248;0.0;2.403604411345348;0.40154782656644117;0.5984521734335588
1730779857.3104072;/app/bags/user95_2017-02-24.bag;0.834065854549408;0.0;0.9619645476341248;0.0;2.403604411345348;0.40154782656644117;0.5984521734335588
1730779857.5104222;/app/bags/user95_2017-02-24.bag;0.834065854549408;0.0;0.9619645476341248;0.0;2.403604411345348;0.40154782656644117;0.5984521734335588
1730779857.7104664;/app/bags/user95_2017-02-24.bag;0.834065854549408;0.0;0.9619645476341248;0.0;2.403604411345348;0.40154782656644117;0.5984521734335588
1730779857.9103794;/app/bags/user95_2017-02-24.bag;0.834065854549408;0.0;0.9619645476341248;0.0;2.403604411345348;0.40154782656644117;0.5984521734335588
1730779858.1103766;/app/bags/user95_2017-02-24.bag;0.834065854549408;0.0;0.9619645476341248;0.0;2.403604411345348;0.40154782656644117;0.5984521734335588
1730779858.3103895;/app/bags/user95_2017-02-24.bag;0.834065854549408;0.0;0.9619645476341248;0.0;2.403604411345348;0.40154782656644117;0.5984521734335588
1730779858.510381;/app/bags/user95_2017-02-24.bag;0.834065854549408;0.0;0.9619645476341248;0.0;2.403604411345348;0.40154782656644117;0.5984521734335588
1730779858.7103539;/app/bags/user95_2017-02-24.bag;0.834065854549408;0.0;0.9619645476341248;0.0;2.403604411345348;0.40154782656644117;0.5984521734335588
1730779858.9105318;/app/bags/user95_2017-02-24.bag;0.834065854549408;0.0;0.9619645476341248;0.0;2.403604411345348;0.40154782656644117;0.5984521734335588
1730779859.110386;/app/bags/user95_2017-02-24.bag;0.834065854549408;0.0;0.9619645476341248;0.0;2.403604411345348;0.40154782656644117;0.5984521734335588
1730779859.3103895;/app/bags/user95_2017-02-24.bag;0.834065854549408;0.0;0.9619645476341248;0.0;2.403604411345348;0.40154782656644117;0.5984521734335588
1730779859.5104232;/app/bags/user95_2017-02-24.bag;0.834065854549408;0.0;0.9619645476341248;0.0;2.403604411345348;0.40154782656644117;0.5984521734335588
1730779859.7103736;/app/bags/user95_2017-02-24.bag;0.834065854549408;0.0;0.9619645476341248;0.0;2.403604411345348;0.40154782656644117;0.5984521734335588
1730779859.9103787;/app/bags/user95_2017-02-24.bag;0.834065854549408;0.0;0.9619645476341248;0.0;2.403604411345348;0.40154782656644117;0.5984521734335588
1730779860.1104345;/app/bags/user95_2017-02-24.bag;0.834065854549408;0.0;0.9619645476341248;0.0;2.403604411345348;0.40154782656644117;0.5984521734335588
1730779860.310403;/app/bags/user95_2017-02-24.bag;0.834065854549408;0.0;0.9619645476341248;0.0;2.403604411345348;0.40154782656644117;0.5984521734335588
1730779860.5103803;/app/bags/user95_2017-02-24.bag;0.834065854549408;0.0;0.9619645476341248;0.0;2.403604411345348;0.40154782656644117;0.5984521734335588
1730779860.71037;/app/bags/user95_2017-02-24.bag;0.834065854549408;0.0;0.9619645476341248;0.0;2.403604411345348;0.40154782656644117;0.5984521734335588
1730779860.9104369;/app/bags/user95_2017-02-24.bag;0.834065854549408;0.0;0.9619645476341248;0.0;2.403604411345348;0.40154782656644117;0.5984521734335588
1730779861.110406;/app/bags/user95_2017-02-24.bag;0.834065854549408;0.0;0.9619645476341248;0.0;2.403604411345348;0.40154782656644117;0.5984521734335588
1730779861.3103762;/app/bags/user95_2017-02-24.bag;0.834065854549408;0.0;0.9619645476341248;0.0;2.403604411345348;0.40154782656644117;0.5984521734335588
1730779861.5103843;/app/bags/user95_2017-02-24.bag;0.834065854549408;0.0;0.9619645476341248;0.0;2.403604411345348;0.40154782656644117;0.5984521734335588
1730779861.7103772;/app/bags/user95_2017-02-24.bag;0.834065854549408;0.0;0.9619645476341248;0.0;2.403604411345348;0.40154782656644117;0.5984521734335588
1730779861.9104238;/app/bags/user95_2017-02-24.bag;0.834065854549408;0.0;0.9619645476341248;0.0;2.403604411345348;0.40154782656644117;0.5984521734335588
1730779862.1104789;/app/bags/user95_2017-02-24.bag;0.834065854549408;0.0;0.9619645476341248;0.0;2.403604411345348;0.40154782656644117;0.5984521734335588
1730779862.3103998;/app/bags/user95_2017-02-24.bag;0.834065854549408;0.0;0.9619645476341248;0.0;2.403604411345348;0.40154782656644117;0.5984521734335588
1730779862.5103984;/app/bags/user95_2017-02-24.bag;0.834065854549408;0.0;0.9619645476341248;0.0;2.403604411345348;0.40154782656644117;0.5984521734335588
1730779862.7103727;/app/bags/user95_2017-02-24.bag;0.834065854549408;0.0;0.9619645476341248;0.0;2.403604411345348;0.40154782656644117;0.5984521734335588
1730779862.910423;/app/bags/user95_2017-02-24.bag;0.834065854549408;0.0;0.9619645476341248;0.0;2.403604411345348;0.40154782656644117;0.5984521734335588
1730779863.1103897;/app/bags/user95_2017-02-24.bag;0.834065854549408;0.0;0.9619645476341248;0.0;2.403604411345348;0.40154782656644117;0.5984521734335588
1730779863.3103912;/app/bags/user95_2017-02-24.bag;0.834065854549408;0.0;0.9619645476341248;0.0;2.403604411345348;0.40154782656644117;0.5984521734335588
1730779863.510349;/app/bags/user95_2017-02-24.bag;0.834065854549408;0.0;0.9619645476341248;0.0;2.403604411345348;0.40154782656644117;0.5984521734335588
1730779863.7103636;/app/bags/user95_2017-02-24.bag;0.834065854549408;0.0;0.9619645476341248;0.0;2.403604411345348;0.40154782656644117;0.5984521734335588
1730779863.9104185;/app/bags/user95_2017-02-24.bag;0.834065854549408;0.0;0.9619645476341248;0.0;2.403604411345348;0.40154782656644117;0.5984521734335588
1730779864.1103852;/app/bags/user95_2017-02-24.bag;0.834065854549408;0.0;0.9619645476341248;0.0;2.403604411345348;0.40154782656644117;0.5984521734335588
1730779864.3103838;/app/bags/user95_2017-02-24.bag;0.834065854549408;0.0;0.9619645476341248;0.0;2.403604411345348;0.40154782656644117;0.5984521734335588
1730779864.5104513;/app/bags/user95_2017-02-24.bag;0.834065854549408;0.0;0.9619645476341248;0.0;2.403604411345348;0.40154782656644117;0.5984521734335588
1730779864.710389;/app/bags/user95_2017-02-24.bag;0.834065854549408;0.0;0.9619645476341248;0.0;2.403604411345348;0.40154782656644117;0.5984521734335588
1730779864.9103923;/app/bags/user95_2017-02-24.bag;0.834065854549408;0.0;0.9619645476341248;0.0;2.403604411345348;0.40154782656644117;0.5984521734335588
1730779865.1104317;/app/bags/user95_2017-02-24.bag;0.834065854549408;0.0;0.9619645476341248;0.0;2.403604411345348;0.40154782656644117;0.5984521734335588
1730779865.3103976;/app/bags/user95_2017-02-24.bag;0.834065854549408;0.0;0.9619645476341248;0.0;2.403604411345348;0.40154782656644117;0.5984521734335588
1730779865.5103943;/app/bags/user95_2017-02-24.bag;0.834065854549408;0.0;0.9619645476341248;0.0;2.403604411345348;0.40154782656644117;0.5984521734335588
1730779865.7103646;/app/bags/user95_2017-02-24.bag;0.834065854549408;0.0;0.9619645476341248;0.0;2.403604411345348;0.40154782656644117;0.5984521734335588
1730779865.910416;/app/bags/user95_2017-02-24.bag;0.834065854549408;0.0;0.9619645476341248;0.0;2.403604411345348;0.40154782656644117;0.5984521734335588
1730779866.110354;/app/bags/user95_2017-02-24.bag;0.834065854549408;0.0;0.9619645476341248;0.0;2.403604411345348;0.40154782656644117;0.5984521734335588
1730779866.3103528;/app/bags/user95_2017-02-24.bag;0.834065854549408;0.0;0.9619645476341248;0.0;2.403604411345348;0.40154782656644117;0.5984521734335588
1730779866.5104432;/app/bags/user95_2017-02-24.bag;0.834065854549408;0.0;0.9619645476341248;0.0;2.403604411345348;0.40154782656644117;0.5984521734335588
1730779866.7103598;/app/bags/user95_2017-02-24.bag;0.834065854549408;0.0;0.9619645476341248;0.0;2.403604411345348;0.40154782656644117;0.5984521734335588
1730779866.9103928;/app/bags/user95_2017-02-24.bag;0.834065854549408;0.0;0.9619645476341248;0.0;2.403604411345348;0.40154782656644117;0.5984521734335588
1730779867.1104689;/app/bags/user95_2017-02-24.bag;0.834065854549408;0.0;0.9619645476341248;0.0;2.403604411345348;0.40154782656644117;0.5984521734335588
1730779867.3104155;/app/bags/user95_2017-02-24.bag;0.834065854549408;0.0;0.9619645476341248;0.0;2.403604411345348;0.40154782656644117;0.5984521734335588
1730779867.5103717;/app/bags/user95_2017-02-24.bag;0.834065854549408;0.0;0.9619645476341248;0.0;2.403604411345348;0.40154782656644117;0.5984521734335588
1730779867.7103395;/app/bags/user95_2017-02-24.bag;0.834065854549408;0.0;0.9619645476341248;0.0;2.403604411345348;0.40154782656644117;0.5984521734335588
1730779867.9103994;/app/bags/user95_2017-02-24.bag;0.834065854549408;0.0;0.9619645476341248;0.0;2.403604411345348;0.40154782656644117;0.5984521734335588
1730779868.1103487;/app/bags/user95_2017-02-24.bag;0.834065854549408;0.0;0.9619645476341248;0.0;2.403604411345348;0.40154782656644117;0.5984521734335588
1730779868.3103771;/app/bags/user95_2017-02-24.bag;0.834065854549408;0.0;0.9619645476341248;0.0;2.403604411345348;0.40154782656644117;0.5984521734335588
1730779868.5103908;/app/bags/user95_2017-02-24.bag;0.834065854549408;0.0;0.9619645476341248;0.0;2.403604411345348;0.40154782656644117;0.5984521734335588
1730779868.7103844;/app/bags/user95_2017-02-24.bag;0.834065854549408;0.0;0.9619645476341248;0.0;2.403604411345348;0.40154782656644117;0.5984521734335588
1730779868.9104054;/app/bags/user95_2017-02-24.bag;0.834065854549408;0.0;0.9619645476341248;0.0;2.403604411345348;0.40154782656644117;0.5984521734335588
1730779869.1103868;/app/bags/user95_2017-02-24.bag;0.834065854549408;0.0;0.9619645476341248;0.0;2.403604411345348;0.40154782656644117;0.5984521734335588
1730779869.3104281;/app/bags/user95_2017-02-24.bag;0.834065854549408;0.0;0.9619645476341248;0.0;2.403604411345348;0.40154782656644117;0.5984521734335588
1730779869.5103626;/app/bags/user95_2017-02-24.bag;0.834065854549408;0.0;0.9619645476341248;0.0;2.403604411345348;0.40154782656644117;0.5984521734335588
1730779869.7103863;/app/bags/user95_2017-02-24.bag;0.834065854549408;0.0;0.9619645476341248;0.0;2.403604411345348;0.40154782656644117;0.5984521734335588
1730779869.9103932;/app/bags/user95_2017-02-24.bag;0.834065854549408;0.0;0.9619645476341248;0.0;2.403604411345348;0.40154782656644117;0.5984521734335588
1730779870.1103902;/app/bags/user95_2017-02-24.bag;0.834065854549408;0.0;0.9619645476341248;0.0;2.403604411345348;0.40154782656644117;0.5984521734335588
1730779870.3104422;/app/bags/user95_2017-02-24.bag;0.834065854549408;0.0;0.9619645476341248;0.0;2.403604411345348;0.40154782656644117;0.5984521734335588
1730779870.5104;/app/bags/user95_2017-02-24.bag;0.834065854549408;0.0;0.9619645476341248;0.0;2.403604411345348;0.40154782656644117;0.5984521734335588
1730779870.7103834;/app/bags/user95_2017-02-24.bag;0.834065854549408;0.0;0.9619645476341248;0.0;2.403604411345348;0.40154782656644117;0.5984521734335588
1730779870.9103966;/app/bags/user95_2017-02-24.bag;0.834065854549408;0.0;0.9619645476341248;0.0;2.403604411345348;0.40154782656644117;0.5984521734335588
1730779871.11036;/app/bags/user95_2017-02-24.bag;0.834065854549408;0.0;0.9619645476341248;0.0;2.403604411345348;0.40154782656644117;0.5984521734335588
1730779871.3103929;/app/bags/user95_2017-02-24.bag;0.834065854549408;0.0;0.9619645476341248;0.0;2.403604411345348;0.40154782656644117;0.5984521734335588
1730779871.510383;/app/bags/user95_2017-02-24.bag;0.834065854549408;0.0;0.9619645476341248;0.0;2.403604411345348;0.40154782656644117;0.5984521734335588
1730779871.7103665;/app/bags/user95_2017-02-24.bag;0.834065854549408;0.0;0.9619645476341248;0.0;2.403604411345348;0.40154782656644117;0.5984521734335588
1730779871.910393;/app/bags/user95_2017-02-24.bag;0.834065854549408;0.0;0.9619645476341248;0.0;2.403604411345348;0.40154782656644117;0.5984521734335588
1730779872.1104028;/app/bags/user95_2017-02-24.bag;0.834065854549408;0.0;0.9619645476341248;0.0;2.403604411345348;0.40154782656644117;0.5984521734335588
1730779872.310361;/app/bags/user95_2017-02-24.bag;0.834065854549408;0.0;0.9619645476341248;0.0;2.403604411345348;0.40154782656644117;0.5984521734335588
1730779872.5103703;/app/bags/user95_2017-02-24.bag;0.834065854549408;0.0;0.9619645476341248;0.0;2.403604411345348;0.40154782656644117;0.5984521734335588
1730779872.710362;/app/bags/user95_2017-02-24.bag;0.834065854549408;0.0;0.9619645476341248;0.0;2.403604411345348;0.40154782656644117;0.5984521734335588
1730779872.9103851;/app/bags/user95_2017-02-24.bag;0.834065854549408;0.0;0.9619645476341248;0.0;2.403604411345348;0.40154782656644117;0.5984521734335588
1730779873.110389;/app/bags/user95_2017-02-24.bag;0.834065854549408;0.0;0.9619645476341248;0.0;2.403604411345348;0.40154782656644117;0.5984521734335588
1730779873.310375;/app/bags/user95_2017-02-24.bag;0.834065854549408;0.0;0.9619645476341248;0.0;2.403604411345348;0.40154782656644117;0.5984521734335588
1730779873.5104032;/app/bags/user95_2017-02-24.bag;0.834065854549408;0.0;0.9619645476341248;0.0;2.403604411345348;0.40154782656644117;0.5984521734335588
1730779873.7104278;/app/bags/user95_2017-02-24.bag;0.834065854549408;0.0;0.9619645476341248;0.0;2.403604411345348;0.40154782656644117;0.5984521734335588
1730779873.9103723;/app/bags/user95_2017-02-24.bag;0.834065854549408;0.0;0.9619645476341248;0.0;2.403604411345348;0.40154782656644117;0.5984521734335588
1730779874.1103876;/app/bags/user95_2017-02-24.bag;0.834065854549408;0.0;0.9619645476341248;0.0;2.403604411345348;0.40154782656644117;0.5984521734335588
1730779874.3103669;/app/bags/user95_2017-02-24.bag;0.834065854549408;0.0;0.9619645476341248;0.0;2.403604411345348;0.40154782656644117;0.5984521734335588
1730779874.5103352;/app/bags/user95_2017-02-24.bag;0.834065854549408;0.0;0.9619645476341248;0.0;2.403604411345348;0.40154782656644117;0.5984521734335588
1730779874.7103856;/app/bags/user95_2017-02-24.bag;0.834065854549408;0.0;0.9619645476341248;0.0;2.403604411345348;0.40154782656644117;0.5984521734335588
1730779874.9104068;/app/bags/user95_2017-02-24.bag;0.834065854549408;0.0;0.9619645476341248;0.0;2.403604411345348;0.40154782656644117;0.5984521734335588
1730779875.110427;/app/bags/user95_2017-02-24.bag;0.834065854549408;0.0;0.9619645476341248;0.0;2.403604411345348;0.40154782656644117;0.5984521734335588
1730779875.3104184;/app/bags/user95_2017-02-24.bag;0.834065854549408;0.0;0.9619645476341248;0.0;2.403604411345348;0.40154782656644117;0.5984521734335588
1730779875.5104482;/app/bags/user95_2017-02-24.bag;0.834065854549408;0.0;0.9619645476341248;0.0;2.403604411345348;0.40154782656644117;0.5984521734335588
1730779875.71035;/app/bags/user95_2017-02-24.bag;0.834065854549408;0.0;0.9619645476341248;0.0;2.403604411345348;0.40154782656644117;0.5984521734335588
1730779875.9103773;/app/bags/user95_2017-02-24.bag;0.834065854549408;0.0;0.9619645476341248;0.0;2.403604411345348;0.40154782656644117;0.5984521734335588
1730779876.1105409;/app/bags/user95_2017-02-24.bag;0.834065854549408;0.0;0.9619645476341248;0.0;2.403604411345348;0.40154782656644117;0.5984521734335588
1730779876.310376;/app/bags/user95_2017-02-24.bag;0.834065854549408;0.0;0.9619645476341248;0.0;2.403604411345348;0.40154782656644117;0.5984521734335588
1730779876.5104322;/app/bags/user95_2017-02-24.bag;0.834065854549408;0.0;0.9619645476341248;0.0;2.403604411345348;0.40154782656644117;0.5984521734335588
1730779876.7104769;/app/bags/user95_2017-02-24.bag;0.834065854549408;0.0;0.9619645476341248;0.0;2.403604411345348;0.40154782656644117;0.5984521734335588
1730779876.9104345;/app/bags/user95_2017-02-24.bag;0.834065854549408;0.0;0.9619645476341248;0.0;2.403604411345348;0.40154782656644117;0.5984521734335588
1730779877.1103914;/app/bags/user95_2017-02-24.bag;0.834065854549408;0.0;0.9619645476341248;0.0;2.403604411345348;0.40154782656644117;0.5984521734335588
1730779877.310436;/app/bags/user95_2017-02-24.bag;0.834065854549408;0.0;0.9619645476341248;0.0;2.403604411345348;0.40154782656644117;0.5984521734335588
1730779877.510441;/app/bags/user95_2017-02-24.bag;0.834065854549408;0.0;0.9619645476341248;0.0;2.403604411345348;0.40154782656644117;0.5984521734335588
1730779877.71038;/app/bags/user95_2017-02-24.bag;0.834065854549408;0.0;0.9619645476341248;0.0;2.403604411345348;0.40154782656644117;0.5984521734335588
1730779877.9104;/app/bags/user95_2017-02-24.bag;0.834065854549408;0.0;0.9619645476341248;0.0;2.403604411345348;0.40154782656644117;0.5984521734335588
1730779878.1103745;/app/bags/user95_2017-02-24.bag;0.834065854549408;0.0;0.9619645476341248;0.0;2.403604411345348;0.40154782656644117;0.5984521734335588
1730779878.3103747;/app/bags/user95_2017-02-24.bag;0.834065854549408;0.0;0.9619645476341248;0.0;2.403604411345348;0.40154782656644117;0.5984521734335588
1730779878.5104277;/app/bags/user95_2017-02-24.bag;0.834065854549408;0.0;0.9619645476341248;0.0;2.403604411345348;0.40154782656644117;0.5984521734335588
1730779878.7102306;/app/bags/user95_2017-02-24.bag;0.834065854549408;0.0;0.9619645476341248;0.0;2.403604411345348;0.40154782656644117;0.5984521734335588
1730779878.910385;/app/bags/user95_2017-02-24.bag;0.834065854549408;0.0;0.9619645476341248;0.0;2.403604411345348;0.40154782656644117;0.5984521734335588
1730779879.110367;/app/bags/user95_2017-02-24.bag;0.834065854549408;0.0;0.9619645476341248;0.0;2.403604411345348;0.40154782656644117;0.5984521734335588
1730779879.310384;/app/bags/user95_2017-02-24.bag;0.834065854549408;0.0;0.9619645476341248;0.0;2.403604411345348;0.40154782656644117;0.5984521734335588
1730779879.5103755;/app/bags/user95_2017-02-24.bag;0.834065854549408;0.0;0.9619645476341248;0.0;2.403604411345348;0.40154782656644117;0.5984521734335588
1730779879.7104225;/app/bags/user95_2017-02-24.bag;0.834065854549408;0.0;0.9619645476341248;0.0;2.403604411345348;0.40154782656644117;0.5984521734335588
1730779879.9104302;/app/bags/user95_2017-02-24.bag;0.834065854549408;0.0;0.9619645476341248;0.0;2.403604411345348;0.40154782656644117;0.5984521734335588
1730779880.110423;/app/bags/user95_2017-02-24.bag;0.834065854549408;0.0;0.9619645476341248;0.0;2.403604411345348;0.40154782656644117;0.5984521734335588
1730779880.3103695;/app/bags/user95_2017-02-24.bag;0.834065854549408;0.0;0.9619645476341248;0.0;2.403604411345348;0.40154782656644117;0.5984521734335588
1730779880.5104327;/app/bags/user95_2017-02-24.bag;0.834065854549408;0.0;0.9619645476341248;0.0;2.403604411345348;0.40154782656644117;0.5984521734335588
1730779880.7104154;/app/bags/user95_2017-02-24.bag;0.834065854549408;0.0;0.9619645476341248;0.0;2.403604411345348;0.40154782656644117;0.5984521734335588
1730779880.9104068;/app/bags/user95_2017-02-24.bag;0.834065854549408;0.0;0.9619645476341248;0.0;2.403604411345348;0.40154782656644117;0.5984521734335588
1730779881.110384;/app/bags/user95_2017-02-24.bag;0.834065854549408;0.0;0.9619645476341248;0.0;2.403604411345348;0.40154782656644117;0.5984521734335588
1730779881.3103878;/app/bags/user95_2017-02-24.bag;0.834065854549408;0.0;0.9619645476341248;0.0;2.403604411345348;0.40154782656644117;0.5984521734335588
1730779881.510376;/app/bags/user95_2017-02-24.bag;0.834065854549408;0.0;0.9619645476341248;0.0;2.403604411345348;0.40154782656644117;0.5984521734335588
1730779881.710403;/app/bags/user95_2017-02-24.bag;0.834065854549408;0.0;0.9619645476341248;0.0;2.403604411345348;0.40154782656644117;0.5984521734335588
1730779881.9103706;/app/bags/user95_2017-02-24.bag;0.834065854549408;0.0;0.9619645476341248;0.0;2.403604411345348;0.40154782656644117;0.5984521734335588
1730779882.1102066;/app/bags/user95_2017-02-24.bag;0.834065854549408;0.0;0.9619645476341248;0.0;2.403604411345348;0.40154782656644117;0.5984521734335588
1730779882.3103974;/app/bags/user95_2017-02-24.bag;0.834065854549408;0.0;0.9619645476341248;0.0;2.403604411345348;0.40154782656644117;0.5984521734335588
1730779882.5104287;/app/bags/user95_2017-02-24.bag;0.834065854549408;0.0;0.9619645476341248;0.0;2.403604411345348;0.40154782656644117;0.5984521734335588
1730779882.710369;/app/bags/user95_2017-02-24.bag;0.834065854549408;0.0;0.9619645476341248;0.0;2.403604411345348;0.40154782656644117;0.5984521734335588
1730779882.9104242;/app/bags/user95_2017-02-24.bag;0.834065854549408;0.0;0.9619645476341248;0.0;2.403604411345348;0.40154782656644117;0.5984521734335588
1730779883.1103895;/app/bags/user95_2017-02-24.bag;0.834065854549408;0.0;0.9619645476341248;0.0;2.403604411345348;0.40154782656644117;0.5984521734335588
1730779883.3103948;/app/bags/user95_2017-02-24.bag;0.834065854549408;0.0;0.9619645476341248;0.0;2.403604411345348;0.40154782656644117;0.5984521734335588
1730779883.5103753;/app/bags/user95_2017-02-24.bag;0.834065854549408;0.0;0.9619645476341248;0.0;2.403604411345348;0.40154782656644117;0.5984521734335588
1730779883.7103903;/app/bags/user95_2017-02-24.bag;0.834065854549408;0.0;0.9619645476341248;0.0;2.403604411345348;0.40154782656644117;0.5984521734335588
1730779883.9103775;/app/bags/user95_2017-02-24.bag;0.834065854549408;0.0;0.9619645476341248;0.0;2.403604411345348;0.40154782656644117;0.5984521734335588
1730779884.1104307;/app/bags/user95_2017-02-24.bag;0.834065854549408;0.0;0.9619645476341248;0.0;2.403604411345348;0.40154782656644117;0.5984521734335588
1730779884.310365;/app/bags/user95_2017-02-24.bag;0.834065854549408;0.0;0.9619645476341248;0.0;2.403604411345348;0.40154782656644117;0.5984521734335588
1730779884.5103362;/app/bags/user95_2017-02-24.bag;0.834065854549408;0.0;0.9619645476341248;0.0;2.403604411345348;0.40154782656644117;0.5984521734335588
1730779884.7103972;/app/bags/user95_2017-02-24.bag;0.834065854549408;0.0;0.9619645476341248;0.0;2.403604411345348;0.40154782656644117;0.5984521734335588
1730779884.910429;/app/bags/user95_2017-02-24.bag;0.834065854549408;0.0;0.9619645476341248;0.0;2.403604411345348;0.40154782656644117;0.5984521734335588
1730779885.1103933;/app/bags/user95_2017-02-24.bag;0.834065854549408;0.0;0.9619645476341248;0.0;2.403604411345348;0.40154782656644117;0.5984521734335588
1730779885.3103821;/app/bags/user95_2017-02-24.bag;0.834065854549408;0.0;0.9619645476341248;0.0;2.403604411345348;0.40154782656644117;0.5984521734335588
1730779885.5103538;/app/bags/user95_2017-02-24.bag;0.834065854549408;0.0;0.9619645476341248;0.0;2.403604411345348;0.40154782656644117;0.5984521734335588
1730779885.7104027;/app/bags/user95_2017-02-24.bag;0.834065854549408;0.0;0.9619645476341248;0.0;2.403604411345348;0.40154782656644117;0.5984521734335588
1730779885.9104624;/app/bags/user95_2017-02-24.bag;0.834065854549408;0.0;0.9619645476341248;0.0;2.403604411345348;0.40154782656644117;0.5984521734335588
1730779886.1104538;/app/bags/user95_2017-02-24.bag;0.834065854549408;0.0;0.9619645476341248;0.0;2.403604411345348;0.40154782656644117;0.5984521734335588
1730779886.3103926;/app/bags/user95_2017-02-24.bag;0.834065854549408;0.0;0.9619645476341248;0.0;2.403604411345348;0.40154782656644117;0.5984521734335588
1730779886.5103703;/app/bags/user95_2017-02-24.bag;0.834065854549408;0.0;0.9619645476341248;0.0;2.403604411345348;0.40154782656644117;0.5984521734335588
1730779886.7104473;/app/bags/user95_2017-02-24.bag;0.834065854549408;0.0;0.9619645476341248;0.0;2.403604411345348;0.40154782656644117;0.5984521734335588
1730779886.910427;/app/bags/user95_2017-02-24.bag;0.834065854549408;0.0;0.9619645476341248;0.0;2.403604411345348;0.40154782656644117;0.5984521734335588
1730779887.1103916;/app/bags/user95_2017-02-24.bag;0.834065854549408;0.0;0.9619645476341248;0.0;2.403604411345348;0.40154782656644117;0.5984521734335588
1730779887.3103683;/app/bags/user95_2017-02-24.bag;0.834065854549408;0.0;0.9619645476341248;0.0;2.403604411345348;0.40154782656644117;0.5984521734335588
1730779887.5103827;/app/bags/user95_2017-02-24.bag;0.834065854549408;0.0;0.9619645476341248;0.0;2.403604411345348;0.40154782656644117;0.5984521734335588
1730779887.7103715;/app/bags/user95_2017-02-24.bag;0.834065854549408;0.0;0.9619645476341248;0.0;2.403604411345348;0.40154782656644117;0.5984521734335588
1730779887.910463;/app/bags/user95_2017-02-24.bag;0.834065854549408;0.0;0.9619645476341248;0.0;2.403604411345348;0.40154782656644117;0.5984521734335588
1730779888.1103916;/app/bags/user95_2017-02-24.bag;0.834065854549408;0.0;0.9619645476341248;0.0;2.403604411345348;0.40154782656644117;0.5984521734335588
1730779888.3104198;/app/bags/user95_2017-02-24.bag;0.834065854549408;0.0;0.9619645476341248;0.0;2.403604411345348;0.40154782656644117;0.5984521734335588
1730779888.5105364;/app/bags/user95_2017-02-24.bag;0.834065854549408;0.0;0.9619645476341248;0.0;2.403604411345348;0.40154782656644117;0.5984521734335588
1730779888.7103746;/app/bags/user95_2017-02-24.bag;0.834065854549408;0.0;0.9619645476341248;0.0;2.403604411345348;0.40154782656644117;0.5984521734335588
1730779888.9103897;/app/bags/user95_2017-02-24.bag;0.834065854549408;0.0;0.9619645476341248;0.0;2.403604411345348;0.40154782656644117;0.5984521734335588
1730779889.110419;/app/bags/user95_2017-02-24.bag;0.834065854549408;0.0;0.9619645476341248;0.0;2.403604411345348;0.40154782656644117;0.5984521734335588
1730779889.3104389;/app/bags/user95_2017-02-24.bag;0.834065854549408;0.0;0.9619645476341248;0.0;2.403604411345348;0.40154782656644117;0.5984521734335588
1730779889.5103948;/app/bags/user95_2017-02-24.bag;0.834065854549408;0.0;0.9619645476341248;0.0;2.403604411345348;0.40154782656644117;0.5984521734335588
1730779889.7103617;/app/bags/user95_2017-02-24.bag;0.834065854549408;0.0;0.9619645476341248;0.0;2.403604411345348;0.40154782656644117;0.5984521734335588
1730779889.9103873;/app/bags/user95_2017-02-24.bag;0.834065854549408;0.0;0.9619645476341248;0.0;2.403604411345348;0.40154782656644117;0.5984521734335588
1730779890.110521;/app/bags/user95_2017-02-24.bag;0.834065854549408;0.0;0.9619645476341248;0.0;2.403604411345348;0.40154782656644117;0.5984521734335588
1730779890.310387;/app/bags/user95_2017-02-24.bag;0.834065854549408;0.0;0.9619645476341248;0.0;2.403604411345348;0.40154782656644117;0.5984521734335588
1730779890.5104775;/app/bags/user95_2017-02-24.bag;0.834065854549408;0.0;0.9619645476341248;0.0;2.403604411345348;0.40154782656644117;0.5984521734335588
1730779890.7103593;/app/bags/user95_2017-02-24.bag;0.834065854549408;0.0;0.9619645476341248;0.0;2.403604411345348;0.40154782656644117;0.5984521734335588
1730779890.9103775;/app/bags/user95_2017-02-24.bag;0.834065854549408;0.0;0.9619645476341248;0.0;2.403604411345348;0.40154782656644117;0.5984521734335588
1730779891.1103857;/app/bags/user95_2017-02-24.bag;0.834065854549408;0.0;0.9619645476341248;0.0;2.403604411345348;0.40154782656644117;0.5984521734335588
1730779891.3103955;/app/bags/user95_2017-02-24.bag;0.834065854549408;0.0;0.9619645476341248;0.0;2.403604411345348;0.40154782656644117;0.5984521734335588
1730779891.510357;/app/bags/user95_2017-02-24.bag;0.834065854549408;0.0;0.9619645476341248;0.0;2.403604411345348;0.40154782656644117;0.5984521734335588
1730779891.710494;/app/bags/user95_2017-02-24.bag;0.834065854549408;0.0;0.9619645476341248;0.0;2.403604411345348;0.40154782656644117;0.5984521734335588
1730779891.9104154;/app/bags/user95_2017-02-24.bag;0.834065854549408;0.0;0.9619645476341248;0.0;2.403604411345348;0.40154782656644117;0.5984521734335588
1730779892.1103835;/app/bags/user95_2017-02-24.bag;0.834065854549408;0.0;0.9619645476341248;0.0;2.403604411345348;0.40154782656644117;0.5984521734335588
1730779892.310407;/app/bags/user95_2017-02-24.bag;0.834065854549408;0.0;0.9619645476341248;0.0;2.403604411345348;0.40154782656644117;0.5984521734335588
1730779892.5104194;/app/bags/user95_2017-02-24.bag;0.834065854549408;0.0;0.9619645476341248;0.0;2.403604411345348;0.40154782656644117;0.5984521734335588
1730779892.710424;/app/bags/user95_2017-02-24.bag;0.834065854549408;0.0;0.9619645476341248;0.0;2.403604411345348;0.40154782656644117;0.5984521734335588
1730779892.9104269;/app/bags/user95_2017-02-24.bag;0.834065854549408;0.0;0.9619645476341248;0.0;2.403604411345348;0.40154782656644117;0.5984521734335588
1730779893.1103811;/app/bags/user95_2017-02-24.bag;0.834065854549408;0.0;0.9619645476341248;0.0;2.403604411345348;0.40154782656644117;0.5984521734335588
1730779893.3103843;/app/bags/user95_2017-02-24.bag;0.834065854549408;0.0;0.9619645476341248;0.0;2.403604411345348;0.40154782656644117;0.5984521734335588
1730779893.5104015;/app/bags/user95_2017-02-24.bag;0.834065854549408;0.0;0.9619645476341248;0.0;2.403604411345348;0.40154782656644117;0.5984521734335588
1730779893.7104347;/app/bags/user95_2017-02-24.bag;0.834065854549408;0.0;0.9619645476341248;0.0;2.403604411345348;0.40154782656644117;0.5984521734335588
1730779893.9103844;/app/bags/user95_2017-02-24.bag;0.834065854549408;0.0;0.9619645476341248;0.0;2.403604411345348;0.40154782656644117;0.5984521734335588
1730779894.1105144;/app/bags/user95_2017-02-24.bag;0.834065854549408;0.0;0.9619645476341248;0.0;2.403604411345348;0.40154782656644117;0.5984521734335588
1730779894.3109949;/app/bags/user95_2017-02-24.bag;0.834065854549408;0.0;0.9619645476341248;0.0;2.403604411345348;0.40154782656644117;0.5984521734335588
1730779894.5103757;/app/bags/user95_2017-02-24.bag;0.834065854549408;0.0;0.9619645476341248;0.0;2.403604411345348;0.40154782656644117;0.5984521734335588
1730779894.710388;/app/bags/user95_2017-02-24.bag;0.834065854549408;0.0;0.9619645476341248;0.0;2.403604411345348;0.40154782656644117;0.5984521734335588
1730779894.910434;/app/bags/user95_2017-02-24.bag;0.834065854549408;0.0;0.9619645476341248;0.0;2.403604411345348;0.40154782656644117;0.5984521734335588
1730779895.1103566;/app/bags/user95_2017-02-24.bag;0.834065854549408;0.0;0.9619645476341248;0.0;2.403604411345348;0.40154782656644117;0.5984521734335588
1730779895.3104048;/app/bags/user95_2017-02-24.bag;0.834065854549408;0.0;0.9619645476341248;0.0;2.403604411345348;0.40154782656644117;0.5984521734335588
1730779895.5103867;/app/bags/user95_2017-02-24.bag;0.834065854549408;0.0;0.9619645476341248;0.0;2.403604411345348;0.40154782656644117;0.5984521734335588
1730779895.7103696;/app/bags/user95_2017-02-24.bag;0.834065854549408;0.0;0.9619645476341248;0.0;2.403604411345348;0.40154782656644117;0.5984521734335588
1730779895.9103878;/app/bags/user95_2017-02-24.bag;0.834065854549408;0.0;0.9619645476341248;0.0;2.403604411345348;0.40154782656644117;0.5984521734335588
1730779896.1103945;/app/bags/user95_2017-02-24.bag;0.834065854549408;0.0;0.9619645476341248;0.0;2.403604411345348;0.40154782656644117;0.5984521734335588
1730779896.310439;/app/bags/user95_2017-02-24.bag;0.834065854549408;0.0;0.9619645476341248;0.0;2.403604411345348;0.40154782656644117;0.5984521734335588
1730779896.5103793;/app/bags/user95_2017-02-24.bag;0.834065854549408;0.0;0.9619645476341248;0.0;2.403604411345348;0.40154782656644117;0.5984521734335588
1730779896.710394;/app/bags/user95_2017-02-24.bag;0.834065854549408;0.0;0.9619645476341248;0.0;2.403604411345348;0.40154782656644117;0.5984521734335588
1730779896.9103904;/app/bags/user95_2017-02-24.bag;0.834065854549408;0.0;0.9619645476341248;0.0;2.403604411345348;0.40154782656644117;0.5984521734335588
1730779897.1105638;/app/bags/user95_2017-02-24.bag;0.834065854549408;0.0;0.9619645476341248;0.0;2.403604411345348;0.40154782656644117;0.5984521734335588
1730779897.3104613;/app/bags/user95_2017-02-24.bag;0.834065854549408;0.0;0.9619645476341248;0.0;2.403604411345348;0.40154782656644117;0.5984521734335588
1730779897.510427;/app/bags/user95_2017-02-24.bag;0.834065854549408;0.0;0.9619645476341248;0.0;2.403604411345348;0.40154782656644117;0.5984521734335588
1730779897.710388;/app/bags/user95_2017-02-24.bag;0.834065854549408;0.0;0.9619645476341248;0.0;2.403604411345348;0.40154782656644117;0.5984521734335588
1730779897.9103878;/app/bags/user95_2017-02-24.bag;0.834065854549408;0.0;0.9619645476341248;0.0;2.403604411345348;0.40154782656644117;0.5984521734335588
1730779898.1103916;/app/bags/user95_2017-02-24.bag;0.834065854549408;0.0;0.9619645476341248;0.0;2.403604411345348;0.40154782656644117;0.5984521734335588
1730779898.3104246;/app/bags/user95_2017-02-24.bag;0.834065854549408;0.0;0.9619645476341248;0.0;2.403604411345348;0.40154782656644117;0.5984521734335588
1730779898.5104015;/app/bags/user95_2017-02-24.bag;0.834065854549408;0.0;0.9619645476341248;0.0;2.403604411345348;0.40154782656644117;0.5984521734335588
1730779898.7103775;/app/bags/user95_2017-02-24.bag;0.834065854549408;0.0;0.9619645476341248;0.0;2.403604411345348;0.40154782656644117;0.5984521734335588
1730779898.9103768;/app/bags/user95_2017-02-24.bag;0.834065854549408;0.0;0.9619645476341248;0.0;2.403604411345348;0.40154782656644117;0.5984521734335588
1730779899.1104069;/app/bags/user95_2017-02-24.bag;0.834065854549408;0.0;0.9619645476341248;0.0;2.403604411345348;0.40154782656644117;0.5984521734335588
1730779899.3103678;/app/bags/user95_2017-02-24.bag;0.834065854549408;0.0;0.9619645476341248;0.0;2.403604411345348;0.40154782656644117;0.5984521734335588
1730779899.510367;/app/bags/user95_2017-02-24.bag;0.834065854549408;0.0;0.9619645476341248;0.0;2.403604411345348;0.40154782656644117;0.5984521734335588
1730779899.7103968;/app/bags/user95_2017-02-24.bag;0.834065854549408;0.0;0.9619645476341248;0.0;2.403604411345348;0.40154782656644117;0.5984521734335588
1730779899.910385;/app/bags/user95_2017-02-24.bag;0.834065854549408;0.0;0.9619645476341248;0.0;2.403604411345348;0.40154782656644117;0.5984521734335588
1730779900.1110148;/app/bags/user95_2017-02-24.bag;0.834065854549408;0.0;0.9619645476341248;0.0;2.403604411345348;0.40154782656644117;0.5984521734335588
1730779900.3104522;/app/bags/user95_2017-02-24.bag;0.834065854549408;0.0;0.9619645476341248;0.0;2.403604411345348;0.40154782656644117;0.5984521734335588
1730779900.5103579;/app/bags/user95_2017-02-24.bag;0.834065854549408;0.0;0.9619645476341248;0.0;2.403604411345348;0.40154782656644117;0.5984521734335588
1730779900.710403;/app/bags/user95_2017-02-24.bag;0.834065854549408;0.0;0.9619645476341248;0.0;2.403604411345348;0.40154782656644117;0.5984521734335588
1730779900.9104052;/app/bags/user95_2017-02-24.bag;0.834065854549408;0.0;0.9619645476341248;0.0;2.403604411345348;0.40154782656644117;0.5984521734335588
1730779901.1103835;/app/bags/user95_2017-02-24.bag;0.834065854549408;0.0;0.9619645476341248;0.0;2.403604411345348;0.40154782656644117;0.5984521734335588
1730779901.310393;/app/bags/user95_2017-02-24.bag;0.834065854549408;0.0;0.9619645476341248;0.0;2.403604411345348;0.40154782656644117;0.5984521734335588
1730779901.5103765;/app/bags/user95_2017-02-24.bag;0.834065854549408;0.0;0.9619645476341248;0.0;2.403604411345348;0.40154782656644117;0.5984521734335588
1730779901.7103562;/app/bags/user95_2017-02-24.bag;0.834065854549408;0.0;0.9619645476341248;0.0;2.403604411345348;0.40154782656644117;0.5984521734335588
1730779901.9103985;/app/bags/user95_2017-02-24.bag;0.834065854549408;0.0;0.9619645476341248;0.0;2.403604411345348;0.40154782656644117;0.5984521734335588
1730779902.1103687;/app/bags/user95_2017-02-24.bag;0.834065854549408;0.0;0.9619645476341248;0.0;2.403604411345348;0.40154782656644117;0.5984521734335588
1730779902.31043;/app/bags/user95_2017-02-24.bag;0.834065854549408;0.0;0.9619645476341248;0.0;2.403604411345348;0.40154782656644117;0.5984521734335588
1730779902.5103908;/app/bags/user95_2017-02-24.bag;0.834065854549408;0.0;0.9619645476341248;0.0;2.403604411345348;0.40154782656644117;0.5984521734335588
1730779902.7103536;/app/bags/user95_2017-02-24.bag;0.834065854549408;0.0;0.9619645476341248;0.0;2.403604411345348;0.40154782656644117;0.5984521734335588
1730779902.9104147;/app/bags/user95_2017-02-24.bag;0.834065854549408;0.0;0.9619645476341248;0.0;2.403604411345348;0.40154782656644117;0.5984521734335588
1730779903.110382;/app/bags/user95_2017-02-24.bag;0.834065854549408;0.0;0.9619645476341248;0.0;2.403604411345348;0.40154782656644117;0.5984521734335588
1730779903.3104105;/app/bags/user95_2017-02-24.bag;0.834065854549408;0.0;0.9619645476341248;0.0;2.403604411345348;0.40154782656644117;0.5984521734335588
1730779903.5104043;/app/bags/user95_2017-02-24.bag;0.834065854549408;0.0;0.9619645476341248;0.0;2.403604411345348;0.40154782656644117;0.5984521734335588
1730779903.7103565;/app/bags/user95_2017-02-24.bag;0.834065854549408;0.0;0.9619645476341248;0.0;2.403604411345348;0.40154782656644117;0.5984521734335588
1730779903.9103715;/app/bags/user95_2017-02-24.bag;0.834065854549408;0.0;0.9619645476341248;0.0;2.403604411345348;0.40154782656644117;0.5984521734335588
1730779904.1104202;/app/bags/user95_2017-02-24.bag;0.834065854549408;0.0;0.9619645476341248;0.0;2.403604411345348;0.40154782656644117;0.5984521734335588
1730779904.3103814;/app/bags/user95_2017-02-24.bag;0.834065854549408;0.0;0.9619645476341248;0.0;2.403604411345348;0.40154782656644117;0.5984521734335588
1730779904.5103726;/app/bags/user95_2017-02-24.bag;0.834065854549408;0.0;0.9619645476341248;0.0;2.403604411345348;0.40154782656644117;0.5984521734335588
1730779904.7104194;/app/bags/user95_2017-02-24.bag;0.834065854549408;0.0;0.9619645476341248;0.0;2.403604411345348;0.40154782656644117;0.5984521734335588
1730779904.9103656;/app/bags/user95_2017-02-24.bag;0.834065854549408;0.0;0.9619645476341248;0.0;2.403604411345348;0.40154782656644117;0.5984521734335588
1730779905.1104307;/app/bags/user95_2017-02-24.bag;0.834065854549408;0.0;0.9619645476341248;0.0;2.403604411345348;0.40154782656644117;0.5984521734335588
1730779905.3103783;/app/bags/user95_2017-02-24.bag;0.834065854549408;0.0;0.9619645476341248;0.0;2.403604411345348;0.40154782656644117;0.5984521734335588
1730779905.510378;/app/bags/user95_2017-02-24.bag;0.834065854549408;0.0;0.9619645476341248;0.0;2.403604411345348;0.40154782656644117;0.5984521734335588
1730779905.7104218;/app/bags/user95_2017-02-24.bag;0.834065854549408;0.0;0.9619645476341248;0.0;2.403604411345348;0.40154782656644117;0.5984521734335588
1730779905.9104402;/app/bags/user95_2017-02-24.bag;0.834065854549408;0.0;0.9619645476341248;0.0;2.403604411345348;0.40154782656644117;0.5984521734335588
1730779906.1103876;/app/bags/user95_2017-02-24.bag;0.834065854549408;0.0;0.9619645476341248;0.0;2.403604411345348;0.40154782656644117;0.5984521734335588
1730779906.3104105;/app/bags/user95_2017-02-24.bag;0.834065854549408;0.0;0.9619645476341248;0.0;2.403604411345348;0.40154782656644117;0.5984521734335588
1730779906.5103831;/app/bags/user95_2017-02-24.bag;0.834065854549408;0.0;0.9619645476341248;0.0;2.403604411345348;0.40154782656644117;0.5984521734335588
1730779906.7104018;/app/bags/user95_2017-02-24.bag;0.834065854549408;0.0;0.9619645476341248;0.0;2.403604411345348;0.40154782656644117;0.5984521734335588
1730779906.9103944;/app/bags/user95_2017-02-24.bag;0.834065854549408;0.0;0.9619645476341248;0.0;2.403604411345348;0.40154782656644117;0.5984521734335588
1730779907.1104019;/app/bags/user95_2017-02-24.bag;0.834065854549408;0.0;0.9619645476341248;0.0;2.403604411345348;0.40154782656644117;0.5984521734335588
1730779907.3103786;/app/bags/user95_2017-02-24.bag;0.834065854549408;0.0;0.9619645476341248;0.0;2.403604411345348;0.40154782656644117;0.5984521734335588
1730779907.510423;/app/bags/user95_2017-02-24.bag;0.834065854549408;0.0;0.9619645476341248;0.0;2.403604411345348;0.40154782656644117;0.5984521734335588
1730779907.7104523;/app/bags/user95_2017-02-24.bag;0.834065854549408;0.0;0.9619645476341248;0.0;2.403604411345348;0.40154782656644117;0.5984521734335588
1730779907.910369;/app/bags/user95_2017-02-24.bag;0.834065854549408;0.0;0.9619645476341248;0.0;2.403604411345348;0.40154782656644117;0.5984521734335588
1730779908.1103792;/app/bags/user95_2017-02-24.bag;0.834065854549408;0.0;0.9619645476341248;0.0;2.403604411345348;0.40154782656644117;0.5984521734335588
1730779908.310362;/app/bags/user95_2017-02-24.bag;0.834065854549408;0.0;0.9619645476341248;0.0;2.403604411345348;0.40154782656644117;0.5984521734335588
1730779908.5103824;/app/bags/user95_2017-02-24.bag;0.834065854549408;0.0;0.9619645476341248;0.0;2.403604411345348;0.40154782656644117;0.5984521734335588
1730779908.7103574;/app/bags/user95_2017-02-24.bag;0.834065854549408;0.0;0.9619645476341248;0.0;2.403604411345348;0.40154782656644117;0.5984521734335588
1730779908.9103932;/app/bags/user95_2017-02-24.bag;0.834065854549408;0.0;0.9619645476341248;0.0;2.403604411345348;0.40154782656644117;0.5984521734335588
1730779909.110368;/app/bags/user95_2017-02-24.bag;0.834065854549408;0.0;0.9619645476341248;0.0;2.403604411345348;0.40154782656644117;0.5984521734335588
1730779909.3104625;/app/bags/user95_2017-02-24.bag;0.834065854549408;0.0;0.9619645476341248;0.0;2.403604411345348;0.40154782656644117;0.5984521734335588
1730779909.5103943;/app/bags/user95_2017-02-24.bag;0.834065854549408;0.0;0.9619645476341248;0.0;2.403604411345348;0.40154782656644117;0.5984521734335588
1730779909.7104094;/app/bags/user95_2017-02-24.bag;0.834065854549408;0.0;0.9619645476341248;0.0;2.403604411345348;0.40154782656644117;0.5984521734335588
1730779909.9103978;/app/bags/user95_2017-02-24.bag;0.834065854549408;0.0;0.9619645476341248;0.0;2.403604411345348;0.40154782656644117;0.5984521734335588
1730779910.1103811;/app/bags/user95_2017-02-24.bag;0.834065854549408;0.0;0.9619645476341248;0.0;2.403604411345348;0.40154782656644117;0.5984521734335588
1730779910.3103814;/app/bags/user95_2017-02-24.bag;0.834065854549408;0.0;0.9619645476341248;0.0;2.403604411345348;0.40154782656644117;0.5984521734335588
1730779910.5104396;/app/bags/user95_2017-02-24.bag;0.834065854549408;0.0;0.9619645476341248;0.0;2.403604411345348;0.40154782656644117;0.5984521734335588
1730779910.7103875;/app/bags/user95_2017-02-24.bag;0.834065854549408;0.0;0.9619645476341248;0.0;2.403604411345348;0.40154782656644117;0.5984521734335588
1730779910.9103768;/app/bags/user95_2017-02-24.bag;0.834065854549408;0.0;0.9619645476341248;0.0;2.403604411345348;0.40154782656644117;0.5984521734335588
1730779911.1103787;/app/bags/user95_2017-02-24.bag;0.834065854549408;0.0;0.9619645476341248;0.0;2.403604411345348;0.40154782656644117;0.5984521734335588
1730779911.3103955;/app/bags/user95_2017-02-24.bag;0.834065854549408;0.0;0.9619645476341248;0.0;2.403604411345348;0.40154782656644117;0.5984521734335588
1730779911.5103831;/app/bags/user95_2017-02-24.bag;0.834065854549408;0.0;0.9619645476341248;0.0;2.403604411345348;0.40154782656644117;0.5984521734335588
1730779911.710416;/app/bags/user95_2017-02-24.bag;0.834065854549408;0.0;0.9619645476341248;0.0;2.403604411345348;0.40154782656644117;0.5984521734335588
1730779911.9104037;/app/bags/user95_2017-02-24.bag;0.834065854549408;0.0;0.9619645476341248;0.0;2.403604411345348;0.40154782656644117;0.5984521734335588
1730779912.1103795;/app/bags/user95_2017-02-24.bag;0.834065854549408;0.0;0.9619645476341248;0.0;2.403604411345348;0.40154782656644117;0.5984521734335588
1730779912.3103862;/app/bags/user95_2017-02-24.bag;0.834065854549408;0.0;0.9619645476341248;0.0;2.403604411345348;0.40154782656644117;0.5984521734335588
1730779912.5104232;/app/bags/user95_2017-02-24.bag;0.834065854549408;0.0;0.9619645476341248;0.0;2.403604411345348;0.40154782656644117;0.5984521734335588
1730779912.7104008;/app/bags/user95_2017-02-24.bag;0.834065854549408;0.0;0.9619645476341248;0.0;2.403604411345348;0.40154782656644117;0.5984521734335588
1730779912.910413;/app/bags/user95_2017-02-24.bag;0.834065854549408;0.0;0.9619645476341248;0.0;2.403604411345348;0.40154782656644117;0.5984521734335588
1730779913.1103857;/app/bags/user95_2017-02-24.bag;0.834065854549408;0.0;0.9619645476341248;0.0;2.403604411345348;0.40154782656644117;0.5984521734335588
1730779913.3104086;/app/bags/user95_2017-02-24.bag;0.834065854549408;0.0;0.9619645476341248;0.0;2.403604411345348;0.40154782656644117;0.5984521734335588
1730779913.510362;/app/bags/user95_2017-02-24.bag;0.834065854549408;0.0;0.9619645476341248;0.0;2.403604411345348;0.40154782656644117;0.5984521734335588
1730779913.7104347;/app/bags/user95_2017-02-24.bag;0.834065854549408;0.0;0.9619645476341248;0.0;2.403604411345348;0.40154782656644117;0.5984521734335588
1730779913.9103498;/app/bags/user95_2017-02-24.bag;0.834065854549408;0.0;0.9619645476341248;0.0;2.403604411345348;0.40154782656644117;0.5984521734335588
1730779914.1104314;/app/bags/user95_2017-02-24.bag;0.834065854549408;0.0;0.9619645476341248;0.0;2.403604411345348;0.40154782656644117;0.5984521734335588
1730779914.3104079;/app/bags/user95_2017-02-24.bag;0.834065854549408;0.0;0.9619645476341248;0.0;2.403604411345348;0.40154782656644117;0.5984521734335588
1730779914.5103757;/app/bags/user95_2017-02-24.bag;0.834065854549408;0.0;0.9619645476341248;0.0;2.403604411345348;0.40154782656644117;0.5984521734335588
1730779914.7104378;/app/bags/user95_2017-02-24.bag;0.834065854549408;0.0;0.9619645476341248;0.0;2.403604411345348;0.40154782656644117;0.5984521734335588
1730779914.9103928;/app/bags/user95_2017-02-24.bag;0.834065854549408;0.0;0.9619645476341248;0.0;2.403604411345348;0.40154782656644117;0.5984521734335588
1730779915.1104279;/app/bags/user95_2017-02-24.bag;0.834065854549408;0.0;0.9619645476341248;0.0;2.403604411345348;0.40154782656644117;0.5984521734335588
1730779915.3103814;/app/bags/user95_2017-02-24.bag;0.834065854549408;0.0;0.9619645476341248;0.0;2.403604411345348;0.40154782656644117;0.5984521734335588
1730779915.5103865;/app/bags/user95_2017-02-24.bag;0.834065854549408;0.0;0.9619645476341248;0.0;2.403604411345348;0.40154782656644117;0.5984521734335588
1730779915.7103982;/app/bags/user95_2017-02-24.bag;0.834065854549408;0.0;0.9619645476341248;0.0;2.403604411345348;0.40154782656644117;0.5984521734335588
1730779915.9103777;/app/bags/user95_2017-02-24.bag;0.834065854549408;0.0;0.9619645476341248;0.0;2.403604411345348;0.40154782656644117;0.5984521734335588
1730779916.1104252;/app/bags/user95_2017-02-24.bag;0.834065854549408;0.0;0.9619645476341248;0.0;2.403604411345348;0.40154782656644117;0.5984521734335588
1730779916.3103967;/app/bags/user95_2017-02-24.bag;0.834065854549408;0.0;0.9619645476341248;0.0;2.403604411345348;0.40154782656644117;0.5984521734335588
1730779916.5104122;/app/bags/user95_2017-02-24.bag;0.834065854549408;0.0;0.9619645476341248;0.0;2.403604411345348;0.40154782656644117;0.5984521734335588
1730779916.7103558;/app/bags/user95_2017-02-24.bag;0.834065854549408;0.0;0.9619645476341248;0.0;2.403604411345348;0.40154782656644117;0.5984521734335588
1730779916.9103787;/app/bags/user95_2017-02-24.bag;0.834065854549408;0.0;0.9619645476341248;0.0;2.403604411345348;0.40154782656644117;0.5984521734335588
1730779917.110449;/app/bags/user95_2017-02-24.bag;0.834065854549408;0.0;0.9619645476341248;0.0;2.403604411345348;0.40154782656644117;0.5984521734335588
1730779917.3104715;/app/bags/user95_2017-02-24.bag;0.834065854549408;0.0;0.9619645476341248;0.0;2.403604411345348;0.40154782656644117;0.5984521734335588
1730779917.5103831;/app/bags/user95_2017-02-24.bag;0.834065854549408;0.0;0.9619645476341248;0.0;2.403604411345348;0.40154782656644117;0.5984521734335588
1730779917.7104363;/app/bags/user95_2017-02-24.bag;0.834065854549408;0.0;0.9619645476341248;0.0;2.403604411345348;0.40154782656644117;0.5984521734335588
1730779917.9104192;/app/bags/user95_2017-02-24.bag;0.834065854549408;0.0;0.9619645476341248;0.0;2.403604411345348;0.40154782656644117;0.5984521734335588
1730779918.1103878;/app/bags/user95_2017-02-24.bag;0.834065854549408;0.0;0.9619645476341248;0.0;2.403604411345348;0.40154782656644117;0.5984521734335588
1730779918.310377;/app/bags/user95_2017-02-24.bag;0.834065854549408;0.0;0.9619645476341248;0.0;2.403604411345348;0.40154782656644117;0.5984521734335588
1730779918.5104272;/app/bags/user95_2017-02-24.bag;0.834065854549408;0.0;0.9619645476341248;0.0;2.403604411345348;0.40154782656644117;0.5984521734335588
1730779918.710351;/app/bags/user95_2017-02-24.bag;0.834065854549408;0.0;0.9619645476341248;0.0;2.403604411345348;0.40154782656644117;0.5984521734335588
1730779918.9103618;/app/bags/user95_2017-02-24.bag;0.834065854549408;0.0;0.9619645476341248;0.0;2.403604411345348;0.40154782656644117;0.5984521734335588
1730779919.1103816;/app/bags/user95_2017-02-24.bag;0.834065854549408;0.0;0.9619645476341248;0.0;2.403604411345348;0.40154782656644117;0.5984521734335588
1730779919.310386;/app/bags/user95_2017-02-24.bag;0.834065854549408;0.0;0.9619645476341248;0.0;2.403604411345348;0.40154782656644117;0.5984521734335588
1730779919.5103602;/app/bags/user95_2017-02-24.bag;0.834065854549408;0.0;0.9619645476341248;0.0;2.403604411345348;0.40154782656644117;0.5984521734335588
1730779919.710385;/app/bags/user95_2017-02-24.bag;0.834065854549408;0.0;0.9619645476341248;0.0;2.403604411345348;0.40154782656644117;0.5984521734335588
1730779919.9104154;/app/bags/user95_2017-02-24.bag;0.834065854549408;0.0;0.9619645476341248;0.0;2.403604411345348;0.40154782656644117;0.5984521734335588
1730779920.110369;/app/bags/user95_2017-02-24.bag;0.834065854549408;0.0;0.9619645476341248;0.0;2.403604411345348;0.40154782656644117;0.5984521734335588
1730779920.3104143;/app/bags/user95_2017-02-24.bag;0.834065854549408;0.0;0.9619645476341248;0.0;2.403604411345348;0.40154782656644117;0.5984521734335588
1730779920.510437;/app/bags/user95_2017-02-24.bag;0.834065854549408;0.0;0.9619645476341248;0.0;2.403604411345348;0.40154782656644117;0.5984521734335588
1730779920.7103815;/app/bags/user95_2017-02-24.bag;0.834065854549408;0.0;0.9619645476341248;0.0;2.403604411345348;0.40154782656644117;0.5984521734335588
1730779920.910389;/app/bags/user95_2017-02-24.bag;0.834065854549408;0.0;0.9619645476341248;0.0;2.403604411345348;0.40154782656644117;0.5984521734335588
1730779921.1103945;/app/bags/user95_2017-02-24.bag;0.834065854549408;0.0;0.9619645476341248;0.0;2.403604411345348;0.40154782656644117;0.5984521734335588
1730779921.3103898;/app/bags/user95_2017-02-24.bag;0.834065854549408;0.0;0.9619645476341248;0.0;2.403604411345348;0.40154782656644117;0.5984521734335588
1730779921.5103602;/app/bags/user95_2017-02-24.bag;0.834065854549408;0.0;0.9619645476341248;0.0;2.403604411345348;0.40154782656644117;0.5984521734335588
1730779921.710442;/app/bags/user95_2017-02-24.bag;0.834065854549408;0.0;0.9619645476341248;0.0;2.403604411345348;0.40154782656644117;0.5984521734335588
1730779921.910415;/app/bags/user95_2017-02-24.bag;0.834065854549408;0.0;0.9619645476341248;0.0;2.403604411345348;0.40154782656644117;0.5984521734335588
1730779922.110391;/app/bags/user95_2017-02-24.bag;0.834065854549408;0.0;0.9619645476341248;0.0;2.403604411345348;0.40154782656644117;0.5984521734335588
1730779922.3103864;/app/bags/user95_2017-02-24.bag;0.834065854549408;0.0;0.9619645476341248;0.0;2.403604411345348;0.40154782656644117;0.5984521734335588
1730779922.5103745;/app/bags/user95_2017-02-24.bag;0.834065854549408;0.0;0.9619645476341248;0.0;2.403604411345348;0.40154782656644117;0.5984521734335588
1730779922.7104309;/app/bags/user95_2017-02-24.bag;0.834065854549408;0.0;0.9619645476341248;0.0;2.403604411345348;0.40154782656644117;0.5984521734335588
1730779922.91043;/app/bags/user95_2017-02-24.bag;0.834065854549408;0.0;0.9619645476341248;0.0;2.403604411345348;0.40154782656644117;0.5984521734335588
1730779923.1103883;/app/bags/user95_2017-02-24.bag;0.834065854549408;0.0;0.9619645476341248;0.0;2.403604411345348;0.40154782656644117;0.5984521734335588
1730779923.310378;/app/bags/user95_2017-02-24.bag;0.834065854549408;0.0;0.9619645476341248;0.0;2.403604411345348;0.40154782656644117;0.5984521734335588
1730779923.5103745;/app/bags/user95_2017-02-24.bag;0.834065854549408;0.0;0.9619645476341248;0.0;2.403604411345348;0.40154782656644117;0.5984521734335588
1730779923.7103665;/app/bags/user95_2017-02-24.bag;0.834065854549408;0.0;0.9619645476341248;0.0;2.403604411345348;0.40154782656644117;0.5984521734335588
1730779923.9103763;/app/bags/user95_2017-02-24.bag;0.834065854549408;0.0;0.9619645476341248;0.0;2.403604411345348;0.40154782656644117;0.5984521734335588
1730779924.110392;/app/bags/user95_2017-02-24.bag;0.834065854549408;0.0;0.9619645476341248;0.0;2.403604411345348;0.40154782656644117;0.5984521734335588
1730779924.3104284;/app/bags/user95_2017-02-24.bag;0.834065854549408;0.0;0.9619645476341248;0.0;2.403604411345348;0.40154782656644117;0.5984521734335588
1730779924.5103786;/app/bags/user95_2017-02-24.bag;0.834065854549408;0.0;0.9619645476341248;0.0;2.403604411345348;0.40154782656644117;0.5984521734335588
1730779924.7103822;/app/bags/user95_2017-02-24.bag;0.834065854549408;0.0;0.9619645476341248;0.0;2.403604411345348;0.40154782656644117;0.5984521734335588
1730779924.9103756;/app/bags/user95_2017-02-24.bag;0.834065854549408;0.0;0.9619645476341248;0.0;2.403604411345348;0.40154782656644117;0.5984521734335588
1730779925.110434;/app/bags/user95_2017-02-24.bag;0.834065854549408;0.0;0.9619645476341248;0.0;2.403604411345348;0.40154782656644117;0.5984521734335588
1730779925.3104234;/app/bags/user95_2017-02-24.bag;0.834065854549408;0.0;0.9619645476341248;0.0;2.403604411345348;0.40154782656644117;0.5984521734335588
1730779925.5103536;/app/bags/user95_2017-02-24.bag;0.834065854549408;0.0;0.9619645476341248;0.0;2.403604411345348;0.40154782656644117;0.5984521734335588
1730779925.710391;/app/bags/user95_2017-02-24.bag;0.834065854549408;0.0;0.9619645476341248;0.0;2.403604411345348;0.40154782656644117;0.5984521734335588
1730779925.9103863;/app/bags/user95_2017-02-24.bag;0.834065854549408;0.0;0.9619645476341248;0.0;2.403604411345348;0.40154782656644117;0.5984521734335588
1730779926.110423;/app/bags/user95_2017-02-24.bag;0.834065854549408;0.0;0.9619645476341248;0.0;2.403604411345348;0.40154782656644117;0.5984521734335588
1730779926.3104339;/app/bags/user95_2017-02-24.bag;0.834065854549408;0.0;0.9619645476341248;0.0;2.403604411345348;0.40154782656644117;0.5984521734335588
1730779926.510389;/app/bags/user95_2017-02-24.bag;0.834065854549408;0.0;0.9619645476341248;0.0;2.403604411345348;0.40154782656644117;0.5984521734335588
1730779926.7104375;/app/bags/user95_2017-02-24.bag;0.834065854549408;0.0;0.9619645476341248;0.0;2.403604411345348;0.40154782656644117;0.5984521734335588
1730779926.9103894;/app/bags/user95_2017-02-24.bag;0.834065854549408;0.0;0.9619645476341248;0.0;2.403604411345348;0.40154782656644117;0.5984521734335588
1730779927.1104152;/app/bags/user95_2017-02-24.bag;0.834065854549408;0.0;0.9619645476341248;0.0;2.403604411345348;0.40154782656644117;0.5984521734335588
1730779927.3104267;/app/bags/user95_2017-02-24.bag;0.834065854549408;0.0;0.9619645476341248;0.0;2.403604411345348;0.40154782656644117;0.5984521734335588
1730779927.5104017;/app/bags/user95_2017-02-24.bag;0.834065854549408;0.0;0.9619645476341248;0.0;2.403604411345348;0.40154782656644117;0.5984521734335588
1730779927.7104077;/app/bags/user95_2017-02-24.bag;0.834065854549408;0.0;0.9619645476341248;0.0;2.403604411345348;0.40154782656644117;0.5984521734335588
1730779927.9103851;/app/bags/user95_2017-02-24.bag;0.834065854549408;0.0;0.9619645476341248;0.0;2.403604411345348;0.40154782656644117;0.5984521734335588
1730779928.1103902;/app/bags/user95_2017-02-24.bag;0.834065854549408;0.0;0.9619645476341248;0.0;2.403604411345348;0.40154782656644117;0.5984521734335588
1730779928.3104;/app/bags/user95_2017-02-24.bag;0.834065854549408;0.0;0.9619645476341248;0.0;2.403604411345348;0.40154782656644117;0.5984521734335588
1730779928.510372;/app/bags/user95_2017-02-24.bag;0.834065854549408;0.0;0.9619645476341248;0.0;2.403604411345348;0.40154782656644117;0.5984521734335588
1730779928.7104092;/app/bags/user95_2017-02-24.bag;0.834065854549408;0.0;0.9619645476341248;0.0;2.403604411345348;0.40154782656644117;0.5984521734335588
1730779928.9103477;/app/bags/user95_2017-02-24.bag;0.834065854549408;0.0;0.9619645476341248;0.0;2.403604411345348;0.40154782656644117;0.5984521734335588
1730779929.1103919;/app/bags/user95_2017-02-24.bag;0.834065854549408;0.0;0.9619645476341248;0.0;2.403604411345348;0.40154782656644117;0.5984521734335588
1730779929.3103683;/app/bags/user95_2017-02-24.bag;0.834065854549408;0.0;0.9619645476341248;0.0;2.403604411345348;0.40154782656644117;0.5984521734335588
1730779929.5104043;/app/bags/user95_2017-02-24.bag;0.834065854549408;0.0;0.9619645476341248;0.0;2.403604411345348;0.40154782656644117;0.5984521734335588
1730779929.7104354;/app/bags/user95_2017-02-24.bag;0.834065854549408;0.0;0.9619645476341248;0.0;2.403604411345348;0.40154782656644117;0.5984521734335588
1730779929.910504;/app/bags/user95_2017-02-24.bag;0.834065854549408;0.0;0.9619645476341248;0.0;2.403604411345348;0.40154782656644117;0.5984521734335588
1730779930.1104074;/app/bags/user95_2017-02-24.bag;0.834065854549408;0.0;0.9619645476341248;0.0;2.403604411345348;0.40154782656644117;0.5984521734335588
1730779930.3103995;/app/bags/user95_2017-02-24.bag;0.834065854549408;0.0;0.9619645476341248;0.0;2.403604411345348;0.40154782656644117;0.5984521734335588
1730779930.5104077;/app/bags/user95_2017-02-24.bag;0.834065854549408;0.0;0.9619645476341248;0.0;2.403604411345348;0.40154782656644117;0.5984521734335588
1730779930.7103717;/app/bags/user95_2017-02-24.bag;0.834065854549408;0.0;0.9619645476341248;0.0;2.403604411345348;0.40154782656644117;0.5984521734335588
1730779930.9103813;/app/bags/user95_2017-02-24.bag;0.834065854549408;0.0;0.9619645476341248;0.0;2.403604411345348;0.40154782656644117;0.5984521734335588
1730779931.110428;/app/bags/user95_2017-02-24.bag;0.834065854549408;0.0;0.9619645476341248;0.0;2.403604411345348;0.40154782656644117;0.5984521734335588
1730779931.310379;/app/bags/user95_2017-02-24.bag;0.834065854549408;0.0;0.9619645476341248;0.0;2.403604411345348;0.40154782656644117;0.5984521734335588
1730779931.5103798;/app/bags/user95_2017-02-24.bag;0.834065854549408;0.0;0.9619645476341248;0.0;2.403604411345348;0.40154782656644117;0.5984521734335588
1730779931.7103965;/app/bags/user95_2017-02-24.bag;0.834065854549408;0.0;0.9619645476341248;0.0;2.403604411345348;0.40154782656644117;0.5984521734335588
1730779931.9103603;/app/bags/user95_2017-02-24.bag;0.834065854549408;0.0;0.9619645476341248;0.0;2.403604411345348;0.40154782656644117;0.5984521734335588
1730779932.1103785;/app/bags/user95_2017-02-24.bag;0.834065854549408;0.0;0.9619645476341248;0.0;2.403604411345348;0.40154782656644117;0.5984521734335588
1730779932.3103955;/app/bags/user95_2017-02-24.bag;0.834065854549408;0.0;0.9619645476341248;0.0;2.403604411345348;0.40154782656644117;0.5984521734335588
1730779932.510382;/app/bags/user95_2017-02-24.bag;0.834065854549408;0.0;0.9619645476341248;0.0;2.403604411345348;0.40154782656644117;0.5984521734335588
1730779932.7104046;/app/bags/user95_2017-02-24.bag;0.834065854549408;0.0;0.9619645476341248;0.0;2.403604411345348;0.40154782656644117;0.5984521734335588
1730779932.9104292;/app/bags/user95_2017-02-24.bag;0.834065854549408;0.0;0.9619645476341248;0.0;2.403604411345348;0.40154782656644117;0.5984521734335588
1730779933.1103833;/app/bags/user95_2017-02-24.bag;0.834065854549408;0.0;0.9619645476341248;0.0;2.403604411345348;0.40154782656644117;0.5984521734335588
1730779933.3103874;/app/bags/user95_2017-02-24.bag;0.834065854549408;0.0;0.9619645476341248;0.0;2.403604411345348;0.40154782656644117;0.5984521734335588
1730779933.5103722;/app/bags/user95_2017-02-24.bag;0.834065854549408;0.0;0.9619645476341248;0.0;2.403604411345348;0.40154782656644117;0.5984521734335588
1730779933.7103834;/app/bags/user95_2017-02-24.bag;0.834065854549408;0.0;0.9619645476341248;0.0;2.403604411345348;0.40154782656644117;0.5984521734335588
1730779933.9104648;/app/bags/user95_2017-02-24.bag;0.834065854549408;0.0;0.9619645476341248;0.0;2.403604411345348;0.40154782656644117;0.5984521734335588
1730779934.1103961;/app/bags/user95_2017-02-24.bag;0.834065854549408;0.0;0.9619645476341248;0.0;2.403604411345348;0.40154782656644117;0.5984521734335588
1730779934.3103857;/app/bags/user95_2017-02-24.bag;0.834065854549408;0.0;0.9619645476341248;0.0;2.403604411345348;0.40154782656644117;0.5984521734335588
1730779934.5105114;/app/bags/user95_2017-02-24.bag;0.834065854549408;0.0;0.9619645476341248;0.0;2.403604411345348;0.40154782656644117;0.5984521734335588
1730779934.7103822;/app/bags/user95_2017-02-24.bag;0.834065854549408;0.0;0.9619645476341248;0.0;2.403604411345348;0.40154782656644117;0.5984521734335588
1730779934.910446;/app/bags/user95_2017-02-24.bag;0.834065854549408;0.0;0.9619645476341248;0.0;2.403604411345348;0.40154782656644117;0.5984521734335588
1730779935.1103678;/app/bags/user95_2017-02-24.bag;0.834065854549408;0.0;0.9619645476341248;0.0;2.403604411345348;0.40154782656644117;0.5984521734335588
1730779935.3103902;/app/bags/user95_2017-02-24.bag;0.834065854549408;0.0;0.9619645476341248;0.0;2.403604411345348;0.40154782656644117;0.5984521734335588
1730779935.510353;/app/bags/user95_2017-02-24.bag;0.834065854549408;0.0;0.9619645476341248;0.0;2.403604411345348;0.40154782656644117;0.5984521734335588
1730779935.710446;/app/bags/user95_2017-02-24.bag;0.834065854549408;0.0;0.9619645476341248;0.0;2.403604411345348;0.40154782656644117;0.5984521734335588
1730779935.9103823;/app/bags/user95_2017-02-24.bag;0.834065854549408;0.0;0.9619645476341248;0.0;2.403604411345348;0.40154782656644117;0.5984521734335588
1730779936.1103635;/app/bags/user95_2017-02-24.bag;0.834065854549408;0.0;0.9619645476341248;0.0;2.403604411345348;0.40154782656644117;0.5984521734335588
1730779936.3103828;/app/bags/user95_2017-02-24.bag;0.834065854549408;0.0;0.9619645476341248;0.0;2.403604411345348;0.40154782656644117;0.5984521734335588
1730779936.5104613;/app/bags/user95_2017-02-24.bag;0.834065854549408;0.0;0.9619645476341248;0.0;2.403604411345348;0.40154782656644117;0.5984521734335588
1730779936.7103784;/app/bags/user95_2017-02-24.bag;0.834065854549408;0.0;0.9619645476341248;0.0;2.403604411345348;0.40154782656644117;0.5984521734335588
1730779936.9103575;/app/bags/user95_2017-02-24.bag;0.834065854549408;0.0;0.9619645476341248;0.0;2.403604411345348;0.40154782656644117;0.5984521734335588
1730779937.110404;/app/bags/user95_2017-02-24.bag;0.834065854549408;0.0;0.9619645476341248;0.0;2.403604411345348;0.40154782656644117;0.5984521734335588
1730779937.3103857;/app/bags/user95_2017-02-24.bag;0.834065854549408;0.0;0.9619645476341248;0.0;2.403604411345348;0.40154782656644117;0.5984521734335588
1730779937.5103796;/app/bags/user95_2017-02-24.bag;0.834065854549408;0.0;0.9619645476341248;0.0;2.403604411345348;0.40154782656644117;0.5984521734335588
1730779937.7104647;/app/bags/user95_2017-02-24.bag;0.834065854549408;0.0;0.9619645476341248;0.0;2.403604411345348;0.40154782656644117;0.5984521734335588
1730779937.9103746;/app/bags/user95_2017-02-24.bag;0.834065854549408;0.0;0.9619645476341248;0.0;2.403604411345348;0.40154782656644117;0.5984521734335588
1730779938.1103897;/app/bags/user95_2017-02-24.bag;0.834065854549408;0.0;0.9619645476341248;0.0;2.403604411345348;0.40154782656644117;0.5984521734335588
1730779938.3103755;/app/bags/user95_2017-02-24.bag;0.834065854549408;0.0;0.9619645476341248;0.0;2.403604411345348;0.40154782656644117;0.5984521734335588
1730779938.510393;/app/bags/user95_2017-02-24.bag;0.834065854549408;0.0;0.9619645476341248;0.0;2.403604411345348;0.40154782656644117;0.5984521734335588
1730779938.7103639;/app/bags/user95_2017-02-24.bag;0.834065854549408;0.0;0.9619645476341248;0.0;2.403604411345348;0.40154782656644117;0.5984521734335588
1730779938.9103734;/app/bags/user95_2017-02-24.bag;0.834065854549408;0.0;0.9619645476341248;0.0;2.403604411345348;0.40154782656644117;0.5984521734335588
1730779939.1104;/app/bags/user95_2017-02-24.bag;0.834065854549408;0.0;0.9619645476341248;0.0;2.403604411345348;0.40154782656644117;0.5984521734335588
1730779939.3103683;/app/bags/user95_2017-02-24.bag;0.834065854549408;0.0;0.9619645476341248;0.0;2.403604411345348;0.40154782656644117;0.5984521734335588
1730779939.5103722;/app/bags/user95_2017-02-24.bag;0.834065854549408;0.0;0.9619645476341248;0.0;2.403604411345348;0.40154782656644117;0.5984521734335588
1730779939.710423;/app/bags/user95_2017-02-24.bag;0.834065854549408;0.0;0.9619645476341248;0.0;2.403604411345348;0.40154782656644117;0.5984521734335588
1730779939.9103773;/app/bags/user95_2017-02-24.bag;0.834065854549408;0.0;0.9619645476341248;0.0;2.403604411345348;0.40154782656644117;0.5984521734335588
1730779940.1104019;/app/bags/user95_2017-02-24.bag;0.834065854549408;0.0;0.9619645476341248;0.0;2.403604411345348;0.40154782656644117;0.5984521734335588
1730779940.310396;/app/bags/user95_2017-02-24.bag;0.834065854549408;0.0;0.9619645476341248;0.0;2.403604411345348;0.40154782656644117;0.5984521734335588
1730779940.51044;/app/bags/user95_2017-02-24.bag;0.834065854549408;0.0;0.9619645476341248;0.0;2.403604411345348;0.40154782656644117;0.5984521734335588
1730779940.710422;/app/bags/user95_2017-02-24.bag;0.834065854549408;0.0;0.9619645476341248;0.0;2.403604411345348;0.40154782656644117;0.5984521734335588
1730779940.9104567;/app/bags/user95_2017-02-24.bag;0.834065854549408;0.0;0.9619645476341248;0.0;2.403604411345348;0.40154782656644117;0.5984521734335588
1730779941.1104388;/app/bags/user95_2017-02-24.bag;0.834065854549408;0.0;0.9619645476341248;0.0;2.403604411345348;0.40154782656644117;0.5984521734335588
1730779941.310378;/app/bags/user95_2017-02-24.bag;0.834065854549408;0.0;0.9619645476341248;0.0;2.403604411345348;0.40154782656644117;0.5984521734335588
1730779941.5103931;/app/bags/user95_2017-02-24.bag;0.834065854549408;0.0;0.9619645476341248;0.0;2.403604411345348;0.40154782656644117;0.5984521734335588
1730779941.710374;/app/bags/user95_2017-02-24.bag;0.834065854549408;0.0;0.9619645476341248;0.0;2.403604411345348;0.40154782656644117;0.5984521734335588
1730779941.9103463;/app/bags/user95_2017-02-24.bag;0.834065854549408;0.0;0.9619645476341248;0.0;2.403604411345348;0.40154782656644117;0.5984521734335588
1730779942.1104243;/app/bags/user95_2017-02-24.bag;0.834065854549408;0.0;0.9619645476341248;0.0;2.403604411345348;0.40154782656644117;0.5984521734335588
1730779942.3103912;/app/bags/user95_2017-02-24.bag;0.834065854549408;0.0;0.9619645476341248;0.0;2.403604411345348;0.40154782656644117;0.5984521734335588
1730779942.510392;/app/bags/user95_2017-02-24.bag;0.834065854549408;0.0;0.9619645476341248;0.0;2.403604411345348;0.40154782656644117;0.5984521734335588
1730779942.7103565;/app/bags/user95_2017-02-24.bag;0.834065854549408;0.0;0.9619645476341248;0.0;2.403604411345348;0.40154782656644117;0.5984521734335588
1730779942.910374;/app/bags/user95_2017-02-24.bag;0.834065854549408;0.0;0.9619645476341248;0.0;2.403604411345348;0.40154782656644117;0.5984521734335588
1730779943.1104078;/app/bags/user95_2017-02-24.bag;0.834065854549408;0.0;0.9619645476341248;0.0;2.403604411345348;0.40154782656644117;0.5984521734335588
1730779943.3105652;/app/bags/user95_2017-02-24.bag;0.834065854549408;0.0;0.9619645476341248;0.0;2.403604411345348;0.40154782656644117;0.5984521734335588
1730779943.5104306;/app/bags/user95_2017-02-24.bag;0.834065854549408;0.0;0.9619645476341248;0.0;2.403604411345348;0.40154782656644117;0.5984521734335588
1730779943.7103732;/app/bags/user95_2017-02-24.bag;0.834065854549408;0.0;0.9619645476341248;0.0;2.403604411345348;0.40154782656644117;0.5984521734335588
1730779943.9104242;/app/bags/user95_2017-02-24.bag;0.834065854549408;0.0;0.9619645476341248;0.0;2.403604411345348;0.40154782656644117;0.5984521734335588
1730779944.1103904;/app/bags/user95_2017-02-24.bag;0.834065854549408;0.0;0.9619645476341248;0.0;2.403604411345348;0.40154782656644117;0.5984521734335588
1730779944.3104086;/app/bags/user95_2017-02-24.bag;0.834065854549408;0.0;0.9619645476341248;0.0;2.403604411345348;0.40154782656644117;0.5984521734335588
1730779944.5103693;/app/bags/user95_2017-02-24.bag;0.834065854549408;0.0;0.9619645476341248;0.0;2.403604411345348;0.40154782656644117;0.5984521734335588
1730779944.710382;/app/bags/user95_2017-02-24.bag;0.834065854549408;0.0;0.9619645476341248;0.0;2.403604411345348;0.40154782656644117;0.5984521734335588
1730779944.9103794;/app/bags/user95_2017-02-24.bag;0.834065854549408;0.0;0.9619645476341248;0.0;2.403604411345348;0.40154782656644117;0.5984521734335588
1730779945.1103752;/app/bags/user95_2017-02-24.bag;0.834065854549408;0.0;0.9619645476341248;0.0;2.403604411345348;0.40154782656644117;0.5984521734335588
1730779945.3103955;/app/bags/user95_2017-02-24.bag;0.834065854549408;0.0;0.9619645476341248;0.0;2.403604411345348;0.40154782656644117;0.5984521734335588
1730779945.5103803;/app/bags/user95_2017-02-24.bag;0.834065854549408;0.0;0.9619645476341248;0.0;2.403604411345348;0.40154782656644117;0.5984521734335588
1730779945.7103505;/app/bags/user95_2017-02-24.bag;0.834065854549408;0.0;0.9619645476341248;0.0;2.403604411345348;0.40154782656644117;0.5984521734335588
1730779945.9104269;/app/bags/user95_2017-02-24.bag;0.834065854549408;0.0;0.9619645476341248;0.0;2.403604411345348;0.40154782656644117;0.5984521734335588
1730779946.110373;/app/bags/user95_2017-02-24.bag;0.834065854549408;0.0;0.9619645476341248;0.0;2.403604411345348;0.40154782656644117;0.5984521734335588
1730779946.31038;/app/bags/user95_2017-02-24.bag;0.834065854549408;0.0;0.9619645476341248;0.0;2.403604411345348;0.40154782656644117;0.5984521734335588
1730779946.51042;/app/bags/user95_2017-02-24.bag;0.834065854549408;0.0;0.9619645476341248;0.0;2.403604411345348;0.40154782656644117;0.5984521734335588
1730779946.7103808;/app/bags/user95_2017-02-24.bag;0.834065854549408;0.0;0.9619645476341248;0.0;2.403604411345348;0.40154782656644117;0.5984521734335588
1730779946.9104197;/app/bags/user95_2017-02-24.bag;0.834065854549408;0.0;0.9619645476341248;0.0;2.403604411345348;0.40154782656644117;0.5984521734335588
1730779947.1103787;/app/bags/user95_2017-02-24.bag;0.834065854549408;0.0;0.9619645476341248;0.0;2.403604411345348;0.40154782656644117;0.5984521734335588
1730779947.3104134;/app/bags/user95_2017-02-24.bag;0.834065854549408;0.0;0.9619645476341248;0.0;2.403604411345348;0.40154782656644117;0.5984521734335588
1730779947.5104024;/app/bags/user95_2017-02-24.bag;0.834065854549408;0.0;0.9619645476341248;0.0;2.403604411345348;0.40154782656644117;0.5984521734335588
1730779947.710388;/app/bags/user95_2017-02-24.bag;0.834065854549408;0.0;0.9619645476341248;0.0;2.403604411345348;0.40154782656644117;0.5984521734335588
1730779947.9104009;/app/bags/user95_2017-02-24.bag;0.834065854549408;0.0;0.9619645476341248;0.0;2.403604411345348;0.40154782656644117;0.5984521734335588
1730779948.1104028;/app/bags/user95_2017-02-24.bag;0.834065854549408;0.0;0.9619645476341248;0.0;2.403604411345348;0.40154782656644117;0.5984521734335588
1730779948.3103907;/app/bags/user95_2017-02-24.bag;0.834065854549408;0.0;0.9619645476341248;0.0;2.403604411345348;0.40154782656644117;0.5984521734335588
1730779948.5104153;/app/bags/user95_2017-02-24.bag;0.834065854549408;0.0;0.9619645476341248;0.0;2.403604411345348;0.40154782656644117;0.5984521734335588
1730779948.7104096;/app/bags/user95_2017-02-24.bag;0.834065854549408;0.0;0.9619645476341248;0.0;2.403604411345348;0.40154782656644117;0.5984521734335588
1730779948.9103754;/app/bags/user95_2017-02-24.bag;0.834065854549408;0.0;0.9619645476341248;0.0;2.403604411345348;0.40154782656644117;0.5984521734335588
1730779949.110391;/app/bags/user95_2017-02-24.bag;0.834065854549408;0.0;0.9619645476341248;0.0;2.403604411345348;0.40154782656644117;0.5984521734335588
1730779949.31038;/app/bags/user95_2017-02-24.bag;0.834065854549408;0.0;0.9619645476341248;0.0;2.403604411345348;0.40154782656644117;0.5984521734335588
1730779949.510407;/app/bags/user95_2017-02-24.bag;0.834065854549408;0.0;0.9619645476341248;0.0;2.403604411345348;0.40154782656644117;0.5984521734335588
1730779949.7103786;/app/bags/user95_2017-02-24.bag;0.834065854549408;0.0;0.9619645476341248;0.0;2.403604411345348;0.40154782656644117;0.5984521734335588
1730779949.9104228;/app/bags/user95_2017-02-24.bag;0.834065854549408;0.0;0.9619645476341248;0.0;2.403604411345348;0.40154782656644117;0.5984521734335588
1730779950.1104367;/app/bags/user95_2017-02-24.bag;0.834065854549408;0.0;0.9619645476341248;0.0;2.403604411345348;0.40154782656644117;0.5984521734335588
1730779950.3103988;/app/bags/user95_2017-02-24.bag;0.834065854549408;0.0;0.9619645476341248;0.0;2.403604411345348;0.40154782656644117;0.5984521734335588
1730779950.5103707;/app/bags/user95_2017-02-24.bag;0.834065854549408;0.0;0.9619645476341248;0.0;2.403604411345348;0.40154782656644117;0.5984521734335588
1730779950.7103584;/app/bags/user95_2017-02-24.bag;0.834065854549408;0.0;0.9619645476341248;0.0;2.403604411345348;0.40154782656644117;0.5984521734335588
1730779950.9104288;/app/bags/user95_2017-02-24.bag;0.834065854549408;0.0;0.9619645476341248;0.0;2.403604411345348;0.40154782656644117;0.5984521734335588
1730779951.1104832;/app/bags/user95_2017-02-24.bag;0.834065854549408;0.0;0.9619645476341248;0.0;2.403604411345348;0.40154782656644117;0.5984521734335588
1730779951.3104165;/app/bags/user95_2017-02-24.bag;0.834065854549408;0.0;0.9619645476341248;0.0;2.403604411345348;0.40154782656644117;0.5984521734335588
1730779951.5103724;/app/bags/user95_2017-02-24.bag;0.834065854549408;0.0;0.9619645476341248;0.0;2.403604411345348;0.40154782656644117;0.5984521734335588
1730779951.7103975;/app/bags/user95_2017-02-24.bag;0.834065854549408;0.0;0.9619645476341248;0.0;2.403604411345348;0.40154782656644117;0.5984521734335588
1730779951.910561;/app/bags/user95_2017-02-24.bag;0.834065854549408;0.0;0.9619645476341248;0.0;2.403604411345348;0.40154782656644117;0.5984521734335588
1730779952.1103783;/app/bags/user95_2017-02-24.bag;0.834065854549408;0.0;0.9619645476341248;0.0;2.403604411345348;0.40154782656644117;0.5984521734335588
1730779952.3103683;/app/bags/user95_2017-02-24.bag;0.834065854549408;0.0;0.9619645476341248;0.0;2.403604411345348;0.40154782656644117;0.5984521734335588
1730779952.5103674;/app/bags/user95_2017-02-24.bag;0.834065854549408;0.0;0.9619645476341248;0.0;2.403604411345348;0.40154782656644117;0.5984521734335588
1730779952.7103748;/app/bags/user95_2017-02-24.bag;0.834065854549408;0.0;0.9619645476341248;0.0;2.403604411345348;0.40154782656644117;0.5984521734335588
1730779952.910347;/app/bags/user95_2017-02-24.bag;0.834065854549408;0.0;0.9619645476341248;0.0;2.403604411345348;0.40154782656644117;0.5984521734335588
1730779953.1104152;/app/bags/user95_2017-02-24.bag;0.834065854549408;0.0;0.9619645476341248;0.0;2.403604411345348;0.40154782656644117;0.5984521734335588
1730779953.3105009;/app/bags/user95_2017-02-24.bag;0.834065854549408;0.0;0.9619645476341248;0.0;2.403604411345348;0.40154782656644117;0.5984521734335588
1730779953.5104022;/app/bags/user95_2017-02-24.bag;0.834065854549408;0.0;0.9619645476341248;0.0;2.403604411345348;0.40154782656644117;0.5984521734335588
1730779953.7103684;/app/bags/user95_2017-02-24.bag;0.834065854549408;0.0;0.9619645476341248;0.0;2.403604411345348;0.40154782656644117;0.5984521734335588
1730779953.9104326;/app/bags/user95_2017-02-24.bag;0.834065854549408;0.0;0.9619645476341248;0.0;2.403604411345348;0.40154782656644117;0.5984521734335588
1730779954.110411;/app/bags/user95_2017-02-24.bag;0.834065854549408;0.0;0.9619645476341248;0.0;2.403604411345348;0.40154782656644117;0.5984521734335588
1730779954.310377;/app/bags/user95_2017-02-24.bag;0.834065854549408;0.0;0.9619645476341248;0.0;2.403604411345348;0.40154782656644117;0.5984521734335588
1730779954.5104053;/app/bags/user95_2017-02-24.bag;0.834065854549408;0.0;0.9619645476341248;0.0;2.403604411345348;0.40154782656644117;0.5984521734335588
1730779954.710387;/app/bags/user95_2017-02-24.bag;0.834065854549408;0.0;0.9619645476341248;0.0;2.403604411345348;0.40154782656644117;0.5984521734335588
1730779954.9104328;/app/bags/user95_2017-02-24.bag;0.834065854549408;0.0;0.9619645476341248;0.0;2.403604411345348;0.40154782656644117;0.5984521734335588
1730779955.1103826;/app/bags/user95_2017-02-24.bag;0.834065854549408;0.0;0.9619645476341248;0.0;2.403604411345348;0.40154782656644117;0.5984521734335588
1730779955.310378;/app/bags/user95_2017-02-24.bag;0.834065854549408;0.0;0.9619645476341248;0.0;2.403604411345348;0.40154782656644117;0.5984521734335588
1730779955.5104082;/app/bags/user95_2017-02-24.bag;0.834065854549408;0.0;0.9619645476341248;0.0;2.403604411345348;0.40154782656644117;0.5984521734335588
1730779955.7104905;/app/bags/user95_2017-02-24.bag;0.834065854549408;0.0;0.9619645476341248;0.0;2.403604411345348;0.40154782656644117;0.5984521734335588
1730779955.910434;/app/bags/user95_2017-02-24.bag;0.834065854549408;0.0;0.9619645476341248;0.0;2.403604411345348;0.40154782656644117;0.5984521734335588
1730779956.1103778;/app/bags/user95_2017-02-24.bag;0.834065854549408;0.0;0.9619645476341248;0.0;2.403604411345348;0.40154782656644117;0.5984521734335588
1730779956.310387;/app/bags/user95_2017-02-24.bag;0.834065854549408;0.0;0.9619645476341248;0.0;2.403604411345348;0.40154782656644117;0.5984521734335588
1730779956.5104058;/app/bags/user95_2017-02-24.bag;0.834065854549408;0.0;0.9619645476341248;0.0;2.403604411345348;0.40154782656644117;0.5984521734335588
1730779956.7103996;/app/bags/user95_2017-02-24.bag;0.834065854549408;0.0;0.9619645476341248;0.0;2.403604411345348;0.40154782656644117;0.5984521734335588
1730779956.910538;/app/bags/user95_2017-02-24.bag;0.834065854549408;0.0;0.9619645476341248;0.0;2.403604411345348;0.40154782656644117;0.5984521734335588
1730779957.110425;/app/bags/user95_2017-02-24.bag;0.834065854549408;0.0;0.9619645476341248;0.0;2.403604411345348;0.40154782656644117;0.5984521734335588
1730779957.3103511;/app/bags/user95_2017-02-24.bag;0.834065854549408;0.0;0.9619645476341248;0.0;2.403604411345348;0.40154782656644117;0.5984521734335588
1730779957.5103507;/app/bags/user95_2017-02-24.bag;0.834065854549408;0.0;0.9619645476341248;0.0;2.403604411345348;0.40154782656644117;0.5984521734335588
1730779957.7104151;/app/bags/user95_2017-02-24.bag;0.834065854549408;0.0;0.9619645476341248;0.0;2.403604411345348;0.40154782656644117;0.5984521734335588
1730779957.9103827;/app/bags/user95_2017-02-24.bag;0.834065854549408;0.0;0.9619645476341248;0.0;2.403604411345348;0.40154782656644117;0.5984521734335588
1730779958.1104257;/app/bags/user95_2017-02-24.bag;0.834065854549408;0.0;0.9619645476341248;0.0;2.403604411345348;0.40154782656644117;0.5984521734335588
1730779958.3103862;/app/bags/user95_2017-02-24.bag;0.834065854549408;0.0;0.9619645476341248;0.0;2.403604411345348;0.40154782656644117;0.5984521734335588
1730779958.5104032;/app/bags/user95_2017-02-24.bag;0.834065854549408;0.0;0.9619645476341248;0.0;2.403604411345348;0.40154782656644117;0.5984521734335588
1730779958.7103574;/app/bags/user95_2017-02-24.bag;0.834065854549408;0.0;0.9619645476341248;0.0;2.403604411345348;0.40154782656644117;0.5984521734335588
1730779958.9104304;/app/bags/user95_2017-02-24.bag;0.834065854549408;0.0;0.9619645476341248;0.0;2.403604411345348;0.40154782656644117;0.5984521734335588
1730779959.1104352;/app/bags/user95_2017-02-24.bag;0.834065854549408;0.0;0.9619645476341248;0.0;2.403604411345348;0.40154782656644117;0.5984521734335588
1730779959.3103836;/app/bags/user95_2017-02-24.bag;0.834065854549408;0.0;0.9619645476341248;0.0;2.403604411345348;0.40154782656644117;0.5984521734335588
1730779959.5103788;/app/bags/user95_2017-02-24.bag;0.834065854549408;0.0;0.9619645476341248;0.0;2.403604411345348;0.40154782656644117;0.5984521734335588
1730779959.7104037;/app/bags/user95_2017-02-24.bag;0.834065854549408;0.0;0.9619645476341248;0.0;2.403604411345348;0.40154782656644117;0.5984521734335588
1730779959.9103801;/app/bags/user95_2017-02-24.bag;0.834065854549408;0.0;0.9619645476341248;0.0;2.403604411345348;0.40154782656644117;0.5984521734335588
1730779960.110423;/app/bags/user95_2017-02-24.bag;0.834065854549408;0.0;0.9619645476341248;0.0;2.403604411345348;0.40154782656644117;0.5984521734335588
1730779960.310386;/app/bags/user95_2017-02-24.bag;0.834065854549408;0.0;0.9619645476341248;0.0;2.403604411345348;0.40154782656644117;0.5984521734335588
1730779960.5103662;/app/bags/user95_2017-02-24.bag;0.834065854549408;0.0;0.9619645476341248;0.0;2.403604411345348;0.40154782656644117;0.5984521734335588
1730779960.7103698;/app/bags/user95_2017-02-24.bag;0.834065854549408;0.0;0.9619645476341248;0.0;2.403604411345348;0.40154782656644117;0.5984521734335588
1730779960.9104326;/app/bags/user95_2017-02-24.bag;0.834065854549408;0.0;0.9619645476341248;0.0;2.403604411345348;0.40154782656644117;0.5984521734335588
1730779961.1103725;/app/bags/user95_2017-02-24.bag;0.834065854549408;0.0;0.9619645476341248;0.0;2.403604411345348;0.40154782656644117;0.5984521734335588
1730779961.3103883;/app/bags/user95_2017-02-24.bag;0.834065854549408;0.0;0.9619645476341248;0.0;2.403604411345348;0.40154782656644117;0.5984521734335588
1730779961.5103986;/app/bags/user95_2017-02-24.bag;0.834065854549408;0.0;0.9619645476341248;0.0;2.403604411345348;0.40154782656644117;0.5984521734335588
1730779961.7103927;/app/bags/user95_2017-02-24.bag;0.834065854549408;0.0;0.9619645476341248;0.0;2.403604411345348;0.40154782656644117;0.5984521734335588
1730779961.9103725;/app/bags/user95_2017-02-24.bag;0.834065854549408;0.0;0.9619645476341248;0.0;2.403604411345348;0.40154782656644117;0.5984521734335588
1730779962.110374;/app/bags/user95_2017-02-24.bag;0.834065854549408;0.0;0.9619645476341248;0.0;2.403604411345348;0.40154782656644117;0.5984521734335588
1730779962.3103995;/app/bags/user95_2017-02-24.bag;0.834065854549408;0.0;0.9619645476341248;0.0;2.403604411345348;0.40154782656644117;0.5984521734335588
1730779962.5104344;/app/bags/user95_2017-02-24.bag;0.834065854549408;0.0;0.9619645476341248;0.0;2.403604411345348;0.40154782656644117;0.5984521734335588
1730779962.7103462;/app/bags/user95_2017-02-24.bag;0.834065854549408;0.0;0.9619645476341248;0.0;2.403604411345348;0.40154782656644117;0.5984521734335588
1730779962.9104116;/app/bags/user95_2017-02-24.bag;0.834065854549408;0.0;0.9619645476341248;0.0;2.403604411345348;0.40154782656644117;0.5984521734335588
1730779963.1103816;/app/bags/user95_2017-02-24.bag;0.834065854549408;0.0;0.9619645476341248;0.0;2.403604411345348;0.40154782656644117;0.5984521734335588
1730779963.3104022;/app/bags/user95_2017-02-24.bag;0.834065854549408;0.0;0.9619645476341248;0.0;2.403604411345348;0.40154782656644117;0.5984521734335588
1730779963.5104053;/app/bags/user95_2017-02-24.bag;0.834065854549408;0.0;0.9619645476341248;0.0;2.403604411345348;0.40154782656644117;0.5984521734335588
1730779963.7104566;/app/bags/user95_2017-02-24.bag;0.834065854549408;0.0;0.9619645476341248;0.0;2.403604411345348;0.40154782656644117;0.5984521734335588
1730779963.910383;/app/bags/user95_2017-02-24.bag;0.834065854549408;0.0;0.9619645476341248;0.0;2.403604411345348;0.40154782656644117;0.5984521734335588
1730779964.110381;/app/bags/user95_2017-02-24.bag;0.834065854549408;0.0;0.9619645476341248;0.0;2.403604411345348;0.40154782656644117;0.5984521734335588
1730779964.3103883;/app/bags/user95_2017-02-24.bag;0.834065854549408;0.0;0.9619645476341248;0.0;2.403604411345348;0.40154782656644117;0.5984521734335588
1730779964.5103934;/app/bags/user95_2017-02-24.bag;0.834065854549408;0.0;0.9619645476341248;0.0;2.403604411345348;0.40154782656644117;0.5984521734335588
1730779964.7103992;/app/bags/user95_2017-02-24.bag;0.834065854549408;0.0;0.9619645476341248;0.0;2.403604411345348;0.40154782656644117;0.5984521734335588
1730779964.910379;/app/bags/user95_2017-02-24.bag;0.834065854549408;0.0;0.9619645476341248;0.0;2.403604411345348;0.40154782656644117;0.5984521734335588
1730779965.1103737;/app/bags/user95_2017-02-24.bag;0.834065854549408;0.0;0.9619645476341248;0.0;2.403604411345348;0.40154782656644117;0.5984521734335588
1730779965.3103747;/app/bags/user95_2017-02-24.bag;0.834065854549408;0.0;0.9619645476341248;0.0;2.403604411345348;0.40154782656644117;0.5984521734335588
1730779965.510394;/app/bags/user95_2017-02-24.bag;0.834065854549408;0.0;0.9619645476341248;0.0;2.403604411345348;0.40154782656644117;0.5984521734335588
1730779965.7103784;/app/bags/user95_2017-02-24.bag;0.834065854549408;0.0;0.9619645476341248;0.0;2.403604411345348;0.40154782656644117;0.5984521734335588
1730779965.91045;/app/bags/user95_2017-02-24.bag;0.834065854549408;0.0;0.9619645476341248;0.0;2.403604411345348;0.40154782656644117;0.5984521734335588
1730779966.110602;/app/bags/user95_2017-02-24.bag;0.834065854549408;0.0;0.9619645476341248;0.0;2.403604411345348;0.40154782656644117;0.5984521734335588
1730779966.310383;/app/bags/user95_2017-02-24.bag;0.834065854549408;0.0;0.9619645476341248;0.0;2.403604411345348;0.40154782656644117;0.5984521734335588
1730779966.5103636;/app/bags/user95_2017-02-24.bag;0.834065854549408;0.0;0.9619645476341248;0.0;2.403604411345348;0.40154782656644117;0.5984521734335588
1730779966.7104337;/app/bags/user95_2017-02-24.bag;0.834065854549408;0.0;0.9619645476341248;0.0;2.403604411345348;0.40154782656644117;0.5984521734335588
1730779966.9103906;/app/bags/user95_2017-02-24.bag;0.834065854549408;0.0;0.9619645476341248;0.0;2.403604411345348;0.40154782656644117;0.5984521734335588
1730779967.1103888;/app/bags/user95_2017-02-24.bag;0.834065854549408;0.0;0.9619645476341248;0.0;2.403604411345348;0.40154782656644117;0.5984521734335588
1730779967.3103867;/app/bags/user95_2017-02-24.bag;0.834065854549408;0.0;0.9619645476341248;0.0;2.403604411345348;0.40154782656644117;0.5984521734335588
1730779967.5104232;/app/bags/user95_2017-02-24.bag;0.834065854549408;0.0;0.9619645476341248;0.0;2.403604411345348;0.40154782656644117;0.5984521734335588
1730779967.7103865;/app/bags/user95_2017-02-24.bag;0.834065854549408;0.0;0.9619645476341248;0.0;2.403604411345348;0.40154782656644117;0.5984521734335588
1730779967.9103642;/app/bags/user95_2017-02-24.bag;0.834065854549408;0.0;0.9619645476341248;0.0;2.403604411345348;0.40154782656644117;0.5984521734335588
1730779968.1104293;/app/bags/user95_2017-02-24.bag;0.834065854549408;0.0;0.9619645476341248;0.0;2.403604411345348;0.40154782656644117;0.5984521734335588
1730779968.310385;/app/bags/user95_2017-02-24.bag;0.834065854549408;0.0;0.9619645476341248;0.0;2.403604411345348;0.40154782656644117;0.5984521734335588
1730779968.5103586;/app/bags/user95_2017-02-24.bag;0.834065854549408;0.0;0.9619645476341248;0.0;2.403604411345348;0.40154782656644117;0.5984521734335588
1730779968.710501;/app/bags/user95_2017-02-24.bag;0.834065854549408;0.0;0.9619645476341248;0.0;2.403604411345348;0.40154782656644117;0.5984521734335588
1730779968.9103835;/app/bags/user95_2017-02-24.bag;0.834065854549408;0.0;0.9619645476341248;0.0;2.403604411345348;0.40154782656644117;0.5984521734335588
1730779969.1104503;/app/bags/user95_2017-02-24.bag;0.834065854549408;0.0;0.9619645476341248;0.0;2.403604411345348;0.40154782656644117;0.5984521734335588
1730779969.3104098;/app/bags/user95_2017-02-24.bag;0.834065854549408;0.0;0.9619645476341248;0.0;2.403604411345348;0.40154782656644117;0.5984521734335588
1730779969.5103915;/app/bags/user95_2017-02-24.bag;0.834065854549408;0.0;0.9619645476341248;0.0;2.403604411345348;0.40154782656644117;0.5984521734335588
1730779969.7103918;/app/bags/user95_2017-02-24.bag;0.834065854549408;0.0;0.9619645476341248;0.0;2.403604411345348;0.40154782656644117;0.5984521734335588
1730779969.9104002;/app/bags/user95_2017-02-24.bag;0.834065854549408;0.0;0.9619645476341248;0.0;2.403604411345348;0.40154782656644117;0.5984521734335588
1730779970.1103647;/app/bags/user95_2017-02-24.bag;0.834065854549408;0.0;0.9619645476341248;0.0;2.403604411345348;0.40154782656644117;0.5984521734335588
1730779970.3103693;/app/bags/user95_2017-02-24.bag;0.834065854549408;0.0;0.9619645476341248;0.0;2.403604411345348;0.40154782656644117;0.5984521734335588
1730779970.5103946;/app/bags/user95_2017-02-24.bag;0.834065854549408;0.0;0.9619645476341248;0.0;2.403604411345348;0.40154782656644117;0.5984521734335588
1730779970.7104423;/app/bags/user95_2017-02-24.bag;0.834065854549408;0.0;0.9619645476341248;0.0;2.403604411345348;0.40154782656644117;0.5984521734335588
1730779970.910368;/app/bags/user95_2017-02-24.bag;0.834065854549408;0.0;0.9619645476341248;0.0;2.403604411345348;0.40154782656644117;0.5984521734335588
1730779971.1103854;/app/bags/user95_2017-02-24.bag;0.834065854549408;0.0;0.9619645476341248;0.0;2.403604411345348;0.40154782656644117;0.5984521734335588
1730779971.3104105;/app/bags/user95_2017-02-24.bag;0.834065854549408;0.0;0.9619645476341248;0.0;2.403604411345348;0.40154782656644117;0.5984521734335588
1730779971.5103824;/app/bags/user95_2017-02-24.bag;0.834065854549408;0.0;0.9619645476341248;0.0;2.403604411345348;0.40154782656644117;0.5984521734335588
1730779971.7104204;/app/bags/user95_2017-02-24.bag;0.834065854549408;0.0;0.9619645476341248;0.0;2.403604411345348;0.40154782656644117;0.5984521734335588
1730779971.9104428;/app/bags/user95_2017-02-24.bag;0.834065854549408;0.0;0.9619645476341248;0.0;2.403604411345348;0.40154782656644117;0.5984521734335588
1730779972.1104305;/app/bags/user95_2017-02-24.bag;0.834065854549408;0.0;0.9619645476341248;0.0;2.403604411345348;0.40154782656644117;0.5984521734335588
1730779972.310399;/app/bags/user95_2017-02-24.bag;0.834065854549408;0.0;0.9619645476341248;0.0;2.403604411345348;0.40154782656644117;0.5984521734335588
1730779972.5103843;/app/bags/user95_2017-02-24.bag;0.834065854549408;0.0;0.9619645476341248;0.0;2.403604411345348;0.40154782656644117;0.5984521734335588
1730779972.7104611;/app/bags/user95_2017-02-24.bag;0.834065854549408;0.0;0.9619645476341248;0.0;2.403604411345348;0.40154782656644117;0.5984521734335588
1730779972.9103112;/app/bags/user95_2017-02-24.bag;0.834065854549408;0.0;0.9619645476341248;0.0;2.403604411345348;0.40154782656644117;0.5984521734335588
1730779973.1103919;/app/bags/user95_2017-02-24.bag;0.834065854549408;0.0;0.9619645476341248;0.0;2.403604411345348;0.40154782656644117;0.5984521734335588
1730779973.3103802;/app/bags/user95_2017-02-24.bag;0.834065854549408;0.0;0.9619645476341248;0.0;2.403604411345348;0.40154782656644117;0.5984521734335588
1730779973.5104363;/app/bags/user95_2017-02-24.bag;0.834065854549408;0.0;0.9619645476341248;0.0;2.403604411345348;0.40154782656644117;0.5984521734335588
1730779973.7103767;/app/bags/user95_2017-02-24.bag;0.834065854549408;0.0;0.9619645476341248;0.0;2.403604411345348;0.40154782656644117;0.5984521734335588
1730779973.910422;/app/bags/user95_2017-02-24.bag;0.834065854549408;0.0;0.9619645476341248;0.0;2.403604411345348;0.40154782656644117;0.5984521734335588
1730779974.1104562;/app/bags/user95_2017-02-24.bag;0.834065854549408;0.0;0.9619645476341248;0.0;2.403604411345348;0.40154782656644117;0.5984521734335588
1730779974.3105235;/app/bags/user95_2017-02-24.bag;0.834065854549408;0.0;0.9619645476341248;0.0;2.403604411345348;0.40154782656644117;0.5984521734335588
1730779974.510375;/app/bags/user95_2017-02-24.bag;0.834065854549408;0.0;0.9619645476341248;0.0;2.403604411345348;0.40154782656644117;0.5984521734335588
1730779974.710493;/app/bags/user95_2017-02-24.bag;0.834065854549408;0.0;0.9619645476341248;0.0;2.403604411345348;0.40154782656644117;0.5984521734335588
1730779974.9103928;/app/bags/user95_2017-02-24.bag;0.834065854549408;0.0;0.9619645476341248;0.0;2.403604411345348;0.40154782656644117;0.5984521734335588
1730779975.1103923;/app/bags/user95_2017-02-24.bag;0.834065854549408;0.0;0.9619645476341248;0.0;2.403604411345348;0.40154782656644117;0.5984521734335588
1730779975.31039;/app/bags/user95_2017-02-24.bag;0.834065854549408;0.0;0.9619645476341248;0.0;2.403604411345348;0.40154782656644117;0.5984521734335588
1730779975.510375;/app/bags/user95_2017-02-24.bag;0.834065854549408;0.0;0.9619645476341248;0.0;2.403604411345348;0.40154782656644117;0.5984521734335588
1730779975.7103906;/app/bags/user95_2017-02-24.bag;0.834065854549408;0.0;0.9619645476341248;0.0;2.403604411345348;0.40154782656644117;0.5984521734335588
1730779975.9103863;/app/bags/user95_2017-02-24.bag;0.834065854549408;0.0;0.9619645476341248;0.0;2.403604411345348;0.40154782656644117;0.5984521734335588
1730779976.1103485;/app/bags/user95_2017-02-24.bag;0.834065854549408;0.0;0.9619645476341248;0.0;2.403604411345348;0.40154782656644117;0.5984521734335588
1730779976.3104897;/app/bags/user95_2017-02-24.bag;0.834065854549408;0.0;0.9619645476341248;0.0;2.403604411345348;0.40154782656644117;0.5984521734335588
1730779976.5103772;/app/bags/user95_2017-02-24.bag;0.834065854549408;0.0;0.9619645476341248;0.0;2.403604411345348;0.40154782656644117;0.5984521734335588
1730779976.7103786;/app/bags/user95_2017-02-24.bag;0.834065854549408;0.0;0.9619645476341248;0.0;2.403604411345348;0.40154782656644117;0.5984521734335588
1730779976.910366;/app/bags/user95_2017-02-24.bag;0.834065854549408;0.0;0.9619645476341248;0.0;2.403604411345348;0.40154782656644117;0.5984521734335588
1730779977.1103709;/app/bags/user95_2017-02-24.bag;0.834065854549408;0.0;0.9619645476341248;0.0;2.403604411345348;0.40154782656644117;0.5984521734335588
1730779977.3104215;/app/bags/user95_2017-02-24.bag;0.834065854549408;0.0;0.9619645476341248;0.0;2.403604411345348;0.40154782656644117;0.5984521734335588
1730779977.5104284;/app/bags/user95_2017-02-24.bag;0.834065854549408;0.0;0.9619645476341248;0.0;2.403604411345348;0.40154782656644117;0.5984521734335588
1730779977.7104044;/app/bags/user95_2017-02-24.bag;0.834065854549408;0.0;0.9619645476341248;0.0;2.403604411345348;0.40154782656644117;0.5984521734335588
1730779977.9103758;/app/bags/user95_2017-02-24.bag;0.834065854549408;0.0;0.9619645476341248;0.0;2.403604411345348;0.40154782656644117;0.5984521734335588
1730779978.1103723;/app/bags/user95_2017-02-24.bag;0.834065854549408;0.0;0.9619645476341248;0.0;2.403604411345348;0.40154782656644117;0.5984521734335588
1730779978.3103802;/app/bags/user95_2017-02-24.bag;0.834065854549408;0.0;0.9619645476341248;0.0;2.403604411345348;0.40154782656644117;0.5984521734335588
1730779978.510427;/app/bags/user95_2017-02-24.bag;0.834065854549408;0.0;0.9619645476341248;0.0;2.403604411345348;0.40154782656644117;0.5984521734335588
1730779978.7104301;/app/bags/user95_2017-02-24.bag;0.834065854549408;0.0;0.9619645476341248;0.0;2.403604411345348;0.40154782656644117;0.5984521734335588
1730779978.910391;/app/bags/user95_2017-02-24.bag;0.834065854549408;0.0;0.9619645476341248;0.0;2.403604411345348;0.40154782656644117;0.5984521734335588
1730779979.1106021;/app/bags/user95_2017-02-24.bag;0.834065854549408;0.0;0.9619645476341248;0.0;2.403604411345348;0.40154782656644117;0.5984521734335588
1730779979.3104393;/app/bags/user95_2017-02-24.bag;0.834065854549408;0.0;0.9619645476341248;0.0;2.403604411345348;0.40154782656644117;0.5984521734335588
1730779979.5103807;/app/bags/user95_2017-02-24.bag;0.834065854549408;0.0;0.9619645476341248;0.0;2.403604411345348;0.40154782656644117;0.5984521734335588
1730779979.7104008;/app/bags/user95_2017-02-24.bag;0.834065854549408;0.0;0.9619645476341248;0.0;2.403604411345348;0.40154782656644117;0.5984521734335588
1730779979.910394;/app/bags/user95_2017-02-24.bag;0.834065854549408;0.0;0.9619645476341248;0.0;2.403604411345348;0.40154782656644117;0.5984521734335588
1730779980.110441;/app/bags/user95_2017-02-24.bag;0.834065854549408;0.0;0.9619645476341248;0.0;2.403604411345348;0.40154782656644117;0.5984521734335588
1730779980.3104062;/app/bags/user95_2017-02-24.bag;0.834065854549408;0.0;0.9619645476341248;0.0;2.403604411345348;0.40154782656644117;0.5984521734335588
1730779980.5103981;/app/bags/user95_2017-02-24.bag;0.834065854549408;0.0;0.9619645476341248;0.0;2.403604411345348;0.40154782656644117;0.5984521734335588
1730779980.7103941;/app/bags/user95_2017-02-24.bag;0.834065854549408;0.0;0.9619645476341248;0.0;2.403604411345348;0.40154782656644117;0.5984521734335588
1730779980.9103835;/app/bags/user95_2017-02-24.bag;0.834065854549408;0.0;0.9619645476341248;0.0;2.403604411345348;0.40154782656644117;0.5984521734335588
1730779981.1104922;/app/bags/user95_2017-02-24.bag;0.834065854549408;0.0;0.9619645476341248;0.0;2.403604411345348;0.40154782656644117;0.5984521734335588
1730779981.3103719;/app/bags/user95_2017-02-24.bag;0.834065854549408;0.0;0.9619645476341248;0.0;2.403604411345348;0.40154782656644117;0.5984521734335588
1730779981.510384;/app/bags/user95_2017-02-24.bag;0.834065854549408;0.0;0.9619645476341248;0.0;2.403604411345348;0.40154782656644117;0.5984521734335588
1730779981.7104504;/app/bags/user95_2017-02-24.bag;0.834065854549408;0.0;0.9619645476341248;0.0;2.403604411345348;0.40154782656644117;0.5984521734335588
1730779981.9104056;/app/bags/user95_2017-02-24.bag;0.834065854549408;0.0;0.9619645476341248;0.0;2.403604411345348;0.40154782656644117;0.5984521734335588
1730779982.1103976;/app/bags/user95_2017-02-24.bag;0.834065854549408;0.0;0.9619645476341248;0.0;2.403604411345348;0.40154782656644117;0.5984521734335588
1730779982.3103576;/app/bags/user95_2017-02-24.bag;0.834065854549408;0.0;0.9619645476341248;0.0;2.403604411345348;0.40154782656644117;0.5984521734335588
1730779982.510369;/app/bags/user95_2017-02-24.bag;0.834065854549408;0.0;0.9619645476341248;0.0;2.403604411345348;0.40154782656644117;0.5984521734335588
1730779982.7103922;/app/bags/user95_2017-02-24.bag;0.834065854549408;0.0;0.9619645476341248;0.0;2.403604411345348;0.40154782656644117;0.5984521734335588
1730779982.9104173;/app/bags/user95_2017-02-24.bag;0.834065854549408;0.0;0.9619645476341248;0.0;2.403604411345348;0.40154782656644117;0.5984521734335588
1730779983.1103618;/app/bags/user95_2017-02-24.bag;0.834065854549408;0.0;0.9619645476341248;0.0;2.403604411345348;0.40154782656644117;0.5984521734335588
1730779983.3103511;/app/bags/user95_2017-02-24.bag;0.834065854549408;0.0;0.9619645476341248;0.0;2.403604411345348;0.40154782656644117;0.5984521734335588
1730779983.5104055;/app/bags/user95_2017-02-24.bag;0.834065854549408;0.0;0.9619645476341248;0.0;2.403604411345348;0.40154782656644117;0.5984521734335588
1730779983.7103667;/app/bags/user95_2017-02-24.bag;0.834065854549408;0.0;0.9619645476341248;0.0;2.403604411345348;0.40154782656644117;0.5984521734335588
1730779983.910369;/app/bags/user95_2017-02-24.bag;0.834065854549408;0.0;0.9619645476341248;0.0;2.403604411345348;0.40154782656644117;0.5984521734335588
1730779984.1103864;/app/bags/user95_2017-02-24.bag;0.834065854549408;0.0;0.9619645476341248;0.0;2.403604411345348;0.40154782656644117;0.5984521734335588
1730779984.310484;/app/bags/user95_2017-02-24.bag;0.834065854549408;0.0;0.9619645476341248;0.0;2.403604411345348;0.40154782656644117;0.5984521734335588
1730779984.5103683;/app/bags/user95_2017-02-24.bag;0.834065854549408;0.0;0.9619645476341248;0.0;2.403604411345348;0.40154782656644117;0.5984521734335588
1730779984.7104306;/app/bags/user95_2017-02-24.bag;0.834065854549408;0.0;0.9619645476341248;0.0;2.403604411345348;0.40154782656644117;0.5984521734335588
1730779984.9103844;/app/bags/user95_2017-02-24.bag;0.834065854549408;0.0;0.9619645476341248;0.0;2.403604411345348;0.40154782656644117;0.5984521734335588
1730779985.110374;/app/bags/user95_2017-02-24.bag;0.834065854549408;0.0;0.9619645476341248;0.0;2.403604411345348;0.40154782656644117;0.5984521734335588
1730779985.3105564;/app/bags/user95_2017-02-24.bag;0.834065854549408;0.0;0.9619645476341248;0.0;2.403604411345348;0.40154782656644117;0.5984521734335588
1730779985.5104043;/app/bags/user95_2017-02-24.bag;0.834065854549408;0.0;0.9619645476341248;0.0;2.403604411345348;0.40154782656644117;0.5984521734335588
1730779985.7103944;/app/bags/user95_2017-02-24.bag;0.834065854549408;0.0;0.9619645476341248;0.0;2.403604411345348;0.40154782656644117;0.5984521734335588
1730779985.9104118;/app/bags/user95_2017-02-24.bag;0.834065854549408;0.0;0.9619645476341248;0.0;2.403604411345348;0.40154782656644117;0.5984521734335588
1730779986.1104138;/app/bags/user95_2017-02-24.bag;0.834065854549408;0.0;0.9619645476341248;0.0;2.403604411345348;0.40154782656644117;0.5984521734335588
1730779986.3103826;/app/bags/user95_2017-02-24.bag;0.834065854549408;0.0;0.9619645476341248;0.0;2.403604411345348;0.40154782656644117;0.5984521734335588
1730779986.5103703;/app/bags/user95_2017-02-24.bag;0.834065854549408;0.0;0.9619645476341248;0.0;2.403604411345348;0.40154782656644117;0.5984521734335588
1730779986.7103887;/app/bags/user95_2017-02-24.bag;0.834065854549408;0.0;0.9619645476341248;0.0;2.403604411345348;0.40154782656644117;0.5984521734335588
1730779986.9104261;/app/bags/user95_2017-02-24.bag;0.834065854549408;0.0;0.9619645476341248;0.0;2.403604411345348;0.40154782656644117;0.5984521734335588
1730779987.1103592;/app/bags/user95_2017-02-24.bag;0.834065854549408;0.0;0.9619645476341248;0.0;2.403604411345348;0.40154782656644117;0.5984521734335588
1730779987.3103604;/app/bags/user95_2017-02-24.bag;0.834065854549408;0.0;0.9619645476341248;0.0;2.403604411345348;0.40154782656644117;0.5984521734335588
1730779987.510396;/app/bags/user95_2017-02-24.bag;0.834065854549408;0.0;0.9619645476341248;0.0;2.403604411345348;0.40154782656644117;0.5984521734335588
1730779987.7103732;/app/bags/user95_2017-02-24.bag;0.834065854549408;0.0;0.9619645476341248;0.0;2.403604411345348;0.40154782656644117;0.5984521734335588
1730779987.9104106;/app/bags/user95_2017-02-24.bag;0.834065854549408;0.0;0.9619645476341248;0.0;2.403604411345348;0.40154782656644117;0.5984521734335588
1730779988.1105127;/app/bags/user95_2017-02-24.bag;0.834065854549408;0.0;0.9619645476341248;0.0;2.403604411345348;0.40154782656644117;0.5984521734335588
1730779988.3104634;/app/bags/user95_2017-02-24.bag;0.834065854549408;0.0;0.9619645476341248;0.0;2.403604411345348;0.40154782656644117;0.5984521734335588
1730779988.5103672;/app/bags/user95_2017-02-24.bag;0.834065854549408;0.0;0.9619645476341248;0.0;2.403604411345348;0.40154782656644117;0.5984521734335588
1730779988.7104254;/app/bags/user95_2017-02-24.bag;0.834065854549408;0.0;0.9619645476341248;0.0;2.403604411345348;0.40154782656644117;0.5984521734335588
1730779988.910406;/app/bags/user95_2017-02-24.bag;0.834065854549408;0.0;0.9619645476341248;0.0;2.403604411345348;0.40154782656644117;0.5984521734335588
1730779989.1104212;/app/bags/user95_2017-02-24.bag;0.834065854549408;0.0;0.9619645476341248;0.0;2.403604411345348;0.40154782656644117;0.5984521734335588
1730779989.3103864;/app/bags/user95_2017-02-24.bag;0.834065854549408;0.0;0.9619645476341248;0.0;2.403604411345348;0.40154782656644117;0.5984521734335588
1730779989.5104215;/app/bags/user95_2017-02-24.bag;0.834065854549408;0.0;0.9619645476341248;0.0;2.403604411345348;0.40154782656644117;0.5984521734335588
1730779989.7103853;/app/bags/user95_2017-02-24.bag;0.834065854549408;0.0;0.9619645476341248;0.0;2.403604411345348;0.40154782656644117;0.5984521734335588
1730779989.9104006;/app/bags/user95_2017-02-24.bag;0.834065854549408;0.0;0.9619645476341248;0.0;2.403604411345348;0.40154782656644117;0.5984521734335588
1730779990.110427;/app/bags/user95_2017-02-24.bag;0.834065854549408;0.0;0.9619645476341248;0.0;2.403604411345348;0.40154782656644117;0.5984521734335588
1730779990.310414;/app/bags/user95_2017-02-24.bag;0.834065854549408;0.0;0.9619645476341248;0.0;2.403604411345348;0.40154782656644117;0.5984521734335588
1730779990.5103636;/app/bags/user95_2017-02-24.bag;0.834065854549408;0.0;0.9619645476341248;0.0;2.403604411345348;0.40154782656644117;0.5984521734335588
1730779990.7116752;/app/bags/user95_2017-02-24.bag;0.834065854549408;0.0;0.9619645476341248;0.0;2.403604411345348;0.40154782656644117;0.5984521734335588
1730779990.9103968;/app/bags/user95_2017-02-24.bag;0.834065854549408;0.0;0.9619645476341248;0.0;2.403604411345348;0.40154782656644117;0.5984521734335588
1730779991.1104176;/app/bags/user95_2017-02-24.bag;0.834065854549408;0.0;0.9619645476341248;0.0;2.403604411345348;0.40154782656644117;0.5984521734335588
1730779991.3103697;/app/bags/user95_2017-02-24.bag;0.834065854549408;0.0;0.9619645476341248;0.0;2.403604411345348;0.40154782656644117;0.5984521734335588
1730779991.510385;/app/bags/user95_2017-02-24.bag;0.834065854549408;0.0;0.9619645476341248;0.0;2.403604411345348;0.40154782656644117;0.5984521734335588
1730779991.710377;/app/bags/user95_2017-02-24.bag;0.834065854549408;0.0;0.9619645476341248;0.0;2.403604411345348;0.40154782656644117;0.5984521734335588
1730779991.9103878;/app/bags/user95_2017-02-24.bag;0.834065854549408;0.0;0.9619645476341248;0.0;2.403604411345348;0.40154782656644117;0.5984521734335588
1730779992.1104212;/app/bags/user95_2017-02-24.bag;0.834065854549408;0.0;0.9619645476341248;0.0;2.403604411345348;0.40154782656644117;0.5984521734335588
1730779992.3104062;/app/bags/user95_2017-02-24.bag;0.834065854549408;0.0;0.9619645476341248;0.0;2.403604411345348;0.40154782656644117;0.5984521734335588
1730779992.510382;/app/bags/user95_2017-02-24.bag;0.834065854549408;0.0;0.9619645476341248;0.0;2.403604411345348;0.40154782656644117;0.5984521734335588
1730779992.7104118;/app/bags/user95_2017-02-24.bag;0.834065854549408;0.0;0.9619645476341248;0.0;2.403604411345348;0.40154782656644117;0.5984521734335588
1730779992.9103673;/app/bags/user95_2017-02-24.bag;0.834065854549408;0.0;0.9619645476341248;0.0;2.403604411345348;0.40154782656644117;0.5984521734335588
1730779993.1103613;/app/bags/user95_2017-02-24.bag;0.834065854549408;0.0;0.9619645476341248;0.0;2.403604411345348;0.40154782656644117;0.5984521734335588
1730779993.3103824;/app/bags/user95_2017-02-24.bag;0.834065854549408;0.0;0.9619645476341248;0.0;2.403604411345348;0.40154782656644117;0.5984521734335588
1730779993.5103657;/app/bags/user95_2017-02-24.bag;0.834065854549408;0.0;0.9619645476341248;0.0;2.403604411345348;0.40154782656644117;0.5984521734335588
1730779993.7103822;/app/bags/user95_2017-02-24.bag;0.834065854549408;0.0;0.9619645476341248;0.0;2.403604411345348;0.40154782656644117;0.5984521734335588
1730779993.9104164;/app/bags/user95_2017-02-24.bag;0.834065854549408;0.0;0.9619645476341248;0.0;2.403604411345348;0.40154782656644117;0.5984521734335588
1730779994.110432;/app/bags/user95_2017-02-24.bag;0.834065854549408;0.0;0.9619645476341248;0.0;2.403604411345348;0.40154782656644117;0.5984521734335588
1730779994.3104246;/app/bags/user95_2017-02-24.bag;0.834065854549408;0.0;0.9619645476341248;0.0;2.403604411345348;0.40154782656644117;0.5984521734335588
1730779994.510393;/app/bags/user95_2017-02-24.bag;0.834065854549408;0.0;0.9619645476341248;0.0;2.403604411345348;0.40154782656644117;0.5984521734335588
1730779994.7103784;/app/bags/user95_2017-02-24.bag;0.834065854549408;0.0;0.9619645476341248;0.0;2.403604411345348;0.40154782656644117;0.5984521734335588
1730779994.9105265;/app/bags/user95_2017-02-24.bag;0.834065854549408;0.0;0.9619645476341248;0.0;2.403604411345348;0.40154782656644117;0.5984521734335588
1730779995.110384;/app/bags/user95_2017-02-24.bag;0.834065854549408;0.0;0.9619645476341248;0.0;2.403604411345348;0.40154782656644117;0.5984521734335588
1730779995.3104303;/app/bags/user95_2017-02-24.bag;0.834065854549408;0.0;0.9619645476341248;0.0;2.403604411345348;0.40154782656644117;0.5984521734335588
1730779995.5104418;/app/bags/user95_2017-02-24.bag;0.834065854549408;0.0;0.9619645476341248;0.0;2.403604411345348;0.40154782656644117;0.5984521734335588
1730779995.7104542;/app/bags/user95_2017-02-24.bag;0.834065854549408;0.0;0.9619645476341248;0.0;2.403604411345348;0.40154782656644117;0.5984521734335588
1730779995.9103975;/app/bags/user95_2017-02-24.bag;0.834065854549408;0.0;0.9619645476341248;0.0;2.403604411345348;0.40154782656644117;0.5984521734335588
1730779996.110391;/app/bags/user95_2017-02-24.bag;0.834065854549408;0.0;0.9619645476341248;0.0;2.403604411345348;0.40154782656644117;0.5984521734335588
1730779996.310377;/app/bags/user95_2017-02-24.bag;0.834065854549408;0.0;0.9619645476341248;0.0;2.403604411345348;0.40154782656644117;0.5984521734335588
1730779996.5103738;/app/bags/user95_2017-02-24.bag;0.834065854549408;0.0;0.9619645476341248;0.0;2.403604411345348;0.40154782656644117;0.5984521734335588
1730779996.710375;/app/bags/user95_2017-02-24.bag;0.834065854549408;0.0;0.9619645476341248;0.0;2.403604411345348;0.40154782656644117;0.5984521734335588
1730779996.9103894;/app/bags/user95_2017-02-24.bag;0.834065854549408;0.0;0.9619645476341248;0.0;2.403604411345348;0.40154782656644117;0.5984521734335588
1730779997.1103823;/app/bags/user95_2017-02-24.bag;0.834065854549408;0.0;0.9619645476341248;0.0;2.403604411345348;0.40154782656644117;0.5984521734335588
1730779997.3104112;/app/bags/user95_2017-02-24.bag;0.834065854549408;0.0;0.9619645476341248;0.0;2.403604411345348;0.40154782656644117;0.5984521734335588
1730779997.510383;/app/bags/user95_2017-02-24.bag;0.834065854549408;0.0;0.9619645476341248;0.0;2.403604411345348;0.40154782656644117;0.5984521734335588
1730779997.7103705;/app/bags/user95_2017-02-24.bag;0.834065854549408;0.0;0.9619645476341248;0.0;2.403604411345348;0.40154782656644117;0.5984521734335588
1730779997.9104018;/app/bags/user95_2017-02-24.bag;0.834065854549408;0.0;0.9619645476341248;0.0;2.403604411345348;0.40154782656644117;0.5984521734335588
1730779998.1103795;/app/bags/user95_2017-02-24.bag;0.834065854549408;0.0;0.9619645476341248;0.0;2.403604411345348;0.40154782656644117;0.5984521734335588
1730779998.3105042;/app/bags/user95_2017-02-24.bag;0.834065854549408;0.0;0.9619645476341248;0.0;2.403604411345348;0.40154782656644117;0.5984521734335588
1730779998.5104063;/app/bags/user95_2017-02-24.bag;0.834065854549408;0.0;0.9619645476341248;0.0;2.403604411345348;0.40154782656644117;0.5984521734335588
1730779998.7103903;/app/bags/user95_2017-02-24.bag;0.834065854549408;0.0;0.9619645476341248;0.0;2.403604411345348;0.40154782656644117;0.5984521734335588
1730779998.910419;/app/bags/user95_2017-02-24.bag;0.834065854549408;0.0;0.9619645476341248;0.0;2.403604411345348;0.40154782656644117;0.5984521734335588
1730779999.1104968;/app/bags/user95_2017-02-24.bag;0.834065854549408;0.0;0.9619645476341248;0.0;2.403604411345348;0.40154782656644117;0.5984521734335588
1730779999.3103528;/app/bags/user95_2017-02-24.bag;0.834065854549408;0.0;0.9619645476341248;0.0;2.403604411345348;0.40154782656644117;0.5984521734335588
1730779999.510426;/app/bags/user95_2017-02-24.bag;0.834065854549408;0.0;0.9619645476341248;0.0;2.403604411345348;0.40154782656644117;0.5984521734335588
1730779999.7103865;/app/bags/user95_2017-02-24.bag;0.834065854549408;0.0;0.9619645476341248;0.0;2.403604411345348;0.40154782656644117;0.5984521734335588
1730779999.9103725;/app/bags/user95_2017-02-24.bag;0.834065854549408;0.0;0.9619645476341248;0.0;2.403604411345348;0.40154782656644117;0.5984521734335588
1730780000.1103885;/app/bags/user95_2017-02-24.bag;0.834065854549408;0.0;0.9619645476341248;0.0;2.403604411345348;0.40154782656644117;0.5984521734335588
1730780000.3103988;/app/bags/user95_2017-02-24.bag;0.834065854549408;0.0;0.9619645476341248;0.0;2.403604411345348;0.40154782656644117;0.5984521734335588
1730780000.5104227;/app/bags/user95_2017-02-24.bag;0.834065854549408;0.0;0.9619645476341248;0.0;2.403604411345348;0.40154782656644117;0.5984521734335588
1730780000.710429;/app/bags/user95_2017-02-24.bag;0.834065854549408;0.0;0.9619645476341248;0.0;2.403604411345348;0.40154782656644117;0.5984521734335588
1730780000.9103878;/app/bags/user95_2017-02-24.bag;0.834065854549408;0.0;0.9619645476341248;0.0;2.403604411345348;0.40154782656644117;0.5984521734335588
1730780001.1104121;/app/bags/user95_2017-02-24.bag;0.834065854549408;0.0;0.9619645476341248;0.0;2.403604411345348;0.40154782656644117;0.5984521734335588
1730780001.3104079;/app/bags/user95_2017-02-24.bag;0.834065854549408;0.0;0.9619645476341248;0.0;2.403604411345348;0.40154782656644117;0.5984521734335588
1730780001.510409;/app/bags/user95_2017-02-24.bag;0.834065854549408;0.0;0.9619645476341248;0.0;2.403604411345348;0.40154782656644117;0.5984521734335588
1730780001.7103758;/app/bags/user95_2017-02-24.bag;0.834065854549408;0.0;0.9619645476341248;0.0;2.403604411345348;0.40154782656644117;0.5984521734335588
1730780001.9103734;/app/bags/user95_2017-02-24.bag;0.834065854549408;0.0;0.9619645476341248;0.0;2.403604411345348;0.40154782656644117;0.5984521734335588
1730780002.110419;/app/bags/user95_2017-02-24.bag;0.834065854549408;0.0;0.9619645476341248;0.0;2.403604411345348;0.40154782656644117;0.5984521734335588
1730780002.3104372;/app/bags/user95_2017-02-24.bag;0.834065854549408;0.0;0.9619645476341248;0.0;2.403604411345348;0.40154782656644117;0.5984521734335588
1730780002.5103552;/app/bags/user95_2017-02-24.bag;0.834065854549408;0.0;0.9619645476341248;0.0;2.403604411345348;0.40154782656644117;0.5984521734335588
1730780002.7105362;/app/bags/user95_2017-02-24.bag;0.834065854549408;0.0;0.9619645476341248;0.0;2.403604411345348;0.40154782656644117;0.5984521734335588
1730780002.9103844;/app/bags/user95_2017-02-24.bag;0.834065854549408;0.0;0.9619645476341248;0.0;2.403604411345348;0.40154782656644117;0.5984521734335588
1730780003.1103957;/app/bags/user95_2017-02-24.bag;0.834065854549408;0.0;0.9619645476341248;0.0;2.403604411345348;0.40154782656644117;0.5984521734335588
1730780003.310369;/app/bags/user95_2017-02-24.bag;0.834065854549408;0.0;0.9619645476341248;0.0;2.403604411345348;0.40154782656644117;0.5984521734335588
1730780003.510381;/app/bags/user95_2017-02-24.bag;0.834065854549408;0.0;0.9619645476341248;0.0;2.403604411345348;0.40154782656644117;0.5984521734335588
1730780003.7104003;/app/bags/user95_2017-02-24.bag;0.834065854549408;0.0;0.9619645476341248;0.0;2.403604411345348;0.40154782656644117;0.5984521734335588
1730780003.9103932;/app/bags/user95_2017-02-24.bag;0.834065854549408;0.0;0.9619645476341248;0.0;2.403604411345348;0.40154782656644117;0.5984521734335588
1730780004.1103756;/app/bags/user95_2017-02-24.bag;0.834065854549408;0.0;0.9619645476341248;0.0;2.403604411345348;0.40154782656644117;0.5984521734335588
1730780004.3104248;/app/bags/user95_2017-02-24.bag;0.834065854549408;0.0;0.9619645476341248;0.0;2.403604411345348;0.40154782656644117;0.5984521734335588
1730780004.5104256;/app/bags/user95_2017-02-24.bag;0.834065854549408;0.0;0.9619645476341248;0.0;2.403604411345348;0.40154782656644117;0.5984521734335588
1730780004.7103803;/app/bags/user95_2017-02-24.bag;0.834065854549408;0.0;0.9619645476341248;0.0;2.403604411345348;0.40154782656644117;0.5984521734335588
1730780004.9103925;/app/bags/user95_2017-02-24.bag;0.834065854549408;0.0;0.9619645476341248;0.0;2.403604411345348;0.40154782656644117;0.5984521734335588
1730780005.110459;/app/bags/user95_2017-02-24.bag;0.834065854549408;0.0;0.9619645476341248;0.0;2.403604411345348;0.40154782656644117;0.5984521734335588
1730780005.3103793;/app/bags/user95_2017-02-24.bag;0.834065854549408;0.0;0.9619645476341248;0.0;2.403604411345348;0.40154782656644117;0.5984521734335588
1730780005.5103908;/app/bags/user95_2017-02-24.bag;0.834065854549408;0.0;0.9619645476341248;0.0;2.403604411345348;0.40154782656644117;0.5984521734335588
1730780005.710387;/app/bags/user95_2017-02-24.bag;0.834065854549408;0.0;0.9619645476341248;0.0;2.403604411345348;0.40154782656644117;0.5984521734335588
1730780005.9103744;/app/bags/user95_2017-02-24.bag;0.834065854549408;0.0;0.9619645476341248;0.0;2.403604411345348;0.40154782656644117;0.5984521734335588
1730780006.1103642;/app/bags/user95_2017-02-24.bag;0.834065854549408;0.0;0.9619645476341248;0.0;2.403604411345348;0.40154782656644117;0.5984521734335588
1730780006.310435;/app/bags/user95_2017-02-24.bag;0.834065854549408;0.0;0.9619645476341248;0.0;2.403604411345348;0.40154782656644117;0.5984521734335588
1730780006.5103652;/app/bags/user95_2017-02-24.bag;0.834065854549408;0.0;0.9619645476341248;0.0;2.403604411345348;0.40154782656644117;0.5984521734335588
1730780006.710422;/app/bags/user95_2017-02-24.bag;0.834065854549408;0.0;0.9619645476341248;0.0;2.403604411345348;0.40154782656644117;0.5984521734335588
1730780006.9103763;/app/bags/user95_2017-02-24.bag;0.834065854549408;0.0;0.9619645476341248;0.0;2.403604411345348;0.40154782656644117;0.5984521734335588
1730780007.1103811;/app/bags/user95_2017-02-24.bag;0.834065854549408;0.0;0.9619645476341248;0.0;2.403604411345348;0.40154782656644117;0.5984521734335588
1730780007.3104205;/app/bags/user95_2017-02-24.bag;0.834065854549408;0.0;0.9619645476341248;0.0;2.403604411345348;0.40154782656644117;0.5984521734335588
1730780007.5104847;/app/bags/user95_2017-02-24.bag;0.834065854549408;0.0;0.9619645476341248;0.0;2.403604411345348;0.40154782656644117;0.5984521734335588
1730780007.7103364;/app/bags/user95_2017-02-24.bag;0.834065854549408;0.0;0.9619645476341248;0.0;2.403604411345348;0.40154782656644117;0.5984521734335588
1730780007.910436;/app/bags/user95_2017-02-24.bag;0.834065854549408;0.0;0.9619645476341248;0.0;2.403604411345348;0.40154782656644117;0.5984521734335588
1730780008.1103508;/app/bags/user95_2017-02-24.bag;0.834065854549408;0.0;0.9619645476341248;0.0;2.403604411345348;0.40154782656644117;0.5984521734335588
1730780008.31043;/app/bags/user95_2017-02-24.bag;0.834065854549408;0.0;0.9619645476341248;0.0;2.403604411345348;0.40154782656644117;0.5984521734335588
1730780008.5103867;/app/bags/user95_2017-02-24.bag;0.834065854549408;0.0;0.9619645476341248;0.0;2.403604411345348;0.40154782656644117;0.5984521734335588
1730780008.7103846;/app/bags/user95_2017-02-24.bag;0.834065854549408;0.0;0.9619645476341248;0.0;2.403604411345348;0.40154782656644117;0.5984521734335588
1730780008.9103882;/app/bags/user95_2017-02-24.bag;0.834065854549408;0.0;0.9619645476341248;0.0;2.403604411345348;0.40154782656644117;0.5984521734335588
1730780009.110484;/app/bags/user95_2017-02-24.bag;0.834065854549408;0.0;0.9619645476341248;0.0;2.403604411345348;0.40154782656644117;0.5984521734335588
1730780009.3104355;/app/bags/user95_2017-02-24.bag;0.834065854549408;0.0;0.9619645476341248;0.0;2.403604411345348;0.40154782656644117;0.5984521734335588
1730780009.5103788;/app/bags/user95_2017-02-24.bag;0.834065854549408;0.0;0.9619645476341248;0.0;2.403604411345348;0.40154782656644117;0.5984521734335588
1730780009.7104313;/app/bags/user95_2017-02-24.bag;0.834065854549408;0.0;0.9619645476341248;0.0;2.403604411345348;0.40154782656644117;0.5984521734335588
1730780009.910437;/app/bags/user95_2017-02-24.bag;0.834065854549408;0.0;0.9619645476341248;0.0;2.403604411345348;0.40154782656644117;0.5984521734335588
1730780010.110385;/app/bags/user95_2017-02-24.bag;0.834065854549408;0.0;0.9619645476341248;0.0;2.403604411345348;0.40154782656644117;0.5984521734335588
1730780010.3105502;/app/bags/user95_2017-02-24.bag;0.834065854549408;0.0;0.9619645476341248;0.0;2.403604411345348;0.40154782656644117;0.5984521734335588
1730780010.5104668;/app/bags/user95_2017-02-24.bag;0.834065854549408;0.0;0.9619645476341248;0.0;2.403604411345348;0.40154782656644117;0.5984521734335588
1730780010.710381;/app/bags/user95_2017-02-24.bag;0.834065854549408;0.0;0.9619645476341248;0.0;2.403604411345348;0.40154782656644117;0.5984521734335588
1730780010.9104736;/app/bags/user95_2017-02-24.bag;0.834065854549408;0.0;0.9619645476341248;0.0;2.403604411345348;0.40154782656644117;0.5984521734335588
1730780011.1104019;/app/bags/user95_2017-02-24.bag;0.834065854549408;0.0;0.9619645476341248;0.0;2.403604411345348;0.40154782656644117;0.5984521734335588
1730780011.3103874;/app/bags/user95_2017-02-24.bag;0.834065854549408;0.0;0.9619645476341248;0.0;2.403604411345348;0.40154782656644117;0.5984521734335588
1730780011.5103633;/app/bags/user95_2017-02-24.bag;0.834065854549408;0.0;0.9619645476341248;0.0;2.403604411345348;0.40154782656644117;0.5984521734335588
1730780011.7104075;/app/bags/user95_2017-02-24.bag;0.834065854549408;0.0;0.9619645476341248;0.0;2.403604411345348;0.40154782656644117;0.5984521734335588
1730780011.9104366;/app/bags/user95_2017-02-24.bag;0.834065854549408;0.0;0.9619645476341248;0.0;2.403604411345348;0.40154782656644117;0.5984521734335588
1730780012.1103487;/app/bags/user95_2017-02-24.bag;0.834065854549408;0.0;0.9619645476341248;0.0;2.403604411345348;0.40154782656644117;0.5984521734335588
1730780012.3103988;/app/bags/user95_2017-02-24.bag;0.834065854549408;0.0;0.9619645476341248;0.0;2.403604411345348;0.40154782656644117;0.5984521734335588
1730780012.5103514;/app/bags/user95_2017-02-24.bag;0.834065854549408;0.0;0.9619645476341248;0.0;2.403604411345348;0.40154782656644117;0.5984521734335588
1730780012.7103739;/app/bags/user95_2017-02-24.bag;0.834065854549408;0.0;0.9619645476341248;0.0;2.403604411345348;0.40154782656644117;0.5984521734335588
1730780012.910378;/app/bags/user95_2017-02-24.bag;0.834065854549408;0.0;0.9619645476341248;0.0;2.403604411345348;0.40154782656644117;0.5984521734335588
1730780013.1103754;/app/bags/user95_2017-02-24.bag;0.834065854549408;0.0;0.9619645476341248;0.0;2.403604411345348;0.40154782656644117;0.5984521734335588
1730780013.3104453;/app/bags/user95_2017-02-24.bag;0.834065854549408;0.0;0.9619645476341248;0.0;2.403604411345348;0.40154782656644117;0.5984521734335588
1730780013.510401;/app/bags/user95_2017-02-24.bag;0.834065854549408;0.0;0.9619645476341248;0.0;2.403604411345348;0.40154782656644117;0.5984521734335588
1730780013.710387;/app/bags/user95_2017-02-24.bag;0.834065854549408;0.0;0.9619645476341248;0.0;2.403604411345348;0.40154782656644117;0.5984521734335588
1730780013.9103847;/app/bags/user95_2017-02-24.bag;0.834065854549408;0.0;0.9619645476341248;0.0;2.403604411345348;0.40154782656644117;0.5984521734335588
1730780014.1104262;/app/bags/user95_2017-02-24.bag;0.834065854549408;0.0;0.9619645476341248;0.0;2.403604411345348;0.40154782656644117;0.5984521734335588
1730780014.310404;/app/bags/user95_2017-02-24.bag;0.834065854549408;0.0;0.9619645476341248;0.0;2.403604411345348;0.40154782656644117;0.5984521734335588
1730780014.5104177;/app/bags/user95_2017-02-24.bag;0.834065854549408;0.0;0.9619645476341248;0.0;2.403604411345348;0.40154782656644117;0.5984521734335588
1730780014.7103865;/app/bags/user95_2017-02-24.bag;0.834065854549408;0.0;0.9619645476341248;0.0;2.403604411345348;0.40154782656644117;0.5984521734335588
1730780014.9103518;/app/bags/user95_2017-02-24.bag;0.834065854549408;0.0;0.9619645476341248;0.0;2.403604411345348;0.40154782656644117;0.5984521734335588
1730780015.110416;/app/bags/user95_2017-02-24.bag;0.834065854549408;0.0;0.9619645476341248;0.0;2.403604411345348;0.40154782656644117;0.5984521734335588
1730780015.3103805;/app/bags/user95_2017-02-24.bag;0.834065854549408;0.0;0.9619645476341248;0.0;2.403604411345348;0.40154782656644117;0.5984521734335588
1730780015.5103998;/app/bags/user95_2017-02-24.bag;0.834065854549408;0.0;0.9619645476341248;0.0;2.403604411345348;0.40154782656644117;0.5984521734335588
1730780015.7103584;/app/bags/user95_2017-02-24.bag;0.834065854549408;0.0;0.9619645476341248;0.0;2.403604411345348;0.40154782656644117;0.5984521734335588
1730780015.9103398;/app/bags/user95_2017-02-24.bag;0.834065854549408;0.0;0.9619645476341248;0.0;2.403604411345348;0.40154782656644117;0.5984521734335588
1730780016.11059;/app/bags/user95_2017-02-24.bag;0.834065854549408;0.0;0.9619645476341248;0.0;2.403604411345348;0.40154782656644117;0.5984521734335588
1730780016.3103802;/app/bags/user95_2017-02-24.bag;0.834065854549408;0.0;0.9619645476341248;0.0;2.403604411345348;0.40154782656644117;0.5984521734335588
1730780016.5104196;/app/bags/user95_2017-02-24.bag;0.834065854549408;0.0;0.9619645476341248;0.0;2.403604411345348;0.40154782656644117;0.5984521734335588
1730780016.7104228;/app/bags/user95_2017-02-24.bag;0.834065854549408;0.0;0.9619645476341248;0.0;2.403604411345348;0.40154782656644117;0.5984521734335588
1730780016.9103806;/app/bags/user95_2017-02-24.bag;0.834065854549408;0.0;0.9619645476341248;0.0;2.403604411345348;0.40154782656644117;0.5984521734335588
1730780017.1103878;/app/bags/user95_2017-02-24.bag;0.834065854549408;0.0;0.9619645476341248;0.0;2.403604411345348;0.40154782656644117;0.5984521734335588
1730780017.3103948;/app/bags/user95_2017-02-24.bag;0.834065854549408;0.0;0.9619645476341248;0.0;2.403604411345348;0.40154782656644117;0.5984521734335588
1730780017.5104744;/app/bags/user95_2017-02-24.bag;0.834065854549408;0.0;0.9619645476341248;0.0;2.403604411345348;0.40154782656644117;0.5984521734335588
1730780017.710373;/app/bags/user95_2017-02-24.bag;0.834065854549408;0.0;0.9619645476341248;0.0;2.403604411345348;0.40154782656644117;0.5984521734335588
1730780017.9103978;/app/bags/user95_2017-02-24.bag;0.834065854549408;0.0;0.9619645476341248;0.0;2.403604411345348;0.40154782656644117;0.5984521734335588
1730780018.1104147;/app/bags/user95_2017-02-24.bag;0.834065854549408;0.0;0.9619645476341248;0.0;2.403604411345348;0.40154782656644117;0.5984521734335588
1730780018.3104308;/app/bags/user95_2017-02-24.bag;0.834065854549408;0.0;0.9619645476341248;0.0;2.403604411345348;0.40154782656644117;0.5984521734335588
1730780018.5103762;/app/bags/user95_2017-02-24.bag;0.834065854549408;0.0;0.9619645476341248;0.0;2.403604411345348;0.40154782656644117;0.5984521734335588
1730780018.710378;/app/bags/user95_2017-02-24.bag;0.834065854549408;0.0;0.9619645476341248;0.0;2.403604411345348;0.40154782656644117;0.5984521734335588
1730780018.9104052;/app/bags/user95_2017-02-24.bag;0.834065854549408;0.0;0.9619645476341248;0.0;2.403604411345348;0.40154782656644117;0.5984521734335588
1730780019.1103888;/app/bags/user95_2017-02-24.bag;0.834065854549408;0.0;0.9619645476341248;0.0;2.403604411345348;0.40154782656644117;0.5984521734335588
1730780019.3104444;/app/bags/user95_2017-02-24.bag;0.834065854549408;0.0;0.9619645476341248;0.0;2.403604411345348;0.40154782656644117;0.5984521734335588
1730780019.5103939;/app/bags/user95_2017-02-24.bag;0.834065854549408;0.0;0.9619645476341248;0.0;2.403604411345348;0.40154782656644117;0.5984521734335588
1730780019.710375;/app/bags/user95_2017-02-24.bag;0.834065854549408;0.0;0.9619645476341248;0.0;2.403604411345348;0.40154782656644117;0.5984521734335588
1730780019.9103804;/app/bags/user95_2017-02-24.bag;0.834065854549408;0.0;0.9619645476341248;0.0;2.403604411345348;0.40154782656644117;0.5984521734335588
1730780020.1104267;/app/bags/user95_2017-02-24.bag;0.834065854549408;0.0;0.9619645476341248;0.0;2.403604411345348;0.40154782656644117;0.5984521734335588
1730780020.310392;/app/bags/user95_2017-02-24.bag;0.834065854549408;0.0;0.9619645476341248;0.0;2.403604411345348;0.40154782656644117;0.5984521734335588
1730780020.5103946;/app/bags/user95_2017-02-24.bag;0.834065854549408;0.0;0.9619645476341248;0.0;2.403604411345348;0.40154782656644117;0.5984521734335588
1730780020.7104442;/app/bags/user95_2017-02-24.bag;0.834065854549408;0.0;0.9619645476341248;0.0;2.403604411345348;0.40154782656644117;0.5984521734335588
1730780020.910395;/app/bags/user95_2017-02-24.bag;0.834065854549408;0.0;0.9619645476341248;0.0;2.403604411345348;0.40154782656644117;0.5984521734335588
1730780021.1104403;/app/bags/user95_2017-02-24.bag;0.834065854549408;0.0;0.9619645476341248;0.0;2.403604411345348;0.40154782656644117;0.5984521734335588
1730780021.3104115;/app/bags/user95_2017-02-24.bag;0.834065854549408;0.0;0.9619645476341248;0.0;2.403604411345348;0.40154782656644117;0.5984521734335588
1730780021.5103705;/app/bags/user95_2017-02-24.bag;0.834065854549408;0.0;0.9619645476341248;0.0;2.403604411345348;0.40154782656644117;0.5984521734335588
1730780021.7103543;/app/bags/user95_2017-02-24.bag;0.834065854549408;0.0;0.9619645476341248;0.0;2.403604411345348;0.40154782656644117;0.5984521734335588
1730780021.910407;/app/bags/user95_2017-02-24.bag;0.834065854549408;0.0;0.9619645476341248;0.0;2.403604411345348;0.40154782656644117;0.5984521734335588
1730780022.1104338;/app/bags/user95_2017-02-24.bag;0.834065854549408;0.0;0.9619645476341248;0.0;2.403604411345348;0.40154782656644117;0.5984521734335588
1730780022.310414;/app/bags/user95_2017-02-24.bag;0.834065854549408;0.0;0.9619645476341248;0.0;2.403604411345348;0.40154782656644117;0.5984521734335588
1730780022.510379;/app/bags/user95_2017-02-24.bag;0.834065854549408;0.0;0.9619645476341248;0.0;2.403604411345348;0.40154782656644117;0.5984521734335588
1730780022.7104273;/app/bags/user95_2017-02-24.bag;0.834065854549408;0.0;0.9619645476341248;0.0;2.403604411345348;0.40154782656644117;0.5984521734335588
1730780022.910403;/app/bags/user95_2017-02-24.bag;0.834065854549408;0.0;0.9619645476341248;0.0;2.403604411345348;0.40154782656644117;0.5984521734335588
1730780023.1104097;/app/bags/user95_2017-02-24.bag;0.834065854549408;0.0;0.9619645476341248;0.0;2.403604411345348;0.40154782656644117;0.5984521734335588
1730780023.3103766;/app/bags/user95_2017-02-24.bag;0.834065854549408;0.0;0.9619645476341248;0.0;2.403604411345348;0.40154782656644117;0.5984521734335588
1730780023.5104446;/app/bags/user95_2017-02-24.bag;0.834065854549408;0.0;0.9619645476341248;0.0;2.403604411345348;0.40154782656644117;0.5984521734335588
1730780023.7103853;/app/bags/user95_2017-02-24.bag;0.834065854549408;0.0;0.9619645476341248;0.0;2.403604411345348;0.40154782656644117;0.5984521734335588
1730780023.9103627;/app/bags/user95_2017-02-24.bag;0.834065854549408;0.0;0.9619645476341248;0.0;2.403604411345348;0.40154782656644117;0.5984521734335588
1730780024.1103914;/app/bags/user95_2017-02-24.bag;0.834065854549408;0.0;0.9619645476341248;0.0;2.403604411345348;0.40154782656644117;0.5984521734335588
1730780024.310403;/app/bags/user95_2017-02-24.bag;0.834065854549408;0.0;0.9619645476341248;0.0;2.403604411345348;0.40154782656644117;0.5984521734335588
1730780024.5103834;/app/bags/user95_2017-02-24.bag;0.834065854549408;0.0;0.9619645476341248;0.0;2.403604411345348;0.40154782656644117;0.5984521734335588
1730780024.7103856;/app/bags/user95_2017-02-24.bag;0.834065854549408;0.0;0.9619645476341248;0.0;2.403604411345348;0.40154782656644117;0.5984521734335588
1730780024.9104233;/app/bags/user95_2017-02-24.bag;0.834065854549408;0.0;0.9619645476341248;0.0;2.403604411345348;0.40154782656644117;0.5984521734335588
1730780025.110404;/app/bags/user95_2017-02-24.bag;0.834065854549408;0.0;0.9619645476341248;0.0;2.403604411345348;0.40154782656644117;0.5984521734335588
1730780025.310337;/app/bags/user95_2017-02-24.bag;0.834065854549408;0.0;0.9619645476341248;0.0;2.403604411345348;0.40154782656644117;0.5984521734335588
1730780025.5103757;/app/bags/user95_2017-02-24.bag;0.834065854549408;0.0;0.9619645476341248;0.0;2.403604411345348;0.40154782656644117;0.5984521734335588
1730780025.7103457;/app/bags/user95_2017-02-24.bag;0.834065854549408;0.0;0.9619645476341248;0.0;2.403604411345348;0.40154782656644117;0.5984521734335588
1730780025.9103804;/app/bags/user95_2017-02-24.bag;0.834065854549408;0.0;0.9619645476341248;0.0;2.403604411345348;0.40154782656644117;0.5984521734335588
1730780026.1104016;/app/bags/user95_2017-02-24.bag;0.834065854549408;0.0;0.9619645476341248;0.0;2.403604411345348;0.40154782656644117;0.5984521734335588
1730780026.3103788;/app/bags/user95_2017-02-24.bag;0.834065854549408;0.0;0.9619645476341248;0.0;2.403604411345348;0.40154782656644117;0.5984521734335588
1730780026.5103512;/app/bags/user95_2017-02-24.bag;0.834065854549408;0.0;0.9619645476341248;0.0;2.403604411345348;0.40154782656644117;0.5984521734335588
1730780026.710378;/app/bags/user95_2017-02-24.bag;0.834065854549408;0.0;0.9619645476341248;0.0;2.403604411345348;0.40154782656644117;0.5984521734335588
1730780026.9104033;/app/bags/user95_2017-02-24.bag;0.834065854549408;0.0;0.9619645476341248;0.0;2.403604411345348;0.40154782656644117;0.5984521734335588
1730780027.1103952;/app/bags/user95_2017-02-24.bag;0.834065854549408;0.0;0.9619645476341248;0.0;2.403604411345348;0.40154782656644117;0.5984521734335588
1730780027.3103867;/app/bags/user95_2017-02-24.bag;0.834065854549408;0.0;0.9619645476341248;0.0;2.403604411345348;0.40154782656644117;0.5984521734335588
1730780027.5103693;/app/bags/user95_2017-02-24.bag;0.834065854549408;0.0;0.9619645476341248;0.0;2.403604411345348;0.40154782656644117;0.5984521734335588
1730780027.7103765;/app/bags/user95_2017-02-24.bag;0.834065854549408;0.0;0.9619645476341248;0.0;2.403604411345348;0.40154782656644117;0.5984521734335588
1730780027.910429;/app/bags/user95_2017-02-24.bag;0.834065854549408;0.0;0.9619645476341248;0.0;2.403604411345348;0.40154782656644117;0.5984521734335588
1730780028.1103964;/app/bags/user95_2017-02-24.bag;0.834065854549408;0.0;0.9619645476341248;0.0;2.403604411345348;0.40154782656644117;0.5984521734335588
1730780028.3103857;/app/bags/user95_2017-02-24.bag;0.834065854549408;0.0;0.9619645476341248;0.0;2.403604411345348;0.40154782656644117;0.5984521734335588
1730780028.5103812;/app/bags/user95_2017-02-24.bag;0.834065854549408;0.0;0.9619645476341248;0.0;2.403604411345348;0.40154782656644117;0.5984521734335588
1730780028.710387;/app/bags/user95_2017-02-24.bag;0.834065854549408;0.0;0.9619645476341248;0.0;2.403604411345348;0.40154782656644117;0.5984521734335588
1730780028.9104376;/app/bags/user95_2017-02-24.bag;0.834065854549408;0.0;0.9619645476341248;0.0;2.403604411345348;0.40154782656644117;0.5984521734335588
1730780029.110361;/app/bags/user95_2017-02-24.bag;0.834065854549408;0.0;0.9619645476341248;0.0;2.403604411345348;0.40154782656644117;0.5984521734335588
1730780029.3104336;/app/bags/user95_2017-02-24.bag;0.834065854549408;0.0;0.9619645476341248;0.0;2.403604411345348;0.40154782656644117;0.5984521734335588
1730780029.510358;/app/bags/user95_2017-02-24.bag;0.834065854549408;0.0;0.9619645476341248;0.0;2.403604411345348;0.40154782656644117;0.5984521734335588
1730780029.710434;/app/bags/user95_2017-02-24.bag;0.834065854549408;0.0;0.9619645476341248;0.0;2.403604411345348;0.40154782656644117;0.5984521734335588
1730780029.91039;/app/bags/user95_2017-02-24.bag;0.834065854549408;0.0;0.9619645476341248;0.0;2.403604411345348;0.40154782656644117;0.5984521734335588
1730780030.1104097;/app/bags/user95_2017-02-24.bag;0.834065854549408;0.0;0.9619645476341248;0.0;2.403604411345348;0.40154782656644117;0.5984521734335588
1730780030.3105981;/app/bags/user95_2017-02-24.bag;0.834065854549408;0.0;0.9619645476341248;0.0;2.403604411345348;0.40154782656644117;0.5984521734335588
1730780030.5105746;/app/bags/user95_2017-02-24.bag;0.834065854549408;0.0;0.9619645476341248;0.0;2.403604411345348;0.40154782656644117;0.5984521734335588
1730780030.7103796;/app/bags/user95_2017-02-24.bag;0.834065854549408;0.0;0.9619645476341248;0.0;2.403604411345348;0.40154782656644117;0.5984521734335588
1730780030.9103825;/app/bags/user95_2017-02-24.bag;0.834065854549408;0.0;0.9619645476341248;0.0;2.403604411345348;0.40154782656644117;0.5984521734335588
1730780031.1104145;/app/bags/user95_2017-02-24.bag;0.834065854549408;0.0;0.9619645476341248;0.0;2.403604411345348;0.40154782656644117;0.5984521734335588
1730780031.3103902;/app/bags/user95_2017-02-24.bag;0.834065854549408;0.0;0.9619645476341248;0.0;2.403604411345348;0.40154782656644117;0.5984521734335588
1730780031.5103734;/app/bags/user95_2017-02-24.bag;0.834065854549408;0.0;0.9619645476341248;0.0;2.403604411345348;0.40154782656644117;0.5984521734335588
1730780031.710375;/app/bags/user95_2017-02-24.bag;0.834065854549408;0.0;0.9619645476341248;0.0;2.403604411345348;0.40154782656644117;0.5984521734335588
1730780031.9104347;/app/bags/user95_2017-02-24.bag;0.834065854549408;0.0;0.9619645476341248;0.0;2.403604411345348;0.40154782656644117;0.5984521734335588
1730780032.1104286;/app/bags/user95_2017-02-24.bag;0.834065854549408;0.0;0.9619645476341248;0.0;2.403604411345348;0.40154782656644117;0.5984521734335588
1730780032.3105626;/app/bags/user95_2017-02-24.bag;0.834065854549408;0.0;0.9619645476341248;0.0;2.403604411345348;0.40154782656644117;0.5984521734335588
1730780032.5103786;/app/bags/user95_2017-02-24.bag;0.834065854549408;0.0;0.9619645476341248;0.0;2.403604411345348;0.40154782656644117;0.5984521734335588
1730780032.7104;/app/bags/user95_2017-02-24.bag;0.834065854549408;0.0;0.9619645476341248;0.0;2.403604411345348;0.40154782656644117;0.5984521734335588
1730780032.910418;/app/bags/user95_2017-02-24.bag;0.834065854549408;0.0;0.9619645476341248;0.0;2.403604411345348;0.40154782656644117;0.5984521734335588
1730780033.110369;/app/bags/user95_2017-02-24.bag;0.834065854549408;0.0;0.9619645476341248;0.0;2.403604411345348;0.40154782656644117;0.5984521734335588
1730780033.3103888;/app/bags/user95_2017-02-24.bag;0.834065854549408;0.0;0.9619645476341248;0.0;2.403604411345348;0.40154782656644117;0.5984521734335588
1730780033.51039;/app/bags/user95_2017-02-24.bag;0.834065854549408;0.0;0.9619645476341248;0.0;2.403604411345348;0.40154782656644117;0.5984521734335588
1730780033.7103624;/app/bags/user95_2017-02-24.bag;0.834065854549408;0.0;0.9619645476341248;0.0;2.403604411345348;0.40154782656644117;0.5984521734335588
1730780033.9104328;/app/bags/user95_2017-02-24.bag;0.834065854549408;0.0;0.9619645476341248;0.0;2.403604411345348;0.40154782656644117;0.5984521734335588
1730780034.110421;/app/bags/user95_2017-02-24.bag;0.834065854549408;0.0;0.9619645476341248;0.0;2.403604411345348;0.40154782656644117;0.5984521734335588
1730780034.3103807;/app/bags/user95_2017-02-24.bag;0.834065854549408;0.0;0.9619645476341248;0.0;2.403604411345348;0.40154782656644117;0.5984521734335588
1730780034.5103934;/app/bags/user95_2017-02-24.bag;0.834065854549408;0.0;0.9619645476341248;0.0;2.403604411345348;0.40154782656644117;0.5984521734335588
1730780034.7103884;/app/bags/user95_2017-02-24.bag;0.834065854549408;0.0;0.9619645476341248;0.0;2.403604411345348;0.40154782656644117;0.5984521734335588
1730780034.9103925;/app/bags/user95_2017-02-24.bag;0.834065854549408;0.0;0.9619645476341248;0.0;2.403604411345348;0.40154782656644117;0.5984521734335588
1730780035.1103997;/app/bags/user95_2017-02-24.bag;0.834065854549408;0.0;0.9619645476341248;0.0;2.403604411345348;0.40154782656644117;0.5984521734335588
1730780035.3104174;/app/bags/user95_2017-02-24.bag;0.834065854549408;0.0;0.9619645476341248;0.0;2.403604411345348;0.40154782656644117;0.5984521734335588
1730780035.5103729;/app/bags/user95_2017-02-24.bag;0.834065854549408;0.0;0.9619645476341248;0.0;2.403604411345348;0.40154782656644117;0.5984521734335588
1730780035.710374;/app/bags/user95_2017-02-24.bag;0.834065854549408;0.0;0.9619645476341248;0.0;2.403604411345348;0.40154782656644117;0.5984521734335588
1730780035.9103854;/app/bags/user95_2017-02-24.bag;0.834065854549408;0.0;0.9619645476341248;0.0;2.403604411345348;0.40154782656644117;0.5984521734335588
1730780036.1104038;/app/bags/user95_2017-02-24.bag;0.834065854549408;0.0;0.9619645476341248;0.0;2.403604411345348;0.40154782656644117;0.5984521734335588
1730780036.3103535;/app/bags/user95_2017-02-24.bag;0.834065854549408;0.0;0.9619645476341248;0.0;2.403604411345348;0.40154782656644117;0.5984521734335588
1730780036.5104072;/app/bags/user95_2017-02-24.bag;0.834065854549408;0.0;0.9619645476341248;0.0;2.403604411345348;0.40154782656644117;0.5984521734335588
1730780036.7104561;/app/bags/user95_2017-02-24.bag;0.834065854549408;0.0;0.9619645476341248;0.0;2.403604411345348;0.40154782656644117;0.5984521734335588
1730780036.9104586;/app/bags/user95_2017-02-24.bag;0.834065854549408;0.0;0.9619645476341248;0.0;2.403604411345348;0.40154782656644117;0.5984521734335588
1730780037.1103928;/app/bags/user95_2017-02-24.bag;0.834065854549408;0.0;0.9619645476341248;0.0;2.403604411345348;0.40154782656644117;0.5984521734335588
1730780037.310411;/app/bags/user95_2017-02-24.bag;0.834065854549408;0.0;0.9619645476341248;0.0;2.403604411345348;0.40154782656644117;0.5984521734335588
1730780037.5103858;/app/bags/user95_2017-02-24.bag;0.834065854549408;0.0;0.9619645476341248;0.0;2.403604411345348;0.40154782656644117;0.5984521734335588
1730780037.7104266;/app/bags/user95_2017-02-24.bag;0.834065854549408;0.0;0.9619645476341248;0.0;2.403604411345348;0.40154782656644117;0.5984521734335588
1730780037.9103627;/app/bags/user95_2017-02-24.bag;0.834065854549408;0.0;0.9619645476341248;0.0;2.403604411345348;0.40154782656644117;0.5984521734335588
1730780038.1103685;/app/bags/user95_2017-02-24.bag;0.834065854549408;0.0;0.9619645476341248;0.0;2.403604411345348;0.40154782656644117;0.5984521734335588
1730780038.3103693;/app/bags/user95_2017-02-24.bag;0.834065854549408;0.0;0.9619645476341248;0.0;2.403604411345348;0.40154782656644117;0.5984521734335588
1730780038.5104334;/app/bags/user95_2017-02-24.bag;0.834065854549408;0.0;0.9619645476341248;0.0;2.403604411345348;0.40154782656644117;0.5984521734335588
1730780038.7103884;/app/bags/user95_2017-02-24.bag;0.834065854549408;0.0;0.9619645476341248;0.0;2.403604411345348;0.40154782656644117;0.5984521734335588
1730780038.9103844;/app/bags/user95_2017-02-24.bag;0.834065854549408;0.0;0.9619645476341248;0.0;2.403604411345348;0.40154782656644117;0.5984521734335588
1730780039.110403;/app/bags/user95_2017-02-24.bag;0.834065854549408;0.0;0.9619645476341248;0.0;2.403604411345348;0.40154782656644117;0.5984521734335588
1730780039.3104024;/app/bags/user95_2017-02-24.bag;0.834065854549408;0.0;0.9619645476341248;0.0;2.403604411345348;0.40154782656644117;0.5984521734335588
1730780039.5103915;/app/bags/user95_2017-02-24.bag;0.834065854549408;0.0;0.9619645476341248;0.0;2.403604411345348;0.40154782656644117;0.5984521734335588
1730780039.710414;/app/bags/user95_2017-02-24.bag;0.834065854549408;0.0;0.9619645476341248;0.0;2.403604411345348;0.40154782656644117;0.5984521734335588
1730780039.9104688;/app/bags/user95_2017-02-24.bag;0.834065854549408;0.0;0.9619645476341248;0.0;2.403604411345348;0.40154782656644117;0.5984521734335588
1730780040.1103861;/app/bags/user95_2017-02-24.bag;0.834065854549408;0.0;0.9619645476341248;0.0;2.403604411345348;0.40154782656644117;0.5984521734335588
1730780040.3104439;/app/bags/user95_2017-02-24.bag;0.834065854549408;0.0;0.9619645476341248;0.0;2.403604411345348;0.40154782656644117;0.5984521734335588
1730780040.5104506;/app/bags/user95_2017-02-24.bag;0.834065854549408;0.0;0.9619645476341248;0.0;2.403604411345348;0.40154782656644117;0.5984521734335588
1730780040.7103984;/app/bags/user95_2017-02-24.bag;0.834065854549408;0.0;0.9619645476341248;0.0;2.403604411345348;0.40154782656644117;0.5984521734335588
1730780040.9103682;/app/bags/user95_2017-02-24.bag;0.834065854549408;0.0;0.9619645476341248;0.0;2.403604411345348;0.40154782656644117;0.5984521734335588
1730780041.110333;/app/bags/user95_2017-02-24.bag;0.834065854549408;0.0;0.9619645476341248;0.0;2.403604411345348;0.40154782656644117;0.5984521734335588
1730780041.3103595;/app/bags/user95_2017-02-24.bag;0.834065854549408;0.0;0.9619645476341248;0.0;2.403604411345348;0.40154782656644117;0.5984521734335588
1730780041.5103729;/app/bags/user95_2017-02-24.bag;0.834065854549408;0.0;0.9619645476341248;0.0;2.403604411345348;0.40154782656644117;0.5984521734335588
1730780041.7103426;/app/bags/user95_2017-02-24.bag;0.834065854549408;0.0;0.9619645476341248;0.0;2.403604411345348;0.40154782656644117;0.5984521734335588
1730780041.9104424;/app/bags/user95_2017-02-24.bag;0.834065854549408;0.0;0.9619645476341248;0.0;2.403604411345348;0.40154782656644117;0.5984521734335588
1730780042.110361;/app/bags/user95_2017-02-24.bag;0.834065854549408;0.0;0.9619645476341248;0.0;2.403604411345348;0.40154782656644117;0.5984521734335588
1730780042.3104544;/app/bags/user95_2017-02-24.bag;0.834065854549408;0.0;0.9619645476341248;0.0;2.403604411345348;0.40154782656644117;0.5984521734335588
1730780042.5103898;/app/bags/user95_2017-02-24.bag;0.834065854549408;0.0;0.9619645476341248;0.0;2.403604411345348;0.40154782656644117;0.5984521734335588
1730780042.7103715;/app/bags/user95_2017-02-24.bag;0.834065854549408;0.0;0.9619645476341248;0.0;2.403604411345348;0.40154782656644117;0.5984521734335588
1730780042.9104166;/app/bags/user95_2017-02-24.bag;0.834065854549408;0.0;0.9619645476341248;0.0;2.403604411345348;0.40154782656644117;0.5984521734335588
1730780043.1104467;/app/bags/user95_2017-02-24.bag;0.834065854549408;0.0;0.9619645476341248;0.0;2.403604411345348;0.40154782656644117;0.5984521734335588
1730780043.3104532;/app/bags/user95_2017-02-24.bag;0.834065854549408;0.0;0.9619645476341248;0.0;2.403604411345348;0.40154782656644117;0.5984521734335588
1730780043.5103896;/app/bags/user95_2017-02-24.bag;0.834065854549408;0.0;0.9619645476341248;0.0;2.403604411345348;0.40154782656644117;0.5984521734335588
1730780043.7104306;/app/bags/user95_2017-02-24.bag;0.834065854549408;0.0;0.9619645476341248;0.0;2.403604411345348;0.40154782656644117;0.5984521734335588
1730780043.9105513;/app/bags/user95_2017-02-24.bag;0.834065854549408;0.0;0.9619645476341248;0.0;2.403604411345348;0.40154782656644117;0.5984521734335588
1730780044.1103916;/app/bags/user95_2017-02-24.bag;0.834065854549408;0.0;0.9619645476341248;0.0;2.403604411345348;0.40154782656644117;0.5984521734335588
1730780044.310378;/app/bags/user95_2017-02-24.bag;0.834065854549408;0.0;0.9619645476341248;0.0;2.403604411345348;0.40154782656644117;0.5984521734335588
1730780044.5104203;/app/bags/user95_2017-02-24.bag;0.834065854549408;0.0;0.9619645476341248;0.0;2.403604411345348;0.40154782656644117;0.5984521734335588
1730780044.7103806;/app/bags/user95_2017-02-24.bag;0.834065854549408;0.0;0.9619645476341248;0.0;2.403604411345348;0.40154782656644117;0.5984521734335588
1730780044.9103858;/app/bags/user95_2017-02-24.bag;0.834065854549408;0.0;0.9619645476341248;0.0;2.403604411345348;0.40154782656644117;0.5984521734335588
1730780045.1103795;/app/bags/user95_2017-02-24.bag;0.834065854549408;0.0;0.9619645476341248;0.0;2.403604411345348;0.40154782656644117;0.5984521734335588
1730780045.310512;/app/bags/user95_2017-02-24.bag;0.834065854549408;0.0;0.9619645476341248;0.0;2.403604411345348;0.40154782656644117;0.5984521734335588
1730780045.5104065;/app/bags/user95_2017-02-24.bag;0.834065854549408;0.0;0.9619645476341248;0.0;2.403604411345348;0.40154782656644117;0.5984521734335588
1730780045.7104087;/app/bags/user95_2017-02-24.bag;0.834065854549408;0.0;0.9619645476341248;0.0;2.403604411345348;0.40154782656644117;0.5984521734335588
1730780045.9104578;/app/bags/user95_2017-02-24.bag;0.834065854549408;0.0;0.9619645476341248;0.0;2.403604411345348;0.40154782656644117;0.5984521734335588
1730780046.1103845;/app/bags/user95_2017-02-24.bag;0.834065854549408;0.0;0.9619645476341248;0.0;2.403604411345348;0.40154782656644117;0.5984521734335588
1730780046.3103585;/app/bags/user95_2017-02-24.bag;0.834065854549408;0.0;0.9619645476341248;0.0;2.403604411345348;0.40154782656644117;0.5984521734335588
1730780046.5103834;/app/bags/user95_2017-02-24.bag;0.834065854549408;0.0;0.9619645476341248;0.0;2.403604411345348;0.40154782656644117;0.5984521734335588
1730780046.7103868;/app/bags/user95_2017-02-24.bag;0.834065854549408;0.0;0.9619645476341248;0.0;2.403604411345348;0.40154782656644117;0.5984521734335588
1730780046.9104307;/app/bags/user95_2017-02-24.bag;0.834065854549408;0.0;0.9619645476341248;0.0;2.403604411345348;0.40154782656644117;0.5984521734335588
1730780047.1103742;/app/bags/user95_2017-02-24.bag;0.834065854549408;0.0;0.9619645476341248;0.0;2.403604411345348;0.40154782656644117;0.5984521734335588
1730780047.3103936;/app/bags/user95_2017-02-24.bag;0.834065854549408;0.0;0.9619645476341248;0.0;2.403604411345348;0.40154782656644117;0.5984521734335588
1730780047.510397;/app/bags/user95_2017-02-24.bag;0.834065854549408;0.0;0.9619645476341248;0.0;2.403604411345348;0.40154782656644117;0.5984521734335588
1730780047.710405;/app/bags/user95_2017-02-24.bag;0.834065854549408;0.0;0.9619645476341248;0.0;2.403604411345348;0.40154782656644117;0.5984521734335588
1730780047.9103715;/app/bags/user95_2017-02-24.bag;0.834065854549408;0.0;0.9619645476341248;0.0;2.403604411345348;0.40154782656644117;0.5984521734335588
1730780048.1103764;/app/bags/user95_2017-02-24.bag;0.834065854549408;0.0;0.9619645476341248;0.0;2.403604411345348;0.40154782656644117;0.5984521734335588
1730780048.3103645;/app/bags/user95_2017-02-24.bag;0.834065854549408;0.0;0.9619645476341248;0.0;2.403604411345348;0.40154782656644117;0.5984521734335588
1730780048.5103726;/app/bags/user95_2017-02-24.bag;0.834065854549408;0.0;0.9619645476341248;0.0;2.403604411345348;0.40154782656644117;0.5984521734335588
1730780048.710441;/app/bags/user95_2017-02-24.bag;0.834065854549408;0.0;0.9619645476341248;0.0;2.403604411345348;0.40154782656644117;0.5984521734335588
1730780048.910379;/app/bags/user95_2017-02-24.bag;0.834065854549408;0.0;0.9619645476341248;0.0;2.403604411345348;0.40154782656644117;0.5984521734335588
1730780049.110392;/app/bags/user95_2017-02-24.bag;0.834065854549408;0.0;0.9619645476341248;0.0;2.403604411345348;0.40154782656644117;0.5984521734335588
1730780049.3103924;/app/bags/user95_2017-02-24.bag;0.834065854549408;0.0;0.9619645476341248;0.0;2.403604411345348;0.40154782656644117;0.5984521734335588
1730780049.510377;/app/bags/user95_2017-02-24.bag;0.834065854549408;0.0;0.9619645476341248;0.0;2.403604411345348;0.40154782656644117;0.5984521734335588
1730780049.710413;/app/bags/user95_2017-02-24.bag;0.834065854549408;0.0;0.9619645476341248;0.0;2.403604411345348;0.40154782656644117;0.5984521734335588
1730780049.9105258;/app/bags/user95_2017-02-24.bag;0.834065854549408;0.0;0.9619645476341248;0.0;2.403604411345348;0.40154782656644117;0.5984521734335588
1730780050.1104338;/app/bags/user95_2017-02-24.bag;0.834065854549408;0.0;0.9619645476341248;0.0;2.403604411345348;0.40154782656644117;0.5984521734335588
1730780050.3103833;/app/bags/user95_2017-02-24.bag;0.834065854549408;0.0;0.9619645476341248;0.0;2.403604411345348;0.40154782656644117;0.5984521734335588
1730780050.5104003;/app/bags/user95_2017-02-24.bag;0.834065854549408;0.0;0.9619645476341248;0.0;2.403604411345348;0.40154782656644117;0.5984521734335588
1730780050.7105815;/app/bags/user95_2017-02-24.bag;0.834065854549408;0.0;0.9619645476341248;0.0;2.403604411345348;0.40154782656644117;0.5984521734335588
1730780050.9103928;/app/bags/user95_2017-02-24.bag;0.834065854549408;0.0;0.9619645476341248;0.0;2.403604411345348;0.40154782656644117;0.5984521734335588
1730780051.1103766;/app/bags/user95_2017-02-24.bag;0.834065854549408;0.0;0.9619645476341248;0.0;2.403604411345348;0.40154782656644117;0.5984521734335588
1730780051.310394;/app/bags/user95_2017-02-24.bag;0.834065854549408;0.0;0.9619645476341248;0.0;2.403604411345348;0.40154782656644117;0.5984521734335588
1730780051.51038;/app/bags/user95_2017-02-24.bag;0.834065854549408;0.0;0.9619645476341248;0.0;2.403604411345348;0.40154782656644117;0.5984521734335588
1730780051.710385;/app/bags/user95_2017-02-24.bag;0.834065854549408;0.0;0.9619645476341248;0.0;2.403604411345348;0.40154782656644117;0.5984521734335588
1730780051.9103673;/app/bags/user95_2017-02-24.bag;0.834065854549408;0.0;0.9619645476341248;0.0;2.403604411345348;0.40154782656644117;0.5984521734335588
1730780052.110374;/app/bags/user95_2017-02-24.bag;0.834065854549408;0.0;0.9619645476341248;0.0;2.403604411345348;0.40154782656644117;0.5984521734335588
1730780052.3105142;/app/bags/user95_2017-02-24.bag;0.834065854549408;0.0;0.9619645476341248;0.0;2.403604411345348;0.40154782656644117;0.5984521734335588
1730780052.510391;/app/bags/user95_2017-02-24.bag;0.834065854549408;0.0;0.9619645476341248;0.0;2.403604411345348;0.40154782656644117;0.5984521734335588
1730780052.7103882;/app/bags/user95_2017-02-24.bag;0.834065854549408;0.0;0.9619645476341248;0.0;2.403604411345348;0.40154782656644117;0.5984521734335588
1730780052.910435;/app/bags/user95_2017-02-24.bag;0.834065854549408;0.0;0.9619645476341248;0.0;2.403604411345348;0.40154782656644117;0.5984521734335588
1730780053.1103895;/app/bags/user95_2017-02-24.bag;0.834065854549408;0.0;0.9619645476341248;0.0;2.403604411345348;0.40154782656644117;0.5984521734335588
1730780053.3104959;/app/bags/user95_2017-02-24.bag;0.834065854549408;0.0;0.9619645476341248;0.0;2.403604411345348;0.40154782656644117;0.5984521734335588
1730780053.5103703;/app/bags/user95_2017-02-24.bag;0.834065854549408;0.0;0.9619645476341248;0.0;2.403604411345348;0.40154782656644117;0.5984521734335588
1730780053.7103884;/app/bags/user95_2017-02-24.bag;0.834065854549408;0.0;0.9619645476341248;0.0;2.403604411345348;0.40154782656644117;0.5984521734335588
1730780053.9103694;/app/bags/user95_2017-02-24.bag;0.834065854549408;0.0;0.9619645476341248;0.0;2.403604411345348;0.40154782656644117;0.5984521734335588
1730780054.11053;/app/bags/user95_2017-02-24.bag;0.834065854549408;0.0;0.9619645476341248;0.0;2.403604411345348;0.40154782656644117;0.5984521734335588
1730780054.3103852;/app/bags/user95_2017-02-24.bag;0.834065854549408;0.0;0.9619645476341248;0.0;2.403604411345348;0.40154782656644117;0.5984521734335588
1730780054.5104578;/app/bags/user95_2017-02-24.bag;0.834065854549408;0.0;0.9619645476341248;0.0;2.403604411345348;0.40154782656644117;0.5984521734335588
1730780054.7104917;/app/bags/user95_2017-02-24.bag;0.834065854549408;0.0;0.9619645476341248;0.0;2.403604411345348;0.40154782656644117;0.5984521734335588
1730780054.9103823;/app/bags/user95_2017-02-24.bag;0.834065854549408;0.0;0.9619645476341248;0.0;2.403604411345348;0.40154782656644117;0.5984521734335588
1730780055.110435;/app/bags/user95_2017-02-24.bag;0.834065854549408;0.0;0.9619645476341248;0.0;2.403604411345348;0.40154782656644117;0.5984521734335588
1730780055.3103812;/app/bags/user95_2017-02-24.bag;0.834065854549408;0.0;0.9619645476341248;0.0;2.403604411345348;0.40154782656644117;0.5984521734335588
1730780055.510428;/app/bags/user95_2017-02-24.bag;0.834065854549408;0.0;0.9619645476341248;0.0;2.403604411345348;0.40154782656644117;0.5984521734335588
1730780055.7104008;/app/bags/user95_2017-02-24.bag;0.834065854549408;0.0;0.9619645476341248;0.0;2.403604411345348;0.40154782656644117;0.5984521734335588
1730780055.9103906;/app/bags/user95_2017-02-24.bag;0.834065854549408;0.0;0.9619645476341248;0.0;2.403604411345348;0.40154782656644117;0.5984521734335588
1730780056.1104374;/app/bags/user95_2017-02-24.bag;0.834065854549408;0.0;0.9619645476341248;0.0;2.403604411345348;0.40154782656644117;0.5984521734335588
1730780056.310413;/app/bags/user95_2017-02-24.bag;0.834065854549408;0.0;0.9619645476341248;0.0;2.403604411345348;0.40154782656644117;0.5984521734335588
1730780056.5103822;/app/bags/user95_2017-02-24.bag;0.834065854549408;0.0;0.9619645476341248;0.0;2.403604411345348;0.40154782656644117;0.5984521734335588
1730780056.7103722;/app/bags/user95_2017-02-24.bag;0.834065854549408;0.0;0.9619645476341248;0.0;2.403604411345348;0.40154782656644117;0.5984521734335588
1730780056.9104133;/app/bags/user95_2017-02-24.bag;0.834065854549408;0.0;0.9619645476341248;0.0;2.403604411345348;0.40154782656644117;0.5984521734335588
1730780057.1103787;/app/bags/user95_2017-02-24.bag;0.834065854549408;0.0;0.9619645476341248;0.0;2.403604411345348;0.40154782656644117;0.5984521734335588
1730780057.3103628;/app/bags/user95_2017-02-24.bag;0.834065854549408;0.0;0.9619645476341248;0.0;2.403604411345348;0.40154782656644117;0.5984521734335588
1730780057.5103803;/app/bags/user95_2017-02-24.bag;0.834065854549408;0.0;0.9619645476341248;0.0;2.403604411345348;0.40154782656644117;0.5984521734335588
1730780057.7103875;/app/bags/user95_2017-02-24.bag;0.834065854549408;0.0;0.9619645476341248;0.0;2.403604411345348;0.40154782656644117;0.5984521734335588
1730780057.910379;/app/bags/user95_2017-02-24.bag;0.834065854549408;0.0;0.9619645476341248;0.0;2.403604411345348;0.40154782656644117;0.5984521734335588
1730780058.1104088;/app/bags/user95_2017-02-24.bag;0.834065854549408;0.0;0.9619645476341248;0.0;2.403604411345348;0.40154782656644117;0.5984521734335588
1730780058.3103993;/app/bags/user95_2017-02-24.bag;0.834065854549408;0.0;0.9619645476341248;0.0;2.403604411345348;0.40154782656644117;0.5984521734335588
1730780058.5103967;/app/bags/user95_2017-02-24.bag;0.834065854549408;0.0;0.9619645476341248;0.0;2.403604411345348;0.40154782656644117;0.5984521734335588
1730780058.7103763;/app/bags/user95_2017-02-24.bag;0.834065854549408;0.0;0.9619645476341248;0.0;2.403604411345348;0.40154782656644117;0.5984521734335588
1730780058.9103546;/app/bags/user95_2017-02-24.bag;0.834065854549408;0.0;0.9619645476341248;0.0;2.403604411345348;0.40154782656644117;0.5984521734335588
1730780059.1103778;/app/bags/user95_2017-02-24.bag;0.834065854549408;0.0;0.9619645476341248;0.0;2.403604411345348;0.40154782656644117;0.5984521734335588
1730780059.3104222;/app/bags/user95_2017-02-24.bag;0.834065854549408;0.0;0.9619645476341248;0.0;2.403604411345348;0.40154782656644117;0.5984521734335588
1730780059.5104077;/app/bags/user95_2017-02-24.bag;0.834065854549408;0.0;0.9619645476341248;0.0;2.403604411345348;0.40154782656644117;0.5984521734335588
1730780059.71042;/app/bags/user95_2017-02-24.bag;0.834065854549408;0.0;0.9619645476341248;0.0;2.403604411345348;0.40154782656644117;0.5984521734335588
1730780059.9104028;/app/bags/user95_2017-02-24.bag;0.834065854549408;0.0;0.9619645476341248;0.0;2.403604411345348;0.40154782656644117;0.5984521734335588
1730780060.1103952;/app/bags/user95_2017-02-24.bag;0.834065854549408;0.0;0.9619645476341248;0.0;2.403604411345348;0.40154782656644117;0.5984521734335588
1730780060.3103724;/app/bags/user95_2017-02-24.bag;0.834065854549408;0.0;0.9619645476341248;0.0;2.403604411345348;0.40154782656644117;0.5984521734335588
1730780060.5103834;/app/bags/user95_2017-02-24.bag;0.834065854549408;0.0;0.9619645476341248;0.0;2.403604411345348;0.40154782656644117;0.5984521734335588
1730780060.7103984;/app/bags/user95_2017-02-24.bag;0.834065854549408;0.0;0.9619645476341248;0.0;2.403604411345348;0.40154782656644117;0.5984521734335588
1730780060.9104164;/app/bags/user95_2017-02-24.bag;0.834065854549408;0.0;0.9619645476341248;0.0;2.403604411345348;0.40154782656644117;0.5984521734335588
1730780061.110397;/app/bags/user95_2017-02-24.bag;0.834065854549408;0.0;0.9619645476341248;0.0;2.403604411345348;0.40154782656644117;0.5984521734335588
1730780061.3103929;/app/bags/user95_2017-02-24.bag;0.834065854549408;0.0;0.9619645476341248;0.0;2.403604411345348;0.40154782656644117;0.5984521734335588
1730780061.5103612;/app/bags/user95_2017-02-24.bag;0.834065854549408;0.0;0.9619645476341248;0.0;2.403604411345348;0.40154782656644117;0.5984521734335588
1730780061.7104316;/app/bags/user95_2017-02-24.bag;0.834065854549408;0.0;0.9619645476341248;0.0;2.403604411345348;0.40154782656644117;0.5984521734335588
1730780061.9104335;/app/bags/user95_2017-02-24.bag;0.834065854549408;0.0;0.9619645476341248;0.0;2.403604411345348;0.40154782656644117;0.5984521734335588
1730780062.110383;/app/bags/user95_2017-02-24.bag;0.834065854549408;0.0;0.9619645476341248;0.0;2.403604411345348;0.40154782656644117;0.5984521734335588
1730780062.3103597;/app/bags/user95_2017-02-24.bag;0.834065854549408;0.0;0.9619645476341248;0.0;2.403604411345348;0.40154782656644117;0.5984521734335588
1730780062.5104437;/app/bags/user95_2017-02-24.bag;0.834065854549408;0.0;0.9619645476341248;0.0;2.403604411345348;0.40154782656644117;0.5984521734335588
1730780062.7104228;/app/bags/user95_2017-02-24.bag;0.834065854549408;0.0;0.9619645476341248;0.0;2.403604411345348;0.40154782656644117;0.5984521734335588
1730780062.9104285;/app/bags/user95_2017-02-24.bag;0.834065854549408;0.0;0.9619645476341248;0.0;2.403604411345348;0.40154782656644117;0.5984521734335588
1730780063.1104074;/app/bags/user95_2017-02-24.bag;0.834065854549408;0.0;0.9619645476341248;0.0;2.403604411345348;0.40154782656644117;0.5984521734335588
1730780063.3104;/app/bags/user95_2017-02-24.bag;0.834065854549408;0.0;0.9619645476341248;0.0;2.403604411345348;0.40154782656644117;0.5984521734335588
1730780063.5103812;/app/bags/user95_2017-02-24.bag;0.834065854549408;0.0;0.9619645476341248;0.0;2.403604411345348;0.40154782656644117;0.5984521734335588
1730780063.710428;/app/bags/user95_2017-02-24.bag;0.834065854549408;0.0;0.9619645476341248;0.0;2.403604411345348;0.40154782656644117;0.5984521734335588
1730780063.9104402;/app/bags/user95_2017-02-24.bag;0.834065854549408;0.0;0.9619645476341248;0.0;2.403604411345348;0.40154782656644117;0.5984521734335588
1730780064.110371;/app/bags/user95_2017-02-24.bag;0.834065854549408;0.0;0.9619645476341248;0.0;2.403604411345348;0.40154782656644117;0.5984521734335588
1730780064.3103716;/app/bags/user95_2017-02-24.bag;0.834065854549408;0.0;0.9619645476341248;0.0;2.403604411345348;0.40154782656644117;0.5984521734335588
1730780064.5104249;/app/bags/user95_2017-02-24.bag;0.834065854549408;0.0;0.9619645476341248;0.0;2.403604411345348;0.40154782656644117;0.5984521734335588
1730780064.7104194;/app/bags/user95_2017-02-24.bag;0.834065854549408;0.0;0.9619645476341248;0.0;2.403604411345348;0.40154782656644117;0.5984521734335588
1730780064.9104383;/app/bags/user95_2017-02-24.bag;0.834065854549408;0.0;0.9619645476341248;0.0;2.403604411345348;0.40154782656644117;0.5984521734335588
1730780065.1104164;/app/bags/user95_2017-02-24.bag;0.834065854549408;0.0;0.9619645476341248;0.0;2.403604411345348;0.40154782656644117;0.5984521734335588
1730780065.310383;/app/bags/user95_2017-02-24.bag;0.834065854549408;0.0;0.9619645476341248;0.0;2.403604411345348;0.40154782656644117;0.5984521734335588
1730780065.510432;/app/bags/user95_2017-02-24.bag;0.834065854549408;0.0;0.9619645476341248;0.0;2.403604411345348;0.40154782656644117;0.5984521734335588
1730780065.7104163;/app/bags/user95_2017-02-24.bag;0.834065854549408;0.0;0.9619645476341248;0.0;2.403604411345348;0.40154782656644117;0.5984521734335588
1730780065.9104638;/app/bags/user95_2017-02-24.bag;0.834065854549408;0.0;0.9619645476341248;0.0;2.403604411345348;0.40154782656644117;0.5984521734335588
1730780066.1103866;/app/bags/user95_2017-02-24.bag;0.834065854549408;0.0;0.9619645476341248;0.0;2.403604411345348;0.40154782656644117;0.5984521734335588
1730780066.3103955;/app/bags/user95_2017-02-24.bag;0.834065854549408;0.0;0.9619645476341248;0.0;2.403604411345348;0.40154782656644117;0.5984521734335588
1730780066.5104077;/app/bags/user95_2017-02-24.bag;0.834065854549408;0.0;0.9619645476341248;0.0;2.403604411345348;0.40154782656644117;0.5984521734335588
1730780066.7103853;/app/bags/user95_2017-02-24.bag;0.834065854549408;0.0;0.9619645476341248;0.0;2.403604411345348;0.40154782656644117;0.5984521734335588
1730780066.9103806;/app/bags/user95_2017-02-24.bag;0.834065854549408;0.0;0.9619645476341248;0.0;2.403604411345348;0.40154782656644117;0.5984521734335588
1730780067.1104987;/app/bags/user95_2017-02-24.bag;0.834065854549408;0.0;0.9619645476341248;0.0;2.403604411345348;0.40154782656644117;0.5984521734335588
1730780067.3103921;/app/bags/user95_2017-02-24.bag;0.834065854549408;0.0;0.9619645476341248;0.0;2.403604411345348;0.40154782656644117;0.5984521734335588
1730780067.510362;/app/bags/user95_2017-02-24.bag;0.834065854549408;0.0;0.9619645476341248;0.0;2.403604411345348;0.40154782656644117;0.5984521734335588
1730780067.7103548;/app/bags/user95_2017-02-24.bag;0.834065854549408;0.0;0.9619645476341248;0.0;2.403604411345348;0.40154782656644117;0.5984521734335588
1730780067.910374;/app/bags/user95_2017-02-24.bag;0.834065854549408;0.0;0.9619645476341248;0.0;2.403604411345348;0.40154782656644117;0.5984521734335588
1730780068.1103911;/app/bags/user95_2017-02-24.bag;0.834065854549408;0.0;0.9619645476341248;0.0;2.403604411345348;0.40154782656644117;0.5984521734335588
1730780068.3103862;/app/bags/user95_2017-02-24.bag;0.834065854549408;0.0;0.9619645476341248;0.0;2.403604411345348;0.40154782656644117;0.5984521734335588
1730780068.5103815;/app/bags/user95_2017-02-24.bag;0.834065854549408;0.0;0.9619645476341248;0.0;2.403604411345348;0.40154782656644117;0.5984521734335588
1730780068.7103817;/app/bags/user95_2017-02-24.bag;0.834065854549408;0.0;0.9619645476341248;0.0;2.403604411345348;0.40154782656644117;0.5984521734335588
1730780068.910387;/app/bags/user95_2017-02-24.bag;0.834065854549408;0.0;0.9619645476341248;0.0;2.403604411345348;0.40154782656644117;0.5984521734335588
1730780069.1104023;/app/bags/user95_2017-02-24.bag;0.834065854549408;0.0;0.9619645476341248;0.0;2.403604411345348;0.40154782656644117;0.5984521734335588
1730780069.3104618;/app/bags/user95_2017-02-24.bag;0.834065854549408;0.0;0.9619645476341248;0.0;2.403604411345348;0.40154782656644117;0.5984521734335588
1730780069.5103827;/app/bags/user95_2017-02-24.bag;0.834065854549408;0.0;0.9619645476341248;0.0;2.403604411345348;0.40154782656644117;0.5984521734335588
1730780069.710352;/app/bags/user95_2017-02-24.bag;0.834065854549408;0.0;0.9619645476341248;0.0;2.403604411345348;0.40154782656644117;0.5984521734335588
1730780069.9103687;/app/bags/user95_2017-02-24.bag;0.834065854549408;0.0;0.9619645476341248;0.0;2.403604411345348;0.40154782656644117;0.5984521734335588
1730780070.1103532;/app/bags/user95_2017-02-24.bag;0.834065854549408;0.0;0.9619645476341248;0.0;2.403604411345348;0.40154782656644117;0.5984521734335588
1730780070.310487;/app/bags/user95_2017-02-24.bag;0.834065854549408;0.0;0.9619645476341248;0.0;2.403604411345348;0.40154782656644117;0.5984521734335588
1730780070.5103726;/app/bags/user95_2017-02-24.bag;0.834065854549408;0.0;0.9619645476341248;0.0;2.403604411345348;0.40154782656644117;0.5984521734335588
1730780070.7104187;/app/bags/user95_2017-02-24.bag;0.834065854549408;0.0;0.9619645476341248;0.0;2.403604411345348;0.40154782656644117;0.5984521734335588
1730780070.9103837;/app/bags/user95_2017-02-24.bag;0.834065854549408;0.0;0.9619645476341248;0.0;2.403604411345348;0.40154782656644117;0.5984521734335588
1730780071.110387;/app/bags/user95_2017-02-24.bag;0.834065854549408;0.0;0.9619645476341248;0.0;2.403604411345348;0.40154782656644117;0.5984521734335588
1730780071.3103888;/app/bags/user95_2017-02-24.bag;0.834065854549408;0.0;0.9619645476341248;0.0;2.403604411345348;0.40154782656644117;0.5984521734335588
1730780071.5104113;/app/bags/user95_2017-02-24.bag;0.834065854549408;0.0;0.9619645476341248;0.0;2.403604411345348;0.40154782656644117;0.5984521734335588
1730780071.7103958;/app/bags/user95_2017-02-24.bag;0.834065854549408;0.0;0.9619645476341248;0.0;2.403604411345348;0.40154782656644117;0.5984521734335588
1730780071.910452;/app/bags/user95_2017-02-24.bag;0.834065854549408;0.0;0.9619645476341248;0.0;2.403604411345348;0.40154782656644117;0.5984521734335588
1730780072.1103628;/app/bags/user95_2017-02-24.bag;0.834065854549408;0.0;0.9619645476341248;0.0;2.403604411345348;0.40154782656644117;0.5984521734335588
1730780072.3103995;/app/bags/user95_2017-02-24.bag;0.834065854549408;0.0;0.9619645476341248;0.0;2.403604411345348;0.40154782656644117;0.5984521734335588
1730780072.510344;/app/bags/user95_2017-02-24.bag;0.834065854549408;0.0;0.9619645476341248;0.0;2.403604411345348;0.40154782656644117;0.5984521734335588
1730780072.7104006;/app/bags/user95_2017-02-24.bag;0.834065854549408;0.0;0.9619645476341248;0.0;2.403604411345348;0.40154782656644117;0.5984521734335588
1730780072.910414;/app/bags/user95_2017-02-24.bag;0.834065854549408;0.0;0.9619645476341248;0.0;2.403604411345348;0.40154782656644117;0.5984521734335588
1730780073.1103778;/app/bags/user95_2017-02-24.bag;0.834065854549408;0.0;0.9619645476341248;0.0;2.403604411345348;0.40154782656644117;0.5984521734335588
1730780073.3105016;/app/bags/user95_2017-02-24.bag;0.834065854549408;0.0;0.9619645476341248;0.0;2.403604411345348;0.40154782656644117;0.5984521734335588
1730780073.5105326;/app/bags/user95_2017-02-24.bag;0.834065854549408;0.0;0.9619645476341248;0.0;2.403604411345348;0.40154782656644117;0.5984521734335588
1730780073.7103922;/app/bags/user95_2017-02-24.bag;0.834065854549408;0.0;0.9619645476341248;0.0;2.403604411345348;0.40154782656644117;0.5984521734335588
1730780073.910421;/app/bags/user95_2017-02-24.bag;0.834065854549408;0.0;0.9619645476341248;0.0;2.403604411345348;0.40154782656644117;0.5984521734335588
1730780074.1104243;/app/bags/user95_2017-02-24.bag;0.834065854549408;0.0;0.9619645476341248;0.0;2.403604411345348;0.40154782656644117;0.5984521734335588
1730780074.310468;/app/bags/user95_2017-02-24.bag;0.834065854549408;0.0;0.9619645476341248;0.0;2.403604411345348;0.40154782656644117;0.5984521734335588
1730780074.510416;/app/bags/user95_2017-02-24.bag;0.834065854549408;0.0;0.9619645476341248;0.0;2.403604411345348;0.40154782656644117;0.5984521734335588
1730780074.7103536;/app/bags/user95_2017-02-24.bag;0.834065854549408;0.0;0.9619645476341248;0.0;2.403604411345348;0.40154782656644117;0.5984521734335588
1730780074.9103634;/app/bags/user95_2017-02-24.bag;0.834065854549408;0.0;0.9619645476341248;0.0;2.403604411345348;0.40154782656644117;0.5984521734335588
1730780075.1103559;/app/bags/user95_2017-02-24.bag;0.834065854549408;0.0;0.9619645476341248;0.0;2.403604411345348;0.40154782656644117;0.5984521734335588
1730780075.310382;/app/bags/user95_2017-02-24.bag;0.834065854549408;0.0;0.9619645476341248;0.0;2.403604411345348;0.40154782656644117;0.5984521734335588
1730780075.5103557;/app/bags/user95_2017-02-24.bag;0.834065854549408;0.0;0.9619645476341248;0.0;2.403604411345348;0.40154782656644117;0.5984521734335588
1730780075.7103968;/app/bags/user95_2017-02-24.bag;0.834065854549408;0.0;0.9619645476341248;0.0;2.403604411345348;0.40154782656644117;0.5984521734335588
1730780075.9104085;/app/bags/user95_2017-02-24.bag;0.834065854549408;0.0;0.9619645476341248;0.0;2.403604411345348;0.40154782656644117;0.5984521734335588
1730780076.1103895;/app/bags/user95_2017-02-24.bag;0.834065854549408;0.0;0.9619645476341248;0.0;2.403604411345348;0.40154782656644117;0.5984521734335588
1730780076.3103583;/app/bags/user95_2017-02-24.bag;0.834065854549408;0.0;0.9619645476341248;0.0;2.403604411345348;0.40154782656644117;0.5984521734335588
1730780076.510349;/app/bags/user95_2017-02-24.bag;0.834065854549408;0.0;0.9619645476341248;0.0;2.403604411345348;0.40154782656644117;0.5984521734335588
1730780076.7103949;/app/bags/user95_2017-02-24.bag;0.834065854549408;0.0;0.9619645476341248;0.0;2.403604411345348;0.40154782656644117;0.5984521734335588
1730780076.9103763;/app/bags/user95_2017-02-24.bag;0.834065854549408;0.0;0.9619645476341248;0.0;2.403604411345348;0.40154782656644117;0.5984521734335588
1730780077.1103914;/app/bags/user95_2017-02-24.bag;0.834065854549408;0.0;0.9619645476341248;0.0;2.403604411345348;0.40154782656644117;0.5984521734335588
1730780077.3104055;/app/bags/user95_2017-02-24.bag;0.834065854549408;0.0;0.9619645476341248;0.0;2.403604411345348;0.40154782656644117;0.5984521734335588
1730780077.5104475;/app/bags/user95_2017-02-24.bag;0.834065854549408;0.0;0.9619645476341248;0.0;2.403604411345348;0.40154782656644117;0.5984521734335588
1730780077.7104087;/app/bags/user95_2017-02-24.bag;0.834065854549408;0.0;0.9619645476341248;0.0;2.403604411345348;0.40154782656644117;0.5984521734335588
1730780077.9103715;/app/bags/user95_2017-02-24.bag;0.834065854549408;0.0;0.9619645476341248;0.0;2.403604411345348;0.40154782656644117;0.5984521734335588
1730780078.110434;/app/bags/user95_2017-02-24.bag;0.834065854549408;0.0;0.9619645476341248;0.0;2.403604411345348;0.40154782656644117;0.5984521734335588
1730780078.3104532;/app/bags/user95_2017-02-24.bag;0.834065854549408;0.0;0.9619645476341248;0.0;2.403604411345348;0.40154782656644117;0.5984521734335588
1730780078.5104098;/app/bags/user95_2017-02-24.bag;0.834065854549408;0.0;0.9619645476341248;0.0;2.403604411345348;0.40154782656644117;0.5984521734335588
1730780078.7103949;/app/bags/user95_2017-02-24.bag;0.834065854549408;0.0;0.9619645476341248;0.0;2.403604411345348;0.40154782656644117;0.5984521734335588
1730780078.9103882;/app/bags/user95_2017-02-24.bag;0.834065854549408;0.0;0.9619645476341248;0.0;2.403604411345348;0.40154782656644117;0.5984521734335588
1730780079.1103783;/app/bags/user95_2017-02-24.bag;0.834065854549408;0.0;0.9619645476341248;0.0;2.403604411345348;0.40154782656644117;0.5984521734335588
1730780079.3105557;/app/bags/user95_2017-02-24.bag;0.834065854549408;0.0;0.9619645476341248;0.0;2.403604411345348;0.40154782656644117;0.5984521734335588
1730780079.510617;/app/bags/user95_2017-02-24.bag;0.834065854549408;0.0;0.9619645476341248;0.0;2.403604411345348;0.40154782656644117;0.5984521734335588
1730780079.7103555;/app/bags/user95_2017-02-24.bag;0.834065854549408;0.0;0.9619645476341248;0.0;2.403604411345348;0.40154782656644117;0.5984521734335588
1730780079.9104266;/app/bags/user95_2017-02-24.bag;0.834065854549408;0.0;0.9619645476341248;0.0;2.403604411345348;0.40154782656644117;0.5984521734335588
1730780080.1103313;/app/bags/user95_2017-02-24.bag;0.834065854549408;0.0;0.9619645476341248;0.0;2.403604411345348;0.40154782656644117;0.5984521734335588
1730780080.3103468;/app/bags/user95_2017-02-24.bag;0.834065854549408;0.0;0.9619645476341248;0.0;2.403604411345348;0.40154782656644117;0.5984521734335588
1730780080.5103998;/app/bags/user95_2017-02-24.bag;0.834065854549408;0.0;0.9619645476341248;0.0;2.403604411345348;0.40154782656644117;0.5984521734335588
1730780080.7104435;/app/bags/user95_2017-02-24.bag;0.834065854549408;0.0;0.9619645476341248;0.0;2.403604411345348;0.40154782656644117;0.5984521734335588
1730780080.910375;/app/bags/user95_2017-02-24.bag;0.834065854549408;0.0;0.9619645476341248;0.0;2.403604411345348;0.40154782656644117;0.5984521734335588
1730780081.1104228;/app/bags/user95_2017-02-24.bag;0.834065854549408;0.0;0.9619645476341248;0.0;2.403604411345348;0.40154782656644117;0.5984521734335588
1730780081.3103943;/app/bags/user95_2017-02-24.bag;0.834065854549408;0.0;0.9619645476341248;0.0;2.403604411345348;0.40154782656644117;0.5984521734335588
1730780081.510397;/app/bags/user95_2017-02-24.bag;0.834065854549408;0.0;0.9619645476341248;0.0;2.403604411345348;0.40154782656644117;0.5984521734335588
1730780081.7104452;/app/bags/user95_2017-02-24.bag;0.834065854549408;0.0;0.9619645476341248;0.0;2.403604411345348;0.40154782656644117;0.5984521734335588
1730780081.9103765;/app/bags/user95_2017-02-24.bag;0.834065854549408;0.0;0.9619645476341248;0.0;2.403604411345348;0.40154782656644117;0.5984521734335588
1730780082.110392;/app/bags/user95_2017-02-24.bag;0.834065854549408;0.0;0.9619645476341248;0.0;2.403604411345348;0.40154782656644117;0.5984521734335588
1730780082.310419;/app/bags/user95_2017-02-24.bag;0.834065854549408;0.0;0.9619645476341248;0.0;2.403604411345348;0.40154782656644117;0.5984521734335588
1730780082.5104003;/app/bags/user95_2017-02-24.bag;0.834065854549408;0.0;0.9619645476341248;0.0;2.403604411345348;0.40154782656644117;0.5984521734335588
1730780082.7103903;/app/bags/user95_2017-02-24.bag;0.834065854549408;0.0;0.9619645476341248;0.0;2.403604411345348;0.40154782656644117;0.5984521734335588
1730780082.9103873;/app/bags/user95_2017-02-24.bag;0.834065854549408;0.0;0.9619645476341248;0.0;2.403604411345348;0.40154782656644117;0.5984521734335588
1730780083.110414;/app/bags/user95_2017-02-24.bag;0.834065854549408;0.0;0.9619645476341248;0.0;2.403604411345348;0.40154782656644117;0.5984521734335588
1730780083.3103774;/app/bags/user95_2017-02-24.bag;0.834065854549408;0.0;0.9619645476341248;0.0;2.403604411345348;0.40154782656644117;0.5984521734335588
1730780083.5104125;/app/bags/user95_2017-02-24.bag;0.834065854549408;0.0;0.9619645476341248;0.0;2.403604411345348;0.40154782656644117;0.5984521734335588
1730780083.710392;/app/bags/user95_2017-02-24.bag;0.834065854549408;0.0;0.9619645476341248;0.0;2.403604411345348;0.40154782656644117;0.5984521734335588
1730780083.910375;/app/bags/user95_2017-02-24.bag;0.834065854549408;0.0;0.9619645476341248;0.0;2.403604411345348;0.40154782656644117;0.5984521734335588
1730780084.11038;/app/bags/user95_2017-02-24.bag;0.834065854549408;0.0;0.9619645476341248;0.0;2.403604411345348;0.40154782656644117;0.5984521734335588
1730780084.310366;/app/bags/user95_2017-02-24.bag;0.834065854549408;0.0;0.9619645476341248;0.0;2.403604411345348;0.40154782656644117;0.5984521734335588
1730780084.5104458;/app/bags/user95_2017-02-24.bag;0.834065854549408;0.0;0.9619645476341248;0.0;2.403604411345348;0.40154782656644117;0.5984521734335588
1730780084.7104359;/app/bags/user95_2017-02-24.bag;0.834065854549408;0.0;0.9619645476341248;0.0;2.403604411345348;0.40154782656644117;0.5984521734335588
1730780084.9103804;/app/bags/user95_2017-02-24.bag;0.834065854549408;0.0;0.9619645476341248;0.0;2.403604411345348;0.40154782656644117;0.5984521734335588
1730780085.110428;/app/bags/user95_2017-02-24.bag;0.834065854549408;0.0;0.9619645476341248;0.0;2.403604411345348;0.40154782656644117;0.5984521734335588
1730780085.3103755;/app/bags/user95_2017-02-24.bag;0.834065854549408;0.0;0.9619645476341248;0.0;2.403604411345348;0.40154782656644117;0.5984521734335588
1730780085.5103824;/app/bags/user95_2017-02-24.bag;0.834065854549408;0.0;0.9619645476341248;0.0;2.403604411345348;0.40154782656644117;0.5984521734335588
1730780085.7104535;/app/bags/user95_2017-02-24.bag;0.834065854549408;0.0;0.9619645476341248;0.0;2.403604411345348;0.40154782656644117;0.5984521734335588
1730780085.9104025;/app/bags/user95_2017-02-24.bag;0.834065854549408;0.0;0.9619645476341248;0.0;2.403604411345348;0.40154782656644117;0.5984521734335588
1730780086.1103892;/app/bags/user95_2017-02-24.bag;0.834065854549408;0.0;0.9619645476341248;0.0;2.403604411345348;0.40154782656644117;0.5984521734335588
1730780086.3103812;/app/bags/user95_2017-02-24.bag;0.834065854549408;0.0;0.9619645476341248;0.0;2.403604411345348;0.40154782656644117;0.5984521734335588
1730780086.510362;/app/bags/user95_2017-02-24.bag;0.834065854549408;0.0;0.9619645476341248;0.0;2.403604411345348;0.40154782656644117;0.5984521734335588
1730780086.7104127;/app/bags/user95_2017-02-24.bag;0.834065854549408;0.0;0.9619645476341248;0.0;2.403604411345348;0.40154782656644117;0.5984521734335588
1730780086.9103396;/app/bags/user95_2017-02-24.bag;0.834065854549408;0.0;0.9619645476341248;0.0;2.403604411345348;0.40154782656644117;0.5984521734335588
1730780087.1103501;/app/bags/user95_2017-02-24.bag;0.834065854549408;0.0;0.9619645476341248;0.0;2.403604411345348;0.40154782656644117;0.5984521734335588
1730780087.3103921;/app/bags/user95_2017-02-24.bag;0.834065854549408;0.0;0.9619645476341248;0.0;2.403604411345348;0.40154782656644117;0.5984521734335588
1730780087.5103714;/app/bags/user95_2017-02-24.bag;0.834065854549408;0.0;0.9619645476341248;0.0;2.403604411345348;0.40154782656644117;0.5984521734335588
1730780087.7103791;/app/bags/user95_2017-02-24.bag;0.834065854549408;0.0;0.9619645476341248;0.0;2.403604411345348;0.40154782656644117;0.5984521734335588
1730780087.9104018;/app/bags/user95_2017-02-24.bag;0.834065854549408;0.0;0.9619645476341248;0.0;2.403604411345348;0.40154782656644117;0.5984521734335588
1730780088.1103845;/app/bags/user95_2017-02-24.bag;0.834065854549408;0.0;0.9619645476341248;0.0;2.403604411345348;0.40154782656644117;0.5984521734335588
1730780088.3103762;/app/bags/user95_2017-02-24.bag;0.834065854549408;0.0;0.9619645476341248;0.0;2.403604411345348;0.40154782656644117;0.5984521734335588
1730780088.5104136;/app/bags/user95_2017-02-24.bag;0.834065854549408;0.0;0.9619645476341248;0.0;2.403604411345348;0.40154782656644117;0.5984521734335588
1730780088.710529;/app/bags/user95_2017-02-24.bag;0.834065854549408;0.0;0.9619645476341248;0.0;2.403604411345348;0.40154782656644117;0.5984521734335588
1730780088.9103954;/app/bags/user95_2017-02-24.bag;0.834065854549408;0.0;0.9619645476341248;0.0;2.403604411345348;0.40154782656644117;0.5984521734335588
1730780089.1104238;/app/bags/user95_2017-02-24.bag;0.834065854549408;0.0;0.9619645476341248;0.0;2.403604411345348;0.40154782656644117;0.5984521734335588
1730780089.310432;/app/bags/user95_2017-02-24.bag;0.834065854549408;0.0;0.9619645476341248;0.0;2.403604411345348;0.40154782656644117;0.5984521734335588
1730780089.5103867;/app/bags/user95_2017-02-24.bag;0.834065854549408;0.0;0.9619645476341248;0.0;2.403604411345348;0.40154782656644117;0.5984521734335588
1730780089.7103832;/app/bags/user95_2017-02-24.bag;0.834065854549408;0.0;0.9619645476341248;0.0;2.403604411345348;0.40154782656644117;0.5984521734335588
1730780089.910444;/app/bags/user95_2017-02-24.bag;0.834065854549408;0.0;0.9619645476341248;0.0;2.403604411345348;0.40154782656644117;0.5984521734335588
1730780090.1103508;/app/bags/user95_2017-02-24.bag;0.834065854549408;0.0;0.9619645476341248;0.0;2.403604411345348;0.40154782656644117;0.5984521734335588
1730780090.3104155;/app/bags/user95_2017-02-24.bag;0.834065854549408;0.0;0.9619645476341248;0.0;2.403604411345348;0.40154782656644117;0.5984521734335588
1730780090.5103543;/app/bags/user95_2017-02-24.bag;0.834065854549408;0.0;0.9619645476341248;0.0;2.403604411345348;0.40154782656644117;0.5984521734335588
1730780090.7104194;/app/bags/user95_2017-02-24.bag;0.834065854549408;0.0;0.9619645476341248;0.0;2.403604411345348;0.40154782656644117;0.5984521734335588
1730780090.910436;/app/bags/user95_2017-02-24.bag;0.834065854549408;0.0;0.9619645476341248;0.0;2.403604411345348;0.40154782656644117;0.5984521734335588
1730780091.110413;/app/bags/user95_2017-02-24.bag;0.834065854549408;0.0;0.9619645476341248;0.0;2.403604411345348;0.40154782656644117;0.5984521734335588
1730780091.310377;/app/bags/user95_2017-02-24.bag;0.834065854549408;0.0;0.9619645476341248;0.0;2.403604411345348;0.40154782656644117;0.5984521734335588
1730780091.5103807;/app/bags/user95_2017-02-24.bag;0.834065854549408;0.0;0.9619645476341248;0.0;2.403604411345348;0.40154782656644117;0.5984521734335588
1730780091.7104104;/app/bags/user95_2017-02-24.bag;0.834065854549408;0.0;0.9619645476341248;0.0;2.403604411345348;0.40154782656644117;0.5984521734335588
1730780091.9103405;/app/bags/user95_2017-02-24.bag;0.834065854549408;0.0;0.9619645476341248;0.0;2.403604411345348;0.40154782656644117;0.5984521734335588
1730780092.1104326;/app/bags/user95_2017-02-24.bag;0.834065854549408;0.0;0.9619645476341248;0.0;2.403604411345348;0.40154782656644117;0.5984521734335588
1730780092.3103852;/app/bags/user95_2017-02-24.bag;0.834065854549408;0.0;0.9619645476341248;0.0;2.403604411345348;0.40154782656644117;0.5984521734335588
1730780092.5103638;/app/bags/user95_2017-02-24.bag;0.834065854549408;0.0;0.9619645476341248;0.0;2.403604411345348;0.40154782656644117;0.5984521734335588
1730780092.7103996;/app/bags/user95_2017-02-24.bag;0.834065854549408;0.0;0.9619645476341248;0.0;2.403604411345348;0.40154782656644117;0.5984521734335588
1730780092.9103956;/app/bags/user95_2017-02-24.bag;0.834065854549408;0.0;0.9619645476341248;0.0;2.403604411345348;0.40154782656644117;0.5984521734335588
1730780093.110385;/app/bags/user95_2017-02-24.bag;0.834065854549408;0.0;0.9619645476341248;0.0;2.403604411345348;0.40154782656644117;0.5984521734335588
1730780093.310394;/app/bags/user95_2017-02-24.bag;0.834065854549408;0.0;0.9619645476341248;0.0;2.403604411345348;0.40154782656644117;0.5984521734335588
1730780093.5104163;/app/bags/user95_2017-02-24.bag;0.834065854549408;0.0;0.9619645476341248;0.0;2.403604411345348;0.40154782656644117;0.5984521734335588
1730780093.710457;/app/bags/user95_2017-02-24.bag;0.834065854549408;0.0;0.9619645476341248;0.0;2.403604411345348;0.40154782656644117;0.5984521734335588
1730780093.910484;/app/bags/user95_2017-02-24.bag;0.834065854549408;0.0;0.9619645476341248;0.0;2.403604411345348;0.40154782656644117;0.5984521734335588
1730780094.1103966;/app/bags/user95_2017-02-24.bag;0.834065854549408;0.0;0.9619645476341248;0.0;2.403604411345348;0.40154782656644117;0.5984521734335588
1730780094.3103864;/app/bags/user95_2017-02-24.bag;0.834065854549408;0.0;0.9619645476341248;0.0;2.403604411345348;0.40154782656644117;0.5984521734335588
1730780094.5104017;/app/bags/user95_2017-02-24.bag;0.834065854549408;0.0;0.9619645476341248;0.0;2.403604411345348;0.40154782656644117;0.5984521734335588
1730780094.7103817;/app/bags/user95_2017-02-24.bag;0.834065854549408;0.0;0.9619645476341248;0.0;2.403604411345348;0.40154782656644117;0.5984521734335588
1730780094.9103909;/app/bags/user95_2017-02-24.bag;0.834065854549408;0.0;0.9619645476341248;0.0;2.403604411345348;0.40154782656644117;0.5984521734335588
1730780095.1103888;/app/bags/user95_2017-02-24.bag;0.834065854549408;0.0;0.9619645476341248;0.0;2.403604411345348;0.40154782656644117;0.5984521734335588
1730780095.3103473;/app/bags/user95_2017-02-24.bag;0.834065854549408;0.0;0.9619645476341248;0.0;2.403604411345348;0.40154782656644117;0.5984521734335588
1730780095.5103772;/app/bags/user95_2017-02-24.bag;0.834065854549408;0.0;0.9619645476341248;0.0;2.403604411345348;0.40154782656644117;0.5984521734335588
1730780095.710391;/app/bags/user95_2017-02-24.bag;0.834065854549408;0.0;0.9619645476341248;0.0;2.403604411345348;0.40154782656644117;0.5984521734335588
1730780095.9103768;/app/bags/user95_2017-02-24.bag;0.834065854549408;0.0;0.9619645476341248;0.0;2.403604411345348;0.40154782656644117;0.5984521734335588
1730780096.110439;/app/bags/user95_2017-02-24.bag;0.834065854549408;0.0;0.9619645476341248;0.0;2.403604411345348;0.40154782656644117;0.5984521734335588
1730780096.3103604;/app/bags/user95_2017-02-24.bag;0.834065854549408;0.0;0.9619645476341248;0.0;2.403604411345348;0.40154782656644117;0.5984521734335588
1730780096.510475;/app/bags/user95_2017-02-24.bag;0.834065854549408;0.0;0.9619645476341248;0.0;2.403604411345348;0.40154782656644117;0.5984521734335588
1730780096.7103786;/app/bags/user95_2017-02-24.bag;0.834065854549408;0.0;0.9619645476341248;0.0;2.403604411345348;0.40154782656644117;0.5984521734335588
1730780096.9104156;/app/bags/user95_2017-02-24.bag;0.834065854549408;0.0;0.9619645476341248;0.0;2.403604411345348;0.40154782656644117;0.5984521734335588
1730780097.1103914;/app/bags/user95_2017-02-24.bag;0.834065854549408;0.0;0.9619645476341248;0.0;2.403604411345348;0.40154782656644117;0.5984521734335588
1730780097.310379;/app/bags/user95_2017-02-24.bag;0.834065854549408;0.0;0.9619645476341248;0.0;2.403604411345348;0.40154782656644117;0.5984521734335588
1730780097.5103824;/app/bags/user95_2017-02-24.bag;0.834065854549408;0.0;0.9619645476341248;0.0;2.403604411345348;0.40154782656644117;0.5984521734335588
1730780097.710386;/app/bags/user95_2017-02-24.bag;0.834065854549408;0.0;0.9619645476341248;0.0;2.403604411345348;0.40154782656644117;0.5984521734335588
1730780097.9103577;/app/bags/user95_2017-02-24.bag;0.834065854549408;0.0;0.9619645476341248;0.0;2.403604411345348;0.40154782656644117;0.5984521734335588
1730780098.1103826;/app/bags/user95_2017-02-24.bag;0.834065854549408;0.0;0.9619645476341248;0.0;2.403604411345348;0.40154782656644117;0.5984521734335588
1730780098.3103867;/app/bags/user95_2017-02-24.bag;0.834065854549408;0.0;0.9619645476341248;0.0;2.403604411345348;0.40154782656644117;0.5984521734335588
1730780098.5103693;/app/bags/user95_2017-02-24.bag;0.834065854549408;0.0;0.9619645476341248;0.0;2.403604411345348;0.40154782656644117;0.5984521734335588
1730780098.7103853;/app/bags/user95_2017-02-24.bag;0.834065854549408;0.0;0.9619645476341248;0.0;2.403604411345348;0.40154782656644117;0.5984521734335588
1730780098.9104176;/app/bags/user95_2017-02-24.bag;0.834065854549408;0.0;0.9619645476341248;0.0;2.403604411345348;0.40154782656644117;0.5984521734335588
1730780099.1103985;/app/bags/user95_2017-02-24.bag;0.834065854549408;0.0;0.9619645476341248;0.0;2.403604411345348;0.40154782656644117;0.5984521734335588
1730780099.3103597;/app/bags/user95_2017-02-24.bag;0.834065854549408;0.0;0.9619645476341248;0.0;2.403604411345348;0.40154782656644117;0.5984521734335588
1730780099.5105002;/app/bags/user95_2017-02-24.bag;0.834065854549408;0.0;0.9619645476341248;0.0;2.403604411345348;0.40154782656644117;0.5984521734335588
1730780099.7103908;/app/bags/user95_2017-02-24.bag;0.834065854549408;0.0;0.9619645476341248;0.0;2.403604411345348;0.40154782656644117;0.5984521734335588
1730780099.9103954;/app/bags/user95_2017-02-24.bag;0.834065854549408;0.0;0.9619645476341248;0.0;2.403604411345348;0.40154782656644117;0.5984521734335588
1730780100.110498;/app/bags/user95_2017-02-24.bag;0.834065854549408;0.0;0.9619645476341248;0.0;2.403604411345348;0.40154782656644117;0.5984521734335588
1730780100.3103695;/app/bags/user95_2017-02-24.bag;0.834065854549408;0.0;0.9619645476341248;0.0;2.403604411345348;0.40154782656644117;0.5984521734335588
1730780100.5104082;/app/bags/user95_2017-02-24.bag;0.834065854549408;0.0;0.9619645476341248;0.0;2.403604411345348;0.40154782656644117;0.5984521734335588
1730780100.7103896;/app/bags/user95_2017-02-24.bag;0.834065854549408;0.0;0.9619645476341248;0.0;2.403604411345348;0.40154782656644117;0.5984521734335588
1730780100.9103694;/app/bags/user95_2017-02-24.bag;0.834065854549408;0.0;0.9619645476341248;0.0;2.403604411345348;0.40154782656644117;0.5984521734335588
1730780101.110348;/app/bags/user95_2017-02-24.bag;0.834065854549408;0.0;0.9619645476341248;0.0;2.403604411345348;0.40154782656644117;0.5984521734335588
1730780101.3104098;/app/bags/user95_2017-02-24.bag;0.834065854549408;0.0;0.9619645476341248;0.0;2.403604411345348;0.40154782656644117;0.5984521734335588
1730780101.5104;/app/bags/user95_2017-02-24.bag;0.834065854549408;0.0;0.9619645476341248;0.0;2.403604411345348;0.40154782656644117;0.5984521734335588
1730780101.710387;/app/bags/user95_2017-02-24.bag;0.834065854549408;0.0;0.9619645476341248;0.0;2.403604411345348;0.40154782656644117;0.5984521734335588
1730780101.9104185;/app/bags/user95_2017-02-24.bag;0.834065854549408;0.0;0.9619645476341248;0.0;2.403604411345348;0.40154782656644117;0.5984521734335588
1730780102.1103601;/app/bags/user95_2017-02-24.bag;0.834065854549408;0.0;0.9619645476341248;0.0;2.403604411345348;0.40154782656644117;0.5984521734335588
1730780102.3103683;/app/bags/user95_2017-02-24.bag;0.834065854549408;0.0;0.9619645476341248;0.0;2.403604411345348;0.40154782656644117;0.5984521734335588
1730780102.5103633;/app/bags/user95_2017-02-24.bag;0.834065854549408;0.0;0.9619645476341248;0.0;2.403604411345348;0.40154782656644117;0.5984521734335588
1730780102.7103786;/app/bags/user95_2017-02-24.bag;0.834065854549408;0.0;0.9619645476341248;0.0;2.403604411345348;0.40154782656644117;0.5984521734335588
1730780102.9103782;/app/bags/user95_2017-02-24.bag;0.834065854549408;0.0;0.9619645476341248;0.0;2.403604411345348;0.40154782656644117;0.5984521734335588
1730780103.1105492;/app/bags/user95_2017-02-24.bag;0.834065854549408;0.0;0.9619645476341248;0.0;2.403604411345348;0.40154782656644117;0.5984521734335588
1730780103.3103852;/app/bags/user95_2017-02-24.bag;0.834065854549408;0.0;0.9619645476341248;0.0;2.403604411345348;0.40154782656644117;0.5984521734335588
1730780103.5104342;/app/bags/user95_2017-02-24.bag;0.834065854549408;0.0;0.9619645476341248;0.0;2.403604411345348;0.40154782656644117;0.5984521734335588
1730780103.7103643;/app/bags/user95_2017-02-24.bag;0.834065854549408;0.0;0.9619645476341248;0.0;2.403604411345348;0.40154782656644117;0.5984521734335588
1730780103.9104016;/app/bags/user95_2017-02-24.bag;0.834065854549408;0.0;0.9619645476341248;0.0;2.403604411345348;0.40154782656644117;0.5984521734335588
1730780104.1103766;/app/bags/user95_2017-02-24.bag;0.834065854549408;0.0;0.9619645476341248;0.0;2.403604411345348;0.40154782656644117;0.5984521734335588
1730780104.310387;/app/bags/user95_2017-02-24.bag;0.834065854549408;0.0;0.9619645476341248;0.0;2.403604411345348;0.40154782656644117;0.5984521734335588
1730780104.5104344;/app/bags/user95_2017-02-24.bag;0.834065854549408;0.0;0.9619645476341248;0.0;2.403604411345348;0.40154782656644117;0.5984521734335588
1730780104.7103736;/app/bags/user95_2017-02-24.bag;0.834065854549408;0.0;0.9619645476341248;0.0;2.403604411345348;0.40154782656644117;0.5984521734335588
1730780104.9103823;/app/bags/user95_2017-02-24.bag;0.834065854549408;0.0;0.9619645476341248;0.0;2.403604411345348;0.40154782656644117;0.5984521734335588
1730780105.1103878;/app/bags/user95_2017-02-24.bag;0.834065854549408;0.0;0.9619645476341248;0.0;2.403604411345348;0.40154782656644117;0.5984521734335588
1730780105.3103755;/app/bags/user95_2017-02-24.bag;0.834065854549408;0.0;0.9619645476341248;0.0;2.403604411345348;0.40154782656644117;0.5984521734335588
1730780105.5103827;/app/bags/user95_2017-02-24.bag;0.834065854549408;0.0;0.9619645476341248;0.0;2.403604411345348;0.40154782656644117;0.5984521734335588
1730780105.7103753;/app/bags/user95_2017-02-24.bag;0.834065854549408;0.0;0.9619645476341248;0.0;2.403604411345348;0.40154782656644117;0.5984521734335588
1730780105.9103854;/app/bags/user95_2017-02-24.bag;0.834065854549408;0.0;0.9619645476341248;0.0;2.403604411345348;0.40154782656644117;0.5984521734335588
1730780106.110377;/app/bags/user95_2017-02-24.bag;0.834065854549408;0.0;0.9619645476341248;0.0;2.403604411345348;0.40154782656644117;0.5984521734335588
1730780106.310421;/app/bags/user95_2017-02-24.bag;0.834065854549408;0.0;0.9619645476341248;0.0;2.403604411345348;0.40154782656644117;0.5984521734335588
1730780106.5104353;/app/bags/user95_2017-02-24.bag;0.834065854549408;0.0;0.9619645476341248;0.0;2.403604411345348;0.40154782656644117;0.5984521734335588
1730780106.710406;/app/bags/user95_2017-02-24.bag;0.834065854549408;0.0;0.9619645476341248;0.0;2.403604411345348;0.40154782656644117;0.5984521734335588
1730780106.910496;/app/bags/user95_2017-02-24.bag;0.834065854549408;0.0;0.9619645476341248;0.0;2.403604411345348;0.40154782656644117;0.5984521734335588
1730780107.1103766;/app/bags/user95_2017-02-24.bag;0.834065854549408;0.0;0.9619645476341248;0.0;2.403604411345348;0.40154782656644117;0.5984521734335588
1730780107.3104334;/app/bags/user95_2017-02-24.bag;0.834065854549408;0.0;0.9619645476341248;0.0;2.403604411345348;0.40154782656644117;0.5984521734335588
1730780107.510391;/app/bags/user95_2017-02-24.bag;0.834065854549408;0.0;0.9619645476341248;0.0;2.403604411345348;0.40154782656644117;0.5984521734335588
1730780107.7104177;/app/bags/user95_2017-02-24.bag;0.834065854549408;0.0;0.9619645476341248;0.0;2.403604411345348;0.40154782656644117;0.5984521734335588
1730780107.9104006;/app/bags/user95_2017-02-24.bag;0.834065854549408;0.0;0.9619645476341248;0.0;2.403604411345348;0.40154782656644117;0.5984521734335588
1730780108.1103897;/app/bags/user95_2017-02-24.bag;0.834065854549408;0.0;0.9619645476341248;0.0;2.403604411345348;0.40154782656644117;0.5984521734335588
1730780108.3103733;/app/bags/user95_2017-02-24.bag;0.834065854549408;0.0;0.9619645476341248;0.0;2.403604411345348;0.40154782656644117;0.5984521734335588
1730780108.5104043;/app/bags/user95_2017-02-24.bag;0.834065854549408;0.0;0.9619645476341248;0.0;2.403604411345348;0.40154782656644117;0.5984521734335588
1730780108.7103624;/app/bags/user95_2017-02-24.bag;0.834065854549408;0.0;0.9619645476341248;0.0;2.403604411345348;0.40154782656644117;0.5984521734335588
1730780108.910395;/app/bags/user95_2017-02-24.bag;0.834065854549408;0.0;0.9619645476341248;0.0;2.403604411345348;0.40154782656644117;0.5984521734335588
1730780109.1104205;/app/bags/user95_2017-02-24.bag;0.834065854549408;0.0;0.9619645476341248;0.0;2.403604411345348;0.40154782656644117;0.5984521734335588
1730780109.3104405;/app/bags/user95_2017-02-24.bag;0.834065854549408;0.0;0.9619645476341248;0.0;2.403604411345348;0.40154782656644117;0.5984521734335588
1730780109.5104177;/app/bags/user95_2017-02-24.bag;0.834065854549408;0.0;0.9619645476341248;0.0;2.403604411345348;0.40154782656644117;0.5984521734335588
1730780109.7104533;/app/bags/user95_2017-02-24.bag;0.834065854549408;0.0;0.9619645476341248;0.0;2.403604411345348;0.40154782656644117;0.5984521734335588
1730780109.9103732;/app/bags/user95_2017-02-24.bag;0.834065854549408;0.0;0.9619645476341248;0.0;2.403604411345348;0.40154782656644117;0.5984521734335588
1730780110.1104877;/app/bags/user95_2017-02-24.bag;0.834065854549408;0.0;0.9619645476341248;0.0;2.403604411345348;0.40154782656644117;0.5984521734335588
1730780110.3103957;/app/bags/user95_2017-02-24.bag;0.834065854549408;0.0;0.9619645476341248;0.0;2.403604411345348;0.40154782656644117;0.5984521734335588
1730780110.5103757;/app/bags/user95_2017-02-24.bag;0.834065854549408;0.0;0.9619645476341248;0.0;2.403604411345348;0.40154782656644117;0.5984521734335588
1730780110.7104945;/app/bags/user95_2017-02-24.bag;0.834065854549408;0.0;0.9619645476341248;0.0;2.403604411345348;0.40154782656644117;0.5984521734335588
1730780110.9103527;/app/bags/user95_2017-02-24.bag;0.834065854549408;0.0;0.9619645476341248;0.0;2.403604411345348;0.40154782656644117;0.5984521734335588
1730780111.1103442;/app/bags/user95_2017-02-24.bag;0.834065854549408;0.0;0.9619645476341248;0.0;2.403604411345348;0.40154782656644117;0.5984521734335588
1730780111.3104062;/app/bags/user95_2017-02-24.bag;0.834065854549408;0.0;0.9619645476341248;0.0;2.403604411345348;0.40154782656644117;0.5984521734335588
1730780111.5103905;/app/bags/user95_2017-02-24.bag;0.834065854549408;0.0;0.9619645476341248;0.0;2.403604411345348;0.40154782656644117;0.5984521734335588
1730780111.7103734;/app/bags/user95_2017-02-24.bag;0.834065854549408;0.0;0.9619645476341248;0.0;2.403604411345348;0.40154782656644117;0.5984521734335588
1730780111.9103856;/app/bags/user95_2017-02-24.bag;0.834065854549408;0.0;0.9619645476341248;0.0;2.403604411345348;0.40154782656644117;0.5984521734335588
1730780112.110365;/app/bags/user95_2017-02-24.bag;0.834065854549408;0.0;0.9619645476341248;0.0;2.403604411345348;0.40154782656644117;0.5984521734335588
1730780112.3103812;/app/bags/user95_2017-02-24.bag;0.834065854549408;0.0;0.9619645476341248;0.0;2.403604411345348;0.40154782656644117;0.5984521734335588
1730780112.5104618;/app/bags/user95_2017-02-24.bag;0.834065854549408;0.0;0.9619645476341248;0.0;2.403604411345348;0.40154782656644117;0.5984521734335588
1730780112.7104063;/app/bags/user95_2017-02-24.bag;0.834065854549408;0.0;0.9619645476341248;0.0;2.403604411345348;0.40154782656644117;0.5984521734335588
1730780112.910381;/app/bags/user95_2017-02-24.bag;0.834065854549408;0.0;0.9619645476341248;0.0;2.403604411345348;0.40154782656644117;0.5984521734335588
1730780113.1104102;/app/bags/user95_2017-02-24.bag;0.834065854549408;0.0;0.9619645476341248;0.0;2.403604411345348;0.40154782656644117;0.5984521734335588
1730780113.3104033;/app/bags/user95_2017-02-24.bag;0.834065854549408;0.0;0.9619645476341248;0.0;2.403604411345348;0.40154782656644117;0.5984521734335588
1730780113.5105212;/app/bags/user95_2017-02-24.bag;0.834065854549408;0.0;0.9619645476341248;0.0;2.403604411345348;0.40154782656644117;0.5984521734335588
1730780113.7104394;/app/bags/user95_2017-02-24.bag;0.834065854549408;0.0;0.9619645476341248;0.0;2.403604411345348;0.40154782656644117;0.5984521734335588
1730780113.9103963;/app/bags/user95_2017-02-24.bag;0.834065854549408;0.0;0.9619645476341248;0.0;2.403604411345348;0.40154782656644117;0.5984521734335588
1730780114.1103685;/app/bags/user95_2017-02-24.bag;0.834065854549408;0.0;0.9619645476341248;0.0;2.403604411345348;0.40154782656644117;0.5984521734335588
1730780114.310375;/app/bags/user95_2017-02-24.bag;0.834065854549408;0.0;0.9619645476341248;0.0;2.403604411345348;0.40154782656644117;0.5984521734335588
1730780114.510377;/app/bags/user95_2017-02-24.bag;0.834065854549408;0.0;0.9619645476341248;0.0;2.403604411345348;0.40154782656644117;0.5984521734335588
1730780114.7104099;/app/bags/user95_2017-02-24.bag;0.834065854549408;0.0;0.9619645476341248;0.0;2.403604411345348;0.40154782656644117;0.5984521734335588
1730780114.9104233;/app/bags/user95_2017-02-24.bag;0.834065854549408;0.0;0.9619645476341248;0.0;2.403604411345348;0.40154782656644117;0.5984521734335588
1730780115.1103916;/app/bags/user95_2017-02-24.bag;0.834065854549408;0.0;0.9619645476341248;0.0;2.403604411345348;0.40154782656644117;0.5984521734335588
1730780115.310379;/app/bags/user95_2017-02-24.bag;0.834065854549408;0.0;0.9619645476341248;0.0;2.403604411345348;0.40154782656644117;0.5984521734335588
1730780115.5104291;/app/bags/user95_2017-02-24.bag;0.834065854549408;0.0;0.9619645476341248;0.0;2.403604411345348;0.40154782656644117;0.5984521734335588
1730780115.7104175;/app/bags/user95_2017-02-24.bag;0.834065854549408;0.0;0.9619645476341248;0.0;2.403604411345348;0.40154782656644117;0.5984521734335588
1730780115.9103792;/app/bags/user95_2017-02-24.bag;0.834065854549408;0.0;0.9619645476341248;0.0;2.403604411345348;0.40154782656644117;0.5984521734335588
1730780116.1104202;/app/bags/user95_2017-02-24.bag;0.834065854549408;0.0;0.9619645476341248;0.0;2.403604411345348;0.40154782656644117;0.5984521734335588
1730780116.3103921;/app/bags/user95_2017-02-24.bag;0.834065854549408;0.0;0.9619645476341248;0.0;2.403604411345348;0.40154782656644117;0.5984521734335588
1730780116.5103972;/app/bags/user95_2017-02-24.bag;0.834065854549408;0.0;0.9619645476341248;0.0;2.403604411345348;0.40154782656644117;0.5984521734335588
1730780116.710373;/app/bags/user95_2017-02-24.bag;0.834065854549408;0.0;0.9619645476341248;0.0;2.403604411345348;0.40154782656644117;0.5984521734335588
1730780116.9103904;/app/bags/user95_2017-02-24.bag;0.834065854549408;0.0;0.9619645476341248;0.0;2.403604411345348;0.40154782656644117;0.5984521734335588
1730780117.1103861;/app/bags/user95_2017-02-24.bag;0.834065854549408;0.0;0.9619645476341248;0.0;2.403604411345348;0.40154782656644117;0.5984521734335588
1730780117.3104007;/app/bags/user95_2017-02-24.bag;0.834065854549408;0.0;0.9619645476341248;0.0;2.403604411345348;0.40154782656644117;0.5984521734335588
1730780117.510402;/app/bags/user95_2017-02-24.bag;0.834065854549408;0.0;0.9619645476341248;0.0;2.403604411345348;0.40154782656644117;0.5984521734335588
1730780117.7103827;/app/bags/user95_2017-02-24.bag;0.834065854549408;0.0;0.9619645476341248;0.0;2.403604411345348;0.40154782656644117;0.5984521734335588
1730780117.9103756;/app/bags/user95_2017-02-24.bag;0.834065854549408;0.0;0.9619645476341248;0.0;2.403604411345348;0.40154782656644117;0.5984521734335588
1730780118.1104553;/app/bags/user95_2017-02-24.bag;0.834065854549408;0.0;0.9619645476341248;0.0;2.403604411345348;0.40154782656644117;0.5984521734335588
1730780118.3104737;/app/bags/user95_2017-02-24.bag;0.834065854549408;0.0;0.9619645476341248;0.0;2.403604411345348;0.40154782656644117;0.5984521734335588
1730780118.510392;/app/bags/user95_2017-02-24.bag;0.834065854549408;0.0;0.9619645476341248;0.0;2.403604411345348;0.40154782656644117;0.5984521734335588
1730780118.71039;/app/bags/user95_2017-02-24.bag;0.834065854549408;0.0;0.9619645476341248;0.0;2.403604411345348;0.40154782656644117;0.5984521734335588
1730780118.9104161;/app/bags/user95_2017-02-24.bag;0.834065854549408;0.0;0.9619645476341248;0.0;2.403604411345348;0.40154782656644117;0.5984521734335588
1730780119.1103802;/app/bags/user95_2017-02-24.bag;0.834065854549408;0.0;0.9619645476341248;0.0;2.403604411345348;0.40154782656644117;0.5984521734335588
1730780119.3104043;/app/bags/user95_2017-02-24.bag;0.834065854549408;0.0;0.9619645476341248;0.0;2.403604411345348;0.40154782656644117;0.5984521734335588
1730780119.5104153;/app/bags/user95_2017-02-24.bag;0.834065854549408;0.0;0.9619645476341248;0.0;2.403604411345348;0.40154782656644117;0.5984521734335588
1730780119.710415;/app/bags/user95_2017-02-24.bag;0.834065854549408;0.0;0.9619645476341248;0.0;2.403604411345348;0.40154782656644117;0.5984521734335588
1730780119.910382;/app/bags/user95_2017-02-24.bag;0.834065854549408;0.0;0.9619645476341248;0.0;2.403604411345348;0.40154782656644117;0.5984521734335588
1730780120.1103778;/app/bags/user95_2017-02-24.bag;0.834065854549408;0.0;0.9619645476341248;0.0;2.403604411345348;0.40154782656644117;0.5984521734335588
1730780120.3103821;/app/bags/user95_2017-02-24.bag;0.834065854549408;0.0;0.9619645476341248;0.0;2.403604411345348;0.40154782656644117;0.5984521734335588
1730780120.5103767;/app/bags/user95_2017-02-24.bag;0.834065854549408;0.0;0.9619645476341248;0.0;2.403604411345348;0.40154782656644117;0.5984521734335588
1730780120.710355;/app/bags/user95_2017-02-24.bag;0.834065854549408;0.0;0.9619645476341248;0.0;2.403604411345348;0.40154782656644117;0.5984521734335588
1730780120.9103756;/app/bags/user95_2017-02-24.bag;0.834065854549408;0.0;0.9619645476341248;0.0;2.403604411345348;0.40154782656644117;0.5984521734335588
1730780121.1103888;/app/bags/user95_2017-02-24.bag;0.834065854549408;0.0;0.9619645476341248;0.0;2.403604411345348;0.40154782656644117;0.5984521734335588
1730780121.3103826;/app/bags/user95_2017-02-24.bag;0.834065854549408;0.0;0.9619645476341248;0.0;2.403604411345348;0.40154782656644117;0.5984521734335588
1730780121.5104532;/app/bags/user95_2017-02-24.bag;0.834065854549408;0.0;0.9619645476341248;0.0;2.403604411345348;0.40154782656644117;0.5984521734335588
1730780121.7103736;/app/bags/user95_2017-02-24.bag;0.834065854549408;0.0;0.9619645476341248;0.0;2.403604411345348;0.40154782656644117;0.5984521734335588
1730780121.9103813;/app/bags/user95_2017-02-24.bag;0.834065854549408;0.0;0.9619645476341248;0.0;2.403604411345348;0.40154782656644117;0.5984521734335588
1730780122.1103852;/app/bags/user95_2017-02-24.bag;0.834065854549408;0.0;0.9619645476341248;0.0;2.403604411345348;0.40154782656644117;0.5984521734335588
1730780122.3103642;/app/bags/user95_2017-02-24.bag;0.834065854549408;0.0;0.9619645476341248;0.0;2.403604411345348;0.40154782656644117;0.5984521734335588
1730780122.5103917;/app/bags/user95_2017-02-24.bag;0.834065854549408;0.0;0.9619645476341248;0.0;2.403604411345348;0.40154782656644117;0.5984521734335588
1730780122.7103531;/app/bags/user95_2017-02-24.bag;0.834065854549408;0.0;0.9619645476341248;0.0;2.403604411345348;0.40154782656644117;0.5984521734335588
1730780122.9103942;/app/bags/user95_2017-02-24.bag;0.834065854549408;0.0;0.9619645476341248;0.0;2.403604411345348;0.40154782656644117;0.5984521734335588
1730780123.1104045;/app/bags/user95_2017-02-24.bag;0.834065854549408;0.0;0.9619645476341248;0.0;2.403604411345348;0.40154782656644117;0.5984521734335588
1730780123.310409;/app/bags/user95_2017-02-24.bag;0.834065854549408;0.0;0.9619645476341248;0.0;2.403604411345348;0.40154782656644117;0.5984521734335588
1730780123.5103981;/app/bags/user95_2017-02-24.bag;0.834065854549408;0.0;0.9619645476341248;0.0;2.403604411345348;0.40154782656644117;0.5984521734335588
1730780123.7104254;/app/bags/user95_2017-02-24.bag;0.834065854549408;0.0;0.9619645476341248;0.0;2.403604411345348;0.40154782656644117;0.5984521734335588
1730780123.9104288;/app/bags/user95_2017-02-24.bag;0.834065854549408;0.0;0.9619645476341248;0.0;2.403604411345348;0.40154782656644117;0.5984521734335588
1730780124.1103647;/app/bags/user95_2017-02-24.bag;0.834065854549408;0.0;0.9619645476341248;0.0;2.403604411345348;0.40154782656644117;0.5984521734335588
1730780124.3103886;/app/bags/user95_2017-02-24.bag;0.834065854549408;0.0;0.9619645476341248;0.0;2.403604411345348;0.40154782656644117;0.5984521734335588
1730780124.510418;/app/bags/user95_2017-02-24.bag;0.834065854549408;0.0;0.9619645476341248;0.0;2.403604411345348;0.40154782656644117;0.5984521734335588
1730780124.7103908;/app/bags/user95_2017-02-24.bag;0.834065854549408;0.0;0.9619645476341248;0.0;2.403604411345348;0.40154782656644117;0.5984521734335588
1730780124.9103868;/app/bags/user95_2017-02-24.bag;0.834065854549408;0.0;0.9619645476341248;0.0;2.403604411345348;0.40154782656644117;0.5984521734335588
1730780125.1104088;/app/bags/user95_2017-02-24.bag;0.834065854549408;0.0;0.9619645476341248;0.0;2.403604411345348;0.40154782656644117;0.5984521734335588
1730780125.310416;/app/bags/user95_2017-02-24.bag;0.834065854549408;0.0;0.9619645476341248;0.0;2.403604411345348;0.40154782656644117;0.5984521734335588
1730780125.510352;/app/bags/user95_2017-02-24.bag;0.834065854549408;0.0;0.9619645476341248;0.0;2.403604411345348;0.40154782656644117;0.5984521734335588
1730780125.7104812;/app/bags/user95_2017-02-24.bag;0.834065854549408;0.0;0.9619645476341248;0.0;2.403604411345348;0.40154782656644117;0.5984521734335588
1730780125.9103487;/app/bags/user95_2017-02-24.bag;0.834065854549408;0.0;0.9619645476341248;0.0;2.403604411345348;0.40154782656644117;0.5984521734335588
1730780126.1103842;/app/bags/user95_2017-02-24.bag;0.834065854549408;0.0;0.9619645476341248;0.0;2.403604411345348;0.40154782656644117;0.5984521734335588
1730780126.310487;/app/bags/user95_2017-02-24.bag;0.834065854549408;0.0;0.9619645476341248;0.0;2.403604411345348;0.40154782656644117;0.5984521734335588
1730780126.510328;/app/bags/user95_2017-02-24.bag;0.834065854549408;0.0;0.9619645476341248;0.0;2.403604411345348;0.40154782656644117;0.5984521734335588
1730780126.710373;/app/bags/user95_2017-02-24.bag;0.834065854549408;0.0;0.9619645476341248;0.0;2.403604411345348;0.40154782656644117;0.5984521734335588
1730780126.910526;/app/bags/user95_2017-02-24.bag;0.834065854549408;0.0;0.9619645476341248;0.0;2.403604411345348;0.40154782656644117;0.5984521734335588
1730780127.1103883;/app/bags/user95_2017-02-24.bag;0.834065854549408;0.0;0.9619645476341248;0.0;2.403604411345348;0.40154782656644117;0.5984521734335588
1730780127.3103724;/app/bags/user95_2017-02-24.bag;0.834065854549408;0.0;0.9619645476341248;0.0;2.403604411345348;0.40154782656644117;0.5984521734335588
1730780127.5104256;/app/bags/user95_2017-02-24.bag;0.834065854549408;0.0;0.9619645476341248;0.0;2.403604411345348;0.40154782656644117;0.5984521734335588
1730780127.710376;/app/bags/user95_2017-02-24.bag;0.834065854549408;0.0;0.9619645476341248;0.0;2.403604411345348;0.40154782656644117;0.5984521734335588
1730780127.910464;/app/bags/user95_2017-02-24.bag;0.834065854549408;0.0;0.9619645476341248;0.0;2.403604411345348;0.40154782656644117;0.5984521734335588
1730780128.1104;/app/bags/user95_2017-02-24.bag;0.834065854549408;0.0;0.9619645476341248;0.0;2.403604411345348;0.40154782656644117;0.5984521734335588
1730780128.3105419;/app/bags/user95_2017-02-24.bag;0.834065854549408;0.0;0.9619645476341248;0.0;2.403604411345348;0.40154782656644117;0.5984521734335588
1730780128.510397;/app/bags/user95_2017-02-24.bag;0.834065854549408;0.0;0.9619645476341248;0.0;2.403604411345348;0.40154782656644117;0.5984521734335588
1730780128.7104495;/app/bags/user95_2017-02-24.bag;0.834065854549408;0.0;0.9619645476341248;0.0;2.403604411345348;0.40154782656644117;0.5984521734335588
1730780128.9104545;/app/bags/user95_2017-02-24.bag;0.834065854549408;0.0;0.9619645476341248;0.0;2.403604411345348;0.40154782656644117;0.5984521734335588
1730780129.1104176;/app/bags/user95_2017-02-24.bag;0.834065854549408;0.0;0.9619645476341248;0.0;2.403604411345348;0.40154782656644117;0.5984521734335588
1730780129.310377;/app/bags/user95_2017-02-24.bag;0.834065854549408;0.0;0.9619645476341248;0.0;2.403604411345348;0.40154782656644117;0.5984521734335588
1730780129.5104024;/app/bags/user95_2017-02-24.bag;0.834065854549408;0.0;0.9619645476341248;0.0;2.403604411345348;0.40154782656644117;0.5984521734335588
1730780129.7104285;/app/bags/user95_2017-02-24.bag;0.834065854549408;0.0;0.9619645476341248;0.0;2.403604411345348;0.40154782656644117;0.5984521734335588
1730780129.910378;/app/bags/user95_2017-02-24.bag;0.834065854549408;0.0;0.9619645476341248;0.0;2.403604411345348;0.40154782656644117;0.5984521734335588
1730780130.1103797;/app/bags/user95_2017-02-24.bag;0.834065854549408;0.0;0.9619645476341248;0.0;2.403604411345348;0.40154782656644117;0.5984521734335588
1730780130.3103588;/app/bags/user95_2017-02-24.bag;0.834065854549408;0.0;0.9619645476341248;0.0;2.403604411345348;0.40154782656644117;0.5984521734335588
1730780130.5104327;/app/bags/user95_2017-02-24.bag;0.834065854549408;0.0;0.9619645476341248;0.0;2.403604411345348;0.40154782656644117;0.5984521734335588
1730780130.710437;/app/bags/user95_2017-02-24.bag;0.834065854549408;0.0;0.9619645476341248;0.0;2.403604411345348;0.40154782656644117;0.5984521734335588
1730780130.9103923;/app/bags/user95_2017-02-24.bag;0.834065854549408;0.0;0.9619645476341248;0.0;2.403604411345348;0.40154782656644117;0.5984521734335588
1730780131.1104004;/app/bags/user95_2017-02-24.bag;0.834065854549408;0.0;0.9619645476341248;0.0;2.403604411345348;0.40154782656644117;0.5984521734335588
1730780131.3103719;/app/bags/user95_2017-02-24.bag;0.834065854549408;0.0;0.9619645476341248;0.0;2.403604411345348;0.40154782656644117;0.5984521734335588
1730780131.5103884;/app/bags/user95_2017-02-24.bag;0.834065854549408;0.0;0.9619645476341248;0.0;2.403604411345348;0.40154782656644117;0.5984521734335588
1730780131.7103941;/app/bags/user95_2017-02-24.bag;0.834065854549408;0.0;0.9619645476341248;0.0;2.403604411345348;0.40154782656644117;0.5984521734335588
1730780131.9103913;/app/bags/user95_2017-02-24.bag;0.834065854549408;0.0;0.9619645476341248;0.0;2.403604411345348;0.40154782656644117;0.5984521734335588
1730780132.1103911;/app/bags/user95_2017-02-24.bag;0.834065854549408;0.0;0.9619645476341248;0.0;2.403604411345348;0.40154782656644117;0.5984521734335588
1730780132.3104253;/app/bags/user95_2017-02-24.bag;0.834065854549408;0.0;0.9619645476341248;0.0;2.403604411345348;0.40154782656644117;0.5984521734335588
1730780132.5103714;/app/bags/user95_2017-02-24.bag;0.834065854549408;0.0;0.9619645476341248;0.0;2.403604411345348;0.40154782656644117;0.5984521734335588
1730780132.7103817;/app/bags/user95_2017-02-24.bag;0.834065854549408;0.0;0.9619645476341248;0.0;2.403604411345348;0.40154782656644117;0.5984521734335588
1730780132.910431;/app/bags/user95_2017-02-24.bag;0.834065854549408;0.0;0.9619645476341248;0.0;2.403604411345348;0.40154782656644117;0.5984521734335588
1730780133.110362;/app/bags/user95_2017-02-24.bag;0.834065854549408;0.0;0.9619645476341248;0.0;2.403604411345348;0.40154782656644117;0.5984521734335588
1730780133.3103714;/app/bags/user95_2017-02-24.bag;0.834065854549408;0.0;0.9619645476341248;0.0;2.403604411345348;0.40154782656644117;0.5984521734335588
1730780133.51039;/app/bags/user95_2017-02-24.bag;0.834065854549408;0.0;0.9619645476341248;0.0;2.403604411345348;0.40154782656644117;0.5984521734335588
1730780133.7103977;/app/bags/user95_2017-02-24.bag;0.834065854549408;0.0;0.9619645476341248;0.0;2.403604411345348;0.40154782656644117;0.5984521734335588
1730780133.9103665;/app/bags/user95_2017-02-24.bag;0.834065854549408;0.0;0.9619645476341248;0.0;2.403604411345348;0.40154782656644117;0.5984521734335588
1730780134.1103883;/app/bags/user95_2017-02-24.bag;0.834065854549408;0.0;0.9619645476341248;0.0;2.403604411345348;0.40154782656644117;0.5984521734335588
1730780134.3103971;/app/bags/user95_2017-02-24.bag;0.834065854549408;0.0;0.9619645476341248;0.0;2.403604411345348;0.40154782656644117;0.5984521734335588
1730780134.5103908;/app/bags/user95_2017-02-24.bag;0.834065854549408;0.0;0.9619645476341248;0.0;2.403604411345348;0.40154782656644117;0.5984521734335588
1730780134.710441;/app/bags/user95_2017-02-24.bag;0.834065854549408;0.0;0.9619645476341248;0.0;2.403604411345348;0.40154782656644117;0.5984521734335588
1730780134.91037;/app/bags/user95_2017-02-24.bag;0.834065854549408;0.0;0.9619645476341248;0.0;2.403604411345348;0.40154782656644117;0.5984521734335588
1730780135.110473;/app/bags/user95_2017-02-24.bag;0.834065854549408;0.0;0.9619645476341248;0.0;2.403604411345348;0.40154782656644117;0.5984521734335588
1730780135.3103936;/app/bags/user95_2017-02-24.bag;0.834065854549408;0.0;0.9619645476341248;0.0;2.403604411345348;0.40154782656644117;0.5984521734335588
1730780135.5104294;/app/bags/user95_2017-02-24.bag;0.834065854549408;0.0;0.9619645476341248;0.0;2.403604411345348;0.40154782656644117;0.5984521734335588
1730780135.7104285;/app/bags/user95_2017-02-24.bag;0.834065854549408;0.0;0.9619645476341248;0.0;2.403604411345348;0.40154782656644117;0.5984521734335588
1730780135.9103677;/app/bags/user95_2017-02-24.bag;0.834065854549408;0.0;0.9619645476341248;0.0;2.403604411345348;0.40154782656644117;0.5984521734335588
1730780136.1104612;/app/bags/user95_2017-02-24.bag;0.834065854549408;0.0;0.9619645476341248;0.0;2.403604411345348;0.40154782656644117;0.5984521734335588
1730780136.3104095;/app/bags/user95_2017-02-24.bag;0.834065854549408;0.0;0.9619645476341248;0.0;2.403604411345348;0.40154782656644117;0.5984521734335588
1730780136.5103855;/app/bags/user95_2017-02-24.bag;0.834065854549408;0.0;0.9619645476341248;0.0;2.403604411345348;0.40154782656644117;0.5984521734335588
1730780136.7103739;/app/bags/user95_2017-02-24.bag;0.834065854549408;0.0;0.9619645476341248;0.0;2.403604411345348;0.40154782656644117;0.5984521734335588
1730780136.9103746;/app/bags/user95_2017-02-24.bag;0.834065854549408;0.0;0.9619645476341248;0.0;2.403604411345348;0.40154782656644117;0.5984521734335588
1730780137.1104333;/app/bags/user95_2017-02-24.bag;0.834065854549408;0.0;0.9619645476341248;0.0;2.403604411345348;0.40154782656644117;0.5984521734335588
1730780137.3103738;/app/bags/user95_2017-02-24.bag;0.834065854549408;0.0;0.9619645476341248;0.0;2.403604411345348;0.40154782656644117;0.5984521734335588
1730780137.5103476;/app/bags/user95_2017-02-24.bag;0.834065854549408;0.0;0.9619645476341248;0.0;2.403604411345348;0.40154782656644117;0.5984521734335588
1730780137.7104232;/app/bags/user95_2017-02-24.bag;0.834065854549408;0.0;0.9619645476341248;0.0;2.403604411345348;0.40154782656644117;0.5984521734335588
1730780137.9103913;/app/bags/user95_2017-02-24.bag;0.834065854549408;0.0;0.9619645476341248;0.0;2.403604411345348;0.40154782656644117;0.5984521734335588
1730780138.1103418;/app/bags/user95_2017-02-24.bag;0.834065854549408;0.0;0.9619645476341248;0.0;2.403604411345348;0.40154782656644117;0.5984521734335588
1730780138.3105729;/app/bags/user95_2017-02-24.bag;0.834065854549408;0.0;0.9619645476341248;0.0;2.403604411345348;0.40154782656644117;0.5984521734335588
1730780138.5103998;/app/bags/user95_2017-02-24.bag;0.834065854549408;0.0;0.9619645476341248;0.0;2.403604411345348;0.40154782656644117;0.5984521734335588
1730780138.7103798;/app/bags/user95_2017-02-24.bag;0.834065854549408;0.0;0.9619645476341248;0.0;2.403604411345348;0.40154782656644117;0.5984521734335588
1730780138.9103613;/app/bags/user95_2017-02-24.bag;0.834065854549408;0.0;0.9619645476341248;0.0;2.403604411345348;0.40154782656644117;0.5984521734335588
1730780139.110368;/app/bags/user95_2017-02-24.bag;0.834065854549408;0.0;0.9619645476341248;0.0;2.403604411345348;0.40154782656644117;0.5984521734335588
1730780139.3103812;/app/bags/user95_2017-02-24.bag;0.834065854549408;0.0;0.9619645476341248;0.0;2.403604411345348;0.40154782656644117;0.5984521734335588
1730780139.5103915;/app/bags/user95_2017-02-24.bag;0.834065854549408;0.0;0.9619645476341248;0.0;2.403604411345348;0.40154782656644117;0.5984521734335588
1730780139.7103636;/app/bags/user95_2017-02-24.bag;0.834065854549408;0.0;0.9619645476341248;0.0;2.403604411345348;0.40154782656644117;0.5984521734335588
1730780139.9104354;/app/bags/user95_2017-02-24.bag;0.834065854549408;0.0;0.9619645476341248;0.0;2.403604411345348;0.40154782656644117;0.5984521734335588
1730780140.11038;/app/bags/user95_2017-02-24.bag;0.834065854549408;0.0;0.9619645476341248;0.0;2.403604411345348;0.40154782656644117;0.5984521734335588
1730780140.3103812;/app/bags/user95_2017-02-24.bag;0.834065854549408;0.0;0.9619645476341248;0.0;2.403604411345348;0.40154782656644117;0.5984521734335588
1730780140.5103686;/app/bags/user95_2017-02-24.bag;0.834065854549408;0.0;0.9619645476341248;0.0;2.403604411345348;0.40154782656644117;0.5984521734335588
1730780140.710404;/app/bags/user95_2017-02-24.bag;0.834065854549408;0.0;0.9619645476341248;0.0;2.403604411345348;0.40154782656644117;0.5984521734335588
1730780140.9104586;/app/bags/user95_2017-02-24.bag;0.834065854549408;0.0;0.9619645476341248;0.0;2.403604411345348;0.40154782656644117;0.5984521734335588
1730780141.1103992;/app/bags/user95_2017-02-24.bag;0.834065854549408;0.0;0.9619645476341248;0.0;2.403604411345348;0.40154782656644117;0.5984521734335588
1730780141.3103826;/app/bags/user95_2017-02-24.bag;0.834065854549408;0.0;0.9619645476341248;0.0;2.403604411345348;0.40154782656644117;0.5984521734335588
1730780141.5104358;/app/bags/user95_2017-02-24.bag;0.834065854549408;0.0;0.9619645476341248;0.0;2.403604411345348;0.40154782656644117;0.5984521734335588
1730780141.7103887;/app/bags/user95_2017-02-24.bag;0.834065854549408;0.0;0.9619645476341248;0.0;2.403604411345348;0.40154782656644117;0.5984521734335588
1730780141.9123268;/app/bags/user95_2017-02-24.bag;0.834065854549408;0.0;0.9619645476341248;0.0;2.403604411345348;0.40154782656644117;0.5984521734335588
1730780142.1103551;/app/bags/user95_2017-02-24.bag;0.834065854549408;0.0;0.9619645476341248;0.0;2.403604411345348;0.40154782656644117;0.5984521734335588
1730780142.310349;/app/bags/user95_2017-02-24.bag;0.834065854549408;0.0;0.9619645476341248;0.0;2.403604411345348;0.40154782656644117;0.5984521734335588
1730780142.5103827;/app/bags/user95_2017-02-24.bag;0.834065854549408;0.0;0.9619645476341248;0.0;2.403604411345348;0.40154782656644117;0.5984521734335588
1730780142.7104497;/app/bags/user95_2017-02-24.bag;0.834065854549408;0.0;0.9619645476341248;0.0;2.403604411345348;0.40154782656644117;0.5984521734335588
1730780142.9104373;/app/bags/user95_2017-02-24.bag;0.834065854549408;0.0;0.9619645476341248;0.0;2.403604411345348;0.40154782656644117;0.5984521734335588
1730780143.1103916;/app/bags/user95_2017-02-24.bag;0.834065854549408;0.0;0.9619645476341248;0.0;2.403604411345348;0.40154782656644117;0.5984521734335588
1730780143.3104625;/app/bags/user95_2017-02-24.bag;0.834065854549408;0.0;0.9619645476341248;0.0;2.403604411345348;0.40154782656644117;0.5984521734335588
1730780143.5103757;/app/bags/user95_2017-02-24.bag;0.834065854549408;0.0;0.9619645476341248;0.0;2.403604411345348;0.40154782656644117;0.5984521734335588
1730780143.7104096;/app/bags/user95_2017-02-24.bag;0.834065854549408;0.0;0.9619645476341248;0.0;2.403604411345348;0.40154782656644117;0.5984521734335588
1730780143.9104078;/app/bags/user95_2017-02-24.bag;0.834065854549408;0.0;0.9619645476341248;0.0;2.403604411345348;0.40154782656644117;0.5984521734335588
1730780144.1104445;/app/bags/user95_2017-02-24.bag;0.834065854549408;0.0;0.9619645476341248;0.0;2.403604411345348;0.40154782656644117;0.5984521734335588
1730780144.3104084;/app/bags/user95_2017-02-24.bag;0.834065854549408;0.0;0.9619645476341248;0.0;2.403604411345348;0.40154782656644117;0.5984521734335588
1730780144.5103765;/app/bags/user95_2017-02-24.bag;0.834065854549408;0.0;0.9619645476341248;0.0;2.403604411345348;0.40154782656644117;0.5984521734335588
1730780144.71039;/app/bags/user95_2017-02-24.bag;0.834065854549408;0.0;0.9619645476341248;0.0;2.403604411345348;0.40154782656644117;0.5984521734335588
1730780144.910369;/app/bags/user95_2017-02-24.bag;0.834065854549408;0.0;0.9619645476341248;0.0;2.403604411345348;0.40154782656644117;0.5984521734335588
1730780145.110398;/app/bags/user95_2017-02-24.bag;0.834065854549408;0.0;0.9619645476341248;0.0;2.403604411345348;0.40154782656644117;0.5984521734335588
1730780145.310458;/app/bags/user95_2017-02-24.bag;0.834065854549408;0.0;0.9619645476341248;0.0;2.403604411345348;0.40154782656644117;0.5984521734335588
1730780145.5103915;/app/bags/user95_2017-02-24.bag;0.834065854549408;0.0;0.9619645476341248;0.0;2.403604411345348;0.40154782656644117;0.5984521734335588
1730780145.7103744;/app/bags/user95_2017-02-24.bag;0.834065854549408;0.0;0.9619645476341248;0.0;2.403604411345348;0.40154782656644117;0.5984521734335588
1730780145.9103765;/app/bags/user95_2017-02-24.bag;0.834065854549408;0.0;0.9619645476341248;0.0;2.403604411345348;0.40154782656644117;0.5984521734335588
1730780146.1103618;/app/bags/user95_2017-02-24.bag;0.834065854549408;0.0;0.9619645476341248;0.0;2.403604411345348;0.40154782656644117;0.5984521734335588
1730780146.3103678;/app/bags/user95_2017-02-24.bag;0.834065854549408;0.0;0.9619645476341248;0.0;2.403604411345348;0.40154782656644117;0.5984521734335588
1730780146.5103772;/app/bags/user95_2017-02-24.bag;0.834065854549408;0.0;0.9619645476341248;0.0;2.403604411345348;0.40154782656644117;0.5984521734335588
1730780146.7103705;/app/bags/user95_2017-02-24.bag;0.834065854549408;0.0;0.9619645476341248;0.0;2.403604411345348;0.40154782656644117;0.5984521734335588
1730780146.9103699;/app/bags/user95_2017-02-24.bag;0.834065854549408;0.0;0.9619645476341248;0.0;2.403604411345348;0.40154782656644117;0.5984521734335588
1730780147.110373;/app/bags/user95_2017-02-24.bag;0.834065854549408;0.0;0.9619645476341248;0.0;2.403604411345348;0.40154782656644117;0.5984521734335588
1730780147.3103898;/app/bags/user95_2017-02-24.bag;0.834065854549408;0.0;0.9619645476341248;0.0;2.403604411345348;0.40154782656644117;0.5984521734335588
1730780147.5103958;/app/bags/user95_2017-02-24.bag;0.834065854549408;0.0;0.9619645476341248;0.0;2.403604411345348;0.40154782656644117;0.5984521734335588
1730780147.7103934;/app/bags/user95_2017-02-24.bag;0.834065854549408;0.0;0.9619645476341248;0.0;2.403604411345348;0.40154782656644117;0.5984521734335588
1730780147.910375;/app/bags/user95_2017-02-24.bag;0.834065854549408;0.0;0.9619645476341248;0.0;2.403604411345348;0.40154782656644117;0.5984521734335588
1730780148.1104438;/app/bags/user95_2017-02-24.bag;0.834065854549408;0.0;0.9619645476341248;0.0;2.403604411345348;0.40154782656644117;0.5984521734335588
1730780148.3103788;/app/bags/user95_2017-02-24.bag;0.834065854549408;0.0;0.9619645476341248;0.0;2.403604411345348;0.40154782656644117;0.5984521734335588
1730780148.510371;/app/bags/user95_2017-02-24.bag;0.834065854549408;0.0;0.9619645476341248;0.0;2.403604411345348;0.40154782656644117;0.5984521734335588
1730780148.71037;/app/bags/user95_2017-02-24.bag;0.834065854549408;0.0;0.9619645476341248;0.0;2.403604411345348;0.40154782656644117;0.5984521734335588
1730780148.9104166;/app/bags/user95_2017-02-24.bag;0.834065854549408;0.0;0.9619645476341248;0.0;2.403604411345348;0.40154782656644117;0.5984521734335588
1730780149.1104038;/app/bags/user95_2017-02-24.bag;0.834065854549408;0.0;0.9619645476341248;0.0;2.403604411345348;0.40154782656644117;0.5984521734335588
1730780149.3103719;/app/bags/user95_2017-02-24.bag;0.834065854549408;0.0;0.9619645476341248;0.0;2.403604411345348;0.40154782656644117;0.5984521734335588
1730780149.510414;/app/bags/user95_2017-02-24.bag;0.834065854549408;0.0;0.9619645476341248;0.0;2.403604411345348;0.40154782656644117;0.5984521734335588
1730780149.7103868;/app/bags/user95_2017-02-24.bag;0.834065854549408;0.0;0.9619645476341248;0.0;2.403604411345348;0.40154782656644117;0.5984521734335588
1730780149.9103699;/app/bags/user95_2017-02-24.bag;0.834065854549408;0.0;0.9619645476341248;0.0;2.403604411345348;0.40154782656644117;0.5984521734335588
1730780150.1104028;/app/bags/user95_2017-02-24.bag;0.834065854549408;0.0;0.9619645476341248;0.0;2.403604411345348;0.40154782656644117;0.5984521734335588
1730780150.310396;/app/bags/user95_2017-02-24.bag;0.834065854549408;0.0;0.9619645476341248;0.0;2.403604411345348;0.40154782656644117;0.5984521734335588
1730780150.5104277;/app/bags/user95_2017-02-24.bag;0.834065854549408;0.0;0.9619645476341248;0.0;2.403604411345348;0.40154782656644117;0.5984521734335588
1730780150.7104266;/app/bags/user95_2017-02-24.bag;0.834065854549408;0.0;0.9619645476341248;0.0;2.403604411345348;0.40154782656644117;0.5984521734335588
1730780150.910341;/app/bags/user95_2017-02-24.bag;0.834065854549408;0.0;0.9619645476341248;0.0;2.403604411345348;0.40154782656644117;0.5984521734335588
1730780151.1104198;/app/bags/user95_2017-02-24.bag;0.834065854549408;0.0;0.9619645476341248;0.0;2.403604411345348;0.40154782656644117;0.5984521734335588
1730780151.3103838;/app/bags/user95_2017-02-24.bag;0.834065854549408;0.0;0.9619645476341248;0.0;2.403604411345348;0.40154782656644117;0.5984521734335588
1730780151.510371;/app/bags/user95_2017-02-24.bag;0.834065854549408;0.0;0.9619645476341248;0.0;2.403604411345348;0.40154782656644117;0.5984521734335588
1730780151.7103734;/app/bags/user95_2017-02-24.bag;0.834065854549408;0.0;0.9619645476341248;0.0;2.403604411345348;0.40154782656644117;0.5984521734335588
1730780151.9104176;/app/bags/user95_2017-02-24.bag;0.834065854549408;0.0;0.9619645476341248;0.0;2.403604411345348;0.40154782656644117;0.5984521734335588
1730780152.1104016;/app/bags/user95_2017-02-24.bag;0.834065854549408;0.0;0.9619645476341248;0.0;2.403604411345348;0.40154782656644117;0.5984521734335588
1730780152.310392;/app/bags/user95_2017-02-24.bag;0.834065854549408;0.0;0.9619645476341248;0.0;2.403604411345348;0.40154782656644117;0.5984521734335588
1730780152.510425;/app/bags/user95_2017-02-24.bag;0.834065854549408;0.0;0.9619645476341248;0.0;2.403604411345348;0.40154782656644117;0.5984521734335588
1730780152.7104144;/app/bags/user95_2017-02-24.bag;0.834065854549408;0.0;0.9619645476341248;0.0;2.403604411345348;0.40154782656644117;0.5984521734335588
1730780152.9103875;/app/bags/user95_2017-02-24.bag;0.834065854549408;0.0;0.9619645476341248;0.0;2.403604411345348;0.40154782656644117;0.5984521734335588
1730780153.1103613;/app/bags/user95_2017-02-24.bag;0.834065854549408;0.0;0.9619645476341248;0.0;2.403604411345348;0.40154782656644117;0.5984521734335588
1730780153.310386;/app/bags/user95_2017-02-24.bag;0.834065854549408;0.0;0.9619645476341248;0.0;2.403604411345348;0.40154782656644117;0.5984521734335588
1730780153.5103734;/app/bags/user95_2017-02-24.bag;0.834065854549408;0.0;0.9619645476341248;0.0;2.403604411345348;0.40154782656644117;0.5984521734335588
1730780153.710404;/app/bags/user95_2017-02-24.bag;0.834065854549408;0.0;0.9619645476341248;0.0;2.403604411345348;0.40154782656644117;0.5984521734335588
1730780153.910366;/app/bags/user95_2017-02-24.bag;0.834065854549408;0.0;0.9619645476341248;0.0;2.403604411345348;0.40154782656644117;0.5984521734335588
1730780154.1103609;/app/bags/user95_2017-02-24.bag;0.834065854549408;0.0;0.9619645476341248;0.0;2.403604411345348;0.40154782656644117;0.5984521734335588
1730780154.3103898;/app/bags/user95_2017-02-24.bag;0.834065854549408;0.0;0.9619645476341248;0.0;2.403604411345348;0.40154782656644117;0.5984521734335588
1730780154.5104098;/app/bags/user95_2017-02-24.bag;0.834065854549408;0.0;0.9619645476341248;0.0;2.403604411345348;0.40154782656644117;0.5984521734335588
1730780154.7104235;/app/bags/user95_2017-02-24.bag;0.834065854549408;0.0;0.9619645476341248;0.0;2.403604411345348;0.40154782656644117;0.5984521734335588
1730780154.910384;/app/bags/user95_2017-02-24.bag;0.834065854549408;0.0;0.9619645476341248;0.0;2.403604411345348;0.40154782656644117;0.5984521734335588
1730780155.1103928;/app/bags/user95_2017-02-24.bag;0.834065854549408;0.0;0.9619645476341248;0.0;2.403604411345348;0.40154782656644117;0.5984521734335588
1730780155.3103828;/app/bags/user95_2017-02-24.bag;0.834065854549408;0.0;0.9619645476341248;0.0;2.403604411345348;0.40154782656644117;0.5984521734335588
1730780155.5103805;/app/bags/user95_2017-02-24.bag;0.834065854549408;0.0;0.9619645476341248;0.0;2.403604411345348;0.40154782656644117;0.5984521734335588
1730780155.710374;/app/bags/user95_2017-02-24.bag;0.834065854549408;0.0;0.9619645476341248;0.0;2.403604411345348;0.40154782656644117;0.5984521734335588
1730780155.9104393;/app/bags/user95_2017-02-24.bag;0.834065854549408;0.0;0.9619645476341248;0.0;2.403604411345348;0.40154782656644117;0.5984521734335588
1730780156.1103926;/app/bags/user95_2017-02-24.bag;0.834065854549408;0.0;0.9619645476341248;0.0;2.403604411345348;0.40154782656644117;0.5984521734335588
1730780156.3104544;/app/bags/user95_2017-02-24.bag;0.834065854549408;0.0;0.9619645476341248;0.0;2.403604411345348;0.40154782656644117;0.5984521734335588
1730780156.510427;/app/bags/user95_2017-02-24.bag;0.834065854549408;0.0;0.9619645476341248;0.0;2.403604411345348;0.40154782656644117;0.5984521734335588
1730780156.710398;/app/bags/user95_2017-02-24.bag;0.834065854549408;0.0;0.9619645476341248;0.0;2.403604411345348;0.40154782656644117;0.5984521734335588
1730780156.9104688;/app/bags/user95_2017-02-24.bag;0.834065854549408;0.0;0.9619645476341248;0.0;2.403604411345348;0.40154782656644117;0.5984521734335588
1730780157.1104348;/app/bags/user95_2017-02-24.bag;0.834065854549408;0.0;0.9619645476341248;0.0;2.403604411345348;0.40154782656644117;0.5984521734335588
1730780157.3103948;/app/bags/user95_2017-02-24.bag;0.834065854549408;0.0;0.9619645476341248;0.0;2.403604411345348;0.40154782656644117;0.5984521734335588
1730780157.5103693;/app/bags/user95_2017-02-24.bag;0.834065854549408;0.0;0.9619645476341248;0.0;2.403604411345348;0.40154782656644117;0.5984521734335588
1730780157.7104144;/app/bags/user95_2017-02-24.bag;0.834065854549408;0.0;0.9619645476341248;0.0;2.403604411345348;0.40154782656644117;0.5984521734335588
1730780157.910372;/app/bags/user95_2017-02-24.bag;0.834065854549408;0.0;0.9619645476341248;0.0;2.403604411345348;0.40154782656644117;0.5984521734335588
1730780158.1104147;/app/bags/user95_2017-02-24.bag;0.834065854549408;0.0;0.9619645476341248;0.0;2.403604411345348;0.40154782656644117;0.5984521734335588
1730780158.3103712;/app/bags/user95_2017-02-24.bag;0.834065854549408;0.0;0.9619645476341248;0.0;2.403604411345348;0.40154782656644117;0.5984521734335588
1730780158.5104609;/app/bags/user95_2017-02-24.bag;0.834065854549408;0.0;0.9619645476341248;0.0;2.403604411345348;0.40154782656644117;0.5984521734335588
1730780158.7103832;/app/bags/user95_2017-02-24.bag;0.834065854549408;0.0;0.9619645476341248;0.0;2.403604411345348;0.40154782656644117;0.5984521734335588
1730780158.9104059;/app/bags/user95_2017-02-24.bag;0.834065854549408;0.0;0.9619645476341248;0.0;2.403604411345348;0.40154782656644117;0.5984521734335588
1730780159.1104305;/app/bags/user95_2017-02-24.bag;0.834065854549408;0.0;0.9619645476341248;0.0;2.403604411345348;0.40154782656644117;0.5984521734335588
1730780159.3104162;/app/bags/user95_2017-02-24.bag;0.834065854549408;0.0;0.9619645476341248;0.0;2.403604411345348;0.40154782656644117;0.5984521734335588
1730780159.5104153;/app/bags/user95_2017-02-24.bag;0.834065854549408;0.0;0.9619645476341248;0.0;2.403604411345348;0.40154782656644117;0.5984521734335588
1730780159.7103977;/app/bags/user95_2017-02-24.bag;0.834065854549408;0.0;0.9619645476341248;0.0;2.403604411345348;0.40154782656644117;0.5984521734335588
1730780159.910367;/app/bags/user95_2017-02-24.bag;0.834065854549408;0.0;0.9619645476341248;0.0;2.403604411345348;0.40154782656644117;0.5984521734335588
1730780160.110426;/app/bags/user95_2017-02-24.bag;0.834065854549408;0.0;0.9619645476341248;0.0;2.403604411345348;0.40154782656644117;0.5984521734335588
1730780160.3103757;/app/bags/user95_2017-02-24.bag;0.834065854549408;0.0;0.9619645476341248;0.0;2.403604411345348;0.40154782656644117;0.5984521734335588
1730780160.5104368;/app/bags/user95_2017-02-24.bag;0.834065854549408;0.0;0.9619645476341248;0.0;2.403604411345348;0.40154782656644117;0.5984521734335588
1730780160.7103662;/app/bags/user95_2017-02-24.bag;0.834065854549408;0.0;0.9619645476341248;0.0;2.403604411345348;0.40154782656644117;0.5984521734335588
1730780160.9104254;/app/bags/user95_2017-02-24.bag;0.834065854549408;0.0;0.9619645476341248;0.0;2.403604411345348;0.40154782656644117;0.5984521734335588
1730780161.1103833;/app/bags/user95_2017-02-24.bag;0.834065854549408;0.0;0.9619645476341248;0.0;2.403604411345348;0.40154782656644117;0.5984521734335588
1730780161.3104353;/app/bags/user95_2017-02-24.bag;0.834065854549408;0.0;0.9619645476341248;0.0;2.403604411345348;0.40154782656644117;0.5984521734335588
1730780161.5103664;/app/bags/user95_2017-02-24.bag;0.834065854549408;0.0;0.9619645476341248;0.0;2.403604411345348;0.40154782656644117;0.5984521734335588
1730780161.7104285;/app/bags/user95_2017-02-24.bag;0.834065854549408;0.0;0.9619645476341248;0.0;2.403604411345348;0.40154782656644117;0.5984521734335588
1730780161.9103837;/app/bags/user95_2017-02-24.bag;0.834065854549408;0.0;0.9619645476341248;0.0;2.403604411345348;0.40154782656644117;0.5984521734335588
1730780162.1103952;/app/bags/user95_2017-02-24.bag;0.834065854549408;0.0;0.9619645476341248;0.0;2.403604411345348;0.40154782656644117;0.5984521734335588
1730780162.310387;/app/bags/user95_2017-02-24.bag;0.834065854549408;0.0;0.9619645476341248;0.0;2.403604411345348;0.40154782656644117;0.5984521734335588
1730780162.5103862;/app/bags/user95_2017-02-24.bag;0.834065854549408;0.0;0.9619645476341248;0.0;2.403604411345348;0.40154782656644117;0.5984521734335588
1730780162.7103918;/app/bags/user95_2017-02-24.bag;0.834065854549408;0.0;0.9619645476341248;0.0;2.403604411345348;0.40154782656644117;0.5984521734335588
1730780162.9104555;/app/bags/user95_2017-02-24.bag;0.834065854549408;0.0;0.9619645476341248;0.0;2.403604411345348;0.40154782656644117;0.5984521734335588
1730780163.1104138;/app/bags/user95_2017-02-24.bag;0.834065854549408;0.0;0.9619645476341248;0.0;2.403604411345348;0.40154782656644117;0.5984521734335588
1730780163.3104703;/app/bags/user95_2017-02-24.bag;0.834065854549408;0.0;0.9619645476341248;0.0;2.403604411345348;0.40154782656644117;0.5984521734335588
1730780163.5104125;/app/bags/user95_2017-02-24.bag;0.834065854549408;0.0;0.9619645476341248;0.0;2.403604411345348;0.40154782656644117;0.5984521734335588
1730780163.7103803;/app/bags/user95_2017-02-24.bag;0.834065854549408;0.0;0.9619645476341248;0.0;2.403604411345348;0.40154782656644117;0.5984521734335588
1730780163.910373;/app/bags/user95_2017-02-24.bag;0.834065854549408;0.0;0.9619645476341248;0.0;2.403604411345348;0.40154782656644117;0.5984521734335588
1730780164.1104147;/app/bags/user95_2017-02-24.bag;0.834065854549408;0.0;0.9619645476341248;0.0;2.403604411345348;0.40154782656644117;0.5984521734335588
1730780164.3104217;/app/bags/user95_2017-02-24.bag;0.834065854549408;0.0;0.9619645476341248;0.0;2.403604411345348;0.40154782656644117;0.5984521734335588
1730780164.5103989;/app/bags/user95_2017-02-24.bag;0.834065854549408;0.0;0.9619645476341248;0.0;2.403604411345348;0.40154782656644117;0.5984521734335588
1730780164.7104442;/app/bags/user95_2017-02-24.bag;0.834065854549408;0.0;0.9619645476341248;0.0;2.403604411345348;0.40154782656644117;0.5984521734335588
1730780164.9104152;/app/bags/user95_2017-02-24.bag;0.834065854549408;0.0;0.9619645476341248;0.0;2.403604411345348;0.40154782656644117;0.5984521734335588
1730780165.1103847;/app/bags/user95_2017-02-24.bag;0.834065854549408;0.0;0.9619645476341248;0.0;2.403604411345348;0.40154782656644117;0.5984521734335588
1730780165.310445;/app/bags/user95_2017-02-24.bag;0.834065854549408;0.0;0.9619645476341248;0.0;2.403604411345348;0.40154782656644117;0.5984521734335588
1730780165.5103834;/app/bags/user95_2017-02-24.bag;0.834065854549408;0.0;0.9619645476341248;0.0;2.403604411345348;0.40154782656644117;0.5984521734335588
1730780165.7103975;/app/bags/user95_2017-02-24.bag;0.834065854549408;0.0;0.9619645476341248;0.0;2.403604411345348;0.40154782656644117;0.5984521734335588
1730780165.9103904;/app/bags/user95_2017-02-24.bag;0.834065854549408;0.0;0.9619645476341248;0.0;2.403604411345348;0.40154782656644117;0.5984521734335588
1730780166.110362;/app/bags/user95_2017-02-24.bag;0.834065854549408;0.0;0.9619645476341248;0.0;2.403604411345348;0.40154782656644117;0.5984521734335588
1730780166.3103817;/app/bags/user95_2017-02-24.bag;0.834065854549408;0.0;0.9619645476341248;0.0;2.403604411345348;0.40154782656644117;0.5984521734335588
1730780166.5104036;/app/bags/user95_2017-02-24.bag;0.834065854549408;0.0;0.9619645476341248;0.0;2.403604411345348;0.40154782656644117;0.5984521734335588
1730780166.7103732;/app/bags/user95_2017-02-24.bag;0.834065854549408;0.0;0.9619645476341248;0.0;2.403604411345348;0.40154782656644117;0.5984521734335588
1730780166.9103696;/app/bags/user95_2017-02-24.bag;0.834065854549408;0.0;0.9619645476341248;0.0;2.403604411345348;0.40154782656644117;0.5984521734335588
1730780167.110387;/app/bags/user95_2017-02-24.bag;0.834065854549408;0.0;0.9619645476341248;0.0;2.403604411345348;0.40154782656644117;0.5984521734335588
1730780167.3103912;/app/bags/user95_2017-02-24.bag;0.834065854549408;0.0;0.9619645476341248;0.0;2.403604411345348;0.40154782656644117;0.5984521734335588
1730780167.5104084;/app/bags/user95_2017-02-24.bag;0.834065854549408;0.0;0.9619645476341248;0.0;2.403604411345348;0.40154782656644117;0.5984521734335588
1730780167.7104483;/app/bags/user95_2017-02-24.bag;0.834065854549408;0.0;0.9619645476341248;0.0;2.403604411345348;0.40154782656644117;0.5984521734335588
1730780167.9104087;/app/bags/user95_2017-02-24.bag;0.834065854549408;0.0;0.9619645476341248;0.0;2.403604411345348;0.40154782656644117;0.5984521734335588
1730780168.1104543;/app/bags/user95_2017-02-24.bag;0.834065854549408;0.0;0.9619645476341248;0.0;2.403604411345348;0.40154782656644117;0.5984521734335588
1730780168.3103619;/app/bags/user95_2017-02-24.bag;0.834065854549408;0.0;0.9619645476341248;0.0;2.403604411345348;0.40154782656644117;0.5984521734335588
1730780168.5104074;/app/bags/user95_2017-02-24.bag;0.834065854549408;0.0;0.9619645476341248;0.0;2.403604411345348;0.40154782656644117;0.5984521734335588
1730780168.710407;/app/bags/user95_2017-02-24.bag;0.834065854549408;0.0;0.9619645476341248;0.0;2.403604411345348;0.40154782656644117;0.5984521734335588
1730780168.9104223;/app/bags/user95_2017-02-24.bag;0.834065854549408;0.0;0.9619645476341248;0.0;2.403604411345348;0.40154782656644117;0.5984521734335588
1730780169.1103764;/app/bags/user95_2017-02-24.bag;0.834065854549408;0.0;0.9619645476341248;0.0;2.403604411345348;0.40154782656644117;0.5984521734335588
1730780169.3103738;/app/bags/user95_2017-02-24.bag;0.834065854549408;0.0;0.9619645476341248;0.0;2.403604411345348;0.40154782656644117;0.5984521734335588
1730780169.5104065;/app/bags/user95_2017-02-24.bag;0.834065854549408;0.0;0.9619645476341248;0.0;2.403604411345348;0.40154782656644117;0.5984521734335588
1730780169.7103708;/app/bags/user95_2017-02-24.bag;0.834065854549408;0.0;0.9619645476341248;0.0;2.403604411345348;0.40154782656644117;0.5984521734335588
1730780169.9103725;/app/bags/user95_2017-02-24.bag;0.834065854549408;0.0;0.9619645476341248;0.0;2.403604411345348;0.40154782656644117;0.5984521734335588
1730780170.1103954;/app/bags/user95_2017-02-24.bag;0.834065854549408;0.0;0.9619645476341248;0.0;2.403604411345348;0.40154782656644117;0.5984521734335588
1730780170.3103724;/app/bags/user95_2017-02-24.bag;0.834065854549408;0.0;0.9619645476341248;0.0;2.403604411345348;0.40154782656644117;0.5984521734335588
1730780170.5104475;/app/bags/user95_2017-02-24.bag;0.834065854549408;0.0;0.9619645476341248;0.0;2.403604411345348;0.40154782656644117;0.5984521734335588
1730780170.7103896;/app/bags/user95_2017-02-24.bag;0.834065854549408;0.0;0.9619645476341248;0.0;2.403604411345348;0.40154782656644117;0.5984521734335588
1730780170.910378;/app/bags/user95_2017-02-24.bag;0.834065854549408;0.0;0.9619645476341248;0.0;2.403604411345348;0.40154782656644117;0.5984521734335588
1730780171.1103885;/app/bags/user95_2017-02-24.bag;0.834065854549408;0.0;0.9619645476341248;0.0;2.403604411345348;0.40154782656644117;0.5984521734335588
1730780171.3103786;/app/bags/user95_2017-02-24.bag;0.834065854549408;0.0;0.9619645476341248;0.0;2.403604411345348;0.40154782656644117;0.5984521734335588
1730780171.5103703;/app/bags/user95_2017-02-24.bag;0.834065854549408;0.0;0.9619645476341248;0.0;2.403604411345348;0.40154782656644117;0.5984521734335588
1730780171.7103949;/app/bags/user95_2017-02-24.bag;0.834065854549408;0.0;0.9619645476341248;0.0;2.403604411345348;0.40154782656644117;0.5984521734335588
1730780171.9103694;/app/bags/user95_2017-02-24.bag;0.834065854549408;0.0;0.9619645476341248;0.0;2.403604411345348;0.40154782656644117;0.5984521734335588
1730780172.1103637;/app/bags/user95_2017-02-24.bag;0.834065854549408;0.0;0.9619645476341248;0.0;2.403604411345348;0.40154782656644117;0.5984521734335588
1730780172.310403;/app/bags/user95_2017-02-24.bag;0.834065854549408;0.0;0.9619645476341248;0.0;2.403604411345348;0.40154782656644117;0.5984521734335588
1730780172.510391;/app/bags/user95_2017-02-24.bag;0.834065854549408;0.0;0.9619645476341248;0.0;2.403604411345348;0.40154782656644117;0.5984521734335588
1730780172.710428;/app/bags/user95_2017-02-24.bag;0.834065854549408;0.0;0.9619645476341248;0.0;2.403604411345348;0.40154782656644117;0.5984521734335588
1730780172.910416;/app/bags/user95_2017-02-24.bag;0.834065854549408;0.0;0.9619645476341248;0.0;2.403604411345348;0.40154782656644117;0.5984521734335588
1730780173.1103857;/app/bags/user95_2017-02-24.bag;0.834065854549408;0.0;0.9619645476341248;0.0;2.403604411345348;0.40154782656644117;0.5984521734335588
1730780173.3103871;/app/bags/user95_2017-02-24.bag;0.834065854549408;0.0;0.9619645476341248;0.0;2.403604411345348;0.40154782656644117;0.5984521734335588
1730780173.510394;/app/bags/user95_2017-02-24.bag;0.834065854549408;0.0;0.9619645476341248;0.0;2.403604411345348;0.40154782656644117;0.5984521734335588
1730780173.7103524;/app/bags/user95_2017-02-24.bag;0.834065854549408;0.0;0.9619645476341248;0.0;2.403604411345348;0.40154782656644117;0.5984521734335588
1730780173.9103956;/app/bags/user95_2017-02-24.bag;0.834065854549408;0.0;0.9619645476341248;0.0;2.403604411345348;0.40154782656644117;0.5984521734335588
1730780174.110355;/app/bags/user95_2017-02-24.bag;0.834065854549408;0.0;0.9619645476341248;0.0;2.403604411345348;0.40154782656644117;0.5984521734335588
1730780174.3103719;/app/bags/user95_2017-02-24.bag;0.834065854549408;0.0;0.9619645476341248;0.0;2.403604411345348;0.40154782656644117;0.5984521734335588
1730780174.5103993;/app/bags/user95_2017-02-24.bag;0.834065854549408;0.0;0.9619645476341248;0.0;2.403604411345348;0.40154782656644117;0.5984521734335588
1730780174.7103887;/app/bags/user95_2017-02-24.bag;0.834065854549408;0.0;0.9619645476341248;0.0;2.403604411345348;0.40154782656644117;0.5984521734335588
1730780174.9103801;/app/bags/user95_2017-02-24.bag;0.834065854549408;0.0;0.9619645476341248;0.0;2.403604411345348;0.40154782656644117;0.5984521734335588
1730780175.1104002;/app/bags/user95_2017-02-24.bag;0.834065854549408;0.0;0.9619645476341248;0.0;2.403604411345348;0.40154782656644117;0.5984521734335588
1730780175.310397;/app/bags/user95_2017-02-24.bag;0.834065854549408;0.0;0.9619645476341248;0.0;2.403604411345348;0.40154782656644117;0.5984521734335588
1730780175.5103805;/app/bags/user95_2017-02-24.bag;0.834065854549408;0.0;0.9619645476341248;0.0;2.403604411345348;0.40154782656644117;0.5984521734335588
1730780175.710344;/app/bags/user95_2017-02-24.bag;0.834065854549408;0.0;0.9619645476341248;0.0;2.403604411345348;0.40154782656644117;0.5984521734335588
1730780175.9104166;/app/bags/user95_2017-02-24.bag;0.834065854549408;0.0;0.9619645476341248;0.0;2.403604411345348;0.40154782656644117;0.5984521734335588
1730780176.110377;/app/bags/user95_2017-02-24.bag;0.834065854549408;0.0;0.9619645476341248;0.0;2.403604411345348;0.40154782656644117;0.5984521734335588
1730780176.3104453;/app/bags/user95_2017-02-24.bag;0.834065854549408;0.0;0.9619645476341248;0.0;2.403604411345348;0.40154782656644117;0.5984521734335588
1730780176.5103662;/app/bags/user95_2017-02-24.bag;0.834065854549408;0.0;0.9619645476341248;0.0;2.403604411345348;0.40154782656644117;0.5984521734335588
1730780176.7103832;/app/bags/user95_2017-02-24.bag;0.834065854549408;0.0;0.9619645476341248;0.0;2.403604411345348;0.40154782656644117;0.5984521734335588
1730780176.9103618;/app/bags/user95_2017-02-24.bag;0.834065854549408;0.0;0.9619645476341248;0.0;2.403604411345348;0.40154782656644117;0.5984521734335588
1730780177.11046;/app/bags/user95_2017-02-24.bag;0.834065854549408;0.0;0.9619645476341248;0.0;2.403604411345348;0.40154782656644117;0.5984521734335588
1730780177.3104632;/app/bags/user95_2017-02-24.bag;0.834065854549408;0.0;0.9619645476341248;0.0;2.403604411345348;0.40154782656644117;0.5984521734335588
1730780177.5103874;/app/bags/user95_2017-02-24.bag;0.834065854549408;0.0;0.9619645476341248;0.0;2.403604411345348;0.40154782656644117;0.5984521734335588
1730780177.7104425;/app/bags/user95_2017-02-24.bag;0.834065854549408;0.0;0.9619645476341248;0.0;2.403604411345348;0.40154782656644117;0.5984521734335588
1730780177.9103694;/app/bags/user95_2017-02-24.bag;0.834065854549408;0.0;0.9619645476341248;0.0;2.403604411345348;0.40154782656644117;0.5984521734335588
1730780178.1104343;/app/bags/user95_2017-02-24.bag;0.834065854549408;0.0;0.9619645476341248;0.0;2.403604411345348;0.40154782656644117;0.5984521734335588
1730780178.3103752;/app/bags/user95_2017-02-24.bag;0.834065854549408;0.0;0.9619645476341248;0.0;2.403604411345348;0.40154782656644117;0.5984521734335588
1730780178.5103827;/app/bags/user95_2017-02-24.bag;0.834065854549408;0.0;0.9619645476341248;0.0;2.403604411345348;0.40154782656644117;0.5984521734335588
1730780178.7104397;/app/bags/user95_2017-02-24.bag;0.834065854549408;0.0;0.9619645476341248;0.0;2.403604411345348;0.40154782656644117;0.5984521734335588
1730780178.9104047;/app/bags/user95_2017-02-24.bag;0.834065854549408;0.0;0.9619645476341248;0.0;2.403604411345348;0.40154782656644117;0.5984521734335588
1730780179.1103969;/app/bags/user95_2017-02-24.bag;0.834065854549408;0.0;0.9619645476341248;0.0;2.403604411345348;0.40154782656644117;0.5984521734335588
1730780179.3104758;/app/bags/user95_2017-02-24.bag;0.834065854549408;0.0;0.9619645476341248;0.0;2.403604411345348;0.40154782656644117;0.5984521734335588
1730780179.5104256;/app/bags/user95_2017-02-24.bag;0.834065854549408;0.0;0.9619645476341248;0.0;2.403604411345348;0.40154782656644117;0.5984521734335588
1730780179.7103815;/app/bags/user95_2017-02-24.bag;0.834065854549408;0.0;0.9619645476341248;0.0;2.403604411345348;0.40154782656644117;0.5984521734335588
1730780179.910445;/app/bags/user95_2017-02-24.bag;0.834065854549408;0.0;0.9619645476341248;0.0;2.403604411345348;0.40154782656644117;0.5984521734335588
1730780180.110388;/app/bags/user95_2017-02-24.bag;0.834065854549408;0.0;0.9619645476341248;0.0;2.403604411345348;0.40154782656644117;0.5984521734335588
1730780180.310386;/app/bags/user95_2017-02-24.bag;0.834065854549408;0.0;0.9619645476341248;0.0;2.403604411345348;0.40154782656644117;0.5984521734335588
1730780180.5104918;/app/bags/user95_2017-02-24.bag;0.834065854549408;0.0;0.9619645476341248;0.0;2.403604411345348;0.40154782656644117;0.5984521734335588
1730780180.710367;/app/bags/user95_2017-02-24.bag;0.834065854549408;0.0;0.9619645476341248;0.0;2.403604411345348;0.40154782656644117;0.5984521734335588
1730780180.9103491;/app/bags/user95_2017-02-24.bag;0.834065854549408;0.0;0.9619645476341248;0.0;2.403604411345348;0.40154782656644117;0.5984521734335588
1730780181.110448;/app/bags/user95_2017-02-24.bag;0.834065854549408;0.0;0.9619645476341248;0.0;2.403604411345348;0.40154782656644117;0.5984521734335588
1730780181.3103735;/app/bags/user95_2017-02-24.bag;0.834065854549408;0.0;0.9619645476341248;0.0;2.403604411345348;0.40154782656644117;0.5984521734335588
1730780181.5103745;/app/bags/user95_2017-02-24.bag;0.834065854549408;0.0;0.9619645476341248;0.0;2.403604411345348;0.40154782656644117;0.5984521734335588
1730780181.710384;/app/bags/user95_2017-02-24.bag;0.834065854549408;0.0;0.9619645476341248;0.0;2.403604411345348;0.40154782656644117;0.5984521734335588
1730780181.9104404;/app/bags/user95_2017-02-24.bag;0.834065854549408;0.0;0.9619645476341248;0.0;2.403604411345348;0.40154782656644117;0.5984521734335588
1730780182.110366;/app/bags/user95_2017-02-24.bag;0.834065854549408;0.0;0.9619645476341248;0.0;2.403604411345348;0.40154782656644117;0.5984521734335588
1730780182.3103838;/app/bags/user95_2017-02-24.bag;0.834065854549408;0.0;0.9619645476341248;0.0;2.403604411345348;0.40154782656644117;0.5984521734335588
1730780182.5103912;/app/bags/user95_2017-02-24.bag;0.834065854549408;0.0;0.9619645476341248;0.0;2.403604411345348;0.40154782656644117;0.5984521734335588
1730780182.7104185;/app/bags/user95_2017-02-24.bag;0.834065854549408;0.0;0.9619645476341248;0.0;2.403604411345348;0.40154782656644117;0.5984521734335588
1730780182.910381;/app/bags/user95_2017-02-24.bag;0.834065854549408;0.0;0.9619645476341248;0.0;2.403604411345348;0.40154782656644117;0.5984521734335588
1730780183.110366;/app/bags/user95_2017-02-24.bag;0.834065854549408;0.0;0.9619645476341248;0.0;2.403604411345348;0.40154782656644117;0.5984521734335588
1730780183.3105936;/app/bags/user95_2017-02-24.bag;0.834065854549408;0.0;0.9619645476341248;0.0;2.403604411345348;0.40154782656644117;0.5984521734335588
1730780183.5104015;/app/bags/user95_2017-02-24.bag;0.834065854549408;0.0;0.9619645476341248;0.0;2.403604411345348;0.40154782656644117;0.5984521734335588
1730780183.7103708;/app/bags/user95_2017-02-24.bag;0.834065854549408;0.0;0.9619645476341248;0.0;2.403604411345348;0.40154782656644117;0.5984521734335588
1730780183.9104;/app/bags/user95_2017-02-24.bag;0.834065854549408;0.0;0.9619645476341248;0.0;2.403604411345348;0.40154782656644117;0.5984521734335588
1730780184.1103566;/app/bags/user95_2017-02-24.bag;0.834065854549408;0.0;0.9619645476341248;0.0;2.403604411345348;0.40154782656644117;0.5984521734335588
1730780184.310383;/app/bags/user95_2017-02-24.bag;0.834065854549408;0.0;0.9619645476341248;0.0;2.403604411345348;0.40154782656644117;0.5984521734335588
1730780184.5103855;/app/bags/user95_2017-02-24.bag;0.834065854549408;0.0;0.9619645476341248;0.0;2.403604411345348;0.40154782656644117;0.5984521734335588
1730780184.7103603;/app/bags/user95_2017-02-24.bag;0.834065854549408;0.0;0.9619645476341248;0.0;2.403604411345348;0.40154782656644117;0.5984521734335588
1730780184.9103794;/app/bags/user95_2017-02-24.bag;0.834065854549408;0.0;0.9619645476341248;0.0;2.403604411345348;0.40154782656644117;0.5984521734335588
1730780185.1103694;/app/bags/user95_2017-02-24.bag;0.834065854549408;0.0;0.9619645476341248;0.0;2.403604411345348;0.40154782656644117;0.5984521734335588
1730780185.3103743;/app/bags/user95_2017-02-24.bag;0.834065854549408;0.0;0.9619645476341248;0.0;2.403604411345348;0.40154782656644117;0.5984521734335588
1730780185.5104015;/app/bags/user95_2017-02-24.bag;0.834065854549408;0.0;0.9619645476341248;0.0;2.403604411345348;0.40154782656644117;0.5984521734335588
1730780185.71048;/app/bags/user95_2017-02-24.bag;0.834065854549408;0.0;0.9619645476341248;0.0;2.403604411345348;0.40154782656644117;0.5984521734335588
1730780185.9104092;/app/bags/user95_2017-02-24.bag;0.834065854549408;0.0;0.9619645476341248;0.0;2.403604411345348;0.40154782656644117;0.5984521734335588
1730780186.1103947;/app/bags/user95_2017-02-24.bag;0.834065854549408;0.0;0.9619645476341248;0.0;2.403604411345348;0.40154782656644117;0.5984521734335588
1730780186.310372;/app/bags/user95_2017-02-24.bag;0.834065854549408;0.0;0.9619645476341248;0.0;2.403604411345348;0.40154782656644117;0.5984521734335588
1730780186.5104108;/app/bags/user95_2017-02-24.bag;0.834065854549408;0.0;0.9619645476341248;0.0;2.403604411345348;0.40154782656644117;0.5984521734335588
1730780186.7103922;/app/bags/user95_2017-02-24.bag;0.834065854549408;0.0;0.9619645476341248;0.0;2.403604411345348;0.40154782656644117;0.5984521734335588
1730780186.9103904;/app/bags/user95_2017-02-24.bag;0.834065854549408;0.0;0.9619645476341248;0.0;2.403604411345348;0.40154782656644117;0.5984521734335588
1730780187.1104436;/app/bags/user95_2017-02-24.bag;0.834065854549408;0.0;0.9619645476341248;0.0;2.403604411345348;0.40154782656644117;0.5984521734335588
1730780187.3104372;/app/bags/user95_2017-02-24.bag;0.834065854549408;0.0;0.9619645476341248;0.0;2.403604411345348;0.40154782656644117;0.5984521734335588
1730780187.5104954;/app/bags/user95_2017-02-24.bag;0.834065854549408;0.0;0.9619645476341248;0.0;2.403604411345348;0.40154782656644117;0.5984521734335588
1730780187.7103806;/app/bags/user95_2017-02-24.bag;0.834065854549408;0.0;0.9619645476341248;0.0;2.403604411345348;0.40154782656644117;0.5984521734335588
1730780187.9103823;/app/bags/user95_2017-02-24.bag;0.834065854549408;0.0;0.9619645476341248;0.0;2.403604411345348;0.40154782656644117;0.5984521734335588
1730780188.1103694;/app/bags/user95_2017-02-24.bag;0.834065854549408;0.0;0.9619645476341248;0.0;2.403604411345348;0.40154782656644117;0.5984521734335588
1730780188.3104138;/app/bags/user95_2017-02-24.bag;0.834065854549408;0.0;0.9619645476341248;0.0;2.403604411345348;0.40154782656644117;0.5984521734335588
1730780188.510386;/app/bags/user95_2017-02-24.bag;0.834065854549408;0.0;0.9619645476341248;0.0;2.403604411345348;0.40154782656644117;0.5984521734335588
1730780188.7103891;/app/bags/user95_2017-02-24.bag;0.834065854549408;0.0;0.9619645476341248;0.0;2.403604411345348;0.40154782656644117;0.5984521734335588
1730780188.910383;/app/bags/user95_2017-02-24.bag;0.834065854549408;0.0;0.9619645476341248;0.0;2.403604411345348;0.40154782656644117;0.5984521734335588
1730780189.1104212;/app/bags/user95_2017-02-24.bag;0.834065854549408;0.0;0.9619645476341248;0.0;2.403604411345348;0.40154782656644117;0.5984521734335588
1730780189.3104033;/app/bags/user95_2017-02-24.bag;0.834065854549408;0.0;0.9619645476341248;0.0;2.403604411345348;0.40154782656644117;0.5984521734335588
1730780189.5103693;/app/bags/user95_2017-02-24.bag;0.834065854549408;0.0;0.9619645476341248;0.0;2.403604411345348;0.40154782656644117;0.5984521734335588
1730780189.7103806;/app/bags/user95_2017-02-24.bag;0.834065854549408;0.0;0.9619645476341248;0.0;2.403604411345348;0.40154782656644117;0.5984521734335588
1730780189.9103825;/app/bags/user95_2017-02-24.bag;0.834065854549408;0.0;0.9619645476341248;0.0;2.403604411345348;0.40154782656644117;0.5984521734335588
1730780190.1104374;/app/bags/user95_2017-02-24.bag;0.834065854549408;0.0;0.9619645476341248;0.0;2.403604411345348;0.40154782656644117;0.5984521734335588
1730780190.3103833;/app/bags/user95_2017-02-24.bag;0.834065854549408;0.0;0.9619645476341248;0.0;2.403604411345348;0.40154782656644117;0.5984521734335588
1730780190.5104527;/app/bags/user95_2017-02-24.bag;0.834065854549408;0.0;0.9619645476341248;0.0;2.403604411345348;0.40154782656644117;0.5984521734335588
1730780190.7103932;/app/bags/user95_2017-02-24.bag;0.834065854549408;0.0;0.9619645476341248;0.0;2.403604411345348;0.40154782656644117;0.5984521734335588
1730780190.9103854;/app/bags/user95_2017-02-24.bag;0.834065854549408;0.0;0.9619645476341248;0.0;2.403604411345348;0.40154782656644117;0.5984521734335588
1730780191.110403;/app/bags/user95_2017-02-24.bag;0.834065854549408;0.0;0.9619645476341248;0.0;2.403604411345348;0.40154782656644117;0.5984521734335588
1730780191.310412;/app/bags/user95_2017-02-24.bag;0.834065854549408;0.0;0.9619645476341248;0.0;2.403604411345348;0.40154782656644117;0.5984521734335588
1730780191.510415;/app/bags/user95_2017-02-24.bag;0.834065854549408;0.0;0.9619645476341248;0.0;2.403604411345348;0.40154782656644117;0.5984521734335588
1730780191.710375;/app/bags/user95_2017-02-24.bag;0.834065854549408;0.0;0.9619645476341248;0.0;2.403604411345348;0.40154782656644117;0.5984521734335588
1730780191.9104242;/app/bags/user95_2017-02-24.bag;0.834065854549408;0.0;0.9619645476341248;0.0;2.403604411345348;0.40154782656644117;0.5984521734335588
1730780192.110375;/app/bags/user95_2017-02-24.bag;0.834065854549408;0.0;0.9619645476341248;0.0;2.403604411345348;0.40154782656644117;0.5984521734335588
1730780192.3104033;/app/bags/user95_2017-02-24.bag;0.834065854549408;0.0;0.9619645476341248;0.0;2.403604411345348;0.40154782656644117;0.5984521734335588
1730780192.510363;/app/bags/user95_2017-02-24.bag;0.834065854549408;0.0;0.9619645476341248;0.0;2.403604411345348;0.40154782656644117;0.5984521734335588
1730780192.7103724;/app/bags/user95_2017-02-24.bag;0.834065854549408;0.0;0.9619645476341248;0.0;2.403604411345348;0.40154782656644117;0.5984521734335588
1730780192.9104514;/app/bags/user95_2017-02-24.bag;0.834065854549408;0.0;0.9619645476341248;0.0;2.403604411345348;0.40154782656644117;0.5984521734335588
1730780193.1103694;/app/bags/user95_2017-02-24.bag;0.834065854549408;0.0;0.9619645476341248;0.0;2.403604411345348;0.40154782656644117;0.5984521734335588
1730780193.3104043;/app/bags/user95_2017-02-24.bag;0.834065854549408;0.0;0.9619645476341248;0.0;2.403604411345348;0.40154782656644117;0.5984521734335588
1730780193.5103805;/app/bags/user95_2017-02-24.bag;0.834065854549408;0.0;0.9619645476341248;0.0;2.403604411345348;0.40154782656644117;0.5984521734335588
1730780193.7104795;/app/bags/user95_2017-02-24.bag;0.834065854549408;0.0;0.9619645476341248;0.0;2.403604411345348;0.40154782656644117;0.5984521734335588
1730780193.9104364;/app/bags/user95_2017-02-24.bag;0.834065854549408;0.0;0.9619645476341248;0.0;2.403604411345348;0.40154782656644117;0.5984521734335588
1730780194.110371;/app/bags/user95_2017-02-24.bag;0.834065854549408;0.0;0.9619645476341248;0.0;2.403604411345348;0.40154782656644117;0.5984521734335588
1730780194.3103747;/app/bags/user95_2017-02-24.bag;0.834065854549408;0.0;0.9619645476341248;0.0;2.403604411345348;0.40154782656644117;0.5984521734335588
1730780194.5103858;/app/bags/user95_2017-02-24.bag;0.834065854549408;0.0;0.9619645476341248;0.0;2.403604411345348;0.40154782656644117;0.5984521734335588
1730780194.710385;/app/bags/user95_2017-02-24.bag;0.834065854549408;0.0;0.9619645476341248;0.0;2.403604411345348;0.40154782656644117;0.5984521734335588
1730780194.9103787;/app/bags/user95_2017-02-24.bag;0.834065854549408;0.0;0.9619645476341248;0.0;2.403604411345348;0.40154782656644117;0.5984521734335588
1730780195.1104002;/app/bags/user95_2017-02-24.bag;0.834065854549408;0.0;0.9619645476341248;0.0;2.403604411345348;0.40154782656644117;0.5984521734335588
1730780195.3103976;/app/bags/user95_2017-02-24.bag;0.834065854549408;0.0;0.9619645476341248;0.0;2.403604411345348;0.40154782656644117;0.5984521734335588
1730780195.5103755;/app/bags/user95_2017-02-24.bag;0.834065854549408;0.0;0.9619645476341248;0.0;2.403604411345348;0.40154782656644117;0.5984521734335588
1730780195.710388;/app/bags/user95_2017-02-24.bag;0.834065854549408;0.0;0.9619645476341248;0.0;2.403604411345348;0.40154782656644117;0.5984521734335588
1730780195.9105296;/app/bags/user95_2017-02-24.bag;0.834065854549408;0.0;0.9619645476341248;0.0;2.403604411345348;0.40154782656644117;0.5984521734335588
1730780196.1104014;/app/bags/user95_2017-02-24.bag;0.834065854549408;0.0;0.9619645476341248;0.0;2.403604411345348;0.40154782656644117;0.5984521734335588
1730780196.3103828;/app/bags/user95_2017-02-24.bag;0.834065854549408;0.0;0.9619645476341248;0.0;2.403604411345348;0.40154782656644117;0.5984521734335588
1730780196.51039;/app/bags/user95_2017-02-24.bag;0.834065854549408;0.0;0.9619645476341248;0.0;2.403604411345348;0.40154782656644117;0.5984521734335588
1730780196.710368;/app/bags/user95_2017-02-24.bag;0.834065854549408;0.0;0.9619645476341248;0.0;2.403604411345348;0.40154782656644117;0.5984521734335588
1730780196.9104729;/app/bags/user95_2017-02-24.bag;0.834065854549408;0.0;0.9619645476341248;0.0;2.403604411345348;0.40154782656644117;0.5984521734335588
1730780197.1104164;/app/bags/user95_2017-02-24.bag;0.834065854549408;0.0;0.9619645476341248;0.0;2.403604411345348;0.40154782656644117;0.5984521734335588
1730780197.3104115;/app/bags/user95_2017-02-24.bag;0.834065854549408;0.0;0.9619645476341248;0.0;2.403604411345348;0.40154782656644117;0.5984521734335588
1730780197.5104034;/app/bags/user95_2017-02-24.bag;0.834065854549408;0.0;0.9619645476341248;0.0;2.403604411345348;0.40154782656644117;0.5984521734335588
1730780197.710419;/app/bags/user95_2017-02-24.bag;0.834065854549408;0.0;0.9619645476341248;0.0;2.403604411345348;0.40154782656644117;0.5984521734335588
1730780197.91039;/app/bags/user95_2017-02-24.bag;0.834065854549408;0.0;0.9619645476341248;0.0;2.403604411345348;0.40154782656644117;0.5984521734335588
1730780198.1103897;/app/bags/user95_2017-02-24.bag;0.834065854549408;0.0;0.9619645476341248;0.0;2.403604411345348;0.40154782656644117;0.5984521734335588
1730780198.310399;/app/bags/user95_2017-02-24.bag;0.834065854549408;0.0;0.9619645476341248;0.0;2.403604411345348;0.40154782656644117;0.5984521734335588
1730780198.510393;/app/bags/user95_2017-02-24.bag;0.834065854549408;0.0;0.9619645476341248;0.0;2.403604411345348;0.40154782656644117;0.5984521734335588
1730780198.710364;/app/bags/user95_2017-02-24.bag;0.834065854549408;0.0;0.9619645476341248;0.0;2.403604411345348;0.40154782656644117;0.5984521734335588
1730780198.9103782;/app/bags/user95_2017-02-24.bag;0.834065854549408;0.0;0.9619645476341248;0.0;2.403604411345348;0.40154782656644117;0.5984521734335588
1730780199.1103988;/app/bags/user95_2017-02-24.bag;0.834065854549408;0.0;0.9619645476341248;0.0;2.403604411345348;0.40154782656644117;0.5984521734335588
1730780199.3104272;/app/bags/user95_2017-02-24.bag;0.834065854549408;0.0;0.9619645476341248;0.0;2.403604411345348;0.40154782656644117;0.5984521734335588
1730780199.510392;/app/bags/user95_2017-02-24.bag;0.834065854549408;0.0;0.9619645476341248;0.0;2.403604411345348;0.40154782656644117;0.5984521734335588
1730780199.710354;/app/bags/user95_2017-02-24.bag;0.834065854549408;0.0;0.9619645476341248;0.0;2.403604411345348;0.40154782656644117;0.5984521734335588
1730780199.9103956;/app/bags/user95_2017-02-24.bag;0.834065854549408;0.0;0.9619645476341248;0.0;2.403604411345348;0.40154782656644117;0.5984521734335588
1730780200.1103811;/app/bags/user95_2017-02-24.bag;0.834065854549408;0.0;0.9619645476341248;0.0;2.403604411345348;0.40154782656644117;0.5984521734335588
1730780200.3104289;/app/bags/user95_2017-02-24.bag;0.834065854549408;0.0;0.9619645476341248;0.0;2.403604411345348;0.40154782656644117;0.5984521734335588
1730780200.5103755;/app/bags/user95_2017-02-24.bag;0.834065854549408;0.0;0.9619645476341248;0.0;2.403604411345348;0.40154782656644117;0.5984521734335588
1730780200.7103786;/app/bags/user95_2017-02-24.bag;0.834065854549408;0.0;0.9619645476341248;0.0;2.403604411345348;0.40154782656644117;0.5984521734335588
1730780200.9103572;/app/bags/user95_2017-02-24.bag;0.834065854549408;0.0;0.9619645476341248;0.0;2.403604411345348;0.40154782656644117;0.5984521734335588
1730780201.1103485;/app/bags/user95_2017-02-24.bag;0.834065854549408;0.0;0.9619645476341248;0.0;2.403604411345348;0.40154782656644117;0.5984521734335588
1730780201.3103716;/app/bags/user95_2017-02-24.bag;0.834065854549408;0.0;0.9619645476341248;0.0;2.403604411345348;0.40154782656644117;0.5984521734335588
1730780201.510357;/app/bags/user95_2017-02-24.bag;0.834065854549408;0.0;0.9619645476341248;0.0;2.403604411345348;0.40154782656644117;0.5984521734335588
1730780201.7104938;/app/bags/user95_2017-02-24.bag;0.834065854549408;0.0;0.9619645476341248;0.0;2.403604411345348;0.40154782656644117;0.5984521734335588
1730780201.9105332;/app/bags/user95_2017-02-24.bag;0.834065854549408;0.0;0.9619645476341248;0.0;2.403604411345348;0.40154782656644117;0.5984521734335588
1730780202.1103814;/app/bags/user95_2017-02-24.bag;0.834065854549408;0.0;0.9619645476341248;0.0;2.403604411345348;0.40154782656644117;0.5984521734335588
1730780202.31042;/app/bags/user95_2017-02-24.bag;0.834065854549408;0.0;0.9619645476341248;0.0;2.403604411345348;0.40154782656644117;0.5984521734335588
1730780202.5103464;/app/bags/user95_2017-02-24.bag;0.834065854549408;0.0;0.9619645476341248;0.0;2.403604411345348;0.40154782656644117;0.5984521734335588
1730780202.7103815;/app/bags/user95_2017-02-24.bag;0.834065854549408;0.0;0.9619645476341248;0.0;2.403604411345348;0.40154782656644117;0.5984521734335588
1730780202.910381;/app/bags/user95_2017-02-24.bag;0.834065854549408;0.0;0.9619645476341248;0.0;2.403604411345348;0.40154782656644117;0.5984521734335588
1730780203.110375;/app/bags/user95_2017-02-24.bag;0.834065854549408;0.0;0.9619645476341248;0.0;2.403604411345348;0.40154782656644117;0.5984521734335588
1730780203.3103821;/app/bags/user95_2017-02-24.bag;0.834065854549408;0.0;0.9619645476341248;0.0;2.403604411345348;0.40154782656644117;0.5984521734335588
1730780203.5103877;/app/bags/user95_2017-02-24.bag;0.834065854549408;0.0;0.9619645476341248;0.0;2.403604411345348;0.40154782656644117;0.5984521734335588
1730780203.7103786;/app/bags/user95_2017-02-24.bag;0.834065854549408;0.0;0.9619645476341248;0.0;2.403604411345348;0.40154782656644117;0.5984521734335588
1730780203.9103794;/app/bags/user95_2017-02-24.bag;0.834065854549408;0.0;0.9619645476341248;0.0;2.403604411345348;0.40154782656644117;0.5984521734335588
1730780204.1103508;/app/bags/user95_2017-02-24.bag;0.834065854549408;0.0;0.9619645476341248;0.0;2.403604411345348;0.40154782656644117;0.5984521734335588
1730780204.3104198;/app/bags/user95_2017-02-24.bag;0.834065854549408;0.0;0.9619645476341248;0.0;2.403604411345348;0.40154782656644117;0.5984521734335588
1730780204.5104144;/app/bags/user95_2017-02-24.bag;0.834065854549408;0.0;0.9619645476341248;0.0;2.403604411345348;0.40154782656644117;0.5984521734335588
1730780204.7104254;/app/bags/user95_2017-02-24.bag;0.834065854549408;0.0;0.9619645476341248;0.0;2.403604411345348;0.40154782656644117;0.5984521734335588
1730780204.9104187;/app/bags/user95_2017-02-24.bag;0.834065854549408;0.0;0.9619645476341248;0.0;2.403604411345348;0.40154782656644117;0.5984521734335588
1730780205.1103637;/app/bags/user95_2017-02-24.bag;0.834065854549408;0.0;0.9619645476341248;0.0;2.403604411345348;0.40154782656644117;0.5984521734335588
1730780205.3103867;/app/bags/user95_2017-02-24.bag;0.834065854549408;0.0;0.9619645476341248;0.0;2.403604411345348;0.40154782656644117;0.5984521734335588
1730780205.5103998;/app/bags/user95_2017-02-24.bag;0.834065854549408;0.0;0.9619645476341248;0.0;2.403604411345348;0.40154782656644117;0.5984521734335588
1730780205.710382;/app/bags/user95_2017-02-24.bag;0.834065854549408;0.0;0.9619645476341248;0.0;2.403604411345348;0.40154782656644117;0.5984521734335588
1730780205.910539;/app/bags/user95_2017-02-24.bag;0.834065854549408;0.0;0.9619645476341248;0.0;2.403604411345348;0.40154782656644117;0.5984521734335588
1730780206.1105847;/app/bags/user95_2017-02-24.bag;0.834065854549408;0.0;0.9619645476341248;0.0;2.403604411345348;0.40154782656644117;0.5984521734335588
1730780206.310368;/app/bags/user95_2017-02-24.bag;0.834065854549408;0.0;0.9619645476341248;0.0;2.403604411345348;0.40154782656644117;0.5984521734335588
1730780206.510391;/app/bags/user95_2017-02-24.bag;0.834065854549408;0.0;0.9619645476341248;0.0;2.403604411345348;0.40154782656644117;0.5984521734335588
1730780206.7103984;/app/bags/user95_2017-02-24.bag;0.834065854549408;0.0;0.9619645476341248;0.0;2.403604411345348;0.40154782656644117;0.5984521734335588
1730780206.9104104;/app/bags/user95_2017-02-24.bag;0.834065854549408;0.0;0.9619645476341248;0.0;2.403604411345348;0.40154782656644117;0.5984521734335588
1730780207.1103802;/app/bags/user95_2017-02-24.bag;0.834065854549408;0.0;0.9619645476341248;0.0;2.403604411345348;0.40154782656644117;0.5984521734335588
1730780207.3103995;/app/bags/user95_2017-02-24.bag;0.834065854549408;0.0;0.9619645476341248;0.0;2.403604411345348;0.40154782656644117;0.5984521734335588
1730780207.5103996;/app/bags/user95_2017-02-24.bag;0.834065854549408;0.0;0.9619645476341248;0.0;2.403604411345348;0.40154782656644117;0.5984521734335588
1730780207.710444;/app/bags/user95_2017-02-24.bag;0.834065854549408;0.0;0.9619645476341248;0.0;2.403604411345348;0.40154782656644117;0.5984521734335588
1730780207.9103765;/app/bags/user95_2017-02-24.bag;0.834065854549408;0.0;0.9619645476341248;0.0;2.403604411345348;0.40154782656644117;0.5984521734335588
1730780208.1103878;/app/bags/user95_2017-02-24.bag;0.834065854549408;0.0;0.9619645476341248;0.0;2.403604411345348;0.40154782656644117;0.5984521734335588
1730780208.3103826;/app/bags/user95_2017-02-24.bag;0.834065854549408;0.0;0.9619645476341248;0.0;2.403604411345348;0.40154782656644117;0.5984521734335588
1730780208.510393;/app/bags/user95_2017-02-24.bag;0.834065854549408;0.0;0.9619645476341248;0.0;2.403604411345348;0.40154782656644117;0.5984521734335588
1730780208.7104073;/app/bags/user95_2017-02-24.bag;0.834065854549408;0.0;0.9619645476341248;0.0;2.403604411345348;0.40154782656644117;0.5984521734335588
1730780208.910381;/app/bags/user95_2017-02-24.bag;0.834065854549408;0.0;0.9619645476341248;0.0;2.403604411345348;0.40154782656644117;0.5984521734335588
1730780209.1103945;/app/bags/user95_2017-02-24.bag;0.834065854549408;0.0;0.9619645476341248;0.0;2.403604411345348;0.40154782656644117;0.5984521734335588
1730780209.3105204;/app/bags/user95_2017-02-24.bag;0.834065854549408;0.0;0.9619645476341248;0.0;2.403604411345348;0.40154782656644117;0.5984521734335588
1730780209.510469;/app/bags/user95_2017-02-24.bag;0.834065854549408;0.0;0.9619645476341248;0.0;2.403604411345348;0.40154782656644117;0.5984521734335588
1730780209.7103772;/app/bags/user95_2017-02-24.bag;0.834065854549408;0.0;0.9619645476341248;0.0;2.403604411345348;0.40154782656644117;0.5984521734335588
1730780209.910401;/app/bags/user95_2017-02-24.bag;0.834065854549408;0.0;0.9619645476341248;0.0;2.403604411345348;0.40154782656644117;0.5984521734335588
1730780210.110406;/app/bags/user95_2017-02-24.bag;0.834065854549408;0.0;0.9619645476341248;0.0;2.403604411345348;0.40154782656644117;0.5984521734335588
1730780210.3103757;/app/bags/user95_2017-02-24.bag;0.834065854549408;0.0;0.9619645476341248;0.0;2.403604411345348;0.40154782656644117;0.5984521734335588
1730780210.510402;/app/bags/user95_2017-02-24.bag;0.834065854549408;0.0;0.9619645476341248;0.0;2.403604411345348;0.40154782656644117;0.5984521734335588
1730780210.7103589;/app/bags/user95_2017-02-24.bag;0.834065854549408;0.0;0.9619645476341248;0.0;2.403604411345348;0.40154782656644117;0.5984521734335588
1730780210.9104016;/app/bags/user95_2017-02-24.bag;0.834065854549408;0.0;0.9619645476341248;0.0;2.403604411345348;0.40154782656644117;0.5984521734335588
1730780211.1103792;/app/bags/user95_2017-02-24.bag;0.834065854549408;0.0;0.9619645476341248;0.0;2.403604411345348;0.40154782656644117;0.5984521734335588
1730780211.3103728;/app/bags/user95_2017-02-24.bag;0.834065854549408;0.0;0.9619645476341248;0.0;2.403604411345348;0.40154782656644117;0.5984521734335588
1730780211.5103843;/app/bags/user95_2017-02-24.bag;0.834065854549408;0.0;0.9619645476341248;0.0;2.403604411345348;0.40154782656644117;0.5984521734335588
1730780211.7103806;/app/bags/user95_2017-02-24.bag;0.834065854549408;0.0;0.9619645476341248;0.0;2.403604411345348;0.40154782656644117;0.5984521734335588
1730780211.9104376;/app/bags/user95_2017-02-24.bag;0.834065854549408;0.0;0.9619645476341248;0.0;2.403604411345348;0.40154782656644117;0.5984521734335588
1730780212.1103964;/app/bags/user95_2017-02-24.bag;0.834065854549408;0.0;0.9619645476341248;0.0;2.403604411345348;0.40154782656644117;0.5984521734335588
1730780212.3103945;/app/bags/user95_2017-02-24.bag;0.834065854549408;0.0;0.9619645476341248;0.0;2.403604411345348;0.40154782656644117;0.5984521734335588
1730780212.5104246;/app/bags/user95_2017-02-24.bag;0.834065854549408;0.0;0.9619645476341248;0.0;2.403604411345348;0.40154782656644117;0.5984521734335588
1730780212.710397;/app/bags/user95_2017-02-24.bag;0.834065854549408;0.0;0.9619645476341248;0.0;2.403604411345348;0.40154782656644117;0.5984521734335588
1730780212.9103491;/app/bags/user95_2017-02-24.bag;0.834065854549408;0.0;0.9619645476341248;0.0;2.403604411345348;0.40154782656644117;0.5984521734335588
1730780213.1103656;/app/bags/user95_2017-02-24.bag;0.834065854549408;0.0;0.9619645476341248;0.0;2.403604411345348;0.40154782656644117;0.5984521734335588
1730780213.3103738;/app/bags/user95_2017-02-24.bag;0.834065854549408;0.0;0.9619645476341248;0.0;2.403604411345348;0.40154782656644117;0.5984521734335588
1730780213.5104158;/app/bags/user95_2017-02-24.bag;0.834065854549408;0.0;0.9619645476341248;0.0;2.403604411345348;0.40154782656644117;0.5984521734335588
1730780213.7104723;/app/bags/user95_2017-02-24.bag;0.834065854549408;0.0;0.9619645476341248;0.0;2.403604411345348;0.40154782656644117;0.5984521734335588
1730780213.9104426;/app/bags/user95_2017-02-24.bag;0.834065854549408;0.0;0.9619645476341248;0.0;2.403604411345348;0.40154782656644117;0.5984521734335588
1730780214.1103933;/app/bags/user95_2017-02-24.bag;0.834065854549408;0.0;0.9619645476341248;0.0;2.403604411345348;0.40154782656644117;0.5984521734335588
1730780214.3104236;/app/bags/user95_2017-02-24.bag;0.834065854549408;0.0;0.9619645476341248;0.0;2.403604411345348;0.40154782656644117;0.5984521734335588
1730780214.5104554;/app/bags/user95_2017-02-24.bag;0.834065854549408;0.0;0.9619645476341248;0.0;2.403604411345348;0.40154782656644117;0.5984521734335588
1730780214.7103803;/app/bags/user95_2017-02-24.bag;0.834065854549408;0.0;0.9619645476341248;0.0;2.403604411345348;0.40154782656644117;0.5984521734335588
1730780214.9104207;/app/bags/user95_2017-02-24.bag;0.834065854549408;0.0;0.9619645476341248;0.0;2.403604411345348;0.40154782656644117;0.5984521734335588
1730780215.1103883;/app/bags/user95_2017-02-24.bag;0.834065854549408;0.0;0.9619645476341248;0.0;2.403604411345348;0.40154782656644117;0.5984521734335588
1730780215.3103821;/app/bags/user95_2017-02-24.bag;0.834065854549408;0.0;0.9619645476341248;0.0;2.403604411345348;0.40154782656644117;0.5984521734335588
1730780215.5104136;/app/bags/user95_2017-02-24.bag;0.834065854549408;0.0;0.9619645476341248;0.0;2.403604411345348;0.40154782656644117;0.5984521734335588
1730780215.710401;/app/bags/user95_2017-02-24.bag;0.834065854549408;0.0;0.9619645476341248;0.0;2.403604411345348;0.40154782656644117;0.5984521734335588
1730780215.9103944;/app/bags/user95_2017-02-24.bag;0.834065854549408;0.0;0.9619645476341248;0.0;2.403604411345348;0.40154782656644117;0.5984521734335588
1730780216.1103468;/app/bags/user95_2017-02-24.bag;0.834065854549408;0.0;0.9619645476341248;0.0;2.403604411345348;0.40154782656644117;0.5984521734335588
1730780216.310369;/app/bags/user95_2017-02-24.bag;0.834065854549408;0.0;0.9619645476341248;0.0;2.403604411345348;0.40154782656644117;0.5984521734335588
1730780216.5103674;/app/bags/user95_2017-02-24.bag;0.834065854549408;0.0;0.9619645476341248;0.0;2.403604411345348;0.40154782656644117;0.5984521734335588
1730780216.7103968;/app/bags/user95_2017-02-24.bag;0.834065854549408;0.0;0.9619645476341248;0.0;2.403604411345348;0.40154782656644117;0.5984521734335588
1730780216.9103618;/app/bags/user95_2017-02-24.bag;0.834065854549408;0.0;0.9619645476341248;0.0;2.403604411345348;0.40154782656644117;0.5984521734335588
1730780217.1103852;/app/bags/user95_2017-02-24.bag;0.834065854549408;0.0;0.9619645476341248;0.0;2.403604411345348;0.40154782656644117;0.5984521734335588
1730780217.310394;/app/bags/user95_2017-02-24.bag;0.834065854549408;0.0;0.9619645476341248;0.0;2.403604411345348;0.40154782656644117;0.5984521734335588
1730780217.5104272;/app/bags/user95_2017-02-24.bag;0.834065854549408;0.0;0.9619645476341248;0.0;2.403604411345348;0.40154782656644117;0.5984521734335588
1730780217.710413;/app/bags/user95_2017-02-24.bag;0.834065854549408;0.0;0.9619645476341248;0.0;2.403604411345348;0.40154782656644117;0.5984521734335588
1730780217.9103856;/app/bags/user95_2017-02-24.bag;0.834065854549408;0.0;0.9619645476341248;0.0;2.403604411345348;0.40154782656644117;0.5984521734335588
1730780218.1103845;/app/bags/user95_2017-02-24.bag;0.834065854549408;0.0;0.9619645476341248;0.0;2.403604411345348;0.40154782656644117;0.5984521734335588
1730780218.310421;/app/bags/user95_2017-02-24.bag;0.834065854549408;0.0;0.9619645476341248;0.0;2.403604411345348;0.40154782656644117;0.5984521734335588
1730780218.510437;/app/bags/user95_2017-02-24.bag;0.834065854549408;0.0;0.9619645476341248;0.0;2.403604411345348;0.40154782656644117;0.5984521734335588
1730780218.7104163;/app/bags/user95_2017-02-24.bag;0.834065854549408;0.0;0.9619645476341248;0.0;2.403604411345348;0.40154782656644117;0.5984521734335588
1730780218.9103928;/app/bags/user95_2017-02-24.bag;0.834065854549408;0.0;0.9619645476341248;0.0;2.403604411345348;0.40154782656644117;0.5984521734335588
1730780219.1103916;/app/bags/user95_2017-02-24.bag;0.834065854549408;0.0;0.9619645476341248;0.0;2.403604411345348;0.40154782656644117;0.5984521734335588
1730780219.3104086;/app/bags/user95_2017-02-24.bag;0.834065854549408;0.0;0.9619645476341248;0.0;2.403604411345348;0.40154782656644117;0.5984521734335588
1730780219.5105083;/app/bags/user95_2017-02-24.bag;0.834065854549408;0.0;0.9619645476341248;0.0;2.403604411345348;0.40154782656644117;0.5984521734335588
1730780219.7105007;/app/bags/user95_2017-02-24.bag;0.834065854549408;0.0;0.9619645476341248;0.0;2.403604411345348;0.40154782656644117;0.5984521734335588
1730780219.9103873;/app/bags/user95_2017-02-24.bag;0.834065854549408;0.0;0.9619645476341248;0.0;2.403604411345348;0.40154782656644117;0.5984521734335588
1730780220.1104178;/app/bags/user95_2017-02-24.bag;0.834065854549408;0.0;0.9619645476341248;0.0;2.403604411345348;0.40154782656644117;0.5984521734335588
1730780220.310378;/app/bags/user95_2017-02-24.bag;0.834065854549408;0.0;0.9619645476341248;0.0;2.403604411345348;0.40154782656644117;0.5984521734335588
1730780220.5103686;/app/bags/user95_2017-02-24.bag;0.834065854549408;0.0;0.9619645476341248;0.0;2.403604411345348;0.40154782656644117;0.5984521734335588
1730780220.7103853;/app/bags/user95_2017-02-24.bag;0.834065854549408;0.0;0.9619645476341248;0.0;2.403604411345348;0.40154782656644117;0.5984521734335588
1730780220.9104562;/app/bags/user95_2017-02-24.bag;0.834065854549408;0.0;0.9619645476341248;0.0;2.403604411345348;0.40154782656644117;0.5984521734335588
1730780221.110355;/app/bags/user95_2017-02-24.bag;0.834065854549408;0.0;0.9619645476341248;0.0;2.403604411345348;0.40154782656644117;0.5984521734335588
1730780221.31037;/app/bags/user95_2017-02-24.bag;0.834065854549408;0.0;0.9619645476341248;0.0;2.403604411345348;0.40154782656644117;0.5984521734335588
1730780221.5104163;/app/bags/user95_2017-02-24.bag;0.834065854549408;0.0;0.9619645476341248;0.0;2.403604411345348;0.40154782656644117;0.5984521734335588
1730780221.7103589;/app/bags/user95_2017-02-24.bag;0.834065854549408;0.0;0.9619645476341248;0.0;2.403604411345348;0.40154782656644117;0.5984521734335588
1730780221.9104009;/app/bags/user95_2017-02-24.bag;0.834065854549408;0.0;0.9619645476341248;0.0;2.403604411345348;0.40154782656644117;0.5984521734335588
1730780222.1103854;/app/bags/user95_2017-02-24.bag;0.834065854549408;0.0;0.9619645476341248;0.0;2.403604411345348;0.40154782656644117;0.5984521734335588
1730780222.3103948;/app/bags/user95_2017-02-24.bag;0.834065854549408;0.0;0.9619645476341248;0.0;2.403604411345348;0.40154782656644117;0.5984521734335588
1730780222.5103729;/app/bags/user95_2017-02-24.bag;0.834065854549408;0.0;0.9619645476341248;0.0;2.403604411345348;0.40154782656644117;0.5984521734335588
1730780222.7103467;/app/bags/user95_2017-02-24.bag;0.834065854549408;0.0;0.9619645476341248;0.0;2.403604411345348;0.40154782656644117;0.5984521734335588
1730780222.9103885;/app/bags/user95_2017-02-24.bag;0.834065854549408;0.0;0.9619645476341248;0.0;2.403604411345348;0.40154782656644117;0.5984521734335588
1730780223.1104188;/app/bags/user95_2017-02-24.bag;0.834065854549408;0.0;0.9619645476341248;0.0;2.403604411345348;0.40154782656644117;0.5984521734335588
1730780223.310384;/app/bags/user95_2017-02-24.bag;0.834065854549408;0.0;0.9619645476341248;0.0;2.403604411345348;0.40154782656644117;0.5984521734335588
1730780223.5104172;/app/bags/user95_2017-02-24.bag;0.834065854549408;0.0;0.9619645476341248;0.0;2.403604411345348;0.40154782656644117;0.5984521734335588
1730780223.7103677;/app/bags/user95_2017-02-24.bag;0.834065854549408;0.0;0.9619645476341248;0.0;2.403604411345348;0.40154782656644117;0.5984521734335588
1730780223.9105103;/app/bags/user95_2017-02-24.bag;0.834065854549408;0.0;0.9619645476341248;0.0;2.403604411345348;0.40154782656644117;0.5984521734335588
1730780224.110383;/app/bags/user95_2017-02-24.bag;0.834065854549408;0.0;0.9619645476341248;0.0;2.403604411345348;0.40154782656644117;0.5984521734335588
1730780224.3103704;/app/bags/user95_2017-02-24.bag;0.834065854549408;0.0;0.9619645476341248;0.0;2.403604411345348;0.40154782656644117;0.5984521734335588
1730780224.510372;/app/bags/user95_2017-02-24.bag;0.834065854549408;0.0;0.9619645476341248;0.0;2.403604411345348;0.40154782656644117;0.5984521734335588
1730780224.7103648;/app/bags/user95_2017-02-24.bag;0.834065854549408;0.0;0.9619645476341248;0.0;2.403604411345348;0.40154782656644117;0.5984521734335588
1730780224.9103742;/app/bags/user95_2017-02-24.bag;0.834065854549408;0.0;0.9619645476341248;0.0;2.403604411345348;0.40154782656644117;0.5984521734335588
1730780225.110378;/app/bags/user95_2017-02-24.bag;0.834065854549408;0.0;0.9619645476341248;0.0;2.403604411345348;0.40154782656644117;0.5984521734335588
1730780225.3104289;/app/bags/user95_2017-02-24.bag;0.834065854549408;0.0;0.9619645476341248;0.0;2.403604411345348;0.40154782656644117;0.5984521734335588
1730780225.5104353;/app/bags/user95_2017-02-24.bag;0.834065854549408;0.0;0.9619645476341248;0.0;2.403604411345348;0.40154782656644117;0.5984521734335588
1730780225.710388;/app/bags/user95_2017-02-24.bag;0.834065854549408;0.0;0.9619645476341248;0.0;2.403604411345348;0.40154782656644117;0.5984521734335588
1730780225.9103813;/app/bags/user95_2017-02-24.bag;0.834065854549408;0.0;0.9619645476341248;0.0;2.403604411345348;0.40154782656644117;0.5984521734335588
1730780226.1103556;/app/bags/user95_2017-02-24.bag;0.834065854549408;0.0;0.9619645476341248;0.0;2.403604411345348;0.40154782656644117;0.5984521734335588
1730780226.310383;/app/bags/user95_2017-02-24.bag;0.834065854549408;0.0;0.9619645476341248;0.0;2.403604411345348;0.40154782656644117;0.5984521734335588
1730780226.5103812;/app/bags/user95_2017-02-24.bag;0.834065854549408;0.0;0.9619645476341248;0.0;2.403604411345348;0.40154782656644117;0.5984521734335588
1730780226.710399;/app/bags/user95_2017-02-24.bag;0.834065854549408;0.0;0.9619645476341248;0.0;2.403604411345348;0.40154782656644117;0.5984521734335588
1730780226.9103696;/app/bags/user95_2017-02-24.bag;0.834065854549408;0.0;0.9619645476341248;0.0;2.403604411345348;0.40154782656644117;0.5984521734335588
1730780227.1103766;/app/bags/user95_2017-02-24.bag;0.834065854549408;0.0;0.9619645476341248;0.0;2.403604411345348;0.40154782656644117;0.5984521734335588
1730780227.310378;/app/bags/user95_2017-02-24.bag;0.834065854549408;0.0;0.9619645476341248;0.0;2.403604411345348;0.40154782656644117;0.5984521734335588
1730780227.5103714;/app/bags/user95_2017-02-24.bag;0.834065854549408;0.0;0.9619645476341248;0.0;2.403604411345348;0.40154782656644117;0.5984521734335588
1730780227.7104611;/app/bags/user95_2017-02-24.bag;0.834065854549408;0.0;0.9619645476341248;0.0;2.403604411345348;0.40154782656644117;0.5984521734335588
1730780227.9104006;/app/bags/user95_2017-02-24.bag;0.834065854549408;0.0;0.9619645476341248;0.0;2.403604411345348;0.40154782656644117;0.5984521734335588
1730780228.1103709;/app/bags/user95_2017-02-24.bag;0.834065854549408;0.0;0.9619645476341248;0.0;2.403604411345348;0.40154782656644117;0.5984521734335588
1730780228.3103857;/app/bags/user95_2017-02-24.bag;0.834065854549408;0.0;0.9619645476341248;0.0;2.403604411345348;0.40154782656644117;0.5984521734335588
1730780228.5103884;/app/bags/user95_2017-02-24.bag;0.834065854549408;0.0;0.9619645476341248;0.0;2.403604411345348;0.40154782656644117;0.5984521734335588
1730780228.7104259;/app/bags/user95_2017-02-24.bag;0.834065854549408;0.0;0.9619645476341248;0.0;2.403604411345348;0.40154782656644117;0.5984521734335588
1730780228.9104333;/app/bags/user95_2017-02-24.bag;0.834065854549408;0.0;0.9619645476341248;0.0;2.403604411345348;0.40154782656644117;0.5984521734335588
1730780229.1103394;/app/bags/user95_2017-02-24.bag;0.834065854549408;0.0;0.9619645476341248;0.0;2.403604411345348;0.40154782656644117;0.5984521734335588
1730780229.3104174;/app/bags/user95_2017-02-24.bag;0.834065854549408;0.0;0.9619645476341248;0.0;2.403604411345348;0.40154782656644117;0.5984521734335588
1730780229.5103924;/app/bags/user95_2017-02-24.bag;0.834065854549408;0.0;0.9619645476341248;0.0;2.403604411345348;0.40154782656644117;0.5984521734335588
1730780229.7103684;/app/bags/user95_2017-02-24.bag;0.834065854549408;0.0;0.9619645476341248;0.0;2.403604411345348;0.40154782656644117;0.5984521734335588
1730780229.9106119;/app/bags/user95_2017-02-24.bag;0.834065854549408;0.0;0.9619645476341248;0.0;2.403604411345348;0.40154782656644117;0.5984521734335588
1730780230.1103806;/app/bags/user95_2017-02-24.bag;0.834065854549408;0.0;0.9619645476341248;0.0;2.403604411345348;0.40154782656644117;0.5984521734335588
1730780230.3103855;/app/bags/user95_2017-02-24.bag;0.834065854549408;0.0;0.9619645476341248;0.0;2.403604411345348;0.40154782656644117;0.5984521734335588
1730780230.5104818;/app/bags/user95_2017-02-24.bag;0.834065854549408;0.0;0.9619645476341248;0.0;2.403604411345348;0.40154782656644117;0.5984521734335588
1730780230.7104003;/app/bags/user95_2017-02-24.bag;0.834065854549408;0.0;0.9619645476341248;0.0;2.403604411345348;0.40154782656644117;0.5984521734335588
1730780230.9103847;/app/bags/user95_2017-02-24.bag;0.834065854549408;0.0;0.9619645476341248;0.0;2.403604411345348;0.40154782656644117;0.5984521734335588
1730780231.1103835;/app/bags/user95_2017-02-24.bag;0.834065854549408;0.0;0.9619645476341248;0.0;2.403604411345348;0.40154782656644117;0.5984521734335588
1730780231.3103676;/app/bags/user95_2017-02-24.bag;0.834065854549408;0.0;0.9619645476341248;0.0;2.403604411345348;0.40154782656644117;0.5984521734335588
1730780231.5103683;/app/bags/user95_2017-02-24.bag;0.834065854549408;0.0;0.9619645476341248;0.0;2.403604411345348;0.40154782656644117;0.5984521734335588
1730780231.7103822;/app/bags/user95_2017-02-24.bag;0.834065854549408;0.0;0.9619645476341248;0.0;2.403604411345348;0.40154782656644117;0.5984521734335588
1730780231.9104304;/app/bags/user95_2017-02-24.bag;0.834065854549408;0.0;0.9619645476341248;0.0;2.403604411345348;0.40154782656644117;0.5984521734335588
1730780232.1103945;/app/bags/user95_2017-02-24.bag;0.834065854549408;0.0;0.9619645476341248;0.0;2.403604411345348;0.40154782656644117;0.5984521734335588
1730780232.310483;/app/bags/user95_2017-02-24.bag;0.834065854549408;0.0;0.9619645476341248;0.0;2.403604411345348;0.40154782656644117;0.5984521734335588
1730780232.5104125;/app/bags/user95_2017-02-24.bag;0.834065854549408;0.0;0.9619645476341248;0.0;2.403604411345348;0.40154782656644117;0.5984521734335588
1730780232.7104397;/app/bags/user95_2017-02-24.bag;0.834065854549408;0.0;0.9619645476341248;0.0;2.403604411345348;0.40154782656644117;0.5984521734335588
1730780232.9103985;/app/bags/user95_2017-02-24.bag;0.834065854549408;0.0;0.9619645476341248;0.0;2.403604411345348;0.40154782656644117;0.5984521734335588
1730780233.1104748;/app/bags/user95_2017-02-24.bag;0.834065854549408;0.0;0.9619645476341248;0.0;2.403604411345348;0.40154782656644117;0.5984521734335588
1730780233.3103952;/app/bags/user95_2017-02-24.bag;0.834065854549408;0.0;0.9619645476341248;0.0;2.403604411345348;0.40154782656644117;0.5984521734335588
1730780233.510395;/app/bags/user95_2017-02-24.bag;0.834065854549408;0.0;0.9619645476341248;0.0;2.403604411345348;0.40154782656644117;0.5984521734335588
1730780233.7103844;/app/bags/user95_2017-02-24.bag;0.834065854549408;0.0;0.9619645476341248;0.0;2.403604411345348;0.40154782656644117;0.5984521734335588
1730780233.9103763;/app/bags/user95_2017-02-24.bag;0.834065854549408;0.0;0.9619645476341248;0.0;2.403604411345348;0.40154782656644117;0.5984521734335588
1730780234.1103778;/app/bags/user95_2017-02-24.bag;0.834065854549408;0.0;0.9619645476341248;0.0;2.403604411345348;0.40154782656644117;0.5984521734335588
1730780234.3104112;/app/bags/user95_2017-02-24.bag;0.834065854549408;0.0;0.9619645476341248;0.0;2.403604411345348;0.40154782656644117;0.5984521734335588
1730780234.5103984;/app/bags/user95_2017-02-24.bag;0.834065854549408;0.0;0.9619645476341248;0.0;2.403604411345348;0.40154782656644117;0.5984521734335588
1730780234.710418;/app/bags/user95_2017-02-24.bag;0.834065854549408;0.0;0.9619645476341248;0.0;2.403604411345348;0.40154782656644117;0.5984521734335588
1730780234.910367;/app/bags/user95_2017-02-24.bag;0.834065854549408;0.0;0.9619645476341248;0.0;2.403604411345348;0.40154782656644117;0.5984521734335588
1730780235.1104648;/app/bags/user95_2017-02-24.bag;0.834065854549408;0.0;0.9619645476341248;0.0;2.403604411345348;0.40154782656644117;0.5984521734335588
1730780235.3103886;/app/bags/user95_2017-02-24.bag;0.834065854549408;0.0;0.9619645476341248;0.0;2.403604411345348;0.40154782656644117;0.5984521734335588
1730780235.5104542;/app/bags/user95_2017-02-24.bag;0.834065854549408;0.0;0.9619645476341248;0.0;2.403604411345348;0.40154782656644117;0.5984521734335588
1730780235.710411;/app/bags/user95_2017-02-24.bag;0.834065854549408;0.0;0.9619645476341248;0.0;2.403604411345348;0.40154782656644117;0.5984521734335588
1730780235.9103942;/app/bags/user95_2017-02-24.bag;0.834065854549408;0.0;0.9619645476341248;0.0;2.403604411345348;0.40154782656644117;0.5984521734335588
1730780236.1103897;/app/bags/user95_2017-02-24.bag;0.834065854549408;0.0;0.9619645476341248;0.0;2.403604411345348;0.40154782656644117;0.5984521734335588
1730780236.310379;/app/bags/user95_2017-02-24.bag;0.834065854549408;0.0;0.9619645476341248;0.0;2.403604411345348;0.40154782656644117;0.5984521734335588
1730780236.5104446;/app/bags/user95_2017-02-24.bag;0.834065854549408;0.0;0.9619645476341248;0.0;2.403604411345348;0.40154782656644117;0.5984521734335588
1730780236.7103786;/app/bags/user95_2017-02-24.bag;0.834065854549408;0.0;0.9619645476341248;0.0;2.403604411345348;0.40154782656644117;0.5984521734335588
1730780236.9104395;/app/bags/user95_2017-02-24.bag;0.834065854549408;0.0;0.9619645476341248;0.0;2.403604411345348;0.40154782656644117;0.5984521734335588
1730780237.1104074;/app/bags/user95_2017-02-24.bag;0.834065854549408;0.0;0.9619645476341248;0.0;2.403604411345348;0.40154782656644117;0.5984521734335588
1730780237.3103552;/app/bags/user95_2017-02-24.bag;0.834065854549408;0.0;0.9619645476341248;0.0;2.403604411345348;0.40154782656644117;0.5984521734335588
1730780237.5103924;/app/bags/user95_2017-02-24.bag;0.834065854549408;0.0;0.9619645476341248;0.0;2.403604411345348;0.40154782656644117;0.5984521734335588
1730780237.71039;/app/bags/user95_2017-02-24.bag;0.834065854549408;0.0;0.9619645476341248;0.0;2.403604411345348;0.40154782656644117;0.5984521734335588
1730780237.9104028;/app/bags/user95_2017-02-24.bag;0.834065854549408;0.0;0.9619645476341248;0.0;2.403604411345348;0.40154782656644117;0.5984521734335588
1730780238.1103792;/app/bags/user95_2017-02-24.bag;0.834065854549408;0.0;0.9619645476341248;0.0;2.403604411345348;0.40154782656644117;0.5984521734335588
1730780238.3103843;/app/bags/user95_2017-02-24.bag;0.834065854549408;0.0;0.9619645476341248;0.0;2.403604411345348;0.40154782656644117;0.5984521734335588
1730780238.5103567;/app/bags/user95_2017-02-24.bag;0.834065854549408;0.0;0.9619645476341248;0.0;2.403604411345348;0.40154782656644117;0.5984521734335588
1730780238.7103968;/app/bags/user95_2017-02-24.bag;0.834065854549408;0.0;0.9619645476341248;0.0;2.403604411345348;0.40154782656644117;0.5984521734335588
1730780238.9103644;/app/bags/user95_2017-02-24.bag;0.834065854549408;0.0;0.9619645476341248;0.0;2.403604411345348;0.40154782656644117;0.5984521734335588
1730780239.1103868;/app/bags/user95_2017-02-24.bag;0.834065854549408;0.0;0.9619645476341248;0.0;2.403604411345348;0.40154782656644117;0.5984521734335588
1730780239.3103619;/app/bags/user95_2017-02-24.bag;0.834065854549408;0.0;0.9619645476341248;0.0;2.403604411345348;0.40154782656644117;0.5984521734335588
1730780239.5103827;/app/bags/user95_2017-02-24.bag;0.834065854549408;0.0;0.9619645476341248;0.0;2.403604411345348;0.40154782656644117;0.5984521734335588
1730780239.7104125;/app/bags/user95_2017-02-24.bag;0.834065854549408;0.0;0.9619645476341248;0.0;2.403604411345348;0.40154782656644117;0.5984521734335588
1730780239.9104426;/app/bags/user95_2017-02-24.bag;0.834065854549408;0.0;0.9619645476341248;0.0;2.403604411345348;0.40154782656644117;0.5984521734335588
1730780240.1104188;/app/bags/user95_2017-02-24.bag;0.834065854549408;0.0;0.9619645476341248;0.0;2.403604411345348;0.40154782656644117;0.5984521734335588
1730780240.3104103;/app/bags/user95_2017-02-24.bag;0.834065854549408;0.0;0.9619645476341248;0.0;2.403604411345348;0.40154782656644117;0.5984521734335588
1730780240.5104017;/app/bags/user95_2017-02-24.bag;0.834065854549408;0.0;0.9619645476341248;0.0;2.403604411345348;0.40154782656644117;0.5984521734335588
1730780240.7104027;/app/bags/user95_2017-02-24.bag;0.834065854549408;0.0;0.9619645476341248;0.0;2.403604411345348;0.40154782656644117;0.5984521734335588
1730780240.910389;/app/bags/user95_2017-02-24.bag;0.834065854549408;0.0;0.9619645476341248;0.0;2.403604411345348;0.40154782656644117;0.5984521734335588
1730780241.110382;/app/bags/user95_2017-02-24.bag;0.834065854549408;0.0;0.9619645476341248;0.0;2.403604411345348;0.40154782656644117;0.5984521734335588
1730780241.3103728;/app/bags/user95_2017-02-24.bag;0.834065854549408;0.0;0.9619645476341248;0.0;2.403604411345348;0.40154782656644117;0.5984521734335588
1730780241.51039;/app/bags/user95_2017-02-24.bag;0.834065854549408;0.0;0.9619645476341248;0.0;2.403604411345348;0.40154782656644117;0.5984521734335588
1730780241.7104063;/app/bags/user95_2017-02-24.bag;0.834065854549408;0.0;0.9619645476341248;0.0;2.403604411345348;0.40154782656644117;0.5984521734335588
1730780241.9105008;/app/bags/user95_2017-02-24.bag;0.834065854549408;0.0;0.9619645476341248;0.0;2.403604411345348;0.40154782656644117;0.5984521734335588
1730780242.1104848;/app/bags/user95_2017-02-24.bag;0.834065854549408;0.0;0.9619645476341248;0.0;2.403604411345348;0.40154782656644117;0.5984521734335588
1730780242.310389;/app/bags/user95_2017-02-24.bag;0.834065854549408;0.0;0.9619645476341248;0.0;2.403604411345348;0.40154782656644117;0.5984521734335588
1730780242.5103788;/app/bags/user95_2017-02-24.bag;0.834065854549408;0.0;0.9619645476341248;0.0;2.403604411345348;0.40154782656644117;0.5984521734335588
1730780242.7103875;/app/bags/user95_2017-02-24.bag;0.834065854549408;0.0;0.9619645476341248;0.0;2.403604411345348;0.40154782656644117;0.5984521734335588
1730780242.9104035;/app/bags/user95_2017-02-24.bag;0.834065854549408;0.0;0.9619645476341248;0.0;2.403604411345348;0.40154782656644117;0.5984521734335588
1730780243.1104562;/app/bags/user95_2017-02-24.bag;0.834065854549408;0.0;0.9619645476341248;0.0;2.403604411345348;0.40154782656644117;0.5984521734335588
1730780243.3103943;/app/bags/user95_2017-02-24.bag;0.834065854549408;0.0;0.9619645476341248;0.0;2.403604411345348;0.40154782656644117;0.5984521734335588
1730780243.5103908;/app/bags/user95_2017-02-24.bag;0.834065854549408;0.0;0.9619645476341248;0.0;2.403604411345348;0.40154782656644117;0.5984521734335588
1730780243.7104526;/app/bags/user95_2017-02-24.bag;0.834065854549408;0.0;0.9619645476341248;0.0;2.403604411345348;0.40154782656644117;0.5984521734335588
1730780243.9104173;/app/bags/user95_2017-02-24.bag;0.834065854549408;0.0;0.9619645476341248;0.0;2.403604411345348;0.40154782656644117;0.5984521734335588
1730780244.1104417;/app/bags/user95_2017-02-24.bag;0.834065854549408;0.0;0.9619645476341248;0.0;2.403604411345348;0.40154782656644117;0.5984521734335588
1730780244.3103607;/app/bags/user95_2017-02-24.bag;0.834065854549408;0.0;0.9619645476341248;0.0;2.403604411345348;0.40154782656644117;0.5984521734335588
1730780244.510407;/app/bags/user95_2017-02-24.bag;0.834065854549408;0.0;0.9619645476341248;0.0;2.403604411345348;0.40154782656644117;0.5984521734335588
1730780244.710423;/app/bags/user95_2017-02-24.bag;0.834065854549408;0.0;0.9619645476341248;0.0;2.403604411345348;0.40154782656644117;0.5984521734335588
1730780244.9103923;/app/bags/user95_2017-02-24.bag;0.834065854549408;0.0;0.9619645476341248;0.0;2.403604411345348;0.40154782656644117;0.5984521734335588
1730780245.1104376;/app/bags/user95_2017-02-24.bag;0.834065854549408;0.0;0.9619645476341248;0.0;2.403604411345348;0.40154782656644117;0.5984521734335588
1730780245.3103979;/app/bags/user95_2017-02-24.bag;0.834065854549408;0.0;0.9619645476341248;0.0;2.403604411345348;0.40154782656644117;0.5984521734335588
1730780245.510373;/app/bags/user95_2017-02-24.bag;0.834065854549408;0.0;0.9619645476341248;0.0;2.403604411345348;0.40154782656644117;0.5984521734335588
1730780245.7103646;/app/bags/user95_2017-02-24.bag;0.834065854549408;0.0;0.9619645476341248;0.0;2.403604411345348;0.40154782656644117;0.5984521734335588
1730780245.910374;/app/bags/user95_2017-02-24.bag;0.834065854549408;0.0;0.9619645476341248;0.0;2.403604411345348;0.40154782656644117;0.5984521734335588
1730780246.110382;/app/bags/user95_2017-02-24.bag;0.834065854549408;0.0;0.9619645476341248;0.0;2.403604411345348;0.40154782656644117;0.5984521734335588
1730780246.3103933;/app/bags/user95_2017-02-24.bag;0.834065854549408;0.0;0.9619645476341248;0.0;2.403604411345348;0.40154782656644117;0.5984521734335588
1730780246.5104182;/app/bags/user95_2017-02-24.bag;0.834065854549408;0.0;0.9619645476341248;0.0;2.403604411345348;0.40154782656644117;0.5984521734335588
1730780246.7103815;/app/bags/user95_2017-02-24.bag;0.834065854549408;0.0;0.9619645476341248;0.0;2.403604411345348;0.40154782656644117;0.5984521734335588
1730780246.9103734;/app/bags/user95_2017-02-24.bag;0.834065854549408;0.0;0.9619645476341248;0.0;2.403604411345348;0.40154782656644117;0.5984521734335588
1730780247.1104114;/app/bags/user95_2017-02-24.bag;0.834065854549408;0.0;0.9619645476341248;0.0;2.403604411345348;0.40154782656644117;0.5984521734335588
1730780247.3104243;/app/bags/user95_2017-02-24.bag;0.834065854549408;0.0;0.9619645476341248;0.0;2.403604411345348;0.40154782656644117;0.5984521734335588
1730780247.5104282;/app/bags/user95_2017-02-24.bag;0.834065854549408;0.0;0.9619645476341248;0.0;2.403604411345348;0.40154782656644117;0.5984521734335588
1730780247.710389;/app/bags/user95_2017-02-24.bag;0.834065854549408;0.0;0.9619645476341248;0.0;2.403604411345348;0.40154782656644117;0.5984521734335588
1730780247.9103706;/app/bags/user95_2017-02-24.bag;0.834065854549408;0.0;0.9619645476341248;0.0;2.403604411345348;0.40154782656644117;0.5984521734335588
1730780248.1104765;/app/bags/user95_2017-02-24.bag;0.834065854549408;0.0;0.9619645476341248;0.0;2.403604411345348;0.40154782656644117;0.5984521734335588
1730780248.3104165;/app/bags/user95_2017-02-24.bag;0.834065854549408;0.0;0.9619645476341248;0.0;2.403604411345348;0.40154782656644117;0.5984521734335588
1730780248.5103893;/app/bags/user95_2017-02-24.bag;0.834065854549408;0.0;0.9619645476341248;0.0;2.403604411345348;0.40154782656644117;0.5984521734335588
1730780248.7104878;/app/bags/user95_2017-02-24.bag;0.834065854549408;0.0;0.9619645476341248;0.0;2.403604411345348;0.40154782656644117;0.5984521734335588
1730780248.910403;/app/bags/user95_2017-02-24.bag;0.834065854549408;0.0;0.9619645476341248;0.0;2.403604411345348;0.40154782656644117;0.5984521734335588
1730780249.1103754;/app/bags/user95_2017-02-24.bag;0.834065854549408;0.0;0.9619645476341248;0.0;2.403604411345348;0.40154782656644117;0.5984521734335588
1730780249.3104258;/app/bags/user95_2017-02-24.bag;0.834065854549408;0.0;0.9619645476341248;0.0;2.403604411345348;0.40154782656644117;0.5984521734335588
1730780249.5103848;/app/bags/user95_2017-02-24.bag;0.834065854549408;0.0;0.9619645476341248;0.0;2.403604411345348;0.40154782656644117;0.5984521734335588
1730780249.7103977;/app/bags/user95_2017-02-24.bag;0.834065854549408;0.0;0.9619645476341248;0.0;2.403604411345348;0.40154782656644117;0.5984521734335588
1730780249.9103732;/app/bags/user95_2017-02-24.bag;0.834065854549408;0.0;0.9619645476341248;0.0;2.403604411345348;0.40154782656644117;0.5984521734335588
1730780250.1103628;/app/bags/user95_2017-02-24.bag;0.834065854549408;0.0;0.9619645476341248;0.0;2.403604411345348;0.40154782656644117;0.5984521734335588
1730780250.3103962;/app/bags/user95_2017-02-24.bag;0.834065854549408;0.0;0.9619645476341248;0.0;2.403604411345348;0.40154782656644117;0.5984521734335588
1730780250.5103717;/app/bags/user95_2017-02-24.bag;0.834065854549408;0.0;0.9619645476341248;0.0;2.403604411345348;0.40154782656644117;0.5984521734335588
1730780250.7104;/app/bags/user95_2017-02-24.bag;0.834065854549408;0.0;0.9619645476341248;0.0;2.403604411345348;0.40154782656644117;0.5984521734335588
1730780250.9104505;/app/bags/user95_2017-02-24.bag;0.834065854549408;0.0;0.9619645476341248;0.0;2.403604411345348;0.40154782656644117;0.5984521734335588
1730780251.1103604;/app/bags/user95_2017-02-24.bag;0.834065854549408;0.0;0.9619645476341248;0.0;2.403604411345348;0.40154782656644117;0.5984521734335588
1730780251.310378;/app/bags/user95_2017-02-24.bag;0.834065854549408;0.0;0.9619645476341248;0.0;2.403604411345348;0.40154782656644117;0.5984521734335588
1730780251.510428;/app/bags/user95_2017-02-24.bag;0.834065854549408;0.0;0.9619645476341248;0.0;2.403604411345348;0.40154782656644117;0.5984521734335588
1730780251.710398;/app/bags/user95_2017-02-24.bag;0.834065854549408;0.0;0.9619645476341248;0.0;2.403604411345348;0.40154782656644117;0.5984521734335588
1730780251.910412;/app/bags/user95_2017-02-24.bag;0.834065854549408;0.0;0.9619645476341248;0.0;2.403604411345348;0.40154782656644117;0.5984521734335588
1730780252.110369;/app/bags/user95_2017-02-24.bag;0.834065854549408;0.0;0.9619645476341248;0.0;2.403604411345348;0.40154782656644117;0.5984521734335588
1730780252.3103828;/app/bags/user95_2017-02-24.bag;0.834065854549408;0.0;0.9619645476341248;0.0;2.403604411345348;0.40154782656644117;0.5984521734335588
1730780252.5103605;/app/bags/user95_2017-02-24.bag;0.834065854549408;0.0;0.9619645476341248;0.0;2.403604411345348;0.40154782656644117;0.5984521734335588
1730780252.710399;/app/bags/user95_2017-02-24.bag;0.834065854549408;0.0;0.9619645476341248;0.0;2.403604411345348;0.40154782656644117;0.5984521734335588
1730780252.9103906;/app/bags/user95_2017-02-24.bag;0.834065854549408;0.0;0.9619645476341248;0.0;2.403604411345348;0.40154782656644117;0.5984521734335588
1730780253.110396;/app/bags/user95_2017-02-24.bag;0.834065854549408;0.0;0.9619645476341248;0.0;2.403604411345348;0.40154782656644117;0.5984521734335588
1730780253.310401;/app/bags/user95_2017-02-24.bag;0.834065854549408;0.0;0.9619645476341248;0.0;2.403604411345348;0.40154782656644117;0.5984521734335588
1730780253.5103614;/app/bags/user95_2017-02-24.bag;0.834065854549408;0.0;0.9619645476341248;0.0;2.403604411345348;0.40154782656644117;0.5984521734335588
1730780253.7104218;/app/bags/user95_2017-02-24.bag;0.834065854549408;0.0;0.9619645476341248;0.0;2.403604411345348;0.40154782656644117;0.5984521734335588
1730780253.9104311;/app/bags/user95_2017-02-24.bag;0.834065854549408;0.0;0.9619645476341248;0.0;2.403604411345348;0.40154782656644117;0.5984521734335588
1730780254.1104226;/app/bags/user95_2017-02-24.bag;0.834065854549408;0.0;0.9619645476341248;0.0;2.403604411345348;0.40154782656644117;0.5984521734335588
1730780254.3103867;/app/bags/user95_2017-02-24.bag;0.834065854549408;0.0;0.9619645476341248;0.0;2.403604411345348;0.40154782656644117;0.5984521734335588
1730780254.5103815;/app/bags/user95_2017-02-24.bag;0.834065854549408;0.0;0.9619645476341248;0.0;2.403604411345348;0.40154782656644117;0.5984521734335588
1730780254.7104552;/app/bags/user95_2017-02-24.bag;0.834065854549408;0.0;0.9619645476341248;0.0;2.403604411345348;0.40154782656644117;0.5984521734335588
1730780254.9104047;/app/bags/user95_2017-02-24.bag;0.834065854549408;0.0;0.9619645476341248;0.0;2.403604411345348;0.40154782656644117;0.5984521734335588
1730780255.1104445;/app/bags/user95_2017-02-24.bag;0.834065854549408;0.0;0.9619645476341248;0.0;2.403604411345348;0.40154782656644117;0.5984521734335588
1730780255.310403;/app/bags/user95_2017-02-24.bag;0.834065854549408;0.0;0.9619645476341248;0.0;2.403604411345348;0.40154782656644117;0.5984521734335588
1730780255.5103903;/app/bags/user95_2017-02-24.bag;0.834065854549408;0.0;0.9619645476341248;0.0;2.403604411345348;0.40154782656644117;0.5984521734335588
1730780255.71047;/app/bags/user95_2017-02-24.bag;0.834065854549408;0.0;0.9619645476341248;0.0;2.403604411345348;0.40154782656644117;0.5984521734335588
1730780255.9104521;/app/bags/user95_2017-02-24.bag;0.834065854549408;0.0;0.9619645476341248;0.0;2.403604411345348;0.40154782656644117;0.5984521734335588
1730780256.110381;/app/bags/user95_2017-02-24.bag;0.834065854549408;0.0;0.9619645476341248;0.0;2.403604411345348;0.40154782656644117;0.5984521734335588
1730780256.3103883;/app/bags/user95_2017-02-24.bag;0.834065854549408;0.0;0.9619645476341248;0.0;2.403604411345348;0.40154782656644117;0.5984521734335588
1730780256.5103848;/app/bags/user95_2017-02-24.bag;0.834065854549408;0.0;0.9619645476341248;0.0;2.403604411345348;0.40154782656644117;0.5984521734335588
1730780256.7104228;/app/bags/user95_2017-02-24.bag;0.834065854549408;0.0;0.9619645476341248;0.0;2.403604411345348;0.40154782656644117;0.5984521734335588
1730780256.9103963;/app/bags/user95_2017-02-24.bag;0.834065854549408;0.0;0.9619645476341248;0.0;2.403604411345348;0.40154782656644117;0.5984521734335588
1730780257.1103737;/app/bags/user95_2017-02-24.bag;0.834065854549408;0.0;0.9619645476341248;0.0;2.403604411345348;0.40154782656644117;0.5984521734335588
1730780257.310421;/app/bags/user95_2017-02-24.bag;0.834065854549408;0.0;0.9619645476341248;0.0;2.403604411345348;0.40154782656644117;0.5984521734335588
1730780257.510391;/app/bags/user95_2017-02-24.bag;0.834065854549408;0.0;0.9619645476341248;0.0;2.403604411345348;0.40154782656644117;0.5984521734335588
1730780257.7103918;/app/bags/user95_2017-02-24.bag;0.834065854549408;0.0;0.9619645476341248;0.0;2.403604411345348;0.40154782656644117;0.5984521734335588
1730780257.9103951;/app/bags/user95_2017-02-24.bag;0.834065854549408;0.0;0.9619645476341248;0.0;2.403604411345348;0.40154782656644117;0.5984521734335588
1730780258.1103687;/app/bags/user95_2017-02-24.bag;0.834065854549408;0.0;0.9619645476341248;0.0;2.403604411345348;0.40154782656644117;0.5984521734335588
1730780258.3103878;/app/bags/user95_2017-02-24.bag;0.834065854549408;0.0;0.9619645476341248;0.0;2.403604411345348;0.40154782656644117;0.5984521734335588
1730780258.510382;/app/bags/user95_2017-02-24.bag;0.834065854549408;0.0;0.9619645476341248;0.0;2.403604411345348;0.40154782656644117;0.5984521734335588
1730780258.7104332;/app/bags/user95_2017-02-24.bag;0.834065854549408;0.0;0.9619645476341248;0.0;2.403604411345348;0.40154782656644117;0.5984521734335588
1730780258.9104273;/app/bags/user95_2017-02-24.bag;0.834065854549408;0.0;0.9619645476341248;0.0;2.403604411345348;0.40154782656644117;0.5984521734335588
1730780259.1104848;/app/bags/user95_2017-02-24.bag;0.834065854549408;0.0;0.9619645476341248;0.0;2.403604411345348;0.40154782656644117;0.5984521734335588
1730780259.3104322;/app/bags/user95_2017-02-24.bag;0.834065854549408;0.0;0.9619645476341248;0.0;2.403604411345348;0.40154782656644117;0.5984521734335588
1730780259.5104039;/app/bags/user95_2017-02-24.bag;0.834065854549408;0.0;0.9619645476341248;0.0;2.403604411345348;0.40154782656644117;0.5984521734335588
1730780259.7104151;/app/bags/user95_2017-02-24.bag;0.834065854549408;0.0;0.9619645476341248;0.0;2.403604411345348;0.40154782656644117;0.5984521734335588
1730780259.9103806;/app/bags/user95_2017-02-24.bag;0.834065854549408;0.0;0.9619645476341248;0.0;2.403604411345348;0.40154782656644117;0.5984521734335588
1730780260.110401;/app/bags/user95_2017-02-24.bag;0.834065854549408;0.0;0.9619645476341248;0.0;2.403604411345348;0.40154782656644117;0.5984521734335588
1730780260.3103645;/app/bags/user95_2017-02-24.bag;0.834065854549408;0.0;0.9619645476341248;0.0;2.403604411345348;0.40154782656644117;0.5984521734335588
1730780260.5103893;/app/bags/user95_2017-02-24.bag;0.834065854549408;0.0;0.9619645476341248;0.0;2.403604411345348;0.40154782656644117;0.5984521734335588
1730780260.7103922;/app/bags/user95_2017-02-24.bag;0.834065854549408;0.0;0.9619645476341248;0.0;2.403604411345348;0.40154782656644117;0.5984521734335588
1730780260.9104054;/app/bags/user95_2017-02-24.bag;0.834065854549408;0.0;0.9619645476341248;0.0;2.403604411345348;0.40154782656644117;0.5984521734335588
1730780261.1103969;/app/bags/user95_2017-02-24.bag;0.834065854549408;0.0;0.9619645476341248;0.0;2.403604411345348;0.40154782656644117;0.5984521734335588
1730780261.310372;/app/bags/user95_2017-02-24.bag;0.834065854549408;0.0;0.9619645476341248;0.0;2.403604411345348;0.40154782656644117;0.5984521734335588
1730780261.5103452;/app/bags/user95_2017-02-24.bag;0.834065854549408;0.0;0.9619645476341248;0.0;2.403604411345348;0.40154782656644117;0.5984521734335588
1730780261.7110145;/app/bags/user95_2017-02-24.bag;0.834065854549408;0.0;0.9619645476341248;0.0;2.403604411345348;0.40154782656644117;0.5984521734335588
1730780261.9103932;/app/bags/user95_2017-02-24.bag;0.834065854549408;0.0;0.9619645476341248;0.0;2.403604411345348;0.40154782656644117;0.5984521734335588
1730780262.110371;/app/bags/user95_2017-02-24.bag;0.834065854549408;0.0;0.9619645476341248;0.0;2.403604411345348;0.40154782656644117;0.5984521734335588
1730780262.3104513;/app/bags/user95_2017-02-24.bag;0.834065854549408;0.0;0.9619645476341248;0.0;2.403604411345348;0.40154782656644117;0.5984521734335588
1730780262.5103831;/app/bags/user95_2017-02-24.bag;0.834065854549408;0.0;0.9619645476341248;0.0;2.403604411345348;0.40154782656644117;0.5984521734335588
1730780262.7103693;/app/bags/user95_2017-02-24.bag;0.834065854549408;0.0;0.9619645476341248;0.0;2.403604411345348;0.40154782656644117;0.5984521734335588
1730780262.9103904;/app/bags/user95_2017-02-24.bag;0.834065854549408;0.0;0.9619645476341248;0.0;2.403604411345348;0.40154782656644117;0.5984521734335588
1730780263.1104467;/app/bags/user95_2017-02-24.bag;0.834065854549408;0.0;0.9619645476341248;0.0;2.403604411345348;0.40154782656644117;0.5984521734335588
1730780263.3104367;/app/bags/user95_2017-02-24.bag;0.834065854549408;0.0;0.9619645476341248;0.0;2.403604411345348;0.40154782656644117;0.5984521734335588
1730780263.5104127;/app/bags/user95_2017-02-24.bag;0.834065854549408;0.0;0.9619645476341248;0.0;2.403604411345348;0.40154782656644117;0.5984521734335588
1730780263.7104113;/app/bags/user95_2017-02-24.bag;0.834065854549408;0.0;0.9619645476341248;0.0;2.403604411345348;0.40154782656644117;0.5984521734335588
1730780263.9103894;/app/bags/user95_2017-02-24.bag;0.834065854549408;0.0;0.9619645476341248;0.0;2.403604411345348;0.40154782656644117;0.5984521734335588
1730780264.1104844;/app/bags/user95_2017-02-24.bag;0.834065854549408;0.0;0.9619645476341248;0.0;2.403604411345348;0.40154782656644117;0.5984521734335588
1730780264.3104537;/app/bags/user95_2017-02-24.bag;0.834065854549408;0.0;0.9619645476341248;0.0;2.403604411345348;0.40154782656644117;0.5984521734335588
1730780264.5103934;/app/bags/user95_2017-02-24.bag;0.834065854549408;0.0;0.9619645476341248;0.0;2.403604411345348;0.40154782656644117;0.5984521734335588
1730780264.7103739;/app/bags/user95_2017-02-24.bag;0.834065854549408;0.0;0.9619645476341248;0.0;2.403604411345348;0.40154782656644117;0.5984521734335588
1730780264.9103973;/app/bags/user95_2017-02-24.bag;0.834065854549408;0.0;0.9619645476341248;0.0;2.403604411345348;0.40154782656644117;0.5984521734335588
1730780265.1103852;/app/bags/user95_2017-02-24.bag;0.834065854549408;0.0;0.9619645476341248;0.0;2.403604411345348;0.40154782656644117;0.5984521734335588
1730780265.3104825;/app/bags/user95_2017-02-24.bag;0.834065854549408;0.0;0.9619645476341248;0.0;2.403604411345348;0.40154782656644117;0.5984521734335588
1730780265.510392;/app/bags/user95_2017-02-24.bag;0.834065854549408;0.0;0.9619645476341248;0.0;2.403604411345348;0.40154782656644117;0.5984521734335588
1730780265.7106335;/app/bags/user95_2017-02-24.bag;0.834065854549408;0.0;0.9619645476341248;0.0;2.403604411345348;0.40154782656644117;0.5984521734335588
1730780265.9104455;/app/bags/user95_2017-02-24.bag;0.834065854549408;0.0;0.9619645476341248;0.0;2.403604411345348;0.40154782656644117;0.5984521734335588
1730780266.1104026;/app/bags/user95_2017-02-24.bag;0.834065854549408;0.0;0.9619645476341248;0.0;2.403604411345348;0.40154782656644117;0.5984521734335588
1730780266.3103337;/app/bags/user95_2017-02-24.bag;0.834065854549408;0.0;0.9619645476341248;0.0;2.403604411345348;0.40154782656644117;0.5984521734335588
1730780266.5104678;/app/bags/user95_2017-02-24.bag;0.834065854549408;0.0;0.9619645476341248;0.0;2.403604411345348;0.40154782656644117;0.5984521734335588
1730780266.7103703;/app/bags/user95_2017-02-24.bag;0.834065854549408;0.0;0.9619645476341248;0.0;2.403604411345348;0.40154782656644117;0.5984521734335588
1730780266.9103599;/app/bags/user95_2017-02-24.bag;0.834065854549408;0.0;0.9619645476341248;0.0;2.403604411345348;0.40154782656644117;0.5984521734335588
1730780267.1104403;/app/bags/user95_2017-02-24.bag;0.834065854549408;0.0;0.9619645476341248;0.0;2.403604411345348;0.40154782656644117;0.5984521734335588
1730780267.3104358;/app/bags/user95_2017-02-24.bag;0.834065854549408;0.0;0.9619645476341248;0.0;2.403604411345348;0.40154782656644117;0.5984521734335588
1730780267.510382;/app/bags/user95_2017-02-24.bag;0.834065854549408;0.0;0.9619645476341248;0.0;2.403604411345348;0.40154782656644117;0.5984521734335588
1730780267.7103562;/app/bags/user95_2017-02-24.bag;0.834065854549408;0.0;0.9619645476341248;0.0;2.403604411345348;0.40154782656644117;0.5984521734335588
1730780267.9103668;/app/bags/user95_2017-02-24.bag;0.834065854549408;0.0;0.9619645476341248;0.0;2.403604411345348;0.40154782656644117;0.5984521734335588
1730780268.11039;/app/bags/user95_2017-02-24.bag;0.834065854549408;0.0;0.9619645476341248;0.0;2.403604411345348;0.40154782656644117;0.5984521734335588
1730780268.3103642;/app/bags/user95_2017-02-24.bag;0.834065854549408;0.0;0.9619645476341248;0.0;2.403604411345348;0.40154782656644117;0.5984521734335588
1730780268.5103838;/app/bags/user95_2017-02-24.bag;0.834065854549408;0.0;0.9619645476341248;0.0;2.403604411345348;0.40154782656644117;0.5984521734335588
1730780268.7104106;/app/bags/user95_2017-02-24.bag;0.834065854549408;0.0;0.9619645476341248;0.0;2.403604411345348;0.40154782656644117;0.5984521734335588
1730780268.9104233;/app/bags/user95_2017-02-24.bag;0.834065854549408;0.0;0.9619645476341248;0.0;2.403604411345348;0.40154782656644117;0.5984521734335588
1730780269.1103776;/app/bags/user95_2017-02-24.bag;0.834065854549408;0.0;0.9619645476341248;0.0;2.403604411345348;0.40154782656644117;0.5984521734335588
1730780269.3103576;/app/bags/user95_2017-02-24.bag;0.834065854549408;0.0;0.9619645476341248;0.0;2.403604411345348;0.40154782656644117;0.5984521734335588
1730780269.5104;/app/bags/user95_2017-02-24.bag;0.834065854549408;0.0;0.9619645476341248;0.0;2.403604411345348;0.40154782656644117;0.5984521734335588
1730780269.7103972;/app/bags/user95_2017-02-24.bag;0.834065854549408;0.0;0.9619645476341248;0.0;2.403604411345348;0.40154782656644117;0.5984521734335588
1730780269.9104104;/app/bags/user95_2017-02-24.bag;0.834065854549408;0.0;0.9619645476341248;0.0;2.403604411345348;0.40154782656644117;0.5984521734335588
1730780270.1104124;/app/bags/user95_2017-02-24.bag;0.834065854549408;0.0;0.9619645476341248;0.0;2.403604411345348;0.40154782656644117;0.5984521734335588
1730780270.3103876;/app/bags/user95_2017-02-24.bag;0.834065854549408;0.0;0.9619645476341248;0.0;2.403604411345348;0.40154782656644117;0.5984521734335588
1730780270.51037;/app/bags/user95_2017-02-24.bag;0.834065854549408;0.0;0.9619645476341248;0.0;2.403604411345348;0.40154782656644117;0.5984521734335588
1730780270.710439;/app/bags/user95_2017-02-24.bag;0.834065854549408;0.0;0.9619645476341248;0.0;2.403604411345348;0.40154782656644117;0.5984521734335588
1730780270.9104276;/app/bags/user95_2017-02-24.bag;0.834065854549408;0.0;0.9619645476341248;0.0;2.403604411345348;0.40154782656644117;0.5984521734335588
1730780271.1103623;/app/bags/user95_2017-02-24.bag;0.834065854549408;0.0;0.9619645476341248;0.0;2.403604411345348;0.40154782656644117;0.5984521734335588
1730780271.3105204;/app/bags/user95_2017-02-24.bag;0.834065854549408;0.0;0.9619645476341248;0.0;2.403604411345348;0.40154782656644117;0.5984521734335588
1730780271.510421;/app/bags/user95_2017-02-24.bag;0.834065854549408;0.0;0.9619645476341248;0.0;2.403604411345348;0.40154782656644117;0.5984521734335588
1730780271.7103646;/app/bags/user95_2017-02-24.bag;0.834065854549408;0.0;0.9619645476341248;0.0;2.403604411345348;0.40154782656644117;0.5984521734335588
1730780271.9104743;/app/bags/user95_2017-02-24.bag;0.834065854549408;0.0;0.9619645476341248;0.0;2.403604411345348;0.40154782656644117;0.5984521734335588
1730780272.110409;/app/bags/user95_2017-02-24.bag;0.834065854549408;0.0;0.9619645476341248;0.0;2.403604411345348;0.40154782656644117;0.5984521734335588
1730780272.3104384;/app/bags/user95_2017-02-24.bag;0.834065854549408;0.0;0.9619645476341248;0.0;2.403604411345348;0.40154782656644117;0.5984521734335588
1730780272.5104194;/app/bags/user95_2017-02-24.bag;0.834065854549408;0.0;0.9619645476341248;0.0;2.403604411345348;0.40154782656644117;0.5984521734335588
1730780272.7103806;/app/bags/user95_2017-02-24.bag;0.834065854549408;0.0;0.9619645476341248;0.0;2.403604411345348;0.40154782656644117;0.5984521734335588
1730780272.9103813;/app/bags/user95_2017-02-24.bag;0.834065854549408;0.0;0.9619645476341248;0.0;2.403604411345348;0.40154782656644117;0.5984521734335588
1730780273.1103709;/app/bags/user95_2017-02-24.bag;0.834065854549408;0.0;0.9619645476341248;0.0;2.403604411345348;0.40154782656644117;0.5984521734335588
1730780273.3104105;/app/bags/user95_2017-02-24.bag;0.834065854549408;0.0;0.9619645476341248;0.0;2.403604411345348;0.40154782656644117;0.5984521734335588
1730780273.5103793;/app/bags/user95_2017-02-24.bag;0.834065854549408;0.0;0.9619645476341248;0.0;2.403604411345348;0.40154782656644117;0.5984521734335588
1730780273.7104814;/app/bags/user95_2017-02-24.bag;0.834065854549408;0.0;0.9619645476341248;0.0;2.403604411345348;0.40154782656644117;0.5984521734335588
1730780273.9103827;/app/bags/user95_2017-02-24.bag;0.834065854549408;0.0;0.9619645476341248;0.0;2.403604411345348;0.40154782656644117;0.5984521734335588
1730780274.1103785;/app/bags/user95_2017-02-24.bag;0.834065854549408;0.0;0.9619645476341248;0.0;2.403604411345348;0.40154782656644117;0.5984521734335588
1730780274.3103843;/app/bags/user95_2017-02-24.bag;0.834065854549408;0.0;0.9619645476341248;0.0;2.403604411345348;0.40154782656644117;0.5984521734335588
1730780274.5103867;/app/bags/user95_2017-02-24.bag;0.834065854549408;0.0;0.9619645476341248;0.0;2.403604411345348;0.40154782656644117;0.5984521734335588
1730780274.7103846;/app/bags/user95_2017-02-24.bag;0.834065854549408;0.0;0.9619645476341248;0.0;2.403604411345348;0.40154782656644117;0.5984521734335588
1730780274.910417;/app/bags/user95_2017-02-24.bag;0.834065854549408;0.0;0.9619645476341248;0.0;2.403604411345348;0.40154782656644117;0.5984521734335588
1730780275.1103776;/app/bags/user95_2017-02-24.bag;0.834065854549408;0.0;0.9619645476341248;0.0;2.403604411345348;0.40154782656644117;0.5984521734335588
1730780275.3103807;/app/bags/user95_2017-02-24.bag;0.834065854549408;0.0;0.9619645476341248;0.0;2.403604411345348;0.40154782656644117;0.5984521734335588
1730780275.5103512;/app/bags/user95_2017-02-24.bag;0.834065854549408;0.0;0.9619645476341248;0.0;2.403604411345348;0.40154782656644117;0.5984521734335588
1730780275.7103689;/app/bags/user95_2017-02-24.bag;0.834065854549408;0.0;0.9619645476341248;0.0;2.403604411345348;0.40154782656644117;0.5984521734335588
1730780275.9104393;/app/bags/user95_2017-02-24.bag;0.834065854549408;0.0;0.9619645476341248;0.0;2.403604411345348;0.40154782656644117;0.5984521734335588
1730780276.110385;/app/bags/user95_2017-02-24.bag;0.834065854549408;0.0;0.9619645476341248;0.0;2.403604411345348;0.40154782656644117;0.5984521734335588
1730780276.3104076;/app/bags/user95_2017-02-24.bag;0.834065854549408;0.0;0.9619645476341248;0.0;2.403604411345348;0.40154782656644117;0.5984521734335588
1730780276.5103838;/app/bags/user95_2017-02-24.bag;0.834065854549408;0.0;0.9619645476341248;0.0;2.403604411345348;0.40154782656644117;0.5984521734335588
1730780276.7103872;/app/bags/user95_2017-02-24.bag;0.834065854549408;0.0;0.9619645476341248;0.0;2.403604411345348;0.40154782656644117;0.5984521734335588
1730780276.910393;/app/bags/user95_2017-02-24.bag;0.834065854549408;0.0;0.9619645476341248;0.0;2.403604411345348;0.40154782656644117;0.5984521734335588
1730780277.1103613;/app/bags/user95_2017-02-24.bag;0.834065854549408;0.0;0.9619645476341248;0.0;2.403604411345348;0.40154782656644117;0.5984521734335588
1730780277.3104248;/app/bags/user95_2017-02-24.bag;0.834065854549408;0.0;0.9619645476341248;0.0;2.403604411345348;0.40154782656644117;0.5984521734335588
1730780277.5104508;/app/bags/user95_2017-02-24.bag;0.834065854549408;0.0;0.9619645476341248;0.0;2.403604411345348;0.40154782656644117;0.5984521734335588
1730780277.7104056;/app/bags/user95_2017-02-24.bag;0.834065854549408;0.0;0.9619645476341248;0.0;2.403604411345348;0.40154782656644117;0.5984521734335588
1730780277.9103703;/app/bags/user95_2017-02-24.bag;0.834065854549408;0.0;0.9619645476341248;0.0;2.403604411345348;0.40154782656644117;0.5984521734335588
1730780278.1103754;/app/bags/user95_2017-02-24.bag;0.834065854549408;0.0;0.9619645476341248;0.0;2.403604411345348;0.40154782656644117;0.5984521734335588
1730780278.310369;/app/bags/user95_2017-02-24.bag;0.834065854549408;0.0;0.9619645476341248;0.0;2.403604411345348;0.40154782656644117;0.5984521734335588
1730780278.5104206;/app/bags/user95_2017-02-24.bag;0.834065854549408;0.0;0.9619645476341248;0.0;2.403604411345348;0.40154782656644117;0.5984521734335588
1730780278.7103658;/app/bags/user95_2017-02-24.bag;0.834065854549408;0.0;0.9619645476341248;0.0;2.403604411345348;0.40154782656644117;0.5984521734335588
1730780278.9103734;/app/bags/user95_2017-02-24.bag;0.834065854549408;0.0;0.9619645476341248;0.0;2.403604411345348;0.40154782656644117;0.5984521734335588
1730780279.110367;/app/bags/user95_2017-02-24.bag;0.834065854549408;0.0;0.9619645476341248;0.0;2.403604411345348;0.40154782656644117;0.5984521734335588
1730780279.3103843;/app/bags/user95_2017-02-24.bag;0.834065854549408;0.0;0.9619645476341248;0.0;2.403604411345348;0.40154782656644117;0.5984521734335588
1730780279.5103674;/app/bags/user95_2017-02-24.bag;0.834065854549408;0.0;0.9619645476341248;0.0;2.403604411345348;0.40154782656644117;0.5984521734335588
1730780279.7104092;/app/bags/user95_2017-02-24.bag;0.834065854549408;0.0;0.9619645476341248;0.0;2.403604411345348;0.40154782656644117;0.5984521734335588
1730780279.9104168;/app/bags/user95_2017-02-24.bag;0.834065854549408;0.0;0.9619645476341248;0.0;2.403604411345348;0.40154782656644117;0.5984521734335588
1730780280.1104233;/app/bags/user95_2017-02-24.bag;0.834065854549408;0.0;0.9619645476341248;0.0;2.403604411345348;0.40154782656644117;0.5984521734335588
1730780280.3104115;/app/bags/user95_2017-02-24.bag;0.834065854549408;0.0;0.9619645476341248;0.0;2.403604411345348;0.40154782656644117;0.5984521734335588
1730780280.5103776;/app/bags/user95_2017-02-24.bag;0.834065854549408;0.0;0.9619645476341248;0.0;2.403604411345348;0.40154782656644117;0.5984521734335588
1730780280.7104037;/app/bags/user95_2017-02-24.bag;0.834065854549408;0.0;0.9619645476341248;0.0;2.403604411345348;0.40154782656644117;0.5984521734335588
1730780280.9104133;/app/bags/user95_2017-02-24.bag;0.834065854549408;0.0;0.9619645476341248;0.0;2.403604411345348;0.40154782656644117;0.5984521734335588
1730780281.1104927;/app/bags/user95_2017-02-24.bag;0.834065854549408;0.0;0.9619645476341248;0.0;2.403604411345348;0.40154782656644117;0.5984521734335588
1730780281.3103857;/app/bags/user95_2017-02-24.bag;0.834065854549408;0.0;0.9619645476341248;0.0;2.403604411345348;0.40154782656644117;0.5984521734335588
1730780281.5103738;/app/bags/user95_2017-02-24.bag;0.834065854549408;0.0;0.9619645476341248;0.0;2.403604411345348;0.40154782656644117;0.5984521734335588
1730780281.71042;/app/bags/user95_2017-02-24.bag;0.834065854549408;0.0;0.9619645476341248;0.0;2.403604411345348;0.40154782656644117;0.5984521734335588
1730780281.9104297;/app/bags/user95_2017-02-24.bag;0.834065854549408;0.0;0.9619645476341248;0.0;2.403604411345348;0.40154782656644117;0.5984521734335588
1730780282.1104355;/app/bags/user95_2017-02-24.bag;0.834065854549408;0.0;0.9619645476341248;0.0;2.403604411345348;0.40154782656644117;0.5984521734335588
1730780282.3104017;/app/bags/user95_2017-02-24.bag;0.834065854549408;0.0;0.9619645476341248;0.0;2.403604411345348;0.40154782656644117;0.5984521734335588
1730780282.5104146;/app/bags/user95_2017-02-24.bag;0.834065854549408;0.0;0.9619645476341248;0.0;2.403604411345348;0.40154782656644117;0.5984521734335588
1730780282.7103758;/app/bags/user95_2017-02-24.bag;0.834065854549408;0.0;0.9619645476341248;0.0;2.403604411345348;0.40154782656644117;0.5984521734335588
1730780282.9104707;/app/bags/user95_2017-02-24.bag;0.834065854549408;0.0;0.9619645476341248;0.0;2.403604411345348;0.40154782656644117;0.5984521734335588
1730780283.110398;/app/bags/user95_2017-02-24.bag;0.834065854549408;0.0;0.9619645476341248;0.0;2.403604411345348;0.40154782656644117;0.5984521734335588
1730780283.310385;/app/bags/user95_2017-02-24.bag;0.834065854549408;0.0;0.9619645476341248;0.0;2.403604411345348;0.40154782656644117;0.5984521734335588
1730780283.5103788;/app/bags/user95_2017-02-24.bag;0.834065854549408;0.0;0.9619645476341248;0.0;2.403604411345348;0.40154782656644117;0.5984521734335588
1730780283.7103682;/app/bags/user95_2017-02-24.bag;0.834065854549408;0.0;0.9619645476341248;0.0;2.403604411345348;0.40154782656644117;0.5984521734335588
1730780283.9103844;/app/bags/user95_2017-02-24.bag;0.834065854549408;0.0;0.9619645476341248;0.0;2.403604411345348;0.40154782656644117;0.5984521734335588
1730780284.1104057;/app/bags/user95_2017-02-24.bag;0.834065854549408;0.0;0.9619645476341248;0.0;2.403604411345348;0.40154782656644117;0.5984521734335588
1730780284.310405;/app/bags/user95_2017-02-24.bag;0.834065854549408;0.0;0.9619645476341248;0.0;2.403604411345348;0.40154782656644117;0.5984521734335588
1730780284.5104063;/app/bags/user95_2017-02-24.bag;0.834065854549408;0.0;0.9619645476341248;0.0;2.403604411345348;0.40154782656644117;0.5984521734335588
1730780284.7104385;/app/bags/user95_2017-02-24.bag;0.834065854549408;0.0;0.9619645476341248;0.0;2.403604411345348;0.40154782656644117;0.5984521734335588
1730780284.910428;/app/bags/user95_2017-02-24.bag;0.834065854549408;0.0;0.9619645476341248;0.0;2.403604411345348;0.40154782656644117;0.5984521734335588
1730780285.1104345;/app/bags/user95_2017-02-24.bag;0.834065854549408;0.0;0.9619645476341248;0.0;2.403604411345348;0.40154782656644117;0.5984521734335588
1730780285.3103917;/app/bags/user95_2017-02-24.bag;0.834065854549408;0.0;0.9619645476341248;0.0;2.403604411345348;0.40154782656644117;0.5984521734335588
1730780285.5103948;/app/bags/user95_2017-02-24.bag;0.834065854549408;0.0;0.9619645476341248;0.0;2.403604411345348;0.40154782656644117;0.5984521734335588
1730780285.7103953;/app/bags/user95_2017-02-24.bag;0.834065854549408;0.0;0.9619645476341248;0.0;2.403604411345348;0.40154782656644117;0.5984521734335588
1730780285.9104257;/app/bags/user95_2017-02-24.bag;0.834065854549408;0.0;0.9619645476341248;0.0;2.403604411345348;0.40154782656644117;0.5984521734335588
1730780286.11039;/app/bags/user95_2017-02-24.bag;0.834065854549408;0.0;0.9619645476341248;0.0;2.403604411345348;0.40154782656644117;0.5984521734335588
1730780286.31037;/app/bags/user95_2017-02-24.bag;0.834065854549408;0.0;0.9619645476341248;0.0;2.403604411345348;0.40154782656644117;0.5984521734335588
1730780286.510345;/app/bags/user95_2017-02-24.bag;0.834065854549408;0.0;0.9619645476341248;0.0;2.403604411345348;0.40154782656644117;0.5984521734335588
1730780286.7104464;/app/bags/user95_2017-02-24.bag;0.834065854549408;0.0;0.9619645476341248;0.0;2.403604411345348;0.40154782656644117;0.5984521734335588
1730780286.9104443;/app/bags/user95_2017-02-24.bag;0.834065854549408;0.0;0.9619645476341248;0.0;2.403604411345348;0.40154782656644117;0.5984521734335588
1730780287.1103497;/app/bags/user95_2017-02-24.bag;0.834065854549408;0.0;0.9619645476341248;0.0;2.403604411345348;0.40154782656644117;0.5984521734335588
1730780287.3103905;/app/bags/user95_2017-02-24.bag;0.834065854549408;0.0;0.9619645476341248;0.0;2.403604411345348;0.40154782656644117;0.5984521734335588
1730780287.5103877;/app/bags/user95_2017-02-24.bag;0.834065854549408;0.0;0.9619645476341248;0.0;2.403604411345348;0.40154782656644117;0.5984521734335588
1730780287.7103822;/app/bags/user95_2017-02-24.bag;0.834065854549408;0.0;0.9619645476341248;0.0;2.403604411345348;0.40154782656644117;0.5984521734335588
1730780287.910375;/app/bags/user95_2017-02-24.bag;0.834065854549408;0.0;0.9619645476341248;0.0;2.403604411345348;0.40154782656644117;0.5984521734335588
1730780288.1103833;/app/bags/user95_2017-02-24.bag;0.834065854549408;0.0;0.9619645476341248;0.0;2.403604411345348;0.40154782656644117;0.5984521734335588
1730780288.3103871;/app/bags/user95_2017-02-24.bag;0.834065854549408;0.0;0.9619645476341248;0.0;2.403604411345348;0.40154782656644117;0.5984521734335588
1730780288.5104086;/app/bags/user95_2017-02-24.bag;0.834065854549408;0.0;0.9619645476341248;0.0;2.403604411345348;0.40154782656644117;0.5984521734335588
1730780288.7103832;/app/bags/user95_2017-02-24.bag;0.834065854549408;0.0;0.9619645476341248;0.0;2.403604411345348;0.40154782656644117;0.5984521734335588
1730780288.9103723;/app/bags/user95_2017-02-24.bag;0.834065854549408;0.0;0.9619645476341248;0.0;2.403604411345348;0.40154782656644117;0.5984521734335588
1730780289.1103582;/app/bags/user95_2017-02-24.bag;0.834065854549408;0.0;0.9619645476341248;0.0;2.403604411345348;0.40154782656644117;0.5984521734335588
1730780289.3104146;/app/bags/user95_2017-02-24.bag;0.834065854549408;0.0;0.9619645476341248;0.0;2.403604411345348;0.40154782656644117;0.5984521734335588
1730780289.5104005;/app/bags/user95_2017-02-24.bag;0.834065854549408;0.0;0.9619645476341248;0.0;2.403604411345348;0.40154782656644117;0.5984521734335588
1730780289.7103941;/app/bags/user95_2017-02-24.bag;0.834065854549408;0.0;0.9619645476341248;0.0;2.403604411345348;0.40154782656644117;0.5984521734335588
1730780289.9104216;/app/bags/user95_2017-02-24.bag;0.834065854549408;0.0;0.9619645476341248;0.0;2.403604411345348;0.40154782656644117;0.5984521734335588
1730780290.1103702;/app/bags/user95_2017-02-24.bag;0.834065854549408;0.0;0.9619645476341248;0.0;2.403604411345348;0.40154782656644117;0.5984521734335588
1730780290.3103766;/app/bags/user95_2017-02-24.bag;0.834065854549408;0.0;0.9619645476341248;0.0;2.403604411345348;0.40154782656644117;0.5984521734335588
1730780290.5104094;/app/bags/user95_2017-02-24.bag;0.834065854549408;0.0;0.9619645476341248;0.0;2.403604411345348;0.40154782656644117;0.5984521734335588
1730780290.7103698;/app/bags/user95_2017-02-24.bag;0.834065854549408;0.0;0.9619645476341248;0.0;2.403604411345348;0.40154782656644117;0.5984521734335588
1730780290.9104242;/app/bags/user95_2017-02-24.bag;0.834065854549408;0.0;0.9619645476341248;0.0;2.403604411345348;0.40154782656644117;0.5984521734335588
1730780291.110392;/app/bags/user95_2017-02-24.bag;0.834065854549408;0.0;0.9619645476341248;0.0;2.403604411345348;0.40154782656644117;0.5984521734335588
1730780291.3103836;/app/bags/user95_2017-02-24.bag;0.834065854549408;0.0;0.9619645476341248;0.0;2.403604411345348;0.40154782656644117;0.5984521734335588
1730780291.5104084;/app/bags/user95_2017-02-24.bag;0.834065854549408;0.0;0.9619645476341248;0.0;2.403604411345348;0.40154782656644117;0.5984521734335588
1730780291.7104282;/app/bags/user95_2017-02-24.bag;0.834065854549408;0.0;0.9619645476341248;0.0;2.403604411345348;0.40154782656644117;0.5984521734335588
1730780291.9103503;/app/bags/user95_2017-02-24.bag;0.834065854549408;0.0;0.9619645476341248;0.0;2.403604411345348;0.40154782656644117;0.5984521734335588
1730780292.110421;/app/bags/user95_2017-02-24.bag;0.834065854549408;0.0;0.9619645476341248;0.0;2.403604411345348;0.40154782656644117;0.5984521734335588
1730780292.3103797;/app/bags/user95_2017-02-24.bag;0.834065854549408;0.0;0.9619645476341248;0.0;2.403604411345348;0.40154782656644117;0.5984521734335588
1730780292.5104623;/app/bags/user95_2017-02-24.bag;0.834065854549408;0.0;0.9619645476341248;0.0;2.403604411345348;0.40154782656644117;0.5984521734335588
1730780292.7103913;/app/bags/user95_2017-02-24.bag;0.834065854549408;0.0;0.9619645476341248;0.0;2.403604411345348;0.40154782656644117;0.5984521734335588
1730780292.910383;/app/bags/user95_2017-02-24.bag;0.834065854549408;0.0;0.9619645476341248;0.0;2.403604411345348;0.40154782656644117;0.5984521734335588
1730780293.1103814;/app/bags/user95_2017-02-24.bag;0.834065854549408;0.0;0.9619645476341248;0.0;2.403604411345348;0.40154782656644117;0.5984521734335588
1730780293.3104;/app/bags/user95_2017-02-24.bag;0.834065854549408;0.0;0.9619645476341248;0.0;2.403604411345348;0.40154782656644117;0.5984521734335588
1730780293.510412;/app/bags/user95_2017-02-24.bag;0.834065854549408;0.0;0.9619645476341248;0.0;2.403604411345348;0.40154782656644117;0.5984521734335588
1730780293.7103662;/app/bags/user95_2017-02-24.bag;0.834065854549408;0.0;0.9619645476341248;0.0;2.403604411345348;0.40154782656644117;0.5984521734335588
1730780293.9103916;/app/bags/user95_2017-02-24.bag;0.834065854549408;0.0;0.9619645476341248;0.0;2.403604411345348;0.40154782656644117;0.5984521734335588
1730780294.110396;/app/bags/user95_2017-02-24.bag;0.834065854549408;0.0;0.9619645476341248;0.0;2.403604411345348;0.40154782656644117;0.5984521734335588
1730780294.3104317;/app/bags/user95_2017-02-24.bag;0.834065854549408;0.0;0.9619645476341248;0.0;2.403604411345348;0.40154782656644117;0.5984521734335588
1730780294.510397;/app/bags/user95_2017-02-24.bag;0.834065854549408;0.0;0.9619645476341248;0.0;2.403604411345348;0.40154782656644117;0.5984521734335588
1730780294.7104142;/app/bags/user95_2017-02-24.bag;0.834065854549408;0.0;0.9619645476341248;0.0;2.403604411345348;0.40154782656644117;0.5984521734335588
1730780294.9103897;/app/bags/user95_2017-02-24.bag;0.834065854549408;0.0;0.9619645476341248;0.0;2.403604411345348;0.40154782656644117;0.5984521734335588
1730780295.1103816;/app/bags/user95_2017-02-24.bag;0.834065854549408;0.0;0.9619645476341248;0.0;2.403604411345348;0.40154782656644117;0.5984521734335588
1730780295.310415;/app/bags/user95_2017-02-24.bag;0.834065854549408;0.0;0.9619645476341248;0.0;2.403604411345348;0.40154782656644117;0.5984521734335588
1730780295.5104;/app/bags/user95_2017-02-24.bag;0.834065854549408;0.0;0.9619645476341248;0.0;2.403604411345348;0.40154782656644117;0.5984521734335588
1730780295.7103817;/app/bags/user95_2017-02-24.bag;0.834065854549408;0.0;0.9619645476341248;0.0;2.403604411345348;0.40154782656644117;0.5984521734335588
1730780295.9104235;/app/bags/user95_2017-02-24.bag;0.834065854549408;0.0;0.9619645476341248;0.0;2.403604411345348;0.40154782656644117;0.5984521734335588
1730780296.110367;/app/bags/user95_2017-02-24.bag;0.834065854549408;0.0;0.9619645476341248;0.0;2.403604411345348;0.40154782656644117;0.5984521734335588
1730780296.3104;/app/bags/user95_2017-02-24.bag;0.834065854549408;0.0;0.9619645476341248;0.0;2.403604411345348;0.40154782656644117;0.5984521734335588
1730780296.5103998;/app/bags/user95_2017-02-24.bag;0.834065854549408;0.0;0.9619645476341248;0.0;2.403604411345348;0.40154782656644117;0.5984521734335588
1730780296.7103753;/app/bags/user95_2017-02-24.bag;0.834065854549408;0.0;0.9619645476341248;0.0;2.403604411345348;0.40154782656644117;0.5984521734335588
1730780296.910391;/app/bags/user95_2017-02-24.bag;0.834065854549408;0.0;0.9619645476341248;0.0;2.403604411345348;0.40154782656644117;0.5984521734335588
1730780297.110381;/app/bags/user95_2017-02-24.bag;0.834065854549408;0.0;0.9619645476341248;0.0;2.403604411345348;0.40154782656644117;0.5984521734335588
1730780297.3104105;/app/bags/user95_2017-02-24.bag;0.834065854549408;0.0;0.9619645476341248;0.0;2.403604411345348;0.40154782656644117;0.5984521734335588
1730780297.510403;/app/bags/user95_2017-02-24.bag;0.834065854549408;0.0;0.9619645476341248;0.0;2.403604411345348;0.40154782656644117;0.5984521734335588
1730780297.710433;/app/bags/user95_2017-02-24.bag;0.834065854549408;0.0;0.9619645476341248;0.0;2.403604411345348;0.40154782656644117;0.5984521734335588
1730780297.9104435;/app/bags/user95_2017-02-24.bag;0.834065854549408;0.0;0.9619645476341248;0.0;2.403604411345348;0.40154782656644117;0.5984521734335588
1730780298.1104133;/app/bags/user95_2017-02-24.bag;0.834065854549408;0.0;0.9619645476341248;0.0;2.403604411345348;0.40154782656644117;0.5984521734335588
1730780298.3104243;/app/bags/user95_2017-02-24.bag;0.834065854549408;0.0;0.9619645476341248;0.0;2.403604411345348;0.40154782656644117;0.5984521734335588
1730780298.5103972;/app/bags/user95_2017-02-24.bag;0.834065854549408;0.0;0.9619645476341248;0.0;2.403604411345348;0.40154782656644117;0.5984521734335588
1730780298.710378;/app/bags/user95_2017-02-24.bag;0.834065854549408;0.0;0.9619645476341248;0.0;2.403604411345348;0.40154782656644117;0.5984521734335588
1730780298.9103675;/app/bags/user95_2017-02-24.bag;0.834065854549408;0.0;0.9619645476341248;0.0;2.403604411345348;0.40154782656644117;0.5984521734335588
1730780299.1104894;/app/bags/user95_2017-02-24.bag;0.834065854549408;0.0;0.9619645476341248;0.0;2.403604411345348;0.40154782656644117;0.5984521734335588
1730780299.3103783;/app/bags/user95_2017-02-24.bag;0.834065854549408;0.0;0.9619645476341248;0.0;2.403604411345348;0.40154782656644117;0.5984521734335588
1730780299.510389;/app/bags/user95_2017-02-24.bag;0.834065854549408;0.0;0.9619645476341248;0.0;2.403604411345348;0.40154782656644117;0.5984521734335588
1730780299.710513;/app/bags/user95_2017-02-24.bag;0.834065854549408;0.0;0.9619645476341248;0.0;2.403604411345348;0.40154782656644117;0.5984521734335588
1730780299.9105175;/app/bags/user95_2017-02-24.bag;0.834065854549408;0.0;0.9619645476341248;0.0;2.403604411345348;0.40154782656644117;0.5984521734335588
1730780300.1103842;/app/bags/user95_2017-02-24.bag;0.834065854549408;0.0;0.9619645476341248;0.0;2.403604411345348;0.40154782656644117;0.5984521734335588
1730780300.3103857;/app/bags/user95_2017-02-24.bag;0.834065854549408;0.0;0.9619645476341248;0.0;2.403604411345348;0.40154782656644117;0.5984521734335588
1730780300.5105283;/app/bags/user95_2017-02-24.bag;0.834065854549408;0.0;0.9619645476341248;0.0;2.403604411345348;0.40154782656644117;0.5984521734335588
1730780300.7103853;/app/bags/user95_2017-02-24.bag;0.834065854549408;0.0;0.9619645476341248;0.0;2.403604411345348;0.40154782656644117;0.5984521734335588
1730780300.9103508;/app/bags/user95_2017-02-24.bag;0.834065854549408;0.0;0.9619645476341248;0.0;2.403604411345348;0.40154782656644117;0.5984521734335588
1730780301.1103773;/app/bags/user95_2017-02-24.bag;0.834065854549408;0.0;0.9619645476341248;0.0;2.403604411345348;0.40154782656644117;0.5984521734335588
1730780301.3104706;/app/bags/user95_2017-02-24.bag;0.834065854549408;0.0;0.9619645476341248;0.0;2.403604411345348;0.40154782656644117;0.5984521734335588
1730780301.5103765;/app/bags/user95_2017-02-24.bag;0.834065854549408;0.0;0.9619645476341248;0.0;2.403604411345348;0.40154782656644117;0.5984521734335588
1730780301.7103786;/app/bags/user95_2017-02-24.bag;0.834065854549408;0.0;0.9619645476341248;0.0;2.403604411345348;0.40154782656644117;0.5984521734335588
1730780301.9103606;/app/bags/user95_2017-02-24.bag;0.834065854549408;0.0;0.9619645476341248;0.0;2.403604411345348;0.40154782656644117;0.5984521734335588
1730780302.110346;/app/bags/user95_2017-02-24.bag;0.834065854549408;0.0;0.9619645476341248;0.0;2.403604411345348;0.40154782656644117;0.5984521734335588
1730780302.310386;/app/bags/user95_2017-02-24.bag;0.834065854549408;0.0;0.9619645476341248;0.0;2.403604411345348;0.40154782656644117;0.5984521734335588
1730780302.5103915;/app/bags/user95_2017-02-24.bag;0.834065854549408;0.0;0.9619645476341248;0.0;2.403604411345348;0.40154782656644117;0.5984521734335588
1730780302.7103794;/app/bags/user95_2017-02-24.bag;0.834065854549408;0.0;0.9619645476341248;0.0;2.403604411345348;0.40154782656644117;0.5984521734335588
1730780302.9103856;/app/bags/user95_2017-02-24.bag;0.834065854549408;0.0;0.9619645476341248;0.0;2.403604411345348;0.40154782656644117;0.5984521734335588
1730780303.110391;/app/bags/user95_2017-02-24.bag;0.834065854549408;0.0;0.9619645476341248;0.0;2.403604411345348;0.40154782656644117;0.5984521734335588
1730780303.3103793;/app/bags/user95_2017-02-24.bag;0.834065854549408;0.0;0.9619645476341248;0.0;2.403604411345348;0.40154782656644117;0.5984521734335588
1730780303.510359;/app/bags/user95_2017-02-24.bag;0.834065854549408;0.0;0.9619645476341248;0.0;2.403604411345348;0.40154782656644117;0.5984521734335588
1730780303.7104158;/app/bags/user95_2017-02-24.bag;0.834065854549408;0.0;0.9619645476341248;0.0;2.403604411345348;0.40154782656644117;0.5984521734335588
1730780303.9103777;/app/bags/user95_2017-02-24.bag;0.834065854549408;0.0;0.9619645476341248;0.0;2.403604411345348;0.40154782656644117;0.5984521734335588
1730780304.1103697;/app/bags/user95_2017-02-24.bag;0.834065854549408;0.0;0.9619645476341248;0.0;2.403604411345348;0.40154782656644117;0.5984521734335588
1730780304.310377;/app/bags/user95_2017-02-24.bag;0.834065854549408;0.0;0.9619645476341248;0.0;2.403604411345348;0.40154782656644117;0.5984521734335588
1730780304.510549;/app/bags/user95_2017-02-24.bag;0.834065854549408;0.0;0.9619645476341248;0.0;2.403604411345348;0.40154782656644117;0.5984521734335588
1730780304.710525;/app/bags/user95_2017-02-24.bag;0.834065854549408;0.0;0.9619645476341248;0.0;2.403604411345348;0.40154782656644117;0.5984521734335588
1730780304.9103932;/app/bags/user95_2017-02-24.bag;0.834065854549408;0.0;0.9619645476341248;0.0;2.403604411345348;0.40154782656644117;0.5984521734335588
1730780305.1104364;/app/bags/user95_2017-02-24.bag;0.834065854549408;0.0;0.9619645476341248;0.0;2.403604411345348;0.40154782656644117;0.5984521734335588
1730780305.310416;/app/bags/user95_2017-02-24.bag;0.834065854549408;0.0;0.9619645476341248;0.0;2.403604411345348;0.40154782656644117;0.5984521734335588
1730780305.5104175;/app/bags/user95_2017-02-24.bag;0.834065854549408;0.0;0.9619645476341248;0.0;2.403604411345348;0.40154782656644117;0.5984521734335588
1730780305.7103558;/app/bags/user95_2017-02-24.bag;0.834065854549408;0.0;0.9619645476341248;0.0;2.403604411345348;0.40154782656644117;0.5984521734335588
1730780305.91042;/app/bags/user95_2017-02-24.bag;0.834065854549408;0.0;0.9619645476341248;0.0;2.403604411345348;0.40154782656644117;0.5984521734335588
1730780306.110418;/app/bags/user95_2017-02-24.bag;0.834065854549408;0.0;0.9619645476341248;0.0;2.403604411345348;0.40154782656644117;0.5984521734335588
1730780306.3103867;/app/bags/user95_2017-02-24.bag;0.834065854549408;0.0;0.9619645476341248;0.0;2.403604411345348;0.40154782656644117;0.5984521734335588
1730780306.510381;/app/bags/user95_2017-02-24.bag;0.834065854549408;0.0;0.9619645476341248;0.0;2.403604411345348;0.40154782656644117;0.5984521734335588
1730780306.7105458;/app/bags/user95_2017-02-24.bag;0.834065854549408;0.0;0.9619645476341248;0.0;2.403604411345348;0.40154782656644117;0.5984521734335588
1730780306.9104078;/app/bags/user95_2017-02-24.bag;0.834065854549408;0.0;0.9619645476341248;0.0;2.403604411345348;0.40154782656644117;0.5984521734335588
1730780307.1104553;/app/bags/user95_2017-02-24.bag;0.834065854549408;0.0;0.9619645476341248;0.0;2.403604411345348;0.40154782656644117;0.5984521734335588
1730780307.3104014;/app/bags/user95_2017-02-24.bag;0.834065854549408;0.0;0.9619645476341248;0.0;2.403604411345348;0.40154782656644117;0.5984521734335588
1730780307.5103786;/app/bags/user95_2017-02-24.bag;0.834065854549408;0.0;0.9619645476341248;0.0;2.403604411345348;0.40154782656644117;0.5984521734335588
1730780307.710422;/app/bags/user95_2017-02-24.bag;0.834065854549408;0.0;0.9619645476341248;0.0;2.403604411345348;0.40154782656644117;0.5984521734335588
1730780307.9104185;/app/bags/user95_2017-02-24.bag;0.834065854549408;0.0;0.9619645476341248;0.0;2.403604411345348;0.40154782656644117;0.5984521734335588
1730780308.1103613;/app/bags/user95_2017-02-24.bag;0.834065854549408;0.0;0.9619645476341248;0.0;2.403604411345348;0.40154782656644117;0.5984521734335588
1730780308.310421;/app/bags/user95_2017-02-24.bag;0.834065854549408;0.0;0.9619645476341248;0.0;2.403604411345348;0.40154782656644117;0.5984521734335588
1730780308.510494;/app/bags/user95_2017-02-24.bag;0.834065854549408;0.0;0.9619645476341248;0.0;2.403604411345348;0.40154782656644117;0.5984521734335588
1730780308.7103837;/app/bags/user95_2017-02-24.bag;0.834065854549408;0.0;0.9619645476341248;0.0;2.403604411345348;0.40154782656644117;0.5984521734335588
1730780308.9104102;/app/bags/user95_2017-02-24.bag;0.834065854549408;0.0;0.9619645476341248;0.0;2.403604411345348;0.40154782656644117;0.5984521734335588
1730780309.1103806;/app/bags/user95_2017-02-24.bag;0.834065854549408;0.0;0.9619645476341248;0.0;2.403604411345348;0.40154782656644117;0.5984521734335588
1730780309.3103642;/app/bags/user95_2017-02-24.bag;0.834065854549408;0.0;0.9619645476341248;0.0;2.403604411345348;0.40154782656644117;0.5984521734335588
1730780309.510433;/app/bags/user95_2017-02-24.bag;0.834065854549408;0.0;0.9619645476341248;0.0;2.403604411345348;0.40154782656644117;0.5984521734335588
1730780309.7104163;/app/bags/user95_2017-02-24.bag;0.834065854549408;0.0;0.9619645476341248;0.0;2.403604411345348;0.40154782656644117;0.5984521734335588
1730780309.9104793;/app/bags/user95_2017-02-24.bag;0.834065854549408;0.0;0.9619645476341248;0.0;2.403604411345348;0.40154782656644117;0.5984521734335588
1730780310.1103854;/app/bags/user95_2017-02-24.bag;0.834065854549408;0.0;0.9619645476341248;0.0;2.403604411345348;0.40154782656644117;0.5984521734335588
1730780310.310423;/app/bags/user95_2017-02-24.bag;0.834065854549408;0.0;0.9619645476341248;0.0;2.403604411345348;0.40154782656644117;0.5984521734335588
1730780310.5104225;/app/bags/user95_2017-02-24.bag;0.834065854549408;0.0;0.9619645476341248;0.0;2.403604411345348;0.40154782656644117;0.5984521734335588
1730780310.710358;/app/bags/user95_2017-02-24.bag;0.834065854549408;0.0;0.9619645476341248;0.0;2.403604411345348;0.40154782656644117;0.5984521734335588
1730780310.9104056;/app/bags/user95_2017-02-24.bag;0.834065854549408;0.0;0.9619645476341248;0.0;2.403604411345348;0.40154782656644117;0.5984521734335588
1730780311.1103945;/app/bags/user95_2017-02-24.bag;0.834065854549408;0.0;0.9619645476341248;0.0;2.403604411345348;0.40154782656644117;0.5984521734335588
1730780311.3103385;/app/bags/user95_2017-02-24.bag;0.834065854549408;0.0;0.9619645476341248;0.0;2.403604411345348;0.40154782656644117;0.5984521734335588
1730780311.5103855;/app/bags/user95_2017-02-24.bag;0.834065854549408;0.0;0.9619645476341248;0.0;2.403604411345348;0.40154782656644117;0.5984521734335588
1730780311.7104154;/app/bags/user95_2017-02-24.bag;0.834065854549408;0.0;0.9619645476341248;0.0;2.403604411345348;0.40154782656644117;0.5984521734335588
1730780311.9103746;/app/bags/user95_2017-02-24.bag;0.834065854549408;0.0;0.9619645476341248;0.0;2.403604411345348;0.40154782656644117;0.5984521734335588
1730780312.110382;/app/bags/user95_2017-02-24.bag;0.834065854549408;0.0;0.9619645476341248;0.0;2.403604411345348;0.40154782656644117;0.5984521734335588
1730780312.3103697;/app/bags/user95_2017-02-24.bag;0.834065854549408;0.0;0.9619645476341248;0.0;2.403604411345348;0.40154782656644117;0.5984521734335588
1730780312.510409;/app/bags/user95_2017-02-24.bag;0.834065854549408;0.0;0.9619645476341248;0.0;2.403604411345348;0.40154782656644117;0.5984521734335588
1730780312.7103775;/app/bags/user95_2017-02-24.bag;0.834065854549408;0.0;0.9619645476341248;0.0;2.403604411345348;0.40154782656644117;0.5984521734335588
1730780312.9104474;/app/bags/user95_2017-02-24.bag;0.834065854549408;0.0;0.9619645476341248;0.0;2.403604411345348;0.40154782656644117;0.5984521734335588
1730780313.11035;/app/bags/user95_2017-02-24.bag;0.834065854549408;0.0;0.9619645476341248;0.0;2.403604411345348;0.40154782656644117;0.5984521734335588
1730780313.310403;/app/bags/user95_2017-02-24.bag;0.834065854549408;0.0;0.9619645476341248;0.0;2.403604411345348;0.40154782656644117;0.5984521734335588
1730780313.5103867;/app/bags/user95_2017-02-24.bag;0.834065854549408;0.0;0.9619645476341248;0.0;2.403604411345348;0.40154782656644117;0.5984521734335588
1730780313.7103715;/app/bags/user95_2017-02-24.bag;0.834065854549408;0.0;0.9619645476341248;0.0;2.403604411345348;0.40154782656644117;0.5984521734335588
1730780313.9103673;/app/bags/user95_2017-02-24.bag;0.834065854549408;0.0;0.9619645476341248;0.0;2.403604411345348;0.40154782656644117;0.5984521734335588
1730780314.1104488;/app/bags/user95_2017-02-24.bag;0.834065854549408;0.0;0.9619645476341248;0.0;2.403604411345348;0.40154782656644117;0.5984521734335588
1730780314.3104076;/app/bags/user95_2017-02-24.bag;0.834065854549408;0.0;0.9619645476341248;0.0;2.403604411345348;0.40154782656644117;0.5984521734335588
1730780314.5103736;/app/bags/user95_2017-02-24.bag;0.834065854549408;0.0;0.9619645476341248;0.0;2.403604411345348;0.40154782656644117;0.5984521734335588
1730780314.7103837;/app/bags/user95_2017-02-24.bag;0.834065854549408;0.0;0.9619645476341248;0.0;2.403604411345348;0.40154782656644117;0.5984521734335588
1730780314.9103723;/app/bags/user95_2017-02-24.bag;0.834065854549408;0.0;0.9619645476341248;0.0;2.403604411345348;0.40154782656644117;0.5984521734335588
1730780315.1103559;/app/bags/user95_2017-02-24.bag;0.834065854549408;0.0;0.9619645476341248;0.0;2.403604411345348;0.40154782656644117;0.5984521734335588
1730780315.3103604;/app/bags/user95_2017-02-24.bag;0.834065854549408;0.0;0.9619645476341248;0.0;2.403604411345348;0.40154782656644117;0.5984521734335588
1730780315.5103652;/app/bags/user95_2017-02-24.bag;0.834065854549408;0.0;0.9619645476341248;0.0;2.403604411345348;0.40154782656644117;0.5984521734335588
1730780315.7103808;/app/bags/user95_2017-02-24.bag;0.834065854549408;0.0;0.9619645476341248;0.0;2.403604411345348;0.40154782656644117;0.5984521734335588
1730780315.910396;/app/bags/user95_2017-02-24.bag;0.834065854549408;0.0;0.9619645476341248;0.0;2.403604411345348;0.40154782656644117;0.5984521734335588
1730780316.1103752;/app/bags/user95_2017-02-24.bag;0.834065854549408;0.0;0.9619645476341248;0.0;2.403604411345348;0.40154782656644117;0.5984521734335588
1730780316.3103795;/app/bags/user95_2017-02-24.bag;0.834065854549408;0.0;0.9619645476341248;0.0;2.403604411345348;0.40154782656644117;0.5984521734335588
1730780316.5103807;/app/bags/user95_2017-02-24.bag;0.834065854549408;0.0;0.9619645476341248;0.0;2.403604411345348;0.40154782656644117;0.5984521734335588
1730780316.7103827;/app/bags/user95_2017-02-24.bag;0.834065854549408;0.0;0.9619645476341248;0.0;2.403604411345348;0.40154782656644117;0.5984521734335588
1730780316.9103763;/app/bags/user95_2017-02-24.bag;0.834065854549408;0.0;0.9619645476341248;0.0;2.403604411345348;0.40154782656644117;0.5984521734335588
1730780317.1103508;/app/bags/user95_2017-02-24.bag;0.834065854549408;0.0;0.9619645476341248;0.0;2.403604411345348;0.40154782656644117;0.5984521734335588
1730780317.3103504;/app/bags/user95_2017-02-24.bag;0.834065854549408;0.0;0.9619645476341248;0.0;2.403604411345348;0.40154782656644117;0.5984521734335588
1730780317.5103862;/app/bags/user95_2017-02-24.bag;0.834065854549408;0.0;0.9619645476341248;0.0;2.403604411345348;0.40154782656644117;0.5984521734335588
1730780317.7103832;/app/bags/user95_2017-02-24.bag;0.834065854549408;0.0;0.9619645476341248;0.0;2.403604411345348;0.40154782656644117;0.5984521734335588
1730780317.9103644;/app/bags/user95_2017-02-24.bag;0.834065854549408;0.0;0.9619645476341248;0.0;2.403604411345348;0.40154782656644117;0.5984521734335588
1730780318.1104467;/app/bags/user95_2017-02-24.bag;0.834065854549408;0.0;0.9619645476341248;0.0;2.403604411345348;0.40154782656644117;0.5984521734335588
1730780318.3103743;/app/bags/user95_2017-02-24.bag;0.834065854549408;0.0;0.9619645476341248;0.0;2.403604411345348;0.40154782656644117;0.5984521734335588
1730780318.5103455;/app/bags/user95_2017-02-24.bag;0.834065854549408;0.0;0.9619645476341248;0.0;2.403604411345348;0.40154782656644117;0.5984521734335588
1730780318.710396;/app/bags/user95_2017-02-24.bag;0.834065854549408;0.0;0.9619645476341248;0.0;2.403604411345348;0.40154782656644117;0.5984521734335588
1730780318.9104018;/app/bags/user95_2017-02-24.bag;0.834065854549408;0.0;0.9619645476341248;0.0;2.403604411345348;0.40154782656644117;0.5984521734335588
1730780319.1103659;/app/bags/user95_2017-02-24.bag;0.834065854549408;0.0;0.9619645476341248;0.0;2.403604411345348;0.40154782656644117;0.5984521734335588
1730780319.3103955;/app/bags/user95_2017-02-24.bag;0.834065854549408;0.0;0.9619645476341248;0.0;2.403604411345348;0.40154782656644117;0.5984521734335588
1730780319.5103943;/app/bags/user95_2017-02-24.bag;0.834065854549408;0.0;0.9619645476341248;0.0;2.403604411345348;0.40154782656644117;0.5984521734335588
1730780319.7104106;/app/bags/user95_2017-02-24.bag;0.834065854549408;0.0;0.9619645476341248;0.0;2.403604411345348;0.40154782656644117;0.5984521734335588
1730780319.9103615;/app/bags/user95_2017-02-24.bag;0.834065854549408;0.0;0.9619645476341248;0.0;2.403604411345348;0.40154782656644117;0.5984521734335588
1730780320.1103783;/app/bags/user95_2017-02-24.bag;0.834065854549408;0.0;0.9619645476341248;0.0;2.403604411345348;0.40154782656644117;0.5984521734335588
1730780320.310358;/app/bags/user95_2017-02-24.bag;0.834065854549408;0.0;0.9619645476341248;0.0;2.403604411345348;0.40154782656644117;0.5984521734335588
1730780320.5103774;/app/bags/user95_2017-02-24.bag;0.834065854549408;0.0;0.9619645476341248;0.0;2.403604411345348;0.40154782656644117;0.5984521734335588
1730780320.710375;/app/bags/user95_2017-02-24.bag;0.834065854549408;0.0;0.9619645476341248;0.0;2.403604411345348;0.40154782656644117;0.5984521734335588
1730780320.910392;/app/bags/user95_2017-02-24.bag;0.834065854549408;0.0;0.9619645476341248;0.0;2.403604411345348;0.40154782656644117;0.5984521734335588
1730780321.1103957;/app/bags/user95_2017-02-24.bag;0.834065854549408;0.0;0.9619645476341248;0.0;2.403604411345348;0.40154782656644117;0.5984521734335588
1730780321.3104339;/app/bags/user95_2017-02-24.bag;0.834065854549408;0.0;0.9619645476341248;0.0;2.403604411345348;0.40154782656644117;0.5984521734335588
1730780321.5104132;/app/bags/user95_2017-02-24.bag;0.834065854549408;0.0;0.9619645476341248;0.0;2.403604411345348;0.40154782656644117;0.5984521734335588
1730780321.7103884;/app/bags/user95_2017-02-24.bag;0.834065854549408;0.0;0.9619645476341248;0.0;2.403604411345348;0.40154782656644117;0.5984521734335588
1730780321.9103837;/app/bags/user95_2017-02-24.bag;0.834065854549408;0.0;0.9619645476341248;0.0;2.403604411345348;0.40154782656644117;0.5984521734335588
1730780322.110389;/app/bags/user95_2017-02-24.bag;0.834065854549408;0.0;0.9619645476341248;0.0;2.403604411345348;0.40154782656644117;0.5984521734335588
1730780322.3103902;/app/bags/user95_2017-02-24.bag;0.834065854549408;0.0;0.9619645476341248;0.0;2.403604411345348;0.40154782656644117;0.5984521734335588
1730780322.5103924;/app/bags/user95_2017-02-24.bag;0.834065854549408;0.0;0.9619645476341248;0.0;2.403604411345348;0.40154782656644117;0.5984521734335588
1730780322.7103877;/app/bags/user95_2017-02-24.bag;0.834065854549408;0.0;0.9619645476341248;0.0;2.403604411345348;0.40154782656644117;0.5984521734335588
1730780322.9103873;/app/bags/user95_2017-02-24.bag;0.834065854549408;0.0;0.9619645476341248;0.0;2.403604411345348;0.40154782656644117;0.5984521734335588
1730780323.1104422;/app/bags/user95_2017-02-24.bag;0.834065854549408;0.0;0.9619645476341248;0.0;2.403604411345348;0.40154782656644117;0.5984521734335588
1730780323.3103929;/app/bags/user95_2017-02-24.bag;0.834065854549408;0.0;0.9619645476341248;0.0;2.403604411345348;0.40154782656644117;0.5984521734335588
1730780323.510386;/app/bags/user95_2017-02-24.bag;0.834065854549408;0.0;0.9619645476341248;0.0;2.403604411345348;0.40154782656644117;0.5984521734335588
1730780323.7103891;/app/bags/user95_2017-02-24.bag;0.834065854549408;0.0;0.9619645476341248;0.0;2.403604411345348;0.40154782656644117;0.5984521734335588
1730780323.910385;/app/bags/user95_2017-02-24.bag;0.834065854549408;0.0;0.9619645476341248;0.0;2.403604411345348;0.40154782656644117;0.5984521734335588
1730780324.1103914;/app/bags/user95_2017-02-24.bag;0.834065854549408;0.0;0.9619645476341248;0.0;2.403604411345348;0.40154782656644117;0.5984521734335588
1730780324.3104084;/app/bags/user95_2017-02-24.bag;0.834065854549408;0.0;0.9619645476341248;0.0;2.403604411345348;0.40154782656644117;0.5984521734335588
1730780324.510401;/app/bags/user95_2017-02-24.bag;0.834065854549408;0.0;0.9619645476341248;0.0;2.403604411345348;0.40154782656644117;0.5984521734335588
1730780324.7103899;/app/bags/user95_2017-02-24.bag;0.834065854549408;0.0;0.9619645476341248;0.0;2.403604411345348;0.40154782656644117;0.5984521734335588
1730780324.9103615;/app/bags/user95_2017-02-24.bag;0.834065854549408;0.0;0.9619645476341248;0.0;2.403604411345348;0.40154782656644117;0.5984521734335588
1730780325.1104622;/app/bags/user95_2017-02-24.bag;0.834065854549408;0.0;0.9619645476341248;0.0;2.403604411345348;0.40154782656644117;0.5984521734335588
1730780325.310397;/app/bags/user95_2017-02-24.bag;0.834065854549408;0.0;0.9619645476341248;0.0;2.403604411345348;0.40154782656644117;0.5984521734335588
1730780325.5104473;/app/bags/user95_2017-02-24.bag;0.834065854549408;0.0;0.9619645476341248;0.0;2.403604411345348;0.40154782656644117;0.5984521734335588
1730780325.710437;/app/bags/user95_2017-02-24.bag;0.834065854549408;0.0;0.9619645476341248;0.0;2.403604411345348;0.40154782656644117;0.5984521734335588
1730780325.9104826;/app/bags/user95_2017-02-24.bag;0.834065854549408;0.0;0.9619645476341248;0.0;2.403604411345348;0.40154782656644117;0.5984521734335588
1730780326.1103783;/app/bags/user95_2017-02-24.bag;0.834065854549408;0.0;0.9619645476341248;0.0;2.403604411345348;0.40154782656644117;0.5984521734335588
1730780326.3103838;/app/bags/user95_2017-02-24.bag;0.834065854549408;0.0;0.9619645476341248;0.0;2.403604411345348;0.40154782656644117;0.5984521734335588
1730780326.5104125;/app/bags/user95_2017-02-24.bag;0.834065854549408;0.0;0.9619645476341248;0.0;2.403604411345348;0.40154782656644117;0.5984521734335588
1730780326.7103984;/app/bags/user95_2017-02-24.bag;0.834065854549408;0.0;0.9619645476341248;0.0;2.403604411345348;0.40154782656644117;0.5984521734335588
1730780326.9104185;/app/bags/user95_2017-02-24.bag;0.834065854549408;0.0;0.9619645476341248;0.0;2.403604411345348;0.40154782656644117;0.5984521734335588
1730780327.11038;/app/bags/user95_2017-02-24.bag;0.834065854549408;0.0;0.9619645476341248;0.0;2.403604411345348;0.40154782656644117;0.5984521734335588
1730780327.3104408;/app/bags/user95_2017-02-24.bag;0.834065854549408;0.0;0.9619645476341248;0.0;2.403604411345348;0.40154782656644117;0.5984521734335588
1730780327.5103698;/app/bags/user95_2017-02-24.bag;0.834065854549408;0.0;0.9619645476341248;0.0;2.403604411345348;0.40154782656644117;0.5984521734335588
1730780327.7103877;/app/bags/user95_2017-02-24.bag;0.834065854549408;0.0;0.9619645476341248;0.0;2.403604411345348;0.40154782656644117;0.5984521734335588
1730780327.9103878;/app/bags/user95_2017-02-24.bag;0.834065854549408;0.0;0.9619645476341248;0.0;2.403604411345348;0.40154782656644117;0.5984521734335588
1730780328.1103847;/app/bags/user95_2017-02-24.bag;0.834065854549408;0.0;0.9619645476341248;0.0;2.403604411345348;0.40154782656644117;0.5984521734335588
1730780328.3103762;/app/bags/user95_2017-02-24.bag;0.834065854549408;0.0;0.9619645476341248;0.0;2.403604411345348;0.40154782656644117;0.5984521734335588
1730780328.5103705;/app/bags/user95_2017-02-24.bag;0.834065854549408;0.0;0.9619645476341248;0.0;2.403604411345348;0.40154782656644117;0.5984521734335588
1730780328.7103877;/app/bags/user95_2017-02-24.bag;0.834065854549408;0.0;0.9619645476341248;0.0;2.403604411345348;0.40154782656644117;0.5984521734335588
1730780328.9103472;/app/bags/user95_2017-02-24.bag;0.834065854549408;0.0;0.9619645476341248;0.0;2.403604411345348;0.40154782656644117;0.5984521734335588
1730780329.1103935;/app/bags/user95_2017-02-24.bag;0.834065854549408;0.0;0.9619645476341248;0.0;2.403604411345348;0.40154782656644117;0.5984521734335588
1730780329.310359;/app/bags/user95_2017-02-24.bag;0.834065854549408;0.0;0.9619645476341248;0.0;2.403604411345348;0.40154782656644117;0.5984521734335588
1730780329.510396;/app/bags/user95_2017-02-24.bag;0.834065854549408;0.0;0.9619645476341248;0.0;2.403604411345348;0.40154782656644117;0.5984521734335588
1730780329.710391;/app/bags/user95_2017-02-24.bag;0.834065854549408;0.0;0.9619645476341248;0.0;2.403604411345348;0.40154782656644117;0.5984521734335588
1730780329.9104226;/app/bags/user95_2017-02-24.bag;0.834065854549408;0.0;0.9619645476341248;0.0;2.403604411345348;0.40154782656644117;0.5984521734335588
1730780330.1103833;/app/bags/user95_2017-02-24.bag;0.834065854549408;0.0;0.9619645476341248;0.0;2.403604411345348;0.40154782656644117;0.5984521734335588
1730780330.3103907;/app/bags/user95_2017-02-24.bag;0.834065854549408;0.0;0.9619645476341248;0.0;2.403604411345348;0.40154782656644117;0.5984521734335588
1730780330.5103674;/app/bags/user95_2017-02-24.bag;0.834065854549408;0.0;0.9619645476341248;0.0;2.403604411345348;0.40154782656644117;0.5984521734335588
1730780330.7104337;/app/bags/user95_2017-02-24.bag;0.834065854549408;0.0;0.9619645476341248;0.0;2.403604411345348;0.40154782656644117;0.5984521734335588
1730780330.9104671;/app/bags/user95_2017-02-24.bag;0.834065854549408;0.0;0.9619645476341248;0.0;2.403604411345348;0.40154782656644117;0.5984521734335588
1730780331.110419;/app/bags/user95_2017-02-24.bag;0.834065854549408;0.0;0.9619645476341248;0.0;2.403604411345348;0.40154782656644117;0.5984521734335588
1730780331.3103878;/app/bags/user95_2017-02-24.bag;0.834065854549408;0.0;0.9619645476341248;0.0;2.403604411345348;0.40154782656644117;0.5984521734335588
1730780331.5104337;/app/bags/user95_2017-02-24.bag;0.834065854549408;0.0;0.9619645476341248;0.0;2.403604411345348;0.40154782656644117;0.5984521734335588
1730780331.7104576;/app/bags/user95_2017-02-24.bag;0.834065854549408;0.0;0.9619645476341248;0.0;2.403604411345348;0.40154782656644117;0.5984521734335588
1730780331.9103854;/app/bags/user95_2017-02-24.bag;0.834065854549408;0.0;0.9619645476341248;0.0;2.403604411345348;0.40154782656644117;0.5984521734335588
1730780332.1104088;/app/bags/user95_2017-02-24.bag;0.834065854549408;0.0;0.9619645476341248;0.0;2.403604411345348;0.40154782656644117;0.5984521734335588
1730780332.3104603;/app/bags/user95_2017-02-24.bag;0.834065854549408;0.0;0.9619645476341248;0.0;2.403604411345348;0.40154782656644117;0.5984521734335588
1730780332.5103948;/app/bags/user95_2017-02-24.bag;0.834065854549408;0.0;0.9619645476341248;0.0;2.403604411345348;0.40154782656644117;0.5984521734335588
1730780332.7104082;/app/bags/user95_2017-02-24.bag;0.834065854549408;0.0;0.9619645476341248;0.0;2.403604411345348;0.40154782656644117;0.5984521734335588
1730780332.910395;/app/bags/user95_2017-02-24.bag;0.834065854549408;0.0;0.9619645476341248;0.0;2.403604411345348;0.40154782656644117;0.5984521734335588
1730780333.1104333;/app/bags/user95_2017-02-24.bag;0.834065854549408;0.0;0.9619645476341248;0.0;2.403604411345348;0.40154782656644117;0.5984521734335588
1730780333.3103397;/app/bags/user95_2017-02-24.bag;0.834065854549408;0.0;0.9619645476341248;0.0;2.403604411345348;0.40154782656644117;0.5984521734335588
1730780333.510343;/app/bags/user95_2017-02-24.bag;0.834065854549408;0.0;0.9619645476341248;0.0;2.403604411345348;0.40154782656644117;0.5984521734335588
1730780333.7103865;/app/bags/user95_2017-02-24.bag;0.834065854549408;0.0;0.9619645476341248;0.0;2.403604411345348;0.40154782656644117;0.5984521734335588
1730780333.910356;/app/bags/user95_2017-02-24.bag;0.834065854549408;0.0;0.9619645476341248;0.0;2.403604411345348;0.40154782656644117;0.5984521734335588
1730780334.1104503;/app/bags/user95_2017-02-24.bag;0.834065854549408;0.0;0.9619645476341248;0.0;2.403604411345348;0.40154782656644117;0.5984521734335588
1730780334.3104763;/app/bags/user95_2017-02-24.bag;0.834065854549408;0.0;0.9619645476341248;0.0;2.403604411345348;0.40154782656644117;0.5984521734335588
1730780334.5104103;/app/bags/user95_2017-02-24.bag;0.834065854549408;0.0;0.9619645476341248;0.0;2.403604411345348;0.40154782656644117;0.5984521734335588
1730780334.7103982;/app/bags/user95_2017-02-24.bag;0.834065854549408;0.0;0.9619645476341248;0.0;2.403604411345348;0.40154782656644117;0.5984521734335588
1730780334.9104166;/app/bags/user95_2017-02-24.bag;0.834065854549408;0.0;0.9619645476341248;0.0;2.403604411345348;0.40154782656644117;0.5984521734335588
1730780335.110395;/app/bags/user95_2017-02-24.bag;0.834065854549408;0.0;0.9619645476341248;0.0;2.403604411345348;0.40154782656644117;0.5984521734335588
1730780335.3103762;/app/bags/user95_2017-02-24.bag;0.834065854549408;0.0;0.9619645476341248;0.0;2.403604411345348;0.40154782656644117;0.5984521734335588
1730780335.5103734;/app/bags/user95_2017-02-24.bag;0.834065854549408;0.0;0.9619645476341248;0.0;2.403604411345348;0.40154782656644117;0.5984521734335588
1730780335.7103844;/app/bags/user95_2017-02-24.bag;0.834065854549408;0.0;0.9619645476341248;0.0;2.403604411345348;0.40154782656644117;0.5984521734335588
1730780335.9103978;/app/bags/user95_2017-02-24.bag;0.834065854549408;0.0;0.9619645476341248;0.0;2.403604411345348;0.40154782656644117;0.5984521734335588
1730780336.110417;/app/bags/user95_2017-02-24.bag;0.834065854549408;0.0;0.9619645476341248;0.0;2.403604411345348;0.40154782656644117;0.5984521734335588
1730780336.3104112;/app/bags/user95_2017-02-24.bag;0.834065854549408;0.0;0.9619645476341248;0.0;2.403604411345348;0.40154782656644117;0.5984521734335588
1730780336.5103924;/app/bags/user95_2017-02-24.bag;0.834065854549408;0.0;0.9619645476341248;0.0;2.403604411345348;0.40154782656644117;0.5984521734335588
1730780336.7103705;/app/bags/user95_2017-02-24.bag;0.834065854549408;0.0;0.9619645476341248;0.0;2.403604411345348;0.40154782656644117;0.5984521734335588
1730780336.910403;/app/bags/user95_2017-02-24.bag;0.834065854549408;0.0;0.9619645476341248;0.0;2.403604411345348;0.40154782656644117;0.5984521734335588
1730780337.1104622;/app/bags/user95_2017-02-24.bag;0.834065854549408;0.0;0.9619645476341248;0.0;2.403604411345348;0.40154782656644117;0.5984521734335588
1730780337.3104322;/app/bags/user95_2017-02-24.bag;0.834065854549408;0.0;0.9619645476341248;0.0;2.403604411345348;0.40154782656644117;0.5984521734335588
1730780337.5103662;/app/bags/user95_2017-02-24.bag;0.834065854549408;0.0;0.9619645476341248;0.0;2.403604411345348;0.40154782656644117;0.5984521734335588
1730780337.7104065;/app/bags/user95_2017-02-24.bag;0.834065854549408;0.0;0.9619645476341248;0.0;2.403604411345348;0.40154782656644117;0.5984521734335588
1730780337.9104104;/app/bags/user95_2017-02-24.bag;0.834065854549408;0.0;0.9619645476341248;0.0;2.403604411345348;0.40154782656644117;0.5984521734335588
1730780338.1103866;/app/bags/user95_2017-02-24.bag;0.834065854549408;0.0;0.9619645476341248;0.0;2.403604411345348;0.40154782656644117;0.5984521734335588
1730780338.3104;/app/bags/user95_2017-02-24.bag;0.834065854549408;0.0;0.9619645476341248;0.0;2.403604411345348;0.40154782656644117;0.5984521734335588
1730780338.5103831;/app/bags/user95_2017-02-24.bag;0.834065854549408;0.0;0.9619645476341248;0.0;2.403604411345348;0.40154782656644117;0.5984521734335588
1730780338.7103803;/app/bags/user95_2017-02-24.bag;0.834065854549408;0.0;0.9619645476341248;0.0;2.403604411345348;0.40154782656644117;0.5984521734335588
1730780338.910393;/app/bags/user95_2017-02-24.bag;0.834065854549408;0.0;0.9619645476341248;0.0;2.403604411345348;0.40154782656644117;0.5984521734335588
1730780339.110457;/app/bags/user95_2017-02-24.bag;0.834065854549408;0.0;0.9619645476341248;0.0;2.403604411345348;0.40154782656644117;0.5984521734335588
1730780339.3103898;/app/bags/user95_2017-02-24.bag;0.834065854549408;0.0;0.9619645476341248;0.0;2.403604411345348;0.40154782656644117;0.5984521734335588
1730780339.5103807;/app/bags/user95_2017-02-24.bag;0.834065854549408;0.0;0.9619645476341248;0.0;2.403604411345348;0.40154782656644117;0.5984521734335588
1730780339.7104352;/app/bags/user95_2017-02-24.bag;0.834065854549408;0.0;0.9619645476341248;0.0;2.403604411345348;0.40154782656644117;0.5984521734335588
1730780339.9104304;/app/bags/user95_2017-02-24.bag;0.834065854549408;0.0;0.9619645476341248;0.0;2.403604411345348;0.40154782656644117;0.5984521734335588
1730780340.1103857;/app/bags/user95_2017-02-24.bag;0.834065854549408;0.0;0.9619645476341248;0.0;2.403604411345348;0.40154782656644117;0.5984521734335588
1730780340.3103724;/app/bags/user95_2017-02-24.bag;0.834065854549408;0.0;0.9619645476341248;0.0;2.403604411345348;0.40154782656644117;0.5984521734335588
1730780340.5103629;/app/bags/user95_2017-02-24.bag;0.834065854549408;0.0;0.9619645476341248;0.0;2.403604411345348;0.40154782656644117;0.5984521734335588
1730780340.7104132;/app/bags/user95_2017-02-24.bag;0.834065854549408;0.0;0.9619645476341248;0.0;2.403604411345348;0.40154782656644117;0.5984521734335588
1730780340.9103587;/app/bags/user95_2017-02-24.bag;0.834065854549408;0.0;0.9619645476341248;0.0;2.403604411345348;0.40154782656644117;0.5984521734335588
1730780341.1104622;/app/bags/user95_2017-02-24.bag;0.834065854549408;0.0;0.9619645476341248;0.0;2.403604411345348;0.40154782656644117;0.5984521734335588
1730780341.3104033;/app/bags/user95_2017-02-24.bag;0.834065854549408;0.0;0.9619645476341248;0.0;2.403604411345348;0.40154782656644117;0.5984521734335588
1730780341.5103934;/app/bags/user95_2017-02-24.bag;0.834065854549408;0.0;0.9619645476341248;0.0;2.403604411345348;0.40154782656644117;0.5984521734335588
1730780341.710401;/app/bags/user95_2017-02-24.bag;0.834065854549408;0.0;0.9619645476341248;0.0;2.403604411345348;0.40154782656644117;0.5984521734335588
1730780341.9104633;/app/bags/user95_2017-02-24.bag;0.834065854549408;0.0;0.9619645476341248;0.0;2.403604411345348;0.40154782656644117;0.5984521734335588
1730780342.1104426;/app/bags/user95_2017-02-24.bag;0.834065854549408;0.0;0.9619645476341248;0.0;2.403604411345348;0.40154782656644117;0.5984521734335588
1730780342.310387;/app/bags/user95_2017-02-24.bag;0.834065854549408;0.0;0.9619645476341248;0.0;2.403604411345348;0.40154782656644117;0.5984521734335588
1730780342.5104005;/app/bags/user95_2017-02-24.bag;0.834065854549408;0.0;0.9619645476341248;0.0;2.403604411345348;0.40154782656644117;0.5984521734335588
1730780342.7103562;/app/bags/user95_2017-02-24.bag;0.834065854549408;0.0;0.9619645476341248;0.0;2.403604411345348;0.40154782656644117;0.5984521734335588
1730780342.9104502;/app/bags/user95_2017-02-24.bag;0.834065854549408;0.0;0.9619645476341248;0.0;2.403604411345348;0.40154782656644117;0.5984521734335588
1730780343.1103687;/app/bags/user95_2017-02-24.bag;0.834065854549408;0.0;0.9619645476341248;0.0;2.403604411345348;0.40154782656644117;0.5984521734335588
1730780343.3104253;/app/bags/user95_2017-02-24.bag;0.834065854549408;0.0;0.9619645476341248;0.0;2.403604411345348;0.40154782656644117;0.5984521734335588
1730780343.510455;/app/bags/user95_2017-02-24.bag;0.834065854549408;0.0;0.9619645476341248;0.0;2.403604411345348;0.40154782656644117;0.5984521734335588
1730780343.7104223;/app/bags/user95_2017-02-24.bag;0.834065854549408;0.0;0.9619645476341248;0.0;2.403604411345348;0.40154782656644117;0.5984521734335588
1730780343.910418;/app/bags/user95_2017-02-24.bag;0.834065854549408;0.0;0.9619645476341248;0.0;2.403604411345348;0.40154782656644117;0.5984521734335588
1730780344.1103544;/app/bags/user95_2017-02-24.bag;0.834065854549408;0.0;0.9619645476341248;0.0;2.403604411345348;0.40154782656644117;0.5984521734335588
1730780344.31036;/app/bags/user95_2017-02-24.bag;0.834065854549408;0.0;0.9619645476341248;0.0;2.403604411345348;0.40154782656644117;0.5984521734335588
1730780344.5104237;/app/bags/user95_2017-02-24.bag;0.834065854549408;0.0;0.9619645476341248;0.0;2.403604411345348;0.40154782656644117;0.5984521734335588
1730780344.7103655;/app/bags/user95_2017-02-24.bag;0.834065854549408;0.0;0.9619645476341248;0.0;2.403604411345348;0.40154782656644117;0.5984521734335588
1730780344.9104276;/app/bags/user95_2017-02-24.bag;0.834065854549408;0.0;0.9619645476341248;0.0;2.403604411345348;0.40154782656644117;0.5984521734335588
1730780345.1103597;/app/bags/user95_2017-02-24.bag;0.834065854549408;0.0;0.9619645476341248;0.0;2.403604411345348;0.40154782656644117;0.5984521734335588
1730780345.310412;/app/bags/user95_2017-02-24.bag;0.834065854549408;0.0;0.9619645476341248;0.0;2.403604411345348;0.40154782656644117;0.5984521734335588
1730780345.510431;/app/bags/user95_2017-02-24.bag;0.834065854549408;0.0;0.9619645476341248;0.0;2.403604411345348;0.40154782656644117;0.5984521734335588
1730780345.7103662;/app/bags/user95_2017-02-24.bag;0.834065854549408;0.0;0.9619645476341248;0.0;2.403604411345348;0.40154782656644117;0.5984521734335588
1730780345.9104154;/app/bags/user95_2017-02-24.bag;0.834065854549408;0.0;0.9619645476341248;0.0;2.403604411345348;0.40154782656644117;0.5984521734335588
1730780346.1104045;/app/bags/user95_2017-02-24.bag;0.834065854549408;0.0;0.9619645476341248;0.0;2.403604411345348;0.40154782656644117;0.5984521734335588
1730780346.3103976;/app/bags/user95_2017-02-24.bag;0.834065854549408;0.0;0.9619645476341248;0.0;2.403604411345348;0.40154782656644117;0.5984521734335588
1730780346.5103703;/app/bags/user95_2017-02-24.bag;0.834065854549408;0.0;0.9619645476341248;0.0;2.403604411345348;0.40154782656644117;0.5984521734335588
1730780346.7104182;/app/bags/user95_2017-02-24.bag;0.834065854549408;0.0;0.9619645476341248;0.0;2.403604411345348;0.40154782656644117;0.5984521734335588
1730780346.9103806;/app/bags/user95_2017-02-24.bag;0.834065854549408;0.0;0.9619645476341248;0.0;2.403604411345348;0.40154782656644117;0.5984521734335588
1730780347.1103919;/app/bags/user95_2017-02-24.bag;0.834065854549408;0.0;0.9619645476341248;0.0;2.403604411345348;0.40154782656644117;0.5984521734335588
1730780347.3104117;/app/bags/user95_2017-02-24.bag;0.834065854549408;0.0;0.9619645476341248;0.0;2.403604411345348;0.40154782656644117;0.5984521734335588
1730780347.5103855;/app/bags/user95_2017-02-24.bag;0.834065854549408;0.0;0.9619645476341248;0.0;2.403604411345348;0.40154782656644117;0.5984521734335588
1730780347.7103984;/app/bags/user95_2017-02-24.bag;0.834065854549408;0.0;0.9619645476341248;0.0;2.403604411345348;0.40154782656644117;0.5984521734335588
1730780347.9103763;/app/bags/user95_2017-02-24.bag;0.834065854549408;0.0;0.9619645476341248;0.0;2.403604411345348;0.40154782656644117;0.5984521734335588
1730780348.110393;/app/bags/user95_2017-02-24.bag;0.834065854549408;0.0;0.9619645476341248;0.0;2.403604411345348;0.40154782656644117;0.5984521734335588
1730780348.3103766;/app/bags/user95_2017-02-24.bag;0.834065854549408;0.0;0.9619645476341248;0.0;2.403604411345348;0.40154782656644117;0.5984521734335588
1730780348.5103688;/app/bags/user95_2017-02-24.bag;0.834065854549408;0.0;0.9619645476341248;0.0;2.403604411345348;0.40154782656644117;0.5984521734335588
1730780348.7103682;/app/bags/user95_2017-02-24.bag;0.834065854549408;0.0;0.9619645476341248;0.0;2.403604411345348;0.40154782656644117;0.5984521734335588
1730780348.910416;/app/bags/user95_2017-02-24.bag;0.834065854549408;0.0;0.9619645476341248;0.0;2.403604411345348;0.40154782656644117;0.5984521734335588
1730780349.1103792;/app/bags/user95_2017-02-24.bag;0.834065854549408;0.0;0.9619645476341248;0.0;2.403604411345348;0.40154782656644117;0.5984521734335588
1730780349.3104458;/app/bags/user95_2017-02-24.bag;0.834065854549408;0.0;0.9619645476341248;0.0;2.403604411345348;0.40154782656644117;0.5984521734335588
1730780349.5104585;/app/bags/user95_2017-02-24.bag;0.834065854549408;0.0;0.9619645476341248;0.0;2.403604411345348;0.40154782656644117;0.5984521734335588
1730780349.7103758;/app/bags/user95_2017-02-24.bag;0.834065854549408;0.0;0.9619645476341248;0.0;2.403604411345348;0.40154782656644117;0.5984521734335588
1730780349.9104183;/app/bags/user95_2017-02-24.bag;0.834065854549408;0.0;0.9619645476341248;0.0;2.403604411345348;0.40154782656644117;0.5984521734335588
1730780350.1103737;/app/bags/user95_2017-02-24.bag;0.834065854549408;0.0;0.9619645476341248;0.0;2.403604411345348;0.40154782656644117;0.5984521734335588
1730780350.3104267;/app/bags/user95_2017-02-24.bag;0.834065854549408;0.0;0.9619645476341248;0.0;2.403604411345348;0.40154782656644117;0.5984521734335588
1730780350.5103946;/app/bags/user95_2017-02-24.bag;0.834065854549408;0.0;0.9619645476341248;0.0;2.403604411345348;0.40154782656644117;0.5984521734335588
1730780350.7103667;/app/bags/user95_2017-02-24.bag;0.834065854549408;0.0;0.9619645476341248;0.0;2.403604411345348;0.40154782656644117;0.5984521734335588
1730780350.9103758;/app/bags/user95_2017-02-24.bag;0.834065854549408;0.0;0.9619645476341248;0.0;2.403604411345348;0.40154782656644117;0.5984521734335588
1730780351.110421;/app/bags/user95_2017-02-24.bag;0.834065854549408;0.0;0.9619645476341248;0.0;2.403604411345348;0.40154782656644117;0.5984521734335588
1730780351.3103988;/app/bags/user95_2017-02-24.bag;0.834065854549408;0.0;0.9619645476341248;0.0;2.403604411345348;0.40154782656644117;0.5984521734335588
1730780351.5103867;/app/bags/user95_2017-02-24.bag;0.834065854549408;0.0;0.9619645476341248;0.0;2.403604411345348;0.40154782656644117;0.5984521734335588
1730780351.7104235;/app/bags/user95_2017-02-24.bag;0.834065854549408;0.0;0.9619645476341248;0.0;2.403604411345348;0.40154782656644117;0.5984521734335588
1730780351.910356;/app/bags/user95_2017-02-24.bag;0.834065854549408;0.0;0.9619645476341248;0.0;2.403604411345348;0.40154782656644117;0.5984521734335588
1730780352.1103709;/app/bags/user95_2017-02-24.bag;0.834065854549408;0.0;0.9619645476341248;0.0;2.403604411345348;0.40154782656644117;0.5984521734335588
1730780352.3104603;/app/bags/user95_2017-02-24.bag;0.834065854549408;0.0;0.9619645476341248;0.0;2.403604411345348;0.40154782656644117;0.5984521734335588
1730780352.510422;/app/bags/user95_2017-02-24.bag;0.834065854549408;0.0;0.9619645476341248;0.0;2.403604411345348;0.40154782656644117;0.5984521734335588
1730780352.7104092;/app/bags/user95_2017-02-24.bag;0.834065854549408;0.0;0.9619645476341248;0.0;2.403604411345348;0.40154782656644117;0.5984521734335588
1730780352.9102182;/app/bags/user95_2017-02-24.bag;0.834065854549408;0.0;0.9619645476341248;0.0;2.403604411345348;0.40154782656644117;0.5984521734335588
1730780353.1104064;/app/bags/user95_2017-02-24.bag;0.834065854549408;0.0;0.9619645476341248;0.0;2.403604411345348;0.40154782656644117;0.5984521734335588
1730780353.3103738;/app/bags/user95_2017-02-24.bag;0.834065854549408;0.0;0.9619645476341248;0.0;2.403604411345348;0.40154782656644117;0.5984521734335588
1730780353.5104673;/app/bags/user95_2017-02-24.bag;0.834065854549408;0.0;0.9619645476341248;0.0;2.403604411345348;0.40154782656644117;0.5984521734335588
1730780353.7103968;/app/bags/user95_2017-02-24.bag;0.834065854549408;0.0;0.9619645476341248;0.0;2.403604411345348;0.40154782656644117;0.5984521734335588
1730780353.9104598;/app/bags/user95_2017-02-24.bag;0.834065854549408;0.0;0.9619645476341248;0.0;2.403604411345348;0.40154782656644117;0.5984521734335588
1730780354.1103797;/app/bags/user95_2017-02-24.bag;0.834065854549408;0.0;0.9619645476341248;0.0;2.403604411345348;0.40154782656644117;0.5984521734335588
1730780354.310417;/app/bags/user95_2017-02-24.bag;0.834065854549408;0.0;0.9619645476341248;0.0;2.403604411345348;0.40154782656644117;0.5984521734335588
1730780354.5104153;/app/bags/user95_2017-02-24.bag;0.834065854549408;0.0;0.9619645476341248;0.0;2.403604411345348;0.40154782656644117;0.5984521734335588
1730780354.710383;/app/bags/user95_2017-02-24.bag;0.834065854549408;0.0;0.9619645476341248;0.0;2.403604411345348;0.40154782656644117;0.5984521734335588
1730780354.9103558;/app/bags/user95_2017-02-24.bag;0.834065854549408;0.0;0.9619645476341248;0.0;2.403604411345348;0.40154782656644117;0.5984521734335588
1730780355.1103961;/app/bags/user95_2017-02-24.bag;0.834065854549408;0.0;0.9619645476341248;0.0;2.403604411345348;0.40154782656644117;0.5984521734335588
1730780355.310369;/app/bags/user95_2017-02-24.bag;0.834065854549408;0.0;0.9619645476341248;0.0;2.403604411345348;0.40154782656644117;0.5984521734335588
1730780355.5103858;/app/bags/user95_2017-02-24.bag;0.834065854549408;0.0;0.9619645476341248;0.0;2.403604411345348;0.40154782656644117;0.5984521734335588
1730780355.7103946;/app/bags/user95_2017-02-24.bag;0.834065854549408;0.0;0.9619645476341248;0.0;2.403604411345348;0.40154782656644117;0.5984521734335588
1730780355.910385;/app/bags/user95_2017-02-24.bag;0.834065854549408;0.0;0.9619645476341248;0.0;2.403604411345348;0.40154782656644117;0.5984521734335588
1730780356.1103642;/app/bags/user95_2017-02-24.bag;0.834065854549408;0.0;0.9619645476341248;0.0;2.403604411345348;0.40154782656644117;0.5984521734335588
1730780356.3103874;/app/bags/user95_2017-02-24.bag;0.834065854549408;0.0;0.9619645476341248;0.0;2.403604411345348;0.40154782656644117;0.5984521734335588
1730780356.5104148;/app/bags/user95_2017-02-24.bag;0.834065854549408;0.0;0.9619645476341248;0.0;2.403604411345348;0.40154782656644117;0.5984521734335588
1730780356.7104316;/app/bags/user95_2017-02-24.bag;0.834065854549408;0.0;0.9619645476341248;0.0;2.403604411345348;0.40154782656644117;0.5984521734335588
1730780356.910382;/app/bags/user95_2017-02-24.bag;0.834065854549408;0.0;0.9619645476341248;0.0;2.403604411345348;0.40154782656644117;0.5984521734335588
1730780357.110468;/app/bags/user95_2017-02-24.bag;0.834065854549408;0.0;0.9619645476341248;0.0;2.403604411345348;0.40154782656644117;0.5984521734335588
1730780357.3105223;/app/bags/user95_2017-02-24.bag;0.834065854549408;0.0;0.9619645476341248;0.0;2.403604411345348;0.40154782656644117;0.5984521734335588
1730780357.5103881;/app/bags/user95_2017-02-24.bag;0.834065854549408;0.0;0.9619645476341248;0.0;2.403604411345348;0.40154782656644117;0.5984521734335588
1730780357.7103837;/app/bags/user95_2017-02-24.bag;0.834065854549408;0.0;0.9619645476341248;0.0;2.403604411345348;0.40154782656644117;0.5984521734335588
1730780357.9104264;/app/bags/user95_2017-02-24.bag;0.834065854549408;0.0;0.9619645476341248;0.0;2.403604411345348;0.40154782656644117;0.5984521734335588
1730780358.1104236;/app/bags/user95_2017-02-24.bag;0.834065854549408;0.0;0.9619645476341248;0.0;2.403604411345348;0.40154782656644117;0.5984521734335588
1730780358.3103886;/app/bags/user95_2017-02-24.bag;0.834065854549408;0.0;0.9619645476341248;0.0;2.403604411345348;0.40154782656644117;0.5984521734335588
1730780358.5104206;/app/bags/user95_2017-02-24.bag;0.834065854549408;0.0;0.9619645476341248;0.0;2.403604411345348;0.40154782656644117;0.5984521734335588
1730780358.710401;/app/bags/user95_2017-02-24.bag;0.834065854549408;0.0;0.9619645476341248;0.0;2.403604411345348;0.40154782656644117;0.5984521734335588
1730780358.9104037;/app/bags/user95_2017-02-24.bag;0.834065854549408;0.0;0.9619645476341248;0.0;2.403604411345348;0.40154782656644117;0.5984521734335588
1730780359.1103997;/app/bags/user95_2017-02-24.bag;0.834065854549408;0.0;0.9619645476341248;0.0;2.403604411345348;0.40154782656644117;0.5984521734335588
1730780359.3103616;/app/bags/user95_2017-02-24.bag;0.834065854549408;0.0;0.9619645476341248;0.0;2.403604411345348;0.40154782656644117;0.5984521734335588
1730780359.5103943;/app/bags/user95_2017-02-24.bag;0.834065854549408;0.0;0.9619645476341248;0.0;2.403604411345348;0.40154782656644117;0.5984521734335588
1730780359.7104301;/app/bags/user95_2017-02-24.bag;0.834065854549408;0.0;0.9619645476341248;0.0;2.403604411345348;0.40154782656644117;0.5984521734335588
1730780359.910425;/app/bags/user95_2017-02-24.bag;0.834065854549408;0.0;0.9619645476341248;0.0;2.403604411345348;0.40154782656644117;0.5984521734335588
1730780360.110405;/app/bags/user95_2017-02-24.bag;0.834065854549408;0.0;0.9619645476341248;0.0;2.403604411345348;0.40154782656644117;0.5984521734335588
1730780360.3103683;/app/bags/user95_2017-02-24.bag;0.834065854549408;0.0;0.9619645476341248;0.0;2.403604411345348;0.40154782656644117;0.5984521734335588
1730780360.5103855;/app/bags/user95_2017-02-24.bag;0.834065854549408;0.0;0.9619645476341248;0.0;2.403604411345348;0.40154782656644117;0.5984521734335588
1730780360.7103846;/app/bags/user95_2017-02-24.bag;0.834065854549408;0.0;0.9619645476341248;0.0;2.403604411345348;0.40154782656644117;0.5984521734335588
1730780360.910409;/app/bags/user95_2017-02-24.bag;0.834065854549408;0.0;0.9619645476341248;0.0;2.403604411345348;0.40154782656644117;0.5984521734335588
1730780361.1104374;/app/bags/user95_2017-02-24.bag;0.834065854549408;0.0;0.9619645476341248;0.0;2.403604411345348;0.40154782656644117;0.5984521734335588
1730780361.3103962;/app/bags/user95_2017-02-24.bag;0.834065854549408;0.0;0.9619645476341248;0.0;2.403604411345348;0.40154782656644117;0.5984521734335588
1730780361.5103757;/app/bags/user95_2017-02-24.bag;0.834065854549408;0.0;0.9619645476341248;0.0;2.403604411345348;0.40154782656644117;0.5984521734335588
1730780361.7103796;/app/bags/user95_2017-02-24.bag;0.834065854549408;0.0;0.9619645476341248;0.0;2.403604411345348;0.40154782656644117;0.5984521734335588
1730780361.910443;/app/bags/user95_2017-02-24.bag;0.834065854549408;0.0;0.9619645476341248;0.0;2.403604411345348;0.40154782656644117;0.5984521734335588
1730780362.110388;/app/bags/user95_2017-02-24.bag;0.834065854549408;0.0;0.9619645476341248;0.0;2.403604411345348;0.40154782656644117;0.5984521734335588
1730780362.3104048;/app/bags/user95_2017-02-24.bag;0.834065854549408;0.0;0.9619645476341248;0.0;2.403604411345348;0.40154782656644117;0.5984521734335588
1730780362.5103943;/app/bags/user95_2017-02-24.bag;0.834065854549408;0.0;0.9619645476341248;0.0;2.403604411345348;0.40154782656644117;0.5984521734335588
1730780362.7103822;/app/bags/user95_2017-02-24.bag;0.834065854549408;0.0;0.9619645476341248;0.0;2.403604411345348;0.40154782656644117;0.5984521734335588
1730780362.9103777;/app/bags/user95_2017-02-24.bag;0.834065854549408;0.0;0.9619645476341248;0.0;2.403604411345348;0.40154782656644117;0.5984521734335588
1730780363.110379;/app/bags/user95_2017-02-24.bag;0.834065854549408;0.0;0.9619645476341248;0.0;2.403604411345348;0.40154782656644117;0.5984521734335588
1730780363.3103766;/app/bags/user95_2017-02-24.bag;0.834065854549408;0.0;0.9619645476341248;0.0;2.403604411345348;0.40154782656644117;0.5984521734335588
1730780363.510388;/app/bags/user95_2017-02-24.bag;0.834065854549408;0.0;0.9619645476341248;0.0;2.403604411345348;0.40154782656644117;0.5984521734335588
1730780363.710496;/app/bags/user95_2017-02-24.bag;0.834065854549408;0.0;0.9619645476341248;0.0;2.403604411345348;0.40154782656644117;0.5984521734335588
1730780363.9104133;/app/bags/user95_2017-02-24.bag;0.834065854549408;0.0;0.9619645476341248;0.0;2.403604411345348;0.40154782656644117;0.5984521734335588
1730780364.1104028;/app/bags/user95_2017-02-24.bag;0.834065854549408;0.0;0.9619645476341248;0.0;2.403604411345348;0.40154782656644117;0.5984521734335588
1730780364.3103726;/app/bags/user95_2017-02-24.bag;0.834065854549408;0.0;0.9619645476341248;0.0;2.403604411345348;0.40154782656644117;0.5984521734335588
1730780364.5104542;/app/bags/user95_2017-02-24.bag;0.834065854549408;0.0;0.9619645476341248;0.0;2.403604411345348;0.40154782656644117;0.5984521734335588
1730780364.7103827;/app/bags/user95_2017-02-24.bag;0.834065854549408;0.0;0.9619645476341248;0.0;2.403604411345348;0.40154782656644117;0.5984521734335588
1730780364.9104087;/app/bags/user95_2017-02-24.bag;0.834065854549408;0.0;0.9619645476341248;0.0;2.403604411345348;0.40154782656644117;0.5984521734335588
1730780365.1104205;/app/bags/user95_2017-02-24.bag;0.834065854549408;0.0;0.9619645476341248;0.0;2.403604411345348;0.40154782656644117;0.5984521734335588
1730780365.3103423;/app/bags/user95_2017-02-24.bag;0.834065854549408;0.0;0.9619645476341248;0.0;2.403604411345348;0.40154782656644117;0.5984521734335588
1730780365.5104322;/app/bags/user95_2017-02-24.bag;0.834065854549408;0.0;0.9619645476341248;0.0;2.403604411345348;0.40154782656644117;0.5984521734335588
1730780365.7103908;/app/bags/user95_2017-02-24.bag;0.834065854549408;0.0;0.9619645476341248;0.0;2.403604411345348;0.40154782656644117;0.5984521734335588
1730780365.9104135;/app/bags/user95_2017-02-24.bag;0.834065854549408;0.0;0.9619645476341248;0.0;2.403604411345348;0.40154782656644117;0.5984521734335588
1730780366.1103988;/app/bags/user95_2017-02-24.bag;0.834065854549408;0.0;0.9619645476341248;0.0;2.403604411345348;0.40154782656644117;0.5984521734335588
1730780366.3103933;/app/bags/user95_2017-02-24.bag;0.834065854549408;0.0;0.9619645476341248;0.0;2.403604411345348;0.40154782656644117;0.5984521734335588
1730780366.5103822;/app/bags/user95_2017-02-24.bag;0.834065854549408;0.0;0.9619645476341248;0.0;2.403604411345348;0.40154782656644117;0.5984521734335588
1730780366.7103798;/app/bags/user95_2017-02-24.bag;0.834065854549408;0.0;0.9619645476341248;0.0;2.403604411345348;0.40154782656644117;0.5984521734335588
1730780366.9104478;/app/bags/user95_2017-02-24.bag;0.834065854549408;0.0;0.9619645476341248;0.0;2.403604411345348;0.40154782656644117;0.5984521734335588
1730780367.1103761;/app/bags/user95_2017-02-24.bag;0.834065854549408;0.0;0.9619645476341248;0.0;2.403604411345348;0.40154782656644117;0.5984521734335588
1730780367.3104396;/app/bags/user95_2017-02-24.bag;0.834065854549408;0.0;0.9619645476341248;0.0;2.403604411345348;0.40154782656644117;0.5984521734335588
1730780367.5103855;/app/bags/user95_2017-02-24.bag;0.834065854549408;0.0;0.9619645476341248;0.0;2.403604411345348;0.40154782656644117;0.5984521734335588
1730780367.7104027;/app/bags/user95_2017-02-24.bag;0.834065854549408;0.0;0.9619645476341248;0.0;2.403604411345348;0.40154782656644117;0.5984521734335588
1730780367.910396;/app/bags/user95_2017-02-24.bag;0.834065854549408;0.0;0.9619645476341248;0.0;2.403604411345348;0.40154782656644117;0.5984521734335588
1730780368.110382;/app/bags/user95_2017-02-24.bag;0.834065854549408;0.0;0.9619645476341248;0.0;2.403604411345348;0.40154782656644117;0.5984521734335588
1730780368.3103857;/app/bags/user95_2017-02-24.bag;0.834065854549408;0.0;0.9619645476341248;0.0;2.403604411345348;0.40154782656644117;0.5984521734335588
1730780368.5103648;/app/bags/user95_2017-02-24.bag;0.834065854549408;0.0;0.9619645476341248;0.0;2.403604411345348;0.40154782656644117;0.5984521734335588
1730780368.7104235;/app/bags/user95_2017-02-24.bag;0.834065854549408;0.0;0.9619645476341248;0.0;2.403604411345348;0.40154782656644117;0.5984521734335588
1730780368.9103804;/app/bags/user95_2017-02-24.bag;0.834065854549408;0.0;0.9619645476341248;0.0;2.403604411345348;0.40154782656644117;0.5984521734335588
1730780369.1104226;/app/bags/user95_2017-02-24.bag;0.834065854549408;0.0;0.9619645476341248;0.0;2.403604411345348;0.40154782656644117;0.5984521734335588
1730780369.3103962;/app/bags/user95_2017-02-24.bag;0.834065854549408;0.0;0.9619645476341248;0.0;2.403604411345348;0.40154782656644117;0.5984521734335588
1730780369.510414;/app/bags/user95_2017-02-24.bag;0.834065854549408;0.0;0.9619645476341248;0.0;2.403604411345348;0.40154782656644117;0.5984521734335588
1730780369.710554;/app/bags/user95_2017-02-24.bag;0.834065854549408;0.0;0.9619645476341248;0.0;2.403604411345348;0.40154782656644117;0.5984521734335588
1730780369.9103794;/app/bags/user95_2017-02-24.bag;0.834065854549408;0.0;0.9619645476341248;0.0;2.403604411345348;0.40154782656644117;0.5984521734335588
1730780370.1104457;/app/bags/user95_2017-02-24.bag;0.834065854549408;0.0;0.9619645476341248;0.0;2.403604411345348;0.40154782656644117;0.5984521734335588
1730780370.3103955;/app/bags/user95_2017-02-24.bag;0.834065854549408;0.0;0.9619645476341248;0.0;2.403604411345348;0.40154782656644117;0.5984521734335588
1730780370.5103698;/app/bags/user95_2017-02-24.bag;0.834065854549408;0.0;0.9619645476341248;0.0;2.403604411345348;0.40154782656644117;0.5984521734335588
1730780370.710359;/app/bags/user95_2017-02-24.bag;0.834065854549408;0.0;0.9619645476341248;0.0;2.403604411345348;0.40154782656644117;0.5984521734335588
1730780370.9103968;/app/bags/user95_2017-02-24.bag;0.834065854549408;0.0;0.9619645476341248;0.0;2.403604411345348;0.40154782656644117;0.5984521734335588
1730780371.1103945;/app/bags/user95_2017-02-24.bag;0.834065854549408;0.0;0.9619645476341248;0.0;2.403604411345348;0.40154782656644117;0.5984521734335588
1730780371.3104274;/app/bags/user95_2017-02-24.bag;0.834065854549408;0.0;0.9619645476341248;0.0;2.403604411345348;0.40154782656644117;0.5984521734335588
1730780371.5104163;/app/bags/user95_2017-02-24.bag;0.834065854549408;0.0;0.9619645476341248;0.0;2.403604411345348;0.40154782656644117;0.5984521734335588
1730780371.7103772;/app/bags/user95_2017-02-24.bag;0.834065854549408;0.0;0.9619645476341248;0.0;2.403604411345348;0.40154782656644117;0.5984521734335588
1730780371.9103835;/app/bags/user95_2017-02-24.bag;0.834065854549408;0.0;0.9619645476341248;0.0;2.403604411345348;0.40154782656644117;0.5984521734335588
1730780372.1103694;/app/bags/user95_2017-02-24.bag;0.834065854549408;0.0;0.9619645476341248;0.0;2.403604411345348;0.40154782656644117;0.5984521734335588
1730780372.3103948;/app/bags/user95_2017-02-24.bag;0.834065854549408;0.0;0.9619645476341248;0.0;2.403604411345348;0.40154782656644117;0.5984521734335588
1730780372.510394;/app/bags/user95_2017-02-24.bag;0.834065854549408;0.0;0.9619645476341248;0.0;2.403604411345348;0.40154782656644117;0.5984521734335588
1730780372.7103937;/app/bags/user95_2017-02-24.bag;0.834065854549408;0.0;0.9619645476341248;0.0;2.403604411345348;0.40154782656644117;0.5984521734335588
1730780372.910414;/app/bags/user95_2017-02-24.bag;0.834065854549408;0.0;0.9619645476341248;0.0;2.403604411345348;0.40154782656644117;0.5984521734335588
1730780373.1104066;/app/bags/user95_2017-02-24.bag;0.834065854549408;0.0;0.9619645476341248;0.0;2.403604411345348;0.40154782656644117;0.5984521734335588
1730780373.3104022;/app/bags/user95_2017-02-24.bag;0.834065854549408;0.0;0.9619645476341248;0.0;2.403604411345348;0.40154782656644117;0.5984521734335588
1730780373.5104449;/app/bags/user95_2017-02-24.bag;0.834065854549408;0.0;0.9619645476341248;0.0;2.403604411345348;0.40154782656644117;0.5984521734335588
1730780373.710441;/app/bags/user95_2017-02-24.bag;0.834065854549408;0.0;0.9619645476341248;0.0;2.403604411345348;0.40154782656644117;0.5984521734335588
1730780373.9103708;/app/bags/user95_2017-02-24.bag;0.834065854549408;0.0;0.9619645476341248;0.0;2.403604411345348;0.40154782656644117;0.5984521734335588
1730780374.110374;/app/bags/user95_2017-02-24.bag;0.834065854549408;0.0;0.9619645476341248;0.0;2.403604411345348;0.40154782656644117;0.5984521734335588
1730780374.3103755;/app/bags/user95_2017-02-24.bag;0.834065854549408;0.0;0.9619645476341248;0.0;2.403604411345348;0.40154782656644117;0.5984521734335588
1730780374.5103648;/app/bags/user95_2017-02-24.bag;0.834065854549408;0.0;0.9619645476341248;0.0;2.403604411345348;0.40154782656644117;0.5984521734335588
1730780374.710382;/app/bags/user95_2017-02-24.bag;0.834065854549408;0.0;0.9619645476341248;0.0;2.403604411345348;0.40154782656644117;0.5984521734335588
1730780374.9104133;/app/bags/user95_2017-02-24.bag;0.834065854549408;0.0;0.9619645476341248;0.0;2.403604411345348;0.40154782656644117;0.5984521734335588
1730780375.1103935;/app/bags/user95_2017-02-24.bag;0.834065854549408;0.0;0.9619645476341248;0.0;2.403604411345348;0.40154782656644117;0.5984521734335588
1730780375.3103886;/app/bags/user95_2017-02-24.bag;0.834065854549408;0.0;0.9619645476341248;0.0;2.403604411345348;0.40154782656644117;0.5984521734335588
1730780375.5103865;/app/bags/user95_2017-02-24.bag;0.834065854549408;0.0;0.9619645476341248;0.0;2.403604411345348;0.40154782656644117;0.5984521734335588
1730780375.7103837;/app/bags/user95_2017-02-24.bag;0.834065854549408;0.0;0.9619645476341248;0.0;2.403604411345348;0.40154782656644117;0.5984521734335588
1730780375.9103909;/app/bags/user95_2017-02-24.bag;0.834065854549408;0.0;0.9619645476341248;0.0;2.403604411345348;0.40154782656644117;0.5984521734335588
1730780376.1103723;/app/bags/user95_2017-02-24.bag;0.834065854549408;0.0;0.9619645476341248;0.0;2.403604411345348;0.40154782656644117;0.5984521734335588
1730780376.3104036;/app/bags/user95_2017-02-24.bag;0.834065854549408;0.0;0.9619645476341248;0.0;2.403604411345348;0.40154782656644117;0.5984521734335588
1730780376.5103672;/app/bags/user95_2017-02-24.bag;0.834065854549408;0.0;0.9619645476341248;0.0;2.403604411345348;0.40154782656644117;0.5984521734335588
1730780376.710492;/app/bags/user95_2017-02-24.bag;0.834065854549408;0.0;0.9619645476341248;0.0;2.403604411345348;0.40154782656644117;0.5984521734335588
1730780376.9103923;/app/bags/user95_2017-02-24.bag;0.834065854549408;0.0;0.9619645476341248;0.0;2.403604411345348;0.40154782656644117;0.5984521734335588
1730780377.1104207;/app/bags/user95_2017-02-24.bag;0.834065854549408;0.0;0.9619645476341248;0.0;2.403604411345348;0.40154782656644117;0.5984521734335588
1730780377.3104203;/app/bags/user95_2017-02-24.bag;0.834065854549408;0.0;0.9619645476341248;0.0;2.403604411345348;0.40154782656644117;0.5984521734335588
1730780377.5103827;/app/bags/user95_2017-02-24.bag;0.834065854549408;0.0;0.9619645476341248;0.0;2.403604411345348;0.40154782656644117;0.5984521734335588
1730780377.7103724;/app/bags/user95_2017-02-24.bag;0.834065854549408;0.0;0.9619645476341248;0.0;2.403604411345348;0.40154782656644117;0.5984521734335588
1730780377.9104207;/app/bags/user95_2017-02-24.bag;0.834065854549408;0.0;0.9619645476341248;0.0;2.403604411345348;0.40154782656644117;0.5984521734335588
1730780378.1104124;/app/bags/user95_2017-02-24.bag;0.834065854549408;0.0;0.9619645476341248;0.0;2.403604411345348;0.40154782656644117;0.5984521734335588
1730780378.3103921;/app/bags/user95_2017-02-24.bag;0.834065854549408;0.0;0.9619645476341248;0.0;2.403604411345348;0.40154782656644117;0.5984521734335588
1730780378.5104885;/app/bags/user95_2017-02-24.bag;0.834065854549408;0.0;0.9619645476341248;0.0;2.403604411345348;0.40154782656644117;0.5984521734335588
1730780378.710439;/app/bags/user95_2017-02-24.bag;0.834065854549408;0.0;0.9619645476341248;0.0;2.403604411345348;0.40154782656644117;0.5984521734335588
1730780378.9103293;/app/bags/user95_2017-02-24.bag;0.834065854549408;0.0;0.9619645476341248;0.0;2.403604411345348;0.40154782656644117;0.5984521734335588
1730780379.1105092;/app/bags/user95_2017-02-24.bag;0.834065854549408;0.0;0.9619645476341248;0.0;2.403604411345348;0.40154782656644117;0.5984521734335588
1730780379.3103862;/app/bags/user95_2017-02-24.bag;0.834065854549408;0.0;0.9619645476341248;0.0;2.403604411345348;0.40154782656644117;0.5984521734335588
1730780379.510383;/app/bags/user95_2017-02-24.bag;0.834065854549408;0.0;0.9619645476341248;0.0;2.403604411345348;0.40154782656644117;0.5984521734335588
1730780379.710429;/app/bags/user95_2017-02-24.bag;0.834065854549408;0.0;0.9619645476341248;0.0;2.403604411345348;0.40154782656644117;0.5984521734335588
1730780379.9104378;/app/bags/user95_2017-02-24.bag;0.834065854549408;0.0;0.9619645476341248;0.0;2.403604411345348;0.40154782656644117;0.5984521734335588
1730780380.110399;/app/bags/user95_2017-02-24.bag;0.834065854549408;0.0;0.9619645476341248;0.0;2.403604411345348;0.40154782656644117;0.5984521734335588
1730780380.3103948;/app/bags/user95_2017-02-24.bag;0.834065854549408;0.0;0.9619645476341248;0.0;2.403604411345348;0.40154782656644117;0.5984521734335588
1730780380.5105405;/app/bags/user95_2017-02-24.bag;0.834065854549408;0.0;0.9619645476341248;0.0;2.403604411345348;0.40154782656644117;0.5984521734335588
1730780380.710382;/app/bags/user95_2017-02-24.bag;0.834065854549408;0.0;0.9619645476341248;0.0;2.403604411345348;0.40154782656644117;0.5984521734335588
1730780380.9103968;/app/bags/user95_2017-02-24.bag;0.834065854549408;0.0;0.9619645476341248;0.0;2.403604411345348;0.40154782656644117;0.5984521734335588
1730780381.1103551;/app/bags/user95_2017-02-24.bag;0.834065854549408;0.0;0.9619645476341248;0.0;2.403604411345348;0.40154782656644117;0.5984521734335588
1730780381.3104048;/app/bags/user95_2017-02-24.bag;0.834065854549408;0.0;0.9619645476341248;0.0;2.403604411345348;0.40154782656644117;0.5984521734335588
1730780381.5103776;/app/bags/user95_2017-02-24.bag;0.834065854549408;0.0;0.9619645476341248;0.0;2.403604411345348;0.40154782656644117;0.5984521734335588
1730780381.7103498;/app/bags/user95_2017-02-24.bag;0.834065854549408;0.0;0.9619645476341248;0.0;2.403604411345348;0.40154782656644117;0.5984521734335588
1730780381.9104192;/app/bags/user95_2017-02-24.bag;0.834065854549408;0.0;0.9619645476341248;0.0;2.403604411345348;0.40154782656644117;0.5984521734335588
1730780382.1103625;/app/bags/user95_2017-02-24.bag;0.834065854549408;0.0;0.9619645476341248;0.0;2.403604411345348;0.40154782656644117;0.5984521734335588
1730780382.3103418;/app/bags/user95_2017-02-24.bag;0.834065854549408;0.0;0.9619645476341248;0.0;2.403604411345348;0.40154782656644117;0.5984521734335588
1730780382.5103698;/app/bags/user95_2017-02-24.bag;0.834065854549408;0.0;0.9619645476341248;0.0;2.403604411345348;0.40154782656644117;0.5984521734335588
1730780382.710415;/app/bags/user95_2017-02-24.bag;0.834065854549408;0.0;0.9619645476341248;0.0;2.403604411345348;0.40154782656644117;0.5984521734335588
1730780382.9104438;/app/bags/user95_2017-02-24.bag;0.834065854549408;0.0;0.9619645476341248;0.0;2.403604411345348;0.40154782656644117;0.5984521734335588
1730780383.1103756;/app/bags/user95_2017-02-24.bag;0.834065854549408;0.0;0.9619645476341248;0.0;2.403604411345348;0.40154782656644117;0.5984521734335588
1730780383.3104203;/app/bags/user95_2017-02-24.bag;0.834065854549408;0.0;0.9619645476341248;0.0;2.403604411345348;0.40154782656644117;0.5984521734335588
1730780383.5103645;/app/bags/user95_2017-02-24.bag;0.834065854549408;0.0;0.9619645476341248;0.0;2.403604411345348;0.40154782656644117;0.5984521734335588
1730780383.7103722;/app/bags/user95_2017-02-24.bag;0.834065854549408;0.0;0.9619645476341248;0.0;2.403604411345348;0.40154782656644117;0.5984521734335588
1730780383.9104354;/app/bags/user95_2017-02-24.bag;0.834065854549408;0.0;0.9619645476341248;0.0;2.403604411345348;0.40154782656644117;0.5984521734335588
1730780384.11041;/app/bags/user95_2017-02-24.bag;0.834065854549408;0.0;0.9619645476341248;0.0;2.403604411345348;0.40154782656644117;0.5984521734335588
1730780384.3104079;/app/bags/user95_2017-02-24.bag;0.834065854549408;0.0;0.9619645476341248;0.0;2.403604411345348;0.40154782656644117;0.5984521734335588
1730780384.5104258;/app/bags/user95_2017-02-24.bag;0.834065854549408;0.0;0.9619645476341248;0.0;2.403604411345348;0.40154782656644117;0.5984521734335588
1730780384.710385;/app/bags/user95_2017-02-24.bag;0.834065854549408;0.0;0.9619645476341248;0.0;2.403604411345348;0.40154782656644117;0.5984521734335588
1730780384.9103844;/app/bags/user95_2017-02-24.bag;0.834065854549408;0.0;0.9619645476341248;0.0;2.403604411345348;0.40154782656644117;0.5984521734335588
1730780385.1105025;/app/bags/user95_2017-02-24.bag;0.834065854549408;0.0;0.9619645476341248;0.0;2.403604411345348;0.40154782656644117;0.5984521734335588
1730780385.310344;/app/bags/user95_2017-02-24.bag;0.834065854549408;0.0;0.9619645476341248;0.0;2.403604411345348;0.40154782656644117;0.5984521734335588
1730780385.51043;/app/bags/user95_2017-02-24.bag;0.834065854549408;0.0;0.9619645476341248;0.0;2.403604411345348;0.40154782656644117;0.5984521734335588
1730780385.7103846;/app/bags/user95_2017-02-24.bag;0.834065854549408;0.0;0.9619645476341248;0.0;2.403604411345348;0.40154782656644117;0.5984521734335588
1730780385.9103646;/app/bags/user95_2017-02-24.bag;0.834065854549408;0.0;0.9619645476341248;0.0;2.403604411345348;0.40154782656644117;0.5984521734335588
1730780386.1104598;/app/bags/user95_2017-02-24.bag;0.834065854549408;0.0;0.9619645476341248;0.0;2.403604411345348;0.40154782656644117;0.5984521734335588
1730780386.3103635;/app/bags/user95_2017-02-24.bag;0.834065854549408;0.0;0.9619645476341248;0.0;2.403604411345348;0.40154782656644117;0.5984521734335588
1730780386.5103652;/app/bags/user95_2017-02-24.bag;0.834065854549408;0.0;0.9619645476341248;0.0;2.403604411345348;0.40154782656644117;0.5984521734335588
1730780386.7104578;/app/bags/user95_2017-02-24.bag;0.834065854549408;0.0;0.9619645476341248;0.0;2.403604411345348;0.40154782656644117;0.5984521734335588
1730780386.9104345;/app/bags/user95_2017-02-24.bag;0.834065854549408;0.0;0.9619645476341248;0.0;2.403604411345348;0.40154782656644117;0.5984521734335588
1730780387.110373;/app/bags/user95_2017-02-24.bag;0.834065854549408;0.0;0.9619645476341248;0.0;2.403604411345348;0.40154782656644117;0.5984521734335588
1730780387.3103466;/app/bags/user95_2017-02-24.bag;0.834065854549408;0.0;0.9619645476341248;0.0;2.403604411345348;0.40154782656644117;0.5984521734335588
1730780387.510436;/app/bags/user95_2017-02-24.bag;0.834065854549408;0.0;0.9619645476341248;0.0;2.403604411345348;0.40154782656644117;0.5984521734335588
1730780387.7103693;/app/bags/user95_2017-02-24.bag;0.834065854549408;0.0;0.9619645476341248;0.0;2.403604411345348;0.40154782656644117;0.5984521734335588
1730780387.9104464;/app/bags/user95_2017-02-24.bag;0.834065854549408;0.0;0.9619645476341248;0.0;2.403604411345348;0.40154782656644117;0.5984521734335588
1730780388.110412;/app/bags/user95_2017-02-24.bag;0.834065854549408;0.0;0.9619645476341248;0.0;2.403604411345348;0.40154782656644117;0.5984521734335588
1730780388.3103783;/app/bags/user95_2017-02-24.bag;0.834065854549408;0.0;0.9619645476341248;0.0;2.403604411345348;0.40154782656644117;0.5984521734335588
1730780388.5103936;/app/bags/user95_2017-02-24.bag;0.834065854549408;0.0;0.9619645476341248;0.0;2.403604411345348;0.40154782656644117;0.5984521734335588
1730780388.7103791;/app/bags/user95_2017-02-24.bag;0.834065854549408;0.0;0.9619645476341248;0.0;2.403604411345348;0.40154782656644117;0.5984521734335588
1730780388.9104319;/app/bags/user95_2017-02-24.bag;0.834065854549408;0.0;0.9619645476341248;0.0;2.403604411345348;0.40154782656644117;0.5984521734335588
1730780389.1104488;/app/bags/user95_2017-02-24.bag;0.834065854549408;0.0;0.9619645476341248;0.0;2.403604411345348;0.40154782656644117;0.5984521734335588
1730780389.3103993;/app/bags/user95_2017-02-24.bag;0.834065854549408;0.0;0.9619645476341248;0.0;2.403604411345348;0.40154782656644117;0.5984521734335588
1730780389.5103724;/app/bags/user95_2017-02-24.bag;0.834065854549408;0.0;0.9619645476341248;0.0;2.403604411345348;0.40154782656644117;0.5984521734335588
1730780389.7103744;/app/bags/user95_2017-02-24.bag;0.834065854549408;0.0;0.9619645476341248;0.0;2.403604411345348;0.40154782656644117;0.5984521734335588
1730780389.910375;/app/bags/user95_2017-02-24.bag;0.834065854549408;0.0;0.9619645476341248;0.0;2.403604411345348;0.40154782656644117;0.5984521734335588
1730780390.1103876;/app/bags/user95_2017-02-24.bag;0.834065854549408;0.0;0.9619645476341248;0.0;2.403604411345348;0.40154782656644117;0.5984521734335588
1730780390.3104086;/app/bags/user95_2017-02-24.bag;0.834065854549408;0.0;0.9619645476341248;0.0;2.403604411345348;0.40154782656644117;0.5984521734335588
1730780390.5104134;/app/bags/user95_2017-02-24.bag;0.834065854549408;0.0;0.9619645476341248;0.0;2.403604411345348;0.40154782656644117;0.5984521734335588
1730780390.7103245;/app/bags/user95_2017-02-24.bag;0.834065854549408;0.0;0.9619645476341248;0.0;2.403604411345348;0.40154782656644117;0.5984521734335588
1730780390.9103405;/app/bags/user95_2017-02-24.bag;0.834065854549408;0.0;0.9619645476341248;0.0;2.403604411345348;0.40154782656644117;0.5984521734335588
1730780391.110384;/app/bags/user95_2017-02-24.bag;0.834065854549408;0.0;0.9619645476341248;0.0;2.403604411345348;0.40154782656644117;0.5984521734335588
1730780391.3103817;/app/bags/user95_2017-02-24.bag;0.834065854549408;0.0;0.9619645476341248;0.0;2.403604411345348;0.40154782656644117;0.5984521734335588
1730780391.5103638;/app/bags/user95_2017-02-24.bag;0.834065854549408;0.0;0.9619645476341248;0.0;2.403604411345348;0.40154782656644117;0.5984521734335588
1730780391.710468;/app/bags/user95_2017-02-24.bag;0.834065854549408;0.0;0.9619645476341248;0.0;2.403604411345348;0.40154782656644117;0.5984521734335588
1730780391.9103558;/app/bags/user95_2017-02-24.bag;0.834065854549408;0.0;0.9619645476341248;0.0;2.403604411345348;0.40154782656644117;0.5984521734335588
1730780392.110427;/app/bags/user95_2017-02-24.bag;0.834065854549408;0.0;0.9619645476341248;0.0;2.403604411345348;0.40154782656644117;0.5984521734335588
1730780392.3104272;/app/bags/user95_2017-02-24.bag;0.834065854549408;0.0;0.9619645476341248;0.0;2.403604411345348;0.40154782656644117;0.5984521734335588
1730780392.510386;/app/bags/user95_2017-02-24.bag;0.834065854549408;0.0;0.9619645476341248;0.0;2.403604411345348;0.40154782656644117;0.5984521734335588
1730780392.7103899;/app/bags/user95_2017-02-24.bag;0.834065854549408;0.0;0.9619645476341248;0.0;2.403604411345348;0.40154782656644117;0.5984521734335588
1730780392.9103713;/app/bags/user95_2017-02-24.bag;0.834065854549408;0.0;0.9619645476341248;0.0;2.403604411345348;0.40154782656644117;0.5984521734335588
1730780393.1104097;/app/bags/user95_2017-02-24.bag;0.834065854549408;0.0;0.9619645476341248;0.0;2.403604411345348;0.40154782656644117;0.5984521734335588
1730780393.3103883;/app/bags/user95_2017-02-24.bag;0.834065854549408;0.0;0.9619645476341248;0.0;2.403604411345348;0.40154782656644117;0.5984521734335588
1730780393.5103562;/app/bags/user95_2017-02-24.bag;0.834065854549408;0.0;0.9619645476341248;0.0;2.403604411345348;0.40154782656644117;0.5984521734335588
1730780393.710369;/app/bags/user95_2017-02-24.bag;0.834065854549408;0.0;0.9619645476341248;0.0;2.403604411345348;0.40154782656644117;0.5984521734335588
1730780393.9103975;/app/bags/user95_2017-02-24.bag;0.834065854549408;0.0;0.9619645476341248;0.0;2.403604411345348;0.40154782656644117;0.5984521734335588
1730780394.1103919;/app/bags/user95_2017-02-24.bag;0.834065854549408;0.0;0.9619645476341248;0.0;2.403604411345348;0.40154782656644117;0.5984521734335588
1730780394.3103924;/app/bags/user95_2017-02-24.bag;0.834065854549408;0.0;0.9619645476341248;0.0;2.403604411345348;0.40154782656644117;0.5984521734335588
1730780394.5103781;/app/bags/user95_2017-02-24.bag;0.834065854549408;0.0;0.9619645476341248;0.0;2.403604411345348;0.40154782656644117;0.5984521734335588
1730780394.710439;/app/bags/user95_2017-02-24.bag;0.834065854549408;0.0;0.9619645476341248;0.0;2.403604411345348;0.40154782656644117;0.5984521734335588
1730780394.9104056;/app/bags/user95_2017-02-24.bag;0.834065854549408;0.0;0.9619645476341248;0.0;2.403604411345348;0.40154782656644117;0.5984521734335588
1730780395.1104562;/app/bags/user95_2017-02-24.bag;0.834065854549408;0.0;0.9619645476341248;0.0;2.403604411345348;0.40154782656644117;0.5984521734335588
1730780395.310385;/app/bags/user95_2017-02-24.bag;0.834065854549408;0.0;0.9619645476341248;0.0;2.403604411345348;0.40154782656644117;0.5984521734335588
1730780395.5103652;/app/bags/user95_2017-02-24.bag;0.834065854549408;0.0;0.9619645476341248;0.0;2.403604411345348;0.40154782656644117;0.5984521734335588
1730780395.7105312;/app/bags/user95_2017-02-24.bag;0.834065854549408;0.0;0.9619645476341248;0.0;2.403604411345348;0.40154782656644117;0.5984521734335588
1730780395.9104857;/app/bags/user95_2017-02-24.bag;0.834065854549408;0.0;0.9619645476341248;0.0;2.403604411345348;0.40154782656644117;0.5984521734335588
1730780396.1103892;/app/bags/user95_2017-02-24.bag;0.834065854549408;0.0;0.9619645476341248;0.0;2.403604411345348;0.40154782656644117;0.5984521734335588
1730780396.3103724;/app/bags/user95_2017-02-24.bag;0.834065854549408;0.0;0.9619645476341248;0.0;2.403604411345348;0.40154782656644117;0.5984521734335588
1730780396.510447;/app/bags/user95_2017-02-24.bag;0.834065854549408;0.0;0.9619645476341248;0.0;2.403604411345348;0.40154782656644117;0.5984521734335588
1730780396.7104506;/app/bags/user95_2017-02-24.bag;0.834065854549408;0.0;0.9619645476341248;0.0;2.403604411345348;0.40154782656644117;0.5984521734335588
1730780396.9103913;/app/bags/user95_2017-02-24.bag;0.834065854549408;0.0;0.9619645476341248;0.0;2.403604411345348;0.40154782656644117;0.5984521734335588
1730780397.1104212;/app/bags/user95_2017-02-24.bag;0.834065854549408;0.0;0.9619645476341248;0.0;2.403604411345348;0.40154782656644117;0.5984521734335588
1730780397.3104086;/app/bags/user95_2017-02-24.bag;0.834065854549408;0.0;0.9619645476341248;0.0;2.403604411345348;0.40154782656644117;0.5984521734335588
1730780397.510379;/app/bags/user95_2017-02-24.bag;0.834065854549408;0.0;0.9619645476341248;0.0;2.403604411345348;0.40154782656644117;0.5984521734335588
1730780397.7103848;/app/bags/user95_2017-02-24.bag;0.834065854549408;0.0;0.9619645476341248;0.0;2.403604411345348;0.40154782656644117;0.5984521734335588
1730780397.9103856;/app/bags/user95_2017-02-24.bag;0.834065854549408;0.0;0.9619645476341248;0.0;2.403604411345348;0.40154782656644117;0.5984521734335588
1730780398.1103778;/app/bags/user95_2017-02-24.bag;0.834065854549408;0.0;0.9619645476341248;0.0;2.403604411345348;0.40154782656644117;0.5984521734335588
1730780398.3104055;/app/bags/user95_2017-02-24.bag;0.834065854549408;0.0;0.9619645476341248;0.0;2.403604411345348;0.40154782656644117;0.5984521734335588
1730780398.5103722;/app/bags/user95_2017-02-24.bag;0.834065854549408;0.0;0.9619645476341248;0.0;2.403604411345348;0.40154782656644117;0.5984521734335588
1730780398.710418;/app/bags/user95_2017-02-24.bag;0.834065854549408;0.0;0.9619645476341248;0.0;2.403604411345348;0.40154782656644117;0.5984521734335588
1730780398.9103897;/app/bags/user95_2017-02-24.bag;0.834065854549408;0.0;0.9619645476341248;0.0;2.403604411345348;0.40154782656644117;0.5984521734335588
1730780399.1104162;/app/bags/user95_2017-02-24.bag;0.834065854549408;0.0;0.9619645476341248;0.0;2.403604411345348;0.40154782656644117;0.5984521734335588
1730780399.3105543;/app/bags/user95_2017-02-24.bag;0.834065854549408;0.0;0.9619645476341248;0.0;2.403604411345348;0.40154782656644117;0.5984521734335588
1730780399.5103855;/app/bags/user95_2017-02-24.bag;0.834065854549408;0.0;0.9619645476341248;0.0;2.403604411345348;0.40154782656644117;0.5984521734335588
1730780399.7103891;/app/bags/user95_2017-02-24.bag;0.834065854549408;0.0;0.9619645476341248;0.0;2.403604411345348;0.40154782656644117;0.5984521734335588
1730780399.9103992;/app/bags/user95_2017-02-24.bag;0.834065854549408;0.0;0.9619645476341248;0.0;2.403604411345348;0.40154782656644117;0.5984521734335588
1730780400.1103806;/app/bags/user95_2017-02-24.bag;0.834065854549408;0.0;0.9619645476341248;0.0;2.403604411345348;0.40154782656644117;0.5984521734335588
1730780400.3103864;/app/bags/user95_2017-02-24.bag;0.834065854549408;0.0;0.9619645476341248;0.0;2.403604411345348;0.40154782656644117;0.5984521734335588
1730780400.5103698;/app/bags/user95_2017-02-24.bag;0.834065854549408;0.0;0.9619645476341248;0.0;2.403604411345348;0.40154782656644117;0.5984521734335588
1730780400.71042;/app/bags/user95_2017-02-24.bag;0.834065854549408;0.0;0.9619645476341248;0.0;2.403604411345348;0.40154782656644117;0.5984521734335588
1730780400.9103997;/app/bags/user95_2017-02-24.bag;0.834065854549408;0.0;0.9619645476341248;0.0;2.403604411345348;0.40154782656644117;0.5984521734335588
1730780401.110398;/app/bags/user95_2017-02-24.bag;0.834065854549408;0.0;0.9619645476341248;0.0;2.403604411345348;0.40154782656644117;0.5984521734335588
1730780401.3104272;/app/bags/user95_2017-02-24.bag;0.834065854549408;0.0;0.9619645476341248;0.0;2.403604411345348;0.40154782656644117;0.5984521734335588
1730780401.510388;/app/bags/user95_2017-02-24.bag;0.834065854549408;0.0;0.9619645476341248;0.0;2.403604411345348;0.40154782656644117;0.5984521734335588
1730780401.7103834;/app/bags/user95_2017-02-24.bag;0.834065854549408;0.0;0.9619645476341248;0.0;2.403604411345348;0.40154782656644117;0.5984521734335588
1730780401.9103992;/app/bags/user95_2017-02-24.bag;0.834065854549408;0.0;0.9619645476341248;0.0;2.403604411345348;0.40154782656644117;0.5984521734335588
1730780402.1103587;/app/bags/user95_2017-02-24.bag;0.834065854549408;0.0;0.9619645476341248;0.0;2.403604411345348;0.40154782656644117;0.5984521734335588
1730780402.3105886;/app/bags/user95_2017-02-24.bag;0.834065854549408;0.0;0.9619645476341248;0.0;2.403604411345348;0.40154782656644117;0.5984521734335588
1730780402.5104187;/app/bags/user95_2017-02-24.bag;0.834065854549408;0.0;0.9619645476341248;0.0;2.403604411345348;0.40154782656644117;0.5984521734335588
1730780402.710358;/app/bags/user95_2017-02-24.bag;0.834065854549408;0.0;0.9619645476341248;0.0;2.403604411345348;0.40154782656644117;0.5984521734335588
1730780402.910349;/app/bags/user95_2017-02-24.bag;0.834065854549408;0.0;0.9619645476341248;0.0;2.403604411345348;0.40154782656644117;0.5984521734335588
1730780403.11043;/app/bags/user95_2017-02-24.bag;0.834065854549408;0.0;0.9619645476341248;0.0;2.403604411345348;0.40154782656644117;0.5984521734335588
1730780403.3103828;/app/bags/user95_2017-02-24.bag;0.834065854549408;0.0;0.9619645476341248;0.0;2.403604411345348;0.40154782656644117;0.5984521734335588
1730780403.510389;/app/bags/user95_2017-02-24.bag;0.834065854549408;0.0;0.9619645476341248;0.0;2.403604411345348;0.40154782656644117;0.5984521734335588
1730780403.710462;/app/bags/user95_2017-02-24.bag;0.834065854549408;0.0;0.9619645476341248;0.0;2.403604411345348;0.40154782656644117;0.5984521734335588
1730780403.91042;/app/bags/user95_2017-02-24.bag;0.834065854549408;0.0;0.9619645476341248;0.0;2.403604411345348;0.40154782656644117;0.5984521734335588
1730780404.110352;/app/bags/user95_2017-02-24.bag;0.834065854549408;0.0;0.9619645476341248;0.0;2.403604411345348;0.40154782656644117;0.5984521734335588
1730780404.3103878;/app/bags/user95_2017-02-24.bag;0.834065854549408;0.0;0.9619645476341248;0.0;2.403604411345348;0.40154782656644117;0.5984521734335588
1730780404.510455;/app/bags/user95_2017-02-24.bag;0.834065854549408;0.0;0.9619645476341248;0.0;2.403604411345348;0.40154782656644117;0.5984521734335588
1730780404.7103956;/app/bags/user95_2017-02-24.bag;0.834065854549408;0.0;0.9619645476341248;0.0;2.403604411345348;0.40154782656644117;0.5984521734335588
1730780404.9104054;/app/bags/user95_2017-02-24.bag;0.834065854549408;0.0;0.9619645476341248;0.0;2.403604411345348;0.40154782656644117;0.5984521734335588
1730780405.110365;/app/bags/user95_2017-02-24.bag;0.834065854549408;0.0;0.9619645476341248;0.0;2.403604411345348;0.40154782656644117;0.5984521734335588
1730780405.3103724;/app/bags/user95_2017-02-24.bag;0.834065854549408;0.0;0.9619645476341248;0.0;2.403604411345348;0.40154782656644117;0.5984521734335588
1730780405.5103781;/app/bags/user95_2017-02-24.bag;0.834065854549408;0.0;0.9619645476341248;0.0;2.403604411345348;0.40154782656644117;0.5984521734335588
1730780405.7104542;/app/bags/user95_2017-02-24.bag;0.834065854549408;0.0;0.9619645476341248;0.0;2.403604411345348;0.40154782656644117;0.5984521734335588
1730780405.910474;/app/bags/user95_2017-02-24.bag;0.834065854549408;0.0;0.9619645476341248;0.0;2.403604411345348;0.40154782656644117;0.5984521734335588
1730780406.1104045;/app/bags/user95_2017-02-24.bag;0.834065854549408;0.0;0.9619645476341248;0.0;2.403604411345348;0.40154782656644117;0.5984521734335588
1730780406.3103855;/app/bags/user95_2017-02-24.bag;0.834065854549408;0.0;0.9619645476341248;0.0;2.403604411345348;0.40154782656644117;0.5984521734335588
1730780406.510412;/app/bags/user95_2017-02-24.bag;0.834065854549408;0.0;0.9619645476341248;0.0;2.403604411345348;0.40154782656644117;0.5984521734335588
1730780406.7104194;/app/bags/user95_2017-02-24.bag;0.834065854549408;0.0;0.9619645476341248;0.0;2.403604411345348;0.40154782656644117;0.5984521734335588
1730780406.9103894;/app/bags/user95_2017-02-24.bag;0.834065854549408;0.0;0.9619645476341248;0.0;2.403604411345348;0.40154782656644117;0.5984521734335588
1730780407.1103635;/app/bags/user95_2017-02-24.bag;0.834065854549408;0.0;0.9619645476341248;0.0;2.403604411345348;0.40154782656644117;0.5984521734335588
1730780407.3103945;/app/bags/user95_2017-02-24.bag;0.834065854549408;0.0;0.9619645476341248;0.0;2.403604411345348;0.40154782656644117;0.5984521734335588
1730780407.510396;/app/bags/user95_2017-02-24.bag;0.834065854549408;0.0;0.9619645476341248;0.0;2.403604411345348;0.40154782656644117;0.5984521734335588
1730780407.71039;/app/bags/user95_2017-02-24.bag;0.834065854549408;0.0;0.9619645476341248;0.0;2.403604411345348;0.40154782656644117;0.5984521734335588
1730780407.910394;/app/bags/user95_2017-02-24.bag;0.834065854549408;0.0;0.9619645476341248;0.0;2.403604411345348;0.40154782656644117;0.5984521734335588
1730780408.1104083;/app/bags/user95_2017-02-24.bag;0.834065854549408;0.0;0.9619645476341248;0.0;2.403604411345348;0.40154782656644117;0.5984521734335588
1730780408.3104405;/app/bags/user95_2017-02-24.bag;0.834065854549408;0.0;0.9619645476341248;0.0;2.403604411345348;0.40154782656644117;0.5984521734335588
1730780408.5104313;/app/bags/user95_2017-02-24.bag;0.834065854549408;0.0;0.9619645476341248;0.0;2.403604411345348;0.40154782656644117;0.5984521734335588
1730780408.7103875;/app/bags/user95_2017-02-24.bag;0.834065854549408;0.0;0.9619645476341248;0.0;2.403604411345348;0.40154782656644117;0.5984521734335588
1730780408.9103706;/app/bags/user95_2017-02-24.bag;0.834065854549408;0.0;0.9619645476341248;0.0;2.403604411345348;0.40154782656644117;0.5984521734335588
1730780409.110372;/app/bags/user95_2017-02-24.bag;0.834065854549408;0.0;0.9619645476341248;0.0;2.403604411345348;0.40154782656644117;0.5984521734335588
1730780409.3104687;/app/bags/user95_2017-02-24.bag;0.834065854549408;0.0;0.9619645476341248;0.0;2.403604411345348;0.40154782656644117;0.5984521734335588
1730780409.5103867;/app/bags/user95_2017-02-24.bag;0.834065854549408;0.0;0.9619645476341248;0.0;2.403604411345348;0.40154782656644117;0.5984521734335588
1730780409.7103765;/app/bags/user95_2017-02-24.bag;0.834065854549408;0.0;0.9619645476341248;0.0;2.403604411345348;0.40154782656644117;0.5984521734335588
1730780409.9103975;/app/bags/user95_2017-02-24.bag;0.834065854549408;0.0;0.9619645476341248;0.0;2.403604411345348;0.40154782656644117;0.5984521734335588
1730780410.1103518;/app/bags/user95_2017-02-24.bag;0.834065854549408;0.0;0.9619645476341248;0.0;2.403604411345348;0.40154782656644117;0.5984521734335588
1730780410.3103802;/app/bags/user95_2017-02-24.bag;0.834065854549408;0.0;0.9619645476341248;0.0;2.403604411345348;0.40154782656644117;0.5984521734335588
1730780410.510383;/app/bags/user95_2017-02-24.bag;0.834065854549408;0.0;0.9619645476341248;0.0;2.403604411345348;0.40154782656644117;0.5984521734335588
1730780410.7104323;/app/bags/user95_2017-02-24.bag;0.834065854549408;0.0;0.9619645476341248;0.0;2.403604411345348;0.40154782656644117;0.5984521734335588
1730780410.9105587;/app/bags/user95_2017-02-24.bag;0.834065854549408;0.0;0.9619645476341248;0.0;2.403604411345348;0.40154782656644117;0.5984521734335588
1730780411.1103847;/app/bags/user95_2017-02-24.bag;0.834065854549408;0.0;0.9619645476341248;0.0;2.403604411345348;0.40154782656644117;0.5984521734335588
1730780411.310368;/app/bags/user95_2017-02-24.bag;0.834065854549408;0.0;0.9619645476341248;0.0;2.403604411345348;0.40154782656644117;0.5984521734335588
1730780411.510408;/app/bags/user95_2017-02-24.bag;0.834065854549408;0.0;0.9619645476341248;0.0;2.403604411345348;0.40154782656644117;0.5984521734335588
1730780411.7103713;/app/bags/user95_2017-02-24.bag;0.834065854549408;0.0;0.9619645476341248;0.0;2.403604411345348;0.40154782656644117;0.5984521734335588
1730780411.9103613;/app/bags/user95_2017-02-24.bag;0.834065854549408;0.0;0.9619645476341248;0.0;2.403604411345348;0.40154782656644117;0.5984521734335588
1730780412.1103754;/app/bags/user95_2017-02-24.bag;0.834065854549408;0.0;0.9619645476341248;0.0;2.403604411345348;0.40154782656644117;0.5984521734335588
1730780412.3103948;/app/bags/user95_2017-02-24.bag;0.834065854549408;0.0;0.9619645476341248;0.0;2.403604411345348;0.40154782656644117;0.5984521734335588
1730780412.5103383;/app/bags/user95_2017-02-24.bag;0.834065854549408;0.0;0.9619645476341248;0.0;2.403604411345348;0.40154782656644117;0.5984521734335588
1730780412.7104585;/app/bags/user95_2017-02-24.bag;0.834065854549408;0.0;0.9619645476341248;0.0;2.403604411345348;0.40154782656644117;0.5984521734335588
1730780412.9103842;/app/bags/user95_2017-02-24.bag;0.834065854549408;0.0;0.9619645476341248;0.0;2.403604411345348;0.40154782656644117;0.5984521734335588
1730780413.1103914;/app/bags/user95_2017-02-24.bag;0.834065854549408;0.0;0.9619645476341248;0.0;2.403604411345348;0.40154782656644117;0.5984521734335588
1730780413.310368;/app/bags/user95_2017-02-24.bag;0.834065854549408;0.0;0.9619645476341248;0.0;2.403604411345348;0.40154782656644117;0.5984521734335588
1730780413.5103664;/app/bags/user95_2017-02-24.bag;0.834065854549408;0.0;0.9619645476341248;0.0;2.403604411345348;0.40154782656644117;0.5984521734335588
1730780413.710392;/app/bags/user95_2017-02-24.bag;0.834065854549408;0.0;0.9619645476341248;0.0;2.403604411345348;0.40154782656644117;0.5984521734335588
1730780413.9103863;/app/bags/user95_2017-02-24.bag;0.834065854549408;0.0;0.9619645476341248;0.0;2.403604411345348;0.40154782656644117;0.5984521734335588
1730780414.110392;/app/bags/user95_2017-02-24.bag;0.834065854549408;0.0;0.9619645476341248;0.0;2.403604411345348;0.40154782656644117;0.5984521734335588
1730780414.3104327;/app/bags/user95_2017-02-24.bag;0.834065854549408;0.0;0.9619645476341248;0.0;2.403604411345348;0.40154782656644117;0.5984521734335588
1730780414.5104434;/app/bags/user95_2017-02-24.bag;0.834065854549408;0.0;0.9619645476341248;0.0;2.403604411345348;0.40154782656644117;0.5984521734335588
1730780414.710395;/app/bags/user95_2017-02-24.bag;0.834065854549408;0.0;0.9619645476341248;0.0;2.403604411345348;0.40154782656644117;0.5984521734335588
1730780414.910416;/app/bags/user95_2017-02-24.bag;0.834065854549408;0.0;0.9619645476341248;0.0;2.403604411345348;0.40154782656644117;0.5984521734335588
1730780415.1102264;/app/bags/user95_2017-02-24.bag;0.834065854549408;0.0;0.9619645476341248;0.0;2.403604411345348;0.40154782656644117;0.5984521734335588
1730780415.3103967;/app/bags/user95_2017-02-24.bag;0.834065854549408;0.0;0.9619645476341248;0.0;2.403604411345348;0.40154782656644117;0.5984521734335588
1730780415.5103788;/app/bags/user95_2017-02-24.bag;0.834065854549408;0.0;0.9619645476341248;0.0;2.403604411345348;0.40154782656644117;0.5984521734335588
1730780415.7106106;/app/bags/user95_2017-02-24.bag;0.834065854549408;0.0;0.9619645476341248;0.0;2.403604411345348;0.40154782656644117;0.5984521734335588
1730780415.9103806;/app/bags/user95_2017-02-24.bag;0.834065854549408;0.0;0.9619645476341248;0.0;2.403604411345348;0.40154782656644117;0.5984521734335588
1730780416.1103847;/app/bags/user95_2017-02-24.bag;0.834065854549408;0.0;0.9619645476341248;0.0;2.403604411345348;0.40154782656644117;0.5984521734335588
1730780416.31039;/app/bags/user95_2017-02-24.bag;0.834065854549408;0.0;0.9619645476341248;0.0;2.403604411345348;0.40154782656644117;0.5984521734335588
1730780416.5103827;/app/bags/user95_2017-02-24.bag;0.834065854549408;0.0;0.9619645476341248;0.0;2.403604411345348;0.40154782656644117;0.5984521734335588
1730780416.7103896;/app/bags/user95_2017-02-24.bag;0.834065854549408;0.0;0.9619645476341248;0.0;2.403604411345348;0.40154782656644117;0.5984521734335588
1730780416.9103732;/app/bags/user95_2017-02-24.bag;0.834065854549408;0.0;0.9619645476341248;0.0;2.403604411345348;0.40154782656644117;0.5984521734335588
1730780417.1104043;/app/bags/user95_2017-02-24.bag;0.834065854549408;0.0;0.9619645476341248;0.0;2.403604411345348;0.40154782656644117;0.5984521734335588
1730780417.310372;/app/bags/user95_2017-02-24.bag;0.834065854549408;0.0;0.9619645476341248;0.0;2.403604411345348;0.40154782656644117;0.5984521734335588
1730780417.5103662;/app/bags/user95_2017-02-24.bag;0.834065854549408;0.0;0.9619645476341248;0.0;2.403604411345348;0.40154782656644117;0.5984521734335588
1730780417.7103896;/app/bags/user95_2017-02-24.bag;0.834065854549408;0.0;0.9619645476341248;0.0;2.403604411345348;0.40154782656644117;0.5984521734335588
1730780417.9103835;/app/bags/user95_2017-02-24.bag;0.834065854549408;0.0;0.9619645476341248;0.0;2.403604411345348;0.40154782656644117;0.5984521734335588
1730780418.110358;/app/bags/user95_2017-02-24.bag;0.834065854549408;0.0;0.9619645476341248;0.0;2.403604411345348;0.40154782656644117;0.5984521734335588
1730780418.3103993;/app/bags/user95_2017-02-24.bag;0.834065854549408;0.0;0.9619645476341248;0.0;2.403604411345348;0.40154782656644117;0.5984521734335588
1730780418.510379;/app/bags/user95_2017-02-24.bag;0.834065854549408;0.0;0.9619645476341248;0.0;2.403604411345348;0.40154782656644117;0.5984521734335588
1730780418.7103803;/app/bags/user95_2017-02-24.bag;0.834065854549408;0.0;0.9619645476341248;0.0;2.403604411345348;0.40154782656644117;0.5984521734335588
1730780418.9103725;/app/bags/user95_2017-02-24.bag;0.834065854549408;0.0;0.9619645476341248;0.0;2.403604411345348;0.40154782656644117;0.5984521734335588
1730780419.1103988;/app/bags/user95_2017-02-24.bag;0.834065854549408;0.0;0.9619645476341248;0.0;2.403604411345348;0.40154782656644117;0.5984521734335588
1730780419.3103724;/app/bags/user95_2017-02-24.bag;0.834065854549408;0.0;0.9619645476341248;0.0;2.403604411345348;0.40154782656644117;0.5984521734335588
1730780419.510386;/app/bags/user95_2017-02-24.bag;0.834065854549408;0.0;0.9619645476341248;0.0;2.403604411345348;0.40154782656644117;0.5984521734335588
1730780419.7103872;/app/bags/user95_2017-02-24.bag;0.834065854549408;0.0;0.9619645476341248;0.0;2.403604411345348;0.40154782656644117;0.5984521734335588
1730780419.910406;/app/bags/user95_2017-02-24.bag;0.834065854549408;0.0;0.9619645476341248;0.0;2.403604411345348;0.40154782656644117;0.5984521734335588
1730780420.1105194;/app/bags/user95_2017-02-24.bag;0.834065854549408;0.0;0.9619645476341248;0.0;2.403604411345348;0.40154782656644117;0.5984521734335588
1730780420.3104587;/app/bags/user95_2017-02-24.bag;0.834065854549408;0.0;0.9619645476341248;0.0;2.403604411345348;0.40154782656644117;0.5984521734335588
1730780420.5103967;/app/bags/user95_2017-02-24.bag;0.834065854549408;0.0;0.9619645476341248;0.0;2.403604411345348;0.40154782656644117;0.5984521734335588
1730780420.7104073;/app/bags/user95_2017-02-24.bag;0.834065854549408;0.0;0.9619645476341248;0.0;2.403604411345348;0.40154782656644117;0.5984521734335588
1730780420.9104142;/app/bags/user95_2017-02-24.bag;0.834065854549408;0.0;0.9619645476341248;0.0;2.403604411345348;0.40154782656644117;0.5984521734335588
1730780421.1104305;/app/bags/user95_2017-02-24.bag;0.834065854549408;0.0;0.9619645476341248;0.0;2.403604411345348;0.40154782656644117;0.5984521734335588
1730780421.3103788;/app/bags/user95_2017-02-24.bag;0.834065854549408;0.0;0.9619645476341248;0.0;2.403604411345348;0.40154782656644117;0.5984521734335588
1730780421.510467;/app/bags/user95_2017-02-24.bag;0.834065854549408;0.0;0.9619645476341248;0.0;2.403604411345348;0.40154782656644117;0.5984521734335588
1730780421.7104082;/app/bags/user95_2017-02-24.bag;0.834065854549408;0.0;0.9619645476341248;0.0;2.403604411345348;0.40154782656644117;0.5984521734335588
1730780421.910401;/app/bags/user95_2017-02-24.bag;0.834065854549408;0.0;0.9619645476341248;0.0;2.403604411345348;0.40154782656644117;0.5984521734335588
1730780422.110405;/app/bags/user95_2017-02-24.bag;0.834065854549408;0.0;0.9619645476341248;0.0;2.403604411345348;0.40154782656644117;0.5984521734335588
1730780422.3103676;/app/bags/user95_2017-02-24.bag;0.834065854549408;0.0;0.9619645476341248;0.0;2.403604411345348;0.40154782656644117;0.5984521734335588
1730780422.5104349;/app/bags/user95_2017-02-24.bag;0.834065854549408;0.0;0.9619645476341248;0.0;2.403604411345348;0.40154782656644117;0.5984521734335588
1730780422.7104352;/app/bags/user95_2017-02-24.bag;0.834065854549408;0.0;0.9619645476341248;0.0;2.403604411345348;0.40154782656644117;0.5984521734335588
1730780422.9104104;/app/bags/user95_2017-02-24.bag;0.834065854549408;0.0;0.9619645476341248;0.0;2.403604411345348;0.40154782656644117;0.5984521734335588
1730780423.1103704;/app/bags/user95_2017-02-24.bag;0.834065854549408;0.0;0.9619645476341248;0.0;2.403604411345348;0.40154782656644117;0.5984521734335588
1730780423.3103728;/app/bags/user95_2017-02-24.bag;0.834065854549408;0.0;0.9619645476341248;0.0;2.403604411345348;0.40154782656644117;0.5984521734335588
1730780423.5103457;/app/bags/user95_2017-02-24.bag;0.834065854549408;0.0;0.9619645476341248;0.0;2.403604411345348;0.40154782656644117;0.5984521734335588
1730780423.7103631;/app/bags/user95_2017-02-24.bag;0.834065854549408;0.0;0.9619645476341248;0.0;2.403604411345348;0.40154782656644117;0.5984521734335588
1730780423.9103918;/app/bags/user95_2017-02-24.bag;0.834065854549408;0.0;0.9619645476341248;0.0;2.403604411345348;0.40154782656644117;0.5984521734335588
1730780424.110387;/app/bags/user95_2017-02-24.bag;0.834065854549408;0.0;0.9619645476341248;0.0;2.403604411345348;0.40154782656644117;0.5984521734335588
1730780424.3106208;/app/bags/user95_2017-02-24.bag;0.834065854549408;0.0;0.9619645476341248;0.0;2.403604411345348;0.40154782656644117;0.5984521734335588
1730780424.5103965;/app/bags/user95_2017-02-24.bag;0.834065854549408;0.0;0.9619645476341248;0.0;2.403604411345348;0.40154782656644117;0.5984521734335588
1730780424.710404;/app/bags/user95_2017-02-24.bag;0.834065854549408;0.0;0.9619645476341248;0.0;2.403604411345348;0.40154782656644117;0.5984521734335588
1730780424.9103653;/app/bags/user95_2017-02-24.bag;0.834065854549408;0.0;0.9619645476341248;0.0;2.403604411345348;0.40154782656644117;0.5984521734335588
1730780425.110385;/app/bags/user95_2017-02-24.bag;0.834065854549408;0.0;0.9619645476341248;0.0;2.403604411345348;0.40154782656644117;0.5984521734335588
1730780425.3104038;/app/bags/user95_2017-02-24.bag;0.834065854549408;0.0;0.9619645476341248;0.0;2.403604411345348;0.40154782656644117;0.5984521734335588
1730780425.5103624;/app/bags/user95_2017-02-24.bag;0.834065854549408;0.0;0.9619645476341248;0.0;2.403604411345348;0.40154782656644117;0.5984521734335588
1730780425.7104142;/app/bags/user95_2017-02-24.bag;0.834065854549408;0.0;0.9619645476341248;0.0;2.403604411345348;0.40154782656644117;0.5984521734335588
1730780425.910379;/app/bags/user95_2017-02-24.bag;0.834065854549408;0.0;0.9619645476341248;0.0;2.403604411345348;0.40154782656644117;0.5984521734335588
1730780426.1105933;/app/bags/user95_2017-02-24.bag;0.834065854549408;0.0;0.9619645476341248;0.0;2.403604411345348;0.40154782656644117;0.5984521734335588
1730780426.3103805;/app/bags/user95_2017-02-24.bag;0.834065854549408;0.0;0.9619645476341248;0.0;2.403604411345348;0.40154782656644117;0.5984521734335588
1730780426.51038;/app/bags/user95_2017-02-24.bag;0.834065854549408;0.0;0.9619645476341248;0.0;2.403604411345348;0.40154782656644117;0.5984521734335588
1730780426.7104156;/app/bags/user95_2017-02-24.bag;0.834065854549408;0.0;0.9619645476341248;0.0;2.403604411345348;0.40154782656644117;0.5984521734335588
1730780426.910408;/app/bags/user95_2017-02-24.bag;0.834065854549408;0.0;0.9619645476341248;0.0;2.403604411345348;0.40154782656644117;0.5984521734335588
1730780427.110457;/app/bags/user95_2017-02-24.bag;0.834065854549408;0.0;0.9619645476341248;0.0;2.403604411345348;0.40154782656644117;0.5984521734335588
1730780427.310389;/app/bags/user95_2017-02-24.bag;0.834065854549408;0.0;0.9619645476341248;0.0;2.403604411345348;0.40154782656644117;0.5984521734335588
1730780427.5104501;/app/bags/user95_2017-02-24.bag;0.834065854549408;0.0;0.9619645476341248;0.0;2.403604411345348;0.40154782656644117;0.5984521734335588
1730780427.7104237;/app/bags/user95_2017-02-24.bag;0.834065854549408;0.0;0.9619645476341248;0.0;2.403604411345348;0.40154782656644117;0.5984521734335588
1730780427.910378;/app/bags/user95_2017-02-24.bag;0.834065854549408;0.0;0.9619645476341248;0.0;2.403604411345348;0.40154782656644117;0.5984521734335588
1730780428.1103442;/app/bags/user95_2017-02-24.bag;0.834065854549408;0.0;0.9619645476341248;0.0;2.403604411345348;0.40154782656644117;0.5984521734335588
1730780428.3103747;/app/bags/user95_2017-02-24.bag;0.834065854549408;0.0;0.9619645476341248;0.0;2.403604411345348;0.40154782656644117;0.5984521734335588
1730780428.510398;/app/bags/user95_2017-02-24.bag;0.834065854549408;0.0;0.9619645476341248;0.0;2.403604411345348;0.40154782656644117;0.5984521734335588
1730780428.7104285;/app/bags/user95_2017-02-24.bag;0.834065854549408;0.0;0.9619645476341248;0.0;2.403604411345348;0.40154782656644117;0.5984521734335588
1730780428.9104135;/app/bags/user95_2017-02-24.bag;0.834065854549408;0.0;0.9619645476341248;0.0;2.403604411345348;0.40154782656644117;0.5984521734335588
1730780429.1103609;/app/bags/user95_2017-02-24.bag;0.834065854549408;0.0;0.9619645476341248;0.0;2.403604411345348;0.40154782656644117;0.5984521734335588
1730780429.3103588;/app/bags/user95_2017-02-24.bag;0.834065854549408;0.0;0.9619645476341248;0.0;2.403604411345348;0.40154782656644117;0.5984521734335588
1730780429.5105133;/app/bags/user95_2017-02-24.bag;0.834065854549408;0.0;0.9619645476341248;0.0;2.403604411345348;0.40154782656644117;0.5984521734335588
1730780429.7103906;/app/bags/user95_2017-02-24.bag;0.834065854549408;0.0;0.9619645476341248;0.0;2.403604411345348;0.40154782656644117;0.5984521734335588
1730780429.9104404;/app/bags/user95_2017-02-24.bag;0.834065854549408;0.0;0.9619645476341248;0.0;2.403604411345348;0.40154782656644117;0.5984521734335588
1730780430.110493;/app/bags/user95_2017-02-24.bag;0.834065854549408;0.0;0.9619645476341248;0.0;2.403604411345348;0.40154782656644117;0.5984521734335588
1730780430.3104012;/app/bags/user95_2017-02-24.bag;0.834065854549408;0.0;0.9619645476341248;0.0;2.403604411345348;0.40154782656644117;0.5984521734335588
1730780430.5104256;/app/bags/user95_2017-02-24.bag;0.834065854549408;0.0;0.9619645476341248;0.0;2.403604411345348;0.40154782656644117;0.5984521734335588
1730780430.710354;/app/bags/user95_2017-02-24.bag;0.834065854549408;0.0;0.9619645476341248;0.0;2.403604411345348;0.40154782656644117;0.5984521734335588
1730780430.9103718;/app/bags/user95_2017-02-24.bag;0.834065854549408;0.0;0.9619645476341248;0.0;2.403604411345348;0.40154782656644117;0.5984521734335588
1730780431.1103926;/app/bags/user95_2017-02-24.bag;0.834065854549408;0.0;0.9619645476341248;0.0;2.403604411345348;0.40154782656644117;0.5984521734335588
1730780431.3103843;/app/bags/user95_2017-02-24.bag;0.834065854549408;0.0;0.9619645476341248;0.0;2.403604411345348;0.40154782656644117;0.5984521734335588
1730780431.510366;/app/bags/user95_2017-02-24.bag;0.834065854549408;0.0;0.9619645476341248;0.0;2.403604411345348;0.40154782656644117;0.5984521734335588
1730780431.7103553;/app/bags/user95_2017-02-24.bag;0.834065854549408;0.0;0.9619645476341248;0.0;2.403604411345348;0.40154782656644117;0.5984521734335588
1730780431.9104095;/app/bags/user95_2017-02-24.bag;0.834065854549408;0.0;0.9619645476341248;0.0;2.403604411345348;0.40154782656644117;0.5984521734335588
1730780432.1103568;/app/bags/user95_2017-02-24.bag;0.834065854549408;0.0;0.9619645476341248;0.0;2.403604411345348;0.40154782656644117;0.5984521734335588
1730780432.3103735;/app/bags/user95_2017-02-24.bag;0.834065854549408;0.0;0.9619645476341248;0.0;2.403604411345348;0.40154782656644117;0.5984521734335588
1730780432.5103362;/app/bags/user95_2017-02-24.bag;0.834065854549408;0.0;0.9619645476341248;0.0;2.403604411345348;0.40154782656644117;0.5984521734335588
1730780432.7103786;/app/bags/user95_2017-02-24.bag;0.834065854549408;0.0;0.9619645476341248;0.0;2.403604411345348;0.40154782656644117;0.5984521734335588
1730780432.9104064;/app/bags/user95_2017-02-24.bag;0.834065854549408;0.0;0.9619645476341248;0.0;2.403604411345348;0.40154782656644117;0.5984521734335588
1730780433.1104019;/app/bags/user95_2017-02-24.bag;0.834065854549408;0.0;0.9619645476341248;0.0;2.403604411345348;0.40154782656644117;0.5984521734335588
1730780433.3105023;/app/bags/user95_2017-02-24.bag;0.834065854549408;0.0;0.9619645476341248;0.0;2.403604411345348;0.40154782656644117;0.5984521734335588
1730780433.510436;/app/bags/user95_2017-02-24.bag;0.834065854549408;0.0;0.9619645476341248;0.0;2.403604411345348;0.40154782656644117;0.5984521734335588
1730780433.710376;/app/bags/user95_2017-02-24.bag;0.834065854549408;0.0;0.9619645476341248;0.0;2.403604411345348;0.40154782656644117;0.5984521734335588
1730780433.9103606;/app/bags/user95_2017-02-24.bag;0.834065854549408;0.0;0.9619645476341248;0.0;2.403604411345348;0.40154782656644117;0.5984521734335588
1730780434.1103673;/app/bags/user95_2017-02-24.bag;0.834065854549408;0.0;0.9619645476341248;0.0;2.403604411345348;0.40154782656644117;0.5984521734335588
1730780434.3103962;/app/bags/user95_2017-02-24.bag;0.834065854549408;0.0;0.9619645476341248;0.0;2.403604411345348;0.40154782656644117;0.5984521734335588
1730780434.5103738;/app/bags/user95_2017-02-24.bag;0.834065854549408;0.0;0.9619645476341248;0.0;2.403604411345348;0.40154782656644117;0.5984521734335588
1730780434.710401;/app/bags/user95_2017-02-24.bag;0.834065854549408;0.0;0.9619645476341248;0.0;2.403604411345348;0.40154782656644117;0.5984521734335588
1730780434.9103932;/app/bags/user95_2017-02-24.bag;0.834065854549408;0.0;0.9619645476341248;0.0;2.403604411345348;0.40154782656644117;0.5984521734335588
1730780435.1103632;/app/bags/user95_2017-02-24.bag;0.834065854549408;0.0;0.9619645476341248;0.0;2.403604411345348;0.40154782656644117;0.5984521734335588
1730780435.3105423;/app/bags/user95_2017-02-24.bag;0.834065854549408;0.0;0.9619645476341248;0.0;2.403604411345348;0.40154782656644117;0.5984521734335588
1730780435.5103798;/app/bags/user95_2017-02-24.bag;0.834065854549408;0.0;0.9619645476341248;0.0;2.403604411345348;0.40154782656644117;0.5984521734335588
1730780435.7103667;/app/bags/user95_2017-02-24.bag;0.834065854549408;0.0;0.9619645476341248;0.0;2.403604411345348;0.40154782656644117;0.5984521734335588
1730780435.9104452;/app/bags/user95_2017-02-24.bag;0.834065854549408;0.0;0.9619645476341248;0.0;2.403604411345348;0.40154782656644117;0.5984521734335588
1730780436.1103678;/app/bags/user95_2017-02-24.bag;0.834065854549408;0.0;0.9619645476341248;0.0;2.403604411345348;0.40154782656644117;0.5984521734335588
1730780436.310412;/app/bags/user95_2017-02-24.bag;0.834065854549408;0.0;0.9619645476341248;0.0;2.403604411345348;0.40154782656644117;0.5984521734335588
1730780436.5104077;/app/bags/user95_2017-02-24.bag;0.834065854549408;0.0;0.9619645476341248;0.0;2.403604411345348;0.40154782656644117;0.5984521734335588
1730780436.7103627;/app/bags/user95_2017-02-24.bag;0.834065854549408;0.0;0.9619645476341248;0.0;2.403604411345348;0.40154782656644117;0.5984521734335588
1730780436.9104245;/app/bags/user95_2017-02-24.bag;0.834065854549408;0.0;0.9619645476341248;0.0;2.403604411345348;0.40154782656644117;0.5984521734335588
1730780437.110445;/app/bags/user95_2017-02-24.bag;0.834065854549408;0.0;0.9619645476341248;0.0;2.403604411345348;0.40154782656644117;0.5984521734335588
1730780437.3103669;/app/bags/user95_2017-02-24.bag;0.834065854549408;0.0;0.9619645476341248;0.0;2.403604411345348;0.40154782656644117;0.5984521734335588
1730780437.510352;/app/bags/user95_2017-02-24.bag;0.834065854549408;0.0;0.9619645476341248;0.0;2.403604411345348;0.40154782656644117;0.5984521734335588
1730780437.7104487;/app/bags/user95_2017-02-24.bag;0.834065854549408;0.0;0.9619645476341248;0.0;2.403604411345348;0.40154782656644117;0.5984521734335588
1730780437.9103732;/app/bags/user95_2017-02-24.bag;0.834065854549408;0.0;0.9619645476341248;0.0;2.403604411345348;0.40154782656644117;0.5984521734335588
1730780438.110421;/app/bags/user95_2017-02-24.bag;0.834065854549408;0.0;0.9619645476341248;0.0;2.403604411345348;0.40154782656644117;0.5984521734335588
1730780438.310391;/app/bags/user95_2017-02-24.bag;0.834065854549408;0.0;0.9619645476341248;0.0;2.403604411345348;0.40154782656644117;0.5984521734335588
1730780438.5103617;/app/bags/user95_2017-02-24.bag;0.834065854549408;0.0;0.9619645476341248;0.0;2.403604411345348;0.40154782656644117;0.5984521734335588
1730780438.710488;/app/bags/user95_2017-02-24.bag;0.834065854549408;0.0;0.9619645476341248;0.0;2.403604411345348;0.40154782656644117;0.5984521734335588
1730780438.9104018;/app/bags/user95_2017-02-24.bag;0.834065854549408;0.0;0.9619645476341248;0.0;2.403604411345348;0.40154782656644117;0.5984521734335588
1730780439.1104097;/app/bags/user95_2017-02-24.bag;0.834065854549408;0.0;0.9619645476341248;0.0;2.403604411345348;0.40154782656644117;0.5984521734335588
1730780439.3103807;/app/bags/user95_2017-02-24.bag;0.834065854549408;0.0;0.9619645476341248;0.0;2.403604411345348;0.40154782656644117;0.5984521734335588
1730780439.5104125;/app/bags/user95_2017-02-24.bag;0.834065854549408;0.0;0.9619645476341248;0.0;2.403604411345348;0.40154782656644117;0.5984521734335588
1730780439.710362;/app/bags/user95_2017-02-24.bag;0.834065854549408;0.0;0.9619645476341248;0.0;2.403604411345348;0.40154782656644117;0.5984521734335588
1730780439.9103851;/app/bags/user95_2017-02-24.bag;0.834065854549408;0.0;0.9619645476341248;0.0;2.403604411345348;0.40154782656644117;0.5984521734335588
1730780440.1103394;/app/bags/user95_2017-02-24.bag;0.834065854549408;0.0;0.9619645476341248;0.0;2.403604411345348;0.40154782656644117;0.5984521734335588
1730780440.310403;/app/bags/user95_2017-02-24.bag;0.834065854549408;0.0;0.9619645476341248;0.0;2.403604411345348;0.40154782656644117;0.5984521734335588
1730780440.5104227;/app/bags/user95_2017-02-24.bag;0.834065854549408;0.0;0.9619645476341248;0.0;2.403604411345348;0.40154782656644117;0.5984521734335588
1730780440.7103598;/app/bags/user95_2017-02-24.bag;0.834065854549408;0.0;0.9619645476341248;0.0;2.403604411345348;0.40154782656644117;0.5984521734335588
1730780440.910402;/app/bags/user95_2017-02-24.bag;0.834065854549408;0.0;0.9619645476341248;0.0;2.403604411345348;0.40154782656644117;0.5984521734335588
1730780441.1105592;/app/bags/user95_2017-02-24.bag;0.834065854549408;0.0;0.9619645476341248;0.0;2.403604411345348;0.40154782656644117;0.5984521734335588
1730780441.310498;/app/bags/user95_2017-02-24.bag;0.834065854549408;0.0;0.9619645476341248;0.0;2.403604411345348;0.40154782656644117;0.5984521734335588
1730780441.5103614;/app/bags/user95_2017-02-24.bag;0.834065854549408;0.0;0.9619645476341248;0.0;2.403604411345348;0.40154782656644117;0.5984521734335588
1730780441.7103865;/app/bags/user95_2017-02-24.bag;0.834065854549408;0.0;0.9619645476341248;0.0;2.403604411345348;0.40154782656644117;0.5984521734335588
1730780441.910413;/app/bags/user95_2017-02-24.bag;0.834065854549408;0.0;0.9619645476341248;0.0;2.403604411345348;0.40154782656644117;0.5984521734335588
1730780442.1103404;/app/bags/user95_2017-02-24.bag;0.834065854549408;0.0;0.9619645476341248;0.0;2.403604411345348;0.40154782656644117;0.5984521734335588
1730780442.3104417;/app/bags/user95_2017-02-24.bag;0.834065854549408;0.0;0.9619645476341248;0.0;2.403604411345348;0.40154782656644117;0.5984521734335588
1730780442.510393;/app/bags/user95_2017-02-24.bag;0.834065854549408;0.0;0.9619645476341248;0.0;2.403604411345348;0.40154782656644117;0.5984521734335588
1730780442.7103884;/app/bags/user95_2017-02-24.bag;0.834065854549408;0.0;0.9619645476341248;0.0;2.403604411345348;0.40154782656644117;0.5984521734335588
1730780442.910455;/app/bags/user95_2017-02-24.bag;0.834065854549408;0.0;0.9619645476341248;0.0;2.403604411345348;0.40154782656644117;0.5984521734335588
1730780443.11041;/app/bags/user95_2017-02-24.bag;0.834065854549408;0.0;0.9619645476341248;0.0;2.403604411345348;0.40154782656644117;0.5984521734335588
1730780443.3104076;/app/bags/user95_2017-02-24.bag;0.834065854549408;0.0;0.9619645476341248;0.0;2.403604411345348;0.40154782656644117;0.5984521734335588
1730780443.5103855;/app/bags/user95_2017-02-24.bag;0.834065854549408;0.0;0.9619645476341248;0.0;2.403604411345348;0.40154782656644117;0.5984521734335588
1730780443.7103736;/app/bags/user95_2017-02-24.bag;0.834065854549408;0.0;0.9619645476341248;0.0;2.403604411345348;0.40154782656644117;0.5984521734335588
1730780443.9104118;/app/bags/user95_2017-02-24.bag;0.834065854549408;0.0;0.9619645476341248;0.0;2.403604411345348;0.40154782656644117;0.5984521734335588
1730780444.1103945;/app/bags/user95_2017-02-24.bag;0.834065854549408;0.0;0.9619645476341248;0.0;2.403604411345348;0.40154782656644117;0.5984521734335588
1730780444.3103635;/app/bags/user95_2017-02-24.bag;0.834065854549408;0.0;0.9619645476341248;0.0;2.403604411345348;0.40154782656644117;0.5984521734335588
1730780444.5105038;/app/bags/user95_2017-02-24.bag;0.834065854549408;0.0;0.9619645476341248;0.0;2.403604411345348;0.40154782656644117;0.5984521734335588
1730780444.7105145;/app/bags/user95_2017-02-24.bag;0.834065854549408;0.0;0.9619645476341248;0.0;2.403604411345348;0.40154782656644117;0.5984521734335588
1730780444.9103947;/app/bags/user95_2017-02-24.bag;0.834065854549408;0.0;0.9619645476341248;0.0;2.403604411345348;0.40154782656644117;0.5984521734335588
1730780445.1103616;/app/bags/user95_2017-02-24.bag;0.834065854549408;0.0;0.9619645476341248;0.0;2.403604411345348;0.40154782656644117;0.5984521734335588
1730780445.310363;/app/bags/user95_2017-02-24.bag;0.834065854549408;0.0;0.9619645476341248;0.0;2.403604411345348;0.40154782656644117;0.5984521734335588
1730780445.5104318;/app/bags/user95_2017-02-24.bag;0.834065854549408;0.0;0.9619645476341248;0.0;2.403604411345348;0.40154782656644117;0.5984521734335588
1730780445.7103798;/app/bags/user95_2017-02-24.bag;0.834065854549408;0.0;0.9619645476341248;0.0;2.403604411345348;0.40154782656644117;0.5984521734335588
1730780445.9104028;/app/bags/user95_2017-02-24.bag;0.834065854549408;0.0;0.9619645476341248;0.0;2.403604411345348;0.40154782656644117;0.5984521734335588
1730780446.1104128;/app/bags/user95_2017-02-24.bag;0.834065854549408;0.0;0.9619645476341248;0.0;2.403604411345348;0.40154782656644117;0.5984521734335588
1730780446.3105648;/app/bags/user95_2017-02-24.bag;0.834065854549408;0.0;0.9619645476341248;0.0;2.403604411345348;0.40154782656644117;0.5984521734335588
1730780446.5104012;/app/bags/user95_2017-02-24.bag;0.834065854549408;0.0;0.9619645476341248;0.0;2.403604411345348;0.40154782656644117;0.5984521734335588
1730780446.7103536;/app/bags/user95_2017-02-24.bag;0.834065854549408;0.0;0.9619645476341248;0.0;2.403604411345348;0.40154782656644117;0.5984521734335588
1730780446.910386;/app/bags/user95_2017-02-24.bag;0.834065854549408;0.0;0.9619645476341248;0.0;2.403604411345348;0.40154782656644117;0.5984521734335588
1730780447.1104565;/app/bags/user95_2017-02-24.bag;0.834065854549408;0.0;0.9619645476341248;0.0;2.403604411345348;0.40154782656644117;0.5984521734335588
1730780447.31038;/app/bags/user95_2017-02-24.bag;0.834065854549408;0.0;0.9619645476341248;0.0;2.403604411345348;0.40154782656644117;0.5984521734335588
1730780447.5103831;/app/bags/user95_2017-02-24.bag;0.834065854549408;0.0;0.9619645476341248;0.0;2.403604411345348;0.40154782656644117;0.5984521734335588
1730780447.7103903;/app/bags/user95_2017-02-24.bag;0.834065854549408;0.0;0.9619645476341248;0.0;2.403604411345348;0.40154782656644117;0.5984521734335588
1730780447.9104092;/app/bags/user95_2017-02-24.bag;0.834065854549408;0.0;0.9619645476341248;0.0;2.403604411345348;0.40154782656644117;0.5984521734335588
1730780448.1104298;/app/bags/user95_2017-02-24.bag;0.834065854549408;0.0;0.9619645476341248;0.0;2.403604411345348;0.40154782656644117;0.5984521734335588
1730780448.3103766;/app/bags/user95_2017-02-24.bag;0.834065854549408;0.0;0.9619645476341248;0.0;2.403604411345348;0.40154782656644117;0.5984521734335588
1730780448.510374;/app/bags/user95_2017-02-24.bag;0.834065854549408;0.0;0.9619645476341248;0.0;2.403604411345348;0.40154782656644117;0.5984521734335588
1730780448.7103806;/app/bags/user95_2017-02-24.bag;0.834065854549408;0.0;0.9619645476341248;0.0;2.403604411345348;0.40154782656644117;0.5984521734335588
1730780448.9103572;/app/bags/user95_2017-02-24.bag;0.834065854549408;0.0;0.9619645476341248;0.0;2.403604411345348;0.40154782656644117;0.5984521734335588
1730780449.1104066;/app/bags/user95_2017-02-24.bag;0.834065854549408;0.0;0.9619645476341248;0.0;2.403604411345348;0.40154782656644117;0.5984521734335588
1730780449.3104138;/app/bags/user95_2017-02-24.bag;0.834065854549408;0.0;0.9619645476341248;0.0;2.403604411345348;0.40154782656644117;0.5984521734335588
1730780449.5103865;/app/bags/user95_2017-02-24.bag;0.834065854549408;0.0;0.9619645476341248;0.0;2.403604411345348;0.40154782656644117;0.5984521734335588
1730780449.7104447;/app/bags/user95_2017-02-24.bag;0.834065854549408;0.0;0.9619645476341248;0.0;2.403604411345348;0.40154782656644117;0.5984521734335588
1730780449.910414;/app/bags/user95_2017-02-24.bag;0.834065854549408;0.0;0.9619645476341248;0.0;2.403604411345348;0.40154782656644117;0.5984521734335588
1730780450.1103818;/app/bags/user95_2017-02-24.bag;0.834065854549408;0.0;0.9619645476341248;0.0;2.403604411345348;0.40154782656644117;0.5984521734335588
1730780450.310437;/app/bags/user95_2017-02-24.bag;0.834065854549408;0.0;0.9619645476341248;0.0;2.403604411345348;0.40154782656644117;0.5984521734335588
1730780450.5104392;/app/bags/user95_2017-02-24.bag;0.834065854549408;0.0;0.9619645476341248;0.0;2.403604411345348;0.40154782656644117;0.5984521734335588
1730780450.7104023;/app/bags/user95_2017-02-24.bag;0.834065854549408;0.0;0.9619645476341248;0.0;2.403604411345348;0.40154782656644117;0.5984521734335588
1730780450.910365;/app/bags/user95_2017-02-24.bag;0.834065854549408;0.0;0.9619645476341248;0.0;2.403604411345348;0.40154782656644117;0.5984521734335588
1730780451.1104467;/app/bags/user95_2017-02-24.bag;0.834065854549408;0.0;0.9619645476341248;0.0;2.403604411345348;0.40154782656644117;0.5984521734335588
1730780451.3103788;/app/bags/user95_2017-02-24.bag;0.834065854549408;0.0;0.9619645476341248;0.0;2.403604411345348;0.40154782656644117;0.5984521734335588
1730780451.5104237;/app/bags/user95_2017-02-24.bag;0.834065854549408;0.0;0.9619645476341248;0.0;2.403604411345348;0.40154782656644117;0.5984521734335588
1730780451.7103918;/app/bags/user95_2017-02-24.bag;0.834065854549408;0.0;0.9619645476341248;0.0;2.403604411345348;0.40154782656644117;0.5984521734335588
1730780451.9103835;/app/bags/user95_2017-02-24.bag;0.834065854549408;0.0;0.9619645476341248;0.0;2.403604411345348;0.40154782656644117;0.5984521734335588
1730780452.1104;/app/bags/user95_2017-02-24.bag;0.834065854549408;0.0;0.9619645476341248;0.0;2.403604411345348;0.40154782656644117;0.5984521734335588
1730780452.310368;/app/bags/user95_2017-02-24.bag;0.834065854549408;0.0;0.9619645476341248;0.0;2.403604411345348;0.40154782656644117;0.5984521734335588
1730780452.5103776;/app/bags/user95_2017-02-24.bag;0.834065854549408;0.0;0.9619645476341248;0.0;2.403604411345348;0.40154782656644117;0.5984521734335588
1730780452.7104368;/app/bags/user95_2017-02-24.bag;0.834065854549408;0.0;0.9619645476341248;0.0;2.403604411345348;0.40154782656644117;0.5984521734335588
1730780452.910378;/app/bags/user95_2017-02-24.bag;0.834065854549408;0.0;0.9619645476341248;0.0;2.403604411345348;0.40154782656644117;0.5984521734335588
1730780453.1103897;/app/bags/user95_2017-02-24.bag;0.834065854549408;0.0;0.9619645476341248;0.0;2.403604411345348;0.40154782656644117;0.5984521734335588
1730780453.310384;/app/bags/user95_2017-02-24.bag;0.834065854549408;0.0;0.9619645476341248;0.0;2.403604411345348;0.40154782656644117;0.5984521734335588
1730780453.510383;/app/bags/user95_2017-02-24.bag;0.834065854549408;0.0;0.9619645476341248;0.0;2.403604411345348;0.40154782656644117;0.5984521734335588
1730780453.7103863;/app/bags/user95_2017-02-24.bag;0.834065854549408;0.0;0.9619645476341248;0.0;2.403604411345348;0.40154782656644117;0.5984521734335588
1730780453.9104607;/app/bags/user95_2017-02-24.bag;0.834065854549408;0.0;0.9619645476341248;0.0;2.403604411345348;0.40154782656644117;0.5984521734335588
1730780454.1103888;/app/bags/user95_2017-02-24.bag;0.834065854549408;0.0;0.9619645476341248;0.0;2.403604411345348;0.40154782656644117;0.5984521734335588
1730780454.3103852;/app/bags/user95_2017-02-24.bag;0.834065854549408;0.0;0.9619645476341248;0.0;2.403604411345348;0.40154782656644117;0.5984521734335588
1730780454.510381;/app/bags/user95_2017-02-24.bag;0.834065854549408;0.0;0.9619645476341248;0.0;2.403604411345348;0.40154782656644117;0.5984521734335588
1730780454.71042;/app/bags/user95_2017-02-24.bag;0.834065854549408;0.0;0.9619645476341248;0.0;2.403604411345348;0.40154782656644117;0.5984521734335588
1730780454.91046;/app/bags/user95_2017-02-24.bag;0.834065854549408;0.0;0.9619645476341248;0.0;2.403604411345348;0.40154782656644117;0.5984521734335588
1730780455.110456;/app/bags/user95_2017-02-24.bag;0.834065854549408;0.0;0.9619645476341248;0.0;2.403604411345348;0.40154782656644117;0.5984521734335588
1730780455.3104236;/app/bags/user95_2017-02-24.bag;0.834065854549408;0.0;0.9619645476341248;0.0;2.403604411345348;0.40154782656644117;0.5984521734335588
1730780455.5103862;/app/bags/user95_2017-02-24.bag;0.834065854549408;0.0;0.9619645476341248;0.0;2.403604411345348;0.40154782656644117;0.5984521734335588
1730780455.7103937;/app/bags/user95_2017-02-24.bag;0.834065854549408;0.0;0.9619645476341248;0.0;2.403604411345348;0.40154782656644117;0.5984521734335588
1730780455.9104207;/app/bags/user95_2017-02-24.bag;0.834065854549408;0.0;0.9619645476341248;0.0;2.403604411345348;0.40154782656644117;0.5984521734335588
1730780456.1104004;/app/bags/user95_2017-02-24.bag;0.834065854549408;0.0;0.9619645476341248;0.0;2.403604411345348;0.40154782656644117;0.5984521734335588
1730780456.3103654;/app/bags/user95_2017-02-24.bag;0.834065854549408;0.0;0.9619645476341248;0.0;2.403604411345348;0.40154782656644117;0.5984521734335588
1730780456.5103867;/app/bags/user95_2017-02-24.bag;0.834065854549408;0.0;0.9619645476341248;0.0;2.403604411345348;0.40154782656644117;0.5984521734335588
1730780456.7103627;/app/bags/user95_2017-02-24.bag;0.834065854549408;0.0;0.9619645476341248;0.0;2.403604411345348;0.40154782656644117;0.5984521734335588
1730780456.9103937;/app/bags/user95_2017-02-24.bag;0.834065854549408;0.0;0.9619645476341248;0.0;2.403604411345348;0.40154782656644117;0.5984521734335588
1730780457.1104333;/app/bags/user95_2017-02-24.bag;0.834065854549408;0.0;0.9619645476341248;0.0;2.403604411345348;0.40154782656644117;0.5984521734335588
1730780457.3103805;/app/bags/user95_2017-02-24.bag;0.834065854549408;0.0;0.9619645476341248;0.0;2.403604411345348;0.40154782656644117;0.5984521734335588
1730780457.510421;/app/bags/user95_2017-02-24.bag;0.834065854549408;0.0;0.9619645476341248;0.0;2.403604411345348;0.40154782656644117;0.5984521734335588
1730780457.7103496;/app/bags/user95_2017-02-24.bag;0.834065854549408;0.0;0.9619645476341248;0.0;2.403604411345348;0.40154782656644117;0.5984521734335588
1730780457.9104152;/app/bags/user95_2017-02-24.bag;0.834065854549408;0.0;0.9619645476341248;0.0;2.403604411345348;0.40154782656644117;0.5984521734335588
1730780458.1103604;/app/bags/user95_2017-02-24.bag;0.834065854549408;0.0;0.9619645476341248;0.0;2.403604411345348;0.40154782656644117;0.5984521734335588
1730780458.310378;/app/bags/user95_2017-02-24.bag;0.834065854549408;0.0;0.9619645476341248;0.0;2.403604411345348;0.40154782656644117;0.5984521734335588
1730780458.5103836;/app/bags/user95_2017-02-24.bag;0.834065854549408;0.0;0.9619645476341248;0.0;2.403604411345348;0.40154782656644117;0.5984521734335588
1730780458.7104185;/app/bags/user95_2017-02-24.bag;0.834065854549408;0.0;0.9619645476341248;0.0;2.403604411345348;0.40154782656644117;0.5984521734335588
1730780458.9103982;/app/bags/user95_2017-02-24.bag;0.834065854549408;0.0;0.9619645476341248;0.0;2.403604411345348;0.40154782656644117;0.5984521734335588
1730780459.1103954;/app/bags/user95_2017-02-24.bag;0.834065854549408;0.0;0.9619645476341248;0.0;2.403604411345348;0.40154782656644117;0.5984521734335588
1730780459.310391;/app/bags/user95_2017-02-24.bag;0.834065854549408;0.0;0.9619645476341248;0.0;2.403604411345348;0.40154782656644117;0.5984521734335588
1730780459.510417;/app/bags/user95_2017-02-24.bag;0.834065854549408;0.0;0.9619645476341248;0.0;2.403604411345348;0.40154782656644117;0.5984521734335588
1730780459.710386;/app/bags/user95_2017-02-24.bag;0.834065854549408;0.0;0.9619645476341248;0.0;2.403604411345348;0.40154782656644117;0.5984521734335588
1730780459.9103992;/app/bags/user95_2017-02-24.bag;0.834065854549408;0.0;0.9619645476341248;0.0;2.403604411345348;0.40154782656644117;0.5984521734335588
1730780460.110389;/app/bags/user95_2017-02-24.bag;0.834065854549408;0.0;0.9619645476341248;0.0;2.403604411345348;0.40154782656644117;0.5984521734335588
1730780460.3104274;/app/bags/user95_2017-02-24.bag;0.834065854549408;0.0;0.9619645476341248;0.0;2.403604411345348;0.40154782656644117;0.5984521734335588
1730780460.510438;/app/bags/user95_2017-02-24.bag;0.834065854549408;0.0;0.9619645476341248;0.0;2.403604411345348;0.40154782656644117;0.5984521734335588
1730780460.7103736;/app/bags/user95_2017-02-24.bag;0.834065854549408;0.0;0.9619645476341248;0.0;2.403604411345348;0.40154782656644117;0.5984521734335588
1730780460.910375;/app/bags/user95_2017-02-24.bag;0.834065854549408;0.0;0.9619645476341248;0.0;2.403604411345348;0.40154782656644117;0.5984521734335588
1730780461.110365;/app/bags/user95_2017-02-24.bag;0.834065854549408;0.0;0.9619645476341248;0.0;2.403604411345348;0.40154782656644117;0.5984521734335588
1730780461.3103974;/app/bags/user95_2017-02-24.bag;0.834065854549408;0.0;0.9619645476341248;0.0;2.403604411345348;0.40154782656644117;0.5984521734335588
1730780461.510433;/app/bags/user95_2017-02-24.bag;0.834065854549408;0.0;0.9619645476341248;0.0;2.403604411345348;0.40154782656644117;0.5984521734335588
1730780461.7104063;/app/bags/user95_2017-02-24.bag;0.834065854549408;0.0;0.9619645476341248;0.0;2.403604411345348;0.40154782656644117;0.5984521734335588
1730780461.9103842;/app/bags/user95_2017-02-24.bag;0.834065854549408;0.0;0.9619645476341248;0.0;2.403604411345348;0.40154782656644117;0.5984521734335588
1730780462.110342;/app/bags/user95_2017-02-24.bag;0.834065854549408;0.0;0.9619645476341248;0.0;2.403604411345348;0.40154782656644117;0.5984521734335588
1730780462.3104026;/app/bags/user95_2017-02-24.bag;0.834065854549408;0.0;0.9619645476341248;0.0;2.403604411345348;0.40154782656644117;0.5984521734335588
1730780462.5103815;/app/bags/user95_2017-02-24.bag;0.834065854549408;0.0;0.9619645476341248;0.0;2.403604411345348;0.40154782656644117;0.5984521734335588
1730780462.7103987;/app/bags/user95_2017-02-24.bag;0.834065854549408;0.0;0.9619645476341248;0.0;2.403604411345348;0.40154782656644117;0.5984521734335588
1730780462.9103675;/app/bags/user95_2017-02-24.bag;0.834065854549408;0.0;0.9619645476341248;0.0;2.403604411345348;0.40154782656644117;0.5984521734335588
1730780463.110379;/app/bags/user95_2017-02-24.bag;0.834065854549408;0.0;0.9619645476341248;0.0;2.403604411345348;0.40154782656644117;0.5984521734335588
1730780463.3103971;/app/bags/user95_2017-02-24.bag;0.834065854549408;0.0;0.9619645476341248;0.0;2.403604411345348;0.40154782656644117;0.5984521734335588
1730780463.510397;/app/bags/user95_2017-02-24.bag;0.834065854549408;0.0;0.9619645476341248;0.0;2.403604411345348;0.40154782656644117;0.5984521734335588
1730780463.710389;/app/bags/user95_2017-02-24.bag;0.834065854549408;0.0;0.9619645476341248;0.0;2.403604411345348;0.40154782656644117;0.5984521734335588
1730780463.9104548;/app/bags/user95_2017-02-24.bag;0.834065854549408;0.0;0.9619645476341248;0.0;2.403604411345348;0.40154782656644117;0.5984521734335588
1730780464.1103766;/app/bags/user95_2017-02-24.bag;0.834065854549408;0.0;0.9619645476341248;0.0;2.403604411345348;0.40154782656644117;0.5984521734335588
1730780464.3103998;/app/bags/user95_2017-02-24.bag;0.834065854549408;0.0;0.9619645476341248;0.0;2.403604411345348;0.40154782656644117;0.5984521734335588
1730780464.510383;/app/bags/user95_2017-02-24.bag;0.834065854549408;0.0;0.9619645476341248;0.0;2.403604411345348;0.40154782656644117;0.5984521734335588
1730780464.7103965;/app/bags/user95_2017-02-24.bag;0.834065854549408;0.0;0.9619645476341248;0.0;2.403604411345348;0.40154782656644117;0.5984521734335588
1730780464.9104507;/app/bags/user95_2017-02-24.bag;0.834065854549408;0.0;0.9619645476341248;0.0;2.403604411345348;0.40154782656644117;0.5984521734335588
1730780465.11044;/app/bags/user95_2017-02-24.bag;0.834065854549408;0.0;0.9619645476341248;0.0;2.403604411345348;0.40154782656644117;0.5984521734335588
1730780465.3103964;/app/bags/user95_2017-02-24.bag;0.834065854549408;0.0;0.9619645476341248;0.0;2.403604411345348;0.40154782656644117;0.5984521734335588
1730780465.5103788;/app/bags/user95_2017-02-24.bag;0.834065854549408;0.0;0.9619645476341248;0.0;2.403604411345348;0.40154782656644117;0.5984521734335588
1730780465.710374;/app/bags/user95_2017-02-24.bag;0.834065854549408;0.0;0.9619645476341248;0.0;2.403604411345348;0.40154782656644117;0.5984521734335588
1730780465.9103804;/app/bags/user95_2017-02-24.bag;0.834065854549408;0.0;0.9619645476341248;0.0;2.403604411345348;0.40154782656644117;0.5984521734335588
1730780466.1104875;/app/bags/user95_2017-02-24.bag;0.834065854549408;0.0;0.9619645476341248;0.0;2.403604411345348;0.40154782656644117;0.5984521734335588
1730780466.3103735;/app/bags/user95_2017-02-24.bag;0.834065854549408;0.0;0.9619645476341248;0.0;2.403604411345348;0.40154782656644117;0.5984521734335588
1730780466.5104043;/app/bags/user95_2017-02-24.bag;0.834065854549408;0.0;0.9619645476341248;0.0;2.403604411345348;0.40154782656644117;0.5984521734335588
1730780466.710561;/app/bags/user95_2017-02-24.bag;0.834065854549408;0.0;0.9619645476341248;0.0;2.403604411345348;0.40154782656644117;0.5984521734335588
1730780466.9103494;/app/bags/user95_2017-02-24.bag;0.834065854549408;0.0;0.9619645476341248;0.0;2.403604411345348;0.40154782656644117;0.5984521734335588
1730780467.1104736;/app/bags/user95_2017-02-24.bag;0.834065854549408;0.0;0.9619645476341248;0.0;2.403604411345348;0.40154782656644117;0.5984521734335588
1730780467.3104327;/app/bags/user95_2017-02-24.bag;0.834065854549408;0.0;0.9619645476341248;0.0;2.403604411345348;0.40154782656644117;0.5984521734335588
1730780467.5104363;/app/bags/user95_2017-02-24.bag;0.834065854549408;0.0;0.9619645476341248;0.0;2.403604411345348;0.40154782656644117;0.5984521734335588
1730780467.7104096;/app/bags/user95_2017-02-24.bag;0.834065854549408;0.0;0.9619645476341248;0.0;2.403604411345348;0.40154782656644117;0.5984521734335588
1730780467.9103804;/app/bags/user95_2017-02-24.bag;0.834065854549408;0.0;0.9619645476341248;0.0;2.403604411345348;0.40154782656644117;0.5984521734335588
1730780468.110364;/app/bags/user95_2017-02-24.bag;0.834065854549408;0.0;0.9619645476341248;0.0;2.403604411345348;0.40154782656644117;0.5984521734335588
1730780468.310427;/app/bags/user95_2017-02-24.bag;0.834065854549408;0.0;0.9619645476341248;0.0;2.403604411345348;0.40154782656644117;0.5984521734335588
1730780468.5103867;/app/bags/user95_2017-02-24.bag;0.834065854549408;0.0;0.9619645476341248;0.0;2.403604411345348;0.40154782656644117;0.5984521734335588
1730780468.710392;/app/bags/user95_2017-02-24.bag;0.834065854549408;0.0;0.9619645476341248;0.0;2.403604411345348;0.40154782656644117;0.5984521734335588
1730780468.910391;/app/bags/user95_2017-02-24.bag;0.834065854549408;0.0;0.9619645476341248;0.0;2.403604411345348;0.40154782656644117;0.5984521734335588
1730780469.1103868;/app/bags/user95_2017-02-24.bag;0.834065854549408;0.0;0.9619645476341248;0.0;2.403604411345348;0.40154782656644117;0.5984521734335588
1730780469.3103788;/app/bags/user95_2017-02-24.bag;0.834065854549408;0.0;0.9619645476341248;0.0;2.403604411345348;0.40154782656644117;0.5984521734335588
1730780469.5103943;/app/bags/user95_2017-02-24.bag;0.834065854549408;0.0;0.9619645476341248;0.0;2.403604411345348;0.40154782656644117;0.5984521734335588
1730780469.7104006;/app/bags/user95_2017-02-24.bag;0.834065854549408;0.0;0.9619645476341248;0.0;2.403604411345348;0.40154782656644117;0.5984521734335588
1730780469.9103756;/app/bags/user95_2017-02-24.bag;0.834065854549408;0.0;0.9619645476341248;0.0;2.403604411345348;0.40154782656644117;0.5984521734335588
1730780470.1103904;/app/bags/user95_2017-02-24.bag;0.834065854549408;0.0;0.9619645476341248;0.0;2.403604411345348;0.40154782656644117;0.5984521734335588
1730780470.310407;/app/bags/user95_2017-02-24.bag;0.834065854549408;0.0;0.9619645476341248;0.0;2.403604411345348;0.40154782656644117;0.5984521734335588
1730780470.5104167;/app/bags/user95_2017-02-24.bag;0.834065854549408;0.0;0.9619645476341248;0.0;2.403604411345348;0.40154782656644117;0.5984521734335588
1730780470.7103813;/app/bags/user95_2017-02-24.bag;0.834065854549408;0.0;0.9619645476341248;0.0;2.403604411345348;0.40154782656644117;0.5984521734335588
1730780470.9103882;/app/bags/user95_2017-02-24.bag;0.834065854549408;0.0;0.9619645476341248;0.0;2.403604411345348;0.40154782656644117;0.5984521734335588
1730780471.1103892;/app/bags/user95_2017-02-24.bag;0.834065854549408;0.0;0.9619645476341248;0.0;2.403604411345348;0.40154782656644117;0.5984521734335588
1730780471.3104126;/app/bags/user95_2017-02-24.bag;0.834065854549408;0.0;0.9619645476341248;0.0;2.403604411345348;0.40154782656644117;0.5984521734335588
1730780471.5105062;/app/bags/user95_2017-02-24.bag;0.834065854549408;0.0;0.9619645476341248;0.0;2.403604411345348;0.40154782656644117;0.5984521734335588
1730780471.710404;/app/bags/user95_2017-02-24.bag;0.834065854549408;0.0;0.9619645476341248;0.0;2.403604411345348;0.40154782656644117;0.5984521734335588
1730780471.910398;/app/bags/user95_2017-02-24.bag;0.834065854549408;0.0;0.9619645476341248;0.0;2.403604411345348;0.40154782656644117;0.5984521734335588
1730780472.1103935;/app/bags/user95_2017-02-24.bag;0.834065854549408;0.0;0.9619645476341248;0.0;2.403604411345348;0.40154782656644117;0.5984521734335588
1730780472.3104007;/app/bags/user95_2017-02-24.bag;0.834065854549408;0.0;0.9619645476341248;0.0;2.403604411345348;0.40154782656644117;0.5984521734335588
1730780472.5103812;/app/bags/user95_2017-02-24.bag;0.834065854549408;0.0;0.9619645476341248;0.0;2.403604411345348;0.40154782656644117;0.5984521734335588
1730780472.710384;/app/bags/user95_2017-02-24.bag;0.834065854549408;0.0;0.9619645476341248;0.0;2.403604411345348;0.40154782656644117;0.5984521734335588
1730780472.910371;/app/bags/user95_2017-02-24.bag;0.834065854549408;0.0;0.9619645476341248;0.0;2.403604411345348;0.40154782656644117;0.5984521734335588
1730780473.1104221;/app/bags/user95_2017-02-24.bag;0.834065854549408;0.0;0.9619645476341248;0.0;2.403604411345348;0.40154782656644117;0.5984521734335588
1730780473.3104022;/app/bags/user95_2017-02-24.bag;0.834065854549408;0.0;0.9619645476341248;0.0;2.403604411345348;0.40154782656644117;0.5984521734335588
1730780473.5103714;/app/bags/user95_2017-02-24.bag;0.834065854549408;0.0;0.9619645476341248;0.0;2.403604411345348;0.40154782656644117;0.5984521734335588
1730780473.7104237;/app/bags/user95_2017-02-24.bag;0.834065854549408;0.0;0.9619645476341248;0.0;2.403604411345348;0.40154782656644117;0.5984521734335588
1730780473.9103656;/app/bags/user95_2017-02-24.bag;0.834065854549408;0.0;0.9619645476341248;0.0;2.403604411345348;0.40154782656644117;0.5984521734335588
1730780474.1103692;/app/bags/user95_2017-02-24.bag;0.834065854549408;0.0;0.9619645476341248;0.0;2.403604411345348;0.40154782656644117;0.5984521734335588
1730780474.3104231;/app/bags/user95_2017-02-24.bag;0.834065854549408;0.0;0.9619645476341248;0.0;2.403604411345348;0.40154782656644117;0.5984521734335588
1730780474.5103705;/app/bags/user95_2017-02-24.bag;0.834065854549408;0.0;0.9619645476341248;0.0;2.403604411345348;0.40154782656644117;0.5984521734335588
1730780474.7104218;/app/bags/user95_2017-02-24.bag;0.834065854549408;0.0;0.9619645476341248;0.0;2.403604411345348;0.40154782656644117;0.5984521734335588
1730780474.910466;/app/bags/user95_2017-02-24.bag;0.834065854549408;0.0;0.9619645476341248;0.0;2.403604411345348;0.40154782656644117;0.5984521734335588
1730780475.1103964;/app/bags/user95_2017-02-24.bag;0.834065854549408;0.0;0.9619645476341248;0.0;2.403604411345348;0.40154782656644117;0.5984521734335588
1730780475.3103764;/app/bags/user95_2017-02-24.bag;0.834065854549408;0.0;0.9619645476341248;0.0;2.403604411345348;0.40154782656644117;0.5984521734335588
1730780475.5104072;/app/bags/user95_2017-02-24.bag;0.834065854549408;0.0;0.9619645476341248;0.0;2.403604411345348;0.40154782656644117;0.5984521734335588
1730780475.710495;/app/bags/user95_2017-02-24.bag;0.834065854549408;0.0;0.9619645476341248;0.0;2.403604411345348;0.40154782656644117;0.5984521734335588
1730780475.9103794;/app/bags/user95_2017-02-24.bag;0.834065854549408;0.0;0.9619645476341248;0.0;2.403604411345348;0.40154782656644117;0.5984521734335588
1730780476.1103947;/app/bags/user95_2017-02-24.bag;0.834065854549408;0.0;0.9619645476341248;0.0;2.403604411345348;0.40154782656644117;0.5984521734335588
1730780476.3103557;/app/bags/user95_2017-02-24.bag;0.834065854549408;0.0;0.9619645476341248;0.0;2.403604411345348;0.40154782656644117;0.5984521734335588
1730780476.5103889;/app/bags/user95_2017-02-24.bag;0.834065854549408;0.0;0.9619645476341248;0.0;2.403604411345348;0.40154782656644117;0.5984521734335588
1730780476.7103765;/app/bags/user95_2017-02-24.bag;0.834065854549408;0.0;0.9619645476341248;0.0;2.403604411345348;0.40154782656644117;0.5984521734335588
1730780476.9103925;/app/bags/user95_2017-02-24.bag;0.834065854549408;0.0;0.9619645476341248;0.0;2.403604411345348;0.40154782656644117;0.5984521734335588
1730780477.1104856;/app/bags/user95_2017-02-24.bag;0.834065854549408;0.0;0.9619645476341248;0.0;2.403604411345348;0.40154782656644117;0.5984521734335588
1730780477.3103955;/app/bags/user95_2017-02-24.bag;0.834065854549408;0.0;0.9619645476341248;0.0;2.403604411345348;0.40154782656644117;0.5984521734335588
1730780477.5103962;/app/bags/user95_2017-02-24.bag;0.834065854549408;0.0;0.9619645476341248;0.0;2.403604411345348;0.40154782656644117;0.5984521734335588
1730780477.7103748;/app/bags/user95_2017-02-24.bag;0.834065854549408;0.0;0.9619645476341248;0.0;2.403604411345348;0.40154782656644117;0.5984521734335588
1730780477.9103823;/app/bags/user95_2017-02-24.bag;0.834065854549408;0.0;0.9619645476341248;0.0;2.403604411345348;0.40154782656644117;0.5984521734335588
1730780478.110379;/app/bags/user95_2017-02-24.bag;0.834065854549408;0.0;0.9619645476341248;0.0;2.403604411345348;0.40154782656644117;0.5984521734335588
1730780478.3103843;/app/bags/user95_2017-02-24.bag;0.834065854549408;0.0;0.9619645476341248;0.0;2.403604411345348;0.40154782656644117;0.5984521734335588
1730780478.510404;/app/bags/user95_2017-02-24.bag;0.834065854549408;0.0;0.9619645476341248;0.0;2.403604411345348;0.40154782656644117;0.5984521734335588
1730780478.710387;/app/bags/user95_2017-02-24.bag;0.834065854549408;0.0;0.9619645476341248;0.0;2.403604411345348;0.40154782656644117;0.5984521734335588
1730780478.9104424;/app/bags/user95_2017-02-24.bag;0.834065854549408;0.0;0.9619645476341248;0.0;2.403604411345348;0.40154782656644117;0.5984521734335588
1730780479.110531;/app/bags/user95_2017-02-24.bag;0.834065854549408;0.0;0.9619645476341248;0.0;2.403604411345348;0.40154782656644117;0.5984521734335588
1730780479.3104208;/app/bags/user95_2017-02-24.bag;0.834065854549408;0.0;0.9619645476341248;0.0;2.403604411345348;0.40154782656644117;0.5984521734335588
1730780479.5103815;/app/bags/user95_2017-02-24.bag;0.834065854549408;0.0;0.9619645476341248;0.0;2.403604411345348;0.40154782656644117;0.5984521734335588
1730780479.710381;/app/bags/user95_2017-02-24.bag;0.834065854549408;0.0;0.9619645476341248;0.0;2.403604411345348;0.40154782656644117;0.5984521734335588
1730780479.9104083;/app/bags/user95_2017-02-24.bag;0.834065854549408;0.0;0.9619645476341248;0.0;2.403604411345348;0.40154782656644117;0.5984521734335588
1730780480.1103952;/app/bags/user95_2017-02-24.bag;0.834065854549408;0.0;0.9619645476341248;0.0;2.403604411345348;0.40154782656644117;0.5984521734335588
1730780480.3104324;/app/bags/user95_2017-02-24.bag;0.834065854549408;0.0;0.9619645476341248;0.0;2.403604411345348;0.40154782656644117;0.5984521734335588
1730780480.5104;/app/bags/user95_2017-02-24.bag;0.834065854549408;0.0;0.9619645476341248;0.0;2.403604411345348;0.40154782656644117;0.5984521734335588
1730780480.7104197;/app/bags/user95_2017-02-24.bag;0.834065854549408;0.0;0.9619645476341248;0.0;2.403604411345348;0.40154782656644117;0.5984521734335588
1730780480.9104087;/app/bags/user95_2017-02-24.bag;0.834065854549408;0.0;0.9619645476341248;0.0;2.403604411345348;0.40154782656644117;0.5984521734335588
1730780481.110369;/app/bags/user95_2017-02-24.bag;0.834065854549408;0.0;0.9619645476341248;0.0;2.403604411345348;0.40154782656644117;0.5984521734335588
1730780481.3104556;/app/bags/user95_2017-02-24.bag;0.834065854549408;0.0;0.9619645476341248;0.0;2.403604411345348;0.40154782656644117;0.5984521734335588
1730780481.5104277;/app/bags/user95_2017-02-24.bag;0.834065854549408;0.0;0.9619645476341248;0.0;2.403604411345348;0.40154782656644117;0.5984521734335588
1730780481.7103736;/app/bags/user95_2017-02-24.bag;0.834065854549408;0.0;0.9619645476341248;0.0;2.403604411345348;0.40154782656644117;0.5984521734335588
1730780481.9103868;/app/bags/user95_2017-02-24.bag;0.834065854549408;0.0;0.9619645476341248;0.0;2.403604411345348;0.40154782656644117;0.5984521734335588
1730780482.1103878;/app/bags/user95_2017-02-24.bag;0.834065854549408;0.0;0.9619645476341248;0.0;2.403604411345348;0.40154782656644117;0.5984521734335588
1730780482.3104177;/app/bags/user95_2017-02-24.bag;0.834065854549408;0.0;0.9619645476341248;0.0;2.403604411345348;0.40154782656644117;0.5984521734335588
1730780482.5103865;/app/bags/user95_2017-02-24.bag;0.834065854549408;0.0;0.9619645476341248;0.0;2.403604411345348;0.40154782656644117;0.5984521734335588
1730780482.7104406;/app/bags/user95_2017-02-24.bag;0.834065854549408;0.0;0.9619645476341248;0.0;2.403604411345348;0.40154782656644117;0.5984521734335588
1730780482.9103737;/app/bags/user95_2017-02-24.bag;0.834065854549408;0.0;0.9619645476341248;0.0;2.403604411345348;0.40154782656644117;0.5984521734335588
1730780483.1103764;/app/bags/user95_2017-02-24.bag;0.834065854549408;0.0;0.9619645476341248;0.0;2.403604411345348;0.40154782656644117;0.5984521734335588
1730780483.310404;/app/bags/user95_2017-02-24.bag;0.834065854549408;0.0;0.9619645476341248;0.0;2.403604411345348;0.40154782656644117;0.5984521734335588
1730780483.5103664;/app/bags/user95_2017-02-24.bag;0.834065854549408;0.0;0.9619645476341248;0.0;2.403604411345348;0.40154782656644117;0.5984521734335588
1730780483.710357;/app/bags/user95_2017-02-24.bag;0.834065854549408;0.0;0.9619645476341248;0.0;2.403604411345348;0.40154782656644117;0.5984521734335588
1730780483.9104025;/app/bags/user95_2017-02-24.bag;0.834065854549408;0.0;0.9619645476341248;0.0;2.403604411345348;0.40154782656644117;0.5984521734335588
1730780484.1103666;/app/bags/user95_2017-02-24.bag;0.834065854549408;0.0;0.9619645476341248;0.0;2.403604411345348;0.40154782656644117;0.5984521734335588
1730780484.3103697;/app/bags/user95_2017-02-24.bag;0.834065854549408;0.0;0.9619645476341248;0.0;2.403604411345348;0.40154782656644117;0.5984521734335588
1730780484.5103657;/app/bags/user95_2017-02-24.bag;0.834065854549408;0.0;0.9619645476341248;0.0;2.403604411345348;0.40154782656644117;0.5984521734335588
1730780484.7103493;/app/bags/user95_2017-02-24.bag;0.834065854549408;0.0;0.9619645476341248;0.0;2.403604411345348;0.40154782656644117;0.5984521734335588
1730780484.9103904;/app/bags/user95_2017-02-24.bag;0.834065854549408;0.0;0.9619645476341248;0.0;2.403604411345348;0.40154782656644117;0.5984521734335588
1730780485.1103742;/app/bags/user95_2017-02-24.bag;0.834065854549408;0.0;0.9619645476341248;0.0;2.403604411345348;0.40154782656644117;0.5984521734335588
1730780485.3104022;/app/bags/user95_2017-02-24.bag;0.834065854549408;0.0;0.9619645476341248;0.0;2.403604411345348;0.40154782656644117;0.5984521734335588
1730780485.510374;/app/bags/user95_2017-02-24.bag;0.834065854549408;0.0;0.9619645476341248;0.0;2.403604411345348;0.40154782656644117;0.5984521734335588
1730780485.7104337;/app/bags/user95_2017-02-24.bag;0.834065854549408;0.0;0.9619645476341248;0.0;2.403604411345348;0.40154782656644117;0.5984521734335588
1730780485.9103851;/app/bags/user95_2017-02-24.bag;0.834065854549408;0.0;0.9619645476341248;0.0;2.403604411345348;0.40154782656644117;0.5984521734335588
1730780486.110374;/app/bags/user95_2017-02-24.bag;0.834065854549408;0.0;0.9619645476341248;0.0;2.403604411345348;0.40154782656644117;0.5984521734335588
1730780486.3103957;/app/bags/user95_2017-02-24.bag;0.834065854549408;0.0;0.9619645476341248;0.0;2.403604411345348;0.40154782656644117;0.5984521734335588
1730780486.510396;/app/bags/user95_2017-02-24.bag;0.834065854549408;0.0;0.9619645476341248;0.0;2.403604411345348;0.40154782656644117;0.5984521734335588
1730780486.7104256;/app/bags/user95_2017-02-24.bag;0.834065854549408;0.0;0.9619645476341248;0.0;2.403604411345348;0.40154782656644117;0.5984521734335588
1730780486.9103725;/app/bags/user95_2017-02-24.bag;0.834065854549408;0.0;0.9619645476341248;0.0;2.403604411345348;0.40154782656644117;0.5984521734335588
1730780487.110346;/app/bags/user95_2017-02-24.bag;0.834065854549408;0.0;0.9619645476341248;0.0;2.403604411345348;0.40154782656644117;0.5984521734335588
1730780487.3103857;/app/bags/user95_2017-02-24.bag;0.834065854549408;0.0;0.9619645476341248;0.0;2.403604411345348;0.40154782656644117;0.5984521734335588
1730780487.510386;/app/bags/user95_2017-02-24.bag;0.834065854549408;0.0;0.9619645476341248;0.0;2.403604411345348;0.40154782656644117;0.5984521734335588
1730780487.7103946;/app/bags/user95_2017-02-24.bag;0.834065854549408;0.0;0.9619645476341248;0.0;2.403604411345348;0.40154782656644117;0.5984521734335588
1730780487.9103835;/app/bags/user95_2017-02-24.bag;0.834065854549408;0.0;0.9619645476341248;0.0;2.403604411345348;0.40154782656644117;0.5984521734335588
1730780488.1103637;/app/bags/user95_2017-02-24.bag;0.834065854549408;0.0;0.9619645476341248;0.0;2.403604411345348;0.40154782656644117;0.5984521734335588
1730780488.3104105;/app/bags/user95_2017-02-24.bag;0.834065854549408;0.0;0.9619645476341248;0.0;2.403604411345348;0.40154782656644117;0.5984521734335588
1730780488.5104048;/app/bags/user95_2017-02-24.bag;0.834065854549408;0.0;0.9619645476341248;0.0;2.403604411345348;0.40154782656644117;0.5984521734335588
1730780488.7103872;/app/bags/user95_2017-02-24.bag;0.834065854549408;0.0;0.9619645476341248;0.0;2.403604411345348;0.40154782656644117;0.5984521734335588
1730780488.9103584;/app/bags/user95_2017-02-24.bag;0.834065854549408;0.0;0.9619645476341248;0.0;2.403604411345348;0.40154782656644117;0.5984521734335588
1730780489.1104164;/app/bags/user95_2017-02-24.bag;0.834065854549408;0.0;0.9619645476341248;0.0;2.403604411345348;0.40154782656644117;0.5984521734335588
1730780489.3103952;/app/bags/user95_2017-02-24.bag;0.834065854549408;0.0;0.9619645476341248;0.0;2.403604411345348;0.40154782656644117;0.5984521734335588
1730780489.5104392;/app/bags/user95_2017-02-24.bag;0.834065854549408;0.0;0.9619645476341248;0.0;2.403604411345348;0.40154782656644117;0.5984521734335588
1730780489.7104013;/app/bags/user95_2017-02-24.bag;0.834065854549408;0.0;0.9619645476341248;0.0;2.403604411345348;0.40154782656644117;0.5984521734335588
1730780489.9103758;/app/bags/user95_2017-02-24.bag;0.834065854549408;0.0;0.9619645476341248;0.0;2.403604411345348;0.40154782656644117;0.5984521734335588
1730780490.110405;/app/bags/user95_2017-02-24.bag;0.834065854549408;0.0;0.9619645476341248;0.0;2.403604411345348;0.40154782656644117;0.5984521734335588
1730780490.3104007;/app/bags/user95_2017-02-24.bag;0.834065854549408;0.0;0.9619645476341248;0.0;2.403604411345348;0.40154782656644117;0.5984521734335588
1730780490.5103953;/app/bags/user95_2017-02-24.bag;0.834065854549408;0.0;0.9619645476341248;0.0;2.403604411345348;0.40154782656644117;0.5984521734335588
1730780490.7103848;/app/bags/user95_2017-02-24.bag;0.834065854549408;0.0;0.9619645476341248;0.0;2.403604411345348;0.40154782656644117;0.5984521734335588
1730780490.9104176;/app/bags/user95_2017-02-24.bag;0.834065854549408;0.0;0.9619645476341248;0.0;2.403604411345348;0.40154782656644117;0.5984521734335588
1730780491.1104598;/app/bags/user95_2017-02-24.bag;0.834065854549408;0.0;0.9619645476341248;0.0;2.403604411345348;0.40154782656644117;0.5984521734335588
1730780491.31041;/app/bags/user95_2017-02-24.bag;0.834065854549408;0.0;0.9619645476341248;0.0;2.403604411345348;0.40154782656644117;0.5984521734335588
1730780491.5104082;/app/bags/user95_2017-02-24.bag;0.834065854549408;0.0;0.9619645476341248;0.0;2.403604411345348;0.40154782656644117;0.5984521734335588
1730780491.7103908;/app/bags/user95_2017-02-24.bag;0.834065854549408;0.0;0.9619645476341248;0.0;2.403604411345348;0.40154782656644117;0.5984521734335588
1730780491.910374;/app/bags/user95_2017-02-24.bag;0.834065854549408;0.0;0.9619645476341248;0.0;2.403604411345348;0.40154782656644117;0.5984521734335588
1730780492.1103537;/app/bags/user95_2017-02-24.bag;0.834065854549408;0.0;0.9619645476341248;0.0;2.403604411345348;0.40154782656644117;0.5984521734335588
1730780492.3103378;/app/bags/user95_2017-02-24.bag;0.834065854549408;0.0;0.9619645476341248;0.0;2.403604411345348;0.40154782656644117;0.5984521734335588
1730780492.5104222;/app/bags/user95_2017-02-24.bag;0.834065854549408;0.0;0.9619645476341248;0.0;2.403604411345348;0.40154782656644117;0.5984521734335588
1730780492.710409;/app/bags/user95_2017-02-24.bag;0.834065854549408;0.0;0.9619645476341248;0.0;2.403604411345348;0.40154782656644117;0.5984521734335588
1730780492.910378;/app/bags/user95_2017-02-24.bag;0.834065854549408;0.0;0.9619645476341248;0.0;2.403604411345348;0.40154782656644117;0.5984521734335588
1730780493.1104124;/app/bags/user95_2017-02-24.bag;0.834065854549408;0.0;0.9619645476341248;0.0;2.403604411345348;0.40154782656644117;0.5984521734335588
1730780493.3103838;/app/bags/user95_2017-02-24.bag;0.834065854549408;0.0;0.9619645476341248;0.0;2.403604411345348;0.40154782656644117;0.5984521734335588
1730780493.5103662;/app/bags/user95_2017-02-24.bag;0.834065854549408;0.0;0.9619645476341248;0.0;2.403604411345348;0.40154782656644117;0.5984521734335588
1730780493.7103853;/app/bags/user95_2017-02-24.bag;0.834065854549408;0.0;0.9619645476341248;0.0;2.403604411345348;0.40154782656644117;0.5984521734335588
1730780493.9103992;/app/bags/user95_2017-02-24.bag;0.834065854549408;0.0;0.9619645476341248;0.0;2.403604411345348;0.40154782656644117;0.5984521734335588
1730780494.1104171;/app/bags/user95_2017-02-24.bag;0.834065854549408;0.0;0.9619645476341248;0.0;2.403604411345348;0.40154782656644117;0.5984521734335588
1730780494.3104148;/app/bags/user95_2017-02-24.bag;0.834065854549408;0.0;0.9619645476341248;0.0;2.403604411345348;0.40154782656644117;0.5984521734335588
1730780494.510537;/app/bags/user95_2017-02-24.bag;0.834065854549408;0.0;0.9619645476341248;0.0;2.403604411345348;0.40154782656644117;0.5984521734335588
1730780494.710397;/app/bags/user95_2017-02-24.bag;0.834065854549408;0.0;0.9619645476341248;0.0;2.403604411345348;0.40154782656644117;0.5984521734335588
1730780494.910396;/app/bags/user95_2017-02-24.bag;0.834065854549408;0.0;0.9619645476341248;0.0;2.403604411345348;0.40154782656644117;0.5984521734335588
1730780495.1104312;/app/bags/user95_2017-02-24.bag;0.834065854549408;0.0;0.9619645476341248;0.0;2.403604411345348;0.40154782656644117;0.5984521734335588
1730780495.3104255;/app/bags/user95_2017-02-24.bag;0.834065854549408;0.0;0.9619645476341248;0.0;2.403604411345348;0.40154782656644117;0.5984521734335588
1730780495.5103602;/app/bags/user95_2017-02-24.bag;0.834065854549408;0.0;0.9619645476341248;0.0;2.403604411345348;0.40154782656644117;0.5984521734335588
1730780495.7103837;/app/bags/user95_2017-02-24.bag;0.834065854549408;0.0;0.9619645476341248;0.0;2.403604411345348;0.40154782656644117;0.5984521734335588
1730780495.9104328;/app/bags/user95_2017-02-24.bag;0.834065854549408;0.0;0.9619645476341248;0.0;2.403604411345348;0.40154782656644117;0.5984521734335588
1730780496.110569;/app/bags/user95_2017-02-24.bag;0.834065854549408;0.0;0.9619645476341248;0.0;2.403604411345348;0.40154782656644117;0.5984521734335588
1730780496.3103766;/app/bags/user95_2017-02-24.bag;0.834065854549408;0.0;0.9619645476341248;0.0;2.403604411345348;0.40154782656644117;0.5984521734335588
1730780496.5103805;/app/bags/user95_2017-02-24.bag;0.834065854549408;0.0;0.9619645476341248;0.0;2.403604411345348;0.40154782656644117;0.5984521734335588
1730780496.7103791;/app/bags/user95_2017-02-24.bag;0.834065854549408;0.0;0.9619645476341248;0.0;2.403604411345348;0.40154782656644117;0.5984521734335588
1730780496.910399;/app/bags/user95_2017-02-24.bag;0.834065854549408;0.0;0.9619645476341248;0.0;2.403604411345348;0.40154782656644117;0.5984521734335588
1730780497.1104639;/app/bags/user95_2017-02-24.bag;0.834065854549408;0.0;0.9619645476341248;0.0;2.403604411345348;0.40154782656644117;0.5984521734335588
1730780497.3103855;/app/bags/user95_2017-02-24.bag;0.834065854549408;0.0;0.9619645476341248;0.0;2.403604411345348;0.40154782656644117;0.5984521734335588
1730780497.5103815;/app/bags/user95_2017-02-24.bag;0.834065854549408;0.0;0.9619645476341248;0.0;2.403604411345348;0.40154782656644117;0.5984521734335588
1730780497.7103431;/app/bags/user95_2017-02-24.bag;0.834065854549408;0.0;0.9619645476341248;0.0;2.403604411345348;0.40154782656644117;0.5984521734335588
1730780497.9103758;/app/bags/user95_2017-02-24.bag;0.834065854549408;0.0;0.9619645476341248;0.0;2.403604411345348;0.40154782656644117;0.5984521734335588
1730780498.1104016;/app/bags/user95_2017-02-24.bag;0.834065854549408;0.0;0.9619645476341248;0.0;2.403604411345348;0.40154782656644117;0.5984521734335588
1730780498.3103726;/app/bags/user95_2017-02-24.bag;0.834065854549408;0.0;0.9619645476341248;0.0;2.403604411345348;0.40154782656644117;0.5984521734335588
1730780498.5104067;/app/bags/user95_2017-02-24.bag;0.834065854549408;0.0;0.9619645476341248;0.0;2.403604411345348;0.40154782656644117;0.5984521734335588
1730780498.7103746;/app/bags/user95_2017-02-24.bag;0.834065854549408;0.0;0.9619645476341248;0.0;2.403604411345348;0.40154782656644117;0.5984521734335588
1730780498.9104779;/app/bags/user95_2017-02-24.bag;0.834065854549408;0.0;0.9619645476341248;0.0;2.403604411345348;0.40154782656644117;0.5984521734335588
1730780499.1104298;/app/bags/user95_2017-02-24.bag;0.834065854549408;0.0;0.9619645476341248;0.0;2.403604411345348;0.40154782656644117;0.5984521734335588
1730780499.310392;/app/bags/user95_2017-02-24.bag;0.834065854549408;0.0;0.9619645476341248;0.0;2.403604411345348;0.40154782656644117;0.5984521734335588
1730780499.510381;/app/bags/user95_2017-02-24.bag;0.834065854549408;0.0;0.9619645476341248;0.0;2.403604411345348;0.40154782656644117;0.5984521734335588
1730780499.7103853;/app/bags/user95_2017-02-24.bag;0.834065854549408;0.0;0.9619645476341248;0.0;2.403604411345348;0.40154782656644117;0.5984521734335588
1730780499.9103997;/app/bags/user95_2017-02-24.bag;0.834065854549408;0.0;0.9619645476341248;0.0;2.403604411345348;0.40154782656644117;0.5984521734335588
1730780500.1104066;/app/bags/user95_2017-02-24.bag;0.834065854549408;0.0;0.9619645476341248;0.0;2.403604411345348;0.40154782656644117;0.5984521734335588
1730780500.31038;/app/bags/user95_2017-02-24.bag;0.834065854549408;0.0;0.9619645476341248;0.0;2.403604411345348;0.40154782656644117;0.5984521734335588
1730780500.5104208;/app/bags/user95_2017-02-24.bag;0.834065854549408;0.0;0.9619645476341248;0.0;2.403604411345348;0.40154782656644117;0.5984521734335588
1730780500.710391;/app/bags/user95_2017-02-24.bag;0.834065854549408;0.0;0.9619645476341248;0.0;2.403604411345348;0.40154782656644117;0.5984521734335588
1730780500.9103887;/app/bags/user95_2017-02-24.bag;0.834065854549408;0.0;0.9619645476341248;0.0;2.403604411345348;0.40154782656644117;0.5984521734335588
1730780501.1104426;/app/bags/user95_2017-02-24.bag;0.834065854549408;0.0;0.9619645476341248;0.0;2.403604411345348;0.40154782656644117;0.5984521734335588
1730780501.3103745;/app/bags/user95_2017-02-24.bag;0.834065854549408;0.0;0.9619645476341248;0.0;2.403604411345348;0.40154782656644117;0.5984521734335588
1730780501.5103467;/app/bags/user95_2017-02-24.bag;0.834065854549408;0.0;0.9619645476341248;0.0;2.403604411345348;0.40154782656644117;0.5984521734335588
1730780501.7104025;/app/bags/user95_2017-02-24.bag;0.834065854549408;0.0;0.9619645476341248;0.0;2.403604411345348;0.40154782656644117;0.5984521734335588
1730780501.910382;/app/bags/user95_2017-02-24.bag;0.834065854549408;0.0;0.9619645476341248;0.0;2.403604411345348;0.40154782656644117;0.5984521734335588
1730780502.110396;/app/bags/user95_2017-02-24.bag;0.834065854549408;0.0;0.9619645476341248;0.0;2.403604411345348;0.40154782656644117;0.5984521734335588
1730780502.3104284;/app/bags/user95_2017-02-24.bag;0.834065854549408;0.0;0.9619645476341248;0.0;2.403604411345348;0.40154782656644117;0.5984521734335588
1730780502.510435;/app/bags/user95_2017-02-24.bag;0.834065854549408;0.0;0.9619645476341248;0.0;2.403604411345348;0.40154782656644117;0.5984521734335588
1730780502.7104015;/app/bags/user95_2017-02-24.bag;0.834065854549408;0.0;0.9619645476341248;0.0;2.403604411345348;0.40154782656644117;0.5984521734335588
1730780502.9104419;/app/bags/user95_2017-02-24.bag;0.834065854549408;0.0;0.9619645476341248;0.0;2.403604411345348;0.40154782656644117;0.5984521734335588
1730780503.1104102;/app/bags/user95_2017-02-24.bag;0.834065854549408;0.0;0.9619645476341248;0.0;2.403604411345348;0.40154782656644117;0.5984521734335588
1730780503.310392;/app/bags/user95_2017-02-24.bag;0.834065854549408;0.0;0.9619645476341248;0.0;2.403604411345348;0.40154782656644117;0.5984521734335588
1730780503.5104184;/app/bags/user95_2017-02-24.bag;0.834065854549408;0.0;0.9619645476341248;0.0;2.403604411345348;0.40154782656644117;0.5984521734335588
1730780503.710354;/app/bags/user95_2017-02-24.bag;0.834065854549408;0.0;0.9619645476341248;0.0;2.403604411345348;0.40154782656644117;0.5984521734335588
1730780503.9104016;/app/bags/user95_2017-02-24.bag;0.834065854549408;0.0;0.9619645476341248;0.0;2.403604411345348;0.40154782656644117;0.5984521734335588
1730780504.1104317;/app/bags/user95_2017-02-24.bag;0.834065854549408;0.0;0.9619645476341248;0.0;2.403604411345348;0.40154782656644117;0.5984521734335588
1730780504.310373;/app/bags/user95_2017-02-24.bag;0.834065854549408;0.0;0.9619645476341248;0.0;2.403604411345348;0.40154782656644117;0.5984521734335588
1730780504.5104256;/app/bags/user95_2017-02-24.bag;0.834065854549408;0.0;0.9619645476341248;0.0;2.403604411345348;0.40154782656644117;0.5984521734335588
1730780504.7103863;/app/bags/user95_2017-02-24.bag;0.834065854549408;0.0;0.9619645476341248;0.0;2.403604411345348;0.40154782656644117;0.5984521734335588
1730780504.9103758;/app/bags/user95_2017-02-24.bag;0.834065854549408;0.0;0.9619645476341248;0.0;2.403604411345348;0.40154782656644117;0.5984521734335588
1730780505.110406;/app/bags/user95_2017-02-24.bag;0.834065854549408;0.0;0.9619645476341248;0.0;2.403604411345348;0.40154782656644117;0.5984521734335588
1730780505.3103392;/app/bags/user95_2017-02-24.bag;0.834065854549408;0.0;0.9619645476341248;0.0;2.403604411345348;0.40154782656644117;0.5984521734335588
1730780505.5103576;/app/bags/user95_2017-02-24.bag;0.834065854549408;0.0;0.9619645476341248;0.0;2.403604411345348;0.40154782656644117;0.5984521734335588
1730780505.710413;/app/bags/user95_2017-02-24.bag;0.834065854549408;0.0;0.9619645476341248;0.0;2.403604411345348;0.40154782656644117;0.5984521734335588
1730780505.9104471;/app/bags/user95_2017-02-24.bag;0.834065854549408;0.0;0.9619645476341248;0.0;2.403604411345348;0.40154782656644117;0.5984521734335588
1730780506.1103945;/app/bags/user95_2017-02-24.bag;0.834065854549408;0.0;0.9619645476341248;0.0;2.403604411345348;0.40154782656644117;0.5984521734335588
1730780506.310438;/app/bags/user95_2017-02-24.bag;0.834065854549408;0.0;0.9619645476341248;0.0;2.403604411345348;0.40154782656644117;0.5984521734335588
1730780506.510397;/app/bags/user95_2017-02-24.bag;0.834065854549408;0.0;0.9619645476341248;0.0;2.403604411345348;0.40154782656644117;0.5984521734335588
1730780506.7103884;/app/bags/user95_2017-02-24.bag;0.834065854549408;0.0;0.9619645476341248;0.0;2.403604411345348;0.40154782656644117;0.5984521734335588
1730780506.9104512;/app/bags/user95_2017-02-24.bag;0.834065854549408;0.0;0.9619645476341248;0.0;2.403604411345348;0.40154782656644117;0.5984521734335588
1730780507.1104338;/app/bags/user95_2017-02-24.bag;0.834065854549408;0.0;0.9619645476341248;0.0;2.403604411345348;0.40154782656644117;0.5984521734335588
1730780507.3104196;/app/bags/user95_2017-02-24.bag;0.834065854549408;0.0;0.9619645476341248;0.0;2.403604411345348;0.40154782656644117;0.5984521734335588
1730780507.510419;/app/bags/user95_2017-02-24.bag;0.834065854549408;0.0;0.9619645476341248;0.0;2.403604411345348;0.40154782656644117;0.5984521734335588
1730780507.7104216;/app/bags/user95_2017-02-24.bag;0.834065854549408;0.0;0.9619645476341248;0.0;2.403604411345348;0.40154782656644117;0.5984521734335588
1730780507.9104292;/app/bags/user95_2017-02-24.bag;0.834065854549408;0.0;0.9619645476341248;0.0;2.403604411345348;0.40154782656644117;0.5984521734335588
1730780508.1103773;/app/bags/user95_2017-02-24.bag;0.834065854549408;0.0;0.9619645476341248;0.0;2.403604411345348;0.40154782656644117;0.5984521734335588
1730780508.310382;/app/bags/user95_2017-02-24.bag;0.834065854549408;0.0;0.9619645476341248;0.0;2.403604411345348;0.40154782656644117;0.5984521734335588
1730780508.5104399;/app/bags/user95_2017-02-24.bag;0.834065854549408;0.0;0.9619645476341248;0.0;2.403604411345348;0.40154782656644117;0.5984521734335588
1730780508.7103806;/app/bags/user95_2017-02-24.bag;0.834065854549408;0.0;0.9619645476341248;0.0;2.403604411345348;0.40154782656644117;0.5984521734335588
1730780508.910473;/app/bags/user95_2017-02-24.bag;0.834065854549408;0.0;0.9619645476341248;0.0;2.403604411345348;0.40154782656644117;0.5984521734335588
1730780509.1104052;/app/bags/user95_2017-02-24.bag;0.834065854549408;0.0;0.9619645476341248;0.0;2.403604411345348;0.40154782656644117;0.5984521734335588
1730780509.3104196;/app/bags/user95_2017-02-24.bag;0.834065854549408;0.0;0.9619645476341248;0.0;2.403604411345348;0.40154782656644117;0.5984521734335588
1730780509.510363;/app/bags/user95_2017-02-24.bag;0.834065854549408;0.0;0.9619645476341248;0.0;2.403604411345348;0.40154782656644117;0.5984521734335588
1730780509.7103739;/app/bags/user95_2017-02-24.bag;0.834065854549408;0.0;0.9619645476341248;0.0;2.403604411345348;0.40154782656644117;0.5984521734335588
1730780509.9104812;/app/bags/user95_2017-02-24.bag;0.834065854549408;0.0;0.9619645476341248;0.0;2.403604411345348;0.40154782656644117;0.5984521734335588
1730780510.110388;/app/bags/user95_2017-02-24.bag;0.834065854549408;0.0;0.9619645476341248;0.0;2.403604411345348;0.40154782656644117;0.5984521734335588
1730780510.3104382;/app/bags/user95_2017-02-24.bag;0.834065854549408;0.0;0.9619645476341248;0.0;2.403604411345348;0.40154782656644117;0.5984521734335588
1730780510.5103676;/app/bags/user95_2017-02-24.bag;0.834065854549408;0.0;0.9619645476341248;0.0;2.403604411345348;0.40154782656644117;0.5984521734335588
1730780510.7103853;/app/bags/user95_2017-02-24.bag;0.834065854549408;0.0;0.9619645476341248;0.0;2.403604411345348;0.40154782656644117;0.5984521734335588
1730780510.9104419;/app/bags/user95_2017-02-24.bag;0.834065854549408;0.0;0.9619645476341248;0.0;2.403604411345348;0.40154782656644117;0.5984521734335588
1730780511.1104941;/app/bags/user95_2017-02-24.bag;0.834065854549408;0.0;0.9619645476341248;0.0;2.403604411345348;0.40154782656644117;0.5984521734335588
1730780511.3104866;/app/bags/user95_2017-02-24.bag;0.834065854549408;0.0;0.9619645476341248;0.0;2.403604411345348;0.40154782656644117;0.5984521734335588
1730780511.5103889;/app/bags/user95_2017-02-24.bag;0.834065854549408;0.0;0.9619645476341248;0.0;2.403604411345348;0.40154782656644117;0.5984521734335588
1730780511.7103717;/app/bags/user95_2017-02-24.bag;0.834065854549408;0.0;0.9619645476341248;0.0;2.403604411345348;0.40154782656644117;0.5984521734335588
1730780511.9103572;/app/bags/user95_2017-02-24.bag;0.834065854549408;0.0;0.9619645476341248;0.0;2.403604411345348;0.40154782656644117;0.5984521734335588
1730780512.1103683;/app/bags/user95_2017-02-24.bag;0.834065854549408;0.0;0.9619645476341248;0.0;2.403604411345348;0.40154782656644117;0.5984521734335588
1730780512.310377;/app/bags/user95_2017-02-24.bag;0.834065854549408;0.0;0.9619645476341248;0.0;2.403604411345348;0.40154782656644117;0.5984521734335588
1730780512.5103557;/app/bags/user95_2017-02-24.bag;0.834065854549408;0.0;0.9619645476341248;0.0;2.403604411345348;0.40154782656644117;0.5984521734335588
1730780512.7104728;/app/bags/user95_2017-02-24.bag;0.834065854549408;0.0;0.9619645476341248;0.0;2.403604411345348;0.40154782656644117;0.5984521734335588
1730780512.910389;/app/bags/user95_2017-02-24.bag;0.834065854549408;0.0;0.9619645476341248;0.0;2.403604411345348;0.40154782656644117;0.5984521734335588
1730780513.110384;/app/bags/user95_2017-02-24.bag;0.834065854549408;0.0;0.9619645476341248;0.0;2.403604411345348;0.40154782656644117;0.5984521734335588
1730780513.310379;/app/bags/user95_2017-02-24.bag;0.834065854549408;0.0;0.9619645476341248;0.0;2.403604411345348;0.40154782656644117;0.5984521734335588
1730780513.5103912;/app/bags/user95_2017-02-24.bag;0.834065854549408;0.0;0.9619645476341248;0.0;2.403604411345348;0.40154782656644117;0.5984521734335588
1730780513.7103791;/app/bags/user95_2017-02-24.bag;0.834065854549408;0.0;0.9619645476341248;0.0;2.403604411345348;0.40154782656644117;0.5984521734335588
1730780513.9103825;/app/bags/user95_2017-02-24.bag;0.834065854549408;0.0;0.9619645476341248;0.0;2.403604411345348;0.40154782656644117;0.5984521734335588
1730780514.1103446;/app/bags/user95_2017-02-24.bag;0.834065854549408;0.0;0.9619645476341248;0.0;2.403604411345348;0.40154782656644117;0.5984521734335588
1730780514.3103657;/app/bags/user95_2017-02-24.bag;0.834065854549408;0.0;0.9619645476341248;0.0;2.403604411345348;0.40154782656644117;0.5984521734335588
1730780514.5103674;/app/bags/user95_2017-02-24.bag;0.834065854549408;0.0;0.9619645476341248;0.0;2.403604411345348;0.40154782656644117;0.5984521734335588
1730780514.710457;/app/bags/user95_2017-02-24.bag;0.834065854549408;0.0;0.9619645476341248;0.0;2.403604411345348;0.40154782656644117;0.5984521734335588
1730780514.9104133;/app/bags/user95_2017-02-24.bag;0.834065854549408;0.0;0.9619645476341248;0.0;2.403604411345348;0.40154782656644117;0.5984521734335588
1730780515.1103895;/app/bags/user95_2017-02-24.bag;0.834065854549408;0.0;0.9619645476341248;0.0;2.403604411345348;0.40154782656644117;0.5984521734335588
1730780515.310387;/app/bags/user95_2017-02-24.bag;0.834065854549408;0.0;0.9619645476341248;0.0;2.403604411345348;0.40154782656644117;0.5984521734335588
1730780515.5103765;/app/bags/user95_2017-02-24.bag;0.834065854549408;0.0;0.9619645476341248;0.0;2.403604411345348;0.40154782656644117;0.5984521734335588
1730780515.7103927;/app/bags/user95_2017-02-24.bag;0.834065854549408;0.0;0.9619645476341248;0.0;2.403604411345348;0.40154782656644117;0.5984521734335588
1730780515.9103794;/app/bags/user95_2017-02-24.bag;0.834065854549408;0.0;0.9619645476341248;0.0;2.403604411345348;0.40154782656644117;0.5984521734335588
1730780516.1103954;/app/bags/user95_2017-02-24.bag;0.834065854549408;0.0;0.9619645476341248;0.0;2.403604411345348;0.40154782656644117;0.5984521734335588
1730780516.310365;/app/bags/user95_2017-02-24.bag;0.834065854549408;0.0;0.9619645476341248;0.0;2.403604411345348;0.40154782656644117;0.5984521734335588
1730780516.5103822;/app/bags/user95_2017-02-24.bag;0.834065854549408;0.0;0.9619645476341248;0.0;2.403604411345348;0.40154782656644117;0.5984521734335588
1730780516.710397;/app/bags/user95_2017-02-24.bag;0.834065854549408;0.0;0.9619645476341248;0.0;2.403604411345348;0.40154782656644117;0.5984521734335588
1730780516.9104002;/app/bags/user95_2017-02-24.bag;0.834065854549408;0.0;0.9619645476341248;0.0;2.403604411345348;0.40154782656644117;0.5984521734335588
1730780517.1105368;/app/bags/user95_2017-02-24.bag;0.834065854549408;0.0;0.9619645476341248;0.0;2.403604411345348;0.40154782656644117;0.5984521734335588
1730780517.3103588;/app/bags/user95_2017-02-24.bag;0.834065854549408;0.0;0.9619645476341248;0.0;2.403604411345348;0.40154782656644117;0.5984521734335588
1730780517.5104785;/app/bags/user95_2017-02-24.bag;0.834065854549408;0.0;0.9619645476341248;0.0;2.403604411345348;0.40154782656644117;0.5984521734335588
1730780517.710403;/app/bags/user95_2017-02-24.bag;0.834065854549408;0.0;0.9619645476341248;0.0;2.403604411345348;0.40154782656644117;0.5984521734335588
1730780517.91039;/app/bags/user95_2017-02-24.bag;0.834065854549408;0.0;0.9619645476341248;0.0;2.403604411345348;0.40154782656644117;0.5984521734335588
1730780518.1104176;/app/bags/user95_2017-02-24.bag;0.834065854549408;0.0;0.9619645476341248;0.0;2.403604411345348;0.40154782656644117;0.5984521734335588
1730780518.3103828;/app/bags/user95_2017-02-24.bag;0.834065854549408;0.0;0.9619645476341248;0.0;2.403604411345348;0.40154782656644117;0.5984521734335588
1730780518.510383;/app/bags/user95_2017-02-24.bag;0.834065854549408;0.0;0.9619645476341248;0.0;2.403604411345348;0.40154782656644117;0.5984521734335588
1730780518.710383;/app/bags/user95_2017-02-24.bag;0.834065854549408;0.0;0.9619645476341248;0.0;2.403604411345348;0.40154782656644117;0.5984521734335588
1730780518.910378;/app/bags/user95_2017-02-24.bag;0.834065854549408;0.0;0.9619645476341248;0.0;2.403604411345348;0.40154782656644117;0.5984521734335588
1730780519.1103654;/app/bags/user95_2017-02-24.bag;0.834065854549408;0.0;0.9619645476341248;0.0;2.403604411345348;0.40154782656644117;0.5984521734335588
1730780519.3104417;/app/bags/user95_2017-02-24.bag;0.834065854549408;0.0;0.9619645476341248;0.0;2.403604411345348;0.40154782656644117;0.5984521734335588
1730780519.5103624;/app/bags/user95_2017-02-24.bag;0.834065854549408;0.0;0.9619645476341248;0.0;2.403604411345348;0.40154782656644117;0.5984521734335588
1730780519.7103815;/app/bags/user95_2017-02-24.bag;0.834065854549408;0.0;0.9619645476341248;0.0;2.403604411345348;0.40154782656644117;0.5984521734335588
1730780519.9104002;/app/bags/user95_2017-02-24.bag;0.834065854549408;0.0;0.9619645476341248;0.0;2.403604411345348;0.40154782656644117;0.5984521734335588
1730780520.110386;/app/bags/user95_2017-02-24.bag;0.834065854549408;0.0;0.9619645476341248;0.0;2.403604411345348;0.40154782656644117;0.5984521734335588
1730780520.3104155;/app/bags/user95_2017-02-24.bag;0.834065854549408;0.0;0.9619645476341248;0.0;2.403604411345348;0.40154782656644117;0.5984521734335588
1730780520.5104349;/app/bags/user95_2017-02-24.bag;0.834065854549408;0.0;0.9619645476341248;0.0;2.403604411345348;0.40154782656644117;0.5984521734335588
1730780520.7103474;/app/bags/user95_2017-02-24.bag;0.834065854549408;0.0;0.9619645476341248;0.0;2.403604411345348;0.40154782656644117;0.5984521734335588
1730780520.9104116;/app/bags/user95_2017-02-24.bag;0.834065854549408;0.0;0.9619645476341248;0.0;2.403604411345348;0.40154782656644117;0.5984521734335588
1730780521.1103833;/app/bags/user95_2017-02-24.bag;0.834065854549408;0.0;0.9619645476341248;0.0;2.403604411345348;0.40154782656644117;0.5984521734335588
1730780521.3104165;/app/bags/user95_2017-02-24.bag;0.834065854549408;0.0;0.9619645476341248;0.0;2.403604411345348;0.40154782656644117;0.5984521734335588
1730780521.510443;/app/bags/user95_2017-02-24.bag;0.834065854549408;0.0;0.9619645476341248;0.0;2.403604411345348;0.40154782656644117;0.5984521734335588
1730780521.710432;/app/bags/user95_2017-02-24.bag;0.834065854549408;0.0;0.9619645476341248;0.0;2.403604411345348;0.40154782656644117;0.5984521734335588
1730780521.9104161;/app/bags/user95_2017-02-24.bag;0.834065854549408;0.0;0.9619645476341248;0.0;2.403604411345348;0.40154782656644117;0.5984521734335588
1730780522.1104426;/app/bags/user95_2017-02-24.bag;0.834065854549408;0.0;0.9619645476341248;0.0;2.403604411345348;0.40154782656644117;0.5984521734335588
1730780522.310379;/app/bags/user95_2017-02-24.bag;0.834065854549408;0.0;0.9619645476341248;0.0;2.403604411345348;0.40154782656644117;0.5984521734335588
1730780522.5103583;/app/bags/user95_2017-02-24.bag;0.834065854549408;0.0;0.9619645476341248;0.0;2.403604411345348;0.40154782656644117;0.5984521734335588
1730780522.7104294;/app/bags/user95_2017-02-24.bag;0.834065854549408;0.0;0.9619645476341248;0.0;2.403604411345348;0.40154782656644117;0.5984521734335588
1730780522.9103754;/app/bags/user95_2017-02-24.bag;0.834065854549408;0.0;0.9619645476341248;0.0;2.403604411345348;0.40154782656644117;0.5984521734335588
1730780523.1103806;/app/bags/user95_2017-02-24.bag;0.834065854549408;0.0;0.9619645476341248;0.0;2.403604411345348;0.40154782656644117;0.5984521734335588
1730780523.3103886;/app/bags/user95_2017-02-24.bag;0.834065854549408;0.0;0.9619645476341248;0.0;2.403604411345348;0.40154782656644117;0.5984521734335588
1730780523.510391;/app/bags/user95_2017-02-24.bag;0.834065854549408;0.0;0.9619645476341248;0.0;2.403604411345348;0.40154782656644117;0.5984521734335588
1730780523.7104177;/app/bags/user95_2017-02-24.bag;0.834065854549408;0.0;0.9619645476341248;0.0;2.403604411345348;0.40154782656644117;0.5984521734335588
1730780523.9103804;/app/bags/user95_2017-02-24.bag;0.834065854549408;0.0;0.9619645476341248;0.0;2.403604411345348;0.40154782656644117;0.5984521734335588
1730780524.1104305;/app/bags/user95_2017-02-24.bag;0.834065854549408;0.0;0.9619645476341248;0.0;2.403604411345348;0.40154782656644117;0.5984521734335588
1730780524.3103788;/app/bags/user95_2017-02-24.bag;0.834065854549408;0.0;0.9619645476341248;0.0;2.403604411345348;0.40154782656644117;0.5984521734335588
1730780524.5103831;/app/bags/user95_2017-02-24.bag;0.834065854549408;0.0;0.9619645476341248;0.0;2.403604411345348;0.40154782656644117;0.5984521734335588
1730780524.7103722;/app/bags/user95_2017-02-24.bag;0.834065854549408;0.0;0.9619645476341248;0.0;2.403604411345348;0.40154782656644117;0.5984521734335588
1730780524.9104068;/app/bags/user95_2017-02-24.bag;0.834065854549408;0.0;0.9619645476341248;0.0;2.403604411345348;0.40154782656644117;0.5984521734335588
1730780525.1103687;/app/bags/user95_2017-02-24.bag;0.834065854549408;0.0;0.9619645476341248;0.0;2.403604411345348;0.40154782656644117;0.5984521734335588
1730780525.3103995;/app/bags/user95_2017-02-24.bag;0.834065854549408;0.0;0.9619645476341248;0.0;2.403604411345348;0.40154782656644117;0.5984521734335588
1730780525.51037;/app/bags/user95_2017-02-24.bag;0.834065854549408;0.0;0.9619645476341248;0.0;2.403604411345348;0.40154782656644117;0.5984521734335588
1730780525.7104402;/app/bags/user95_2017-02-24.bag;0.834065854549408;0.0;0.9619645476341248;0.0;2.403604411345348;0.40154782656644117;0.5984521734335588
1730780525.9103963;/app/bags/user95_2017-02-24.bag;0.834065854549408;0.0;0.9619645476341248;0.0;2.403604411345348;0.40154782656644117;0.5984521734335588
1730780526.110366;/app/bags/user95_2017-02-24.bag;0.834065854549408;0.0;0.9619645476341248;0.0;2.403604411345348;0.40154782656644117;0.5984521734335588
1730780526.3103607;/app/bags/user95_2017-02-24.bag;0.834065854549408;0.0;0.9619645476341248;0.0;2.403604411345348;0.40154782656644117;0.5984521734335588
1730780526.5104237;/app/bags/user95_2017-02-24.bag;0.834065854549408;0.0;0.9619645476341248;0.0;2.403604411345348;0.40154782656644117;0.5984521734335588
1730780526.7104273;/app/bags/user95_2017-02-24.bag;0.834065854549408;0.0;0.9619645476341248;0.0;2.403604411345348;0.40154782656644117;0.5984521734335588
1730780526.910382;/app/bags/user95_2017-02-24.bag;0.834065854549408;0.0;0.9619645476341248;0.0;2.403604411345348;0.40154782656644117;0.5984521734335588
1730780527.1104176;/app/bags/user95_2017-02-24.bag;0.834065854549408;0.0;0.9619645476341248;0.0;2.403604411345348;0.40154782656644117;0.5984521734335588
1730780527.3103936;/app/bags/user95_2017-02-24.bag;0.834065854549408;0.0;0.9619645476341248;0.0;2.403604411345348;0.40154782656644117;0.5984521734335588
1730780527.510353;/app/bags/user95_2017-02-24.bag;0.834065854549408;0.0;0.9619645476341248;0.0;2.403604411345348;0.40154782656644117;0.5984521734335588
1730780527.7104192;/app/bags/user95_2017-02-24.bag;0.834065854549408;0.0;0.9619645476341248;0.0;2.403604411345348;0.40154782656644117;0.5984521734335588
1730780527.9104548;/app/bags/user95_2017-02-24.bag;0.834065854549408;0.0;0.9619645476341248;0.0;2.403604411345348;0.40154782656644117;0.5984521734335588
1730780528.110401;/app/bags/user95_2017-02-24.bag;0.834065854549408;0.0;0.9619645476341248;0.0;2.403604411345348;0.40154782656644117;0.5984521734335588
1730780528.310494;/app/bags/user95_2017-02-24.bag;0.834065854549408;0.0;0.9619645476341248;0.0;2.403604411345348;0.40154782656644117;0.5984521734335588
1730780528.5103483;/app/bags/user95_2017-02-24.bag;0.834065854549408;0.0;0.9619645476341248;0.0;2.403604411345348;0.40154782656644117;0.5984521734335588
1730780528.7103834;/app/bags/user95_2017-02-24.bag;0.834065854549408;0.0;0.9619645476341248;0.0;2.403604411345348;0.40154782656644117;0.5984521734335588
1730780528.9103947;/app/bags/user95_2017-02-24.bag;0.834065854549408;0.0;0.9619645476341248;0.0;2.403604411345348;0.40154782656644117;0.5984521734335588
1730780529.1103742;/app/bags/user95_2017-02-24.bag;0.834065854549408;0.0;0.9619645476341248;0.0;2.403604411345348;0.40154782656644117;0.5984521734335588
1730780529.310386;/app/bags/user95_2017-02-24.bag;0.834065854549408;0.0;0.9619645476341248;0.0;2.403604411345348;0.40154782656644117;0.5984521734335588
1730780529.5104015;/app/bags/user95_2017-02-24.bag;0.834065854549408;0.0;0.9619645476341248;0.0;2.403604411345348;0.40154782656644117;0.5984521734335588
1730780529.710367;/app/bags/user95_2017-02-24.bag;0.834065854549408;0.0;0.9619645476341248;0.0;2.403604411345348;0.40154782656644117;0.5984521734335588
1730780529.9103801;/app/bags/user95_2017-02-24.bag;0.834065854549408;0.0;0.9619645476341248;0.0;2.403604411345348;0.40154782656644117;0.5984521734335588
1730780530.110427;/app/bags/user95_2017-02-24.bag;0.834065854549408;0.0;0.9619645476341248;0.0;2.403604411345348;0.40154782656644117;0.5984521734335588
1730780530.3103893;/app/bags/user95_2017-02-24.bag;0.834065854549408;0.0;0.9619645476341248;0.0;2.403604411345348;0.40154782656644117;0.5984521734335588
1730780530.510459;/app/bags/user95_2017-02-24.bag;0.834065854549408;0.0;0.9619645476341248;0.0;2.403604411345348;0.40154782656644117;0.5984521734335588
1730780530.710384;/app/bags/user95_2017-02-24.bag;0.834065854549408;0.0;0.9619645476341248;0.0;2.403604411345348;0.40154782656644117;0.5984521734335588
1730780530.9104009;/app/bags/user95_2017-02-24.bag;0.834065854549408;0.0;0.9619645476341248;0.0;2.403604411345348;0.40154782656644117;0.5984521734335588
1730780531.110452;/app/bags/user95_2017-02-24.bag;0.834065854549408;0.0;0.9619645476341248;0.0;2.403604411345348;0.40154782656644117;0.5984521734335588
1730780531.3103676;/app/bags/user95_2017-02-24.bag;0.834065854549408;0.0;0.9619645476341248;0.0;2.403604411345348;0.40154782656644117;0.5984521734335588
1730780531.5106542;/app/bags/user95_2017-02-24.bag;0.834065854549408;0.0;0.9619645476341248;0.0;2.403604411345348;0.40154782656644117;0.5984521734335588
1730780531.710385;/app/bags/user95_2017-02-24.bag;0.834065854549408;0.0;0.9619645476341248;0.0;2.403604411345348;0.40154782656644117;0.5984521734335588
1730780531.9103713;/app/bags/user95_2017-02-24.bag;0.834065854549408;0.0;0.9619645476341248;0.0;2.403604411345348;0.40154782656644117;0.5984521734335588
1730780532.1103895;/app/bags/user95_2017-02-24.bag;0.834065854549408;0.0;0.9619645476341248;0.0;2.403604411345348;0.40154782656644117;0.5984521734335588
1730780532.3103807;/app/bags/user95_2017-02-24.bag;0.834065854549408;0.0;0.9619645476341248;0.0;2.403604411345348;0.40154782656644117;0.5984521734335588
1730780532.510423;/app/bags/user95_2017-02-24.bag;0.834065854549408;0.0;0.9619645476341248;0.0;2.403604411345348;0.40154782656644117;0.5984521734335588
1730780532.710395;/app/bags/user95_2017-02-24.bag;0.834065854549408;0.0;0.9619645476341248;0.0;2.403604411345348;0.40154782656644117;0.5984521734335588
1730780532.910382;/app/bags/user95_2017-02-24.bag;0.834065854549408;0.0;0.9619645476341248;0.0;2.403604411345348;0.40154782656644117;0.5984521734335588
1730780533.110494;/app/bags/user95_2017-02-24.bag;0.834065854549408;0.0;0.9619645476341248;0.0;2.403604411345348;0.40154782656644117;0.5984521734335588
1730780533.3104408;/app/bags/user95_2017-02-24.bag;0.834065854549408;0.0;0.9619645476341248;0.0;2.403604411345348;0.40154782656644117;0.5984521734335588
1730780533.5104039;/app/bags/user95_2017-02-24.bag;0.834065854549408;0.0;0.9619645476341248;0.0;2.403604411345348;0.40154782656644117;0.5984521734335588
1730780533.7103424;/app/bags/user95_2017-02-24.bag;0.834065854549408;0.0;0.9619645476341248;0.0;2.403604411345348;0.40154782656644117;0.5984521734335588
1730780533.910432;/app/bags/user95_2017-02-24.bag;0.834065854549408;0.0;0.9619645476341248;0.0;2.403604411345348;0.40154782656644117;0.5984521734335588
1730780534.1104383;/app/bags/user95_2017-02-24.bag;0.834065854549408;0.0;0.9619645476341248;0.0;2.403604411345348;0.40154782656644117;0.5984521734335588
1730780534.3103795;/app/bags/user95_2017-02-24.bag;0.834065854549408;0.0;0.9619645476341248;0.0;2.403604411345348;0.40154782656644117;0.5984521734335588
1730780534.5103776;/app/bags/user95_2017-02-24.bag;0.834065854549408;0.0;0.9619645476341248;0.0;2.403604411345348;0.40154782656644117;0.5984521734335588
1730780534.7103696;/app/bags/user95_2017-02-24.bag;0.834065854549408;0.0;0.9619645476341248;0.0;2.403604411345348;0.40154782656644117;0.5984521734335588
1730780534.9103847;/app/bags/user95_2017-02-24.bag;0.834065854549408;0.0;0.9619645476341248;0.0;2.403604411345348;0.40154782656644117;0.5984521734335588
1730780535.1103706;/app/bags/user95_2017-02-24.bag;0.834065854549408;0.0;0.9619645476341248;0.0;2.403604411345348;0.40154782656644117;0.5984521734335588
1730780535.3103917;/app/bags/user95_2017-02-24.bag;0.834065854549408;0.0;0.9619645476341248;0.0;2.403604411345348;0.40154782656644117;0.5984521734335588
1730780535.5103889;/app/bags/user95_2017-02-24.bag;0.834065854549408;0.0;0.9619645476341248;0.0;2.403604411345348;0.40154782656644117;0.5984521734335588
1730780535.7103906;/app/bags/user95_2017-02-24.bag;0.834065854549408;0.0;0.9619645476341248;0.0;2.403604411345348;0.40154782656644117;0.5984521734335588
1730780535.9104395;/app/bags/user95_2017-02-24.bag;0.834065854549408;0.0;0.9619645476341248;0.0;2.403604411345348;0.40154782656644117;0.5984521734335588
1730780536.1104348;/app/bags/user95_2017-02-24.bag;0.834065854549408;0.0;0.9619645476341248;0.0;2.403604411345348;0.40154782656644117;0.5984521734335588
1730780536.3104484;/app/bags/user95_2017-02-24.bag;0.834065854549408;0.0;0.9619645476341248;0.0;2.403604411345348;0.40154782656644117;0.5984521734335588
1730780536.5104008;/app/bags/user95_2017-02-24.bag;0.834065854549408;0.0;0.9619645476341248;0.0;2.403604411345348;0.40154782656644117;0.5984521734335588
1730780536.7103915;/app/bags/user95_2017-02-24.bag;0.834065854549408;0.0;0.9619645476341248;0.0;2.403604411345348;0.40154782656644117;0.5984521734335588
1730780536.9103978;/app/bags/user95_2017-02-24.bag;0.834065854549408;0.0;0.9619645476341248;0.0;2.403604411345348;0.40154782656644117;0.5984521734335588
1730780537.1103766;/app/bags/user95_2017-02-24.bag;0.834065854549408;0.0;0.9619645476341248;0.0;2.403604411345348;0.40154782656644117;0.5984521734335588
1730780537.310404;/app/bags/user95_2017-02-24.bag;0.834065854549408;0.0;0.9619645476341248;0.0;2.403604411345348;0.40154782656644117;0.5984521734335588
1730780537.5104768;/app/bags/user95_2017-02-24.bag;0.834065854549408;0.0;0.9619645476341248;0.0;2.403604411345348;0.40154782656644117;0.5984521734335588
1730780537.7103822;/app/bags/user95_2017-02-24.bag;0.834065854549408;0.0;0.9619645476341248;0.0;2.403604411345348;0.40154782656644117;0.5984521734335588
1730780537.9103613;/app/bags/user95_2017-02-24.bag;0.834065854549408;0.0;0.9619645476341248;0.0;2.403604411345348;0.40154782656644117;0.5984521734335588
1730780538.1104004;/app/bags/user95_2017-02-24.bag;0.834065854549408;0.0;0.9619645476341248;0.0;2.403604411345348;0.40154782656644117;0.5984521734335588
1730780538.310384;/app/bags/user95_2017-02-24.bag;0.834065854549408;0.0;0.9619645476341248;0.0;2.403604411345348;0.40154782656644117;0.5984521734335588
1730780538.5103831;/app/bags/user95_2017-02-24.bag;0.834065854549408;0.0;0.9619645476341248;0.0;2.403604411345348;0.40154782656644117;0.5984521734335588
1730780538.7104568;/app/bags/user95_2017-02-24.bag;0.834065854549408;0.0;0.9619645476341248;0.0;2.403604411345348;0.40154782656644117;0.5984521734335588
1730780538.9104192;/app/bags/user95_2017-02-24.bag;0.834065854549408;0.0;0.9619645476341248;0.0;2.403604411345348;0.40154782656644117;0.5984521734335588
1730780539.1103563;/app/bags/user95_2017-02-24.bag;0.834065854549408;0.0;0.9619645476341248;0.0;2.403604411345348;0.40154782656644117;0.5984521734335588
1730780539.31041;/app/bags/user95_2017-02-24.bag;0.834065854549408;0.0;0.9619645476341248;0.0;2.403604411345348;0.40154782656644117;0.5984521734335588
1730780539.5103908;/app/bags/user95_2017-02-24.bag;0.834065854549408;0.0;0.9619645476341248;0.0;2.403604411345348;0.40154782656644117;0.5984521734335588
1730780539.710476;/app/bags/user95_2017-02-24.bag;0.834065854549408;0.0;0.9619645476341248;0.0;2.403604411345348;0.40154782656644117;0.5984521734335588
1730780539.910381;/app/bags/user95_2017-02-24.bag;0.834065854549408;0.0;0.9619645476341248;0.0;2.403604411345348;0.40154782656644117;0.5984521734335588
1730780540.1105556;/app/bags/user95_2017-02-24.bag;0.834065854549408;0.0;0.9619645476341248;0.0;2.403604411345348;0.40154782656644117;0.5984521734335588
1730780540.3104026;/app/bags/user95_2017-02-24.bag;0.834065854549408;0.0;0.9619645476341248;0.0;2.403604411345348;0.40154782656644117;0.5984521734335588
1730780540.5103872;/app/bags/user95_2017-02-24.bag;0.834065854549408;0.0;0.9619645476341248;0.0;2.403604411345348;0.40154782656644117;0.5984521734335588
1730780540.7103968;/app/bags/user95_2017-02-24.bag;0.834065854549408;0.0;0.9619645476341248;0.0;2.403604411345348;0.40154782656644117;0.5984521734335588
1730780540.9103959;/app/bags/user95_2017-02-24.bag;0.834065854549408;0.0;0.9619645476341248;0.0;2.403604411345348;0.40154782656644117;0.5984521734335588
1730780541.1104043;/app/bags/user95_2017-02-24.bag;0.834065854549408;0.0;0.9619645476341248;0.0;2.403604411345348;0.40154782656644117;0.5984521734335588
1730780541.3103797;/app/bags/user95_2017-02-24.bag;0.834065854549408;0.0;0.9619645476341248;0.0;2.403604411345348;0.40154782656644117;0.5984521734335588
1730780541.510411;/app/bags/user95_2017-02-24.bag;0.834065854549408;0.0;0.9619645476341248;0.0;2.403604411345348;0.40154782656644117;0.5984521734335588
1730780541.7103863;/app/bags/user95_2017-02-24.bag;0.834065854549408;0.0;0.9619645476341248;0.0;2.403604411345348;0.40154782656644117;0.5984521734335588
1730780541.9103937;/app/bags/user95_2017-02-24.bag;0.834065854549408;0.0;0.9619645476341248;0.0;2.403604411345348;0.40154782656644117;0.5984521734335588
1730780542.110462;/app/bags/user95_2017-02-24.bag;0.834065854549408;0.0;0.9619645476341248;0.0;2.403604411345348;0.40154782656644117;0.5984521734335588
1730780542.3103936;/app/bags/user95_2017-02-24.bag;0.834065854549408;0.0;0.9619645476341248;0.0;2.403604411345348;0.40154782656644117;0.5984521734335588
1730780542.5104094;/app/bags/user95_2017-02-24.bag;0.834065854549408;0.0;0.9619645476341248;0.0;2.403604411345348;0.40154782656644117;0.5984521734335588
1730780542.710376;/app/bags/user95_2017-02-24.bag;0.834065854549408;0.0;0.9619645476341248;0.0;2.403604411345348;0.40154782656644117;0.5984521734335588
1730780542.9104154;/app/bags/user95_2017-02-24.bag;0.834065854549408;0.0;0.9619645476341248;0.0;2.403604411345348;0.40154782656644117;0.5984521734335588
1730780543.1103709;/app/bags/user95_2017-02-24.bag;0.834065854549408;0.0;0.9619645476341248;0.0;2.403604411345348;0.40154782656644117;0.5984521734335588
1730780543.3103805;/app/bags/user95_2017-02-24.bag;0.834065854549408;0.0;0.9619645476341248;0.0;2.403604411345348;0.40154782656644117;0.5984521734335588
1730780543.5103736;/app/bags/user95_2017-02-24.bag;0.834065854549408;0.0;0.9619645476341248;0.0;2.403604411345348;0.40154782656644117;0.5984521734335588
1730780543.710429;/app/bags/user95_2017-02-24.bag;0.834065854549408;0.0;0.9619645476341248;0.0;2.403604411345348;0.40154782656644117;0.5984521734335588
1730780543.9104376;/app/bags/user95_2017-02-24.bag;0.834065854549408;0.0;0.9619645476341248;0.0;2.403604411345348;0.40154782656644117;0.5984521734335588
1730780544.1103761;/app/bags/user95_2017-02-24.bag;0.834065854549408;0.0;0.9619645476341248;0.0;2.403604411345348;0.40154782656644117;0.5984521734335588
1730780544.3103833;/app/bags/user95_2017-02-24.bag;0.834065854549408;0.0;0.9619645476341248;0.0;2.403604411345348;0.40154782656644117;0.5984521734335588
1730780544.5103846;/app/bags/user95_2017-02-24.bag;0.834065854549408;0.0;0.9619645476341248;0.0;2.403604411345348;0.40154782656644117;0.5984521734335588
1730780544.7104309;/app/bags/user95_2017-02-24.bag;0.834065854549408;0.0;0.9619645476341248;0.0;2.403604411345348;0.40154782656644117;0.5984521734335588
1730780544.9104006;/app/bags/user95_2017-02-24.bag;0.834065854549408;0.0;0.9619645476341248;0.0;2.403604411345348;0.40154782656644117;0.5984521734335588
1730780545.1104476;/app/bags/user95_2017-02-24.bag;0.834065854549408;0.0;0.9619645476341248;0.0;2.403604411345348;0.40154782656644117;0.5984521734335588
1730780545.3104181;/app/bags/user95_2017-02-24.bag;0.834065854549408;0.0;0.9619645476341248;0.0;2.403604411345348;0.40154782656644117;0.5984521734335588
1730780545.510388;/app/bags/user95_2017-02-24.bag;0.834065854549408;0.0;0.9619645476341248;0.0;2.403604411345348;0.40154782656644117;0.5984521734335588
1730780545.710381;/app/bags/user95_2017-02-24.bag;0.834065854549408;0.0;0.9619645476341248;0.0;2.403604411345348;0.40154782656644117;0.5984521734335588
1730780545.910424;/app/bags/user95_2017-02-24.bag;0.834065854549408;0.0;0.9619645476341248;0.0;2.403604411345348;0.40154782656644117;0.5984521734335588
1730780546.1103787;/app/bags/user95_2017-02-24.bag;0.834065854549408;0.0;0.9619645476341248;0.0;2.403604411345348;0.40154782656644117;0.5984521734335588
1730780546.3104463;/app/bags/user95_2017-02-24.bag;0.834065854549408;0.0;0.9619645476341248;0.0;2.403604411345348;0.40154782656644117;0.5984521734335588
1730780546.5103543;/app/bags/user95_2017-02-24.bag;0.834065854549408;0.0;0.9619645476341248;0.0;2.403604411345348;0.40154782656644117;0.5984521734335588
1730780546.7105103;/app/bags/user95_2017-02-24.bag;0.834065854549408;0.0;0.9619645476341248;0.0;2.403604411345348;0.40154782656644117;0.5984521734335588
1730780546.9104397;/app/bags/user95_2017-02-24.bag;0.834065854549408;0.0;0.9619645476341248;0.0;2.403604411345348;0.40154782656644117;0.5984521734335588
1730780547.11038;/app/bags/user95_2017-02-24.bag;0.834065854549408;0.0;0.9619645476341248;0.0;2.403604411345348;0.40154782656644117;0.5984521734335588
1730780547.3103793;/app/bags/user95_2017-02-24.bag;0.834065854549408;0.0;0.9619645476341248;0.0;2.403604411345348;0.40154782656644117;0.5984521734335588
1730780547.5103834;/app/bags/user95_2017-02-24.bag;0.834065854549408;0.0;0.9619645476341248;0.0;2.403604411345348;0.40154782656644117;0.5984521734335588
1730780547.710364;/app/bags/user95_2017-02-24.bag;0.834065854549408;0.0;0.9619645476341248;0.0;2.403604411345348;0.40154782656644117;0.5984521734335588
1730780547.9103465;/app/bags/user95_2017-02-24.bag;0.834065854549408;0.0;0.9619645476341248;0.0;2.403604411345348;0.40154782656644117;0.5984521734335588
1730780548.110466;/app/bags/user95_2017-02-24.bag;0.834065854549408;0.0;0.9619645476341248;0.0;2.403604411345348;0.40154782656644117;0.5984521734335588
1730780548.3103964;/app/bags/user95_2017-02-24.bag;0.834065854549408;0.0;0.9619645476341248;0.0;2.403604411345348;0.40154782656644117;0.5984521734335588
1730780548.5103698;/app/bags/user95_2017-02-24.bag;0.834065854549408;0.0;0.9619645476341248;0.0;2.403604411345348;0.40154782656644117;0.5984521734335588
1730780548.7103343;/app/bags/user95_2017-02-24.bag;0.834065854549408;0.0;0.9619645476341248;0.0;2.403604411345348;0.40154782656644117;0.5984521734335588
1730780548.9104147;/app/bags/user95_2017-02-24.bag;0.834065854549408;0.0;0.9619645476341248;0.0;2.403604411345348;0.40154782656644117;0.5984521734335588
1730780549.1104066;/app/bags/user95_2017-02-24.bag;0.834065854549408;0.0;0.9619645476341248;0.0;2.403604411345348;0.40154782656644117;0.5984521734335588
1730780549.3103757;/app/bags/user95_2017-02-24.bag;0.834065854549408;0.0;0.9619645476341248;0.0;2.403604411345348;0.40154782656644117;0.5984521734335588
1730780549.510225;/app/bags/user95_2017-02-24.bag;0.834065854549408;0.0;0.9619645476341248;0.0;2.403604411345348;0.40154782656644117;0.5984521734335588
1730780549.7103925;/app/bags/user95_2017-02-24.bag;0.834065854549408;0.0;0.9619645476341248;0.0;2.403604411345348;0.40154782656644117;0.5984521734335588
1730780549.9103503;/app/bags/user95_2017-02-24.bag;0.834065854549408;0.0;0.9619645476341248;0.0;2.403604411345348;0.40154782656644117;0.5984521734335588
1730780550.110378;/app/bags/user95_2017-02-24.bag;0.834065854549408;0.0;0.9619645476341248;0.0;2.403604411345348;0.40154782656644117;0.5984521734335588
1730780550.3104496;/app/bags/user95_2017-02-24.bag;0.834065854549408;0.0;0.9619645476341248;0.0;2.403604411345348;0.40154782656644117;0.5984521734335588
1730780550.510349;/app/bags/user95_2017-02-24.bag;0.834065854549408;0.0;0.9619645476341248;0.0;2.403604411345348;0.40154782656644117;0.5984521734335588
1730780550.7104952;/app/bags/user95_2017-02-24.bag;0.834065854549408;0.0;0.9619645476341248;0.0;2.403604411345348;0.40154782656644117;0.5984521734335588
1730780550.9103625;/app/bags/user95_2017-02-24.bag;0.834065854549408;0.0;0.9619645476341248;0.0;2.403604411345348;0.40154782656644117;0.5984521734335588
1730780551.1103709;/app/bags/user95_2017-02-24.bag;0.834065854549408;0.0;0.9619645476341248;0.0;2.403604411345348;0.40154782656644117;0.5984521734335588
1730780551.3103766;/app/bags/user95_2017-02-24.bag;0.834065854549408;0.0;0.9619645476341248;0.0;2.403604411345348;0.40154782656644117;0.5984521734335588
1730780551.5104115;/app/bags/user95_2017-02-24.bag;0.834065854549408;0.0;0.9619645476341248;0.0;2.403604411345348;0.40154782656644117;0.5984521734335588
1730780551.710401;/app/bags/user95_2017-02-24.bag;0.834065854549408;0.0;0.9619645476341248;0.0;2.403604411345348;0.40154782656644117;0.5984521734335588
1730780551.9103956;/app/bags/user95_2017-02-24.bag;0.834065854549408;0.0;0.9619645476341248;0.0;2.403604411345348;0.40154782656644117;0.5984521734335588
1730780552.1103723;/app/bags/user95_2017-02-24.bag;0.834065854549408;0.0;0.9619645476341248;0.0;2.403604411345348;0.40154782656644117;0.5984521734335588
1730780552.3103678;/app/bags/user95_2017-02-24.bag;0.834065854549408;0.0;0.9619645476341248;0.0;2.403604411345348;0.40154782656644117;0.5984521734335588
1730780552.5104213;/app/bags/user95_2017-02-24.bag;0.834065854549408;0.0;0.9619645476341248;0.0;2.403604411345348;0.40154782656644117;0.5984521734335588
1730780552.710369;/app/bags/user95_2017-02-24.bag;0.834065854549408;0.0;0.9619645476341248;0.0;2.403604411345348;0.40154782656644117;0.5984521734335588
1730780552.910363;/app/bags/user95_2017-02-24.bag;0.834065854549408;0.0;0.9619645476341248;0.0;2.403604411345348;0.40154782656644117;0.5984521734335588
1730780553.110427;/app/bags/user95_2017-02-24.bag;0.834065854549408;0.0;0.9619645476341248;0.0;2.403604411345348;0.40154782656644117;0.5984521734335588
1730780553.3103693;/app/bags/user95_2017-02-24.bag;0.834065854549408;0.0;0.9619645476341248;0.0;2.403604411345348;0.40154782656644117;0.5984521734335588
1730780553.5103827;/app/bags/user95_2017-02-24.bag;0.834065854549408;0.0;0.9619645476341248;0.0;2.403604411345348;0.40154782656644117;0.5984521734335588
1730780553.7103906;/app/bags/user95_2017-02-24.bag;0.834065854549408;0.0;0.9619645476341248;0.0;2.403604411345348;0.40154782656644117;0.5984521734335588
1730780553.9104495;/app/bags/user95_2017-02-24.bag;0.834065854549408;0.0;0.9619645476341248;0.0;2.403604411345348;0.40154782656644117;0.5984521734335588
1730780554.1104107;/app/bags/user95_2017-02-24.bag;0.834065854549408;0.0;0.9619645476341248;0.0;2.403604411345348;0.40154782656644117;0.5984521734335588
1730780554.310401;/app/bags/user95_2017-02-24.bag;0.834065854549408;0.0;0.9619645476341248;0.0;2.403604411345348;0.40154782656644117;0.5984521734335588
1730780554.5103896;/app/bags/user95_2017-02-24.bag;0.834065854549408;0.0;0.9619645476341248;0.0;2.403604411345348;0.40154782656644117;0.5984521734335588
1730780554.7103765;/app/bags/user95_2017-02-24.bag;0.834065854549408;0.0;0.9619645476341248;0.0;2.403604411345348;0.40154782656644117;0.5984521734335588
1730780554.910605;/app/bags/user95_2017-02-24.bag;0.834065854549408;0.0;0.9619645476341248;0.0;2.403604411345348;0.40154782656644117;0.5984521734335588
1730780555.1103883;/app/bags/user95_2017-02-24.bag;0.834065854549408;0.0;0.9619645476341248;0.0;2.403604411345348;0.40154782656644117;0.5984521734335588
1730780555.3103964;/app/bags/user95_2017-02-24.bag;0.834065854549408;0.0;0.9619645476341248;0.0;2.403604411345348;0.40154782656644117;0.5984521734335588
1730780555.510376;/app/bags/user95_2017-02-24.bag;0.834065854549408;0.0;0.9619645476341248;0.0;2.403604411345348;0.40154782656644117;0.5984521734335588
1730780555.7103496;/app/bags/user95_2017-02-24.bag;0.834065854549408;0.0;0.9619645476341248;0.0;2.403604411345348;0.40154782656644117;0.5984521734335588
1730780555.910383;/app/bags/user95_2017-02-24.bag;0.834065854549408;0.0;0.9619645476341248;0.0;2.403604411345348;0.40154782656644117;0.5984521734335588
1730780556.1103704;/app/bags/user95_2017-02-24.bag;0.834065854549408;0.0;0.9619645476341248;0.0;2.403604411345348;0.40154782656644117;0.5984521734335588
1730780556.310424;/app/bags/user95_2017-02-24.bag;0.834065854549408;0.0;0.9619645476341248;0.0;2.403604411345348;0.40154782656644117;0.5984521734335588
1730780556.510357;/app/bags/user95_2017-02-24.bag;0.834065854549408;0.0;0.9619645476341248;0.0;2.403604411345348;0.40154782656644117;0.5984521734335588
1730780556.7103925;/app/bags/user95_2017-02-24.bag;0.834065854549408;0.0;0.9619645476341248;0.0;2.403604411345348;0.40154782656644117;0.5984521734335588
1730780556.9103875;/app/bags/user95_2017-02-24.bag;0.834065854549408;0.0;0.9619645476341248;0.0;2.403604411345348;0.40154782656644117;0.5984521734335588
1730780557.110375;/app/bags/user95_2017-02-24.bag;0.834065854549408;0.0;0.9619645476341248;0.0;2.403604411345348;0.40154782656644117;0.5984521734335588
1730780557.310383;/app/bags/user95_2017-02-24.bag;0.834065854549408;0.0;0.9619645476341248;0.0;2.403604411345348;0.40154782656644117;0.5984521734335588
1730780557.5104156;/app/bags/user95_2017-02-24.bag;0.834065854549408;0.0;0.9619645476341248;0.0;2.403604411345348;0.40154782656644117;0.5984521734335588
1730780557.7104192;/app/bags/user95_2017-02-24.bag;0.834065854549408;0.0;0.9619645476341248;0.0;2.403604411345348;0.40154782656644117;0.5984521734335588
1730780557.9103968;/app/bags/user95_2017-02-24.bag;0.834065854549408;0.0;0.9619645476341248;0.0;2.403604411345348;0.40154782656644117;0.5984521734335588
1730780558.1103861;/app/bags/user95_2017-02-24.bag;0.834065854549408;0.0;0.9619645476341248;0.0;2.403604411345348;0.40154782656644117;0.5984521734335588
1730780558.3104897;/app/bags/user95_2017-02-24.bag;0.834065854549408;0.0;0.9619645476341248;0.0;2.403604411345348;0.40154782656644117;0.5984521734335588
1730780558.5104036;/app/bags/user95_2017-02-24.bag;0.834065854549408;0.0;0.9619645476341248;0.0;2.403604411345348;0.40154782656644117;0.5984521734335588
1730780558.710375;/app/bags/user95_2017-02-24.bag;0.834065854549408;0.0;0.9619645476341248;0.0;2.403604411345348;0.40154782656644117;0.5984521734335588
1730780558.9103918;/app/bags/user95_2017-02-24.bag;0.834065854549408;0.0;0.9619645476341248;0.0;2.403604411345348;0.40154782656644117;0.5984521734335588
1730780559.1104078;/app/bags/user95_2017-02-24.bag;0.834065854549408;0.0;0.9619645476341248;0.0;2.403604411345348;0.40154782656644117;0.5984521734335588
1730780559.3103771;/app/bags/user95_2017-02-24.bag;0.834065854549408;0.0;0.9619645476341248;0.0;2.403604411345348;0.40154782656644117;0.5984521734335588
1730780559.5106397;/app/bags/user95_2017-02-24.bag;0.834065854549408;0.0;0.9619645476341248;0.0;2.403604411345348;0.40154782656644117;0.5984521734335588
1730780559.710378;/app/bags/user95_2017-02-24.bag;0.834065854549408;0.0;0.9619645476341248;0.0;2.403604411345348;0.40154782656644117;0.5984521734335588
1730780559.910425;/app/bags/user95_2017-02-24.bag;0.834065854549408;0.0;0.9619645476341248;0.0;2.403604411345348;0.40154782656644117;0.5984521734335588
1730780560.1104052;/app/bags/user95_2017-02-24.bag;0.834065854549408;0.0;0.9619645476341248;0.0;2.403604411345348;0.40154782656644117;0.5984521734335588
1730780560.3104255;/app/bags/user95_2017-02-24.bag;0.834065854549408;0.0;0.9619645476341248;0.0;2.403604411345348;0.40154782656644117;0.5984521734335588
1730780560.5104089;/app/bags/user95_2017-02-24.bag;0.834065854549408;0.0;0.9619645476341248;0.0;2.403604411345348;0.40154782656644117;0.5984521734335588
1730780560.710395;/app/bags/user95_2017-02-24.bag;0.834065854549408;0.0;0.9619645476341248;0.0;2.403604411345348;0.40154782656644117;0.5984521734335588
1730780560.9103992;/app/bags/user95_2017-02-24.bag;0.834065854549408;0.0;0.9619645476341248;0.0;2.403604411345348;0.40154782656644117;0.5984521734335588
1730780561.110396;/app/bags/user95_2017-02-24.bag;0.834065854549408;0.0;0.9619645476341248;0.0;2.403604411345348;0.40154782656644117;0.5984521734335588
1730780561.3103821;/app/bags/user95_2017-02-24.bag;0.834065854549408;0.0;0.9619645476341248;0.0;2.403604411345348;0.40154782656644117;0.5984521734335588
1730780561.5103831;/app/bags/user95_2017-02-24.bag;0.834065854549408;0.0;0.9619645476341248;0.0;2.403604411345348;0.40154782656644117;0.5984521734335588
1730780561.7103693;/app/bags/user95_2017-02-24.bag;0.834065854549408;0.0;0.9619645476341248;0.0;2.403604411345348;0.40154782656644117;0.5984521734335588
1730780561.910377;/app/bags/user95_2017-02-24.bag;0.834065854549408;0.0;0.9619645476341248;0.0;2.403604411345348;0.40154782656644117;0.5984521734335588
1730780562.1103823;/app/bags/user95_2017-02-24.bag;0.834065854549408;0.0;0.9619645476341248;0.0;2.403604411345348;0.40154782656644117;0.5984521734335588
1730780562.310373;/app/bags/user95_2017-02-24.bag;0.834065854549408;0.0;0.9619645476341248;0.0;2.403604411345348;0.40154782656644117;0.5984521734335588
1730780562.5103788;/app/bags/user95_2017-02-24.bag;0.834065854549408;0.0;0.9619645476341248;0.0;2.403604411345348;0.40154782656644117;0.5984521734335588
1730780562.710383;/app/bags/user95_2017-02-24.bag;0.834065854549408;0.0;0.9619645476341248;0.0;2.403604411345348;0.40154782656644117;0.5984521734335588
1730780562.9104052;/app/bags/user95_2017-02-24.bag;0.834065854549408;0.0;0.9619645476341248;0.0;2.403604411345348;0.40154782656644117;0.5984521734335588
1730780563.110373;/app/bags/user95_2017-02-24.bag;0.834065854549408;0.0;0.9619645476341248;0.0;2.403604411345348;0.40154782656644117;0.5984521734335588
1730780563.3104424;/app/bags/user95_2017-02-24.bag;0.834065854549408;0.0;0.9619645476341248;0.0;2.403604411345348;0.40154782656644117;0.5984521734335588
1730780563.5104191;/app/bags/user95_2017-02-24.bag;0.834065854549408;0.0;0.9619645476341248;0.0;2.403604411345348;0.40154782656644117;0.5984521734335588
1730780563.710388;/app/bags/user95_2017-02-24.bag;0.834065854549408;0.0;0.9619645476341248;0.0;2.403604411345348;0.40154782656644117;0.5984521734335588
1730780563.910365;/app/bags/user95_2017-02-24.bag;0.834065854549408;0.0;0.9619645476341248;0.0;2.403604411345348;0.40154782656644117;0.5984521734335588
1730780564.110416;/app/bags/user95_2017-02-24.bag;0.834065854549408;0.0;0.9619645476341248;0.0;2.403604411345348;0.40154782656644117;0.5984521734335588
1730780564.3104188;/app/bags/user95_2017-02-24.bag;0.834065854549408;0.0;0.9619645476341248;0.0;2.403604411345348;0.40154782656644117;0.5984521734335588
1730780564.5103774;/app/bags/user95_2017-02-24.bag;0.834065854549408;0.0;0.9619645476341248;0.0;2.403604411345348;0.40154782656644117;0.5984521734335588
1730780564.7104561;/app/bags/user95_2017-02-24.bag;0.834065854549408;0.0;0.9619645476341248;0.0;2.403604411345348;0.40154782656644117;0.5984521734335588
1730780564.9103715;/app/bags/user95_2017-02-24.bag;0.834065854549408;0.0;0.9619645476341248;0.0;2.403604411345348;0.40154782656644117;0.5984521734335588
1730780565.1103742;/app/bags/user95_2017-02-24.bag;0.834065854549408;0.0;0.9619645476341248;0.0;2.403604411345348;0.40154782656644117;0.5984521734335588
1730780565.3103888;/app/bags/user95_2017-02-24.bag;0.834065854549408;0.0;0.9619645476341248;0.0;2.403604411345348;0.40154782656644117;0.5984521734335588
1730780565.5103705;/app/bags/user95_2017-02-24.bag;0.834065854549408;0.0;0.9619645476341248;0.0;2.403604411345348;0.40154782656644117;0.5984521734335588
1730780565.7103608;/app/bags/user95_2017-02-24.bag;0.834065854549408;0.0;0.9619645476341248;0.0;2.403604411345348;0.40154782656644117;0.5984521734335588
1730780565.9103794;/app/bags/user95_2017-02-24.bag;0.834065854549408;0.0;0.9619645476341248;0.0;2.403604411345348;0.40154782656644117;0.5984521734335588
1730780566.1103795;/app/bags/user95_2017-02-24.bag;0.834065854549408;0.0;0.9619645476341248;0.0;2.403604411345348;0.40154782656644117;0.5984521734335588
1730780566.3104093;/app/bags/user95_2017-02-24.bag;0.834065854549408;0.0;0.9619645476341248;0.0;2.403604411345348;0.40154782656644117;0.5984521734335588
1730780566.5103927;/app/bags/user95_2017-02-24.bag;0.834065854549408;0.0;0.9619645476341248;0.0;2.403604411345348;0.40154782656644117;0.5984521734335588
1730780566.7103612;/app/bags/user95_2017-02-24.bag;0.834065854549408;0.0;0.9619645476341248;0.0;2.403604411345348;0.40154782656644117;0.5984521734335588
1730780566.9103913;/app/bags/user95_2017-02-24.bag;0.834065854549408;0.0;0.9619645476341248;0.0;2.403604411345348;0.40154782656644117;0.5984521734335588
1730780567.110388;/app/bags/user95_2017-02-24.bag;0.834065854549408;0.0;0.9619645476341248;0.0;2.403604411345348;0.40154782656644117;0.5984521734335588
1730780567.310403;/app/bags/user95_2017-02-24.bag;0.834065854549408;0.0;0.9619645476341248;0.0;2.403604411345348;0.40154782656644117;0.5984521734335588
1730780567.5103977;/app/bags/user95_2017-02-24.bag;0.834065854549408;0.0;0.9619645476341248;0.0;2.403604411345348;0.40154782656644117;0.5984521734335588
1730780567.7103767;/app/bags/user95_2017-02-24.bag;0.834065854549408;0.0;0.9619645476341248;0.0;2.403604411345348;0.40154782656644117;0.5984521734335588
1730780567.910386;/app/bags/user95_2017-02-24.bag;0.834065854549408;0.0;0.9619645476341248;0.0;2.403604411345348;0.40154782656644117;0.5984521734335588
1730780568.1103778;/app/bags/user95_2017-02-24.bag;0.834065854549408;0.0;0.9619645476341248;0.0;2.403604411345348;0.40154782656644117;0.5984521734335588
1730780568.310357;/app/bags/user95_2017-02-24.bag;0.834065854549408;0.0;0.9619645476341248;0.0;2.403604411345348;0.40154782656644117;0.5984521734335588
1730780568.5103686;/app/bags/user95_2017-02-24.bag;0.834065854549408;0.0;0.9619645476341248;0.0;2.403604411345348;0.40154782656644117;0.5984521734335588
1730780568.7103953;/app/bags/user95_2017-02-24.bag;0.834065854549408;0.0;0.9619645476341248;0.0;2.403604411345348;0.40154782656644117;0.5984521734335588
1730780568.9104173;/app/bags/user95_2017-02-24.bag;0.834065854549408;0.0;0.9619645476341248;0.0;2.403604411345348;0.40154782656644117;0.5984521734335588
1730780569.1104434;/app/bags/user95_2017-02-24.bag;0.834065854549408;0.0;0.9619645476341248;0.0;2.403604411345348;0.40154782656644117;0.5984521734335588
1730780569.3104126;/app/bags/user95_2017-02-24.bag;0.834065854549408;0.0;0.9619645476341248;0.0;2.403604411345348;0.40154782656644117;0.5984521734335588
1730780569.5103776;/app/bags/user95_2017-02-24.bag;0.834065854549408;0.0;0.9619645476341248;0.0;2.403604411345348;0.40154782656644117;0.5984521734335588
1730780569.7103481;/app/bags/user95_2017-02-24.bag;0.834065854549408;0.0;0.9619645476341248;0.0;2.403604411345348;0.40154782656644117;0.5984521734335588
1730780569.910383;/app/bags/user95_2017-02-24.bag;0.834065854549408;0.0;0.9619645476341248;0.0;2.403604411345348;0.40154782656644117;0.5984521734335588
1730780570.1103485;/app/bags/user95_2017-02-24.bag;0.834065854549408;0.0;0.9619645476341248;0.0;2.403604411345348;0.40154782656644117;0.5984521734335588
1730780570.3104873;/app/bags/user95_2017-02-24.bag;0.834065854549408;0.0;0.9619645476341248;0.0;2.403604411345348;0.40154782656644117;0.5984521734335588
1730780570.5103757;/app/bags/user95_2017-02-24.bag;0.834065854549408;0.0;0.9619645476341248;0.0;2.403604411345348;0.40154782656644117;0.5984521734335588
1730780570.7104259;/app/bags/user95_2017-02-24.bag;0.834065854549408;0.0;0.9619645476341248;0.0;2.403604411345348;0.40154782656644117;0.5984521734335588
1730780570.9103682;/app/bags/user95_2017-02-24.bag;0.834065854549408;0.0;0.9619645476341248;0.0;2.403604411345348;0.40154782656644117;0.5984521734335588
1730780571.1103685;/app/bags/user95_2017-02-24.bag;0.834065854549408;0.0;0.9619645476341248;0.0;2.403604411345348;0.40154782656644117;0.5984521734335588
1730780571.3103633;/app/bags/user95_2017-02-24.bag;0.834065854549408;0.0;0.9619645476341248;0.0;2.403604411345348;0.40154782656644117;0.5984521734335588
1730780571.5103927;/app/bags/user95_2017-02-24.bag;0.834065854549408;0.0;0.9619645476341248;0.0;2.403604411345348;0.40154782656644117;0.5984521734335588
1730780571.710418;/app/bags/user95_2017-02-24.bag;0.834065854549408;0.0;0.9619645476341248;0.0;2.403604411345348;0.40154782656644117;0.5984521734335588
1730780571.9104056;/app/bags/user95_2017-02-24.bag;0.834065854549408;0.0;0.9619645476341248;0.0;2.403604411345348;0.40154782656644117;0.5984521734335588
1730780572.1103814;/app/bags/user95_2017-02-24.bag;0.834065854549408;0.0;0.9619645476341248;0.0;2.403604411345348;0.40154782656644117;0.5984521734335588
1730780572.3104272;/app/bags/user95_2017-02-24.bag;0.834065854549408;0.0;0.9619645476341248;0.0;2.403604411345348;0.40154782656644117;0.5984521734335588
1730780572.5103846;/app/bags/user95_2017-02-24.bag;0.834065854549408;0.0;0.9619645476341248;0.0;2.403604411345348;0.40154782656644117;0.5984521734335588
1730780572.7103682;/app/bags/user95_2017-02-24.bag;0.834065854549408;0.0;0.9619645476341248;0.0;2.403604411345348;0.40154782656644117;0.5984521734335588
1730780572.9103863;/app/bags/user95_2017-02-24.bag;0.834065854549408;0.0;0.9619645476341248;0.0;2.403604411345348;0.40154782656644117;0.5984521734335588
1730780573.110438;/app/bags/user95_2017-02-24.bag;0.834065854549408;0.0;0.9619645476341248;0.0;2.403604411345348;0.40154782656644117;0.5984521734335588
1730780573.3103697;/app/bags/user95_2017-02-24.bag;0.834065854549408;0.0;0.9619645476341248;0.0;2.403604411345348;0.40154782656644117;0.5984521734335588
1730780573.510374;/app/bags/user95_2017-02-24.bag;0.834065854549408;0.0;0.9619645476341248;0.0;2.403604411345348;0.40154782656644117;0.5984521734335588
1730780573.7103815;/app/bags/user95_2017-02-24.bag;0.834065854549408;0.0;0.9619645476341248;0.0;2.403604411345348;0.40154782656644117;0.5984521734335588
1730780573.9103546;/app/bags/user95_2017-02-24.bag;0.834065854549408;0.0;0.9619645476341248;0.0;2.403604411345348;0.40154782656644117;0.5984521734335588
1730780574.1104014;/app/bags/user95_2017-02-24.bag;0.834065854549408;0.0;0.9619645476341248;0.0;2.403604411345348;0.40154782656644117;0.5984521734335588
1730780574.310357;/app/bags/user95_2017-02-24.bag;0.834065854549408;0.0;0.9619645476341248;0.0;2.403604411345348;0.40154782656644117;0.5984521734335588
1730780574.5103927;/app/bags/user95_2017-02-24.bag;0.834065854549408;0.0;0.9619645476341248;0.0;2.403604411345348;0.40154782656644117;0.5984521734335588
1730780574.7103937;/app/bags/user95_2017-02-24.bag;0.834065854549408;0.0;0.9619645476341248;0.0;2.403604411345348;0.40154782656644117;0.5984521734335588
1730780574.9103916;/app/bags/user95_2017-02-24.bag;0.834065854549408;0.0;0.9619645476341248;0.0;2.403604411345348;0.40154782656644117;0.5984521734335588
1730780575.1103733;/app/bags/user95_2017-02-24.bag;0.834065854549408;0.0;0.9619645476341248;0.0;2.403604411345348;0.40154782656644117;0.5984521734335588
1730780575.3103745;/app/bags/user95_2017-02-24.bag;0.834065854549408;0.0;0.9619645476341248;0.0;2.403604411345348;0.40154782656644117;0.5984521734335588
1730780575.510432;/app/bags/user95_2017-02-24.bag;0.834065854549408;0.0;0.9619645476341248;0.0;2.403604411345348;0.40154782656644117;0.5984521734335588
1730780575.710381;/app/bags/user95_2017-02-24.bag;0.834065854549408;0.0;0.9619645476341248;0.0;2.403604411345348;0.40154782656644117;0.5984521734335588
1730780575.9104044;/app/bags/user95_2017-02-24.bag;0.834065854549408;0.0;0.9619645476341248;0.0;2.403604411345348;0.40154782656644117;0.5984521734335588
1730780576.1103787;/app/bags/user95_2017-02-24.bag;0.834065854549408;0.0;0.9619645476341248;0.0;2.403604411345348;0.40154782656644117;0.5984521734335588
1730780576.310405;/app/bags/user95_2017-02-24.bag;0.834065854549408;0.0;0.9619645476341248;0.0;2.403604411345348;0.40154782656644117;0.5984521734335588
1730780576.510385;/app/bags/user95_2017-02-24.bag;0.834065854549408;0.0;0.9619645476341248;0.0;2.403604411345348;0.40154782656644117;0.5984521734335588
1730780576.7104712;/app/bags/user95_2017-02-24.bag;0.834065854549408;0.0;0.9619645476341248;0.0;2.403604411345348;0.40154782656644117;0.5984521734335588
1730780576.9105277;/app/bags/user95_2017-02-24.bag;0.834065854549408;0.0;0.9619645476341248;0.0;2.403604411345348;0.40154782656644117;0.5984521734335588
1730780577.1104066;/app/bags/user95_2017-02-24.bag;0.834065854549408;0.0;0.9619645476341248;0.0;2.403604411345348;0.40154782656644117;0.5984521734335588
1730780577.3103805;/app/bags/user95_2017-02-24.bag;0.834065854549408;0.0;0.9619645476341248;0.0;2.403604411345348;0.40154782656644117;0.5984521734335588
1730780577.5103526;/app/bags/user95_2017-02-24.bag;0.834065854549408;0.0;0.9619645476341248;0.0;2.403604411345348;0.40154782656644117;0.5984521734335588
1730780577.7103698;/app/bags/user95_2017-02-24.bag;0.834065854549408;0.0;0.9619645476341248;0.0;2.403604411345348;0.40154782656644117;0.5984521734335588
1730780577.9104087;/app/bags/user95_2017-02-24.bag;0.834065854549408;0.0;0.9619645476341248;0.0;2.403604411345348;0.40154782656644117;0.5984521734335588
1730780578.110397;/app/bags/user95_2017-02-24.bag;0.834065854549408;0.0;0.9619645476341248;0.0;2.403604411345348;0.40154782656644117;0.5984521734335588
1730780578.3104272;/app/bags/user95_2017-02-24.bag;0.834065854549408;0.0;0.9619645476341248;0.0;2.403604411345348;0.40154782656644117;0.5984521734335588
1730780578.5103328;/app/bags/user95_2017-02-24.bag;0.834065854549408;0.0;0.9619645476341248;0.0;2.403604411345348;0.40154782656644117;0.5984521734335588
1730780578.7103817;/app/bags/user95_2017-02-24.bag;0.834065854549408;0.0;0.9619645476341248;0.0;2.403604411345348;0.40154782656644117;0.5984521734335588
1730780578.9103749;/app/bags/user95_2017-02-24.bag;0.834065854549408;0.0;0.9619645476341248;0.0;2.403604411345348;0.40154782656644117;0.5984521734335588
1730780579.1103992;/app/bags/user95_2017-02-24.bag;0.834065854549408;0.0;0.9619645476341248;0.0;2.403604411345348;0.40154782656644117;0.5984521734335588
1730780579.3103755;/app/bags/user95_2017-02-24.bag;0.834065854549408;0.0;0.9619645476341248;0.0;2.403604411345348;0.40154782656644117;0.5984521734335588
1730780579.5104325;/app/bags/user95_2017-02-24.bag;0.834065854549408;0.0;0.9619645476341248;0.0;2.403604411345348;0.40154782656644117;0.5984521734335588
1730780579.710425;/app/bags/user95_2017-02-24.bag;0.834065854549408;0.0;0.9619645476341248;0.0;2.403604411345348;0.40154782656644117;0.5984521734335588
1730780579.9103682;/app/bags/user95_2017-02-24.bag;0.834065854549408;0.0;0.9619645476341248;0.0;2.403604411345348;0.40154782656644117;0.5984521734335588
1730780580.1104271;/app/bags/user95_2017-02-24.bag;0.834065854549408;0.0;0.9619645476341248;0.0;2.403604411345348;0.40154782656644117;0.5984521734335588
1730780580.3104205;/app/bags/user95_2017-02-24.bag;0.834065854549408;0.0;0.9619645476341248;0.0;2.403604411345348;0.40154782656644117;0.5984521734335588
1730780580.5103753;/app/bags/user95_2017-02-24.bag;0.834065854549408;0.0;0.9619645476341248;0.0;2.403604411345348;0.40154782656644117;0.5984521734335588
1730780580.7103944;/app/bags/user95_2017-02-24.bag;0.834065854549408;0.0;0.9619645476341248;0.0;2.403604411345348;0.40154782656644117;0.5984521734335588
1730780580.9104211;/app/bags/user95_2017-02-24.bag;0.834065854549408;0.0;0.9619645476341248;0.0;2.403604411345348;0.40154782656644117;0.5984521734335588
1730780581.1104298;/app/bags/user95_2017-02-24.bag;0.834065854549408;0.0;0.9619645476341248;0.0;2.403604411345348;0.40154782656644117;0.5984521734335588
1730780581.3104103;/app/bags/user95_2017-02-24.bag;0.834065854549408;0.0;0.9619645476341248;0.0;2.403604411345348;0.40154782656644117;0.5984521734335588
1730780581.510382;/app/bags/user95_2017-02-24.bag;0.834065854549408;0.0;0.9619645476341248;0.0;2.403604411345348;0.40154782656644117;0.5984521734335588
1730780581.710459;/app/bags/user95_2017-02-24.bag;0.834065854549408;0.0;0.9619645476341248;0.0;2.403604411345348;0.40154782656644117;0.5984521734335588
1730780581.9103763;/app/bags/user95_2017-02-24.bag;0.834065854549408;0.0;0.9619645476341248;0.0;2.403604411345348;0.40154782656644117;0.5984521734335588
1730780582.110374;/app/bags/user95_2017-02-24.bag;0.834065854549408;0.0;0.9619645476341248;0.0;2.403604411345348;0.40154782656644117;0.5984521734335588
1730780582.3103778;/app/bags/user95_2017-02-24.bag;0.834065854549408;0.0;0.9619645476341248;0.0;2.403604411345348;0.40154782656644117;0.5984521734335588
1730780582.5104175;/app/bags/user95_2017-02-24.bag;0.834065854549408;0.0;0.9619645476341248;0.0;2.403604411345348;0.40154782656644117;0.5984521734335588
1730780582.7104053;/app/bags/user95_2017-02-24.bag;0.834065854549408;0.0;0.9619645476341248;0.0;2.403604411345348;0.40154782656644117;0.5984521734335588
1730780582.9104705;/app/bags/user95_2017-02-24.bag;0.834065854549408;0.0;0.9619645476341248;0.0;2.403604411345348;0.40154782656644117;0.5984521734335588
1730780583.1103919;/app/bags/user95_2017-02-24.bag;0.834065854549408;0.0;0.9619645476341248;0.0;2.403604411345348;0.40154782656644117;0.5984521734335588
1730780583.3104086;/app/bags/user95_2017-02-24.bag;0.834065854549408;0.0;0.9619645476341248;0.0;2.403604411345348;0.40154782656644117;0.5984521734335588
1730780583.5103781;/app/bags/user95_2017-02-24.bag;0.834065854549408;0.0;0.9619645476341248;0.0;2.403604411345348;0.40154782656644117;0.5984521734335588
1730780583.7103786;/app/bags/user95_2017-02-24.bag;0.834065854549408;0.0;0.9619645476341248;0.0;2.403604411345348;0.40154782656644117;0.5984521734335588
1730780583.910387;/app/bags/user95_2017-02-24.bag;0.834065854549408;0.0;0.9619645476341248;0.0;2.403604411345348;0.40154782656644117;0.5984521734335588
1730780584.1103923;/app/bags/user95_2017-02-24.bag;0.834065854549408;0.0;0.9619645476341248;0.0;2.403604411345348;0.40154782656644117;0.5984521734335588
1730780584.3103964;/app/bags/user95_2017-02-24.bag;0.834065854549408;0.0;0.9619645476341248;0.0;2.403604411345348;0.40154782656644117;0.5984521734335588
1730780584.510521;/app/bags/user95_2017-02-24.bag;0.834065854549408;0.0;0.9619645476341248;0.0;2.403604411345348;0.40154782656644117;0.5984521734335588
1730780584.7104075;/app/bags/user95_2017-02-24.bag;0.834065854549408;0.0;0.9619645476341248;0.0;2.403604411345348;0.40154782656644117;0.5984521734335588
1730780584.9103787;/app/bags/user95_2017-02-24.bag;0.834065854549408;0.0;0.9619645476341248;0.0;2.403604411345348;0.40154782656644117;0.5984521734335588
1730780585.11041;/app/bags/user95_2017-02-24.bag;0.834065854549408;0.0;0.9619645476341248;0.0;2.403604411345348;0.40154782656644117;0.5984521734335588
1730780585.310465;/app/bags/user95_2017-02-24.bag;0.834065854549408;0.0;0.9619645476341248;0.0;2.403604411345348;0.40154782656644117;0.5984521734335588
1730780585.5103834;/app/bags/user95_2017-02-24.bag;0.834065854549408;0.0;0.9619645476341248;0.0;2.403604411345348;0.40154782656644117;0.5984521734335588
1730780585.7103932;/app/bags/user95_2017-02-24.bag;0.834065854549408;0.0;0.9619645476341248;0.0;2.403604411345348;0.40154782656644117;0.5984521734335588
1730780585.9104218;/app/bags/user95_2017-02-24.bag;0.834065854549408;0.0;0.9619645476341248;0.0;2.403604411345348;0.40154782656644117;0.5984521734335588
1730780586.1104274;/app/bags/user95_2017-02-24.bag;0.834065854549408;0.0;0.9619645476341248;0.0;2.403604411345348;0.40154782656644117;0.5984521734335588
1730780586.3104527;/app/bags/user95_2017-02-24.bag;0.834065854549408;0.0;0.9619645476341248;0.0;2.403604411345348;0.40154782656644117;0.5984521734335588
1730780586.5103924;/app/bags/user95_2017-02-24.bag;0.834065854549408;0.0;0.9619645476341248;0.0;2.403604411345348;0.40154782656644117;0.5984521734335588
1730780586.7104168;/app/bags/user95_2017-02-24.bag;0.834065854549408;0.0;0.9619645476341248;0.0;2.403604411345348;0.40154782656644117;0.5984521734335588
1730780586.9104066;/app/bags/user95_2017-02-24.bag;0.834065854549408;0.0;0.9619645476341248;0.0;2.403604411345348;0.40154782656644117;0.5984521734335588
1730780587.110483;/app/bags/user95_2017-02-24.bag;0.834065854549408;0.0;0.9619645476341248;0.0;2.403604411345348;0.40154782656644117;0.5984521734335588
1730780587.3104136;/app/bags/user95_2017-02-24.bag;0.834065854549408;0.0;0.9619645476341248;0.0;2.403604411345348;0.40154782656644117;0.5984521734335588
1730780587.5103688;/app/bags/user95_2017-02-24.bag;0.834065854549408;0.0;0.9619645476341248;0.0;2.403604411345348;0.40154782656644117;0.5984521734335588
1730780587.710361;/app/bags/user95_2017-02-24.bag;0.834065854549408;0.0;0.9619645476341248;0.0;2.403604411345348;0.40154782656644117;0.5984521734335588
1730780587.9103808;/app/bags/user95_2017-02-24.bag;0.834065854549408;0.0;0.9619645476341248;0.0;2.403604411345348;0.40154782656644117;0.5984521734335588
1730780588.1103687;/app/bags/user95_2017-02-24.bag;0.834065854549408;0.0;0.9619645476341248;0.0;2.403604411345348;0.40154782656644117;0.5984521734335588
1730780588.3103719;/app/bags/user95_2017-02-24.bag;0.834065854549408;0.0;0.9619645476341248;0.0;2.403604411345348;0.40154782656644117;0.5984521734335588
1730780588.5103927;/app/bags/user95_2017-02-24.bag;0.834065854549408;0.0;0.9619645476341248;0.0;2.403604411345348;0.40154782656644117;0.5984521734335588
1730780588.710392;/app/bags/user95_2017-02-24.bag;0.834065854549408;0.0;0.9619645476341248;0.0;2.403604411345348;0.40154782656644117;0.5984521734335588
1730780588.9103758;/app/bags/user95_2017-02-24.bag;0.834065854549408;0.0;0.9619645476341248;0.0;2.403604411345348;0.40154782656644117;0.5984521734335588
1730780589.1103754;/app/bags/user95_2017-02-24.bag;0.834065854549408;0.0;0.9619645476341248;0.0;2.403604411345348;0.40154782656644117;0.5984521734335588
1730780589.3104188;/app/bags/user95_2017-02-24.bag;0.834065854549408;0.0;0.9619645476341248;0.0;2.403604411345348;0.40154782656644117;0.5984521734335588
1730780589.510367;/app/bags/user95_2017-02-24.bag;0.834065854549408;0.0;0.9619645476341248;0.0;2.403604411345348;0.40154782656644117;0.5984521734335588
1730780589.7103696;/app/bags/user95_2017-02-24.bag;0.834065854549408;0.0;0.9619645476341248;0.0;2.403604411345348;0.40154782656644117;0.5984521734335588
1730780589.9103913;/app/bags/user95_2017-02-24.bag;0.834065854549408;0.0;0.9619645476341248;0.0;2.403604411345348;0.40154782656644117;0.5984521734335588
1730780590.1104257;/app/bags/user95_2017-02-24.bag;0.834065854549408;0.0;0.9619645476341248;0.0;2.403604411345348;0.40154782656644117;0.5984521734335588
1730780590.310362;/app/bags/user95_2017-02-24.bag;0.834065854549408;0.0;0.9619645476341248;0.0;2.403604411345348;0.40154782656644117;0.5984521734335588
1730780590.5103989;/app/bags/user95_2017-02-24.bag;0.834065854549408;0.0;0.9619645476341248;0.0;2.403604411345348;0.40154782656644117;0.5984521734335588
1730780590.7103689;/app/bags/user95_2017-02-24.bag;0.834065854549408;0.0;0.9619645476341248;0.0;2.403604411345348;0.40154782656644117;0.5984521734335588
1730780590.9103982;/app/bags/user95_2017-02-24.bag;0.834065854549408;0.0;0.9619645476341248;0.0;2.403604411345348;0.40154782656644117;0.5984521734335588
1730780591.1104453;/app/bags/user95_2017-02-24.bag;0.834065854549408;0.0;0.9619645476341248;0.0;2.403604411345348;0.40154782656644117;0.5984521734335588
1730780591.3103793;/app/bags/user95_2017-02-24.bag;0.834065854549408;0.0;0.9619645476341248;0.0;2.403604411345348;0.40154782656644117;0.5984521734335588
1730780591.5103889;/app/bags/user95_2017-02-24.bag;0.834065854549408;0.0;0.9619645476341248;0.0;2.403604411345348;0.40154782656644117;0.5984521734335588
1730780591.7103558;/app/bags/user95_2017-02-24.bag;0.834065854549408;0.0;0.9619645476341248;0.0;2.403604411345348;0.40154782656644117;0.5984521734335588
1730780591.9103897;/app/bags/user95_2017-02-24.bag;0.834065854549408;0.0;0.9619645476341248;0.0;2.403604411345348;0.40154782656644117;0.5984521734335588
1730780592.1105638;/app/bags/user95_2017-02-24.bag;0.834065854549408;0.0;0.9619645476341248;0.0;2.403604411345348;0.40154782656644117;0.5984521734335588
1730780592.3105252;/app/bags/user95_2017-02-24.bag;0.834065854549408;0.0;0.9619645476341248;0.0;2.403604411345348;0.40154782656644117;0.5984521734335588
1730780592.510383;/app/bags/user95_2017-02-24.bag;0.834065854549408;0.0;0.9619645476341248;0.0;2.403604411345348;0.40154782656644117;0.5984521734335588
1730780592.7104177;/app/bags/user95_2017-02-24.bag;0.834065854549408;0.0;0.9619645476341248;0.0;2.403604411345348;0.40154782656644117;0.5984521734335588
1730780592.9103827;/app/bags/user95_2017-02-24.bag;0.834065854549408;0.0;0.9619645476341248;0.0;2.403604411345348;0.40154782656644117;0.5984521734335588
1730780593.1104167;/app/bags/user95_2017-02-24.bag;0.834065854549408;0.0;0.9619645476341248;0.0;2.403604411345348;0.40154782656644117;0.5984521734335588
1730780593.3103974;/app/bags/user95_2017-02-24.bag;0.834065854549408;0.0;0.9619645476341248;0.0;2.403604411345348;0.40154782656644117;0.5984521734335588
1730780593.5104284;/app/bags/user95_2017-02-24.bag;0.834065854549408;0.0;0.9619645476341248;0.0;2.403604411345348;0.40154782656644117;0.5984521734335588
1730780593.7103884;/app/bags/user95_2017-02-24.bag;0.834065854549408;0.0;0.9619645476341248;0.0;2.403604411345348;0.40154782656644117;0.5984521734335588
1730780593.9103808;/app/bags/user95_2017-02-24.bag;0.834065854549408;0.0;0.9619645476341248;0.0;2.403604411345348;0.40154782656644117;0.5984521734335588
1730780594.110366;/app/bags/user95_2017-02-24.bag;0.834065854549408;0.0;0.9619645476341248;0.0;2.403604411345348;0.40154782656644117;0.5984521734335588
1730780594.3103905;/app/bags/user95_2017-02-24.bag;0.834065854549408;0.0;0.9619645476341248;0.0;2.403604411345348;0.40154782656644117;0.5984521734335588
1730780594.5105405;/app/bags/user95_2017-02-24.bag;0.834065854549408;0.0;0.9619645476341248;0.0;2.403604411345348;0.40154782656644117;0.5984521734335588
1730780594.7103899;/app/bags/user95_2017-02-24.bag;0.834065854549408;0.0;0.9619645476341248;0.0;2.403604411345348;0.40154782656644117;0.5984521734335588
1730780594.9104042;/app/bags/user95_2017-02-24.bag;0.834065854549408;0.0;0.9619645476341248;0.0;2.403604411345348;0.40154782656644117;0.5984521734335588
1730780595.1104228;/app/bags/user95_2017-02-24.bag;0.834065854549408;0.0;0.9619645476341248;0.0;2.403604411345348;0.40154782656644117;0.5984521734335588
1730780595.3103654;/app/bags/user95_2017-02-24.bag;0.834065854549408;0.0;0.9619645476341248;0.0;2.403604411345348;0.40154782656644117;0.5984521734335588
1730780595.5103703;/app/bags/user95_2017-02-24.bag;0.834065854549408;0.0;0.9619645476341248;0.0;2.403604411345348;0.40154782656644117;0.5984521734335588
1730780595.7103863;/app/bags/user95_2017-02-24.bag;0.834065854549408;0.0;0.9619645476341248;0.0;2.403604411345348;0.40154782656644117;0.5984521734335588
1730780595.9103928;/app/bags/user95_2017-02-24.bag;0.834065854549408;0.0;0.9619645476341248;0.0;2.403604411345348;0.40154782656644117;0.5984521734335588
1730780596.1104243;/app/bags/user95_2017-02-24.bag;0.834065854549408;0.0;0.9619645476341248;0.0;2.403604411345348;0.40154782656644117;0.5984521734335588
1730780596.31039;/app/bags/user95_2017-02-24.bag;0.834065854549408;0.0;0.9619645476341248;0.0;2.403604411345348;0.40154782656644117;0.5984521734335588
1730780596.510386;/app/bags/user95_2017-02-24.bag;0.834065854549408;0.0;0.9619645476341248;0.0;2.403604411345348;0.40154782656644117;0.5984521734335588
1730780596.7104063;/app/bags/user95_2017-02-24.bag;0.834065854549408;0.0;0.9619645476341248;0.0;2.403604411345348;0.40154782656644117;0.5984521734335588
1730780596.9103444;/app/bags/user95_2017-02-24.bag;0.834065854549408;0.0;0.9619645476341248;0.0;2.403604411345348;0.40154782656644117;0.5984521734335588
1730780597.1103785;/app/bags/user95_2017-02-24.bag;0.834065854549408;0.0;0.9619645476341248;0.0;2.403604411345348;0.40154782656644117;0.5984521734335588
1730780597.3104305;/app/bags/user95_2017-02-24.bag;0.834065854549408;0.0;0.9619645476341248;0.0;2.403604411345348;0.40154782656644117;0.5984521734335588
1730780597.5104048;/app/bags/user95_2017-02-24.bag;0.834065854549408;0.0;0.9619645476341248;0.0;2.403604411345348;0.40154782656644117;0.5984521734335588
1730780597.7104235;/app/bags/user95_2017-02-24.bag;0.834065854549408;0.0;0.9619645476341248;0.0;2.403604411345348;0.40154782656644117;0.5984521734335588
1730780597.9103408;/app/bags/user95_2017-02-24.bag;0.834065854549408;0.0;0.9619645476341248;0.0;2.403604411345348;0.40154782656644117;0.5984521734335588
1730780598.11044;/app/bags/user95_2017-02-24.bag;0.834065854549408;0.0;0.9619645476341248;0.0;2.403604411345348;0.40154782656644117;0.5984521734335588
1730780598.3103576;/app/bags/user95_2017-02-24.bag;0.834065854549408;0.0;0.9619645476341248;0.0;2.403604411345348;0.40154782656644117;0.5984521734335588
1730780598.510374;/app/bags/user95_2017-02-24.bag;0.834065854549408;0.0;0.9619645476341248;0.0;2.403604411345348;0.40154782656644117;0.5984521734335588
1730780598.710362;/app/bags/user95_2017-02-24.bag;0.834065854549408;0.0;0.9619645476341248;0.0;2.403604411345348;0.40154782656644117;0.5984521734335588
1730780598.9103973;/app/bags/user95_2017-02-24.bag;0.834065854549408;0.0;0.9619645476341248;0.0;2.403604411345348;0.40154782656644117;0.5984521734335588
1730780599.1103806;/app/bags/user95_2017-02-24.bag;0.834065854549408;0.0;0.9619645476341248;0.0;2.403604411345348;0.40154782656644117;0.5984521734335588
1730780599.310415;/app/bags/user95_2017-02-24.bag;0.834065854549408;0.0;0.9619645476341248;0.0;2.403604411345348;0.40154782656644117;0.5984521734335588
1730780599.5104134;/app/bags/user95_2017-02-24.bag;0.834065854549408;0.0;0.9619645476341248;0.0;2.403604411345348;0.40154782656644117;0.5984521734335588
1730780599.7103715;/app/bags/user95_2017-02-24.bag;0.834065854549408;0.0;0.9619645476341248;0.0;2.403604411345348;0.40154782656644117;0.5984521734335588
1730780599.9104142;/app/bags/user95_2017-02-24.bag;0.834065854549408;0.0;0.9619645476341248;0.0;2.403604411345348;0.40154782656644117;0.5984521734335588
1730780600.110427;/app/bags/user95_2017-02-24.bag;0.834065854549408;0.0;0.9619645476341248;0.0;2.403604411345348;0.40154782656644117;0.5984521734335588
1730780600.310352;/app/bags/user95_2017-02-24.bag;0.834065854549408;0.0;0.9619645476341248;0.0;2.403604411345348;0.40154782656644117;0.5984521734335588
1730780600.510377;/app/bags/user95_2017-02-24.bag;0.834065854549408;0.0;0.9619645476341248;0.0;2.403604411345348;0.40154782656644117;0.5984521734335588
1730780600.7104046;/app/bags/user95_2017-02-24.bag;0.834065854549408;0.0;0.9619645476341248;0.0;2.403604411345348;0.40154782656644117;0.5984521734335588
1730780600.9103897;/app/bags/user95_2017-02-24.bag;0.834065854549408;0.0;0.9619645476341248;0.0;2.403604411345348;0.40154782656644117;0.5984521734335588
1730780601.110383;/app/bags/user95_2017-02-24.bag;0.834065854549408;0.0;0.9619645476341248;0.0;2.403604411345348;0.40154782656644117;0.5984521734335588
1730780601.3103628;/app/bags/user95_2017-02-24.bag;0.834065854549408;0.0;0.9619645476341248;0.0;2.403604411345348;0.40154782656644117;0.5984521734335588
1730780601.510461;/app/bags/user95_2017-02-24.bag;0.834065854549408;0.0;0.9619645476341248;0.0;2.403604411345348;0.40154782656644117;0.5984521734335588
1730780601.710405;/app/bags/user95_2017-02-24.bag;0.834065854549408;0.0;0.9619645476341248;0.0;2.403604411345348;0.40154782656644117;0.5984521734335588
1730780601.9103825;/app/bags/user95_2017-02-24.bag;0.834065854549408;0.0;0.9619645476341248;0.0;2.403604411345348;0.40154782656644117;0.5984521734335588
1730780602.1103585;/app/bags/user95_2017-02-24.bag;0.834065854549408;0.0;0.9619645476341248;0.0;2.403604411345348;0.40154782656644117;0.5984521734335588
1730780602.31036;/app/bags/user95_2017-02-24.bag;0.834065854549408;0.0;0.9619645476341248;0.0;2.403604411345348;0.40154782656644117;0.5984521734335588
1730780602.5104313;/app/bags/user95_2017-02-24.bag;0.834065854549408;0.0;0.9619645476341248;0.0;2.403604411345348;0.40154782656644117;0.5984521734335588
1730780602.7103631;/app/bags/user95_2017-02-24.bag;0.834065854549408;0.0;0.9619645476341248;0.0;2.403604411345348;0.40154782656644117;0.5984521734335588
1730780602.910396;/app/bags/user95_2017-02-24.bag;0.834065854549408;0.0;0.9619645476341248;0.0;2.403604411345348;0.40154782656644117;0.5984521734335588
1730780603.1103842;/app/bags/user95_2017-02-24.bag;0.834065854549408;0.0;0.9619645476341248;0.0;2.403604411345348;0.40154782656644117;0.5984521734335588
1730780603.3103771;/app/bags/user95_2017-02-24.bag;0.834065854549408;0.0;0.9619645476341248;0.0;2.403604411345348;0.40154782656644117;0.5984521734335588
1730780603.5103822;/app/bags/user95_2017-02-24.bag;0.834065854549408;0.0;0.9619645476341248;0.0;2.403604411345348;0.40154782656644117;0.5984521734335588
1730780603.710388;/app/bags/user95_2017-02-24.bag;0.834065854549408;0.0;0.9619645476341248;0.0;2.403604411345348;0.40154782656644117;0.5984521734335588
1730780603.9104195;/app/bags/user95_2017-02-24.bag;0.834065854549408;0.0;0.9619645476341248;0.0;2.403604411345348;0.40154782656644117;0.5984521734335588
1730780604.110413;/app/bags/user95_2017-02-24.bag;0.834065854549408;0.0;0.9619645476341248;0.0;2.403604411345348;0.40154782656644117;0.5984521734335588
1730780604.3103747;/app/bags/user95_2017-02-24.bag;0.834065854549408;0.0;0.9619645476341248;0.0;2.403604411345348;0.40154782656644117;0.5984521734335588
1730780604.5104117;/app/bags/user95_2017-02-24.bag;0.834065854549408;0.0;0.9619645476341248;0.0;2.403604411345348;0.40154782656644117;0.5984521734335588
1730780604.7103777;/app/bags/user95_2017-02-24.bag;0.834065854549408;0.0;0.9619645476341248;0.0;2.403604411345348;0.40154782656644117;0.5984521734335588
1730780604.9104033;/app/bags/user95_2017-02-24.bag;0.834065854549408;0.0;0.9619645476341248;0.0;2.403604411345348;0.40154782656644117;0.5984521734335588
1730780605.110418;/app/bags/user95_2017-02-24.bag;0.834065854549408;0.0;0.9619645476341248;0.0;2.403604411345348;0.40154782656644117;0.5984521734335588
1730780605.3104014;/app/bags/user95_2017-02-24.bag;0.834065854549408;0.0;0.9619645476341248;0.0;2.403604411345348;0.40154782656644117;0.5984521734335588
1730780605.5103636;/app/bags/user95_2017-02-24.bag;0.834065854549408;0.0;0.9619645476341248;0.0;2.403604411345348;0.40154782656644117;0.5984521734335588
1730780605.710405;/app/bags/user95_2017-02-24.bag;0.834065854549408;0.0;0.9619645476341248;0.0;2.403604411345348;0.40154782656644117;0.5984521734335588
1730780605.910384;/app/bags/user95_2017-02-24.bag;0.834065854549408;0.0;0.9619645476341248;0.0;2.403604411345348;0.40154782656644117;0.5984521734335588
1730780606.1103797;/app/bags/user95_2017-02-24.bag;0.834065854549408;0.0;0.9619645476341248;0.0;2.403604411345348;0.40154782656644117;0.5984521734335588
1730780606.310389;/app/bags/user95_2017-02-24.bag;0.834065854549408;0.0;0.9619645476341248;0.0;2.403604411345348;0.40154782656644117;0.5984521734335588
1730780606.510353;/app/bags/user95_2017-02-24.bag;0.834065854549408;0.0;0.9619645476341248;0.0;2.403604411345348;0.40154782656644117;0.5984521734335588
1730780606.710436;/app/bags/user95_2017-02-24.bag;0.834065854549408;0.0;0.9619645476341248;0.0;2.403604411345348;0.40154782656644117;0.5984521734335588
1730780606.9104538;/app/bags/user95_2017-02-24.bag;0.834065854549408;0.0;0.9619645476341248;0.0;2.403604411345348;0.40154782656644117;0.5984521734335588
1730780607.1104314;/app/bags/user95_2017-02-24.bag;0.834065854549408;0.0;0.9619645476341248;0.0;2.403604411345348;0.40154782656644117;0.5984521734335588
1730780607.3104475;/app/bags/user95_2017-02-24.bag;0.834065854549408;0.0;0.9619645476341248;0.0;2.403604411345348;0.40154782656644117;0.5984521734335588
1730780607.5103958;/app/bags/user95_2017-02-24.bag;0.834065854549408;0.0;0.9619645476341248;0.0;2.403604411345348;0.40154782656644117;0.5984521734335588
1730780607.710435;/app/bags/user95_2017-02-24.bag;0.834065854549408;0.0;0.9619645476341248;0.0;2.403604411345348;0.40154782656644117;0.5984521734335588
1730780607.9104104;/app/bags/user95_2017-02-24.bag;0.834065854549408;0.0;0.9619645476341248;0.0;2.403604411345348;0.40154782656644117;0.5984521734335588
1730780608.110379;/app/bags/user95_2017-02-24.bag;0.834065854549408;0.0;0.9619645476341248;0.0;2.403604411345348;0.40154782656644117;0.5984521734335588
1730780608.310423;/app/bags/user95_2017-02-24.bag;0.834065854549408;0.0;0.9619645476341248;0.0;2.403604411345348;0.40154782656644117;0.5984521734335588
1730780608.5103693;/app/bags/user95_2017-02-24.bag;0.834065854549408;0.0;0.9619645476341248;0.0;2.403604411345348;0.40154782656644117;0.5984521734335588
1730780608.710387;/app/bags/user95_2017-02-24.bag;0.834065854549408;0.0;0.9619645476341248;0.0;2.403604411345348;0.40154782656644117;0.5984521734335588
1730780608.9103806;/app/bags/user95_2017-02-24.bag;0.834065854549408;0.0;0.9619645476341248;0.0;2.403604411345348;0.40154782656644117;0.5984521734335588
1730780609.110409;/app/bags/user95_2017-02-24.bag;0.834065854549408;0.0;0.9619645476341248;0.0;2.403604411345348;0.40154782656644117;0.5984521734335588
1730780609.3104072;/app/bags/user95_2017-02-24.bag;0.834065854549408;0.0;0.9619645476341248;0.0;2.403604411345348;0.40154782656644117;0.5984521734335588
1730780609.5103667;/app/bags/user95_2017-02-24.bag;0.834065854549408;0.0;0.9619645476341248;0.0;2.403604411345348;0.40154782656644117;0.5984521734335588
1730780609.710362;/app/bags/user95_2017-02-24.bag;0.834065854549408;0.0;0.9619645476341248;0.0;2.403604411345348;0.40154782656644117;0.5984521734335588
1730780609.9103816;/app/bags/user95_2017-02-24.bag;0.834065854549408;0.0;0.9619645476341248;0.0;2.403604411345348;0.40154782656644117;0.5984521734335588
1730780610.1104362;/app/bags/user95_2017-02-24.bag;0.834065854549408;0.0;0.9619645476341248;0.0;2.403604411345348;0.40154782656644117;0.5984521734335588
1730780610.3104281;/app/bags/user95_2017-02-24.bag;0.834065854549408;0.0;0.9619645476341248;0.0;2.403604411345348;0.40154782656644117;0.5984521734335588
1730780610.51037;/app/bags/user95_2017-02-24.bag;0.834065854549408;0.0;0.9619645476341248;0.0;2.403604411345348;0.40154782656644117;0.5984521734335588
1730780610.7104626;/app/bags/user95_2017-02-24.bag;0.834065854549408;0.0;0.9619645476341248;0.0;2.403604411345348;0.40154782656644117;0.5984521734335588
1730780610.9103937;/app/bags/user95_2017-02-24.bag;0.834065854549408;0.0;0.9619645476341248;0.0;2.403604411345348;0.40154782656644117;0.5984521734335588
1730780611.1103852;/app/bags/user95_2017-02-24.bag;0.834065854549408;0.0;0.9619645476341248;0.0;2.403604411345348;0.40154782656644117;0.5984521734335588
1730780611.3104315;/app/bags/user95_2017-02-24.bag;0.834065854549408;0.0;0.9619645476341248;0.0;2.403604411345348;0.40154782656644117;0.5984521734335588
1730780611.5103416;/app/bags/user95_2017-02-24.bag;0.834065854549408;0.0;0.9619645476341248;0.0;2.403604411345348;0.40154782656644117;0.5984521734335588
1730780611.7103834;/app/bags/user95_2017-02-24.bag;0.834065854549408;0.0;0.9619645476341248;0.0;2.403604411345348;0.40154782656644117;0.5984521734335588
1730780611.9103508;/app/bags/user95_2017-02-24.bag;0.834065854549408;0.0;0.9619645476341248;0.0;2.403604411345348;0.40154782656644117;0.5984521734335588
1730780612.110378;/app/bags/user95_2017-02-24.bag;0.834065854549408;0.0;0.9619645476341248;0.0;2.403604411345348;0.40154782656644117;0.5984521734335588
1730780612.3105032;/app/bags/user95_2017-02-24.bag;0.834065854549408;0.0;0.9619645476341248;0.0;2.403604411345348;0.40154782656644117;0.5984521734335588
1730780612.5103688;/app/bags/user95_2017-02-24.bag;0.834065854549408;0.0;0.9619645476341248;0.0;2.403604411345348;0.40154782656644117;0.5984521734335588
1730780612.7104218;/app/bags/user95_2017-02-24.bag;0.834065854549408;0.0;0.9619645476341248;0.0;2.403604411345348;0.40154782656644117;0.5984521734335588
1730780612.9103835;/app/bags/user95_2017-02-24.bag;0.834065854549408;0.0;0.9619645476341248;0.0;2.403604411345348;0.40154782656644117;0.5984521734335588
1730780613.1103816;/app/bags/user95_2017-02-24.bag;0.834065854549408;0.0;0.9619645476341248;0.0;2.403604411345348;0.40154782656644117;0.5984521734335588
1730780613.3104002;/app/bags/user95_2017-02-24.bag;0.834065854549408;0.0;0.9619645476341248;0.0;2.403604411345348;0.40154782656644117;0.5984521734335588
1730780613.51036;/app/bags/user95_2017-02-24.bag;0.834065854549408;0.0;0.9619645476341248;0.0;2.403604411345348;0.40154782656644117;0.5984521734335588
1730780613.7104392;/app/bags/user95_2017-02-24.bag;0.834065854549408;0.0;0.9619645476341248;0.0;2.403604411345348;0.40154782656644117;0.5984521734335588
1730780613.9104142;/app/bags/user95_2017-02-24.bag;0.834065854549408;0.0;0.9619645476341248;0.0;2.403604411345348;0.40154782656644117;0.5984521734335588
1730780614.110428;/app/bags/user95_2017-02-24.bag;0.834065854549408;0.0;0.9619645476341248;0.0;2.403604411345348;0.40154782656644117;0.5984521734335588
1730780614.310368;/app/bags/user95_2017-02-24.bag;0.834065854549408;0.0;0.9619645476341248;0.0;2.403604411345348;0.40154782656644117;0.5984521734335588
1730780614.510423;/app/bags/user95_2017-02-24.bag;0.834065854549408;0.0;0.9619645476341248;0.0;2.403604411345348;0.40154782656644117;0.5984521734335588
1730780614.7104342;/app/bags/user95_2017-02-24.bag;0.834065854549408;0.0;0.9619645476341248;0.0;2.403604411345348;0.40154782656644117;0.5984521734335588
1730780614.9103875;/app/bags/user95_2017-02-24.bag;0.834065854549408;0.0;0.9619645476341248;0.0;2.403604411345348;0.40154782656644117;0.5984521734335588
1730780615.1103878;/app/bags/user95_2017-02-24.bag;0.834065854549408;0.0;0.9619645476341248;0.0;2.403604411345348;0.40154782656644117;0.5984521734335588
1730780615.3104246;/app/bags/user95_2017-02-24.bag;0.834065854549408;0.0;0.9619645476341248;0.0;2.403604411345348;0.40154782656644117;0.5984521734335588
1730780615.5104475;/app/bags/user95_2017-02-24.bag;0.834065854549408;0.0;0.9619645476341248;0.0;2.403604411345348;0.40154782656644117;0.5984521734335588
1730780615.7103562;/app/bags/user95_2017-02-24.bag;0.834065854549408;0.0;0.9619645476341248;0.0;2.403604411345348;0.40154782656644117;0.5984521734335588
1730780615.9103768;/app/bags/user95_2017-02-24.bag;0.834065854549408;0.0;0.9619645476341248;0.0;2.403604411345348;0.40154782656644117;0.5984521734335588
1730780616.1104257;/app/bags/user95_2017-02-24.bag;0.834065854549408;0.0;0.9619645476341248;0.0;2.403604411345348;0.40154782656644117;0.5984521734335588
1730780616.3103704;/app/bags/user95_2017-02-24.bag;0.834065854549408;0.0;0.9619645476341248;0.0;2.403604411345348;0.40154782656644117;0.5984521734335588
1730780616.510398;/app/bags/user95_2017-02-24.bag;0.834065854549408;0.0;0.9619645476341248;0.0;2.403604411345348;0.40154782656644117;0.5984521734335588
1730780616.7103772;/app/bags/user95_2017-02-24.bag;0.834065854549408;0.0;0.9619645476341248;0.0;2.403604411345348;0.40154782656644117;0.5984521734335588
1730780616.9103909;/app/bags/user95_2017-02-24.bag;0.834065854549408;0.0;0.9619645476341248;0.0;2.403604411345348;0.40154782656644117;0.5984521734335588
1730780617.1103785;/app/bags/user95_2017-02-24.bag;0.834065854549408;0.0;0.9619645476341248;0.0;2.403604411345348;0.40154782656644117;0.5984521734335588
1730780617.3104017;/app/bags/user95_2017-02-24.bag;0.834065854549408;0.0;0.9619645476341248;0.0;2.403604411345348;0.40154782656644117;0.5984521734335588
1730780617.5104322;/app/bags/user95_2017-02-24.bag;0.834065854549408;0.0;0.9619645476341248;0.0;2.403604411345348;0.40154782656644117;0.5984521734335588
1730780617.7103884;/app/bags/user95_2017-02-24.bag;0.834065854549408;0.0;0.9619645476341248;0.0;2.403604411345348;0.40154782656644117;0.5984521734335588
1730780617.9104445;/app/bags/user95_2017-02-24.bag;0.834065854549408;0.0;0.9619645476341248;0.0;2.403604411345348;0.40154782656644117;0.5984521734335588
1730780618.1103673;/app/bags/user95_2017-02-24.bag;0.834065854549408;0.0;0.9619645476341248;0.0;2.403604411345348;0.40154782656644117;0.5984521734335588
1730780618.3105288;/app/bags/user95_2017-02-24.bag;0.834065854549408;0.0;0.9619645476341248;0.0;2.403604411345348;0.40154782656644117;0.5984521734335588
1730780618.5104196;/app/bags/user95_2017-02-24.bag;0.834065854549408;0.0;0.9619645476341248;0.0;2.403604411345348;0.40154782656644117;0.5984521734335588
1730780618.7103643;/app/bags/user95_2017-02-24.bag;0.834065854549408;0.0;0.9619645476341248;0.0;2.403604411345348;0.40154782656644117;0.5984521734335588
1730780618.910366;/app/bags/user95_2017-02-24.bag;0.834065854549408;0.0;0.9619645476341248;0.0;2.403604411345348;0.40154782656644117;0.5984521734335588
1730780619.1104178;/app/bags/user95_2017-02-24.bag;0.834065854549408;0.0;0.9619645476341248;0.0;2.403604411345348;0.40154782656644117;0.5984521734335588
1730780619.3103333;/app/bags/user95_2017-02-24.bag;0.834065854549408;0.0;0.9619645476341248;0.0;2.403604411345348;0.40154782656644117;0.5984521734335588
1730780619.51039;/app/bags/user95_2017-02-24.bag;0.834065854549408;0.0;0.9619645476341248;0.0;2.403604411345348;0.40154782656644117;0.5984521734335588
1730780619.7104142;/app/bags/user95_2017-02-24.bag;0.834065854549408;0.0;0.9619645476341248;0.0;2.403604411345348;0.40154782656644117;0.5984521734335588
1730780619.910379;/app/bags/user95_2017-02-24.bag;0.834065854549408;0.0;0.9619645476341248;0.0;2.403604411345348;0.40154782656644117;0.5984521734335588
1730780620.1103985;/app/bags/user95_2017-02-24.bag;0.834065854549408;0.0;0.9619645476341248;0.0;2.403604411345348;0.40154782656644117;0.5984521734335588
1730780620.310378;/app/bags/user95_2017-02-24.bag;0.834065854549408;0.0;0.9619645476341248;0.0;2.403604411345348;0.40154782656644117;0.5984521734335588
1730780620.510369;/app/bags/user95_2017-02-24.bag;0.834065854549408;0.0;0.9619645476341248;0.0;2.403604411345348;0.40154782656644117;0.5984521734335588
1730780620.7103763;/app/bags/user95_2017-02-24.bag;0.834065854549408;0.0;0.9619645476341248;0.0;2.403604411345348;0.40154782656644117;0.5984521734335588
1730780620.9103708;/app/bags/user95_2017-02-24.bag;0.834065854549408;0.0;0.9619645476341248;0.0;2.403604411345348;0.40154782656644117;0.5984521734335588
1730780621.1104538;/app/bags/user95_2017-02-24.bag;0.834065854549408;0.0;0.9619645476341248;0.0;2.403604411345348;0.40154782656644117;0.5984521734335588
1730780621.3104055;/app/bags/user95_2017-02-24.bag;0.834065854549408;0.0;0.9619645476341248;0.0;2.403604411345348;0.40154782656644117;0.5984521734335588
1730780621.5103803;/app/bags/user95_2017-02-24.bag;0.834065854549408;0.0;0.9619645476341248;0.0;2.403604411345348;0.40154782656644117;0.5984521734335588
1730780621.7105691;/app/bags/user95_2017-02-24.bag;0.834065854549408;0.0;0.9619645476341248;0.0;2.403604411345348;0.40154782656644117;0.5984521734335588
1730780621.9104085;/app/bags/user95_2017-02-24.bag;0.834065854549408;0.0;0.9619645476341248;0.0;2.403604411345348;0.40154782656644117;0.5984521734335588
1730780622.1104383;/app/bags/user95_2017-02-24.bag;0.834065854549408;0.0;0.9619645476341248;0.0;2.403604411345348;0.40154782656644117;0.5984521734335588
1730780622.3104062;/app/bags/user95_2017-02-24.bag;0.834065854549408;0.0;0.9619645476341248;0.0;2.403604411345348;0.40154782656644117;0.5984521734335588
1730780622.5104258;/app/bags/user95_2017-02-24.bag;0.834065854549408;0.0;0.9619645476341248;0.0;2.403604411345348;0.40154782656644117;0.5984521734335588
1730780622.7103515;/app/bags/user95_2017-02-24.bag;0.834065854549408;0.0;0.9619645476341248;0.0;2.403604411345348;0.40154782656644117;0.5984521734335588
1730780622.9104455;/app/bags/user95_2017-02-24.bag;0.834065854549408;0.0;0.9619645476341248;0.0;2.403604411345348;0.40154782656644117;0.5984521734335588
1730780623.1103628;/app/bags/user95_2017-02-24.bag;0.834065854549408;0.0;0.9619645476341248;0.0;2.403604411345348;0.40154782656644117;0.5984521734335588
1730780623.310364;/app/bags/user95_2017-02-24.bag;0.834065854549408;0.0;0.9619645476341248;0.0;2.403604411345348;0.40154782656644117;0.5984521734335588
1730780623.5103767;/app/bags/user95_2017-02-24.bag;0.834065854549408;0.0;0.9619645476341248;0.0;2.403604411345348;0.40154782656644117;0.5984521734335588
1730780623.7103746;/app/bags/user95_2017-02-24.bag;0.834065854549408;0.0;0.9619645476341248;0.0;2.403604411345348;0.40154782656644117;0.5984521734335588
1730780623.9104083;/app/bags/user95_2017-02-24.bag;0.834065854549408;0.0;0.9619645476341248;0.0;2.403604411345348;0.40154782656644117;0.5984521734335588
1730780624.110375;/app/bags/user95_2017-02-24.bag;0.834065854549408;0.0;0.9619645476341248;0.0;2.403604411345348;0.40154782656644117;0.5984521734335588
1730780624.3105059;/app/bags/user95_2017-02-24.bag;0.834065854549408;0.0;0.9619645476341248;0.0;2.403604411345348;0.40154782656644117;0.5984521734335588
1730780624.5103743;/app/bags/user95_2017-02-24.bag;0.834065854549408;0.0;0.9619645476341248;0.0;2.403604411345348;0.40154782656644117;0.5984521734335588
1730780624.7103622;/app/bags/user95_2017-02-24.bag;0.834065854549408;0.0;0.9619645476341248;0.0;2.403604411345348;0.40154782656644117;0.5984521734335588
1730780624.910412;/app/bags/user95_2017-02-24.bag;0.834065854549408;0.0;0.9619645476341248;0.0;2.403604411345348;0.40154782656644117;0.5984521734335588
1730780625.1103904;/app/bags/user95_2017-02-24.bag;0.834065854549408;0.0;0.9619645476341248;0.0;2.403604411345348;0.40154782656644117;0.5984521734335588
1730780625.3103783;/app/bags/user95_2017-02-24.bag;0.834065854549408;0.0;0.9619645476341248;0.0;2.403604411345348;0.40154782656644117;0.5984521734335588
1730780625.510415;/app/bags/user95_2017-02-24.bag;0.834065854549408;0.0;0.9619645476341248;0.0;2.403604411345348;0.40154782656644117;0.5984521734335588
1730780625.7103992;/app/bags/user95_2017-02-24.bag;0.834065854549408;0.0;0.9619645476341248;0.0;2.403604411345348;0.40154782656644117;0.5984521734335588
1730780625.9103825;/app/bags/user95_2017-02-24.bag;0.834065854549408;0.0;0.9619645476341248;0.0;2.403604411345348;0.40154782656644117;0.5984521734335588
1730780626.1103857;/app/bags/user95_2017-02-24.bag;0.834065854549408;0.0;0.9619645476341248;0.0;2.403604411345348;0.40154782656644117;0.5984521734335588
1730780626.3103833;/app/bags/user95_2017-02-24.bag;0.834065854549408;0.0;0.9619645476341248;0.0;2.403604411345348;0.40154782656644117;0.5984521734335588
1730780626.510415;/app/bags/user95_2017-02-24.bag;0.834065854549408;0.0;0.9619645476341248;0.0;2.403604411345348;0.40154782656644117;0.5984521734335588
1730780626.7103841;/app/bags/user95_2017-02-24.bag;0.834065854549408;0.0;0.9619645476341248;0.0;2.403604411345348;0.40154782656644117;0.5984521734335588
1730780626.9103706;/app/bags/user95_2017-02-24.bag;0.834065854549408;0.0;0.9619645476341248;0.0;2.403604411345348;0.40154782656644117;0.5984521734335588
1730780627.110387;/app/bags/user95_2017-02-24.bag;0.834065854549408;0.0;0.9619645476341248;0.0;2.403604411345348;0.40154782656644117;0.5984521734335588
1730780627.3104515;/app/bags/user95_2017-02-24.bag;0.834065854549408;0.0;0.9619645476341248;0.0;2.403604411345348;0.40154782656644117;0.5984521734335588
1730780627.5103843;/app/bags/user95_2017-02-24.bag;0.834065854549408;0.0;0.9619645476341248;0.0;2.403604411345348;0.40154782656644117;0.5984521734335588
1730780627.710975;/app/bags/user95_2017-02-24.bag;0.834065854549408;0.0;0.9619645476341248;0.0;2.403604411345348;0.40154782656644117;0.5984521734335588
1730780627.9103963;/app/bags/user95_2017-02-24.bag;0.834065854549408;0.0;0.9619645476341248;0.0;2.403604411345348;0.40154782656644117;0.5984521734335588
1730780628.1103945;/app/bags/user95_2017-02-24.bag;0.834065854549408;0.0;0.9619645476341248;0.0;2.403604411345348;0.40154782656644117;0.5984521734335588
1730780628.310372;/app/bags/user95_2017-02-24.bag;0.834065854549408;0.0;0.9619645476341248;0.0;2.403604411345348;0.40154782656644117;0.5984521734335588
1730780628.5103974;/app/bags/user95_2017-02-24.bag;0.834065854549408;0.0;0.9619645476341248;0.0;2.403604411345348;0.40154782656644117;0.5984521734335588
1730780628.710389;/app/bags/user95_2017-02-24.bag;0.834065854549408;0.0;0.9619645476341248;0.0;2.403604411345348;0.40154782656644117;0.5984521734335588
1730780628.9103556;/app/bags/user95_2017-02-24.bag;0.834065854549408;0.0;0.9619645476341248;0.0;2.403604411345348;0.40154782656644117;0.5984521734335588
1730780629.110397;/app/bags/user95_2017-02-24.bag;0.834065854549408;0.0;0.9619645476341248;0.0;2.403604411345348;0.40154782656644117;0.5984521734335588
1730780629.3103654;/app/bags/user95_2017-02-24.bag;0.834065854549408;0.0;0.9619645476341248;0.0;2.403604411345348;0.40154782656644117;0.5984521734335588
1730780629.510383;/app/bags/user95_2017-02-24.bag;0.834065854549408;0.0;0.9619645476341248;0.0;2.403604411345348;0.40154782656644117;0.5984521734335588
1730780629.7103646;/app/bags/user95_2017-02-24.bag;0.834065854549408;0.0;0.9619645476341248;0.0;2.403604411345348;0.40154782656644117;0.5984521734335588
1730780629.910422;/app/bags/user95_2017-02-24.bag;0.834065854549408;0.0;0.9619645476341248;0.0;2.403604411345348;0.40154782656644117;0.5984521734335588
1730780630.110417;/app/bags/user95_2017-02-24.bag;0.834065854549408;0.0;0.9619645476341248;0.0;2.403604411345348;0.40154782656644117;0.5984521734335588
1730780630.3103774;/app/bags/user95_2017-02-24.bag;0.834065854549408;0.0;0.9619645476341248;0.0;2.403604411345348;0.40154782656644117;0.5984521734335588
1730780630.5104177;/app/bags/user95_2017-02-24.bag;0.834065854549408;0.0;0.9619645476341248;0.0;2.403604411345348;0.40154782656644117;0.5984521734335588
1730780630.7103589;/app/bags/user95_2017-02-24.bag;0.834065854549408;0.0;0.9619645476341248;0.0;2.403604411345348;0.40154782656644117;0.5984521734335588
1730780630.9104068;/app/bags/user95_2017-02-24.bag;0.834065854549408;0.0;0.9619645476341248;0.0;2.403604411345348;0.40154782656644117;0.5984521734335588
1730780631.110383;/app/bags/user95_2017-02-24.bag;0.834065854549408;0.0;0.9619645476341248;0.0;2.403604411345348;0.40154782656644117;0.5984521734335588
1730780631.3104265;/app/bags/user95_2017-02-24.bag;0.834065854549408;0.0;0.9619645476341248;0.0;2.403604411345348;0.40154782656644117;0.5984521734335588
1730780631.5103896;/app/bags/user95_2017-02-24.bag;0.834065854549408;0.0;0.9619645476341248;0.0;2.403604411345348;0.40154782656644117;0.5984521734335588
1730780631.7103841;/app/bags/user95_2017-02-24.bag;0.834065854549408;0.0;0.9619645476341248;0.0;2.403604411345348;0.40154782656644117;0.5984521734335588
1730780631.9104168;/app/bags/user95_2017-02-24.bag;0.834065854549408;0.0;0.9619645476341248;0.0;2.403604411345348;0.40154782656644117;0.5984521734335588
1730780632.1103706;/app/bags/user95_2017-02-24.bag;0.834065854549408;0.0;0.9619645476341248;0.0;2.403604411345348;0.40154782656644117;0.5984521734335588
1730780632.3103654;/app/bags/user95_2017-02-24.bag;0.834065854549408;0.0;0.9619645476341248;0.0;2.403604411345348;0.40154782656644117;0.5984521734335588
1730780632.510367;/app/bags/user95_2017-02-24.bag;0.834065854549408;0.0;0.9619645476341248;0.0;2.403604411345348;0.40154782656644117;0.5984521734335588
1730780632.7104058;/app/bags/user95_2017-02-24.bag;0.834065854549408;0.0;0.9619645476341248;0.0;2.403604411345348;0.40154782656644117;0.5984521734335588
1730780632.910362;/app/bags/user95_2017-02-24.bag;0.834065854549408;0.0;0.9619645476341248;0.0;2.403604411345348;0.40154782656644117;0.5984521734335588
1730780633.1104639;/app/bags/user95_2017-02-24.bag;0.834065854549408;0.0;0.9619645476341248;0.0;2.403604411345348;0.40154782656644117;0.5984521734335588
1730780633.3104186;/app/bags/user95_2017-02-24.bag;0.834065854549408;0.0;0.9619645476341248;0.0;2.403604411345348;0.40154782656644117;0.5984521734335588
1730780633.5103686;/app/bags/user95_2017-02-24.bag;0.834065854549408;0.0;0.9619645476341248;0.0;2.403604411345348;0.40154782656644117;0.5984521734335588
1730780633.7103863;/app/bags/user95_2017-02-24.bag;0.834065854549408;0.0;0.9619645476341248;0.0;2.403604411345348;0.40154782656644117;0.5984521734335588
1730780633.9103572;/app/bags/user95_2017-02-24.bag;0.834065854549408;0.0;0.9619645476341248;0.0;2.403604411345348;0.40154782656644117;0.5984521734335588
1730780634.1103945;/app/bags/user95_2017-02-24.bag;0.834065854549408;0.0;0.9619645476341248;0.0;2.403604411345348;0.40154782656644117;0.5984521734335588
1730780634.310426;/app/bags/user95_2017-02-24.bag;0.834065854549408;0.0;0.9619645476341248;0.0;2.403604411345348;0.40154782656644117;0.5984521734335588
1730780634.5103793;/app/bags/user95_2017-02-24.bag;0.834065854549408;0.0;0.9619645476341248;0.0;2.403604411345348;0.40154782656644117;0.5984521734335588
1730780634.710399;/app/bags/user95_2017-02-24.bag;0.834065854549408;0.0;0.9619645476341248;0.0;2.403604411345348;0.40154782656644117;0.5984521734335588
1730780634.910398;/app/bags/user95_2017-02-24.bag;0.834065854549408;0.0;0.9619645476341248;0.0;2.403604411345348;0.40154782656644117;0.5984521734335588
1730780635.1103485;/app/bags/user95_2017-02-24.bag;0.834065854549408;0.0;0.9619645476341248;0.0;2.403604411345348;0.40154782656644117;0.5984521734335588
1730780635.3105142;/app/bags/user95_2017-02-24.bag;0.834065854549408;0.0;0.9619645476341248;0.0;2.403604411345348;0.40154782656644117;0.5984521734335588
1730780635.5103967;/app/bags/user95_2017-02-24.bag;0.834065854549408;0.0;0.9619645476341248;0.0;2.403604411345348;0.40154782656644117;0.5984521734335588
1730780635.7103493;/app/bags/user95_2017-02-24.bag;0.834065854549408;0.0;0.9619645476341248;0.0;2.403604411345348;0.40154782656644117;0.5984521734335588
1730780635.9104054;/app/bags/user95_2017-02-24.bag;0.834065854549408;0.0;0.9619645476341248;0.0;2.403604411345348;0.40154782656644117;0.5984521734335588
1730780636.1104343;/app/bags/user95_2017-02-24.bag;0.834065854549408;0.0;0.9619645476341248;0.0;2.403604411345348;0.40154782656644117;0.5984521734335588
1730780636.3103974;/app/bags/user95_2017-02-24.bag;0.834065854549408;0.0;0.9619645476341248;0.0;2.403604411345348;0.40154782656644117;0.5984521734335588
1730780636.5104399;/app/bags/user95_2017-02-24.bag;0.834065854549408;0.0;0.9619645476341248;0.0;2.403604411345348;0.40154782656644117;0.5984521734335588
1730780636.710413;/app/bags/user95_2017-02-24.bag;0.834065854549408;0.0;0.9619645476341248;0.0;2.403604411345348;0.40154782656644117;0.5984521734335588
1730780636.910461;/app/bags/user95_2017-02-24.bag;0.834065854549408;0.0;0.9619645476341248;0.0;2.403604411345348;0.40154782656644117;0.5984521734335588
1730780637.1103904;/app/bags/user95_2017-02-24.bag;0.834065854549408;0.0;0.9619645476341248;0.0;2.403604411345348;0.40154782656644117;0.5984521734335588
1730780637.3103986;/app/bags/user95_2017-02-24.bag;0.834065854549408;0.0;0.9619645476341248;0.0;2.403604411345348;0.40154782656644117;0.5984521734335588
1730780637.5103822;/app/bags/user95_2017-02-24.bag;0.834065854549408;0.0;0.9619645476341248;0.0;2.403604411345348;0.40154782656644117;0.5984521734335588
1730780637.7103972;/app/bags/user95_2017-02-24.bag;0.834065854549408;0.0;0.9619645476341248;0.0;2.403604411345348;0.40154782656644117;0.5984521734335588
1730780637.9103725;/app/bags/user95_2017-02-24.bag;0.834065854549408;0.0;0.9619645476341248;0.0;2.403604411345348;0.40154782656644117;0.5984521734335588
1730780638.1104114;/app/bags/user95_2017-02-24.bag;0.834065854549408;0.0;0.9619645476341248;0.0;2.403604411345348;0.40154782656644117;0.5984521734335588
1730780638.3104239;/app/bags/user95_2017-02-24.bag;0.834065854549408;0.0;0.9619645476341248;0.0;2.403604411345348;0.40154782656644117;0.5984521734335588
1730780638.5102994;/app/bags/user95_2017-02-24.bag;0.834065854549408;0.0;0.9619645476341248;0.0;2.403604411345348;0.40154782656644117;0.5984521734335588
1730780638.7103941;/app/bags/user95_2017-02-24.bag;0.834065854549408;0.0;0.9619645476341248;0.0;2.403604411345348;0.40154782656644117;0.5984521734335588
1730780638.9103777;/app/bags/user95_2017-02-24.bag;0.834065854549408;0.0;0.9619645476341248;0.0;2.403604411345348;0.40154782656644117;0.5984521734335588
1730780639.110427;/app/bags/user95_2017-02-24.bag;0.834065854549408;0.0;0.9619645476341248;0.0;2.403604411345348;0.40154782656644117;0.5984521734335588
1730780639.310377;/app/bags/user95_2017-02-24.bag;0.834065854549408;0.0;0.9619645476341248;0.0;2.403604411345348;0.40154782656644117;0.5984521734335588
1730780639.510351;/app/bags/user95_2017-02-24.bag;0.834065854549408;0.0;0.9619645476341248;0.0;2.403604411345348;0.40154782656644117;0.5984521734335588
1730780639.7104852;/app/bags/user95_2017-02-24.bag;0.834065854549408;0.0;0.9619645476341248;0.0;2.403604411345348;0.40154782656644117;0.5984521734335588
1730780639.9104347;/app/bags/user95_2017-02-24.bag;0.834065854549408;0.0;0.9619645476341248;0.0;2.403604411345348;0.40154782656644117;0.5984521734335588
1730780640.1103685;/app/bags/user95_2017-02-24.bag;0.834065854549408;0.0;0.9619645476341248;0.0;2.403604411345348;0.40154782656644117;0.5984521734335588
1730780640.3105187;/app/bags/user95_2017-02-24.bag;0.834065854549408;0.0;0.9619645476341248;0.0;2.403604411345348;0.40154782656644117;0.5984521734335588
1730780640.5104392;/app/bags/user95_2017-02-24.bag;0.834065854549408;0.0;0.9619645476341248;0.0;2.403604411345348;0.40154782656644117;0.5984521734335588
1730780640.710378;/app/bags/user95_2017-02-24.bag;0.834065854549408;0.0;0.9619645476341248;0.0;2.403604411345348;0.40154782656644117;0.5984521734335588
1730780640.9104323;/app/bags/user95_2017-02-24.bag;0.834065854549408;0.0;0.9619645476341248;0.0;2.403604411345348;0.40154782656644117;0.5984521734335588
1730780641.110404;/app/bags/user95_2017-02-24.bag;0.834065854549408;0.0;0.9619645476341248;0.0;2.403604411345348;0.40154782656644117;0.5984521734335588
1730780641.3103733;/app/bags/user95_2017-02-24.bag;0.834065854549408;0.0;0.9619645476341248;0.0;2.403604411345348;0.40154782656644117;0.5984521734335588
1730780641.5103877;/app/bags/user95_2017-02-24.bag;0.834065854549408;0.0;0.9619645476341248;0.0;2.403604411345348;0.40154782656644117;0.5984521734335588
1730780641.710416;/app/bags/user95_2017-02-24.bag;0.834065854549408;0.0;0.9619645476341248;0.0;2.403604411345348;0.40154782656644117;0.5984521734335588
1730780641.9103794;/app/bags/user95_2017-02-24.bag;0.834065854549408;0.0;0.9619645476341248;0.0;2.403604411345348;0.40154782656644117;0.5984521734335588
1730780642.110405;/app/bags/user95_2017-02-24.bag;0.834065854549408;0.0;0.9619645476341248;0.0;2.403604411345348;0.40154782656644117;0.5984521734335588
1730780642.3104162;/app/bags/user95_2017-02-24.bag;0.834065854549408;0.0;0.9619645476341248;0.0;2.403604411345348;0.40154782656644117;0.5984521734335588
1730780642.510396;/app/bags/user95_2017-02-24.bag;0.834065854549408;0.0;0.9619645476341248;0.0;2.403604411345348;0.40154782656644117;0.5984521734335588
1730780642.7103994;/app/bags/user95_2017-02-24.bag;0.834065854549408;0.0;0.9619645476341248;0.0;2.403604411345348;0.40154782656644117;0.5984521734335588
1730780642.910427;/app/bags/user95_2017-02-24.bag;0.834065854549408;0.0;0.9619645476341248;0.0;2.403604411345348;0.40154782656644117;0.5984521734335588
1730780643.110393;/app/bags/user95_2017-02-24.bag;0.834065854549408;0.0;0.9619645476341248;0.0;2.403604411345348;0.40154782656644117;0.5984521734335588
1730780643.3103988;/app/bags/user95_2017-02-24.bag;0.834065854549408;0.0;0.9619645476341248;0.0;2.403604411345348;0.40154782656644117;0.5984521734335588
1730780643.5104334;/app/bags/user95_2017-02-24.bag;0.834065854549408;0.0;0.9619645476341248;0.0;2.403604411345348;0.40154782656644117;0.5984521734335588
1730780643.7104266;/app/bags/user95_2017-02-24.bag;0.834065854549408;0.0;0.9619645476341248;0.0;2.403604411345348;0.40154782656644117;0.5984521734335588
1730780643.91037;/app/bags/user95_2017-02-24.bag;0.834065854549408;0.0;0.9619645476341248;0.0;2.403604411345348;0.40154782656644117;0.5984521734335588
1730780644.1103916;/app/bags/user95_2017-02-24.bag;0.834065854549408;0.0;0.9619645476341248;0.0;2.403604411345348;0.40154782656644117;0.5984521734335588
1730780644.3103635;/app/bags/user95_2017-02-24.bag;0.834065854549408;0.0;0.9619645476341248;0.0;2.403604411345348;0.40154782656644117;0.5984521734335588
1730780644.5103908;/app/bags/user95_2017-02-24.bag;0.834065854549408;0.0;0.9619645476341248;0.0;2.403604411345348;0.40154782656644117;0.5984521734335588
1730780644.7103667;/app/bags/user95_2017-02-24.bag;0.834065854549408;0.0;0.9619645476341248;0.0;2.403604411345348;0.40154782656644117;0.5984521734335588
1730780644.9104207;/app/bags/user95_2017-02-24.bag;0.834065854549408;0.0;0.9619645476341248;0.0;2.403604411345348;0.40154782656644117;0.5984521734335588
1730780645.1103773;/app/bags/user95_2017-02-24.bag;0.834065854549408;0.0;0.9619645476341248;0.0;2.403604411345348;0.40154782656644117;0.5984521734335588
1730780645.310432;/app/bags/user95_2017-02-24.bag;0.834065854549408;0.0;0.9619645476341248;0.0;2.403604411345348;0.40154782656644117;0.5984521734335588
1730780645.5104039;/app/bags/user95_2017-02-24.bag;0.834065854549408;0.0;0.9619645476341248;0.0;2.403604411345348;0.40154782656644117;0.5984521734335588
1730780645.7103913;/app/bags/user95_2017-02-24.bag;0.834065854549408;0.0;0.9619645476341248;0.0;2.403604411345348;0.40154782656644117;0.5984521734335588
1730780645.9104087;/app/bags/user95_2017-02-24.bag;0.834065854549408;0.0;0.9619645476341248;0.0;2.403604411345348;0.40154782656644117;0.5984521734335588
1730780646.110613;/app/bags/user95_2017-02-24.bag;0.834065854549408;0.0;0.9619645476341248;0.0;2.403604411345348;0.40154782656644117;0.5984521734335588
1730780646.3104258;/app/bags/user95_2017-02-24.bag;0.834065854549408;0.0;0.9619645476341248;0.0;2.403604411345348;0.40154782656644117;0.5984521734335588
1730780646.5103714;/app/bags/user95_2017-02-24.bag;0.834065854549408;0.0;0.9619645476341248;0.0;2.403604411345348;0.40154782656644117;0.5984521734335588
1730780646.7103736;/app/bags/user95_2017-02-24.bag;0.834065854549408;0.0;0.9619645476341248;0.0;2.403604411345348;0.40154782656644117;0.5984521734335588
1730780646.9103491;/app/bags/user95_2017-02-24.bag;0.834065854549408;0.0;0.9619645476341248;0.0;2.403604411345348;0.40154782656644117;0.5984521734335588
1730780647.1104286;/app/bags/user95_2017-02-24.bag;0.834065854549408;0.0;0.9619645476341248;0.0;2.403604411345348;0.40154782656644117;0.5984521734335588
1730780647.3104038;/app/bags/user95_2017-02-24.bag;0.834065854549408;0.0;0.9619645476341248;0.0;2.403604411345348;0.40154782656644117;0.5984521734335588
1730780647.5104313;/app/bags/user95_2017-02-24.bag;0.834065854549408;0.0;0.9619645476341248;0.0;2.403604411345348;0.40154782656644117;0.5984521734335588
1730780647.710394;/app/bags/user95_2017-02-24.bag;0.834065854549408;0.0;0.9619645476341248;0.0;2.403604411345348;0.40154782656644117;0.5984521734335588
1730780647.9105468;/app/bags/user95_2017-02-24.bag;0.834065854549408;0.0;0.9619645476341248;0.0;2.403604411345348;0.40154782656644117;0.5984521734335588
1730780648.1104088;/app/bags/user95_2017-02-24.bag;0.834065854549408;0.0;0.9619645476341248;0.0;2.403604411345348;0.40154782656644117;0.5984521734335588
1730780648.3104239;/app/bags/user95_2017-02-24.bag;0.834065854549408;0.0;0.9619645476341248;0.0;2.403604411345348;0.40154782656644117;0.5984521734335588
1730780648.5103974;/app/bags/user95_2017-02-24.bag;0.834065854549408;0.0;0.9619645476341248;0.0;2.403604411345348;0.40154782656644117;0.5984521734335588
1730780648.710404;/app/bags/user95_2017-02-24.bag;0.834065854549408;0.0;0.9619645476341248;0.0;2.403604411345348;0.40154782656644117;0.5984521734335588
1730780648.9103637;/app/bags/user95_2017-02-24.bag;0.834065854549408;0.0;0.9619645476341248;0.0;2.403604411345348;0.40154782656644117;0.5984521734335588
1730780649.110449;/app/bags/user95_2017-02-24.bag;0.834065854549408;0.0;0.9619645476341248;0.0;2.403604411345348;0.40154782656644117;0.5984521734335588
1730780649.3103821;/app/bags/user95_2017-02-24.bag;0.834065854549408;0.0;0.9619645476341248;0.0;2.403604411345348;0.40154782656644117;0.5984521734335588
1730780649.5104506;/app/bags/user95_2017-02-24.bag;0.834065854549408;0.0;0.9619645476341248;0.0;2.403604411345348;0.40154782656644117;0.5984521734335588
1730780649.7103848;/app/bags/user95_2017-02-24.bag;0.834065854549408;0.0;0.9619645476341248;0.0;2.403604411345348;0.40154782656644117;0.5984521734335588
1730780649.9103906;/app/bags/user95_2017-02-24.bag;0.834065854549408;0.0;0.9619645476341248;0.0;2.403604411345348;0.40154782656644117;0.5984521734335588
1730780650.1103618;/app/bags/user95_2017-02-24.bag;0.834065854549408;0.0;0.9619645476341248;0.0;2.403604411345348;0.40154782656644117;0.5984521734335588
1730780650.3104315;/app/bags/user95_2017-02-24.bag;0.834065854549408;0.0;0.9619645476341248;0.0;2.403604411345348;0.40154782656644117;0.5984521734335588
1730780650.5104148;/app/bags/user95_2017-02-24.bag;0.834065854549408;0.0;0.9619645476341248;0.0;2.403604411345348;0.40154782656644117;0.5984521734335588
1730780650.7103956;/app/bags/user95_2017-02-24.bag;0.834065854549408;0.0;0.9619645476341248;0.0;2.403604411345348;0.40154782656644117;0.5984521734335588
1730780650.9103875;/app/bags/user95_2017-02-24.bag;0.834065854549408;0.0;0.9619645476341248;0.0;2.403604411345348;0.40154782656644117;0.5984521734335588
1730780651.1103654;/app/bags/user95_2017-02-24.bag;0.834065854549408;0.0;0.9619645476341248;0.0;2.403604411345348;0.40154782656644117;0.5984521734335588
1730780651.3103735;/app/bags/user95_2017-02-24.bag;0.834065854549408;0.0;0.9619645476341248;0.0;2.403604411345348;0.40154782656644117;0.5984521734335588
1730780651.5104034;/app/bags/user95_2017-02-24.bag;0.834065854549408;0.0;0.9619645476341248;0.0;2.403604411345348;0.40154782656644117;0.5984521734335588
1730780651.710385;/app/bags/user95_2017-02-24.bag;0.834065854549408;0.0;0.9619645476341248;0.0;2.403604411345348;0.40154782656644117;0.5984521734335588
1730780651.9103816;/app/bags/user95_2017-02-24.bag;0.834065854549408;0.0;0.9619645476341248;0.0;2.403604411345348;0.40154782656644117;0.5984521734335588
1730780652.1103926;/app/bags/user95_2017-02-24.bag;0.834065854549408;0.0;0.9619645476341248;0.0;2.403604411345348;0.40154782656644117;0.5984521734335588
1730780652.3103743;/app/bags/user95_2017-02-24.bag;0.834065854549408;0.0;0.9619645476341248;0.0;2.403604411345348;0.40154782656644117;0.5984521734335588
1730780652.5104346;/app/bags/user95_2017-02-24.bag;0.834065854549408;0.0;0.9619645476341248;0.0;2.403604411345348;0.40154782656644117;0.5984521734335588
1730780652.7103398;/app/bags/user95_2017-02-24.bag;0.834065854549408;0.0;0.9619645476341248;0.0;2.403604411345348;0.40154782656644117;0.5984521734335588
1730780652.9103906;/app/bags/user95_2017-02-24.bag;0.834065854549408;0.0;0.9619645476341248;0.0;2.403604411345348;0.40154782656644117;0.5984521734335588
1730780653.1103706;/app/bags/user95_2017-02-24.bag;0.834065854549408;0.0;0.9619645476341248;0.0;2.403604411345348;0.40154782656644117;0.5984521734335588
1730780653.3103797;/app/bags/user95_2017-02-24.bag;0.834065854549408;0.0;0.9619645476341248;0.0;2.403604411345348;0.40154782656644117;0.5984521734335588
1730780653.5104184;/app/bags/user95_2017-02-24.bag;0.834065854549408;0.0;0.9619645476341248;0.0;2.403604411345348;0.40154782656644117;0.5984521734335588
1730780653.7103822;/app/bags/user95_2017-02-24.bag;0.834065854549408;0.0;0.9619645476341248;0.0;2.403604411345348;0.40154782656644117;0.5984521734335588
1730780653.9103599;/app/bags/user95_2017-02-24.bag;0.834065854549408;0.0;0.9619645476341248;0.0;2.403604411345348;0.40154782656644117;0.5984521734335588
1730780654.110398;/app/bags/user95_2017-02-24.bag;0.834065854549408;0.0;0.9619645476341248;0.0;2.403604411345348;0.40154782656644117;0.5984521734335588
1730780654.3104024;/app/bags/user95_2017-02-24.bag;0.834065854549408;0.0;0.9619645476341248;0.0;2.403604411345348;0.40154782656644117;0.5984521734335588
1730780654.5103652;/app/bags/user95_2017-02-24.bag;0.834065854549408;0.0;0.9619645476341248;0.0;2.403604411345348;0.40154782656644117;0.5984521734335588
1730780654.7104263;/app/bags/user95_2017-02-24.bag;0.834065854549408;0.0;0.9619645476341248;0.0;2.403604411345348;0.40154782656644117;0.5984521734335588
1730780654.9104207;/app/bags/user95_2017-02-24.bag;0.834065854549408;0.0;0.9619645476341248;0.0;2.403604411345348;0.40154782656644117;0.5984521734335588
1730780655.1104262;/app/bags/user95_2017-02-24.bag;0.834065854549408;0.0;0.9619645476341248;0.0;2.403604411345348;0.40154782656644117;0.5984521734335588
1730780655.3103306;/app/bags/user95_2017-02-24.bag;0.834065854549408;0.0;0.9619645476341248;0.0;2.403604411345348;0.40154782656644117;0.5984521734335588
1730780655.5103998;/app/bags/user95_2017-02-24.bag;0.834065854549408;0.0;0.9619645476341248;0.0;2.403604411345348;0.40154782656644117;0.5984521734335588
1730780655.7103758;/app/bags/user95_2017-02-24.bag;0.834065854549408;0.0;0.9619645476341248;0.0;2.403604411345348;0.40154782656644117;0.5984521734335588
1730780655.9103725;/app/bags/user95_2017-02-24.bag;0.834065854549408;0.0;0.9619645476341248;0.0;2.403604411345348;0.40154782656644117;0.5984521734335588
1730780656.110416;/app/bags/user95_2017-02-24.bag;0.834065854549408;0.0;0.9619645476341248;0.0;2.403604411345348;0.40154782656644117;0.5984521734335588
1730780656.3104131;/app/bags/user95_2017-02-24.bag;0.834065854549408;0.0;0.9619645476341248;0.0;2.403604411345348;0.40154782656644117;0.5984521734335588
1730780656.5104454;/app/bags/user95_2017-02-24.bag;0.834065854549408;0.0;0.9619645476341248;0.0;2.403604411345348;0.40154782656644117;0.5984521734335588
1730780656.7103882;/app/bags/user95_2017-02-24.bag;0.834065854549408;0.0;0.9619645476341248;0.0;2.403604411345348;0.40154782656644117;0.5984521734335588
1730780656.910427;/app/bags/user95_2017-02-24.bag;0.834065854549408;0.0;0.9619645476341248;0.0;2.403604411345348;0.40154782656644117;0.5984521734335588
1730780657.110372;/app/bags/user95_2017-02-24.bag;0.834065854549408;0.0;0.9619645476341248;0.0;2.403604411345348;0.40154782656644117;0.5984521734335588
1730780657.3103924;/app/bags/user95_2017-02-24.bag;0.834065854549408;0.0;0.9619645476341248;0.0;2.403604411345348;0.40154782656644117;0.5984521734335588
1730780657.5104055;/app/bags/user95_2017-02-24.bag;0.834065854549408;0.0;0.9619645476341248;0.0;2.403604411345348;0.40154782656644117;0.5984521734335588
1730780657.7104053;/app/bags/user95_2017-02-24.bag;0.834065854549408;0.0;0.9619645476341248;0.0;2.403604411345348;0.40154782656644117;0.5984521734335588
1730780657.9103649;/app/bags/user95_2017-02-24.bag;0.834065854549408;0.0;0.9619645476341248;0.0;2.403604411345348;0.40154782656644117;0.5984521734335588
1730780658.1103997;/app/bags/user95_2017-02-24.bag;0.834065854549408;0.0;0.9619645476341248;0.0;2.403604411345348;0.40154782656644117;0.5984521734335588
1730780658.310364;/app/bags/user95_2017-02-24.bag;0.834065854549408;0.0;0.9619645476341248;0.0;2.403604411345348;0.40154782656644117;0.5984521734335588
1730780658.5104063;/app/bags/user95_2017-02-24.bag;0.834065854549408;0.0;0.9619645476341248;0.0;2.403604411345348;0.40154782656644117;0.5984521734335588
1730780658.7103393;/app/bags/user95_2017-02-24.bag;0.834065854549408;0.0;0.9619645476341248;0.0;2.403604411345348;0.40154782656644117;0.5984521734335588
1730780658.910388;/app/bags/user95_2017-02-24.bag;0.834065854549408;0.0;0.9619645476341248;0.0;2.403604411345348;0.40154782656644117;0.5984521734335588
1730780659.1103616;/app/bags/user95_2017-02-24.bag;0.834065854549408;0.0;0.9619645476341248;0.0;2.403604411345348;0.40154782656644117;0.5984521734335588
1730780659.3103793;/app/bags/user95_2017-02-24.bag;0.834065854549408;0.0;0.9619645476341248;0.0;2.403604411345348;0.40154782656644117;0.5984521734335588
1730780659.5103865;/app/bags/user95_2017-02-24.bag;0.834065854549408;0.0;0.9619645476341248;0.0;2.403604411345348;0.40154782656644117;0.5984521734335588
1730780659.7104619;/app/bags/user95_2017-02-24.bag;0.834065854549408;0.0;0.9619645476341248;0.0;2.403604411345348;0.40154782656644117;0.5984521734335588
1730780659.9104307;/app/bags/user95_2017-02-24.bag;0.834065854549408;0.0;0.9619645476341248;0.0;2.403604411345348;0.40154782656644117;0.5984521734335588
1730780660.1103628;/app/bags/user95_2017-02-24.bag;0.834065854549408;0.0;0.9619645476341248;0.0;2.403604411345348;0.40154782656644117;0.5984521734335588
1730780660.310393;/app/bags/user95_2017-02-24.bag;0.834065854549408;0.0;0.9619645476341248;0.0;2.403604411345348;0.40154782656644117;0.5984521734335588
1730780660.510454;/app/bags/user95_2017-02-24.bag;0.834065854549408;0.0;0.9619645476341248;0.0;2.403604411345348;0.40154782656644117;0.5984521734335588
1730780660.7103915;/app/bags/user95_2017-02-24.bag;0.834065854549408;0.0;0.9619645476341248;0.0;2.403604411345348;0.40154782656644117;0.5984521734335588
1730780660.9104273;/app/bags/user95_2017-02-24.bag;0.834065854549408;0.0;0.9619645476341248;0.0;2.403604411345348;0.40154782656644117;0.5984521734335588
1730780661.1104069;/app/bags/user95_2017-02-24.bag;0.834065854549408;0.0;0.9619645476341248;0.0;2.403604411345348;0.40154782656644117;0.5984521734335588
1730780661.3104389;/app/bags/user95_2017-02-24.bag;0.834065854549408;0.0;0.9619645476341248;0.0;2.403604411345348;0.40154782656644117;0.5984521734335588
1730780661.5104113;/app/bags/user95_2017-02-24.bag;0.834065854549408;0.0;0.9619645476341248;0.0;2.403604411345348;0.40154782656644117;0.5984521734335588
1730780661.7104003;/app/bags/user95_2017-02-24.bag;0.834065854549408;0.0;0.9619645476341248;0.0;2.403604411345348;0.40154782656644117;0.5984521734335588
1730780661.9103997;/app/bags/user95_2017-02-24.bag;0.834065854549408;0.0;0.9619645476341248;0.0;2.403604411345348;0.40154782656644117;0.5984521734335588
1730780662.1103773;/app/bags/user95_2017-02-24.bag;0.834065854549408;0.0;0.9619645476341248;0.0;2.403604411345348;0.40154782656644117;0.5984521734335588
1730780662.3103633;/app/bags/user95_2017-02-24.bag;0.834065854549408;0.0;0.9619645476341248;0.0;2.403604411345348;0.40154782656644117;0.5984521734335588
1730780662.5103865;/app/bags/user95_2017-02-24.bag;0.834065854549408;0.0;0.9619645476341248;0.0;2.403604411345348;0.40154782656644117;0.5984521734335588
1730780662.7103708;/app/bags/user95_2017-02-24.bag;0.834065854549408;0.0;0.9619645476341248;0.0;2.403604411345348;0.40154782656644117;0.5984521734335588
1730780662.910467;/app/bags/user95_2017-02-24.bag;0.834065854549408;0.0;0.9619645476341248;0.0;2.403604411345348;0.40154782656644117;0.5984521734335588
1730780663.1104143;/app/bags/user95_2017-02-24.bag;0.834065854549408;0.0;0.9619645476341248;0.0;2.403604411345348;0.40154782656644117;0.5984521734335588
1730780663.3103783;/app/bags/user95_2017-02-24.bag;0.834065854549408;0.0;0.9619645476341248;0.0;2.403604411345348;0.40154782656644117;0.5984521734335588
1730780663.510382;/app/bags/user95_2017-02-24.bag;0.834065854549408;0.0;0.9619645476341248;0.0;2.403604411345348;0.40154782656644117;0.5984521734335588
1730780663.710408;/app/bags/user95_2017-02-24.bag;0.834065854549408;0.0;0.9619645476341248;0.0;2.403604411345348;0.40154782656644117;0.5984521734335588
1730780663.9103827;/app/bags/user95_2017-02-24.bag;0.834065854549408;0.0;0.9619645476341248;0.0;2.403604411345348;0.40154782656644117;0.5984521734335588
1730780664.1103995;/app/bags/user95_2017-02-24.bag;0.834065854549408;0.0;0.9619645476341248;0.0;2.403604411345348;0.40154782656644117;0.5984521734335588
1730780664.3103933;/app/bags/user95_2017-02-24.bag;0.834065854549408;0.0;0.9619645476341248;0.0;2.403604411345348;0.40154782656644117;0.5984521734335588
1730780664.5103734;/app/bags/user95_2017-02-24.bag;0.834065854549408;0.0;0.9619645476341248;0.0;2.403604411345348;0.40154782656644117;0.5984521734335588
1730780664.7103572;/app/bags/user95_2017-02-24.bag;0.834065854549408;0.0;0.9619645476341248;0.0;2.403604411345348;0.40154782656644117;0.5984521734335588
1730780664.9102533;/app/bags/user95_2017-02-24.bag;0.834065854549408;0.0;0.9619645476341248;0.0;2.403604411345348;0.40154782656644117;0.5984521734335588
1730780665.1104126;/app/bags/user95_2017-02-24.bag;0.834065854549408;0.0;0.9619645476341248;0.0;2.403604411345348;0.40154782656644117;0.5984521734335588
1730780665.3103876;/app/bags/user95_2017-02-24.bag;0.834065854549408;0.0;0.9619645476341248;0.0;2.403604411345348;0.40154782656644117;0.5984521734335588
1730780665.510371;/app/bags/user95_2017-02-24.bag;0.834065854549408;0.0;0.9619645476341248;0.0;2.403604411345348;0.40154782656644117;0.5984521734335588
1730780665.7102883;/app/bags/user95_2017-02-24.bag;0.834065854549408;0.0;0.9619645476341248;0.0;2.403604411345348;0.40154782656644117;0.5984521734335588
1730780665.9104884;/app/bags/user95_2017-02-24.bag;0.834065854549408;0.0;0.9619645476341248;0.0;2.403604411345348;0.40154782656644117;0.5984521734335588
1730780666.11047;/app/bags/user95_2017-02-24.bag;0.834065854549408;0.0;0.9619645476341248;0.0;2.403604411345348;0.40154782656644117;0.5984521734335588
1730780666.3104808;/app/bags/user95_2017-02-24.bag;0.834065854549408;0.0;0.9619645476341248;0.0;2.403604411345348;0.40154782656644117;0.5984521734335588
1730780666.5103815;/app/bags/user95_2017-02-24.bag;0.834065854549408;0.0;0.9619645476341248;0.0;2.403604411345348;0.40154782656644117;0.5984521734335588
1730780666.7103636;/app/bags/user95_2017-02-24.bag;0.834065854549408;0.0;0.9619645476341248;0.0;2.403604411345348;0.40154782656644117;0.5984521734335588
1730780666.910369;/app/bags/user95_2017-02-24.bag;0.834065854549408;0.0;0.9619645476341248;0.0;2.403604411345348;0.40154782656644117;0.5984521734335588
1730780667.1104188;/app/bags/user95_2017-02-24.bag;0.834065854549408;0.0;0.9619645476341248;0.0;2.403604411345348;0.40154782656644117;0.5984521734335588
1730780667.310392;/app/bags/user95_2017-02-24.bag;0.834065854549408;0.0;0.9619645476341248;0.0;2.403604411345348;0.40154782656644117;0.5984521734335588
1730780667.510403;/app/bags/user95_2017-02-24.bag;0.834065854549408;0.0;0.9619645476341248;0.0;2.403604411345348;0.40154782656644117;0.5984521734335588
1730780667.7103891;/app/bags/user95_2017-02-24.bag;0.834065854549408;0.0;0.9619645476341248;0.0;2.403604411345348;0.40154782656644117;0.5984521734335588
1730780667.910393;/app/bags/user95_2017-02-24.bag;0.834065854549408;0.0;0.9619645476341248;0.0;2.403604411345348;0.40154782656644117;0.5984521734335588
1730780668.1103876;/app/bags/user95_2017-02-24.bag;0.834065854549408;0.0;0.9619645476341248;0.0;2.403604411345348;0.40154782656644117;0.5984521734335588
1730780668.310372;/app/bags/user95_2017-02-24.bag;0.834065854549408;0.0;0.9619645476341248;0.0;2.403604411345348;0.40154782656644117;0.5984521734335588
1730780668.5103865;/app/bags/user95_2017-02-24.bag;0.834065854549408;0.0;0.9619645476341248;0.0;2.403604411345348;0.40154782656644117;0.5984521734335588
1730780668.7104492;/app/bags/user95_2017-02-24.bag;0.834065854549408;0.0;0.9619645476341248;0.0;2.403604411345348;0.40154782656644117;0.5984521734335588
1730780668.9103563;/app/bags/user95_2017-02-24.bag;0.834065854549408;0.0;0.9619645476341248;0.0;2.403604411345348;0.40154782656644117;0.5984521734335588
1730780669.1103911;/app/bags/user95_2017-02-24.bag;0.834065854549408;0.0;0.9619645476341248;0.0;2.403604411345348;0.40154782656644117;0.5984521734335588
1730780669.3104084;/app/bags/user95_2017-02-24.bag;0.834065854549408;0.0;0.9619645476341248;0.0;2.403604411345348;0.40154782656644117;0.5984521734335588
1730780669.5103898;/app/bags/user95_2017-02-24.bag;0.834065854549408;0.0;0.9619645476341248;0.0;2.403604411345348;0.40154782656644117;0.5984521734335588
1730780669.710472;/app/bags/user95_2017-02-24.bag;0.834065854549408;0.0;0.9619645476341248;0.0;2.403604411345348;0.40154782656644117;0.5984521734335588
1730780669.9103887;/app/bags/user95_2017-02-24.bag;0.834065854549408;0.0;0.9619645476341248;0.0;2.403604411345348;0.40154782656644117;0.5984521734335588
1730780670.1104026;/app/bags/user95_2017-02-24.bag;0.834065854549408;0.0;0.9619645476341248;0.0;2.403604411345348;0.40154782656644117;0.5984521734335588
1730780670.3104131;/app/bags/user95_2017-02-24.bag;0.834065854549408;0.0;0.9619645476341248;0.0;2.403604411345348;0.40154782656644117;0.5984521734335588
1730780670.5103993;/app/bags/user95_2017-02-24.bag;0.834065854549408;0.0;0.9619645476341248;0.0;2.403604411345348;0.40154782656644117;0.5984521734335588
1730780670.710469;/app/bags/user95_2017-02-24.bag;0.834065854549408;0.0;0.9619645476341248;0.0;2.403604411345348;0.40154782656644117;0.5984521734335588
1730780670.9103508;/app/bags/user95_2017-02-24.bag;0.834065854549408;0.0;0.9619645476341248;0.0;2.403604411345348;0.40154782656644117;0.5984521734335588
1730780671.1103458;/app/bags/user95_2017-02-24.bag;0.834065854549408;0.0;0.9619645476341248;0.0;2.403604411345348;0.40154782656644117;0.5984521734335588
1730780671.3104067;/app/bags/user95_2017-02-24.bag;0.834065854549408;0.0;0.9619645476341248;0.0;2.403604411345348;0.40154782656644117;0.5984521734335588
1730780671.5106251;/app/bags/user95_2017-02-24.bag;0.834065854549408;0.0;0.9619645476341248;0.0;2.403604411345348;0.40154782656644117;0.5984521734335588
1730780671.7104037;/app/bags/user95_2017-02-24.bag;0.834065854549408;0.0;0.9619645476341248;0.0;2.403604411345348;0.40154782656644117;0.5984521734335588
1730780671.910394;/app/bags/user95_2017-02-24.bag;0.834065854549408;0.0;0.9619645476341248;0.0;2.403604411345348;0.40154782656644117;0.5984521734335588
1730780672.1103709;/app/bags/user95_2017-02-24.bag;0.834065854549408;0.0;0.9619645476341248;0.0;2.403604411345348;0.40154782656644117;0.5984521734335588
1730780672.310384;/app/bags/user95_2017-02-24.bag;0.834065854549408;0.0;0.9619645476341248;0.0;2.403604411345348;0.40154782656644117;0.5984521734335588
1730780672.5103862;/app/bags/user95_2017-02-24.bag;0.834065854549408;0.0;0.9619645476341248;0.0;2.403604411345348;0.40154782656644117;0.5984521734335588
1730780672.7103908;/app/bags/user95_2017-02-24.bag;0.834065854549408;0.0;0.9619645476341248;0.0;2.403604411345348;0.40154782656644117;0.5984521734335588
1730780672.9104517;/app/bags/user95_2017-02-24.bag;0.834065854549408;0.0;0.9619645476341248;0.0;2.403604411345348;0.40154782656644117;0.5984521734335588
1730780673.1103897;/app/bags/user95_2017-02-24.bag;0.834065854549408;0.0;0.9619645476341248;0.0;2.403604411345348;0.40154782656644117;0.5984521734335588
1730780673.310382;/app/bags/user95_2017-02-24.bag;0.834065854549408;0.0;0.9619645476341248;0.0;2.403604411345348;0.40154782656644117;0.5984521734335588
1730780673.5103693;/app/bags/user95_2017-02-24.bag;0.834065854549408;0.0;0.9619645476341248;0.0;2.403604411345348;0.40154782656644117;0.5984521734335588
1730780673.7103806;/app/bags/user95_2017-02-24.bag;0.834065854549408;0.0;0.9619645476341248;0.0;2.403604411345348;0.40154782656644117;0.5984521734335588
1730780673.9104676;/app/bags/user95_2017-02-24.bag;0.834065854549408;0.0;0.9619645476341248;0.0;2.403604411345348;0.40154782656644117;0.5984521734335588
1730780674.1103704;/app/bags/user95_2017-02-24.bag;0.834065854549408;0.0;0.9619645476341248;0.0;2.403604411345348;0.40154782656644117;0.5984521734335588
1730780674.3103888;/app/bags/user95_2017-02-24.bag;0.834065854549408;0.0;0.9619645476341248;0.0;2.403604411345348;0.40154782656644117;0.5984521734335588
1730780674.5103953;/app/bags/user95_2017-02-24.bag;0.834065854549408;0.0;0.9619645476341248;0.0;2.403604411345348;0.40154782656644117;0.5984521734335588
1730780674.7103765;/app/bags/user95_2017-02-24.bag;0.834065854549408;0.0;0.9619645476341248;0.0;2.403604411345348;0.40154782656644117;0.5984521734335588
1730780674.9103794;/app/bags/user95_2017-02-24.bag;0.834065854549408;0.0;0.9619645476341248;0.0;2.403604411345348;0.40154782656644117;0.5984521734335588
1730780675.1103776;/app/bags/user95_2017-02-24.bag;0.834065854549408;0.0;0.9619645476341248;0.0;2.403604411345348;0.40154782656644117;0.5984521734335588
1730780675.3103626;/app/bags/user95_2017-02-24.bag;0.834065854549408;0.0;0.9619645476341248;0.0;2.403604411345348;0.40154782656644117;0.5984521734335588
1730780675.510386;/app/bags/user95_2017-02-24.bag;0.834065854549408;0.0;0.9619645476341248;0.0;2.403604411345348;0.40154782656644117;0.5984521734335588
1730780675.710447;/app/bags/user95_2017-02-24.bag;0.834065854549408;0.0;0.9619645476341248;0.0;2.403604411345348;0.40154782656644117;0.5984521734335588
1730780675.9103613;/app/bags/user95_2017-02-24.bag;0.834065854549408;0.0;0.9619645476341248;0.0;2.403604411345348;0.40154782656644117;0.5984521734335588
1730780676.1103997;/app/bags/user95_2017-02-24.bag;0.834065854549408;0.0;0.9619645476341248;0.0;2.403604411345348;0.40154782656644117;0.5984521734335588
1730780676.310422;/app/bags/user95_2017-02-24.bag;0.834065854549408;0.0;0.9619645476341248;0.0;2.403604411345348;0.40154782656644117;0.5984521734335588
1730780676.5103798;/app/bags/user95_2017-02-24.bag;0.834065854549408;0.0;0.9619645476341248;0.0;2.403604411345348;0.40154782656644117;0.5984521734335588
1730780676.7103853;/app/bags/user95_2017-02-24.bag;0.834065854549408;0.0;0.9619645476341248;0.0;2.403604411345348;0.40154782656644117;0.5984521734335588
1730780676.910396;/app/bags/user95_2017-02-24.bag;0.834065854549408;0.0;0.9619645476341248;0.0;2.403604411345348;0.40154782656644117;0.5984521734335588
1730780677.110457;/app/bags/user95_2017-02-24.bag;0.834065854549408;0.0;0.9619645476341248;0.0;2.403604411345348;0.40154782656644117;0.5984521734335588
1730780677.3103688;/app/bags/user95_2017-02-24.bag;0.834065854549408;0.0;0.9619645476341248;0.0;2.403604411345348;0.40154782656644117;0.5984521734335588
1730780677.5103707;/app/bags/user95_2017-02-24.bag;0.834065854549408;0.0;0.9619645476341248;0.0;2.403604411345348;0.40154782656644117;0.5984521734335588
1730780677.7103786;/app/bags/user95_2017-02-24.bag;0.834065854549408;0.0;0.9619645476341248;0.0;2.403604411345348;0.40154782656644117;0.5984521734335588
1730780677.910346;/app/bags/user95_2017-02-24.bag;0.834065854549408;0.0;0.9619645476341248;0.0;2.403604411345348;0.40154782656644117;0.5984521734335588
1730780678.1103728;/app/bags/user95_2017-02-24.bag;0.834065854549408;0.0;0.9619645476341248;0.0;2.403604411345348;0.40154782656644117;0.5984521734335588
1730780678.3104458;/app/bags/user95_2017-02-24.bag;0.834065854549408;0.0;0.9619645476341248;0.0;2.403604411345348;0.40154782656644117;0.5984521734335588
1730780678.510384;/app/bags/user95_2017-02-24.bag;0.834065854549408;0.0;0.9619645476341248;0.0;2.403604411345348;0.40154782656644117;0.5984521734335588
1730780678.7103913;/app/bags/user95_2017-02-24.bag;0.834065854549408;0.0;0.9619645476341248;0.0;2.403604411345348;0.40154782656644117;0.5984521734335588
1730780678.9103863;/app/bags/user95_2017-02-24.bag;0.834065854549408;0.0;0.9619645476341248;0.0;2.403604411345348;0.40154782656644117;0.5984521734335588
1730780679.110374;/app/bags/user95_2017-02-24.bag;0.834065854549408;0.0;0.9619645476341248;0.0;2.403604411345348;0.40154782656644117;0.5984521734335588
1730780679.3103836;/app/bags/user95_2017-02-24.bag;0.834065854549408;0.0;0.9619645476341248;0.0;2.403604411345348;0.40154782656644117;0.5984521734335588
1730780679.5103912;/app/bags/user95_2017-02-24.bag;0.834065854549408;0.0;0.9619645476341248;0.0;2.403604411345348;0.40154782656644117;0.5984521734335588
1730780679.7103703;/app/bags/user95_2017-02-24.bag;0.834065854549408;0.0;0.9619645476341248;0.0;2.403604411345348;0.40154782656644117;0.5984521734335588
1730780679.9103758;/app/bags/user95_2017-02-24.bag;0.834065854549408;0.0;0.9619645476341248;0.0;2.403604411345348;0.40154782656644117;0.5984521734335588
1730780680.1104233;/app/bags/user95_2017-02-24.bag;0.834065854549408;0.0;0.9619645476341248;0.0;2.403604411345348;0.40154782656644117;0.5984521734335588
1730780680.3103886;/app/bags/user95_2017-02-24.bag;0.834065854549408;0.0;0.9619645476341248;0.0;2.403604411345348;0.40154782656644117;0.5984521734335588
1730780680.5103762;/app/bags/user95_2017-02-24.bag;0.834065854549408;0.0;0.9619645476341248;0.0;2.403604411345348;0.40154782656644117;0.5984521734335588
1730780680.7104425;/app/bags/user95_2017-02-24.bag;0.834065854549408;0.0;0.9619645476341248;0.0;2.403604411345348;0.40154782656644117;0.5984521734335588
1730780680.9103596;/app/bags/user95_2017-02-24.bag;0.834065854549408;0.0;0.9619645476341248;0.0;2.403604411345348;0.40154782656644117;0.5984521734335588
1730780681.1104033;/app/bags/user95_2017-02-24.bag;0.834065854549408;0.0;0.9619645476341248;0.0;2.403604411345348;0.40154782656644117;0.5984521734335588
1730780681.3104162;/app/bags/user95_2017-02-24.bag;0.834065854549408;0.0;0.9619645476341248;0.0;2.403604411345348;0.40154782656644117;0.5984521734335588
1730780681.5104003;/app/bags/user95_2017-02-24.bag;0.834065854549408;0.0;0.9619645476341248;0.0;2.403604411345348;0.40154782656644117;0.5984521734335588
1730780681.7104504;/app/bags/user95_2017-02-24.bag;0.834065854549408;0.0;0.9619645476341248;0.0;2.403604411345348;0.40154782656644117;0.5984521734335588
1730780681.910427;/app/bags/user95_2017-02-24.bag;0.834065854549408;0.0;0.9619645476341248;0.0;2.403604411345348;0.40154782656644117;0.5984521734335588
1730780682.110391;/app/bags/user95_2017-02-24.bag;0.834065854549408;0.0;0.9619645476341248;0.0;2.403604411345348;0.40154782656644117;0.5984521734335588
1730780682.3104138;/app/bags/user95_2017-02-24.bag;0.834065854549408;0.0;0.9619645476341248;0.0;2.403604411345348;0.40154782656644117;0.5984521734335588
1730780682.510394;/app/bags/user95_2017-02-24.bag;0.834065854549408;0.0;0.9619645476341248;0.0;2.403604411345348;0.40154782656644117;0.5984521734335588
1730780682.7103932;/app/bags/user95_2017-02-24.bag;0.834065854549408;0.0;0.9619645476341248;0.0;2.403604411345348;0.40154782656644117;0.5984521734335588
1730780682.910372;/app/bags/user95_2017-02-24.bag;0.834065854549408;0.0;0.9619645476341248;0.0;2.403604411345348;0.40154782656644117;0.5984521734335588
1730780683.1104095;/app/bags/user95_2017-02-24.bag;0.834065854549408;0.0;0.9619645476341248;0.0;2.403604411345348;0.40154782656644117;0.5984521734335588
1730780683.3104186;/app/bags/user95_2017-02-24.bag;0.834065854549408;0.0;0.9619645476341248;0.0;2.403604411345348;0.40154782656644117;0.5984521734335588
1730780683.5103917;/app/bags/user95_2017-02-24.bag;0.834065854549408;0.0;0.9619645476341248;0.0;2.403604411345348;0.40154782656644117;0.5984521734335588
1730780683.710403;/app/bags/user95_2017-02-24.bag;0.834065854549408;0.0;0.9619645476341248;0.0;2.403604411345348;0.40154782656644117;0.5984521734335588
1730780683.9103858;/app/bags/user95_2017-02-24.bag;0.834065854549408;0.0;0.9619645476341248;0.0;2.403604411345348;0.40154782656644117;0.5984521734335588
1730780684.1103895;/app/bags/user95_2017-02-24.bag;0.834065854549408;0.0;0.9619645476341248;0.0;2.403604411345348;0.40154782656644117;0.5984521734335588
1730780684.3104079;/app/bags/user95_2017-02-24.bag;0.834065854549408;0.0;0.9619645476341248;0.0;2.403604411345348;0.40154782656644117;0.5984521734335588
1730780684.510452;/app/bags/user95_2017-02-24.bag;0.834065854549408;0.0;0.9619645476341248;0.0;2.403604411345348;0.40154782656644117;0.5984521734335588
1730780684.71038;/app/bags/user95_2017-02-24.bag;0.834065854549408;0.0;0.9619645476341248;0.0;2.403604411345348;0.40154782656644117;0.5984521734335588
1730780684.910466;/app/bags/user95_2017-02-24.bag;0.834065854549408;0.0;0.9619645476341248;0.0;2.403604411345348;0.40154782656644117;0.5984521734335588
1730780685.1104732;/app/bags/user95_2017-02-24.bag;0.834065854549408;0.0;0.9619645476341248;0.0;2.403604411345348;0.40154782656644117;0.5984521734335588
1730780685.3103893;/app/bags/user95_2017-02-24.bag;0.834065854549408;0.0;0.9619645476341248;0.0;2.403604411345348;0.40154782656644117;0.5984521734335588
1730780685.510414;/app/bags/user95_2017-02-24.bag;0.834065854549408;0.0;0.9619645476341248;0.0;2.403604411345348;0.40154782656644117;0.5984521734335588
1730780685.7104323;/app/bags/user95_2017-02-24.bag;0.834065854549408;0.0;0.9619645476341248;0.0;2.403604411345348;0.40154782656644117;0.5984521734335588
1730780685.9103994;/app/bags/user95_2017-02-24.bag;0.834065854549408;0.0;0.9619645476341248;0.0;2.403604411345348;0.40154782656644117;0.5984521734335588
1730780686.1103861;/app/bags/user95_2017-02-24.bag;0.834065854549408;0.0;0.9619645476341248;0.0;2.403604411345348;0.40154782656644117;0.5984521734335588
1730780686.3104472;/app/bags/user95_2017-02-24.bag;0.834065854549408;0.0;0.9619645476341248;0.0;2.403604411345348;0.40154782656644117;0.5984521734335588
1730780686.5104284;/app/bags/user95_2017-02-24.bag;0.834065854549408;0.0;0.9619645476341248;0.0;2.403604411345348;0.40154782656644117;0.5984521734335588
1730780686.7104092;/app/bags/user95_2017-02-24.bag;0.834065854549408;0.0;0.9619645476341248;0.0;2.403604411345348;0.40154782656644117;0.5984521734335588
1730780686.9104009;/app/bags/user95_2017-02-24.bag;0.834065854549408;0.0;0.9619645476341248;0.0;2.403604411345348;0.40154782656644117;0.5984521734335588
1730780687.1104052;/app/bags/user95_2017-02-24.bag;0.834065854549408;0.0;0.9619645476341248;0.0;2.403604411345348;0.40154782656644117;0.5984521734335588
1730780687.3104568;/app/bags/user95_2017-02-24.bag;0.834065854549408;0.0;0.9619645476341248;0.0;2.403604411345348;0.40154782656644117;0.5984521734335588
1730780687.5103934;/app/bags/user95_2017-02-24.bag;0.834065854549408;0.0;0.9619645476341248;0.0;2.403604411345348;0.40154782656644117;0.5984521734335588
1730780687.7104583;/app/bags/user95_2017-02-24.bag;0.834065854549408;0.0;0.9619645476341248;0.0;2.403604411345348;0.40154782656644117;0.5984521734335588
1730780687.9104137;/app/bags/user95_2017-02-24.bag;0.834065854549408;0.0;0.9619645476341248;0.0;2.403604411345348;0.40154782656644117;0.5984521734335588
1730780688.1104193;/app/bags/user95_2017-02-24.bag;0.834065854549408;0.0;0.9619645476341248;0.0;2.403604411345348;0.40154782656644117;0.5984521734335588
1730780688.310495;/app/bags/user95_2017-02-24.bag;0.834065854549408;0.0;0.9619645476341248;0.0;2.403604411345348;0.40154782656644117;0.5984521734335588
1730780688.5104403;/app/bags/user95_2017-02-24.bag;0.834065854549408;0.0;0.9619645476341248;0.0;2.403604411345348;0.40154782656644117;0.5984521734335588
1730780688.7103844;/app/bags/user95_2017-02-24.bag;0.834065854549408;0.0;0.9619645476341248;0.0;2.403604411345348;0.40154782656644117;0.5984521734335588
1730780688.9104364;/app/bags/user95_2017-02-24.bag;0.834065854549408;0.0;0.9619645476341248;0.0;2.403604411345348;0.40154782656644117;0.5984521734335588
1730780689.1104088;/app/bags/user95_2017-02-24.bag;0.834065854549408;0.0;0.9619645476341248;0.0;2.403604411345348;0.40154782656644117;0.5984521734335588
1730780689.3103764;/app/bags/user95_2017-02-24.bag;0.834065854549408;0.0;0.9619645476341248;0.0;2.403604411345348;0.40154782656644117;0.5984521734335588
1730780689.5103683;/app/bags/user95_2017-02-24.bag;0.834065854549408;0.0;0.9619645476341248;0.0;2.403604411345348;0.40154782656644117;0.5984521734335588
1730780689.7104442;/app/bags/user95_2017-02-24.bag;0.834065854549408;0.0;0.9619645476341248;0.0;2.403604411345348;0.40154782656644117;0.5984521734335588
1730780689.9104173;/app/bags/user95_2017-02-24.bag;0.834065854549408;0.0;0.9619645476341248;0.0;2.403604411345348;0.40154782656644117;0.5984521734335588
1730780690.110458;/app/bags/user95_2017-02-24.bag;0.834065854549408;0.0;0.9619645476341248;0.0;2.403604411345348;0.40154782656644117;0.5984521734335588
1730780690.3103883;/app/bags/user95_2017-02-24.bag;0.834065854549408;0.0;0.9619645476341248;0.0;2.403604411345348;0.40154782656644117;0.5984521734335588
1730780690.5104322;/app/bags/user95_2017-02-24.bag;0.834065854549408;0.0;0.9619645476341248;0.0;2.403604411345348;0.40154782656644117;0.5984521734335588
1730780690.7103689;/app/bags/user95_2017-02-24.bag;0.834065854549408;0.0;0.9619645476341248;0.0;2.403604411345348;0.40154782656644117;0.5984521734335588
1730780690.9103844;/app/bags/user95_2017-02-24.bag;0.834065854549408;0.0;0.9619645476341248;0.0;2.403604411345348;0.40154782656644117;0.5984521734335588
1730780691.1103702;/app/bags/user95_2017-02-24.bag;0.834065854549408;0.0;0.9619645476341248;0.0;2.403604411345348;0.40154782656644117;0.5984521734335588
1730780691.3103557;/app/bags/user95_2017-02-24.bag;0.834065854549408;0.0;0.9619645476341248;0.0;2.403604411345348;0.40154782656644117;0.5984521734335588
1730780691.510417;/app/bags/user95_2017-02-24.bag;0.834065854549408;0.0;0.9619645476341248;0.0;2.403604411345348;0.40154782656644117;0.5984521734335588
1730780691.710371;/app/bags/user95_2017-02-24.bag;0.834065854549408;0.0;0.9619645476341248;0.0;2.403604411345348;0.40154782656644117;0.5984521734335588
1730780691.910372;/app/bags/user95_2017-02-24.bag;0.834065854549408;0.0;0.9619645476341248;0.0;2.403604411345348;0.40154782656644117;0.5984521734335588
1730780692.1103969;/app/bags/user95_2017-02-24.bag;0.834065854549408;0.0;0.9619645476341248;0.0;2.403604411345348;0.40154782656644117;0.5984521734335588
1730780692.3103788;/app/bags/user95_2017-02-24.bag;0.834065854549408;0.0;0.9619645476341248;0.0;2.403604411345348;0.40154782656644117;0.5984521734335588
1730780692.510343;/app/bags/user95_2017-02-24.bag;0.834065854549408;0.0;0.9619645476341248;0.0;2.403604411345348;0.40154782656644117;0.5984521734335588
1730780692.7103748;/app/bags/user95_2017-02-24.bag;0.834065854549408;0.0;0.9619645476341248;0.0;2.403604411345348;0.40154782656644117;0.5984521734335588
1730780692.9103718;/app/bags/user95_2017-02-24.bag;0.834065854549408;0.0;0.9619645476341248;0.0;2.403604411345348;0.40154782656644117;0.5984521734335588
1730780693.1103625;/app/bags/user95_2017-02-24.bag;0.834065854549408;0.0;0.9619645476341248;0.0;2.403604411345348;0.40154782656644117;0.5984521734335588
1730780693.3103979;/app/bags/user95_2017-02-24.bag;0.834065854549408;0.0;0.9619645476341248;0.0;2.403604411345348;0.40154782656644117;0.5984521734335588
1730780693.5103776;/app/bags/user95_2017-02-24.bag;0.834065854549408;0.0;0.9619645476341248;0.0;2.403604411345348;0.40154782656644117;0.5984521734335588
1730780693.710404;/app/bags/user95_2017-02-24.bag;0.834065854549408;0.0;0.9619645476341248;0.0;2.403604411345348;0.40154782656644117;0.5984521734335588
1730780693.910369;/app/bags/user95_2017-02-24.bag;0.834065854549408;0.0;0.9619645476341248;0.0;2.403604411345348;0.40154782656644117;0.5984521734335588
1730780694.1104143;/app/bags/user95_2017-02-24.bag;0.834065854549408;0.0;0.9619645476341248;0.0;2.403604411345348;0.40154782656644117;0.5984521734335588
1730780694.3103557;/app/bags/user95_2017-02-24.bag;0.834065854549408;0.0;0.9619645476341248;0.0;2.403604411345348;0.40154782656644117;0.5984521734335588
1730780694.5103498;/app/bags/user95_2017-02-24.bag;0.834065854549408;0.0;0.9619645476341248;0.0;2.403604411345348;0.40154782656644117;0.5984521734335588
1730780694.7103887;/app/bags/user95_2017-02-24.bag;0.834065854549408;0.0;0.9619645476341248;0.0;2.403604411345348;0.40154782656644117;0.5984521734335588
1730780694.9104042;/app/bags/user95_2017-02-24.bag;0.834065854549408;0.0;0.9619645476341248;0.0;2.403604411345348;0.40154782656644117;0.5984521734335588
1730780695.1103969;/app/bags/user95_2017-02-24.bag;0.834065854549408;0.0;0.9619645476341248;0.0;2.403604411345348;0.40154782656644117;0.5984521734335588
1730780695.3104024;/app/bags/user95_2017-02-24.bag;0.834065854549408;0.0;0.9619645476341248;0.0;2.403604411345348;0.40154782656644117;0.5984521734335588
1730780695.510412;/app/bags/user95_2017-02-24.bag;0.834065854549408;0.0;0.9619645476341248;0.0;2.403604411345348;0.40154782656644117;0.5984521734335588
1730780695.7104461;/app/bags/user95_2017-02-24.bag;0.834065854549408;0.0;0.9619645476341248;0.0;2.403604411345348;0.40154782656644117;0.5984521734335588
1730780695.9103777;/app/bags/user95_2017-02-24.bag;0.834065854549408;0.0;0.9619645476341248;0.0;2.403604411345348;0.40154782656644117;0.5984521734335588
1730780696.1103766;/app/bags/user95_2017-02-24.bag;0.834065854549408;0.0;0.9619645476341248;0.0;2.403604411345348;0.40154782656644117;0.5984521734335588
1730780696.3104386;/app/bags/user95_2017-02-24.bag;0.834065854549408;0.0;0.9619645476341248;0.0;2.403604411345348;0.40154782656644117;0.5984521734335588
1730780696.5103962;/app/bags/user95_2017-02-24.bag;0.834065854549408;0.0;0.9619645476341248;0.0;2.403604411345348;0.40154782656644117;0.5984521734335588
1730780696.7103813;/app/bags/user95_2017-02-24.bag;0.834065854549408;0.0;0.9619645476341248;0.0;2.403604411345348;0.40154782656644117;0.5984521734335588
1730780696.9103875;/app/bags/user95_2017-02-24.bag;0.834065854549408;0.0;0.9619645476341248;0.0;2.403604411345348;0.40154782656644117;0.5984521734335588
1730780697.110407;/app/bags/user95_2017-02-24.bag;0.834065854549408;0.0;0.9619645476341248;0.0;2.403604411345348;0.40154782656644117;0.5984521734335588
1730780697.3103633;/app/bags/user95_2017-02-24.bag;0.834065854549408;0.0;0.9619645476341248;0.0;2.403604411345348;0.40154782656644117;0.5984521734335588
1730780697.510366;/app/bags/user95_2017-02-24.bag;0.834065854549408;0.0;0.9619645476341248;0.0;2.403604411345348;0.40154782656644117;0.5984521734335588
1730780697.7104902;/app/bags/user95_2017-02-24.bag;0.834065854549408;0.0;0.9619645476341248;0.0;2.403604411345348;0.40154782656644117;0.5984521734335588
1730780697.9103384;/app/bags/user95_2017-02-24.bag;0.834065854549408;0.0;0.9619645476341248;0.0;2.403604411345348;0.40154782656644117;0.5984521734335588
1730780698.1103613;/app/bags/user95_2017-02-24.bag;0.834065854549408;0.0;0.9619645476341248;0.0;2.403604411345348;0.40154782656644117;0.5984521734335588
1730780698.3106072;/app/bags/user95_2017-02-24.bag;0.834065854549408;0.0;0.9619645476341248;0.0;2.403604411345348;0.40154782656644117;0.5984521734335588
1730780698.510386;/app/bags/user95_2017-02-24.bag;0.834065854549408;0.0;0.9619645476341248;0.0;2.403604411345348;0.40154782656644117;0.5984521734335588
1730780698.7103863;/app/bags/user95_2017-02-24.bag;0.834065854549408;0.0;0.9619645476341248;0.0;2.403604411345348;0.40154782656644117;0.5984521734335588
1730780698.910673;/app/bags/user95_2017-02-24.bag;0.834065854549408;0.0;0.9619645476341248;0.0;2.403604411345348;0.40154782656644117;0.5984521734335588
1730780699.110378;/app/bags/user95_2017-02-24.bag;0.834065854549408;0.0;0.9619645476341248;0.0;2.403604411345348;0.40154782656644117;0.5984521734335588
1730780699.3103888;/app/bags/user95_2017-02-24.bag;0.834065854549408;0.0;0.9619645476341248;0.0;2.403604411345348;0.40154782656644117;0.5984521734335588
1730780699.5103953;/app/bags/user95_2017-02-24.bag;0.834065854549408;0.0;0.9619645476341248;0.0;2.403604411345348;0.40154782656644117;0.5984521734335588
1730780699.7104008;/app/bags/user95_2017-02-24.bag;0.834065854549408;0.0;0.9619645476341248;0.0;2.403604411345348;0.40154782656644117;0.5984521734335588
1730780699.9103572;/app/bags/user95_2017-02-24.bag;0.834065854549408;0.0;0.9619645476341248;0.0;2.403604411345348;0.40154782656644117;0.5984521734335588
1730780700.1103916;/app/bags/user95_2017-02-24.bag;0.834065854549408;0.0;0.9619645476341248;0.0;2.403604411345348;0.40154782656644117;0.5984521734335588
1730780700.3103971;/app/bags/user95_2017-02-24.bag;0.834065854549408;0.0;0.9619645476341248;0.0;2.403604411345348;0.40154782656644117;0.5984521734335588
1730780700.5103812;/app/bags/user95_2017-02-24.bag;0.834065854549408;0.0;0.9619645476341248;0.0;2.403604411345348;0.40154782656644117;0.5984521734335588
1730780700.710371;/app/bags/user95_2017-02-24.bag;0.834065854549408;0.0;0.9619645476341248;0.0;2.403604411345348;0.40154782656644117;0.5984521734335588
1730780700.9103618;/app/bags/user95_2017-02-24.bag;0.834065854549408;0.0;0.9619645476341248;0.0;2.403604411345348;0.40154782656644117;0.5984521734335588
1730780701.1104145;/app/bags/user95_2017-02-24.bag;0.834065854549408;0.0;0.9619645476341248;0.0;2.403604411345348;0.40154782656644117;0.5984521734335588
1730780701.3104355;/app/bags/user95_2017-02-24.bag;0.834065854549408;0.0;0.9619645476341248;0.0;2.403604411345348;0.40154782656644117;0.5984521734335588
1730780701.5104473;/app/bags/user95_2017-02-24.bag;0.834065854549408;0.0;0.9619645476341248;0.0;2.403604411345348;0.40154782656644117;0.5984521734335588
1730780701.7103786;/app/bags/user95_2017-02-24.bag;0.834065854549408;0.0;0.9619645476341248;0.0;2.403604411345348;0.40154782656644117;0.5984521734335588
1730780701.9103775;/app/bags/user95_2017-02-24.bag;0.834065854549408;0.0;0.9619645476341248;0.0;2.403604411345348;0.40154782656644117;0.5984521734335588
1730780702.1103742;/app/bags/user95_2017-02-24.bag;0.834065854549408;0.0;0.9619645476341248;0.0;2.403604411345348;0.40154782656644117;0.5984521734335588
1730780702.3103788;/app/bags/user95_2017-02-24.bag;0.834065854549408;0.0;0.9619645476341248;0.0;2.403604411345348;0.40154782656644117;0.5984521734335588
1730780702.5104623;/app/bags/user95_2017-02-24.bag;0.834065854549408;0.0;0.9619645476341248;0.0;2.403604411345348;0.40154782656644117;0.5984521734335588
1730780702.7103927;/app/bags/user95_2017-02-24.bag;0.834065854549408;0.0;0.9619645476341248;0.0;2.403604411345348;0.40154782656644117;0.5984521734335588
1730780702.9103847;/app/bags/user95_2017-02-24.bag;0.834065854549408;0.0;0.9619645476341248;0.0;2.403604411345348;0.40154782656644117;0.5984521734335588
1730780703.1103637;/app/bags/user95_2017-02-24.bag;0.834065854549408;0.0;0.9619645476341248;0.0;2.403604411345348;0.40154782656644117;0.5984521734335588
1730780703.310406;/app/bags/user95_2017-02-24.bag;0.834065854549408;0.0;0.9619645476341248;0.0;2.403604411345348;0.40154782656644117;0.5984521734335588
1730780703.510456;/app/bags/user95_2017-02-24.bag;0.834065854549408;0.0;0.9619645476341248;0.0;2.403604411345348;0.40154782656644117;0.5984521734335588
1730780703.7104013;/app/bags/user95_2017-02-24.bag;0.834065854549408;0.0;0.9619645476341248;0.0;2.403604411345348;0.40154782656644117;0.5984521734335588
1730780703.9103932;/app/bags/user95_2017-02-24.bag;0.834065854549408;0.0;0.9619645476341248;0.0;2.403604411345348;0.40154782656644117;0.5984521734335588
1730780704.1104822;/app/bags/user95_2017-02-24.bag;0.834065854549408;0.0;0.9619645476341248;0.0;2.403604411345348;0.40154782656644117;0.5984521734335588
1730780704.3103788;/app/bags/user95_2017-02-24.bag;0.834065854549408;0.0;0.9619645476341248;0.0;2.403604411345348;0.40154782656644117;0.5984521734335588
1730780704.5103838;/app/bags/user95_2017-02-24.bag;0.834065854549408;0.0;0.9619645476341248;0.0;2.403604411345348;0.40154782656644117;0.5984521734335588
1730780704.7103753;/app/bags/user95_2017-02-24.bag;0.834065854549408;0.0;0.9619645476341248;0.0;2.403604411345348;0.40154782656644117;0.5984521734335588
1730780704.9103968;/app/bags/user95_2017-02-24.bag;0.834065854549408;0.0;0.9619645476341248;0.0;2.403604411345348;0.40154782656644117;0.5984521734335588
1730780705.1103551;/app/bags/user95_2017-02-24.bag;0.834065854549408;0.0;0.9619645476341248;0.0;2.403604411345348;0.40154782656644117;0.5984521734335588
1730780705.3103747;/app/bags/user95_2017-02-24.bag;0.834065854549408;0.0;0.9619645476341248;0.0;2.403604411345348;0.40154782656644117;0.5984521734335588
1730780705.5104108;/app/bags/user95_2017-02-24.bag;0.834065854549408;0.0;0.9619645476341248;0.0;2.403604411345348;0.40154782656644117;0.5984521734335588
1730780705.710383;/app/bags/user95_2017-02-24.bag;0.834065854549408;0.0;0.9619645476341248;0.0;2.403604411345348;0.40154782656644117;0.5984521734335588
1730780705.910434;/app/bags/user95_2017-02-24.bag;0.834065854549408;0.0;0.9619645476341248;0.0;2.403604411345348;0.40154782656644117;0.5984521734335588
1730780706.1103914;/app/bags/user95_2017-02-24.bag;0.834065854549408;0.0;0.9619645476341248;0.0;2.403604411345348;0.40154782656644117;0.5984521734335588
1730780706.3103814;/app/bags/user95_2017-02-24.bag;0.834065854549408;0.0;0.9619645476341248;0.0;2.403604411345348;0.40154782656644117;0.5984521734335588
1730780706.5104125;/app/bags/user95_2017-02-24.bag;0.834065854549408;0.0;0.9619645476341248;0.0;2.403604411345348;0.40154782656644117;0.5984521734335588
1730780706.71037;/app/bags/user95_2017-02-24.bag;0.834065854549408;0.0;0.9619645476341248;0.0;2.403604411345348;0.40154782656644117;0.5984521734335588
1730780706.9104;/app/bags/user95_2017-02-24.bag;0.834065854549408;0.0;0.9619645476341248;0.0;2.403604411345348;0.40154782656644117;0.5984521734335588
1730780707.1103878;/app/bags/user95_2017-02-24.bag;0.834065854549408;0.0;0.9619645476341248;0.0;2.403604411345348;0.40154782656644117;0.5984521734335588
1730780707.310377;/app/bags/user95_2017-02-24.bag;0.834065854549408;0.0;0.9619645476341248;0.0;2.403604411345348;0.40154782656644117;0.5984521734335588
1730780707.5104177;/app/bags/user95_2017-02-24.bag;0.834065854549408;0.0;0.9619645476341248;0.0;2.403604411345348;0.40154782656644117;0.5984521734335588
1730780707.7103853;/app/bags/user95_2017-02-24.bag;0.834065854549408;0.0;0.9619645476341248;0.0;2.403604411345348;0.40154782656644117;0.5984521734335588
1730780707.9103851;/app/bags/user95_2017-02-24.bag;0.834065854549408;0.0;0.9619645476341248;0.0;2.403604411345348;0.40154782656644117;0.5984521734335588
1730780708.1103866;/app/bags/user95_2017-02-24.bag;0.834065854549408;0.0;0.9619645476341248;0.0;2.403604411345348;0.40154782656644117;0.5984521734335588
1730780708.3103857;/app/bags/user95_2017-02-24.bag;0.834065854549408;0.0;0.9619645476341248;0.0;2.403604411345348;0.40154782656644117;0.5984521734335588
1730780708.5103507;/app/bags/user95_2017-02-24.bag;0.834065854549408;0.0;0.9619645476341248;0.0;2.403604411345348;0.40154782656644117;0.5984521734335588
1730780708.7105372;/app/bags/user95_2017-02-24.bag;0.834065854549408;0.0;0.9619645476341248;0.0;2.403604411345348;0.40154782656644117;0.5984521734335588
1730780708.9103725;/app/bags/user95_2017-02-24.bag;0.834065854549408;0.0;0.9619645476341248;0.0;2.403604411345348;0.40154782656644117;0.5984521734335588
1730780709.1103954;/app/bags/user95_2017-02-24.bag;0.834065854549408;0.0;0.9619645476341248;0.0;2.403604411345348;0.40154782656644117;0.5984521734335588
1730780709.3104372;/app/bags/user95_2017-02-24.bag;0.834065854549408;0.0;0.9619645476341248;0.0;2.403604411345348;0.40154782656644117;0.5984521734335588
1730780709.5104187;/app/bags/user95_2017-02-24.bag;0.834065854549408;0.0;0.9619645476341248;0.0;2.403604411345348;0.40154782656644117;0.5984521734335588
1730780709.710386;/app/bags/user95_2017-02-24.bag;0.834065854549408;0.0;0.9619645476341248;0.0;2.403604411345348;0.40154782656644117;0.5984521734335588
1730780709.9103942;/app/bags/user95_2017-02-24.bag;0.834065854549408;0.0;0.9619645476341248;0.0;2.403604411345348;0.40154782656644117;0.5984521734335588
1730780710.1104329;/app/bags/user95_2017-02-24.bag;0.834065854549408;0.0;0.9619645476341248;0.0;2.403604411345348;0.40154782656644117;0.5984521734335588
1730780710.310449;/app/bags/user95_2017-02-24.bag;0.834065854549408;0.0;0.9619645476341248;0.0;2.403604411345348;0.40154782656644117;0.5984521734335588
1730780710.5103962;/app/bags/user95_2017-02-24.bag;0.834065854549408;0.0;0.9619645476341248;0.0;2.403604411345348;0.40154782656644117;0.5984521734335588
1730780710.7103796;/app/bags/user95_2017-02-24.bag;0.834065854549408;0.0;0.9619645476341248;0.0;2.403604411345348;0.40154782656644117;0.5984521734335588
1730780710.9103591;/app/bags/user95_2017-02-24.bag;0.834065854549408;0.0;0.9619645476341248;0.0;2.403604411345348;0.40154782656644117;0.5984521734335588
1730780711.1103928;/app/bags/user95_2017-02-24.bag;0.834065854549408;0.0;0.9619645476341248;0.0;2.403604411345348;0.40154782656644117;0.5984521734335588
1730780711.3103857;/app/bags/user95_2017-02-24.bag;0.834065854549408;0.0;0.9619645476341248;0.0;2.403604411345348;0.40154782656644117;0.5984521734335588
1730780711.510373;/app/bags/user95_2017-02-24.bag;0.834065854549408;0.0;0.9619645476341248;0.0;2.403604411345348;0.40154782656644117;0.5984521734335588
1730780711.7103882;/app/bags/user95_2017-02-24.bag;0.834065854549408;0.0;0.9619645476341248;0.0;2.403604411345348;0.40154782656644117;0.5984521734335588
1730780711.9103587;/app/bags/user95_2017-02-24.bag;0.834065854549408;0.0;0.9619645476341248;0.0;2.403604411345348;0.40154782656644117;0.5984521734335588
1730780712.1103828;/app/bags/user95_2017-02-24.bag;0.834065854549408;0.0;0.9619645476341248;0.0;2.403604411345348;0.40154782656644117;0.5984521734335588
1730780712.3103733;/app/bags/user95_2017-02-24.bag;0.834065854549408;0.0;0.9619645476341248;0.0;2.403604411345348;0.40154782656644117;0.5984521734335588
1730780712.5103674;/app/bags/user95_2017-02-24.bag;0.834065854549408;0.0;0.9619645476341248;0.0;2.403604411345348;0.40154782656644117;0.5984521734335588
1730780712.7103622;/app/bags/user95_2017-02-24.bag;0.834065854549408;0.0;0.9619645476341248;0.0;2.403604411345348;0.40154782656644117;0.5984521734335588
1730780712.9104445;/app/bags/user95_2017-02-24.bag;0.834065854549408;0.0;0.9619645476341248;0.0;2.403604411345348;0.40154782656644117;0.5984521734335588
1730780713.110397;/app/bags/user95_2017-02-24.bag;0.834065854549408;0.0;0.9619645476341248;0.0;2.403604411345348;0.40154782656644117;0.5984521734335588
1730780713.31041;/app/bags/user95_2017-02-24.bag;0.834065854549408;0.0;0.9619645476341248;0.0;2.403604411345348;0.40154782656644117;0.5984521734335588
1730780713.510505;/app/bags/user95_2017-02-24.bag;0.834065854549408;0.0;0.9619645476341248;0.0;2.403604411345348;0.40154782656644117;0.5984521734335588
1730780713.7104034;/app/bags/user95_2017-02-24.bag;0.834065854549408;0.0;0.9619645476341248;0.0;2.403604411345348;0.40154782656644117;0.5984521734335588
1730780713.9103854;/app/bags/user95_2017-02-24.bag;0.834065854549408;0.0;0.9619645476341248;0.0;2.403604411345348;0.40154782656644117;0.5984521734335588
1730780714.110445;/app/bags/user95_2017-02-24.bag;0.834065854549408;0.0;0.9619645476341248;0.0;2.403604411345348;0.40154782656644117;0.5984521734335588
1730780714.3103385;/app/bags/user95_2017-02-24.bag;0.834065854549408;0.0;0.9619645476341248;0.0;2.403604411345348;0.40154782656644117;0.5984521734335588
1730780714.51049;/app/bags/user95_2017-02-24.bag;0.834065854549408;0.0;0.9619645476341248;0.0;2.403604411345348;0.40154782656644117;0.5984521734335588
1730780714.7103832;/app/bags/user95_2017-02-24.bag;0.834065854549408;0.0;0.9619645476341248;0.0;2.403604411345348;0.40154782656644117;0.5984521734335588
1730780714.9103994;/app/bags/user95_2017-02-24.bag;0.834065854549408;0.0;0.9619645476341248;0.0;2.403604411345348;0.40154782656644117;0.5984521734335588
1730780715.1103868;/app/bags/user95_2017-02-24.bag;0.834065854549408;0.0;0.9619645476341248;0.0;2.403604411345348;0.40154782656644117;0.5984521734335588
1730780715.3103898;/app/bags/user95_2017-02-24.bag;0.834065854549408;0.0;0.9619645476341248;0.0;2.403604411345348;0.40154782656644117;0.5984521734335588
1730780715.5103908;/app/bags/user95_2017-02-24.bag;0.834065854549408;0.0;0.9619645476341248;0.0;2.403604411345348;0.40154782656644117;0.5984521734335588
1730780715.7103856;/app/bags/user95_2017-02-24.bag;0.834065854549408;0.0;0.9619645476341248;0.0;2.403604411345348;0.40154782656644117;0.5984521734335588
1730780715.9103937;/app/bags/user95_2017-02-24.bag;0.834065854549408;0.0;0.9619645476341248;0.0;2.403604411345348;0.40154782656644117;0.5984521734335588
1730780716.1103714;/app/bags/user95_2017-02-24.bag;0.834065854549408;0.0;0.9619645476341248;0.0;2.403604411345348;0.40154782656644117;0.5984521734335588
1730780716.3103514;/app/bags/user95_2017-02-24.bag;0.834065854549408;0.0;0.9619645476341248;0.0;2.403604411345348;0.40154782656644117;0.5984521734335588
1730780716.5103803;/app/bags/user95_2017-02-24.bag;0.834065854549408;0.0;0.9619645476341248;0.0;2.403604411345348;0.40154782656644117;0.5984521734335588
1730780716.7103853;/app/bags/user95_2017-02-24.bag;0.834065854549408;0.0;0.9619645476341248;0.0;2.403604411345348;0.40154782656644117;0.5984521734335588
1730780716.910417;/app/bags/user95_2017-02-24.bag;0.834065854549408;0.0;0.9619645476341248;0.0;2.403604411345348;0.40154782656644117;0.5984521734335588
1730780717.1103666;/app/bags/user95_2017-02-24.bag;0.834065854549408;0.0;0.9619645476341248;0.0;2.403604411345348;0.40154782656644117;0.5984521734335588
1730780717.3103862;/app/bags/user95_2017-02-24.bag;0.834065854549408;0.0;0.9619645476341248;0.0;2.403604411345348;0.40154782656644117;0.5984521734335588
1730780717.5103657;/app/bags/user95_2017-02-24.bag;0.834065854549408;0.0;0.9619645476341248;0.0;2.403604411345348;0.40154782656644117;0.5984521734335588
1730780717.710473;/app/bags/user95_2017-02-24.bag;0.834065854549408;0.0;0.9619645476341248;0.0;2.403604411345348;0.40154782656644117;0.5984521734335588
1730780717.9103954;/app/bags/user95_2017-02-24.bag;0.834065854549408;0.0;0.9619645476341248;0.0;2.403604411345348;0.40154782656644117;0.5984521734335588
1730780718.1104062;/app/bags/user95_2017-02-24.bag;0.834065854549408;0.0;0.9619645476341248;0.0;2.403604411345348;0.40154782656644117;0.5984521734335588
1730780718.3104653;/app/bags/user95_2017-02-24.bag;0.834065854549408;0.0;0.9619645476341248;0.0;2.403604411345348;0.40154782656644117;0.5984521734335588
1730780718.5104403;/app/bags/user95_2017-02-24.bag;0.834065854549408;0.0;0.9619645476341248;0.0;2.403604411345348;0.40154782656644117;0.5984521734335588
1730780718.7103806;/app/bags/user95_2017-02-24.bag;0.834065854549408;0.0;0.9619645476341248;0.0;2.403604411345348;0.40154782656644117;0.5984521734335588
1730780718.9104226;/app/bags/user95_2017-02-24.bag;0.834065854549408;0.0;0.9619645476341248;0.0;2.403604411345348;0.40154782656644117;0.5984521734335588
1730780719.1103754;/app/bags/user95_2017-02-24.bag;0.834065854549408;0.0;0.9619645476341248;0.0;2.403604411345348;0.40154782656644117;0.5984521734335588
1730780719.3104224;/app/bags/user95_2017-02-24.bag;0.834065854549408;0.0;0.9619645476341248;0.0;2.403604411345348;0.40154782656644117;0.5984521734335588
1730780719.510388;/app/bags/user95_2017-02-24.bag;0.834065854549408;0.0;0.9619645476341248;0.0;2.403604411345348;0.40154782656644117;0.5984521734335588
1730780719.710375;/app/bags/user95_2017-02-24.bag;0.834065854549408;0.0;0.9619645476341248;0.0;2.403604411345348;0.40154782656644117;0.5984521734335588
1730780719.9103825;/app/bags/user95_2017-02-24.bag;0.834065854549408;0.0;0.9619645476341248;0.0;2.403604411345348;0.40154782656644117;0.5984521734335588
1730780720.1103866;/app/bags/user95_2017-02-24.bag;0.834065854549408;0.0;0.9619645476341248;0.0;2.403604411345348;0.40154782656644117;0.5984521734335588
1730780720.3104439;/app/bags/user95_2017-02-24.bag;0.834065854549408;0.0;0.9619645476341248;0.0;2.403604411345348;0.40154782656644117;0.5984521734335588
1730780720.5104032;/app/bags/user95_2017-02-24.bag;0.834065854549408;0.0;0.9619645476341248;0.0;2.403604411345348;0.40154782656644117;0.5984521734335588
1730780720.710422;/app/bags/user95_2017-02-24.bag;0.834065854549408;0.0;0.9619645476341248;0.0;2.403604411345348;0.40154782656644117;0.5984521734335588
1730780720.9103768;/app/bags/user95_2017-02-24.bag;0.834065854549408;0.0;0.9619645476341248;0.0;2.403604411345348;0.40154782656644117;0.5984521734335588
1730780721.1105125;/app/bags/user95_2017-02-24.bag;0.834065854549408;0.0;0.9619645476341248;0.0;2.403604411345348;0.40154782656644117;0.5984521734335588
1730780721.310468;/app/bags/user95_2017-02-24.bag;0.834065854549408;0.0;0.9619645476341248;0.0;2.403604411345348;0.40154782656644117;0.5984521734335588
1730780721.5104203;/app/bags/user95_2017-02-24.bag;0.834065854549408;0.0;0.9619645476341248;0.0;2.403604411345348;0.40154782656644117;0.5984521734335588
1730780721.7104037;/app/bags/user95_2017-02-24.bag;0.834065854549408;0.0;0.9619645476341248;0.0;2.403604411345348;0.40154782656644117;0.5984521734335588
1730780721.910408;/app/bags/user95_2017-02-24.bag;0.834065854549408;0.0;0.9619645476341248;0.0;2.403604411345348;0.40154782656644117;0.5984521734335588
1730780722.1103868;/app/bags/user95_2017-02-24.bag;0.834065854549408;0.0;0.9619645476341248;0.0;2.403604411345348;0.40154782656644117;0.5984521734335588
1730780722.3104987;/app/bags/user95_2017-02-24.bag;0.834065854549408;0.0;0.9619645476341248;0.0;2.403604411345348;0.40154782656644117;0.5984521734335588
1730780722.5103943;/app/bags/user95_2017-02-24.bag;0.834065854549408;0.0;0.9619645476341248;0.0;2.403604411345348;0.40154782656644117;0.5984521734335588
1730780722.7111669;/app/bags/user95_2017-02-24.bag;0.834065854549408;0.0;0.9619645476341248;0.0;2.403604411345348;0.40154782656644117;0.5984521734335588
1730780722.9103825;/app/bags/user95_2017-02-24.bag;0.834065854549408;0.0;0.9619645476341248;0.0;2.403604411345348;0.40154782656644117;0.5984521734335588
1730780723.1103783;/app/bags/user95_2017-02-24.bag;0.834065854549408;0.0;0.9619645476341248;0.0;2.403604411345348;0.40154782656644117;0.5984521734335588
1730780723.3104386;/app/bags/user95_2017-02-24.bag;0.834065854549408;0.0;0.9619645476341248;0.0;2.403604411345348;0.40154782656644117;0.5984521734335588
1730780723.510485;/app/bags/user95_2017-02-24.bag;0.834065854549408;0.0;0.9619645476341248;0.0;2.403604411345348;0.40154782656644117;0.5984521734335588
1730780723.7104237;/app/bags/user95_2017-02-24.bag;0.834065854549408;0.0;0.9619645476341248;0.0;2.403604411345348;0.40154782656644117;0.5984521734335588
1730780723.9103773;/app/bags/user95_2017-02-24.bag;0.834065854549408;0.0;0.9619645476341248;0.0;2.403604411345348;0.40154782656644117;0.5984521734335588
1730780724.1104283;/app/bags/user95_2017-02-24.bag;0.834065854549408;0.0;0.9619645476341248;0.0;2.403604411345348;0.40154782656644117;0.5984521734335588
1730780724.3104272;/app/bags/user95_2017-02-24.bag;0.834065854549408;0.0;0.9619645476341248;0.0;2.403604411345348;0.40154782656644117;0.5984521734335588
1730780724.5103924;/app/bags/user95_2017-02-24.bag;0.834065854549408;0.0;0.9619645476341248;0.0;2.403604411345348;0.40154782656644117;0.5984521734335588
1730780724.7104247;/app/bags/user95_2017-02-24.bag;0.834065854549408;0.0;0.9619645476341248;0.0;2.403604411345348;0.40154782656644117;0.5984521734335588
1730780724.910372;/app/bags/user95_2017-02-24.bag;0.834065854549408;0.0;0.9619645476341248;0.0;2.403604411345348;0.40154782656644117;0.5984521734335588
1730780725.1104245;/app/bags/user95_2017-02-24.bag;0.834065854549408;0.0;0.9619645476341248;0.0;2.403604411345348;0.40154782656644117;0.5984521734335588
1730780725.3104293;/app/bags/user95_2017-02-24.bag;0.834065854549408;0.0;0.9619645476341248;0.0;2.403604411345348;0.40154782656644117;0.5984521734335588
1730780725.5104141;/app/bags/user95_2017-02-24.bag;0.834065854549408;0.0;0.9619645476341248;0.0;2.403604411345348;0.40154782656644117;0.5984521734335588
1730780725.7104058;/app/bags/user95_2017-02-24.bag;0.834065854549408;0.0;0.9619645476341248;0.0;2.403604411345348;0.40154782656644117;0.5984521734335588
1730780725.910413;/app/bags/user95_2017-02-24.bag;0.834065854549408;0.0;0.9619645476341248;0.0;2.403604411345348;0.40154782656644117;0.5984521734335588
1730780726.1103587;/app/bags/user95_2017-02-24.bag;0.834065854549408;0.0;0.9619645476341248;0.0;2.403604411345348;0.40154782656644117;0.5984521734335588
1730780726.310478;/app/bags/user95_2017-02-24.bag;0.834065854549408;0.0;0.9619645476341248;0.0;2.403604411345348;0.40154782656644117;0.5984521734335588
1730780726.5103915;/app/bags/user95_2017-02-24.bag;0.834065854549408;0.0;0.9619645476341248;0.0;2.403604411345348;0.40154782656644117;0.5984521734335588
1730780726.7104034;/app/bags/user95_2017-02-24.bag;0.834065854549408;0.0;0.9619645476341248;0.0;2.403604411345348;0.40154782656644117;0.5984521734335588
1730780726.9103875;/app/bags/user95_2017-02-24.bag;0.834065854549408;0.0;0.9619645476341248;0.0;2.403604411345348;0.40154782656644117;0.5984521734335588
1730780727.110378;/app/bags/user95_2017-02-24.bag;0.834065854549408;0.0;0.9619645476341248;0.0;2.403604411345348;0.40154782656644117;0.5984521734335588
1730780727.3103976;/app/bags/user95_2017-02-24.bag;0.834065854549408;0.0;0.9619645476341248;0.0;2.403604411345348;0.40154782656644117;0.5984521734335588
1730780727.510389;/app/bags/user95_2017-02-24.bag;0.834065854549408;0.0;0.9619645476341248;0.0;2.403604411345348;0.40154782656644117;0.5984521734335588
1730780727.7103896;/app/bags/user95_2017-02-24.bag;0.834065854549408;0.0;0.9619645476341248;0.0;2.403604411345348;0.40154782656644117;0.5984521734335588
1730780727.9103894;/app/bags/user95_2017-02-24.bag;0.834065854549408;0.0;0.9619645476341248;0.0;2.403604411345348;0.40154782656644117;0.5984521734335588
1730780728.110458;/app/bags/user95_2017-02-24.bag;0.834065854549408;0.0;0.9619645476341248;0.0;2.403604411345348;0.40154782656644117;0.5984521734335588
1730780728.310399;/app/bags/user95_2017-02-24.bag;0.834065854549408;0.0;0.9619645476341248;0.0;2.403604411345348;0.40154782656644117;0.5984521734335588
1730780728.5103536;/app/bags/user95_2017-02-24.bag;0.834065854549408;0.0;0.9619645476341248;0.0;2.403604411345348;0.40154782656644117;0.5984521734335588
1730780728.7103705;/app/bags/user95_2017-02-24.bag;0.834065854549408;0.0;0.9619645476341248;0.0;2.403604411345348;0.40154782656644117;0.5984521734335588
1730780728.910395;/app/bags/user95_2017-02-24.bag;0.834065854549408;0.0;0.9619645476341248;0.0;2.403604411345348;0.40154782656644117;0.5984521734335588
1730780729.110359;/app/bags/user95_2017-02-24.bag;0.834065854549408;0.0;0.9619645476341248;0.0;2.403604411345348;0.40154782656644117;0.5984521734335588
1730780729.3103929;/app/bags/user95_2017-02-24.bag;0.834065854549408;0.0;0.9619645476341248;0.0;2.403604411345348;0.40154782656644117;0.5984521734335588
1730780729.5104036;/app/bags/user95_2017-02-24.bag;0.834065854549408;0.0;0.9619645476341248;0.0;2.403604411345348;0.40154782656644117;0.5984521734335588
1730780729.7103748;/app/bags/user95_2017-02-24.bag;0.834065854549408;0.0;0.9619645476341248;0.0;2.403604411345348;0.40154782656644117;0.5984521734335588
1730780729.9104123;/app/bags/user95_2017-02-24.bag;0.834065854549408;0.0;0.9619645476341248;0.0;2.403604411345348;0.40154782656644117;0.5984521734335588
1730780730.1103716;/app/bags/user95_2017-02-24.bag;0.834065854549408;0.0;0.9619645476341248;0.0;2.403604411345348;0.40154782656644117;0.5984521734335588
1730780730.3104224;/app/bags/user95_2017-02-24.bag;0.834065854549408;0.0;0.9619645476341248;0.0;2.403604411345348;0.40154782656644117;0.5984521734335588
1730780730.5103734;/app/bags/user95_2017-02-24.bag;0.834065854549408;0.0;0.9619645476341248;0.0;2.403604411345348;0.40154782656644117;0.5984521734335588
1730780730.710423;/app/bags/user95_2017-02-24.bag;0.834065854549408;0.0;0.9619645476341248;0.0;2.403604411345348;0.40154782656644117;0.5984521734335588
1730780730.910393;/app/bags/user95_2017-02-24.bag;0.834065854549408;0.0;0.9619645476341248;0.0;2.403604411345348;0.40154782656644117;0.5984521734335588
1730780731.1103675;/app/bags/user95_2017-02-24.bag;0.834065854549408;0.0;0.9619645476341248;0.0;2.403604411345348;0.40154782656644117;0.5984521734335588
1730780731.3104472;/app/bags/user95_2017-02-24.bag;0.834065854549408;0.0;0.9619645476341248;0.0;2.403604411345348;0.40154782656644117;0.5984521734335588
1730780731.5104187;/app/bags/user95_2017-02-24.bag;0.834065854549408;0.0;0.9619645476341248;0.0;2.403604411345348;0.40154782656644117;0.5984521734335588
1730780731.7103722;/app/bags/user95_2017-02-24.bag;0.834065854549408;0.0;0.9619645476341248;0.0;2.403604411345348;0.40154782656644117;0.5984521734335588
1730780731.9103887;/app/bags/user95_2017-02-24.bag;0.834065854549408;0.0;0.9619645476341248;0.0;2.403604411345348;0.40154782656644117;0.5984521734335588
1730780732.1104438;/app/bags/user95_2017-02-24.bag;0.834065854549408;0.0;0.9619645476341248;0.0;2.403604411345348;0.40154782656644117;0.5984521734335588
1730780732.3103552;/app/bags/user95_2017-02-24.bag;0.834065854549408;0.0;0.9619645476341248;0.0;2.403604411345348;0.40154782656644117;0.5984521734335588
1730780732.510401;/app/bags/user95_2017-02-24.bag;0.834065854549408;0.0;0.9619645476341248;0.0;2.403604411345348;0.40154782656644117;0.5984521734335588
1730780732.7103658;/app/bags/user95_2017-02-24.bag;0.834065854549408;0.0;0.9619645476341248;0.0;2.403604411345348;0.40154782656644117;0.5984521734335588
1730780732.91043;/app/bags/user95_2017-02-24.bag;0.834065854549408;0.0;0.9619645476341248;0.0;2.403604411345348;0.40154782656644117;0.5984521734335588
1730780733.1103897;/app/bags/user95_2017-02-24.bag;0.834065854549408;0.0;0.9619645476341248;0.0;2.403604411345348;0.40154782656644117;0.5984521734335588
1730780733.3103757;/app/bags/user95_2017-02-24.bag;0.834065854549408;0.0;0.9619645476341248;0.0;2.403604411345348;0.40154782656644117;0.5984521734335588
1730780733.5104406;/app/bags/user95_2017-02-24.bag;0.834065854549408;0.0;0.9619645476341248;0.0;2.403604411345348;0.40154782656644117;0.5984521734335588
1730780733.7103848;/app/bags/user95_2017-02-24.bag;0.834065854549408;0.0;0.9619645476341248;0.0;2.403604411345348;0.40154782656644117;0.5984521734335588
1730780733.9103498;/app/bags/user95_2017-02-24.bag;0.834065854549408;0.0;0.9619645476341248;0.0;2.403604411345348;0.40154782656644117;0.5984521734335588
1730780734.1103685;/app/bags/user95_2017-02-24.bag;0.834065854549408;0.0;0.9619645476341248;0.0;2.403604411345348;0.40154782656644117;0.5984521734335588
1730780734.3104002;/app/bags/user95_2017-02-24.bag;0.834065854549408;0.0;0.9619645476341248;0.0;2.403604411345348;0.40154782656644117;0.5984521734335588
1730780734.5103602;/app/bags/user95_2017-02-24.bag;0.834065854549408;0.0;0.9619645476341248;0.0;2.403604411345348;0.40154782656644117;0.5984521734335588
1730780734.7105033;/app/bags/user95_2017-02-24.bag;0.834065854549408;0.0;0.9619645476341248;0.0;2.403604411345348;0.40154782656644117;0.5984521734335588
1730780734.910383;/app/bags/user95_2017-02-24.bag;0.834065854549408;0.0;0.9619645476341248;0.0;2.403604411345348;0.40154782656644117;0.5984521734335588
1730780735.1103764;/app/bags/user95_2017-02-24.bag;0.834065854549408;0.0;0.9619645476341248;0.0;2.403604411345348;0.40154782656644117;0.5984521734335588
1730780735.310384;/app/bags/user95_2017-02-24.bag;0.834065854549408;0.0;0.9619645476341248;0.0;2.403604411345348;0.40154782656644117;0.5984521734335588
1730780735.5104742;/app/bags/user95_2017-02-24.bag;0.834065854549408;0.0;0.9619645476341248;0.0;2.403604411345348;0.40154782656644117;0.5984521734335588
1730780735.710391;/app/bags/user95_2017-02-24.bag;0.834065854549408;0.0;0.9619645476341248;0.0;2.403604411345348;0.40154782656644117;0.5984521734335588
1730780735.9103897;/app/bags/user95_2017-02-24.bag;0.834065854549408;0.0;0.9619645476341248;0.0;2.403604411345348;0.40154782656644117;0.5984521734335588
1730780736.1104097;/app/bags/user95_2017-02-24.bag;0.834065854549408;0.0;0.9619645476341248;0.0;2.403604411345348;0.40154782656644117;0.5984521734335588
1730780736.3105302;/app/bags/user95_2017-02-24.bag;0.834065854549408;0.0;0.9619645476341248;0.0;2.403604411345348;0.40154782656644117;0.5984521734335588
1730780736.5103889;/app/bags/user95_2017-02-24.bag;0.834065854549408;0.0;0.9619645476341248;0.0;2.403604411345348;0.40154782656644117;0.5984521734335588
1730780736.7104347;/app/bags/user95_2017-02-24.bag;0.834065854549408;0.0;0.9619645476341248;0.0;2.403604411345348;0.40154782656644117;0.5984521734335588
1730780736.9104233;/app/bags/user95_2017-02-24.bag;0.834065854549408;0.0;0.9619645476341248;0.0;2.403604411345348;0.40154782656644117;0.5984521734335588
1730780737.110405;/app/bags/user95_2017-02-24.bag;0.834065854549408;0.0;0.9619645476341248;0.0;2.403604411345348;0.40154782656644117;0.5984521734335588
1730780737.3103921;/app/bags/user95_2017-02-24.bag;0.834065854549408;0.0;0.9619645476341248;0.0;2.403604411345348;0.40154782656644117;0.5984521734335588
1730780737.510386;/app/bags/user95_2017-02-24.bag;0.834065854549408;0.0;0.9619645476341248;0.0;2.403604411345348;0.40154782656644117;0.5984521734335588
1730780737.7103827;/app/bags/user95_2017-02-24.bag;0.834065854549408;0.0;0.9619645476341248;0.0;2.403604411345348;0.40154782656644117;0.5984521734335588
1730780737.910396;/app/bags/user95_2017-02-24.bag;0.834065854549408;0.0;0.9619645476341248;0.0;2.403604411345348;0.40154782656644117;0.5984521734335588
1730780738.1104052;/app/bags/user95_2017-02-24.bag;0.834065854549408;0.0;0.9619645476341248;0.0;2.403604411345348;0.40154782656644117;0.5984521734335588
1730780738.3103805;/app/bags/user95_2017-02-24.bag;0.834065854549408;0.0;0.9619645476341248;0.0;2.403604411345348;0.40154782656644117;0.5984521734335588
1730780738.5104988;/app/bags/user95_2017-02-24.bag;0.834065854549408;0.0;0.9619645476341248;0.0;2.403604411345348;0.40154782656644117;0.5984521734335588
1730780738.710369;/app/bags/user95_2017-02-24.bag;0.834065854549408;0.0;0.9619645476341248;0.0;2.403604411345348;0.40154782656644117;0.5984521734335588
1730780738.9107573;/app/bags/user95_2017-02-24.bag;0.834065854549408;0.0;0.9619645476341248;0.0;2.403604411345348;0.40154782656644117;0.5984521734335588
1730780739.1105566;/app/bags/user95_2017-02-24.bag;0.834065854549408;0.0;0.9619645476341248;0.0;2.403604411345348;0.40154782656644117;0.5984521734335588
1730780739.3103974;/app/bags/user95_2017-02-24.bag;0.834065854549408;0.0;0.9619645476341248;0.0;2.403604411345348;0.40154782656644117;0.5984521734335588
1730780739.5103881;/app/bags/user95_2017-02-24.bag;0.834065854549408;0.0;0.9619645476341248;0.0;2.403604411345348;0.40154782656644117;0.5984521734335588
1730780739.7103784;/app/bags/user95_2017-02-24.bag;0.834065854549408;0.0;0.9619645476341248;0.0;2.403604411345348;0.40154782656644117;0.5984521734335588
1730780739.9103816;/app/bags/user95_2017-02-24.bag;0.834065854549408;0.0;0.9619645476341248;0.0;2.403604411345348;0.40154782656644117;0.5984521734335588
1730780740.1103826;/app/bags/user95_2017-02-24.bag;0.834065854549408;0.0;0.9619645476341248;0.0;2.403604411345348;0.40154782656644117;0.5984521734335588
1730780740.3104386;/app/bags/user95_2017-02-24.bag;0.834065854549408;0.0;0.9619645476341248;0.0;2.403604411345348;0.40154782656644117;0.5984521734335588
1730780740.510481;/app/bags/user95_2017-02-24.bag;0.834065854549408;0.0;0.9619645476341248;0.0;2.403604411345348;0.40154782656644117;0.5984521734335588
1730780740.710367;/app/bags/user95_2017-02-24.bag;0.834065854549408;0.0;0.9619645476341248;0.0;2.403604411345348;0.40154782656644117;0.5984521734335588
1730780740.9103897;/app/bags/user95_2017-02-24.bag;0.834065854549408;0.0;0.9619645476341248;0.0;2.403604411345348;0.40154782656644117;0.5984521734335588
1730780741.1104295;/app/bags/user95_2017-02-24.bag;0.834065854549408;0.0;0.9619645476341248;0.0;2.403604411345348;0.40154782656644117;0.5984521734335588
1730780741.3103912;/app/bags/user95_2017-02-24.bag;0.834065854549408;0.0;0.9619645476341248;0.0;2.403604411345348;0.40154782656644117;0.5984521734335588
1730780741.51038;/app/bags/user95_2017-02-24.bag;0.834065854549408;0.0;0.9619645476341248;0.0;2.403604411345348;0.40154782656644117;0.5984521734335588
1730780741.7104156;/app/bags/user95_2017-02-24.bag;0.834065854549408;0.0;0.9619645476341248;0.0;2.403604411345348;0.40154782656644117;0.5984521734335588
1730780741.9104216;/app/bags/user95_2017-02-24.bag;0.834065854549408;0.0;0.9619645476341248;0.0;2.403604411345348;0.40154782656644117;0.5984521734335588
1730780742.1104102;/app/bags/user95_2017-02-24.bag;0.834065854549408;0.0;0.9619645476341248;0.0;2.403604411345348;0.40154782656644117;0.5984521734335588
1730780742.310391;/app/bags/user95_2017-02-24.bag;0.834065854549408;0.0;0.9619645476341248;0.0;2.403604411345348;0.40154782656644117;0.5984521734335588
1730780742.5104063;/app/bags/user95_2017-02-24.bag;0.834065854549408;0.0;0.9619645476341248;0.0;2.403604411345348;0.40154782656644117;0.5984521734335588
1730780742.7103775;/app/bags/user95_2017-02-24.bag;0.834065854549408;0.0;0.9619645476341248;0.0;2.403604411345348;0.40154782656644117;0.5984521734335588
1730780742.910381;/app/bags/user95_2017-02-24.bag;0.834065854549408;0.0;0.9619645476341248;0.0;2.403604411345348;0.40154782656644117;0.5984521734335588
1730780743.1104183;/app/bags/user95_2017-02-24.bag;0.834065854549408;0.0;0.9619645476341248;0.0;2.403604411345348;0.40154782656644117;0.5984521734335588
1730780743.3104188;/app/bags/user95_2017-02-24.bag;0.834065854549408;0.0;0.9619645476341248;0.0;2.403604411345348;0.40154782656644117;0.5984521734335588
1730780743.5103447;/app/bags/user95_2017-02-24.bag;0.834065854549408;0.0;0.9619645476341248;0.0;2.403604411345348;0.40154782656644117;0.5984521734335588
1730780743.710552;/app/bags/user95_2017-02-24.bag;0.834065854549408;0.0;0.9619645476341248;0.0;2.403604411345348;0.40154782656644117;0.5984521734335588
1730780743.9103885;/app/bags/user95_2017-02-24.bag;0.834065854549408;0.0;0.9619645476341248;0.0;2.403604411345348;0.40154782656644117;0.5984521734335588
1730780744.110386;/app/bags/user95_2017-02-24.bag;0.834065854549408;0.0;0.9619645476341248;0.0;2.403604411345348;0.40154782656644117;0.5984521734335588
1730780744.3103654;/app/bags/user95_2017-02-24.bag;0.834065854549408;0.0;0.9619645476341248;0.0;2.403604411345348;0.40154782656644117;0.5984521734335588
1730780744.5103736;/app/bags/user95_2017-02-24.bag;0.834065854549408;0.0;0.9619645476341248;0.0;2.403604411345348;0.40154782656644117;0.5984521734335588
1730780744.7104423;/app/bags/user95_2017-02-24.bag;0.834065854549408;0.0;0.9619645476341248;0.0;2.403604411345348;0.40154782656644117;0.5984521734335588
1730780744.9103742;/app/bags/user95_2017-02-24.bag;0.834065854549408;0.0;0.9619645476341248;0.0;2.403604411345348;0.40154782656644117;0.5984521734335588
1730780745.1103919;/app/bags/user95_2017-02-24.bag;0.834065854549408;0.0;0.9619645476341248;0.0;2.403604411345348;0.40154782656644117;0.5984521734335588
1730780745.310433;/app/bags/user95_2017-02-24.bag;0.834065854549408;0.0;0.9619645476341248;0.0;2.403604411345348;0.40154782656644117;0.5984521734335588
1730780745.5103917;/app/bags/user95_2017-02-24.bag;0.834065854549408;0.0;0.9619645476341248;0.0;2.403604411345348;0.40154782656644117;0.5984521734335588
1730780745.7103539;/app/bags/user95_2017-02-24.bag;0.834065854549408;0.0;0.9619645476341248;0.0;2.403604411345348;0.40154782656644117;0.5984521734335588
1730780745.9103765;/app/bags/user95_2017-02-24.bag;0.834065854549408;0.0;0.9619645476341248;0.0;2.403604411345348;0.40154782656644117;0.5984521734335588
1730780746.1104443;/app/bags/user95_2017-02-24.bag;0.834065854549408;0.0;0.9619645476341248;0.0;2.403604411345348;0.40154782656644117;0.5984521734335588
1730780746.3103507;/app/bags/user95_2017-02-24.bag;0.834065854549408;0.0;0.9619645476341248;0.0;2.403604411345348;0.40154782656644117;0.5984521734335588
1730780746.5103908;/app/bags/user95_2017-02-24.bag;0.834065854549408;0.0;0.9619645476341248;0.0;2.403604411345348;0.40154782656644117;0.5984521734335588
1730780746.7103698;/app/bags/user95_2017-02-24.bag;0.834065854549408;0.0;0.9619645476341248;0.0;2.403604411345348;0.40154782656644117;0.5984521734335588
1730780746.9103537;/app/bags/user95_2017-02-24.bag;0.834065854549408;0.0;0.9619645476341248;0.0;2.403604411345348;0.40154782656644117;0.5984521734335588
1730780747.1103528;/app/bags/user95_2017-02-24.bag;0.834065854549408;0.0;0.9619645476341248;0.0;2.403604411345348;0.40154782656644117;0.5984521734335588
1730780747.310392;/app/bags/user95_2017-02-24.bag;0.834065854549408;0.0;0.9619645476341248;0.0;2.403604411345348;0.40154782656644117;0.5984521734335588
1730780747.510383;/app/bags/user95_2017-02-24.bag;0.834065854549408;0.0;0.9619645476341248;0.0;2.403604411345348;0.40154782656644117;0.5984521734335588
1730780747.710411;/app/bags/user95_2017-02-24.bag;0.834065854549408;0.0;0.9619645476341248;0.0;2.403604411345348;0.40154782656644117;0.5984521734335588
1730780747.9104116;/app/bags/user95_2017-02-24.bag;0.834065854549408;0.0;0.9619645476341248;0.0;2.403604411345348;0.40154782656644117;0.5984521734335588
1730780748.1103585;/app/bags/user95_2017-02-24.bag;0.834065854549408;0.0;0.9619645476341248;0.0;2.403604411345348;0.40154782656644117;0.5984521734335588
1730780748.3103814;/app/bags/user95_2017-02-24.bag;0.834065854549408;0.0;0.9619645476341248;0.0;2.403604411345348;0.40154782656644117;0.5984521734335588
1730780748.5103946;/app/bags/user95_2017-02-24.bag;0.834065854549408;0.0;0.9619645476341248;0.0;2.403604411345348;0.40154782656644117;0.5984521734335588
1730780748.7103767;/app/bags/user95_2017-02-24.bag;0.834065854549408;0.0;0.9619645476341248;0.0;2.403604411345348;0.40154782656644117;0.5984521734335588
1730780748.9104114;/app/bags/user95_2017-02-24.bag;0.834065854549408;0.0;0.9619645476341248;0.0;2.403604411345348;0.40154782656644117;0.5984521734335588
1730780749.1104178;/app/bags/user95_2017-02-24.bag;0.834065854549408;0.0;0.9619645476341248;0.0;2.403604411345348;0.40154782656644117;0.5984521734335588
1730780749.3103523;/app/bags/user95_2017-02-24.bag;0.834065854549408;0.0;0.9619645476341248;0.0;2.403604411345348;0.40154782656644117;0.5984521734335588
1730780749.5103757;/app/bags/user95_2017-02-24.bag;0.834065854549408;0.0;0.9619645476341248;0.0;2.403604411345348;0.40154782656644117;0.5984521734335588
1730780749.7103696;/app/bags/user95_2017-02-24.bag;0.834065854549408;0.0;0.9619645476341248;0.0;2.403604411345348;0.40154782656644117;0.5984521734335588
1730780749.910398;/app/bags/user95_2017-02-24.bag;0.834065854549408;0.0;0.9619645476341248;0.0;2.403604411345348;0.40154782656644117;0.5984521734335588
1730780750.1104238;/app/bags/user95_2017-02-24.bag;0.834065854549408;0.0;0.9619645476341248;0.0;2.403604411345348;0.40154782656644117;0.5984521734335588
1730780750.3103814;/app/bags/user95_2017-02-24.bag;0.834065854549408;0.0;0.9619645476341248;0.0;2.403604411345348;0.40154782656644117;0.5984521734335588
1730780750.5103848;/app/bags/user95_2017-02-24.bag;0.834065854549408;0.0;0.9619645476341248;0.0;2.403604411345348;0.40154782656644117;0.5984521734335588
1730780750.710344;/app/bags/user95_2017-02-24.bag;0.834065854549408;0.0;0.9619645476341248;0.0;2.403604411345348;0.40154782656644117;0.5984521734335588
1730780750.9103963;/app/bags/user95_2017-02-24.bag;0.834065854549408;0.0;0.9619645476341248;0.0;2.403604411345348;0.40154782656644117;0.5984521734335588
1730780751.1103916;/app/bags/user95_2017-02-24.bag;0.834065854549408;0.0;0.9619645476341248;0.0;2.403604411345348;0.40154782656644117;0.5984521734335588
1730780751.3104057;/app/bags/user95_2017-02-24.bag;0.834065854549408;0.0;0.9619645476341248;0.0;2.403604411345348;0.40154782656644117;0.5984521734335588
1730780751.5104327;/app/bags/user95_2017-02-24.bag;0.834065854549408;0.0;0.9619645476341248;0.0;2.403604411345348;0.40154782656644117;0.5984521734335588
1730780751.7103975;/app/bags/user95_2017-02-24.bag;0.834065854549408;0.0;0.9619645476341248;0.0;2.403604411345348;0.40154782656644117;0.5984521734335588
1730780751.9104116;/app/bags/user95_2017-02-24.bag;0.834065854549408;0.0;0.9619645476341248;0.0;2.403604411345348;0.40154782656644117;0.5984521734335588
1730780752.1104298;/app/bags/user95_2017-02-24.bag;0.834065854549408;0.0;0.9619645476341248;0.0;2.403604411345348;0.40154782656644117;0.5984521734335588
1730780752.3104215;/app/bags/user95_2017-02-24.bag;0.834065854549408;0.0;0.9619645476341248;0.0;2.403604411345348;0.40154782656644117;0.5984521734335588
1730780752.510409;/app/bags/user95_2017-02-24.bag;0.834065854549408;0.0;0.9619645476341248;0.0;2.403604411345348;0.40154782656644117;0.5984521734335588
1730780752.710384;/app/bags/user95_2017-02-24.bag;0.834065854549408;0.0;0.9619645476341248;0.0;2.403604411345348;0.40154782656644117;0.5984521734335588
1730780752.9104085;/app/bags/user95_2017-02-24.bag;0.834065854549408;0.0;0.9619645476341248;0.0;2.403604411345348;0.40154782656644117;0.5984521734335588
1730780753.11039;/app/bags/user95_2017-02-24.bag;0.834065854549408;0.0;0.9619645476341248;0.0;2.403604411345348;0.40154782656644117;0.5984521734335588
1730780753.3104277;/app/bags/user95_2017-02-24.bag;0.834065854549408;0.0;0.9619645476341248;0.0;2.403604411345348;0.40154782656644117;0.5984521734335588
1730780753.510388;/app/bags/user95_2017-02-24.bag;0.834065854549408;0.0;0.9619645476341248;0.0;2.403604411345348;0.40154782656644117;0.5984521734335588
1730780753.7103667;/app/bags/user95_2017-02-24.bag;0.834065854549408;0.0;0.9619645476341248;0.0;2.403604411345348;0.40154782656644117;0.5984521734335588
1730780753.910384;/app/bags/user95_2017-02-24.bag;0.834065854549408;0.0;0.9619645476341248;0.0;2.403604411345348;0.40154782656644117;0.5984521734335588
1730780754.1104007;/app/bags/user95_2017-02-24.bag;0.834065854549408;0.0;0.9619645476341248;0.0;2.403604411345348;0.40154782656644117;0.5984521734335588
1730780754.3103967;/app/bags/user95_2017-02-24.bag;0.834065854549408;0.0;0.9619645476341248;0.0;2.403604411345348;0.40154782656644117;0.5984521734335588
1730780754.5103464;/app/bags/user95_2017-02-24.bag;0.834065854549408;0.0;0.9619645476341248;0.0;2.403604411345348;0.40154782656644117;0.5984521734335588
1730780754.7103925;/app/bags/user95_2017-02-24.bag;0.834065854549408;0.0;0.9619645476341248;0.0;2.403604411345348;0.40154782656644117;0.5984521734335588
1730780754.91038;/app/bags/user95_2017-02-24.bag;0.834065854549408;0.0;0.9619645476341248;0.0;2.403604411345348;0.40154782656644117;0.5984521734335588
1730780755.1105046;/app/bags/user95_2017-02-24.bag;0.834065854549408;0.0;0.9619645476341248;0.0;2.403604411345348;0.40154782656644117;0.5984521734335588
1730780755.3103848;/app/bags/user95_2017-02-24.bag;0.834065854549408;0.0;0.9619645476341248;0.0;2.403604411345348;0.40154782656644117;0.5984521734335588
1730780755.5103645;/app/bags/user95_2017-02-24.bag;0.834065854549408;0.0;0.9619645476341248;0.0;2.403604411345348;0.40154782656644117;0.5984521734335588
1730780755.7104774;/app/bags/user95_2017-02-24.bag;0.834065854549408;0.0;0.9619645476341248;0.0;2.403604411345348;0.40154782656644117;0.5984521734335588
1730780755.9104245;/app/bags/user95_2017-02-24.bag;0.834065854549408;0.0;0.9619645476341248;0.0;2.403604411345348;0.40154782656644117;0.5984521734335588
1730780756.110374;/app/bags/user95_2017-02-24.bag;0.834065854549408;0.0;0.9619645476341248;0.0;2.403604411345348;0.40154782656644117;0.5984521734335588
1730780756.310386;/app/bags/user95_2017-02-24.bag;0.834065854549408;0.0;0.9619645476341248;0.0;2.403604411345348;0.40154782656644117;0.5984521734335588
1730780756.510411;/app/bags/user95_2017-02-24.bag;0.834065854549408;0.0;0.9619645476341248;0.0;2.403604411345348;0.40154782656644117;0.5984521734335588
1730780756.7103653;/app/bags/user95_2017-02-24.bag;0.834065854549408;0.0;0.9619645476341248;0.0;2.403604411345348;0.40154782656644117;0.5984521734335588
1730780756.9103928;/app/bags/user95_2017-02-24.bag;0.834065854549408;0.0;0.9619645476341248;0.0;2.403604411345348;0.40154782656644117;0.5984521734335588
1730780757.1103675;/app/bags/user95_2017-02-24.bag;0.834065854549408;0.0;0.9619645476341248;0.0;2.403604411345348;0.40154782656644117;0.5984521734335588
1730780757.3104196;/app/bags/user95_2017-02-24.bag;0.834065854549408;0.0;0.9619645476341248;0.0;2.403604411345348;0.40154782656644117;0.5984521734335588
1730780757.510386;/app/bags/user95_2017-02-24.bag;0.834065854549408;0.0;0.9619645476341248;0.0;2.403604411345348;0.40154782656644117;0.5984521734335588
1730780757.71039;/app/bags/user95_2017-02-24.bag;0.834065854549408;0.0;0.9619645476341248;0.0;2.403604411345348;0.40154782656644117;0.5984521734335588
1730780757.9104123;/app/bags/user95_2017-02-24.bag;0.834065854549408;0.0;0.9619645476341248;0.0;2.403604411345348;0.40154782656644117;0.5984521734335588
1730780758.110392;/app/bags/user95_2017-02-24.bag;0.834065854549408;0.0;0.9619645476341248;0.0;2.403604411345348;0.40154782656644117;0.5984521734335588
1730780758.3104253;/app/bags/user95_2017-02-24.bag;0.834065854549408;0.0;0.9619645476341248;0.0;2.403604411345348;0.40154782656644117;0.5984521734335588
1730780758.5103722;/app/bags/user95_2017-02-24.bag;0.834065854549408;0.0;0.9619645476341248;0.0;2.403604411345348;0.40154782656644117;0.5984521734335588
1730780758.7103386;/app/bags/user95_2017-02-24.bag;0.834065854549408;0.0;0.9619645476341248;0.0;2.403604411345348;0.40154782656644117;0.5984521734335588
1730780758.9104517;/app/bags/user95_2017-02-24.bag;0.834065854549408;0.0;0.9619645476341248;0.0;2.403604411345348;0.40154782656644117;0.5984521734335588
1730780759.1104124;/app/bags/user95_2017-02-24.bag;0.834065854549408;0.0;0.9619645476341248;0.0;2.403604411345348;0.40154782656644117;0.5984521734335588
1730780759.3103654;/app/bags/user95_2017-02-24.bag;0.834065854549408;0.0;0.9619645476341248;0.0;2.403604411345348;0.40154782656644117;0.5984521734335588
1730780759.510385;/app/bags/user95_2017-02-24.bag;0.834065854549408;0.0;0.9619645476341248;0.0;2.403604411345348;0.40154782656644117;0.5984521734335588
1730780759.7103717;/app/bags/user95_2017-02-24.bag;0.834065854549408;0.0;0.9619645476341248;0.0;2.403604411345348;0.40154782656644117;0.5984521734335588
1730780759.910433;/app/bags/user95_2017-02-24.bag;0.834065854549408;0.0;0.9619645476341248;0.0;2.403604411345348;0.40154782656644117;0.5984521734335588
1730780760.110405;/app/bags/user95_2017-02-24.bag;0.834065854549408;0.0;0.9619645476341248;0.0;2.403604411345348;0.40154782656644117;0.5984521734335588
1730780760.310389;/app/bags/user95_2017-02-24.bag;0.834065854549408;0.0;0.9619645476341248;0.0;2.403604411345348;0.40154782656644117;0.5984521734335588
1730780760.510378;/app/bags/user95_2017-02-24.bag;0.834065854549408;0.0;0.9619645476341248;0.0;2.403604411345348;0.40154782656644117;0.5984521734335588
1730780760.710408;/app/bags/user95_2017-02-24.bag;0.834065854549408;0.0;0.9619645476341248;0.0;2.403604411345348;0.40154782656644117;0.5984521734335588
1730780760.9103925;/app/bags/user95_2017-02-24.bag;0.834065854549408;0.0;0.9619645476341248;0.0;2.403604411345348;0.40154782656644117;0.5984521734335588
1730780761.1104162;/app/bags/user95_2017-02-24.bag;0.834065854549408;0.0;0.9619645476341248;0.0;2.403604411345348;0.40154782656644117;0.5984521734335588
1730780761.310357;/app/bags/user95_2017-02-24.bag;0.834065854549408;0.0;0.9619645476341248;0.0;2.403604411345348;0.40154782656644117;0.5984521734335588
1730780761.5103953;/app/bags/user95_2017-02-24.bag;0.834065854549408;0.0;0.9619645476341248;0.0;2.403604411345348;0.40154782656644117;0.5984521734335588
1730780761.7103693;/app/bags/user95_2017-02-24.bag;0.834065854549408;0.0;0.9619645476341248;0.0;2.403604411345348;0.40154782656644117;0.5984521734335588
1730780761.9103584;/app/bags/user95_2017-02-24.bag;0.834065854549408;0.0;0.9619645476341248;0.0;2.403604411345348;0.40154782656644117;0.5984521734335588
1730780762.1104515;/app/bags/user95_2017-02-24.bag;0.834065854549408;0.0;0.9619645476341248;0.0;2.403604411345348;0.40154782656644117;0.5984521734335588
1730780762.310399;/app/bags/user95_2017-02-24.bag;0.834065854549408;0.0;0.9619645476341248;0.0;2.403604411345348;0.40154782656644117;0.5984521734335588
1730780762.5103831;/app/bags/user95_2017-02-24.bag;0.834065854549408;0.0;0.9619645476341248;0.0;2.403604411345348;0.40154782656644117;0.5984521734335588
1730780762.7103732;/app/bags/user95_2017-02-24.bag;0.834065854549408;0.0;0.9619645476341248;0.0;2.403604411345348;0.40154782656644117;0.5984521734335588
1730780762.9103944;/app/bags/user95_2017-02-24.bag;0.834065854549408;0.0;0.9619645476341248;0.0;2.403604411345348;0.40154782656644117;0.5984521734335588
1730780763.110387;/app/bags/user95_2017-02-24.bag;0.834065854549408;0.0;0.9619645476341248;0.0;2.403604411345348;0.40154782656644117;0.5984521734335588
1730780763.310442;/app/bags/user95_2017-02-24.bag;0.834065854549408;0.0;0.9619645476341248;0.0;2.403604411345348;0.40154782656644117;0.5984521734335588
1730780763.51044;/app/bags/user95_2017-02-24.bag;0.834065854549408;0.0;0.9619645476341248;0.0;2.403604411345348;0.40154782656644117;0.5984521734335588
1730780763.7104084;/app/bags/user95_2017-02-24.bag;0.834065854549408;0.0;0.9619645476341248;0.0;2.403604411345348;0.40154782656644117;0.5984521734335588
1730780763.910374;/app/bags/user95_2017-02-24.bag;0.834065854549408;0.0;0.9619645476341248;0.0;2.403604411345348;0.40154782656644117;0.5984521734335588
1730780764.1103761;/app/bags/user95_2017-02-24.bag;0.834065854549408;0.0;0.9619645476341248;0.0;2.403604411345348;0.40154782656644117;0.5984521734335588
1730780764.3104734;/app/bags/user95_2017-02-24.bag;0.834065854549408;0.0;0.9619645476341248;0.0;2.403604411345348;0.40154782656644117;0.5984521734335588
1730780764.5103915;/app/bags/user95_2017-02-24.bag;0.834065854549408;0.0;0.9619645476341248;0.0;2.403604411345348;0.40154782656644117;0.5984521734335588
1730780764.7103708;/app/bags/user95_2017-02-24.bag;0.834065854549408;0.0;0.9619645476341248;0.0;2.403604411345348;0.40154782656644117;0.5984521734335588
1730780764.910388;/app/bags/user95_2017-02-24.bag;0.834065854549408;0.0;0.9619645476341248;0.0;2.403604411345348;0.40154782656644117;0.5984521734335588
1730780765.1104217;/app/bags/user95_2017-02-24.bag;0.834065854549408;0.0;0.9619645476341248;0.0;2.403604411345348;0.40154782656644117;0.5984521734335588
1730780765.3104038;/app/bags/user95_2017-02-24.bag;0.834065854549408;0.0;0.9619645476341248;0.0;2.403604411345348;0.40154782656644117;0.5984521734335588
1730780765.5103984;/app/bags/user95_2017-02-24.bag;0.834065854549408;0.0;0.9619645476341248;0.0;2.403604411345348;0.40154782656644117;0.5984521734335588
1730780765.7104278;/app/bags/user95_2017-02-24.bag;0.834065854549408;0.0;0.9619645476341248;0.0;2.403604411345348;0.40154782656644117;0.5984521734335588
1730780765.9104497;/app/bags/user95_2017-02-24.bag;0.834065854549408;0.0;0.9619645476341248;0.0;2.403604411345348;0.40154782656644117;0.5984521734335588
1730780766.1103756;/app/bags/user95_2017-02-24.bag;0.834065854549408;0.0;0.9619645476341248;0.0;2.403604411345348;0.40154782656644117;0.5984521734335588
1730780766.3103626;/app/bags/user95_2017-02-24.bag;0.834065854549408;0.0;0.9619645476341248;0.0;2.403604411345348;0.40154782656644117;0.5984521734335588
1730780766.5104084;/app/bags/user95_2017-02-24.bag;0.834065854549408;0.0;0.9619645476341248;0.0;2.403604411345348;0.40154782656644117;0.5984521734335588
1730780766.7103639;/app/bags/user95_2017-02-24.bag;0.834065854549408;0.0;0.9619645476341248;0.0;2.403604411345348;0.40154782656644117;0.5984521734335588
1730780766.9104347;/app/bags/user95_2017-02-24.bag;0.834065854549408;0.0;0.9619645476341248;0.0;2.403604411345348;0.40154782656644117;0.5984521734335588
1730780767.1103806;/app/bags/user95_2017-02-24.bag;0.834065854549408;0.0;0.9619645476341248;0.0;2.403604411345348;0.40154782656644117;0.5984521734335588
1730780767.3104196;/app/bags/user95_2017-02-24.bag;0.834065854549408;0.0;0.9619645476341248;0.0;2.403604411345348;0.40154782656644117;0.5984521734335588
1730780767.5104542;/app/bags/user95_2017-02-24.bag;0.834065854549408;0.0;0.9619645476341248;0.0;2.403604411345348;0.40154782656644117;0.5984521734335588
1730780767.7103925;/app/bags/user95_2017-02-24.bag;0.834065854549408;0.0;0.9619645476341248;0.0;2.403604411345348;0.40154782656644117;0.5984521734335588
1730780767.9103646;/app/bags/user95_2017-02-24.bag;0.834065854549408;0.0;0.9619645476341248;0.0;2.403604411345348;0.40154782656644117;0.5984521734335588
1730780768.1104605;/app/bags/user95_2017-02-24.bag;0.834065854549408;0.0;0.9619645476341248;0.0;2.403604411345348;0.40154782656644117;0.5984521734335588
1730780768.3103995;/app/bags/user95_2017-02-24.bag;0.834065854549408;0.0;0.9619645476341248;0.0;2.403604411345348;0.40154782656644117;0.5984521734335588
1730780768.5103827;/app/bags/user95_2017-02-24.bag;0.834065854549408;0.0;0.9619645476341248;0.0;2.403604411345348;0.40154782656644117;0.5984521734335588
1730780768.7104154;/app/bags/user95_2017-02-24.bag;0.834065854549408;0.0;0.9619645476341248;0.0;2.403604411345348;0.40154782656644117;0.5984521734335588
1730780768.9103894;/app/bags/user95_2017-02-24.bag;0.834065854549408;0.0;0.9619645476341248;0.0;2.403604411345348;0.40154782656644117;0.5984521734335588
1730780769.110399;/app/bags/user95_2017-02-24.bag;0.834065854549408;0.0;0.9619645476341248;0.0;2.403604411345348;0.40154782656644117;0.5984521734335588
1730780769.3104076;/app/bags/user95_2017-02-24.bag;0.834065854549408;0.0;0.9619645476341248;0.0;2.403604411345348;0.40154782656644117;0.5984521734335588
1730780769.5103862;/app/bags/user95_2017-02-24.bag;0.834065854549408;0.0;0.9619645476341248;0.0;2.403604411345348;0.40154782656644117;0.5984521734335588
1730780769.7103856;/app/bags/user95_2017-02-24.bag;0.834065854549408;0.0;0.9619645476341248;0.0;2.403604411345348;0.40154782656644117;0.5984521734335588
1730780769.9103787;/app/bags/user95_2017-02-24.bag;0.834065854549408;0.0;0.9619645476341248;0.0;2.403604411345348;0.40154782656644117;0.5984521734335588
1730780770.110388;/app/bags/user95_2017-02-24.bag;0.834065854549408;0.0;0.9619645476341248;0.0;2.403604411345348;0.40154782656644117;0.5984521734335588
1730780770.310358;/app/bags/user95_2017-02-24.bag;0.834065854549408;0.0;0.9619645476341248;0.0;2.403604411345348;0.40154782656644117;0.5984521734335588
1730780770.5103354;/app/bags/user95_2017-02-24.bag;0.834065854549408;0.0;0.9619645476341248;0.0;2.403604411345348;0.40154782656644117;0.5984521734335588
1730780770.7104552;/app/bags/user95_2017-02-24.bag;0.834065854549408;0.0;0.9619645476341248;0.0;2.403604411345348;0.40154782656644117;0.5984521734335588
1730780770.9103749;/app/bags/user95_2017-02-24.bag;0.834065854549408;0.0;0.9619645476341248;0.0;2.403604411345348;0.40154782656644117;0.5984521734335588
1730780771.1103818;/app/bags/user95_2017-02-24.bag;0.834065854549408;0.0;0.9619645476341248;0.0;2.403604411345348;0.40154782656644117;0.5984521734335588
1730780771.310396;/app/bags/user95_2017-02-24.bag;0.834065854549408;0.0;0.9619645476341248;0.0;2.403604411345348;0.40154782656644117;0.5984521734335588
1730780771.5103827;/app/bags/user95_2017-02-24.bag;0.834065854549408;0.0;0.9619645476341248;0.0;2.403604411345348;0.40154782656644117;0.5984521734335588
1730780771.7103665;/app/bags/user95_2017-02-24.bag;0.834065854549408;0.0;0.9619645476341248;0.0;2.403604411345348;0.40154782656644117;0.5984521734335588
1730780771.9103854;/app/bags/user95_2017-02-24.bag;0.834065854549408;0.0;0.9619645476341248;0.0;2.403604411345348;0.40154782656644117;0.5984521734335588
1730780772.1104014;/app/bags/user95_2017-02-24.bag;0.834065854549408;0.0;0.9619645476341248;0.0;2.403604411345348;0.40154782656644117;0.5984521734335588
1730780772.310409;/app/bags/user95_2017-02-24.bag;0.834065854549408;0.0;0.9619645476341248;0.0;2.403604411345348;0.40154782656644117;0.5984521734335588
1730780772.5104036;/app/bags/user95_2017-02-24.bag;0.834065854549408;0.0;0.9619645476341248;0.0;2.403604411345348;0.40154782656644117;0.5984521734335588
1730780772.710998;/app/bags/user95_2017-02-24.bag;0.834065854549408;0.0;0.9619645476341248;0.0;2.403604411345348;0.40154782656644117;0.5984521734335588
1730780772.9104009;/app/bags/user95_2017-02-24.bag;0.834065854549408;0.0;0.9619645476341248;0.0;2.403604411345348;0.40154782656644117;0.5984521734335588
1730780773.1103573;/app/bags/user95_2017-02-24.bag;0.834065854549408;0.0;0.9619645476341248;0.0;2.403604411345348;0.40154782656644117;0.5984521734335588
1730780773.3103755;/app/bags/user95_2017-02-24.bag;0.834065854549408;0.0;0.9619645476341248;0.0;2.403604411345348;0.40154782656644117;0.5984521734335588
1730780773.5103774;/app/bags/user95_2017-02-24.bag;0.834065854549408;0.0;0.9619645476341248;0.0;2.403604411345348;0.40154782656644117;0.5984521734335588
1730780773.7103946;/app/bags/user95_2017-02-24.bag;0.834065854549408;0.0;0.9619645476341248;0.0;2.403604411345348;0.40154782656644117;0.5984521734335588
1730780773.9104128;/app/bags/user95_2017-02-24.bag;0.834065854549408;0.0;0.9619645476341248;0.0;2.403604411345348;0.40154782656644117;0.5984521734335588
1730780774.1103992;/app/bags/user95_2017-02-24.bag;0.834065854549408;0.0;0.9619645476341248;0.0;2.403604411345348;0.40154782656644117;0.5984521734335588
1730780774.3103812;/app/bags/user95_2017-02-24.bag;0.834065854549408;0.0;0.9619645476341248;0.0;2.403604411345348;0.40154782656644117;0.5984521734335588
1730780774.510365;/app/bags/user95_2017-02-24.bag;0.834065854549408;0.0;0.9619645476341248;0.0;2.403604411345348;0.40154782656644117;0.5984521734335588
1730780774.710368;/app/bags/user95_2017-02-24.bag;0.834065854549408;0.0;0.9619645476341248;0.0;2.403604411345348;0.40154782656644117;0.5984521734335588
1730780774.9104269;/app/bags/user95_2017-02-24.bag;0.834065854549408;0.0;0.9619645476341248;0.0;2.403604411345348;0.40154782656644117;0.5984521734335588
1730780775.11039;/app/bags/user95_2017-02-24.bag;0.834065854549408;0.0;0.9619645476341248;0.0;2.403604411345348;0.40154782656644117;0.5984521734335588
1730780775.3103962;/app/bags/user95_2017-02-24.bag;0.834065854549408;0.0;0.9619645476341248;0.0;2.403604411345348;0.40154782656644117;0.5984521734335588
1730780775.5103862;/app/bags/user95_2017-02-24.bag;0.834065854549408;0.0;0.9619645476341248;0.0;2.403604411345348;0.40154782656644117;0.5984521734335588
1730780775.7103968;/app/bags/user95_2017-02-24.bag;0.834065854549408;0.0;0.9619645476341248;0.0;2.403604411345348;0.40154782656644117;0.5984521734335588
1730780775.910381;/app/bags/user95_2017-02-24.bag;0.834065854549408;0.0;0.9619645476341248;0.0;2.403604411345348;0.40154782656644117;0.5984521734335588
1730780776.1103947;/app/bags/user95_2017-02-24.bag;0.834065854549408;0.0;0.9619645476341248;0.0;2.403604411345348;0.40154782656644117;0.5984521734335588
1730780776.310344;/app/bags/user95_2017-02-24.bag;0.834065854549408;0.0;0.9619645476341248;0.0;2.403604411345348;0.40154782656644117;0.5984521734335588
1730780776.5103986;/app/bags/user95_2017-02-24.bag;0.834065854549408;0.0;0.9619645476341248;0.0;2.403604411345348;0.40154782656644117;0.5984521734335588
1730780776.710369;/app/bags/user95_2017-02-24.bag;0.834065854549408;0.0;0.9619645476341248;0.0;2.403604411345348;0.40154782656644117;0.5984521734335588
1730780776.910382;/app/bags/user95_2017-02-24.bag;0.834065854549408;0.0;0.9619645476341248;0.0;2.403604411345348;0.40154782656644117;0.5984521734335588
1730780777.1103814;/app/bags/user95_2017-02-24.bag;0.834065854549408;0.0;0.9619645476341248;0.0;2.403604411345348;0.40154782656644117;0.5984521734335588
1730780777.3103573;/app/bags/user95_2017-02-24.bag;0.834065854549408;0.0;0.9619645476341248;0.0;2.403604411345348;0.40154782656644117;0.5984521734335588
1730780777.510412;/app/bags/user95_2017-02-24.bag;0.834065854549408;0.0;0.9619645476341248;0.0;2.403604411345348;0.40154782656644117;0.5984521734335588
1730780777.710384;/app/bags/user95_2017-02-24.bag;0.834065854549408;0.0;0.9619645476341248;0.0;2.403604411345348;0.40154782656644117;0.5984521734335588
1730780777.91039;/app/bags/user95_2017-02-24.bag;0.834065854549408;0.0;0.9619645476341248;0.0;2.403604411345348;0.40154782656644117;0.5984521734335588
1730780778.1104577;/app/bags/user95_2017-02-24.bag;0.834065854549408;0.0;0.9619645476341248;0.0;2.403604411345348;0.40154782656644117;0.5984521734335588
1730780778.3103695;/app/bags/user95_2017-02-24.bag;0.834065854549408;0.0;0.9619645476341248;0.0;2.403604411345348;0.40154782656644117;0.5984521734335588
1730780778.510372;/app/bags/user95_2017-02-24.bag;0.834065854549408;0.0;0.9619645476341248;0.0;2.403604411345348;0.40154782656644117;0.5984521734335588
1730780778.7103803;/app/bags/user95_2017-02-24.bag;0.834065854549408;0.0;0.9619645476341248;0.0;2.403604411345348;0.40154782656644117;0.5984521734335588
1730780778.9104033;/app/bags/user95_2017-02-24.bag;0.834065854549408;0.0;0.9619645476341248;0.0;2.403604411345348;0.40154782656644117;0.5984521734335588
1730780779.1104224;/app/bags/user95_2017-02-24.bag;0.834065854549408;0.0;0.9619645476341248;0.0;2.403604411345348;0.40154782656644117;0.5984521734335588
1730780779.3103862;/app/bags/user95_2017-02-24.bag;0.834065854549408;0.0;0.9619645476341248;0.0;2.403604411345348;0.40154782656644117;0.5984521734335588
1730780779.510381;/app/bags/user95_2017-02-24.bag;0.834065854549408;0.0;0.9619645476341248;0.0;2.403604411345348;0.40154782656644117;0.5984521734335588
1730780779.7103775;/app/bags/user95_2017-02-24.bag;0.834065854549408;0.0;0.9619645476341248;0.0;2.403604411345348;0.40154782656644117;0.5984521734335588
1730780779.910381;/app/bags/user95_2017-02-24.bag;0.834065854549408;0.0;0.9619645476341248;0.0;2.403604411345348;0.40154782656644117;0.5984521734335588
1730780780.1103852;/app/bags/user95_2017-02-24.bag;0.834065854549408;0.0;0.9619645476341248;0.0;2.403604411345348;0.40154782656644117;0.5984521734335588
1730780780.3103962;/app/bags/user95_2017-02-24.bag;0.834065854549408;0.0;0.9619645476341248;0.0;2.403604411345348;0.40154782656644117;0.5984521734335588
1730780780.5103903;/app/bags/user95_2017-02-24.bag;0.834065854549408;0.0;0.9619645476341248;0.0;2.403604411345348;0.40154782656644117;0.5984521734335588
1730780780.7103899;/app/bags/user95_2017-02-24.bag;0.834065854549408;0.0;0.9619645476341248;0.0;2.403604411345348;0.40154782656644117;0.5984521734335588
1730780780.9103775;/app/bags/user95_2017-02-24.bag;0.834065854549408;0.0;0.9619645476341248;0.0;2.403604411345348;0.40154782656644117;0.5984521734335588
1730780781.1104298;/app/bags/user95_2017-02-24.bag;0.834065854549408;0.0;0.9619645476341248;0.0;2.403604411345348;0.40154782656644117;0.5984521734335588
1730780781.3103862;/app/bags/user95_2017-02-24.bag;0.834065854549408;0.0;0.9619645476341248;0.0;2.403604411345348;0.40154782656644117;0.5984521734335588
1730780781.5103838;/app/bags/user95_2017-02-24.bag;0.834065854549408;0.0;0.9619645476341248;0.0;2.403604411345348;0.40154782656644117;0.5984521734335588
1730780781.7103753;/app/bags/user95_2017-02-24.bag;0.834065854549408;0.0;0.9619645476341248;0.0;2.403604411345348;0.40154782656644117;0.5984521734335588
1730780781.9103725;/app/bags/user95_2017-02-24.bag;0.834065854549408;0.0;0.9619645476341248;0.0;2.403604411345348;0.40154782656644117;0.5984521734335588
1730780782.110388;/app/bags/user95_2017-02-24.bag;0.834065854549408;0.0;0.9619645476341248;0.0;2.403604411345348;0.40154782656644117;0.5984521734335588
1730780782.3104546;/app/bags/user95_2017-02-24.bag;0.834065854549408;0.0;0.9619645476341248;0.0;2.403604411345348;0.40154782656644117;0.5984521734335588
1730780782.5103674;/app/bags/user95_2017-02-24.bag;0.834065854549408;0.0;0.9619645476341248;0.0;2.403604411345348;0.40154782656644117;0.5984521734335588
1730780782.7104316;/app/bags/user95_2017-02-24.bag;0.834065854549408;0.0;0.9619645476341248;0.0;2.403604411345348;0.40154782656644117;0.5984521734335588
1730780782.910394;/app/bags/user95_2017-02-24.bag;0.834065854549408;0.0;0.9619645476341248;0.0;2.403604411345348;0.40154782656644117;0.5984521734335588
1730780783.110364;/app/bags/user95_2017-02-24.bag;0.834065854549408;0.0;0.9619645476341248;0.0;2.403604411345348;0.40154782656644117;0.5984521734335588
1730780783.310427;/app/bags/user95_2017-02-24.bag;0.834065854549408;0.0;0.9619645476341248;0.0;2.403604411345348;0.40154782656644117;0.5984521734335588
1730780783.510427;/app/bags/user95_2017-02-24.bag;0.834065854549408;0.0;0.9619645476341248;0.0;2.403604411345348;0.40154782656644117;0.5984521734335588
1730780783.7105236;/app/bags/user95_2017-02-24.bag;0.834065854549408;0.0;0.9619645476341248;0.0;2.403604411345348;0.40154782656644117;0.5984521734335588
1730780783.910475;/app/bags/user95_2017-02-24.bag;0.834065854549408;0.0;0.9619645476341248;0.0;2.403604411345348;0.40154782656644117;0.5984521734335588
1730780784.1104276;/app/bags/user95_2017-02-24.bag;0.834065854549408;0.0;0.9619645476341248;0.0;2.403604411345348;0.40154782656644117;0.5984521734335588
1730780784.3103974;/app/bags/user95_2017-02-24.bag;0.834065854549408;0.0;0.9619645476341248;0.0;2.403604411345348;0.40154782656644117;0.5984521734335588
1730780784.5103893;/app/bags/user95_2017-02-24.bag;0.834065854549408;0.0;0.9619645476341248;0.0;2.403604411345348;0.40154782656644117;0.5984521734335588
1730780784.7104445;/app/bags/user95_2017-02-24.bag;0.834065854549408;0.0;0.9619645476341248;0.0;2.403604411345348;0.40154782656644117;0.5984521734335588
1730780784.9104037;/app/bags/user95_2017-02-24.bag;0.834065854549408;0.0;0.9619645476341248;0.0;2.403604411345348;0.40154782656644117;0.5984521734335588
1730780785.1104176;/app/bags/user95_2017-02-24.bag;0.834065854549408;0.0;0.9619645476341248;0.0;2.403604411345348;0.40154782656644117;0.5984521734335588
1730780785.3103833;/app/bags/user95_2017-02-24.bag;0.834065854549408;0.0;0.9619645476341248;0.0;2.403604411345348;0.40154782656644117;0.5984521734335588
1730780785.5104015;/app/bags/user95_2017-02-24.bag;0.834065854549408;0.0;0.9619645476341248;0.0;2.403604411345348;0.40154782656644117;0.5984521734335588
1730780785.7103884;/app/bags/user95_2017-02-24.bag;0.834065854549408;0.0;0.9619645476341248;0.0;2.403604411345348;0.40154782656644117;0.5984521734335588
1730780785.9103773;/app/bags/user95_2017-02-24.bag;0.834065854549408;0.0;0.9619645476341248;0.0;2.403604411345348;0.40154782656644117;0.5984521734335588
1730780786.1104121;/app/bags/user95_2017-02-24.bag;0.834065854549408;0.0;0.9619645476341248;0.0;2.403604411345348;0.40154782656644117;0.5984521734335588
1730780786.3103828;/app/bags/user95_2017-02-24.bag;0.834065854549408;0.0;0.9619645476341248;0.0;2.403604411345348;0.40154782656644117;0.5984521734335588
1730780786.5104342;/app/bags/user95_2017-02-24.bag;0.834065854549408;0.0;0.9619645476341248;0.0;2.403604411345348;0.40154782656644117;0.5984521734335588
1730780786.7104042;/app/bags/user95_2017-02-24.bag;0.834065854549408;0.0;0.9619645476341248;0.0;2.403604411345348;0.40154782656644117;0.5984521734335588
1730780786.9103637;/app/bags/user95_2017-02-24.bag;0.834065854549408;0.0;0.9619645476341248;0.0;2.403604411345348;0.40154782656644117;0.5984521734335588
1730780787.110384;/app/bags/user95_2017-02-24.bag;0.834065854549408;0.0;0.9619645476341248;0.0;2.403604411345348;0.40154782656644117;0.5984521734335588
1730780787.3104022;/app/bags/user95_2017-02-24.bag;0.834065854549408;0.0;0.9619645476341248;0.0;2.403604411345348;0.40154782656644117;0.5984521734335588
1730780787.510366;/app/bags/user95_2017-02-24.bag;0.834065854549408;0.0;0.9619645476341248;0.0;2.403604411345348;0.40154782656644117;0.5984521734335588
1730780787.7104433;/app/bags/user95_2017-02-24.bag;0.834065854549408;0.0;0.9619645476341248;0.0;2.403604411345348;0.40154782656644117;0.5984521734335588
1730780787.910401;/app/bags/user95_2017-02-24.bag;0.834065854549408;0.0;0.9619645476341248;0.0;2.403604411345348;0.40154782656644117;0.5984521734335588
1730780788.1103723;/app/bags/user95_2017-02-24.bag;0.834065854549408;0.0;0.9619645476341248;0.0;2.403604411345348;0.40154782656644117;0.5984521734335588
1730780788.3103647;/app/bags/user95_2017-02-24.bag;0.834065854549408;0.0;0.9619645476341248;0.0;2.403604411345348;0.40154782656644117;0.5984521734335588
1730780788.5104008;/app/bags/user95_2017-02-24.bag;0.834065854549408;0.0;0.9619645476341248;0.0;2.403604411345348;0.40154782656644117;0.5984521734335588
1730780788.710533;/app/bags/user95_2017-02-24.bag;0.834065854549408;0.0;0.9619645476341248;0.0;2.403604411345348;0.40154782656644117;0.5984521734335588
1730780788.9105017;/app/bags/user95_2017-02-24.bag;0.834065854549408;0.0;0.9619645476341248;0.0;2.403604411345348;0.40154782656644117;0.5984521734335588
1730780789.1103501;/app/bags/user95_2017-02-24.bag;0.834065854549408;0.0;0.9619645476341248;0.0;2.403604411345348;0.40154782656644117;0.5984521734335588
1730780789.310354;/app/bags/user95_2017-02-24.bag;0.834065854549408;0.0;0.9619645476341248;0.0;2.403604411345348;0.40154782656644117;0.5984521734335588
1730780789.5104635;/app/bags/user95_2017-02-24.bag;0.834065854549408;0.0;0.9619645476341248;0.0;2.403604411345348;0.40154782656644117;0.5984521734335588
1730780789.710423;/app/bags/user95_2017-02-24.bag;0.834065854549408;0.0;0.9619645476341248;0.0;2.403604411345348;0.40154782656644117;0.5984521734335588
1730780789.9103818;/app/bags/user95_2017-02-24.bag;0.834065854549408;0.0;0.9619645476341248;0.0;2.403604411345348;0.40154782656644117;0.5984521734335588
1730780790.1103833;/app/bags/user95_2017-02-24.bag;0.834065854549408;0.0;0.9619645476341248;0.0;2.403604411345348;0.40154782656644117;0.5984521734335588
1730780790.3103685;/app/bags/user95_2017-02-24.bag;0.834065854549408;0.0;0.9619645476341248;0.0;2.403604411345348;0.40154782656644117;0.5984521734335588
1730780790.5103936;/app/bags/user95_2017-02-24.bag;0.834065854549408;0.0;0.9619645476341248;0.0;2.403604411345348;0.40154782656644117;0.5984521734335588
1730780790.7103693;/app/bags/user95_2017-02-24.bag;0.834065854549408;0.0;0.9619645476341248;0.0;2.403604411345348;0.40154782656644117;0.5984521734335588
1730780790.9104226;/app/bags/user95_2017-02-24.bag;0.834065854549408;0.0;0.9619645476341248;0.0;2.403604411345348;0.40154782656644117;0.5984521734335588
1730780791.1104066;/app/bags/user95_2017-02-24.bag;0.834065854549408;0.0;0.9619645476341248;0.0;2.403604411345348;0.40154782656644117;0.5984521734335588
1730780791.310548;/app/bags/user95_2017-02-24.bag;0.834065854549408;0.0;0.9619645476341248;0.0;2.403604411345348;0.40154782656644117;0.5984521734335588
1730780791.5103848;/app/bags/user95_2017-02-24.bag;0.834065854549408;0.0;0.9619645476341248;0.0;2.403604411345348;0.40154782656644117;0.5984521734335588
1730780791.7104204;/app/bags/user95_2017-02-24.bag;0.834065854549408;0.0;0.9619645476341248;0.0;2.403604411345348;0.40154782656644117;0.5984521734335588
1730780791.9104;/app/bags/user95_2017-02-24.bag;0.834065854549408;0.0;0.9619645476341248;0.0;2.403604411345348;0.40154782656644117;0.5984521734335588
1730780792.1103919;/app/bags/user95_2017-02-24.bag;0.834065854549408;0.0;0.9619645476341248;0.0;2.403604411345348;0.40154782656644117;0.5984521734335588
1730780792.310396;/app/bags/user95_2017-02-24.bag;0.834065854549408;0.0;0.9619645476341248;0.0;2.403604411345348;0.40154782656644117;0.5984521734335588
1730780792.5104105;/app/bags/user95_2017-02-24.bag;0.834065854549408;0.0;0.9619645476341248;0.0;2.403604411345348;0.40154782656644117;0.5984521734335588
1730780792.71038;/app/bags/user95_2017-02-24.bag;0.834065854549408;0.0;0.9619645476341248;0.0;2.403604411345348;0.40154782656644117;0.5984521734335588
1730780792.910374;/app/bags/user95_2017-02-24.bag;0.834065854549408;0.0;0.9619645476341248;0.0;2.403604411345348;0.40154782656644117;0.5984521734335588
1730780793.1103923;/app/bags/user95_2017-02-24.bag;0.834065854549408;0.0;0.9619645476341248;0.0;2.403604411345348;0.40154782656644117;0.5984521734335588
1730780793.310448;/app/bags/user95_2017-02-24.bag;0.834065854549408;0.0;0.9619645476341248;0.0;2.403604411345348;0.40154782656644117;0.5984521734335588
1730780793.51039;/app/bags/user95_2017-02-24.bag;0.834065854549408;0.0;0.9619645476341248;0.0;2.403604411345348;0.40154782656644117;0.5984521734335588
1730780793.7104084;/app/bags/user95_2017-02-24.bag;0.834065854549408;0.0;0.9619645476341248;0.0;2.403604411345348;0.40154782656644117;0.5984521734335588
1730780793.9103835;/app/bags/user95_2017-02-24.bag;0.834065854549408;0.0;0.9619645476341248;0.0;2.403604411345348;0.40154782656644117;0.5984521734335588
1730780794.1104367;/app/bags/user95_2017-02-24.bag;0.834065854549408;0.0;0.9619645476341248;0.0;2.403604411345348;0.40154782656644117;0.5984521734335588
1730780794.3103542;/app/bags/user95_2017-02-24.bag;0.834065854549408;0.0;0.9619645476341248;0.0;2.403604411345348;0.40154782656644117;0.5984521734335588
1730780794.5104315;/app/bags/user95_2017-02-24.bag;0.834065854549408;0.0;0.9619645476341248;0.0;2.403604411345348;0.40154782656644117;0.5984521734335588
1730780794.7103775;/app/bags/user95_2017-02-24.bag;0.834065854549408;0.0;0.9619645476341248;0.0;2.403604411345348;0.40154782656644117;0.5984521734335588
1730780794.9104285;/app/bags/user95_2017-02-24.bag;0.834065854549408;0.0;0.9619645476341248;0.0;2.403604411345348;0.40154782656644117;0.5984521734335588
1730780795.1104264;/app/bags/user95_2017-02-24.bag;0.834065854549408;0.0;0.9619645476341248;0.0;2.403604411345348;0.40154782656644117;0.5984521734335588
1730780795.310383;/app/bags/user95_2017-02-24.bag;0.834065854549408;0.0;0.9619645476341248;0.0;2.403604411345348;0.40154782656644117;0.5984521734335588
1730780795.5103872;/app/bags/user95_2017-02-24.bag;0.834065854549408;0.0;0.9619645476341248;0.0;2.403604411345348;0.40154782656644117;0.5984521734335588
1730780795.7103543;/app/bags/user95_2017-02-24.bag;0.834065854549408;0.0;0.9619645476341248;0.0;2.403604411345348;0.40154782656644117;0.5984521734335588
1730780795.910393;/app/bags/user95_2017-02-24.bag;0.834065854549408;0.0;0.9619645476341248;0.0;2.403604411345348;0.40154782656644117;0.5984521734335588
1730780796.1104205;/app/bags/user95_2017-02-24.bag;0.834065854549408;0.0;0.9619645476341248;0.0;2.403604411345348;0.40154782656644117;0.5984521734335588
1730780796.310424;/app/bags/user95_2017-02-24.bag;0.834065854549408;0.0;0.9619645476341248;0.0;2.403604411345348;0.40154782656644117;0.5984521734335588
1730780796.510377;/app/bags/user95_2017-02-24.bag;0.834065854549408;0.0;0.9619645476341248;0.0;2.403604411345348;0.40154782656644117;0.5984521734335588
1730780796.710384;/app/bags/user95_2017-02-24.bag;0.834065854549408;0.0;0.9619645476341248;0.0;2.403604411345348;0.40154782656644117;0.5984521734335588
1730780796.9105446;/app/bags/user95_2017-02-24.bag;0.834065854549408;0.0;0.9619645476341248;0.0;2.403604411345348;0.40154782656644117;0.5984521734335588
1730780797.1103976;/app/bags/user95_2017-02-24.bag;0.834065854549408;0.0;0.9619645476341248;0.0;2.403604411345348;0.40154782656644117;0.5984521734335588
1730780797.3103979;/app/bags/user95_2017-02-24.bag;0.834065854549408;0.0;0.9619645476341248;0.0;2.403604411345348;0.40154782656644117;0.5984521734335588
1730780797.5103738;/app/bags/user95_2017-02-24.bag;0.834065854549408;0.0;0.9619645476341248;0.0;2.403604411345348;0.40154782656644117;0.5984521734335588
1730780797.710404;/app/bags/user95_2017-02-24.bag;0.834065854549408;0.0;0.9619645476341248;0.0;2.403604411345348;0.40154782656644117;0.5984521734335588
1730780797.91048;/app/bags/user95_2017-02-24.bag;0.834065854549408;0.0;0.9619645476341248;0.0;2.403604411345348;0.40154782656644117;0.5984521734335588
1730780798.1103702;/app/bags/user95_2017-02-24.bag;0.834065854549408;0.0;0.9619645476341248;0.0;2.403604411345348;0.40154782656644117;0.5984521734335588
1730780798.3104343;/app/bags/user95_2017-02-24.bag;0.834065854549408;0.0;0.9619645476341248;0.0;2.403604411345348;0.40154782656644117;0.5984521734335588
1730780798.5103664;/app/bags/user95_2017-02-24.bag;0.834065854549408;0.0;0.9619645476341248;0.0;2.403604411345348;0.40154782656644117;0.5984521734335588
1730780798.7103715;/app/bags/user95_2017-02-24.bag;0.834065854549408;0.0;0.9619645476341248;0.0;2.403604411345348;0.40154782656644117;0.5984521734335588
1730780798.910403;/app/bags/user95_2017-02-24.bag;0.834065854549408;0.0;0.9619645476341248;0.0;2.403604411345348;0.40154782656644117;0.5984521734335588
1730780799.110435;/app/bags/user95_2017-02-24.bag;0.834065854549408;0.0;0.9619645476341248;0.0;2.403604411345348;0.40154782656644117;0.5984521734335588
1730780799.3103921;/app/bags/user95_2017-02-24.bag;0.834065854549408;0.0;0.9619645476341248;0.0;2.403604411345348;0.40154782656644117;0.5984521734335588
1730780799.5103846;/app/bags/user95_2017-02-24.bag;0.834065854549408;0.0;0.9619645476341248;0.0;2.403604411345348;0.40154782656644117;0.5984521734335588
1730780799.710373;/app/bags/user95_2017-02-24.bag;0.834065854549408;0.0;0.9619645476341248;0.0;2.403604411345348;0.40154782656644117;0.5984521734335588
1730780799.910374;/app/bags/user95_2017-02-24.bag;0.834065854549408;0.0;0.9619645476341248;0.0;2.403604411345348;0.40154782656644117;0.5984521734335588
1730780800.110411;/app/bags/user95_2017-02-24.bag;0.834065854549408;0.0;0.9619645476341248;0.0;2.403604411345348;0.40154782656644117;0.5984521734335588
1730780800.3103817;/app/bags/user95_2017-02-24.bag;0.834065854549408;0.0;0.9619645476341248;0.0;2.403604411345348;0.40154782656644117;0.5984521734335588
1730780800.5103614;/app/bags/user95_2017-02-24.bag;0.834065854549408;0.0;0.9619645476341248;0.0;2.403604411345348;0.40154782656644117;0.5984521734335588
1730780800.7103868;/app/bags/user95_2017-02-24.bag;0.834065854549408;0.0;0.9619645476341248;0.0;2.403604411345348;0.40154782656644117;0.5984521734335588
1730780800.9103758;/app/bags/user95_2017-02-24.bag;0.834065854549408;0.0;0.9619645476341248;0.0;2.403604411345348;0.40154782656644117;0.5984521734335588
1730780801.1104074;/app/bags/user95_2017-02-24.bag;0.834065854549408;0.0;0.9619645476341248;0.0;2.403604411345348;0.40154782656644117;0.5984521734335588
1730780801.3104022;/app/bags/user95_2017-02-24.bag;0.834065854549408;0.0;0.9619645476341248;0.0;2.403604411345348;0.40154782656644117;0.5984521734335588
1730780801.5103884;/app/bags/user95_2017-02-24.bag;0.834065854549408;0.0;0.9619645476341248;0.0;2.403604411345348;0.40154782656644117;0.5984521734335588
1730780801.710443;/app/bags/user95_2017-02-24.bag;0.834065854549408;0.0;0.9619645476341248;0.0;2.403604411345348;0.40154782656644117;0.5984521734335588
1730780801.9104404;/app/bags/user95_2017-02-24.bag;0.834065854549408;0.0;0.9619645476341248;0.0;2.403604411345348;0.40154782656644117;0.5984521734335588
1730780802.110476;/app/bags/user95_2017-02-24.bag;0.834065854549408;0.0;0.9619645476341248;0.0;2.403604411345348;0.40154782656644117;0.5984521734335588
1730780802.3104072;/app/bags/user95_2017-02-24.bag;0.834065854549408;0.0;0.9619645476341248;0.0;2.403604411345348;0.40154782656644117;0.5984521734335588
1730780802.510409;/app/bags/user95_2017-02-24.bag;0.834065854549408;0.0;0.9619645476341248;0.0;2.403604411345348;0.40154782656644117;0.5984521734335588
1730780802.7103531;/app/bags/user95_2017-02-24.bag;0.834065854549408;0.0;0.9619645476341248;0.0;2.403604411345348;0.40154782656644117;0.5984521734335588
1730780802.910453;/app/bags/user95_2017-02-24.bag;0.834065854549408;0.0;0.9619645476341248;0.0;2.403604411345348;0.40154782656644117;0.5984521734335588
1730780803.110423;/app/bags/user95_2017-02-24.bag;0.834065854549408;0.0;0.9619645476341248;0.0;2.403604411345348;0.40154782656644117;0.5984521734335588
1730780803.3104026;/app/bags/user95_2017-02-24.bag;0.834065854549408;0.0;0.9619645476341248;0.0;2.403604411345348;0.40154782656644117;0.5984521734335588
1730780803.5104911;/app/bags/user95_2017-02-24.bag;0.834065854549408;0.0;0.9619645476341248;0.0;2.403604411345348;0.40154782656644117;0.5984521734335588
1730780803.7104077;/app/bags/user95_2017-02-24.bag;0.834065854549408;0.0;0.9619645476341248;0.0;2.403604411345348;0.40154782656644117;0.5984521734335588
1730780803.9103916;/app/bags/user95_2017-02-24.bag;0.834065854549408;0.0;0.9619645476341248;0.0;2.403604411345348;0.40154782656644117;0.5984521734335588
1730780804.110396;/app/bags/user95_2017-02-24.bag;0.834065854549408;0.0;0.9619645476341248;0.0;2.403604411345348;0.40154782656644117;0.5984521734335588
1730780804.310398;/app/bags/user95_2017-02-24.bag;0.834065854549408;0.0;0.9619645476341248;0.0;2.403604411345348;0.40154782656644117;0.5984521734335588
1730780804.5105731;/app/bags/user95_2017-02-24.bag;0.834065854549408;0.0;0.9619645476341248;0.0;2.403604411345348;0.40154782656644117;0.5984521734335588
1730780804.7103913;/app/bags/user95_2017-02-24.bag;0.834065854549408;0.0;0.9619645476341248;0.0;2.403604411345348;0.40154782656644117;0.5984521734335588
1730780804.9103937;/app/bags/user95_2017-02-24.bag;0.834065854549408;0.0;0.9619645476341248;0.0;2.403604411345348;0.40154782656644117;0.5984521734335588
1730780805.1103508;/app/bags/user95_2017-02-24.bag;0.834065854549408;0.0;0.9619645476341248;0.0;2.403604411345348;0.40154782656644117;0.5984521734335588
1730780805.3104215;/app/bags/user95_2017-02-24.bag;0.834065854549408;0.0;0.9619645476341248;0.0;2.403604411345348;0.40154782656644117;0.5984521734335588
1730780805.5103662;/app/bags/user95_2017-02-24.bag;0.834065854549408;0.0;0.9619645476341248;0.0;2.403604411345348;0.40154782656644117;0.5984521734335588
1730780805.7103984;/app/bags/user95_2017-02-24.bag;0.834065854549408;0.0;0.9619645476341248;0.0;2.403604411345348;0.40154782656644117;0.5984521734335588
1730780805.9104314;/app/bags/user95_2017-02-24.bag;0.834065854549408;0.0;0.9619645476341248;0.0;2.403604411345348;0.40154782656644117;0.5984521734335588
1730780806.1104248;/app/bags/user95_2017-02-24.bag;0.834065854549408;0.0;0.9619645476341248;0.0;2.403604411345348;0.40154782656644117;0.5984521734335588
1730780806.3103793;/app/bags/user95_2017-02-24.bag;0.834065854549408;0.0;0.9619645476341248;0.0;2.403604411345348;0.40154782656644117;0.5984521734335588
1730780806.5104609;/app/bags/user95_2017-02-24.bag;0.834065854549408;0.0;0.9619645476341248;0.0;2.403604411345348;0.40154782656644117;0.5984521734335588
1730780806.7103803;/app/bags/user95_2017-02-24.bag;0.834065854549408;0.0;0.9619645476341248;0.0;2.403604411345348;0.40154782656644117;0.5984521734335588
1730780806.9103603;/app/bags/user95_2017-02-24.bag;0.834065854549408;0.0;0.9619645476341248;0.0;2.403604411345348;0.40154782656644117;0.5984521734335588
1730780807.1106555;/app/bags/user95_2017-02-24.bag;0.834065854549408;0.0;0.9619645476341248;0.0;2.403604411345348;0.40154782656644117;0.5984521734335588
1730780807.3103337;/app/bags/user95_2017-02-24.bag;0.834065854549408;0.0;0.9619645476341248;0.0;2.403604411345348;0.40154782656644117;0.5984521734335588
1730780807.510374;/app/bags/user95_2017-02-24.bag;0.834065854549408;0.0;0.9619645476341248;0.0;2.403604411345348;0.40154782656644117;0.5984521734335588
1730780807.7103941;/app/bags/user95_2017-02-24.bag;0.834065854549408;0.0;0.9619645476341248;0.0;2.403604411345348;0.40154782656644117;0.5984521734335588
1730780807.9104013;/app/bags/user95_2017-02-24.bag;0.834065854549408;0.0;0.9619645476341248;0.0;2.403604411345348;0.40154782656644117;0.5984521734335588
1730780808.110389;/app/bags/user95_2017-02-24.bag;0.834065854549408;0.0;0.9619645476341248;0.0;2.403604411345348;0.40154782656644117;0.5984521734335588
1730780808.3104005;/app/bags/user95_2017-02-24.bag;0.834065854549408;0.0;0.9619645476341248;0.0;2.403604411345348;0.40154782656644117;0.5984521734335588
1730780808.5104108;/app/bags/user95_2017-02-24.bag;0.834065854549408;0.0;0.9619645476341248;0.0;2.403604411345348;0.40154782656644117;0.5984521734335588
1730780808.7104228;/app/bags/user95_2017-02-24.bag;0.834065854549408;0.0;0.9619645476341248;0.0;2.403604411345348;0.40154782656644117;0.5984521734335588
1730780808.9103763;/app/bags/user95_2017-02-24.bag;0.834065854549408;0.0;0.9619645476341248;0.0;2.403604411345348;0.40154782656644117;0.5984521734335588
1730780809.1105514;/app/bags/user95_2017-02-24.bag;0.834065854549408;0.0;0.9619645476341248;0.0;2.403604411345348;0.40154782656644117;0.5984521734335588
1730780809.3103907;/app/bags/user95_2017-02-24.bag;0.834065854549408;0.0;0.9619645476341248;0.0;2.403604411345348;0.40154782656644117;0.5984521734335588
1730780809.5104122;/app/bags/user95_2017-02-24.bag;0.834065854549408;0.0;0.9619645476341248;0.0;2.403604411345348;0.40154782656644117;0.5984521734335588
1730780809.7103844;/app/bags/user95_2017-02-24.bag;0.834065854549408;0.0;0.9619645476341248;0.0;2.403604411345348;0.40154782656644117;0.5984521734335588
1730780809.9103725;/app/bags/user95_2017-02-24.bag;0.834065854549408;0.0;0.9619645476341248;0.0;2.403604411345348;0.40154782656644117;0.5984521734335588
1730780810.1104002;/app/bags/user95_2017-02-24.bag;0.834065854549408;0.0;0.9619645476341248;0.0;2.403604411345348;0.40154782656644117;0.5984521734335588
1730780810.3103666;/app/bags/user95_2017-02-24.bag;0.834065854549408;0.0;0.9619645476341248;0.0;2.403604411345348;0.40154782656644117;0.5984521734335588
1730780810.510372;/app/bags/user95_2017-02-24.bag;0.834065854549408;0.0;0.9619645476341248;0.0;2.403604411345348;0.40154782656644117;0.5984521734335588
1730780810.7103934;/app/bags/user95_2017-02-24.bag;0.834065854549408;0.0;0.9619645476341248;0.0;2.403604411345348;0.40154782656644117;0.5984521734335588
1730780810.910377;/app/bags/user95_2017-02-24.bag;0.834065854549408;0.0;0.9619645476341248;0.0;2.403604411345348;0.40154782656644117;0.5984521734335588
1730780811.1104388;/app/bags/user95_2017-02-24.bag;0.834065854549408;0.0;0.9619645476341248;0.0;2.403604411345348;0.40154782656644117;0.5984521734335588
1730780811.3103895;/app/bags/user95_2017-02-24.bag;0.834065854549408;0.0;0.9619645476341248;0.0;2.403604411345348;0.40154782656644117;0.5984521734335588
1730780811.510405;/app/bags/user95_2017-02-24.bag;0.834065854549408;0.0;0.9619645476341248;0.0;2.403604411345348;0.40154782656644117;0.5984521734335588
1730780811.710436;/app/bags/user95_2017-02-24.bag;0.834065854549408;0.0;0.9619645476341248;0.0;2.403604411345348;0.40154782656644117;0.5984521734335588
1730780811.910343;/app/bags/user95_2017-02-24.bag;0.834065854549408;0.0;0.9619645476341248;0.0;2.403604411345348;0.40154782656644117;0.5984521734335588
1730780812.1103437;/app/bags/user95_2017-02-24.bag;0.834065854549408;0.0;0.9619645476341248;0.0;2.403604411345348;0.40154782656644117;0.5984521734335588
1730780812.310426;/app/bags/user95_2017-02-24.bag;0.834065854549408;0.0;0.9619645476341248;0.0;2.403604411345348;0.40154782656644117;0.5984521734335588
1730780812.5103865;/app/bags/user95_2017-02-24.bag;0.834065854549408;0.0;0.9619645476341248;0.0;2.403604411345348;0.40154782656644117;0.5984521734335588
1730780812.7105098;/app/bags/user95_2017-02-24.bag;0.834065854549408;0.0;0.9619645476341248;0.0;2.403604411345348;0.40154782656644117;0.5984521734335588
1730780812.9104085;/app/bags/user95_2017-02-24.bag;0.834065854549408;0.0;0.9619645476341248;0.0;2.403604411345348;0.40154782656644117;0.5984521734335588
1730780813.1104105;/app/bags/user95_2017-02-24.bag;0.834065854549408;0.0;0.9619645476341248;0.0;2.403604411345348;0.40154782656644117;0.5984521734335588
1730780813.3103826;/app/bags/user95_2017-02-24.bag;0.834065854549408;0.0;0.9619645476341248;0.0;2.403604411345348;0.40154782656644117;0.5984521734335588
1730780813.5103838;/app/bags/user95_2017-02-24.bag;0.834065854549408;0.0;0.9619645476341248;0.0;2.403604411345348;0.40154782656644117;0.5984521734335588
1730780813.7103763;/app/bags/user95_2017-02-24.bag;0.834065854549408;0.0;0.9619645476341248;0.0;2.403604411345348;0.40154782656644117;0.5984521734335588
1730780813.9103773;/app/bags/user95_2017-02-24.bag;0.834065854549408;0.0;0.9619645476341248;0.0;2.403604411345348;0.40154782656644117;0.5984521734335588
1730780814.1104085;/app/bags/user95_2017-02-24.bag;0.834065854549408;0.0;0.9619645476341248;0.0;2.403604411345348;0.40154782656644117;0.5984521734335588
1730780814.3103976;/app/bags/user95_2017-02-24.bag;0.834065854549408;0.0;0.9619645476341248;0.0;2.403604411345348;0.40154782656644117;0.5984521734335588
1730780814.5103998;/app/bags/user95_2017-02-24.bag;0.834065854549408;0.0;0.9619645476341248;0.0;2.403604411345348;0.40154782656644117;0.5984521734335588
1730780814.7103934;/app/bags/user95_2017-02-24.bag;0.834065854549408;0.0;0.9619645476341248;0.0;2.403604411345348;0.40154782656644117;0.5984521734335588
1730780814.9103837;/app/bags/user95_2017-02-24.bag;0.834065854549408;0.0;0.9619645476341248;0.0;2.403604411345348;0.40154782656644117;0.5984521734335588
1730780815.1104453;/app/bags/user95_2017-02-24.bag;0.834065854549408;0.0;0.9619645476341248;0.0;2.403604411345348;0.40154782656644117;0.5984521734335588
1730780815.3103976;/app/bags/user95_2017-02-24.bag;0.834065854549408;0.0;0.9619645476341248;0.0;2.403604411345348;0.40154782656644117;0.5984521734335588
1730780815.5103884;/app/bags/user95_2017-02-24.bag;0.834065854549408;0.0;0.9619645476341248;0.0;2.403604411345348;0.40154782656644117;0.5984521734335588
1730780815.710401;/app/bags/user95_2017-02-24.bag;0.834065854549408;0.0;0.9619645476341248;0.0;2.403604411345348;0.40154782656644117;0.5984521734335588
1730780815.9104087;/app/bags/user95_2017-02-24.bag;0.834065854549408;0.0;0.9619645476341248;0.0;2.403604411345348;0.40154782656644117;0.5984521734335588
1730780816.1103828;/app/bags/user95_2017-02-24.bag;0.834065854549408;0.0;0.9619645476341248;0.0;2.403604411345348;0.40154782656644117;0.5984521734335588
1730780816.3103771;/app/bags/user95_2017-02-24.bag;0.834065854549408;0.0;0.9619645476341248;0.0;2.403604411345348;0.40154782656644117;0.5984521734335588
1730780816.5103877;/app/bags/user95_2017-02-24.bag;0.834065854549408;0.0;0.9619645476341248;0.0;2.403604411345348;0.40154782656644117;0.5984521734335588
1730780816.7103796;/app/bags/user95_2017-02-24.bag;0.834065854549408;0.0;0.9619645476341248;0.0;2.403604411345348;0.40154782656644117;0.5984521734335588
1730780816.9103556;/app/bags/user95_2017-02-24.bag;0.834065854549408;0.0;0.9619645476341248;0.0;2.403604411345348;0.40154782656644117;0.5984521734335588
1730780817.110392;/app/bags/user95_2017-02-24.bag;0.834065854549408;0.0;0.9619645476341248;0.0;2.403604411345348;0.40154782656644117;0.5984521734335588
1730780817.3104117;/app/bags/user95_2017-02-24.bag;0.834065854549408;0.0;0.9619645476341248;0.0;2.403604411345348;0.40154782656644117;0.5984521734335588
1730780817.5105004;/app/bags/user95_2017-02-24.bag;0.834065854549408;0.0;0.9619645476341248;0.0;2.403604411345348;0.40154782656644117;0.5984521734335588
1730780817.710412;/app/bags/user95_2017-02-24.bag;0.834065854549408;0.0;0.9619645476341248;0.0;2.403604411345348;0.40154782656644117;0.5984521734335588
1730780817.910394;/app/bags/user95_2017-02-24.bag;0.834065854549408;0.0;0.9619645476341248;0.0;2.403604411345348;0.40154782656644117;0.5984521734335588
1730780818.1103797;/app/bags/user95_2017-02-24.bag;0.834065854549408;0.0;0.9619645476341248;0.0;2.403604411345348;0.40154782656644117;0.5984521734335588
1730780818.3104033;/app/bags/user95_2017-02-24.bag;0.834065854549408;0.0;0.9619645476341248;0.0;2.403604411345348;0.40154782656644117;0.5984521734335588
1730780818.5103843;/app/bags/user95_2017-02-24.bag;0.834065854549408;0.0;0.9619645476341248;0.0;2.403604411345348;0.40154782656644117;0.5984521734335588
1730780818.7103653;/app/bags/user95_2017-02-24.bag;0.834065854549408;0.0;0.9619645476341248;0.0;2.403604411345348;0.40154782656644117;0.5984521734335588
1730780818.9105682;/app/bags/user95_2017-02-24.bag;0.834065854549408;0.0;0.9619645476341248;0.0;2.403604411345348;0.40154782656644117;0.5984521734335588
1730780819.1103673;/app/bags/user95_2017-02-24.bag;0.834065854549408;0.0;0.9619645476341248;0.0;2.403604411345348;0.40154782656644117;0.5984521734335588
1730780819.3103878;/app/bags/user95_2017-02-24.bag;0.834065854549408;0.0;0.9619645476341248;0.0;2.403604411345348;0.40154782656644117;0.5984521734335588
1730780819.51037;/app/bags/user95_2017-02-24.bag;0.834065854549408;0.0;0.9619645476341248;0.0;2.403604411345348;0.40154782656644117;0.5984521734335588
1730780819.7103946;/app/bags/user95_2017-02-24.bag;0.834065854549408;0.0;0.9619645476341248;0.0;2.403604411345348;0.40154782656644117;0.5984521734335588
1730780819.9103937;/app/bags/user95_2017-02-24.bag;0.834065854549408;0.0;0.9619645476341248;0.0;2.403604411345348;0.40154782656644117;0.5984521734335588
1730780820.1103704;/app/bags/user95_2017-02-24.bag;0.834065854549408;0.0;0.9619645476341248;0.0;2.403604411345348;0.40154782656644117;0.5984521734335588
1730780820.3104305;/app/bags/user95_2017-02-24.bag;0.834065854549408;0.0;0.9619645476341248;0.0;2.403604411345348;0.40154782656644117;0.5984521734335588
1730780820.5104127;/app/bags/user95_2017-02-24.bag;0.834065854549408;0.0;0.9619645476341248;0.0;2.403604411345348;0.40154782656644117;0.5984521734335588
1730780820.7103846;/app/bags/user95_2017-02-24.bag;0.834065854549408;0.0;0.9619645476341248;0.0;2.403604411345348;0.40154782656644117;0.5984521734335588
1730780820.91043;/app/bags/user95_2017-02-24.bag;0.834065854549408;0.0;0.9619645476341248;0.0;2.403604411345348;0.40154782656644117;0.5984521734335588
1730780821.110399;/app/bags/user95_2017-02-24.bag;0.834065854549408;0.0;0.9619645476341248;0.0;2.403604411345348;0.40154782656644117;0.5984521734335588
1730780821.3103774;/app/bags/user95_2017-02-24.bag;0.834065854549408;0.0;0.9619645476341248;0.0;2.403604411345348;0.40154782656644117;0.5984521734335588
1730780821.510375;/app/bags/user95_2017-02-24.bag;0.834065854549408;0.0;0.9619645476341248;0.0;2.403604411345348;0.40154782656644117;0.5984521734335588
1730780821.7103868;/app/bags/user95_2017-02-24.bag;0.834065854549408;0.0;0.9619645476341248;0.0;2.403604411345348;0.40154782656644117;0.5984521734335588
1730780821.9104645;/app/bags/user95_2017-02-24.bag;0.834065854549408;0.0;0.9619645476341248;0.0;2.403604411345348;0.40154782656644117;0.5984521734335588
1730780822.1104112;/app/bags/user95_2017-02-24.bag;0.834065854549408;0.0;0.9619645476341248;0.0;2.403604411345348;0.40154782656644117;0.5984521734335588
1730780822.310444;/app/bags/user95_2017-02-24.bag;0.834065854549408;0.0;0.9619645476341248;0.0;2.403604411345348;0.40154782656644117;0.5984521734335588
1730780822.5103767;/app/bags/user95_2017-02-24.bag;0.834065854549408;0.0;0.9619645476341248;0.0;2.403604411345348;0.40154782656644117;0.5984521734335588
1730780822.7103927;/app/bags/user95_2017-02-24.bag;0.834065854549408;0.0;0.9619645476341248;0.0;2.403604411345348;0.40154782656644117;0.5984521734335588
1730780822.9104161;/app/bags/user95_2017-02-24.bag;0.834065854549408;0.0;0.9619645476341248;0.0;2.403604411345348;0.40154782656644117;0.5984521734335588
1730780823.1104057;/app/bags/user95_2017-02-24.bag;0.834065854549408;0.0;0.9619645476341248;0.0;2.403604411345348;0.40154782656644117;0.5984521734335588
1730780823.3103795;/app/bags/user95_2017-02-24.bag;0.834065854549408;0.0;0.9619645476341248;0.0;2.403604411345348;0.40154782656644117;0.5984521734335588
1730780823.5104425;/app/bags/user95_2017-02-24.bag;0.834065854549408;0.0;0.9619645476341248;0.0;2.403604411345348;0.40154782656644117;0.5984521734335588
1730780823.710428;/app/bags/user95_2017-02-24.bag;0.834065854549408;0.0;0.9619645476341248;0.0;2.403604411345348;0.40154782656644117;0.5984521734335588
1730780823.9103842;/app/bags/user95_2017-02-24.bag;0.834065854549408;0.0;0.9619645476341248;0.0;2.403604411345348;0.40154782656644117;0.5984521734335588
1730780824.1103854;/app/bags/user95_2017-02-24.bag;0.834065854549408;0.0;0.9619645476341248;0.0;2.403604411345348;0.40154782656644117;0.5984521734335588
1730780824.310371;/app/bags/user95_2017-02-24.bag;0.834065854549408;0.0;0.9619645476341248;0.0;2.403604411345348;0.40154782656644117;0.5984521734335588
1730780824.5103893;/app/bags/user95_2017-02-24.bag;0.834065854549408;0.0;0.9619645476341248;0.0;2.403604411345348;0.40154782656644117;0.5984521734335588
1730780824.7104034;/app/bags/user95_2017-02-24.bag;0.834065854549408;0.0;0.9619645476341248;0.0;2.403604411345348;0.40154782656644117;0.5984521734335588
1730780824.9104233;/app/bags/user95_2017-02-24.bag;0.834065854549408;0.0;0.9619645476341248;0.0;2.403604411345348;0.40154782656644117;0.5984521734335588
1730780825.1103945;/app/bags/user95_2017-02-24.bag;0.834065854549408;0.0;0.9619645476341248;0.0;2.403604411345348;0.40154782656644117;0.5984521734335588
1730780825.3103292;/app/bags/user95_2017-02-24.bag;0.834065854549408;0.0;0.9619645476341248;0.0;2.403604411345348;0.40154782656644117;0.5984521734335588
1730780825.5103755;/app/bags/user95_2017-02-24.bag;0.834065854549408;0.0;0.9619645476341248;0.0;2.403604411345348;0.40154782656644117;0.5984521734335588
1730780825.7103868;/app/bags/user95_2017-02-24.bag;0.834065854549408;0.0;0.9619645476341248;0.0;2.403604411345348;0.40154782656644117;0.5984521734335588
1730780825.9103532;/app/bags/user95_2017-02-24.bag;0.834065854549408;0.0;0.9619645476341248;0.0;2.403604411345348;0.40154782656644117;0.5984521734335588
1730780826.11038;/app/bags/user95_2017-02-24.bag;0.834065854549408;0.0;0.9619645476341248;0.0;2.403604411345348;0.40154782656644117;0.5984521734335588
1730780826.310356;/app/bags/user95_2017-02-24.bag;0.834065854549408;0.0;0.9619645476341248;0.0;2.403604411345348;0.40154782656644117;0.5984521734335588
1730780826.5103614;/app/bags/user95_2017-02-24.bag;0.834065854549408;0.0;0.9619645476341248;0.0;2.403604411345348;0.40154782656644117;0.5984521734335588
1730780826.7103794;/app/bags/user95_2017-02-24.bag;0.834065854549408;0.0;0.9619645476341248;0.0;2.403604411345348;0.40154782656644117;0.5984521734335588
1730780826.91039;/app/bags/user95_2017-02-24.bag;0.834065854549408;0.0;0.9619645476341248;0.0;2.403604411345348;0.40154782656644117;0.5984521734335588
1730780827.1103504;/app/bags/user95_2017-02-24.bag;0.834065854549408;0.0;0.9619645476341248;0.0;2.403604411345348;0.40154782656644117;0.5984521734335588
1730780827.3103993;/app/bags/user95_2017-02-24.bag;0.834065854549408;0.0;0.9619645476341248;0.0;2.403604411345348;0.40154782656644117;0.5984521734335588
1730780827.5104156;/app/bags/user95_2017-02-24.bag;0.834065854549408;0.0;0.9619645476341248;0.0;2.403604411345348;0.40154782656644117;0.5984521734335588
1730780827.7104216;/app/bags/user95_2017-02-24.bag;0.834065854549408;0.0;0.9619645476341248;0.0;2.403604411345348;0.40154782656644117;0.5984521734335588
1730780827.9104433;/app/bags/user95_2017-02-24.bag;0.834065854549408;0.0;0.9619645476341248;0.0;2.403604411345348;0.40154782656644117;0.5984521734335588
1730780828.1103947;/app/bags/user95_2017-02-24.bag;0.834065854549408;0.0;0.9619645476341248;0.0;2.403604411345348;0.40154782656644117;0.5984521734335588
1730780828.3104153;/app/bags/user95_2017-02-24.bag;0.834065854549408;0.0;0.9619645476341248;0.0;2.403604411345348;0.40154782656644117;0.5984521734335588
1730780828.5104256;/app/bags/user95_2017-02-24.bag;0.834065854549408;0.0;0.9619645476341248;0.0;2.403604411345348;0.40154782656644117;0.5984521734335588
1730780828.7104502;/app/bags/user95_2017-02-24.bag;0.834065854549408;0.0;0.9619645476341248;0.0;2.403604411345348;0.40154782656644117;0.5984521734335588
1730780828.910405;/app/bags/user95_2017-02-24.bag;0.834065854549408;0.0;0.9619645476341248;0.0;2.403604411345348;0.40154782656644117;0.5984521734335588
1730780829.1103897;/app/bags/user95_2017-02-24.bag;0.834065854549408;0.0;0.9619645476341248;0.0;2.403604411345348;0.40154782656644117;0.5984521734335588
1730780829.3103955;/app/bags/user95_2017-02-24.bag;0.834065854549408;0.0;0.9619645476341248;0.0;2.403604411345348;0.40154782656644117;0.5984521734335588
1730780829.5104423;/app/bags/user95_2017-02-24.bag;0.834065854549408;0.0;0.9619645476341248;0.0;2.403604411345348;0.40154782656644117;0.5984521734335588
1730780829.7104023;/app/bags/user95_2017-02-24.bag;0.834065854549408;0.0;0.9619645476341248;0.0;2.403604411345348;0.40154782656644117;0.5984521734335588
1730780829.910378;/app/bags/user95_2017-02-24.bag;0.834065854549408;0.0;0.9619645476341248;0.0;2.403604411345348;0.40154782656644117;0.5984521734335588
1730780830.1103995;/app/bags/user95_2017-02-24.bag;0.834065854549408;0.0;0.9619645476341248;0.0;2.403604411345348;0.40154782656644117;0.5984521734335588
1730780830.3103945;/app/bags/user95_2017-02-24.bag;0.834065854549408;0.0;0.9619645476341248;0.0;2.403604411345348;0.40154782656644117;0.5984521734335588
1730780830.5104203;/app/bags/user95_2017-02-24.bag;0.834065854549408;0.0;0.9619645476341248;0.0;2.403604411345348;0.40154782656644117;0.5984521734335588
1730780830.7103767;/app/bags/user95_2017-02-24.bag;0.834065854549408;0.0;0.9619645476341248;0.0;2.403604411345348;0.40154782656644117;0.5984521734335588
1730780830.9103925;/app/bags/user95_2017-02-24.bag;0.834065854549408;0.0;0.9619645476341248;0.0;2.403604411345348;0.40154782656644117;0.5984521734335588
1730780831.1104405;/app/bags/user95_2017-02-24.bag;0.834065854549408;0.0;0.9619645476341248;0.0;2.403604411345348;0.40154782656644117;0.5984521734335588
1730780831.3104079;/app/bags/user95_2017-02-24.bag;0.834065854549408;0.0;0.9619645476341248;0.0;2.403604411345348;0.40154782656644117;0.5984521734335588
1730780831.5104299;/app/bags/user95_2017-02-24.bag;0.834065854549408;0.0;0.9619645476341248;0.0;2.403604411345348;0.40154782656644117;0.5984521734335588
1730780831.7103167;/app/bags/user95_2017-02-24.bag;0.834065854549408;0.0;0.9619645476341248;0.0;2.403604411345348;0.40154782656644117;0.5984521734335588
1730780831.910504;/app/bags/user95_2017-02-24.bag;0.834065854549408;0.0;0.9619645476341248;0.0;2.403604411345348;0.40154782656644117;0.5984521734335588
1730780832.1103818;/app/bags/user95_2017-02-24.bag;0.834065854549408;0.0;0.9619645476341248;0.0;2.403604411345348;0.40154782656644117;0.5984521734335588
1730780832.3103735;/app/bags/user95_2017-02-24.bag;0.834065854549408;0.0;0.9619645476341248;0.0;2.403604411345348;0.40154782656644117;0.5984521734335588
1730780832.5104005;/app/bags/user95_2017-02-24.bag;0.834065854549408;0.0;0.9619645476341248;0.0;2.403604411345348;0.40154782656644117;0.5984521734335588
1730780832.7104383;/app/bags/user95_2017-02-24.bag;0.834065854549408;0.0;0.9619645476341248;0.0;2.403604411345348;0.40154782656644117;0.5984521734335588
1730780832.9104855;/app/bags/user95_2017-02-24.bag;0.834065854549408;0.0;0.9619645476341248;0.0;2.403604411345348;0.40154782656644117;0.5984521734335588
1730780833.1103675;/app/bags/user95_2017-02-24.bag;0.834065854549408;0.0;0.9619645476341248;0.0;2.403604411345348;0.40154782656644117;0.5984521734335588
1730780833.3103755;/app/bags/user95_2017-02-24.bag;0.834065854549408;0.0;0.9619645476341248;0.0;2.403604411345348;0.40154782656644117;0.5984521734335588
1730780833.510382;/app/bags/user95_2017-02-24.bag;0.834065854549408;0.0;0.9619645476341248;0.0;2.403604411345348;0.40154782656644117;0.5984521734335588
1730780833.7103896;/app/bags/user95_2017-02-24.bag;0.834065854549408;0.0;0.9619645476341248;0.0;2.403604411345348;0.40154782656644117;0.5984521734335588
1730780833.9103873;/app/bags/user95_2017-02-24.bag;0.834065854549408;0.0;0.9619645476341248;0.0;2.403604411345348;0.40154782656644117;0.5984521734335588
1730780834.1105394;/app/bags/user95_2017-02-24.bag;0.834065854549408;0.0;0.9619645476341248;0.0;2.403604411345348;0.40154782656644117;0.5984521734335588
1730780834.3103907;/app/bags/user95_2017-02-24.bag;0.834065854549408;0.0;0.9619645476341248;0.0;2.403604411345348;0.40154782656644117;0.5984521734335588
1730780834.5103838;/app/bags/user95_2017-02-24.bag;0.834065854549408;0.0;0.9619645476341248;0.0;2.403604411345348;0.40154782656644117;0.5984521734335588
1730780834.7104094;/app/bags/user95_2017-02-24.bag;0.834065854549408;0.0;0.9619645476341248;0.0;2.403604411345348;0.40154782656644117;0.5984521734335588
1730780834.9103923;/app/bags/user95_2017-02-24.bag;0.834065854549408;0.0;0.9619645476341248;0.0;2.403604411345348;0.40154782656644117;0.5984521734335588
1730780835.110402;/app/bags/user95_2017-02-24.bag;0.834065854549408;0.0;0.9619645476341248;0.0;2.403604411345348;0.40154782656644117;0.5984521734335588
1730780835.3104577;/app/bags/user95_2017-02-24.bag;0.834065854549408;0.0;0.9619645476341248;0.0;2.403604411345348;0.40154782656644117;0.5984521734335588
1730780835.510384;/app/bags/user95_2017-02-24.bag;0.834065854549408;0.0;0.9619645476341248;0.0;2.403604411345348;0.40154782656644117;0.5984521734335588
1730780835.7103763;/app/bags/user95_2017-02-24.bag;0.834065854549408;0.0;0.9619645476341248;0.0;2.403604411345348;0.40154782656644117;0.5984521734335588
1730780835.9104033;/app/bags/user95_2017-02-24.bag;0.834065854549408;0.0;0.9619645476341248;0.0;2.403604411345348;0.40154782656644117;0.5984521734335588
1730780836.1103933;/app/bags/user95_2017-02-24.bag;0.834065854549408;0.0;0.9619645476341248;0.0;2.403604411345348;0.40154782656644117;0.5984521734335588
1730780836.3104267;/app/bags/user95_2017-02-24.bag;0.834065854549408;0.0;0.9619645476341248;0.0;2.403604411345348;0.40154782656644117;0.5984521734335588
1730780836.5103648;/app/bags/user95_2017-02-24.bag;0.834065854549408;0.0;0.9619645476341248;0.0;2.403604411345348;0.40154782656644117;0.5984521734335588
1730780836.7104008;/app/bags/user95_2017-02-24.bag;0.834065854549408;0.0;0.9619645476341248;0.0;2.403604411345348;0.40154782656644117;0.5984521734335588
1730780836.9103992;/app/bags/user95_2017-02-24.bag;0.834065854549408;0.0;0.9619645476341248;0.0;2.403604411345348;0.40154782656644117;0.5984521734335588
1730780837.1103983;/app/bags/user95_2017-02-24.bag;0.834065854549408;0.0;0.9619645476341248;0.0;2.403604411345348;0.40154782656644117;0.5984521734335588
1730780837.3103976;/app/bags/user95_2017-02-24.bag;0.834065854549408;0.0;0.9619645476341248;0.0;2.403604411345348;0.40154782656644117;0.5984521734335588
1730780837.5104213;/app/bags/user95_2017-02-24.bag;0.834065854549408;0.0;0.9619645476341248;0.0;2.403604411345348;0.40154782656644117;0.5984521734335588
1730780837.7103798;/app/bags/user95_2017-02-24.bag;0.834065854549408;0.0;0.9619645476341248;0.0;2.403604411345348;0.40154782656644117;0.5984521734335588
1730780837.9103806;/app/bags/user95_2017-02-24.bag;0.834065854549408;0.0;0.9619645476341248;0.0;2.403604411345348;0.40154782656644117;0.5984521734335588
1730780838.110458;/app/bags/user95_2017-02-24.bag;0.834065854549408;0.0;0.9619645476341248;0.0;2.403604411345348;0.40154782656644117;0.5984521734335588
1730780838.310401;/app/bags/user95_2017-02-24.bag;0.834065854549408;0.0;0.9619645476341248;0.0;2.403604411345348;0.40154782656644117;0.5984521734335588
1730780838.5103693;/app/bags/user95_2017-02-24.bag;0.834065854549408;0.0;0.9619645476341248;0.0;2.403604411345348;0.40154782656644117;0.5984521734335588
1730780838.71038;/app/bags/user95_2017-02-24.bag;0.834065854549408;0.0;0.9619645476341248;0.0;2.403604411345348;0.40154782656644117;0.5984521734335588
1730780838.9104092;/app/bags/user95_2017-02-24.bag;0.834065854549408;0.0;0.9619645476341248;0.0;2.403604411345348;0.40154782656644117;0.5984521734335588
1730780839.1104243;/app/bags/user95_2017-02-24.bag;0.834065854549408;0.0;0.9619645476341248;0.0;2.403604411345348;0.40154782656644117;0.5984521734335588
1730780839.3103971;/app/bags/user95_2017-02-24.bag;0.834065854549408;0.0;0.9619645476341248;0.0;2.403604411345348;0.40154782656644117;0.5984521734335588
1730780839.5103686;/app/bags/user95_2017-02-24.bag;0.834065854549408;0.0;0.9619645476341248;0.0;2.403604411345348;0.40154782656644117;0.5984521734335588
1730780839.7103817;/app/bags/user95_2017-02-24.bag;0.834065854549408;0.0;0.9619645476341248;0.0;2.403604411345348;0.40154782656644117;0.5984521734335588
1730780839.9104347;/app/bags/user95_2017-02-24.bag;0.834065854549408;0.0;0.9619645476341248;0.0;2.403604411345348;0.40154782656644117;0.5984521734335588
1730780840.1104033;/app/bags/user95_2017-02-24.bag;0.834065854549408;0.0;0.9619645476341248;0.0;2.403604411345348;0.40154782656644117;0.5984521734335588
1730780840.3104885;/app/bags/user95_2017-02-24.bag;0.834065854549408;0.0;0.9619645476341248;0.0;2.403604411345348;0.40154782656644117;0.5984521734335588
1730780840.5103934;/app/bags/user95_2017-02-24.bag;0.834065854549408;0.0;0.9619645476341248;0.0;2.403604411345348;0.40154782656644117;0.5984521734335588
1730780840.7103708;/app/bags/user95_2017-02-24.bag;0.834065854549408;0.0;0.9619645476341248;0.0;2.403604411345348;0.40154782656644117;0.5984521734335588
1730780840.9104013;/app/bags/user95_2017-02-24.bag;0.834065854549408;0.0;0.9619645476341248;0.0;2.403604411345348;0.40154782656644117;0.5984521734335588
1730780841.1103895;/app/bags/user95_2017-02-24.bag;0.834065854549408;0.0;0.9619645476341248;0.0;2.403604411345348;0.40154782656644117;0.5984521734335588
1730780841.3104787;/app/bags/user95_2017-02-24.bag;0.834065854549408;0.0;0.9619645476341248;0.0;2.403604411345348;0.40154782656644117;0.5984521734335588
1730780841.510363;/app/bags/user95_2017-02-24.bag;0.834065854549408;0.0;0.9619645476341248;0.0;2.403604411345348;0.40154782656644117;0.5984521734335588
1730780841.7103846;/app/bags/user95_2017-02-24.bag;0.834065854549408;0.0;0.9619645476341248;0.0;2.403604411345348;0.40154782656644117;0.5984521734335588
1730780841.910393;/app/bags/user95_2017-02-24.bag;0.834065854549408;0.0;0.9619645476341248;0.0;2.403604411345348;0.40154782656644117;0.5984521734335588
1730780842.1103861;/app/bags/user95_2017-02-24.bag;0.834065854549408;0.0;0.9619645476341248;0.0;2.403604411345348;0.40154782656644117;0.5984521734335588
1730780842.310441;/app/bags/user95_2017-02-24.bag;0.834065854549408;0.0;0.9619645476341248;0.0;2.403604411345348;0.40154782656644117;0.5984521734335588
1730780842.5104494;/app/bags/user95_2017-02-24.bag;0.834065854549408;0.0;0.9619645476341248;0.0;2.403604411345348;0.40154782656644117;0.5984521734335588
1730780842.7104197;/app/bags/user95_2017-02-24.bag;0.834065854549408;0.0;0.9619645476341248;0.0;2.403604411345348;0.40154782656644117;0.5984521734335588
1730780842.9103737;/app/bags/user95_2017-02-24.bag;0.834065854549408;0.0;0.9619645476341248;0.0;2.403604411345348;0.40154782656644117;0.5984521734335588
1730780843.1104708;/app/bags/user95_2017-02-24.bag;0.834065854549408;0.0;0.9619645476341248;0.0;2.403604411345348;0.40154782656644117;0.5984521734335588
1730780843.310382;/app/bags/user95_2017-02-24.bag;0.834065854549408;0.0;0.9619645476341248;0.0;2.403604411345348;0.40154782656644117;0.5984521734335588
1730780843.5103698;/app/bags/user95_2017-02-24.bag;0.834065854549408;0.0;0.9619645476341248;0.0;2.403604411345348;0.40154782656644117;0.5984521734335588
1730780843.7104404;/app/bags/user95_2017-02-24.bag;0.834065854549408;0.0;0.9619645476341248;0.0;2.403604411345348;0.40154782656644117;0.5984521734335588
1730780843.9104106;/app/bags/user95_2017-02-24.bag;0.834065854549408;0.0;0.9619645476341248;0.0;2.403604411345348;0.40154782656644117;0.5984521734335588
1730780844.1103866;/app/bags/user95_2017-02-24.bag;0.834065854549408;0.0;0.9619645476341248;0.0;2.403604411345348;0.40154782656644117;0.5984521734335588
1730780844.3103685;/app/bags/user95_2017-02-24.bag;0.834065854549408;0.0;0.9619645476341248;0.0;2.403604411345348;0.40154782656644117;0.5984521734335588
1730780844.5103867;/app/bags/user95_2017-02-24.bag;0.834065854549408;0.0;0.9619645476341248;0.0;2.403604411345348;0.40154782656644117;0.5984521734335588
1730780844.71039;/app/bags/user95_2017-02-24.bag;0.834065854549408;0.0;0.9619645476341248;0.0;2.403604411345348;0.40154782656644117;0.5984521734335588
1730780844.9104638;/app/bags/user95_2017-02-24.bag;0.834065854549408;0.0;0.9619645476341248;0.0;2.403604411345348;0.40154782656644117;0.5984521734335588
1730780845.110523;/app/bags/user95_2017-02-24.bag;0.834065854549408;0.0;0.9619645476341248;0.0;2.403604411345348;0.40154782656644117;0.5984521734335588
1730780845.3104494;/app/bags/user95_2017-02-24.bag;0.834065854549408;0.0;0.9619645476341248;0.0;2.403604411345348;0.40154782656644117;0.5984521734335588
1730780845.5103998;/app/bags/user95_2017-02-24.bag;0.834065854549408;0.0;0.9619645476341248;0.0;2.403604411345348;0.40154782656644117;0.5984521734335588
1730780845.7103891;/app/bags/user95_2017-02-24.bag;0.834065854549408;0.0;0.9619645476341248;0.0;2.403604411345348;0.40154782656644117;0.5984521734335588
1730780845.910361;/app/bags/user95_2017-02-24.bag;0.834065854549408;0.0;0.9619645476341248;0.0;2.403604411345348;0.40154782656644117;0.5984521734335588
1730780846.110438;/app/bags/user95_2017-02-24.bag;0.834065854549408;0.0;0.9619645476341248;0.0;2.403604411345348;0.40154782656644117;0.5984521734335588
1730780846.3104315;/app/bags/user95_2017-02-24.bag;0.834065854549408;0.0;0.9619645476341248;0.0;2.403604411345348;0.40154782656644117;0.5984521734335588
1730780846.5103824;/app/bags/user95_2017-02-24.bag;0.834065854549408;0.0;0.9619645476341248;0.0;2.403604411345348;0.40154782656644117;0.5984521734335588
1730780846.7103946;/app/bags/user95_2017-02-24.bag;0.834065854549408;0.0;0.9619645476341248;0.0;2.403604411345348;0.40154782656644117;0.5984521734335588
1730780846.9103765;/app/bags/user95_2017-02-24.bag;0.834065854549408;0.0;0.9619645476341248;0.0;2.403604411345348;0.40154782656644117;0.5984521734335588
1730780847.1103947;/app/bags/user95_2017-02-24.bag;0.834065854549408;0.0;0.9619645476341248;0.0;2.403604411345348;0.40154782656644117;0.5984521734335588
1730780847.3103871;/app/bags/user95_2017-02-24.bag;0.834065854549408;0.0;0.9619645476341248;0.0;2.403604411345348;0.40154782656644117;0.5984521734335588
1730780847.5103688;/app/bags/user95_2017-02-24.bag;0.834065854549408;0.0;0.9619645476341248;0.0;2.403604411345348;0.40154782656644117;0.5984521734335588
1730780847.710371;/app/bags/user95_2017-02-24.bag;0.834065854549408;0.0;0.9619645476341248;0.0;2.403604411345348;0.40154782656644117;0.5984521734335588
1730780847.9104543;/app/bags/user95_2017-02-24.bag;0.834065854549408;0.0;0.9619645476341248;0.0;2.403604411345348;0.40154782656644117;0.5984521734335588
1730780848.1104379;/app/bags/user95_2017-02-24.bag;0.834065854549408;0.0;0.9619645476341248;0.0;2.403604411345348;0.40154782656644117;0.5984521734335588
1730780848.3104024;/app/bags/user95_2017-02-24.bag;0.834065854549408;0.0;0.9619645476341248;0.0;2.403604411345348;0.40154782656644117;0.5984521734335588
1730780848.5103645;/app/bags/user95_2017-02-24.bag;0.834065854549408;0.0;0.9619645476341248;0.0;2.403604411345348;0.40154782656644117;0.5984521734335588
1730780848.7104514;/app/bags/user95_2017-02-24.bag;0.834065854549408;0.0;0.9619645476341248;0.0;2.403604411345348;0.40154782656644117;0.5984521734335588
1730780848.9103603;/app/bags/user95_2017-02-24.bag;0.834065854549408;0.0;0.9619645476341248;0.0;2.403604411345348;0.40154782656644117;0.5984521734335588
1730780849.1103952;/app/bags/user95_2017-02-24.bag;0.834065854549408;0.0;0.9619645476341248;0.0;2.403604411345348;0.40154782656644117;0.5984521734335588
1730780849.3103442;/app/bags/user95_2017-02-24.bag;0.834065854549408;0.0;0.9619645476341248;0.0;2.403604411345348;0.40154782656644117;0.5984521734335588
1730780849.5104055;/app/bags/user95_2017-02-24.bag;0.834065854549408;0.0;0.9619645476341248;0.0;2.403604411345348;0.40154782656644117;0.5984521734335588
1730780849.7104132;/app/bags/user95_2017-02-24.bag;0.834065854549408;0.0;0.9619645476341248;0.0;2.403604411345348;0.40154782656644117;0.5984521734335588
1730780849.910393;/app/bags/user95_2017-02-24.bag;0.834065854549408;0.0;0.9619645476341248;0.0;2.403604411345348;0.40154782656644117;0.5984521734335588
1730780850.110421;/app/bags/user95_2017-02-24.bag;0.834065854549408;0.0;0.9619645476341248;0.0;2.403604411345348;0.40154782656644117;0.5984521734335588
1730780850.3103938;/app/bags/user95_2017-02-24.bag;0.834065854549408;0.0;0.9619645476341248;0.0;2.403604411345348;0.40154782656644117;0.5984521734335588
1730780850.510407;/app/bags/user95_2017-02-24.bag;0.834065854549408;0.0;0.9619645476341248;0.0;2.403604411345348;0.40154782656644117;0.5984521734335588
1730780850.7104535;/app/bags/user95_2017-02-24.bag;0.834065854549408;0.0;0.9619645476341248;0.0;2.403604411345348;0.40154782656644117;0.5984521734335588
1730780850.9104295;/app/bags/user95_2017-02-24.bag;0.834065854549408;0.0;0.9619645476341248;0.0;2.403604411345348;0.40154782656644117;0.5984521734335588
1730780851.1103954;/app/bags/user95_2017-02-24.bag;0.834065854549408;0.0;0.9619645476341248;0.0;2.403604411345348;0.40154782656644117;0.5984521734335588
1730780851.3103817;/app/bags/user95_2017-02-24.bag;0.834065854549408;0.0;0.9619645476341248;0.0;2.403604411345348;0.40154782656644117;0.5984521734335588
1730780851.5103896;/app/bags/user95_2017-02-24.bag;0.834065854549408;0.0;0.9619645476341248;0.0;2.403604411345348;0.40154782656644117;0.5984521734335588
1730780851.710398;/app/bags/user95_2017-02-24.bag;0.834065854549408;0.0;0.9619645476341248;0.0;2.403604411345348;0.40154782656644117;0.5984521734335588
1730780851.910373;/app/bags/user95_2017-02-24.bag;0.834065854549408;0.0;0.9619645476341248;0.0;2.403604411345348;0.40154782656644117;0.5984521734335588
1730780852.1103919;/app/bags/user95_2017-02-24.bag;0.834065854549408;0.0;0.9619645476341248;0.0;2.403604411345348;0.40154782656644117;0.5984521734335588
1730780852.3104444;/app/bags/user95_2017-02-24.bag;0.834065854549408;0.0;0.9619645476341248;0.0;2.403604411345348;0.40154782656644117;0.5984521734335588
1730780852.5104153;/app/bags/user95_2017-02-24.bag;0.834065854549408;0.0;0.9619645476341248;0.0;2.403604411345348;0.40154782656644117;0.5984521734335588
1730780852.7104127;/app/bags/user95_2017-02-24.bag;0.834065854549408;0.0;0.9619645476341248;0.0;2.403604411345348;0.40154782656644117;0.5984521734335588
1730780852.9103625;/app/bags/user95_2017-02-24.bag;0.834065854549408;0.0;0.9619645476341248;0.0;2.403604411345348;0.40154782656644117;0.5984521734335588
1730780853.110432;/app/bags/user95_2017-02-24.bag;0.834065854549408;0.0;0.9619645476341248;0.0;2.403604411345348;0.40154782656644117;0.5984521734335588
1730780853.310424;/app/bags/user95_2017-02-24.bag;0.834065854549408;0.0;0.9619645476341248;0.0;2.403604411345348;0.40154782656644117;0.5984521734335588
1730780853.5104108;/app/bags/user95_2017-02-24.bag;0.834065854549408;0.0;0.9619645476341248;0.0;2.403604411345348;0.40154782656644117;0.5984521734335588
1730780853.7103765;/app/bags/user95_2017-02-24.bag;0.834065854549408;0.0;0.9619645476341248;0.0;2.403604411345348;0.40154782656644117;0.5984521734335588
1730780853.9104023;/app/bags/user95_2017-02-24.bag;0.834065854549408;0.0;0.9619645476341248;0.0;2.403604411345348;0.40154782656644117;0.5984521734335588
1730780854.11039;/app/bags/user95_2017-02-24.bag;0.834065854549408;0.0;0.9619645476341248;0.0;2.403604411345348;0.40154782656644117;0.5984521734335588
1730780854.3103318;/app/bags/user95_2017-02-24.bag;0.834065854549408;0.0;0.9619645476341248;0.0;2.403604411345348;0.40154782656644117;0.5984521734335588
1730780854.5104654;/app/bags/user95_2017-02-24.bag;0.834065854549408;0.0;0.9619645476341248;0.0;2.403604411345348;0.40154782656644117;0.5984521734335588
1730780854.7103722;/app/bags/user95_2017-02-24.bag;0.834065854549408;0.0;0.9619645476341248;0.0;2.403604411345348;0.40154782656644117;0.5984521734335588
1730780854.9104202;/app/bags/user95_2017-02-24.bag;0.834065854549408;0.0;0.9619645476341248;0.0;2.403604411345348;0.40154782656644117;0.5984521734335588
1730780855.1104085;/app/bags/user95_2017-02-24.bag;0.834065854549408;0.0;0.9619645476341248;0.0;2.403604411345348;0.40154782656644117;0.5984521734335588
1730780855.310372;/app/bags/user95_2017-02-24.bag;0.834065854549408;0.0;0.9619645476341248;0.0;2.403604411345348;0.40154782656644117;0.5984521734335588
1730780855.5103636;/app/bags/user95_2017-02-24.bag;0.834065854549408;0.0;0.9619645476341248;0.0;2.403604411345348;0.40154782656644117;0.5984521734335588
1730780855.7103744;/app/bags/user95_2017-02-24.bag;0.834065854549408;0.0;0.9619645476341248;0.0;2.403604411345348;0.40154782656644117;0.5984521734335588
1730780855.9103615;/app/bags/user95_2017-02-24.bag;0.834065854549408;0.0;0.9619645476341248;0.0;2.403604411345348;0.40154782656644117;0.5984521734335588
1730780856.1103756;/app/bags/user95_2017-02-24.bag;0.834065854549408;0.0;0.9619645476341248;0.0;2.403604411345348;0.40154782656644117;0.5984521734335588
1730780856.3103955;/app/bags/user95_2017-02-24.bag;0.834065854549408;0.0;0.9619645476341248;0.0;2.403604411345348;0.40154782656644117;0.5984521734335588
1730780856.5104473;/app/bags/user95_2017-02-24.bag;0.834065854549408;0.0;0.9619645476341248;0.0;2.403604411345348;0.40154782656644117;0.5984521734335588
1730780856.7103724;/app/bags/user95_2017-02-24.bag;0.834065854549408;0.0;0.9619645476341248;0.0;2.403604411345348;0.40154782656644117;0.5984521734335588
1730780856.9105508;/app/bags/user95_2017-02-24.bag;0.834065854549408;0.0;0.9619645476341248;0.0;2.403604411345348;0.40154782656644117;0.5984521734335588
1730780857.1103396;/app/bags/user95_2017-02-24.bag;0.834065854549408;0.0;0.9619645476341248;0.0;2.403604411345348;0.40154782656644117;0.5984521734335588
1730780857.3103924;/app/bags/user95_2017-02-24.bag;0.834065854549408;0.0;0.9619645476341248;0.0;2.403604411345348;0.40154782656644117;0.5984521734335588
1730780857.5104318;/app/bags/user95_2017-02-24.bag;0.834065854549408;0.0;0.9619645476341248;0.0;2.403604411345348;0.40154782656644117;0.5984521734335588
1730780857.7104409;/app/bags/user95_2017-02-24.bag;0.834065854549408;0.0;0.9619645476341248;0.0;2.403604411345348;0.40154782656644117;0.5984521734335588
1730780857.9103885;/app/bags/user95_2017-02-24.bag;0.834065854549408;0.0;0.9619645476341248;0.0;2.403604411345348;0.40154782656644117;0.5984521734335588
1730780858.110391;/app/bags/user95_2017-02-24.bag;0.834065854549408;0.0;0.9619645476341248;0.0;2.403604411345348;0.40154782656644117;0.5984521734335588
1730780858.3104017;/app/bags/user95_2017-02-24.bag;0.834065854549408;0.0;0.9619645476341248;0.0;2.403604411345348;0.40154782656644117;0.5984521734335588
1730780858.5103831;/app/bags/user95_2017-02-24.bag;0.834065854549408;0.0;0.9619645476341248;0.0;2.403604411345348;0.40154782656644117;0.5984521734335588
1730780858.710389;/app/bags/user95_2017-02-24.bag;0.834065854549408;0.0;0.9619645476341248;0.0;2.403604411345348;0.40154782656644117;0.5984521734335588
1730780858.9103625;/app/bags/user95_2017-02-24.bag;0.834065854549408;0.0;0.9619645476341248;0.0;2.403604411345348;0.40154782656644117;0.5984521734335588
1730780859.1103852;/app/bags/user95_2017-02-24.bag;0.834065854549408;0.0;0.9619645476341248;0.0;2.403604411345348;0.40154782656644117;0.5984521734335588
1730780859.3104477;/app/bags/user95_2017-02-24.bag;0.834065854549408;0.0;0.9619645476341248;0.0;2.403604411345348;0.40154782656644117;0.5984521734335588
1730780859.5103533;/app/bags/user95_2017-02-24.bag;0.834065854549408;0.0;0.9619645476341248;0.0;2.403604411345348;0.40154782656644117;0.5984521734335588
1730780859.7103782;/app/bags/user95_2017-02-24.bag;0.834065854549408;0.0;0.9619645476341248;0.0;2.403604411345348;0.40154782656644117;0.5984521734335588
1730780859.910399;/app/bags/user95_2017-02-24.bag;0.834065854549408;0.0;0.9619645476341248;0.0;2.403604411345348;0.40154782656644117;0.5984521734335588
1730780860.1103985;/app/bags/user95_2017-02-24.bag;0.834065854549408;0.0;0.9619645476341248;0.0;2.403604411345348;0.40154782656644117;0.5984521734335588
1730780860.3104372;/app/bags/user95_2017-02-24.bag;0.834065854549408;0.0;0.9619645476341248;0.0;2.403604411345348;0.40154782656644117;0.5984521734335588
1730780860.5103889;/app/bags/user95_2017-02-24.bag;0.834065854549408;0.0;0.9619645476341248;0.0;2.403604411345348;0.40154782656644117;0.5984521734335588
1730780860.7103775;/app/bags/user95_2017-02-24.bag;0.834065854549408;0.0;0.9619645476341248;0.0;2.403604411345348;0.40154782656644117;0.5984521734335588
1730780860.910419;/app/bags/user95_2017-02-24.bag;0.834065854549408;0.0;0.9619645476341248;0.0;2.403604411345348;0.40154782656644117;0.5984521734335588
1730780861.1103926;/app/bags/user95_2017-02-24.bag;0.834065854549408;0.0;0.9619645476341248;0.0;2.403604411345348;0.40154782656644117;0.5984521734335588
1730780861.3104494;/app/bags/user95_2017-02-24.bag;0.834065854549408;0.0;0.9619645476341248;0.0;2.403604411345348;0.40154782656644117;0.5984521734335588
1730780861.5104458;/app/bags/user95_2017-02-24.bag;0.834065854549408;0.0;0.9619645476341248;0.0;2.403604411345348;0.40154782656644117;0.5984521734335588
1730780861.7103493;/app/bags/user95_2017-02-24.bag;0.834065854549408;0.0;0.9619645476341248;0.0;2.403604411345348;0.40154782656644117;0.5984521734335588
1730780861.910452;/app/bags/user95_2017-02-24.bag;0.834065854549408;0.0;0.9619645476341248;0.0;2.403604411345348;0.40154782656644117;0.5984521734335588
1730780862.1104007;/app/bags/user95_2017-02-24.bag;0.834065854549408;0.0;0.9619645476341248;0.0;2.403604411345348;0.40154782656644117;0.5984521734335588
1730780862.3103793;/app/bags/user95_2017-02-24.bag;0.834065854549408;0.0;0.9619645476341248;0.0;2.403604411345348;0.40154782656644117;0.5984521734335588
1730780862.5103765;/app/bags/user95_2017-02-24.bag;0.834065854549408;0.0;0.9619645476341248;0.0;2.403604411345348;0.40154782656644117;0.5984521734335588
1730780862.7104056;/app/bags/user95_2017-02-24.bag;0.834065854549408;0.0;0.9619645476341248;0.0;2.403604411345348;0.40154782656644117;0.5984521734335588
1730780862.9104052;/app/bags/user95_2017-02-24.bag;0.834065854549408;0.0;0.9619645476341248;0.0;2.403604411345348;0.40154782656644117;0.5984521734335588
1730780863.110398;/app/bags/user95_2017-02-24.bag;0.834065854549408;0.0;0.9619645476341248;0.0;2.403604411345348;0.40154782656644117;0.5984521734335588
1730780863.310413;/app/bags/user95_2017-02-24.bag;0.834065854549408;0.0;0.9619645476341248;0.0;2.403604411345348;0.40154782656644117;0.5984521734335588
1730780863.5103967;/app/bags/user95_2017-02-24.bag;0.834065854549408;0.0;0.9619645476341248;0.0;2.403604411345348;0.40154782656644117;0.5984521734335588
1730780863.710355;/app/bags/user95_2017-02-24.bag;0.834065854549408;0.0;0.9619645476341248;0.0;2.403604411345348;0.40154782656644117;0.5984521734335588
1730780863.9103577;/app/bags/user95_2017-02-24.bag;0.834065854549408;0.0;0.9619645476341248;0.0;2.403604411345348;0.40154782656644117;0.5984521734335588
1730780864.1103852;/app/bags/user95_2017-02-24.bag;0.834065854549408;0.0;0.9619645476341248;0.0;2.403604411345348;0.40154782656644117;0.5984521734335588
1730780864.3103566;/app/bags/user95_2017-02-24.bag;0.834065854549408;0.0;0.9619645476341248;0.0;2.403604411345348;0.40154782656644117;0.5984521734335588
1730780864.5103834;/app/bags/user95_2017-02-24.bag;0.834065854549408;0.0;0.9619645476341248;0.0;2.403604411345348;0.40154782656644117;0.5984521734335588
1730780864.71043;/app/bags/user95_2017-02-24.bag;0.834065854549408;0.0;0.9619645476341248;0.0;2.403604411345348;0.40154782656644117;0.5984521734335588
1730780864.9104102;/app/bags/user95_2017-02-24.bag;0.834065854549408;0.0;0.9619645476341248;0.0;2.403604411345348;0.40154782656644117;0.5984521734335588
1730780865.1104167;/app/bags/user95_2017-02-24.bag;0.834065854549408;0.0;0.9619645476341248;0.0;2.403604411345348;0.40154782656644117;0.5984521734335588
1730780865.3103797;/app/bags/user95_2017-02-24.bag;0.834065854549408;0.0;0.9619645476341248;0.0;2.403604411345348;0.40154782656644117;0.5984521734335588
1730780865.510367;/app/bags/user95_2017-02-24.bag;0.834065854549408;0.0;0.9619645476341248;0.0;2.403604411345348;0.40154782656644117;0.5984521734335588
1730780865.7103975;/app/bags/user95_2017-02-24.bag;0.834065854549408;0.0;0.9619645476341248;0.0;2.403604411345348;0.40154782656644117;0.5984521734335588
1730780865.910386;/app/bags/user95_2017-02-24.bag;0.834065854549408;0.0;0.9619645476341248;0.0;2.403604411345348;0.40154782656644117;0.5984521734335588
1730780866.1103966;/app/bags/user95_2017-02-24.bag;0.834065854549408;0.0;0.9619645476341248;0.0;2.403604411345348;0.40154782656644117;0.5984521734335588
1730780866.310391;/app/bags/user95_2017-02-24.bag;0.834065854549408;0.0;0.9619645476341248;0.0;2.403604411345348;0.40154782656644117;0.5984521734335588
1730780866.5104003;/app/bags/user95_2017-02-24.bag;0.834065854549408;0.0;0.9619645476341248;0.0;2.403604411345348;0.40154782656644117;0.5984521734335588
1730780866.7103715;/app/bags/user95_2017-02-24.bag;0.834065854549408;0.0;0.9619645476341248;0.0;2.403604411345348;0.40154782656644117;0.5984521734335588
1730780866.9103677;/app/bags/user95_2017-02-24.bag;0.834065854549408;0.0;0.9619645476341248;0.0;2.403604411345348;0.40154782656644117;0.5984521734335588
1730780867.1103644;/app/bags/user95_2017-02-24.bag;0.834065854549408;0.0;0.9619645476341248;0.0;2.403604411345348;0.40154782656644117;0.5984521734335588
1730780867.3104136;/app/bags/user95_2017-02-24.bag;0.834065854549408;0.0;0.9619645476341248;0.0;2.403604411345348;0.40154782656644117;0.5984521734335588
1730780867.510449;/app/bags/user95_2017-02-24.bag;0.834065854549408;0.0;0.9619645476341248;0.0;2.403604411345348;0.40154782656644117;0.5984521734335588
1730780867.710421;/app/bags/user95_2017-02-24.bag;0.834065854549408;0.0;0.9619645476341248;0.0;2.403604411345348;0.40154782656644117;0.5984521734335588
1730780867.9104896;/app/bags/user95_2017-02-24.bag;0.834065854549408;0.0;0.9619645476341248;0.0;2.403604411345348;0.40154782656644117;0.5984521734335588
1730780868.1103776;/app/bags/user95_2017-02-24.bag;0.834065854549408;0.0;0.9619645476341248;0.0;2.403604411345348;0.40154782656644117;0.5984521734335588
1730780868.3104432;/app/bags/user95_2017-02-24.bag;0.834065854549408;0.0;0.9619645476341248;0.0;2.403604411345348;0.40154782656644117;0.5984521734335588
1730780868.510381;/app/bags/user95_2017-02-24.bag;0.834065854549408;0.0;0.9619645476341248;0.0;2.403604411345348;0.40154782656644117;0.5984521734335588
1730780868.7104397;/app/bags/user95_2017-02-24.bag;0.834065854549408;0.0;0.9619645476341248;0.0;2.403604411345348;0.40154782656644117;0.5984521734335588
1730780868.910398;/app/bags/user95_2017-02-24.bag;0.834065854549408;0.0;0.9619645476341248;0.0;2.403604411345348;0.40154782656644117;0.5984521734335588
1730780869.1103966;/app/bags/user95_2017-02-24.bag;0.834065854549408;0.0;0.9619645476341248;0.0;2.403604411345348;0.40154782656644117;0.5984521734335588
1730780869.3104517;/app/bags/user95_2017-02-24.bag;0.834065854549408;0.0;0.9619645476341248;0.0;2.403604411345348;0.40154782656644117;0.5984521734335588
1730780869.5103688;/app/bags/user95_2017-02-24.bag;0.834065854549408;0.0;0.9619645476341248;0.0;2.403604411345348;0.40154782656644117;0.5984521734335588
1730780869.7103913;/app/bags/user95_2017-02-24.bag;0.834065854549408;0.0;0.9619645476341248;0.0;2.403604411345348;0.40154782656644117;0.5984521734335588
1730780869.91038;/app/bags/user95_2017-02-24.bag;0.834065854549408;0.0;0.9619645476341248;0.0;2.403604411345348;0.40154782656644117;0.5984521734335588
1730780870.110448;/app/bags/user95_2017-02-24.bag;0.834065854549408;0.0;0.9619645476341248;0.0;2.403604411345348;0.40154782656644117;0.5984521734335588
1730780870.3103697;/app/bags/user95_2017-02-24.bag;0.834065854549408;0.0;0.9619645476341248;0.0;2.403604411345348;0.40154782656644117;0.5984521734335588
1730780870.510405;/app/bags/user95_2017-02-24.bag;0.834065854549408;0.0;0.9619645476341248;0.0;2.403604411345348;0.40154782656644117;0.5984521734335588
1730780870.7104764;/app/bags/user95_2017-02-24.bag;0.834065854549408;0.0;0.9619645476341248;0.0;2.403604411345348;0.40154782656644117;0.5984521734335588
1730780870.910426;/app/bags/user95_2017-02-24.bag;0.834065854549408;0.0;0.9619645476341248;0.0;2.403604411345348;0.40154782656644117;0.5984521734335588
1730780871.1103957;/app/bags/user95_2017-02-24.bag;0.834065854549408;0.0;0.9619645476341248;0.0;2.403604411345348;0.40154782656644117;0.5984521734335588
1730780871.3103857;/app/bags/user95_2017-02-24.bag;0.834065854549408;0.0;0.9619645476341248;0.0;2.403604411345348;0.40154782656644117;0.5984521734335588
1730780871.5104957;/app/bags/user95_2017-02-24.bag;0.834065854549408;0.0;0.9619645476341248;0.0;2.403604411345348;0.40154782656644117;0.5984521734335588
1730780871.7103734;/app/bags/user95_2017-02-24.bag;0.834065854549408;0.0;0.9619645476341248;0.0;2.403604411345348;0.40154782656644117;0.5984521734335588
1730780871.9104338;/app/bags/user95_2017-02-24.bag;0.834065854549408;0.0;0.9619645476341248;0.0;2.403604411345348;0.40154782656644117;0.5984521734335588
1730780872.110375;/app/bags/user95_2017-02-24.bag;0.834065854549408;0.0;0.9619645476341248;0.0;2.403604411345348;0.40154782656644117;0.5984521734335588
1730780872.3103547;/app/bags/user95_2017-02-24.bag;0.834065854549408;0.0;0.9619645476341248;0.0;2.403604411345348;0.40154782656644117;0.5984521734335588
1730780872.5103736;/app/bags/user95_2017-02-24.bag;0.834065854549408;0.0;0.9619645476341248;0.0;2.403604411345348;0.40154782656644117;0.5984521734335588
1730780872.7103934;/app/bags/user95_2017-02-24.bag;0.834065854549408;0.0;0.9619645476341248;0.0;2.403604411345348;0.40154782656644117;0.5984521734335588
1730780872.910447;/app/bags/user95_2017-02-24.bag;0.834065854549408;0.0;0.9619645476341248;0.0;2.403604411345348;0.40154782656644117;0.5984521734335588
1730780873.1103823;/app/bags/user95_2017-02-24.bag;0.834065854549408;0.0;0.9619645476341248;0.0;2.403604411345348;0.40154782656644117;0.5984521734335588
1730780873.3104863;/app/bags/user95_2017-02-24.bag;0.834065854549408;0.0;0.9619645476341248;0.0;2.403604411345348;0.40154782656644117;0.5984521734335588
1730780873.5103867;/app/bags/user95_2017-02-24.bag;0.834065854549408;0.0;0.9619645476341248;0.0;2.403604411345348;0.40154782656644117;0.5984521734335588
1730780873.7103548;/app/bags/user95_2017-02-24.bag;0.834065854549408;0.0;0.9619645476341248;0.0;2.403604411345348;0.40154782656644117;0.5984521734335588
1730780873.9103856;/app/bags/user95_2017-02-24.bag;0.834065854549408;0.0;0.9619645476341248;0.0;2.403604411345348;0.40154782656644117;0.5984521734335588
1730780874.1103718;/app/bags/user95_2017-02-24.bag;0.834065854549408;0.0;0.9619645476341248;0.0;2.403604411345348;0.40154782656644117;0.5984521734335588
1730780874.310366;/app/bags/user95_2017-02-24.bag;0.834065854549408;0.0;0.9619645476341248;0.0;2.403604411345348;0.40154782656644117;0.5984521734335588
1730780874.5104418;/app/bags/user95_2017-02-24.bag;0.834065854549408;0.0;0.9619645476341248;0.0;2.403604411345348;0.40154782656644117;0.5984521734335588
1730780874.7103965;/app/bags/user95_2017-02-24.bag;0.834065854549408;0.0;0.9619645476341248;0.0;2.403604411345348;0.40154782656644117;0.5984521734335588
1730780874.9104173;/app/bags/user95_2017-02-24.bag;0.834065854549408;0.0;0.9619645476341248;0.0;2.403604411345348;0.40154782656644117;0.5984521734335588
1730780875.110369;/app/bags/user95_2017-02-24.bag;0.834065854549408;0.0;0.9619645476341248;0.0;2.403604411345348;0.40154782656644117;0.5984521734335588
1730780875.3104098;/app/bags/user95_2017-02-24.bag;0.834065854549408;0.0;0.9619645476341248;0.0;2.403604411345348;0.40154782656644117;0.5984521734335588
1730780875.5104191;/app/bags/user95_2017-02-24.bag;0.834065854549408;0.0;0.9619645476341248;0.0;2.403604411345348;0.40154782656644117;0.5984521734335588
1730780875.7104223;/app/bags/user95_2017-02-24.bag;0.834065854549408;0.0;0.9619645476341248;0.0;2.403604411345348;0.40154782656644117;0.5984521734335588
1730780875.9103537;/app/bags/user95_2017-02-24.bag;0.834065854549408;0.0;0.9619645476341248;0.0;2.403604411345348;0.40154782656644117;0.5984521734335588
1730780876.1104417;/app/bags/user95_2017-02-24.bag;0.834065854549408;0.0;0.9619645476341248;0.0;2.403604411345348;0.40154782656644117;0.5984521734335588
1730780876.3103898;/app/bags/user95_2017-02-24.bag;0.834065854549408;0.0;0.9619645476341248;0.0;2.403604411345348;0.40154782656644117;0.5984521734335588
1730780876.5104046;/app/bags/user95_2017-02-24.bag;0.834065854549408;0.0;0.9619645476341248;0.0;2.403604411345348;0.40154782656644117;0.5984521734335588
1730780876.710405;/app/bags/user95_2017-02-24.bag;0.834065854549408;0.0;0.9619645476341248;0.0;2.403604411345348;0.40154782656644117;0.5984521734335588
1730780876.9104354;/app/bags/user95_2017-02-24.bag;0.834065854549408;0.0;0.9619645476341248;0.0;2.403604411345348;0.40154782656644117;0.5984521734335588
1730780877.1103952;/app/bags/user95_2017-02-24.bag;0.834065854549408;0.0;0.9619645476341248;0.0;2.403604411345348;0.40154782656644117;0.5984521734335588
1730780877.310427;/app/bags/user95_2017-02-24.bag;0.834065854549408;0.0;0.9619645476341248;0.0;2.403604411345348;0.40154782656644117;0.5984521734335588
1730780877.5103498;/app/bags/user95_2017-02-24.bag;0.834065854549408;0.0;0.9619645476341248;0.0;2.403604411345348;0.40154782656644117;0.5984521734335588
1730780877.710392;/app/bags/user95_2017-02-24.bag;0.834065854549408;0.0;0.9619645476341248;0.0;2.403604411345348;0.40154782656644117;0.5984521734335588
1730780877.9104373;/app/bags/user95_2017-02-24.bag;0.834065854549408;0.0;0.9619645476341248;0.0;2.403604411345348;0.40154782656644117;0.5984521734335588
1730780878.110395;/app/bags/user95_2017-02-24.bag;0.834065854549408;0.0;0.9619645476341248;0.0;2.403604411345348;0.40154782656644117;0.5984521734335588
1730780878.3104038;/app/bags/user95_2017-02-24.bag;0.834065854549408;0.0;0.9619645476341248;0.0;2.403604411345348;0.40154782656644117;0.5984521734335588
1730780878.5103767;/app/bags/user95_2017-02-24.bag;0.834065854549408;0.0;0.9619645476341248;0.0;2.403604411345348;0.40154782656644117;0.5984521734335588
1730780878.7103536;/app/bags/user95_2017-02-24.bag;0.834065854549408;0.0;0.9619645476341248;0.0;2.403604411345348;0.40154782656644117;0.5984521734335588
1730780878.9103773;/app/bags/user95_2017-02-24.bag;0.834065854549408;0.0;0.9619645476341248;0.0;2.403604411345348;0.40154782656644117;0.5984521734335588
1730780879.1104352;/app/bags/user95_2017-02-24.bag;0.834065854549408;0.0;0.9619645476341248;0.0;2.403604411345348;0.40154782656644117;0.5984521734335588
1730780879.3103716;/app/bags/user95_2017-02-24.bag;0.834065854549408;0.0;0.9619645476341248;0.0;2.403604411345348;0.40154782656644117;0.5984521734335588
1730780879.510381;/app/bags/user95_2017-02-24.bag;0.834065854549408;0.0;0.9619645476341248;0.0;2.403604411345348;0.40154782656644117;0.5984521734335588
1730780879.7103834;/app/bags/user95_2017-02-24.bag;0.834065854549408;0.0;0.9619645476341248;0.0;2.403604411345348;0.40154782656644117;0.5984521734335588
1730780879.9103825;/app/bags/user95_2017-02-24.bag;0.834065854549408;0.0;0.9619645476341248;0.0;2.403604411345348;0.40154782656644117;0.5984521734335588
1730780880.1103797;/app/bags/user95_2017-02-24.bag;0.834065854549408;0.0;0.9619645476341248;0.0;2.403604411345348;0.40154782656644117;0.5984521734335588
1730780880.3104217;/app/bags/user95_2017-02-24.bag;0.834065854549408;0.0;0.9619645476341248;0.0;2.403604411345348;0.40154782656644117;0.5984521734335588
1730780880.510411;/app/bags/user95_2017-02-24.bag;0.834065854549408;0.0;0.9619645476341248;0.0;2.403604411345348;0.40154782656644117;0.5984521734335588
1730780880.7103975;/app/bags/user95_2017-02-24.bag;0.834065854549408;0.0;0.9619645476341248;0.0;2.403604411345348;0.40154782656644117;0.5984521734335588
1730780880.9104216;/app/bags/user95_2017-02-24.bag;0.834065854549408;0.0;0.9619645476341248;0.0;2.403604411345348;0.40154782656644117;0.5984521734335588
1730780881.110381;/app/bags/user95_2017-02-24.bag;0.834065854549408;0.0;0.9619645476341248;0.0;2.403604411345348;0.40154782656644117;0.5984521734335588
1730780881.3104024;/app/bags/user95_2017-02-24.bag;0.834065854549408;0.0;0.9619645476341248;0.0;2.403604411345348;0.40154782656644117;0.5984521734335588
1730780881.510384;/app/bags/user95_2017-02-24.bag;0.834065854549408;0.0;0.9619645476341248;0.0;2.403604411345348;0.40154782656644117;0.5984521734335588
1730780881.7103674;/app/bags/user95_2017-02-24.bag;0.834065854549408;0.0;0.9619645476341248;0.0;2.403604411345348;0.40154782656644117;0.5984521734335588
1730780881.9103708;/app/bags/user95_2017-02-24.bag;0.834065854549408;0.0;0.9619645476341248;0.0;2.403604411345348;0.40154782656644117;0.5984521734335588
1730780882.1103666;/app/bags/user95_2017-02-24.bag;0.834065854549408;0.0;0.9619645476341248;0.0;2.403604411345348;0.40154782656644117;0.5984521734335588
1730780882.3103662;/app/bags/user95_2017-02-24.bag;0.834065854549408;0.0;0.9619645476341248;0.0;2.403604411345348;0.40154782656644117;0.5984521734335588
1730780882.510381;/app/bags/user95_2017-02-24.bag;0.834065854549408;0.0;0.9619645476341248;0.0;2.403604411345348;0.40154782656644117;0.5984521734335588
1730780882.7103992;/app/bags/user95_2017-02-24.bag;0.834065854549408;0.0;0.9619645476341248;0.0;2.403604411345348;0.40154782656644117;0.5984521734335588
1730780882.9103854;/app/bags/user95_2017-02-24.bag;0.834065854549408;0.0;0.9619645476341248;0.0;2.403604411345348;0.40154782656644117;0.5984521734335588
1730780883.1103973;/app/bags/user95_2017-02-24.bag;0.834065854549408;0.0;0.9619645476341248;0.0;2.403604411345348;0.40154782656644117;0.5984521734335588
1730780883.3103766;/app/bags/user95_2017-02-24.bag;0.834065854549408;0.0;0.9619645476341248;0.0;2.403604411345348;0.40154782656644117;0.5984521734335588
1730780883.5103743;/app/bags/user95_2017-02-24.bag;0.834065854549408;0.0;0.9619645476341248;0.0;2.403604411345348;0.40154782656644117;0.5984521734335588
1730780883.7104099;/app/bags/user95_2017-02-24.bag;0.834065854549408;0.0;0.9619645476341248;0.0;2.403604411345348;0.40154782656644117;0.5984521734335588
1730780883.9104168;/app/bags/user95_2017-02-24.bag;0.834065854549408;0.0;0.9619645476341248;0.0;2.403604411345348;0.40154782656644117;0.5984521734335588
1730780884.1103816;/app/bags/user95_2017-02-24.bag;0.834065854549408;0.0;0.9619645476341248;0.0;2.403604411345348;0.40154782656644117;0.5984521734335588
1730780884.3104448;/app/bags/user95_2017-02-24.bag;0.834065854549408;0.0;0.9619645476341248;0.0;2.403604411345348;0.40154782656644117;0.5984521734335588
1730780884.5103939;/app/bags/user95_2017-02-24.bag;0.834065854549408;0.0;0.9619645476341248;0.0;2.403604411345348;0.40154782656644117;0.5984521734335588
1730780884.7104442;/app/bags/user95_2017-02-24.bag;0.834065854549408;0.0;0.9619645476341248;0.0;2.403604411345348;0.40154782656644117;0.5984521734335588
1730780884.910363;/app/bags/user95_2017-02-24.bag;0.834065854549408;0.0;0.9619645476341248;0.0;2.403604411345348;0.40154782656644117;0.5984521734335588
1730780885.1103828;/app/bags/user95_2017-02-24.bag;0.834065854549408;0.0;0.9619645476341248;0.0;2.403604411345348;0.40154782656644117;0.5984521734335588
1730780885.3103817;/app/bags/user95_2017-02-24.bag;0.834065854549408;0.0;0.9619645476341248;0.0;2.403604411345348;0.40154782656644117;0.5984521734335588
1730780885.5105221;/app/bags/user95_2017-02-24.bag;0.834065854549408;0.0;0.9619645476341248;0.0;2.403604411345348;0.40154782656644117;0.5984521734335588
1730780885.7104876;/app/bags/user95_2017-02-24.bag;0.834065854549408;0.0;0.9619645476341248;0.0;2.403604411345348;0.40154782656644117;0.5984521734335588
1730780885.9103699;/app/bags/user95_2017-02-24.bag;0.834065854549408;0.0;0.9619645476341248;0.0;2.403604411345348;0.40154782656644117;0.5984521734335588
1730780886.1103895;/app/bags/user95_2017-02-24.bag;0.834065854549408;0.0;0.9619645476341248;0.0;2.403604411345348;0.40154782656644117;0.5984521734335588
1730780886.3104076;/app/bags/user95_2017-02-24.bag;0.834065854549408;0.0;0.9619645476341248;0.0;2.403604411345348;0.40154782656644117;0.5984521734335588
1730780886.5104613;/app/bags/user95_2017-02-24.bag;0.834065854549408;0.0;0.9619645476341248;0.0;2.403604411345348;0.40154782656644117;0.5984521734335588
1730780886.7104025;/app/bags/user95_2017-02-24.bag;0.834065854549408;0.0;0.9619645476341248;0.0;2.403604411345348;0.40154782656644117;0.5984521734335588
1730780886.9104204;/app/bags/user95_2017-02-24.bag;0.834065854549408;0.0;0.9619645476341248;0.0;2.403604411345348;0.40154782656644117;0.5984521734335588
1730780887.1104264;/app/bags/user95_2017-02-24.bag;0.834065854549408;0.0;0.9619645476341248;0.0;2.403604411345348;0.40154782656644117;0.5984521734335588
1730780887.31053;/app/bags/user95_2017-02-24.bag;0.834065854549408;0.0;0.9619645476341248;0.0;2.403604411345348;0.40154782656644117;0.5984521734335588
1730780887.5104003;/app/bags/user95_2017-02-24.bag;0.834065854549408;0.0;0.9619645476341248;0.0;2.403604411345348;0.40154782656644117;0.5984521734335588
1730780887.7103915;/app/bags/user95_2017-02-24.bag;0.834065854549408;0.0;0.9619645476341248;0.0;2.403604411345348;0.40154782656644117;0.5984521734335588
1730780887.9104223;/app/bags/user95_2017-02-24.bag;0.834065854549408;0.0;0.9619645476341248;0.0;2.403604411345348;0.40154782656644117;0.5984521734335588
1730780888.110391;/app/bags/user95_2017-02-24.bag;0.834065854549408;0.0;0.9619645476341248;0.0;2.403604411345348;0.40154782656644117;0.5984521734335588
1730780888.3103719;/app/bags/user95_2017-02-24.bag;0.834065854549408;0.0;0.9619645476341248;0.0;2.403604411345348;0.40154782656644117;0.5984521734335588
1730780888.5104015;/app/bags/user95_2017-02-24.bag;0.834065854549408;0.0;0.9619645476341248;0.0;2.403604411345348;0.40154782656644117;0.5984521734335588
1730780888.7103786;/app/bags/user95_2017-02-24.bag;0.834065854549408;0.0;0.9619645476341248;0.0;2.403604411345348;0.40154782656644117;0.5984521734335588
1730780888.9104223;/app/bags/user95_2017-02-24.bag;0.834065854549408;0.0;0.9619645476341248;0.0;2.403604411345348;0.40154782656644117;0.5984521734335588
1730780889.1103876;/app/bags/user95_2017-02-24.bag;0.834065854549408;0.0;0.9619645476341248;0.0;2.403604411345348;0.40154782656644117;0.5984521734335588
1730780889.3103955;/app/bags/user95_2017-02-24.bag;0.834065854549408;0.0;0.9619645476341248;0.0;2.403604411345348;0.40154782656644117;0.5984521734335588
1730780889.5103865;/app/bags/user95_2017-02-24.bag;0.834065854549408;0.0;0.9619645476341248;0.0;2.403604411345348;0.40154782656644117;0.5984521734335588
1730780889.7104142;/app/bags/user95_2017-02-24.bag;0.834065854549408;0.0;0.9619645476341248;0.0;2.403604411345348;0.40154782656644117;0.5984521734335588
1730780889.910438;/app/bags/user95_2017-02-24.bag;0.834065854549408;0.0;0.9619645476341248;0.0;2.403604411345348;0.40154782656644117;0.5984521734335588
1730780890.1104207;/app/bags/user95_2017-02-24.bag;0.834065854549408;0.0;0.9619645476341248;0.0;2.403604411345348;0.40154782656644117;0.5984521734335588
1730780890.3103874;/app/bags/user95_2017-02-24.bag;0.834065854549408;0.0;0.9619645476341248;0.0;2.403604411345348;0.40154782656644117;0.5984521734335588
1730780890.5104017;/app/bags/user95_2017-02-24.bag;0.834065854549408;0.0;0.9619645476341248;0.0;2.403604411345348;0.40154782656644117;0.5984521734335588
1730780890.7104366;/app/bags/user95_2017-02-24.bag;0.834065854549408;0.0;0.9619645476341248;0.0;2.403604411345348;0.40154782656644117;0.5984521734335588
1730780890.9103806;/app/bags/user95_2017-02-24.bag;0.834065854549408;0.0;0.9619645476341248;0.0;2.403604411345348;0.40154782656644117;0.5984521734335588
1730780891.1103668;/app/bags/user95_2017-02-24.bag;0.834065854549408;0.0;0.9619645476341248;0.0;2.403604411345348;0.40154782656644117;0.5984521734335588
1730780891.31037;/app/bags/user95_2017-02-24.bag;0.834065854549408;0.0;0.9619645476341248;0.0;2.403604411345348;0.40154782656644117;0.5984521734335588
1730780891.5103896;/app/bags/user95_2017-02-24.bag;0.834065854549408;0.0;0.9619645476341248;0.0;2.403604411345348;0.40154782656644117;0.5984521734335588
1730780891.7103968;/app/bags/user95_2017-02-24.bag;0.834065854549408;0.0;0.9619645476341248;0.0;2.403604411345348;0.40154782656644117;0.5984521734335588
1730780891.9103918;/app/bags/user95_2017-02-24.bag;0.834065854549408;0.0;0.9619645476341248;0.0;2.403604411345348;0.40154782656644117;0.5984521734335588
1730780892.1104035;/app/bags/user95_2017-02-24.bag;0.834065854549408;0.0;0.9619645476341248;0.0;2.403604411345348;0.40154782656644117;0.5984521734335588
1730780892.3103712;/app/bags/user95_2017-02-24.bag;0.834065854549408;0.0;0.9619645476341248;0.0;2.403604411345348;0.40154782656644117;0.5984521734335588
1730780892.5103865;/app/bags/user95_2017-02-24.bag;0.834065854549408;0.0;0.9619645476341248;0.0;2.403604411345348;0.40154782656644117;0.5984521734335588
1730780892.7103984;/app/bags/user95_2017-02-24.bag;0.834065854549408;0.0;0.9619645476341248;0.0;2.403604411345348;0.40154782656644117;0.5984521734335588
1730780892.9103699;/app/bags/user95_2017-02-24.bag;0.834065854549408;0.0;0.9619645476341248;0.0;2.403604411345348;0.40154782656644117;0.5984521734335588
1730780893.1103556;/app/bags/user95_2017-02-24.bag;0.834065854549408;0.0;0.9619645476341248;0.0;2.403604411345348;0.40154782656644117;0.5984521734335588
1730780893.310445;/app/bags/user95_2017-02-24.bag;0.834065854549408;0.0;0.9619645476341248;0.0;2.403604411345348;0.40154782656644117;0.5984521734335588
1730780893.5104508;/app/bags/user95_2017-02-24.bag;0.834065854549408;0.0;0.9619645476341248;0.0;2.403604411345348;0.40154782656644117;0.5984521734335588
1730780893.7104323;/app/bags/user95_2017-02-24.bag;0.834065854549408;0.0;0.9619645476341248;0.0;2.403604411345348;0.40154782656644117;0.5984521734335588
1730780893.9103837;/app/bags/user95_2017-02-24.bag;0.834065854549408;0.0;0.9619645476341248;0.0;2.403604411345348;0.40154782656644117;0.5984521734335588
1730780894.1103976;/app/bags/user95_2017-02-24.bag;0.834065854549408;0.0;0.9619645476341248;0.0;2.403604411345348;0.40154782656644117;0.5984521734335588
1730780894.3103921;/app/bags/user95_2017-02-24.bag;0.834065854549408;0.0;0.9619645476341248;0.0;2.403604411345348;0.40154782656644117;0.5984521734335588
1730780894.5104406;/app/bags/user95_2017-02-24.bag;0.834065854549408;0.0;0.9619645476341248;0.0;2.403604411345348;0.40154782656644117;0.5984521734335588
1730780894.7104402;/app/bags/user95_2017-02-24.bag;0.834065854549408;0.0;0.9619645476341248;0.0;2.403604411345348;0.40154782656644117;0.5984521734335588
1730780894.9104102;/app/bags/user95_2017-02-24.bag;0.834065854549408;0.0;0.9619645476341248;0.0;2.403604411345348;0.40154782656644117;0.5984521734335588
1730780895.1104052;/app/bags/user95_2017-02-24.bag;0.834065854549408;0.0;0.9619645476341248;0.0;2.403604411345348;0.40154782656644117;0.5984521734335588
1730780895.3103952;/app/bags/user95_2017-02-24.bag;0.834065854549408;0.0;0.9619645476341248;0.0;2.403604411345348;0.40154782656644117;0.5984521734335588
1730780895.510424;/app/bags/user95_2017-02-24.bag;0.834065854549408;0.0;0.9619645476341248;0.0;2.403604411345348;0.40154782656644117;0.5984521734335588
1730780895.7104015;/app/bags/user95_2017-02-24.bag;0.834065854549408;0.0;0.9619645476341248;0.0;2.403604411345348;0.40154782656644117;0.5984521734335588
1730780895.9103673;/app/bags/user95_2017-02-24.bag;0.834065854549408;0.0;0.9619645476341248;0.0;2.403604411345348;0.40154782656644117;0.5984521734335588
1730780896.1103857;/app/bags/user95_2017-02-24.bag;0.834065854549408;0.0;0.9619645476341248;0.0;2.403604411345348;0.40154782656644117;0.5984521734335588
1730780896.310371;/app/bags/user95_2017-02-24.bag;0.834065854549408;0.0;0.9619645476341248;0.0;2.403604411345348;0.40154782656644117;0.5984521734335588
1730780896.5103683;/app/bags/user95_2017-02-24.bag;0.834065854549408;0.0;0.9619645476341248;0.0;2.403604411345348;0.40154782656644117;0.5984521734335588
1730780896.7104404;/app/bags/user95_2017-02-24.bag;0.834065854549408;0.0;0.9619645476341248;0.0;2.403604411345348;0.40154782656644117;0.5984521734335588
1730780896.9103806;/app/bags/user95_2017-02-24.bag;0.834065854549408;0.0;0.9619645476341248;0.0;2.403604411345348;0.40154782656644117;0.5984521734335588
1730780897.1103878;/app/bags/user95_2017-02-24.bag;0.834065854549408;0.0;0.9619645476341248;0.0;2.403604411345348;0.40154782656644117;0.5984521734335588
1730780897.3103747;/app/bags/user95_2017-02-24.bag;0.834065854549408;0.0;0.9619645476341248;0.0;2.403604411345348;0.40154782656644117;0.5984521734335588
1730780897.5104063;/app/bags/user95_2017-02-24.bag;0.834065854549408;0.0;0.9619645476341248;0.0;2.403604411345348;0.40154782656644117;0.5984521734335588
1730780897.7103827;/app/bags/user95_2017-02-24.bag;0.834065854549408;0.0;0.9619645476341248;0.0;2.403604411345348;0.40154782656644117;0.5984521734335588
1730780897.9103916;/app/bags/user95_2017-02-24.bag;0.834065854549408;0.0;0.9619645476341248;0.0;2.403604411345348;0.40154782656644117;0.5984521734335588
1730780898.110385;/app/bags/user95_2017-02-24.bag;0.834065854549408;0.0;0.9619645476341248;0.0;2.403604411345348;0.40154782656644117;0.5984521734335588
1730780898.310393;/app/bags/user95_2017-02-24.bag;0.834065854549408;0.0;0.9619645476341248;0.0;2.403604411345348;0.40154782656644117;0.5984521734335588
1730780898.5103903;/app/bags/user95_2017-02-24.bag;0.834065854549408;0.0;0.9619645476341248;0.0;2.403604411345348;0.40154782656644117;0.5984521734335588
1730780898.7104018;/app/bags/user95_2017-02-24.bag;0.834065854549408;0.0;0.9619645476341248;0.0;2.403604411345348;0.40154782656644117;0.5984521734335588
1730780898.9103966;/app/bags/user95_2017-02-24.bag;0.834065854549408;0.0;0.9619645476341248;0.0;2.403604411345348;0.40154782656644117;0.5984521734335588
1730780899.1103823;/app/bags/user95_2017-02-24.bag;0.834065854549408;0.0;0.9619645476341248;0.0;2.403604411345348;0.40154782656644117;0.5984521734335588
1730780899.3104043;/app/bags/user95_2017-02-24.bag;0.834065854549408;0.0;0.9619645476341248;0.0;2.403604411345348;0.40154782656644117;0.5984521734335588
1730780899.510419;/app/bags/user95_2017-02-24.bag;0.834065854549408;0.0;0.9619645476341248;0.0;2.403604411345348;0.40154782656644117;0.5984521734335588
1730780899.7104013;/app/bags/user95_2017-02-24.bag;0.834065854549408;0.0;0.9619645476341248;0.0;2.403604411345348;0.40154782656644117;0.5984521734335588
1730780899.9103844;/app/bags/user95_2017-02-24.bag;0.834065854549408;0.0;0.9619645476341248;0.0;2.403604411345348;0.40154782656644117;0.5984521734335588
1730780900.110386;/app/bags/user95_2017-02-24.bag;0.834065854549408;0.0;0.9619645476341248;0.0;2.403604411345348;0.40154782656644117;0.5984521734335588
1730780900.3104136;/app/bags/user95_2017-02-24.bag;0.834065854549408;0.0;0.9619645476341248;0.0;2.403604411345348;0.40154782656644117;0.5984521734335588
1730780900.5105321;/app/bags/user95_2017-02-24.bag;0.834065854549408;0.0;0.9619645476341248;0.0;2.403604411345348;0.40154782656644117;0.5984521734335588
1730780900.710357;/app/bags/user95_2017-02-24.bag;0.834065854549408;0.0;0.9619645476341248;0.0;2.403604411345348;0.40154782656644117;0.5984521734335588
1730780900.910362;/app/bags/user95_2017-02-24.bag;0.834065854549408;0.0;0.9619645476341248;0.0;2.403604411345348;0.40154782656644117;0.5984521734335588
1730780901.1103718;/app/bags/user95_2017-02-24.bag;0.834065854549408;0.0;0.9619645476341248;0.0;2.403604411345348;0.40154782656644117;0.5984521734335588
1730780901.3104184;/app/bags/user95_2017-02-24.bag;0.834065854549408;0.0;0.9619645476341248;0.0;2.403604411345348;0.40154782656644117;0.5984521734335588
1730780901.5104973;/app/bags/user95_2017-02-24.bag;0.834065854549408;0.0;0.9619645476341248;0.0;2.403604411345348;0.40154782656644117;0.5984521734335588
1730780901.7104092;/app/bags/user95_2017-02-24.bag;0.834065854549408;0.0;0.9619645476341248;0.0;2.403604411345348;0.40154782656644117;0.5984521734335588
1730780901.9104018;/app/bags/user95_2017-02-24.bag;0.834065854549408;0.0;0.9619645476341248;0.0;2.403604411345348;0.40154782656644117;0.5984521734335588
1730780902.110455;/app/bags/user95_2017-02-24.bag;0.834065854549408;0.0;0.9619645476341248;0.0;2.403604411345348;0.40154782656644117;0.5984521734335588
1730780902.3103812;/app/bags/user95_2017-02-24.bag;0.834065854549408;0.0;0.9619645476341248;0.0;2.403604411345348;0.40154782656644117;0.5984521734335588
1730780902.5103865;/app/bags/user95_2017-02-24.bag;0.834065854549408;0.0;0.9619645476341248;0.0;2.403604411345348;0.40154782656644117;0.5984521734335588
1730780902.7103908;/app/bags/user95_2017-02-24.bag;0.834065854549408;0.0;0.9619645476341248;0.0;2.403604411345348;0.40154782656644117;0.5984521734335588
1730780902.9103723;/app/bags/user95_2017-02-24.bag;0.834065854549408;0.0;0.9619645476341248;0.0;2.403604411345348;0.40154782656644117;0.5984521734335588
1730780903.1103609;/app/bags/user95_2017-02-24.bag;0.834065854549408;0.0;0.9619645476341248;0.0;2.403604411345348;0.40154782656644117;0.5984521734335588
1730780903.3103893;/app/bags/user95_2017-02-24.bag;0.834065854549408;0.0;0.9619645476341248;0.0;2.403604411345348;0.40154782656644117;0.5984521734335588
1730780903.5103889;/app/bags/user95_2017-02-24.bag;0.834065854549408;0.0;0.9619645476341248;0.0;2.403604411345348;0.40154782656644117;0.5984521734335588
1730780903.7104552;/app/bags/user95_2017-02-24.bag;0.834065854549408;0.0;0.9619645476341248;0.0;2.403604411345348;0.40154782656644117;0.5984521734335588
1730780903.9104404;/app/bags/user95_2017-02-24.bag;0.834065854549408;0.0;0.9619645476341248;0.0;2.403604411345348;0.40154782656644117;0.5984521734335588
1730780904.1104007;/app/bags/user95_2017-02-24.bag;0.834065854549408;0.0;0.9619645476341248;0.0;2.403604411345348;0.40154782656644117;0.5984521734335588
1730780904.3103793;/app/bags/user95_2017-02-24.bag;0.834065854549408;0.0;0.9619645476341248;0.0;2.403604411345348;0.40154782656644117;0.5984521734335588
1730780904.510379;/app/bags/user95_2017-02-24.bag;0.834065854549408;0.0;0.9619645476341248;0.0;2.403604411345348;0.40154782656644117;0.5984521734335588
1730780904.710396;/app/bags/user95_2017-02-24.bag;0.834065854549408;0.0;0.9619645476341248;0.0;2.403604411345348;0.40154782656644117;0.5984521734335588
1730780904.9104693;/app/bags/user95_2017-02-24.bag;0.834065854549408;0.0;0.9619645476341248;0.0;2.403604411345348;0.40154782656644117;0.5984521734335588
1730780905.1103787;/app/bags/user95_2017-02-24.bag;0.834065854549408;0.0;0.9619645476341248;0.0;2.403604411345348;0.40154782656644117;0.5984521734335588
1730780905.3104074;/app/bags/user95_2017-02-24.bag;0.834065854549408;0.0;0.9619645476341248;0.0;2.403604411345348;0.40154782656644117;0.5984521734335588
1730780905.5103757;/app/bags/user95_2017-02-24.bag;0.834065854549408;0.0;0.9619645476341248;0.0;2.403604411345348;0.40154782656644117;0.5984521734335588
1730780905.7104654;/app/bags/user95_2017-02-24.bag;0.834065854549408;0.0;0.9619645476341248;0.0;2.403604411345348;0.40154782656644117;0.5984521734335588
1730780905.9104815;/app/bags/user95_2017-02-24.bag;0.834065854549408;0.0;0.9619645476341248;0.0;2.403604411345348;0.40154782656644117;0.5984521734335588
1730780906.110366;/app/bags/user95_2017-02-24.bag;0.834065854549408;0.0;0.9619645476341248;0.0;2.403604411345348;0.40154782656644117;0.5984521734335588
1730780906.3103662;/app/bags/user95_2017-02-24.bag;0.834065854549408;0.0;0.9619645476341248;0.0;2.403604411345348;0.40154782656644117;0.5984521734335588
1730780906.5103974;/app/bags/user95_2017-02-24.bag;0.834065854549408;0.0;0.9619645476341248;0.0;2.403604411345348;0.40154782656644117;0.5984521734335588
1730780906.7103732;/app/bags/user95_2017-02-24.bag;0.834065854549408;0.0;0.9619645476341248;0.0;2.403604411345348;0.40154782656644117;0.5984521734335588
1730780906.9103718;/app/bags/user95_2017-02-24.bag;0.834065854549408;0.0;0.9619645476341248;0.0;2.403604411345348;0.40154782656644117;0.5984521734335588
1730780907.1103802;/app/bags/user95_2017-02-24.bag;0.834065854549408;0.0;0.9619645476341248;0.0;2.403604411345348;0.40154782656644117;0.5984521734335588
1730780907.3105145;/app/bags/user95_2017-02-24.bag;0.834065854549408;0.0;0.9619645476341248;0.0;2.403604411345348;0.40154782656644117;0.5984521734335588
1730780907.5103762;/app/bags/user95_2017-02-24.bag;0.834065854549408;0.0;0.9619645476341248;0.0;2.403604411345348;0.40154782656644117;0.5984521734335588
1730780907.710368;/app/bags/user95_2017-02-24.bag;0.834065854549408;0.0;0.9619645476341248;0.0;2.403604411345348;0.40154782656644117;0.5984521734335588
1730780907.9103777;/app/bags/user95_2017-02-24.bag;0.834065854549408;0.0;0.9619645476341248;0.0;2.403604411345348;0.40154782656644117;0.5984521734335588
1730780908.110369;/app/bags/user95_2017-02-24.bag;0.834065854549408;0.0;0.9619645476341248;0.0;2.403604411345348;0.40154782656644117;0.5984521734335588
1730780908.3103695;/app/bags/user95_2017-02-24.bag;0.834065854549408;0.0;0.9619645476341248;0.0;2.403604411345348;0.40154782656644117;0.5984521734335588
1730780908.510432;/app/bags/user95_2017-02-24.bag;0.834065854549408;0.0;0.9619645476341248;0.0;2.403604411345348;0.40154782656644117;0.5984521734335588
1730780908.7104278;/app/bags/user95_2017-02-24.bag;0.834065854549408;0.0;0.9619645476341248;0.0;2.403604411345348;0.40154782656644117;0.5984521734335588
1730780908.9103754;/app/bags/user95_2017-02-24.bag;0.834065854549408;0.0;0.9619645476341248;0.0;2.403604411345348;0.40154782656644117;0.5984521734335588
1730780909.110372;/app/bags/user95_2017-02-24.bag;0.834065854549408;0.0;0.9619645476341248;0.0;2.403604411345348;0.40154782656644117;0.5984521734335588
1730780909.310379;/app/bags/user95_2017-02-24.bag;0.834065854549408;0.0;0.9619645476341248;0.0;2.403604411345348;0.40154782656644117;0.5984521734335588
1730780909.5104082;/app/bags/user95_2017-02-24.bag;0.834065854549408;0.0;0.9619645476341248;0.0;2.403604411345348;0.40154782656644117;0.5984521734335588
1730780909.710461;/app/bags/user95_2017-02-24.bag;0.834065854549408;0.0;0.9619645476341248;0.0;2.403604411345348;0.40154782656644117;0.5984521734335588
1730780909.9103644;/app/bags/user95_2017-02-24.bag;0.834065854549408;0.0;0.9619645476341248;0.0;2.403604411345348;0.40154782656644117;0.5984521734335588
1730780910.1103911;/app/bags/user95_2017-02-24.bag;0.834065854549408;0.0;0.9619645476341248;0.0;2.403604411345348;0.40154782656644117;0.5984521734335588
1730780910.3103716;/app/bags/user95_2017-02-24.bag;0.834065854549408;0.0;0.9619645476341248;0.0;2.403604411345348;0.40154782656644117;0.5984521734335588
1730780910.5103788;/app/bags/user95_2017-02-24.bag;0.834065854549408;0.0;0.9619645476341248;0.0;2.403604411345348;0.40154782656644117;0.5984521734335588
1730780910.710384;/app/bags/user95_2017-02-24.bag;0.834065854549408;0.0;0.9619645476341248;0.0;2.403604411345348;0.40154782656644117;0.5984521734335588
1730780910.9103813;/app/bags/user95_2017-02-24.bag;0.834065854549408;0.0;0.9619645476341248;0.0;2.403604411345348;0.40154782656644117;0.5984521734335588
1730780911.1104312;/app/bags/user95_2017-02-24.bag;0.834065854549408;0.0;0.9619645476341248;0.0;2.403604411345348;0.40154782656644117;0.5984521734335588
1730780911.310416;/app/bags/user95_2017-02-24.bag;0.834065854549408;0.0;0.9619645476341248;0.0;2.403604411345348;0.40154782656644117;0.5984521734335588
1730780911.5103695;/app/bags/user95_2017-02-24.bag;0.834065854549408;0.0;0.9619645476341248;0.0;2.403604411345348;0.40154782656644117;0.5984521734335588
1730780911.7103794;/app/bags/user95_2017-02-24.bag;0.834065854549408;0.0;0.9619645476341248;0.0;2.403604411345348;0.40154782656644117;0.5984521734335588
1730780911.9103787;/app/bags/user95_2017-02-24.bag;0.834065854549408;0.0;0.9619645476341248;0.0;2.403604411345348;0.40154782656644117;0.5984521734335588
1730780912.1103778;/app/bags/user95_2017-02-24.bag;0.834065854549408;0.0;0.9619645476341248;0.0;2.403604411345348;0.40154782656644117;0.5984521734335588
1730780912.3104594;/app/bags/user95_2017-02-24.bag;0.834065854549408;0.0;0.9619645476341248;0.0;2.403604411345348;0.40154782656644117;0.5984521734335588
1730780912.5105028;/app/bags/user95_2017-02-24.bag;0.834065854549408;0.0;0.9619645476341248;0.0;2.403604411345348;0.40154782656644117;0.5984521734335588
1730780912.7104475;/app/bags/user95_2017-02-24.bag;0.834065854549408;0.0;0.9619645476341248;0.0;2.403604411345348;0.40154782656644117;0.5984521734335588
1730780912.9103737;/app/bags/user95_2017-02-24.bag;0.834065854549408;0.0;0.9619645476341248;0.0;2.403604411345348;0.40154782656644117;0.5984521734335588
1730780913.1104338;/app/bags/user95_2017-02-24.bag;0.834065854549408;0.0;0.9619645476341248;0.0;2.403604411345348;0.40154782656644117;0.5984521734335588
1730780913.310399;/app/bags/user95_2017-02-24.bag;0.834065854549408;0.0;0.9619645476341248;0.0;2.403604411345348;0.40154782656644117;0.5984521734335588
1730780913.5103807;/app/bags/user95_2017-02-24.bag;0.834065854549408;0.0;0.9619645476341248;0.0;2.403604411345348;0.40154782656644117;0.5984521734335588
1730780913.7104099;/app/bags/user95_2017-02-24.bag;0.834065854549408;0.0;0.9619645476341248;0.0;2.403604411345348;0.40154782656644117;0.5984521734335588
1730780913.9103906;/app/bags/user95_2017-02-24.bag;0.834065854549408;0.0;0.9619645476341248;0.0;2.403604411345348;0.40154782656644117;0.5984521734335588
1730780914.1103585;/app/bags/user95_2017-02-24.bag;0.834065854549408;0.0;0.9619645476341248;0.0;2.403604411345348;0.40154782656644117;0.5984521734335588
1730780914.3103807;/app/bags/user95_2017-02-24.bag;0.834065854549408;0.0;0.9619645476341248;0.0;2.403604411345348;0.40154782656644117;0.5984521734335588
1730780914.510384;/app/bags/user95_2017-02-24.bag;0.834065854549408;0.0;0.9619645476341248;0.0;2.403604411345348;0.40154782656644117;0.5984521734335588
1730780914.7103925;/app/bags/user95_2017-02-24.bag;0.834065854549408;0.0;0.9619645476341248;0.0;2.403604411345348;0.40154782656644117;0.5984521734335588
1730780914.9103985;/app/bags/user95_2017-02-24.bag;0.834065854549408;0.0;0.9619645476341248;0.0;2.403604411345348;0.40154782656644117;0.5984521734335588
1730780915.1103818;/app/bags/user95_2017-02-24.bag;0.834065854549408;0.0;0.9619645476341248;0.0;2.403604411345348;0.40154782656644117;0.5984521734335588
1730780915.3103974;/app/bags/user95_2017-02-24.bag;0.834065854549408;0.0;0.9619645476341248;0.0;2.403604411345348;0.40154782656644117;0.5984521734335588
1730780915.5104003;/app/bags/user95_2017-02-24.bag;0.834065854549408;0.0;0.9619645476341248;0.0;2.403604411345348;0.40154782656644117;0.5984521734335588
1730780915.710441;/app/bags/user95_2017-02-24.bag;0.834065854549408;0.0;0.9619645476341248;0.0;2.403604411345348;0.40154782656644117;0.5984521734335588
1730780915.9104724;/app/bags/user95_2017-02-24.bag;0.834065854549408;0.0;0.9619645476341248;0.0;2.403604411345348;0.40154782656644117;0.5984521734335588
1730780916.110403;/app/bags/user95_2017-02-24.bag;0.834065854549408;0.0;0.9619645476341248;0.0;2.403604411345348;0.40154782656644117;0.5984521734335588
1730780916.3103762;/app/bags/user95_2017-02-24.bag;0.834065854549408;0.0;0.9619645476341248;0.0;2.403604411345348;0.40154782656644117;0.5984521734335588
1730780916.510376;/app/bags/user95_2017-02-24.bag;0.834065854549408;0.0;0.9619645476341248;0.0;2.403604411345348;0.40154782656644117;0.5984521734335588
1730780916.710384;/app/bags/user95_2017-02-24.bag;0.834065854549408;0.0;0.9619645476341248;0.0;2.403604411345348;0.40154782656644117;0.5984521734335588
1730780916.9103708;/app/bags/user95_2017-02-24.bag;0.834065854549408;0.0;0.9619645476341248;0.0;2.403604411345348;0.40154782656644117;0.5984521734335588
1730780917.1103861;/app/bags/user95_2017-02-24.bag;0.834065854549408;0.0;0.9619645476341248;0.0;2.403604411345348;0.40154782656644117;0.5984521734335588
1730780917.3104174;/app/bags/user95_2017-02-24.bag;0.834065854549408;0.0;0.9619645476341248;0.0;2.403604411345348;0.40154782656644117;0.5984521734335588
1730780917.5105357;/app/bags/user95_2017-02-24.bag;0.834065854549408;0.0;0.9619645476341248;0.0;2.403604411345348;0.40154782656644117;0.5984521734335588
1730780917.7106113;/app/bags/user95_2017-02-24.bag;0.834065854549408;0.0;0.9619645476341248;0.0;2.403604411345348;0.40154782656644117;0.5984521734335588
1730780917.9103732;/app/bags/user95_2017-02-24.bag;0.834065854549408;0.0;0.9619645476341248;0.0;2.403604411345348;0.40154782656644117;0.5984521734335588
1730780918.11039;/app/bags/user95_2017-02-24.bag;0.834065854549408;0.0;0.9619645476341248;0.0;2.403604411345348;0.40154782656644117;0.5984521734335588
1730780918.3104336;/app/bags/user95_2017-02-24.bag;0.834065854549408;0.0;0.9619645476341248;0.0;2.403604411345348;0.40154782656644117;0.5984521734335588
1730780918.5103717;/app/bags/user95_2017-02-24.bag;0.834065854549408;0.0;0.9619645476341248;0.0;2.403604411345348;0.40154782656644117;0.5984521734335588
1730780918.7104087;/app/bags/user95_2017-02-24.bag;0.834065854549408;0.0;0.9619645476341248;0.0;2.403604411345348;0.40154782656644117;0.5984521734335588
1730780918.9103968;/app/bags/user95_2017-02-24.bag;0.834065854549408;0.0;0.9619645476341248;0.0;2.403604411345348;0.40154782656644117;0.5984521734335588
1730780919.110425;/app/bags/user95_2017-02-24.bag;0.834065854549408;0.0;0.9619645476341248;0.0;2.403604411345348;0.40154782656644117;0.5984521734335588
1730780919.3104038;/app/bags/user95_2017-02-24.bag;0.834065854549408;0.0;0.9619645476341248;0.0;2.403604411345348;0.40154782656644117;0.5984521734335588
1730780919.510368;/app/bags/user95_2017-02-24.bag;0.834065854549408;0.0;0.9619645476341248;0.0;2.403604411345348;0.40154782656644117;0.5984521734335588
1730780919.7103834;/app/bags/user95_2017-02-24.bag;0.834065854549408;0.0;0.9619645476341248;0.0;2.403604411345348;0.40154782656644117;0.5984521734335588
1730780919.910407;/app/bags/user95_2017-02-24.bag;0.834065854549408;0.0;0.9619645476341248;0.0;2.403604411345348;0.40154782656644117;0.5984521734335588
1730780920.1103733;/app/bags/user95_2017-02-24.bag;0.834065854549408;0.0;0.9619645476341248;0.0;2.403604411345348;0.40154782656644117;0.5984521734335588
1730780920.31038;/app/bags/user95_2017-02-24.bag;0.834065854549408;0.0;0.9619645476341248;0.0;2.403604411345348;0.40154782656644117;0.5984521734335588
1730780920.5104601;/app/bags/user95_2017-02-24.bag;0.834065854549408;0.0;0.9619645476341248;0.0;2.403604411345348;0.40154782656644117;0.5984521734335588
1730780920.7103727;/app/bags/user95_2017-02-24.bag;0.834065854549408;0.0;0.9619645476341248;0.0;2.403604411345348;0.40154782656644117;0.5984521734335588
1730780920.9104028;/app/bags/user95_2017-02-24.bag;0.834065854549408;0.0;0.9619645476341248;0.0;2.403604411345348;0.40154782656644117;0.5984521734335588
1730780921.110428;/app/bags/user95_2017-02-24.bag;0.834065854549408;0.0;0.9619645476341248;0.0;2.403604411345348;0.40154782656644117;0.5984521734335588
1730780921.3103774;/app/bags/user95_2017-02-24.bag;0.834065854549408;0.0;0.9619645476341248;0.0;2.403604411345348;0.40154782656644117;0.5984521734335588
1730780921.5103602;/app/bags/user95_2017-02-24.bag;0.834065854549408;0.0;0.9619645476341248;0.0;2.403604411345348;0.40154782656644117;0.5984521734335588
1730780921.710448;/app/bags/user95_2017-02-24.bag;0.834065854549408;0.0;0.9619645476341248;0.0;2.403604411345348;0.40154782656644117;0.5984521734335588
1730780921.9104187;/app/bags/user95_2017-02-24.bag;0.834065854549408;0.0;0.9619645476341248;0.0;2.403604411345348;0.40154782656644117;0.5984521734335588
1730780922.1103733;/app/bags/user95_2017-02-24.bag;0.834065854549408;0.0;0.9619645476341248;0.0;2.403604411345348;0.40154782656644117;0.5984521734335588
1730780922.3104038;/app/bags/user95_2017-02-24.bag;0.834065854549408;0.0;0.9619645476341248;0.0;2.403604411345348;0.40154782656644117;0.5984521734335588
1730780922.5103984;/app/bags/user95_2017-02-24.bag;0.834065854549408;0.0;0.9619645476341248;0.0;2.403604411345348;0.40154782656644117;0.5984521734335588
1730780922.7103775;/app/bags/user95_2017-02-24.bag;0.834065854549408;0.0;0.9619645476341248;0.0;2.403604411345348;0.40154782656644117;0.5984521734335588
1730780922.9103808;/app/bags/user95_2017-02-24.bag;0.834065854549408;0.0;0.9619645476341248;0.0;2.403604411345348;0.40154782656644117;0.5984521734335588
1730780923.1103787;/app/bags/user95_2017-02-24.bag;0.834065854549408;0.0;0.9619645476341248;0.0;2.403604411345348;0.40154782656644117;0.5984521734335588
1730780923.3104205;/app/bags/user95_2017-02-24.bag;0.834065854549408;0.0;0.9619645476341248;0.0;2.403604411345348;0.40154782656644117;0.5984521734335588
1730780923.5103571;/app/bags/user95_2017-02-24.bag;0.834065854549408;0.0;0.9619645476341248;0.0;2.403604411345348;0.40154782656644117;0.5984521734335588
1730780923.710369;/app/bags/user95_2017-02-24.bag;0.834065854549408;0.0;0.9619645476341248;0.0;2.403604411345348;0.40154782656644117;0.5984521734335588
1730780923.9103642;/app/bags/user95_2017-02-24.bag;0.834065854549408;0.0;0.9619645476341248;0.0;2.403604411345348;0.40154782656644117;0.5984521734335588
1730780924.110435;/app/bags/user95_2017-02-24.bag;0.834065854549408;0.0;0.9619645476341248;0.0;2.403604411345348;0.40154782656644117;0.5984521734335588
1730780924.3104582;/app/bags/user95_2017-02-24.bag;0.834065854549408;0.0;0.9619645476341248;0.0;2.403604411345348;0.40154782656644117;0.5984521734335588
1730780924.5103936;/app/bags/user95_2017-02-24.bag;0.834065854549408;0.0;0.9619645476341248;0.0;2.403604411345348;0.40154782656644117;0.5984521734335588
1730780924.710378;/app/bags/user95_2017-02-24.bag;0.834065854549408;0.0;0.9619645476341248;0.0;2.403604411345348;0.40154782656644117;0.5984521734335588
1730780924.9104705;/app/bags/user95_2017-02-24.bag;0.834065854549408;0.0;0.9619645476341248;0.0;2.403604411345348;0.40154782656644117;0.5984521734335588
1730780925.110389;/app/bags/user95_2017-02-24.bag;0.834065854549408;0.0;0.9619645476341248;0.0;2.403604411345348;0.40154782656644117;0.5984521734335588
1730780925.3103878;/app/bags/user95_2017-02-24.bag;0.834065854549408;0.0;0.9619645476341248;0.0;2.403604411345348;0.40154782656644117;0.5984521734335588
1730780925.5103803;/app/bags/user95_2017-02-24.bag;0.834065854549408;0.0;0.9619645476341248;0.0;2.403604411345348;0.40154782656644117;0.5984521734335588
1730780925.7104113;/app/bags/user95_2017-02-24.bag;0.834065854549408;0.0;0.9619645476341248;0.0;2.403604411345348;0.40154782656644117;0.5984521734335588
1730780925.9104288;/app/bags/user95_2017-02-24.bag;0.834065854549408;0.0;0.9619645476341248;0.0;2.403604411345348;0.40154782656644117;0.5984521734335588
1730780926.1103973;/app/bags/user95_2017-02-24.bag;0.834065854549408;0.0;0.9619645476341248;0.0;2.403604411345348;0.40154782656644117;0.5984521734335588
1730780926.3103979;/app/bags/user95_2017-02-24.bag;0.834065854549408;0.0;0.9619645476341248;0.0;2.403604411345348;0.40154782656644117;0.5984521734335588
1730780926.5103695;/app/bags/user95_2017-02-24.bag;0.834065854549408;0.0;0.9619645476341248;0.0;2.403604411345348;0.40154782656644117;0.5984521734335588
1730780926.7106447;/app/bags/user95_2017-02-24.bag;0.834065854549408;0.0;0.9619645476341248;0.0;2.403604411345348;0.40154782656644117;0.5984521734335588
1730780926.9104104;/app/bags/user95_2017-02-24.bag;0.834065854549408;0.0;0.9619645476341248;0.0;2.403604411345348;0.40154782656644117;0.5984521734335588
1730780927.110388;/app/bags/user95_2017-02-24.bag;0.834065854549408;0.0;0.9619645476341248;0.0;2.403604411345348;0.40154782656644117;0.5984521734335588
1730780927.310405;/app/bags/user95_2017-02-24.bag;0.834065854549408;0.0;0.9619645476341248;0.0;2.403604411345348;0.40154782656644117;0.5984521734335588
1730780927.5103788;/app/bags/user95_2017-02-24.bag;0.834065854549408;0.0;0.9619645476341248;0.0;2.403604411345348;0.40154782656644117;0.5984521734335588
1730780927.7104282;/app/bags/user95_2017-02-24.bag;0.834065854549408;0.0;0.9619645476341248;0.0;2.403604411345348;0.40154782656644117;0.5984521734335588
1730780927.9103978;/app/bags/user95_2017-02-24.bag;0.834065854549408;0.0;0.9619645476341248;0.0;2.403604411345348;0.40154782656644117;0.5984521734335588
1730780928.1103845;/app/bags/user95_2017-02-24.bag;0.834065854549408;0.0;0.9619645476341248;0.0;2.403604411345348;0.40154782656644117;0.5984521734335588
1730780928.3103826;/app/bags/user95_2017-02-24.bag;0.834065854549408;0.0;0.9619645476341248;0.0;2.403604411345348;0.40154782656644117;0.5984521734335588
1730780928.510402;/app/bags/user95_2017-02-24.bag;0.834065854549408;0.0;0.9619645476341248;0.0;2.403604411345348;0.40154782656644117;0.5984521734335588
1730780928.7106264;/app/bags/user95_2017-02-24.bag;0.834065854549408;0.0;0.9619645476341248;0.0;2.403604411345348;0.40154782656644117;0.5984521734335588
1730780928.9103785;/app/bags/user95_2017-02-24.bag;0.834065854549408;0.0;0.9619645476341248;0.0;2.403604411345348;0.40154782656644117;0.5984521734335588
1730780929.11039;/app/bags/user95_2017-02-24.bag;0.834065854549408;0.0;0.9619645476341248;0.0;2.403604411345348;0.40154782656644117;0.5984521734335588
1730780929.31062;/app/bags/user95_2017-02-24.bag;0.834065854549408;0.0;0.9619645476341248;0.0;2.403604411345348;0.40154782656644117;0.5984521734335588
1730780929.5103831;/app/bags/user95_2017-02-24.bag;0.834065854549408;0.0;0.9619645476341248;0.0;2.403604411345348;0.40154782656644117;0.5984521734335588
1730780929.7103987;/app/bags/user95_2017-02-24.bag;0.834065854549408;0.0;0.9619645476341248;0.0;2.403604411345348;0.40154782656644117;0.5984521734335588
1730780929.910384;/app/bags/user95_2017-02-24.bag;0.834065854549408;0.0;0.9619645476341248;0.0;2.403604411345348;0.40154782656644117;0.5984521734335588
1730780930.110531;/app/bags/user95_2017-02-24.bag;0.834065854549408;0.0;0.9619645476341248;0.0;2.403604411345348;0.40154782656644117;0.5984521734335588
1730780930.3103895;/app/bags/user95_2017-02-24.bag;0.834065854549408;0.0;0.9619645476341248;0.0;2.403604411345348;0.40154782656644117;0.5984521734335588
1730780930.51039;/app/bags/user95_2017-02-24.bag;0.834065854549408;0.0;0.9619645476341248;0.0;2.403604411345348;0.40154782656644117;0.5984521734335588
1730780930.7103763;/app/bags/user95_2017-02-24.bag;0.834065854549408;0.0;0.9619645476341248;0.0;2.403604411345348;0.40154782656644117;0.5984521734335588
1730780930.910381;/app/bags/user95_2017-02-24.bag;0.834065854549408;0.0;0.9619645476341248;0.0;2.403604411345348;0.40154782656644117;0.5984521734335588
1730780931.110357;/app/bags/user95_2017-02-24.bag;0.834065854549408;0.0;0.9619645476341248;0.0;2.403604411345348;0.40154782656644117;0.5984521734335588
1730780931.3103445;/app/bags/user95_2017-02-24.bag;0.834065854549408;0.0;0.9619645476341248;0.0;2.403604411345348;0.40154782656644117;0.5984521734335588
1730780931.510368;/app/bags/user95_2017-02-24.bag;0.834065854549408;0.0;0.9619645476341248;0.0;2.403604411345348;0.40154782656644117;0.5984521734335588
1730780931.7103763;/app/bags/user95_2017-02-24.bag;0.834065854549408;0.0;0.9619645476341248;0.0;2.403604411345348;0.40154782656644117;0.5984521734335588
1730780931.9103808;/app/bags/user95_2017-02-24.bag;0.834065854549408;0.0;0.9619645476341248;0.0;2.403604411345348;0.40154782656644117;0.5984521734335588
1730780932.1103764;/app/bags/user95_2017-02-24.bag;0.834065854549408;0.0;0.9619645476341248;0.0;2.403604411345348;0.40154782656644117;0.5984521734335588
1730780932.3103976;/app/bags/user95_2017-02-24.bag;0.834065854549408;0.0;0.9619645476341248;0.0;2.403604411345348;0.40154782656644117;0.5984521734335588
1730780932.5103695;/app/bags/user95_2017-02-24.bag;0.834065854549408;0.0;0.9619645476341248;0.0;2.403604411345348;0.40154782656644117;0.5984521734335588
1730780932.7103968;/app/bags/user95_2017-02-24.bag;0.834065854549408;0.0;0.9619645476341248;0.0;2.403604411345348;0.40154782656644117;0.5984521734335588
1730780932.9104555;/app/bags/user95_2017-02-24.bag;0.834065854549408;0.0;0.9619645476341248;0.0;2.403604411345348;0.40154782656644117;0.5984521734335588
1730780933.110394;/app/bags/user95_2017-02-24.bag;0.834065854549408;0.0;0.9619645476341248;0.0;2.403604411345348;0.40154782656644117;0.5984521734335588
1730780933.310385;/app/bags/user95_2017-02-24.bag;0.834065854549408;0.0;0.9619645476341248;0.0;2.403604411345348;0.40154782656644117;0.5984521734335588
1730780933.5103729;/app/bags/user95_2017-02-24.bag;0.834065854549408;0.0;0.9619645476341248;0.0;2.403604411345348;0.40154782656644117;0.5984521734335588
1730780933.7104526;/app/bags/user95_2017-02-24.bag;0.834065854549408;0.0;0.9619645476341248;0.0;2.403604411345348;0.40154782656644117;0.5984521734335588
1730780933.9103847;/app/bags/user95_2017-02-24.bag;0.834065854549408;0.0;0.9619645476341248;0.0;2.403604411345348;0.40154782656644117;0.5984521734335588
1730780934.1103868;/app/bags/user95_2017-02-24.bag;0.834065854549408;0.0;0.9619645476341248;0.0;2.403604411345348;0.40154782656644117;0.5984521734335588
1730780934.310365;/app/bags/user95_2017-02-24.bag;0.834065854549408;0.0;0.9619645476341248;0.0;2.403604411345348;0.40154782656644117;0.5984521734335588
1730780934.5104306;/app/bags/user95_2017-02-24.bag;0.834065854549408;0.0;0.9619645476341248;0.0;2.403604411345348;0.40154782656644117;0.5984521734335588
1730780934.7103727;/app/bags/user95_2017-02-24.bag;0.834065854549408;0.0;0.9619645476341248;0.0;2.403604411345348;0.40154782656644117;0.5984521734335588
1730780934.9103613;/app/bags/user95_2017-02-24.bag;0.834065854549408;0.0;0.9619645476341248;0.0;2.403604411345348;0.40154782656644117;0.5984521734335588
1730780935.1105583;/app/bags/user95_2017-02-24.bag;0.834065854549408;0.0;0.9619645476341248;0.0;2.403604411345348;0.40154782656644117;0.5984521734335588
1730780935.3103528;/app/bags/user95_2017-02-24.bag;0.834065854549408;0.0;0.9619645476341248;0.0;2.403604411345348;0.40154782656644117;0.5984521734335588
1730780935.5103757;/app/bags/user95_2017-02-24.bag;0.834065854549408;0.0;0.9619645476341248;0.0;2.403604411345348;0.40154782656644117;0.5984521734335588
1730780935.7103925;/app/bags/user95_2017-02-24.bag;0.834065854549408;0.0;0.9619645476341248;0.0;2.403604411345348;0.40154782656644117;0.5984521734335588
1730780935.9104292;/app/bags/user95_2017-02-24.bag;0.834065854549408;0.0;0.9619645476341248;0.0;2.403604411345348;0.40154782656644117;0.5984521734335588
1730780936.1104214;/app/bags/user95_2017-02-24.bag;0.834065854549408;0.0;0.9619645476341248;0.0;2.403604411345348;0.40154782656644117;0.5984521734335588
1730780936.3103669;/app/bags/user95_2017-02-24.bag;0.834065854549408;0.0;0.9619645476341248;0.0;2.403604411345348;0.40154782656644117;0.5984521734335588
1730780936.5103827;/app/bags/user95_2017-02-24.bag;0.834065854549408;0.0;0.9619645476341248;0.0;2.403604411345348;0.40154782656644117;0.5984521734335588
1730780936.710401;/app/bags/user95_2017-02-24.bag;0.834065854549408;0.0;0.9619645476341248;0.0;2.403604411345348;0.40154782656644117;0.5984521734335588
1730780936.9104166;/app/bags/user95_2017-02-24.bag;0.834065854549408;0.0;0.9619645476341248;0.0;2.403604411345348;0.40154782656644117;0.5984521734335588
1730780937.110375;/app/bags/user95_2017-02-24.bag;0.834065854549408;0.0;0.9619645476341248;0.0;2.403604411345348;0.40154782656644117;0.5984521734335588
1730780937.3105037;/app/bags/user95_2017-02-24.bag;0.834065854549408;0.0;0.9619645476341248;0.0;2.403604411345348;0.40154782656644117;0.5984521734335588
1730780937.5104249;/app/bags/user95_2017-02-24.bag;0.834065854549408;0.0;0.9619645476341248;0.0;2.403604411345348;0.40154782656644117;0.5984521734335588
1730780937.7104182;/app/bags/user95_2017-02-24.bag;0.834065854549408;0.0;0.9619645476341248;0.0;2.403604411345348;0.40154782656644117;0.5984521734335588
1730780937.9103863;/app/bags/user95_2017-02-24.bag;0.834065854549408;0.0;0.9619645476341248;0.0;2.403604411345348;0.40154782656644117;0.5984521734335588
1730780938.11041;/app/bags/user95_2017-02-24.bag;0.834065854549408;0.0;0.9619645476341248;0.0;2.403604411345348;0.40154782656644117;0.5984521734335588
1730780938.3103988;/app/bags/user95_2017-02-24.bag;0.834065854549408;0.0;0.9619645476341248;0.0;2.403604411345348;0.40154782656644117;0.5984521734335588
1730780938.5103812;/app/bags/user95_2017-02-24.bag;0.834065854549408;0.0;0.9619645476341248;0.0;2.403604411345348;0.40154782656644117;0.5984521734335588
1730780938.7104237;/app/bags/user95_2017-02-24.bag;0.834065854549408;0.0;0.9619645476341248;0.0;2.403604411345348;0.40154782656644117;0.5984521734335588
1730780938.9103694;/app/bags/user95_2017-02-24.bag;0.834065854549408;0.0;0.9619645476341248;0.0;2.403604411345348;0.40154782656644117;0.5984521734335588
1730780939.1103153;/app/bags/user95_2017-02-24.bag;0.834065854549408;0.0;0.9619645476341248;0.0;2.403604411345348;0.40154782656644117;0.5984521734335588
1730780939.3103762;/app/bags/user95_2017-02-24.bag;0.834065854549408;0.0;0.9619645476341248;0.0;2.403604411345348;0.40154782656644117;0.5984521734335588
1730780939.510425;/app/bags/user95_2017-02-24.bag;0.834065854549408;0.0;0.9619645476341248;0.0;2.403604411345348;0.40154782656644117;0.5984521734335588
1730780939.7104058;/app/bags/user95_2017-02-24.bag;0.834065854549408;0.0;0.9619645476341248;0.0;2.403604411345348;0.40154782656644117;0.5984521734335588
1730780939.9104078;/app/bags/user95_2017-02-24.bag;0.834065854549408;0.0;0.9619645476341248;0.0;2.403604411345348;0.40154782656644117;0.5984521734335588
1730780940.1104228;/app/bags/user95_2017-02-24.bag;0.834065854549408;0.0;0.9619645476341248;0.0;2.403604411345348;0.40154782656644117;0.5984521734335588
1730780940.3104393;/app/bags/user95_2017-02-24.bag;0.834065854549408;0.0;0.9619645476341248;0.0;2.403604411345348;0.40154782656644117;0.5984521734335588
1730780940.5104113;/app/bags/user95_2017-02-24.bag;0.834065854549408;0.0;0.9619645476341248;0.0;2.403604411345348;0.40154782656644117;0.5984521734335588
1730780940.7103848;/app/bags/user95_2017-02-24.bag;0.834065854549408;0.0;0.9619645476341248;0.0;2.403604411345348;0.40154782656644117;0.5984521734335588
1730780940.910393;/app/bags/user95_2017-02-24.bag;0.834065854549408;0.0;0.9619645476341248;0.0;2.403604411345348;0.40154782656644117;0.5984521734335588
1730780941.1104233;/app/bags/user95_2017-02-24.bag;0.834065854549408;0.0;0.9619645476341248;0.0;2.403604411345348;0.40154782656644117;0.5984521734335588
1730780941.310378;/app/bags/user95_2017-02-24.bag;0.834065854549408;0.0;0.9619645476341248;0.0;2.403604411345348;0.40154782656644117;0.5984521734335588
1730780941.510371;/app/bags/user95_2017-02-24.bag;0.834065854549408;0.0;0.9619645476341248;0.0;2.403604411345348;0.40154782656644117;0.5984521734335588
1730780941.7104144;/app/bags/user95_2017-02-24.bag;0.834065854549408;0.0;0.9619645476341248;0.0;2.403604411345348;0.40154782656644117;0.5984521734335588
1730780941.9103918;/app/bags/user95_2017-02-24.bag;0.834065854549408;0.0;0.9619645476341248;0.0;2.403604411345348;0.40154782656644117;0.5984521734335588
1730780942.1103868;/app/bags/user95_2017-02-24.bag;0.834065854549408;0.0;0.9619645476341248;0.0;2.403604411345348;0.40154782656644117;0.5984521734335588
1730780942.3104558;/app/bags/user95_2017-02-24.bag;0.834065854549408;0.0;0.9619645476341248;0.0;2.403604411345348;0.40154782656644117;0.5984521734335588
1730780942.510382;/app/bags/user95_2017-02-24.bag;0.834065854549408;0.0;0.9619645476341248;0.0;2.403604411345348;0.40154782656644117;0.5984521734335588
1730780942.7103703;/app/bags/user95_2017-02-24.bag;0.834065854549408;0.0;0.9619645476341248;0.0;2.403604411345348;0.40154782656644117;0.5984521734335588
1730780942.9103827;/app/bags/user95_2017-02-24.bag;0.834065854549408;0.0;0.9619645476341248;0.0;2.403604411345348;0.40154782656644117;0.5984521734335588
1730780943.1104054;/app/bags/user95_2017-02-24.bag;0.834065854549408;0.0;0.9619645476341248;0.0;2.403604411345348;0.40154782656644117;0.5984521734335588
1730780943.3103683;/app/bags/user95_2017-02-24.bag;0.834065854549408;0.0;0.9619645476341248;0.0;2.403604411345348;0.40154782656644117;0.5984521734335588
1730780943.510405;/app/bags/user95_2017-02-24.bag;0.834065854549408;0.0;0.9619645476341248;0.0;2.403604411345348;0.40154782656644117;0.5984521734335588
1730780943.710412;/app/bags/user95_2017-02-24.bag;0.834065854549408;0.0;0.9619645476341248;0.0;2.403604411345348;0.40154782656644117;0.5984521734335588
1730780943.910406;/app/bags/user95_2017-02-24.bag;0.834065854549408;0.0;0.9619645476341248;0.0;2.403604411345348;0.40154782656644117;0.5984521734335588
1730780944.1102672;/app/bags/user95_2017-02-24.bag;0.834065854549408;0.0;0.9619645476341248;0.0;2.403604411345348;0.40154782656644117;0.5984521734335588
1730780944.3103812;/app/bags/user95_2017-02-24.bag;0.834065854549408;0.0;0.9619645476341248;0.0;2.403604411345348;0.40154782656644117;0.5984521734335588
1730780944.510411;/app/bags/user95_2017-02-24.bag;0.834065854549408;0.0;0.9619645476341248;0.0;2.403604411345348;0.40154782656644117;0.5984521734335588
1730780944.7103548;/app/bags/user95_2017-02-24.bag;0.834065854549408;0.0;0.9619645476341248;0.0;2.403604411345348;0.40154782656644117;0.5984521734335588
1730780944.9104013;/app/bags/user95_2017-02-24.bag;0.834065854549408;0.0;0.9619645476341248;0.0;2.403604411345348;0.40154782656644117;0.5984521734335588
1730780945.110352;/app/bags/user95_2017-02-24.bag;0.834065854549408;0.0;0.9619645476341248;0.0;2.403604411345348;0.40154782656644117;0.5984521734335588
1730780945.3104177;/app/bags/user95_2017-02-24.bag;0.834065854549408;0.0;0.9619645476341248;0.0;2.403604411345348;0.40154782656644117;0.5984521734335588
1730780945.510392;/app/bags/user95_2017-02-24.bag;0.834065854549408;0.0;0.9619645476341248;0.0;2.403604411345348;0.40154782656644117;0.5984521734335588
1730780945.710368;/app/bags/user95_2017-02-24.bag;0.834065854549408;0.0;0.9619645476341248;0.0;2.403604411345348;0.40154782656644117;0.5984521734335588
1730780945.9104822;/app/bags/user95_2017-02-24.bag;0.834065854549408;0.0;0.9619645476341248;0.0;2.403604411345348;0.40154782656644117;0.5984521734335588
1730780946.1103883;/app/bags/user95_2017-02-24.bag;0.834065854549408;0.0;0.9619645476341248;0.0;2.403604411345348;0.40154782656644117;0.5984521734335588
1730780946.3104484;/app/bags/user95_2017-02-24.bag;0.834065854549408;0.0;0.9619645476341248;0.0;2.403604411345348;0.40154782656644117;0.5984521734335588
1730780946.5103874;/app/bags/user95_2017-02-24.bag;0.834065854549408;0.0;0.9619645476341248;0.0;2.403604411345348;0.40154782656644117;0.5984521734335588
1730780946.7103987;/app/bags/user95_2017-02-24.bag;0.834065854549408;0.0;0.9619645476341248;0.0;2.403604411345348;0.40154782656644117;0.5984521734335588
1730780946.9104002;/app/bags/user95_2017-02-24.bag;0.834065854549408;0.0;0.9619645476341248;0.0;2.403604411345348;0.40154782656644117;0.5984521734335588
1730780947.110372;/app/bags/user95_2017-02-24.bag;0.834065854549408;0.0;0.9619645476341248;0.0;2.403604411345348;0.40154782656644117;0.5984521734335588
1730780947.3103774;/app/bags/user95_2017-02-24.bag;0.834065854549408;0.0;0.9619645476341248;0.0;2.403604411345348;0.40154782656644117;0.5984521734335588
1730780947.5103726;/app/bags/user95_2017-02-24.bag;0.834065854549408;0.0;0.9619645476341248;0.0;2.403604411345348;0.40154782656644117;0.5984521734335588
1730780947.710426;/app/bags/user95_2017-02-24.bag;0.834065854549408;0.0;0.9619645476341248;0.0;2.403604411345348;0.40154782656644117;0.5984521734335588
1730780947.910387;/app/bags/user95_2017-02-24.bag;0.834065854549408;0.0;0.9619645476341248;0.0;2.403604411345348;0.40154782656644117;0.5984521734335588
1730780948.1105545;/app/bags/user95_2017-02-24.bag;0.834065854549408;0.0;0.9619645476341248;0.0;2.403604411345348;0.40154782656644117;0.5984521734335588
1730780948.3103552;/app/bags/user95_2017-02-24.bag;0.834065854549408;0.0;0.9619645476341248;0.0;2.403604411345348;0.40154782656644117;0.5984521734335588
1730780948.5103865;/app/bags/user95_2017-02-24.bag;0.834065854549408;0.0;0.9619645476341248;0.0;2.403604411345348;0.40154782656644117;0.5984521734335588
1730780948.710396;/app/bags/user95_2017-02-24.bag;0.834065854549408;0.0;0.9619645476341248;0.0;2.403604411345348;0.40154782656644117;0.5984521734335588
1730780948.9103813;/app/bags/user95_2017-02-24.bag;0.834065854549408;0.0;0.9619645476341248;0.0;2.403604411345348;0.40154782656644117;0.5984521734335588
1730780949.1104505;/app/bags/user95_2017-02-24.bag;0.834065854549408;0.0;0.9619645476341248;0.0;2.403604411345348;0.40154782656644117;0.5984521734335588
1730780949.3103483;/app/bags/user95_2017-02-24.bag;0.834065854549408;0.0;0.9619645476341248;0.0;2.403604411345348;0.40154782656644117;0.5984521734335588
1730780949.5103812;/app/bags/user95_2017-02-24.bag;0.834065854549408;0.0;0.9619645476341248;0.0;2.403604411345348;0.40154782656644117;0.5984521734335588
1730780949.7104616;/app/bags/user95_2017-02-24.bag;0.834065854549408;0.0;0.9619645476341248;0.0;2.403604411345348;0.40154782656644117;0.5984521734335588
1730780949.9104006;/app/bags/user95_2017-02-24.bag;0.834065854549408;0.0;0.9619645476341248;0.0;2.403604411345348;0.40154782656644117;0.5984521734335588
1730780950.110377;/app/bags/user95_2017-02-24.bag;0.834065854549408;0.0;0.9619645476341248;0.0;2.403604411345348;0.40154782656644117;0.5984521734335588
1730780950.310422;/app/bags/user95_2017-02-24.bag;0.834065854549408;0.0;0.9619645476341248;0.0;2.403604411345348;0.40154782656644117;0.5984521734335588
1730780950.5103874;/app/bags/user95_2017-02-24.bag;0.834065854549408;0.0;0.9619645476341248;0.0;2.403604411345348;0.40154782656644117;0.5984521734335588
1730780950.7104278;/app/bags/user95_2017-02-24.bag;0.834065854549408;0.0;0.9619645476341248;0.0;2.403604411345348;0.40154782656644117;0.5984521734335588
1730780950.910462;/app/bags/user95_2017-02-24.bag;0.834065854549408;0.0;0.9619645476341248;0.0;2.403604411345348;0.40154782656644117;0.5984521734335588
1730780951.1103904;/app/bags/user95_2017-02-24.bag;0.834065854549408;0.0;0.9619645476341248;0.0;2.403604411345348;0.40154782656644117;0.5984521734335588
1730780951.3104024;/app/bags/user95_2017-02-24.bag;0.834065854549408;0.0;0.9619645476341248;0.0;2.403604411345348;0.40154782656644117;0.5984521734335588
1730780951.5105217;/app/bags/user95_2017-02-24.bag;0.834065854549408;0.0;0.9619645476341248;0.0;2.403604411345348;0.40154782656644117;0.5984521734335588
1730780951.7103717;/app/bags/user95_2017-02-24.bag;0.834065854549408;0.0;0.9619645476341248;0.0;2.403604411345348;0.40154782656644117;0.5984521734335588
1730780951.9103749;/app/bags/user95_2017-02-24.bag;0.834065854549408;0.0;0.9619645476341248;0.0;2.403604411345348;0.40154782656644117;0.5984521734335588
1730780952.1103802;/app/bags/user95_2017-02-24.bag;0.834065854549408;0.0;0.9619645476341248;0.0;2.403604411345348;0.40154782656644117;0.5984521734335588
1730780952.3105593;/app/bags/user95_2017-02-24.bag;0.834065854549408;0.0;0.9619645476341248;0.0;2.403604411345348;0.40154782656644117;0.5984521734335588
1730780952.510409;/app/bags/user95_2017-02-24.bag;0.834065854549408;0.0;0.9619645476341248;0.0;2.403604411345348;0.40154782656644117;0.5984521734335588
1730780952.7103832;/app/bags/user95_2017-02-24.bag;0.834065854549408;0.0;0.9619645476341248;0.0;2.403604411345348;0.40154782656644117;0.5984521734335588
1730780952.9103997;/app/bags/user95_2017-02-24.bag;0.834065854549408;0.0;0.9619645476341248;0.0;2.403604411345348;0.40154782656644117;0.5984521734335588
1730780953.1103816;/app/bags/user95_2017-02-24.bag;0.834065854549408;0.0;0.9619645476341248;0.0;2.403604411345348;0.40154782656644117;0.5984521734335588
1730780953.3104172;/app/bags/user95_2017-02-24.bag;0.834065854549408;0.0;0.9619645476341248;0.0;2.403604411345348;0.40154782656644117;0.5984521734335588
1730780953.5104191;/app/bags/user95_2017-02-24.bag;0.834065854549408;0.0;0.9619645476341248;0.0;2.403604411345348;0.40154782656644117;0.5984521734335588
1730780953.7104023;/app/bags/user95_2017-02-24.bag;0.834065854549408;0.0;0.9619645476341248;0.0;2.403604411345348;0.40154782656644117;0.5984521734335588
1730780953.9103777;/app/bags/user95_2017-02-24.bag;0.834065854549408;0.0;0.9619645476341248;0.0;2.403604411345348;0.40154782656644117;0.5984521734335588
1730780954.1103811;/app/bags/user95_2017-02-24.bag;0.834065854549408;0.0;0.9619645476341248;0.0;2.403604411345348;0.40154782656644117;0.5984521734335588
1730780954.3104007;/app/bags/user95_2017-02-24.bag;0.834065854549408;0.0;0.9619645476341248;0.0;2.403604411345348;0.40154782656644117;0.5984521734335588
1730780954.5103724;/app/bags/user95_2017-02-24.bag;0.834065854549408;0.0;0.9619645476341248;0.0;2.403604411345348;0.40154782656644117;0.5984521734335588
1730780954.7103424;/app/bags/user95_2017-02-24.bag;0.834065854549408;0.0;0.9619645476341248;0.0;2.403604411345348;0.40154782656644117;0.5984521734335588
1730780954.9104965;/app/bags/user95_2017-02-24.bag;0.834065854549408;0.0;0.9619645476341248;0.0;2.403604411345348;0.40154782656644117;0.5984521734335588
1730780955.110402;/app/bags/user95_2017-02-24.bag;0.834065854549408;0.0;0.9619645476341248;0.0;2.403604411345348;0.40154782656644117;0.5984521734335588
1730780955.310392;/app/bags/user95_2017-02-24.bag;0.834065854549408;0.0;0.9619645476341248;0.0;2.403604411345348;0.40154782656644117;0.5984521734335588
1730780955.5104296;/app/bags/user95_2017-02-24.bag;0.834065854549408;0.0;0.9619645476341248;0.0;2.403604411345348;0.40154782656644117;0.5984521734335588
1730780955.710398;/app/bags/user95_2017-02-24.bag;0.834065854549408;0.0;0.9619645476341248;0.0;2.403604411345348;0.40154782656644117;0.5984521734335588
1730780955.910378;/app/bags/user95_2017-02-24.bag;0.834065854549408;0.0;0.9619645476341248;0.0;2.403604411345348;0.40154782656644117;0.5984521734335588
1730780956.1103954;/app/bags/user95_2017-02-24.bag;0.834065854549408;0.0;0.9619645476341248;0.0;2.403604411345348;0.40154782656644117;0.5984521734335588
1730780956.3104153;/app/bags/user95_2017-02-24.bag;0.834065854549408;0.0;0.9619645476341248;0.0;2.403604411345348;0.40154782656644117;0.5984521734335588
1730780956.5104663;/app/bags/user95_2017-02-24.bag;0.834065854549408;0.0;0.9619645476341248;0.0;2.403604411345348;0.40154782656644117;0.5984521734335588
1730780956.7103982;/app/bags/user95_2017-02-24.bag;0.834065854549408;0.0;0.9619645476341248;0.0;2.403604411345348;0.40154782656644117;0.5984521734335588
1730780956.9104362;/app/bags/user95_2017-02-24.bag;0.834065854549408;0.0;0.9619645476341248;0.0;2.403604411345348;0.40154782656644117;0.5984521734335588
1730780957.1104004;/app/bags/user95_2017-02-24.bag;0.834065854549408;0.0;0.9619645476341248;0.0;2.403604411345348;0.40154782656644117;0.5984521734335588
1730780957.3104126;/app/bags/user95_2017-02-24.bag;0.834065854549408;0.0;0.9619645476341248;0.0;2.403604411345348;0.40154782656644117;0.5984521734335588
1730780957.5103743;/app/bags/user95_2017-02-24.bag;0.834065854549408;0.0;0.9619645476341248;0.0;2.403604411345348;0.40154782656644117;0.5984521734335588
1730780957.710361;/app/bags/user95_2017-02-24.bag;0.834065854549408;0.0;0.9619645476341248;0.0;2.403604411345348;0.40154782656644117;0.5984521734335588
1730780957.9104466;/app/bags/user95_2017-02-24.bag;0.834065854549408;0.0;0.9619645476341248;0.0;2.403604411345348;0.40154782656644117;0.5984521734335588
1730780958.1103635;/app/bags/user95_2017-02-24.bag;0.834065854549408;0.0;0.9619645476341248;0.0;2.403604411345348;0.40154782656644117;0.5984521734335588
1730780958.3103817;/app/bags/user95_2017-02-24.bag;0.834065854549408;0.0;0.9619645476341248;0.0;2.403604411345348;0.40154782656644117;0.5984521734335588
1730780958.5103965;/app/bags/user95_2017-02-24.bag;0.834065854549408;0.0;0.9619645476341248;0.0;2.403604411345348;0.40154782656644117;0.5984521734335588
1730780958.710394;/app/bags/user95_2017-02-24.bag;0.834065854549408;0.0;0.9619645476341248;0.0;2.403604411345348;0.40154782656644117;0.5984521734335588
1730780958.9104512;/app/bags/user95_2017-02-24.bag;0.834065854549408;0.0;0.9619645476341248;0.0;2.403604411345348;0.40154782656644117;0.5984521734335588
1730780959.1103916;/app/bags/user95_2017-02-24.bag;0.834065854549408;0.0;0.9619645476341248;0.0;2.403604411345348;0.40154782656644117;0.5984521734335588
1730780959.3103516;/app/bags/user95_2017-02-24.bag;0.834065854549408;0.0;0.9619645476341248;0.0;2.403604411345348;0.40154782656644117;0.5984521734335588
1730780959.5103862;/app/bags/user95_2017-02-24.bag;0.834065854549408;0.0;0.9619645476341248;0.0;2.403604411345348;0.40154782656644117;0.5984521734335588
1730780959.7103937;/app/bags/user95_2017-02-24.bag;0.834065854549408;0.0;0.9619645476341248;0.0;2.403604411345348;0.40154782656644117;0.5984521734335588
1730780959.9103792;/app/bags/user95_2017-02-24.bag;0.834065854549408;0.0;0.9619645476341248;0.0;2.403604411345348;0.40154782656644117;0.5984521734335588
1730780960.110377;/app/bags/user95_2017-02-24.bag;0.834065854549408;0.0;0.9619645476341248;0.0;2.403604411345348;0.40154782656644117;0.5984521734335588
1730780960.3103864;/app/bags/user95_2017-02-24.bag;0.834065854549408;0.0;0.9619645476341248;0.0;2.403604411345348;0.40154782656644117;0.5984521734335588
1730780960.5104265;/app/bags/user95_2017-02-24.bag;0.834065854549408;0.0;0.9619645476341248;0.0;2.403604411345348;0.40154782656644117;0.5984521734335588
1730780960.7104082;/app/bags/user95_2017-02-24.bag;0.834065854549408;0.0;0.9619645476341248;0.0;2.403604411345348;0.40154782656644117;0.5984521734335588
1730780960.910393;/app/bags/user95_2017-02-24.bag;0.834065854549408;0.0;0.9619645476341248;0.0;2.403604411345348;0.40154782656644117;0.5984521734335588
1730780961.1104445;/app/bags/user95_2017-02-24.bag;0.834065854549408;0.0;0.9619645476341248;0.0;2.403604411345348;0.40154782656644117;0.5984521734335588
1730780961.3103683;/app/bags/user95_2017-02-24.bag;0.834065854549408;0.0;0.9619645476341248;0.0;2.403604411345348;0.40154782656644117;0.5984521734335588
1730780961.510383;/app/bags/user95_2017-02-24.bag;0.834065854549408;0.0;0.9619645476341248;0.0;2.403604411345348;0.40154782656644117;0.5984521734335588
1730780961.7103767;/app/bags/user95_2017-02-24.bag;0.834065854549408;0.0;0.9619645476341248;0.0;2.403604411345348;0.40154782656644117;0.5984521734335588
1730780961.9103565;/app/bags/user95_2017-02-24.bag;0.834065854549408;0.0;0.9619645476341248;0.0;2.403604411345348;0.40154782656644117;0.5984521734335588
1730780962.110397;/app/bags/user95_2017-02-24.bag;0.834065854549408;0.0;0.9619645476341248;0.0;2.403604411345348;0.40154782656644117;0.5984521734335588
1730780962.310345;/app/bags/user95_2017-02-24.bag;0.834065854549408;0.0;0.9619645476341248;0.0;2.403604411345348;0.40154782656644117;0.5984521734335588
1730780962.5104191;/app/bags/user95_2017-02-24.bag;0.834065854549408;0.0;0.9619645476341248;0.0;2.403604411345348;0.40154782656644117;0.5984521734335588
1730780962.7103713;/app/bags/user95_2017-02-24.bag;0.834065854549408;0.0;0.9619645476341248;0.0;2.403604411345348;0.40154782656644117;0.5984521734335588
1730780962.9103835;/app/bags/user95_2017-02-24.bag;0.834065854549408;0.0;0.9619645476341248;0.0;2.403604411345348;0.40154782656644117;0.5984521734335588
1730780963.1104336;/app/bags/user95_2017-02-24.bag;0.834065854549408;0.0;0.9619645476341248;0.0;2.403604411345348;0.40154782656644117;0.5984521734335588
1730780963.3103979;/app/bags/user95_2017-02-24.bag;0.834065854549408;0.0;0.9619645476341248;0.0;2.403604411345348;0.40154782656644117;0.5984521734335588
1730780963.5104468;/app/bags/user95_2017-02-24.bag;0.834065854549408;0.0;0.9619645476341248;0.0;2.403604411345348;0.40154782656644117;0.5984521734335588
1730780963.710377;/app/bags/user95_2017-02-24.bag;0.834065854549408;0.0;0.9619645476341248;0.0;2.403604411345348;0.40154782656644117;0.5984521734335588
1730780963.9104185;/app/bags/user95_2017-02-24.bag;0.834065854549408;0.0;0.9619645476341248;0.0;2.403604411345348;0.40154782656644117;0.5984521734335588
1730780964.110399;/app/bags/user95_2017-02-24.bag;0.834065854549408;0.0;0.9619645476341248;0.0;2.403604411345348;0.40154782656644117;0.5984521734335588
1730780964.310411;/app/bags/user95_2017-02-24.bag;0.834065854549408;0.0;0.9619645476341248;0.0;2.403604411345348;0.40154782656644117;0.5984521734335588
1730780964.5104542;/app/bags/user95_2017-02-24.bag;0.834065854549408;0.0;0.9619645476341248;0.0;2.403604411345348;0.40154782656644117;0.5984521734335588
1730780964.710447;/app/bags/user95_2017-02-24.bag;0.834065854549408;0.0;0.9619645476341248;0.0;2.403604411345348;0.40154782656644117;0.5984521734335588
1730780964.9103844;/app/bags/user95_2017-02-24.bag;0.834065854549408;0.0;0.9619645476341248;0.0;2.403604411345348;0.40154782656644117;0.5984521734335588
1730780965.1103916;/app/bags/user95_2017-02-24.bag;0.834065854549408;0.0;0.9619645476341248;0.0;2.403604411345348;0.40154782656644117;0.5984521734335588
1730780965.3103912;/app/bags/user95_2017-02-24.bag;0.834065854549408;0.0;0.9619645476341248;0.0;2.403604411345348;0.40154782656644117;0.5984521734335588
1730780965.5103626;/app/bags/user95_2017-02-24.bag;0.834065854549408;0.0;0.9619645476341248;0.0;2.403604411345348;0.40154782656644117;0.5984521734335588
1730780965.7103949;/app/bags/user95_2017-02-24.bag;0.834065854549408;0.0;0.9619645476341248;0.0;2.403604411345348;0.40154782656644117;0.5984521734335588
1730780965.91038;/app/bags/user95_2017-02-24.bag;0.834065854549408;0.0;0.9619645476341248;0.0;2.403604411345348;0.40154782656644117;0.5984521734335588
1730780966.110406;/app/bags/user95_2017-02-24.bag;0.834065854549408;0.0;0.9619645476341248;0.0;2.403604411345348;0.40154782656644117;0.5984521734335588
1730780966.3103607;/app/bags/user95_2017-02-24.bag;0.834065854549408;0.0;0.9619645476341248;0.0;2.403604411345348;0.40154782656644117;0.5984521734335588
1730780966.5103617;/app/bags/user95_2017-02-24.bag;0.834065854549408;0.0;0.9619645476341248;0.0;2.403604411345348;0.40154782656644117;0.5984521734335588
1730780966.710356;/app/bags/user95_2017-02-24.bag;0.834065854549408;0.0;0.9619645476341248;0.0;2.403604411345348;0.40154782656644117;0.5984521734335588
1730780966.910541;/app/bags/user95_2017-02-24.bag;0.834065854549408;0.0;0.9619645476341248;0.0;2.403604411345348;0.40154782656644117;0.5984521734335588
1730780967.110378;/app/bags/user95_2017-02-24.bag;0.834065854549408;0.0;0.9619645476341248;0.0;2.403604411345348;0.40154782656644117;0.5984521734335588
1730780967.3103645;/app/bags/user95_2017-02-24.bag;0.834065854549408;0.0;0.9619645476341248;0.0;2.403604411345348;0.40154782656644117;0.5984521734335588
1730780967.5104222;/app/bags/user95_2017-02-24.bag;0.834065854549408;0.0;0.9619645476341248;0.0;2.403604411345348;0.40154782656644117;0.5984521734335588
1730780967.710382;/app/bags/user95_2017-02-24.bag;0.834065854549408;0.0;0.9619645476341248;0.0;2.403604411345348;0.40154782656644117;0.5984521734335588
1730780967.9103718;/app/bags/user95_2017-02-24.bag;0.834065854549408;0.0;0.9619645476341248;0.0;2.403604411345348;0.40154782656644117;0.5984521734335588
1730780968.110447;/app/bags/user95_2017-02-24.bag;0.834065854549408;0.0;0.9619645476341248;0.0;2.403604411345348;0.40154782656644117;0.5984521734335588
1730780968.3103867;/app/bags/user95_2017-02-24.bag;0.834065854549408;0.0;0.9619645476341248;0.0;2.403604411345348;0.40154782656644117;0.5984521734335588
1730780968.5103626;/app/bags/user95_2017-02-24.bag;0.834065854549408;0.0;0.9619645476341248;0.0;2.403604411345348;0.40154782656644117;0.5984521734335588
1730780968.7104628;/app/bags/user95_2017-02-24.bag;0.834065854549408;0.0;0.9619645476341248;0.0;2.403604411345348;0.40154782656644117;0.5984521734335588
1730780968.9104407;/app/bags/user95_2017-02-24.bag;0.834065854549408;0.0;0.9619645476341248;0.0;2.403604411345348;0.40154782656644117;0.5984521734335588
1730780969.1104019;/app/bags/user95_2017-02-24.bag;0.834065854549408;0.0;0.9619645476341248;0.0;2.403604411345348;0.40154782656644117;0.5984521734335588
1730780969.3104012;/app/bags/user95_2017-02-24.bag;0.834065854549408;0.0;0.9619645476341248;0.0;2.403604411345348;0.40154782656644117;0.5984521734335588
1730780969.5103974;/app/bags/user95_2017-02-24.bag;0.834065854549408;0.0;0.9619645476341248;0.0;2.403604411345348;0.40154782656644117;0.5984521734335588
1730780969.7103572;/app/bags/user95_2017-02-24.bag;0.834065854549408;0.0;0.9619645476341248;0.0;2.403604411345348;0.40154782656644117;0.5984521734335588
1730780969.9103868;/app/bags/user95_2017-02-24.bag;0.834065854549408;0.0;0.9619645476341248;0.0;2.403604411345348;0.40154782656644117;0.5984521734335588
1730780970.110357;/app/bags/user95_2017-02-24.bag;0.834065854549408;0.0;0.9619645476341248;0.0;2.403604411345348;0.40154782656644117;0.5984521734335588
1730780970.3104222;/app/bags/user95_2017-02-24.bag;0.834065854549408;0.0;0.9619645476341248;0.0;2.403604411345348;0.40154782656644117;0.5984521734335588
1730780970.5105019;/app/bags/user95_2017-02-24.bag;0.834065854549408;0.0;0.9619645476341248;0.0;2.403604411345348;0.40154782656644117;0.5984521734335588
1730780970.71044;/app/bags/user95_2017-02-24.bag;0.834065854549408;0.0;0.9619645476341248;0.0;2.403604411345348;0.40154782656644117;0.5984521734335588
1730780970.9104238;/app/bags/user95_2017-02-24.bag;0.834065854549408;0.0;0.9619645476341248;0.0;2.403604411345348;0.40154782656644117;0.5984521734335588
1730780971.1103554;/app/bags/user95_2017-02-24.bag;0.834065854549408;0.0;0.9619645476341248;0.0;2.403604411345348;0.40154782656644117;0.5984521734335588
1730780971.3104246;/app/bags/user95_2017-02-24.bag;0.834065854549408;0.0;0.9619645476341248;0.0;2.403604411345348;0.40154782656644117;0.5984521734335588
1730780971.510392;/app/bags/user95_2017-02-24.bag;0.834065854549408;0.0;0.9619645476341248;0.0;2.403604411345348;0.40154782656644117;0.5984521734335588
1730780971.7104335;/app/bags/user95_2017-02-24.bag;0.834065854549408;0.0;0.9619645476341248;0.0;2.403604411345348;0.40154782656644117;0.5984521734335588
1730780971.9103818;/app/bags/user95_2017-02-24.bag;0.834065854549408;0.0;0.9619645476341248;0.0;2.403604411345348;0.40154782656644117;0.5984521734335588
1730780972.1103892;/app/bags/user95_2017-02-24.bag;0.834065854549408;0.0;0.9619645476341248;0.0;2.403604411345348;0.40154782656644117;0.5984521734335588
1730780972.3103733;/app/bags/user95_2017-02-24.bag;0.834065854549408;0.0;0.9619645476341248;0.0;2.403604411345348;0.40154782656644117;0.5984521734335588
1730780972.5103815;/app/bags/user95_2017-02-24.bag;0.834065854549408;0.0;0.9619645476341248;0.0;2.403604411345348;0.40154782656644117;0.5984521734335588
1730780972.7103984;/app/bags/user95_2017-02-24.bag;0.834065854549408;0.0;0.9619645476341248;0.0;2.403604411345348;0.40154782656644117;0.5984521734335588
1730780972.9104476;/app/bags/user95_2017-02-24.bag;0.834065854549408;0.0;0.9619645476341248;0.0;2.403604411345348;0.40154782656644117;0.5984521734335588
1730780973.11053;/app/bags/user95_2017-02-24.bag;0.834065854549408;0.0;0.9619645476341248;0.0;2.403604411345348;0.40154782656644117;0.5984521734335588
1730780973.3103988;/app/bags/user95_2017-02-24.bag;0.834065854549408;0.0;0.9619645476341248;0.0;2.403604411345348;0.40154782656644117;0.5984521734335588
1730780973.5103836;/app/bags/user95_2017-02-24.bag;0.834065854549408;0.0;0.9619645476341248;0.0;2.403604411345348;0.40154782656644117;0.5984521734335588
1730780973.710349;/app/bags/user95_2017-02-24.bag;0.834065854549408;0.0;0.9619645476341248;0.0;2.403604411345348;0.40154782656644117;0.5984521734335588
1730780973.9104047;/app/bags/user95_2017-02-24.bag;0.834065854549408;0.0;0.9619645476341248;0.0;2.403604411345348;0.40154782656644117;0.5984521734335588
1730780974.1112626;/app/bags/user95_2017-02-24.bag;0.834065854549408;0.0;0.9619645476341248;0.0;2.403604411345348;0.40154782656644117;0.5984521734335588
1730780974.3103704;/app/bags/user95_2017-02-24.bag;0.834065854549408;0.0;0.9619645476341248;0.0;2.403604411345348;0.40154782656644117;0.5984521734335588
1730780974.5104434;/app/bags/user95_2017-02-24.bag;0.834065854549408;0.0;0.9619645476341248;0.0;2.403604411345348;0.40154782656644117;0.5984521734335588
1730780974.7103941;/app/bags/user95_2017-02-24.bag;0.834065854549408;0.0;0.9619645476341248;0.0;2.403604411345348;0.40154782656644117;0.5984521734335588
1730780974.9103816;/app/bags/user95_2017-02-24.bag;0.834065854549408;0.0;0.9619645476341248;0.0;2.403604411345348;0.40154782656644117;0.5984521734335588
1730780975.1103828;/app/bags/user95_2017-02-24.bag;0.834065854549408;0.0;0.9619645476341248;0.0;2.403604411345348;0.40154782656644117;0.5984521734335588
1730780975.3104131;/app/bags/user95_2017-02-24.bag;0.834065854549408;0.0;0.9619645476341248;0.0;2.403604411345348;0.40154782656644117;0.5984521734335588
1730780975.510394;/app/bags/user95_2017-02-24.bag;0.834065854549408;0.0;0.9619645476341248;0.0;2.403604411345348;0.40154782656644117;0.5984521734335588
1730780975.7103596;/app/bags/user95_2017-02-24.bag;0.834065854549408;0.0;0.9619645476341248;0.0;2.403604411345348;0.40154782656644117;0.5984521734335588
1730780975.9104173;/app/bags/user95_2017-02-24.bag;0.834065854549408;0.0;0.9619645476341248;0.0;2.403604411345348;0.40154782656644117;0.5984521734335588
1730780976.1103916;/app/bags/user95_2017-02-24.bag;0.834065854549408;0.0;0.9619645476341248;0.0;2.403604411345348;0.40154782656644117;0.5984521734335588
1730780976.3103874;/app/bags/user95_2017-02-24.bag;0.834065854549408;0.0;0.9619645476341248;0.0;2.403604411345348;0.40154782656644117;0.5984521734335588
1730780976.510437;/app/bags/user95_2017-02-24.bag;0.834065854549408;0.0;0.9619645476341248;0.0;2.403604411345348;0.40154782656644117;0.5984521734335588
1730780976.7104046;/app/bags/user95_2017-02-24.bag;0.834065854549408;0.0;0.9619645476341248;0.0;2.403604411345348;0.40154782656644117;0.5984521734335588
1730780976.910389;/app/bags/user95_2017-02-24.bag;0.834065854549408;0.0;0.9619645476341248;0.0;2.403604411345348;0.40154782656644117;0.5984521734335588
1730780977.1103957;/app/bags/user95_2017-02-24.bag;0.834065854549408;0.0;0.9619645476341248;0.0;2.403604411345348;0.40154782656644117;0.5984521734335588
1730780977.3104143;/app/bags/user95_2017-02-24.bag;0.834065854549408;0.0;0.9619645476341248;0.0;2.403604411345348;0.40154782656644117;0.5984521734335588
1730780977.510384;/app/bags/user95_2017-02-24.bag;0.834065854549408;0.0;0.9619645476341248;0.0;2.403604411345348;0.40154782656644117;0.5984521734335588
1730780977.7103815;/app/bags/user95_2017-02-24.bag;0.834065854549408;0.0;0.9619645476341248;0.0;2.403604411345348;0.40154782656644117;0.5984521734335588
1730780977.9104297;/app/bags/user95_2017-02-24.bag;0.834065854549408;0.0;0.9619645476341248;0.0;2.403604411345348;0.40154782656644117;0.5984521734335588
1730780978.1103923;/app/bags/user95_2017-02-24.bag;0.834065854549408;0.0;0.9619645476341248;0.0;2.403604411345348;0.40154782656644117;0.5984521734335588
1730780978.3103664;/app/bags/user95_2017-02-24.bag;0.834065854549408;0.0;0.9619645476341248;0.0;2.403604411345348;0.40154782656644117;0.5984521734335588
1730780978.5103831;/app/bags/user95_2017-02-24.bag;0.834065854549408;0.0;0.9619645476341248;0.0;2.403604411345348;0.40154782656644117;0.5984521734335588
1730780978.7104025;/app/bags/user95_2017-02-24.bag;0.834065854549408;0.0;0.9619645476341248;0.0;2.403604411345348;0.40154782656644117;0.5984521734335588
1730780978.9104304;/app/bags/user95_2017-02-24.bag;0.834065854549408;0.0;0.9619645476341248;0.0;2.403604411345348;0.40154782656644117;0.5984521734335588
1730780979.1103795;/app/bags/user95_2017-02-24.bag;0.834065854549408;0.0;0.9619645476341248;0.0;2.403604411345348;0.40154782656644117;0.5984521734335588
1730780979.3103971;/app/bags/user95_2017-02-24.bag;0.834065854549408;0.0;0.9619645476341248;0.0;2.403604411345348;0.40154782656644117;0.5984521734335588
1730780979.5104008;/app/bags/user95_2017-02-24.bag;0.834065854549408;0.0;0.9619645476341248;0.0;2.403604411345348;0.40154782656644117;0.5984521734335588
1730780979.7103662;/app/bags/user95_2017-02-24.bag;0.834065854549408;0.0;0.9619645476341248;0.0;2.403604411345348;0.40154782656644117;0.5984521734335588
1730780979.9104476;/app/bags/user95_2017-02-24.bag;0.834065854549408;0.0;0.9619645476341248;0.0;2.403604411345348;0.40154782656644117;0.5984521734335588
1730780980.110372;/app/bags/user95_2017-02-24.bag;0.834065854549408;0.0;0.9619645476341248;0.0;2.403604411345348;0.40154782656644117;0.5984521734335588
1730780980.310394;/app/bags/user95_2017-02-24.bag;0.834065854549408;0.0;0.9619645476341248;0.0;2.403604411345348;0.40154782656644117;0.5984521734335588
1730780980.5104053;/app/bags/user95_2017-02-24.bag;0.834065854549408;0.0;0.9619645476341248;0.0;2.403604411345348;0.40154782656644117;0.5984521734335588
1730780980.7104828;/app/bags/user95_2017-02-24.bag;0.834065854549408;0.0;0.9619645476341248;0.0;2.403604411345348;0.40154782656644117;0.5984521734335588
1730780980.9104242;/app/bags/user95_2017-02-24.bag;0.834065854549408;0.0;0.9619645476341248;0.0;2.403604411345348;0.40154782656644117;0.5984521734335588
1730780981.110393;/app/bags/user95_2017-02-24.bag;0.834065854549408;0.0;0.9619645476341248;0.0;2.403604411345348;0.40154782656644117;0.5984521734335588
1730780981.3104944;/app/bags/user95_2017-02-24.bag;0.834065854549408;0.0;0.9619645476341248;0.0;2.403604411345348;0.40154782656644117;0.5984521734335588
1730780981.5104153;/app/bags/user95_2017-02-24.bag;0.834065854549408;0.0;0.9619645476341248;0.0;2.403604411345348;0.40154782656644117;0.5984521734335588
1730780981.7104635;/app/bags/user95_2017-02-24.bag;0.834065854549408;0.0;0.9619645476341248;0.0;2.403604411345348;0.40154782656644117;0.5984521734335588
1730780981.91041;/app/bags/user95_2017-02-24.bag;0.834065854549408;0.0;0.9619645476341248;0.0;2.403604411345348;0.40154782656644117;0.5984521734335588
1730780982.1104248;/app/bags/user95_2017-02-24.bag;0.834065854549408;0.0;0.9619645476341248;0.0;2.403604411345348;0.40154782656644117;0.5984521734335588
1730780982.310429;/app/bags/user95_2017-02-24.bag;0.834065854549408;0.0;0.9619645476341248;0.0;2.403604411345348;0.40154782656644117;0.5984521734335588
1730780982.510408;/app/bags/user95_2017-02-24.bag;0.834065854549408;0.0;0.9619645476341248;0.0;2.403604411345348;0.40154782656644117;0.5984521734335588
1730780982.7103848;/app/bags/user95_2017-02-24.bag;0.834065854549408;0.0;0.9619645476341248;0.0;2.403604411345348;0.40154782656644117;0.5984521734335588
1730780982.9104185;/app/bags/user95_2017-02-24.bag;0.834065854549408;0.0;0.9619645476341248;0.0;2.403604411345348;0.40154782656644117;0.5984521734335588
1730780983.110368;/app/bags/user95_2017-02-24.bag;0.834065854549408;0.0;0.9619645476341248;0.0;2.403604411345348;0.40154782656644117;0.5984521734335588
1730780983.3103862;/app/bags/user95_2017-02-24.bag;0.834065854549408;0.0;0.9619645476341248;0.0;2.403604411345348;0.40154782656644117;0.5984521734335588
1730780983.5103939;/app/bags/user95_2017-02-24.bag;0.834065854549408;0.0;0.9619645476341248;0.0;2.403604411345348;0.40154782656644117;0.5984521734335588
1730780983.7103956;/app/bags/user95_2017-02-24.bag;0.834065854549408;0.0;0.9619645476341248;0.0;2.403604411345348;0.40154782656644117;0.5984521734335588
1730780983.910371;/app/bags/user95_2017-02-24.bag;0.834065854549408;0.0;0.9619645476341248;0.0;2.403604411345348;0.40154782656644117;0.5984521734335588
1730780984.110439;/app/bags/user95_2017-02-24.bag;0.834065854549408;0.0;0.9619645476341248;0.0;2.403604411345348;0.40154782656644117;0.5984521734335588
1730780984.3103664;/app/bags/user95_2017-02-24.bag;0.834065854549408;0.0;0.9619645476341248;0.0;2.403604411345348;0.40154782656644117;0.5984521734335588
1730780984.510387;/app/bags/user95_2017-02-24.bag;0.834065854549408;0.0;0.9619645476341248;0.0;2.403604411345348;0.40154782656644117;0.5984521734335588
1730780984.7104201;/app/bags/user95_2017-02-24.bag;0.834065854549408;0.0;0.9619645476341248;0.0;2.403604411345348;0.40154782656644117;0.5984521734335588
1730780984.9103992;/app/bags/user95_2017-02-24.bag;0.834065854549408;0.0;0.9619645476341248;0.0;2.403604411345348;0.40154782656644117;0.5984521734335588
1730780985.110416;/app/bags/user95_2017-02-24.bag;0.834065854549408;0.0;0.9619645476341248;0.0;2.403604411345348;0.40154782656644117;0.5984521734335588
1730780985.310403;/app/bags/user95_2017-02-24.bag;0.834065854549408;0.0;0.9619645476341248;0.0;2.403604411345348;0.40154782656644117;0.5984521734335588
1730780985.5103729;/app/bags/user95_2017-02-24.bag;0.834065854549408;0.0;0.9619645476341248;0.0;2.403604411345348;0.40154782656644117;0.5984521734335588
1730780985.71037;/app/bags/user95_2017-02-24.bag;0.834065854549408;0.0;0.9619645476341248;0.0;2.403604411345348;0.40154782656644117;0.5984521734335588
1730780985.9103923;/app/bags/user95_2017-02-24.bag;0.834065854549408;0.0;0.9619645476341248;0.0;2.403604411345348;0.40154782656644117;0.5984521734335588
1730780986.1104;/app/bags/user95_2017-02-24.bag;0.834065854549408;0.0;0.9619645476341248;0.0;2.403604411345348;0.40154782656644117;0.5984521734335588
1730780986.310357;/app/bags/user95_2017-02-24.bag;0.834065854549408;0.0;0.9619645476341248;0.0;2.403604411345348;0.40154782656644117;0.5984521734335588
1730780986.5103507;/app/bags/user95_2017-02-24.bag;0.834065854549408;0.0;0.9619645476341248;0.0;2.403604411345348;0.40154782656644117;0.5984521734335588
1730780986.710371;/app/bags/user95_2017-02-24.bag;0.834065854549408;0.0;0.9619645476341248;0.0;2.403604411345348;0.40154782656644117;0.5984521734335588
1730780986.9103856;/app/bags/user95_2017-02-24.bag;0.834065854549408;0.0;0.9619645476341248;0.0;2.403604411345348;0.40154782656644117;0.5984521734335588
1730780987.1103606;/app/bags/user95_2017-02-24.bag;0.834065854549408;0.0;0.9619645476341248;0.0;2.403604411345348;0.40154782656644117;0.5984521734335588
1730780987.3104007;/app/bags/user95_2017-02-24.bag;0.834065854549408;0.0;0.9619645476341248;0.0;2.403604411345348;0.40154782656644117;0.5984521734335588
1730780987.5104115;/app/bags/user95_2017-02-24.bag;0.834065854549408;0.0;0.9619645476341248;0.0;2.403604411345348;0.40154782656644117;0.5984521734335588
1730780987.7103708;/app/bags/user95_2017-02-24.bag;0.834065854549408;0.0;0.9619645476341248;0.0;2.403604411345348;0.40154782656644117;0.5984521734335588
1730780987.9104483;/app/bags/user95_2017-02-24.bag;0.834065854549408;0.0;0.9619645476341248;0.0;2.403604411345348;0.40154782656644117;0.5984521734335588
1730780988.1103983;/app/bags/user95_2017-02-24.bag;0.834065854549408;0.0;0.9619645476341248;0.0;2.403604411345348;0.40154782656644117;0.5984521734335588
1730780988.3103964;/app/bags/user95_2017-02-24.bag;0.834065854549408;0.0;0.9619645476341248;0.0;2.403604411345348;0.40154782656644117;0.5984521734335588
1730780988.5103986;/app/bags/user95_2017-02-24.bag;0.834065854549408;0.0;0.9619645476341248;0.0;2.403604411345348;0.40154782656644117;0.5984521734335588
1730780988.7104375;/app/bags/user95_2017-02-24.bag;0.834065854549408;0.0;0.9619645476341248;0.0;2.403604411345348;0.40154782656644117;0.5984521734335588
1730780988.9103694;/app/bags/user95_2017-02-24.bag;0.834065854549408;0.0;0.9619645476341248;0.0;2.403604411345348;0.40154782656644117;0.5984521734335588
1730780989.110397;/app/bags/user95_2017-02-24.bag;0.834065854549408;0.0;0.9619645476341248;0.0;2.403604411345348;0.40154782656644117;0.5984521734335588
1730780989.3103929;/app/bags/user95_2017-02-24.bag;0.834065854549408;0.0;0.9619645476341248;0.0;2.403604411345348;0.40154782656644117;0.5984521734335588
1730780989.5103788;/app/bags/user95_2017-02-24.bag;0.834065854549408;0.0;0.9619645476341248;0.0;2.403604411345348;0.40154782656644117;0.5984521734335588
1730780989.7104104;/app/bags/user95_2017-02-24.bag;0.834065854549408;0.0;0.9619645476341248;0.0;2.403604411345348;0.40154782656644117;0.5984521734335588
1730780989.9104369;/app/bags/user95_2017-02-24.bag;0.834065854549408;0.0;0.9619645476341248;0.0;2.403604411345348;0.40154782656644117;0.5984521734335588
1730780990.1103823;/app/bags/user95_2017-02-24.bag;0.834065854549408;0.0;0.9619645476341248;0.0;2.403604411345348;0.40154782656644117;0.5984521734335588
1730780990.3103688;/app/bags/user95_2017-02-24.bag;0.834065854549408;0.0;0.9619645476341248;0.0;2.403604411345348;0.40154782656644117;0.5984521734335588
1730780990.5103455;/app/bags/user95_2017-02-24.bag;0.834065854549408;0.0;0.9619645476341248;0.0;2.403604411345348;0.40154782656644117;0.5984521734335588
1730780990.7103925;/app/bags/user95_2017-02-24.bag;0.834065854549408;0.0;0.9619645476341248;0.0;2.403604411345348;0.40154782656644117;0.5984521734335588
1730780990.9104223;/app/bags/user95_2017-02-24.bag;0.834065854549408;0.0;0.9619645476341248;0.0;2.403604411345348;0.40154782656644117;0.5984521734335588
1730780991.1104243;/app/bags/user95_2017-02-24.bag;0.834065854549408;0.0;0.9619645476341248;0.0;2.403604411345348;0.40154782656644117;0.5984521734335588
1730780991.3103282;/app/bags/user95_2017-02-24.bag;0.834065854549408;0.0;0.9619645476341248;0.0;2.403604411345348;0.40154782656644117;0.5984521734335588
1730780991.5103438;/app/bags/user95_2017-02-24.bag;0.834065854549408;0.0;0.9619645476341248;0.0;2.403604411345348;0.40154782656644117;0.5984521734335588
1730780991.7104397;/app/bags/user95_2017-02-24.bag;0.834065854549408;0.0;0.9619645476341248;0.0;2.403604411345348;0.40154782656644117;0.5984521734335588
1730780991.9103966;/app/bags/user95_2017-02-24.bag;0.834065854549408;0.0;0.9619645476341248;0.0;2.403604411345348;0.40154782656644117;0.5984521734335588
1730780992.1104457;/app/bags/user95_2017-02-24.bag;0.834065854549408;0.0;0.9619645476341248;0.0;2.403604411345348;0.40154782656644117;0.5984521734335588
1730780992.3103862;/app/bags/user95_2017-02-24.bag;0.834065854549408;0.0;0.9619645476341248;0.0;2.403604411345348;0.40154782656644117;0.5984521734335588
1730780992.51038;/app/bags/user95_2017-02-24.bag;0.834065854549408;0.0;0.9619645476341248;0.0;2.403604411345348;0.40154782656644117;0.5984521734335588
1730780992.7103927;/app/bags/user95_2017-02-24.bag;0.834065854549408;0.0;0.9619645476341248;0.0;2.403604411345348;0.40154782656644117;0.5984521734335588
1730780992.9104292;/app/bags/user95_2017-02-24.bag;0.834065854549408;0.0;0.9619645476341248;0.0;2.403604411345348;0.40154782656644117;0.5984521734335588
1730780993.1103888;/app/bags/user95_2017-02-24.bag;0.834065854549408;0.0;0.9619645476341248;0.0;2.403604411345348;0.40154782656644117;0.5984521734335588
1730780993.31039;/app/bags/user95_2017-02-24.bag;0.834065854549408;0.0;0.9619645476341248;0.0;2.403604411345348;0.40154782656644117;0.5984521734335588
1730780993.5103893;/app/bags/user95_2017-02-24.bag;0.834065854549408;0.0;0.9619645476341248;0.0;2.403604411345348;0.40154782656644117;0.5984521734335588
1730780993.710446;/app/bags/user95_2017-02-24.bag;0.834065854549408;0.0;0.9619645476341248;0.0;2.403604411345348;0.40154782656644117;0.5984521734335588
1730780993.9103642;/app/bags/user95_2017-02-24.bag;0.834065854549408;0.0;0.9619645476341248;0.0;2.403604411345348;0.40154782656644117;0.5984521734335588
1730780994.1103675;/app/bags/user95_2017-02-24.bag;0.834065854549408;0.0;0.9619645476341248;0.0;2.403604411345348;0.40154782656644117;0.5984521734335588
1730780994.31039;/app/bags/user95_2017-02-24.bag;0.834065854549408;0.0;0.9619645476341248;0.0;2.403604411345348;0.40154782656644117;0.5984521734335588
1730780994.5103533;/app/bags/user95_2017-02-24.bag;0.834065854549408;0.0;0.9619645476341248;0.0;2.403604411345348;0.40154782656644117;0.5984521734335588
1730780994.7103739;/app/bags/user95_2017-02-24.bag;0.834065854549408;0.0;0.9619645476341248;0.0;2.403604411345348;0.40154782656644117;0.5984521734335588
1730780994.9104383;/app/bags/user95_2017-02-24.bag;0.834065854549408;0.0;0.9619645476341248;0.0;2.403604411345348;0.40154782656644117;0.5984521734335588
1730780995.1104736;/app/bags/user95_2017-02-24.bag;0.834065854549408;0.0;0.9619645476341248;0.0;2.403604411345348;0.40154782656644117;0.5984521734335588
1730780995.310397;/app/bags/user95_2017-02-24.bag;0.834065854549408;0.0;0.9619645476341248;0.0;2.403604411345348;0.40154782656644117;0.5984521734335588
1730780995.5103285;/app/bags/user95_2017-02-24.bag;0.834065854549408;0.0;0.9619645476341248;0.0;2.403604411345348;0.40154782656644117;0.5984521734335588
1730780995.7103674;/app/bags/user95_2017-02-24.bag;0.834065854549408;0.0;0.9619645476341248;0.0;2.403604411345348;0.40154782656644117;0.5984521734335588
1730780995.9103785;/app/bags/user95_2017-02-24.bag;0.834065854549408;0.0;0.9619645476341248;0.0;2.403604411345348;0.40154782656644117;0.5984521734335588
1730780996.1103764;/app/bags/user95_2017-02-24.bag;0.834065854549408;0.0;0.9619645476341248;0.0;2.403604411345348;0.40154782656644117;0.5984521734335588
1730780996.3103826;/app/bags/user95_2017-02-24.bag;0.834065854549408;0.0;0.9619645476341248;0.0;2.403604411345348;0.40154782656644117;0.5984521734335588
1730780996.5105307;/app/bags/user95_2017-02-24.bag;0.834065854549408;0.0;0.9619645476341248;0.0;2.403604411345348;0.40154782656644117;0.5984521734335588
1730780996.7104025;/app/bags/user95_2017-02-24.bag;0.834065854549408;0.0;0.9619645476341248;0.0;2.403604411345348;0.40154782656644117;0.5984521734335588
1730780996.9103718;/app/bags/user95_2017-02-24.bag;0.834065854549408;0.0;0.9619645476341248;0.0;2.403604411345348;0.40154782656644117;0.5984521734335588
1730780997.1104388;/app/bags/user95_2017-02-24.bag;0.834065854549408;0.0;0.9619645476341248;0.0;2.403604411345348;0.40154782656644117;0.5984521734335588
1730780997.310401;/app/bags/user95_2017-02-24.bag;0.834065854549408;0.0;0.9619645476341248;0.0;2.403604411345348;0.40154782656644117;0.5984521734335588
1730780997.510377;/app/bags/user95_2017-02-24.bag;0.834065854549408;0.0;0.9619645476341248;0.0;2.403604411345348;0.40154782656644117;0.5984521734335588
1730780997.710378;/app/bags/user95_2017-02-24.bag;0.834065854549408;0.0;0.9619645476341248;0.0;2.403604411345348;0.40154782656644117;0.5984521734335588
1730780997.9104235;/app/bags/user95_2017-02-24.bag;0.834065854549408;0.0;0.9619645476341248;0.0;2.403604411345348;0.40154782656644117;0.5984521734335588
1730780998.110411;/app/bags/user95_2017-02-24.bag;0.834065854549408;0.0;0.9619645476341248;0.0;2.403604411345348;0.40154782656644117;0.5984521734335588
1730780998.3103902;/app/bags/user95_2017-02-24.bag;0.834065854549408;0.0;0.9619645476341248;0.0;2.403604411345348;0.40154782656644117;0.5984521734335588
1730780998.5103815;/app/bags/user95_2017-02-24.bag;0.834065854549408;0.0;0.9619645476341248;0.0;2.403604411345348;0.40154782656644117;0.5984521734335588
1730780998.7103813;/app/bags/user95_2017-02-24.bag;0.834065854549408;0.0;0.9619645476341248;0.0;2.403604411345348;0.40154782656644117;0.5984521734335588
1730780998.9103765;/app/bags/user95_2017-02-24.bag;0.834065854549408;0.0;0.9619645476341248;0.0;2.403604411345348;0.40154782656644117;0.5984521734335588
1730780999.1103644;/app/bags/user95_2017-02-24.bag;0.834065854549408;0.0;0.9619645476341248;0.0;2.403604411345348;0.40154782656644117;0.5984521734335588
1730780999.3103645;/app/bags/user95_2017-02-24.bag;0.834065854549408;0.0;0.9619645476341248;0.0;2.403604411345348;0.40154782656644117;0.5984521734335588
1730780999.510371;/app/bags/user95_2017-02-24.bag;0.834065854549408;0.0;0.9619645476341248;0.0;2.403604411345348;0.40154782656644117;0.5984521734335588
1730780999.7103834;/app/bags/user95_2017-02-24.bag;0.834065854549408;0.0;0.9619645476341248;0.0;2.403604411345348;0.40154782656644117;0.5984521734335588
1730780999.9103482;/app/bags/user95_2017-02-24.bag;0.834065854549408;0.0;0.9619645476341248;0.0;2.403604411345348;0.40154782656644117;0.5984521734335588
1730781000.1103783;/app/bags/user95_2017-02-24.bag;0.834065854549408;0.0;0.9619645476341248;0.0;2.403604411345348;0.40154782656644117;0.5984521734335588
1730781000.3103855;/app/bags/user95_2017-02-24.bag;0.834065854549408;0.0;0.9619645476341248;0.0;2.403604411345348;0.40154782656644117;0.5984521734335588
1730781000.510377;/app/bags/user95_2017-02-24.bag;0.834065854549408;0.0;0.9619645476341248;0.0;2.403604411345348;0.40154782656644117;0.5984521734335588
1730781000.7104335;/app/bags/user95_2017-02-24.bag;0.834065854549408;0.0;0.9619645476341248;0.0;2.403604411345348;0.40154782656644117;0.5984521734335588
1730781000.9103913;/app/bags/user95_2017-02-24.bag;0.834065854549408;0.0;0.9619645476341248;0.0;2.403604411345348;0.40154782656644117;0.5984521734335588
1730781001.1103644;/app/bags/user95_2017-02-24.bag;0.834065854549408;0.0;0.9619645476341248;0.0;2.403604411345348;0.40154782656644117;0.5984521734335588
1730781001.3104286;/app/bags/user95_2017-02-24.bag;0.834065854549408;0.0;0.9619645476341248;0.0;2.403604411345348;0.40154782656644117;0.5984521734335588
1730781001.5104003;/app/bags/user95_2017-02-24.bag;0.834065854549408;0.0;0.9619645476341248;0.0;2.403604411345348;0.40154782656644117;0.5984521734335588
1730781001.7103677;/app/bags/user95_2017-02-24.bag;0.834065854549408;0.0;0.9619645476341248;0.0;2.403604411345348;0.40154782656644117;0.5984521734335588
1730781001.9103777;/app/bags/user95_2017-02-24.bag;0.834065854549408;0.0;0.9619645476341248;0.0;2.403604411345348;0.40154782656644117;0.5984521734335588
1730781002.110367;/app/bags/user95_2017-02-24.bag;0.834065854549408;0.0;0.9619645476341248;0.0;2.403604411345348;0.40154782656644117;0.5984521734335588
1730781002.3103774;/app/bags/user95_2017-02-24.bag;0.834065854549408;0.0;0.9619645476341248;0.0;2.403604411345348;0.40154782656644117;0.5984521734335588
1730781002.5103962;/app/bags/user95_2017-02-24.bag;0.834065854549408;0.0;0.9619645476341248;0.0;2.403604411345348;0.40154782656644117;0.5984521734335588
1730781002.7104332;/app/bags/user95_2017-02-24.bag;0.834065854549408;0.0;0.9619645476341248;0.0;2.403604411345348;0.40154782656644117;0.5984521734335588
1730781002.91036;/app/bags/user95_2017-02-24.bag;0.834065854549408;0.0;0.9619645476341248;0.0;2.403604411345348;0.40154782656644117;0.5984521734335588
1730781003.1104302;/app/bags/user95_2017-02-24.bag;0.834065854549408;0.0;0.9619645476341248;0.0;2.403604411345348;0.40154782656644117;0.5984521734335588
1730781003.3103695;/app/bags/user95_2017-02-24.bag;0.834065854549408;0.0;0.9619645476341248;0.0;2.403604411345348;0.40154782656644117;0.5984521734335588
1730781003.5103412;/app/bags/user95_2017-02-24.bag;0.834065854549408;0.0;0.9619645476341248;0.0;2.403604411345348;0.40154782656644117;0.5984521734335588
1730781003.710366;/app/bags/user95_2017-02-24.bag;0.834065854549408;0.0;0.9619645476341248;0.0;2.403604411345348;0.40154782656644117;0.5984521734335588
1730781003.9103882;/app/bags/user95_2017-02-24.bag;0.834065854549408;0.0;0.9619645476341248;0.0;2.403604411345348;0.40154782656644117;0.5984521734335588
1730781004.110442;/app/bags/user95_2017-02-24.bag;0.834065854549408;0.0;0.9619645476341248;0.0;2.403604411345348;0.40154782656644117;0.5984521734335588
1730781004.3104355;/app/bags/user95_2017-02-24.bag;0.834065854549408;0.0;0.9619645476341248;0.0;2.403604411345348;0.40154782656644117;0.5984521734335588
1730781004.5103753;/app/bags/user95_2017-02-24.bag;0.834065854549408;0.0;0.9619645476341248;0.0;2.403604411345348;0.40154782656644117;0.5984521734335588
1730781004.7103434;/app/bags/user95_2017-02-24.bag;0.834065854549408;0.0;0.9619645476341248;0.0;2.403604411345348;0.40154782656644117;0.5984521734335588
1730781004.9103982;/app/bags/user95_2017-02-24.bag;0.834065854549408;0.0;0.9619645476341248;0.0;2.403604411345348;0.40154782656644117;0.5984521734335588
1730781005.1104317;/app/bags/user95_2017-02-24.bag;0.834065854549408;0.0;0.9619645476341248;0.0;2.403604411345348;0.40154782656644117;0.5984521734335588
1730781005.3103952;/app/bags/user95_2017-02-24.bag;0.834065854549408;0.0;0.9619645476341248;0.0;2.403604411345348;0.40154782656644117;0.5984521734335588
1730781005.510385;/app/bags/user95_2017-02-24.bag;0.834065854549408;0.0;0.9619645476341248;0.0;2.403604411345348;0.40154782656644117;0.5984521734335588
1730781005.7103903;/app/bags/user95_2017-02-24.bag;0.834065854549408;0.0;0.9619645476341248;0.0;2.403604411345348;0.40154782656644117;0.5984521734335588
1730781005.9103682;/app/bags/user95_2017-02-24.bag;0.834065854549408;0.0;0.9619645476341248;0.0;2.403604411345348;0.40154782656644117;0.5984521734335588
1730781006.110383;/app/bags/user95_2017-02-24.bag;0.834065854549408;0.0;0.9619645476341248;0.0;2.403604411345348;0.40154782656644117;0.5984521734335588
1730781006.3103817;/app/bags/user95_2017-02-24.bag;0.834065854549408;0.0;0.9619645476341248;0.0;2.403604411345348;0.40154782656644117;0.5984521734335588
1730781006.510384;/app/bags/user95_2017-02-24.bag;0.834065854549408;0.0;0.9619645476341248;0.0;2.403604411345348;0.40154782656644117;0.5984521734335588
1730781006.7103717;/app/bags/user95_2017-02-24.bag;0.834065854549408;0.0;0.9619645476341248;0.0;2.403604411345348;0.40154782656644117;0.5984521734335588
1730781006.9103916;/app/bags/user95_2017-02-24.bag;0.834065854549408;0.0;0.9619645476341248;0.0;2.403604411345348;0.40154782656644117;0.5984521734335588
1730781007.1104975;/app/bags/user95_2017-02-24.bag;0.834065854549408;0.0;0.9619645476341248;0.0;2.403604411345348;0.40154782656644117;0.5984521734335588
1730781007.3103743;/app/bags/user95_2017-02-24.bag;0.834065854549408;0.0;0.9619645476341248;0.0;2.403604411345348;0.40154782656644117;0.5984521734335588
1730781007.510401;/app/bags/user95_2017-02-24.bag;0.834065854549408;0.0;0.9619645476341248;0.0;2.403604411345348;0.40154782656644117;0.5984521734335588
1730781007.7104046;/app/bags/user95_2017-02-24.bag;0.834065854549408;0.0;0.9619645476341248;0.0;2.403604411345348;0.40154782656644117;0.5984521734335588
1730781007.9103768;/app/bags/user95_2017-02-24.bag;0.834065854549408;0.0;0.9619645476341248;0.0;2.403604411345348;0.40154782656644117;0.5984521734335588
1730781008.1104155;/app/bags/user95_2017-02-24.bag;0.834065854549408;0.0;0.9619645476341248;0.0;2.403604411345348;0.40154782656644117;0.5984521734335588
1730781008.3103871;/app/bags/user95_2017-02-24.bag;0.834065854549408;0.0;0.9619645476341248;0.0;2.403604411345348;0.40154782656644117;0.5984521734335588
1730781008.5103607;/app/bags/user95_2017-02-24.bag;0.834065854549408;0.0;0.9619645476341248;0.0;2.403604411345348;0.40154782656644117;0.5984521734335588
1730781008.7103572;/app/bags/user95_2017-02-24.bag;0.834065854549408;0.0;0.9619645476341248;0.0;2.403604411345348;0.40154782656644117;0.5984521734335588
1730781008.9103825;/app/bags/user95_2017-02-24.bag;0.834065854549408;0.0;0.9619645476341248;0.0;2.403604411345348;0.40154782656644117;0.5984521734335588
1730781009.1104405;/app/bags/user95_2017-02-24.bag;0.834065854549408;0.0;0.9619645476341248;0.0;2.403604411345348;0.40154782656644117;0.5984521734335588
1730781009.310365;/app/bags/user95_2017-02-24.bag;0.834065854549408;0.0;0.9619645476341248;0.0;2.403604411345348;0.40154782656644117;0.5984521734335588
1730781009.5104494;/app/bags/user95_2017-02-24.bag;0.834065854549408;0.0;0.9619645476341248;0.0;2.403604411345348;0.40154782656644117;0.5984521734335588
1730781009.710404;/app/bags/user95_2017-02-24.bag;0.834065854549408;0.0;0.9619645476341248;0.0;2.403604411345348;0.40154782656644117;0.5984521734335588
1730781009.9103365;/app/bags/user95_2017-02-24.bag;0.834065854549408;0.0;0.9619645476341248;0.0;2.403604411345348;0.40154782656644117;0.5984521734335588
1730781010.1104198;/app/bags/user95_2017-02-24.bag;0.834065854549408;0.0;0.9619645476341248;0.0;2.403604411345348;0.40154782656644117;0.5984521734335588
1730781010.3104293;/app/bags/user95_2017-02-24.bag;0.834065854549408;0.0;0.9619645476341248;0.0;2.403604411345348;0.40154782656644117;0.5984521734335588
1730781010.5104766;/app/bags/user95_2017-02-24.bag;0.834065854549408;0.0;0.9619645476341248;0.0;2.403604411345348;0.40154782656644117;0.5984521734335588
1730781010.7103574;/app/bags/user95_2017-02-24.bag;0.834065854549408;0.0;0.9619645476341248;0.0;2.403604411345348;0.40154782656644117;0.5984521734335588
1730781010.9103787;/app/bags/user95_2017-02-24.bag;0.834065854549408;0.0;0.9619645476341248;0.0;2.403604411345348;0.40154782656644117;0.5984521734335588
1730781011.1103642;/app/bags/user95_2017-02-24.bag;0.834065854549408;0.0;0.9619645476341248;0.0;2.403604411345348;0.40154782656644117;0.5984521734335588
1730781011.310419;/app/bags/user95_2017-02-24.bag;0.834065854549408;0.0;0.9619645476341248;0.0;2.403604411345348;0.40154782656644117;0.5984521734335588
1730781011.510387;/app/bags/user95_2017-02-24.bag;0.834065854549408;0.0;0.9619645476341248;0.0;2.403604411345348;0.40154782656644117;0.5984521734335588
1730781011.7104;/app/bags/user95_2017-02-24.bag;0.834065854549408;0.0;0.9619645476341248;0.0;2.403604411345348;0.40154782656644117;0.5984521734335588
1730781011.9104354;/app/bags/user95_2017-02-24.bag;0.834065854549408;0.0;0.9619645476341248;0.0;2.403604411345348;0.40154782656644117;0.5984521734335588
1730781012.1105144;/app/bags/user95_2017-02-24.bag;0.834065854549408;0.0;0.9619645476341248;0.0;2.403604411345348;0.40154782656644117;0.5984521734335588
1730781012.310385;/app/bags/user95_2017-02-24.bag;0.834065854549408;0.0;0.9619645476341248;0.0;2.403604411345348;0.40154782656644117;0.5984521734335588
1730781012.510394;/app/bags/user95_2017-02-24.bag;0.834065854549408;0.0;0.9619645476341248;0.0;2.403604411345348;0.40154782656644117;0.5984521734335588
1730781012.710502;/app/bags/user95_2017-02-24.bag;0.834065854549408;0.0;0.9619645476341248;0.0;2.403604411345348;0.40154782656644117;0.5984521734335588
1730781012.9104438;/app/bags/user95_2017-02-24.bag;0.834065854549408;0.0;0.9619645476341248;0.0;2.403604411345348;0.40154782656644117;0.5984521734335588
1730781013.1103752;/app/bags/user95_2017-02-24.bag;0.834065854549408;0.0;0.9619645476341248;0.0;2.403604411345348;0.40154782656644117;0.5984521734335588
1730781013.3104339;/app/bags/user95_2017-02-24.bag;0.834065854549408;0.0;0.9619645476341248;0.0;2.403604411345348;0.40154782656644117;0.5984521734335588
1730781013.5104349;/app/bags/user95_2017-02-24.bag;0.834065854549408;0.0;0.9619645476341248;0.0;2.403604411345348;0.40154782656644117;0.5984521734335588
1730781013.7104359;/app/bags/user95_2017-02-24.bag;0.834065854549408;0.0;0.9619645476341248;0.0;2.403604411345348;0.40154782656644117;0.5984521734335588
1730781013.9103816;/app/bags/user95_2017-02-24.bag;0.834065854549408;0.0;0.9619645476341248;0.0;2.403604411345348;0.40154782656644117;0.5984521734335588
1730781014.1104677;/app/bags/user95_2017-02-24.bag;0.834065854549408;0.0;0.9619645476341248;0.0;2.403604411345348;0.40154782656644117;0.5984521734335588
1730781014.3104005;/app/bags/user95_2017-02-24.bag;0.834065854549408;0.0;0.9619645476341248;0.0;2.403604411345348;0.40154782656644117;0.5984521734335588
1730781014.5103788;/app/bags/user95_2017-02-24.bag;0.834065854549408;0.0;0.9619645476341248;0.0;2.403604411345348;0.40154782656644117;0.5984521734335588
1730781014.7103744;/app/bags/user95_2017-02-24.bag;0.834065854549408;0.0;0.9619645476341248;0.0;2.403604411345348;0.40154782656644117;0.5984521734335588
1730781014.9104574;/app/bags/user95_2017-02-24.bag;0.834065854549408;0.0;0.9619645476341248;0.0;2.403604411345348;0.40154782656644117;0.5984521734335588
1730781015.1103969;/app/bags/user95_2017-02-24.bag;0.834065854549408;0.0;0.9619645476341248;0.0;2.403604411345348;0.40154782656644117;0.5984521734335588
1730781015.3103764;/app/bags/user95_2017-02-24.bag;0.834065854549408;0.0;0.9619645476341248;0.0;2.403604411345348;0.40154782656644117;0.5984521734335588
1730781015.5103865;/app/bags/user95_2017-02-24.bag;0.834065854549408;0.0;0.9619645476341248;0.0;2.403604411345348;0.40154782656644117;0.5984521734335588
1730781015.7103753;/app/bags/user95_2017-02-24.bag;0.834065854549408;0.0;0.9619645476341248;0.0;2.403604411345348;0.40154782656644117;0.5984521734335588
1730781015.9103868;/app/bags/user95_2017-02-24.bag;0.834065854549408;0.0;0.9619645476341248;0.0;2.403604411345348;0.40154782656644117;0.5984521734335588
1730781016.110373;/app/bags/user95_2017-02-24.bag;0.834065854549408;0.0;0.9619645476341248;0.0;2.403604411345348;0.40154782656644117;0.5984521734335588
1730781016.3103824;/app/bags/user95_2017-02-24.bag;0.834065854549408;0.0;0.9619645476341248;0.0;2.403604411345348;0.40154782656644117;0.5984521734335588
1730781016.5103812;/app/bags/user95_2017-02-24.bag;0.834065854549408;0.0;0.9619645476341248;0.0;2.403604411345348;0.40154782656644117;0.5984521734335588
1730781016.7104006;/app/bags/user95_2017-02-24.bag;0.834065854549408;0.0;0.9619645476341248;0.0;2.403604411345348;0.40154782656644117;0.5984521734335588
1730781016.9104185;/app/bags/user95_2017-02-24.bag;0.834065854549408;0.0;0.9619645476341248;0.0;2.403604411345348;0.40154782656644117;0.5984521734335588
1730781017.1103914;/app/bags/user95_2017-02-24.bag;0.834065854549408;0.0;0.9619645476341248;0.0;2.403604411345348;0.40154782656644117;0.5984521734335588
1730781017.3103728;/app/bags/user95_2017-02-24.bag;0.834065854549408;0.0;0.9619645476341248;0.0;2.403604411345348;0.40154782656644117;0.5984521734335588
1730781017.5103827;/app/bags/user95_2017-02-24.bag;0.834065854549408;0.0;0.9619645476341248;0.0;2.403604411345348;0.40154782656644117;0.5984521734335588
1730781017.7104564;/app/bags/user95_2017-02-24.bag;0.834065854549408;0.0;0.9619645476341248;0.0;2.403604411345348;0.40154782656644117;0.5984521734335588
1730781017.9104555;/app/bags/user95_2017-02-24.bag;0.834065854549408;0.0;0.9619645476341248;0.0;2.403604411345348;0.40154782656644117;0.5984521734335588
1730781018.1103864;/app/bags/user95_2017-02-24.bag;0.834065854549408;0.0;0.9619645476341248;0.0;2.403604411345348;0.40154782656644117;0.5984521734335588
1730781018.3104143;/app/bags/user95_2017-02-24.bag;0.834065854549408;0.0;0.9619645476341248;0.0;2.403604411345348;0.40154782656644117;0.5984521734335588
1730781018.5104072;/app/bags/user95_2017-02-24.bag;0.834065854549408;0.0;0.9619645476341248;0.0;2.403604411345348;0.40154782656644117;0.5984521734335588
1730781018.7103674;/app/bags/user95_2017-02-24.bag;0.834065854549408;0.0;0.9619645476341248;0.0;2.403604411345348;0.40154782656644117;0.5984521734335588
1730781018.9103851;/app/bags/user95_2017-02-24.bag;0.834065854549408;0.0;0.9619645476341248;0.0;2.403604411345348;0.40154782656644117;0.5984521734335588
1730781019.1103687;/app/bags/user95_2017-02-24.bag;0.834065854549408;0.0;0.9619645476341248;0.0;2.403604411345348;0.40154782656644117;0.5984521734335588
1730781019.3103518;/app/bags/user95_2017-02-24.bag;0.834065854549408;0.0;0.9619645476341248;0.0;2.403604411345348;0.40154782656644117;0.5984521734335588
1730781019.5103986;/app/bags/user95_2017-02-24.bag;0.834065854549408;0.0;0.9619645476341248;0.0;2.403604411345348;0.40154782656644117;0.5984521734335588
1730781019.710381;/app/bags/user95_2017-02-24.bag;0.834065854549408;0.0;0.9619645476341248;0.0;2.403604411345348;0.40154782656644117;0.5984521734335588
1730781019.9105158;/app/bags/user95_2017-02-24.bag;0.834065854549408;0.0;0.9619645476341248;0.0;2.403604411345348;0.40154782656644117;0.5984521734335588
1730781020.110304;/app/bags/user95_2017-02-24.bag;0.834065854549408;0.0;0.9619645476341248;0.0;2.403604411345348;0.40154782656644117;0.5984521734335588
1730781020.310387;/app/bags/user95_2017-02-24.bag;0.834065854549408;0.0;0.9619645476341248;0.0;2.403604411345348;0.40154782656644117;0.5984521734335588
1730781020.5104809;/app/bags/user95_2017-02-24.bag;0.834065854549408;0.0;0.9619645476341248;0.0;2.403604411345348;0.40154782656644117;0.5984521734335588
1730781020.7104082;/app/bags/user95_2017-02-24.bag;0.834065854549408;0.0;0.9619645476341248;0.0;2.403604411345348;0.40154782656644117;0.5984521734335588
1730781020.9104333;/app/bags/user95_2017-02-24.bag;0.834065854549408;0.0;0.9619645476341248;0.0;2.403604411345348;0.40154782656644117;0.5984521734335588
1730781021.1103535;/app/bags/user95_2017-02-24.bag;0.834065854549408;0.0;0.9619645476341248;0.0;2.403604411345348;0.40154782656644117;0.5984521734335588
1730781021.3104491;/app/bags/user95_2017-02-24.bag;0.834065854549408;0.0;0.9619645476341248;0.0;2.403604411345348;0.40154782656644117;0.5984521734335588
1730781021.5103953;/app/bags/user95_2017-02-24.bag;0.834065854549408;0.0;0.9619645476341248;0.0;2.403604411345348;0.40154782656644117;0.5984521734335588
1730781021.7103715;/app/bags/user95_2017-02-24.bag;0.834065854549408;0.0;0.9619645476341248;0.0;2.403604411345348;0.40154782656644117;0.5984521734335588
1730781021.910333;/app/bags/user95_2017-02-24.bag;0.834065854549408;0.0;0.9619645476341248;0.0;2.403604411345348;0.40154782656644117;0.5984521734335588
1730781022.1103644;/app/bags/user95_2017-02-24.bag;0.834065854549408;0.0;0.9619645476341248;0.0;2.403604411345348;0.40154782656644117;0.5984521734335588
1730781022.3103824;/app/bags/user95_2017-02-24.bag;0.834065854549408;0.0;0.9619645476341248;0.0;2.403604411345348;0.40154782656644117;0.5984521734335588
1730781022.5104053;/app/bags/user95_2017-02-24.bag;0.834065854549408;0.0;0.9619645476341248;0.0;2.403604411345348;0.40154782656644117;0.5984521734335588
1730781022.7104304;/app/bags/user95_2017-02-24.bag;0.834065854549408;0.0;0.9619645476341248;0.0;2.403604411345348;0.40154782656644117;0.5984521734335588
1730781022.9104161;/app/bags/user95_2017-02-24.bag;0.834065854549408;0.0;0.9619645476341248;0.0;2.403604411345348;0.40154782656644117;0.5984521734335588
1730781023.1103764;/app/bags/user95_2017-02-24.bag;0.834065854549408;0.0;0.9619645476341248;0.0;2.403604411345348;0.40154782656644117;0.5984521734335588
1730781023.3103516;/app/bags/user95_2017-02-24.bag;0.834065854549408;0.0;0.9619645476341248;0.0;2.403604411345348;0.40154782656644117;0.5984521734335588
1730781023.5103726;/app/bags/user95_2017-02-24.bag;0.834065854549408;0.0;0.9619645476341248;0.0;2.403604411345348;0.40154782656644117;0.5984521734335588
1730781023.7103865;/app/bags/user95_2017-02-24.bag;0.834065854549408;0.0;0.9619645476341248;0.0;2.403604411345348;0.40154782656644117;0.5984521734335588
1730781023.9103756;/app/bags/user95_2017-02-24.bag;0.834065854549408;0.0;0.9619645476341248;0.0;2.403604411345348;0.40154782656644117;0.5984521734335588
1730781024.1103413;/app/bags/user95_2017-02-24.bag;0.834065854549408;0.0;0.9619645476341248;0.0;2.403604411345348;0.40154782656644117;0.5984521734335588
1730781024.3103402;/app/bags/user95_2017-02-24.bag;0.834065854549408;0.0;0.9619645476341248;0.0;2.403604411345348;0.40154782656644117;0.5984521734335588
1730781024.5104172;/app/bags/user95_2017-02-24.bag;0.834065854549408;0.0;0.9619645476341248;0.0;2.403604411345348;0.40154782656644117;0.5984521734335588
1730781024.710464;/app/bags/user95_2017-02-24.bag;0.834065854549408;0.0;0.9619645476341248;0.0;2.403604411345348;0.40154782656644117;0.5984521734335588
1730781024.9104638;/app/bags/user95_2017-02-24.bag;0.834065854549408;0.0;0.9619645476341248;0.0;2.403604411345348;0.40154782656644117;0.5984521734335588
1730781025.1103797;/app/bags/user95_2017-02-24.bag;0.834065854549408;0.0;0.9619645476341248;0.0;2.403604411345348;0.40154782656644117;0.5984521734335588
1730781025.3104265;/app/bags/user95_2017-02-24.bag;0.834065854549408;0.0;0.9619645476341248;0.0;2.403604411345348;0.40154782656644117;0.5984521734335588
1730781025.510391;/app/bags/user95_2017-02-24.bag;0.834065854549408;0.0;0.9619645476341248;0.0;2.403604411345348;0.40154782656644117;0.5984521734335588
1730781025.7104096;/app/bags/user95_2017-02-24.bag;0.834065854549408;0.0;0.9619645476341248;0.0;2.403604411345348;0.40154782656644117;0.5984521734335588
1730781025.9104335;/app/bags/user95_2017-02-24.bag;0.834065854549408;0.0;0.9619645476341248;0.0;2.403604411345348;0.40154782656644117;0.5984521734335588
1730781026.1104007;/app/bags/user95_2017-02-24.bag;0.834065854549408;0.0;0.9619645476341248;0.0;2.403604411345348;0.40154782656644117;0.5984521734335588
1730781026.3103967;/app/bags/user95_2017-02-24.bag;0.834065854549408;0.0;0.9619645476341248;0.0;2.403604411345348;0.40154782656644117;0.5984521734335588
1730781026.5103645;/app/bags/user95_2017-02-24.bag;0.834065854549408;0.0;0.9619645476341248;0.0;2.403604411345348;0.40154782656644117;0.5984521734335588
1730781026.7103782;/app/bags/user95_2017-02-24.bag;0.834065854549408;0.0;0.9619645476341248;0.0;2.403604411345348;0.40154782656644117;0.5984521734335588
1730781026.9104307;/app/bags/user95_2017-02-24.bag;0.834065854549408;0.0;0.9619645476341248;0.0;2.403604411345348;0.40154782656644117;0.5984521734335588
1730781027.1105118;/app/bags/user95_2017-02-24.bag;0.834065854549408;0.0;0.9619645476341248;0.0;2.403604411345348;0.40154782656644117;0.5984521734335588
1730781027.3103998;/app/bags/user95_2017-02-24.bag;0.834065854549408;0.0;0.9619645476341248;0.0;2.403604411345348;0.40154782656644117;0.5984521734335588
1730781027.5103862;/app/bags/user95_2017-02-24.bag;0.834065854549408;0.0;0.9619645476341248;0.0;2.403604411345348;0.40154782656644117;0.5984521734335588
1730781027.7104042;/app/bags/user95_2017-02-24.bag;0.834065854549408;0.0;0.9619645476341248;0.0;2.403604411345348;0.40154782656644117;0.5984521734335588
1730781027.9103875;/app/bags/user95_2017-02-24.bag;0.834065854549408;0.0;0.9619645476341248;0.0;2.403604411345348;0.40154782656644117;0.5984521734335588
1730781028.1103835;/app/bags/user95_2017-02-24.bag;0.834065854549408;0.0;0.9619645476341248;0.0;2.403604411345348;0.40154782656644117;0.5984521734335588
1730781028.3104064;/app/bags/user95_2017-02-24.bag;0.834065854549408;0.0;0.9619645476341248;0.0;2.403604411345348;0.40154782656644117;0.5984521734335588
1730781028.5103755;/app/bags/user95_2017-02-24.bag;0.834065854549408;0.0;0.9619645476341248;0.0;2.403604411345348;0.40154782656644117;0.5984521734335588
1730781028.710404;/app/bags/user95_2017-02-24.bag;0.834065854549408;0.0;0.9619645476341248;0.0;2.403604411345348;0.40154782656644117;0.5984521734335588
1730781028.91036;/app/bags/user95_2017-02-24.bag;0.834065854549408;0.0;0.9619645476341248;0.0;2.403604411345348;0.40154782656644117;0.5984521734335588
1730781029.1103406;/app/bags/user95_2017-02-24.bag;0.834065854549408;0.0;0.9619645476341248;0.0;2.403604411345348;0.40154782656644117;0.5984521734335588
1730781029.3104026;/app/bags/user95_2017-02-24.bag;0.834065854549408;0.0;0.9619645476341248;0.0;2.403604411345348;0.40154782656644117;0.5984521734335588
1730781029.510659;/app/bags/user95_2017-02-24.bag;0.834065854549408;0.0;0.9619645476341248;0.0;2.403604411345348;0.40154782656644117;0.5984521734335588
1730781029.710413;/app/bags/user95_2017-02-24.bag;0.834065854549408;0.0;0.9619645476341248;0.0;2.403604411345348;0.40154782656644117;0.5984521734335588
1730781029.9104018;/app/bags/user95_2017-02-24.bag;0.834065854549408;0.0;0.9619645476341248;0.0;2.403604411345348;0.40154782656644117;0.5984521734335588
1730781030.1103728;/app/bags/user95_2017-02-24.bag;0.834065854549408;0.0;0.9619645476341248;0.0;2.403604411345348;0.40154782656644117;0.5984521734335588
1730781030.310435;/app/bags/user95_2017-02-24.bag;0.834065854549408;0.0;0.9619645476341248;0.0;2.403604411345348;0.40154782656644117;0.5984521734335588
1730781030.5103776;/app/bags/user95_2017-02-24.bag;0.834065854549408;0.0;0.9619645476341248;0.0;2.403604411345348;0.40154782656644117;0.5984521734335588
1730781030.7103934;/app/bags/user95_2017-02-24.bag;0.834065854549408;0.0;0.9619645476341248;0.0;2.403604411345348;0.40154782656644117;0.5984521734335588
1730781030.9104462;/app/bags/user95_2017-02-24.bag;0.834065854549408;0.0;0.9619645476341248;0.0;2.403604411345348;0.40154782656644117;0.5984521734335588
1730781031.1104233;/app/bags/user95_2017-02-24.bag;0.834065854549408;0.0;0.9619645476341248;0.0;2.403604411345348;0.40154782656644117;0.5984521734335588
1730781031.310394;/app/bags/user95_2017-02-24.bag;0.834065854549408;0.0;0.9619645476341248;0.0;2.403604411345348;0.40154782656644117;0.5984521734335588
1730781031.510412;/app/bags/user95_2017-02-24.bag;0.834065854549408;0.0;0.9619645476341248;0.0;2.403604411345348;0.40154782656644117;0.5984521734335588
1730781031.710382;/app/bags/user95_2017-02-24.bag;0.834065854549408;0.0;0.9619645476341248;0.0;2.403604411345348;0.40154782656644117;0.5984521734335588
1730781031.9103615;/app/bags/user95_2017-02-24.bag;0.834065854549408;0.0;0.9619645476341248;0.0;2.403604411345348;0.40154782656644117;0.5984521734335588
1730781032.1103642;/app/bags/user95_2017-02-24.bag;0.834065854549408;0.0;0.9619645476341248;0.0;2.403604411345348;0.40154782656644117;0.5984521734335588
1730781032.3103907;/app/bags/user95_2017-02-24.bag;0.834065854549408;0.0;0.9619645476341248;0.0;2.403604411345348;0.40154782656644117;0.5984521734335588
1730781032.51039;/app/bags/user95_2017-02-24.bag;0.834065854549408;0.0;0.9619645476341248;0.0;2.403604411345348;0.40154782656644117;0.5984521734335588
1730781032.7104533;/app/bags/user95_2017-02-24.bag;0.834065854549408;0.0;0.9619645476341248;0.0;2.403604411345348;0.40154782656644117;0.5984521734335588
1730781032.910433;/app/bags/user95_2017-02-24.bag;0.834065854549408;0.0;0.9619645476341248;0.0;2.403604411345348;0.40154782656644117;0.5984521734335588
1730781033.1104238;/app/bags/user95_2017-02-24.bag;0.834065854549408;0.0;0.9619645476341248;0.0;2.403604411345348;0.40154782656644117;0.5984521734335588
1730781033.3103893;/app/bags/user95_2017-02-24.bag;0.834065854549408;0.0;0.9619645476341248;0.0;2.403604411345348;0.40154782656644117;0.5984521734335588
1730781033.510443;/app/bags/user95_2017-02-24.bag;0.834065854549408;0.0;0.9619645476341248;0.0;2.403604411345348;0.40154782656644117;0.5984521734335588
1730781033.710419;/app/bags/user95_2017-02-24.bag;0.834065854549408;0.0;0.9619645476341248;0.0;2.403604411345348;0.40154782656644117;0.5984521734335588
1730781033.9103801;/app/bags/user95_2017-02-24.bag;0.834065854549408;0.0;0.9619645476341248;0.0;2.403604411345348;0.40154782656644117;0.5984521734335588
1730781034.1103904;/app/bags/user95_2017-02-24.bag;0.834065854549408;0.0;0.9619645476341248;0.0;2.403604411345348;0.40154782656644117;0.5984521734335588
1730781034.3103943;/app/bags/user95_2017-02-24.bag;0.834065854549408;0.0;0.9619645476341248;0.0;2.403604411345348;0.40154782656644117;0.5984521734335588
1730781034.5104187;/app/bags/user95_2017-02-24.bag;0.834065854549408;0.0;0.9619645476341248;0.0;2.403604411345348;0.40154782656644117;0.5984521734335588
1730781034.7103937;/app/bags/user95_2017-02-24.bag;0.834065854549408;0.0;0.9619645476341248;0.0;2.403604411345348;0.40154782656644117;0.5984521734335588
1730781034.9103568;/app/bags/user95_2017-02-24.bag;0.834065854549408;0.0;0.9619645476341248;0.0;2.403604411345348;0.40154782656644117;0.5984521734335588
1730781035.1103761;/app/bags/user95_2017-02-24.bag;0.834065854549408;0.0;0.9619645476341248;0.0;2.403604411345348;0.40154782656644117;0.5984521734335588
1730781035.3104544;/app/bags/user95_2017-02-24.bag;0.834065854549408;0.0;0.9619645476341248;0.0;2.403604411345348;0.40154782656644117;0.5984521734335588
1730781035.51038;/app/bags/user95_2017-02-24.bag;0.834065854549408;0.0;0.9619645476341248;0.0;2.403604411345348;0.40154782656644117;0.5984521734335588
1730781035.7103817;/app/bags/user95_2017-02-24.bag;0.834065854549408;0.0;0.9619645476341248;0.0;2.403604411345348;0.40154782656644117;0.5984521734335588
1730781035.9103777;/app/bags/user95_2017-02-24.bag;0.834065854549408;0.0;0.9619645476341248;0.0;2.403604411345348;0.40154782656644117;0.5984521734335588
1730781036.1103625;/app/bags/user95_2017-02-24.bag;0.834065854549408;0.0;0.9619645476341248;0.0;2.403604411345348;0.40154782656644117;0.5984521734335588
1730781036.3103697;/app/bags/user95_2017-02-24.bag;0.834065854549408;0.0;0.9619645476341248;0.0;2.403604411345348;0.40154782656644117;0.5984521734335588
1730781036.5104232;/app/bags/user95_2017-02-24.bag;0.834065854549408;0.0;0.9619645476341248;0.0;2.403604411345348;0.40154782656644117;0.5984521734335588
1730781036.710373;/app/bags/user95_2017-02-24.bag;0.834065854549408;0.0;0.9619645476341248;0.0;2.403604411345348;0.40154782656644117;0.5984521734335588
1730781036.9104497;/app/bags/user95_2017-02-24.bag;0.834065854549408;0.0;0.9619645476341248;0.0;2.403604411345348;0.40154782656644117;0.5984521734335588
1730781037.110476;/app/bags/user95_2017-02-24.bag;0.834065854549408;0.0;0.9619645476341248;0.0;2.403604411345348;0.40154782656644117;0.5984521734335588
1730781037.310429;/app/bags/user95_2017-02-24.bag;0.834065854549408;0.0;0.9619645476341248;0.0;2.403604411345348;0.40154782656644117;0.5984521734335588
1730781037.510394;/app/bags/user95_2017-02-24.bag;0.834065854549408;0.0;0.9619645476341248;0.0;2.403604411345348;0.40154782656644117;0.5984521734335588
1730781037.7103841;/app/bags/user95_2017-02-24.bag;0.834065854549408;0.0;0.9619645476341248;0.0;2.403604411345348;0.40154782656644117;0.5984521734335588
1730781037.9104118;/app/bags/user95_2017-02-24.bag;0.834065854549408;0.0;0.9619645476341248;0.0;2.403604411345348;0.40154782656644117;0.5984521734335588
1730781038.1103773;/app/bags/user95_2017-02-24.bag;0.834065854549408;0.0;0.9619645476341248;0.0;2.403604411345348;0.40154782656644117;0.5984521734335588
1730781038.3103812;/app/bags/user95_2017-02-24.bag;0.834065854549408;0.0;0.9619645476341248;0.0;2.403604411345348;0.40154782656644117;0.5984521734335588
1730781038.510439;/app/bags/user95_2017-02-24.bag;0.834065854549408;0.0;0.9619645476341248;0.0;2.403604411345348;0.40154782656644117;0.5984521734335588
1730781038.7105813;/app/bags/user95_2017-02-24.bag;0.834065854549408;0.0;0.9619645476341248;0.0;2.403604411345348;0.40154782656644117;0.5984521734335588
1730781038.9104536;/app/bags/user95_2017-02-24.bag;0.834065854549408;0.0;0.9619645476341248;0.0;2.403604411345348;0.40154782656644117;0.5984521734335588
1730781039.1103413;/app/bags/user95_2017-02-24.bag;0.834065854549408;0.0;0.9619645476341248;0.0;2.403604411345348;0.40154782656644117;0.5984521734335588
1730781039.3104212;/app/bags/user95_2017-02-24.bag;0.834065854549408;0.0;0.9619645476341248;0.0;2.403604411345348;0.40154782656644117;0.5984521734335588
1730781039.5103755;/app/bags/user95_2017-02-24.bag;0.834065854549408;0.0;0.9619645476341248;0.0;2.403604411345348;0.40154782656644117;0.5984521734335588
1730781039.7115943;/app/bags/user95_2017-02-24.bag;0.834065854549408;0.0;0.9619645476341248;0.0;2.403604411345348;0.40154782656644117;0.5984521734335588
1730781039.9104095;/app/bags/user95_2017-02-24.bag;0.834065854549408;0.0;0.9619645476341248;0.0;2.403604411345348;0.40154782656644117;0.5984521734335588
1730781040.1103895;/app/bags/user95_2017-02-24.bag;0.834065854549408;0.0;0.9619645476341248;0.0;2.403604411345348;0.40154782656644117;0.5984521734335588
1730781040.3103974;/app/bags/user95_2017-02-24.bag;0.834065854549408;0.0;0.9619645476341248;0.0;2.403604411345348;0.40154782656644117;0.5984521734335588
1730781040.5103667;/app/bags/user95_2017-02-24.bag;0.834065854549408;0.0;0.9619645476341248;0.0;2.403604411345348;0.40154782656644117;0.5984521734335588
1730781040.7104118;/app/bags/user95_2017-02-24.bag;0.834065854549408;0.0;0.9619645476341248;0.0;2.403604411345348;0.40154782656644117;0.5984521734335588
1730781040.9103794;/app/bags/user95_2017-02-24.bag;0.834065854549408;0.0;0.9619645476341248;0.0;2.403604411345348;0.40154782656644117;0.5984521734335588
1730781041.1104336;/app/bags/user95_2017-02-24.bag;0.834065854549408;0.0;0.9619645476341248;0.0;2.403604411345348;0.40154782656644117;0.5984521734335588
1730781041.3103714;/app/bags/user95_2017-02-24.bag;0.834065854549408;0.0;0.9619645476341248;0.0;2.403604411345348;0.40154782656644117;0.5984521734335588
1730781041.5103705;/app/bags/user95_2017-02-24.bag;0.834065854549408;0.0;0.9619645476341248;0.0;2.403604411345348;0.40154782656644117;0.5984521734335588
1730781041.7103972;/app/bags/user95_2017-02-24.bag;0.834065854549408;0.0;0.9619645476341248;0.0;2.403604411345348;0.40154782656644117;0.5984521734335588
1730781041.9103887;/app/bags/user95_2017-02-24.bag;0.834065854549408;0.0;0.9619645476341248;0.0;2.403604411345348;0.40154782656644117;0.5984521734335588
1730781042.1103742;/app/bags/user95_2017-02-24.bag;0.834065854549408;0.0;0.9619645476341248;0.0;2.403604411345348;0.40154782656644117;0.5984521734335588
1730781042.3103607;/app/bags/user95_2017-02-24.bag;0.834065854549408;0.0;0.9619645476341248;0.0;2.403604411345348;0.40154782656644117;0.5984521734335588
1730781042.5103457;/app/bags/user95_2017-02-24.bag;0.834065854549408;0.0;0.9619645476341248;0.0;2.403604411345348;0.40154782656644117;0.5984521734335588
1730781042.7103775;/app/bags/user95_2017-02-24.bag;0.834065854549408;0.0;0.9619645476341248;0.0;2.403604411345348;0.40154782656644117;0.5984521734335588
1730781042.9103947;/app/bags/user95_2017-02-24.bag;0.834065854549408;0.0;0.9619645476341248;0.0;2.403604411345348;0.40154782656644117;0.5984521734335588
1730781043.1104386;/app/bags/user95_2017-02-24.bag;0.834065854549408;0.0;0.9619645476341248;0.0;2.403604411345348;0.40154782656644117;0.5984521734335588
1730781043.3103473;/app/bags/user95_2017-02-24.bag;0.834065854549408;0.0;0.9619645476341248;0.0;2.403604411345348;0.40154782656644117;0.5984521734335588
1730781043.5103836;/app/bags/user95_2017-02-24.bag;0.834065854549408;0.0;0.9619645476341248;0.0;2.403604411345348;0.40154782656644117;0.5984521734335588
1730781043.7103739;/app/bags/user95_2017-02-24.bag;0.834065854549408;0.0;0.9619645476341248;0.0;2.403604411345348;0.40154782656644117;0.5984521734335588
1730781043.9104009;/app/bags/user95_2017-02-24.bag;0.834065854549408;0.0;0.9619645476341248;0.0;2.403604411345348;0.40154782656644117;0.5984521734335588
1730781044.1103814;/app/bags/user95_2017-02-24.bag;0.834065854549408;0.0;0.9619645476341248;0.0;2.403604411345348;0.40154782656644117;0.5984521734335588
1730781044.3103745;/app/bags/user95_2017-02-24.bag;0.834065854549408;0.0;0.9619645476341248;0.0;2.403604411345348;0.40154782656644117;0.5984521734335588
1730781044.5103738;/app/bags/user95_2017-02-24.bag;0.834065854549408;0.0;0.9619645476341248;0.0;2.403604411345348;0.40154782656644117;0.5984521734335588
1730781044.7103853;/app/bags/user95_2017-02-24.bag;0.834065854549408;0.0;0.9619645476341248;0.0;2.403604411345348;0.40154782656644117;0.5984521734335588
1730781044.910385;/app/bags/user95_2017-02-24.bag;0.834065854549408;0.0;0.9619645476341248;0.0;2.403604411345348;0.40154782656644117;0.5984521734335588
1730781045.1103806;/app/bags/user95_2017-02-24.bag;0.834065854549408;0.0;0.9619645476341248;0.0;2.403604411345348;0.40154782656644117;0.5984521734335588
1730781045.3103838;/app/bags/user95_2017-02-24.bag;0.834065854549408;0.0;0.9619645476341248;0.0;2.403604411345348;0.40154782656644117;0.5984521734335588
1730781045.5103807;/app/bags/user95_2017-02-24.bag;0.834065854549408;0.0;0.9619645476341248;0.0;2.403604411345348;0.40154782656644117;0.5984521734335588
1730781045.7104228;/app/bags/user95_2017-02-24.bag;0.834065854549408;0.0;0.9619645476341248;0.0;2.403604411345348;0.40154782656644117;0.5984521734335588
1730781045.9104278;/app/bags/user95_2017-02-24.bag;0.834065854549408;0.0;0.9619645476341248;0.0;2.403604411345348;0.40154782656644117;0.5984521734335588
1730781046.1104167;/app/bags/user95_2017-02-24.bag;0.834065854549408;0.0;0.9619645476341248;0.0;2.403604411345348;0.40154782656644117;0.5984521734335588
1730781046.3103771;/app/bags/user95_2017-02-24.bag;0.834065854549408;0.0;0.9619645476341248;0.0;2.403604411345348;0.40154782656644117;0.5984521734335588
1730781046.5103686;/app/bags/user95_2017-02-24.bag;0.834065854549408;0.0;0.9619645476341248;0.0;2.403604411345348;0.40154782656644117;0.5984521734335588
1730781046.710423;/app/bags/user95_2017-02-24.bag;0.834065854549408;0.0;0.9619645476341248;0.0;2.403604411345348;0.40154782656644117;0.5984521734335588
1730781046.910237;/app/bags/user95_2017-02-24.bag;0.834065854549408;0.0;0.9619645476341248;0.0;2.403604411345348;0.40154782656644117;0.5984521734335588
1730781047.1104317;/app/bags/user95_2017-02-24.bag;0.834065854549408;0.0;0.9619645476341248;0.0;2.403604411345348;0.40154782656644117;0.5984521734335588
1730781047.3104513;/app/bags/user95_2017-02-24.bag;0.834065854549408;0.0;0.9619645476341248;0.0;2.403604411345348;0.40154782656644117;0.5984521734335588
1730781047.5104098;/app/bags/user95_2017-02-24.bag;0.834065854549408;0.0;0.9619645476341248;0.0;2.403604411345348;0.40154782656644117;0.5984521734335588
1730781047.7103457;/app/bags/user95_2017-02-24.bag;0.834065854549408;0.0;0.9619645476341248;0.0;2.403604411345348;0.40154782656644117;0.5984521734335588
1730781047.9103823;/app/bags/user95_2017-02-24.bag;0.834065854549408;0.0;0.9619645476341248;0.0;2.403604411345348;0.40154782656644117;0.5984521734335588
1730781048.1104114;/app/bags/user95_2017-02-24.bag;0.834065854549408;0.0;0.9619645476341248;0.0;2.403604411345348;0.40154782656644117;0.5984521734335588
1730781048.3103814;/app/bags/user95_2017-02-24.bag;0.834065854549408;0.0;0.9619645476341248;0.0;2.403604411345348;0.40154782656644117;0.5984521734335588
1730781048.5103204;/app/bags/user95_2017-02-24.bag;0.834065854549408;0.0;0.9619645476341248;0.0;2.403604411345348;0.40154782656644117;0.5984521734335588
1730781048.7103627;/app/bags/user95_2017-02-24.bag;0.834065854549408;0.0;0.9619645476341248;0.0;2.403604411345348;0.40154782656644117;0.5984521734335588
1730781048.91038;/app/bags/user95_2017-02-24.bag;0.834065854549408;0.0;0.9619645476341248;0.0;2.403604411345348;0.40154782656644117;0.5984521734335588
1730781049.1103897;/app/bags/user95_2017-02-24.bag;0.834065854549408;0.0;0.9619645476341248;0.0;2.403604411345348;0.40154782656644117;0.5984521734335588
1730781049.3103874;/app/bags/user95_2017-02-24.bag;0.834065854549408;0.0;0.9619645476341248;0.0;2.403604411345348;0.40154782656644117;0.5984521734335588
1730781049.51043;/app/bags/user95_2017-02-24.bag;0.834065854549408;0.0;0.9619645476341248;0.0;2.403604411345348;0.40154782656644117;0.5984521734335588
1730781049.7103665;/app/bags/user95_2017-02-24.bag;0.834065854549408;0.0;0.9619645476341248;0.0;2.403604411345348;0.40154782656644117;0.5984521734335588
1730781049.9104054;/app/bags/user95_2017-02-24.bag;0.834065854549408;0.0;0.9619645476341248;0.0;2.403604411345348;0.40154782656644117;0.5984521734335588
1730781050.1103811;/app/bags/user95_2017-02-24.bag;0.834065854549408;0.0;0.9619645476341248;0.0;2.403604411345348;0.40154782656644117;0.5984521734335588
1730781050.3104017;/app/bags/user95_2017-02-24.bag;0.834065854549408;0.0;0.9619645476341248;0.0;2.403604411345348;0.40154782656644117;0.5984521734335588
1730781050.5103858;/app/bags/user95_2017-02-24.bag;0.834065854549408;0.0;0.9619645476341248;0.0;2.403604411345348;0.40154782656644117;0.5984521734335588
1730781050.7103908;/app/bags/user95_2017-02-24.bag;0.834065854549408;0.0;0.9619645476341248;0.0;2.403604411345348;0.40154782656644117;0.5984521734335588
1730781050.9103975;/app/bags/user95_2017-02-24.bag;0.834065854549408;0.0;0.9619645476341248;0.0;2.403604411345348;0.40154782656644117;0.5984521734335588
1730781051.1103966;/app/bags/user95_2017-02-24.bag;0.834065854549408;0.0;0.9619645476341248;0.0;2.403604411345348;0.40154782656644117;0.5984521734335588
1730781051.3103757;/app/bags/user95_2017-02-24.bag;0.834065854549408;0.0;0.9619645476341248;0.0;2.403604411345348;0.40154782656644117;0.5984521734335588
1730781051.5103753;/app/bags/user95_2017-02-24.bag;0.834065854549408;0.0;0.9619645476341248;0.0;2.403604411345348;0.40154782656644117;0.5984521734335588
1730781051.7103643;/app/bags/user95_2017-02-24.bag;0.834065854549408;0.0;0.9619645476341248;0.0;2.403604411345348;0.40154782656644117;0.5984521734335588
1730781051.9103463;/app/bags/user95_2017-02-24.bag;0.834065854549408;0.0;0.9619645476341248;0.0;2.403604411345348;0.40154782656644117;0.5984521734335588
1730781052.1103852;/app/bags/user95_2017-02-24.bag;0.834065854549408;0.0;0.9619645476341248;0.0;2.403604411345348;0.40154782656644117;0.5984521734335588
1730781052.3104188;/app/bags/user95_2017-02-24.bag;0.834065854549408;0.0;0.9619645476341248;0.0;2.403604411345348;0.40154782656644117;0.5984521734335588
1730781052.5103645;/app/bags/user95_2017-02-24.bag;0.834065854549408;0.0;0.9619645476341248;0.0;2.403604411345348;0.40154782656644117;0.5984521734335588
1730781052.710376;/app/bags/user95_2017-02-24.bag;0.834065854549408;0.0;0.9619645476341248;0.0;2.403604411345348;0.40154782656644117;0.5984521734335588
1730781052.9104037;/app/bags/user95_2017-02-24.bag;0.834065854549408;0.0;0.9619645476341248;0.0;2.403604411345348;0.40154782656644117;0.5984521734335588
1730781053.1103654;/app/bags/user95_2017-02-24.bag;0.834065854549408;0.0;0.9619645476341248;0.0;2.403604411345348;0.40154782656644117;0.5984521734335588
1730781053.3103821;/app/bags/user95_2017-02-24.bag;0.834065854549408;0.0;0.9619645476341248;0.0;2.403604411345348;0.40154782656644117;0.5984521734335588
1730781053.5103972;/app/bags/user95_2017-02-24.bag;0.834065854549408;0.0;0.9619645476341248;0.0;2.403604411345348;0.40154782656644117;0.5984521734335588
1730781053.7103536;/app/bags/user95_2017-02-24.bag;0.834065854549408;0.0;0.9619645476341248;0.0;2.403604411345348;0.40154782656644117;0.5984521734335588
1730781053.910409;/app/bags/user95_2017-02-24.bag;0.834065854549408;0.0;0.9619645476341248;0.0;2.403604411345348;0.40154782656644117;0.5984521734335588
1730781054.1103706;/app/bags/user95_2017-02-24.bag;0.834065854549408;0.0;0.9619645476341248;0.0;2.403604411345348;0.40154782656644117;0.5984521734335588
1730781054.3103998;/app/bags/user95_2017-02-24.bag;0.834065854549408;0.0;0.9619645476341248;0.0;2.403604411345348;0.40154782656644117;0.5984521734335588
1730781054.5104358;/app/bags/user95_2017-02-24.bag;0.834065854549408;0.0;0.9619645476341248;0.0;2.403604411345348;0.40154782656644117;0.5984521734335588
1730781054.710407;/app/bags/user95_2017-02-24.bag;0.834065854549408;0.0;0.9619645476341248;0.0;2.403604411345348;0.40154782656644117;0.5984521734335588
1730781054.9104078;/app/bags/user95_2017-02-24.bag;0.834065854549408;0.0;0.9619645476341248;0.0;2.403604411345348;0.40154782656644117;0.5984521734335588
1730781055.1103911;/app/bags/user95_2017-02-24.bag;0.834065854549408;0.0;0.9619645476341248;0.0;2.403604411345348;0.40154782656644117;0.5984521734335588
1730781055.3104258;/app/bags/user95_2017-02-24.bag;0.834065854549408;0.0;0.9619645476341248;0.0;2.403604411345348;0.40154782656644117;0.5984521734335588
1730781055.5104318;/app/bags/user95_2017-02-24.bag;0.834065854549408;0.0;0.9619645476341248;0.0;2.403604411345348;0.40154782656644117;0.5984521734335588
1730781055.710773;/app/bags/user95_2017-02-24.bag;0.834065854549408;0.0;0.9619645476341248;0.0;2.403604411345348;0.40154782656644117;0.5984521734335588
1730781055.9103758;/app/bags/user95_2017-02-24.bag;0.834065854549408;0.0;0.9619645476341248;0.0;2.403604411345348;0.40154782656644117;0.5984521734335588
1730781056.110438;/app/bags/user95_2017-02-24.bag;0.834065854549408;0.0;0.9619645476341248;0.0;2.403604411345348;0.40154782656644117;0.5984521734335588
1730781056.3104305;/app/bags/user95_2017-02-24.bag;0.834065854549408;0.0;0.9619645476341248;0.0;2.403604411345348;0.40154782656644117;0.5984521734335588
1730781056.5103874;/app/bags/user95_2017-02-24.bag;0.834065854549408;0.0;0.9619645476341248;0.0;2.403604411345348;0.40154782656644117;0.5984521734335588
1730781056.7105072;/app/bags/user95_2017-02-24.bag;0.834065854549408;0.0;0.9619645476341248;0.0;2.403604411345348;0.40154782656644117;0.5984521734335588
1730781056.910402;/app/bags/user95_2017-02-24.bag;0.834065854549408;0.0;0.9619645476341248;0.0;2.403604411345348;0.40154782656644117;0.5984521734335588
1730781057.1103816;/app/bags/user95_2017-02-24.bag;0.834065854549408;0.0;0.9619645476341248;0.0;2.403604411345348;0.40154782656644117;0.5984521734335588
1730781057.3104105;/app/bags/user95_2017-02-24.bag;0.834065854549408;0.0;0.9619645476341248;0.0;2.403604411345348;0.40154782656644117;0.5984521734335588
1730781057.5104008;/app/bags/user95_2017-02-24.bag;0.834065854549408;0.0;0.9619645476341248;0.0;2.403604411345348;0.40154782656644117;0.5984521734335588
1730781057.7103806;/app/bags/user95_2017-02-24.bag;0.834065854549408;0.0;0.9619645476341248;0.0;2.403604411345348;0.40154782656644117;0.5984521734335588
1730781057.9103835;/app/bags/user95_2017-02-24.bag;0.834065854549408;0.0;0.9619645476341248;0.0;2.403604411345348;0.40154782656644117;0.5984521734335588
1730781058.1104252;/app/bags/user95_2017-02-24.bag;0.834065854549408;0.0;0.9619645476341248;0.0;2.403604411345348;0.40154782656644117;0.5984521734335588
1730781058.3104014;/app/bags/user95_2017-02-24.bag;0.834065854549408;0.0;0.9619645476341248;0.0;2.403604411345348;0.40154782656644117;0.5984521734335588
1730781058.5103889;/app/bags/user95_2017-02-24.bag;0.834065854549408;0.0;0.9619645476341248;0.0;2.403604411345348;0.40154782656644117;0.5984521734335588
1730781058.7103734;/app/bags/user95_2017-02-24.bag;0.834065854549408;0.0;0.9619645476341248;0.0;2.403604411345348;0.40154782656644117;0.5984521734335588
1730781058.9105964;/app/bags/user95_2017-02-24.bag;0.834065854549408;0.0;0.9619645476341248;0.0;2.403604411345348;0.40154782656644117;0.5984521734335588
1730781059.1104927;/app/bags/user95_2017-02-24.bag;0.834065854549408;0.0;0.9619645476341248;0.0;2.403604411345348;0.40154782656644117;0.5984521734335588
1730781059.3104188;/app/bags/user95_2017-02-24.bag;0.834065854549408;0.0;0.9619645476341248;0.0;2.403604411345348;0.40154782656644117;0.5984521734335588
1730781059.5103822;/app/bags/user95_2017-02-24.bag;0.834065854549408;0.0;0.9619645476341248;0.0;2.403604411345348;0.40154782656644117;0.5984521734335588
1730781059.71042;/app/bags/user95_2017-02-24.bag;0.834065854549408;0.0;0.9619645476341248;0.0;2.403604411345348;0.40154782656644117;0.5984521734335588
1730781059.910413;/app/bags/user95_2017-02-24.bag;0.834065854549408;0.0;0.9619645476341248;0.0;2.403604411345348;0.40154782656644117;0.5984521734335588
1730781060.1103897;/app/bags/user95_2017-02-24.bag;0.834065854549408;0.0;0.9619645476341248;0.0;2.403604411345348;0.40154782656644117;0.5984521734335588
1730781060.3104353;/app/bags/user95_2017-02-24.bag;0.834065854549408;0.0;0.9619645476341248;0.0;2.403604411345348;0.40154782656644117;0.5984521734335588
1730781060.5103726;/app/bags/user95_2017-02-24.bag;0.834065854549408;0.0;0.9619645476341248;0.0;2.403604411345348;0.40154782656644117;0.5984521734335588
1730781060.7104151;/app/bags/user95_2017-02-24.bag;0.834065854549408;0.0;0.9619645476341248;0.0;2.403604411345348;0.40154782656644117;0.5984521734335588
1730781060.91035;/app/bags/user95_2017-02-24.bag;0.834065854549408;0.0;0.9619645476341248;0.0;2.403604411345348;0.40154782656644117;0.5984521734335588
1730781061.1104202;/app/bags/user95_2017-02-24.bag;0.834065854549408;0.0;0.9619645476341248;0.0;2.403604411345348;0.40154782656644117;0.5984521734335588
1730781061.3104107;/app/bags/user95_2017-02-24.bag;0.834065854549408;0.0;0.9619645476341248;0.0;2.403604411345348;0.40154782656644117;0.5984521734335588
1730781061.512696;/app/bags/user95_2017-02-24.bag;0.834065854549408;0.0;0.9619645476341248;0.0;2.403604411345348;0.40154782656644117;0.5984521734335588
1730781061.7104626;/app/bags/user95_2017-02-24.bag;0.834065854549408;0.0;0.9619645476341248;0.0;2.403604411345348;0.40154782656644117;0.5984521734335588
1730781061.9103994;/app/bags/user95_2017-02-24.bag;0.834065854549408;0.0;0.9619645476341248;0.0;2.403604411345348;0.40154782656644117;0.5984521734335588
1730781062.1104753;/app/bags/user95_2017-02-24.bag;0.834065854549408;0.0;0.9619645476341248;0.0;2.403604411345348;0.40154782656644117;0.5984521734335588
1730781062.3104134;/app/bags/user95_2017-02-24.bag;0.834065854549408;0.0;0.9619645476341248;0.0;2.403604411345348;0.40154782656644117;0.5984521734335588
1730781062.510418;/app/bags/user95_2017-02-24.bag;0.834065854549408;0.0;0.9619645476341248;0.0;2.403604411345348;0.40154782656644117;0.5984521734335588
1730781062.710369;/app/bags/user95_2017-02-24.bag;0.834065854549408;0.0;0.9619645476341248;0.0;2.403604411345348;0.40154782656644117;0.5984521734335588
1730781062.9103765;/app/bags/user95_2017-02-24.bag;0.834065854549408;0.0;0.9619645476341248;0.0;2.403604411345348;0.40154782656644117;0.5984521734335588
1730781063.1104019;/app/bags/user95_2017-02-24.bag;0.834065854549408;0.0;0.9619645476341248;0.0;2.403604411345348;0.40154782656644117;0.5984521734335588
1730781063.3103878;/app/bags/user95_2017-02-24.bag;0.834065854549408;0.0;0.9619645476341248;0.0;2.403604411345348;0.40154782656644117;0.5984521734335588
1730781063.510371;/app/bags/user95_2017-02-24.bag;0.834065854549408;0.0;0.9619645476341248;0.0;2.403604411345348;0.40154782656644117;0.5984521734335588
1730781063.7103922;/app/bags/user95_2017-02-24.bag;0.834065854549408;0.0;0.9619645476341248;0.0;2.403604411345348;0.40154782656644117;0.5984521734335588
1730781063.9103618;/app/bags/user95_2017-02-24.bag;0.834065854549408;0.0;0.9619645476341248;0.0;2.403604411345348;0.40154782656644117;0.5984521734335588
1730781064.110399;/app/bags/user95_2017-02-24.bag;0.834065854549408;0.0;0.9619645476341248;0.0;2.403604411345348;0.40154782656644117;0.5984521734335588
1730781064.3103862;/app/bags/user95_2017-02-24.bag;0.834065854549408;0.0;0.9619645476341248;0.0;2.403604411345348;0.40154782656644117;0.5984521734335588
1730781064.5103803;/app/bags/user95_2017-02-24.bag;0.834065854549408;0.0;0.9619645476341248;0.0;2.403604411345348;0.40154782656644117;0.5984521734335588
1730781064.7104497;/app/bags/user95_2017-02-24.bag;0.834065854549408;0.0;0.9619645476341248;0.0;2.403604411345348;0.40154782656644117;0.5984521734335588
1730781064.910373;/app/bags/user95_2017-02-24.bag;0.834065854549408;0.0;0.9619645476341248;0.0;2.403604411345348;0.40154782656644117;0.5984521734335588
1730781065.1103961;/app/bags/user95_2017-02-24.bag;0.834065854549408;0.0;0.9619645476341248;0.0;2.403604411345348;0.40154782656644117;0.5984521734335588
1730781065.3103857;/app/bags/user95_2017-02-24.bag;0.834065854549408;0.0;0.9619645476341248;0.0;2.403604411345348;0.40154782656644117;0.5984521734335588
1730781065.5103893;/app/bags/user95_2017-02-24.bag;0.834065854549408;0.0;0.9619645476341248;0.0;2.403604411345348;0.40154782656644117;0.5984521734335588
1730781065.710493;/app/bags/user95_2017-02-24.bag;0.834065854549408;0.0;0.9619645476341248;0.0;2.403604411345348;0.40154782656644117;0.5984521734335588
1730781065.9103842;/app/bags/user95_2017-02-24.bag;0.834065854549408;0.0;0.9619645476341248;0.0;2.403604411345348;0.40154782656644117;0.5984521734335588
1730781066.1104078;/app/bags/user95_2017-02-24.bag;0.834065854549408;0.0;0.9619645476341248;0.0;2.403604411345348;0.40154782656644117;0.5984521734335588
1730781066.3104637;/app/bags/user95_2017-02-24.bag;0.834065854549408;0.0;0.9619645476341248;0.0;2.403604411345348;0.40154782656644117;0.5984521734335588
1730781066.5103827;/app/bags/user95_2017-02-24.bag;0.834065854549408;0.0;0.9619645476341248;0.0;2.403604411345348;0.40154782656644117;0.5984521734335588
1730781066.7103665;/app/bags/user95_2017-02-24.bag;0.834065854549408;0.0;0.9619645476341248;0.0;2.403604411345348;0.40154782656644117;0.5984521734335588
1730781066.9103744;/app/bags/user95_2017-02-24.bag;0.834065854549408;0.0;0.9619645476341248;0.0;2.403604411345348;0.40154782656644117;0.5984521734335588
1730781067.110379;/app/bags/user95_2017-02-24.bag;0.834065854549408;0.0;0.9619645476341248;0.0;2.403604411345348;0.40154782656644117;0.5984521734335588
1730781067.310406;/app/bags/user95_2017-02-24.bag;0.834065854549408;0.0;0.9619645476341248;0.0;2.403604411345348;0.40154782656644117;0.5984521734335588
1730781067.510437;/app/bags/user95_2017-02-24.bag;0.834065854549408;0.0;0.9619645476341248;0.0;2.403604411345348;0.40154782656644117;0.5984521734335588
1730781067.7103996;/app/bags/user95_2017-02-24.bag;0.834065854549408;0.0;0.9619645476341248;0.0;2.403604411345348;0.40154782656644117;0.5984521734335588
1730781067.9104009;/app/bags/user95_2017-02-24.bag;0.834065854549408;0.0;0.9619645476341248;0.0;2.403604411345348;0.40154782656644117;0.5984521734335588
1730781068.1104274;/app/bags/user95_2017-02-24.bag;0.834065854549408;0.0;0.9619645476341248;0.0;2.403604411345348;0.40154782656644117;0.5984521734335588
1730781068.3103642;/app/bags/user95_2017-02-24.bag;0.834065854549408;0.0;0.9619645476341248;0.0;2.403604411345348;0.40154782656644117;0.5984521734335588
1730781068.5104077;/app/bags/user95_2017-02-24.bag;0.834065854549408;0.0;0.9619645476341248;0.0;2.403604411345348;0.40154782656644117;0.5984521734335588
1730781068.7104433;/app/bags/user95_2017-02-24.bag;0.834065854549408;0.0;0.9619645476341248;0.0;2.403604411345348;0.40154782656644117;0.5984521734335588
1730781068.9103487;/app/bags/user95_2017-02-24.bag;0.834065854549408;0.0;0.9619645476341248;0.0;2.403604411345348;0.40154782656644117;0.5984521734335588
1730781069.1103745;/app/bags/user95_2017-02-24.bag;0.834065854549408;0.0;0.9619645476341248;0.0;2.403604411345348;0.40154782656644117;0.5984521734335588
1730781069.310385;/app/bags/user95_2017-02-24.bag;0.834065854549408;0.0;0.9619645476341248;0.0;2.403604411345348;0.40154782656644117;0.5984521734335588
1730781069.5103667;/app/bags/user95_2017-02-24.bag;0.834065854549408;0.0;0.9619645476341248;0.0;2.403604411345348;0.40154782656644117;0.5984521734335588
1730781069.7103727;/app/bags/user95_2017-02-24.bag;0.834065854549408;0.0;0.9619645476341248;0.0;2.403604411345348;0.40154782656644117;0.5984521734335588
1730781069.9105062;/app/bags/user95_2017-02-24.bag;0.834065854549408;0.0;0.9619645476341248;0.0;2.403604411345348;0.40154782656644117;0.5984521734335588
1730781070.1104248;/app/bags/user95_2017-02-24.bag;0.834065854549408;0.0;0.9619645476341248;0.0;2.403604411345348;0.40154782656644117;0.5984521734335588
1730781070.3103864;/app/bags/user95_2017-02-24.bag;0.834065854549408;0.0;0.9619645476341248;0.0;2.403604411345348;0.40154782656644117;0.5984521734335588
1730781070.5104008;/app/bags/user95_2017-02-24.bag;0.834065854549408;0.0;0.9619645476341248;0.0;2.403604411345348;0.40154782656644117;0.5984521734335588
1730781070.7102685;/app/bags/user95_2017-02-24.bag;0.834065854549408;0.0;0.9619645476341248;0.0;2.403604411345348;0.40154782656644117;0.5984521734335588
1730781070.9103963;/app/bags/user95_2017-02-24.bag;0.834065854549408;0.0;0.9619645476341248;0.0;2.403604411345348;0.40154782656644117;0.5984521734335588
1730781071.1104107;/app/bags/user95_2017-02-24.bag;0.834065854549408;0.0;0.9619645476341248;0.0;2.403604411345348;0.40154782656644117;0.5984521734335588
1730781071.3104446;/app/bags/user95_2017-02-24.bag;0.834065854549408;0.0;0.9619645476341248;0.0;2.403604411345348;0.40154782656644117;0.5984521734335588
1730781071.510391;/app/bags/user95_2017-02-24.bag;0.834065854549408;0.0;0.9619645476341248;0.0;2.403604411345348;0.40154782656644117;0.5984521734335588
1730781071.710519;/app/bags/user95_2017-02-24.bag;0.834065854549408;0.0;0.9619645476341248;0.0;2.403604411345348;0.40154782656644117;0.5984521734335588
1730781071.91037;/app/bags/user95_2017-02-24.bag;0.834065854549408;0.0;0.9619645476341248;0.0;2.403604411345348;0.40154782656644117;0.5984521734335588
1730781072.1103916;/app/bags/user95_2017-02-24.bag;0.834065854549408;0.0;0.9619645476341248;0.0;2.403604411345348;0.40154782656644117;0.5984521734335588
1730781072.3104367;/app/bags/user95_2017-02-24.bag;0.834065854549408;0.0;0.9619645476341248;0.0;2.403604411345348;0.40154782656644117;0.5984521734335588
1730781072.5103927;/app/bags/user95_2017-02-24.bag;0.834065854549408;0.0;0.9619645476341248;0.0;2.403604411345348;0.40154782656644117;0.5984521734335588
1730781072.710353;/app/bags/user95_2017-02-24.bag;0.834065854549408;0.0;0.9619645476341248;0.0;2.403604411345348;0.40154782656644117;0.5984521734335588
1730781072.9103792;/app/bags/user95_2017-02-24.bag;0.834065854549408;0.0;0.9619645476341248;0.0;2.403604411345348;0.40154782656644117;0.5984521734335588
1730781073.1104524;/app/bags/user95_2017-02-24.bag;0.834065854549408;0.0;0.9619645476341248;0.0;2.403604411345348;0.40154782656644117;0.5984521734335588
1730781073.3103309;/app/bags/user95_2017-02-24.bag;0.834065854549408;0.0;0.9619645476341248;0.0;2.403604411345348;0.40154782656644117;0.5984521734335588
1730781073.5104244;/app/bags/user95_2017-02-24.bag;0.834065854549408;0.0;0.9619645476341248;0.0;2.403604411345348;0.40154782656644117;0.5984521734335588
1730781073.7104197;/app/bags/user95_2017-02-24.bag;0.834065854549408;0.0;0.9619645476341248;0.0;2.403604411345348;0.40154782656644117;0.5984521734335588
1730781073.9103527;/app/bags/user95_2017-02-24.bag;0.834065854549408;0.0;0.9619645476341248;0.0;2.403604411345348;0.40154782656644117;0.5984521734335588
1730781074.1103902;/app/bags/user95_2017-02-24.bag;0.834065854549408;0.0;0.9619645476341248;0.0;2.403604411345348;0.40154782656644117;0.5984521734335588
1730781074.3103755;/app/bags/user95_2017-02-24.bag;0.834065854549408;0.0;0.9619645476341248;0.0;2.403604411345348;0.40154782656644117;0.5984521734335588
1730781074.5103974;/app/bags/user95_2017-02-24.bag;0.834065854549408;0.0;0.9619645476341248;0.0;2.403604411345348;0.40154782656644117;0.5984521734335588
1730781074.710387;/app/bags/user95_2017-02-24.bag;0.834065854549408;0.0;0.9619645476341248;0.0;2.403604411345348;0.40154782656644117;0.5984521734335588
1730781074.9103868;/app/bags/user95_2017-02-24.bag;0.834065854549408;0.0;0.9619645476341248;0.0;2.403604411345348;0.40154782656644117;0.5984521734335588
1730781075.1103773;/app/bags/user95_2017-02-24.bag;0.834065854549408;0.0;0.9619645476341248;0.0;2.403604411345348;0.40154782656644117;0.5984521734335588
1730781075.3104248;/app/bags/user95_2017-02-24.bag;0.834065854549408;0.0;0.9619645476341248;0.0;2.403604411345348;0.40154782656644117;0.5984521734335588
1730781075.5103667;/app/bags/user95_2017-02-24.bag;0.834065854549408;0.0;0.9619645476341248;0.0;2.403604411345348;0.40154782656644117;0.5984521734335588
1730781075.7104335;/app/bags/user95_2017-02-24.bag;0.834065854549408;0.0;0.9619645476341248;0.0;2.403604411345348;0.40154782656644117;0.5984521734335588
1730781075.9103875;/app/bags/user95_2017-02-24.bag;0.834065854549408;0.0;0.9619645476341248;0.0;2.403604411345348;0.40154782656644117;0.5984521734335588
1730781076.11039;/app/bags/user95_2017-02-24.bag;0.834065854549408;0.0;0.9619645476341248;0.0;2.403604411345348;0.40154782656644117;0.5984521734335588
1730781076.3104167;/app/bags/user95_2017-02-24.bag;0.834065854549408;0.0;0.9619645476341248;0.0;2.403604411345348;0.40154782656644117;0.5984521734335588
1730781076.510388;/app/bags/user95_2017-02-24.bag;0.834065854549408;0.0;0.9619645476341248;0.0;2.403604411345348;0.40154782656644117;0.5984521734335588
1730781076.7103798;/app/bags/user95_2017-02-24.bag;0.834065854549408;0.0;0.9619645476341248;0.0;2.403604411345348;0.40154782656644117;0.5984521734335588
1730781076.9103708;/app/bags/user95_2017-02-24.bag;0.834065854549408;0.0;0.9619645476341248;0.0;2.403604411345348;0.40154782656644117;0.5984521734335588
1730781077.1103961;/app/bags/user95_2017-02-24.bag;0.834065854549408;0.0;0.9619645476341248;0.0;2.403604411345348;0.40154782656644117;0.5984521734335588
1730781077.3103778;/app/bags/user95_2017-02-24.bag;0.834065854549408;0.0;0.9619645476341248;0.0;2.403604411345348;0.40154782656644117;0.5984521734335588
1730781077.5103364;/app/bags/user95_2017-02-24.bag;0.834065854549408;0.0;0.9619645476341248;0.0;2.403604411345348;0.40154782656644117;0.5984521734335588
1730781077.710444;/app/bags/user95_2017-02-24.bag;0.834065854549408;0.0;0.9619645476341248;0.0;2.403604411345348;0.40154782656644117;0.5984521734335588
1730781077.9103925;/app/bags/user95_2017-02-24.bag;0.834065854549408;0.0;0.9619645476341248;0.0;2.403604411345348;0.40154782656644117;0.5984521734335588
1730781078.1104069;/app/bags/user95_2017-02-24.bag;0.834065854549408;0.0;0.9619645476341248;0.0;2.403604411345348;0.40154782656644117;0.5984521734335588
1730781078.3103752;/app/bags/user95_2017-02-24.bag;0.834065854549408;0.0;0.9619645476341248;0.0;2.403604411345348;0.40154782656644117;0.5984521734335588
1730781078.51038;/app/bags/user95_2017-02-24.bag;0.834065854549408;0.0;0.9619645476341248;0.0;2.403604411345348;0.40154782656644117;0.5984521734335588
1730781078.7104053;/app/bags/user95_2017-02-24.bag;0.834065854549408;0.0;0.9619645476341248;0.0;2.403604411345348;0.40154782656644117;0.5984521734335588
1730781078.9104302;/app/bags/user95_2017-02-24.bag;0.834065854549408;0.0;0.9619645476341248;0.0;2.403604411345348;0.40154782656644117;0.5984521734335588
1730781079.110409;/app/bags/user95_2017-02-24.bag;0.834065854549408;0.0;0.9619645476341248;0.0;2.403604411345348;0.40154782656644117;0.5984521734335588
1730781079.3104038;/app/bags/user95_2017-02-24.bag;0.834065854549408;0.0;0.9619645476341248;0.0;2.403604411345348;0.40154782656644117;0.5984521734335588
1730781079.510388;/app/bags/user95_2017-02-24.bag;0.834065854549408;0.0;0.9619645476341248;0.0;2.403604411345348;0.40154782656644117;0.5984521734335588
1730781079.710377;/app/bags/user95_2017-02-24.bag;0.834065854549408;0.0;0.9619645476341248;0.0;2.403604411345348;0.40154782656644117;0.5984521734335588
1730781079.9104118;/app/bags/user95_2017-02-24.bag;0.834065854549408;0.0;0.9619645476341248;0.0;2.403604411345348;0.40154782656644117;0.5984521734335588
1730781080.1104133;/app/bags/user95_2017-02-24.bag;0.834065854549408;0.0;0.9619645476341248;0.0;2.403604411345348;0.40154782656644117;0.5984521734335588
1730781080.310405;/app/bags/user95_2017-02-24.bag;0.834065854549408;0.0;0.9619645476341248;0.0;2.403604411345348;0.40154782656644117;0.5984521734335588
1730781080.510375;/app/bags/user95_2017-02-24.bag;0.834065854549408;0.0;0.9619645476341248;0.0;2.403604411345348;0.40154782656644117;0.5984521734335588
1730781080.7103875;/app/bags/user95_2017-02-24.bag;0.834065854549408;0.0;0.9619645476341248;0.0;2.403604411345348;0.40154782656644117;0.5984521734335588
1730781080.9104424;/app/bags/user95_2017-02-24.bag;0.834065854549408;0.0;0.9619645476341248;0.0;2.403604411345348;0.40154782656644117;0.5984521734335588
1730781081.1104288;/app/bags/user95_2017-02-24.bag;0.834065854549408;0.0;0.9619645476341248;0.0;2.403604411345348;0.40154782656644117;0.5984521734335588
1730781081.310474;/app/bags/user95_2017-02-24.bag;0.834065854549408;0.0;0.9619645476341248;0.0;2.403604411345348;0.40154782656644117;0.5984521734335588
1730781081.5103743;/app/bags/user95_2017-02-24.bag;0.834065854549408;0.0;0.9619645476341248;0.0;2.403604411345348;0.40154782656644117;0.5984521734335588
1730781081.7103982;/app/bags/user95_2017-02-24.bag;0.834065854549408;0.0;0.9619645476341248;0.0;2.403604411345348;0.40154782656644117;0.5984521734335588
1730781081.910401;/app/bags/user95_2017-02-24.bag;0.834065854549408;0.0;0.9619645476341248;0.0;2.403604411345348;0.40154782656644117;0.5984521734335588
1730781082.1103718;/app/bags/user95_2017-02-24.bag;0.834065854549408;0.0;0.9619645476341248;0.0;2.403604411345348;0.40154782656644117;0.5984521734335588
1730781082.3104093;/app/bags/user95_2017-02-24.bag;0.834065854549408;0.0;0.9619645476341248;0.0;2.403604411345348;0.40154782656644117;0.5984521734335588
1730781082.5103567;/app/bags/user95_2017-02-24.bag;0.834065854549408;0.0;0.9619645476341248;0.0;2.403604411345348;0.40154782656644117;0.5984521734335588
1730781082.7103794;/app/bags/user95_2017-02-24.bag;0.834065854549408;0.0;0.9619645476341248;0.0;2.403604411345348;0.40154782656644117;0.5984521734335588
1730781082.9103994;/app/bags/user95_2017-02-24.bag;0.834065854549408;0.0;0.9619645476341248;0.0;2.403604411345348;0.40154782656644117;0.5984521734335588
1730781083.110381;/app/bags/user95_2017-02-24.bag;0.834065854549408;0.0;0.9619645476341248;0.0;2.403604411345348;0.40154782656644117;0.5984521734335588
1730781083.310401;/app/bags/user95_2017-02-24.bag;0.834065854549408;0.0;0.9619645476341248;0.0;2.403604411345348;0.40154782656644117;0.5984521734335588
1730781083.510391;/app/bags/user95_2017-02-24.bag;0.834065854549408;0.0;0.9619645476341248;0.0;2.403604411345348;0.40154782656644117;0.5984521734335588
1730781083.7103703;/app/bags/user95_2017-02-24.bag;0.834065854549408;0.0;0.9619645476341248;0.0;2.403604411345348;0.40154782656644117;0.5984521734335588
1730781083.9103892;/app/bags/user95_2017-02-24.bag;0.834065854549408;0.0;0.9619645476341248;0.0;2.403604411345348;0.40154782656644117;0.5984521734335588
1730781084.1104589;/app/bags/user95_2017-02-24.bag;0.834065854549408;0.0;0.9619645476341248;0.0;2.403604411345348;0.40154782656644117;0.5984521734335588
1730781084.310338;/app/bags/user95_2017-02-24.bag;0.834065854549408;0.0;0.9619645476341248;0.0;2.403604411345348;0.40154782656644117;0.5984521734335588
1730781084.510343;/app/bags/user95_2017-02-24.bag;0.834065854549408;0.0;0.9619645476341248;0.0;2.403604411345348;0.40154782656644117;0.5984521734335588
1730781084.7103937;/app/bags/user95_2017-02-24.bag;0.834065854549408;0.0;0.9619645476341248;0.0;2.403604411345348;0.40154782656644117;0.5984521734335588
1730781084.9104087;/app/bags/user95_2017-02-24.bag;0.834065854549408;0.0;0.9619645476341248;0.0;2.403604411345348;0.40154782656644117;0.5984521734335588
1730781085.1103673;/app/bags/user95_2017-02-24.bag;0.834065854549408;0.0;0.9619645476341248;0.0;2.403604411345348;0.40154782656644117;0.5984521734335588
1730781085.3104155;/app/bags/user95_2017-02-24.bag;0.834065854549408;0.0;0.9619645476341248;0.0;2.403604411345348;0.40154782656644117;0.5984521734335588
1730781085.510435;/app/bags/user95_2017-02-24.bag;0.834065854549408;0.0;0.9619645476341248;0.0;2.403604411345348;0.40154782656644117;0.5984521734335588
1730781085.710369;/app/bags/user95_2017-02-24.bag;0.834065854549408;0.0;0.9619645476341248;0.0;2.403604411345348;0.40154782656644117;0.5984521734335588
1730781085.9104276;/app/bags/user95_2017-02-24.bag;0.834065854549408;0.0;0.9619645476341248;0.0;2.403604411345348;0.40154782656644117;0.5984521734335588
1730781086.1103916;/app/bags/user95_2017-02-24.bag;0.834065854549408;0.0;0.9619645476341248;0.0;2.403604411345348;0.40154782656644117;0.5984521734335588
1730781086.3103895;/app/bags/user95_2017-02-24.bag;0.834065854549408;0.0;0.9619645476341248;0.0;2.403604411345348;0.40154782656644117;0.5984521734335588
1730781086.510377;/app/bags/user95_2017-02-24.bag;0.834065854549408;0.0;0.9619645476341248;0.0;2.403604411345348;0.40154782656644117;0.5984521734335588
1730781086.7104926;/app/bags/user95_2017-02-24.bag;0.834065854549408;0.0;0.9619645476341248;0.0;2.403604411345348;0.40154782656644117;0.5984521734335588
1730781086.9103816;/app/bags/user95_2017-02-24.bag;0.834065854549408;0.0;0.9619645476341248;0.0;2.403604411345348;0.40154782656644117;0.5984521734335588
1730781087.110399;/app/bags/user95_2017-02-24.bag;0.834065854549408;0.0;0.9619645476341248;0.0;2.403604411345348;0.40154782656644117;0.5984521734335588
1730781087.3104427;/app/bags/user95_2017-02-24.bag;0.834065854549408;0.0;0.9619645476341248;0.0;2.403604411345348;0.40154782656644117;0.5984521734335588
1730781087.5104003;/app/bags/user95_2017-02-24.bag;0.834065854549408;0.0;0.9619645476341248;0.0;2.403604411345348;0.40154782656644117;0.5984521734335588
1730781087.7103763;/app/bags/user95_2017-02-24.bag;0.834065854549408;0.0;0.9619645476341248;0.0;2.403604411345348;0.40154782656644117;0.5984521734335588
1730781087.9103851;/app/bags/user95_2017-02-24.bag;0.834065854549408;0.0;0.9619645476341248;0.0;2.403604411345348;0.40154782656644117;0.5984521734335588
1730781088.1103973;/app/bags/user95_2017-02-24.bag;0.834065854549408;0.0;0.9619645476341248;0.0;2.403604411345348;0.40154782656644117;0.5984521734335588
1730781088.3103724;/app/bags/user95_2017-02-24.bag;0.834065854549408;0.0;0.9619645476341248;0.0;2.403604411345348;0.40154782656644117;0.5984521734335588
1730781088.5104353;/app/bags/user95_2017-02-24.bag;0.834065854549408;0.0;0.9619645476341248;0.0;2.403604411345348;0.40154782656644117;0.5984521734335588
1730781088.7103875;/app/bags/user95_2017-02-24.bag;0.834065854549408;0.0;0.9619645476341248;0.0;2.403604411345348;0.40154782656644117;0.5984521734335588
1730781088.9103863;/app/bags/user95_2017-02-24.bag;0.834065854549408;0.0;0.9619645476341248;0.0;2.403604411345348;0.40154782656644117;0.5984521734335588
1730781089.1104317;/app/bags/user95_2017-02-24.bag;0.834065854549408;0.0;0.9619645476341248;0.0;2.403604411345348;0.40154782656644117;0.5984521734335588
1730781089.3103762;/app/bags/user95_2017-02-24.bag;0.834065854549408;0.0;0.9619645476341248;0.0;2.403604411345348;0.40154782656644117;0.5984521734335588
1730781089.5104444;/app/bags/user95_2017-02-24.bag;0.834065854549408;0.0;0.9619645476341248;0.0;2.403604411345348;0.40154782656644117;0.5984521734335588
1730781089.7105474;/app/bags/user95_2017-02-24.bag;0.834065854549408;0.0;0.9619645476341248;0.0;2.403604411345348;0.40154782656644117;0.5984521734335588
1730781089.9103801;/app/bags/user95_2017-02-24.bag;0.834065854549408;0.0;0.9619645476341248;0.0;2.403604411345348;0.40154782656644117;0.5984521734335588
1730781090.1103754;/app/bags/user95_2017-02-24.bag;0.834065854549408;0.0;0.9619645476341248;0.0;2.403604411345348;0.40154782656644117;0.5984521734335588
1730781090.3104475;/app/bags/user95_2017-02-24.bag;0.834065854549408;0.0;0.9619645476341248;0.0;2.403604411345348;0.40154782656644117;0.5984521734335588
1730781090.5103745;/app/bags/user95_2017-02-24.bag;0.834065854549408;0.0;0.9619645476341248;0.0;2.403604411345348;0.40154782656644117;0.5984521734335588
1730781090.7104452;/app/bags/user95_2017-02-24.bag;0.834065854549408;0.0;0.9619645476341248;0.0;2.403604411345348;0.40154782656644117;0.5984521734335588
1730781090.9103303;/app/bags/user95_2017-02-24.bag;0.834065854549408;0.0;0.9619645476341248;0.0;2.403604411345348;0.40154782656644117;0.5984521734335588
1730781091.1103728;/app/bags/user95_2017-02-24.bag;0.834065854549408;0.0;0.9619645476341248;0.0;2.403604411345348;0.40154782656644117;0.5984521734335588
1730781091.310465;/app/bags/user95_2017-02-24.bag;0.834065854549408;0.0;0.9619645476341248;0.0;2.403604411345348;0.40154782656644117;0.5984521734335588
1730781091.5103638;/app/bags/user95_2017-02-24.bag;0.834065854549408;0.0;0.9619645476341248;0.0;2.403604411345348;0.40154782656644117;0.5984521734335588
1730781091.710364;/app/bags/user95_2017-02-24.bag;0.834065854549408;0.0;0.9619645476341248;0.0;2.403604411345348;0.40154782656644117;0.5984521734335588
1730781091.910367;/app/bags/user95_2017-02-24.bag;0.834065854549408;0.0;0.9619645476341248;0.0;2.403604411345348;0.40154782656644117;0.5984521734335588
1730781092.1103723;/app/bags/user95_2017-02-24.bag;0.834065854549408;0.0;0.9619645476341248;0.0;2.403604411345348;0.40154782656644117;0.5984521734335588
1730781092.3104074;/app/bags/user95_2017-02-24.bag;0.834065854549408;0.0;0.9619645476341248;0.0;2.403604411345348;0.40154782656644117;0.5984521734335588
1730781092.510362;/app/bags/user95_2017-02-24.bag;0.834065854549408;0.0;0.9619645476341248;0.0;2.403604411345348;0.40154782656644117;0.5984521734335588
1730781092.710374;/app/bags/user95_2017-02-24.bag;0.834065854549408;0.0;0.9619645476341248;0.0;2.403604411345348;0.40154782656644117;0.5984521734335588
1730781092.9103858;/app/bags/user95_2017-02-24.bag;0.834065854549408;0.0;0.9619645476341248;0.0;2.403604411345348;0.40154782656644117;0.5984521734335588
1730781093.1103776;/app/bags/user95_2017-02-24.bag;0.834065854549408;0.0;0.9619645476341248;0.0;2.403604411345348;0.40154782656644117;0.5984521734335588
1730781093.3104002;/app/bags/user95_2017-02-24.bag;0.834065854549408;0.0;0.9619645476341248;0.0;2.403604411345348;0.40154782656644117;0.5984521734335588
1730781093.510343;/app/bags/user95_2017-02-24.bag;0.834065854549408;0.0;0.9619645476341248;0.0;2.403604411345348;0.40154782656644117;0.5984521734335588
1730781093.7103674;/app/bags/user95_2017-02-24.bag;0.834065854549408;0.0;0.9619645476341248;0.0;2.403604411345348;0.40154782656644117;0.5984521734335588
1730781093.9104111;/app/bags/user95_2017-02-24.bag;0.834065854549408;0.0;0.9619645476341248;0.0;2.403604411345348;0.40154782656644117;0.5984521734335588
1730781094.1103709;/app/bags/user95_2017-02-24.bag;0.834065854549408;0.0;0.9619645476341248;0.0;2.403604411345348;0.40154782656644117;0.5984521734335588
1730781094.3103936;/app/bags/user95_2017-02-24.bag;0.834065854549408;0.0;0.9619645476341248;0.0;2.403604411345348;0.40154782656644117;0.5984521734335588
1730781094.5104592;/app/bags/user95_2017-02-24.bag;0.834065854549408;0.0;0.9619645476341248;0.0;2.403604411345348;0.40154782656644117;0.5984521734335588
1730781094.7103515;/app/bags/user95_2017-02-24.bag;0.834065854549408;0.0;0.9619645476341248;0.0;2.403604411345348;0.40154782656644117;0.5984521734335588
1730781094.9103792;/app/bags/user95_2017-02-24.bag;0.834065854549408;0.0;0.9619645476341248;0.0;2.403604411345348;0.40154782656644117;0.5984521734335588
1730781095.1104321;/app/bags/user95_2017-02-24.bag;0.834065854549408;0.0;0.9619645476341248;0.0;2.403604411345348;0.40154782656644117;0.5984521734335588
1730781095.3104045;/app/bags/user95_2017-02-24.bag;0.834065854549408;0.0;0.9619645476341248;0.0;2.403604411345348;0.40154782656644117;0.5984521734335588
1730781095.5103636;/app/bags/user95_2017-02-24.bag;0.834065854549408;0.0;0.9619645476341248;0.0;2.403604411345348;0.40154782656644117;0.5984521734335588
1730781095.7103844;/app/bags/user95_2017-02-24.bag;0.834065854549408;0.0;0.9619645476341248;0.0;2.403604411345348;0.40154782656644117;0.5984521734335588
1730781095.9104052;/app/bags/user95_2017-02-24.bag;0.834065854549408;0.0;0.9619645476341248;0.0;2.403604411345348;0.40154782656644117;0.5984521734335588
1730781096.1103997;/app/bags/user95_2017-02-24.bag;0.834065854549408;0.0;0.9619645476341248;0.0;2.403604411345348;0.40154782656644117;0.5984521734335588
1730781096.3104;/app/bags/user95_2017-02-24.bag;0.834065854549408;0.0;0.9619645476341248;0.0;2.403604411345348;0.40154782656644117;0.5984521734335588
1730781096.510422;/app/bags/user95_2017-02-24.bag;0.834065854549408;0.0;0.9619645476341248;0.0;2.403604411345348;0.40154782656644117;0.5984521734335588
1730781096.7103698;/app/bags/user95_2017-02-24.bag;0.834065854549408;0.0;0.9619645476341248;0.0;2.403604411345348;0.40154782656644117;0.5984521734335588
1730781096.9103858;/app/bags/user95_2017-02-24.bag;0.834065854549408;0.0;0.9619645476341248;0.0;2.403604411345348;0.40154782656644117;0.5984521734335588
1730781097.1104352;/app/bags/user95_2017-02-24.bag;0.834065854549408;0.0;0.9619645476341248;0.0;2.403604411345348;0.40154782656644117;0.5984521734335588
1730781097.310408;/app/bags/user95_2017-02-24.bag;0.834065854549408;0.0;0.9619645476341248;0.0;2.403604411345348;0.40154782656644117;0.5984521734335588
1730781097.5104067;/app/bags/user95_2017-02-24.bag;0.834065854549408;0.0;0.9619645476341248;0.0;2.403604411345348;0.40154782656644117;0.5984521734335588
1730781097.710373;/app/bags/user95_2017-02-24.bag;0.834065854549408;0.0;0.9619645476341248;0.0;2.403604411345348;0.40154782656644117;0.5984521734335588
1730781097.9104147;/app/bags/user95_2017-02-24.bag;0.834065854549408;0.0;0.9619645476341248;0.0;2.403604411345348;0.40154782656644117;0.5984521734335588
1730781098.1103835;/app/bags/user95_2017-02-24.bag;0.834065854549408;0.0;0.9619645476341248;0.0;2.403604411345348;0.40154782656644117;0.5984521734335588
1730781098.3104231;/app/bags/user95_2017-02-24.bag;0.834065854549408;0.0;0.9619645476341248;0.0;2.403604411345348;0.40154782656644117;0.5984521734335588
1730781098.5103827;/app/bags/user95_2017-02-24.bag;0.834065854549408;0.0;0.9619645476341248;0.0;2.403604411345348;0.40154782656644117;0.5984521734335588
1730781098.7104337;/app/bags/user95_2017-02-24.bag;0.834065854549408;0.0;0.9619645476341248;0.0;2.403604411345348;0.40154782656644117;0.5984521734335588
1730781098.910384;/app/bags/user95_2017-02-24.bag;0.834065854549408;0.0;0.9619645476341248;0.0;2.403604411345348;0.40154782656644117;0.5984521734335588
1730781099.11038;/app/bags/user95_2017-02-24.bag;0.834065854549408;0.0;0.9619645476341248;0.0;2.403604411345348;0.40154782656644117;0.5984521734335588
1730781099.310423;/app/bags/user95_2017-02-24.bag;0.834065854549408;0.0;0.9619645476341248;0.0;2.403604411345348;0.40154782656644117;0.5984521734335588
1730781099.51039;/app/bags/user95_2017-02-24.bag;0.834065854549408;0.0;0.9619645476341248;0.0;2.403604411345348;0.40154782656644117;0.5984521734335588
1730781099.7103941;/app/bags/user95_2017-02-24.bag;0.834065854549408;0.0;0.9619645476341248;0.0;2.403604411345348;0.40154782656644117;0.5984521734335588
1730781099.9103613;/app/bags/user95_2017-02-24.bag;0.834065854549408;0.0;0.9619645476341248;0.0;2.403604411345348;0.40154782656644117;0.5984521734335588
1730781100.1104379;/app/bags/user95_2017-02-24.bag;0.834065854549408;0.0;0.9619645476341248;0.0;2.403604411345348;0.40154782656644117;0.5984521734335588
1730781100.3103743;/app/bags/user95_2017-02-24.bag;0.834065854549408;0.0;0.9619645476341248;0.0;2.403604411345348;0.40154782656644117;0.5984521734335588
1730781100.5103908;/app/bags/user95_2017-02-24.bag;0.834065854549408;0.0;0.9619645476341248;0.0;2.403604411345348;0.40154782656644117;0.5984521734335588
1730781100.7104325;/app/bags/user95_2017-02-24.bag;0.834065854549408;0.0;0.9619645476341248;0.0;2.403604411345348;0.40154782656644117;0.5984521734335588
1730781100.9103549;/app/bags/user95_2017-02-24.bag;0.834065854549408;0.0;0.9619645476341248;0.0;2.403604411345348;0.40154782656644117;0.5984521734335588
1730781101.1104577;/app/bags/user95_2017-02-24.bag;0.834065854549408;0.0;0.9619645476341248;0.0;2.403604411345348;0.40154782656644117;0.5984521734335588
1730781101.3103712;/app/bags/user95_2017-02-24.bag;0.834065854549408;0.0;0.9619645476341248;0.0;2.403604411345348;0.40154782656644117;0.5984521734335588
1730781101.5103896;/app/bags/user95_2017-02-24.bag;0.834065854549408;0.0;0.9619645476341248;0.0;2.403604411345348;0.40154782656644117;0.5984521734335588
1730781101.7103841;/app/bags/user95_2017-02-24.bag;0.834065854549408;0.0;0.9619645476341248;0.0;2.403604411345348;0.40154782656644117;0.5984521734335588
1730781101.9104211;/app/bags/user95_2017-02-24.bag;0.834065854549408;0.0;0.9619645476341248;0.0;2.403604411345348;0.40154782656644117;0.5984521734335588
1730781102.1104348;/app/bags/user95_2017-02-24.bag;0.834065854549408;0.0;0.9619645476341248;0.0;2.403604411345348;0.40154782656644117;0.5984521734335588
1730781102.310389;/app/bags/user95_2017-02-24.bag;0.834065854549408;0.0;0.9619645476341248;0.0;2.403604411345348;0.40154782656644117;0.5984521734335588
1730781102.5103624;/app/bags/user95_2017-02-24.bag;0.834065854549408;0.0;0.9619645476341248;0.0;2.403604411345348;0.40154782656644117;0.5984521734335588
1730781102.7103736;/app/bags/user95_2017-02-24.bag;0.834065854549408;0.0;0.9619645476341248;0.0;2.403604411345348;0.40154782656644117;0.5984521734335588
1730781102.9104416;/app/bags/user95_2017-02-24.bag;0.834065854549408;0.0;0.9619645476341248;0.0;2.403604411345348;0.40154782656644117;0.5984521734335588
1730781103.1104362;/app/bags/user95_2017-02-24.bag;0.834065854549408;0.0;0.9619645476341248;0.0;2.403604411345348;0.40154782656644117;0.5984521734335588
1730781103.3103664;/app/bags/user95_2017-02-24.bag;0.834065854549408;0.0;0.9619645476341248;0.0;2.403604411345348;0.40154782656644117;0.5984521734335588
1730781103.5103831;/app/bags/user95_2017-02-24.bag;0.834065854549408;0.0;0.9619645476341248;0.0;2.403604411345348;0.40154782656644117;0.5984521734335588
1730781103.7104723;/app/bags/user95_2017-02-24.bag;0.834065854549408;0.0;0.9619645476341248;0.0;2.403604411345348;0.40154782656644117;0.5984521734335588
1730781103.9103873;/app/bags/user95_2017-02-24.bag;0.834065854549408;0.0;0.9619645476341248;0.0;2.403604411345348;0.40154782656644117;0.5984521734335588
1730781104.1104157;/app/bags/user95_2017-02-24.bag;0.834065854549408;0.0;0.9619645476341248;0.0;2.403604411345348;0.40154782656644117;0.5984521734335588
1730781104.3104832;/app/bags/user95_2017-02-24.bag;0.834065854549408;0.0;0.9619645476341248;0.0;2.403604411345348;0.40154782656644117;0.5984521734335588
1730781104.5103796;/app/bags/user95_2017-02-24.bag;0.834065854549408;0.0;0.9619645476341248;0.0;2.403604411345348;0.40154782656644117;0.5984521734335588
1730781104.710394;/app/bags/user95_2017-02-24.bag;0.834065854549408;0.0;0.9619645476341248;0.0;2.403604411345348;0.40154782656644117;0.5984521734335588
1730781104.9104037;/app/bags/user95_2017-02-24.bag;0.834065854549408;0.0;0.9619645476341248;0.0;2.403604411345348;0.40154782656644117;0.5984521734335588
1730781105.1103866;/app/bags/user95_2017-02-24.bag;0.834065854549408;0.0;0.9619645476341248;0.0;2.403604411345348;0.40154782656644117;0.5984521734335588
1730781105.3104098;/app/bags/user95_2017-02-24.bag;0.834065854549408;0.0;0.9619645476341248;0.0;2.403604411345348;0.40154782656644117;0.5984521734335588
1730781105.5104425;/app/bags/user95_2017-02-24.bag;0.834065854549408;0.0;0.9619645476341248;0.0;2.403604411345348;0.40154782656644117;0.5984521734335588
1730781105.7103658;/app/bags/user95_2017-02-24.bag;0.834065854549408;0.0;0.9619645476341248;0.0;2.403604411345348;0.40154782656644117;0.5984521734335588
1730781105.9103966;/app/bags/user95_2017-02-24.bag;0.834065854549408;0.0;0.9619645476341248;0.0;2.403604411345348;0.40154782656644117;0.5984521734335588
1730781106.110395;/app/bags/user95_2017-02-24.bag;0.834065854549408;0.0;0.9619645476341248;0.0;2.403604411345348;0.40154782656644117;0.5984521734335588
1730781106.3103805;/app/bags/user95_2017-02-24.bag;0.834065854549408;0.0;0.9619645476341248;0.0;2.403604411345348;0.40154782656644117;0.5984521734335588
1730781106.5103908;/app/bags/user95_2017-02-24.bag;0.834065854549408;0.0;0.9619645476341248;0.0;2.403604411345348;0.40154782656644117;0.5984521734335588
1730781106.710361;/app/bags/user95_2017-02-24.bag;0.834065854549408;0.0;0.9619645476341248;0.0;2.403604411345348;0.40154782656644117;0.5984521734335588
1730781106.9104042;/app/bags/user95_2017-02-24.bag;0.834065854549408;0.0;0.9619645476341248;0.0;2.403604411345348;0.40154782656644117;0.5984521734335588
1730781107.1103895;/app/bags/user95_2017-02-24.bag;0.834065854549408;0.0;0.9619645476341248;0.0;2.403604411345348;0.40154782656644117;0.5984521734335588
1730781107.3103683;/app/bags/user95_2017-02-24.bag;0.834065854549408;0.0;0.9619645476341248;0.0;2.403604411345348;0.40154782656644117;0.5984521734335588
1730781107.510429;/app/bags/user95_2017-02-24.bag;0.834065854549408;0.0;0.9619645476341248;0.0;2.403604411345348;0.40154782656644117;0.5984521734335588
1730781107.7103972;/app/bags/user95_2017-02-24.bag;0.834065854549408;0.0;0.9619645476341248;0.0;2.403604411345348;0.40154782656644117;0.5984521734335588
1730781107.910441;/app/bags/user95_2017-02-24.bag;0.834065854549408;0.0;0.9619645476341248;0.0;2.403604411345348;0.40154782656644117;0.5984521734335588
1730781108.110371;/app/bags/user95_2017-02-24.bag;0.834065854549408;0.0;0.9619645476341248;0.0;2.403604411345348;0.40154782656644117;0.5984521734335588
1730781108.3104787;/app/bags/user95_2017-02-24.bag;0.834065854549408;0.0;0.9619645476341248;0.0;2.403604411345348;0.40154782656644117;0.5984521734335588
1730781108.5104144;/app/bags/user95_2017-02-24.bag;0.834065854549408;0.0;0.9619645476341248;0.0;2.403604411345348;0.40154782656644117;0.5984521734335588
1730781108.7103915;/app/bags/user95_2017-02-24.bag;0.834065854549408;0.0;0.9619645476341248;0.0;2.403604411345348;0.40154782656644117;0.5984521734335588
1730781108.9103768;/app/bags/user95_2017-02-24.bag;0.834065854549408;0.0;0.9619645476341248;0.0;2.403604411345348;0.40154782656644117;0.5984521734335588
1730781109.1103985;/app/bags/user95_2017-02-24.bag;0.834065854549408;0.0;0.9619645476341248;0.0;2.403604411345348;0.40154782656644117;0.5984521734335588
1730781109.310448;/app/bags/user95_2017-02-24.bag;0.834065854549408;0.0;0.9619645476341248;0.0;2.403604411345348;0.40154782656644117;0.5984521734335588
1730781109.5104105;/app/bags/user95_2017-02-24.bag;0.834065854549408;0.0;0.9619645476341248;0.0;2.403604411345348;0.40154782656644117;0.5984521734335588
1730781109.7104154;/app/bags/user95_2017-02-24.bag;0.834065854549408;0.0;0.9619645476341248;0.0;2.403604411345348;0.40154782656644117;0.5984521734335588
1730781109.9103837;/app/bags/user95_2017-02-24.bag;0.834065854549408;0.0;0.9619645476341248;0.0;2.403604411345348;0.40154782656644117;0.5984521734335588
1730781110.1103954;/app/bags/user95_2017-02-24.bag;0.834065854549408;0.0;0.9619645476341248;0.0;2.403604411345348;0.40154782656644117;0.5984521734335588
1730781110.3103871;/app/bags/user95_2017-02-24.bag;0.834065854549408;0.0;0.9619645476341248;0.0;2.403604411345348;0.40154782656644117;0.5984521734335588
1730781110.5103843;/app/bags/user95_2017-02-24.bag;0.834065854549408;0.0;0.9619645476341248;0.0;2.403604411345348;0.40154782656644117;0.5984521734335588
1730781110.7103722;/app/bags/user95_2017-02-24.bag;0.834065854549408;0.0;0.9619645476341248;0.0;2.403604411345348;0.40154782656644117;0.5984521734335588
1730781110.9104939;/app/bags/user95_2017-02-24.bag;0.834065854549408;0.0;0.9619645476341248;0.0;2.403604411345348;0.40154782656644117;0.5984521734335588
1730781111.1103883;/app/bags/user95_2017-02-24.bag;0.834065854549408;0.0;0.9619645476341248;0.0;2.403604411345348;0.40154782656644117;0.5984521734335588
1730781111.3103728;/app/bags/user95_2017-02-24.bag;0.834065854549408;0.0;0.9619645476341248;0.0;2.403604411345348;0.40154782656644117;0.5984521734335588
1730781111.5104072;/app/bags/user95_2017-02-24.bag;0.834065854549408;0.0;0.9619645476341248;0.0;2.403604411345348;0.40154782656644117;0.5984521734335588
1730781111.7103696;/app/bags/user95_2017-02-24.bag;0.834065854549408;0.0;0.9619645476341248;0.0;2.403604411345348;0.40154782656644117;0.5984521734335588
1730781111.910412;/app/bags/user95_2017-02-24.bag;0.834065854549408;0.0;0.9619645476341248;0.0;2.403604411345348;0.40154782656644117;0.5984521734335588
1730781112.1103961;/app/bags/user95_2017-02-24.bag;0.834065854549408;0.0;0.9619645476341248;0.0;2.403604411345348;0.40154782656644117;0.5984521734335588
1730781112.3103614;/app/bags/user95_2017-02-24.bag;0.834065854549408;0.0;0.9619645476341248;0.0;2.403604411345348;0.40154782656644117;0.5984521734335588
1730781112.5103652;/app/bags/user95_2017-02-24.bag;0.834065854549408;0.0;0.9619645476341248;0.0;2.403604411345348;0.40154782656644117;0.5984521734335588
1730781112.7104568;/app/bags/user95_2017-02-24.bag;0.834065854549408;0.0;0.9619645476341248;0.0;2.403604411345348;0.40154782656644117;0.5984521734335588
1730781112.9104939;/app/bags/user95_2017-02-24.bag;0.834065854549408;0.0;0.9619645476341248;0.0;2.403604411345348;0.40154782656644117;0.5984521734335588
1730781113.1103933;/app/bags/user95_2017-02-24.bag;0.834065854549408;0.0;0.9619645476341248;0.0;2.403604411345348;0.40154782656644117;0.5984521734335588
1730781113.3104131;/app/bags/user95_2017-02-24.bag;0.834065854549408;0.0;0.9619645476341248;0.0;2.403604411345348;0.40154782656644117;0.5984521734335588
1730781113.510401;/app/bags/user95_2017-02-24.bag;0.834065854549408;0.0;0.9619645476341248;0.0;2.403604411345348;0.40154782656644117;0.5984521734335588
1730781113.710354;/app/bags/user95_2017-02-24.bag;0.834065854549408;0.0;0.9619645476341248;0.0;2.403604411345348;0.40154782656644117;0.5984521734335588
1730781113.9103396;/app/bags/user95_2017-02-24.bag;0.834065854549408;0.0;0.9619645476341248;0.0;2.403604411345348;0.40154782656644117;0.5984521734335588
1730781114.1105332;/app/bags/user95_2017-02-24.bag;0.834065854549408;0.0;0.9619645476341248;0.0;2.403604411345348;0.40154782656644117;0.5984521734335588
1730781114.3103564;/app/bags/user95_2017-02-24.bag;0.834065854549408;0.0;0.9619645476341248;0.0;2.403604411345348;0.40154782656644117;0.5984521734335588
1730781114.510466;/app/bags/user95_2017-02-24.bag;0.834065854549408;0.0;0.9619645476341248;0.0;2.403604411345348;0.40154782656644117;0.5984521734335588
1730781114.7105124;/app/bags/user95_2017-02-24.bag;0.834065854549408;0.0;0.9619645476341248;0.0;2.403604411345348;0.40154782656644117;0.5984521734335588
1730781114.9103868;/app/bags/user95_2017-02-24.bag;0.834065854549408;0.0;0.9619645476341248;0.0;2.403604411345348;0.40154782656644117;0.5984521734335588
1730781115.110478;/app/bags/user95_2017-02-24.bag;0.834065854549408;0.0;0.9619645476341248;0.0;2.403604411345348;0.40154782656644117;0.5984521734335588
1730781115.3103905;/app/bags/user95_2017-02-24.bag;0.834065854549408;0.0;0.9619645476341248;0.0;2.403604411345348;0.40154782656644117;0.5984521734335588
1730781115.5104167;/app/bags/user95_2017-02-24.bag;0.834065854549408;0.0;0.9619645476341248;0.0;2.403604411345348;0.40154782656644117;0.5984521734335588
1730781115.7103713;/app/bags/user95_2017-02-24.bag;0.834065854549408;0.0;0.9619645476341248;0.0;2.403604411345348;0.40154782656644117;0.5984521734335588
1730781115.910422;/app/bags/user95_2017-02-24.bag;0.834065854549408;0.0;0.9619645476341248;0.0;2.403604411345348;0.40154782656644117;0.5984521734335588
1730781116.1103835;/app/bags/user95_2017-02-24.bag;0.834065854549408;0.0;0.9619645476341248;0.0;2.403604411345348;0.40154782656644117;0.5984521734335588
1730781116.3104036;/app/bags/user95_2017-02-24.bag;0.834065854549408;0.0;0.9619645476341248;0.0;2.403604411345348;0.40154782656644117;0.5984521734335588
1730781116.5103924;/app/bags/user95_2017-02-24.bag;0.834065854549408;0.0;0.9619645476341248;0.0;2.403604411345348;0.40154782656644117;0.5984521734335588
1730781116.7103994;/app/bags/user95_2017-02-24.bag;0.834065854549408;0.0;0.9619645476341248;0.0;2.403604411345348;0.40154782656644117;0.5984521734335588
1730781116.9104166;/app/bags/user95_2017-02-24.bag;0.834065854549408;0.0;0.9619645476341248;0.0;2.403604411345348;0.40154782656644117;0.5984521734335588
1730781117.1103868;/app/bags/user95_2017-02-24.bag;0.834065854549408;0.0;0.9619645476341248;0.0;2.403604411345348;0.40154782656644117;0.5984521734335588
1730781117.3103745;/app/bags/user95_2017-02-24.bag;0.834065854549408;0.0;0.9619645476341248;0.0;2.403604411345348;0.40154782656644117;0.5984521734335588
1730781117.510396;/app/bags/user95_2017-02-24.bag;0.834065854549408;0.0;0.9619645476341248;0.0;2.403604411345348;0.40154782656644117;0.5984521734335588
1730781117.7104487;/app/bags/user95_2017-02-24.bag;0.834065854549408;0.0;0.9619645476341248;0.0;2.403604411345348;0.40154782656644117;0.5984521734335588
1730781117.9103813;/app/bags/user95_2017-02-24.bag;0.834065854549408;0.0;0.9619645476341248;0.0;2.403604411345348;0.40154782656644117;0.5984521734335588
1730781118.1104054;/app/bags/user95_2017-02-24.bag;0.834065854549408;0.0;0.9619645476341248;0.0;2.403604411345348;0.40154782656644117;0.5984521734335588
1730781118.3104;/app/bags/user95_2017-02-24.bag;0.834065854549408;0.0;0.9619645476341248;0.0;2.403604411345348;0.40154782656644117;0.5984521734335588
1730781118.5103934;/app/bags/user95_2017-02-24.bag;0.834065854549408;0.0;0.9619645476341248;0.0;2.403604411345348;0.40154782656644117;0.5984521734335588
1730781118.710368;/app/bags/user95_2017-02-24.bag;0.834065854549408;0.0;0.9619645476341248;0.0;2.403604411345348;0.40154782656644117;0.5984521734335588
1730781118.9104311;/app/bags/user95_2017-02-24.bag;0.834065854549408;0.0;0.9619645476341248;0.0;2.403604411345348;0.40154782656644117;0.5984521734335588
1730781119.1103802;/app/bags/user95_2017-02-24.bag;0.834065854549408;0.0;0.9619645476341248;0.0;2.403604411345348;0.40154782656644117;0.5984521734335588
1730781119.3103666;/app/bags/user95_2017-02-24.bag;0.834065854549408;0.0;0.9619645476341248;0.0;2.403604411345348;0.40154782656644117;0.5984521734335588
1730781119.5103767;/app/bags/user95_2017-02-24.bag;0.834065854549408;0.0;0.9619645476341248;0.0;2.403604411345348;0.40154782656644117;0.5984521734335588
1730781119.7103856;/app/bags/user95_2017-02-24.bag;0.834065854549408;0.0;0.9619645476341248;0.0;2.403604411345348;0.40154782656644117;0.5984521734335588
1730781119.9103835;/app/bags/user95_2017-02-24.bag;0.834065854549408;0.0;0.9619645476341248;0.0;2.403604411345348;0.40154782656644117;0.5984521734335588
1730781120.1104424;/app/bags/user95_2017-02-24.bag;0.834065854549408;0.0;0.9619645476341248;0.0;2.403604411345348;0.40154782656644117;0.5984521734335588
1730781120.3103514;/app/bags/user95_2017-02-24.bag;0.834065854549408;0.0;0.9619645476341248;0.0;2.403604411345348;0.40154782656644117;0.5984521734335588
1730781120.5104709;/app/bags/user95_2017-02-24.bag;0.834065854549408;0.0;0.9619645476341248;0.0;2.403604411345348;0.40154782656644117;0.5984521734335588
1730781120.710385;/app/bags/user95_2017-02-24.bag;0.834065854549408;0.0;0.9619645476341248;0.0;2.403604411345348;0.40154782656644117;0.5984521734335588
1730781120.910389;/app/bags/user95_2017-02-24.bag;0.834065854549408;0.0;0.9619645476341248;0.0;2.403604411345348;0.40154782656644117;0.5984521734335588
1730781121.1103659;/app/bags/user95_2017-02-24.bag;0.834065854549408;0.0;0.9619645476341248;0.0;2.403604411345348;0.40154782656644117;0.5984521734335588
1730781121.3104541;/app/bags/user95_2017-02-24.bag;0.834065854549408;0.0;0.9619645476341248;0.0;2.403604411345348;0.40154782656644117;0.5984521734335588
1730781121.5104308;/app/bags/user95_2017-02-24.bag;0.834065854549408;0.0;0.9619645476341248;0.0;2.403604411345348;0.40154782656644117;0.5984521734335588
1730781121.7103896;/app/bags/user95_2017-02-24.bag;0.834065854549408;0.0;0.9619645476341248;0.0;2.403604411345348;0.40154782656644117;0.5984521734335588
1730781121.9103582;/app/bags/user95_2017-02-24.bag;0.834065854549408;0.0;0.9619645476341248;0.0;2.403604411345348;0.40154782656644117;0.5984521734335588
1730781122.110469;/app/bags/user95_2017-02-24.bag;0.834065854549408;0.0;0.9619645476341248;0.0;2.403604411345348;0.40154782656644117;0.5984521734335588
1730781122.3103712;/app/bags/user95_2017-02-24.bag;0.834065854549408;0.0;0.9619645476341248;0.0;2.403604411345348;0.40154782656644117;0.5984521734335588
1730781122.5103765;/app/bags/user95_2017-02-24.bag;0.834065854549408;0.0;0.9619645476341248;0.0;2.403604411345348;0.40154782656644117;0.5984521734335588
1730781122.7104297;/app/bags/user95_2017-02-24.bag;0.834065854549408;0.0;0.9619645476341248;0.0;2.403604411345348;0.40154782656644117;0.5984521734335588
1730781122.9104466;/app/bags/user95_2017-02-24.bag;0.834065854549408;0.0;0.9619645476341248;0.0;2.403604411345348;0.40154782656644117;0.5984521734335588
1730781123.1105142;/app/bags/user95_2017-02-24.bag;0.834065854549408;0.0;0.9619645476341248;0.0;2.403604411345348;0.40154782656644117;0.5984521734335588
1730781123.3104248;/app/bags/user95_2017-02-24.bag;0.834065854549408;0.0;0.9619645476341248;0.0;2.403604411345348;0.40154782656644117;0.5984521734335588
1730781123.5104558;/app/bags/user95_2017-02-24.bag;0.834065854549408;0.0;0.9619645476341248;0.0;2.403604411345348;0.40154782656644117;0.5984521734335588
1730781123.7103953;/app/bags/user95_2017-02-24.bag;0.834065854549408;0.0;0.9619645476341248;0.0;2.403604411345348;0.40154782656644117;0.5984521734335588
1730781123.9103744;/app/bags/user95_2017-02-24.bag;0.834065854549408;0.0;0.9619645476341248;0.0;2.403604411345348;0.40154782656644117;0.5984521734335588
1730781124.1104016;/app/bags/user95_2017-02-24.bag;0.834065854549408;0.0;0.9619645476341248;0.0;2.403604411345348;0.40154782656644117;0.5984521734335588
1730781124.3104045;/app/bags/user95_2017-02-24.bag;0.834065854549408;0.0;0.9619645476341248;0.0;2.403604411345348;0.40154782656644117;0.5984521734335588
1730781124.5104072;/app/bags/user95_2017-02-24.bag;0.834065854549408;0.0;0.9619645476341248;0.0;2.403604411345348;0.40154782656644117;0.5984521734335588
1730781124.7103527;/app/bags/user95_2017-02-24.bag;0.834065854549408;0.0;0.9619645476341248;0.0;2.403604411345348;0.40154782656644117;0.5984521734335588
1730781124.9104404;/app/bags/user95_2017-02-24.bag;0.834065854549408;0.0;0.9619645476341248;0.0;2.403604411345348;0.40154782656644117;0.5984521734335588
1730781125.1103892;/app/bags/user95_2017-02-24.bag;0.834065854549408;0.0;0.9619645476341248;0.0;2.403604411345348;0.40154782656644117;0.5984521734335588
1730781125.3103588;/app/bags/user95_2017-02-24.bag;0.834065854549408;0.0;0.9619645476341248;0.0;2.403604411345348;0.40154782656644117;0.5984521734335588
1730781125.5103893;/app/bags/user95_2017-02-24.bag;0.834065854549408;0.0;0.9619645476341248;0.0;2.403604411345348;0.40154782656644117;0.5984521734335588
1730781125.710386;/app/bags/user95_2017-02-24.bag;0.834065854549408;0.0;0.9619645476341248;0.0;2.403604411345348;0.40154782656644117;0.5984521734335588
1730781125.9103835;/app/bags/user95_2017-02-24.bag;0.834065854549408;0.0;0.9619645476341248;0.0;2.403604411345348;0.40154782656644117;0.5984521734335588
1730781126.1103754;/app/bags/user95_2017-02-24.bag;0.834065854549408;0.0;0.9619645476341248;0.0;2.403604411345348;0.40154782656644117;0.5984521734335588
1730781126.3104086;/app/bags/user95_2017-02-24.bag;0.834065854549408;0.0;0.9619645476341248;0.0;2.403604411345348;0.40154782656644117;0.5984521734335588
1730781126.5103936;/app/bags/user95_2017-02-24.bag;0.834065854549408;0.0;0.9619645476341248;0.0;2.403604411345348;0.40154782656644117;0.5984521734335588
1730781126.7103617;/app/bags/user95_2017-02-24.bag;0.834065854549408;0.0;0.9619645476341248;0.0;2.403604411345348;0.40154782656644117;0.5984521734335588
1730781126.9103508;/app/bags/user95_2017-02-24.bag;0.834065854549408;0.0;0.9619645476341248;0.0;2.403604411345348;0.40154782656644117;0.5984521734335588
1730781127.1103725;/app/bags/user95_2017-02-24.bag;0.834065854549408;0.0;0.9619645476341248;0.0;2.403604411345348;0.40154782656644117;0.5984521734335588
1730781127.310378;/app/bags/user95_2017-02-24.bag;0.834065854549408;0.0;0.9619645476341248;0.0;2.403604411345348;0.40154782656644117;0.5984521734335588
1730781127.5103917;/app/bags/user95_2017-02-24.bag;0.834065854549408;0.0;0.9619645476341248;0.0;2.403604411345348;0.40154782656644117;0.5984521734335588
1730781127.7103508;/app/bags/user95_2017-02-24.bag;0.834065854549408;0.0;0.9619645476341248;0.0;2.403604411345348;0.40154782656644117;0.5984521734335588
1730781127.9103565;/app/bags/user95_2017-02-24.bag;0.834065854549408;0.0;0.9619645476341248;0.0;2.403604411345348;0.40154782656644117;0.5984521734335588
1730781128.1103513;/app/bags/user95_2017-02-24.bag;0.834065854549408;0.0;0.9619645476341248;0.0;2.403604411345348;0.40154782656644117;0.5984521734335588
1730781128.310373;/app/bags/user95_2017-02-24.bag;0.834065854549408;0.0;0.9619645476341248;0.0;2.403604411345348;0.40154782656644117;0.5984521734335588
1730781128.510398;/app/bags/user95_2017-02-24.bag;0.834065854549408;0.0;0.9619645476341248;0.0;2.403604411345348;0.40154782656644117;0.5984521734335588
1730781128.7103481;/app/bags/user95_2017-02-24.bag;0.834065854549408;0.0;0.9619645476341248;0.0;2.403604411345348;0.40154782656644117;0.5984521734335588
1730781128.91036;/app/bags/user95_2017-02-24.bag;0.834065854549408;0.0;0.9619645476341248;0.0;2.403604411345348;0.40154782656644117;0.5984521734335588
1730781129.1104176;/app/bags/user95_2017-02-24.bag;0.834065854549408;0.0;0.9619645476341248;0.0;2.403604411345348;0.40154782656644117;0.5984521734335588
1730781129.310421;/app/bags/user95_2017-02-24.bag;0.834065854549408;0.0;0.9619645476341248;0.0;2.403604411345348;0.40154782656644117;0.5984521734335588
1730781129.5104358;/app/bags/user95_2017-02-24.bag;0.834065854549408;0.0;0.9619645476341248;0.0;2.403604411345348;0.40154782656644117;0.5984521734335588
1730781129.7103848;/app/bags/user95_2017-02-24.bag;0.834065854549408;0.0;0.9619645476341248;0.0;2.403604411345348;0.40154782656644117;0.5984521734335588
1730781129.9103854;/app/bags/user95_2017-02-24.bag;0.834065854549408;0.0;0.9619645476341248;0.0;2.403604411345348;0.40154782656644117;0.5984521734335588
1730781130.1103776;/app/bags/user95_2017-02-24.bag;0.834065854549408;0.0;0.9619645476341248;0.0;2.403604411345348;0.40154782656644117;0.5984521734335588
1730781130.3103912;/app/bags/user95_2017-02-24.bag;0.834065854549408;0.0;0.9619645476341248;0.0;2.403604411345348;0.40154782656644117;0.5984521734335588
1730781130.5104144;/app/bags/user95_2017-02-24.bag;0.834065854549408;0.0;0.9619645476341248;0.0;2.403604411345348;0.40154782656644117;0.5984521734335588
1730781130.7103822;/app/bags/user95_2017-02-24.bag;0.834065854549408;0.0;0.9619645476341248;0.0;2.403604411345348;0.40154782656644117;0.5984521734335588
1730781130.910386;/app/bags/user95_2017-02-24.bag;0.834065854549408;0.0;0.9619645476341248;0.0;2.403604411345348;0.40154782656644117;0.5984521734335588
1730781131.1104107;/app/bags/user95_2017-02-24.bag;0.834065854549408;0.0;0.9619645476341248;0.0;2.403604411345348;0.40154782656644117;0.5984521734335588
1730781131.3103766;/app/bags/user95_2017-02-24.bag;0.834065854549408;0.0;0.9619645476341248;0.0;2.403604411345348;0.40154782656644117;0.5984521734335588
1730781131.5103803;/app/bags/user95_2017-02-24.bag;0.834065854549408;0.0;0.9619645476341248;0.0;2.403604411345348;0.40154782656644117;0.5984521734335588
1730781131.7104387;/app/bags/user95_2017-02-24.bag;0.834065854549408;0.0;0.9619645476341248;0.0;2.403604411345348;0.40154782656644117;0.5984521734335588
1730781131.910393;/app/bags/user95_2017-02-24.bag;0.834065854549408;0.0;0.9619645476341248;0.0;2.403604411345348;0.40154782656644117;0.5984521734335588
1730781132.1104524;/app/bags/user95_2017-02-24.bag;0.834065854549408;0.0;0.9619645476341248;0.0;2.403604411345348;0.40154782656644117;0.5984521734335588
1730781132.3103468;/app/bags/user95_2017-02-24.bag;0.834065854549408;0.0;0.9619645476341248;0.0;2.403604411345348;0.40154782656644117;0.5984521734335588
1730781132.5104496;/app/bags/user95_2017-02-24.bag;0.834065854549408;0.0;0.9619645476341248;0.0;2.403604411345348;0.40154782656644117;0.5984521734335588
1730781132.7104533;/app/bags/user95_2017-02-24.bag;0.834065854549408;0.0;0.9619645476341248;0.0;2.403604411345348;0.40154782656644117;0.5984521734335588
1730781132.910408;/app/bags/user95_2017-02-24.bag;0.834065854549408;0.0;0.9619645476341248;0.0;2.403604411345348;0.40154782656644117;0.5984521734335588
1730781133.110372;/app/bags/user95_2017-02-24.bag;0.834065854549408;0.0;0.9619645476341248;0.0;2.403604411345348;0.40154782656644117;0.5984521734335588
1730781133.3103971;/app/bags/user95_2017-02-24.bag;0.834065854549408;0.0;0.9619645476341248;0.0;2.403604411345348;0.40154782656644117;0.5984521734335588
1730781133.510418;/app/bags/user95_2017-02-24.bag;0.834065854549408;0.0;0.9619645476341248;0.0;2.403604411345348;0.40154782656644117;0.5984521734335588
1730781133.710374;/app/bags/user95_2017-02-24.bag;0.834065854549408;0.0;0.9619645476341248;0.0;2.403604411345348;0.40154782656644117;0.5984521734335588
1730781133.9104052;/app/bags/user95_2017-02-24.bag;0.834065854549408;0.0;0.9619645476341248;0.0;2.403604411345348;0.40154782656644117;0.5984521734335588
1730781134.1104383;/app/bags/user95_2017-02-24.bag;0.834065854549408;0.0;0.9619645476341248;0.0;2.403604411345348;0.40154782656644117;0.5984521734335588
1730781134.3103702;/app/bags/user95_2017-02-24.bag;0.834065854549408;0.0;0.9619645476341248;0.0;2.403604411345348;0.40154782656644117;0.5984521734335588
1730781134.5103846;/app/bags/user95_2017-02-24.bag;0.834065854549408;0.0;0.9619645476341248;0.0;2.403604411345348;0.40154782656644117;0.5984521734335588
1730781134.7103775;/app/bags/user95_2017-02-24.bag;0.834065854549408;0.0;0.9619645476341248;0.0;2.403604411345348;0.40154782656644117;0.5984521734335588
1730781134.9103634;/app/bags/user95_2017-02-24.bag;0.834065854549408;0.0;0.9619645476341248;0.0;2.403604411345348;0.40154782656644117;0.5984521734335588
1730781135.1103642;/app/bags/user95_2017-02-24.bag;0.834065854549408;0.0;0.9619645476341248;0.0;2.403604411345348;0.40154782656644117;0.5984521734335588
1730781135.3104012;/app/bags/user95_2017-02-24.bag;0.834065854549408;0.0;0.9619645476341248;0.0;2.403604411345348;0.40154782656644117;0.5984521734335588
1730781135.510388;/app/bags/user95_2017-02-24.bag;0.834065854549408;0.0;0.9619645476341248;0.0;2.403604411345348;0.40154782656644117;0.5984521734335588
1730781135.710357;/app/bags/user95_2017-02-24.bag;0.834065854549408;0.0;0.9619645476341248;0.0;2.403604411345348;0.40154782656644117;0.5984521734335588
1730781135.9106839;/app/bags/user95_2017-02-24.bag;0.834065854549408;0.0;0.9619645476341248;0.0;2.403604411345348;0.40154782656644117;0.5984521734335588
1730781136.1103897;/app/bags/user95_2017-02-24.bag;0.834065854549408;0.0;0.9619645476341248;0.0;2.403604411345348;0.40154782656644117;0.5984521734335588
1730781136.3103874;/app/bags/user95_2017-02-24.bag;0.834065854549408;0.0;0.9619645476341248;0.0;2.403604411345348;0.40154782656644117;0.5984521734335588
1730781136.5103514;/app/bags/user95_2017-02-24.bag;0.834065854549408;0.0;0.9619645476341248;0.0;2.403604411345348;0.40154782656644117;0.5984521734335588
1730781136.7103949;/app/bags/user95_2017-02-24.bag;0.834065854549408;0.0;0.9619645476341248;0.0;2.403604411345348;0.40154782656644117;0.5984521734335588
1730781136.9103794;/app/bags/user95_2017-02-24.bag;0.834065854549408;0.0;0.9619645476341248;0.0;2.403604411345348;0.40154782656644117;0.5984521734335588
1730781137.1103523;/app/bags/user95_2017-02-24.bag;0.834065854549408;0.0;0.9619645476341248;0.0;2.403604411345348;0.40154782656644117;0.5984521734335588
1730781137.310441;/app/bags/user95_2017-02-24.bag;0.834065854549408;0.0;0.9619645476341248;0.0;2.403604411345348;0.40154782656644117;0.5984521734335588
1730781137.5104592;/app/bags/user95_2017-02-24.bag;0.834065854549408;0.0;0.9619645476341248;0.0;2.403604411345348;0.40154782656644117;0.5984521734335588
1730781137.7104309;/app/bags/user95_2017-02-24.bag;0.834065854549408;0.0;0.9619645476341248;0.0;2.403604411345348;0.40154782656644117;0.5984521734335588
1730781137.9103773;/app/bags/user95_2017-02-24.bag;0.834065854549408;0.0;0.9619645476341248;0.0;2.403604411345348;0.40154782656644117;0.5984521734335588
1730781138.1104233;/app/bags/user95_2017-02-24.bag;0.834065854549408;0.0;0.9619645476341248;0.0;2.403604411345348;0.40154782656644117;0.5984521734335588
1730781138.3103867;/app/bags/user95_2017-02-24.bag;0.834065854549408;0.0;0.9619645476341248;0.0;2.403604411345348;0.40154782656644117;0.5984521734335588
1730781138.5104017;/app/bags/user95_2017-02-24.bag;0.834065854549408;0.0;0.9619645476341248;0.0;2.403604411345348;0.40154782656644117;0.5984521734335588
1730781138.7103848;/app/bags/user95_2017-02-24.bag;0.834065854549408;0.0;0.9619645476341248;0.0;2.403604411345348;0.40154782656644117;0.5984521734335588
1730781138.9104223;/app/bags/user95_2017-02-24.bag;0.834065854549408;0.0;0.9619645476341248;0.0;2.403604411345348;0.40154782656644117;0.5984521734335588
1730781139.1104276;/app/bags/user95_2017-02-24.bag;0.834065854549408;0.0;0.9619645476341248;0.0;2.403604411345348;0.40154782656644117;0.5984521734335588
1730781139.3103714;/app/bags/user95_2017-02-24.bag;0.834065854549408;0.0;0.9619645476341248;0.0;2.403604411345348;0.40154782656644117;0.5984521734335588
1730781139.5103881;/app/bags/user95_2017-02-24.bag;0.834065854549408;0.0;0.9619645476341248;0.0;2.403604411345348;0.40154782656644117;0.5984521734335588
1730781139.7103784;/app/bags/user95_2017-02-24.bag;0.834065854549408;0.0;0.9619645476341248;0.0;2.403604411345348;0.40154782656644117;0.5984521734335588
1730781139.9103892;/app/bags/user95_2017-02-24.bag;0.834065854549408;0.0;0.9619645476341248;0.0;2.403604411345348;0.40154782656644117;0.5984521734335588
1730781140.1103747;/app/bags/user95_2017-02-24.bag;0.834065854549408;0.0;0.9619645476341248;0.0;2.403604411345348;0.40154782656644117;0.5984521734335588
1730781140.3103824;/app/bags/user95_2017-02-24.bag;0.834065854549408;0.0;0.9619645476341248;0.0;2.403604411345348;0.40154782656644117;0.5984521734335588
1730781140.5103798;/app/bags/user95_2017-02-24.bag;0.834065854549408;0.0;0.9619645476341248;0.0;2.403604411345348;0.40154782656644117;0.5984521734335588
1730781140.710395;/app/bags/user95_2017-02-24.bag;0.834065854549408;0.0;0.9619645476341248;0.0;2.403604411345348;0.40154782656644117;0.5984521734335588
1730781140.9103594;/app/bags/user95_2017-02-24.bag;0.834065854549408;0.0;0.9619645476341248;0.0;2.403604411345348;0.40154782656644117;0.5984521734335588
1730781141.1103747;/app/bags/user95_2017-02-24.bag;0.834065854549408;0.0;0.9619645476341248;0.0;2.403604411345348;0.40154782656644117;0.5984521734335588
1730781141.3104796;/app/bags/user95_2017-02-24.bag;0.834065854549408;0.0;0.9619645476341248;0.0;2.403604411345348;0.40154782656644117;0.5984521734335588
1730781141.5103798;/app/bags/user95_2017-02-24.bag;0.834065854549408;0.0;0.9619645476341248;0.0;2.403604411345348;0.40154782656644117;0.5984521734335588
1730781141.7104523;/app/bags/user95_2017-02-24.bag;0.834065854549408;0.0;0.9619645476341248;0.0;2.403604411345348;0.40154782656644117;0.5984521734335588
1730781141.9103856;/app/bags/user95_2017-02-24.bag;0.834065854549408;0.0;0.9619645476341248;0.0;2.403604411345348;0.40154782656644117;0.5984521734335588
1730781142.1103857;/app/bags/user95_2017-02-24.bag;0.834065854549408;0.0;0.9619645476341248;0.0;2.403604411345348;0.40154782656644117;0.5984521734335588
1730781142.310448;/app/bags/user95_2017-02-24.bag;0.834065854549408;0.0;0.9619645476341248;0.0;2.403604411345348;0.40154782656644117;0.5984521734335588
1730781142.5104625;/app/bags/user95_2017-02-24.bag;0.834065854549408;0.0;0.9619645476341248;0.0;2.403604411345348;0.40154782656644117;0.5984521734335588
1730781142.7104106;/app/bags/user95_2017-02-24.bag;0.834065854549408;0.0;0.9619645476341248;0.0;2.403604411345348;0.40154782656644117;0.5984521734335588
1730781142.9103854;/app/bags/user95_2017-02-24.bag;0.834065854549408;0.0;0.9619645476341248;0.0;2.403604411345348;0.40154782656644117;0.5984521734335588
1730781143.1103811;/app/bags/user95_2017-02-24.bag;0.834065854549408;0.0;0.9619645476341248;0.0;2.403604411345348;0.40154782656644117;0.5984521734335588
1730781143.310385;/app/bags/user95_2017-02-24.bag;0.834065854549408;0.0;0.9619645476341248;0.0;2.403604411345348;0.40154782656644117;0.5984521734335588
1730781143.5103683;/app/bags/user95_2017-02-24.bag;0.834065854549408;0.0;0.9619645476341248;0.0;2.403604411345348;0.40154782656644117;0.5984521734335588
1730781143.7104058;/app/bags/user95_2017-02-24.bag;0.834065854549408;0.0;0.9619645476341248;0.0;2.403604411345348;0.40154782656644117;0.5984521734335588
1730781143.9104428;/app/bags/user95_2017-02-24.bag;0.834065854549408;0.0;0.9619645476341248;0.0;2.403604411345348;0.40154782656644117;0.5984521734335588
1730781144.110385;/app/bags/user95_2017-02-24.bag;0.834065854549408;0.0;0.9619645476341248;0.0;2.403604411345348;0.40154782656644117;0.5984521734335588
1730781144.3104062;/app/bags/user95_2017-02-24.bag;0.834065854549408;0.0;0.9619645476341248;0.0;2.403604411345348;0.40154782656644117;0.5984521734335588
1730781144.5103989;/app/bags/user95_2017-02-24.bag;0.834065854549408;0.0;0.9619645476341248;0.0;2.403604411345348;0.40154782656644117;0.5984521734335588
1730781144.7104003;/app/bags/user95_2017-02-24.bag;0.834065854549408;0.0;0.9619645476341248;0.0;2.403604411345348;0.40154782656644117;0.5984521734335588
1730781144.9103541;/app/bags/user95_2017-02-24.bag;0.834065854549408;0.0;0.9619645476341248;0.0;2.403604411345348;0.40154782656644117;0.5984521734335588
1730781145.1103618;/app/bags/user95_2017-02-24.bag;0.834065854549408;0.0;0.9619645476341248;0.0;2.403604411345348;0.40154782656644117;0.5984521734335588
1730781145.3103921;/app/bags/user95_2017-02-24.bag;0.834065854549408;0.0;0.9619645476341248;0.0;2.403604411345348;0.40154782656644117;0.5984521734335588
1730781145.510453;/app/bags/user95_2017-02-24.bag;0.834065854549408;0.0;0.9619645476341248;0.0;2.403604411345348;0.40154782656644117;0.5984521734335588
1730781145.7104106;/app/bags/user95_2017-02-24.bag;0.834065854549408;0.0;0.9619645476341248;0.0;2.403604411345348;0.40154782656644117;0.5984521734335588
1730781145.9106433;/app/bags/user95_2017-02-24.bag;0.834065854549408;0.0;0.9619645476341248;0.0;2.403604411345348;0.40154782656644117;0.5984521734335588
1730781146.110283;/app/bags/user95_2017-02-24.bag;0.834065854549408;0.0;0.9619645476341248;0.0;2.403604411345348;0.40154782656644117;0.5984521734335588
1730781146.310379;/app/bags/user95_2017-02-24.bag;0.834065854549408;0.0;0.9619645476341248;0.0;2.403604411345348;0.40154782656644117;0.5984521734335588
1730781146.5104034;/app/bags/user95_2017-02-24.bag;0.834065854549408;0.0;0.9619645476341248;0.0;2.403604411345348;0.40154782656644117;0.5984521734335588
1730781146.7103794;/app/bags/user95_2017-02-24.bag;0.834065854549408;0.0;0.9619645476341248;0.0;2.403604411345348;0.40154782656644117;0.5984521734335588
1730781146.910367;/app/bags/user95_2017-02-24.bag;0.834065854549408;0.0;0.9619645476341248;0.0;2.403604411345348;0.40154782656644117;0.5984521734335588
1730781147.1104417;/app/bags/user95_2017-02-24.bag;0.834065854549408;0.0;0.9619645476341248;0.0;2.403604411345348;0.40154782656644117;0.5984521734335588
1730781147.3103735;/app/bags/user95_2017-02-24.bag;0.834065854549408;0.0;0.9619645476341248;0.0;2.403604411345348;0.40154782656644117;0.5984521734335588
1730781147.510342;/app/bags/user95_2017-02-24.bag;0.834065854549408;0.0;0.9619645476341248;0.0;2.403604411345348;0.40154782656644117;0.5984521734335588
1730781147.7103493;/app/bags/user95_2017-02-24.bag;0.834065854549408;0.0;0.9619645476341248;0.0;2.403604411345348;0.40154782656644117;0.5984521734335588
1730781147.9103782;/app/bags/user95_2017-02-24.bag;0.834065854549408;0.0;0.9619645476341248;0.0;2.403604411345348;0.40154782656644117;0.5984521734335588
1730781148.110416;/app/bags/user95_2017-02-24.bag;0.834065854549408;0.0;0.9619645476341248;0.0;2.403604411345348;0.40154782656644117;0.5984521734335588
1730781148.3104167;/app/bags/user95_2017-02-24.bag;0.834065854549408;0.0;0.9619645476341248;0.0;2.403604411345348;0.40154782656644117;0.5984521734335588
1730781148.5104227;/app/bags/user95_2017-02-24.bag;0.834065854549408;0.0;0.9619645476341248;0.0;2.403604411345348;0.40154782656644117;0.5984521734335588
1730781148.71054;/app/bags/user95_2017-02-24.bag;0.834065854549408;0.0;0.9619645476341248;0.0;2.403604411345348;0.40154782656644117;0.5984521734335588
1730781148.9104216;/app/bags/user95_2017-02-24.bag;0.834065854549408;0.0;0.9619645476341248;0.0;2.403604411345348;0.40154782656644117;0.5984521734335588
1730781149.1103652;/app/bags/user95_2017-02-24.bag;0.834065854549408;0.0;0.9619645476341248;0.0;2.403604411345348;0.40154782656644117;0.5984521734335588
1730781149.310355;/app/bags/user95_2017-02-24.bag;0.834065854549408;0.0;0.9619645476341248;0.0;2.403604411345348;0.40154782656644117;0.5984521734335588
1730781149.5104113;/app/bags/user95_2017-02-24.bag;0.834065854549408;0.0;0.9619645476341248;0.0;2.403604411345348;0.40154782656644117;0.5984521734335588
1730781149.710361;/app/bags/user95_2017-02-24.bag;0.834065854549408;0.0;0.9619645476341248;0.0;2.403604411345348;0.40154782656644117;0.5984521734335588
1730781149.910403;/app/bags/user95_2017-02-24.bag;0.834065854549408;0.0;0.9619645476341248;0.0;2.403604411345348;0.40154782656644117;0.5984521734335588
1730781150.1103642;/app/bags/user95_2017-02-24.bag;0.834065854549408;0.0;0.9619645476341248;0.0;2.403604411345348;0.40154782656644117;0.5984521734335588
1730781150.3104215;/app/bags/user95_2017-02-24.bag;0.834065854549408;0.0;0.9619645476341248;0.0;2.403604411345348;0.40154782656644117;0.5984521734335588
1730781150.510367;/app/bags/user95_2017-02-24.bag;0.834065854549408;0.0;0.9619645476341248;0.0;2.403604411345348;0.40154782656644117;0.5984521734335588
1730781150.710416;/app/bags/user95_2017-02-24.bag;0.834065854549408;0.0;0.9619645476341248;0.0;2.403604411345348;0.40154782656644117;0.5984521734335588
1730781150.91038;/app/bags/user95_2017-02-24.bag;0.834065854549408;0.0;0.9619645476341248;0.0;2.403604411345348;0.40154782656644117;0.5984521734335588
1730781151.11038;/app/bags/user95_2017-02-24.bag;0.834065854549408;0.0;0.9619645476341248;0.0;2.403604411345348;0.40154782656644117;0.5984521734335588
1730781151.3104036;/app/bags/user95_2017-02-24.bag;0.834065854549408;0.0;0.9619645476341248;0.0;2.403604411345348;0.40154782656644117;0.5984521734335588
1730781151.510357;/app/bags/user95_2017-02-24.bag;0.834065854549408;0.0;0.9619645476341248;0.0;2.403604411345348;0.40154782656644117;0.5984521734335588
1730781151.7104015;/app/bags/user95_2017-02-24.bag;0.834065854549408;0.0;0.9619645476341248;0.0;2.403604411345348;0.40154782656644117;0.5984521734335588
1730781151.910399;/app/bags/user95_2017-02-24.bag;0.834065854549408;0.0;0.9619645476341248;0.0;2.403604411345348;0.40154782656644117;0.5984521734335588
1730781152.1103828;/app/bags/user95_2017-02-24.bag;0.834065854549408;0.0;0.9619645476341248;0.0;2.403604411345348;0.40154782656644117;0.5984521734335588
1730781152.3103645;/app/bags/user95_2017-02-24.bag;0.834065854549408;0.0;0.9619645476341248;0.0;2.403604411345348;0.40154782656644117;0.5984521734335588
1730781152.5105486;/app/bags/user95_2017-02-24.bag;0.834065854549408;0.0;0.9619645476341248;0.0;2.403604411345348;0.40154782656644117;0.5984521734335588
1730781152.7103846;/app/bags/user95_2017-02-24.bag;0.834065854549408;0.0;0.9619645476341248;0.0;2.403604411345348;0.40154782656644117;0.5984521734335588
1730781152.9103904;/app/bags/user95_2017-02-24.bag;0.834065854549408;0.0;0.9619645476341248;0.0;2.403604411345348;0.40154782656644117;0.5984521734335588
1730781153.1104016;/app/bags/user95_2017-02-24.bag;0.834065854549408;0.0;0.9619645476341248;0.0;2.403604411345348;0.40154782656644117;0.5984521734335588
1730781153.3104765;/app/bags/user95_2017-02-24.bag;0.834065854549408;0.0;0.9619645476341248;0.0;2.403604411345348;0.40154782656644117;0.5984521734335588
1730781153.5103629;/app/bags/user95_2017-02-24.bag;0.834065854549408;0.0;0.9619645476341248;0.0;2.403604411345348;0.40154782656644117;0.5984521734335588
1730781153.7103703;/app/bags/user95_2017-02-24.bag;0.834065854549408;0.0;0.9619645476341248;0.0;2.403604411345348;0.40154782656644117;0.5984521734335588
1730781153.9103897;/app/bags/user95_2017-02-24.bag;0.834065854549408;0.0;0.9619645476341248;0.0;2.403604411345348;0.40154782656644117;0.5984521734335588
1730781154.110587;/app/bags/user95_2017-02-24.bag;0.834065854549408;0.0;0.9619645476341248;0.0;2.403604411345348;0.40154782656644117;0.5984521734335588
1730781154.3103828;/app/bags/user95_2017-02-24.bag;0.834065854549408;0.0;0.9619645476341248;0.0;2.403604411345348;0.40154782656644117;0.5984521734335588
1730781154.5104117;/app/bags/user95_2017-02-24.bag;0.834065854549408;0.0;0.9619645476341248;0.0;2.403604411345348;0.40154782656644117;0.5984521734335588
1730781154.7104053;/app/bags/user95_2017-02-24.bag;0.834065854549408;0.0;0.9619645476341248;0.0;2.403604411345348;0.40154782656644117;0.5984521734335588
1730781154.9104028;/app/bags/user95_2017-02-24.bag;0.834065854549408;0.0;0.9619645476341248;0.0;2.403604411345348;0.40154782656644117;0.5984521734335588
1730781155.1103861;/app/bags/user95_2017-02-24.bag;0.834065854549408;0.0;0.9619645476341248;0.0;2.403604411345348;0.40154782656644117;0.5984521734335588
1730781155.3103635;/app/bags/user95_2017-02-24.bag;0.834065854549408;0.0;0.9619645476341248;0.0;2.403604411345348;0.40154782656644117;0.5984521734335588
1730781155.5103962;/app/bags/user95_2017-02-24.bag;0.834065854549408;0.0;0.9619645476341248;0.0;2.403604411345348;0.40154782656644117;0.5984521734335588
1730781155.7104392;/app/bags/user95_2017-02-24.bag;0.834065854549408;0.0;0.9619645476341248;0.0;2.403604411345348;0.40154782656644117;0.5984521734335588
1730781155.9103596;/app/bags/user95_2017-02-24.bag;0.834065854549408;0.0;0.9619645476341248;0.0;2.403604411345348;0.40154782656644117;0.5984521734335588
1730781156.110434;/app/bags/user95_2017-02-24.bag;0.834065854549408;0.0;0.9619645476341248;0.0;2.403604411345348;0.40154782656644117;0.5984521734335588
1730781156.3104181;/app/bags/user95_2017-02-24.bag;0.834065854549408;0.0;0.9619645476341248;0.0;2.403604411345348;0.40154782656644117;0.5984521734335588
1730781156.510387;/app/bags/user95_2017-02-24.bag;0.834065854549408;0.0;0.9619645476341248;0.0;2.403604411345348;0.40154782656644117;0.5984521734335588
1730781156.7103662;/app/bags/user95_2017-02-24.bag;0.834065854549408;0.0;0.9619645476341248;0.0;2.403604411345348;0.40154782656644117;0.5984521734335588
1730781156.9103794;/app/bags/user95_2017-02-24.bag;0.834065854549408;0.0;0.9619645476341248;0.0;2.403604411345348;0.40154782656644117;0.5984521734335588
1730781157.1103737;/app/bags/user95_2017-02-24.bag;0.834065854549408;0.0;0.9619645476341248;0.0;2.403604411345348;0.40154782656644117;0.5984521734335588
1730781157.3104472;/app/bags/user95_2017-02-24.bag;0.834065854549408;0.0;0.9619645476341248;0.0;2.403604411345348;0.40154782656644117;0.5984521734335588
1730781157.5104394;/app/bags/user95_2017-02-24.bag;0.834065854549408;0.0;0.9619645476341248;0.0;2.403604411345348;0.40154782656644117;0.5984521734335588
1730781157.7104151;/app/bags/user95_2017-02-24.bag;0.834065854549408;0.0;0.9619645476341248;0.0;2.403604411345348;0.40154782656644117;0.5984521734335588
1730781157.9103928;/app/bags/user95_2017-02-24.bag;0.834065854549408;0.0;0.9619645476341248;0.0;2.403604411345348;0.40154782656644117;0.5984521734335588
1730781158.1103926;/app/bags/user95_2017-02-24.bag;0.834065854549408;0.0;0.9619645476341248;0.0;2.403604411345348;0.40154782656644117;0.5984521734335588
1730781158.3104217;/app/bags/user95_2017-02-24.bag;0.834065854549408;0.0;0.9619645476341248;0.0;2.403604411345348;0.40154782656644117;0.5984521734335588
1730781158.5103812;/app/bags/user95_2017-02-24.bag;0.834065854549408;0.0;0.9619645476341248;0.0;2.403604411345348;0.40154782656644117;0.5984521734335588
1730781158.7104042;/app/bags/user95_2017-02-24.bag;0.834065854549408;0.0;0.9619645476341248;0.0;2.403604411345348;0.40154782656644117;0.5984521734335588
1730781158.9104216;/app/bags/user95_2017-02-24.bag;0.834065854549408;0.0;0.9619645476341248;0.0;2.403604411345348;0.40154782656644117;0.5984521734335588
1730781159.110362;/app/bags/user95_2017-02-24.bag;0.834065854549408;0.0;0.9619645476341248;0.0;2.403604411345348;0.40154782656644117;0.5984521734335588
1730781159.3104146;/app/bags/user95_2017-02-24.bag;0.834065854549408;0.0;0.9619645476341248;0.0;2.403604411345348;0.40154782656644117;0.5984521734335588
1730781159.5103889;/app/bags/user95_2017-02-24.bag;0.834065854549408;0.0;0.9619645476341248;0.0;2.403604411345348;0.40154782656644117;0.5984521734335588
1730781159.7103648;/app/bags/user95_2017-02-24.bag;0.834065854549408;0.0;0.9619645476341248;0.0;2.403604411345348;0.40154782656644117;0.5984521734335588
1730781159.9103725;/app/bags/user95_2017-02-24.bag;0.834065854549408;0.0;0.9619645476341248;0.0;2.403604411345348;0.40154782656644117;0.5984521734335588
1730781160.1103833;/app/bags/user95_2017-02-24.bag;0.834065854549408;0.0;0.9619645476341248;0.0;2.403604411345348;0.40154782656644117;0.5984521734335588
1730781160.3103747;/app/bags/user95_2017-02-24.bag;0.834065854549408;0.0;0.9619645476341248;0.0;2.403604411345348;0.40154782656644117;0.5984521734335588
1730781160.5103986;/app/bags/user95_2017-02-24.bag;0.834065854549408;0.0;0.9619645476341248;0.0;2.403604411345348;0.40154782656644117;0.5984521734335588
1730781160.7103522;/app/bags/user95_2017-02-24.bag;0.834065854549408;0.0;0.9619645476341248;0.0;2.403604411345348;0.40154782656644117;0.5984521734335588
1730781160.9103951;/app/bags/user95_2017-02-24.bag;0.834065854549408;0.0;0.9619645476341248;0.0;2.403604411345348;0.40154782656644117;0.5984521734335588
1730781161.110424;/app/bags/user95_2017-02-24.bag;0.834065854549408;0.0;0.9619645476341248;0.0;2.403604411345348;0.40154782656644117;0.5984521734335588
1730781161.310372;/app/bags/user95_2017-02-24.bag;0.834065854549408;0.0;0.9619645476341248;0.0;2.403604411345348;0.40154782656644117;0.5984521734335588
1730781161.5104225;/app/bags/user95_2017-02-24.bag;0.834065854549408;0.0;0.9619645476341248;0.0;2.403604411345348;0.40154782656644117;0.5984521734335588
1730781161.710423;/app/bags/user95_2017-02-24.bag;0.834065854549408;0.0;0.9619645476341248;0.0;2.403604411345348;0.40154782656644117;0.5984521734335588
1730781161.9104881;/app/bags/user95_2017-02-24.bag;0.834065854549408;0.0;0.9619645476341248;0.0;2.403604411345348;0.40154782656644117;0.5984521734335588
1730781162.110374;/app/bags/user95_2017-02-24.bag;0.834065854549408;0.0;0.9619645476341248;0.0;2.403604411345348;0.40154782656644117;0.5984521734335588
1730781162.3103933;/app/bags/user95_2017-02-24.bag;0.834065854549408;0.0;0.9619645476341248;0.0;2.403604411345348;0.40154782656644117;0.5984521734335588
1730781162.5104184;/app/bags/user95_2017-02-24.bag;0.834065854549408;0.0;0.9619645476341248;0.0;2.403604411345348;0.40154782656644117;0.5984521734335588
1730781162.7103937;/app/bags/user95_2017-02-24.bag;0.834065854549408;0.0;0.9619645476341248;0.0;2.403604411345348;0.40154782656644117;0.5984521734335588
1730781162.9103775;/app/bags/user95_2017-02-24.bag;0.834065854549408;0.0;0.9619645476341248;0.0;2.403604411345348;0.40154782656644117;0.5984521734335588
1730781163.110397;/app/bags/user95_2017-02-24.bag;0.834065854549408;0.0;0.9619645476341248;0.0;2.403604411345348;0.40154782656644117;0.5984521734335588
1730781163.3103952;/app/bags/user95_2017-02-24.bag;0.834065854549408;0.0;0.9619645476341248;0.0;2.403604411345348;0.40154782656644117;0.5984521734335588
1730781163.5103486;/app/bags/user95_2017-02-24.bag;0.834065854549408;0.0;0.9619645476341248;0.0;2.403604411345348;0.40154782656644117;0.5984521734335588
1730781163.7104053;/app/bags/user95_2017-02-24.bag;0.834065854549408;0.0;0.9619645476341248;0.0;2.403604411345348;0.40154782656644117;0.5984521734335588
1730781163.9103994;/app/bags/user95_2017-02-24.bag;0.834065854549408;0.0;0.9619645476341248;0.0;2.403604411345348;0.40154782656644117;0.5984521734335588
1730781164.1103728;/app/bags/user95_2017-02-24.bag;0.834065854549408;0.0;0.9619645476341248;0.0;2.403604411345348;0.40154782656644117;0.5984521734335588
1730781164.310484;/app/bags/user95_2017-02-24.bag;0.834065854549408;0.0;0.9619645476341248;0.0;2.403604411345348;0.40154782656644117;0.5984521734335588
1730781164.510401;/app/bags/user95_2017-02-24.bag;0.834065854549408;0.0;0.9619645476341248;0.0;2.403604411345348;0.40154782656644117;0.5984521734335588
1730781164.710368;/app/bags/user95_2017-02-24.bag;0.834065854549408;0.0;0.9619645476341248;0.0;2.403604411345348;0.40154782656644117;0.5984521734335588
1730781164.910384;/app/bags/user95_2017-02-24.bag;0.834065854549408;0.0;0.9619645476341248;0.0;2.403604411345348;0.40154782656644117;0.5984521734335588
1730781165.110421;/app/bags/user95_2017-02-24.bag;0.834065854549408;0.0;0.9619645476341248;0.0;2.403604411345348;0.40154782656644117;0.5984521734335588
1730781165.3103817;/app/bags/user95_2017-02-24.bag;0.834065854549408;0.0;0.9619645476341248;0.0;2.403604411345348;0.40154782656644117;0.5984521734335588
1730781165.5104067;/app/bags/user95_2017-02-24.bag;0.834065854549408;0.0;0.9619645476341248;0.0;2.403604411345348;0.40154782656644117;0.5984521734335588
1730781165.7104135;/app/bags/user95_2017-02-24.bag;0.834065854549408;0.0;0.9619645476341248;0.0;2.403604411345348;0.40154782656644117;0.5984521734335588
1730781165.9103916;/app/bags/user95_2017-02-24.bag;0.834065854549408;0.0;0.9619645476341248;0.0;2.403604411345348;0.40154782656644117;0.5984521734335588
1730781166.1103778;/app/bags/user95_2017-02-24.bag;0.834065854549408;0.0;0.9619645476341248;0.0;2.403604411345348;0.40154782656644117;0.5984521734335588
1730781166.3103802;/app/bags/user95_2017-02-24.bag;0.834065854549408;0.0;0.9619645476341248;0.0;2.403604411345348;0.40154782656644117;0.5984521734335588
1730781166.5104082;/app/bags/user95_2017-02-24.bag;0.834065854549408;0.0;0.9619645476341248;0.0;2.403604411345348;0.40154782656644117;0.5984521734335588
1730781166.7103672;/app/bags/user95_2017-02-24.bag;0.834065854549408;0.0;0.9619645476341248;0.0;2.403604411345348;0.40154782656644117;0.5984521734335588
1730781166.9103618;/app/bags/user95_2017-02-24.bag;0.834065854549408;0.0;0.9619645476341248;0.0;2.403604411345348;0.40154782656644117;0.5984521734335588
1730781167.1103628;/app/bags/user95_2017-02-24.bag;0.834065854549408;0.0;0.9619645476341248;0.0;2.403604411345348;0.40154782656644117;0.5984521734335588
1730781167.3103743;/app/bags/user95_2017-02-24.bag;0.834065854549408;0.0;0.9619645476341248;0.0;2.403604411345348;0.40154782656644117;0.5984521734335588
1730781167.5103977;/app/bags/user95_2017-02-24.bag;0.834065854549408;0.0;0.9619645476341248;0.0;2.403604411345348;0.40154782656644117;0.5984521734335588
1730781167.7104602;/app/bags/user95_2017-02-24.bag;0.834065854549408;0.0;0.9619645476341248;0.0;2.403604411345348;0.40154782656644117;0.5984521734335588
1730781167.9103978;/app/bags/user95_2017-02-24.bag;0.834065854549408;0.0;0.9619645476341248;0.0;2.403604411345348;0.40154782656644117;0.5984521734335588
1730781168.11039;/app/bags/user95_2017-02-24.bag;0.834065854549408;0.0;0.9619645476341248;0.0;2.403604411345348;0.40154782656644117;0.5984521734335588
1730781168.3104026;/app/bags/user95_2017-02-24.bag;0.834065854549408;0.0;0.9619645476341248;0.0;2.403604411345348;0.40154782656644117;0.5984521734335588
1730781168.5104487;/app/bags/user95_2017-02-24.bag;0.834065854549408;0.0;0.9619645476341248;0.0;2.403604411345348;0.40154782656644117;0.5984521734335588
1730781168.7104332;/app/bags/user95_2017-02-24.bag;0.834065854549408;0.0;0.9619645476341248;0.0;2.403604411345348;0.40154782656644117;0.5984521734335588
1730781168.910416;/app/bags/user95_2017-02-24.bag;0.834065854549408;0.0;0.9619645476341248;0.0;2.403604411345348;0.40154782656644117;0.5984521734335588
1730781169.1104066;/app/bags/user95_2017-02-24.bag;0.834065854549408;0.0;0.9619645476341248;0.0;2.403604411345348;0.40154782656644117;0.5984521734335588
1730781169.310418;/app/bags/user95_2017-02-24.bag;0.834065854549408;0.0;0.9619645476341248;0.0;2.403604411345348;0.40154782656644117;0.5984521734335588
1730781169.5104218;/app/bags/user95_2017-02-24.bag;0.834065854549408;0.0;0.9619645476341248;0.0;2.403604411345348;0.40154782656644117;0.5984521734335588
1730781169.7103777;/app/bags/user95_2017-02-24.bag;0.834065854549408;0.0;0.9619645476341248;0.0;2.403604411345348;0.40154782656644117;0.5984521734335588
1730781169.9104698;/app/bags/user95_2017-02-24.bag;0.834065854549408;0.0;0.9619645476341248;0.0;2.403604411345348;0.40154782656644117;0.5984521734335588
1730781170.1103761;/app/bags/user95_2017-02-24.bag;0.834065854549408;0.0;0.9619645476341248;0.0;2.403604411345348;0.40154782656644117;0.5984521734335588
1730781170.3103888;/app/bags/user95_2017-02-24.bag;0.834065854549408;0.0;0.9619645476341248;0.0;2.403604411345348;0.40154782656644117;0.5984521734335588
1730781170.5104115;/app/bags/user95_2017-02-24.bag;0.834065854549408;0.0;0.9619645476341248;0.0;2.403604411345348;0.40154782656644117;0.5984521734335588
1730781170.7103903;/app/bags/user95_2017-02-24.bag;0.834065854549408;0.0;0.9619645476341248;0.0;2.403604411345348;0.40154782656644117;0.5984521734335588
1730781170.9104438;/app/bags/user95_2017-02-24.bag;0.834065854549408;0.0;0.9619645476341248;0.0;2.403604411345348;0.40154782656644117;0.5984521734335588
1730781171.1103895;/app/bags/user95_2017-02-24.bag;0.834065854549408;0.0;0.9619645476341248;0.0;2.403604411345348;0.40154782656644117;0.5984521734335588
1730781171.3103747;/app/bags/user95_2017-02-24.bag;0.834065854549408;0.0;0.9619645476341248;0.0;2.403604411345348;0.40154782656644117;0.5984521734335588
1730781171.510401;/app/bags/user95_2017-02-24.bag;0.834065854549408;0.0;0.9619645476341248;0.0;2.403604411345348;0.40154782656644117;0.5984521734335588
1730781171.7104592;/app/bags/user95_2017-02-24.bag;0.834065854549408;0.0;0.9619645476341248;0.0;2.403604411345348;0.40154782656644117;0.5984521734335588
1730781171.9104245;/app/bags/user95_2017-02-24.bag;0.834065854549408;0.0;0.9619645476341248;0.0;2.403604411345348;0.40154782656644117;0.5984521734335588
1730781172.110381;/app/bags/user95_2017-02-24.bag;0.834065854549408;0.0;0.9619645476341248;0.0;2.403604411345348;0.40154782656644117;0.5984521734335588
1730781172.3103802;/app/bags/user95_2017-02-24.bag;0.834065854549408;0.0;0.9619645476341248;0.0;2.403604411345348;0.40154782656644117;0.5984521734335588
1730781172.5103705;/app/bags/user95_2017-02-24.bag;0.834065854549408;0.0;0.9619645476341248;0.0;2.403604411345348;0.40154782656644117;0.5984521734335588
1730781172.7104046;/app/bags/user95_2017-02-24.bag;0.834065854549408;0.0;0.9619645476341248;0.0;2.403604411345348;0.40154782656644117;0.5984521734335588
1730781172.9103808;/app/bags/user95_2017-02-24.bag;0.834065854549408;0.0;0.9619645476341248;0.0;2.403604411345348;0.40154782656644117;0.5984521734335588
1730781173.110378;/app/bags/user95_2017-02-24.bag;0.834065854549408;0.0;0.9619645476341248;0.0;2.403604411345348;0.40154782656644117;0.5984521734335588
1730781173.3103921;/app/bags/user95_2017-02-24.bag;0.834065854549408;0.0;0.9619645476341248;0.0;2.403604411345348;0.40154782656644117;0.5984521734335588
1730781173.5103831;/app/bags/user95_2017-02-24.bag;0.834065854549408;0.0;0.9619645476341248;0.0;2.403604411345348;0.40154782656644117;0.5984521734335588
1730781173.7103732;/app/bags/user95_2017-02-24.bag;0.834065854549408;0.0;0.9619645476341248;0.0;2.403604411345348;0.40154782656644117;0.5984521734335588
1730781173.9104106;/app/bags/user95_2017-02-24.bag;0.834065854549408;0.0;0.9619645476341248;0.0;2.403604411345348;0.40154782656644117;0.5984521734335588
1730781174.110417;/app/bags/user95_2017-02-24.bag;0.834065854549408;0.0;0.9619645476341248;0.0;2.403604411345348;0.40154782656644117;0.5984521734335588
1730781174.3104413;/app/bags/user95_2017-02-24.bag;0.834065854549408;0.0;0.9619645476341248;0.0;2.403604411345348;0.40154782656644117;0.5984521734335588
1730781174.5103593;/app/bags/user95_2017-02-24.bag;0.834065854549408;0.0;0.9619645476341248;0.0;2.403604411345348;0.40154782656644117;0.5984521734335588
1730781174.710376;/app/bags/user95_2017-02-24.bag;0.834065854549408;0.0;0.9619645476341248;0.0;2.403604411345348;0.40154782656644117;0.5984521734335588
1730781174.9103978;/app/bags/user95_2017-02-24.bag;0.834065854549408;0.0;0.9619645476341248;0.0;2.403604411345348;0.40154782656644117;0.5984521734335588
1730781175.1103816;/app/bags/user95_2017-02-24.bag;0.834065854549408;0.0;0.9619645476341248;0.0;2.403604411345348;0.40154782656644117;0.5984521734335588
1730781175.3104255;/app/bags/user95_2017-02-24.bag;0.834065854549408;0.0;0.9619645476341248;0.0;2.403604411345348;0.40154782656644117;0.5984521734335588
1730781175.5104465;/app/bags/user95_2017-02-24.bag;0.834065854549408;0.0;0.9619645476341248;0.0;2.403604411345348;0.40154782656644117;0.5984521734335588
1730781175.7103863;/app/bags/user95_2017-02-24.bag;0.834065854549408;0.0;0.9619645476341248;0.0;2.403604411345348;0.40154782656644117;0.5984521734335588
1730781175.910429;/app/bags/user95_2017-02-24.bag;0.834065854549408;0.0;0.9619645476341248;0.0;2.403604411345348;0.40154782656644117;0.5984521734335588
1730781176.110434;/app/bags/user95_2017-02-24.bag;0.834065854549408;0.0;0.9619645476341248;0.0;2.403604411345348;0.40154782656644117;0.5984521734335588
1730781176.310352;/app/bags/user95_2017-02-24.bag;0.834065854549408;0.0;0.9619645476341248;0.0;2.403604411345348;0.40154782656644117;0.5984521734335588
1730781176.5103755;/app/bags/user95_2017-02-24.bag;0.834065854549408;0.0;0.9619645476341248;0.0;2.403604411345348;0.40154782656644117;0.5984521734335588
1730781176.7104468;/app/bags/user95_2017-02-24.bag;0.834065854549408;0.0;0.9619645476341248;0.0;2.403604411345348;0.40154782656644117;0.5984521734335588
1730781176.9103582;/app/bags/user95_2017-02-24.bag;0.834065854549408;0.0;0.9619645476341248;0.0;2.403604411345348;0.40154782656644117;0.5984521734335588
1730781177.1104035;/app/bags/user95_2017-02-24.bag;0.834065854549408;0.0;0.9619645476341248;0.0;2.403604411345348;0.40154782656644117;0.5984521734335588
1730781177.3103797;/app/bags/user95_2017-02-24.bag;0.834065854549408;0.0;0.9619645476341248;0.0;2.403604411345348;0.40154782656644117;0.5984521734335588
1730781177.510393;/app/bags/user95_2017-02-24.bag;0.834065854549408;0.0;0.9619645476341248;0.0;2.403604411345348;0.40154782656644117;0.5984521734335588
1730781177.710362;/app/bags/user95_2017-02-24.bag;0.834065854549408;0.0;0.9619645476341248;0.0;2.403604411345348;0.40154782656644117;0.5984521734335588
1730781177.9104168;/app/bags/user95_2017-02-24.bag;0.834065854549408;0.0;0.9619645476341248;0.0;2.403604411345348;0.40154782656644117;0.5984521734335588
1730781178.1104264;/app/bags/user95_2017-02-24.bag;0.834065854549408;0.0;0.9619645476341248;0.0;2.403604411345348;0.40154782656644117;0.5984521734335588
1730781178.3103719;/app/bags/user95_2017-02-24.bag;0.834065854549408;0.0;0.9619645476341248;0.0;2.403604411345348;0.40154782656644117;0.5984521734335588
1730781178.5104976;/app/bags/user95_2017-02-24.bag;0.834065854549408;0.0;0.9619645476341248;0.0;2.403604411345348;0.40154782656644117;0.5984521734335588
1730781178.7103558;/app/bags/user95_2017-02-24.bag;0.834065854549408;0.0;0.9619645476341248;0.0;2.403604411345348;0.40154782656644117;0.5984521734335588
1730781178.910345;/app/bags/user95_2017-02-24.bag;0.834065854549408;0.0;0.9619645476341248;0.0;2.403604411345348;0.40154782656644117;0.5984521734335588
1730781179.1103623;/app/bags/user95_2017-02-24.bag;0.834065854549408;0.0;0.9619645476341248;0.0;2.403604411345348;0.40154782656644117;0.5984521734335588
1730781179.31051;/app/bags/user95_2017-02-24.bag;0.834065854549408;0.0;0.9619645476341248;0.0;2.403604411345348;0.40154782656644117;0.5984521734335588
1730781179.5103652;/app/bags/user95_2017-02-24.bag;0.834065854549408;0.0;0.9619645476341248;0.0;2.403604411345348;0.40154782656644117;0.5984521734335588
1730781179.71039;/app/bags/user95_2017-02-24.bag;0.834065854549408;0.0;0.9619645476341248;0.0;2.403604411345348;0.40154782656644117;0.5984521734335588
1730781179.9103875;/app/bags/user95_2017-02-24.bag;0.834065854549408;0.0;0.9619645476341248;0.0;2.403604411345348;0.40154782656644117;0.5984521734335588
1730781180.1103916;/app/bags/user95_2017-02-24.bag;0.834065854549408;0.0;0.9619645476341248;0.0;2.403604411345348;0.40154782656644117;0.5984521734335588
1730781180.3103788;/app/bags/user95_2017-02-24.bag;0.834065854549408;0.0;0.9619645476341248;0.0;2.403604411345348;0.40154782656644117;0.5984521734335588
1730781180.5104055;/app/bags/user95_2017-02-24.bag;0.834065854549408;0.0;0.9619645476341248;0.0;2.403604411345348;0.40154782656644117;0.5984521734335588
1730781180.710408;/app/bags/user95_2017-02-24.bag;0.834065854549408;0.0;0.9619645476341248;0.0;2.403604411345348;0.40154782656644117;0.5984521734335588
1730781180.9104114;/app/bags/user95_2017-02-24.bag;0.834065854549408;0.0;0.9619645476341248;0.0;2.403604411345348;0.40154782656644117;0.5984521734335588
1730781181.1103969;/app/bags/user95_2017-02-24.bag;0.834065854549408;0.0;0.9619645476341248;0.0;2.403604411345348;0.40154782656644117;0.5984521734335588
1730781181.3103745;/app/bags/user95_2017-02-24.bag;0.834065854549408;0.0;0.9619645476341248;0.0;2.403604411345348;0.40154782656644117;0.5984521734335588
1730781181.510534;/app/bags/user95_2017-02-24.bag;0.834065854549408;0.0;0.9619645476341248;0.0;2.403604411345348;0.40154782656644117;0.5984521734335588
1730781181.710391;/app/bags/user95_2017-02-24.bag;0.834065854549408;0.0;0.9619645476341248;0.0;2.403604411345348;0.40154782656644117;0.5984521734335588
1730781181.9103847;/app/bags/user95_2017-02-24.bag;0.834065854549408;0.0;0.9619645476341248;0.0;2.403604411345348;0.40154782656644117;0.5984521734335588
1730781182.1104598;/app/bags/user95_2017-02-24.bag;0.834065854549408;0.0;0.9619645476341248;0.0;2.403604411345348;0.40154782656644117;0.5984521734335588
1730781182.3105361;/app/bags/user95_2017-02-24.bag;0.834065854549408;0.0;0.9619645476341248;0.0;2.403604411345348;0.40154782656644117;0.5984521734335588
1730781182.5104077;/app/bags/user95_2017-02-24.bag;0.834065854549408;0.0;0.9619645476341248;0.0;2.403604411345348;0.40154782656644117;0.5984521734335588
1730781182.7103803;/app/bags/user95_2017-02-24.bag;0.834065854549408;0.0;0.9619645476341248;0.0;2.403604411345348;0.40154782656644117;0.5984521734335588
1730781182.9104366;/app/bags/user95_2017-02-24.bag;0.834065854549408;0.0;0.9619645476341248;0.0;2.403604411345348;0.40154782656644117;0.5984521734335588
1730781183.110401;/app/bags/user95_2017-02-24.bag;0.834065854549408;0.0;0.9619645476341248;0.0;2.403604411345348;0.40154782656644117;0.5984521734335588
1730781183.310385;/app/bags/user95_2017-02-24.bag;0.834065854549408;0.0;0.9619645476341248;0.0;2.403604411345348;0.40154782656644117;0.5984521734335588
1730781183.510466;/app/bags/user95_2017-02-24.bag;0.834065854549408;0.0;0.9619645476341248;0.0;2.403604411345348;0.40154782656644117;0.5984521734335588
1730781183.710413;/app/bags/user95_2017-02-24.bag;0.834065854549408;0.0;0.9619645476341248;0.0;2.403604411345348;0.40154782656644117;0.5984521734335588
1730781183.9103932;/app/bags/user95_2017-02-24.bag;0.834065854549408;0.0;0.9619645476341248;0.0;2.403604411345348;0.40154782656644117;0.5984521734335588
1730781184.110375;/app/bags/user95_2017-02-24.bag;0.834065854549408;0.0;0.9619645476341248;0.0;2.403604411345348;0.40154782656644117;0.5984521734335588
1730781184.3103921;/app/bags/user95_2017-02-24.bag;0.834065854549408;0.0;0.9619645476341248;0.0;2.403604411345348;0.40154782656644117;0.5984521734335588
1730781184.5103738;/app/bags/user95_2017-02-24.bag;0.834065854549408;0.0;0.9619645476341248;0.0;2.403604411345348;0.40154782656644117;0.5984521734335588
1730781184.7103734;/app/bags/user95_2017-02-24.bag;0.834065854549408;0.0;0.9619645476341248;0.0;2.403604411345348;0.40154782656644117;0.5984521734335588
1730781184.9103806;/app/bags/user95_2017-02-24.bag;0.834065854549408;0.0;0.9619645476341248;0.0;2.403604411345348;0.40154782656644117;0.5984521734335588
1730781185.1104019;/app/bags/user95_2017-02-24.bag;0.834065854549408;0.0;0.9619645476341248;0.0;2.403604411345348;0.40154782656644117;0.5984521734335588
1730781185.3104246;/app/bags/user95_2017-02-24.bag;0.834065854549408;0.0;0.9619645476341248;0.0;2.403604411345348;0.40154782656644117;0.5984521734335588
1730781185.5103877;/app/bags/user95_2017-02-24.bag;0.834065854549408;0.0;0.9619645476341248;0.0;2.403604411345348;0.40154782656644117;0.5984521734335588
1730781185.7103913;/app/bags/user95_2017-02-24.bag;0.834065854549408;0.0;0.9619645476341248;0.0;2.403604411345348;0.40154782656644117;0.5984521734335588
1730781185.9104195;/app/bags/user95_2017-02-24.bag;0.834065854549408;0.0;0.9619645476341248;0.0;2.403604411345348;0.40154782656644117;0.5984521734335588
1730781186.1103916;/app/bags/user95_2017-02-24.bag;0.834065854549408;0.0;0.9619645476341248;0.0;2.403604411345348;0.40154782656644117;0.5984521734335588
1730781186.3103607;/app/bags/user95_2017-02-24.bag;0.834065854549408;0.0;0.9619645476341248;0.0;2.403604411345348;0.40154782656644117;0.5984521734335588
1730781186.51039;/app/bags/user95_2017-02-24.bag;0.834065854549408;0.0;0.9619645476341248;0.0;2.403604411345348;0.40154782656644117;0.5984521734335588
1730781186.7104228;/app/bags/user95_2017-02-24.bag;0.834065854549408;0.0;0.9619645476341248;0.0;2.403604411345348;0.40154782656644117;0.5984521734335588
1730781186.910361;/app/bags/user95_2017-02-24.bag;0.834065854549408;0.0;0.9619645476341248;0.0;2.403604411345348;0.40154782656644117;0.5984521734335588
1730781187.1104696;/app/bags/user95_2017-02-24.bag;0.834065854549408;0.0;0.9619645476341248;0.0;2.403604411345348;0.40154782656644117;0.5984521734335588
1730781187.310418;/app/bags/user95_2017-02-24.bag;0.834065854549408;0.0;0.9619645476341248;0.0;2.403604411345348;0.40154782656644117;0.5984521734335588
1730781187.5103672;/app/bags/user95_2017-02-24.bag;0.834065854549408;0.0;0.9619645476341248;0.0;2.403604411345348;0.40154782656644117;0.5984521734335588
1730781187.7103744;/app/bags/user95_2017-02-24.bag;0.834065854549408;0.0;0.9619645476341248;0.0;2.403604411345348;0.40154782656644117;0.5984521734335588
1730781187.9105077;/app/bags/user95_2017-02-24.bag;0.834065854549408;0.0;0.9619645476341248;0.0;2.403604411345348;0.40154782656644117;0.5984521734335588
1730781188.110376;/app/bags/user95_2017-02-24.bag;0.834065854549408;0.0;0.9619645476341248;0.0;2.403604411345348;0.40154782656644117;0.5984521734335588
1730781188.3104422;/app/bags/user95_2017-02-24.bag;0.834065854549408;0.0;0.9619645476341248;0.0;2.403604411345348;0.40154782656644117;0.5984521734335588
1730781188.5103579;/app/bags/user95_2017-02-24.bag;0.834065854549408;0.0;0.9619645476341248;0.0;2.403604411345348;0.40154782656644117;0.5984521734335588
1730781188.7105653;/app/bags/user95_2017-02-24.bag;0.834065854549408;0.0;0.9619645476341248;0.0;2.403604411345348;0.40154782656644117;0.5984521734335588
1730781188.9104326;/app/bags/user95_2017-02-24.bag;0.834065854549408;0.0;0.9619645476341248;0.0;2.403604411345348;0.40154782656644117;0.5984521734335588
1730781189.1103814;/app/bags/user95_2017-02-24.bag;0.834065854549408;0.0;0.9619645476341248;0.0;2.403604411345348;0.40154782656644117;0.5984521734335588
1730781189.3103938;/app/bags/user95_2017-02-24.bag;0.834065854549408;0.0;0.9619645476341248;0.0;2.403604411345348;0.40154782656644117;0.5984521734335588
1730781189.5103686;/app/bags/user95_2017-02-24.bag;0.834065854549408;0.0;0.9619645476341248;0.0;2.403604411345348;0.40154782656644117;0.5984521734335588
1730781189.710342;/app/bags/user95_2017-02-24.bag;0.834065854549408;0.0;0.9619645476341248;0.0;2.403604411345348;0.40154782656644117;0.5984521734335588
1730781189.9104424;/app/bags/user95_2017-02-24.bag;0.834065854549408;0.0;0.9619645476341248;0.0;2.403604411345348;0.40154782656644117;0.5984521734335588
1730781190.110387;/app/bags/user95_2017-02-24.bag;0.834065854549408;0.0;0.9619645476341248;0.0;2.403604411345348;0.40154782656644117;0.5984521734335588
1730781190.3104546;/app/bags/user95_2017-02-24.bag;0.834065854549408;0.0;0.9619645476341248;0.0;2.403604411345348;0.40154782656644117;0.5984521734335588
1730781190.510378;/app/bags/user95_2017-02-24.bag;0.834065854549408;0.0;0.9619645476341248;0.0;2.403604411345348;0.40154782656644117;0.5984521734335588
1730781190.7103739;/app/bags/user95_2017-02-24.bag;0.834065854549408;0.0;0.9619645476341248;0.0;2.403604411345348;0.40154782656644117;0.5984521734335588
1730781190.9103765;/app/bags/user95_2017-02-24.bag;0.834065854549408;0.0;0.9619645476341248;0.0;2.403604411345348;0.40154782656644117;0.5984521734335588
1730781191.1104205;/app/bags/user95_2017-02-24.bag;0.834065854549408;0.0;0.9619645476341248;0.0;2.403604411345348;0.40154782656644117;0.5984521734335588
1730781191.3103604;/app/bags/user95_2017-02-24.bag;0.834065854549408;0.0;0.9619645476341248;0.0;2.403604411345348;0.40154782656644117;0.5984521734335588
1730781191.5103931;/app/bags/user95_2017-02-24.bag;0.834065854549408;0.0;0.9619645476341248;0.0;2.403604411345348;0.40154782656644117;0.5984521734335588
1730781191.7103841;/app/bags/user95_2017-02-24.bag;0.834065854549408;0.0;0.9619645476341248;0.0;2.403604411345348;0.40154782656644117;0.5984521734335588
1730781191.9103818;/app/bags/user95_2017-02-24.bag;0.834065854549408;0.0;0.9619645476341248;0.0;2.403604411345348;0.40154782656644117;0.5984521734335588
1730781192.110364;/app/bags/user95_2017-02-24.bag;0.834065854549408;0.0;0.9619645476341248;0.0;2.403604411345348;0.40154782656644117;0.5984521734335588
1730781192.3103666;/app/bags/user95_2017-02-24.bag;0.834065854549408;0.0;0.9619645476341248;0.0;2.403604411345348;0.40154782656644117;0.5984521734335588
1730781192.5103645;/app/bags/user95_2017-02-24.bag;0.834065854549408;0.0;0.9619645476341248;0.0;2.403604411345348;0.40154782656644117;0.5984521734335588
1730781192.7104201;/app/bags/user95_2017-02-24.bag;0.834065854549408;0.0;0.9619645476341248;0.0;2.403604411345348;0.40154782656644117;0.5984521734335588
1730781192.9104111;/app/bags/user95_2017-02-24.bag;0.834065854549408;0.0;0.9619645476341248;0.0;2.403604411345348;0.40154782656644117;0.5984521734335588
1730781193.1104;/app/bags/user95_2017-02-24.bag;0.834065854549408;0.0;0.9619645476341248;0.0;2.403604411345348;0.40154782656644117;0.5984521734335588
1730781193.3104348;/app/bags/user95_2017-02-24.bag;0.834065854549408;0.0;0.9619645476341248;0.0;2.403604411345348;0.40154782656644117;0.5984521734335588
1730781193.51043;/app/bags/user95_2017-02-24.bag;0.834065854549408;0.0;0.9619645476341248;0.0;2.403604411345348;0.40154782656644117;0.5984521734335588
1730781193.7104132;/app/bags/user95_2017-02-24.bag;0.834065854549408;0.0;0.9619645476341248;0.0;2.403604411345348;0.40154782656644117;0.5984521734335588
1730781193.9103944;/app/bags/user95_2017-02-24.bag;0.834065854549408;0.0;0.9619645476341248;0.0;2.403604411345348;0.40154782656644117;0.5984521734335588
1730781194.1104202;/app/bags/user95_2017-02-24.bag;0.834065854549408;0.0;0.9619645476341248;0.0;2.403604411345348;0.40154782656644117;0.5984521734335588
1730781194.3103614;/app/bags/user95_2017-02-24.bag;0.834065854549408;0.0;0.9619645476341248;0.0;2.403604411345348;0.40154782656644117;0.5984521734335588
1730781194.5104194;/app/bags/user95_2017-02-24.bag;0.834065854549408;0.0;0.9619645476341248;0.0;2.403604411345348;0.40154782656644117;0.5984521734335588
1730781194.7103958;/app/bags/user95_2017-02-24.bag;0.834065854549408;0.0;0.9619645476341248;0.0;2.403604411345348;0.40154782656644117;0.5984521734335588
1730781194.9103742;/app/bags/user95_2017-02-24.bag;0.834065854549408;0.0;0.9619645476341248;0.0;2.403604411345348;0.40154782656644117;0.5984521734335588
1730781195.11039;/app/bags/user95_2017-02-24.bag;0.834065854549408;0.0;0.9619645476341248;0.0;2.403604411345348;0.40154782656644117;0.5984521734335588
1730781195.3104317;/app/bags/user95_2017-02-24.bag;0.834065854549408;0.0;0.9619645476341248;0.0;2.403604411345348;0.40154782656644117;0.5984521734335588
1730781195.5104005;/app/bags/user95_2017-02-24.bag;0.834065854549408;0.0;0.9619645476341248;0.0;2.403604411345348;0.40154782656644117;0.5984521734335588
1730781195.710401;/app/bags/user95_2017-02-24.bag;0.834065854549408;0.0;0.9619645476341248;0.0;2.403604411345348;0.40154782656644117;0.5984521734335588
1730781195.9103673;/app/bags/user95_2017-02-24.bag;0.834065854549408;0.0;0.9619645476341248;0.0;2.403604411345348;0.40154782656644117;0.5984521734335588
1730781196.110404;/app/bags/user95_2017-02-24.bag;0.834065854549408;0.0;0.9619645476341248;0.0;2.403604411345348;0.40154782656644117;0.5984521734335588
1730781196.3105252;/app/bags/user95_2017-02-24.bag;0.834065854549408;0.0;0.9619645476341248;0.0;2.403604411345348;0.40154782656644117;0.5984521734335588
1730781196.510397;/app/bags/user95_2017-02-24.bag;0.834065854549408;0.0;0.9619645476341248;0.0;2.403604411345348;0.40154782656644117;0.5984521734335588
1730781196.710377;/app/bags/user95_2017-02-24.bag;0.834065854549408;0.0;0.9619645476341248;0.0;2.403604411345348;0.40154782656644117;0.5984521734335588
1730781196.9104326;/app/bags/user95_2017-02-24.bag;0.834065854549408;0.0;0.9619645476341248;0.0;2.403604411345348;0.40154782656644117;0.5984521734335588
1730781197.110404;/app/bags/user95_2017-02-24.bag;0.834065854549408;0.0;0.9619645476341248;0.0;2.403604411345348;0.40154782656644117;0.5984521734335588
1730781197.3103757;/app/bags/user95_2017-02-24.bag;0.834065854549408;0.0;0.9619645476341248;0.0;2.403604411345348;0.40154782656644117;0.5984521734335588
1730781197.5103989;/app/bags/user95_2017-02-24.bag;0.834065854549408;0.0;0.9619645476341248;0.0;2.403604411345348;0.40154782656644117;0.5984521734335588
1730781197.7104018;/app/bags/user95_2017-02-24.bag;0.834065854549408;0.0;0.9619645476341248;0.0;2.403604411345348;0.40154782656644117;0.5984521734335588
1730781197.9104257;/app/bags/user95_2017-02-24.bag;0.834065854549408;0.0;0.9619645476341248;0.0;2.403604411345348;0.40154782656644117;0.5984521734335588
1730781198.1104064;/app/bags/user95_2017-02-24.bag;0.834065854549408;0.0;0.9619645476341248;0.0;2.403604411345348;0.40154782656644117;0.5984521734335588
1730781198.3103805;/app/bags/user95_2017-02-24.bag;0.834065854549408;0.0;0.9619645476341248;0.0;2.403604411345348;0.40154782656644117;0.5984521734335588
1730781198.5104094;/app/bags/user95_2017-02-24.bag;0.834065854549408;0.0;0.9619645476341248;0.0;2.403604411345348;0.40154782656644117;0.5984521734335588
1730781198.710407;/app/bags/user95_2017-02-24.bag;0.834065854549408;0.0;0.9619645476341248;0.0;2.403604411345348;0.40154782656644117;0.5984521734335588
1730781198.9104125;/app/bags/user95_2017-02-24.bag;0.834065854549408;0.0;0.9619645476341248;0.0;2.403604411345348;0.40154782656644117;0.5984521734335588
1730781199.110454;/app/bags/user95_2017-02-24.bag;0.834065854549408;0.0;0.9619645476341248;0.0;2.403604411345348;0.40154782656644117;0.5984521734335588
1730781199.3103564;/app/bags/user95_2017-02-24.bag;0.834065854549408;0.0;0.9619645476341248;0.0;2.403604411345348;0.40154782656644117;0.5984521734335588
1730781199.5103674;/app/bags/user95_2017-02-24.bag;0.834065854549408;0.0;0.9619645476341248;0.0;2.403604411345348;0.40154782656644117;0.5984521734335588
1730781199.7103744;/app/bags/user95_2017-02-24.bag;0.834065854549408;0.0;0.9619645476341248;0.0;2.403604411345348;0.40154782656644117;0.5984521734335588
1730781199.9103918;/app/bags/user95_2017-02-24.bag;0.834065854549408;0.0;0.9619645476341248;0.0;2.403604411345348;0.40154782656644117;0.5984521734335588
1730781200.1103892;/app/bags/user95_2017-02-24.bag;0.834065854549408;0.0;0.9619645476341248;0.0;2.403604411345348;0.40154782656644117;0.5984521734335588
1730781200.3103762;/app/bags/user95_2017-02-24.bag;0.834065854549408;0.0;0.9619645476341248;0.0;2.403604411345348;0.40154782656644117;0.5984521734335588
1730781200.510421;/app/bags/user95_2017-02-24.bag;0.834065854549408;0.0;0.9619645476341248;0.0;2.403604411345348;0.40154782656644117;0.5984521734335588
1730781200.7104058;/app/bags/user95_2017-02-24.bag;0.834065854549408;0.0;0.9619645476341248;0.0;2.403604411345348;0.40154782656644117;0.5984521734335588
1730781200.9103854;/app/bags/user95_2017-02-24.bag;0.834065854549408;0.0;0.9619645476341248;0.0;2.403604411345348;0.40154782656644117;0.5984521734335588
1730781201.1103785;/app/bags/user95_2017-02-24.bag;0.834065854549408;0.0;0.9619645476341248;0.0;2.403604411345348;0.40154782656644117;0.5984521734335588
1730781201.3104167;/app/bags/user95_2017-02-24.bag;0.834065854549408;0.0;0.9619645476341248;0.0;2.403604411345348;0.40154782656644117;0.5984521734335588
1730781201.510435;/app/bags/user95_2017-02-24.bag;0.834065854549408;0.0;0.9619645476341248;0.0;2.403604411345348;0.40154782656644117;0.5984521734335588
1730781201.7104156;/app/bags/user95_2017-02-24.bag;0.834065854549408;0.0;0.9619645476341248;0.0;2.403604411345348;0.40154782656644117;0.5984521734335588
1730781201.910401;/app/bags/user95_2017-02-24.bag;0.834065854549408;0.0;0.9619645476341248;0.0;2.403604411345348;0.40154782656644117;0.5984521734335588
1730781202.1104138;/app/bags/user95_2017-02-24.bag;0.834065854549408;0.0;0.9619645476341248;0.0;2.403604411345348;0.40154782656644117;0.5984521734335588
1730781202.3104458;/app/bags/user95_2017-02-24.bag;0.834065854549408;0.0;0.9619645476341248;0.0;2.403604411345348;0.40154782656644117;0.5984521734335588
1730781202.5103877;/app/bags/user95_2017-02-24.bag;0.834065854549408;0.0;0.9619645476341248;0.0;2.403604411345348;0.40154782656644117;0.5984521734335588
1730781202.7104003;/app/bags/user95_2017-02-24.bag;0.834065854549408;0.0;0.9619645476341248;0.0;2.403604411345348;0.40154782656644117;0.5984521734335588
1730781202.9103684;/app/bags/user95_2017-02-24.bag;0.834065854549408;0.0;0.9619645476341248;0.0;2.403604411345348;0.40154782656644117;0.5984521734335588
1730781203.1103776;/app/bags/user95_2017-02-24.bag;0.834065854549408;0.0;0.9619645476341248;0.0;2.403604411345348;0.40154782656644117;0.5984521734335588
1730781203.310405;/app/bags/user95_2017-02-24.bag;0.834065854549408;0.0;0.9619645476341248;0.0;2.403604411345348;0.40154782656644117;0.5984521734335588
1730781203.5103796;/app/bags/user95_2017-02-24.bag;0.834065854549408;0.0;0.9619645476341248;0.0;2.403604411345348;0.40154782656644117;0.5984521734335588
1730781203.7104416;/app/bags/user95_2017-02-24.bag;0.834065854549408;0.0;0.9619645476341248;0.0;2.403604411345348;0.40154782656644117;0.5984521734335588
1730781203.9104052;/app/bags/user95_2017-02-24.bag;0.834065854549408;0.0;0.9619645476341248;0.0;2.403604411345348;0.40154782656644117;0.5984521734335588
1730781204.1106086;/app/bags/user95_2017-02-24.bag;0.834065854549408;0.0;0.9619645476341248;0.0;2.403604411345348;0.40154782656644117;0.5984521734335588
1730781204.3104007;/app/bags/user95_2017-02-24.bag;0.834065854549408;0.0;0.9619645476341248;0.0;2.403604411345348;0.40154782656644117;0.5984521734335588
1730781204.510488;/app/bags/user95_2017-02-24.bag;0.834065854549408;0.0;0.9619645476341248;0.0;2.403604411345348;0.40154782656644117;0.5984521734335588
1730781204.7103732;/app/bags/user95_2017-02-24.bag;0.834065854549408;0.0;0.9619645476341248;0.0;2.403604411345348;0.40154782656644117;0.5984521734335588
1730781204.9103649;/app/bags/user95_2017-02-24.bag;0.834065854549408;0.0;0.9619645476341248;0.0;2.403604411345348;0.40154782656644117;0.5984521734335588
1730781205.110396;/app/bags/user95_2017-02-24.bag;0.834065854549408;0.0;0.9619645476341248;0.0;2.403604411345348;0.40154782656644117;0.5984521734335588
1730781205.3103857;/app/bags/user95_2017-02-24.bag;0.834065854549408;0.0;0.9619645476341248;0.0;2.403604411345348;0.40154782656644117;0.5984521734335588
1730781205.5103478;/app/bags/user95_2017-02-24.bag;0.834065854549408;0.0;0.9619645476341248;0.0;2.403604411345348;0.40154782656644117;0.5984521734335588
1730781205.710385;/app/bags/user95_2017-02-24.bag;0.834065854549408;0.0;0.9619645476341248;0.0;2.403604411345348;0.40154782656644117;0.5984521734335588
1730781205.9103763;/app/bags/user95_2017-02-24.bag;0.834065854549408;0.0;0.9619645476341248;0.0;2.403604411345348;0.40154782656644117;0.5984521734335588
1730781206.1104043;/app/bags/user95_2017-02-24.bag;0.834065854549408;0.0;0.9619645476341248;0.0;2.403604411345348;0.40154782656644117;0.5984521734335588
1730781206.3104112;/app/bags/user95_2017-02-24.bag;0.834065854549408;0.0;0.9619645476341248;0.0;2.403604411345348;0.40154782656644117;0.5984521734335588
1730781206.5103827;/app/bags/user95_2017-02-24.bag;0.834065854549408;0.0;0.9619645476341248;0.0;2.403604411345348;0.40154782656644117;0.5984521734335588
1730781206.7103875;/app/bags/user95_2017-02-24.bag;0.834065854549408;0.0;0.9619645476341248;0.0;2.403604411345348;0.40154782656644117;0.5984521734335588
1730781206.9103978;/app/bags/user95_2017-02-24.bag;0.834065854549408;0.0;0.9619645476341248;0.0;2.403604411345348;0.40154782656644117;0.5984521734335588
1730781207.1103888;/app/bags/user95_2017-02-24.bag;0.834065854549408;0.0;0.9619645476341248;0.0;2.403604411345348;0.40154782656644117;0.5984521734335588
1730781207.3103826;/app/bags/user95_2017-02-24.bag;0.834065854549408;0.0;0.9619645476341248;0.0;2.403604411345348;0.40154782656644117;0.5984521734335588
1730781207.510404;/app/bags/user95_2017-02-24.bag;0.834065854549408;0.0;0.9619645476341248;0.0;2.403604411345348;0.40154782656644117;0.5984521734335588
1730781207.710427;/app/bags/user95_2017-02-24.bag;0.834065854549408;0.0;0.9619645476341248;0.0;2.403604411345348;0.40154782656644117;0.5984521734335588
1730781207.910401;/app/bags/user95_2017-02-24.bag;0.834065854549408;0.0;0.9619645476341248;0.0;2.403604411345348;0.40154782656644117;0.5984521734335588
1730781208.1103742;/app/bags/user95_2017-02-24.bag;0.834065854549408;0.0;0.9619645476341248;0.0;2.403604411345348;0.40154782656644117;0.5984521734335588
1730781208.3103542;/app/bags/user95_2017-02-24.bag;0.834065854549408;0.0;0.9619645476341248;0.0;2.403604411345348;0.40154782656644117;0.5984521734335588
1730781208.5104258;/app/bags/user95_2017-02-24.bag;0.834065854549408;0.0;0.9619645476341248;0.0;2.403604411345348;0.40154782656644117;0.5984521734335588
1730781208.7103806;/app/bags/user95_2017-02-24.bag;0.834065854549408;0.0;0.9619645476341248;0.0;2.403604411345348;0.40154782656644117;0.5984521734335588
1730781208.9104414;/app/bags/user95_2017-02-24.bag;0.834065854549408;0.0;0.9619645476341248;0.0;2.403604411345348;0.40154782656644117;0.5984521734335588
1730781209.110352;/app/bags/user95_2017-02-24.bag;0.834065854549408;0.0;0.9619645476341248;0.0;2.403604411345348;0.40154782656644117;0.5984521734335588
1730781209.3103452;/app/bags/user95_2017-02-24.bag;0.834065854549408;0.0;0.9619645476341248;0.0;2.403604411345348;0.40154782656644117;0.5984521734335588
1730781209.5104213;/app/bags/user95_2017-02-24.bag;0.834065854549408;0.0;0.9619645476341248;0.0;2.403604411345348;0.40154782656644117;0.5984521734335588
1730781209.7104154;/app/bags/user95_2017-02-24.bag;0.834065854549408;0.0;0.9619645476341248;0.0;2.403604411345348;0.40154782656644117;0.5984521734335588
1730781209.9103422;/app/bags/user95_2017-02-24.bag;0.834065854549408;0.0;0.9619645476341248;0.0;2.403604411345348;0.40154782656644117;0.5984521734335588
1730781210.1102595;/app/bags/user95_2017-02-24.bag;0.834065854549408;0.0;0.9619645476341248;0.0;2.403604411345348;0.40154782656644117;0.5984521734335588
1730781210.310433;/app/bags/user95_2017-02-24.bag;0.834065854549408;0.0;0.9619645476341248;0.0;2.403604411345348;0.40154782656644117;0.5984521734335588
1730781210.5104253;/app/bags/user95_2017-02-24.bag;0.834065854549408;0.0;0.9619645476341248;0.0;2.403604411345348;0.40154782656644117;0.5984521734335588
1730781210.710397;/app/bags/user95_2017-02-24.bag;0.834065854549408;0.0;0.9619645476341248;0.0;2.403604411345348;0.40154782656644117;0.5984521734335588
1730781210.9104183;/app/bags/user95_2017-02-24.bag;0.834065854549408;0.0;0.9619645476341248;0.0;2.403604411345348;0.40154782656644117;0.5984521734335588
1730781211.1102595;/app/bags/user95_2017-02-24.bag;0.834065854549408;0.0;0.9619645476341248;0.0;2.403604411345348;0.40154782656644117;0.5984521734335588
1730781211.3104022;/app/bags/user95_2017-02-24.bag;0.834065854549408;0.0;0.9619645476341248;0.0;2.403604411345348;0.40154782656644117;0.5984521734335588
1730781211.5104349;/app/bags/user95_2017-02-24.bag;0.834065854549408;0.0;0.9619645476341248;0.0;2.403604411345348;0.40154782656644117;0.5984521734335588
1730781211.7103727;/app/bags/user95_2017-02-24.bag;0.834065854549408;0.0;0.9619645476341248;0.0;2.403604411345348;0.40154782656644117;0.5984521734335588
1730781211.9104161;/app/bags/user95_2017-02-24.bag;0.834065854549408;0.0;0.9619645476341248;0.0;2.403604411345348;0.40154782656644117;0.5984521734335588
1730781212.1104145;/app/bags/user95_2017-02-24.bag;0.834065854549408;0.0;0.9619645476341248;0.0;2.403604411345348;0.40154782656644117;0.5984521734335588
1730781212.3103867;/app/bags/user95_2017-02-24.bag;0.834065854549408;0.0;0.9619645476341248;0.0;2.403604411345348;0.40154782656644117;0.5984521734335588
1730781212.5105684;/app/bags/user95_2017-02-24.bag;0.834065854549408;0.0;0.9619645476341248;0.0;2.403604411345348;0.40154782656644117;0.5984521734335588
1730781212.7104099;/app/bags/user95_2017-02-24.bag;0.834065854549408;0.0;0.9619645476341248;0.0;2.403604411345348;0.40154782656644117;0.5984521734335588
1730781212.9104521;/app/bags/user95_2017-02-24.bag;0.834065854549408;0.0;0.9619645476341248;0.0;2.403604411345348;0.40154782656644117;0.5984521734335588
1730781213.1103587;/app/bags/user95_2017-02-24.bag;0.834065854549408;0.0;0.9619645476341248;0.0;2.403604411345348;0.40154782656644117;0.5984521734335588
1730781213.3103817;/app/bags/user95_2017-02-24.bag;0.834065854549408;0.0;0.9619645476341248;0.0;2.403604411345348;0.40154782656644117;0.5984521734335588
1730781213.5103927;/app/bags/user95_2017-02-24.bag;0.834065854549408;0.0;0.9619645476341248;0.0;2.403604411345348;0.40154782656644117;0.5984521734335588
1730781213.7105167;/app/bags/user95_2017-02-24.bag;0.834065854549408;0.0;0.9619645476341248;0.0;2.403604411345348;0.40154782656644117;0.5984521734335588
1730781213.9103863;/app/bags/user95_2017-02-24.bag;0.834065854549408;0.0;0.9619645476341248;0.0;2.403604411345348;0.40154782656644117;0.5984521734335588
1730781214.1104064;/app/bags/user95_2017-02-24.bag;0.834065854549408;0.0;0.9619645476341248;0.0;2.403604411345348;0.40154782656644117;0.5984521734335588
1730781214.3103762;/app/bags/user95_2017-02-24.bag;0.834065854549408;0.0;0.9619645476341248;0.0;2.403604411345348;0.40154782656644117;0.5984521734335588
1730781214.510393;/app/bags/user95_2017-02-24.bag;0.834065854549408;0.0;0.9619645476341248;0.0;2.403604411345348;0.40154782656644117;0.5984521734335588
1730781214.7103848;/app/bags/user95_2017-02-24.bag;0.834065854549408;0.0;0.9619645476341248;0.0;2.403604411345348;0.40154782656644117;0.5984521734335588
1730781214.910401;/app/bags/user95_2017-02-24.bag;0.834065854549408;0.0;0.9619645476341248;0.0;2.403604411345348;0.40154782656644117;0.5984521734335588
1730781215.110401;/app/bags/user95_2017-02-24.bag;0.834065854549408;0.0;0.9619645476341248;0.0;2.403604411345348;0.40154782656644117;0.5984521734335588
1730781215.3105156;/app/bags/user95_2017-02-24.bag;0.834065854549408;0.0;0.9619645476341248;0.0;2.403604411345348;0.40154782656644117;0.5984521734335588
1730781215.51038;/app/bags/user95_2017-02-24.bag;0.834065854549408;0.0;0.9619645476341248;0.0;2.403604411345348;0.40154782656644117;0.5984521734335588
1730781215.7104437;/app/bags/user95_2017-02-24.bag;0.834065854549408;0.0;0.9619645476341248;0.0;2.403604411345348;0.40154782656644117;0.5984521734335588
1730781215.9103513;/app/bags/user95_2017-02-24.bag;0.834065854549408;0.0;0.9619645476341248;0.0;2.403604411345348;0.40154782656644117;0.5984521734335588
1730781216.110539;/app/bags/user95_2017-02-24.bag;0.834065854549408;0.0;0.9619645476341248;0.0;2.403604411345348;0.40154782656644117;0.5984521734335588
1730781216.3104155;/app/bags/user95_2017-02-24.bag;0.834065854549408;0.0;0.9619645476341248;0.0;2.403604411345348;0.40154782656644117;0.5984521734335588
1730781216.5104458;/app/bags/user95_2017-02-24.bag;0.834065854549408;0.0;0.9619645476341248;0.0;2.403604411345348;0.40154782656644117;0.5984521734335588
1730781216.7104394;/app/bags/user95_2017-02-24.bag;0.834065854549408;0.0;0.9619645476341248;0.0;2.403604411345348;0.40154782656644117;0.5984521734335588
1730781216.9103787;/app/bags/user95_2017-02-24.bag;0.834065854549408;0.0;0.9619645476341248;0.0;2.403604411345348;0.40154782656644117;0.5984521734335588
1730781217.1104412;/app/bags/user95_2017-02-24.bag;0.834065854549408;0.0;0.9619645476341248;0.0;2.403604411345348;0.40154782656644117;0.5984521734335588
1730781217.3103592;/app/bags/user95_2017-02-24.bag;0.834065854549408;0.0;0.9619645476341248;0.0;2.403604411345348;0.40154782656644117;0.5984521734335588
1730781217.5103908;/app/bags/user95_2017-02-24.bag;0.834065854549408;0.0;0.9619645476341248;0.0;2.403604411345348;0.40154782656644117;0.5984521734335588
1730781217.710382;/app/bags/user95_2017-02-24.bag;0.834065854549408;0.0;0.9619645476341248;0.0;2.403604411345348;0.40154782656644117;0.5984521734335588
1730781217.9104;/app/bags/user95_2017-02-24.bag;0.834065854549408;0.0;0.9619645476341248;0.0;2.403604411345348;0.40154782656644117;0.5984521734335588
1730781218.1103883;/app/bags/user95_2017-02-24.bag;0.834065854549408;0.0;0.9619645476341248;0.0;2.403604411345348;0.40154782656644117;0.5984521734335588
1730781218.310373;/app/bags/user95_2017-02-24.bag;0.834065854549408;0.0;0.9619645476341248;0.0;2.403604411345348;0.40154782656644117;0.5984521734335588
1730781218.51038;/app/bags/user95_2017-02-24.bag;0.834065854549408;0.0;0.9619645476341248;0.0;2.403604411345348;0.40154782656644117;0.5984521734335588
1730781218.7104185;/app/bags/user95_2017-02-24.bag;0.834065854549408;0.0;0.9619645476341248;0.0;2.403604411345348;0.40154782656644117;0.5984521734335588
1730781218.9104006;/app/bags/user95_2017-02-24.bag;0.834065854549408;0.0;0.9619645476341248;0.0;2.403604411345348;0.40154782656644117;0.5984521734335588
1730781219.110365;/app/bags/user95_2017-02-24.bag;0.834065854549408;0.0;0.9619645476341248;0.0;2.403604411345348;0.40154782656644117;0.5984521734335588
1730781219.3104353;/app/bags/user95_2017-02-24.bag;0.834065854549408;0.0;0.9619645476341248;0.0;2.403604411345348;0.40154782656644117;0.5984521734335588
1730781219.51036;/app/bags/user95_2017-02-24.bag;0.834065854549408;0.0;0.9619645476341248;0.0;2.403604411345348;0.40154782656644117;0.5984521734335588
1730781219.7105196;/app/bags/user95_2017-02-24.bag;0.834065854549408;0.0;0.9619645476341248;0.0;2.403604411345348;0.40154782656644117;0.5984521734335588
1730781219.910399;/app/bags/user95_2017-02-24.bag;0.834065854549408;0.0;0.9619645476341248;0.0;2.403604411345348;0.40154782656644117;0.5984521734335588
1730781220.1103797;/app/bags/user95_2017-02-24.bag;0.834065854549408;0.0;0.9619645476341248;0.0;2.403604411345348;0.40154782656644117;0.5984521734335588
1730781220.31039;/app/bags/user95_2017-02-24.bag;0.834065854549408;0.0;0.9619645476341248;0.0;2.403604411345348;0.40154782656644117;0.5984521734335588
1730781220.5103786;/app/bags/user95_2017-02-24.bag;0.834065854549408;0.0;0.9619645476341248;0.0;2.403604411345348;0.40154782656644117;0.5984521734335588
1730781220.7103772;/app/bags/user95_2017-02-24.bag;0.834065854549408;0.0;0.9619645476341248;0.0;2.403604411345348;0.40154782656644117;0.5984521734335588
1730781220.9104433;/app/bags/user95_2017-02-24.bag;0.834065854549408;0.0;0.9619645476341248;0.0;2.403604411345348;0.40154782656644117;0.5984521734335588
1730781221.1103716;/app/bags/user95_2017-02-24.bag;0.834065854549408;0.0;0.9619645476341248;0.0;2.403604411345348;0.40154782656644117;0.5984521734335588
1730781221.3103945;/app/bags/user95_2017-02-24.bag;0.834065854549408;0.0;0.9619645476341248;0.0;2.403604411345348;0.40154782656644117;0.5984521734335588
1730781221.5104172;/app/bags/user95_2017-02-24.bag;0.834065854549408;0.0;0.9619645476341248;0.0;2.403604411345348;0.40154782656644117;0.5984521734335588
1730781221.7103705;/app/bags/user95_2017-02-24.bag;0.834065854549408;0.0;0.9619645476341248;0.0;2.403604411345348;0.40154782656644117;0.5984521734335588
1730781221.9103835;/app/bags/user95_2017-02-24.bag;0.834065854549408;0.0;0.9619645476341248;0.0;2.403604411345348;0.40154782656644117;0.5984521734335588
1730781222.1103783;/app/bags/user95_2017-02-24.bag;0.834065854549408;0.0;0.9619645476341248;0.0;2.403604411345348;0.40154782656644117;0.5984521734335588
1730781222.310443;/app/bags/user95_2017-02-24.bag;0.834065854549408;0.0;0.9619645476341248;0.0;2.403604411345348;0.40154782656644117;0.5984521734335588
1730781222.5103807;/app/bags/user95_2017-02-24.bag;0.834065854549408;0.0;0.9619645476341248;0.0;2.403604411345348;0.40154782656644117;0.5984521734335588
1730781222.710356;/app/bags/user95_2017-02-24.bag;0.834065854549408;0.0;0.9619645476341248;0.0;2.403604411345348;0.40154782656644117;0.5984521734335588
1730781222.9103947;/app/bags/user95_2017-02-24.bag;0.834065854549408;0.0;0.9619645476341248;0.0;2.403604411345348;0.40154782656644117;0.5984521734335588
1730781223.1103842;/app/bags/user95_2017-02-24.bag;0.834065854549408;0.0;0.9619645476341248;0.0;2.403604411345348;0.40154782656644117;0.5984521734335588
1730781223.3103733;/app/bags/user95_2017-02-24.bag;0.834065854549408;0.0;0.9619645476341248;0.0;2.403604411345348;0.40154782656644117;0.5984521734335588
1730781223.5104148;/app/bags/user95_2017-02-24.bag;0.834065854549408;0.0;0.9619645476341248;0.0;2.403604411345348;0.40154782656644117;0.5984521734335588
1730781223.710404;/app/bags/user95_2017-02-24.bag;0.834065854549408;0.0;0.9619645476341248;0.0;2.403604411345348;0.40154782656644117;0.5984521734335588
1730781223.910378;/app/bags/user95_2017-02-24.bag;0.834065854549408;0.0;0.9619645476341248;0.0;2.403604411345348;0.40154782656644117;0.5984521734335588
1730781224.1105628;/app/bags/user95_2017-02-24.bag;0.834065854549408;0.0;0.9619645476341248;0.0;2.403604411345348;0.40154782656644117;0.5984521734335588
1730781224.3103788;/app/bags/user95_2017-02-24.bag;0.834065854549408;0.0;0.9619645476341248;0.0;2.403604411345348;0.40154782656644117;0.5984521734335588
1730781224.5103936;/app/bags/user95_2017-02-24.bag;0.834065854549408;0.0;0.9619645476341248;0.0;2.403604411345348;0.40154782656644117;0.5984521734335588
1730781224.7103872;/app/bags/user95_2017-02-24.bag;0.834065854549408;0.0;0.9619645476341248;0.0;2.403604411345348;0.40154782656644117;0.5984521734335588
1730781224.9103446;/app/bags/user95_2017-02-24.bag;0.834065854549408;0.0;0.9619645476341248;0.0;2.403604411345348;0.40154782656644117;0.5984521734335588
1730781225.1104257;/app/bags/user95_2017-02-24.bag;0.834065854549408;0.0;0.9619645476341248;0.0;2.403604411345348;0.40154782656644117;0.5984521734335588
1730781225.3103786;/app/bags/user95_2017-02-24.bag;0.834065854549408;0.0;0.9619645476341248;0.0;2.403604411345348;0.40154782656644117;0.5984521734335588
1730781225.510381;/app/bags/user95_2017-02-24.bag;0.834065854549408;0.0;0.9619645476341248;0.0;2.403604411345348;0.40154782656644117;0.5984521734335588
1730781225.7103617;/app/bags/user95_2017-02-24.bag;0.834065854549408;0.0;0.9619645476341248;0.0;2.403604411345348;0.40154782656644117;0.5984521734335588
1730781225.9103823;/app/bags/user95_2017-02-24.bag;0.834065854549408;0.0;0.9619645476341248;0.0;2.403604411345348;0.40154782656644117;0.5984521734335588
1730781226.110387;/app/bags/user95_2017-02-24.bag;0.834065854549408;0.0;0.9619645476341248;0.0;2.403604411345348;0.40154782656644117;0.5984521734335588
1730781226.3104553;/app/bags/user95_2017-02-24.bag;0.834065854549408;0.0;0.9619645476341248;0.0;2.403604411345348;0.40154782656644117;0.5984521734335588
1730781226.5103652;/app/bags/user95_2017-02-24.bag;0.834065854549408;0.0;0.9619645476341248;0.0;2.403604411345348;0.40154782656644117;0.5984521734335588
1730781226.7103605;/app/bags/user95_2017-02-24.bag;0.834065854549408;0.0;0.9619645476341248;0.0;2.403604411345348;0.40154782656644117;0.5984521734335588
1730781226.910374;/app/bags/user95_2017-02-24.bag;0.834065854549408;0.0;0.9619645476341248;0.0;2.403604411345348;0.40154782656644117;0.5984521734335588
1730781227.110513;/app/bags/user95_2017-02-24.bag;0.834065854549408;0.0;0.9619645476341248;0.0;2.403604411345348;0.40154782656644117;0.5984521734335588
1730781227.3104136;/app/bags/user95_2017-02-24.bag;0.834065854549408;0.0;0.9619645476341248;0.0;2.403604411345348;0.40154782656644117;0.5984521734335588
1730781227.5103905;/app/bags/user95_2017-02-24.bag;0.834065854549408;0.0;0.9619645476341248;0.0;2.403604411345348;0.40154782656644117;0.5984521734335588
1730781227.7103658;/app/bags/user95_2017-02-24.bag;0.834065854549408;0.0;0.9619645476341248;0.0;2.403604411345348;0.40154782656644117;0.5984521734335588
1730781227.910365;/app/bags/user95_2017-02-24.bag;0.834065854549408;0.0;0.9619645476341248;0.0;2.403604411345348;0.40154782656644117;0.5984521734335588
1730781228.1103966;/app/bags/user95_2017-02-24.bag;0.834065854549408;0.0;0.9619645476341248;0.0;2.403604411345348;0.40154782656644117;0.5984521734335588
1730781228.3103683;/app/bags/user95_2017-02-24.bag;0.834065854549408;0.0;0.9619645476341248;0.0;2.403604411345348;0.40154782656644117;0.5984521734335588
1730781228.510424;/app/bags/user95_2017-02-24.bag;0.834065854549408;0.0;0.9619645476341248;0.0;2.403604411345348;0.40154782656644117;0.5984521734335588
1730781228.710422;/app/bags/user95_2017-02-24.bag;0.834065854549408;0.0;0.9619645476341248;0.0;2.403604411345348;0.40154782656644117;0.5984521734335588
1730781228.9103734;/app/bags/user95_2017-02-24.bag;0.834065854549408;0.0;0.9619645476341248;0.0;2.403604411345348;0.40154782656644117;0.5984521734335588
1730781229.110503;/app/bags/user95_2017-02-24.bag;0.834065854549408;0.0;0.9619645476341248;0.0;2.403604411345348;0.40154782656644117;0.5984521734335588
1730781229.3104289;/app/bags/user95_2017-02-24.bag;0.834065854549408;0.0;0.9619645476341248;0.0;2.403604411345348;0.40154782656644117;0.5984521734335588
1730781229.5104163;/app/bags/user95_2017-02-24.bag;0.834065854549408;0.0;0.9619645476341248;0.0;2.403604411345348;0.40154782656644117;0.5984521734335588
1730781229.7103908;/app/bags/user95_2017-02-24.bag;0.834065854549408;0.0;0.9619645476341248;0.0;2.403604411345348;0.40154782656644117;0.5984521734335588
1730781229.9103725;/app/bags/user95_2017-02-24.bag;0.834065854549408;0.0;0.9619645476341248;0.0;2.403604411345348;0.40154782656644117;0.5984521734335588
1730781230.1104121;/app/bags/user95_2017-02-24.bag;0.834065854549408;0.0;0.9619645476341248;0.0;2.403604411345348;0.40154782656644117;0.5984521734335588
1730781230.3103766;/app/bags/user95_2017-02-24.bag;0.834065854549408;0.0;0.9619645476341248;0.0;2.403604411345348;0.40154782656644117;0.5984521734335588
1730781230.5103974;/app/bags/user95_2017-02-24.bag;0.834065854549408;0.0;0.9619645476341248;0.0;2.403604411345348;0.40154782656644117;0.5984521734335588
1730781230.7103853;/app/bags/user95_2017-02-24.bag;0.834065854549408;0.0;0.9619645476341248;0.0;2.403604411345348;0.40154782656644117;0.5984521734335588
1730781230.9103668;/app/bags/user95_2017-02-24.bag;0.834065854549408;0.0;0.9619645476341248;0.0;2.403604411345348;0.40154782656644117;0.5984521734335588
1730781231.1104476;/app/bags/user95_2017-02-24.bag;0.834065854549408;0.0;0.9619645476341248;0.0;2.403604411345348;0.40154782656644117;0.5984521734335588
1730781231.3103848;/app/bags/user95_2017-02-24.bag;0.834065854549408;0.0;0.9619645476341248;0.0;2.403604411345348;0.40154782656644117;0.5984521734335588
1730781231.5103838;/app/bags/user95_2017-02-24.bag;0.834065854549408;0.0;0.9619645476341248;0.0;2.403604411345348;0.40154782656644117;0.5984521734335588
1730781231.7103906;/app/bags/user95_2017-02-24.bag;0.834065854549408;0.0;0.9619645476341248;0.0;2.403604411345348;0.40154782656644117;0.5984521734335588
1730781231.9104857;/app/bags/user95_2017-02-24.bag;0.834065854549408;0.0;0.9619645476341248;0.0;2.403604411345348;0.40154782656644117;0.5984521734335588
1730781232.1103988;/app/bags/user95_2017-02-24.bag;0.834065854549408;0.0;0.9619645476341248;0.0;2.403604411345348;0.40154782656644117;0.5984521734335588
1730781232.3104289;/app/bags/user95_2017-02-24.bag;0.834065854549408;0.0;0.9619645476341248;0.0;2.403604411345348;0.40154782656644117;0.5984521734335588
1730781232.5104055;/app/bags/user95_2017-02-24.bag;0.834065854549408;0.0;0.9619645476341248;0.0;2.403604411345348;0.40154782656644117;0.5984521734335588
1730781232.710388;/app/bags/user95_2017-02-24.bag;0.834065854549408;0.0;0.9619645476341248;0.0;2.403604411345348;0.40154782656644117;0.5984521734335588
1730781232.9104075;/app/bags/user95_2017-02-24.bag;0.834065854549408;0.0;0.9619645476341248;0.0;2.403604411345348;0.40154782656644117;0.5984521734335588
1730781233.1103828;/app/bags/user95_2017-02-24.bag;0.834065854549408;0.0;0.9619645476341248;0.0;2.403604411345348;0.40154782656644117;0.5984521734335588
1730781233.3104002;/app/bags/user95_2017-02-24.bag;0.834065854549408;0.0;0.9619645476341248;0.0;2.403604411345348;0.40154782656644117;0.5984521734335588
1730781233.510382;/app/bags/user95_2017-02-24.bag;0.834065854549408;0.0;0.9619645476341248;0.0;2.403604411345348;0.40154782656644117;0.5984521734335588
1730781233.7104163;/app/bags/user95_2017-02-24.bag;0.834065854549408;0.0;0.9619645476341248;0.0;2.403604411345348;0.40154782656644117;0.5984521734335588
1730781233.9104419;/app/bags/user95_2017-02-24.bag;0.834065854549408;0.0;0.9619645476341248;0.0;2.403604411345348;0.40154782656644117;0.5984521734335588
1730781234.110389;/app/bags/user95_2017-02-24.bag;0.834065854549408;0.0;0.9619645476341248;0.0;2.403604411345348;0.40154782656644117;0.5984521734335588
1730781234.3104324;/app/bags/user95_2017-02-24.bag;0.834065854549408;0.0;0.9619645476341248;0.0;2.403604411345348;0.40154782656644117;0.5984521734335588
1730781234.5103846;/app/bags/user95_2017-02-24.bag;0.834065854549408;0.0;0.9619645476341248;0.0;2.403604411345348;0.40154782656644117;0.5984521734335588
1730781234.7103791;/app/bags/user95_2017-02-24.bag;0.834065854549408;0.0;0.9619645476341248;0.0;2.403604411345348;0.40154782656644117;0.5984521734335588
1730781234.9102225;/app/bags/user95_2017-02-24.bag;0.834065854549408;0.0;0.9619645476341248;0.0;2.403604411345348;0.40154782656644117;0.5984521734335588
1730781235.1103778;/app/bags/user95_2017-02-24.bag;0.834065854549408;0.0;0.9619645476341248;0.0;2.403604411345348;0.40154782656644117;0.5984521734335588
1730781235.3104136;/app/bags/user95_2017-02-24.bag;0.834065854549408;0.0;0.9619645476341248;0.0;2.403604411345348;0.40154782656644117;0.5984521734335588
1730781235.5104492;/app/bags/user95_2017-02-24.bag;0.834065854549408;0.0;0.9619645476341248;0.0;2.403604411345348;0.40154782656644117;0.5984521734335588
1730781235.7103708;/app/bags/user95_2017-02-24.bag;0.834065854549408;0.0;0.9619645476341248;0.0;2.403604411345348;0.40154782656644117;0.5984521734335588
1730781235.9104562;/app/bags/user95_2017-02-24.bag;0.834065854549408;0.0;0.9619645476341248;0.0;2.403604411345348;0.40154782656644117;0.5984521734335588
1730781236.1103647;/app/bags/user95_2017-02-24.bag;0.834065854549408;0.0;0.9619645476341248;0.0;2.403604411345348;0.40154782656644117;0.5984521734335588
1730781236.3103724;/app/bags/user95_2017-02-24.bag;0.834065854549408;0.0;0.9619645476341248;0.0;2.403604411345348;0.40154782656644117;0.5984521734335588
1730781236.5103662;/app/bags/user95_2017-02-24.bag;0.834065854549408;0.0;0.9619645476341248;0.0;2.403604411345348;0.40154782656644117;0.5984521734335588
1730781236.7104409;/app/bags/user95_2017-02-24.bag;0.834065854549408;0.0;0.9619645476341248;0.0;2.403604411345348;0.40154782656644117;0.5984521734335588
1730781236.9103978;/app/bags/user95_2017-02-24.bag;0.834065854549408;0.0;0.9619645476341248;0.0;2.403604411345348;0.40154782656644117;0.5984521734335588
1730781237.1103983;/app/bags/user95_2017-02-24.bag;0.834065854549408;0.0;0.9619645476341248;0.0;2.403604411345348;0.40154782656644117;0.5984521734335588
1730781237.3103874;/app/bags/user95_2017-02-24.bag;0.834065854549408;0.0;0.9619645476341248;0.0;2.403604411345348;0.40154782656644117;0.5984521734335588
1730781237.510411;/app/bags/user95_2017-02-24.bag;0.834065854549408;0.0;0.9619645476341248;0.0;2.403604411345348;0.40154782656644117;0.5984521734335588
1730781237.710369;/app/bags/user95_2017-02-24.bag;0.834065854549408;0.0;0.9619645476341248;0.0;2.403604411345348;0.40154782656644117;0.5984521734335588
1730781237.91052;/app/bags/user95_2017-02-24.bag;0.834065854549408;0.0;0.9619645476341248;0.0;2.403604411345348;0.40154782656644117;0.5984521734335588
1730781238.1103745;/app/bags/user95_2017-02-24.bag;0.834065854549408;0.0;0.9619645476341248;0.0;2.403604411345348;0.40154782656644117;0.5984521734335588
1730781238.3104367;/app/bags/user95_2017-02-24.bag;0.834065854549408;0.0;0.9619645476341248;0.0;2.403604411345348;0.40154782656644117;0.5984521734335588
1730781238.5103865;/app/bags/user95_2017-02-24.bag;0.834065854549408;0.0;0.9619645476341248;0.0;2.403604411345348;0.40154782656644117;0.5984521734335588
1730781238.7104158;/app/bags/user95_2017-02-24.bag;0.834065854549408;0.0;0.9619645476341248;0.0;2.403604411345348;0.40154782656644117;0.5984521734335588
1730781238.9104483;/app/bags/user95_2017-02-24.bag;0.834065854549408;0.0;0.9619645476341248;0.0;2.403604411345348;0.40154782656644117;0.5984521734335588
1730781239.1103973;/app/bags/user95_2017-02-24.bag;0.834065854549408;0.0;0.9619645476341248;0.0;2.403604411345348;0.40154782656644117;0.5984521734335588
1730781239.3104033;/app/bags/user95_2017-02-24.bag;0.834065854549408;0.0;0.9619645476341248;0.0;2.403604411345348;0.40154782656644117;0.5984521734335588
1730781239.5104032;/app/bags/user95_2017-02-24.bag;0.834065854549408;0.0;0.9619645476341248;0.0;2.403604411345348;0.40154782656644117;0.5984521734335588
1730781239.7104247;/app/bags/user95_2017-02-24.bag;0.834065854549408;0.0;0.9619645476341248;0.0;2.403604411345348;0.40154782656644117;0.5984521734335588
1730781239.9103944;/app/bags/user95_2017-02-24.bag;0.834065854549408;0.0;0.9619645476341248;0.0;2.403604411345348;0.40154782656644117;0.5984521734335588
1730781240.110381;/app/bags/user95_2017-02-24.bag;0.834065854549408;0.0;0.9619645476341248;0.0;2.403604411345348;0.40154782656644117;0.5984521734335588
1730781240.3103518;/app/bags/user95_2017-02-24.bag;0.834065854549408;0.0;0.9619645476341248;0.0;2.403604411345348;0.40154782656644117;0.5984521734335588
1730781240.5105042;/app/bags/user95_2017-02-24.bag;0.834065854549408;0.0;0.9619645476341248;0.0;2.403604411345348;0.40154782656644117;0.5984521734335588
1730781240.7103808;/app/bags/user95_2017-02-24.bag;0.834065854549408;0.0;0.9619645476341248;0.0;2.403604411345348;0.40154782656644117;0.5984521734335588
1730781240.910417;/app/bags/user95_2017-02-24.bag;0.834065854549408;0.0;0.9619645476341248;0.0;2.403604411345348;0.40154782656644117;0.5984521734335588
1730781241.110462;/app/bags/user95_2017-02-24.bag;0.834065854549408;0.0;0.9619645476341248;0.0;2.403604411345348;0.40154782656644117;0.5984521734335588
1730781241.3104258;/app/bags/user95_2017-02-24.bag;0.834065854549408;0.0;0.9619645476341248;0.0;2.403604411345348;0.40154782656644117;0.5984521734335588
1730781241.5103755;/app/bags/user95_2017-02-24.bag;0.834065854549408;0.0;0.9619645476341248;0.0;2.403604411345348;0.40154782656644117;0.5984521734335588
1730781241.710415;/app/bags/user95_2017-02-24.bag;0.834065854549408;0.0;0.9619645476341248;0.0;2.403604411345348;0.40154782656644117;0.5984521734335588
1730781241.910396;/app/bags/user95_2017-02-24.bag;0.834065854549408;0.0;0.9619645476341248;0.0;2.403604411345348;0.40154782656644117;0.5984521734335588
1730781242.1106365;/app/bags/user95_2017-02-24.bag;0.834065854549408;0.0;0.9619645476341248;0.0;2.403604411345348;0.40154782656644117;0.5984521734335588
1730781242.3104002;/app/bags/user95_2017-02-24.bag;0.834065854549408;0.0;0.9619645476341248;0.0;2.403604411345348;0.40154782656644117;0.5984521734335588
1730781242.5103962;/app/bags/user95_2017-02-24.bag;0.834065854549408;0.0;0.9619645476341248;0.0;2.403604411345348;0.40154782656644117;0.5984521734335588
1730781242.7103827;/app/bags/user95_2017-02-24.bag;0.834065854549408;0.0;0.9619645476341248;0.0;2.403604411345348;0.40154782656644117;0.5984521734335588
1730781242.9104202;/app/bags/user95_2017-02-24.bag;0.834065854549408;0.0;0.9619645476341248;0.0;2.403604411345348;0.40154782656644117;0.5984521734335588
1730781243.1104171;/app/bags/user95_2017-02-24.bag;0.834065854549408;0.0;0.9619645476341248;0.0;2.403604411345348;0.40154782656644117;0.5984521734335588
1730781243.3104093;/app/bags/user95_2017-02-24.bag;0.834065854549408;0.0;0.9619645476341248;0.0;2.403604411345348;0.40154782656644117;0.5984521734335588
1730781243.5104;/app/bags/user95_2017-02-24.bag;0.834065854549408;0.0;0.9619645476341248;0.0;2.403604411345348;0.40154782656644117;0.5984521734335588
1730781243.7103906;/app/bags/user95_2017-02-24.bag;0.834065854549408;0.0;0.9619645476341248;0.0;2.403604411345348;0.40154782656644117;0.5984521734335588
1730781243.9104655;/app/bags/user95_2017-02-24.bag;0.834065854549408;0.0;0.9619645476341248;0.0;2.403604411345348;0.40154782656644117;0.5984521734335588
1730781244.1103854;/app/bags/user95_2017-02-24.bag;0.834065854549408;0.0;0.9619645476341248;0.0;2.403604411345348;0.40154782656644117;0.5984521734335588
1730781244.3103907;/app/bags/user95_2017-02-24.bag;0.834065854549408;0.0;0.9619645476341248;0.0;2.403604411345348;0.40154782656644117;0.5984521734335588
1730781244.5103984;/app/bags/user95_2017-02-24.bag;0.834065854549408;0.0;0.9619645476341248;0.0;2.403604411345348;0.40154782656644117;0.5984521734335588
1730781244.710415;/app/bags/user95_2017-02-24.bag;0.834065854549408;0.0;0.9619645476341248;0.0;2.403604411345348;0.40154782656644117;0.5984521734335588
1730781244.9103975;/app/bags/user95_2017-02-24.bag;0.834065854549408;0.0;0.9619645476341248;0.0;2.403604411345348;0.40154782656644117;0.5984521734335588
1730781245.1103947;/app/bags/user95_2017-02-24.bag;0.834065854549408;0.0;0.9619645476341248;0.0;2.403604411345348;0.40154782656644117;0.5984521734335588
1730781245.3104186;/app/bags/user95_2017-02-24.bag;0.834065854549408;0.0;0.9619645476341248;0.0;2.403604411345348;0.40154782656644117;0.5984521734335588
1730781245.5103734;/app/bags/user95_2017-02-24.bag;0.834065854549408;0.0;0.9619645476341248;0.0;2.403604411345348;0.40154782656644117;0.5984521734335588
1730781245.71037;/app/bags/user95_2017-02-24.bag;0.834065854549408;0.0;0.9619645476341248;0.0;2.403604411345348;0.40154782656644117;0.5984521734335588
1730781245.9105313;/app/bags/user95_2017-02-24.bag;0.834065854549408;0.0;0.9619645476341248;0.0;2.403604411345348;0.40154782656644117;0.5984521734335588
1730781246.1103818;/app/bags/user95_2017-02-24.bag;0.834065854549408;0.0;0.9619645476341248;0.0;2.403604411345348;0.40154782656644117;0.5984521734335588
1730781246.310382;/app/bags/user95_2017-02-24.bag;0.834065854549408;0.0;0.9619645476341248;0.0;2.403604411345348;0.40154782656644117;0.5984521734335588
1730781246.5104258;/app/bags/user95_2017-02-24.bag;0.834065854549408;0.0;0.9619645476341248;0.0;2.403604411345348;0.40154782656644117;0.5984521734335588
1730781246.7103765;/app/bags/user95_2017-02-24.bag;0.834065854549408;0.0;0.9619645476341248;0.0;2.403604411345348;0.40154782656644117;0.5984521734335588
1730781246.9104133;/app/bags/user95_2017-02-24.bag;0.834065854549408;0.0;0.9619645476341248;0.0;2.403604411345348;0.40154782656644117;0.5984521734335588
1730781247.1103733;/app/bags/user95_2017-02-24.bag;0.834065854549408;0.0;0.9619645476341248;0.0;2.403604411345348;0.40154782656644117;0.5984521734335588
1730781247.3103666;/app/bags/user95_2017-02-24.bag;0.834065854549408;0.0;0.9619645476341248;0.0;2.403604411345348;0.40154782656644117;0.5984521734335588
1730781247.5104463;/app/bags/user95_2017-02-24.bag;0.834065854549408;0.0;0.9619645476341248;0.0;2.403604411345348;0.40154782656644117;0.5984521734335588
1730781247.7104156;/app/bags/user95_2017-02-24.bag;0.834065854549408;0.0;0.9619645476341248;0.0;2.403604411345348;0.40154782656644117;0.5984521734335588
1730781247.910435;/app/bags/user95_2017-02-24.bag;0.834065854549408;0.0;0.9619645476341248;0.0;2.403604411345348;0.40154782656644117;0.5984521734335588
1730781248.1103752;/app/bags/user95_2017-02-24.bag;0.834065854549408;0.0;0.9619645476341248;0.0;2.403604411345348;0.40154782656644117;0.5984521734335588
1730781248.3103664;/app/bags/user95_2017-02-24.bag;0.834065854549408;0.0;0.9619645476341248;0.0;2.403604411345348;0.40154782656644117;0.5984521734335588
1730781248.510398;/app/bags/user95_2017-02-24.bag;0.834065854549408;0.0;0.9619645476341248;0.0;2.403604411345348;0.40154782656644117;0.5984521734335588
1730781248.7104294;/app/bags/user95_2017-02-24.bag;0.834065854549408;0.0;0.9619645476341248;0.0;2.403604411345348;0.40154782656644117;0.5984521734335588
1730781248.9104245;/app/bags/user95_2017-02-24.bag;0.834065854549408;0.0;0.9619645476341248;0.0;2.403604411345348;0.40154782656644117;0.5984521734335588
1730781249.1104014;/app/bags/user95_2017-02-24.bag;0.834065854549408;0.0;0.9619645476341248;0.0;2.403604411345348;0.40154782656644117;0.5984521734335588
1730781249.310407;/app/bags/user95_2017-02-24.bag;0.834065854549408;0.0;0.9619645476341248;0.0;2.403604411345348;0.40154782656644117;0.5984521734335588
1730781249.510371;/app/bags/user95_2017-02-24.bag;0.834065854549408;0.0;0.9619645476341248;0.0;2.403604411345348;0.40154782656644117;0.5984521734335588
1730781249.7104576;/app/bags/user95_2017-02-24.bag;0.834065854549408;0.0;0.9619645476341248;0.0;2.403604411345348;0.40154782656644117;0.5984521734335588
1730781249.9104486;/app/bags/user95_2017-02-24.bag;0.834065854549408;0.0;0.9619645476341248;0.0;2.403604411345348;0.40154782656644117;0.5984521734335588
1730781250.1104016;/app/bags/user95_2017-02-24.bag;0.834065854549408;0.0;0.9619645476341248;0.0;2.403604411345348;0.40154782656644117;0.5984521734335588
1730781250.3103848;/app/bags/user95_2017-02-24.bag;0.834065854549408;0.0;0.9619645476341248;0.0;2.403604411345348;0.40154782656644117;0.5984521734335588
1730781250.5103762;/app/bags/user95_2017-02-24.bag;0.834065854549408;0.0;0.9619645476341248;0.0;2.403604411345348;0.40154782656644117;0.5984521734335588
1730781250.7105465;/app/bags/user95_2017-02-24.bag;0.834065854549408;0.0;0.9619645476341248;0.0;2.403604411345348;0.40154782656644117;0.5984521734335588
1730781250.9103827;/app/bags/user95_2017-02-24.bag;0.834065854549408;0.0;0.9619645476341248;0.0;2.403604411345348;0.40154782656644117;0.5984521734335588
1730781251.1103566;/app/bags/user95_2017-02-24.bag;0.834065854549408;0.0;0.9619645476341248;0.0;2.403604411345348;0.40154782656644117;0.5984521734335588
1730781251.310382;/app/bags/user95_2017-02-24.bag;0.834065854549408;0.0;0.9619645476341248;0.0;2.403604411345348;0.40154782656644117;0.5984521734335588
1730781251.5104814;/app/bags/user95_2017-02-24.bag;0.834065854549408;0.0;0.9619645476341248;0.0;2.403604411345348;0.40154782656644117;0.5984521734335588
1730781251.7103968;/app/bags/user95_2017-02-24.bag;0.834065854549408;0.0;0.9619645476341248;0.0;2.403604411345348;0.40154782656644117;0.5984521734335588
1730781251.910439;/app/bags/user95_2017-02-24.bag;0.834065854549408;0.0;0.9619645476341248;0.0;2.403604411345348;0.40154782656644117;0.5984521734335588
1730781252.1103983;/app/bags/user95_2017-02-24.bag;0.834065854549408;0.0;0.9619645476341248;0.0;2.403604411345348;0.40154782656644117;0.5984521734335588
1730781252.3104086;/app/bags/user95_2017-02-24.bag;0.834065854549408;0.0;0.9619645476341248;0.0;2.403604411345348;0.40154782656644117;0.5984521734335588
1730781252.5104666;/app/bags/user95_2017-02-24.bag;0.834065854549408;0.0;0.9619645476341248;0.0;2.403604411345348;0.40154782656644117;0.5984521734335588
1730781252.7104065;/app/bags/user95_2017-02-24.bag;0.834065854549408;0.0;0.9619645476341248;0.0;2.403604411345348;0.40154782656644117;0.5984521734335588
1730781252.9103656;/app/bags/user95_2017-02-24.bag;0.834065854549408;0.0;0.9619645476341248;0.0;2.403604411345348;0.40154782656644117;0.5984521734335588
1730781253.1103787;/app/bags/user95_2017-02-24.bag;0.834065854549408;0.0;0.9619645476341248;0.0;2.403604411345348;0.40154782656644117;0.5984521734335588
1730781253.310365;/app/bags/user95_2017-02-24.bag;0.834065854549408;0.0;0.9619645476341248;0.0;2.403604411345348;0.40154782656644117;0.5984521734335588
1730781253.5103765;/app/bags/user95_2017-02-24.bag;0.834065854549408;0.0;0.9619645476341248;0.0;2.403604411345348;0.40154782656644117;0.5984521734335588
1730781253.7104108;/app/bags/user95_2017-02-24.bag;0.834065854549408;0.0;0.9619645476341248;0.0;2.403604411345348;0.40154782656644117;0.5984521734335588
1730781253.910405;/app/bags/user95_2017-02-24.bag;0.834065854549408;0.0;0.9619645476341248;0.0;2.403604411345348;0.40154782656644117;0.5984521734335588
1730781254.110381;/app/bags/user95_2017-02-24.bag;0.834065854549408;0.0;0.9619645476341248;0.0;2.403604411345348;0.40154782656644117;0.5984521734335588
1730781254.310398;/app/bags/user95_2017-02-24.bag;0.834065854549408;0.0;0.9619645476341248;0.0;2.403604411345348;0.40154782656644117;0.5984521734335588
1730781254.5103755;/app/bags/user95_2017-02-24.bag;0.834065854549408;0.0;0.9619645476341248;0.0;2.403604411345348;0.40154782656644117;0.5984521734335588
1730781254.7103815;/app/bags/user95_2017-02-24.bag;0.834065854549408;0.0;0.9619645476341248;0.0;2.403604411345348;0.40154782656644117;0.5984521734335588
1730781254.9104483;/app/bags/user95_2017-02-24.bag;0.834065854549408;0.0;0.9619645476341248;0.0;2.403604411345348;0.40154782656644117;0.5984521734335588
1730781255.1105368;/app/bags/user95_2017-02-24.bag;0.834065854549408;0.0;0.9619645476341248;0.0;2.403604411345348;0.40154782656644117;0.5984521734335588
1730781255.3103998;/app/bags/user95_2017-02-24.bag;0.834065854549408;0.0;0.9619645476341248;0.0;2.403604411345348;0.40154782656644117;0.5984521734335588
1730781255.510384;/app/bags/user95_2017-02-24.bag;0.834065854549408;0.0;0.9619645476341248;0.0;2.403604411345348;0.40154782656644117;0.5984521734335588
1730781255.7104712;/app/bags/user95_2017-02-24.bag;0.834065854549408;0.0;0.9619645476341248;0.0;2.403604411345348;0.40154782656644117;0.5984521734335588
1730781255.9103975;/app/bags/user95_2017-02-24.bag;0.834065854549408;0.0;0.9619645476341248;0.0;2.403604411345348;0.40154782656644117;0.5984521734335588
1730781256.1103947;/app/bags/user95_2017-02-24.bag;0.834065854549408;0.0;0.9619645476341248;0.0;2.403604411345348;0.40154782656644117;0.5984521734335588
1730781256.3103805;/app/bags/user95_2017-02-24.bag;0.834065854549408;0.0;0.9619645476341248;0.0;2.403604411345348;0.40154782656644117;0.5984521734335588
1730781256.5104191;/app/bags/user95_2017-02-24.bag;0.834065854549408;0.0;0.9619645476341248;0.0;2.403604411345348;0.40154782656644117;0.5984521734335588
1730781256.710467;/app/bags/user95_2017-02-24.bag;0.834065854549408;0.0;0.9619645476341248;0.0;2.403604411345348;0.40154782656644117;0.5984521734335588
1730781256.910381;/app/bags/user95_2017-02-24.bag;0.834065854549408;0.0;0.9619645476341248;0.0;2.403604411345348;0.40154782656644117;0.5984521734335588
1730781257.1103723;/app/bags/user95_2017-02-24.bag;0.834065854549408;0.0;0.9619645476341248;0.0;2.403604411345348;0.40154782656644117;0.5984521734335588
1730781257.3103924;/app/bags/user95_2017-02-24.bag;0.834065854549408;0.0;0.9619645476341248;0.0;2.403604411345348;0.40154782656644117;0.5984521734335588
1730781257.5104244;/app/bags/user95_2017-02-24.bag;0.834065854549408;0.0;0.9619645476341248;0.0;2.403604411345348;0.40154782656644117;0.5984521734335588
1730781257.710391;/app/bags/user95_2017-02-24.bag;0.834065854549408;0.0;0.9619645476341248;0.0;2.403604411345348;0.40154782656644117;0.5984521734335588
1730781257.9103947;/app/bags/user95_2017-02-24.bag;0.834065854549408;0.0;0.9619645476341248;0.0;2.403604411345348;0.40154782656644117;0.5984521734335588
1730781258.110394;/app/bags/user95_2017-02-24.bag;0.834065854549408;0.0;0.9619645476341248;0.0;2.403604411345348;0.40154782656644117;0.5984521734335588
1730781258.3103838;/app/bags/user95_2017-02-24.bag;0.834065854549408;0.0;0.9619645476341248;0.0;2.403604411345348;0.40154782656644117;0.5984521734335588
1730781258.5104241;/app/bags/user95_2017-02-24.bag;0.834065854549408;0.0;0.9619645476341248;0.0;2.403604411345348;0.40154782656644117;0.5984521734335588
1730781258.710384;/app/bags/user95_2017-02-24.bag;0.834065854549408;0.0;0.9619645476341248;0.0;2.403604411345348;0.40154782656644117;0.5984521734335588
1730781258.910375;/app/bags/user95_2017-02-24.bag;0.834065854549408;0.0;0.9619645476341248;0.0;2.403604411345348;0.40154782656644117;0.5984521734335588
1730781259.1104095;/app/bags/user95_2017-02-24.bag;0.834065854549408;0.0;0.9619645476341248;0.0;2.403604411345348;0.40154782656644117;0.5984521734335588
1730781259.3104217;/app/bags/user95_2017-02-24.bag;0.834065854549408;0.0;0.9619645476341248;0.0;2.403604411345348;0.40154782656644117;0.5984521734335588
1730781259.510453;/app/bags/user95_2017-02-24.bag;0.834065854549408;0.0;0.9619645476341248;0.0;2.403604411345348;0.40154782656644117;0.5984521734335588
1730781259.7103875;/app/bags/user95_2017-02-24.bag;0.834065854549408;0.0;0.9619645476341248;0.0;2.403604411345348;0.40154782656644117;0.5984521734335588
1730781259.910415;/app/bags/user95_2017-02-24.bag;0.834065854549408;0.0;0.9619645476341248;0.0;2.403604411345348;0.40154782656644117;0.5984521734335588
1730781260.110351;/app/bags/user95_2017-02-24.bag;0.834065854549408;0.0;0.9619645476341248;0.0;2.403604411345348;0.40154782656644117;0.5984521734335588
1730781260.3104112;/app/bags/user95_2017-02-24.bag;0.834065854549408;0.0;0.9619645476341248;0.0;2.403604411345348;0.40154782656644117;0.5984521734335588
1730781260.510442;/app/bags/user95_2017-02-24.bag;0.834065854549408;0.0;0.9619645476341248;0.0;2.403604411345348;0.40154782656644117;0.5984521734335588
1730781260.7104168;/app/bags/user95_2017-02-24.bag;0.834065854549408;0.0;0.9619645476341248;0.0;2.403604411345348;0.40154782656644117;0.5984521734335588
1730781260.9104674;/app/bags/user95_2017-02-24.bag;0.834065854549408;0.0;0.9619645476341248;0.0;2.403604411345348;0.40154782656644117;0.5984521734335588
1730781261.1104903;/app/bags/user95_2017-02-24.bag;0.834065854549408;0.0;0.9619645476341248;0.0;2.403604411345348;0.40154782656644117;0.5984521734335588
1730781261.3103795;/app/bags/user95_2017-02-24.bag;0.834065854549408;0.0;0.9619645476341248;0.0;2.403604411345348;0.40154782656644117;0.5984521734335588
1730781261.5103824;/app/bags/user95_2017-02-24.bag;0.834065854549408;0.0;0.9619645476341248;0.0;2.403604411345348;0.40154782656644117;0.5984521734335588
1730781261.7104034;/app/bags/user95_2017-02-24.bag;0.834065854549408;0.0;0.9619645476341248;0.0;2.403604411345348;0.40154782656644117;0.5984521734335588
1730781261.910482;/app/bags/user95_2017-02-24.bag;0.834065854549408;0.0;0.9619645476341248;0.0;2.403604411345348;0.40154782656644117;0.5984521734335588
1730781262.1103473;/app/bags/user95_2017-02-24.bag;0.834065854549408;0.0;0.9619645476341248;0.0;2.403604411345348;0.40154782656644117;0.5984521734335588
1730781262.3103898;/app/bags/user95_2017-02-24.bag;0.834065854549408;0.0;0.9619645476341248;0.0;2.403604411345348;0.40154782656644117;0.5984521734335588
1730781262.5103765;/app/bags/user95_2017-02-24.bag;0.834065854549408;0.0;0.9619645476341248;0.0;2.403604411345348;0.40154782656644117;0.5984521734335588
1730781262.7103732;/app/bags/user95_2017-02-24.bag;0.834065854549408;0.0;0.9619645476341248;0.0;2.403604411345348;0.40154782656644117;0.5984521734335588
1730781262.910413;/app/bags/user95_2017-02-24.bag;0.834065854549408;0.0;0.9619645476341248;0.0;2.403604411345348;0.40154782656644117;0.5984521734335588
1730781263.1103902;/app/bags/user95_2017-02-24.bag;0.834065854549408;0.0;0.9619645476341248;0.0;2.403604411345348;0.40154782656644117;0.5984521734335588
1730781263.3103724;/app/bags/user95_2017-02-24.bag;0.834065854549408;0.0;0.9619645476341248;0.0;2.403604411345348;0.40154782656644117;0.5984521734335588
1730781263.5104296;/app/bags/user95_2017-02-24.bag;0.834065854549408;0.0;0.9619645476341248;0.0;2.403604411345348;0.40154782656644117;0.5984521734335588
1730781263.7103808;/app/bags/user95_2017-02-24.bag;0.834065854549408;0.0;0.9619645476341248;0.0;2.403604411345348;0.40154782656644117;0.5984521734335588
1730781263.9104676;/app/bags/user95_2017-02-24.bag;0.834065854549408;0.0;0.9619645476341248;0.0;2.403604411345348;0.40154782656644117;0.5984521734335588
1730781264.1103864;/app/bags/user95_2017-02-24.bag;0.834065854549408;0.0;0.9619645476341248;0.0;2.403604411345348;0.40154782656644117;0.5984521734335588
1730781264.3103714;/app/bags/user95_2017-02-24.bag;0.834065854549408;0.0;0.9619645476341248;0.0;2.403604411345348;0.40154782656644117;0.5984521734335588
1730781264.5103867;/app/bags/user95_2017-02-24.bag;0.834065854549408;0.0;0.9619645476341248;0.0;2.403604411345348;0.40154782656644117;0.5984521734335588
1730781264.7103834;/app/bags/user95_2017-02-24.bag;0.834065854549408;0.0;0.9619645476341248;0.0;2.403604411345348;0.40154782656644117;0.5984521734335588
1730781264.91035;/app/bags/user95_2017-02-24.bag;0.834065854549408;0.0;0.9619645476341248;0.0;2.403604411345348;0.40154782656644117;0.5984521734335588
1730781265.1104505;/app/bags/user95_2017-02-24.bag;0.834065854549408;0.0;0.9619645476341248;0.0;2.403604411345348;0.40154782656644117;0.5984521734335588
1730781265.3103826;/app/bags/user95_2017-02-24.bag;0.834065854549408;0.0;0.9619645476341248;0.0;2.403604411345348;0.40154782656644117;0.5984521734335588
1730781265.510376;/app/bags/user95_2017-02-24.bag;0.834065854549408;0.0;0.9619645476341248;0.0;2.403604411345348;0.40154782656644117;0.5984521734335588
1730781265.7103937;/app/bags/user95_2017-02-24.bag;0.834065854549408;0.0;0.9619645476341248;0.0;2.403604411345348;0.40154782656644117;0.5984521734335588
1730781265.9104345;/app/bags/user95_2017-02-24.bag;0.834065854549408;0.0;0.9619645476341248;0.0;2.403604411345348;0.40154782656644117;0.5984521734335588
1730781266.1103845;/app/bags/user95_2017-02-24.bag;0.834065854549408;0.0;0.9619645476341248;0.0;2.403604411345348;0.40154782656644117;0.5984521734335588
1730781266.3103921;/app/bags/user95_2017-02-24.bag;0.834065854549408;0.0;0.9619645476341248;0.0;2.403604411345348;0.40154782656644117;0.5984521734335588
1730781266.5103931;/app/bags/user95_2017-02-24.bag;0.834065854549408;0.0;0.9619645476341248;0.0;2.403604411345348;0.40154782656644117;0.5984521734335588
1730781266.710395;/app/bags/user95_2017-02-24.bag;0.834065854549408;0.0;0.9619645476341248;0.0;2.403604411345348;0.40154782656644117;0.5984521734335588
1730781266.9103699;/app/bags/user95_2017-02-24.bag;0.834065854549408;0.0;0.9619645476341248;0.0;2.403604411345348;0.40154782656644117;0.5984521734335588
1730781267.1104288;/app/bags/user95_2017-02-24.bag;0.834065854549408;0.0;0.9619645476341248;0.0;2.403604411345348;0.40154782656644117;0.5984521734335588
1730781267.3104;/app/bags/user95_2017-02-24.bag;0.834065854549408;0.0;0.9619645476341248;0.0;2.403604411345348;0.40154782656644117;0.5984521734335588
1730781267.5103958;/app/bags/user95_2017-02-24.bag;0.834065854549408;0.0;0.9619645476341248;0.0;2.403604411345348;0.40154782656644117;0.5984521734335588
1730781267.710402;/app/bags/user95_2017-02-24.bag;0.834065854549408;0.0;0.9619645476341248;0.0;2.403604411345348;0.40154782656644117;0.5984521734335588
1730781267.910357;/app/bags/user95_2017-02-24.bag;0.834065854549408;0.0;0.9619645476341248;0.0;2.403604411345348;0.40154782656644117;0.5984521734335588
1730781268.1104033;/app/bags/user95_2017-02-24.bag;0.834065854549408;0.0;0.9619645476341248;0.0;2.403604411345348;0.40154782656644117;0.5984521734335588
1730781268.310455;/app/bags/user95_2017-02-24.bag;0.834065854549408;0.0;0.9619645476341248;0.0;2.403604411345348;0.40154782656644117;0.5984521734335588
1730781268.5104785;/app/bags/user95_2017-02-24.bag;0.834065854549408;0.0;0.9619645476341248;0.0;2.403604411345348;0.40154782656644117;0.5984521734335588
1730781268.7104225;/app/bags/user95_2017-02-24.bag;0.834065854549408;0.0;0.9619645476341248;0.0;2.403604411345348;0.40154782656644117;0.5984521734335588
1730781268.9103591;/app/bags/user95_2017-02-24.bag;0.834065854549408;0.0;0.9619645476341248;0.0;2.403604411345348;0.40154782656644117;0.5984521734335588
1730781269.110368;/app/bags/user95_2017-02-24.bag;0.834065854549408;0.0;0.9619645476341248;0.0;2.403604411345348;0.40154782656644117;0.5984521734335588
1730781269.3105745;/app/bags/user95_2017-02-24.bag;0.834065854549408;0.0;0.9619645476341248;0.0;2.403604411345348;0.40154782656644117;0.5984521734335588
1730781269.5103984;/app/bags/user95_2017-02-24.bag;0.834065854549408;0.0;0.9619645476341248;0.0;2.403604411345348;0.40154782656644117;0.5984521734335588
1730781269.7103813;/app/bags/user95_2017-02-24.bag;0.834065854549408;0.0;0.9619645476341248;0.0;2.403604411345348;0.40154782656644117;0.5984521734335588
1730781269.9103897;/app/bags/user95_2017-02-24.bag;0.834065854549408;0.0;0.9619645476341248;0.0;2.403604411345348;0.40154782656644117;0.5984521734335588
1730781270.1104488;/app/bags/user95_2017-02-24.bag;0.834065854549408;0.0;0.9619645476341248;0.0;2.403604411345348;0.40154782656644117;0.5984521734335588
1730781270.310385;/app/bags/user95_2017-02-24.bag;0.834065854549408;0.0;0.9619645476341248;0.0;2.403604411345348;0.40154782656644117;0.5984521734335588
1730781270.5104427;/app/bags/user95_2017-02-24.bag;0.834065854549408;0.0;0.9619645476341248;0.0;2.403604411345348;0.40154782656644117;0.5984521734335588
1730781270.7104197;/app/bags/user95_2017-02-24.bag;0.834065854549408;0.0;0.9619645476341248;0.0;2.403604411345348;0.40154782656644117;0.5984521734335588
1730781270.910393;/app/bags/user95_2017-02-24.bag;0.834065854549408;0.0;0.9619645476341248;0.0;2.403604411345348;0.40154782656644117;0.5984521734335588
1730781271.110438;/app/bags/user95_2017-02-24.bag;0.834065854549408;0.0;0.9619645476341248;0.0;2.403604411345348;0.40154782656644117;0.5984521734335588
1730781271.3104138;/app/bags/user95_2017-02-24.bag;0.834065854549408;0.0;0.9619645476341248;0.0;2.403604411345348;0.40154782656644117;0.5984521734335588
1730781271.51038;/app/bags/user95_2017-02-24.bag;0.834065854549408;0.0;0.9619645476341248;0.0;2.403604411345348;0.40154782656644117;0.5984521734335588
1730781271.7104208;/app/bags/user95_2017-02-24.bag;0.834065854549408;0.0;0.9619645476341248;0.0;2.403604411345348;0.40154782656644117;0.5984521734335588
1730781271.9104784;/app/bags/user95_2017-02-24.bag;0.834065854549408;0.0;0.9619645476341248;0.0;2.403604411345348;0.40154782656644117;0.5984521734335588
1730781272.1104288;/app/bags/user95_2017-02-24.bag;0.834065854549408;0.0;0.9619645476341248;0.0;2.403604411345348;0.40154782656644117;0.5984521734335588
1730781272.3103838;/app/bags/user95_2017-02-24.bag;0.834065854549408;0.0;0.9619645476341248;0.0;2.403604411345348;0.40154782656644117;0.5984521734335588
1730781272.5104172;/app/bags/user95_2017-02-24.bag;0.834065854549408;0.0;0.9619645476341248;0.0;2.403604411345348;0.40154782656644117;0.5984521734335588
1730781272.710383;/app/bags/user95_2017-02-24.bag;0.834065854549408;0.0;0.9619645476341248;0.0;2.403604411345348;0.40154782656644117;0.5984521734335588
1730781272.9103906;/app/bags/user95_2017-02-24.bag;0.834065854549408;0.0;0.9619645476341248;0.0;2.403604411345348;0.40154782656644117;0.5984521734335588
1730781273.110396;/app/bags/user95_2017-02-24.bag;0.834065854549408;0.0;0.9619645476341248;0.0;2.403604411345348;0.40154782656644117;0.5984521734335588
1730781273.3104234;/app/bags/user95_2017-02-24.bag;0.834065854549408;0.0;0.9619645476341248;0.0;2.403604411345348;0.40154782656644117;0.5984521734335588
1730781273.5103607;/app/bags/user95_2017-02-24.bag;0.834065854549408;0.0;0.9619645476341248;0.0;2.403604411345348;0.40154782656644117;0.5984521734335588
1730781273.7103803;/app/bags/user95_2017-02-24.bag;0.834065854549408;0.0;0.9619645476341248;0.0;2.403604411345348;0.40154782656644117;0.5984521734335588
1730781273.910332;/app/bags/user95_2017-02-24.bag;0.834065854549408;0.0;0.9619645476341248;0.0;2.403604411345348;0.40154782656644117;0.5984521734335588
1730781274.1103811;/app/bags/user95_2017-02-24.bag;0.834065854549408;0.0;0.9619645476341248;0.0;2.403604411345348;0.40154782656644117;0.5984521734335588
1730781274.3103883;/app/bags/user95_2017-02-24.bag;0.834065854549408;0.0;0.9619645476341248;0.0;2.403604411345348;0.40154782656644117;0.5984521734335588
1730781274.5103498;/app/bags/user95_2017-02-24.bag;0.834065854549408;0.0;0.9619645476341248;0.0;2.403604411345348;0.40154782656644117;0.5984521734335588
1730781274.7103913;/app/bags/user95_2017-02-24.bag;0.834065854549408;0.0;0.9619645476341248;0.0;2.403604411345348;0.40154782656644117;0.5984521734335588
1730781274.9103863;/app/bags/user95_2017-02-24.bag;0.834065854549408;0.0;0.9619645476341248;0.0;2.403604411345348;0.40154782656644117;0.5984521734335588
1730781275.110597;/app/bags/user95_2017-02-24.bag;0.834065854549408;0.0;0.9619645476341248;0.0;2.403604411345348;0.40154782656644117;0.5984521734335588
1730781275.310564;/app/bags/user95_2017-02-24.bag;0.834065854549408;0.0;0.9619645476341248;0.0;2.403604411345348;0.40154782656644117;0.5984521734335588
1730781275.5103867;/app/bags/user95_2017-02-24.bag;0.834065854549408;0.0;0.9619645476341248;0.0;2.403604411345348;0.40154782656644117;0.5984521734335588
1730781275.7103746;/app/bags/user95_2017-02-24.bag;0.834065854549408;0.0;0.9619645476341248;0.0;2.403604411345348;0.40154782656644117;0.5984521734335588
1730781275.9104586;/app/bags/user95_2017-02-24.bag;0.834065854549408;0.0;0.9619645476341248;0.0;2.403604411345348;0.40154782656644117;0.5984521734335588
1730781276.1104624;/app/bags/user95_2017-02-24.bag;0.834065854549408;0.0;0.9619645476341248;0.0;2.403604411345348;0.40154782656644117;0.5984521734335588
1730781276.3103986;/app/bags/user95_2017-02-24.bag;0.834065854549408;0.0;0.9619645476341248;0.0;2.403604411345348;0.40154782656644117;0.5984521734335588
1730781276.5103884;/app/bags/user95_2017-02-24.bag;0.834065854549408;0.0;0.9619645476341248;0.0;2.403604411345348;0.40154782656644117;0.5984521734335588
1730781276.7104592;/app/bags/user95_2017-02-24.bag;0.834065854549408;0.0;0.9619645476341248;0.0;2.403604411345348;0.40154782656644117;0.5984521734335588
1730781276.9104128;/app/bags/user95_2017-02-24.bag;0.834065854549408;0.0;0.9619645476341248;0.0;2.403604411345348;0.40154782656644117;0.5984521734335588
1730781277.1103988;/app/bags/user95_2017-02-24.bag;0.834065854549408;0.0;0.9619645476341248;0.0;2.403604411345348;0.40154782656644117;0.5984521734335588
1730781277.3103762;/app/bags/user95_2017-02-24.bag;0.834065854549408;0.0;0.9619645476341248;0.0;2.403604411345348;0.40154782656644117;0.5984521734335588
1730781277.510428;/app/bags/user95_2017-02-24.bag;0.834065854549408;0.0;0.9619645476341248;0.0;2.403604411345348;0.40154782656644117;0.5984521734335588
1730781277.7104323;/app/bags/user95_2017-02-24.bag;0.834065854549408;0.0;0.9619645476341248;0.0;2.403604411345348;0.40154782656644117;0.5984521734335588
1730781277.9103909;/app/bags/user95_2017-02-24.bag;0.834065854549408;0.0;0.9619645476341248;0.0;2.403604411345348;0.40154782656644117;0.5984521734335588
1730781278.1103885;/app/bags/user95_2017-02-24.bag;0.834065854549408;0.0;0.9619645476341248;0.0;2.403604411345348;0.40154782656644117;0.5984521734335588
1730781278.3103893;/app/bags/user95_2017-02-24.bag;0.834065854549408;0.0;0.9619645476341248;0.0;2.403604411345348;0.40154782656644117;0.5984521734335588
1730781278.510387;/app/bags/user95_2017-02-24.bag;0.834065854549408;0.0;0.9619645476341248;0.0;2.403604411345348;0.40154782656644117;0.5984521734335588
1730781278.7103887;/app/bags/user95_2017-02-24.bag;0.834065854549408;0.0;0.9619645476341248;0.0;2.403604411345348;0.40154782656644117;0.5984521734335588
1730781278.9103904;/app/bags/user95_2017-02-24.bag;0.834065854549408;0.0;0.9619645476341248;0.0;2.403604411345348;0.40154782656644117;0.5984521734335588
1730781279.110395;/app/bags/user95_2017-02-24.bag;0.834065854549408;0.0;0.9619645476341248;0.0;2.403604411345348;0.40154782656644117;0.5984521734335588
1730781279.3105767;/app/bags/user95_2017-02-24.bag;0.834065854549408;0.0;0.9619645476341248;0.0;2.403604411345348;0.40154782656644117;0.5984521734335588
1730781279.5104299;/app/bags/user95_2017-02-24.bag;0.834065854549408;0.0;0.9619645476341248;0.0;2.403604411345348;0.40154782656644117;0.5984521734335588
1730781279.7102473;/app/bags/user95_2017-02-24.bag;0.834065854549408;0.0;0.9619645476341248;0.0;2.403604411345348;0.40154782656644117;0.5984521734335588
1730781279.9103904;/app/bags/user95_2017-02-24.bag;0.834065854549408;0.0;0.9619645476341248;0.0;2.403604411345348;0.40154782656644117;0.5984521734335588
1730781280.1104598;/app/bags/user95_2017-02-24.bag;0.834065854549408;0.0;0.9619645476341248;0.0;2.403604411345348;0.40154782656644117;0.5984521734335588
1730781280.3104076;/app/bags/user95_2017-02-24.bag;0.834065854549408;0.0;0.9619645476341248;0.0;2.403604411345348;0.40154782656644117;0.5984521734335588
1730781280.5103924;/app/bags/user95_2017-02-24.bag;0.834065854549408;0.0;0.9619645476341248;0.0;2.403604411345348;0.40154782656644117;0.5984521734335588
1730781280.7103946;/app/bags/user95_2017-02-24.bag;0.834065854549408;0.0;0.9619645476341248;0.0;2.403604411345348;0.40154782656644117;0.5984521734335588
1730781280.910372;/app/bags/user95_2017-02-24.bag;0.834065854549408;0.0;0.9619645476341248;0.0;2.403604411345348;0.40154782656644117;0.5984521734335588
1730781281.1105633;/app/bags/user95_2017-02-24.bag;0.834065854549408;0.0;0.9619645476341248;0.0;2.403604411345348;0.40154782656644117;0.5984521734335588
1730781281.31039;/app/bags/user95_2017-02-24.bag;0.834065854549408;0.0;0.9619645476341248;0.0;2.403604411345348;0.40154782656644117;0.5984521734335588
1730781281.5104067;/app/bags/user95_2017-02-24.bag;0.834065854549408;0.0;0.9619645476341248;0.0;2.403604411345348;0.40154782656644117;0.5984521734335588
1730781281.7104833;/app/bags/user95_2017-02-24.bag;0.834065854549408;0.0;0.9619645476341248;0.0;2.403604411345348;0.40154782656644117;0.5984521734335588
1730781281.9104311;/app/bags/user95_2017-02-24.bag;0.834065854549408;0.0;0.9619645476341248;0.0;2.403604411345348;0.40154782656644117;0.5984521734335588
1730781282.1103997;/app/bags/user95_2017-02-24.bag;0.834065854549408;0.0;0.9619645476341248;0.0;2.403604411345348;0.40154782656644117;0.5984521734335588
1730781282.310387;/app/bags/user95_2017-02-24.bag;0.834065854549408;0.0;0.9619645476341248;0.0;2.403604411345348;0.40154782656644117;0.5984521734335588
1730781282.5104265;/app/bags/user95_2017-02-24.bag;0.834065854549408;0.0;0.9619645476341248;0.0;2.403604411345348;0.40154782656644117;0.5984521734335588
1730781282.7103527;/app/bags/user95_2017-02-24.bag;0.834065854549408;0.0;0.9619645476341248;0.0;2.403604411345348;0.40154782656644117;0.5984521734335588
1730781282.910384;/app/bags/user95_2017-02-24.bag;0.834065854549408;0.0;0.9619645476341248;0.0;2.403604411345348;0.40154782656644117;0.5984521734335588
1730781283.1104937;/app/bags/user95_2017-02-24.bag;0.834065854549408;0.0;0.9619645476341248;0.0;2.403604411345348;0.40154782656644117;0.5984521734335588
1730781283.3103807;/app/bags/user95_2017-02-24.bag;0.834065854549408;0.0;0.9619645476341248;0.0;2.403604411345348;0.40154782656644117;0.5984521734335588
1730781283.5104017;/app/bags/user95_2017-02-24.bag;0.834065854549408;0.0;0.9619645476341248;0.0;2.403604411345348;0.40154782656644117;0.5984521734335588
1730781283.7103758;/app/bags/user95_2017-02-24.bag;0.834065854549408;0.0;0.9619645476341248;0.0;2.403604411345348;0.40154782656644117;0.5984521734335588
1730781283.9103968;/app/bags/user95_2017-02-24.bag;0.834065854549408;0.0;0.9619645476341248;0.0;2.403604411345348;0.40154782656644117;0.5984521734335588
1730781284.1104248;/app/bags/user95_2017-02-24.bag;0.834065854549408;0.0;0.9619645476341248;0.0;2.403604411345348;0.40154782656644117;0.5984521734335588
1730781284.310401;/app/bags/user95_2017-02-24.bag;0.834065854549408;0.0;0.9619645476341248;0.0;2.403604411345348;0.40154782656644117;0.5984521734335588
1730781284.5104682;/app/bags/user95_2017-02-24.bag;0.834065854549408;0.0;0.9619645476341248;0.0;2.403604411345348;0.40154782656644117;0.5984521734335588
1730781284.7104568;/app/bags/user95_2017-02-24.bag;0.834065854549408;0.0;0.9619645476341248;0.0;2.403604411345348;0.40154782656644117;0.5984521734335588
1730781284.9104314;/app/bags/user95_2017-02-24.bag;0.834065854549408;0.0;0.9619645476341248;0.0;2.403604411345348;0.40154782656644117;0.5984521734335588
1730781285.1104326;/app/bags/user95_2017-02-24.bag;0.834065854549408;0.0;0.9619645476341248;0.0;2.403604411345348;0.40154782656644117;0.5984521734335588
1730781285.310369;/app/bags/user95_2017-02-24.bag;0.834065854549408;0.0;0.9619645476341248;0.0;2.403604411345348;0.40154782656644117;0.5984521734335588
1730781285.5104415;/app/bags/user95_2017-02-24.bag;0.834065854549408;0.0;0.9619645476341248;0.0;2.403604411345348;0.40154782656644117;0.5984521734335588
1730781285.7103722;/app/bags/user95_2017-02-24.bag;0.834065854549408;0.0;0.9619645476341248;0.0;2.403604411345348;0.40154782656644117;0.5984521734335588
1730781285.9106648;/app/bags/user95_2017-02-24.bag;0.834065854549408;0.0;0.9619645476341248;0.0;2.403604411345348;0.40154782656644117;0.5984521734335588
1730781286.1103199;/app/bags/user95_2017-02-24.bag;0.834065854549408;0.0;0.9619645476341248;0.0;2.403604411345348;0.40154782656644117;0.5984521734335588
1730781286.3103485;/app/bags/user95_2017-02-24.bag;0.834065854549408;0.0;0.9619645476341248;0.0;2.403604411345348;0.40154782656644117;0.5984521734335588
1730781286.510395;/app/bags/user95_2017-02-24.bag;0.834065854549408;0.0;0.9619645476341248;0.0;2.403604411345348;0.40154782656644117;0.5984521734335588
1730781286.710425;/app/bags/user95_2017-02-24.bag;0.834065854549408;0.0;0.9619645476341248;0.0;2.403604411345348;0.40154782656644117;0.5984521734335588
1730781286.9104497;/app/bags/user95_2017-02-24.bag;0.834065854549408;0.0;0.9619645476341248;0.0;2.403604411345348;0.40154782656644117;0.5984521734335588
1730781287.1103897;/app/bags/user95_2017-02-24.bag;0.834065854549408;0.0;0.9619645476341248;0.0;2.403604411345348;0.40154782656644117;0.5984521734335588
1730781287.3103862;/app/bags/user95_2017-02-24.bag;0.834065854549408;0.0;0.9619645476341248;0.0;2.403604411345348;0.40154782656644117;0.5984521734335588
1730781287.5104365;/app/bags/user95_2017-02-24.bag;0.834065854549408;0.0;0.9619645476341248;0.0;2.403604411345348;0.40154782656644117;0.5984521734335588
1730781287.7104063;/app/bags/user95_2017-02-24.bag;0.834065854549408;0.0;0.9619645476341248;0.0;2.403604411345348;0.40154782656644117;0.5984521734335588
1730781287.9103703;/app/bags/user95_2017-02-24.bag;0.834065854549408;0.0;0.9619645476341248;0.0;2.403604411345348;0.40154782656644117;0.5984521734335588
1730781288.110377;/app/bags/user95_2017-02-24.bag;0.834065854549408;0.0;0.9619645476341248;0.0;2.403604411345348;0.40154782656644117;0.5984521734335588
1730781288.3103812;/app/bags/user95_2017-02-24.bag;0.834065854549408;0.0;0.9619645476341248;0.0;2.403604411345348;0.40154782656644117;0.5984521734335588
1730781288.5104532;/app/bags/user95_2017-02-24.bag;0.834065854549408;0.0;0.9619645476341248;0.0;2.403604411345348;0.40154782656644117;0.5984521734335588
1730781288.7103753;/app/bags/user95_2017-02-24.bag;0.834065854549408;0.0;0.9619645476341248;0.0;2.403604411345348;0.40154782656644117;0.5984521734335588
1730781288.9103475;/app/bags/user95_2017-02-24.bag;0.834065854549408;0.0;0.9619645476341248;0.0;2.403604411345348;0.40154782656644117;0.5984521734335588
1730781289.1103764;/app/bags/user95_2017-02-24.bag;0.834065854549408;0.0;0.9619645476341248;0.0;2.403604411345348;0.40154782656644117;0.5984521734335588
1730781289.3104165;/app/bags/user95_2017-02-24.bag;0.834065854549408;0.0;0.9619645476341248;0.0;2.403604411345348;0.40154782656644117;0.5984521734335588
1730781289.5104687;/app/bags/user95_2017-02-24.bag;0.834065854549408;0.0;0.9619645476341248;0.0;2.403604411345348;0.40154782656644117;0.5984521734335588
1730781289.7104309;/app/bags/user95_2017-02-24.bag;0.834065854549408;0.0;0.9619645476341248;0.0;2.403604411345348;0.40154782656644117;0.5984521734335588
1730781289.9103959;/app/bags/user95_2017-02-24.bag;0.834065854549408;0.0;0.9619645476341248;0.0;2.403604411345348;0.40154782656644117;0.5984521734335588
1730781290.1103761;/app/bags/user95_2017-02-24.bag;0.834065854549408;0.0;0.9619645476341248;0.0;2.403604411345348;0.40154782656644117;0.5984521734335588
1730781290.3104343;/app/bags/user95_2017-02-24.bag;0.834065854549408;0.0;0.9619645476341248;0.0;2.403604411345348;0.40154782656644117;0.5984521734335588
1730781290.510423;/app/bags/user95_2017-02-24.bag;0.834065854549408;0.0;0.9619645476341248;0.0;2.403604411345348;0.40154782656644117;0.5984521734335588
1730781290.7103848;/app/bags/user95_2017-02-24.bag;0.834065854549408;0.0;0.9619645476341248;0.0;2.403604411345348;0.40154782656644117;0.5984521734335588
1730781290.910393;/app/bags/user95_2017-02-24.bag;0.834065854549408;0.0;0.9619645476341248;0.0;2.403604411345348;0.40154782656644117;0.5984521734335588
1730781291.1104093;/app/bags/user95_2017-02-24.bag;0.834065854549408;0.0;0.9619645476341248;0.0;2.403604411345348;0.40154782656644117;0.5984521734335588
1730781291.3103886;/app/bags/user95_2017-02-24.bag;0.834065854549408;0.0;0.9619645476341248;0.0;2.403604411345348;0.40154782656644117;0.5984521734335588
1730781291.5103798;/app/bags/user95_2017-02-24.bag;0.834065854549408;0.0;0.9619645476341248;0.0;2.403604411345348;0.40154782656644117;0.5984521734335588
1730781291.7103734;/app/bags/user95_2017-02-24.bag;0.834065854549408;0.0;0.9619645476341248;0.0;2.403604411345348;0.40154782656644117;0.5984521734335588
1730781291.9103835;/app/bags/user95_2017-02-24.bag;0.834065854549408;0.0;0.9619645476341248;0.0;2.403604411345348;0.40154782656644117;0.5984521734335588
1730781292.1103659;/app/bags/user95_2017-02-24.bag;0.834065854549408;0.0;0.9619645476341248;0.0;2.403604411345348;0.40154782656644117;0.5984521734335588
1730781292.3104513;/app/bags/user95_2017-02-24.bag;0.834065854549408;0.0;0.9619645476341248;0.0;2.403604411345348;0.40154782656644117;0.5984521734335588
1730781292.5103695;/app/bags/user95_2017-02-24.bag;0.834065854549408;0.0;0.9619645476341248;0.0;2.403604411345348;0.40154782656644117;0.5984521734335588
1730781292.7103882;/app/bags/user95_2017-02-24.bag;0.834065854549408;0.0;0.9619645476341248;0.0;2.403604411345348;0.40154782656644117;0.5984521734335588
1730781292.9104185;/app/bags/user95_2017-02-24.bag;0.834065854549408;0.0;0.9619645476341248;0.0;2.403604411345348;0.40154782656644117;0.5984521734335588
1730781293.110387;/app/bags/user95_2017-02-24.bag;0.834065854549408;0.0;0.9619645476341248;0.0;2.403604411345348;0.40154782656644117;0.5984521734335588
1730781293.310386;/app/bags/user95_2017-02-24.bag;0.834065854549408;0.0;0.9619645476341248;0.0;2.403604411345348;0.40154782656644117;0.5984521734335588
1730781293.5104127;/app/bags/user95_2017-02-24.bag;0.834065854549408;0.0;0.9619645476341248;0.0;2.403604411345348;0.40154782656644117;0.5984521734335588
1730781293.7103975;/app/bags/user95_2017-02-24.bag;0.834065854549408;0.0;0.9619645476341248;0.0;2.403604411345348;0.40154782656644117;0.5984521734335588
1730781293.9103851;/app/bags/user95_2017-02-24.bag;0.834065854549408;0.0;0.9619645476341248;0.0;2.403604411345348;0.40154782656644117;0.5984521734335588
1730781294.1103814;/app/bags/user95_2017-02-24.bag;0.834065854549408;0.0;0.9619645476341248;0.0;2.403604411345348;0.40154782656644117;0.5984521734335588
1730781294.3103878;/app/bags/user95_2017-02-24.bag;0.834065854549408;0.0;0.9619645476341248;0.0;2.403604411345348;0.40154782656644117;0.5984521734335588
1730781294.5103877;/app/bags/user95_2017-02-24.bag;0.834065854549408;0.0;0.9619645476341248;0.0;2.403604411345348;0.40154782656644117;0.5984521734335588
1730781294.7103775;/app/bags/user95_2017-02-24.bag;0.834065854549408;0.0;0.9619645476341248;0.0;2.403604411345348;0.40154782656644117;0.5984521734335588
1730781294.9103887;/app/bags/user95_2017-02-24.bag;0.834065854549408;0.0;0.9619645476341248;0.0;2.403604411345348;0.40154782656644117;0.5984521734335588
1730781295.1103969;/app/bags/user95_2017-02-24.bag;0.834065854549408;0.0;0.9619645476341248;0.0;2.403604411345348;0.40154782656644117;0.5984521734335588
1730781295.3103795;/app/bags/user95_2017-02-24.bag;0.834065854549408;0.0;0.9619645476341248;0.0;2.403604411345348;0.40154782656644117;0.5984521734335588
1730781295.5103652;/app/bags/user95_2017-02-24.bag;0.834065854549408;0.0;0.9619645476341248;0.0;2.403604411345348;0.40154782656644117;0.5984521734335588
1730781295.7103539;/app/bags/user95_2017-02-24.bag;0.834065854549408;0.0;0.9619645476341248;0.0;2.403604411345348;0.40154782656644117;0.5984521734335588
1730781295.9103823;/app/bags/user95_2017-02-24.bag;0.834065854549408;0.0;0.9619645476341248;0.0;2.403604411345348;0.40154782656644117;0.5984521734335588
1730781296.1103792;/app/bags/user95_2017-02-24.bag;0.834065854549408;0.0;0.9619645476341248;0.0;2.403604411345348;0.40154782656644117;0.5984521734335588
1730781296.310465;/app/bags/user95_2017-02-24.bag;0.834065854549408;0.0;0.9619645476341248;0.0;2.403604411345348;0.40154782656644117;0.5984521734335588
1730781296.510398;/app/bags/user95_2017-02-24.bag;0.834065854549408;0.0;0.9619645476341248;0.0;2.403604411345348;0.40154782656644117;0.5984521734335588
1730781296.7104309;/app/bags/user95_2017-02-24.bag;0.834065854549408;0.0;0.9619645476341248;0.0;2.403604411345348;0.40154782656644117;0.5984521734335588
1730781296.910382;/app/bags/user95_2017-02-24.bag;0.834065854549408;0.0;0.9619645476341248;0.0;2.403604411345348;0.40154782656644117;0.5984521734335588
1730781297.1103718;/app/bags/user95_2017-02-24.bag;0.834065854549408;0.0;0.9619645476341248;0.0;2.403604411345348;0.40154782656644117;0.5984521734335588
1730781297.3105643;/app/bags/user95_2017-02-24.bag;0.834065854549408;0.0;0.9619645476341248;0.0;2.403604411345348;0.40154782656644117;0.5984521734335588
1730781297.5103786;/app/bags/user95_2017-02-24.bag;0.834065854549408;0.0;0.9619645476341248;0.0;2.403604411345348;0.40154782656644117;0.5984521734335588
1730781297.7103813;/app/bags/user95_2017-02-24.bag;0.834065854549408;0.0;0.9619645476341248;0.0;2.403604411345348;0.40154782656644117;0.5984521734335588
1730781297.9103942;/app/bags/user95_2017-02-24.bag;0.834065854549408;0.0;0.9619645476341248;0.0;2.403604411345348;0.40154782656644117;0.5984521734335588
1730781298.110433;/app/bags/user95_2017-02-24.bag;0.834065854549408;0.0;0.9619645476341248;0.0;2.403604411345348;0.40154782656644117;0.5984521734335588
1730781298.3104637;/app/bags/user95_2017-02-24.bag;0.834065854549408;0.0;0.9619645476341248;0.0;2.403604411345348;0.40154782656644117;0.5984521734335588
1730781298.5104468;/app/bags/user95_2017-02-24.bag;0.834065854549408;0.0;0.9619645476341248;0.0;2.403604411345348;0.40154782656644117;0.5984521734335588
1730781298.710412;/app/bags/user95_2017-02-24.bag;0.834065854549408;0.0;0.9619645476341248;0.0;2.403604411345348;0.40154782656644117;0.5984521734335588
1730781298.9105608;/app/bags/user95_2017-02-24.bag;0.834065854549408;0.0;0.9619645476341248;0.0;2.403604411345348;0.40154782656644117;0.5984521734335588
1730781299.1103714;/app/bags/user95_2017-02-24.bag;0.834065854549408;0.0;0.9619645476341248;0.0;2.403604411345348;0.40154782656644117;0.5984521734335588
1730781299.3104143;/app/bags/user95_2017-02-24.bag;0.834065854549408;0.0;0.9619645476341248;0.0;2.403604411345348;0.40154782656644117;0.5984521734335588
1730781299.5104048;/app/bags/user95_2017-02-24.bag;0.834065854549408;0.0;0.9619645476341248;0.0;2.403604411345348;0.40154782656644117;0.5984521734335588
1730781299.7104166;/app/bags/user95_2017-02-24.bag;0.834065854549408;0.0;0.9619645476341248;0.0;2.403604411345348;0.40154782656644117;0.5984521734335588
1730781299.9103794;/app/bags/user95_2017-02-24.bag;0.834065854549408;0.0;0.9619645476341248;0.0;2.403604411345348;0.40154782656644117;0.5984521734335588
1730781300.1103952;/app/bags/user95_2017-02-24.bag;0.834065854549408;0.0;0.9619645476341248;0.0;2.403604411345348;0.40154782656644117;0.5984521734335588
1730781300.3103805;/app/bags/user95_2017-02-24.bag;0.834065854549408;0.0;0.9619645476341248;0.0;2.403604411345348;0.40154782656644117;0.5984521734335588
1730781300.510427;/app/bags/user95_2017-02-24.bag;0.834065854549408;0.0;0.9619645476341248;0.0;2.403604411345348;0.40154782656644117;0.5984521734335588
1730781300.7103994;/app/bags/user95_2017-02-24.bag;0.834065854549408;0.0;0.9619645476341248;0.0;2.403604411345348;0.40154782656644117;0.5984521734335588
1730781300.9103708;/app/bags/user95_2017-02-24.bag;0.834065854549408;0.0;0.9619645476341248;0.0;2.403604411345348;0.40154782656644117;0.5984521734335588
1730781301.1103818;/app/bags/user95_2017-02-24.bag;0.834065854549408;0.0;0.9619645476341248;0.0;2.403604411345348;0.40154782656644117;0.5984521734335588
1730781301.310217;/app/bags/user95_2017-02-24.bag;0.834065854549408;0.0;0.9619645476341248;0.0;2.403604411345348;0.40154782656644117;0.5984521734335588
1730781301.5103738;/app/bags/user95_2017-02-24.bag;0.834065854549408;0.0;0.9619645476341248;0.0;2.403604411345348;0.40154782656644117;0.5984521734335588
1730781301.7103944;/app/bags/user95_2017-02-24.bag;0.834065854549408;0.0;0.9619645476341248;0.0;2.403604411345348;0.40154782656644117;0.5984521734335588
1730781301.9103994;/app/bags/user95_2017-02-24.bag;0.834065854549408;0.0;0.9619645476341248;0.0;2.403604411345348;0.40154782656644117;0.5984521734335588
1730781302.1103835;/app/bags/user95_2017-02-24.bag;0.834065854549408;0.0;0.9619645476341248;0.0;2.403604411345348;0.40154782656644117;0.5984521734335588
1730781302.3106265;/app/bags/user95_2017-02-24.bag;0.834065854549408;0.0;0.9619645476341248;0.0;2.403604411345348;0.40154782656644117;0.5984521734335588
1730781302.5103884;/app/bags/user95_2017-02-24.bag;0.834065854549408;0.0;0.9619645476341248;0.0;2.403604411345348;0.40154782656644117;0.5984521734335588
1730781302.7103777;/app/bags/user95_2017-02-24.bag;0.834065854549408;0.0;0.9619645476341248;0.0;2.403604411345348;0.40154782656644117;0.5984521734335588
1730781302.9103775;/app/bags/user95_2017-02-24.bag;0.834065854549408;0.0;0.9619645476341248;0.0;2.403604411345348;0.40154782656644117;0.5984521734335588
1730781303.1103773;/app/bags/user95_2017-02-24.bag;0.834065854549408;0.0;0.9619645476341248;0.0;2.403604411345348;0.40154782656644117;0.5984521734335588
1730781303.3103843;/app/bags/user95_2017-02-24.bag;0.834065854549408;0.0;0.9619645476341248;0.0;2.403604411345348;0.40154782656644117;0.5984521734335588
1730781303.5104313;/app/bags/user95_2017-02-24.bag;0.834065854549408;0.0;0.9619645476341248;0.0;2.403604411345348;0.40154782656644117;0.5984521734335588
1730781303.7103853;/app/bags/user95_2017-02-24.bag;0.834065854549408;0.0;0.9619645476341248;0.0;2.403604411345348;0.40154782656644117;0.5984521734335588
1730781303.9103792;/app/bags/user95_2017-02-24.bag;0.834065854549408;0.0;0.9619645476341248;0.0;2.403604411345348;0.40154782656644117;0.5984521734335588
1730781304.1103764;/app/bags/user95_2017-02-24.bag;0.834065854549408;0.0;0.9619645476341248;0.0;2.403604411345348;0.40154782656644117;0.5984521734335588
1730781304.3103938;/app/bags/user95_2017-02-24.bag;0.834065854549408;0.0;0.9619645476341248;0.0;2.403604411345348;0.40154782656644117;0.5984521734335588
1730781304.5103965;/app/bags/user95_2017-02-24.bag;0.834065854549408;0.0;0.9619645476341248;0.0;2.403604411345348;0.40154782656644117;0.5984521734335588
1730781304.7104342;/app/bags/user95_2017-02-24.bag;0.834065854549408;0.0;0.9619645476341248;0.0;2.403604411345348;0.40154782656644117;0.5984521734335588
1730781304.9103985;/app/bags/user95_2017-02-24.bag;0.834065854549408;0.0;0.9619645476341248;0.0;2.403604411345348;0.40154782656644117;0.5984521734335588
1730781305.1103897;/app/bags/user95_2017-02-24.bag;0.834065854549408;0.0;0.9619645476341248;0.0;2.403604411345348;0.40154782656644117;0.5984521734335588
1730781305.3104458;/app/bags/user95_2017-02-24.bag;0.834065854549408;0.0;0.9619645476341248;0.0;2.403604411345348;0.40154782656644117;0.5984521734335588
1730781305.5103765;/app/bags/user95_2017-02-24.bag;0.834065854549408;0.0;0.9619645476341248;0.0;2.403604411345348;0.40154782656644117;0.5984521734335588
1730781305.7103846;/app/bags/user95_2017-02-24.bag;0.834065854549408;0.0;0.9619645476341248;0.0;2.403604411345348;0.40154782656644117;0.5984521734335588
1730781305.9103997;/app/bags/user95_2017-02-24.bag;0.834065854549408;0.0;0.9619645476341248;0.0;2.403604411345348;0.40154782656644117;0.5984521734335588
1730781306.1103964;/app/bags/user95_2017-02-24.bag;0.834065854549408;0.0;0.9619645476341248;0.0;2.403604411345348;0.40154782656644117;0.5984521734335588
1730781306.3103764;/app/bags/user95_2017-02-24.bag;0.834065854549408;0.0;0.9619645476341248;0.0;2.403604411345348;0.40154782656644117;0.5984521734335588
1730781306.5103776;/app/bags/user95_2017-02-24.bag;0.834065854549408;0.0;0.9619645476341248;0.0;2.403604411345348;0.40154782656644117;0.5984521734335588
1730781306.7103899;/app/bags/user95_2017-02-24.bag;0.834065854549408;0.0;0.9619645476341248;0.0;2.403604411345348;0.40154782656644117;0.5984521734335588
1730781306.91039;/app/bags/user95_2017-02-24.bag;0.834065854549408;0.0;0.9619645476341248;0.0;2.403604411345348;0.40154782656644117;0.5984521734335588
1730781307.1103842;/app/bags/user95_2017-02-24.bag;0.834065854549408;0.0;0.9619645476341248;0.0;2.403604411345348;0.40154782656644117;0.5984521734335588
1730781307.3104117;/app/bags/user95_2017-02-24.bag;0.834065854549408;0.0;0.9619645476341248;0.0;2.403604411345348;0.40154782656644117;0.5984521734335588
1730781307.5103877;/app/bags/user95_2017-02-24.bag;0.834065854549408;0.0;0.9619645476341248;0.0;2.403604411345348;0.40154782656644117;0.5984521734335588
1730781307.7104375;/app/bags/user95_2017-02-24.bag;0.834065854549408;0.0;0.9619645476341248;0.0;2.403604411345348;0.40154782656644117;0.5984521734335588
1730781307.9103453;/app/bags/user95_2017-02-24.bag;0.834065854549408;0.0;0.9619645476341248;0.0;2.403604411345348;0.40154782656644117;0.5984521734335588
1730781308.11039;/app/bags/user95_2017-02-24.bag;0.834065854549408;0.0;0.9619645476341248;0.0;2.403604411345348;0.40154782656644117;0.5984521734335588
1730781308.3103952;/app/bags/user95_2017-02-24.bag;0.834065854549408;0.0;0.9619645476341248;0.0;2.403604411345348;0.40154782656644117;0.5984521734335588
1730781308.5104067;/app/bags/user95_2017-02-24.bag;0.834065854549408;0.0;0.9619645476341248;0.0;2.403604411345348;0.40154782656644117;0.5984521734335588
1730781308.7104244;/app/bags/user95_2017-02-24.bag;0.834065854549408;0.0;0.9619645476341248;0.0;2.403604411345348;0.40154782656644117;0.5984521734335588
1730781308.910342;/app/bags/user95_2017-02-24.bag;0.834065854549408;0.0;0.9619645476341248;0.0;2.403604411345348;0.40154782656644117;0.5984521734335588
1730781309.110341;/app/bags/user95_2017-02-24.bag;0.834065854549408;0.0;0.9619645476341248;0.0;2.403604411345348;0.40154782656644117;0.5984521734335588
1730781309.3104315;/app/bags/user95_2017-02-24.bag;0.834065854549408;0.0;0.9619645476341248;0.0;2.403604411345348;0.40154782656644117;0.5984521734335588
1730781309.5104706;/app/bags/user95_2017-02-24.bag;0.834065854549408;0.0;0.9619645476341248;0.0;2.403604411345348;0.40154782656644117;0.5984521734335588
1730781309.7103593;/app/bags/user95_2017-02-24.bag;0.834065854549408;0.0;0.9619645476341248;0.0;2.403604411345348;0.40154782656644117;0.5984521734335588
1730781309.9104521;/app/bags/user95_2017-02-24.bag;0.834065854549408;0.0;0.9619645476341248;0.0;2.403604411345348;0.40154782656644117;0.5984521734335588
1730781310.1103485;/app/bags/user95_2017-02-24.bag;0.834065854549408;0.0;0.9619645476341248;0.0;2.403604411345348;0.40154782656644117;0.5984521734335588
1730781310.310436;/app/bags/user95_2017-02-24.bag;0.834065854549408;0.0;0.9619645476341248;0.0;2.403604411345348;0.40154782656644117;0.5984521734335588
1730781310.5103726;/app/bags/user95_2017-02-24.bag;0.834065854549408;0.0;0.9619645476341248;0.0;2.403604411345348;0.40154782656644117;0.5984521734335588
1730781310.710395;/app/bags/user95_2017-02-24.bag;0.834065854549408;0.0;0.9619645476341248;0.0;2.403604411345348;0.40154782656644117;0.5984521734335588
1730781310.9103937;/app/bags/user95_2017-02-24.bag;0.834065854549408;0.0;0.9619645476341248;0.0;2.403604411345348;0.40154782656644117;0.5984521734335588
1730781311.1103911;/app/bags/user95_2017-02-24.bag;0.834065854549408;0.0;0.9619645476341248;0.0;2.403604411345348;0.40154782656644117;0.5984521734335588
1730781311.3103848;/app/bags/user95_2017-02-24.bag;0.834065854549408;0.0;0.9619645476341248;0.0;2.403604411345348;0.40154782656644117;0.5984521734335588
1730781311.5103824;/app/bags/user95_2017-02-24.bag;0.834065854549408;0.0;0.9619645476341248;0.0;2.403604411345348;0.40154782656644117;0.5984521734335588
1730781311.7103853;/app/bags/user95_2017-02-24.bag;0.834065854549408;0.0;0.9619645476341248;0.0;2.403604411345348;0.40154782656644117;0.5984521734335588
1730781311.9103453;/app/bags/user95_2017-02-24.bag;0.834065854549408;0.0;0.9619645476341248;0.0;2.403604411345348;0.40154782656644117;0.5984521734335588
1730781312.1104777;/app/bags/user95_2017-02-24.bag;0.834065854549408;0.0;0.9619645476341248;0.0;2.403604411345348;0.40154782656644117;0.5984521734335588
1730781312.3103917;/app/bags/user95_2017-02-24.bag;0.834065854549408;0.0;0.9619645476341248;0.0;2.403604411345348;0.40154782656644117;0.5984521734335588
1730781312.510425;/app/bags/user95_2017-02-24.bag;0.834065854549408;0.0;0.9619645476341248;0.0;2.403604411345348;0.40154782656644117;0.5984521734335588
1730781312.7105198;/app/bags/user95_2017-02-24.bag;0.834065854549408;0.0;0.9619645476341248;0.0;2.403604411345348;0.40154782656644117;0.5984521734335588
1730781312.910392;/app/bags/user95_2017-02-24.bag;0.834065854549408;0.0;0.9619645476341248;0.0;2.403604411345348;0.40154782656644117;0.5984521734335588
1730781313.1103606;/app/bags/user95_2017-02-24.bag;0.834065854549408;0.0;0.9619645476341248;0.0;2.403604411345348;0.40154782656644117;0.5984521734335588
1730781313.3104014;/app/bags/user95_2017-02-24.bag;0.834065854549408;0.0;0.9619645476341248;0.0;2.403604411345348;0.40154782656644117;0.5984521734335588
1730781313.5104103;/app/bags/user95_2017-02-24.bag;0.834065854549408;0.0;0.9619645476341248;0.0;2.403604411345348;0.40154782656644117;0.5984521734335588
1730781313.7103717;/app/bags/user95_2017-02-24.bag;0.834065854549408;0.0;0.9619645476341248;0.0;2.403604411345348;0.40154782656644117;0.5984521734335588
1730781313.9103444;/app/bags/user95_2017-02-24.bag;0.834065854549408;0.0;0.9619645476341248;0.0;2.403604411345348;0.40154782656644117;0.5984521734335588
1730781314.1103673;/app/bags/user95_2017-02-24.bag;0.834065854549408;0.0;0.9619645476341248;0.0;2.403604411345348;0.40154782656644117;0.5984521734335588
1730781314.3103745;/app/bags/user95_2017-02-24.bag;0.834065854549408;0.0;0.9619645476341248;0.0;2.403604411345348;0.40154782656644117;0.5984521734335588
1730781314.5103772;/app/bags/user95_2017-02-24.bag;0.834065854549408;0.0;0.9619645476341248;0.0;2.403604411345348;0.40154782656644117;0.5984521734335588
1730781314.7104132;/app/bags/user95_2017-02-24.bag;0.834065854549408;0.0;0.9619645476341248;0.0;2.403604411345348;0.40154782656644117;0.5984521734335588
1730781314.910405;/app/bags/user95_2017-02-24.bag;0.834065854549408;0.0;0.9619645476341248;0.0;2.403604411345348;0.40154782656644117;0.5984521734335588
1730781315.1105173;/app/bags/user95_2017-02-24.bag;0.834065854549408;0.0;0.9619645476341248;0.0;2.403604411345348;0.40154782656644117;0.5984521734335588
1730781315.310377;/app/bags/user95_2017-02-24.bag;0.834065854549408;0.0;0.9619645476341248;0.0;2.403604411345348;0.40154782656644117;0.5984521734335588
1730781315.5103698;/app/bags/user95_2017-02-24.bag;0.834065854549408;0.0;0.9619645476341248;0.0;2.403604411345348;0.40154782656644117;0.5984521734335588
1730781315.7104013;/app/bags/user95_2017-02-24.bag;0.834065854549408;0.0;0.9619645476341248;0.0;2.403604411345348;0.40154782656644117;0.5984521734335588
1730781315.9103768;/app/bags/user95_2017-02-24.bag;0.834065854549408;0.0;0.9619645476341248;0.0;2.403604411345348;0.40154782656644117;0.5984521734335588
1730781316.11039;/app/bags/user95_2017-02-24.bag;0.834065854549408;0.0;0.9619645476341248;0.0;2.403604411345348;0.40154782656644117;0.5984521734335588
1730781316.3108902;/app/bags/user95_2017-02-24.bag;0.834065854549408;0.0;0.9619645476341248;0.0;2.403604411345348;0.40154782656644117;0.5984521734335588
1730781316.510381;/app/bags/user95_2017-02-24.bag;0.834065854549408;0.0;0.9619645476341248;0.0;2.403604411345348;0.40154782656644117;0.5984521734335588
1730781316.7103827;/app/bags/user95_2017-02-24.bag;0.834065854549408;0.0;0.9619645476341248;0.0;2.403604411345348;0.40154782656644117;0.5984521734335588
1730781316.910364;/app/bags/user95_2017-02-24.bag;0.834065854549408;0.0;0.9619645476341248;0.0;2.403604411345348;0.40154782656644117;0.5984521734335588
1730781317.1103718;/app/bags/user95_2017-02-24.bag;0.834065854549408;0.0;0.9619645476341248;0.0;2.403604411345348;0.40154782656644117;0.5984521734335588
1730781317.3103988;/app/bags/user95_2017-02-24.bag;0.834065854549408;0.0;0.9619645476341248;0.0;2.403604411345348;0.40154782656644117;0.5984521734335588
1730781317.510417;/app/bags/user95_2017-02-24.bag;0.834065854549408;0.0;0.9619645476341248;0.0;2.403604411345348;0.40154782656644117;0.5984521734335588
1730781317.7103543;/app/bags/user95_2017-02-24.bag;0.834065854549408;0.0;0.9619645476341248;0.0;2.403604411345348;0.40154782656644117;0.5984521734335588
1730781317.9104314;/app/bags/user95_2017-02-24.bag;0.834065854549408;0.0;0.9619645476341248;0.0;0.667477245503997;0.5991873594733563;0.40081264052664367
1730781318.110394;/app/bags/user95_2017-02-24.bag;0.834065854549408;0.0;0.9619645476341248;0.0;0.667477245503997;0.5991873594733563;0.40081264052664367
1730781318.3103886;/app/bags/user95_2017-02-24.bag;0.834065854549408;0.0;0.9619645476341248;0.0;0.667477245503997;0.5991873594733563;0.40081264052664367
1730781318.510398;/app/bags/user95_2017-02-24.bag;0.834065854549408;0.0;0.9619645476341248;0.0;0.667477245503997;0.5991873594733563;0.40081264052664367
1730781318.710381;/app/bags/user95_2017-02-24.bag;0.834065854549408;0.0;0.9619645476341248;0.0;0.667477245503997;0.5991873594733563;0.40081264052664367
1730781318.910355;/app/bags/user95_2017-02-24.bag;0.834065854549408;0.0;0.9619645476341248;0.0;0.667477245503997;0.5991873594733563;0.40081264052664367
1730781319.1105013;/app/bags/user95_2017-02-24.bag;0.834065854549408;0.0;0.9619645476341248;0.0;0.667477245503997;0.5991873594733563;0.40081264052664367
1730781319.3104105;/app/bags/user95_2017-02-24.bag;0.834065854549408;0.0;0.9619645476341248;0.0;0.667477245503997;0.5991873594733563;0.40081264052664367
1730781319.510411;/app/bags/user95_2017-02-24.bag;0.834065854549408;0.0;0.9619645476341248;0.0;0.667477245503997;0.5991873594733563;0.40081264052664367
1730781319.7103782;/app/bags/user95_2017-02-24.bag;0.834065854549408;0.0;0.9619645476341248;0.0;0.667477245503997;0.5991873594733563;0.40081264052664367
1730781319.9103835;/app/bags/user95_2017-02-24.bag;0.834065854549408;0.0;0.9619645476341248;0.0;0.667477245503997;0.5991873594733563;0.40081264052664367
1730781320.110433;/app/bags/user95_2017-02-24.bag;0.834065854549408;0.0;0.9619645476341248;0.0;0.667477245503997;0.5991873594733563;0.40081264052664367
1730781320.310382;/app/bags/user95_2017-02-24.bag;0.834065854549408;0.0;0.9619645476341248;0.0;0.667477245503997;0.5991873594733563;0.40081264052664367
1730781320.510431;/app/bags/user95_2017-02-24.bag;0.834065854549408;0.0;0.9619645476341248;0.0;0.667477245503997;0.5991873594733563;0.40081264052664367
1730781320.710415;/app/bags/user95_2017-02-24.bag;0.834065854549408;0.0;0.9619645476341248;0.0;0.667477245503997;0.5991873594733563;0.40081264052664367
1730781320.9105413;/app/bags/user95_2017-02-24.bag;0.834065854549408;0.0;0.9619645476341248;0.0;0.667477245503997;0.5991873594733563;0.40081264052664367
1730781321.1103747;/app/bags/user95_2017-02-24.bag;0.834065854549408;0.0;0.9619645476341248;0.0;0.667477245503997;0.5991873594733563;0.40081264052664367
1730781321.3104303;/app/bags/user95_2017-02-24.bag;0.834065854549408;0.0;0.9619645476341248;0.0;0.667477245503997;0.5991873594733563;0.40081264052664367
1730781321.5104227;/app/bags/user95_2017-02-24.bag;0.834065854549408;0.0;0.9619645476341248;0.0;0.667477245503997;0.5991873594733563;0.40081264052664367
1730781321.7103827;/app/bags/user95_2017-02-24.bag;0.834065854549408;0.0;0.9619645476341248;0.0;0.667477245503997;0.5991873594733563;0.40081264052664367
1730781321.910394;/app/bags/user95_2017-02-24.bag;0.834065854549408;0.0;0.9619645476341248;0.0;0.667477245503997;0.5991873594733563;0.40081264052664367
1730781322.1104095;/app/bags/user95_2017-02-24.bag;0.834065854549408;0.0;0.9619645476341248;0.0;0.667477245503997;0.5991873594733563;0.40081264052664367
1730781322.3103652;/app/bags/user95_2017-02-24.bag;0.834065854549408;0.0;0.9619645476341248;0.0;0.667477245503997;0.5991873594733563;0.40081264052664367
1730781322.5104935;/app/bags/user95_2017-02-24.bag;0.834065854549408;0.0;0.9619645476341248;0.0;0.667477245503997;0.5991873594733563;0.40081264052664367
1730781322.7103958;/app/bags/user95_2017-02-24.bag;0.834065854549408;0.0;0.9619645476341248;0.0;0.667477245503997;0.5991873594733563;0.40081264052664367
1730781322.9104648;/app/bags/user95_2017-02-24.bag;0.834065854549408;0.0;0.9619645476341248;0.0;0.667477245503997;0.5991873594733563;0.40081264052664367
1730781323.1104124;/app/bags/user95_2017-02-24.bag;0.834065854549408;0.0;0.9619645476341248;0.0;0.667477245503997;0.5991873594733563;0.40081264052664367
1730781323.3103652;/app/bags/user95_2017-02-24.bag;0.834065854549408;0.0;0.9619645476341248;0.0;0.667477245503997;0.5991873594733563;0.40081264052664367
1730781323.5104756;/app/bags/user95_2017-02-24.bag;0.834065854549408;0.0;0.9619645476341248;0.0;0.667477245503997;0.5991873594733563;0.40081264052664367
1730781323.7104838;/app/bags/user95_2017-02-24.bag;0.834065854549408;0.0;0.9619645476341248;0.0;0.667477245503997;0.5991873594733563;0.40081264052664367
1730781323.9103816;/app/bags/user95_2017-02-24.bag;0.834065854549408;0.0;0.9619645476341248;0.0;0.667477245503997;0.5991873594733563;0.40081264052664367
1730781324.1103885;/app/bags/user95_2017-02-24.bag;0.834065854549408;0.0;0.9619645476341248;0.0;0.667477245503997;0.5991873594733563;0.40081264052664367
1730781324.3103347;/app/bags/user95_2017-02-24.bag;0.834065854549408;0.0;0.9619645476341248;0.0;0.667477245503997;0.5991873594733563;0.40081264052664367
1730781324.5103357;/app/bags/user95_2017-02-24.bag;0.834065854549408;0.0;0.9619645476341248;0.0;0.667477245503997;0.5991873594733563;0.40081264052664367
1730781324.7103558;/app/bags/user95_2017-02-24.bag;0.834065854549408;0.0;0.9619645476341248;0.0;0.667477245503997;0.5991873594733563;0.40081264052664367
1730781324.910443;/app/bags/user95_2017-02-24.bag;0.834065854549408;0.0;0.9619645476341248;0.0;0.667477245503997;0.5991873594733563;0.40081264052664367
1730781325.1103916;/app/bags/user95_2017-02-24.bag;0.834065854549408;0.0;0.9619645476341248;0.0;0.667477245503997;0.5991873594733563;0.40081264052664367
1730781325.3104248;/app/bags/user95_2017-02-24.bag;0.834065854549408;0.0;0.9619645476341248;0.0;0.667477245503997;0.5991873594733563;0.40081264052664367
1730781325.5103967;/app/bags/user95_2017-02-24.bag;0.834065854549408;0.0;0.9619645476341248;0.0;0.667477245503997;0.5991873594733563;0.40081264052664367
1730781325.7103906;/app/bags/user95_2017-02-24.bag;0.834065854549408;0.0;0.9619645476341248;0.0;0.667477245503997;0.5991873594733563;0.40081264052664367
1730781325.9103954;/app/bags/user95_2017-02-24.bag;0.834065854549408;0.0;0.9619645476341248;0.0;0.667477245503997;0.5991873594733563;0.40081264052664367
1730781326.110385;/app/bags/user95_2017-02-24.bag;0.834065854549408;0.0;0.9619645476341248;0.0;0.667477245503997;0.5991873594733563;0.40081264052664367
1730781326.3103764;/app/bags/user95_2017-02-24.bag;0.834065854549408;0.0;0.9619645476341248;0.0;0.667477245503997;0.5991873594733563;0.40081264052664367
1730781326.5103974;/app/bags/user95_2017-02-24.bag;0.834065854549408;0.0;0.9619645476341248;0.0;0.667477245503997;0.5991873594733563;0.40081264052664367
1730781326.7104228;/app/bags/user95_2017-02-24.bag;0.834065854549408;0.0;0.9619645476341248;0.0;0.667477245503997;0.5991873594733563;0.40081264052664367
1730781326.910451;/app/bags/user95_2017-02-24.bag;0.834065854549408;0.0;0.9619645476341248;0.0;0.667477245503997;0.5991873594733563;0.40081264052664367
1730781327.1103792;/app/bags/user95_2017-02-24.bag;0.834065854549408;0.0;0.9619645476341248;0.0;0.667477245503997;0.5991873594733563;0.40081264052664367
1730781327.3103867;/app/bags/user95_2017-02-24.bag;0.834065854549408;0.0;0.9619645476341248;0.0;0.667477245503997;0.5991873594733563;0.40081264052664367
1730781327.5104187;/app/bags/user95_2017-02-24.bag;0.834065854549408;0.0;0.9619645476341248;0.0;0.667477245503997;0.5991873594733563;0.40081264052664367
1730781327.7103896;/app/bags/user95_2017-02-24.bag;0.834065854549408;0.0;0.9619645476341248;0.0;0.667477245503997;0.5991873594733563;0.40081264052664367
1730781327.9103625;/app/bags/user95_2017-02-24.bag;0.834065854549408;0.0;0.9619645476341248;0.0;0.667477245503997;0.5991873594733563;0.40081264052664367
1730781328.1103861;/app/bags/user95_2017-02-24.bag;0.834065854549408;0.0;0.9619645476341248;0.0;0.667477245503997;0.5991873594733563;0.40081264052664367
1730781328.310419;/app/bags/user95_2017-02-24.bag;0.834065854549408;0.0;0.9619645476341248;0.0;0.667477245503997;0.5991873594733563;0.40081264052664367
1730781328.510408;/app/bags/user95_2017-02-24.bag;0.834065854549408;0.0;0.9619645476341248;0.0;0.667477245503997;0.5991873594733563;0.40081264052664367
1730781328.710536;/app/bags/user95_2017-02-24.bag;0.834065854549408;0.0;0.9619645476341248;0.0;0.667477245503997;0.5991873594733563;0.40081264052664367
1730781328.9103835;/app/bags/user95_2017-02-24.bag;0.834065854549408;0.0;0.9619645476341248;0.0;0.667477245503997;0.5991873594733563;0.40081264052664367
1730781329.1104448;/app/bags/user95_2017-02-24.bag;0.834065854549408;0.0;0.9619645476341248;0.0;0.667477245503997;0.5991873594733563;0.40081264052664367
1730781329.3103726;/app/bags/user95_2017-02-24.bag;0.834065854549408;0.0;0.9619645476341248;0.0;0.667477245503997;0.5991873594733563;0.40081264052664367
1730781329.5103745;/app/bags/user95_2017-02-24.bag;0.834065854549408;0.0;0.9619645476341248;0.0;0.667477245503997;0.5991873594733563;0.40081264052664367
1730781329.7104132;/app/bags/user95_2017-02-24.bag;0.834065854549408;0.0;0.9619645476341248;0.0;0.667477245503997;0.5991873594733563;0.40081264052664367
1730781329.91042;/app/bags/user95_2017-02-24.bag;0.834065854549408;0.0;0.9619645476341248;0.0;0.667477245503997;0.5991873594733563;0.40081264052664367
1730781330.1103683;/app/bags/user95_2017-02-24.bag;0.834065854549408;0.0;0.9619645476341248;0.0;0.667477245503997;0.5991873594733563;0.40081264052664367
1730781330.3104315;/app/bags/user95_2017-02-24.bag;0.834065854549408;0.0;0.9619645476341248;0.0;0.667477245503997;0.5991873594733563;0.40081264052664367
1730781330.510367;/app/bags/user95_2017-02-24.bag;0.834065854549408;0.0;0.9619645476341248;0.0;0.667477245503997;0.5991873594733563;0.40081264052664367
1730781330.7103915;/app/bags/user95_2017-02-24.bag;0.834065854549408;0.0;0.9619645476341248;0.0;0.667477245503997;0.5991873594733563;0.40081264052664367
1730781330.9104142;/app/bags/user95_2017-02-24.bag;0.834065854549408;0.0;0.9619645476341248;0.0;0.667477245503997;0.5991873594733563;0.40081264052664367
1730781331.110394;/app/bags/user95_2017-02-24.bag;0.834065854549408;0.0;0.9619645476341248;0.0;0.667477245503997;0.5991873594733563;0.40081264052664367
1730781331.3103855;/app/bags/user95_2017-02-24.bag;0.834065854549408;0.0;0.9619645476341248;0.0;0.667477245503997;0.5991873594733563;0.40081264052664367
1730781331.510363;/app/bags/user95_2017-02-24.bag;0.834065854549408;0.0;0.9619645476341248;0.0;0.667477245503997;0.5991873594733563;0.40081264052664367
1730781331.710403;/app/bags/user95_2017-02-24.bag;0.834065854549408;0.0;0.9619645476341248;0.0;0.667477245503997;0.5991873594733563;0.40081264052664367
1730781331.9103942;/app/bags/user95_2017-02-24.bag;0.834065854549408;0.0;0.9619645476341248;0.0;0.667477245503997;0.5991873594733563;0.40081264052664367
1730781332.110381;/app/bags/user95_2017-02-24.bag;0.834065854549408;0.0;0.9619645476341248;0.0;0.667477245503997;0.5991873594733563;0.40081264052664367
1730781332.3104508;/app/bags/user95_2017-02-24.bag;0.834065854549408;0.0;0.9619645476341248;0.0;0.667477245503997;0.5991873594733563;0.40081264052664367
1730781332.5103917;/app/bags/user95_2017-02-24.bag;0.834065854549408;0.0;0.9619645476341248;0.0;0.667477245503997;0.5991873594733563;0.40081264052664367
1730781332.7103796;/app/bags/user95_2017-02-24.bag;0.834065854549408;0.0;0.9619645476341248;0.0;0.667477245503997;0.5991873594733563;0.40081264052664367
1730781332.9103987;/app/bags/user95_2017-02-24.bag;0.834065854549408;0.0;0.9619645476341248;0.0;0.667477245503997;0.5991873594733563;0.40081264052664367
1730781333.1104329;/app/bags/user95_2017-02-24.bag;0.834065854549408;0.0;0.9619645476341248;0.0;0.667477245503997;0.5991873594733563;0.40081264052664367
1730781333.3103993;/app/bags/user95_2017-02-24.bag;0.834065854549408;0.0;0.9619645476341248;0.0;0.667477245503997;0.5991873594733563;0.40081264052664367
1730781333.510385;/app/bags/user95_2017-02-24.bag;0.834065854549408;0.0;0.9619645476341248;0.0;0.667477245503997;0.5991873594733563;0.40081264052664367
1730781333.7104886;/app/bags/user95_2017-02-24.bag;0.834065854549408;0.0;0.9619645476341248;0.0;0.667477245503997;0.5991873594733563;0.40081264052664367
1730781333.9104047;/app/bags/user95_2017-02-24.bag;0.834065854549408;0.0;0.9619645476341248;0.0;0.667477245503997;0.5991873594733563;0.40081264052664367
1730781334.1103992;/app/bags/user95_2017-02-24.bag;0.834065854549408;0.0;0.9619645476341248;0.0;0.667477245503997;0.5991873594733563;0.40081264052664367
1730781334.310372;/app/bags/user95_2017-02-24.bag;0.834065854549408;0.0;0.9619645476341248;0.0;0.667477245503997;0.5991873594733563;0.40081264052664367
1730781334.510402;/app/bags/user95_2017-02-24.bag;0.834065854549408;0.0;0.9619645476341248;0.0;0.667477245503997;0.5991873594733563;0.40081264052664367
1730781334.710394;/app/bags/user95_2017-02-24.bag;0.834065854549408;0.0;0.9619645476341248;0.0;0.667477245503997;0.5991873594733563;0.40081264052664367
1730781334.910434;/app/bags/user95_2017-02-24.bag;0.834065854549408;0.0;0.9619645476341248;0.0;0.667477245503997;0.5991873594733563;0.40081264052664367
1730781335.1104164;/app/bags/user95_2017-02-24.bag;0.834065854549408;0.0;0.9619645476341248;0.0;0.667477245503997;0.5991873594733563;0.40081264052664367
1730781335.3103545;/app/bags/user95_2017-02-24.bag;0.834065854549408;0.0;0.9619645476341248;0.0;0.667477245503997;0.5991873594733563;0.40081264052664367
1730781335.5104015;/app/bags/user95_2017-02-24.bag;0.834065854549408;0.0;0.9619645476341248;0.0;0.667477245503997;0.5991873594733563;0.40081264052664367
1730781335.7103896;/app/bags/user95_2017-02-24.bag;0.834065854549408;0.0;0.9619645476341248;0.0;0.667477245503997;0.5991873594733563;0.40081264052664367
1730781335.9103963;/app/bags/user95_2017-02-24.bag;0.834065854549408;0.0;0.9619645476341248;0.0;0.667477245503997;0.5991873594733563;0.40081264052664367
1730781336.1104074;/app/bags/user95_2017-02-24.bag;0.834065854549408;0.0;0.9619645476341248;0.0;0.667477245503997;0.5991873594733563;0.40081264052664367
1730781336.3103843;/app/bags/user95_2017-02-24.bag;0.834065854549408;0.0;0.9619645476341248;0.0;0.667477245503997;0.5991873594733563;0.40081264052664367
1730781336.5103796;/app/bags/user95_2017-02-24.bag;0.834065854549408;0.0;0.9619645476341248;0.0;0.667477245503997;0.5991873594733563;0.40081264052664367
1730781336.7103784;/app/bags/user95_2017-02-24.bag;0.834065854549408;0.0;0.9619645476341248;0.0;0.667477245503997;0.5991873594733563;0.40081264052664367
1730781336.9104018;/app/bags/user95_2017-02-24.bag;0.834065854549408;0.0;0.9619645476341248;0.0;0.667477245503997;0.5991873594733563;0.40081264052664367
1730781337.1103802;/app/bags/user95_2017-02-24.bag;0.834065854549408;0.0;0.9619645476341248;0.0;0.667477245503997;0.5991873594733563;0.40081264052664367
1730781337.3104277;/app/bags/user95_2017-02-24.bag;0.834065854549408;0.0;0.9619645476341248;0.0;0.667477245503997;0.5991873594733563;0.40081264052664367
1730781337.510393;/app/bags/user95_2017-02-24.bag;0.834065854549408;0.0;0.9619645476341248;0.0;0.667477245503997;0.5991873594733563;0.40081264052664367
1730781337.7103937;/app/bags/user95_2017-02-24.bag;0.834065854549408;0.0;0.9619645476341248;0.0;0.667477245503997;0.5991873594733563;0.40081264052664367
1730781337.9103756;/app/bags/user95_2017-02-24.bag;0.834065854549408;0.0;0.9619645476341248;0.0;0.667477245503997;0.5991873594733563;0.40081264052664367
1730781338.1103847;/app/bags/user95_2017-02-24.bag;0.834065854549408;0.0;0.9619645476341248;0.0;0.667477245503997;0.5991873594733563;0.40081264052664367
1730781338.3104045;/app/bags/user95_2017-02-24.bag;0.834065854549408;0.0;0.9619645476341248;0.0;0.667477245503997;0.5991873594733563;0.40081264052664367
1730781338.5104394;/app/bags/user95_2017-02-24.bag;0.834065854549408;0.0;0.9619645476341248;0.0;0.667477245503997;0.5991873594733563;0.40081264052664367
1730781338.7104027;/app/bags/user95_2017-02-24.bag;0.834065854549408;0.0;0.9619645476341248;0.0;0.667477245503997;0.5991873594733563;0.40081264052664367
1730781338.9103606;/app/bags/user95_2017-02-24.bag;0.834065854549408;0.0;0.9619645476341248;0.0;0.667477245503997;0.5991873594733563;0.40081264052664367
1730781339.110382;/app/bags/user95_2017-02-24.bag;0.834065854549408;0.0;0.9619645476341248;0.0;0.667477245503997;0.5991873594733563;0.40081264052664367
1730781339.3103697;/app/bags/user95_2017-02-24.bag;0.834065854549408;0.0;0.9619645476341248;0.0;0.667477245503997;0.5991873594733563;0.40081264052664367
1730781339.5104318;/app/bags/user95_2017-02-24.bag;0.834065854549408;0.0;0.9619645476341248;0.0;0.667477245503997;0.5991873594733563;0.40081264052664367
1730781339.7103765;/app/bags/user95_2017-02-24.bag;0.834065854549408;0.0;0.9619645476341248;0.0;0.667477245503997;0.5991873594733563;0.40081264052664367
1730781339.910366;/app/bags/user95_2017-02-24.bag;0.834065854549408;0.0;0.9619645476341248;0.0;0.667477245503997;0.5991873594733563;0.40081264052664367
1730781340.1104205;/app/bags/user95_2017-02-24.bag;0.834065854549408;0.0;0.9619645476341248;0.0;0.667477245503997;0.5991873594733563;0.40081264052664367
1730781340.3103912;/app/bags/user95_2017-02-24.bag;0.834065854549408;0.0;0.9619645476341248;0.0;0.667477245503997;0.5991873594733563;0.40081264052664367
1730781340.5104048;/app/bags/user95_2017-02-24.bag;0.834065854549408;0.0;0.9619645476341248;0.0;0.667477245503997;0.5991873594733563;0.40081264052664367
1730781340.7103946;/app/bags/user95_2017-02-24.bag;0.834065854549408;0.0;0.9619645476341248;0.0;0.667477245503997;0.5991873594733563;0.40081264052664367
1730781340.910391;/app/bags/user95_2017-02-24.bag;0.834065854549408;0.0;0.9619645476341248;0.0;0.667477245503997;0.5991873594733563;0.40081264052664367
1730781341.1104543;/app/bags/user95_2017-02-24.bag;0.834065854549408;0.0;0.9619645476341248;0.0;0.667477245503997;0.5991873594733563;0.40081264052664367
1730781341.3103786;/app/bags/user95_2017-02-24.bag;0.834065854549408;0.0;0.9619645476341248;0.0;0.667477245503997;0.5991873594733563;0.40081264052664367
1730781341.510396;/app/bags/user95_2017-02-24.bag;0.834065854549408;0.0;0.9619645476341248;0.0;0.667477245503997;0.5991873594733563;0.40081264052664367
1730781341.710446;/app/bags/user95_2017-02-24.bag;0.834065854549408;0.0;0.9619645476341248;0.0;0.667477245503997;0.5991873594733563;0.40081264052664367
1730781341.9103568;/app/bags/user95_2017-02-24.bag;0.834065854549408;0.0;0.9619645476341248;0.0;0.667477245503997;0.5991873594733563;0.40081264052664367
1730781342.1103718;/app/bags/user95_2017-02-24.bag;0.834065854549408;0.0;0.9619645476341248;0.0;0.667477245503997;0.5991873594733563;0.40081264052664367
1730781342.3104908;/app/bags/user95_2017-02-24.bag;0.834065854549408;0.0;0.9619645476341248;0.0;0.667477245503997;0.5991873594733563;0.40081264052664367
1730781342.5104022;/app/bags/user95_2017-02-24.bag;0.834065854549408;0.0;0.9619645476341248;0.0;0.667477245503997;0.5991873594733563;0.40081264052664367
1730781342.710436;/app/bags/user95_2017-02-24.bag;0.834065854549408;0.0;0.9619645476341248;0.0;0.667477245503997;0.5991873594733563;0.40081264052664367
1730781342.910439;/app/bags/user95_2017-02-24.bag;0.834065854549408;0.0;0.9619645476341248;0.0;0.667477245503997;0.5991873594733563;0.40081264052664367
1730781343.1103818;/app/bags/user95_2017-02-24.bag;0.834065854549408;0.0;0.9619645476341248;0.0;0.667477245503997;0.5991873594733563;0.40081264052664367
1730781343.3103752;/app/bags/user95_2017-02-24.bag;0.834065854549408;0.0;0.9619645476341248;0.0;0.667477245503997;0.5991873594733563;0.40081264052664367
1730781343.5104113;/app/bags/user95_2017-02-24.bag;0.834065854549408;0.0;0.9619645476341248;0.0;0.667477245503997;0.5991873594733563;0.40081264052664367
1730781343.710465;/app/bags/user95_2017-02-24.bag;0.834065854549408;0.0;0.9619645476341248;0.0;0.667477245503997;0.5991873594733563;0.40081264052664367
1730781343.9104056;/app/bags/user95_2017-02-24.bag;0.834065854549408;0.0;0.9619645476341248;0.0;0.667477245503997;0.5991873594733563;0.40081264052664367
1730781344.1103745;/app/bags/user95_2017-02-24.bag;0.834065854549408;0.0;0.9619645476341248;0.0;0.667477245503997;0.5991873594733563;0.40081264052664367
1730781344.3105042;/app/bags/user95_2017-02-24.bag;0.834065854549408;0.0;0.9619645476341248;0.0;0.667477245503997;0.5991873594733563;0.40081264052664367
1730781344.5103924;/app/bags/user95_2017-02-24.bag;0.834065854549408;0.0;0.9619645476341248;0.0;0.667477245503997;0.5991873594733563;0.40081264052664367
1730781344.7103674;/app/bags/user95_2017-02-24.bag;0.834065854549408;0.0;0.9619645476341248;0.0;0.667477245503997;0.5991873594733563;0.40081264052664367
1730781344.910361;/app/bags/user95_2017-02-24.bag;0.834065854549408;0.0;0.9619645476341248;0.0;0.667477245503997;0.5991873594733563;0.40081264052664367
1730781345.1104016;/app/bags/user95_2017-02-24.bag;0.834065854549408;0.0;0.9619645476341248;0.0;0.667477245503997;0.5991873594733563;0.40081264052664367
1730781345.3103793;/app/bags/user95_2017-02-24.bag;0.834065854549408;0.0;0.9619645476341248;0.0;0.667477245503997;0.5991873594733563;0.40081264052664367
1730781345.5104082;/app/bags/user95_2017-02-24.bag;0.834065854549408;0.0;0.9619645476341248;0.0;0.667477245503997;0.5991873594733563;0.40081264052664367
1730781345.710398;/app/bags/user95_2017-02-24.bag;0.834065854549408;0.0;0.9619645476341248;0.0;0.667477245503997;0.5991873594733563;0.40081264052664367
1730781345.9103758;/app/bags/user95_2017-02-24.bag;0.834065854549408;0.0;0.9619645476341248;0.0;0.667477245503997;0.5991873594733563;0.40081264052664367
1730781346.110369;/app/bags/user95_2017-02-24.bag;0.834065854549408;0.0;0.9619645476341248;0.0;0.667477245503997;0.5991873594733563;0.40081264052664367
1730781346.3105989;/app/bags/user95_2017-02-24.bag;0.834065854549408;0.0;0.9619645476341248;0.0;0.667477245503997;0.5991873594733563;0.40081264052664367
1730781346.5103903;/app/bags/user95_2017-02-24.bag;0.834065854549408;0.0;0.9619645476341248;0.0;0.667477245503997;0.5991873594733563;0.40081264052664367
1730781346.7104099;/app/bags/user95_2017-02-24.bag;0.834065854549408;0.0;0.9619645476341248;0.0;0.667477245503997;0.5991873594733563;0.40081264052664367
1730781346.9104056;/app/bags/user95_2017-02-24.bag;0.834065854549408;0.0;0.9619645476341248;0.0;0.667477245503997;0.5991873594733563;0.40081264052664367
1730781347.110434;/app/bags/user95_2017-02-24.bag;0.834065854549408;0.0;0.9619645476341248;0.0;0.667477245503997;0.5991873594733563;0.40081264052664367
1730781347.3103485;/app/bags/user95_2017-02-24.bag;0.834065854549408;0.0;0.9619645476341248;0.0;0.667477245503997;0.5991873594733563;0.40081264052664367
1730781347.510385;/app/bags/user95_2017-02-24.bag;0.834065854549408;0.0;0.9619645476341248;0.0;0.667477245503997;0.5991873594733563;0.40081264052664367
1730781347.7104037;/app/bags/user95_2017-02-24.bag;0.834065854549408;0.0;0.9619645476341248;0.0;0.667477245503997;0.5991873594733563;0.40081264052664367
1730781347.9104598;/app/bags/user95_2017-02-24.bag;0.834065854549408;0.0;0.9619645476341248;0.0;0.667477245503997;0.5991873594733563;0.40081264052664367
1730781348.1103854;/app/bags/user95_2017-02-24.bag;0.834065854549408;0.0;0.9619645476341248;0.0;0.667477245503997;0.5991873594733563;0.40081264052664367
1730781348.310393;/app/bags/user95_2017-02-24.bag;0.834065854549408;0.0;0.9619645476341248;0.0;0.667477245503997;0.5991873594733563;0.40081264052664367
1730781348.5104423;/app/bags/user95_2017-02-24.bag;0.834065854549408;0.0;0.9619645476341248;0.0;0.667477245503997;0.5991873594733563;0.40081264052664367
1730781348.7105315;/app/bags/user95_2017-02-24.bag;0.834065854549408;0.0;0.9619645476341248;0.0;0.667477245503997;0.5991873594733563;0.40081264052664367
1730781348.9103878;/app/bags/user95_2017-02-24.bag;0.834065854549408;0.0;0.9619645476341248;0.0;0.667477245503997;0.5991873594733563;0.40081264052664367
1730781349.1104155;/app/bags/user95_2017-02-24.bag;0.834065854549408;0.0;0.9619645476341248;0.0;0.667477245503997;0.5991873594733563;0.40081264052664367
1730781349.3103964;/app/bags/user95_2017-02-24.bag;0.834065854549408;0.0;0.9619645476341248;0.0;0.667477245503997;0.5991873594733563;0.40081264052664367
1730781349.5104861;/app/bags/user95_2017-02-24.bag;0.834065854549408;0.0;0.9619645476341248;0.0;0.667477245503997;0.5991873594733563;0.40081264052664367
1730781349.7103956;/app/bags/user95_2017-02-24.bag;0.834065854549408;0.0;0.9619645476341248;0.0;0.667477245503997;0.5991873594733563;0.40081264052664367
1730781349.9103773;/app/bags/user95_2017-02-24.bag;0.834065854549408;0.0;0.9619645476341248;0.0;0.667477245503997;0.5991873594733563;0.40081264052664367
1730781350.1104002;/app/bags/user95_2017-02-24.bag;0.834065854549408;0.0;0.9619645476341248;0.0;0.667477245503997;0.5991873594733563;0.40081264052664367
1730781350.3103747;/app/bags/user95_2017-02-24.bag;0.834065854549408;0.0;0.9619645476341248;0.0;0.667477245503997;0.5991873594733563;0.40081264052664367
1730781350.510381;/app/bags/user95_2017-02-24.bag;0.834065854549408;0.0;0.9619645476341248;0.0;0.667477245503997;0.5991873594733563;0.40081264052664367
1730781350.7104104;/app/bags/user95_2017-02-24.bag;0.834065854549408;0.0;0.9619645476341248;0.0;0.667477245503997;0.5991873594733563;0.40081264052664367
1730781350.9104488;/app/bags/user95_2017-02-24.bag;0.834065854549408;0.0;0.9619645476341248;0.0;0.667477245503997;0.5991873594733563;0.40081264052664367
1730781351.1104946;/app/bags/user95_2017-02-24.bag;0.834065854549408;0.0;0.9619645476341248;0.0;0.667477245503997;0.5991873594733563;0.40081264052664367
1730781351.3105605;/app/bags/user95_2017-02-24.bag;0.834065854549408;0.0;0.9619645476341248;0.0;0.667477245503997;0.5991873594733563;0.40081264052664367
1730781351.5104065;/app/bags/user95_2017-02-24.bag;0.834065854549408;0.0;0.9619645476341248;0.0;0.667477245503997;0.5991873594733563;0.40081264052664367
1730781351.7104151;/app/bags/user95_2017-02-24.bag;0.834065854549408;0.0;0.9619645476341248;0.0;0.667477245503997;0.5991873594733563;0.40081264052664367
1730781351.9103734;/app/bags/user95_2017-02-24.bag;0.834065854549408;0.0;0.9619645476341248;0.0;0.667477245503997;0.5991873594733563;0.40081264052664367
1730781352.11043;/app/bags/user95_2017-02-24.bag;0.834065854549408;0.0;0.9619645476341248;0.0;0.667477245503997;0.5991873594733563;0.40081264052664367
1730781352.3103814;/app/bags/user95_2017-02-24.bag;0.834065854549408;0.0;0.9619645476341248;0.0;0.667477245503997;0.5991873594733563;0.40081264052664367
1730781352.510383;/app/bags/user95_2017-02-24.bag;0.834065854549408;0.0;0.9619645476341248;0.0;0.667477245503997;0.5991873594733563;0.40081264052664367
1730781352.7103791;/app/bags/user95_2017-02-24.bag;0.834065854549408;0.0;0.9619645476341248;0.0;0.667477245503997;0.5991873594733563;0.40081264052664367
1730781352.910379;/app/bags/user95_2017-02-24.bag;0.834065854549408;0.0;0.9619645476341248;0.0;0.667477245503997;0.5991873594733563;0.40081264052664367
1730781353.1103668;/app/bags/user95_2017-02-24.bag;0.834065854549408;0.0;0.9619645476341248;0.0;0.667477245503997;0.5991873594733563;0.40081264052664367
1730781353.310394;/app/bags/user95_2017-02-24.bag;0.834065854549408;0.0;0.9619645476341248;0.0;0.667477245503997;0.5991873594733563;0.40081264052664367
1730781353.5103815;/app/bags/user95_2017-02-24.bag;0.834065854549408;0.0;0.9619645476341248;0.0;0.667477245503997;0.5991873594733563;0.40081264052664367
1730781353.710361;/app/bags/user95_2017-02-24.bag;0.834065854549408;0.0;0.9619645476341248;0.0;0.667477245503997;0.5991873594733563;0.40081264052664367
1730781353.9103787;/app/bags/user95_2017-02-24.bag;0.834065854549408;0.0;0.9619645476341248;0.0;0.667477245503997;0.5991873594733563;0.40081264052664367
1730781354.1103952;/app/bags/user95_2017-02-24.bag;0.834065854549408;0.0;0.9619645476341248;0.0;0.667477245503997;0.5991873594733563;0.40081264052664367
1730781354.3104165;/app/bags/user95_2017-02-24.bag;0.834065854549408;0.0;0.9619645476341248;0.0;0.667477245503997;0.5991873594733563;0.40081264052664367
1730781354.5103903;/app/bags/user95_2017-02-24.bag;0.834065854549408;0.0;0.9619645476341248;0.0;0.667477245503997;0.5991873594733563;0.40081264052664367
1730781354.7103646;/app/bags/user95_2017-02-24.bag;0.834065854549408;0.0;0.9619645476341248;0.0;0.667477245503997;0.5991873594733563;0.40081264052664367
1730781354.910392;/app/bags/user95_2017-02-24.bag;0.834065854549408;0.0;0.9619645476341248;0.0;0.667477245503997;0.5991873594733563;0.40081264052664367
1730781355.1104155;/app/bags/user95_2017-02-24.bag;0.834065854549408;0.0;0.9619645476341248;0.0;0.667477245503997;0.5991873594733563;0.40081264052664367
1730781355.3103573;/app/bags/user95_2017-02-24.bag;0.834065854549408;0.0;0.9619645476341248;0.0;0.667477245503997;0.5991873594733563;0.40081264052664367
1730781355.5103953;/app/bags/user95_2017-02-24.bag;0.834065854549408;0.0;0.9619645476341248;0.0;0.667477245503997;0.5991873594733563;0.40081264052664367
1730781355.7104461;/app/bags/user95_2017-02-24.bag;0.834065854549408;0.0;0.9619645476341248;0.0;0.667477245503997;0.5991873594733563;0.40081264052664367
1730781355.9103632;/app/bags/user95_2017-02-24.bag;0.834065854549408;0.0;0.9619645476341248;0.0;0.667477245503997;0.5991873594733563;0.40081264052664367
1730781356.110473;/app/bags/user95_2017-02-24.bag;0.834065854549408;0.0;0.9619645476341248;0.0;0.667477245503997;0.5991873594733563;0.40081264052664367
1730781356.3103461;/app/bags/user95_2017-02-24.bag;0.834065854549408;0.0;0.9619645476341248;0.0;0.667477245503997;0.5991873594733563;0.40081264052664367
1730781356.5103765;/app/bags/user95_2017-02-24.bag;0.834065854549408;0.0;0.9619645476341248;0.0;0.667477245503997;0.5991873594733563;0.40081264052664367
1730781356.7103474;/app/bags/user95_2017-02-24.bag;0.834065854549408;0.0;0.9619645476341248;0.0;0.667477245503997;0.5991873594733563;0.40081264052664367
1730781356.910333;/app/bags/user95_2017-02-24.bag;0.834065854549408;0.0;0.9619645476341248;0.0;0.667477245503997;0.5991873594733563;0.40081264052664367
1730781357.1104612;/app/bags/user95_2017-02-24.bag;0.834065854549408;0.0;0.9619645476341248;0.0;0.667477245503997;0.5991873594733563;0.40081264052664367
1730781357.3104563;/app/bags/user95_2017-02-24.bag;0.834065854549408;0.0;0.9619645476341248;0.0;0.667477245503997;0.5991873594733563;0.40081264052664367
1730781357.5103781;/app/bags/user95_2017-02-24.bag;0.834065854549408;0.0;0.9619645476341248;0.0;0.667477245503997;0.5991873594733563;0.40081264052664367
1730781357.7104528;/app/bags/user95_2017-02-24.bag;0.834065854549408;0.0;0.9619645476341248;0.0;0.667477245503997;0.5991873594733563;0.40081264052664367
1730781357.9103537;/app/bags/user95_2017-02-24.bag;0.834065854549408;0.0;0.9619645476341248;0.0;0.667477245503997;0.5991873594733563;0.40081264052664367
1730781358.1104376;/app/bags/user95_2017-02-24.bag;0.834065854549408;0.0;0.9619645476341248;0.0;0.667477245503997;0.5991873594733563;0.40081264052664367
1730781358.3103964;/app/bags/user95_2017-02-24.bag;0.834065854549408;0.0;0.9619645476341248;0.0;0.667477245503997;0.5991873594733563;0.40081264052664367
1730781358.5103846;/app/bags/user95_2017-02-24.bag;0.834065854549408;0.0;0.9619645476341248;0.0;0.667477245503997;0.5991873594733563;0.40081264052664367
1730781358.7104394;/app/bags/user95_2017-02-24.bag;0.834065854549408;0.0;0.9619645476341248;0.0;0.667477245503997;0.5991873594733563;0.40081264052664367
1730781358.9103956;/app/bags/user95_2017-02-24.bag;0.834065854549408;0.0;0.9619645476341248;0.0;0.667477245503997;0.5991873594733563;0.40081264052664367
1730781359.1103842;/app/bags/user95_2017-02-24.bag;0.834065854549408;0.0;0.9619645476341248;0.0;0.667477245503997;0.5991873594733563;0.40081264052664367
1730781359.310392;/app/bags/user95_2017-02-24.bag;0.834065854549408;0.0;0.9619645476341248;0.0;0.667477245503997;0.5991873594733563;0.40081264052664367
1730781359.510429;/app/bags/user95_2017-02-24.bag;0.834065854549408;0.0;0.9619645476341248;0.0;0.667477245503997;0.5991873594733563;0.40081264052664367
1730781359.7104023;/app/bags/user95_2017-02-24.bag;0.834065854549408;0.0;0.9619645476341248;0.0;0.667477245503997;0.5991873594733563;0.40081264052664367
1730781359.9103842;/app/bags/user95_2017-02-24.bag;0.834065854549408;0.0;0.9619645476341248;0.0;0.667477245503997;0.5991873594733563;0.40081264052664367
1730781360.1103797;/app/bags/user95_2017-02-24.bag;0.834065854549408;0.0;0.9619645476341248;0.0;0.667477245503997;0.5991873594733563;0.40081264052664367
1730781360.3103695;/app/bags/user95_2017-02-24.bag;0.834065854549408;0.0;0.9619645476341248;0.0;0.667477245503997;0.5991873594733563;0.40081264052664367
1730781360.510536;/app/bags/user95_2017-02-24.bag;0.834065854549408;0.0;0.9619645476341248;0.0;0.667477245503997;0.5991873594733563;0.40081264052664367
1730781360.7103763;/app/bags/user95_2017-02-24.bag;0.834065854549408;0.0;0.9619645476341248;0.0;0.667477245503997;0.5991873594733563;0.40081264052664367
1730781360.9104311;/app/bags/user95_2017-02-24.bag;0.834065854549408;0.0;0.9619645476341248;0.0;0.667477245503997;0.5991873594733563;0.40081264052664367
1730781361.1104403;/app/bags/user95_2017-02-24.bag;0.834065854549408;0.0;0.9619645476341248;0.0;0.667477245503997;0.5991873594733563;0.40081264052664367
1730781361.3103564;/app/bags/user95_2017-02-24.bag;0.834065854549408;0.0;0.9619645476341248;0.0;0.667477245503997;0.5991873594733563;0.40081264052664367
1730781361.5103936;/app/bags/user95_2017-02-24.bag;0.834065854549408;0.0;0.9619645476341248;0.0;0.667477245503997;0.5991873594733563;0.40081264052664367
1730781361.7103672;/app/bags/user95_2017-02-24.bag;0.834065854549408;0.0;0.9619645476341248;0.0;0.667477245503997;0.5991873594733563;0.40081264052664367
1730781361.910466;/app/bags/user95_2017-02-24.bag;0.834065854549408;0.0;0.9619645476341248;0.0;0.667477245503997;0.5991873594733563;0.40081264052664367
1730781362.1104138;/app/bags/user95_2017-02-24.bag;0.834065854549408;0.0;0.9619645476341248;0.0;0.667477245503997;0.5991873594733563;0.40081264052664367
1730781362.3103883;/app/bags/user95_2017-02-24.bag;0.834065854549408;0.0;0.9619645476341248;0.0;0.667477245503997;0.5991873594733563;0.40081264052664367
1730781362.5103998;/app/bags/user95_2017-02-24.bag;0.834065854549408;0.0;0.9619645476341248;0.0;0.667477245503997;0.5991873594733563;0.40081264052664367
1730781362.7104201;/app/bags/user95_2017-02-24.bag;0.834065854549408;0.0;0.9619645476341248;0.0;0.667477245503997;0.5991873594733563;0.40081264052664367
1730781362.9104152;/app/bags/user95_2017-02-24.bag;0.834065854549408;0.0;0.9619645476341248;0.0;0.667477245503997;0.5991873594733563;0.40081264052664367
1730781363.110397;/app/bags/user95_2017-02-24.bag;0.834065854549408;0.0;0.9619645476341248;0.0;0.667477245503997;0.5991873594733563;0.40081264052664367
1730781363.3103173;/app/bags/user95_2017-02-24.bag;0.834065854549408;0.0;0.9619645476341248;0.0;0.667477245503997;0.5991873594733563;0.40081264052664367
1730781363.5103765;/app/bags/user95_2017-02-24.bag;0.834065854549408;0.0;0.9619645476341248;0.0;0.667477245503997;0.5991873594733563;0.40081264052664367
1730781363.7105615;/app/bags/user95_2017-02-24.bag;0.834065854549408;0.0;0.9619645476341248;0.0;0.667477245503997;0.5991873594733563;0.40081264052664367
1730781363.9103627;/app/bags/user95_2017-02-24.bag;0.834065854549408;0.0;0.9619645476341248;0.0;0.667477245503997;0.5991873594733563;0.40081264052664367
1730781364.1103878;/app/bags/user95_2017-02-24.bag;0.834065854549408;0.0;0.9619645476341248;0.0;0.667477245503997;0.5991873594733563;0.40081264052664367
1730781364.310428;/app/bags/user95_2017-02-24.bag;0.834065854549408;0.0;0.9619645476341248;0.0;0.667477245503997;0.5991873594733563;0.40081264052664367
1730781364.510414;/app/bags/user95_2017-02-24.bag;0.834065854549408;0.0;0.9619645476341248;0.0;0.667477245503997;0.5991873594733563;0.40081264052664367
1730781364.7103908;/app/bags/user95_2017-02-24.bag;0.834065854549408;0.0;0.9619645476341248;0.0;0.667477245503997;0.5991873594733563;0.40081264052664367
1730781364.9103827;/app/bags/user95_2017-02-24.bag;0.834065854549408;0.0;0.9619645476341248;0.0;0.667477245503997;0.5991873594733563;0.40081264052664367
1730781365.1103845;/app/bags/user95_2017-02-24.bag;0.834065854549408;0.0;0.9619645476341248;0.0;0.667477245503997;0.5991873594733563;0.40081264052664367
1730781365.3103898;/app/bags/user95_2017-02-24.bag;0.834065854549408;0.0;0.9619645476341248;0.0;0.667477245503997;0.5991873594733563;0.40081264052664367
1730781365.51037;/app/bags/user95_2017-02-24.bag;0.834065854549408;0.0;0.9619645476341248;0.0;0.667477245503997;0.5991873594733563;0.40081264052664367
1730781365.7103763;/app/bags/user95_2017-02-24.bag;0.834065854549408;0.0;0.9619645476341248;0.0;0.667477245503997;0.5991873594733563;0.40081264052664367
1730781365.91038;/app/bags/user95_2017-02-24.bag;0.834065854549408;0.0;0.9619645476341248;0.0;0.667477245503997;0.5991873594733563;0.40081264052664367
1730781366.1103747;/app/bags/user95_2017-02-24.bag;0.834065854549408;0.0;0.9619645476341248;0.0;0.667477245503997;0.5991873594733563;0.40081264052664367
1730781366.3102558;/app/bags/user95_2017-02-24.bag;0.834065854549408;0.0;0.9619645476341248;0.0;0.667477245503997;0.5991873594733563;0.40081264052664367
1730781366.510398;/app/bags/user95_2017-02-24.bag;0.834065854549408;0.0;0.9619645476341248;0.0;0.667477245503997;0.5991873594733563;0.40081264052664367
1730781366.7103853;/app/bags/user95_2017-02-24.bag;0.834065854549408;0.0;0.9619645476341248;0.0;0.667477245503997;0.5991873594733563;0.40081264052664367
1730781366.9104552;/app/bags/user95_2017-02-24.bag;0.834065854549408;0.0;0.9619645476341248;0.0;0.667477245503997;0.5991873594733563;0.40081264052664367
1730781367.1103985;/app/bags/user95_2017-02-24.bag;0.834065854549408;0.0;0.9619645476341248;0.0;0.667477245503997;0.5991873594733563;0.40081264052664367
1730781367.3103938;/app/bags/user95_2017-02-24.bag;0.834065854549408;0.0;0.9619645476341248;0.0;0.667477245503997;0.5991873594733563;0.40081264052664367
1730781367.51037;/app/bags/user95_2017-02-24.bag;0.834065854549408;0.0;0.9619645476341248;0.0;0.667477245503997;0.5991873594733563;0.40081264052664367
1730781367.7103734;/app/bags/user95_2017-02-24.bag;0.834065854549408;0.0;0.9619645476341248;0.0;0.667477245503997;0.5991873594733563;0.40081264052664367
1730781367.9104419;/app/bags/user95_2017-02-24.bag;0.834065854549408;0.0;0.9619645476341248;0.0;0.667477245503997;0.5991873594733563;0.40081264052664367
1730781368.110425;/app/bags/user95_2017-02-24.bag;0.834065854549408;0.0;0.9619645476341248;0.0;0.667477245503997;0.5991873594733563;0.40081264052664367
1730781368.3103995;/app/bags/user95_2017-02-24.bag;0.834065854549408;0.0;0.9619645476341248;0.0;0.667477245503997;0.5991873594733563;0.40081264052664367
1730781368.5105205;/app/bags/user95_2017-02-24.bag;0.834065854549408;0.0;0.9619645476341248;0.0;0.667477245503997;0.5991873594733563;0.40081264052664367
1730781368.7104225;/app/bags/user95_2017-02-24.bag;0.834065854549408;0.0;0.9619645476341248;0.0;0.667477245503997;0.5991873594733563;0.40081264052664367
1730781368.9104033;/app/bags/user95_2017-02-24.bag;0.834065854549408;0.0;0.9619645476341248;0.0;0.667477245503997;0.5991873594733563;0.40081264052664367
1730781369.1103683;/app/bags/user95_2017-02-24.bag;0.834065854549408;0.0;0.9619645476341248;0.0;0.667477245503997;0.5991873594733563;0.40081264052664367
1730781369.3104064;/app/bags/user95_2017-02-24.bag;0.834065854549408;0.0;0.9619645476341248;0.0;0.667477245503997;0.5991873594733563;0.40081264052664367
1730781369.510431;/app/bags/user95_2017-02-24.bag;0.834065854549408;0.0;0.9619645476341248;0.0;0.667477245503997;0.5991873594733563;0.40081264052664367
1730781369.7103863;/app/bags/user95_2017-02-24.bag;0.834065854549408;0.0;0.9619645476341248;0.0;0.667477245503997;0.5991873594733563;0.40081264052664367
1730781369.9104657;/app/bags/user95_2017-02-24.bag;0.834065854549408;0.0;0.9619645476341248;0.0;0.667477245503997;0.5991873594733563;0.40081264052664367
1730781370.110385;/app/bags/user95_2017-02-24.bag;0.834065854549408;0.0;0.9619645476341248;0.0;0.667477245503997;0.5991873594733563;0.40081264052664367
1730781370.3104215;/app/bags/user95_2017-02-24.bag;0.834065854549408;0.0;0.9619645476341248;0.0;0.667477245503997;0.5991873594733563;0.40081264052664367
1730781370.510372;/app/bags/user95_2017-02-24.bag;0.834065854549408;0.0;0.9619645476341248;0.0;0.667477245503997;0.5991873594733563;0.40081264052664367
1730781370.7103975;/app/bags/user95_2017-02-24.bag;0.834065854549408;0.0;0.9619645476341248;0.0;0.667477245503997;0.5991873594733563;0.40081264052664367
1730781370.9105108;/app/bags/user95_2017-02-24.bag;0.834065854549408;0.0;0.9619645476341248;0.0;0.667477245503997;0.5991873594733563;0.40081264052664367
1730781371.11038;/app/bags/user95_2017-02-24.bag;0.834065854549408;0.0;0.9619645476341248;0.0;0.667477245503997;0.5991873594733563;0.40081264052664367
1730781371.3103657;/app/bags/user95_2017-02-24.bag;0.834065854549408;0.0;0.9619645476341248;0.0;0.667477245503997;0.5991873594733563;0.40081264052664367
1730781371.5103593;/app/bags/user95_2017-02-24.bag;0.834065854549408;0.0;0.9619645476341248;0.0;0.667477245503997;0.5991873594733563;0.40081264052664367
1730781371.710517;/app/bags/user95_2017-02-24.bag;0.834065854549408;0.0;0.9619645476341248;0.0;0.667477245503997;0.5991873594733563;0.40081264052664367
1730781371.9103973;/app/bags/user95_2017-02-24.bag;0.834065854549408;0.0;0.9619645476341248;0.0;0.667477245503997;0.5991873594733563;0.40081264052664367
1730781372.110579;/app/bags/user95_2017-02-24.bag;0.834065854549408;0.0;0.9619645476341248;0.0;0.667477245503997;0.5991873594733563;0.40081264052664367
1730781372.3103807;/app/bags/user95_2017-02-24.bag;0.834065854549408;0.0;0.9619645476341248;0.0;0.667477245503997;0.5991873594733563;0.40081264052664367
1730781372.510367;/app/bags/user95_2017-02-24.bag;0.834065854549408;0.0;0.9619645476341248;0.0;0.667477245503997;0.5991873594733563;0.40081264052664367
1730781372.710359;/app/bags/user95_2017-02-24.bag;0.834065854549408;0.0;0.9619645476341248;0.0;0.667477245503997;0.5991873594733563;0.40081264052664367
1730781372.910469;/app/bags/user95_2017-02-24.bag;0.834065854549408;0.0;0.9619645476341248;0.0;0.667477245503997;0.5991873594733563;0.40081264052664367
1730781373.1104043;/app/bags/user95_2017-02-24.bag;0.834065854549408;0.0;0.9619645476341248;0.0;0.667477245503997;0.5991873594733563;0.40081264052664367
1730781373.3104062;/app/bags/user95_2017-02-24.bag;0.834065854549408;0.0;0.9619645476341248;0.0;0.667477245503997;0.5991873594733563;0.40081264052664367
1730781373.5104022;/app/bags/user95_2017-02-24.bag;0.834065854549408;0.0;0.9619645476341248;0.0;0.667477245503997;0.5991873594733563;0.40081264052664367
1730781373.7103944;/app/bags/user95_2017-02-24.bag;0.834065854549408;0.0;0.9619645476341248;0.0;0.667477245503997;0.5991873594733563;0.40081264052664367
1730781373.9103465;/app/bags/user95_2017-02-24.bag;0.834065854549408;0.0;0.9619645476341248;0.0;0.667477245503997;0.5991873594733563;0.40081264052664367
1730781374.110378;/app/bags/user95_2017-02-24.bag;0.834065854549408;0.0;0.9619645476341248;0.0;0.667477245503997;0.5991873594733563;0.40081264052664367
1730781374.310467;/app/bags/user95_2017-02-24.bag;0.834065854549408;0.0;0.9619645476341248;0.0;0.667477245503997;0.5991873594733563;0.40081264052664367
1730781374.5103915;/app/bags/user95_2017-02-24.bag;0.834065854549408;0.0;0.9619645476341248;0.0;0.667477245503997;0.5991873594733563;0.40081264052664367
1730781374.7104251;/app/bags/user95_2017-02-24.bag;0.834065854549408;0.0;0.9619645476341248;0.0;0.667477245503997;0.5991873594733563;0.40081264052664367
1730781374.910392;/app/bags/user95_2017-02-24.bag;0.834065854549408;0.0;0.9619645476341248;0.0;0.667477245503997;0.5991873594733563;0.40081264052664367
1730781375.1103976;/app/bags/user95_2017-02-24.bag;0.834065854549408;0.0;0.9619645476341248;0.0;0.667477245503997;0.5991873594733563;0.40081264052664367
1730781375.310445;/app/bags/user95_2017-02-24.bag;0.834065854549408;0.0;0.9619645476341248;0.0;0.667477245503997;0.5991873594733563;0.40081264052664367
1730781375.5104115;/app/bags/user95_2017-02-24.bag;0.834065854549408;0.0;0.9619645476341248;0.0;0.667477245503997;0.5991873594733563;0.40081264052664367
1730781375.710355;/app/bags/user95_2017-02-24.bag;0.834065854549408;0.0;0.9619645476341248;0.0;0.667477245503997;0.5991873594733563;0.40081264052664367
1730781375.9103763;/app/bags/user95_2017-02-24.bag;0.834065854549408;0.0;0.9619645476341248;0.0;0.667477245503997;0.5991873594733563;0.40081264052664367
1730781376.1104326;/app/bags/user95_2017-02-24.bag;0.834065854549408;0.0;0.9619645476341248;0.0;0.667477245503997;0.5991873594733563;0.40081264052664367
1730781376.3103716;/app/bags/user95_2017-02-24.bag;0.834065854549408;0.0;0.9619645476341248;0.0;0.667477245503997;0.5991873594733563;0.40081264052664367
1730781376.5103877;/app/bags/user95_2017-02-24.bag;0.834065854549408;0.0;0.9619645476341248;0.0;0.667477245503997;0.5991873594733563;0.40081264052664367
1730781376.7103899;/app/bags/user95_2017-02-24.bag;0.834065854549408;0.0;0.9619645476341248;0.0;0.667477245503997;0.5991873594733563;0.40081264052664367
1730781376.9103765;/app/bags/user95_2017-02-24.bag;0.834065854549408;0.0;0.9619645476341248;0.0;0.667477245503997;0.5991873594733563;0.40081264052664367
1730781377.1103728;/app/bags/user95_2017-02-24.bag;0.834065854549408;0.0;0.9619645476341248;0.0;0.667477245503997;0.5991873594733563;0.40081264052664367
1730781377.3104472;/app/bags/user95_2017-02-24.bag;0.834065854549408;0.0;0.9619645476341248;0.0;0.667477245503997;0.5991873594733563;0.40081264052664367
1730781377.5104144;/app/bags/user95_2017-02-24.bag;0.834065854549408;0.0;0.9619645476341248;0.0;0.667477245503997;0.5991873594733563;0.40081264052664367
1730781377.7103784;/app/bags/user95_2017-02-24.bag;0.834065854549408;0.0;0.9619645476341248;0.0;0.667477245503997;0.5991873594733563;0.40081264052664367
1730781377.9104068;/app/bags/user95_2017-02-24.bag;0.834065854549408;0.0;0.9619645476341248;0.0;0.667477245503997;0.5991873594733563;0.40081264052664367
1730781378.1104486;/app/bags/user95_2017-02-24.bag;0.834065854549408;0.0;0.9619645476341248;0.0;0.667477245503997;0.5991873594733563;0.40081264052664367
1730781378.310353;/app/bags/user95_2017-02-24.bag;0.834065854549408;0.0;0.9619645476341248;0.0;0.667477245503997;0.5991873594733563;0.40081264052664367
1730781378.5103846;/app/bags/user95_2017-02-24.bag;0.834065854549408;0.0;0.9619645476341248;0.0;0.667477245503997;0.5991873594733563;0.40081264052664367
1730781378.7103822;/app/bags/user95_2017-02-24.bag;0.834065854549408;0.0;0.9619645476341248;0.0;0.667477245503997;0.5991873594733563;0.40081264052664367
1730781378.910434;/app/bags/user95_2017-02-24.bag;0.834065854549408;0.0;0.9619645476341248;0.0;0.667477245503997;0.5991873594733563;0.40081264052664367
1730781379.110394;/app/bags/user95_2017-02-24.bag;0.834065854549408;0.0;0.9619645476341248;0.0;0.667477245503997;0.5991873594733563;0.40081264052664367
1730781379.3103821;/app/bags/user95_2017-02-24.bag;0.834065854549408;0.0;0.9619645476341248;0.0;0.667477245503997;0.5991873594733563;0.40081264052664367
1730781379.510405;/app/bags/user95_2017-02-24.bag;0.834065854549408;0.0;0.9619645476341248;0.0;0.667477245503997;0.5991873594733563;0.40081264052664367
1730781379.7103522;/app/bags/user95_2017-02-24.bag;0.834065854549408;0.0;0.9619645476341248;0.0;0.667477245503997;0.5991873594733563;0.40081264052664367
1730781379.910579;/app/bags/user95_2017-02-24.bag;0.834065854549408;0.0;0.9619645476341248;0.0;0.667477245503997;0.5991873594733563;0.40081264052664367
1730781380.1103568;/app/bags/user95_2017-02-24.bag;0.834065854549408;0.0;0.9619645476341248;0.0;0.667477245503997;0.5991873594733563;0.40081264052664367
1730781380.3103878;/app/bags/user95_2017-02-24.bag;0.834065854549408;0.0;0.9619645476341248;0.0;0.667477245503997;0.5991873594733563;0.40081264052664367
1730781380.5103493;/app/bags/user95_2017-02-24.bag;0.834065854549408;0.0;0.9619645476341248;0.0;0.667477245503997;0.5991873594733563;0.40081264052664367
1730781380.7103784;/app/bags/user95_2017-02-24.bag;0.834065854549408;0.0;0.9619645476341248;0.0;0.667477245503997;0.5991873594733563;0.40081264052664367
1730781380.9103804;/app/bags/user95_2017-02-24.bag;0.834065854549408;0.0;0.9619645476341248;0.0;0.667477245503997;0.5991873594733563;0.40081264052664367
1730781381.1103952;/app/bags/user95_2017-02-24.bag;0.834065854549408;0.0;0.9619645476341248;0.0;0.667477245503997;0.5991873594733563;0.40081264052664367
1730781381.3104038;/app/bags/user95_2017-02-24.bag;0.834065854549408;0.0;0.9619645476341248;0.0;0.667477245503997;0.5991873594733563;0.40081264052664367
1730781381.5103385;/app/bags/user95_2017-02-24.bag;0.834065854549408;0.0;0.9619645476341248;0.0;0.667477245503997;0.5991873594733563;0.40081264052664367
1730781381.7103677;/app/bags/user95_2017-02-24.bag;0.834065854549408;0.0;0.9619645476341248;0.0;0.667477245503997;0.5991873594733563;0.40081264052664367
1730781381.9103916;/app/bags/user95_2017-02-24.bag;0.834065854549408;0.0;0.9619645476341248;0.0;0.667477245503997;0.5991873594733563;0.40081264052664367
1730781382.110373;/app/bags/user95_2017-02-24.bag;0.834065854549408;0.0;0.9619645476341248;0.0;0.667477245503997;0.5991873594733563;0.40081264052664367
1730781382.3103726;/app/bags/user95_2017-02-24.bag;0.834065854549408;0.0;0.9619645476341248;0.0;0.667477245503997;0.5991873594733563;0.40081264052664367
1730781382.510374;/app/bags/user95_2017-02-24.bag;0.834065854549408;0.0;0.9619645476341248;0.0;0.667477245503997;0.5991873594733563;0.40081264052664367
1730781382.7103786;/app/bags/user95_2017-02-24.bag;0.834065854549408;0.0;0.9619645476341248;0.0;0.667477245503997;0.5991873594733563;0.40081264052664367
1730781382.910363;/app/bags/user95_2017-02-24.bag;0.834065854549408;0.0;0.9619645476341248;0.0;0.667477245503997;0.5991873594733563;0.40081264052664367
1730781383.1103852;/app/bags/user95_2017-02-24.bag;0.834065854549408;0.0;0.9619645476341248;0.0;0.667477245503997;0.5991873594733563;0.40081264052664367
1730781383.3105588;/app/bags/user95_2017-02-24.bag;0.834065854549408;0.0;0.9619645476341248;0.0;0.667477245503997;0.5991873594733563;0.40081264052664367
1730781383.5103734;/app/bags/user95_2017-02-24.bag;0.834065854549408;0.0;0.9619645476341248;0.0;0.667477245503997;0.5991873594733563;0.40081264052664367
1730781383.7104537;/app/bags/user95_2017-02-24.bag;0.834065854549408;0.0;0.9619645476341248;0.0;0.667477245503997;0.5991873594733563;0.40081264052664367
1730781383.910406;/app/bags/user95_2017-02-24.bag;0.834065854549408;0.0;0.9619645476341248;0.0;0.667477245503997;0.5991873594733563;0.40081264052664367
1730781384.1105785;/app/bags/user95_2017-02-24.bag;0.834065854549408;0.0;0.9619645476341248;0.0;0.667477245503997;0.5991873594733563;0.40081264052664367
1730781384.3104007;/app/bags/user95_2017-02-24.bag;0.834065854549408;0.0;0.9619645476341248;0.0;0.667477245503997;0.5991873594733563;0.40081264052664367
1730781384.510398;/app/bags/user95_2017-02-24.bag;0.834065854549408;0.0;0.9619645476341248;0.0;0.667477245503997;0.5991873594733563;0.40081264052664367
1730781384.710502;/app/bags/user95_2017-02-24.bag;0.834065854549408;0.0;0.9619645476341248;0.0;0.667477245503997;0.5991873594733563;0.40081264052664367
1730781384.9103878;/app/bags/user95_2017-02-24.bag;0.834065854549408;0.0;0.9619645476341248;0.0;0.667477245503997;0.5991873594733563;0.40081264052664367
1730781385.1103618;/app/bags/user95_2017-02-24.bag;0.834065854549408;0.0;0.9619645476341248;0.0;0.667477245503997;0.5991873594733563;0.40081264052664367
1730781385.3104777;/app/bags/user95_2017-02-24.bag;0.834065854549408;0.0;0.9619645476341248;0.0;0.667477245503997;0.5991873594733563;0.40081264052664367
1730781385.5103917;/app/bags/user95_2017-02-24.bag;0.834065854549408;0.0;0.9619645476341248;0.0;0.667477245503997;0.5991873594733563;0.40081264052664367
1730781385.710429;/app/bags/user95_2017-02-24.bag;0.834065854549408;0.0;0.9619645476341248;0.0;0.667477245503997;0.5991873594733563;0.40081264052664367
1730781385.9103918;/app/bags/user95_2017-02-24.bag;0.834065854549408;0.0;0.9619645476341248;0.0;0.667477245503997;0.5991873594733563;0.40081264052664367
1730781386.1103783;/app/bags/user95_2017-02-24.bag;0.834065854549408;0.0;0.9619645476341248;0.0;0.667477245503997;0.5991873594733563;0.40081264052664367
1730781386.310385;/app/bags/user95_2017-02-24.bag;0.834065854549408;0.0;0.9619645476341248;0.0;0.667477245503997;0.5991873594733563;0.40081264052664367
1730781386.5103998;/app/bags/user95_2017-02-24.bag;0.834065854549408;0.0;0.9619645476341248;0.0;0.667477245503997;0.5991873594733563;0.40081264052664367
1730781386.7103727;/app/bags/user95_2017-02-24.bag;0.834065854549408;0.0;0.9619645476341248;0.0;0.667477245503997;0.5991873594733563;0.40081264052664367
1730781386.910378;/app/bags/user95_2017-02-24.bag;0.834065854549408;0.0;0.9619645476341248;0.0;0.667477245503997;0.5991873594733563;0.40081264052664367
1730781387.110387;/app/bags/user95_2017-02-24.bag;0.834065854549408;0.0;0.9619645476341248;0.0;0.667477245503997;0.5991873594733563;0.40081264052664367
1730781387.3104286;/app/bags/user95_2017-02-24.bag;0.834065854549408;0.0;0.9619645476341248;0.0;0.667477245503997;0.5991873594733563;0.40081264052664367
1730781387.5104187;/app/bags/user95_2017-02-24.bag;0.834065854549408;0.0;0.9619645476341248;0.0;0.667477245503997;0.5991873594733563;0.40081264052664367
1730781387.7103934;/app/bags/user95_2017-02-24.bag;0.834065854549408;0.0;0.9619645476341248;0.0;0.667477245503997;0.5991873594733563;0.40081264052664367
1730781387.910391;/app/bags/user95_2017-02-24.bag;0.834065854549408;0.0;0.9619645476341248;0.0;0.667477245503997;0.5991873594733563;0.40081264052664367
1730781388.1103745;/app/bags/user95_2017-02-24.bag;0.834065854549408;0.0;0.9619645476341248;0.0;0.667477245503997;0.5991873594733563;0.40081264052664367
1730781388.31037;/app/bags/user95_2017-02-24.bag;0.834065854549408;0.0;0.9619645476341248;0.0;0.667477245503997;0.5991873594733563;0.40081264052664367
1730781388.510374;/app/bags/user95_2017-02-24.bag;0.834065854549408;0.0;0.9619645476341248;0.0;0.667477245503997;0.5991873594733563;0.40081264052664367
1730781388.7105339;/app/bags/user95_2017-02-24.bag;0.834065854549408;0.0;0.9619645476341248;0.0;0.667477245503997;0.5991873594733563;0.40081264052664367
1730781388.910372;/app/bags/user95_2017-02-24.bag;0.834065854549408;0.0;0.9619645476341248;0.0;0.667477245503997;0.5991873594733563;0.40081264052664367
1730781389.1104407;/app/bags/user95_2017-02-24.bag;0.834065854549408;0.0;0.9619645476341248;0.0;0.667477245503997;0.5991873594733563;0.40081264052664367
1730781389.310389;/app/bags/user95_2017-02-24.bag;0.834065854549408;0.0;0.9619645476341248;0.0;0.667477245503997;0.5991873594733563;0.40081264052664367
1730781389.5103989;/app/bags/user95_2017-02-24.bag;0.834065854549408;0.0;0.9619645476341248;0.0;0.667477245503997;0.5991873594733563;0.40081264052664367
1730781389.7103863;/app/bags/user95_2017-02-24.bag;0.834065854549408;0.0;0.9619645476341248;0.0;0.667477245503997;0.5991873594733563;0.40081264052664367
1730781389.9103696;/app/bags/user95_2017-02-24.bag;0.834065854549408;0.0;0.9619645476341248;0.0;0.667477245503997;0.5991873594733563;0.40081264052664367
1730781390.1104264;/app/bags/user95_2017-02-24.bag;0.834065854549408;0.0;0.9619645476341248;0.0;0.667477245503997;0.5991873594733563;0.40081264052664367
1730781390.3103335;/app/bags/user95_2017-02-24.bag;0.834065854549408;0.0;0.9619645476341248;0.0;0.667477245503997;0.5991873594733563;0.40081264052664367
1730781390.5103998;/app/bags/user95_2017-02-24.bag;0.834065854549408;0.0;0.9619645476341248;0.0;0.667477245503997;0.5991873594733563;0.40081264052664367
1730781390.7104342;/app/bags/user95_2017-02-24.bag;0.834065854549408;0.0;0.9619645476341248;0.0;0.667477245503997;0.5991873594733563;0.40081264052664367
1730781390.910405;/app/bags/user95_2017-02-24.bag;0.834065854549408;0.0;0.9619645476341248;0.0;0.667477245503997;0.5991873594733563;0.40081264052664367
1730781391.1103964;/app/bags/user95_2017-02-24.bag;0.834065854549408;0.0;0.9619645476341248;0.0;0.667477245503997;0.5991873594733563;0.40081264052664367
1730781391.3104198;/app/bags/user95_2017-02-24.bag;0.834065854549408;0.0;0.9619645476341248;0.0;0.667477245503997;0.5991873594733563;0.40081264052664367
1730781391.5103993;/app/bags/user95_2017-02-24.bag;0.834065854549408;0.0;0.9619645476341248;0.0;0.667477245503997;0.5991873594733563;0.40081264052664367
1730781391.7103806;/app/bags/user95_2017-02-24.bag;0.834065854549408;0.0;0.9619645476341248;0.0;0.667477245503997;0.5991873594733563;0.40081264052664367
1730781391.9103918;/app/bags/user95_2017-02-24.bag;0.834065854549408;0.0;0.9619645476341248;0.0;0.667477245503997;0.5991873594733563;0.40081264052664367
1730781392.1104126;/app/bags/user95_2017-02-24.bag;0.834065854549408;0.0;0.9619645476341248;0.0;0.667477245503997;0.5991873594733563;0.40081264052664367
1730781392.310361;/app/bags/user95_2017-02-24.bag;0.834065854549408;0.0;0.9619645476341248;0.0;0.667477245503997;0.5991873594733563;0.40081264052664367
1730781392.5103827;/app/bags/user95_2017-02-24.bag;0.834065854549408;0.0;0.9619645476341248;0.0;0.667477245503997;0.5991873594733563;0.40081264052664367
1730781392.7103798;/app/bags/user95_2017-02-24.bag;0.834065854549408;0.0;0.9619645476341248;0.0;0.667477245503997;0.5991873594733563;0.40081264052664367
1730781392.9103775;/app/bags/user95_2017-02-24.bag;0.834065854549408;0.0;0.9619645476341248;0.0;0.667477245503997;0.5991873594733563;0.40081264052664367
1730781393.1104145;/app/bags/user95_2017-02-24.bag;0.834065854549408;0.0;0.9619645476341248;0.0;0.667477245503997;0.5991873594733563;0.40081264052664367
1730781393.3103878;/app/bags/user95_2017-02-24.bag;0.834065854549408;0.0;0.9619645476341248;0.0;0.667477245503997;0.5991873594733563;0.40081264052664367
1730781393.5103917;/app/bags/user95_2017-02-24.bag;0.834065854549408;0.0;0.9619645476341248;0.0;0.667477245503997;0.5991873594733563;0.40081264052664367
1730781393.710401;/app/bags/user95_2017-02-24.bag;0.834065854549408;0.0;0.9619645476341248;0.0;0.667477245503997;0.5991873594733563;0.40081264052664367
1730781393.9103892;/app/bags/user95_2017-02-24.bag;0.834065854549408;0.0;0.9619645476341248;0.0;0.667477245503997;0.5991873594733563;0.40081264052664367
1730781394.1103997;/app/bags/user95_2017-02-24.bag;0.834065854549408;0.0;0.9619645476341248;0.0;0.667477245503997;0.5991873594733563;0.40081264052664367
1730781394.3103604;/app/bags/user95_2017-02-24.bag;0.834065854549408;0.0;0.9619645476341248;0.0;0.667477245503997;0.5991873594733563;0.40081264052664367
1730781394.5104122;/app/bags/user95_2017-02-24.bag;0.834065854549408;0.0;0.9619645476341248;0.0;0.667477245503997;0.5991873594733563;0.40081264052664367
1730781394.710383;/app/bags/user95_2017-02-24.bag;0.834065854549408;0.0;0.9619645476341248;0.0;0.667477245503997;0.5991873594733563;0.40081264052664367
1730781394.9104254;/app/bags/user95_2017-02-24.bag;0.834065854549408;0.0;0.9619645476341248;0.0;0.667477245503997;0.5991873594733563;0.40081264052664367
1730781395.1103582;/app/bags/user95_2017-02-24.bag;0.834065854549408;0.0;0.9619645476341248;0.0;0.667477245503997;0.5991873594733563;0.40081264052664367
1730781395.3103995;/app/bags/user95_2017-02-24.bag;0.834065854549408;0.0;0.9619645476341248;0.0;0.667477245503997;0.5991873594733563;0.40081264052664367
1730781395.5104063;/app/bags/user95_2017-02-24.bag;0.834065854549408;0.0;0.9619645476341248;0.0;0.667477245503997;0.5991873594733563;0.40081264052664367
1730781395.710451;/app/bags/user95_2017-02-24.bag;0.834065854549408;0.0;0.9619645476341248;0.0;0.667477245503997;0.5991873594733563;0.40081264052664367
1730781395.910389;/app/bags/user95_2017-02-24.bag;0.834065854549408;0.0;0.9619645476341248;0.0;0.667477245503997;0.5991873594733563;0.40081264052664367
1730781396.1104043;/app/bags/user95_2017-02-24.bag;0.834065854549408;0.0;0.9619645476341248;0.0;0.667477245503997;0.5991873594733563;0.40081264052664367
1730781396.3104064;/app/bags/user95_2017-02-24.bag;0.834065854549408;0.0;0.9619645476341248;0.0;0.667477245503997;0.5991873594733563;0.40081264052664367
1730781396.51045;/app/bags/user95_2017-02-24.bag;0.834065854549408;0.0;0.9619645476341248;0.0;0.667477245503997;0.5991873594733563;0.40081264052664367
1730781396.7104604;/app/bags/user95_2017-02-24.bag;0.834065854549408;0.0;0.9619645476341248;0.0;0.667477245503997;0.5991873594733563;0.40081264052664367
1730781396.9103906;/app/bags/user95_2017-02-24.bag;0.834065854549408;0.0;0.9619645476341248;0.0;0.667477245503997;0.5991873594733563;0.40081264052664367
1730781397.1110437;/app/bags/user95_2017-02-24.bag;0.834065854549408;0.0;0.9619645476341248;0.0;0.667477245503997;0.5991873594733563;0.40081264052664367
1730781397.3103998;/app/bags/user95_2017-02-24.bag;0.834065854549408;0.0;0.9619645476341248;0.0;0.667477245503997;0.5991873594733563;0.40081264052664367
1730781397.5103912;/app/bags/user95_2017-02-24.bag;0.834065854549408;0.0;0.9619645476341248;0.0;0.667477245503997;0.5991873594733563;0.40081264052664367
1730781397.710378;/app/bags/user95_2017-02-24.bag;0.834065854549408;0.0;0.9619645476341248;0.0;0.667477245503997;0.5991873594733563;0.40081264052664367
1730781397.9104307;/app/bags/user95_2017-02-24.bag;0.834065854549408;0.0;0.9619645476341248;0.0;0.667477245503997;0.5991873594733563;0.40081264052664367
1730781398.1104436;/app/bags/user95_2017-02-24.bag;0.834065854549408;0.0;0.9619645476341248;0.0;0.667477245503997;0.5991873594733563;0.40081264052664367
1730781398.310423;/app/bags/user95_2017-02-24.bag;0.834065854549408;0.0;0.9619645476341248;0.0;0.667477245503997;0.5991873594733563;0.40081264052664367
1730781398.510379;/app/bags/user95_2017-02-24.bag;0.834065854549408;0.0;0.9619645476341248;0.0;0.667477245503997;0.5991873594733563;0.40081264052664367
1730781398.7104168;/app/bags/user95_2017-02-24.bag;0.834065854549408;0.0;0.9619645476341248;0.0;0.667477245503997;0.5991873594733563;0.40081264052664367
1730781398.9104068;/app/bags/user95_2017-02-24.bag;0.834065854549408;0.0;0.9619645476341248;0.0;0.667477245503997;0.5991873594733563;0.40081264052664367
1730781399.110511;/app/bags/user95_2017-02-24.bag;0.834065854549408;0.0;0.9619645476341248;0.0;0.667477245503997;0.5991873594733563;0.40081264052664367
1730781399.310405;/app/bags/user95_2017-02-24.bag;0.834065854549408;0.0;0.9619645476341248;0.0;0.667477245503997;0.5991873594733563;0.40081264052664367
1730781399.510386;/app/bags/user95_2017-02-24.bag;0.834065854549408;0.0;0.9619645476341248;0.0;0.667477245503997;0.5991873594733563;0.40081264052664367
1730781399.710373;/app/bags/user95_2017-02-24.bag;0.834065854549408;0.0;0.9619645476341248;0.0;0.667477245503997;0.5991873594733563;0.40081264052664367
1730781399.9104035;/app/bags/user95_2017-02-24.bag;0.834065854549408;0.0;0.9619645476341248;0.0;0.667477245503997;0.5991873594733563;0.40081264052664367
1730781400.110382;/app/bags/user95_2017-02-24.bag;0.834065854549408;0.0;0.9619645476341248;0.0;0.667477245503997;0.5991873594733563;0.40081264052664367
1730781400.310397;/app/bags/user95_2017-02-24.bag;0.834065854549408;0.0;0.9619645476341248;0.0;0.667477245503997;0.5991873594733563;0.40081264052664367
1730781400.5104225;/app/bags/user95_2017-02-24.bag;0.834065854549408;0.0;0.9619645476341248;0.0;0.667477245503997;0.5991873594733563;0.40081264052664367
1730781400.7103817;/app/bags/user95_2017-02-24.bag;0.834065854549408;0.0;0.9619645476341248;0.0;0.667477245503997;0.5991873594733563;0.40081264052664367
1730781400.910448;/app/bags/user95_2017-02-24.bag;0.834065854549408;0.0;0.9619645476341248;0.0;0.667477245503997;0.5991873594733563;0.40081264052664367
1730781401.1104066;/app/bags/user95_2017-02-24.bag;0.834065854549408;0.0;0.9619645476341248;0.0;0.667477245503997;0.5991873594733563;0.40081264052664367
1730781401.3103848;/app/bags/user95_2017-02-24.bag;0.834065854549408;0.0;0.9619645476341248;0.0;0.667477245503997;0.5991873594733563;0.40081264052664367
1730781401.5104008;/app/bags/user95_2017-02-24.bag;0.834065854549408;0.0;0.9619645476341248;0.0;0.667477245503997;0.5991873594733563;0.40081264052664367
1730781401.7106273;/app/bags/user95_2017-02-24.bag;0.834065854549408;0.0;0.9619645476341248;0.0;0.667477245503997;0.5991873594733563;0.40081264052664367
1730781401.910381;/app/bags/user95_2017-02-24.bag;0.834065854549408;0.0;0.9619645476341248;0.0;0.667477245503997;0.5991873594733563;0.40081264052664367
1730781402.1103747;/app/bags/user95_2017-02-24.bag;0.834065854549408;0.0;0.9619645476341248;0.0;0.667477245503997;0.5991873594733563;0.40081264052664367
1730781402.3103762;/app/bags/user95_2017-02-24.bag;0.834065854549408;0.0;0.9619645476341248;0.0;0.667477245503997;0.5991873594733563;0.40081264052664367
1730781402.5104249;/app/bags/user95_2017-02-24.bag;0.834065854549408;0.0;0.9619645476341248;0.0;0.667477245503997;0.5991873594733563;0.40081264052664367
1730781402.710383;/app/bags/user95_2017-02-24.bag;0.834065854549408;0.0;0.9619645476341248;0.0;0.667477245503997;0.5991873594733563;0.40081264052664367
1730781402.910363;/app/bags/user95_2017-02-24.bag;0.834065854549408;0.0;0.9619645476341248;0.0;0.667477245503997;0.5991873594733563;0.40081264052664367
1730781403.110395;/app/bags/user95_2017-02-24.bag;0.834065854549408;0.0;0.9619645476341248;0.0;0.667477245503997;0.5991873594733563;0.40081264052664367
1730781403.310433;/app/bags/user95_2017-02-24.bag;0.834065854549408;0.0;0.9619645476341248;0.0;0.667477245503997;0.5991873594733563;0.40081264052664367
1730781403.510386;/app/bags/user95_2017-02-24.bag;0.834065854549408;0.0;0.9619645476341248;0.0;0.667477245503997;0.5991873594733563;0.40081264052664367
1730781403.7103803;/app/bags/user95_2017-02-24.bag;0.834065854549408;0.0;0.9619645476341248;0.0;0.667477245503997;0.5991873594733563;0.40081264052664367
1730781403.9103422;/app/bags/user95_2017-02-24.bag;0.834065854549408;0.0;0.9619645476341248;0.0;0.667477245503997;0.5991873594733563;0.40081264052664367
1730781404.1103597;/app/bags/user95_2017-02-24.bag;0.834065854549408;0.0;0.9619645476341248;0.0;0.667477245503997;0.5991873594733563;0.40081264052664367
1730781404.3103967;/app/bags/user95_2017-02-24.bag;0.834065854549408;0.0;0.9619645476341248;0.0;0.667477245503997;0.5991873594733563;0.40081264052664367
1730781404.5103898;/app/bags/user95_2017-02-24.bag;0.834065854549408;0.0;0.9619645476341248;0.0;0.667477245503997;0.5991873594733563;0.40081264052664367
1730781404.710364;/app/bags/user95_2017-02-24.bag;0.834065854549408;0.0;0.9619645476341248;0.0;0.667477245503997;0.5991873594733563;0.40081264052664367
1730781404.9104269;/app/bags/user95_2017-02-24.bag;0.834065854549408;0.0;0.9619645476341248;0.0;0.667477245503997;0.5991873594733563;0.40081264052664367
1730781405.110421;/app/bags/user95_2017-02-24.bag;0.834065854549408;0.0;0.9619645476341248;0.0;0.667477245503997;0.5991873594733563;0.40081264052664367
1730781405.3103669;/app/bags/user95_2017-02-24.bag;0.834065854549408;0.0;0.9619645476341248;0.0;0.667477245503997;0.5991873594733563;0.40081264052664367
1730781405.5103831;/app/bags/user95_2017-02-24.bag;0.834065854549408;0.0;0.9619645476341248;0.0;0.667477245503997;0.5991873594733563;0.40081264052664367
1730781405.7104084;/app/bags/user95_2017-02-24.bag;0.834065854549408;0.0;0.9619645476341248;0.0;0.667477245503997;0.5991873594733563;0.40081264052664367
1730781405.9103925;/app/bags/user95_2017-02-24.bag;0.834065854549408;0.0;0.9619645476341248;0.0;0.667477245503997;0.5991873594733563;0.40081264052664367
1730781406.1105094;/app/bags/user95_2017-02-24.bag;0.834065854549408;0.0;0.9619645476341248;0.0;0.667477245503997;0.5991873594733563;0.40081264052664367
1730781406.3105004;/app/bags/user95_2017-02-24.bag;0.834065854549408;0.0;0.9619645476341248;0.0;0.667477245503997;0.5991873594733563;0.40081264052664367
1730781406.5104253;/app/bags/user95_2017-02-24.bag;0.834065854549408;0.0;0.9619645476341248;0.0;0.667477245503997;0.5991873594733563;0.40081264052664367
1730781406.7104294;/app/bags/user95_2017-02-24.bag;0.834065854549408;0.0;0.9619645476341248;0.0;0.667477245503997;0.5991873594733563;0.40081264052664367
1730781406.910613;/app/bags/user95_2017-02-24.bag;0.834065854549408;0.0;0.9619645476341248;0.0;0.667477245503997;0.5991873594733563;0.40081264052664367
1730781407.110381;/app/bags/user95_2017-02-24.bag;0.834065854549408;0.0;0.9619645476341248;0.0;0.667477245503997;0.5991873594733563;0.40081264052664367
1730781407.3103526;/app/bags/user95_2017-02-24.bag;0.834065854549408;0.0;0.9619645476341248;0.0;0.667477245503997;0.5991873594733563;0.40081264052664367
1730781407.51037;/app/bags/user95_2017-02-24.bag;0.834065854549408;0.0;0.9619645476341248;0.0;0.667477245503997;0.5991873594733563;0.40081264052664367
1730781407.7103555;/app/bags/user95_2017-02-24.bag;0.834065854549408;0.0;0.9619645476341248;0.0;0.667477245503997;0.5991873594733563;0.40081264052664367
1730781407.9103632;/app/bags/user95_2017-02-24.bag;0.834065854549408;0.0;0.9619645476341248;0.0;0.667477245503997;0.5991873594733563;0.40081264052664367
1730781408.1103945;/app/bags/user95_2017-02-24.bag;0.834065854549408;0.0;0.9619645476341248;0.0;0.667477245503997;0.5991873594733563;0.40081264052664367
1730781408.310412;/app/bags/user95_2017-02-24.bag;0.834065854549408;0.0;0.9619645476341248;0.0;0.667477245503997;0.5991873594733563;0.40081264052664367
1730781408.510408;/app/bags/user95_2017-02-24.bag;0.834065854549408;0.0;0.9619645476341248;0.0;0.667477245503997;0.5991873594733563;0.40081264052664367
1730781408.7103806;/app/bags/user95_2017-02-24.bag;0.834065854549408;0.0;0.9619645476341248;0.0;0.667477245503997;0.5991873594733563;0.40081264052664367
1730781408.9103703;/app/bags/user95_2017-02-24.bag;0.834065854549408;0.0;0.9619645476341248;0.0;0.667477245503997;0.5991873594733563;0.40081264052664367
1730781409.1104207;/app/bags/user95_2017-02-24.bag;0.834065854549408;0.0;0.9619645476341248;0.0;0.667477245503997;0.5991873594733563;0.40081264052664367
1730781409.3104372;/app/bags/user95_2017-02-24.bag;0.834065854549408;0.0;0.9619645476341248;0.0;0.667477245503997;0.5991873594733563;0.40081264052664367
1730781409.5103927;/app/bags/user95_2017-02-24.bag;0.834065854549408;0.0;0.9619645476341248;0.0;0.667477245503997;0.5991873594733563;0.40081264052664367
1730781409.7104168;/app/bags/user95_2017-02-24.bag;0.834065854549408;0.0;0.9619645476341248;0.0;0.667477245503997;0.5991873594733563;0.40081264052664367
1730781409.9104419;/app/bags/user95_2017-02-24.bag;0.834065854549408;0.0;0.9619645476341248;0.0;0.667477245503997;0.5991873594733563;0.40081264052664367
1730781410.1104314;/app/bags/user95_2017-02-24.bag;0.834065854549408;0.0;0.9619645476341248;0.0;0.667477245503997;0.5991873594733563;0.40081264052664367
1730781410.3104162;/app/bags/user95_2017-02-24.bag;0.834065854549408;0.0;0.9619645476341248;0.0;0.667477245503997;0.5991873594733563;0.40081264052664367
1730781410.5103796;/app/bags/user95_2017-02-24.bag;0.834065854549408;0.0;0.9619645476341248;0.0;0.667477245503997;0.5991873594733563;0.40081264052664367
1730781410.710434;/app/bags/user95_2017-02-24.bag;0.834065854549408;0.0;0.9619645476341248;0.0;0.667477245503997;0.5991873594733563;0.40081264052664367
1730781410.9103959;/app/bags/user95_2017-02-24.bag;0.834065854549408;0.0;0.9619645476341248;0.0;0.667477245503997;0.5991873594733563;0.40081264052664367
1730781411.1103818;/app/bags/user95_2017-02-24.bag;0.834065854549408;0.0;0.9619645476341248;0.0;0.667477245503997;0.5991873594733563;0.40081264052664367
1730781411.3104212;/app/bags/user95_2017-02-24.bag;0.834065854549408;0.0;0.9619645476341248;0.0;0.667477245503997;0.5991873594733563;0.40081264052664367
1730781411.510353;/app/bags/user95_2017-02-24.bag;0.834065854549408;0.0;0.9619645476341248;0.0;0.667477245503997;0.5991873594733563;0.40081264052664367
1730781411.710409;/app/bags/user95_2017-02-24.bag;0.834065854549408;0.0;0.9619645476341248;0.0;0.667477245503997;0.5991873594733563;0.40081264052664367
1730781411.9103723;/app/bags/user95_2017-02-24.bag;0.834065854549408;0.0;0.9619645476341248;0.0;0.667477245503997;0.5991873594733563;0.40081264052664367
1730781412.1103714;/app/bags/user95_2017-02-24.bag;0.834065854549408;0.0;0.9619645476341248;0.0;0.667477245503997;0.5991873594733563;0.40081264052664367
1730781412.3103654;/app/bags/user95_2017-02-24.bag;0.834065854549408;0.0;0.9619645476341248;0.0;0.667477245503997;0.5991873594733563;0.40081264052664367
1730781412.5104287;/app/bags/user95_2017-02-24.bag;0.834065854549408;0.0;0.9619645476341248;0.0;0.667477245503997;0.5991873594733563;0.40081264052664367
1730781412.7103817;/app/bags/user95_2017-02-24.bag;0.834065854549408;0.0;0.9619645476341248;0.0;0.667477245503997;0.5991873594733563;0.40081264052664367
1730781412.910381;/app/bags/user95_2017-02-24.bag;0.834065854549408;0.0;0.9619645476341248;0.0;0.667477245503997;0.5991873594733563;0.40081264052664367
1730781413.1103685;/app/bags/user95_2017-02-24.bag;0.834065854549408;0.0;0.9619645476341248;0.0;0.667477245503997;0.5991873594733563;0.40081264052664367
1730781413.310359;/app/bags/user95_2017-02-24.bag;0.834065854549408;0.0;0.9619645476341248;0.0;0.667477245503997;0.5991873594733563;0.40081264052664367
1730781413.510405;/app/bags/user95_2017-02-24.bag;0.834065854549408;0.0;0.9619645476341248;0.0;0.667477245503997;0.5991873594733563;0.40081264052664367
1730781413.7103722;/app/bags/user95_2017-02-24.bag;0.834065854549408;0.0;0.9619645476341248;0.0;0.667477245503997;0.5991873594733563;0.40081264052664367
1730781413.910373;/app/bags/user95_2017-02-24.bag;0.834065854549408;0.0;0.9619645476341248;0.0;0.667477245503997;0.5991873594733563;0.40081264052664367
1730781414.1104271;/app/bags/user95_2017-02-24.bag;0.834065854549408;0.0;0.9619645476341248;0.0;0.667477245503997;0.5991873594733563;0.40081264052664367
1730781414.3103838;/app/bags/user95_2017-02-24.bag;0.834065854549408;0.0;0.9619645476341248;0.0;0.667477245503997;0.5991873594733563;0.40081264052664367
1730781414.5103884;/app/bags/user95_2017-02-24.bag;0.834065854549408;0.0;0.9619645476341248;0.0;0.667477245503997;0.5991873594733563;0.40081264052664367
1730781414.7103841;/app/bags/user95_2017-02-24.bag;0.834065854549408;0.0;0.9619645476341248;0.0;0.667477245503997;0.5991873594733563;0.40081264052664367
1730781414.9104104;/app/bags/user95_2017-02-24.bag;0.834065854549408;0.0;0.9619645476341248;0.0;0.667477245503997;0.5991873594733563;0.40081264052664367
1730781415.1104517;/app/bags/user95_2017-02-24.bag;0.834065854549408;0.0;0.9619645476341248;0.0;0.667477245503997;0.5991873594733563;0.40081264052664367
1730781415.3104293;/app/bags/user95_2017-02-24.bag;0.834065854549408;0.0;0.9619645476341248;0.0;0.667477245503997;0.5991873594733563;0.40081264052664367
1730781415.5103774;/app/bags/user95_2017-02-24.bag;0.834065854549408;0.0;0.9619645476341248;0.0;0.667477245503997;0.5991873594733563;0.40081264052664367
1730781415.7105224;/app/bags/user95_2017-02-24.bag;0.834065854549408;0.0;0.9619645476341248;0.0;0.667477245503997;0.5991873594733563;0.40081264052664367
1730781415.9103677;/app/bags/user95_2017-02-24.bag;0.834065854549408;0.0;0.9619645476341248;0.0;0.667477245503997;0.5991873594733563;0.40081264052664367
1730781416.1104383;/app/bags/user95_2017-02-24.bag;0.834065854549408;0.0;0.9619645476341248;0.0;0.667477245503997;0.5991873594733563;0.40081264052664367
1730781416.3103938;/app/bags/user95_2017-02-24.bag;0.834065854549408;0.0;0.9619645476341248;0.0;0.667477245503997;0.5991873594733563;0.40081264052664367
1730781416.5104208;/app/bags/user95_2017-02-24.bag;0.834065854549408;0.0;0.9619645476341248;0.0;0.667477245503997;0.5991873594733563;0.40081264052664367
1730781416.7103574;/app/bags/user95_2017-02-24.bag;0.834065854549408;0.0;0.9619645476341248;0.0;0.667477245503997;0.5991873594733563;0.40081264052664367
1730781416.9103508;/app/bags/user95_2017-02-24.bag;0.834065854549408;0.0;0.9619645476341248;0.0;0.667477245503997;0.5991873594733563;0.40081264052664367
1730781417.1103761;/app/bags/user95_2017-02-24.bag;0.834065854549408;0.0;0.9619645476341248;0.0;0.667477245503997;0.5991873594733563;0.40081264052664367
1730781417.3104177;/app/bags/user95_2017-02-24.bag;0.834065854549408;0.0;0.9619645476341248;0.0;0.667477245503997;0.5991873594733563;0.40081264052664367
1730781417.5104306;/app/bags/user95_2017-02-24.bag;0.834065854549408;0.0;0.9619645476341248;0.0;0.667477245503997;0.5991873594733563;0.40081264052664367
1730781417.710349;/app/bags/user95_2017-02-24.bag;0.834065854549408;0.0;0.9619645476341248;0.0;0.667477245503997;0.5991873594733563;0.40081264052664367
1730781417.9103806;/app/bags/user95_2017-02-24.bag;0.834065854549408;0.0;0.9619645476341248;0.0;0.667477245503997;0.5991873594733563;0.40081264052664367
1730781418.1104443;/app/bags/user95_2017-02-24.bag;0.834065854549408;0.0;0.9619645476341248;0.0;0.667477245503997;0.5991873594733563;0.40081264052664367
1730781418.3103948;/app/bags/user95_2017-02-24.bag;0.834065854549408;0.0;0.9619645476341248;0.0;0.667477245503997;0.5991873594733563;0.40081264052664367
1730781418.5103939;/app/bags/user95_2017-02-24.bag;0.834065854549408;0.0;0.9619645476341248;0.0;0.667477245503997;0.5991873594733563;0.40081264052664367
1730781418.7103744;/app/bags/user95_2017-02-24.bag;0.834065854549408;0.0;0.9619645476341248;0.0;0.667477245503997;0.5991873594733563;0.40081264052664367
1730781418.9104226;/app/bags/user95_2017-02-24.bag;0.834065854549408;0.0;0.9619645476341248;0.0;0.667477245503997;0.5991873594733563;0.40081264052664367
1730781419.1103787;/app/bags/user95_2017-02-24.bag;0.834065854549408;0.0;0.9619645476341248;0.0;0.667477245503997;0.5991873594733563;0.40081264052664367
1730781419.3104508;/app/bags/user95_2017-02-24.bag;0.834065854549408;0.0;0.9619645476341248;0.0;0.667477245503997;0.5991873594733563;0.40081264052664367
1730781419.5103638;/app/bags/user95_2017-02-24.bag;0.834065854549408;0.0;0.9619645476341248;0.0;0.667477245503997;0.5991873594733563;0.40081264052664367
1730781419.710381;/app/bags/user95_2017-02-24.bag;0.834065854549408;0.0;0.9619645476341248;0.0;0.667477245503997;0.5991873594733563;0.40081264052664367
1730781419.9103887;/app/bags/user95_2017-02-24.bag;0.834065854549408;0.0;0.9619645476341248;0.0;0.667477245503997;0.5991873594733563;0.40081264052664367
1730781420.1104155;/app/bags/user95_2017-02-24.bag;0.834065854549408;0.0;0.9619645476341248;0.0;0.667477245503997;0.5991873594733563;0.40081264052664367
1730781420.3104384;/app/bags/user95_2017-02-24.bag;0.834065854549408;0.0;0.9619645476341248;0.0;0.667477245503997;0.5991873594733563;0.40081264052664367
1730781420.5103962;/app/bags/user95_2017-02-24.bag;0.834065854549408;0.0;0.9619645476341248;0.0;0.667477245503997;0.5991873594733563;0.40081264052664367
1730781420.710383;/app/bags/user95_2017-02-24.bag;0.834065854549408;0.0;0.9619645476341248;0.0;0.667477245503997;0.5991873594733563;0.40081264052664367
1730781420.9103804;/app/bags/user95_2017-02-24.bag;0.834065854549408;0.0;0.9619645476341248;0.0;0.667477245503997;0.5991873594733563;0.40081264052664367
1730781421.1104515;/app/bags/user95_2017-02-24.bag;0.834065854549408;0.0;0.9619645476341248;0.0;0.667477245503997;0.5991873594733563;0.40081264052664367
1730781421.3103786;/app/bags/user95_2017-02-24.bag;0.834065854549408;0.0;0.9619645476341248;0.0;0.667477245503997;0.5991873594733563;0.40081264052664367
1730781421.5103586;/app/bags/user95_2017-02-24.bag;0.834065854549408;0.0;0.9619645476341248;0.0;0.667477245503997;0.5991873594733563;0.40081264052664367
1730781421.710378;/app/bags/user95_2017-02-24.bag;0.834065854549408;0.0;0.9619645476341248;0.0;0.667477245503997;0.5991873594733563;0.40081264052664367
1730781421.910361;/app/bags/user95_2017-02-24.bag;0.834065854549408;0.0;0.9619645476341248;0.0;0.667477245503997;0.5991873594733563;0.40081264052664367
1730781422.1103792;/app/bags/user95_2017-02-24.bag;0.834065854549408;0.0;0.9619645476341248;0.0;0.667477245503997;0.5991873594733563;0.40081264052664367
1730781422.3104188;/app/bags/user95_2017-02-24.bag;0.834065854549408;0.0;0.9619645476341248;0.0;0.667477245503997;0.5991873594733563;0.40081264052664367
1730781422.5103934;/app/bags/user95_2017-02-24.bag;0.834065854549408;0.0;0.9619645476341248;0.0;0.667477245503997;0.5991873594733563;0.40081264052664367
1730781422.710397;/app/bags/user95_2017-02-24.bag;0.834065854549408;0.0;0.9619645476341248;0.0;0.667477245503997;0.5991873594733563;0.40081264052664367
1730781422.910434;/app/bags/user95_2017-02-24.bag;0.834065854549408;0.0;0.9619645476341248;0.0;0.667477245503997;0.5991873594733563;0.40081264052664367
1730781423.1104758;/app/bags/user95_2017-02-24.bag;0.834065854549408;0.0;0.9619645476341248;0.0;0.667477245503997;0.5991873594733563;0.40081264052664367
1730781423.3103812;/app/bags/user95_2017-02-24.bag;0.834065854549408;0.0;0.9619645476341248;0.0;0.667477245503997;0.5991873594733563;0.40081264052664367
1730781423.510363;/app/bags/user95_2017-02-24.bag;0.834065854549408;0.0;0.9619645476341248;0.0;0.667477245503997;0.5991873594733563;0.40081264052664367
1730781423.710373;/app/bags/user95_2017-02-24.bag;0.834065854549408;0.0;0.9619645476341248;0.0;0.667477245503997;0.5991873594733563;0.40081264052664367
1730781423.910356;/app/bags/user95_2017-02-24.bag;0.834065854549408;0.0;0.9619645476341248;0.0;0.667477245503997;0.5991873594733563;0.40081264052664367
1730781424.110423;/app/bags/user95_2017-02-24.bag;0.834065854549408;0.0;0.9619645476341248;0.0;0.667477245503997;0.5991873594733563;0.40081264052664367
1730781424.3103244;/app/bags/user95_2017-02-24.bag;0.834065854549408;0.0;0.9619645476341248;0.0;0.667477245503997;0.5991873594733563;0.40081264052664367
1730781424.5103998;/app/bags/user95_2017-02-24.bag;0.834065854549408;0.0;0.9619645476341248;0.0;0.667477245503997;0.5991873594733563;0.40081264052664367
1730781424.7103567;/app/bags/user95_2017-02-24.bag;0.834065854549408;0.0;0.9619645476341248;0.0;0.667477245503997;0.5991873594733563;0.40081264052664367
1730781424.910413;/app/bags/user95_2017-02-24.bag;0.834065854549408;0.0;0.9619645476341248;0.0;0.667477245503997;0.5991873594733563;0.40081264052664367
1730781425.1103792;/app/bags/user95_2017-02-24.bag;0.834065854549408;0.0;0.9619645476341248;0.0;0.667477245503997;0.5991873594733563;0.40081264052664367
1730781425.3103483;/app/bags/user95_2017-02-24.bag;0.834065854549408;0.0;0.9619645476341248;0.0;0.667477245503997;0.5991873594733563;0.40081264052664367
1730781425.5103858;/app/bags/user95_2017-02-24.bag;0.834065854549408;0.0;0.9619645476341248;0.0;0.667477245503997;0.5991873594733563;0.40081264052664367
1730781425.7103777;/app/bags/user95_2017-02-24.bag;0.834065854549408;0.0;0.9619645476341248;0.0;0.667477245503997;0.5991873594733563;0.40081264052664367
1730781425.9104125;/app/bags/user95_2017-02-24.bag;0.834065854549408;0.0;0.9619645476341248;0.0;0.667477245503997;0.5991873594733563;0.40081264052664367
1730781426.1104288;/app/bags/user95_2017-02-24.bag;0.834065854549408;0.0;0.9619645476341248;0.0;0.667477245503997;0.5991873594733563;0.40081264052664367
1730781426.310415;/app/bags/user95_2017-02-24.bag;0.834065854549408;0.0;0.9619645476341248;0.0;0.667477245503997;0.5991873594733563;0.40081264052664367
1730781426.5103855;/app/bags/user95_2017-02-24.bag;0.834065854549408;0.0;0.9619645476341248;0.0;0.667477245503997;0.5991873594733563;0.40081264052664367
1730781426.7103982;/app/bags/user95_2017-02-24.bag;0.834065854549408;0.0;0.9619645476341248;0.0;0.667477245503997;0.5991873594733563;0.40081264052664367
1730781426.9104092;/app/bags/user95_2017-02-24.bag;0.834065854549408;0.0;0.9619645476341248;0.0;0.667477245503997;0.5991873594733563;0.40081264052664367
1730781427.1103709;/app/bags/user95_2017-02-24.bag;0.834065854549408;0.0;0.9619645476341248;0.0;0.667477245503997;0.5991873594733563;0.40081264052664367
1730781427.3104124;/app/bags/user95_2017-02-24.bag;0.834065854549408;0.0;0.9619645476341248;0.0;0.667477245503997;0.5991873594733563;0.40081264052664367
1730781427.510371;/app/bags/user95_2017-02-24.bag;0.834065854549408;0.0;0.9619645476341248;0.0;0.667477245503997;0.5991873594733563;0.40081264052664367
1730781427.7104356;/app/bags/user95_2017-02-24.bag;0.834065854549408;0.0;0.9619645476341248;0.0;0.667477245503997;0.5991873594733563;0.40081264052664367
1730781427.9104497;/app/bags/user95_2017-02-24.bag;0.834065854549408;0.0;0.9619645476341248;0.0;0.667477245503997;0.5991873594733563;0.40081264052664367
1730781428.1103904;/app/bags/user95_2017-02-24.bag;0.834065854549408;0.0;0.9619645476341248;0.0;0.667477245503997;0.5991873594733563;0.40081264052664367
1730781428.3104196;/app/bags/user95_2017-02-24.bag;0.834065854549408;0.0;0.9619645476341248;0.0;0.667477245503997;0.5991873594733563;0.40081264052664367
1730781428.5105262;/app/bags/user95_2017-02-24.bag;0.834065854549408;0.0;0.9619645476341248;0.0;0.667477245503997;0.5991873594733563;0.40081264052664367
1730781428.7103713;/app/bags/user95_2017-02-24.bag;0.834065854549408;0.0;0.9619645476341248;0.0;0.667477245503997;0.5991873594733563;0.40081264052664367
1730781428.9103625;/app/bags/user95_2017-02-24.bag;0.834065854549408;0.0;0.9619645476341248;0.0;0.667477245503997;0.5991873594733563;0.40081264052664367
1730781429.1104143;/app/bags/user95_2017-02-24.bag;0.834065854549408;0.0;0.9619645476341248;0.0;0.667477245503997;0.5991873594733563;0.40081264052664367
1730781429.3103912;/app/bags/user95_2017-02-24.bag;0.834065854549408;0.0;0.9619645476341248;0.0;0.667477245503997;0.5991873594733563;0.40081264052664367
1730781429.5104363;/app/bags/user95_2017-02-24.bag;0.834065854549408;0.0;0.9619645476341248;0.0;0.667477245503997;0.5991873594733563;0.40081264052664367
1730781429.710373;/app/bags/user95_2017-02-24.bag;0.834065854549408;0.0;0.9619645476341248;0.0;0.667477245503997;0.5991873594733563;0.40081264052664367
1730781429.9103904;/app/bags/user95_2017-02-24.bag;0.834065854549408;0.0;0.9619645476341248;0.0;0.667477245503997;0.5991873594733563;0.40081264052664367
1730781430.1103716;/app/bags/user95_2017-02-24.bag;0.834065854549408;0.0;0.9619645476341248;0.0;0.667477245503997;0.5991873594733563;0.40081264052664367
1730781430.310394;/app/bags/user95_2017-02-24.bag;0.834065854549408;0.0;0.9619645476341248;0.0;0.667477245503997;0.5991873594733563;0.40081264052664367
1730781430.5104249;/app/bags/user95_2017-02-24.bag;0.834065854549408;0.0;0.9619645476341248;0.0;0.667477245503997;0.5991873594733563;0.40081264052664367
1730781430.7103717;/app/bags/user95_2017-02-24.bag;0.834065854549408;0.0;0.9619645476341248;0.0;0.667477245503997;0.5991873594733563;0.40081264052664367
1730781430.9103878;/app/bags/user95_2017-02-24.bag;0.834065854549408;0.0;0.9619645476341248;0.0;0.667477245503997;0.5991873594733563;0.40081264052664367
1730781431.1104271;/app/bags/user95_2017-02-24.bag;0.834065854549408;0.0;0.9619645476341248;0.0;0.667477245503997;0.5991873594733563;0.40081264052664367
1730781431.3103604;/app/bags/user95_2017-02-24.bag;0.834065854549408;0.0;0.9619645476341248;0.0;0.667477245503997;0.5991873594733563;0.40081264052664367
1730781431.5103526;/app/bags/user95_2017-02-24.bag;0.834065854549408;0.0;0.9619645476341248;0.0;0.667477245503997;0.5991873594733563;0.40081264052664367
1730781431.7103937;/app/bags/user95_2017-02-24.bag;0.834065854549408;0.0;0.9619645476341248;0.0;0.667477245503997;0.5991873594733563;0.40081264052664367
1730781431.910429;/app/bags/user95_2017-02-24.bag;0.834065854549408;0.0;0.9619645476341248;0.0;0.667477245503997;0.5991873594733563;0.40081264052664367
1730781432.1104178;/app/bags/user95_2017-02-24.bag;0.834065854549408;0.0;0.9619645476341248;0.0;0.667477245503997;0.5991873594733563;0.40081264052664367
1730781432.3103735;/app/bags/user95_2017-02-24.bag;0.834065854549408;0.0;0.9619645476341248;0.0;0.667477245503997;0.5991873594733563;0.40081264052664367
1730781432.5103865;/app/bags/user95_2017-02-24.bag;0.834065854549408;0.0;0.9619645476341248;0.0;0.667477245503997;0.5991873594733563;0.40081264052664367
1730781432.710476;/app/bags/user95_2017-02-24.bag;0.834065854549408;0.0;0.9619645476341248;0.0;0.667477245503997;0.5991873594733563;0.40081264052664367
1730781432.9103637;/app/bags/user95_2017-02-24.bag;0.834065854549408;0.0;0.9619645476341248;0.0;0.667477245503997;0.5991873594733563;0.40081264052664367
1730781433.1103418;/app/bags/user95_2017-02-24.bag;0.834065854549408;0.0;0.9619645476341248;0.0;0.667477245503997;0.5991873594733563;0.40081264052664367
1730781433.3103733;/app/bags/user95_2017-02-24.bag;0.834065854549408;0.0;0.9619645476341248;0.0;0.667477245503997;0.5991873594733563;0.40081264052664367
1730781433.5103803;/app/bags/user95_2017-02-24.bag;0.834065854549408;0.0;0.9619645476341248;0.0;0.667477245503997;0.5991873594733563;0.40081264052664367
1730781433.710358;/app/bags/user95_2017-02-24.bag;0.834065854549408;0.0;0.9619645476341248;0.0;0.667477245503997;0.5991873594733563;0.40081264052664367
1730781433.9104624;/app/bags/user95_2017-02-24.bag;0.834065854549408;0.0;0.9619645476341248;0.0;0.667477245503997;0.5991873594733563;0.40081264052664367
1730781434.1103828;/app/bags/user95_2017-02-24.bag;0.834065854549408;0.0;0.9619645476341248;0.0;0.667477245503997;0.5991873594733563;0.40081264052664367
1730781434.3103821;/app/bags/user95_2017-02-24.bag;0.834065854549408;0.0;0.9619645476341248;0.0;0.667477245503997;0.5991873594733563;0.40081264052664367
1730781434.5104475;/app/bags/user95_2017-02-24.bag;0.834065854549408;0.0;0.9619645476341248;0.0;0.667477245503997;0.5991873594733563;0.40081264052664367
1730781434.7104383;/app/bags/user95_2017-02-24.bag;0.834065854549408;0.0;0.9619645476341248;0.0;0.667477245503997;0.5991873594733563;0.40081264052664367
1730781434.910472;/app/bags/user95_2017-02-24.bag;0.834065854549408;0.0;0.9619645476341248;0.0;0.667477245503997;0.5991873594733563;0.40081264052664367
1730781435.1104834;/app/bags/user95_2017-02-24.bag;0.834065854549408;0.0;0.9619645476341248;0.0;0.667477245503997;0.5991873594733563;0.40081264052664367
1730781435.3104324;/app/bags/user95_2017-02-24.bag;0.834065854549408;0.0;0.9619645476341248;0.0;0.667477245503997;0.5991873594733563;0.40081264052664367
1730781435.510412;/app/bags/user95_2017-02-24.bag;0.834065854549408;0.0;0.9619645476341248;0.0;0.667477245503997;0.5991873594733563;0.40081264052664367
1730781435.7103827;/app/bags/user95_2017-02-24.bag;0.834065854549408;0.0;0.9619645476341248;0.0;0.667477245503997;0.5991873594733563;0.40081264052664367
1730781435.9103856;/app/bags/user95_2017-02-24.bag;0.834065854549408;0.0;0.9619645476341248;0.0;0.667477245503997;0.5991873594733563;0.40081264052664367
1730781436.110402;/app/bags/user95_2017-02-24.bag;0.834065854549408;0.0;0.9619645476341248;0.0;0.667477245503997;0.5991873594733563;0.40081264052664367
1730781436.310361;/app/bags/user95_2017-02-24.bag;0.834065854549408;0.0;0.9619645476341248;0.0;0.667477245503997;0.5991873594733563;0.40081264052664367
1730781436.5103848;/app/bags/user95_2017-02-24.bag;0.834065854549408;0.0;0.9619645476341248;0.0;0.667477245503997;0.5991873594733563;0.40081264052664367
1730781436.7104197;/app/bags/user95_2017-02-24.bag;0.834065854549408;0.0;0.9619645476341248;0.0;0.667477245503997;0.5991873594733563;0.40081264052664367
1730781436.9103787;/app/bags/user95_2017-02-24.bag;0.834065854549408;0.0;0.9619645476341248;0.0;0.667477245503997;0.5991873594733563;0.40081264052664367
1730781437.1104548;/app/bags/user95_2017-02-24.bag;0.834065854549408;0.0;0.9619645476341248;0.0;0.667477245503997;0.5991873594733563;0.40081264052664367
1730781437.3103976;/app/bags/user95_2017-02-24.bag;0.834065854549408;0.0;0.9619645476341248;0.0;0.667477245503997;0.5991873594733563;0.40081264052664367
1730781437.5104117;/app/bags/user95_2017-02-24.bag;0.834065854549408;0.0;0.9619645476341248;0.0;0.667477245503997;0.5991873594733563;0.40081264052664367
1730781437.7104614;/app/bags/user95_2017-02-24.bag;0.834065854549408;0.0;0.9619645476341248;0.0;0.667477245503997;0.5991873594733563;0.40081264052664367
1730781437.9103804;/app/bags/user95_2017-02-24.bag;0.834065854549408;0.0;0.9619645476341248;0.0;0.667477245503997;0.5991873594733563;0.40081264052664367
1730781438.1104505;/app/bags/user95_2017-02-24.bag;0.834065854549408;0.0;0.9619645476341248;0.0;0.667477245503997;0.5991873594733563;0.40081264052664367
1730781438.3104384;/app/bags/user95_2017-02-24.bag;0.834065854549408;0.0;0.9619645476341248;0.0;0.667477245503997;0.5991873594733563;0.40081264052664367
1730781438.5104084;/app/bags/user95_2017-02-24.bag;0.834065854549408;0.0;0.9619645476341248;0.0;0.667477245503997;0.5991873594733563;0.40081264052664367
1730781438.7104423;/app/bags/user95_2017-02-24.bag;0.834065854549408;0.0;0.9619645476341248;0.0;0.667477245503997;0.5991873594733563;0.40081264052664367
1730781438.9104545;/app/bags/user95_2017-02-24.bag;0.834065854549408;0.0;0.9619645476341248;0.0;0.667477245503997;0.5991873594733563;0.40081264052664367
1730781439.1103811;/app/bags/user95_2017-02-24.bag;0.834065854549408;0.0;0.9619645476341248;0.0;0.667477245503997;0.5991873594733563;0.40081264052664367
1730781439.3103888;/app/bags/user95_2017-02-24.bag;0.834065854549408;0.0;0.9619645476341248;0.0;0.667477245503997;0.5991873594733563;0.40081264052664367
1730781439.5103729;/app/bags/user95_2017-02-24.bag;0.834065854549408;0.0;0.9619645476341248;0.0;0.667477245503997;0.5991873594733563;0.40081264052664367
1730781439.7104442;/app/bags/user95_2017-02-24.bag;0.834065854549408;0.0;0.9619645476341248;0.0;0.667477245503997;0.5991873594733563;0.40081264052664367
1730781439.9103537;/app/bags/user95_2017-02-24.bag;0.834065854549408;0.0;0.9619645476341248;0.0;0.667477245503997;0.5991873594733563;0.40081264052664367
1730781440.1103928;/app/bags/user95_2017-02-24.bag;0.834065854549408;0.0;0.9619645476341248;0.0;0.667477245503997;0.5991873594733563;0.40081264052664367
1730781440.310356;/app/bags/user95_2017-02-24.bag;0.834065854549408;0.0;0.9619645476341248;0.0;0.667477245503997;0.5991873594733563;0.40081264052664367
1730781440.5104504;/app/bags/user95_2017-02-24.bag;0.834065854549408;0.0;0.9619645476341248;0.0;0.667477245503997;0.5991873594733563;0.40081264052664367
1730781440.71036;/app/bags/user95_2017-02-24.bag;0.834065854549408;0.0;0.9619645476341248;0.0;0.667477245503997;0.5991873594733563;0.40081264052664367
1730781440.910386;/app/bags/user95_2017-02-24.bag;0.834065854549408;0.0;0.9619645476341248;0.0;0.667477245503997;0.5991873594733563;0.40081264052664367
1730781441.1103835;/app/bags/user95_2017-02-24.bag;0.834065854549408;0.0;0.9619645476341248;0.0;0.667477245503997;0.5991873594733563;0.40081264052664367
1730781441.310379;/app/bags/user95_2017-02-24.bag;0.834065854549408;0.0;0.9619645476341248;0.0;0.667477245503997;0.5991873594733563;0.40081264052664367
1730781441.510395;/app/bags/user95_2017-02-24.bag;0.834065854549408;0.0;0.9619645476341248;0.0;0.667477245503997;0.5991873594733563;0.40081264052664367
1730781441.7103887;/app/bags/user95_2017-02-24.bag;0.834065854549408;0.0;0.9619645476341248;0.0;0.667477245503997;0.5991873594733563;0.40081264052664367
1730781441.9103916;/app/bags/user95_2017-02-24.bag;0.834065854549408;0.0;0.9619645476341248;0.0;0.667477245503997;0.5991873594733563;0.40081264052664367
1730781442.110503;/app/bags/user95_2017-02-24.bag;0.834065854549408;0.0;0.9619645476341248;0.0;0.667477245503997;0.5991873594733563;0.40081264052664367
1730781442.3104098;/app/bags/user95_2017-02-24.bag;0.834065854549408;0.0;0.9619645476341248;0.0;0.667477245503997;0.5991873594733563;0.40081264052664367
1730781442.5103962;/app/bags/user95_2017-02-24.bag;0.834065854549408;0.0;0.9619645476341248;0.0;0.667477245503997;0.5991873594733563;0.40081264052664367
1730781442.710369;/app/bags/user95_2017-02-24.bag;0.834065854549408;0.0;0.9619645476341248;0.0;0.667477245503997;0.5991873594733563;0.40081264052664367
1730781442.9103632;/app/bags/user95_2017-02-24.bag;0.834065854549408;0.0;0.9619645476341248;0.0;0.667477245503997;0.5991873594733563;0.40081264052664367
1730781443.1104362;/app/bags/user95_2017-02-24.bag;0.834065854549408;0.0;0.9619645476341248;0.0;0.667477245503997;0.5991873594733563;0.40081264052664367
1730781443.3103426;/app/bags/user95_2017-02-24.bag;0.834065854549408;0.0;0.9619645476341248;0.0;0.667477245503997;0.5991873594733563;0.40081264052664367
1730781443.5104175;/app/bags/user95_2017-02-24.bag;0.834065854549408;0.0;0.9619645476341248;0.0;0.667477245503997;0.5991873594733563;0.40081264052664367
1730781443.7103848;/app/bags/user95_2017-02-24.bag;0.834065854549408;0.0;0.9619645476341248;0.0;0.667477245503997;0.5991873594733563;0.40081264052664367
1730781443.910434;/app/bags/user95_2017-02-24.bag;0.834065854549408;0.0;0.9619645476341248;0.0;0.667477245503997;0.5991873594733563;0.40081264052664367
1730781444.1103776;/app/bags/user95_2017-02-24.bag;0.834065854549408;0.0;0.9619645476341248;0.0;0.667477245503997;0.5991873594733563;0.40081264052664367
1730781444.3103728;/app/bags/user95_2017-02-24.bag;0.834065854549408;0.0;0.9619645476341248;0.0;0.667477245503997;0.5991873594733563;0.40081264052664367
1730781444.5103984;/app/bags/user95_2017-02-24.bag;0.834065854549408;0.0;0.9619645476341248;0.0;0.667477245503997;0.5991873594733563;0.40081264052664367
1730781444.7103624;/app/bags/user95_2017-02-24.bag;0.834065854549408;0.0;0.9619645476341248;0.0;0.667477245503997;0.5991873594733563;0.40081264052664367
1730781444.9104152;/app/bags/user95_2017-02-24.bag;0.834065854549408;0.0;0.9619645476341248;0.0;0.667477245503997;0.5991873594733563;0.40081264052664367
1730781445.1104085;/app/bags/user95_2017-02-24.bag;0.834065854549408;0.0;0.9619645476341248;0.0;0.667477245503997;0.5991873594733563;0.40081264052664367
1730781445.3103783;/app/bags/user95_2017-02-24.bag;0.834065854549408;0.0;0.9619645476341248;0.0;0.667477245503997;0.5991873594733563;0.40081264052664367
1730781445.5104449;/app/bags/user95_2017-02-24.bag;0.834065854549408;0.0;0.9619645476341248;0.0;0.667477245503997;0.5991873594733563;0.40081264052664367
1730781445.7103796;/app/bags/user95_2017-02-24.bag;0.834065854549408;0.0;0.9619645476341248;0.0;0.667477245503997;0.5991873594733563;0.40081264052664367
1730781445.910385;/app/bags/user95_2017-02-24.bag;0.834065854549408;0.0;0.9619645476341248;0.0;0.667477245503997;0.5991873594733563;0.40081264052664367
1730781446.1104257;/app/bags/user95_2017-02-24.bag;0.834065854549408;0.0;0.9619645476341248;0.0;0.667477245503997;0.5991873594733563;0.40081264052664367
1730781446.3104062;/app/bags/user95_2017-02-24.bag;0.834065854549408;0.0;0.9619645476341248;0.0;0.667477245503997;0.5991873594733563;0.40081264052664367
1730781446.5103772;/app/bags/user95_2017-02-24.bag;0.834065854549408;0.0;0.9619645476341248;0.0;0.667477245503997;0.5991873594733563;0.40081264052664367
1730781446.710528;/app/bags/user95_2017-02-24.bag;0.834065854549408;0.0;0.9619645476341248;0.0;0.667477245503997;0.5991873594733563;0.40081264052664367
1730781446.910417;/app/bags/user95_2017-02-24.bag;0.834065854549408;0.0;0.9619645476341248;0.0;0.667477245503997;0.5991873594733563;0.40081264052664367
1730781447.1103857;/app/bags/user95_2017-02-24.bag;0.834065854549408;0.0;0.9619645476341248;0.0;0.667477245503997;0.5991873594733563;0.40081264052664367
1730781447.3104417;/app/bags/user95_2017-02-24.bag;0.834065854549408;0.0;0.9619645476341248;0.0;0.667477245503997;0.5991873594733563;0.40081264052664367
1730781447.510442;/app/bags/user95_2017-02-24.bag;0.834065854549408;0.0;0.9619645476341248;0.0;0.667477245503997;0.5991873594733563;0.40081264052664367
1730781447.710356;/app/bags/user95_2017-02-24.bag;0.834065854549408;0.0;0.9619645476341248;0.0;0.667477245503997;0.5991873594733563;0.40081264052664367
1730781447.9103427;/app/bags/user95_2017-02-24.bag;0.834065854549408;0.0;0.9619645476341248;0.0;0.667477245503997;0.5991873594733563;0.40081264052664367
1730781448.110456;/app/bags/user95_2017-02-24.bag;0.834065854549408;0.0;0.9619645476341248;0.0;0.667477245503997;0.5991873594733563;0.40081264052664367
1730781448.3104126;/app/bags/user95_2017-02-24.bag;0.834065854549408;0.0;0.9619645476341248;0.0;0.667477245503997;0.5991873594733563;0.40081264052664367
1730781448.5103943;/app/bags/user95_2017-02-24.bag;0.834065854549408;0.0;0.9619645476341248;0.0;0.667477245503997;0.5991873594733563;0.40081264052664367
1730781448.7103896;/app/bags/user95_2017-02-24.bag;0.834065854549408;0.0;0.9619645476341248;0.0;0.667477245503997;0.5991873594733563;0.40081264052664367
1730781448.9104106;/app/bags/user95_2017-02-24.bag;0.834065854549408;0.0;0.9619645476341248;0.0;0.667477245503997;0.5991873594733563;0.40081264052664367
1730781449.1104305;/app/bags/user95_2017-02-24.bag;0.834065854549408;0.0;0.9619645476341248;0.0;0.667477245503997;0.5991873594733563;0.40081264052664367
1730781449.310511;/app/bags/user95_2017-02-24.bag;0.834065854549408;0.0;0.9619645476341248;0.0;0.667477245503997;0.5991873594733563;0.40081264052664367
1730781449.510432;/app/bags/user95_2017-02-24.bag;0.834065854549408;0.0;0.9619645476341248;0.0;0.667477245503997;0.5991873594733563;0.40081264052664367
1730781449.7103932;/app/bags/user95_2017-02-24.bag;0.834065854549408;0.0;0.9619645476341248;0.0;0.667477245503997;0.5991873594733563;0.40081264052664367
1730781449.910445;/app/bags/user95_2017-02-24.bag;0.834065854549408;0.0;0.9619645476341248;0.0;0.667477245503997;0.5991873594733563;0.40081264052664367
1730781450.110392;/app/bags/user95_2017-02-24.bag;0.834065854549408;0.0;0.9619645476341248;0.0;0.667477245503997;0.5991873594733563;0.40081264052664367
1730781450.3103833;/app/bags/user95_2017-02-24.bag;0.834065854549408;0.0;0.9619645476341248;0.0;0.667477245503997;0.5991873594733563;0.40081264052664367
1730781450.5103571;/app/bags/user95_2017-02-24.bag;0.834065854549408;0.0;0.9619645476341248;0.0;0.667477245503997;0.5991873594733563;0.40081264052664367
1730781450.710368;/app/bags/user95_2017-02-24.bag;0.834065854549408;0.0;0.9619645476341248;0.0;0.667477245503997;0.5991873594733563;0.40081264052664367
1730781450.9103987;/app/bags/user95_2017-02-24.bag;0.834065854549408;0.0;0.9619645476341248;0.0;0.667477245503997;0.5991873594733563;0.40081264052664367
1730781451.1104512;/app/bags/user95_2017-02-24.bag;0.834065854549408;0.0;0.9619645476341248;0.0;0.667477245503997;0.5991873594733563;0.40081264052664367
1730781451.3104155;/app/bags/user95_2017-02-24.bag;0.834065854549408;0.0;0.9619645476341248;0.0;0.667477245503997;0.5991873594733563;0.40081264052664367
1730781451.5104394;/app/bags/user95_2017-02-24.bag;0.834065854549408;0.0;0.9619645476341248;0.0;0.667477245503997;0.5991873594733563;0.40081264052664367
1730781451.7103832;/app/bags/user95_2017-02-24.bag;0.834065854549408;0.0;0.9619645476341248;0.0;0.667477245503997;0.5991873594733563;0.40081264052664367
1730781451.9104288;/app/bags/user95_2017-02-24.bag;0.834065854549408;0.0;0.9619645476341248;0.0;0.667477245503997;0.5991873594733563;0.40081264052664367
1730781452.1103847;/app/bags/user95_2017-02-24.bag;0.834065854549408;0.0;0.9619645476341248;0.0;0.667477245503997;0.5991873594733563;0.40081264052664367
1730781452.3104143;/app/bags/user95_2017-02-24.bag;0.834065854549408;0.0;0.9619645476341248;0.0;0.667477245503997;0.5991873594733563;0.40081264052664367
1730781452.5103967;/app/bags/user95_2017-02-24.bag;0.834065854549408;0.0;0.9619645476341248;0.0;0.667477245503997;0.5991873594733563;0.40081264052664367
1730781452.710395;/app/bags/user95_2017-02-24.bag;0.834065854549408;0.0;0.9619645476341248;0.0;0.667477245503997;0.5991873594733563;0.40081264052664367
1730781452.91039;/app/bags/user95_2017-02-24.bag;0.834065854549408;0.0;0.9619645476341248;0.0;0.667477245503997;0.5991873594733563;0.40081264052664367
1730781453.1104188;/app/bags/user95_2017-02-24.bag;0.834065854549408;0.0;0.9619645476341248;0.0;0.667477245503997;0.5991873594733563;0.40081264052664367
1730781453.3103828;/app/bags/user95_2017-02-24.bag;0.834065854549408;0.0;0.9619645476341248;0.0;0.667477245503997;0.5991873594733563;0.40081264052664367
1730781453.5103564;/app/bags/user95_2017-02-24.bag;0.834065854549408;0.0;0.9619645476341248;0.0;0.667477245503997;0.5991873594733563;0.40081264052664367
1730781453.7103622;/app/bags/user95_2017-02-24.bag;0.834065854549408;0.0;0.9619645476341248;0.0;0.667477245503997;0.5991873594733563;0.40081264052664367
1730781453.9103656;/app/bags/user95_2017-02-24.bag;0.834065854549408;0.0;0.9619645476341248;0.0;0.667477245503997;0.5991873594733563;0.40081264052664367
1730781454.1103876;/app/bags/user95_2017-02-24.bag;0.834065854549408;0.0;0.9619645476341248;0.0;0.667477245503997;0.5991873594733563;0.40081264052664367
1730781454.310378;/app/bags/user95_2017-02-24.bag;0.834065854549408;0.0;0.9619645476341248;0.0;0.667477245503997;0.5991873594733563;0.40081264052664367
1730781454.5103896;/app/bags/user95_2017-02-24.bag;0.834065854549408;0.0;0.9619645476341248;0.0;0.667477245503997;0.5991873594733563;0.40081264052664367
1730781454.7103918;/app/bags/user95_2017-02-24.bag;0.834065854549408;0.0;0.9619645476341248;0.0;0.667477245503997;0.5991873594733563;0.40081264052664367
1730781454.9103837;/app/bags/user95_2017-02-24.bag;0.834065854549408;0.0;0.9619645476341248;0.0;0.667477245503997;0.5991873594733563;0.40081264052664367
1730781455.1104136;/app/bags/user95_2017-02-24.bag;0.834065854549408;0.0;0.9619645476341248;0.0;0.667477245503997;0.5991873594733563;0.40081264052664367
1730781455.3103795;/app/bags/user95_2017-02-24.bag;0.834065854549408;0.0;0.9619645476341248;0.0;0.667477245503997;0.5991873594733563;0.40081264052664367
1730781455.5104065;/app/bags/user95_2017-02-24.bag;0.834065854549408;0.0;0.9619645476341248;0.0;0.667477245503997;0.5991873594733563;0.40081264052664367
1730781455.7103987;/app/bags/user95_2017-02-24.bag;0.834065854549408;0.0;0.9619645476341248;0.0;0.667477245503997;0.5991873594733563;0.40081264052664367
1730781455.9103198;/app/bags/user95_2017-02-24.bag;0.834065854549408;0.0;0.9619645476341248;0.0;0.667477245503997;0.5991873594733563;0.40081264052664367
1730781456.1104195;/app/bags/user95_2017-02-24.bag;0.834065854549408;0.0;0.9619645476341248;0.0;0.667477245503997;0.5991873594733563;0.40081264052664367
1730781456.3103797;/app/bags/user95_2017-02-24.bag;0.834065854549408;0.0;0.9619645476341248;0.0;0.667477245503997;0.5991873594733563;0.40081264052664367
1730781456.5104;/app/bags/user95_2017-02-24.bag;0.834065854549408;0.0;0.9619645476341248;0.0;0.667477245503997;0.5991873594733563;0.40081264052664367
1730781456.7104173;/app/bags/user95_2017-02-24.bag;0.834065854549408;0.0;0.9619645476341248;0.0;0.667477245503997;0.5991873594733563;0.40081264052664367
1730781456.9103513;/app/bags/user95_2017-02-24.bag;0.834065854549408;0.0;0.9619645476341248;0.0;0.667477245503997;0.5991873594733563;0.40081264052664367
1730781457.110369;/app/bags/user95_2017-02-24.bag;0.834065854549408;0.0;0.9619645476341248;0.0;0.667477245503997;0.5991873594733563;0.40081264052664367
1730781457.310386;/app/bags/user95_2017-02-24.bag;0.834065854549408;0.0;0.9619645476341248;0.0;0.667477245503997;0.5991873594733563;0.40081264052664367
1730781457.5104423;/app/bags/user95_2017-02-24.bag;0.834065854549408;0.0;0.9619645476341248;0.0;0.667477245503997;0.5991873594733563;0.40081264052664367
1730781457.7103713;/app/bags/user95_2017-02-24.bag;0.834065854549408;0.0;0.9619645476341248;0.0;0.667477245503997;0.5991873594733563;0.40081264052664367
1730781457.9104137;/app/bags/user95_2017-02-24.bag;0.834065854549408;0.0;0.9619645476341248;0.0;0.667477245503997;0.5991873594733563;0.40081264052664367
1730781458.110416;/app/bags/user95_2017-02-24.bag;0.834065854549408;0.0;0.9619645476341248;0.0;0.667477245503997;0.5991873594733563;0.40081264052664367
1730781458.3104362;/app/bags/user95_2017-02-24.bag;0.834065854549408;0.0;0.9619645476341248;0.0;0.667477245503997;0.5991873594733563;0.40081264052664367
1730781458.5104365;/app/bags/user95_2017-02-24.bag;0.834065854549408;0.0;0.9619645476341248;0.0;0.667477245503997;0.5991873594733563;0.40081264052664367
1730781458.7103834;/app/bags/user95_2017-02-24.bag;0.834065854549408;0.0;0.9619645476341248;0.0;0.667477245503997;0.5991873594733563;0.40081264052664367
1730781458.9103854;/app/bags/user95_2017-02-24.bag;0.834065854549408;0.0;0.9619645476341248;0.0;0.667477245503997;0.5991873594733563;0.40081264052664367
1730781459.1103876;/app/bags/user95_2017-02-24.bag;0.834065854549408;0.0;0.9619645476341248;0.0;0.667477245503997;0.5991873594733563;0.40081264052664367
1730781459.3104033;/app/bags/user95_2017-02-24.bag;0.834065854549408;0.0;0.9619645476341248;0.0;0.667477245503997;0.5991873594733563;0.40081264052664367
1730781459.510448;/app/bags/user95_2017-02-24.bag;0.834065854549408;0.0;0.9619645476341248;0.0;0.667477245503997;0.5991873594733563;0.40081264052664367
1730781459.7103944;/app/bags/user95_2017-02-24.bag;0.834065854549408;0.0;0.9619645476341248;0.0;0.667477245503997;0.5991873594733563;0.40081264052664367
1730781459.9104767;/app/bags/user95_2017-02-24.bag;0.834065854549408;0.0;0.9619645476341248;0.0;0.667477245503997;0.5991873594733563;0.40081264052664367
1730781460.1103966;/app/bags/user95_2017-02-24.bag;0.834065854549408;0.0;0.9619645476341248;0.0;0.667477245503997;0.5991873594733563;0.40081264052664367
1730781460.3103852;/app/bags/user95_2017-02-24.bag;0.834065854549408;0.0;0.9619645476341248;0.0;0.667477245503997;0.5991873594733563;0.40081264052664367
1730781460.5104878;/app/bags/user95_2017-02-24.bag;0.834065854549408;0.0;0.9619645476341248;0.0;0.667477245503997;0.5991873594733563;0.40081264052664367
1730781460.7103925;/app/bags/user95_2017-02-24.bag;0.834065854549408;0.0;0.9619645476341248;0.0;0.667477245503997;0.5991873594733563;0.40081264052664367
1730781460.9104173;/app/bags/user95_2017-02-24.bag;0.834065854549408;0.0;0.9619645476341248;0.0;0.667477245503997;0.5991873594733563;0.40081264052664367
1730781461.1103878;/app/bags/user95_2017-02-24.bag;0.834065854549408;0.0;0.9619645476341248;0.0;0.667477245503997;0.5991873594733563;0.40081264052664367
1730781461.3104527;/app/bags/user95_2017-02-24.bag;0.834065854549408;0.0;0.9619645476341248;0.0;0.667477245503997;0.5991873594733563;0.40081264052664367
1730781461.5104122;/app/bags/user95_2017-02-24.bag;0.834065854549408;0.0;0.9619645476341248;0.0;0.667477245503997;0.5991873594733563;0.40081264052664367
1730781461.7103648;/app/bags/user95_2017-02-24.bag;0.834065854549408;0.0;0.9619645476341248;0.0;0.667477245503997;0.5991873594733563;0.40081264052664367
1730781461.9103503;/app/bags/user95_2017-02-24.bag;0.834065854549408;0.0;0.9619645476341248;0.0;0.667477245503997;0.5991873594733563;0.40081264052664367
1730781462.110431;/app/bags/user95_2017-02-24.bag;0.834065854549408;0.0;0.9619645476341248;0.0;0.667477245503997;0.5991873594733563;0.40081264052664367
1730781462.3103805;/app/bags/user95_2017-02-24.bag;0.834065854549408;0.0;0.9619645476341248;0.0;0.667477245503997;0.5991873594733563;0.40081264052664367
1730781462.5103884;/app/bags/user95_2017-02-24.bag;0.834065854549408;0.0;0.9619645476341248;0.0;0.667477245503997;0.5991873594733563;0.40081264052664367
1730781462.7104251;/app/bags/user95_2017-02-24.bag;0.834065854549408;0.0;0.9619645476341248;0.0;0.667477245503997;0.5991873594733563;0.40081264052664367
1730781462.9103968;/app/bags/user95_2017-02-24.bag;0.834065854549408;0.0;0.9619645476341248;0.0;0.667477245503997;0.5991873594733563;0.40081264052664367
1730781463.1103933;/app/bags/user95_2017-02-24.bag;0.834065854549408;0.0;0.9619645476341248;0.0;0.667477245503997;0.5991873594733563;0.40081264052664367
1730781463.310384;/app/bags/user95_2017-02-24.bag;0.834065854549408;0.0;0.9619645476341248;0.0;0.667477245503997;0.5991873594733563;0.40081264052664367
1730781463.510412;/app/bags/user95_2017-02-24.bag;0.834065854549408;0.0;0.9619645476341248;0.0;0.667477245503997;0.5991873594733563;0.40081264052664367
1730781463.7103925;/app/bags/user95_2017-02-24.bag;0.834065854549408;0.0;0.9619645476341248;0.0;0.667477245503997;0.5991873594733563;0.40081264052664367
1730781463.9103982;/app/bags/user95_2017-02-24.bag;0.834065854549408;0.0;0.9619645476341248;0.0;0.667477245503997;0.5991873594733563;0.40081264052664367
1730781464.1103933;/app/bags/user95_2017-02-24.bag;0.834065854549408;0.0;0.9619645476341248;0.0;0.667477245503997;0.5991873594733563;0.40081264052664367
1730781464.3104136;/app/bags/user95_2017-02-24.bag;0.834065854549408;0.0;0.9619645476341248;0.0;0.667477245503997;0.5991873594733563;0.40081264052664367
1730781464.5104141;/app/bags/user95_2017-02-24.bag;0.834065854549408;0.0;0.9619645476341248;0.0;0.667477245503997;0.5991873594733563;0.40081264052664367
1730781464.7103958;/app/bags/user95_2017-02-24.bag;0.834065854549408;0.0;0.9619645476341248;0.0;0.667477245503997;0.5991873594733563;0.40081264052664367
1730781464.910499;/app/bags/user95_2017-02-24.bag;0.834065854549408;0.0;0.9619645476341248;0.0;0.667477245503997;0.5991873594733563;0.40081264052664367
1730781465.1103754;/app/bags/user95_2017-02-24.bag;0.834065854549408;0.0;0.9619645476341248;0.0;0.667477245503997;0.5991873594733563;0.40081264052664367
1730781465.3103545;/app/bags/user95_2017-02-24.bag;0.834065854549408;0.0;0.9619645476341248;0.0;0.667477245503997;0.5991873594733563;0.40081264052664367
1730781465.5104237;/app/bags/user95_2017-02-24.bag;0.834065854549408;0.0;0.9619645476341248;0.0;0.667477245503997;0.5991873594733563;0.40081264052664367
1730781465.710351;/app/bags/user95_2017-02-24.bag;0.834065854549408;0.0;0.9619645476341248;0.0;0.667477245503997;0.5991873594733563;0.40081264052664367
1730781465.910378;/app/bags/user95_2017-02-24.bag;0.834065854549408;0.0;0.9619645476341248;0.0;0.667477245503997;0.5991873594733563;0.40081264052664367
1730781466.1104245;/app/bags/user95_2017-02-24.bag;0.834065854549408;0.0;0.9619645476341248;0.0;0.667477245503997;0.5991873594733563;0.40081264052664367
1730781466.3104272;/app/bags/user95_2017-02-24.bag;0.834065854549408;0.0;0.9619645476341248;0.0;0.667477245503997;0.5991873594733563;0.40081264052664367
1730781466.510372;/app/bags/user95_2017-02-24.bag;0.834065854549408;0.0;0.9619645476341248;0.0;0.667477245503997;0.5991873594733563;0.40081264052664367
1730781466.7103953;/app/bags/user95_2017-02-24.bag;0.834065854549408;0.0;0.9619645476341248;0.0;0.667477245503997;0.5991873594733563;0.40081264052664367
1730781466.9104264;/app/bags/user95_2017-02-24.bag;0.834065854549408;0.0;0.9619645476341248;0.0;0.667477245503997;0.5991873594733563;0.40081264052664367
1730781467.110402;/app/bags/user95_2017-02-24.bag;0.834065854549408;0.0;0.9619645476341248;0.0;0.667477245503997;0.5991873594733563;0.40081264052664367
1730781467.3103933;/app/bags/user95_2017-02-24.bag;0.834065854549408;0.0;0.9619645476341248;0.0;0.667477245503997;0.5991873594733563;0.40081264052664367
1730781467.5103629;/app/bags/user95_2017-02-24.bag;0.834065854549408;0.0;0.9619645476341248;0.0;0.667477245503997;0.5991873594733563;0.40081264052664367
1730781467.7104194;/app/bags/user95_2017-02-24.bag;0.834065854549408;0.0;0.9619645476341248;0.0;0.667477245503997;0.5991873594733563;0.40081264052664367
1730781467.9104304;/app/bags/user95_2017-02-24.bag;0.834065854549408;0.0;0.9619645476341248;0.0;0.667477245503997;0.5991873594733563;0.40081264052664367
1730781468.1105278;/app/bags/user95_2017-02-24.bag;0.834065854549408;0.0;0.9619645476341248;0.0;0.667477245503997;0.5991873594733563;0.40081264052664367
1730781468.310389;/app/bags/user95_2017-02-24.bag;0.834065854549408;0.0;0.9619645476341248;0.0;0.667477245503997;0.5991873594733563;0.40081264052664367
1730781468.5103848;/app/bags/user95_2017-02-24.bag;0.834065854549408;0.0;0.9619645476341248;0.0;0.667477245503997;0.5991873594733563;0.40081264052664367
1730781468.7103736;/app/bags/user95_2017-02-24.bag;0.834065854549408;0.0;0.9619645476341248;0.0;0.667477245503997;0.5991873594733563;0.40081264052664367
1730781468.9103887;/app/bags/user95_2017-02-24.bag;0.834065854549408;0.0;0.9619645476341248;0.0;0.667477245503997;0.5991873594733563;0.40081264052664367
1730781469.1103513;/app/bags/user95_2017-02-24.bag;0.834065854549408;0.0;0.9619645476341248;0.0;0.667477245503997;0.5991873594733563;0.40081264052664367
1730781469.310357;/app/bags/user95_2017-02-24.bag;0.834065854549408;0.0;0.9619645476341248;0.0;0.667477245503997;0.5991873594733563;0.40081264052664367
1730781469.510201;/app/bags/user95_2017-02-24.bag;0.834065854549408;0.0;0.9619645476341248;0.0;0.667477245503997;0.5991873594733563;0.40081264052664367
1730781469.7104247;/app/bags/user95_2017-02-24.bag;0.834065854549408;0.0;0.9619645476341248;0.0;0.667477245503997;0.5991873594733563;0.40081264052664367
1730781469.9103513;/app/bags/user95_2017-02-24.bag;0.834065854549408;0.0;0.9619645476341248;0.0;0.667477245503997;0.5991873594733563;0.40081264052664367
1730781470.1103802;/app/bags/user95_2017-02-24.bag;0.834065854549408;0.0;0.9619645476341248;0.0;0.667477245503997;0.5991873594733563;0.40081264052664367
1730781470.310432;/app/bags/user95_2017-02-24.bag;0.834065854549408;0.0;0.9619645476341248;0.0;0.667477245503997;0.5991873594733563;0.40081264052664367
1730781470.5103903;/app/bags/user95_2017-02-24.bag;0.834065854549408;0.0;0.9619645476341248;0.0;0.667477245503997;0.5991873594733563;0.40081264052664367
1730781470.7103782;/app/bags/user95_2017-02-24.bag;0.834065854549408;0.0;0.9619645476341248;0.0;0.667477245503997;0.5991873594733563;0.40081264052664367
1730781470.9104197;/app/bags/user95_2017-02-24.bag;0.834065854549408;0.0;0.9619645476341248;0.0;0.667477245503997;0.5991873594733563;0.40081264052664367
1730781471.110404;/app/bags/user95_2017-02-24.bag;0.834065854549408;0.0;0.9619645476341248;0.0;0.667477245503997;0.5991873594733563;0.40081264052664367
1730781471.310383;/app/bags/user95_2017-02-24.bag;0.834065854549408;0.0;0.9619645476341248;0.0;0.667477245503997;0.5991873594733563;0.40081264052664367
1730781471.510379;/app/bags/user95_2017-02-24.bag;0.834065854549408;0.0;0.9619645476341248;0.0;0.667477245503997;0.5991873594733563;0.40081264052664367
1730781471.7103972;/app/bags/user95_2017-02-24.bag;0.834065854549408;0.0;0.9619645476341248;0.0;0.667477245503997;0.5991873594733563;0.40081264052664367
1730781471.9103966;/app/bags/user95_2017-02-24.bag;0.834065854549408;0.0;0.9619645476341248;0.0;0.667477245503997;0.5991873594733563;0.40081264052664367
1730781472.1103842;/app/bags/user95_2017-02-24.bag;0.834065854549408;0.0;0.9619645476341248;0.0;0.667477245503997;0.5991873594733563;0.40081264052664367
1730781472.3104043;/app/bags/user95_2017-02-24.bag;0.834065854549408;0.0;0.9619645476341248;0.0;0.667477245503997;0.5991873594733563;0.40081264052664367
1730781472.5104089;/app/bags/user95_2017-02-24.bag;0.834065854549408;0.0;0.9619645476341248;0.0;0.667477245503997;0.5991873594733563;0.40081264052664367
1730781472.710396;/app/bags/user95_2017-02-24.bag;0.834065854549408;0.0;0.9619645476341248;0.0;0.667477245503997;0.5991873594733563;0.40081264052664367
1730781472.9103937;/app/bags/user95_2017-02-24.bag;0.834065854549408;0.0;0.9619645476341248;0.0;0.667477245503997;0.5991873594733563;0.40081264052664367
1730781473.1104045;/app/bags/user95_2017-02-24.bag;0.834065854549408;0.0;0.9619645476341248;0.0;0.667477245503997;0.5991873594733563;0.40081264052664367
1730781473.3105001;/app/bags/user95_2017-02-24.bag;0.834065854549408;0.0;0.9619645476341248;0.0;0.667477245503997;0.5991873594733563;0.40081264052664367
1730781473.5103714;/app/bags/user95_2017-02-24.bag;0.834065854549408;0.0;0.9619645476341248;0.0;0.667477245503997;0.5991873594733563;0.40081264052664367
1730781473.710628;/app/bags/user95_2017-02-24.bag;0.834065854549408;0.0;0.9619645476341248;0.0;0.667477245503997;0.5991873594733563;0.40081264052664367
1730781473.9103744;/app/bags/user95_2017-02-24.bag;0.834065854549408;0.0;0.9619645476341248;0.0;0.667477245503997;0.5991873594733563;0.40081264052664367
1730781474.1103454;/app/bags/user95_2017-02-24.bag;0.834065854549408;0.0;0.9619645476341248;0.0;0.667477245503997;0.5991873594733563;0.40081264052664367
1730781474.3104138;/app/bags/user95_2017-02-24.bag;0.834065854549408;0.0;0.9619645476341248;0.0;0.667477245503997;0.5991873594733563;0.40081264052664367
1730781474.5104015;/app/bags/user95_2017-02-24.bag;0.834065854549408;0.0;0.9619645476341248;0.0;0.667477245503997;0.5991873594733563;0.40081264052664367
1730781474.7103977;/app/bags/user95_2017-02-24.bag;0.834065854549408;0.0;0.9619645476341248;0.0;0.667477245503997;0.5991873594733563;0.40081264052664367
1730781474.9103954;/app/bags/user95_2017-02-24.bag;0.834065854549408;0.0;0.9619645476341248;0.0;0.667477245503997;0.5991873594733563;0.40081264052664367
1730781475.110389;/app/bags/user95_2017-02-24.bag;0.834065854549408;0.0;0.9619645476341248;0.0;0.667477245503997;0.5991873594733563;0.40081264052664367
1730781475.3104477;/app/bags/user95_2017-02-24.bag;0.834065854549408;0.0;0.9619645476341248;0.0;0.667477245503997;0.5991873594733563;0.40081264052664367
1730781475.5103533;/app/bags/user95_2017-02-24.bag;0.834065854549408;0.0;0.9619645476341248;0.0;0.667477245503997;0.5991873594733563;0.40081264052664367
1730781475.7103689;/app/bags/user95_2017-02-24.bag;0.834065854549408;0.0;0.9619645476341248;0.0;0.667477245503997;0.5991873594733563;0.40081264052664367
1730781475.9103785;/app/bags/user95_2017-02-24.bag;0.834065854549408;0.0;0.9619645476341248;0.0;0.667477245503997;0.5991873594733563;0.40081264052664367
1730781476.110358;/app/bags/user95_2017-02-24.bag;0.834065854549408;0.0;0.9619645476341248;0.0;0.667477245503997;0.5991873594733563;0.40081264052664367
1730781476.3103356;/app/bags/user95_2017-02-24.bag;0.834065854549408;0.0;0.9619645476341248;0.0;0.667477245503997;0.5991873594733563;0.40081264052664367
1730781476.5103676;/app/bags/user95_2017-02-24.bag;0.834065854549408;0.0;0.9619645476341248;0.0;0.667477245503997;0.5991873594733563;0.40081264052664367
1730781476.7103763;/app/bags/user95_2017-02-24.bag;0.834065854549408;0.0;0.9619645476341248;0.0;0.667477245503997;0.5991873594733563;0.40081264052664367
1730781476.9104276;/app/bags/user95_2017-02-24.bag;0.834065854549408;0.0;0.9619645476341248;0.0;0.667477245503997;0.5991873594733563;0.40081264052664367
1730781477.110369;/app/bags/user95_2017-02-24.bag;0.834065854549408;0.0;0.9619645476341248;0.0;0.667477245503997;0.5991873594733563;0.40081264052664367
1730781477.3104277;/app/bags/user95_2017-02-24.bag;0.834065854549408;0.0;0.9619645476341248;0.0;0.667477245503997;0.5991873594733563;0.40081264052664367
1730781477.5104072;/app/bags/user95_2017-02-24.bag;0.834065854549408;0.0;0.9619645476341248;0.0;0.667477245503997;0.5991873594733563;0.40081264052664367
1730781477.7103853;/app/bags/user95_2017-02-24.bag;0.834065854549408;0.0;0.9619645476341248;0.0;0.667477245503997;0.5991873594733563;0.40081264052664367
1730781477.910384;/app/bags/user95_2017-02-24.bag;0.834065854549408;0.0;0.9619645476341248;0.0;0.667477245503997;0.5991873594733563;0.40081264052664367
1730781478.1104062;/app/bags/user95_2017-02-24.bag;0.834065854549408;0.0;0.9619645476341248;0.0;0.667477245503997;0.5991873594733563;0.40081264052664367
1730781478.3103848;/app/bags/user95_2017-02-24.bag;0.834065854549408;0.0;0.9619645476341248;0.0;0.667477245503997;0.5991873594733563;0.40081264052664367
1730781478.5104067;/app/bags/user95_2017-02-24.bag;0.834065854549408;0.0;0.9619645476341248;0.0;0.667477245503997;0.5991873594733563;0.40081264052664367
1730781478.7103791;/app/bags/user95_2017-02-24.bag;0.834065854549408;0.0;0.9619645476341248;0.0;0.667477245503997;0.5991873594733563;0.40081264052664367
1730781478.9104624;/app/bags/user95_2017-02-24.bag;0.834065854549408;0.0;0.9619645476341248;0.0;0.667477245503997;0.5991873594733563;0.40081264052664367
1730781479.1105213;/app/bags/user95_2017-02-24.bag;0.834065854549408;0.0;0.9619645476341248;0.0;0.667477245503997;0.5991873594733563;0.40081264052664367
1730781479.3105228;/app/bags/user95_2017-02-24.bag;0.834065854549408;0.0;0.9619645476341248;0.0;0.667477245503997;0.5991873594733563;0.40081264052664367
1730781479.510407;/app/bags/user95_2017-02-24.bag;0.834065854549408;0.0;0.9619645476341248;0.0;0.667477245503997;0.5991873594733563;0.40081264052664367
1730781479.71052;/app/bags/user95_2017-02-24.bag;0.834065854549408;0.0;0.9619645476341248;0.0;0.667477245503997;0.5991873594733563;0.40081264052664367
1730781479.9104006;/app/bags/user95_2017-02-24.bag;0.834065854549408;0.0;0.9619645476341248;0.0;0.667477245503997;0.5991873594733563;0.40081264052664367
1730781480.110369;/app/bags/user95_2017-02-24.bag;0.834065854549408;0.0;0.9619645476341248;0.0;0.667477245503997;0.5991873594733563;0.40081264052664367
1730781480.3104293;/app/bags/user95_2017-02-24.bag;0.834065854549408;0.0;0.9619645476341248;0.0;0.667477245503997;0.5991873594733563;0.40081264052664367
1730781480.5104237;/app/bags/user95_2017-02-24.bag;0.834065854549408;0.0;0.9619645476341248;0.0;0.667477245503997;0.5991873594733563;0.40081264052664367
1730781480.7104073;/app/bags/user95_2017-02-24.bag;0.834065854549408;0.0;0.9619645476341248;0.0;0.667477245503997;0.5991873594733563;0.40081264052664367
1730781480.9103732;/app/bags/user95_2017-02-24.bag;0.834065854549408;0.0;0.9619645476341248;0.0;0.667477245503997;0.5991873594733563;0.40081264052664367
1730781481.1103864;/app/bags/user95_2017-02-24.bag;0.834065854549408;0.0;0.9619645476341248;0.0;0.667477245503997;0.5991873594733563;0.40081264052664367
1730781481.3104355;/app/bags/user95_2017-02-24.bag;0.834065854549408;0.0;0.9619645476341248;0.0;0.667477245503997;0.5991873594733563;0.40081264052664367
1730781481.510353;/app/bags/user95_2017-02-24.bag;0.834065854549408;0.0;0.9619645476341248;0.0;0.667477245503997;0.5991873594733563;0.40081264052664367
1730781481.7104337;/app/bags/user95_2017-02-24.bag;0.834065854549408;0.0;0.9619645476341248;0.0;0.667477245503997;0.5991873594733563;0.40081264052664367
1730781481.9103758;/app/bags/user95_2017-02-24.bag;0.834065854549408;0.0;0.9619645476341248;0.0;0.667477245503997;0.5991873594733563;0.40081264052664367
1730781482.1103861;/app/bags/user95_2017-02-24.bag;0.834065854549408;0.0;0.9619645476341248;0.0;0.667477245503997;0.5991873594733563;0.40081264052664367
1730781482.3103669;/app/bags/user95_2017-02-24.bag;0.834065854549408;0.0;0.9619645476341248;0.0;0.667477245503997;0.5991873594733563;0.40081264052664367
1730781482.5103612;/app/bags/user95_2017-02-24.bag;0.834065854549408;0.0;0.9619645476341248;0.0;0.667477245503997;0.5991873594733563;0.40081264052664367
1730781482.7103586;/app/bags/user95_2017-02-24.bag;0.834065854549408;0.0;0.9619645476341248;0.0;0.667477245503997;0.5991873594733563;0.40081264052664367
1730781482.9103844;/app/bags/user95_2017-02-24.bag;0.834065854549408;0.0;0.9619645476341248;0.0;0.667477245503997;0.5991873594733563;0.40081264052664367
1730781483.1104753;/app/bags/user95_2017-02-24.bag;0.834065854549408;0.0;0.9619645476341248;0.0;0.667477245503997;0.5991873594733563;0.40081264052664367
1730781483.310344;/app/bags/user95_2017-02-24.bag;0.834065854549408;0.0;0.9619645476341248;0.0;0.667477245503997;0.5991873594733563;0.40081264052664367
1730781483.5103426;/app/bags/user95_2017-02-24.bag;0.834065854549408;0.0;0.9619645476341248;0.0;0.667477245503997;0.5991873594733563;0.40081264052664367
1730781483.7104049;/app/bags/user95_2017-02-24.bag;0.834065854549408;0.0;0.9619645476341248;0.0;0.667477245503997;0.5991873594733563;0.40081264052664367
1730781483.910414;/app/bags/user95_2017-02-24.bag;0.834065854549408;0.0;0.9619645476341248;0.0;0.667477245503997;0.5991873594733563;0.40081264052664367
1730781484.1103861;/app/bags/user95_2017-02-24.bag;0.834065854549408;0.0;0.9619645476341248;0.0;0.667477245503997;0.5991873594733563;0.40081264052664367
1730781484.3103697;/app/bags/user95_2017-02-24.bag;0.834065854549408;0.0;0.9619645476341248;0.0;0.667477245503997;0.5991873594733563;0.40081264052664367
1730781484.5104132;/app/bags/user95_2017-02-24.bag;0.834065854549408;0.0;0.9619645476341248;0.0;0.667477245503997;0.5991873594733563;0.40081264052664367
1730781484.7104077;/app/bags/user95_2017-02-24.bag;0.834065854549408;0.0;0.9619645476341248;0.0;0.667477245503997;0.5991873594733563;0.40081264052664367
1730781484.910334;/app/bags/user95_2017-02-24.bag;0.834065854549408;0.0;0.9619645476341248;0.0;0.667477245503997;0.5991873594733563;0.40081264052664367
1730781485.1104894;/app/bags/user95_2017-02-24.bag;0.834065854549408;0.0;0.9619645476341248;0.0;0.667477245503997;0.5991873594733563;0.40081264052664367
1730781485.310403;/app/bags/user95_2017-02-24.bag;0.834065854549408;0.0;0.9619645476341248;0.0;0.667477245503997;0.5991873594733563;0.40081264052664367
1730781485.51041;/app/bags/user95_2017-02-24.bag;0.834065854549408;0.0;0.9619645476341248;0.0;0.667477245503997;0.5991873594733563;0.40081264052664367
1730781485.7103763;/app/bags/user95_2017-02-24.bag;0.834065854549408;0.0;0.9619645476341248;0.0;0.667477245503997;0.5991873594733563;0.40081264052664367
1730781485.910381;/app/bags/user95_2017-02-24.bag;0.834065854549408;0.0;0.9619645476341248;0.0;0.667477245503997;0.5991873594733563;0.40081264052664367
1730781486.1104026;/app/bags/user95_2017-02-24.bag;0.834065854549408;0.0;0.9619645476341248;0.0;0.667477245503997;0.5991873594733563;0.40081264052664367
1730781486.3104384;/app/bags/user95_2017-02-24.bag;0.834065854549408;0.0;0.9619645476341248;0.0;0.667477245503997;0.5991873594733563;0.40081264052664367
1730781486.5104575;/app/bags/user95_2017-02-24.bag;0.834065854549408;0.0;0.9619645476341248;0.0;0.667477245503997;0.5991873594733563;0.40081264052664367
1730781486.7103517;/app/bags/user95_2017-02-24.bag;0.834065854549408;0.0;0.9619645476341248;0.0;0.667477245503997;0.5991873594733563;0.40081264052664367
1730781486.9103794;/app/bags/user95_2017-02-24.bag;0.834065854549408;0.0;0.9619645476341248;0.0;0.667477245503997;0.5991873594733563;0.40081264052664367
1730781487.110417;/app/bags/user95_2017-02-24.bag;0.834065854549408;0.0;0.9619645476341248;0.0;0.667477245503997;0.5991873594733563;0.40081264052664367
1730781487.310358;/app/bags/user95_2017-02-24.bag;0.834065854549408;0.0;0.9619645476341248;0.0;0.667477245503997;0.5991873594733563;0.40081264052664367
1730781487.5104287;/app/bags/user95_2017-02-24.bag;0.834065854549408;0.0;0.9619645476341248;0.0;0.667477245503997;0.5991873594733563;0.40081264052664367
1730781487.7103732;/app/bags/user95_2017-02-24.bag;0.834065854549408;0.0;0.9619645476341248;0.0;0.667477245503997;0.5991873594733563;0.40081264052664367
1730781487.9103487;/app/bags/user95_2017-02-24.bag;0.834065854549408;0.0;0.9619645476341248;0.0;0.667477245503997;0.5991873594733563;0.40081264052664367
1730781488.1104066;/app/bags/user95_2017-02-24.bag;0.834065854549408;0.0;0.9619645476341248;0.0;0.667477245503997;0.5991873594733563;0.40081264052664367
1730781488.3103714;/app/bags/user95_2017-02-24.bag;0.834065854549408;0.0;0.9619645476341248;0.0;0.667477245503997;0.5991873594733563;0.40081264052664367
1730781488.5103843;/app/bags/user95_2017-02-24.bag;0.834065854549408;0.0;0.9619645476341248;0.0;0.667477245503997;0.5991873594733563;0.40081264052664367
1730781488.7103975;/app/bags/user95_2017-02-24.bag;0.834065854549408;0.0;0.9619645476341248;0.0;0.667477245503997;0.5991873594733563;0.40081264052664367
1730781488.9103782;/app/bags/user95_2017-02-24.bag;0.834065854549408;0.0;0.9619645476341248;0.0;0.667477245503997;0.5991873594733563;0.40081264052664367
1730781489.110389;/app/bags/user95_2017-02-24.bag;0.834065854549408;0.0;0.9619645476341248;0.0;0.667477245503997;0.5991873594733563;0.40081264052664367
1730781489.3103688;/app/bags/user95_2017-02-24.bag;0.834065854549408;0.0;0.9619645476341248;0.0;0.667477245503997;0.5991873594733563;0.40081264052664367
1730781489.5103974;/app/bags/user95_2017-02-24.bag;0.834065854549408;0.0;0.9619645476341248;0.0;0.667477245503997;0.5991873594733563;0.40081264052664367
1730781489.7104495;/app/bags/user95_2017-02-24.bag;0.834065854549408;0.0;0.9619645476341248;0.0;0.667477245503997;0.5991873594733563;0.40081264052664367
1730781489.910385;/app/bags/user95_2017-02-24.bag;0.834065854549408;0.0;0.9619645476341248;0.0;0.667477245503997;0.5991873594733563;0.40081264052664367
1730781490.1103988;/app/bags/user95_2017-02-24.bag;0.834065854549408;0.0;0.9619645476341248;0.0;0.667477245503997;0.5991873594733563;0.40081264052664367
1730781490.3103678;/app/bags/user95_2017-02-24.bag;0.834065854549408;0.0;0.9619645476341248;0.0;0.667477245503997;0.5991873594733563;0.40081264052664367
1730781490.510353;/app/bags/user95_2017-02-24.bag;0.834065854549408;0.0;0.9619645476341248;0.0;0.667477245503997;0.5991873594733563;0.40081264052664367
1730781490.7103848;/app/bags/user95_2017-02-24.bag;0.834065854549408;0.0;0.9619645476341248;0.0;0.667477245503997;0.5991873594733563;0.40081264052664367
1730781490.9103754;/app/bags/user95_2017-02-24.bag;0.834065854549408;0.0;0.9619645476341248;0.0;0.667477245503997;0.5991873594733563;0.40081264052664367
1730781491.1103985;/app/bags/user95_2017-02-24.bag;0.834065854549408;0.0;0.9619645476341248;0.0;0.667477245503997;0.5991873594733563;0.40081264052664367
1730781491.310373;/app/bags/user95_2017-02-24.bag;0.834065854549408;0.0;0.9619645476341248;0.0;0.667477245503997;0.5991873594733563;0.40081264052664367
1730781491.5103786;/app/bags/user95_2017-02-24.bag;0.834065854549408;0.0;0.9619645476341248;0.0;0.667477245503997;0.5991873594733563;0.40081264052664367
1730781491.710354;/app/bags/user95_2017-02-24.bag;0.834065854549408;0.0;0.9619645476341248;0.0;0.667477245503997;0.5991873594733563;0.40081264052664367
1730781491.910396;/app/bags/user95_2017-02-24.bag;0.834065854549408;0.0;0.9619645476341248;0.0;0.667477245503997;0.5991873594733563;0.40081264052664367
1730781492.1104674;/app/bags/user95_2017-02-24.bag;0.834065854549408;0.0;0.9619645476341248;0.0;0.667477245503997;0.5991873594733563;0.40081264052664367
1730781492.3104303;/app/bags/user95_2017-02-24.bag;0.834065854549408;0.0;0.9619645476341248;0.0;0.667477245503997;0.5991873594733563;0.40081264052664367
1730781492.5104208;/app/bags/user95_2017-02-24.bag;0.834065854549408;0.0;0.9619645476341248;0.0;0.667477245503997;0.5991873594733563;0.40081264052664367
1730781492.7104323;/app/bags/user95_2017-02-24.bag;0.834065854549408;0.0;0.9619645476341248;0.0;0.667477245503997;0.5991873594733563;0.40081264052664367
1730781492.9103885;/app/bags/user95_2017-02-24.bag;0.834065854549408;0.0;0.9619645476341248;0.0;0.667477245503997;0.5991873594733563;0.40081264052664367
1730781493.110394;/app/bags/user95_2017-02-24.bag;0.834065854549408;0.0;0.9619645476341248;0.0;0.667477245503997;0.5991873594733563;0.40081264052664367
1730781493.3103604;/app/bags/user95_2017-02-24.bag;0.834065854549408;0.0;0.9619645476341248;0.0;0.667477245503997;0.5991873594733563;0.40081264052664367
1730781493.5103948;/app/bags/user95_2017-02-24.bag;0.834065854549408;0.0;0.9619645476341248;0.0;0.667477245503997;0.5991873594733563;0.40081264052664367
1730781493.710363;/app/bags/user95_2017-02-24.bag;0.834065854549408;0.0;0.9619645476341248;0.0;0.667477245503997;0.5991873594733563;0.40081264052664367
1730781493.9103703;/app/bags/user95_2017-02-24.bag;0.834065854549408;0.0;0.9619645476341248;0.0;0.667477245503997;0.5991873594733563;0.40081264052664367
1730781494.1103754;/app/bags/user95_2017-02-24.bag;0.834065854549408;0.0;0.9619645476341248;0.0;0.667477245503997;0.5991873594733563;0.40081264052664367
1730781494.310373;/app/bags/user95_2017-02-24.bag;0.834065854549408;0.0;0.9619645476341248;0.0;0.667477245503997;0.5991873594733563;0.40081264052664367
1730781494.510393;/app/bags/user95_2017-02-24.bag;0.834065854549408;0.0;0.9619645476341248;0.0;0.667477245503997;0.5991873594733563;0.40081264052664367
1730781494.7103877;/app/bags/user95_2017-02-24.bag;0.834065854549408;0.0;0.9619645476341248;0.0;0.667477245503997;0.5991873594733563;0.40081264052664367
1730781494.9104047;/app/bags/user95_2017-02-24.bag;0.834065854549408;0.0;0.9619645476341248;0.0;0.667477245503997;0.5991873594733563;0.40081264052664367
1730781495.110556;/app/bags/user95_2017-02-24.bag;0.834065854549408;0.0;0.9619645476341248;0.0;0.667477245503997;0.5991873594733563;0.40081264052664367
1730781495.310386;/app/bags/user95_2017-02-24.bag;0.834065854549408;0.0;0.9619645476341248;0.0;0.667477245503997;0.5991873594733563;0.40081264052664367
1730781495.5103743;/app/bags/user95_2017-02-24.bag;0.834065854549408;0.0;0.9619645476341248;0.0;0.667477245503997;0.5991873594733563;0.40081264052664367
1730781495.7103658;/app/bags/user95_2017-02-24.bag;0.834065854549408;0.0;0.9619645476341248;0.0;0.667477245503997;0.5991873594733563;0.40081264052664367
1730781495.9103706;/app/bags/user95_2017-02-24.bag;0.834065854549408;0.0;0.9619645476341248;0.0;0.667477245503997;0.5991873594733563;0.40081264052664367
1730781496.110435;/app/bags/user95_2017-02-24.bag;0.834065854549408;0.0;0.9619645476341248;0.0;0.667477245503997;0.5991873594733563;0.40081264052664367
1730781496.3104;/app/bags/user95_2017-02-24.bag;0.834065854549408;0.0;0.9619645476341248;0.0;0.667477245503997;0.5991873594733563;0.40081264052664367
1730781496.5103416;/app/bags/user95_2017-02-24.bag;0.834065854549408;0.0;0.9619645476341248;0.0;0.667477245503997;0.5991873594733563;0.40081264052664367
1730781496.7103822;/app/bags/user95_2017-02-24.bag;0.834065854549408;0.0;0.9619645476341248;0.0;0.667477245503997;0.5991873594733563;0.40081264052664367
1730781496.9103847;/app/bags/user95_2017-02-24.bag;0.834065854549408;0.0;0.9619645476341248;0.0;0.667477245503997;0.5991873594733563;0.40081264052664367
1730781497.1103776;/app/bags/user95_2017-02-24.bag;0.834065854549408;0.0;0.9619645476341248;0.0;0.667477245503997;0.5991873594733563;0.40081264052664367
1730781497.3104444;/app/bags/user95_2017-02-24.bag;0.834065854549408;0.0;0.9619645476341248;0.0;0.667477245503997;0.5991873594733563;0.40081264052664367
1730781497.5103037;/app/bags/user95_2017-02-24.bag;0.834065854549408;0.0;0.9619645476341248;0.0;0.667477245503997;0.5991873594733563;0.40081264052664367
1730781497.7104216;/app/bags/user95_2017-02-24.bag;0.834065854549408;0.0;0.9619645476341248;0.0;0.667477245503997;0.5991873594733563;0.40081264052664367
1730781497.9103634;/app/bags/user95_2017-02-24.bag;0.834065854549408;0.0;0.9619645476341248;0.0;0.667477245503997;0.5991873594733563;0.40081264052664367
1730781498.1104124;/app/bags/user95_2017-02-24.bag;0.834065854549408;0.0;0.9619645476341248;0.0;0.667477245503997;0.5991873594733563;0.40081264052664367
1730781498.310443;/app/bags/user95_2017-02-24.bag;0.834065854549408;0.0;0.9619645476341248;0.0;0.667477245503997;0.5991873594733563;0.40081264052664367
1730781498.5103917;/app/bags/user95_2017-02-24.bag;0.834065854549408;0.0;0.9619645476341248;0.0;0.667477245503997;0.5991873594733563;0.40081264052664367
1730781498.7104175;/app/bags/user95_2017-02-24.bag;0.834065854549408;0.0;0.9619645476341248;0.0;0.667477245503997;0.5991873594733563;0.40081264052664367
1730781498.910357;/app/bags/user95_2017-02-24.bag;0.834065854549408;0.0;0.9619645476341248;0.0;0.667477245503997;0.5991873594733563;0.40081264052664367
1730781499.110384;/app/bags/user95_2017-02-24.bag;0.834065854549408;0.0;0.9619645476341248;0.0;0.667477245503997;0.5991873594733563;0.40081264052664367
1730781499.3105288;/app/bags/user95_2017-02-24.bag;0.834065854549408;0.0;0.9619645476341248;0.0;0.667477245503997;0.5991873594733563;0.40081264052664367
1730781499.5103858;/app/bags/user95_2017-02-24.bag;0.834065854549408;0.0;0.9619645476341248;0.0;0.667477245503997;0.5991873594733563;0.40081264052664367
1730781499.7104342;/app/bags/user95_2017-02-24.bag;0.834065854549408;0.0;0.9619645476341248;0.0;0.667477245503997;0.5991873594733563;0.40081264052664367
1730781499.9103954;/app/bags/user95_2017-02-24.bag;0.834065854549408;0.0;0.9619645476341248;0.0;0.667477245503997;0.5991873594733563;0.40081264052664367
1730781500.1103733;/app/bags/user95_2017-02-24.bag;0.834065854549408;0.0;0.9619645476341248;0.0;0.667477245503997;0.5991873594733563;0.40081264052664367
1730781500.3103588;/app/bags/user95_2017-02-24.bag;0.834065854549408;0.0;0.9619645476341248;0.0;0.667477245503997;0.5991873594733563;0.40081264052664367
1730781500.5105376;/app/bags/user95_2017-02-24.bag;0.834065854549408;0.0;0.9619645476341248;0.0;0.667477245503997;0.5991873594733563;0.40081264052664367
1730781500.7104132;/app/bags/user95_2017-02-24.bag;0.834065854549408;0.0;0.9619645476341248;0.0;0.667477245503997;0.5991873594733563;0.40081264052664367
1730781500.910373;/app/bags/user95_2017-02-24.bag;0.834065854549408;0.0;0.9619645476341248;0.0;0.667477245503997;0.5991873594733563;0.40081264052664367
1730781501.1104188;/app/bags/user95_2017-02-24.bag;0.834065854549408;0.0;0.9619645476341248;0.0;0.667477245503997;0.5991873594733563;0.40081264052664367
1730781501.3103683;/app/bags/user95_2017-02-24.bag;0.834065854549408;0.0;0.9619645476341248;0.0;0.667477245503997;0.5991873594733563;0.40081264052664367
1730781501.5103858;/app/bags/user95_2017-02-24.bag;0.834065854549408;0.0;0.9619645476341248;0.0;0.667477245503997;0.5991873594733563;0.40081264052664367
1730781501.710441;/app/bags/user95_2017-02-24.bag;0.834065854549408;0.0;0.9619645476341248;0.0;0.667477245503997;0.5991873594733563;0.40081264052664367
1730781501.910383;/app/bags/user95_2017-02-24.bag;0.834065854549408;0.0;0.9619645476341248;0.0;0.667477245503997;0.5991873594733563;0.40081264052664367
1730781502.1103961;/app/bags/user95_2017-02-24.bag;0.834065854549408;0.0;0.9619645476341248;0.0;0.667477245503997;0.5991873594733563;0.40081264052664367
1730781502.3103893;/app/bags/user95_2017-02-24.bag;0.834065854549408;0.0;0.9619645476341248;0.0;0.667477245503997;0.5991873594733563;0.40081264052664367
1730781502.5104854;/app/bags/user95_2017-02-24.bag;0.834065854549408;0.0;0.9619645476341248;0.0;0.667477245503997;0.5991873594733563;0.40081264052664367
1730781502.7104197;/app/bags/user95_2017-02-24.bag;0.834065854549408;0.0;0.9619645476341248;0.0;0.667477245503997;0.5991873594733563;0.40081264052664367
1730781502.9103706;/app/bags/user95_2017-02-24.bag;0.834065854549408;0.0;0.9619645476341248;0.0;0.667477245503997;0.5991873594733563;0.40081264052664367
1730781503.110386;/app/bags/user95_2017-02-24.bag;0.834065854549408;0.0;0.9619645476341248;0.0;0.667477245503997;0.5991873594733563;0.40081264052664367
1730781503.3103857;/app/bags/user95_2017-02-24.bag;0.834065854549408;0.0;0.9619645476341248;0.0;0.667477245503997;0.5991873594733563;0.40081264052664367
1730781503.5103981;/app/bags/user95_2017-02-24.bag;0.834065854549408;0.0;0.9619645476341248;0.0;0.667477245503997;0.5991873594733563;0.40081264052664367
1730781503.7104208;/app/bags/user95_2017-02-24.bag;0.834065854549408;0.0;0.9619645476341248;0.0;0.667477245503997;0.5991873594733563;0.40081264052664367
1730781503.910395;/app/bags/user95_2017-02-24.bag;0.834065854549408;0.0;0.9619645476341248;0.0;0.667477245503997;0.5991873594733563;0.40081264052664367
1730781504.1103723;/app/bags/user95_2017-02-24.bag;0.834065854549408;0.0;0.9619645476341248;0.0;0.667477245503997;0.5991873594733563;0.40081264052664367
1730781504.31039;/app/bags/user95_2017-02-24.bag;0.834065854549408;0.0;0.9619645476341248;0.0;0.667477245503997;0.5991873594733563;0.40081264052664367
1730781504.5103915;/app/bags/user95_2017-02-24.bag;0.834065854549408;0.0;0.9619645476341248;0.0;0.667477245503997;0.5991873594733563;0.40081264052664367
1730781504.710381;/app/bags/user95_2017-02-24.bag;0.834065854549408;0.0;0.9619645476341248;0.0;0.667477245503997;0.5991873594733563;0.40081264052664367
1730781504.9104168;/app/bags/user95_2017-02-24.bag;0.834065854549408;0.0;0.9619645476341248;0.0;0.667477245503997;0.5991873594733563;0.40081264052664367
1730781505.1103573;/app/bags/user95_2017-02-24.bag;0.834065854549408;0.0;0.9619645476341248;0.0;0.667477245503997;0.5991873594733563;0.40081264052664367
1730781505.3103771;/app/bags/user95_2017-02-24.bag;0.834065854549408;0.0;0.9619645476341248;0.0;0.667477245503997;0.5991873594733563;0.40081264052664367
1730781505.5104043;/app/bags/user95_2017-02-24.bag;0.834065854549408;0.0;0.9619645476341248;0.0;0.667477245503997;0.5991873594733563;0.40081264052664367
1730781505.7103872;/app/bags/user95_2017-02-24.bag;0.834065854549408;0.0;0.9619645476341248;0.0;0.667477245503997;0.5991873594733563;0.40081264052664367
1730781505.9104102;/app/bags/user95_2017-02-24.bag;0.834065854549408;0.0;0.9619645476341248;0.0;0.667477245503997;0.5991873594733563;0.40081264052664367
1730781506.110441;/app/bags/user95_2017-02-24.bag;0.834065854549408;0.0;0.9619645476341248;0.0;0.667477245503997;0.5991873594733563;0.40081264052664367
1730781506.31034;/app/bags/user95_2017-02-24.bag;0.834065854549408;0.0;0.9619645476341248;0.0;0.667477245503997;0.5991873594733563;0.40081264052664367
1730781506.5104125;/app/bags/user95_2017-02-24.bag;0.834065854549408;0.0;0.9619645476341248;0.0;0.667477245503997;0.5991873594733563;0.40081264052664367
1730781506.7103753;/app/bags/user95_2017-02-24.bag;0.834065854549408;0.0;0.9619645476341248;0.0;0.667477245503997;0.5991873594733563;0.40081264052664367
1730781506.9102116;/app/bags/user95_2017-02-24.bag;0.834065854549408;0.0;0.9619645476341248;0.0;0.667477245503997;0.5991873594733563;0.40081264052664367
1730781507.1103728;/app/bags/user95_2017-02-24.bag;0.834065854549408;0.0;0.9619645476341248;0.0;0.667477245503997;0.5991873594733563;0.40081264052664367
1730781507.3104212;/app/bags/user95_2017-02-24.bag;0.834065854549408;0.0;0.9619645476341248;0.0;0.667477245503997;0.5991873594733563;0.40081264052664367
1730781507.510398;/app/bags/user95_2017-02-24.bag;0.834065854549408;0.0;0.9619645476341248;0.0;0.667477245503997;0.5991873594733563;0.40081264052664367
1730781507.710399;/app/bags/user95_2017-02-24.bag;0.834065854549408;0.0;0.9619645476341248;0.0;0.667477245503997;0.5991873594733563;0.40081264052664367
1730781507.910387;/app/bags/user95_2017-02-24.bag;0.834065854549408;0.0;0.9619645476341248;0.0;0.667477245503997;0.5991873594733563;0.40081264052664367
1730781508.1103706;/app/bags/user95_2017-02-24.bag;0.834065854549408;0.0;0.9619645476341248;0.0;0.667477245503997;0.5991873594733563;0.40081264052664367
1730781508.310431;/app/bags/user95_2017-02-24.bag;0.834065854549408;0.0;0.9619645476341248;0.0;0.667477245503997;0.5991873594733563;0.40081264052664367
1730781508.510446;/app/bags/user95_2017-02-24.bag;0.834065854549408;0.0;0.9619645476341248;0.0;0.667477245503997;0.5991873594733563;0.40081264052664367
1730781508.710453;/app/bags/user95_2017-02-24.bag;0.834065854549408;0.0;0.9619645476341248;0.0;0.667477245503997;0.5991873594733563;0.40081264052664367
1730781508.910438;/app/bags/user95_2017-02-24.bag;0.834065854549408;0.0;0.9619645476341248;0.0;0.667477245503997;0.5991873594733563;0.40081264052664367
1730781509.1103632;/app/bags/user95_2017-02-24.bag;0.834065854549408;0.0;0.9619645476341248;0.0;0.667477245503997;0.5991873594733563;0.40081264052664367
1730781509.3105032;/app/bags/user95_2017-02-24.bag;0.834065854549408;0.0;0.9619645476341248;0.0;0.667477245503997;0.5991873594733563;0.40081264052664367
1730781509.5104046;/app/bags/user95_2017-02-24.bag;0.834065854549408;0.0;0.9619645476341248;0.0;0.667477245503997;0.5991873594733563;0.40081264052664367
1730781509.7104118;/app/bags/user95_2017-02-24.bag;0.834065854549408;0.0;0.9619645476341248;0.0;0.667477245503997;0.5991873594733563;0.40081264052664367
1730781509.910378;/app/bags/user95_2017-02-24.bag;0.834065854549408;0.0;0.9619645476341248;0.0;0.667477245503997;0.5991873594733563;0.40081264052664367
1730781510.1104474;/app/bags/user95_2017-02-24.bag;0.834065854549408;0.0;0.9619645476341248;0.0;0.667477245503997;0.5991873594733563;0.40081264052664367
1730781510.3103917;/app/bags/user95_2017-02-24.bag;0.834065854549408;0.0;0.9619645476341248;0.0;0.667477245503997;0.5991873594733563;0.40081264052664367
1730781510.5104032;/app/bags/user95_2017-02-24.bag;0.834065854549408;0.0;0.9619645476341248;0.0;0.667477245503997;0.5991873594733563;0.40081264052664367
1730781510.7104044;/app/bags/user95_2017-02-24.bag;0.834065854549408;0.0;0.9619645476341248;0.0;0.667477245503997;0.5991873594733563;0.40081264052664367
1730781510.9104056;/app/bags/user95_2017-02-24.bag;0.834065854549408;0.0;0.9619645476341248;0.0;0.667477245503997;0.5991873594733563;0.40081264052664367
1730781511.1103776;/app/bags/user95_2017-02-24.bag;0.834065854549408;0.0;0.9619645476341248;0.0;0.667477245503997;0.5991873594733563;0.40081264052664367
1730781511.310411;/app/bags/user95_2017-02-24.bag;0.834065854549408;0.0;0.9619645476341248;0.0;0.667477245503997;0.5991873594733563;0.40081264052664367
1730781511.5103884;/app/bags/user95_2017-02-24.bag;0.834065854549408;0.0;0.9619645476341248;0.0;0.667477245503997;0.5991873594733563;0.40081264052664367
1730781511.7103837;/app/bags/user95_2017-02-24.bag;0.834065854549408;0.0;0.9619645476341248;0.0;0.667477245503997;0.5991873594733563;0.40081264052664367
1730781511.9103794;/app/bags/user95_2017-02-24.bag;0.834065854549408;0.0;0.9619645476341248;0.0;0.667477245503997;0.5991873594733563;0.40081264052664367
1730781512.1103795;/app/bags/user95_2017-02-24.bag;0.834065854549408;0.0;0.9619645476341248;0.0;0.667477245503997;0.5991873594733563;0.40081264052664367
1730781512.3103976;/app/bags/user95_2017-02-24.bag;0.834065854549408;0.0;0.9619645476341248;0.0;0.667477245503997;0.5991873594733563;0.40081264052664367
1730781512.510383;/app/bags/user95_2017-02-24.bag;0.834065854549408;0.0;0.9619645476341248;0.0;0.667477245503997;0.5991873594733563;0.40081264052664367
1730781512.710396;/app/bags/user95_2017-02-24.bag;0.834065854549408;0.0;0.9619645476341248;0.0;0.667477245503997;0.5991873594733563;0.40081264052664367
1730781512.9103656;/app/bags/user95_2017-02-24.bag;0.834065854549408;0.0;0.9619645476341248;0.0;0.667477245503997;0.5991873594733563;0.40081264052664367
1730781513.1104412;/app/bags/user95_2017-02-24.bag;0.834065854549408;0.0;0.9619645476341248;0.0;0.667477245503997;0.5991873594733563;0.40081264052664367
1730781513.3103743;/app/bags/user95_2017-02-24.bag;0.834065854549408;0.0;0.9619645476341248;0.0;0.667477245503997;0.5991873594733563;0.40081264052664367
1730781513.5103855;/app/bags/user95_2017-02-24.bag;0.834065854549408;0.0;0.9619645476341248;0.0;0.667477245503997;0.5991873594733563;0.40081264052664367
1730781513.7103662;/app/bags/user95_2017-02-24.bag;0.834065854549408;0.0;0.9619645476341248;0.0;0.667477245503997;0.5991873594733563;0.40081264052664367
1730781513.9103904;/app/bags/user95_2017-02-24.bag;0.834065854549408;0.0;0.9619645476341248;0.0;0.667477245503997;0.5991873594733563;0.40081264052664367
1730781514.110385;/app/bags/user95_2017-02-24.bag;0.834065854549408;0.0;0.9619645476341248;0.0;0.667477245503997;0.5991873594733563;0.40081264052664367
1730781514.310387;/app/bags/user95_2017-02-24.bag;0.834065854549408;0.0;0.9619645476341248;0.0;0.667477245503997;0.5991873594733563;0.40081264052664367
1730781514.5103827;/app/bags/user95_2017-02-24.bag;0.834065854549408;0.0;0.9619645476341248;0.0;0.667477245503997;0.5991873594733563;0.40081264052664367
1730781514.710396;/app/bags/user95_2017-02-24.bag;0.834065854549408;0.0;0.9619645476341248;0.0;0.667477245503997;0.5991873594733563;0.40081264052664367
1730781514.9103837;/app/bags/user95_2017-02-24.bag;0.834065854549408;0.0;0.9619645476341248;0.0;0.667477245503997;0.5991873594733563;0.40081264052664367
1730781515.1104183;/app/bags/user95_2017-02-24.bag;0.834065854549408;0.0;0.9619645476341248;0.0;0.667477245503997;0.5991873594733563;0.40081264052664367
1730781515.3104625;/app/bags/user95_2017-02-24.bag;0.834065854549408;0.0;0.9619645476341248;0.0;0.667477245503997;0.5991873594733563;0.40081264052664367
1730781515.5103889;/app/bags/user95_2017-02-24.bag;0.834065854549408;0.0;0.9619645476341248;0.0;0.667477245503997;0.5991873594733563;0.40081264052664367
1730781515.7103992;/app/bags/user95_2017-02-24.bag;0.834065854549408;0.0;0.9619645476341248;0.0;0.667477245503997;0.5991873594733563;0.40081264052664367
1730781515.9104037;/app/bags/user95_2017-02-24.bag;0.834065854549408;0.0;0.9619645476341248;0.0;0.667477245503997;0.5991873594733563;0.40081264052664367
1730781516.110387;/app/bags/user95_2017-02-24.bag;0.834065854549408;0.0;0.9619645476341248;0.0;0.667477245503997;0.5991873594733563;0.40081264052664367
1730781516.3104153;/app/bags/user95_2017-02-24.bag;0.834065854549408;0.0;0.9619645476341248;0.0;0.667477245503997;0.5991873594733563;0.40081264052664367
1730781516.5104094;/app/bags/user95_2017-02-24.bag;0.834065854549408;0.0;0.9619645476341248;0.0;0.667477245503997;0.5991873594733563;0.40081264052664367
1730781516.7104552;/app/bags/user95_2017-02-24.bag;0.834065854549408;0.0;0.9619645476341248;0.0;0.667477245503997;0.5991873594733563;0.40081264052664367
1730781516.9103572;/app/bags/user95_2017-02-24.bag;0.834065854549408;0.0;0.9619645476341248;0.0;0.667477245503997;0.5991873594733563;0.40081264052664367
1730781517.1103797;/app/bags/user95_2017-02-24.bag;0.834065854549408;0.0;0.9619645476341248;0.0;0.667477245503997;0.5991873594733563;0.40081264052664367
1730781517.3103955;/app/bags/user95_2017-02-24.bag;0.834065854549408;0.0;0.9619645476341248;0.0;0.667477245503997;0.5991873594733563;0.40081264052664367
1730781517.510349;/app/bags/user95_2017-02-24.bag;0.834065854549408;0.0;0.9619645476341248;0.0;0.667477245503997;0.5991873594733563;0.40081264052664367
1730781517.7105718;/app/bags/user95_2017-02-24.bag;0.834065854549408;0.0;0.9619645476341248;0.0;0.667477245503997;0.5991873594733563;0.40081264052664367
1730781517.9104338;/app/bags/user95_2017-02-24.bag;0.834065854549408;0.0;0.9619645476341248;0.0;0.667477245503997;0.5991873594733563;0.40081264052664367
1730781518.110387;/app/bags/user95_2017-02-24.bag;0.834065854549408;0.0;0.9619645476341248;0.0;0.667477245503997;0.5991873594733563;0.40081264052664367
1730781518.310409;/app/bags/user95_2017-02-24.bag;0.834065854549408;0.0;0.9619645476341248;0.0;0.667477245503997;0.5991873594733563;0.40081264052664367
1730781518.51042;/app/bags/user95_2017-02-24.bag;0.834065854549408;0.0;0.9619645476341248;0.0;0.667477245503997;0.5991873594733563;0.40081264052664367
1730781518.710451;/app/bags/user95_2017-02-24.bag;0.834065854549408;0.0;0.9619645476341248;0.0;0.667477245503997;0.5991873594733563;0.40081264052664367
1730781518.910414;/app/bags/user95_2017-02-24.bag;0.834065854549408;0.0;0.9619645476341248;0.0;0.667477245503997;0.5991873594733563;0.40081264052664367
1730781519.110365;/app/bags/user95_2017-02-24.bag;0.834065854549408;0.0;0.9619645476341248;0.0;0.667477245503997;0.5991873594733563;0.40081264052664367
1730781519.31041;/app/bags/user95_2017-02-24.bag;0.834065854549408;0.0;0.9619645476341248;0.0;0.667477245503997;0.5991873594733563;0.40081264052664367
1730781519.5105586;/app/bags/user95_2017-02-24.bag;0.834065854549408;0.0;0.9619645476341248;0.0;0.667477245503997;0.5991873594733563;0.40081264052664367
1730781519.7103908;/app/bags/user95_2017-02-24.bag;0.834065854549408;0.0;0.9619645476341248;0.0;0.667477245503997;0.5991873594733563;0.40081264052664367
1730781519.9103763;/app/bags/user95_2017-02-24.bag;0.834065854549408;0.0;0.9619645476341248;0.0;0.667477245503997;0.5991873594733563;0.40081264052664367
1730781520.1104445;/app/bags/user95_2017-02-24.bag;0.834065854549408;0.0;0.9619645476341248;0.0;0.667477245503997;0.5991873594733563;0.40081264052664367
1730781520.3104243;/app/bags/user95_2017-02-24.bag;0.834065854549408;0.0;0.9619645476341248;0.0;0.667477245503997;0.5991873594733563;0.40081264052664367
1730781520.5104203;/app/bags/user95_2017-02-24.bag;0.834065854549408;0.0;0.9619645476341248;0.0;0.667477245503997;0.5991873594733563;0.40081264052664367
1730781520.7103977;/app/bags/user95_2017-02-24.bag;0.834065854549408;0.0;0.9619645476341248;0.0;0.667477245503997;0.5991873594733563;0.40081264052664367
1730781520.9103994;/app/bags/user95_2017-02-24.bag;0.834065854549408;0.0;0.9619645476341248;0.0;0.667477245503997;0.5991873594733563;0.40081264052664367
1730781521.110461;/app/bags/user95_2017-02-24.bag;0.834065854549408;0.0;0.9619645476341248;0.0;0.667477245503997;0.5991873594733563;0.40081264052664367
1730781521.3103948;/app/bags/user95_2017-02-24.bag;0.834065854549408;0.0;0.9619645476341248;0.0;0.667477245503997;0.5991873594733563;0.40081264052664367
1730781521.5104034;/app/bags/user95_2017-02-24.bag;0.834065854549408;0.0;0.9619645476341248;0.0;0.667477245503997;0.5991873594733563;0.40081264052664367
1730781521.7104428;/app/bags/user95_2017-02-24.bag;0.834065854549408;0.0;0.9619645476341248;0.0;0.667477245503997;0.5991873594733563;0.40081264052664367
1730781521.9104023;/app/bags/user95_2017-02-24.bag;0.834065854549408;0.0;0.9619645476341248;0.0;0.667477245503997;0.5991873594733563;0.40081264052664367
1730781522.1104882;/app/bags/user95_2017-02-24.bag;0.834065854549408;0.0;0.9619645476341248;0.0;0.667477245503997;0.5991873594733563;0.40081264052664367
1730781522.3103878;/app/bags/user95_2017-02-24.bag;0.834065854549408;0.0;0.9619645476341248;0.0;0.667477245503997;0.5991873594733563;0.40081264052664367
1730781522.5103772;/app/bags/user95_2017-02-24.bag;0.834065854549408;0.0;0.9619645476341248;0.0;0.667477245503997;0.5991873594733563;0.40081264052664367
1730781522.710411;/app/bags/user95_2017-02-24.bag;0.834065854549408;0.0;0.9619645476341248;0.0;0.667477245503997;0.5991873594733563;0.40081264052664367
1730781522.9104726;/app/bags/user95_2017-02-24.bag;0.834065854549408;0.0;0.9619645476341248;0.0;0.667477245503997;0.5991873594733563;0.40081264052664367
1730781523.1103857;/app/bags/user95_2017-02-24.bag;0.834065854549408;0.0;0.9619645476341248;0.0;0.667477245503997;0.5991873594733563;0.40081264052664367
1730781523.3103633;/app/bags/user95_2017-02-24.bag;0.834065854549408;0.0;0.9619645476341248;0.0;0.667477245503997;0.5991873594733563;0.40081264052664367
1730781523.5104258;/app/bags/user95_2017-02-24.bag;0.834065854549408;0.0;0.9619645476341248;0.0;0.667477245503997;0.5991873594733563;0.40081264052664367
1730781523.7104015;/app/bags/user95_2017-02-24.bag;0.834065854549408;0.0;0.9619645476341248;0.0;0.667477245503997;0.5991873594733563;0.40081264052664367
1730781523.9103918;/app/bags/user95_2017-02-24.bag;0.834065854549408;0.0;0.9619645476341248;0.0;0.667477245503997;0.5991873594733563;0.40081264052664367
1730781524.110377;/app/bags/user95_2017-02-24.bag;0.834065854549408;0.0;0.9619645476341248;0.0;0.667477245503997;0.5991873594733563;0.40081264052664367
1730781524.3104236;/app/bags/user95_2017-02-24.bag;0.834065854549408;0.0;0.9619645476341248;0.0;0.667477245503997;0.5991873594733563;0.40081264052664367
1730781524.510439;/app/bags/user95_2017-02-24.bag;0.834065854549408;0.0;0.9619645476341248;0.0;0.667477245503997;0.5991873594733563;0.40081264052664367
1730781524.710403;/app/bags/user95_2017-02-24.bag;0.834065854549408;0.0;0.9619645476341248;0.0;0.667477245503997;0.5991873594733563;0.40081264052664367
1730781524.9103906;/app/bags/user95_2017-02-24.bag;0.834065854549408;0.0;0.9619645476341248;0.0;0.667477245503997;0.5991873594733563;0.40081264052664367
1730781525.1103938;/app/bags/user95_2017-02-24.bag;0.834065854549408;0.0;0.9619645476341248;0.0;0.667477245503997;0.5991873594733563;0.40081264052664367
1730781525.3103745;/app/bags/user95_2017-02-24.bag;0.834065854549408;0.0;0.9619645476341248;0.0;0.667477245503997;0.5991873594733563;0.40081264052664367
1730781525.5103898;/app/bags/user95_2017-02-24.bag;0.834065854549408;0.0;0.9619645476341248;0.0;0.667477245503997;0.5991873594733563;0.40081264052664367
1730781525.710407;/app/bags/user95_2017-02-24.bag;0.834065854549408;0.0;0.9619645476341248;0.0;0.667477245503997;0.5991873594733563;0.40081264052664367
1730781525.9103973;/app/bags/user95_2017-02-24.bag;0.834065854549408;0.0;0.9619645476341248;0.0;0.667477245503997;0.5991873594733563;0.40081264052664367
1730781526.110364;/app/bags/user95_2017-02-24.bag;0.834065854549408;0.0;0.9619645476341248;0.0;0.667477245503997;0.5991873594733563;0.40081264052664367
1730781526.3105464;/app/bags/user95_2017-02-24.bag;0.834065854549408;0.0;0.9619645476341248;0.0;0.667477245503997;0.5991873594733563;0.40081264052664367
1730781526.5103714;/app/bags/user95_2017-02-24.bag;0.834065854549408;0.0;0.9619645476341248;0.0;0.667477245503997;0.5991873594733563;0.40081264052664367
1730781526.7104063;/app/bags/user95_2017-02-24.bag;0.834065854549408;0.0;0.9619645476341248;0.0;0.667477245503997;0.5991873594733563;0.40081264052664367
1730781526.910371;/app/bags/user95_2017-02-24.bag;0.834065854549408;0.0;0.9619645476341248;0.0;0.667477245503997;0.5991873594733563;0.40081264052664367
1730781527.1104083;/app/bags/user95_2017-02-24.bag;0.834065854549408;0.0;0.9619645476341248;0.0;0.667477245503997;0.5991873594733563;0.40081264052664367
1730781527.3103702;/app/bags/user95_2017-02-24.bag;0.834065854549408;0.0;0.9619645476341248;0.0;0.667477245503997;0.5991873594733563;0.40081264052664367
1730781527.5103683;/app/bags/user95_2017-02-24.bag;0.834065854549408;0.0;0.9619645476341248;0.0;0.667477245503997;0.5991873594733563;0.40081264052664367
1730781527.710404;/app/bags/user95_2017-02-24.bag;0.834065854549408;0.0;0.9619645476341248;0.0;0.667477245503997;0.5991873594733563;0.40081264052664367
1730781527.9104085;/app/bags/user95_2017-02-24.bag;0.834065854549408;0.0;0.9619645476341248;0.0;0.667477245503997;0.5991873594733563;0.40081264052664367
1730781528.1104004;/app/bags/user95_2017-02-24.bag;0.834065854549408;0.0;0.9619645476341248;0.0;0.667477245503997;0.5991873594733563;0.40081264052664367
1730781528.3103917;/app/bags/user95_2017-02-24.bag;0.834065854549408;0.0;0.9619645476341248;0.0;0.667477245503997;0.5991873594733563;0.40081264052664367
1730781528.5103989;/app/bags/user95_2017-02-24.bag;0.834065854549408;0.0;0.9619645476341248;0.0;0.667477245503997;0.5991873594733563;0.40081264052664367
1730781528.7103784;/app/bags/user95_2017-02-24.bag;0.834065854549408;0.0;0.9619645476341248;0.0;0.667477245503997;0.5991873594733563;0.40081264052664367
1730781528.9104373;/app/bags/user95_2017-02-24.bag;0.834065854549408;0.0;0.9619645476341248;0.0;0.667477245503997;0.5991873594733563;0.40081264052664367
1730781529.11036;/app/bags/user95_2017-02-24.bag;0.834065854549408;0.0;0.9619645476341248;0.0;0.667477245503997;0.5991873594733563;0.40081264052664367
1730781529.3104002;/app/bags/user95_2017-02-24.bag;0.834065854549408;0.0;0.9619645476341248;0.0;0.667477245503997;0.5991873594733563;0.40081264052664367
1730781529.5103915;/app/bags/user95_2017-02-24.bag;0.834065854549408;0.0;0.9619645476341248;0.0;0.667477245503997;0.5991873594733563;0.40081264052664367
1730781529.7104084;/app/bags/user95_2017-02-24.bag;0.834065854549408;0.0;0.9619645476341248;0.0;0.667477245503997;0.5991873594733563;0.40081264052664367
1730781529.910394;/app/bags/user95_2017-02-24.bag;0.834065854549408;0.0;0.9619645476341248;0.0;0.667477245503997;0.5991873594733563;0.40081264052664367
1730781530.110371;/app/bags/user95_2017-02-24.bag;0.834065854549408;0.0;0.9619645476341248;0.0;0.667477245503997;0.5991873594733563;0.40081264052664367
1730781530.3104281;/app/bags/user95_2017-02-24.bag;0.834065854549408;0.0;0.9619645476341248;0.0;0.667477245503997;0.5991873594733563;0.40081264052664367
1730781530.5104089;/app/bags/user95_2017-02-24.bag;0.834065854549408;0.0;0.9619645476341248;0.0;0.667477245503997;0.5991873594733563;0.40081264052664367
1730781530.7103918;/app/bags/user95_2017-02-24.bag;0.834065854549408;0.0;0.9619645476341248;0.0;0.667477245503997;0.5991873594733563;0.40081264052664367
1730781530.9103827;/app/bags/user95_2017-02-24.bag;0.834065854549408;0.0;0.9619645476341248;0.0;0.667477245503997;0.5991873594733563;0.40081264052664367
1730781531.1105475;/app/bags/user95_2017-02-24.bag;0.834065854549408;0.0;0.9619645476341248;0.0;0.667477245503997;0.5991873594733563;0.40081264052664367
1730781531.3104339;/app/bags/user95_2017-02-24.bag;0.834065854549408;0.0;0.9619645476341248;0.0;0.667477245503997;0.5991873594733563;0.40081264052664367
1730781531.5104299;/app/bags/user95_2017-02-24.bag;0.834065854549408;0.0;0.9619645476341248;0.0;0.667477245503997;0.5991873594733563;0.40081264052664367
1730781531.7103727;/app/bags/user95_2017-02-24.bag;0.834065854549408;0.0;0.9619645476341248;0.0;0.667477245503997;0.5991873594733563;0.40081264052664367
1730781531.9103978;/app/bags/user95_2017-02-24.bag;0.834065854549408;0.0;0.9619645476341248;0.0;0.667477245503997;0.5991873594733563;0.40081264052664367
1730781532.1103878;/app/bags/user95_2017-02-24.bag;0.834065854549408;0.0;0.9619645476341248;0.0;0.667477245503997;0.5991873594733563;0.40081264052664367
1730781532.310403;/app/bags/user95_2017-02-24.bag;0.834065854549408;0.0;0.9619645476341248;0.0;0.667477245503997;0.5991873594733563;0.40081264052664367
1730781532.5103838;/app/bags/user95_2017-02-24.bag;0.834065854549408;0.0;0.9619645476341248;0.0;0.667477245503997;0.5991873594733563;0.40081264052664367
1730781532.7104;/app/bags/user95_2017-02-24.bag;0.834065854549408;0.0;0.9619645476341248;0.0;0.667477245503997;0.5991873594733563;0.40081264052664367
1730781532.9103892;/app/bags/user95_2017-02-24.bag;0.834065854549408;0.0;0.9619645476341248;0.0;0.667477245503997;0.5991873594733563;0.40081264052664367
1730781533.1103852;/app/bags/user95_2017-02-24.bag;0.834065854549408;0.0;0.9619645476341248;0.0;0.667477245503997;0.5991873594733563;0.40081264052664367
1730781533.3103878;/app/bags/user95_2017-02-24.bag;0.834065854549408;0.0;0.9619645476341248;0.0;0.667477245503997;0.5991873594733563;0.40081264052664367
1730781533.5104053;/app/bags/user95_2017-02-24.bag;0.834065854549408;0.0;0.9619645476341248;0.0;0.667477245503997;0.5991873594733563;0.40081264052664367
1730781533.7103846;/app/bags/user95_2017-02-24.bag;0.834065854549408;0.0;0.9619645476341248;0.0;0.667477245503997;0.5991873594733563;0.40081264052664367
1730781533.9104066;/app/bags/user95_2017-02-24.bag;0.834065854549408;0.0;0.9619645476341248;0.0;0.667477245503997;0.5991873594733563;0.40081264052664367
1730781534.1103666;/app/bags/user95_2017-02-24.bag;0.834065854549408;0.0;0.9619645476341248;0.0;0.667477245503997;0.5991873594733563;0.40081264052664367
1730781534.310406;/app/bags/user95_2017-02-24.bag;0.834065854549408;0.0;0.9619645476341248;0.0;0.667477245503997;0.5991873594733563;0.40081264052664367
1730781534.5103416;/app/bags/user95_2017-02-24.bag;0.834065854549408;0.0;0.9619645476341248;0.0;0.667477245503997;0.5991873594733563;0.40081264052664367
1730781534.710357;/app/bags/user95_2017-02-24.bag;0.834065854549408;0.0;0.9619645476341248;0.0;0.667477245503997;0.5991873594733563;0.40081264052664367
1730781534.9103942;/app/bags/user95_2017-02-24.bag;0.834065854549408;0.0;0.9619645476341248;0.0;0.667477245503997;0.5991873594733563;0.40081264052664367
1730781535.1104338;/app/bags/user95_2017-02-24.bag;0.834065854549408;0.0;0.9619645476341248;0.0;0.667477245503997;0.5991873594733563;0.40081264052664367
1730781535.3104162;/app/bags/user95_2017-02-24.bag;0.834065854549408;0.0;0.9619645476341248;0.0;0.667477245503997;0.5991873594733563;0.40081264052664367
1730781535.5104988;/app/bags/user95_2017-02-24.bag;0.834065854549408;0.0;0.9619645476341248;0.0;0.667477245503997;0.5991873594733563;0.40081264052664367
1730781535.71037;/app/bags/user95_2017-02-24.bag;0.834065854549408;0.0;0.9619645476341248;0.0;0.667477245503997;0.5991873594733563;0.40081264052664367
1730781535.9104404;/app/bags/user95_2017-02-24.bag;0.834065854549408;0.0;0.9619645476341248;0.0;0.667477245503997;0.5991873594733563;0.40081264052664367
1730781536.1104026;/app/bags/user95_2017-02-24.bag;0.834065854549408;0.0;0.9619645476341248;0.0;0.667477245503997;0.5991873594733563;0.40081264052664367
1730781536.3103998;/app/bags/user95_2017-02-24.bag;0.834065854549408;0.0;0.9619645476341248;0.0;0.667477245503997;0.5991873594733563;0.40081264052664367
1730781536.5104315;/app/bags/user95_2017-02-24.bag;0.834065854549408;0.0;0.9619645476341248;0.0;0.667477245503997;0.5991873594733563;0.40081264052664367
1730781536.7103803;/app/bags/user95_2017-02-24.bag;0.834065854549408;0.0;0.9619645476341248;0.0;0.667477245503997;0.5991873594733563;0.40081264052664367
1730781536.9104068;/app/bags/user95_2017-02-24.bag;0.834065854549408;0.0;0.9619645476341248;0.0;0.667477245503997;0.5991873594733563;0.40081264052664367
1730781537.1104054;/app/bags/user95_2017-02-24.bag;0.834065854549408;0.0;0.9619645476341248;0.0;0.667477245503997;0.5991873594733563;0.40081264052664367
1730781537.3104098;/app/bags/user95_2017-02-24.bag;0.834065854549408;0.0;0.9619645476341248;0.0;0.667477245503997;0.5991873594733563;0.40081264052664367
1730781537.5103767;/app/bags/user95_2017-02-24.bag;0.834065854549408;0.0;0.9619645476341248;0.0;0.667477245503997;0.5991873594733563;0.40081264052664367
1730781537.710439;/app/bags/user95_2017-02-24.bag;0.834065854549408;0.0;0.9619645476341248;0.0;0.667477245503997;0.5991873594733563;0.40081264052664367
1730781537.9104161;/app/bags/user95_2017-02-24.bag;0.834065854549408;0.0;0.9619645476341248;0.0;0.667477245503997;0.5991873594733563;0.40081264052664367
1730781538.1105337;/app/bags/user95_2017-02-24.bag;0.834065854549408;0.0;0.9619645476341248;0.0;0.667477245503997;0.5991873594733563;0.40081264052664367
1730781538.3103952;/app/bags/user95_2017-02-24.bag;0.834065854549408;0.0;0.9619645476341248;0.0;0.667477245503997;0.5991873594733563;0.40081264052664367
1730781538.510436;/app/bags/user95_2017-02-24.bag;0.834065854549408;0.0;0.9619645476341248;0.0;0.667477245503997;0.5991873594733563;0.40081264052664367
1730781538.7103841;/app/bags/user95_2017-02-24.bag;0.834065854549408;0.0;0.9619645476341248;0.0;0.667477245503997;0.5991873594733563;0.40081264052664367
1730781538.9105253;/app/bags/user95_2017-02-24.bag;0.834065854549408;0.0;0.9619645476341248;0.0;0.667477245503997;0.5991873594733563;0.40081264052664367
1730781539.1104207;/app/bags/user95_2017-02-24.bag;0.834065854549408;0.0;0.9619645476341248;0.0;0.667477245503997;0.5991873594733563;0.40081264052664367
1730781539.3103995;/app/bags/user95_2017-02-24.bag;0.834065854549408;0.0;0.9619645476341248;0.0;0.667477245503997;0.5991873594733563;0.40081264052664367
1730781539.5104108;/app/bags/user95_2017-02-24.bag;0.834065854549408;0.0;0.9619645476341248;0.0;0.667477245503997;0.5991873594733563;0.40081264052664367
1730781539.7105973;/app/bags/user95_2017-02-24.bag;0.834065854549408;0.0;0.9619645476341248;0.0;0.667477245503997;0.5991873594733563;0.40081264052664367
1730781539.9104;/app/bags/user95_2017-02-24.bag;0.834065854549408;0.0;0.9619645476341248;0.0;0.667477245503997;0.5991873594733563;0.40081264052664367
1730781540.110442;/app/bags/user95_2017-02-24.bag;0.834065854549408;0.0;0.9619645476341248;0.0;0.667477245503997;0.5991873594733563;0.40081264052664367
1730781540.3103445;/app/bags/user95_2017-02-24.bag;0.834065854549408;0.0;0.9619645476341248;0.0;0.667477245503997;0.5991873594733563;0.40081264052664367
1730781540.5104213;/app/bags/user95_2017-02-24.bag;0.834065854549408;0.0;0.9619645476341248;0.0;0.667477245503997;0.5991873594733563;0.40081264052664367
1730781540.710391;/app/bags/user95_2017-02-24.bag;0.834065854549408;0.0;0.9619645476341248;0.0;0.667477245503997;0.5991873594733563;0.40081264052664367
1730781540.9103777;/app/bags/user95_2017-02-24.bag;0.834065854549408;0.0;0.9619645476341248;0.0;0.667477245503997;0.5991873594733563;0.40081264052664367
1730781541.1104252;/app/bags/user95_2017-02-24.bag;0.834065854549408;0.0;0.9619645476341248;0.0;0.667477245503997;0.5991873594733563;0.40081264052664367
1730781541.310384;/app/bags/user95_2017-02-24.bag;0.834065854549408;0.0;0.9619645476341248;0.0;0.667477245503997;0.5991873594733563;0.40081264052664367
1730781541.5103753;/app/bags/user95_2017-02-24.bag;0.834065854549408;0.0;0.9619645476341248;0.0;0.667477245503997;0.5991873594733563;0.40081264052664367
1730781541.7104576;/app/bags/user95_2017-02-24.bag;0.834065854549408;0.0;0.9619645476341248;0.0;0.667477245503997;0.5991873594733563;0.40081264052664367
1730781541.910446;/app/bags/user95_2017-02-24.bag;0.834065854549408;0.0;0.9619645476341248;0.0;0.667477245503997;0.5991873594733563;0.40081264052664367
1730781542.1103892;/app/bags/user95_2017-02-24.bag;0.834065854549408;0.0;0.9619645476341248;0.0;0.667477245503997;0.5991873594733563;0.40081264052664367
1730781542.3104553;/app/bags/user95_2017-02-24.bag;0.834065854549408;0.0;0.9619645476341248;0.0;0.667477245503997;0.5991873594733563;0.40081264052664367
1730781542.510395;/app/bags/user95_2017-02-24.bag;0.834065854549408;0.0;0.9619645476341248;0.0;0.667477245503997;0.5991873594733563;0.40081264052664367
1730781542.7104661;/app/bags/user95_2017-02-24.bag;0.834065854549408;0.0;0.9619645476341248;0.0;0.667477245503997;0.5991873594733563;0.40081264052664367
1730781542.9104104;/app/bags/user95_2017-02-24.bag;0.834065854549408;0.0;0.9619645476341248;0.0;0.667477245503997;0.5991873594733563;0.40081264052664367
1730781543.1103818;/app/bags/user95_2017-02-24.bag;0.834065854549408;0.0;0.9619645476341248;0.0;0.667477245503997;0.5991873594733563;0.40081264052664367
1730781543.310366;/app/bags/user95_2017-02-24.bag;0.834065854549408;0.0;0.9619645476341248;0.0;0.667477245503997;0.5991873594733563;0.40081264052664367
1730781543.5104523;/app/bags/user95_2017-02-24.bag;0.834065854549408;0.0;0.9619645476341248;0.0;0.667477245503997;0.5991873594733563;0.40081264052664367
1730781543.7105055;/app/bags/user95_2017-02-24.bag;0.834065854549408;0.0;0.9619645476341248;0.0;0.667477245503997;0.5991873594733563;0.40081264052664367
1730781543.9104843;/app/bags/user95_2017-02-24.bag;0.834065854549408;0.0;0.9619645476341248;0.0;0.667477245503997;0.5991873594733563;0.40081264052664367
1730781544.1103878;/app/bags/user95_2017-02-24.bag;0.834065854549408;0.0;0.9619645476341248;0.0;0.667477245503997;0.5991873594733563;0.40081264052664367
1730781544.3103712;/app/bags/user95_2017-02-24.bag;0.834065854549408;0.0;0.9619645476341248;0.0;0.667477245503997;0.5991873594733563;0.40081264052664367
1730781544.5104039;/app/bags/user95_2017-02-24.bag;0.834065854549408;0.0;0.9619645476341248;0.0;0.667477245503997;0.5991873594733563;0.40081264052664367
1730781544.7103837;/app/bags/user95_2017-02-24.bag;0.834065854549408;0.0;0.9619645476341248;0.0;0.667477245503997;0.5991873594733563;0.40081264052664367
1730781544.9103713;/app/bags/user95_2017-02-24.bag;0.834065854549408;0.0;0.9619645476341248;0.0;0.667477245503997;0.5991873594733563;0.40081264052664367
1730781545.1103904;/app/bags/user95_2017-02-24.bag;0.834065854549408;0.0;0.9619645476341248;0.0;0.667477245503997;0.5991873594733563;0.40081264052664367
1730781545.3103728;/app/bags/user95_2017-02-24.bag;0.834065854549408;0.0;0.9619645476341248;0.0;0.667477245503997;0.5991873594733563;0.40081264052664367
1730781545.5104067;/app/bags/user95_2017-02-24.bag;0.834065854549408;0.0;0.9619645476341248;0.0;0.667477245503997;0.5991873594733563;0.40081264052664367
1730781545.7103906;/app/bags/user95_2017-02-24.bag;0.834065854549408;0.0;0.9619645476341248;0.0;0.667477245503997;0.5991873594733563;0.40081264052664367
1730781545.910398;/app/bags/user95_2017-02-24.bag;0.834065854549408;0.0;0.9619645476341248;0.0;0.667477245503997;0.5991873594733563;0.40081264052664367
1730781546.110396;/app/bags/user95_2017-02-24.bag;0.834065854549408;0.0;0.9619645476341248;0.0;0.667477245503997;0.5991873594733563;0.40081264052664367
1730781546.3103812;/app/bags/user95_2017-02-24.bag;0.834065854549408;0.0;0.9619645476341248;0.0;0.667477245503997;0.5991873594733563;0.40081264052664367
1730781546.5104342;/app/bags/user95_2017-02-24.bag;0.834065854549408;0.0;0.9619645476341248;0.0;0.667477245503997;0.5991873594733563;0.40081264052664367
1730781546.7103698;/app/bags/user95_2017-02-24.bag;0.834065854549408;0.0;0.9619645476341248;0.0;0.667477245503997;0.5991873594733563;0.40081264052664367
1730781546.9103737;/app/bags/user95_2017-02-24.bag;0.834065854549408;0.0;0.9619645476341248;0.0;0.667477245503997;0.5991873594733563;0.40081264052664367
1730781547.1104877;/app/bags/user95_2017-02-24.bag;0.834065854549408;0.0;0.9619645476341248;0.0;0.667477245503997;0.5991873594733563;0.40081264052664367
1730781547.310433;/app/bags/user95_2017-02-24.bag;0.834065854549408;0.0;0.9619645476341248;0.0;0.667477245503997;0.5991873594733563;0.40081264052664367
1730781547.5103977;/app/bags/user95_2017-02-24.bag;0.834065854549408;0.0;0.9619645476341248;0.0;0.667477245503997;0.5991873594733563;0.40081264052664367
1730781547.710425;/app/bags/user95_2017-02-24.bag;0.834065854549408;0.0;0.9619645476341248;0.0;0.667477245503997;0.5991873594733563;0.40081264052664367
1730781547.9103847;/app/bags/user95_2017-02-24.bag;0.834065854549408;0.0;0.9619645476341248;0.0;0.667477245503997;0.5991873594733563;0.40081264052664367
1730781548.1103783;/app/bags/user95_2017-02-24.bag;0.834065854549408;0.0;0.9619645476341248;0.0;0.667477245503997;0.5991873594733563;0.40081264052664367
1730781548.310384;/app/bags/user95_2017-02-24.bag;0.834065854549408;0.0;0.9619645476341248;0.0;0.667477245503997;0.5991873594733563;0.40081264052664367
1730781548.5104272;/app/bags/user95_2017-02-24.bag;0.834065854549408;0.0;0.9619645476341248;0.0;0.667477245503997;0.5991873594733563;0.40081264052664367
1730781548.7104342;/app/bags/user95_2017-02-24.bag;0.834065854549408;0.0;0.9619645476341248;0.0;0.667477245503997;0.5991873594733563;0.40081264052664367
1730781548.9103923;/app/bags/user95_2017-02-24.bag;0.834065854549408;0.0;0.9619645476341248;0.0;0.667477245503997;0.5991873594733563;0.40081264052664367
1730781549.110401;/app/bags/user95_2017-02-24.bag;0.834065854549408;0.0;0.9619645476341248;0.0;0.667477245503997;0.5991873594733563;0.40081264052664367
1730781549.310386;/app/bags/user95_2017-02-24.bag;0.834065854549408;0.0;0.9619645476341248;0.0;0.667477245503997;0.5991873594733563;0.40081264052664367
1730781549.510368;/app/bags/user95_2017-02-24.bag;0.834065854549408;0.0;0.9619645476341248;0.0;0.667477245503997;0.5991873594733563;0.40081264052664367
1730781549.710384;/app/bags/user95_2017-02-24.bag;0.834065854549408;0.0;0.9619645476341248;0.0;0.667477245503997;0.5991873594733563;0.40081264052664367
1730781549.9103656;/app/bags/user95_2017-02-24.bag;0.834065854549408;0.0;0.9619645476341248;0.0;0.667477245503997;0.5991873594733563;0.40081264052664367
1730781550.1104312;/app/bags/user95_2017-02-24.bag;0.834065854549408;0.0;0.9619645476341248;0.0;0.667477245503997;0.5991873594733563;0.40081264052664367
1730781550.310438;/app/bags/user95_2017-02-24.bag;0.834065854549408;0.0;0.9619645476341248;0.0;0.667477245503997;0.5991873594733563;0.40081264052664367
1730781550.510349;/app/bags/user95_2017-02-24.bag;0.834065854549408;0.0;0.9619645476341248;0.0;0.667477245503997;0.5991873594733563;0.40081264052664367
1730781550.710342;/app/bags/user95_2017-02-24.bag;0.834065854549408;0.0;0.9619645476341248;0.0;0.667477245503997;0.5991873594733563;0.40081264052664367
1730781550.9103627;/app/bags/user95_2017-02-24.bag;0.834065854549408;0.0;0.9619645476341248;0.0;0.667477245503997;0.5991873594733563;0.40081264052664367
1730781551.1103883;/app/bags/user95_2017-02-24.bag;0.834065854549408;0.0;0.9619645476341248;0.0;0.667477245503997;0.5991873594733563;0.40081264052664367
1730781551.310411;/app/bags/user95_2017-02-24.bag;0.834065854549408;0.0;0.9619645476341248;0.0;0.667477245503997;0.5991873594733563;0.40081264052664367
1730781551.51038;/app/bags/user95_2017-02-24.bag;0.834065854549408;0.0;0.9619645476341248;0.0;0.667477245503997;0.5991873594733563;0.40081264052664367
1730781551.7103672;/app/bags/user95_2017-02-24.bag;0.834065854549408;0.0;0.9619645476341248;0.0;0.667477245503997;0.5991873594733563;0.40081264052664367
1730781551.910395;/app/bags/user95_2017-02-24.bag;0.834065854549408;0.0;0.9619645476341248;0.0;0.667477245503997;0.5991873594733563;0.40081264052664367
1730781552.1104412;/app/bags/user95_2017-02-24.bag;0.834065854549408;0.0;0.9619645476341248;0.0;0.667477245503997;0.5991873594733563;0.40081264052664367
1730781552.3103964;/app/bags/user95_2017-02-24.bag;0.834065854549408;0.0;0.9619645476341248;0.0;0.667477245503997;0.5991873594733563;0.40081264052664367
1730781552.5103705;/app/bags/user95_2017-02-24.bag;0.834065854549408;0.0;0.9619645476341248;0.0;0.667477245503997;0.5991873594733563;0.40081264052664367
1730781552.710368;/app/bags/user95_2017-02-24.bag;0.834065854549408;0.0;0.9619645476341248;0.0;0.667477245503997;0.5991873594733563;0.40081264052664367
1730781552.9103913;/app/bags/user95_2017-02-24.bag;0.834065854549408;0.0;0.9619645476341248;0.0;0.667477245503997;0.5991873594733563;0.40081264052664367
1730781553.1104338;/app/bags/user95_2017-02-24.bag;0.834065854549408;0.0;0.9619645476341248;0.0;0.667477245503997;0.5991873594733563;0.40081264052664367
1730781553.3103926;/app/bags/user95_2017-02-24.bag;0.834065854549408;0.0;0.9619645476341248;0.0;0.667477245503997;0.5991873594733563;0.40081264052664367
1730781553.5103676;/app/bags/user95_2017-02-24.bag;0.834065854549408;0.0;0.9619645476341248;0.0;0.667477245503997;0.5991873594733563;0.40081264052664367
1730781553.7104027;/app/bags/user95_2017-02-24.bag;0.834065854549408;0.0;0.9619645476341248;0.0;0.667477245503997;0.5991873594733563;0.40081264052664367
1730781553.9105453;/app/bags/user95_2017-02-24.bag;0.834065854549408;0.0;0.9619645476341248;0.0;0.667477245503997;0.5991873594733563;0.40081264052664367
1730781554.1105933;/app/bags/user95_2017-02-24.bag;0.834065854549408;0.0;0.9619645476341248;0.0;0.667477245503997;0.5991873594733563;0.40081264052664367
1730781554.310397;/app/bags/user95_2017-02-24.bag;0.834065854549408;0.0;0.9619645476341248;0.0;0.667477245503997;0.5991873594733563;0.40081264052664367
1730781554.510431;/app/bags/user95_2017-02-24.bag;0.834065854549408;0.0;0.9619645476341248;0.0;0.667477245503997;0.5991873594733563;0.40081264052664367
1730781554.7103708;/app/bags/user95_2017-02-24.bag;0.834065854549408;0.0;0.9619645476341248;0.0;0.667477245503997;0.5991873594733563;0.40081264052664367
1730781554.9103985;/app/bags/user95_2017-02-24.bag;0.834065854549408;0.0;0.9619645476341248;0.0;0.667477245503997;0.5991873594733563;0.40081264052664367
1730781555.1103816;/app/bags/user95_2017-02-24.bag;0.834065854549408;0.0;0.9619645476341248;0.0;0.667477245503997;0.5991873594733563;0.40081264052664367
1730781555.310412;/app/bags/user95_2017-02-24.bag;0.834065854549408;0.0;0.9619645476341248;0.0;0.667477245503997;0.5991873594733563;0.40081264052664367
1730781555.5103662;/app/bags/user95_2017-02-24.bag;0.834065854549408;0.0;0.9619645476341248;0.0;0.667477245503997;0.5991873594733563;0.40081264052664367
1730781555.7104318;/app/bags/user95_2017-02-24.bag;0.834065854549408;0.0;0.9619645476341248;0.0;0.667477245503997;0.5991873594733563;0.40081264052664367
1730781555.9103537;/app/bags/user95_2017-02-24.bag;0.834065854549408;0.0;0.9619645476341248;0.0;0.667477245503997;0.5991873594733563;0.40081264052664367
1730781556.1103904;/app/bags/user95_2017-02-24.bag;0.834065854549408;0.0;0.9619645476341248;0.0;0.667477245503997;0.5991873594733563;0.40081264052664367
1730781556.3104413;/app/bags/user95_2017-02-24.bag;0.834065854549408;0.0;0.9619645476341248;0.0;0.667477245503997;0.5991873594733563;0.40081264052664367
1730781556.5104208;/app/bags/user95_2017-02-24.bag;0.834065854549408;0.0;0.9619645476341248;0.0;0.667477245503997;0.5991873594733563;0.40081264052664367
1730781556.7103734;/app/bags/user95_2017-02-24.bag;0.834065854549408;0.0;0.9619645476341248;0.0;0.667477245503997;0.5991873594733563;0.40081264052664367
1730781556.9103892;/app/bags/user95_2017-02-24.bag;0.834065854549408;0.0;0.9619645476341248;0.0;0.667477245503997;0.5991873594733563;0.40081264052664367
1730781557.11041;/app/bags/user95_2017-02-24.bag;0.834065854549408;0.0;0.9619645476341248;0.0;0.667477245503997;0.5991873594733563;0.40081264052664367
1730781557.3103318;/app/bags/user95_2017-02-24.bag;0.834065854549408;0.0;0.9619645476341248;0.0;0.667477245503997;0.5991873594733563;0.40081264052664367
1730781557.510611;/app/bags/user95_2017-02-24.bag;0.834065854549408;0.0;0.9619645476341248;0.0;0.667477245503997;0.5991873594733563;0.40081264052664367
1730781557.7103827;/app/bags/user95_2017-02-24.bag;0.834065854549408;0.0;0.9619645476341248;0.0;0.667477245503997;0.5991873594733563;0.40081264052664367
1730781557.9103982;/app/bags/user95_2017-02-24.bag;0.834065854549408;0.0;0.9619645476341248;0.0;0.667477245503997;0.5991873594733563;0.40081264052664367
1730781558.11046;/app/bags/user95_2017-02-24.bag;0.834065854549408;0.0;0.9619645476341248;0.0;0.667477245503997;0.5991873594733563;0.40081264052664367
1730781558.3104308;/app/bags/user95_2017-02-24.bag;0.834065854549408;0.0;0.9619645476341248;0.0;0.667477245503997;0.5991873594733563;0.40081264052664367
1730781558.5103645;/app/bags/user95_2017-02-24.bag;0.834065854549408;0.0;0.9619645476341248;0.0;0.667477245503997;0.5991873594733563;0.40081264052664367
1730781558.710398;/app/bags/user95_2017-02-24.bag;0.834065854549408;0.0;0.9619645476341248;0.0;0.667477245503997;0.5991873594733563;0.40081264052664367
1730781558.9104428;/app/bags/user95_2017-02-24.bag;0.834065854549408;0.0;0.9619645476341248;0.0;0.667477245503997;0.5991873594733563;0.40081264052664367
1730781559.1103606;/app/bags/user95_2017-02-24.bag;0.834065854549408;0.0;0.9619645476341248;0.0;0.667477245503997;0.5991873594733563;0.40081264052664367
1730781559.3104181;/app/bags/user95_2017-02-24.bag;0.834065854549408;0.0;0.9619645476341248;0.0;0.667477245503997;0.5991873594733563;0.40081264052664367
1730781559.5104034;/app/bags/user95_2017-02-24.bag;0.834065854549408;0.0;0.9619645476341248;0.0;0.667477245503997;0.5991873594733563;0.40081264052664367
1730781559.7104425;/app/bags/user95_2017-02-24.bag;0.834065854549408;0.0;0.9619645476341248;0.0;0.667477245503997;0.5991873594733563;0.40081264052664367
1730781559.9104197;/app/bags/user95_2017-02-24.bag;0.834065854549408;0.0;0.9619645476341248;0.0;0.667477245503997;0.5991873594733563;0.40081264052664367
1730781560.1103926;/app/bags/user95_2017-02-24.bag;0.834065854549408;0.0;0.9619645476341248;0.0;0.667477245503997;0.5991873594733563;0.40081264052664367
1730781560.3103936;/app/bags/user95_2017-02-24.bag;0.834065854549408;0.0;0.9619645476341248;0.0;0.667477245503997;0.5991873594733563;0.40081264052664367
1730781560.5104384;/app/bags/user95_2017-02-24.bag;0.834065854549408;0.0;0.9619645476341248;0.0;0.667477245503997;0.5991873594733563;0.40081264052664367
1730781560.7103763;/app/bags/user95_2017-02-24.bag;0.834065854549408;0.0;0.9619645476341248;0.0;0.667477245503997;0.5991873594733563;0.40081264052664367
1730781560.91039;/app/bags/user95_2017-02-24.bag;0.834065854549408;0.0;0.9619645476341248;0.0;0.667477245503997;0.5991873594733563;0.40081264052664367
1730781561.1103973;/app/bags/user95_2017-02-24.bag;0.834065854549408;0.0;0.9619645476341248;0.0;0.667477245503997;0.5991873594733563;0.40081264052664367
1730781561.3103697;/app/bags/user95_2017-02-24.bag;0.834065854549408;0.0;0.9619645476341248;0.0;0.667477245503997;0.5991873594733563;0.40081264052664367
1730781561.510409;/app/bags/user95_2017-02-24.bag;0.834065854549408;0.0;0.9619645476341248;0.0;0.667477245503997;0.5991873594733563;0.40081264052664367
1730781561.7104213;/app/bags/user95_2017-02-24.bag;0.834065854549408;0.0;0.9619645476341248;0.0;0.667477245503997;0.5991873594733563;0.40081264052664367
1730781561.9103773;/app/bags/user95_2017-02-24.bag;0.834065854549408;0.0;0.9619645476341248;0.0;0.667477245503997;0.5991873594733563;0.40081264052664367
1730781562.1103868;/app/bags/user95_2017-02-24.bag;0.834065854549408;0.0;0.9619645476341248;0.0;0.667477245503997;0.5991873594733563;0.40081264052664367
1730781562.3103764;/app/bags/user95_2017-02-24.bag;0.834065854549408;0.0;0.9619645476341248;0.0;0.667477245503997;0.5991873594733563;0.40081264052664367
1730781562.5104194;/app/bags/user95_2017-02-24.bag;0.834065854549408;0.0;0.9619645476341248;0.0;0.667477245503997;0.5991873594733563;0.40081264052664367
1730781562.7103848;/app/bags/user95_2017-02-24.bag;0.834065854549408;0.0;0.9619645476341248;0.0;0.667477245503997;0.5991873594733563;0.40081264052664367
1730781562.9104502;/app/bags/user95_2017-02-24.bag;0.834065854549408;0.0;0.9619645476341248;0.0;0.667477245503997;0.5991873594733563;0.40081264052664367
1730781563.1103885;/app/bags/user95_2017-02-24.bag;0.834065854549408;0.0;0.9619645476341248;0.0;0.667477245503997;0.5991873594733563;0.40081264052664367
1730781563.3104045;/app/bags/user95_2017-02-24.bag;0.834065854549408;0.0;0.9619645476341248;0.0;0.667477245503997;0.5991873594733563;0.40081264052664367
1730781563.5103927;/app/bags/user95_2017-02-24.bag;0.834065854549408;0.0;0.9619645476341248;0.0;0.667477245503997;0.5991873594733563;0.40081264052664367
1730781563.7103977;/app/bags/user95_2017-02-24.bag;0.834065854549408;0.0;0.9619645476341248;0.0;0.667477245503997;0.5991873594733563;0.40081264052664367
1730781563.9103994;/app/bags/user95_2017-02-24.bag;0.834065854549408;0.0;0.9619645476341248;0.0;0.667477245503997;0.5991873594733563;0.40081264052664367
1730781564.1103947;/app/bags/user95_2017-02-24.bag;0.834065854549408;0.0;0.9619645476341248;0.0;0.667477245503997;0.5991873594733563;0.40081264052664367
1730781564.3103726;/app/bags/user95_2017-02-24.bag;0.834065854549408;0.0;0.9619645476341248;0.0;0.667477245503997;0.5991873594733563;0.40081264052664367
1730781564.5104058;/app/bags/user95_2017-02-24.bag;0.834065854549408;0.0;0.9619645476341248;0.0;0.667477245503997;0.5991873594733563;0.40081264052664367
1730781564.7103577;/app/bags/user95_2017-02-24.bag;0.834065854549408;0.0;0.9619645476341248;0.0;0.667477245503997;0.5991873594733563;0.40081264052664367
1730781564.9103954;/app/bags/user95_2017-02-24.bag;0.834065854549408;0.0;0.9619645476341248;0.0;0.667477245503997;0.5991873594733563;0.40081264052664367
1730781565.1103709;/app/bags/user95_2017-02-24.bag;0.834065854549408;0.0;0.9619645476341248;0.0;0.667477245503997;0.5991873594733563;0.40081264052664367
1730781565.3104289;/app/bags/user95_2017-02-24.bag;0.834065854549408;0.0;0.9619645476341248;0.0;0.667477245503997;0.5991873594733563;0.40081264052664367
1730781565.5103698;/app/bags/user95_2017-02-24.bag;0.834065854549408;0.0;0.9619645476341248;0.0;0.667477245503997;0.5991873594733563;0.40081264052664367
1730781565.7103534;/app/bags/user95_2017-02-24.bag;0.834065854549408;0.0;0.9619645476341248;0.0;0.667477245503997;0.5991873594733563;0.40081264052664367
1730781565.9103806;/app/bags/user95_2017-02-24.bag;0.834065854549408;0.0;0.9619645476341248;0.0;0.667477245503997;0.5991873594733563;0.40081264052664367
1730781566.1104;/app/bags/user95_2017-02-24.bag;0.834065854549408;0.0;0.9619645476341248;0.0;0.667477245503997;0.5991873594733563;0.40081264052664367
1730781566.3103755;/app/bags/user95_2017-02-24.bag;0.834065854549408;0.0;0.9619645476341248;0.0;0.667477245503997;0.5991873594733563;0.40081264052664367
1730781566.5103803;/app/bags/user95_2017-02-24.bag;0.834065854549408;0.0;0.9619645476341248;0.0;0.667477245503997;0.5991873594733563;0.40081264052664367
1730781566.710428;/app/bags/user95_2017-02-24.bag;0.834065854549408;0.0;0.9619645476341248;0.0;0.667477245503997;0.5991873594733563;0.40081264052664367
1730781566.9103932;/app/bags/user95_2017-02-24.bag;0.834065854549408;0.0;0.9619645476341248;0.0;0.667477245503997;0.5991873594733563;0.40081264052664367
1730781567.1104608;/app/bags/user95_2017-02-24.bag;0.834065854549408;0.0;0.9619645476341248;0.0;0.667477245503997;0.5991873594733563;0.40081264052664367
1730781567.3103688;/app/bags/user95_2017-02-24.bag;0.834065854549408;0.0;0.9619645476341248;0.0;0.667477245503997;0.5991873594733563;0.40081264052664367
1730781567.5103762;/app/bags/user95_2017-02-24.bag;0.834065854549408;0.0;0.9619645476341248;0.0;0.667477245503997;0.5991873594733563;0.40081264052664367
1730781567.7104146;/app/bags/user95_2017-02-24.bag;0.834065854549408;0.0;0.9619645476341248;0.0;0.667477245503997;0.5991873594733563;0.40081264052664367
1730781567.910371;/app/bags/user95_2017-02-24.bag;0.834065854549408;0.0;0.9619645476341248;0.0;0.667477245503997;0.5991873594733563;0.40081264052664367
1730781568.1104026;/app/bags/user95_2017-02-24.bag;0.834065854549408;0.0;0.9619645476341248;0.0;0.667477245503997;0.5991873594733563;0.40081264052664367
1730781568.3104289;/app/bags/user95_2017-02-24.bag;0.834065854549408;0.0;0.9619645476341248;0.0;0.667477245503997;0.5991873594733563;0.40081264052664367
1730781568.510423;/app/bags/user95_2017-02-24.bag;0.834065854549408;0.0;0.9619645476341248;0.0;0.667477245503997;0.5991873594733563;0.40081264052664367
1730781568.7104018;/app/bags/user95_2017-02-24.bag;0.834065854549408;0.0;0.9619645476341248;0.0;0.667477245503997;0.5991873594733563;0.40081264052664367
1730781568.9104898;/app/bags/user95_2017-02-24.bag;0.834065854549408;0.0;0.9619645476341248;0.0;0.667477245503997;0.5991873594733563;0.40081264052664367
1730781569.110345;/app/bags/user95_2017-02-24.bag;0.834065854549408;0.0;0.9619645476341248;0.0;0.667477245503997;0.5991873594733563;0.40081264052664367
1730781569.3104465;/app/bags/user95_2017-02-24.bag;0.834065854549408;0.0;0.9619645476341248;0.0;0.667477245503997;0.5991873594733563;0.40081264052664367
1730781569.510491;/app/bags/user95_2017-02-24.bag;0.834065854549408;0.0;0.9619645476341248;0.0;0.667477245503997;0.5991873594733563;0.40081264052664367
1730781569.7104216;/app/bags/user95_2017-02-24.bag;0.834065854549408;0.0;0.9619645476341248;0.0;0.667477245503997;0.5991873594733563;0.40081264052664367
1730781569.9104588;/app/bags/user95_2017-02-24.bag;0.834065854549408;0.0;0.9619645476341248;0.0;0.667477245503997;0.5991873594733563;0.40081264052664367
1730781570.1104608;/app/bags/user95_2017-02-24.bag;0.834065854549408;0.0;0.9619645476341248;0.0;0.667477245503997;0.5991873594733563;0.40081264052664367
1730781570.310398;/app/bags/user95_2017-02-24.bag;0.834065854549408;0.0;0.9619645476341248;0.0;0.667477245503997;0.5991873594733563;0.40081264052664367
1730781570.5104394;/app/bags/user95_2017-02-24.bag;0.834065854549408;0.0;0.9619645476341248;0.0;0.667477245503997;0.5991873594733563;0.40081264052664367
1730781570.710395;/app/bags/user95_2017-02-24.bag;0.834065854549408;0.0;0.9619645476341248;0.0;0.667477245503997;0.5991873594733563;0.40081264052664367
1730781570.9104385;/app/bags/user95_2017-02-24.bag;0.834065854549408;0.0;0.9619645476341248;0.0;0.667477245503997;0.5991873594733563;0.40081264052664367
1730781571.1104105;/app/bags/user95_2017-02-24.bag;0.834065854549408;0.0;0.9619645476341248;0.0;0.667477245503997;0.5991873594733563;0.40081264052664367
1730781571.3104615;/app/bags/user95_2017-02-24.bag;0.834065854549408;0.0;0.9619645476341248;0.0;0.667477245503997;0.5991873594733563;0.40081264052664367
1730781571.5103774;/app/bags/user95_2017-02-24.bag;0.834065854549408;0.0;0.9619645476341248;0.0;0.667477245503997;0.5991873594733563;0.40081264052664367
1730781571.7103846;/app/bags/user95_2017-02-24.bag;0.834065854549408;0.0;0.9619645476341248;0.0;0.667477245503997;0.5991873594733563;0.40081264052664367
1730781571.910392;/app/bags/user95_2017-02-24.bag;0.834065854549408;0.0;0.9619645476341248;0.0;0.667477245503997;0.5991873594733563;0.40081264052664367
1730781572.1104157;/app/bags/user95_2017-02-24.bag;0.834065854549408;0.0;0.9619645476341248;0.0;0.667477245503997;0.5991873594733563;0.40081264052664367
1730781572.310383;/app/bags/user95_2017-02-24.bag;0.834065854549408;0.0;0.9619645476341248;0.0;0.667477245503997;0.5991873594733563;0.40081264052664367
1730781572.5103734;/app/bags/user95_2017-02-24.bag;0.834065854549408;0.0;0.9619645476341248;0.0;0.667477245503997;0.5991873594733563;0.40081264052664367
1730781572.7104015;/app/bags/user95_2017-02-24.bag;0.834065854549408;0.0;0.9619645476341248;0.0;0.667477245503997;0.5991873594733563;0.40081264052664367
1730781572.9103873;/app/bags/user95_2017-02-24.bag;0.834065854549408;0.0;0.9619645476341248;0.0;0.667477245503997;0.5991873594733563;0.40081264052664367
1730781573.1103811;/app/bags/user95_2017-02-24.bag;0.834065854549408;0.0;0.9619645476341248;0.0;0.667477245503997;0.5991873594733563;0.40081264052664367
1730781573.310405;/app/bags/user95_2017-02-24.bag;0.834065854549408;0.0;0.9619645476341248;0.0;0.667477245503997;0.5991873594733563;0.40081264052664367
1730781573.510379;/app/bags/user95_2017-02-24.bag;0.834065854549408;0.0;0.9619645476341248;0.0;0.667477245503997;0.5991873594733563;0.40081264052664367
1730781573.7103698;/app/bags/user95_2017-02-24.bag;0.834065854549408;0.0;0.9619645476341248;0.0;0.667477245503997;0.5991873594733563;0.40081264052664367
1730781573.9103808;/app/bags/user95_2017-02-24.bag;0.834065854549408;0.0;0.9619645476341248;0.0;0.667477245503997;0.5991873594733563;0.40081264052664367
1730781574.1104362;/app/bags/user95_2017-02-24.bag;0.834065854549408;0.0;0.9619645476341248;0.0;0.667477245503997;0.5991873594733563;0.40081264052664367
1730781574.3104029;/app/bags/user95_2017-02-24.bag;0.834065854549408;0.0;0.9619645476341248;0.0;0.667477245503997;0.5991873594733563;0.40081264052664367
1730781574.510421;/app/bags/user95_2017-02-24.bag;0.834065854549408;0.0;0.9619645476341248;0.0;0.667477245503997;0.5991873594733563;0.40081264052664367
1730781574.7103782;/app/bags/user95_2017-02-24.bag;0.834065854549408;0.0;0.9619645476341248;0.0;0.667477245503997;0.5991873594733563;0.40081264052664367
1730781574.910413;/app/bags/user95_2017-02-24.bag;0.834065854549408;0.0;0.9619645476341248;0.0;0.667477245503997;0.5991873594733563;0.40081264052664367
1730781575.1103895;/app/bags/user95_2017-02-24.bag;0.834065854549408;0.0;0.9619645476341248;0.0;0.667477245503997;0.5991873594733563;0.40081264052664367
1730781575.310409;/app/bags/user95_2017-02-24.bag;0.834065854549408;0.0;0.9619645476341248;0.0;0.667477245503997;0.5991873594733563;0.40081264052664367
1730781575.5104914;/app/bags/user95_2017-02-24.bag;0.834065854549408;0.0;0.9619645476341248;0.0;0.667477245503997;0.5991873594733563;0.40081264052664367
1730781575.7103758;/app/bags/user95_2017-02-24.bag;0.834065854549408;0.0;0.9619645476341248;0.0;0.667477245503997;0.5991873594733563;0.40081264052664367
1730781575.9103873;/app/bags/user95_2017-02-24.bag;0.834065854549408;0.0;0.9619645476341248;0.0;0.667477245503997;0.5991873594733563;0.40081264052664367
1730781576.1104043;/app/bags/user95_2017-02-24.bag;0.834065854549408;0.0;0.9619645476341248;0.0;0.667477245503997;0.5991873594733563;0.40081264052664367
1730781576.3103867;/app/bags/user95_2017-02-24.bag;0.834065854549408;0.0;0.9619645476341248;0.0;0.667477245503997;0.5991873594733563;0.40081264052664367
1730781576.5104177;/app/bags/user95_2017-02-24.bag;0.834065854549408;0.0;0.9619645476341248;0.0;0.667477245503997;0.5991873594733563;0.40081264052664367
1730781576.7103493;/app/bags/user95_2017-02-24.bag;0.834065854549408;0.0;0.9619645476341248;0.0;0.667477245503997;0.5991873594733563;0.40081264052664367
1730781576.9104438;/app/bags/user95_2017-02-24.bag;0.834065854549408;0.0;0.9619645476341248;0.0;0.667477245503997;0.5991873594733563;0.40081264052664367
1730781577.110379;/app/bags/user95_2017-02-24.bag;0.834065854549408;0.0;0.9619645476341248;0.0;0.667477245503997;0.5991873594733563;0.40081264052664367
1730781577.3103762;/app/bags/user95_2017-02-24.bag;0.834065854549408;0.0;0.9619645476341248;0.0;0.667477245503997;0.5991873594733563;0.40081264052664367
1730781577.5104074;/app/bags/user95_2017-02-24.bag;0.834065854549408;0.0;0.9619645476341248;0.0;0.667477245503997;0.5991873594733563;0.40081264052664367
1730781577.7104177;/app/bags/user95_2017-02-24.bag;0.834065854549408;0.0;0.9619645476341248;0.0;0.667477245503997;0.5991873594733563;0.40081264052664367
1730781577.9103818;/app/bags/user95_2017-02-24.bag;0.834065854549408;0.0;0.9619645476341248;0.0;0.667477245503997;0.5991873594733563;0.40081264052664367
1730781578.1104226;/app/bags/user95_2017-02-24.bag;0.834065854549408;0.0;0.9619645476341248;0.0;0.667477245503997;0.5991873594733563;0.40081264052664367
1730781578.3103805;/app/bags/user95_2017-02-24.bag;0.834065854549408;0.0;0.9619645476341248;0.0;0.667477245503997;0.5991873594733563;0.40081264052664367
1730781578.51039;/app/bags/user95_2017-02-24.bag;0.834065854549408;0.0;0.9619645476341248;0.0;0.667477245503997;0.5991873594733563;0.40081264052664367
1730781578.7103765;/app/bags/user95_2017-02-24.bag;0.834065854549408;0.0;0.9619645476341248;0.0;0.667477245503997;0.5991873594733563;0.40081264052664367
1730781578.9103906;/app/bags/user95_2017-02-24.bag;0.834065854549408;0.0;0.9619645476341248;0.0;0.667477245503997;0.5991873594733563;0.40081264052664367
1730781579.110419;/app/bags/user95_2017-02-24.bag;0.834065854549408;0.0;0.9619645476341248;0.0;0.667477245503997;0.5991873594733563;0.40081264052664367
1730781579.3103652;/app/bags/user95_2017-02-24.bag;0.834065854549408;0.0;0.9619645476341248;0.0;0.667477245503997;0.5991873594733563;0.40081264052664367
1730781579.5104132;/app/bags/user95_2017-02-24.bag;0.834065854549408;0.0;0.9619645476341248;0.0;0.667477245503997;0.5991873594733563;0.40081264052664367
1730781579.710385;/app/bags/user95_2017-02-24.bag;0.834065854549408;0.0;0.9619645476341248;0.0;0.667477245503997;0.5991873594733563;0.40081264052664367
1730781579.9103887;/app/bags/user95_2017-02-24.bag;0.834065854549408;0.0;0.9619645476341248;0.0;0.667477245503997;0.5991873594733563;0.40081264052664367
1730781580.1104157;/app/bags/user95_2017-02-24.bag;0.834065854549408;0.0;0.9619645476341248;0.0;0.667477245503997;0.5991873594733563;0.40081264052664367
1730781580.3103802;/app/bags/user95_2017-02-24.bag;0.834065854549408;0.0;0.9619645476341248;0.0;0.667477245503997;0.5991873594733563;0.40081264052664367
1730781580.510377;/app/bags/user95_2017-02-24.bag;0.834065854549408;0.0;0.9619645476341248;0.0;0.667477245503997;0.5991873594733563;0.40081264052664367
1730781580.7103813;/app/bags/user95_2017-02-24.bag;0.834065854549408;0.0;0.9619645476341248;0.0;0.667477245503997;0.5991873594733563;0.40081264052664367
1730781580.9104092;/app/bags/user95_2017-02-24.bag;0.834065854549408;0.0;0.9619645476341248;0.0;0.667477245503997;0.5991873594733563;0.40081264052664367
1730781581.1104007;/app/bags/user95_2017-02-24.bag;0.834065854549408;0.0;0.9619645476341248;0.0;0.667477245503997;0.5991873594733563;0.40081264052664367
1730781581.3103755;/app/bags/user95_2017-02-24.bag;0.834065854549408;0.0;0.9619645476341248;0.0;0.667477245503997;0.5991873594733563;0.40081264052664367
1730781581.5103588;/app/bags/user95_2017-02-24.bag;0.834065854549408;0.0;0.9619645476341248;0.0;0.667477245503997;0.5991873594733563;0.40081264052664367
1730781581.7103508;/app/bags/user95_2017-02-24.bag;0.834065854549408;0.0;0.9619645476341248;0.0;0.667477245503997;0.5991873594733563;0.40081264052664367
1730781581.9103954;/app/bags/user95_2017-02-24.bag;0.834065854549408;0.0;0.9619645476341248;0.0;0.667477245503997;0.5991873594733563;0.40081264052664367
1730781582.1103806;/app/bags/user95_2017-02-24.bag;0.834065854549408;0.0;0.9619645476341248;0.0;0.667477245503997;0.5991873594733563;0.40081264052664367
1730781582.3104093;/app/bags/user95_2017-02-24.bag;0.834065854549408;0.0;0.9619645476341248;0.0;0.667477245503997;0.5991873594733563;0.40081264052664367
1730781582.510437;/app/bags/user95_2017-02-24.bag;0.834065854549408;0.0;0.9619645476341248;0.0;0.667477245503997;0.5991873594733563;0.40081264052664367
1730781582.7104006;/app/bags/user95_2017-02-24.bag;0.834065854549408;0.0;0.9619645476341248;0.0;0.667477245503997;0.5991873594733563;0.40081264052664367
1730781582.9103785;/app/bags/user95_2017-02-24.bag;0.834065854549408;0.0;0.9619645476341248;0.0;0.667477245503997;0.5991873594733563;0.40081264052664367
1730781583.1104574;/app/bags/user95_2017-02-24.bag;0.834065854549408;0.0;0.9619645476341248;0.0;0.667477245503997;0.5991873594733563;0.40081264052664367
1730781583.310379;/app/bags/user95_2017-02-24.bag;0.834065854549408;0.0;0.9619645476341248;0.0;0.667477245503997;0.5991873594733563;0.40081264052664367
1730781583.510412;/app/bags/user95_2017-02-24.bag;0.834065854549408;0.0;0.9619645476341248;0.0;0.667477245503997;0.5991873594733563;0.40081264052664367
1730781583.7103484;/app/bags/user95_2017-02-24.bag;0.834065854549408;0.0;0.9619645476341248;0.0;0.667477245503997;0.5991873594733563;0.40081264052664367
1730781583.9103744;/app/bags/user95_2017-02-24.bag;0.834065854549408;0.0;0.9619645476341248;0.0;0.667477245503997;0.5991873594733563;0.40081264052664367
1730781584.1104193;/app/bags/user95_2017-02-24.bag;0.834065854549408;0.0;0.9619645476341248;0.0;0.667477245503997;0.5991873594733563;0.40081264052664367
1730781584.3103912;/app/bags/user95_2017-02-24.bag;0.834065854549408;0.0;0.9619645476341248;0.0;0.667477245503997;0.5991873594733563;0.40081264052664367
1730781584.5103743;/app/bags/user95_2017-02-24.bag;0.834065854549408;0.0;0.9619645476341248;0.0;0.667477245503997;0.5991873594733563;0.40081264052664367
1730781584.7103958;/app/bags/user95_2017-02-24.bag;0.834065854549408;0.0;0.9619645476341248;0.0;0.667477245503997;0.5991873594733563;0.40081264052664367
1730781584.9103827;/app/bags/user95_2017-02-24.bag;0.834065854549408;0.0;0.9619645476341248;0.0;0.667477245503997;0.5991873594733563;0.40081264052664367
1730781585.110369;/app/bags/user95_2017-02-24.bag;0.834065854549408;0.0;0.9619645476341248;0.0;0.667477245503997;0.5991873594733563;0.40081264052664367
1730781585.3103588;/app/bags/user95_2017-02-24.bag;0.834065854549408;0.0;0.9619645476341248;0.0;0.667477245503997;0.5991873594733563;0.40081264052664367
1730781585.5103848;/app/bags/user95_2017-02-24.bag;0.834065854549408;0.0;0.9619645476341248;0.0;0.667477245503997;0.5991873594733563;0.40081264052664367
1730781585.7103887;/app/bags/user95_2017-02-24.bag;0.834065854549408;0.0;0.9619645476341248;0.0;0.667477245503997;0.5991873594733563;0.40081264052664367
1730781585.91051;/app/bags/user95_2017-02-24.bag;0.834065854549408;0.0;0.9619645476341248;0.0;0.667477245503997;0.5991873594733563;0.40081264052664367
1730781586.110465;/app/bags/user95_2017-02-24.bag;0.834065854549408;0.0;0.9619645476341248;0.0;0.667477245503997;0.5991873594733563;0.40081264052664367
1730781586.3104048;/app/bags/user95_2017-02-24.bag;0.834065854549408;0.0;0.9619645476341248;0.0;0.667477245503997;0.5991873594733563;0.40081264052664367
1730781586.510381;/app/bags/user95_2017-02-24.bag;0.834065854549408;0.0;0.9619645476341248;0.0;0.667477245503997;0.5991873594733563;0.40081264052664367
1730781586.710443;/app/bags/user95_2017-02-24.bag;0.834065854549408;0.0;0.9619645476341248;0.0;0.667477245503997;0.5991873594733563;0.40081264052664367
1730781586.9104156;/app/bags/user95_2017-02-24.bag;0.834065854549408;0.0;0.9619645476341248;0.0;0.667477245503997;0.5991873594733563;0.40081264052664367
1730781587.1104956;/app/bags/user95_2017-02-24.bag;0.834065854549408;0.0;0.9619645476341248;0.0;0.667477245503997;0.5991873594733563;0.40081264052664367
1730781587.3103724;/app/bags/user95_2017-02-24.bag;0.834065854549408;0.0;0.9619645476341248;0.0;0.667477245503997;0.5991873594733563;0.40081264052664367
1730781587.51039;/app/bags/user95_2017-02-24.bag;0.834065854549408;0.0;0.9619645476341248;0.0;0.667477245503997;0.5991873594733563;0.40081264052664367
1730781587.7103817;/app/bags/user95_2017-02-24.bag;0.834065854549408;0.0;0.9619645476341248;0.0;0.667477245503997;0.5991873594733563;0.40081264052664367
1730781587.9103878;/app/bags/user95_2017-02-24.bag;0.834065854549408;0.0;0.9619645476341248;0.0;0.667477245503997;0.5991873594733563;0.40081264052664367
1730781588.1104407;/app/bags/user95_2017-02-24.bag;0.834065854549408;0.0;0.9619645476341248;0.0;0.667477245503997;0.5991873594733563;0.40081264052664367
1730781588.3104205;/app/bags/user95_2017-02-24.bag;0.834065854549408;0.0;0.9619645476341248;0.0;0.667477245503997;0.5991873594733563;0.40081264052664367
1730781588.510376;/app/bags/user95_2017-02-24.bag;0.834065854549408;0.0;0.9619645476341248;0.0;0.667477245503997;0.5991873594733563;0.40081264052664367
1730781588.7104156;/app/bags/user95_2017-02-24.bag;0.834065854549408;0.0;0.9619645476341248;0.0;0.667477245503997;0.5991873594733563;0.40081264052664367
1730781588.910387;/app/bags/user95_2017-02-24.bag;0.834065854549408;0.0;0.9619645476341248;0.0;0.667477245503997;0.5991873594733563;0.40081264052664367
1730781589.1103566;/app/bags/user95_2017-02-24.bag;0.834065854549408;0.0;0.9619645476341248;0.0;0.667477245503997;0.5991873594733563;0.40081264052664367
1730781589.3104935;/app/bags/user95_2017-02-24.bag;0.834065854549408;0.0;0.9619645476341248;0.0;0.667477245503997;0.5991873594733563;0.40081264052664367
1730781589.5104022;/app/bags/user95_2017-02-24.bag;0.834065854549408;0.0;0.9619645476341248;0.0;0.667477245503997;0.5991873594733563;0.40081264052664367
1730781589.7103822;/app/bags/user95_2017-02-24.bag;0.834065854549408;0.0;0.9619645476341248;0.0;0.667477245503997;0.5991873594733563;0.40081264052664367
1730781589.910384;/app/bags/user95_2017-02-24.bag;0.834065854549408;0.0;0.9619645476341248;0.0;0.667477245503997;0.5991873594733563;0.40081264052664367
1730781590.1104271;/app/bags/user95_2017-02-24.bag;0.834065854549408;0.0;0.9619645476341248;0.0;0.667477245503997;0.5991873594733563;0.40081264052664367
1730781590.310371;/app/bags/user95_2017-02-24.bag;0.834065854549408;0.0;0.9619645476341248;0.0;0.667477245503997;0.5991873594733563;0.40081264052664367
1730781590.5104678;/app/bags/user95_2017-02-24.bag;0.834065854549408;0.0;0.9619645476341248;0.0;0.667477245503997;0.5991873594733563;0.40081264052664367
1730781590.7104025;/app/bags/user95_2017-02-24.bag;0.834065854549408;0.0;0.9619645476341248;0.0;0.667477245503997;0.5991873594733563;0.40081264052664367
1730781590.910363;/app/bags/user95_2017-02-24.bag;0.834065854549408;0.0;0.9619645476341248;0.0;0.667477245503997;0.5991873594733563;0.40081264052664367
1730781591.1103725;/app/bags/user95_2017-02-24.bag;0.834065854549408;0.0;0.9619645476341248;0.0;0.667477245503997;0.5991873594733563;0.40081264052664367
1730781591.3103967;/app/bags/user95_2017-02-24.bag;0.834065854549408;0.0;0.9619645476341248;0.0;0.667477245503997;0.5991873594733563;0.40081264052664367
1730781591.510377;/app/bags/user95_2017-02-24.bag;0.834065854549408;0.0;0.9619645476341248;0.0;0.667477245503997;0.5991873594733563;0.40081264052664367
1730781591.7104318;/app/bags/user95_2017-02-24.bag;0.834065854549408;0.0;0.9619645476341248;0.0;0.667477245503997;0.5991873594733563;0.40081264052664367
1730781591.910386;/app/bags/user95_2017-02-24.bag;0.834065854549408;0.0;0.9619645476341248;0.0;0.667477245503997;0.5991873594733563;0.40081264052664367
1730781592.110406;/app/bags/user95_2017-02-24.bag;0.834065854549408;0.0;0.9619645476341248;0.0;0.667477245503997;0.5991873594733563;0.40081264052664367
1730781592.31039;/app/bags/user95_2017-02-24.bag;0.834065854549408;0.0;0.9619645476341248;0.0;0.667477245503997;0.5991873594733563;0.40081264052664367
1730781592.5103948;/app/bags/user95_2017-02-24.bag;0.834065854549408;0.0;0.9619645476341248;0.0;0.667477245503997;0.5991873594733563;0.40081264052664367
1730781592.710424;/app/bags/user95_2017-02-24.bag;0.834065854549408;0.0;0.9619645476341248;0.0;0.667477245503997;0.5991873594733563;0.40081264052664367
1730781592.9104168;/app/bags/user95_2017-02-24.bag;0.834065854549408;0.0;0.9619645476341248;0.0;0.667477245503997;0.5991873594733563;0.40081264052664367
1730781593.11038;/app/bags/user95_2017-02-24.bag;0.834065854549408;0.0;0.9619645476341248;0.0;0.667477245503997;0.5991873594733563;0.40081264052664367
1730781593.3103933;/app/bags/user95_2017-02-24.bag;0.834065854549408;0.0;0.9619645476341248;0.0;0.667477245503997;0.5991873594733563;0.40081264052664367
1730781593.5104887;/app/bags/user95_2017-02-24.bag;0.834065854549408;0.0;0.9619645476341248;0.0;0.667477245503997;0.5991873594733563;0.40081264052664367
1730781593.7104154;/app/bags/user95_2017-02-24.bag;0.834065854549408;0.0;0.9619645476341248;0.0;0.667477245503997;0.5991873594733563;0.40081264052664367
1730781593.9103885;/app/bags/user95_2017-02-24.bag;0.834065854549408;0.0;0.9619645476341248;0.0;0.667477245503997;0.5991873594733563;0.40081264052664367
1730781594.1103883;/app/bags/user95_2017-02-24.bag;0.834065854549408;0.0;0.9619645476341248;0.0;0.667477245503997;0.5991873594733563;0.40081264052664367
1730781594.3103719;/app/bags/user95_2017-02-24.bag;0.834065854549408;0.0;0.9619645476341248;0.0;0.667477245503997;0.5991873594733563;0.40081264052664367
1730781594.5103798;/app/bags/user95_2017-02-24.bag;0.834065854549408;0.0;0.9619645476341248;0.0;0.667477245503997;0.5991873594733563;0.40081264052664367
1730781594.710415;/app/bags/user95_2017-02-24.bag;0.834065854549408;0.0;0.9619645476341248;0.0;0.667477245503997;0.5991873594733563;0.40081264052664367
1730781594.910396;/app/bags/user95_2017-02-24.bag;0.834065854549408;0.0;0.9619645476341248;0.0;0.667477245503997;0.5991873594733563;0.40081264052664367
1730781595.110383;/app/bags/user95_2017-02-24.bag;0.834065854549408;0.0;0.9619645476341248;0.0;0.667477245503997;0.5991873594733563;0.40081264052664367
1730781595.3103778;/app/bags/user95_2017-02-24.bag;0.834065854549408;0.0;0.9619645476341248;0.0;0.667477245503997;0.5991873594733563;0.40081264052664367
1730781595.5104136;/app/bags/user95_2017-02-24.bag;0.834065854549408;0.0;0.9619645476341248;0.0;0.667477245503997;0.5991873594733563;0.40081264052664367
1730781595.7103827;/app/bags/user95_2017-02-24.bag;0.834065854549408;0.0;0.9619645476341248;0.0;0.667477245503997;0.5991873594733563;0.40081264052664367
1730781595.9104226;/app/bags/user95_2017-02-24.bag;0.834065854549408;0.0;0.9619645476341248;0.0;0.667477245503997;0.5991873594733563;0.40081264052664367
1730781596.1103773;/app/bags/user95_2017-02-24.bag;0.834065854549408;0.0;0.9619645476341248;0.0;0.667477245503997;0.5991873594733563;0.40081264052664367
1730781596.3103824;/app/bags/user95_2017-02-24.bag;0.834065854549408;0.0;0.9619645476341248;0.0;0.667477245503997;0.5991873594733563;0.40081264052664367
1730781596.5104077;/app/bags/user95_2017-02-24.bag;0.834065854549408;0.0;0.9619645476341248;0.0;0.667477245503997;0.5991873594733563;0.40081264052664367
1730781596.7103813;/app/bags/user95_2017-02-24.bag;0.834065854549408;0.0;0.9619645476341248;0.0;0.667477245503997;0.5991873594733563;0.40081264052664367
1730781596.910425;/app/bags/user95_2017-02-24.bag;0.834065854549408;0.0;0.9619645476341248;0.0;0.667477245503997;0.5991873594733563;0.40081264052664367
1730781597.110382;/app/bags/user95_2017-02-24.bag;0.834065854549408;0.0;0.9619645476341248;0.0;0.667477245503997;0.5991873594733563;0.40081264052664367
1730781597.3103855;/app/bags/user95_2017-02-24.bag;0.834065854549408;0.0;0.9619645476341248;0.0;0.667477245503997;0.5991873594733563;0.40081264052664367
1730781597.5103848;/app/bags/user95_2017-02-24.bag;0.834065854549408;0.0;0.9619645476341248;0.0;0.667477245503997;0.5991873594733563;0.40081264052664367
1730781597.7104058;/app/bags/user95_2017-02-24.bag;0.834065854549408;0.0;0.9619645476341248;0.0;0.667477245503997;0.5991873594733563;0.40081264052664367
1730781597.9104066;/app/bags/user95_2017-02-24.bag;0.834065854549408;0.0;0.9619645476341248;0.0;0.667477245503997;0.5991873594733563;0.40081264052664367
1730781598.1103892;/app/bags/user95_2017-02-24.bag;0.834065854549408;0.0;0.9619645476341248;0.0;0.667477245503997;0.5991873594733563;0.40081264052664367
1730781598.310423;/app/bags/user95_2017-02-24.bag;0.834065854549408;0.0;0.9619645476341248;0.0;0.667477245503997;0.5991873594733563;0.40081264052664367
1730781598.5103571;/app/bags/user95_2017-02-24.bag;0.834065854549408;0.0;0.9619645476341248;0.0;0.667477245503997;0.5991873594733563;0.40081264052664367
1730781598.7103777;/app/bags/user95_2017-02-24.bag;0.834065854549408;0.0;0.9619645476341248;0.0;0.667477245503997;0.5991873594733563;0.40081264052664367
1730781598.9103918;/app/bags/user95_2017-02-24.bag;0.834065854549408;0.0;0.9619645476341248;0.0;0.667477245503997;0.5991873594733563;0.40081264052664367
1730781599.1104121;/app/bags/user95_2017-02-24.bag;0.834065854549408;0.0;0.9619645476341248;0.0;0.667477245503997;0.5991873594733563;0.40081264052664367
1730781599.310433;/app/bags/user95_2017-02-24.bag;0.834065854549408;0.0;0.9619645476341248;0.0;0.667477245503997;0.5991873594733563;0.40081264052664367
1730781599.5104089;/app/bags/user95_2017-02-24.bag;0.834065854549408;0.0;0.9619645476341248;0.0;0.667477245503997;0.5991873594733563;0.40081264052664367
1730781599.710385;/app/bags/user95_2017-02-24.bag;0.834065854549408;0.0;0.9619645476341248;0.0;0.667477245503997;0.5991873594733563;0.40081264052664367
1730781599.9103785;/app/bags/user95_2017-02-24.bag;0.834065854549408;0.0;0.9619645476341248;0.0;0.667477245503997;0.5991873594733563;0.40081264052664367
1730781600.1104357;/app/bags/user95_2017-02-24.bag;0.834065854549408;0.0;0.9619645476341248;0.0;0.667477245503997;0.5991873594733563;0.40081264052664367
1730781600.310382;/app/bags/user95_2017-02-24.bag;0.834065854549408;0.0;0.9619645476341248;0.0;0.667477245503997;0.5991873594733563;0.40081264052664367
1730781600.510429;/app/bags/user95_2017-02-24.bag;0.834065854549408;0.0;0.9619645476341248;0.0;0.667477245503997;0.5991873594733563;0.40081264052664367
1730781600.710509;/app/bags/user95_2017-02-24.bag;0.834065854549408;0.0;0.9619645476341248;0.0;0.667477245503997;0.5991873594733563;0.40081264052664367
1730781600.9103703;/app/bags/user95_2017-02-24.bag;0.834065854549408;0.0;0.9619645476341248;0.0;0.667477245503997;0.5991873594733563;0.40081264052664367
1730781601.1105807;/app/bags/user95_2017-02-24.bag;0.834065854549408;0.0;0.9619645476341248;0.0;0.667477245503997;0.5991873594733563;0.40081264052664367
1730781601.310449;/app/bags/user95_2017-02-24.bag;0.834065854549408;0.0;0.9619645476341248;0.0;0.667477245503997;0.5991873594733563;0.40081264052664367
1730781601.5105202;/app/bags/user95_2017-02-24.bag;0.834065854549408;0.0;0.9619645476341248;0.0;0.667477245503997;0.5991873594733563;0.40081264052664367
1730781601.7103486;/app/bags/user95_2017-02-24.bag;0.834065854549408;0.0;0.9619645476341248;0.0;0.667477245503997;0.5991873594733563;0.40081264052664367
1730781601.9104066;/app/bags/user95_2017-02-24.bag;0.834065854549408;0.0;0.9619645476341248;0.0;0.667477245503997;0.5991873594733563;0.40081264052664367
1730781602.1104355;/app/bags/user95_2017-02-24.bag;0.834065854549408;0.0;0.9619645476341248;0.0;0.667477245503997;0.5991873594733563;0.40081264052664367
1730781602.3104315;/app/bags/user95_2017-02-24.bag;0.834065854549408;0.0;0.9619645476341248;0.0;0.667477245503997;0.5991873594733563;0.40081264052664367
1730781602.5103998;/app/bags/user95_2017-02-24.bag;0.834065854549408;0.0;0.9619645476341248;0.0;0.667477245503997;0.5991873594733563;0.40081264052664367
1730781602.710387;/app/bags/user95_2017-02-24.bag;0.834065854549408;0.0;0.9619645476341248;0.0;0.667477245503997;0.5991873594733563;0.40081264052664367
1730781602.9103844;/app/bags/user95_2017-02-24.bag;0.834065854549408;0.0;0.9619645476341248;0.0;0.667477245503997;0.5991873594733563;0.40081264052664367
1730781603.110391;/app/bags/user95_2017-02-24.bag;0.834065854549408;0.0;0.9619645476341248;0.0;0.667477245503997;0.5991873594733563;0.40081264052664367
1730781603.310376;/app/bags/user95_2017-02-24.bag;0.834065854549408;0.0;0.9619645476341248;0.0;0.667477245503997;0.5991873594733563;0.40081264052664367
1730781603.5103848;/app/bags/user95_2017-02-24.bag;0.834065854549408;0.0;0.9619645476341248;0.0;0.667477245503997;0.5991873594733563;0.40081264052664367
1730781603.7103608;/app/bags/user95_2017-02-24.bag;0.834065854549408;0.0;0.9619645476341248;0.0;0.667477245503997;0.5991873594733563;0.40081264052664367
1730781603.91039;/app/bags/user95_2017-02-24.bag;0.834065854549408;0.0;0.9619645476341248;0.0;0.667477245503997;0.5991873594733563;0.40081264052664367
1730781604.1103792;/app/bags/user95_2017-02-24.bag;0.834065854549408;0.0;0.9619645476341248;0.0;0.667477245503997;0.5991873594733563;0.40081264052664367
1730781604.3103817;/app/bags/user95_2017-02-24.bag;0.834065854549408;0.0;0.9619645476341248;0.0;0.667477245503997;0.5991873594733563;0.40081264052664367
1730781604.5104358;/app/bags/user95_2017-02-24.bag;0.834065854549408;0.0;0.9619645476341248;0.0;0.667477245503997;0.5991873594733563;0.40081264052664367
1730781604.710376;/app/bags/user95_2017-02-24.bag;0.834065854549408;0.0;0.9619645476341248;0.0;0.667477245503997;0.5991873594733563;0.40081264052664367
1730781604.9104152;/app/bags/user95_2017-02-24.bag;0.834065854549408;0.0;0.9619645476341248;0.0;0.667477245503997;0.5991873594733563;0.40081264052664367
1730781605.1104314;/app/bags/user95_2017-02-24.bag;0.834065854549408;0.0;0.9619645476341248;0.0;0.667477245503997;0.5991873594733563;0.40081264052664367
1730781605.3104315;/app/bags/user95_2017-02-24.bag;0.834065854549408;0.0;0.9619645476341248;0.0;0.667477245503997;0.5991873594733563;0.40081264052664367
1730781605.510403;/app/bags/user95_2017-02-24.bag;0.834065854549408;0.0;0.9619645476341248;0.0;0.667477245503997;0.5991873594733563;0.40081264052664367
1730781605.710381;/app/bags/user95_2017-02-24.bag;0.834065854549408;0.0;0.9619645476341248;0.0;0.667477245503997;0.5991873594733563;0.40081264052664367
1730781605.910422;/app/bags/user95_2017-02-24.bag;0.834065854549408;0.0;0.9619645476341248;0.0;0.667477245503997;0.5991873594733563;0.40081264052664367
1730781606.1104093;/app/bags/user95_2017-02-24.bag;0.834065854549408;0.0;0.9619645476341248;0.0;0.667477245503997;0.5991873594733563;0.40081264052664367
1730781606.31036;/app/bags/user95_2017-02-24.bag;0.834065854549408;0.0;0.9619645476341248;0.0;0.667477245503997;0.5991873594733563;0.40081264052664367
1730781606.5103638;/app/bags/user95_2017-02-24.bag;0.834065854549408;0.0;0.9619645476341248;0.0;0.667477245503997;0.5991873594733563;0.40081264052664367
1730781606.7104218;/app/bags/user95_2017-02-24.bag;0.834065854549408;0.0;0.9619645476341248;0.0;0.667477245503997;0.5991873594733563;0.40081264052664367
1730781606.9104297;/app/bags/user95_2017-02-24.bag;0.834065854549408;0.0;0.9619645476341248;0.0;0.667477245503997;0.5991873594733563;0.40081264052664367
1730781607.1103904;/app/bags/user95_2017-02-24.bag;0.834065854549408;0.0;0.9619645476341248;0.0;0.667477245503997;0.5991873594733563;0.40081264052664367
1730781607.310373;/app/bags/user95_2017-02-24.bag;0.834065854549408;0.0;0.9619645476341248;0.0;0.667477245503997;0.5991873594733563;0.40081264052664367
1730781607.5104687;/app/bags/user95_2017-02-24.bag;0.834065854549408;0.0;0.9619645476341248;0.0;0.667477245503997;0.5991873594733563;0.40081264052664367
1730781607.7103539;/app/bags/user95_2017-02-24.bag;0.834065854549408;0.0;0.9619645476341248;0.0;0.667477245503997;0.5991873594733563;0.40081264052664367
1730781607.910482;/app/bags/user95_2017-02-24.bag;0.834065854549408;0.0;0.9619645476341248;0.0;0.667477245503997;0.5991873594733563;0.40081264052664367
1730781608.110467;/app/bags/user95_2017-02-24.bag;0.834065854549408;0.0;0.9619645476341248;0.0;0.667477245503997;0.5991873594733563;0.40081264052664367
1730781608.3103743;/app/bags/user95_2017-02-24.bag;0.834065854549408;0.0;0.9619645476341248;0.0;0.667477245503997;0.5991873594733563;0.40081264052664367
1730781608.5104585;/app/bags/user95_2017-02-24.bag;0.834065854549408;0.0;0.9619645476341248;0.0;0.667477245503997;0.5991873594733563;0.40081264052664367
1730781608.7104332;/app/bags/user95_2017-02-24.bag;0.834065854549408;0.0;0.9619645476341248;0.0;0.667477245503997;0.5991873594733563;0.40081264052664367
1730781608.9103885;/app/bags/user95_2017-02-24.bag;0.834065854549408;0.0;0.9619645476341248;0.0;0.667477245503997;0.5991873594733563;0.40081264052664367
1730781609.1103964;/app/bags/user95_2017-02-24.bag;0.834065854549408;0.0;0.9619645476341248;0.0;0.667477245503997;0.5991873594733563;0.40081264052664367
1730781609.3103714;/app/bags/user95_2017-02-24.bag;0.834065854549408;0.0;0.9619645476341248;0.0;0.667477245503997;0.5991873594733563;0.40081264052664367
1730781609.5103843;/app/bags/user95_2017-02-24.bag;0.834065854549408;0.0;0.9619645476341248;0.0;0.667477245503997;0.5991873594733563;0.40081264052664367
1730781609.7103803;/app/bags/user95_2017-02-24.bag;0.834065854549408;0.0;0.9619645476341248;0.0;0.667477245503997;0.5991873594733563;0.40081264052664367
1730781609.9103956;/app/bags/user95_2017-02-24.bag;0.834065854549408;0.0;0.9619645476341248;0.0;0.667477245503997;0.5991873594733563;0.40081264052664367
1730781610.110403;/app/bags/user95_2017-02-24.bag;0.834065854549408;0.0;0.9619645476341248;0.0;0.667477245503997;0.5991873594733563;0.40081264052664367
1730781610.3104303;/app/bags/user95_2017-02-24.bag;0.834065854549408;0.0;0.9619645476341248;0.0;0.667477245503997;0.5991873594733563;0.40081264052664367
1730781610.5104153;/app/bags/user95_2017-02-24.bag;0.834065854549408;0.0;0.9619645476341248;0.0;0.667477245503997;0.5991873594733563;0.40081264052664367
1730781610.7103717;/app/bags/user95_2017-02-24.bag;0.834065854549408;0.0;0.9619645476341248;0.0;0.667477245503997;0.5991873594733563;0.40081264052664367
1730781610.9103868;/app/bags/user95_2017-02-24.bag;0.834065854549408;0.0;0.9619645476341248;0.0;0.667477245503997;0.5991873594733563;0.40081264052664367
1730781611.11042;/app/bags/user95_2017-02-24.bag;0.834065854549408;0.0;0.9619645476341248;0.0;0.667477245503997;0.5991873594733563;0.40081264052664367
1730781611.3103514;/app/bags/user95_2017-02-24.bag;0.834065854549408;0.0;0.9619645476341248;0.0;0.667477245503997;0.5991873594733563;0.40081264052664367
1730781611.5103874;/app/bags/user95_2017-02-24.bag;0.834065854549408;0.0;0.9619645476341248;0.0;0.667477245503997;0.5991873594733563;0.40081264052664367
1730781611.710452;/app/bags/user95_2017-02-24.bag;0.834065854549408;0.0;0.9619645476341248;0.0;0.667477245503997;0.5991873594733563;0.40081264052664367
1730781611.9103858;/app/bags/user95_2017-02-24.bag;0.834065854549408;0.0;0.9619645476341248;0.0;0.667477245503997;0.5991873594733563;0.40081264052664367
1730781612.1104252;/app/bags/user95_2017-02-24.bag;0.834065854549408;0.0;0.9619645476341248;0.0;0.667477245503997;0.5991873594733563;0.40081264052664367
1730781612.3103676;/app/bags/user95_2017-02-24.bag;0.834065854549408;0.0;0.9619645476341248;0.0;0.667477245503997;0.5991873594733563;0.40081264052664367
1730781612.5103967;/app/bags/user95_2017-02-24.bag;0.834065854549408;0.0;0.9619645476341248;0.0;0.667477245503997;0.5991873594733563;0.40081264052664367
1730781612.7103603;/app/bags/user95_2017-02-24.bag;0.834065854549408;0.0;0.9619645476341248;0.0;0.667477245503997;0.5991873594733563;0.40081264052664367
1730781612.9103754;/app/bags/user95_2017-02-24.bag;0.834065854549408;0.0;0.9619645476341248;0.0;0.667477245503997;0.5991873594733563;0.40081264052664367
1730781613.1104555;/app/bags/user95_2017-02-24.bag;0.834065854549408;0.0;0.9619645476341248;0.0;0.667477245503997;0.5991873594733563;0.40081264052664367
1730781613.3103971;/app/bags/user95_2017-02-24.bag;0.834065854549408;0.0;0.9619645476341248;0.0;0.667477245503997;0.5991873594733563;0.40081264052664367
1730781613.5103426;/app/bags/user95_2017-02-24.bag;0.834065854549408;0.0;0.9619645476341248;0.0;0.667477245503997;0.5991873594733563;0.40081264052664367
1730781613.7103655;/app/bags/user95_2017-02-24.bag;0.834065854549408;0.0;0.9619645476341248;0.0;0.667477245503997;0.5991873594733563;0.40081264052664367
1730781613.9103777;/app/bags/user95_2017-02-24.bag;0.834065854549408;0.0;0.9619645476341248;0.0;0.667477245503997;0.5991873594733563;0.40081264052664367
1730781614.1103652;/app/bags/user95_2017-02-24.bag;0.834065854549408;0.0;0.9619645476341248;0.0;0.667477245503997;0.5991873594733563;0.40081264052664367
1730781614.31039;/app/bags/user95_2017-02-24.bag;0.834065854549408;0.0;0.9619645476341248;0.0;0.667477245503997;0.5991873594733563;0.40081264052664367
1730781614.5103912;/app/bags/user95_2017-02-24.bag;0.834065854549408;0.0;0.9619645476341248;0.0;0.667477245503997;0.5991873594733563;0.40081264052664367
1730781614.7103353;/app/bags/user95_2017-02-24.bag;0.834065854549408;0.0;0.9619645476341248;0.0;0.667477245503997;0.5991873594733563;0.40081264052664367
1730781614.9103544;/app/bags/user95_2017-02-24.bag;0.834065854549408;0.0;0.9619645476341248;0.0;0.667477245503997;0.5991873594733563;0.40081264052664367
1730781615.110396;/app/bags/user95_2017-02-24.bag;0.834065854549408;0.0;0.9619645476341248;0.0;0.667477245503997;0.5991873594733563;0.40081264052664367
1730781615.3104625;/app/bags/user95_2017-02-24.bag;0.834065854549408;0.0;0.9619645476341248;0.0;0.667477245503997;0.5991873594733563;0.40081264052664367
1730781615.5104554;/app/bags/user95_2017-02-24.bag;0.834065854549408;0.0;0.9619645476341248;0.0;0.667477245503997;0.5991873594733563;0.40081264052664367
1730781615.710394;/app/bags/user95_2017-02-24.bag;0.834065854549408;0.0;0.9619645476341248;0.0;0.667477245503997;0.5991873594733563;0.40081264052664367
1730781615.9103818;/app/bags/user95_2017-02-24.bag;0.834065854549408;0.0;0.9619645476341248;0.0;0.667477245503997;0.5991873594733563;0.40081264052664367
1730781616.1103778;/app/bags/user95_2017-02-24.bag;0.834065854549408;0.0;0.9619645476341248;0.0;0.667477245503997;0.5991873594733563;0.40081264052664367
1730781616.3103826;/app/bags/user95_2017-02-24.bag;0.834065854549408;0.0;0.9619645476341248;0.0;0.667477245503997;0.5991873594733563;0.40081264052664367
1730781616.5103924;/app/bags/user95_2017-02-24.bag;0.834065854549408;0.0;0.9619645476341248;0.0;0.667477245503997;0.5991873594733563;0.40081264052664367
1730781616.7103875;/app/bags/user95_2017-02-24.bag;0.834065854549408;0.0;0.9619645476341248;0.0;0.667477245503997;0.5991873594733563;0.40081264052664367
1730781616.9103827;/app/bags/user95_2017-02-24.bag;0.834065854549408;0.0;0.9619645476341248;0.0;0.667477245503997;0.5991873594733563;0.40081264052664367
1730781617.1104078;/app/bags/user95_2017-02-24.bag;0.834065854549408;0.0;0.9619645476341248;0.0;0.667477245503997;0.5991873594733563;0.40081264052664367
1730781617.31041;/app/bags/user95_2017-02-24.bag;0.834065854549408;0.0;0.9619645476341248;0.0;0.667477245503997;0.5991873594733563;0.40081264052664367
1730781617.5104153;/app/bags/user95_2017-02-24.bag;0.834065854549408;0.0;0.9619645476341248;0.0;0.667477245503997;0.5991873594733563;0.40081264052664367
1730781617.7103992;/app/bags/user95_2017-02-24.bag;0.834065854549408;0.0;0.9619645476341248;0.0;0.667477245503997;0.5991873594733563;0.40081264052664367
1730781617.910443;/app/bags/user95_2017-02-24.bag;0.834065854549408;0.0;0.9619645476341248;0.0;0.667477245503997;0.5991873594733563;0.40081264052664367
1730781618.1103694;/app/bags/user95_2017-02-24.bag;0.834065854549408;0.0;0.9619645476341248;0.0;0.667477245503997;0.5991873594733563;0.40081264052664367
1730781618.3104079;/app/bags/user95_2017-02-24.bag;0.834065854549408;0.0;0.9619645476341248;0.0;0.667477245503997;0.5991873594733563;0.40081264052664367
1730781618.5103903;/app/bags/user95_2017-02-24.bag;0.834065854549408;0.0;0.9619645476341248;0.0;0.667477245503997;0.5991873594733563;0.40081264052664367
1730781618.7103782;/app/bags/user95_2017-02-24.bag;0.834065854549408;0.0;0.9619645476341248;0.0;0.667477245503997;0.5991873594733563;0.40081264052664367
1730781618.9104695;/app/bags/user95_2017-02-24.bag;0.834065854549408;0.0;0.9619645476341248;0.0;0.667477245503997;0.5991873594733563;0.40081264052664367
1730781619.1103926;/app/bags/user95_2017-02-24.bag;0.834065854549408;0.0;0.9619645476341248;0.0;0.667477245503997;0.5991873594733563;0.40081264052664367
1730781619.3103893;/app/bags/user95_2017-02-24.bag;0.834065854549408;0.0;0.9619645476341248;0.0;0.667477245503997;0.5991873594733563;0.40081264052664367
1730781619.510392;/app/bags/user95_2017-02-24.bag;0.834065854549408;0.0;0.9619645476341248;0.0;0.667477245503997;0.5991873594733563;0.40081264052664367
1730781619.7103655;/app/bags/user95_2017-02-24.bag;0.834065854549408;0.0;0.9619645476341248;0.0;0.667477245503997;0.5991873594733563;0.40081264052664367
1730781619.9103787;/app/bags/user95_2017-02-24.bag;0.834065854549408;0.0;0.9619645476341248;0.0;0.667477245503997;0.5991873594733563;0.40081264052664367
1730781620.1103938;/app/bags/user95_2017-02-24.bag;0.834065854549408;0.0;0.9619645476341248;0.0;0.667477245503997;0.5991873594733563;0.40081264052664367
1730781620.3104055;/app/bags/user95_2017-02-24.bag;0.834065854549408;0.0;0.9619645476341248;0.0;0.667477245503997;0.5991873594733563;0.40081264052664367
1730781620.510433;/app/bags/user95_2017-02-24.bag;0.834065854549408;0.0;0.9619645476341248;0.0;0.667477245503997;0.5991873594733563;0.40081264052664367
1730781620.7104218;/app/bags/user95_2017-02-24.bag;0.834065854549408;0.0;0.9619645476341248;0.0;0.667477245503997;0.5991873594733563;0.40081264052664367
1730781620.9103665;/app/bags/user95_2017-02-24.bag;0.834065854549408;0.0;0.9619645476341248;0.0;0.667477245503997;0.5991873594733563;0.40081264052664367
1730781621.11041;/app/bags/user95_2017-02-24.bag;0.834065854549408;0.0;0.9619645476341248;0.0;0.667477245503997;0.5991873594733563;0.40081264052664367
1730781621.310415;/app/bags/user95_2017-02-24.bag;0.834065854549408;0.0;0.9619645476341248;0.0;0.667477245503997;0.5991873594733563;0.40081264052664367
1730781621.5104177;/app/bags/user95_2017-02-24.bag;0.834065854549408;0.0;0.9619645476341248;0.0;0.667477245503997;0.5991873594733563;0.40081264052664367
1730781621.7103784;/app/bags/user95_2017-02-24.bag;0.834065854549408;0.0;0.9619645476341248;0.0;0.667477245503997;0.5991873594733563;0.40081264052664367
1730781621.9103775;/app/bags/user95_2017-02-24.bag;0.834065854549408;0.0;0.9619645476341248;0.0;0.667477245503997;0.5991873594733563;0.40081264052664367
1730781622.1104066;/app/bags/user95_2017-02-24.bag;0.834065854549408;0.0;0.9619645476341248;0.0;0.667477245503997;0.5991873594733563;0.40081264052664367
1730781622.3103821;/app/bags/user95_2017-02-24.bag;0.834065854549408;0.0;0.9619645476341248;0.0;0.667477245503997;0.5991873594733563;0.40081264052664367
1730781622.510374;/app/bags/user95_2017-02-24.bag;0.834065854549408;0.0;0.9619645476341248;0.0;0.667477245503997;0.5991873594733563;0.40081264052664367
1730781622.7104108;/app/bags/user95_2017-02-24.bag;0.834065854549408;0.0;0.9619645476341248;0.0;0.667477245503997;0.5991873594733563;0.40081264052664367
1730781622.9103568;/app/bags/user95_2017-02-24.bag;0.834065854549408;0.0;0.9619645476341248;0.0;0.667477245503997;0.5991873594733563;0.40081264052664367
1730781623.1104403;/app/bags/user95_2017-02-24.bag;0.834065854549408;0.0;0.9619645476341248;0.0;0.667477245503997;0.5991873594733563;0.40081264052664367
1730781623.3104289;/app/bags/user95_2017-02-24.bag;0.834065854549408;0.0;0.9619645476341248;0.0;0.667477245503997;0.5991873594733563;0.40081264052664367
1730781623.510411;/app/bags/user95_2017-02-24.bag;0.834065854549408;0.0;0.9619645476341248;0.0;0.667477245503997;0.5991873594733563;0.40081264052664367
1730781623.7104018;/app/bags/user95_2017-02-24.bag;0.834065854549408;0.0;0.9619645476341248;0.0;0.667477245503997;0.5991873594733563;0.40081264052664367
1730781623.91037;/app/bags/user95_2017-02-24.bag;0.834065854549408;0.0;0.9619645476341248;0.0;0.667477245503997;0.5991873594733563;0.40081264052664367
1730781624.1103814;/app/bags/user95_2017-02-24.bag;0.834065854549408;0.0;0.9619645476341248;0.0;0.667477245503997;0.5991873594733563;0.40081264052664367
1730781624.3103771;/app/bags/user95_2017-02-24.bag;0.834065854549408;0.0;0.9619645476341248;0.0;0.667477245503997;0.5991873594733563;0.40081264052664367
1730781624.5104237;/app/bags/user95_2017-02-24.bag;0.834065854549408;0.0;0.9619645476341248;0.0;0.667477245503997;0.5991873594733563;0.40081264052664367
1730781624.7104366;/app/bags/user95_2017-02-24.bag;0.834065854549408;0.0;0.9619645476341248;0.0;0.667477245503997;0.5991873594733563;0.40081264052664367
1730781624.9103851;/app/bags/user95_2017-02-24.bag;0.834065854549408;0.0;0.9619645476341248;0.0;0.667477245503997;0.5991873594733563;0.40081264052664367
1730781625.1103888;/app/bags/user95_2017-02-24.bag;0.834065854549408;0.0;0.9619645476341248;0.0;0.667477245503997;0.5991873594733563;0.40081264052664367
1730781625.3103685;/app/bags/user95_2017-02-24.bag;0.834065854549408;0.0;0.9619645476341248;0.0;0.667477245503997;0.5991873594733563;0.40081264052664367
1730781625.510386;/app/bags/user95_2017-02-24.bag;0.834065854549408;0.0;0.9619645476341248;0.0;0.667477245503997;0.5991873594733563;0.40081264052664367
1730781625.7103808;/app/bags/user95_2017-02-24.bag;0.834065854549408;0.0;0.9619645476341248;0.0;0.667477245503997;0.5991873594733563;0.40081264052664367
1730781625.9103913;/app/bags/user95_2017-02-24.bag;0.834065854549408;0.0;0.9619645476341248;0.0;0.667477245503997;0.5991873594733563;0.40081264052664367
1730781626.1104;/app/bags/user95_2017-02-24.bag;0.834065854549408;0.0;0.9619645476341248;0.0;0.667477245503997;0.5991873594733563;0.40081264052664367
1730781626.3104422;/app/bags/user95_2017-02-24.bag;0.834065854549408;0.0;0.9619645476341248;0.0;0.667477245503997;0.5991873594733563;0.40081264052664367
1730781626.5103753;/app/bags/user95_2017-02-24.bag;0.834065854549408;0.0;0.9619645476341248;0.0;0.667477245503997;0.5991873594733563;0.40081264052664367
1730781626.7144465;/app/bags/user95_2017-02-24.bag;0.834065854549408;0.0;0.9619645476341248;0.0;0.667477245503997;0.5991873594733563;0.40081264052664367
1730781626.910377;/app/bags/user95_2017-02-24.bag;0.834065854549408;0.0;0.9619645476341248;0.0;0.667477245503997;0.5991873594733563;0.40081264052664367
1730781627.1103857;/app/bags/user95_2017-02-24.bag;0.834065854549408;0.0;0.9619645476341248;0.0;0.667477245503997;0.5991873594733563;0.40081264052664367
1730781627.310361;/app/bags/user95_2017-02-24.bag;0.834065854549408;0.0;0.9619645476341248;0.0;0.667477245503997;0.5991873594733563;0.40081264052664367
1730781627.510353;/app/bags/user95_2017-02-24.bag;0.834065854549408;0.0;0.9619645476341248;0.0;0.667477245503997;0.5991873594733563;0.40081264052664367
1730781627.710384;/app/bags/user95_2017-02-24.bag;0.834065854549408;0.0;0.9619645476341248;0.0;0.667477245503997;0.5991873594733563;0.40081264052664367
1730781627.9104123;/app/bags/user95_2017-02-24.bag;0.834065854549408;0.0;0.9619645476341248;0.0;0.667477245503997;0.5991873594733563;0.40081264052664367
1730781628.1103697;/app/bags/user95_2017-02-24.bag;0.834065854549408;0.0;0.9619645476341248;0.0;0.667477245503997;0.5991873594733563;0.40081264052664367
1730781628.3104548;/app/bags/user95_2017-02-24.bag;0.834065854549408;0.0;0.9619645476341248;0.0;0.667477245503997;0.5991873594733563;0.40081264052664367
1730781628.5104058;/app/bags/user95_2017-02-24.bag;0.834065854549408;0.0;0.9619645476341248;0.0;0.667477245503997;0.5991873594733563;0.40081264052664367
1730781628.7103968;/app/bags/user95_2017-02-24.bag;0.834065854549408;0.0;0.9619645476341248;0.0;0.667477245503997;0.5991873594733563;0.40081264052664367
1730781628.9104044;/app/bags/user95_2017-02-24.bag;0.834065854549408;0.0;0.9619645476341248;0.0;0.667477245503997;0.5991873594733563;0.40081264052664367
1730781629.1103806;/app/bags/user95_2017-02-24.bag;0.834065854549408;0.0;0.9619645476341248;0.0;0.667477245503997;0.5991873594733563;0.40081264052664367
1730781629.3103852;/app/bags/user95_2017-02-24.bag;0.834065854549408;0.0;0.9619645476341248;0.0;0.667477245503997;0.5991873594733563;0.40081264052664367
1730781629.5103848;/app/bags/user95_2017-02-24.bag;0.834065854549408;0.0;0.9619645476341248;0.0;0.667477245503997;0.5991873594733563;0.40081264052664367
1730781629.7104273;/app/bags/user95_2017-02-24.bag;0.834065854549408;0.0;0.9619645476341248;0.0;0.667477245503997;0.5991873594733563;0.40081264052664367
1730781629.9103878;/app/bags/user95_2017-02-24.bag;0.834065854549408;0.0;0.9619645476341248;0.0;0.667477245503997;0.5991873594733563;0.40081264052664367
1730781630.1103795;/app/bags/user95_2017-02-24.bag;0.834065854549408;0.0;0.9619645476341248;0.0;0.667477245503997;0.5991873594733563;0.40081264052664367
1730781630.3104064;/app/bags/user95_2017-02-24.bag;0.834065854549408;0.0;0.9619645476341248;0.0;0.667477245503997;0.5991873594733563;0.40081264052664367
1730781630.5103862;/app/bags/user95_2017-02-24.bag;0.834065854549408;0.0;0.9619645476341248;0.0;0.667477245503997;0.5991873594733563;0.40081264052664367
1730781630.71038;/app/bags/user95_2017-02-24.bag;0.834065854549408;0.0;0.9619645476341248;0.0;0.667477245503997;0.5991873594733563;0.40081264052664367
1730781630.9104128;/app/bags/user95_2017-02-24.bag;0.834065854549408;0.0;0.9619645476341248;0.0;0.667477245503997;0.5991873594733563;0.40081264052664367
1730781631.1103766;/app/bags/user95_2017-02-24.bag;0.834065854549408;0.0;0.9619645476341248;0.0;0.667477245503997;0.5991873594733563;0.40081264052664367
1730781631.3103921;/app/bags/user95_2017-02-24.bag;0.834065854549408;0.0;0.9619645476341248;0.0;0.667477245503997;0.5991873594733563;0.40081264052664367
1730781631.5103638;/app/bags/user95_2017-02-24.bag;0.834065854549408;0.0;0.9619645476341248;0.0;0.667477245503997;0.5991873594733563;0.40081264052664367
1730781631.7103872;/app/bags/user95_2017-02-24.bag;0.834065854549408;0.0;0.9619645476341248;0.0;0.667477245503997;0.5991873594733563;0.40081264052664367
1730781631.9103587;/app/bags/user95_2017-02-24.bag;0.834065854549408;0.0;0.9619645476341248;0.0;0.667477245503997;0.5991873594733563;0.40081264052664367
1730781632.1104345;/app/bags/user95_2017-02-24.bag;0.834065854549408;0.0;0.9619645476341248;0.0;0.667477245503997;0.5991873594733563;0.40081264052664367
1730781632.3104112;/app/bags/user95_2017-02-24.bag;0.834065854549408;0.0;0.9619645476341248;0.0;0.667477245503997;0.5991873594733563;0.40081264052664367
1730781632.5103924;/app/bags/user95_2017-02-24.bag;0.834065854549408;0.0;0.9619645476341248;0.0;0.667477245503997;0.5991873594733563;0.40081264052664367
1730781632.71039;/app/bags/user95_2017-02-24.bag;0.834065854549408;0.0;0.9619645476341248;0.0;0.667477245503997;0.5991873594733563;0.40081264052664367
1730781632.910431;/app/bags/user95_2017-02-24.bag;0.834065854549408;0.0;0.9619645476341248;0.0;0.667477245503997;0.5991873594733563;0.40081264052664367
1730781633.1104016;/app/bags/user95_2017-02-24.bag;0.834065854549408;0.0;0.9619645476341248;0.0;0.667477245503997;0.5991873594733563;0.40081264052664367
1730781633.3104358;/app/bags/user95_2017-02-24.bag;0.834065854549408;0.0;0.9619645476341248;0.0;0.667477245503997;0.5991873594733563;0.40081264052664367
1730781633.5103927;/app/bags/user95_2017-02-24.bag;0.834065854549408;0.0;0.9619645476341248;0.0;0.667477245503997;0.5991873594733563;0.40081264052664367
1730781633.7103899;/app/bags/user95_2017-02-24.bag;0.834065854549408;0.0;0.9619645476341248;0.0;0.667477245503997;0.5991873594733563;0.40081264052664367
1730781633.9104033;/app/bags/user95_2017-02-24.bag;0.834065854549408;0.0;0.9619645476341248;0.0;0.667477245503997;0.5991873594733563;0.40081264052664367
1730781634.1103635;/app/bags/user95_2017-02-24.bag;0.834065854549408;0.0;0.9619645476341248;0.0;0.667477245503997;0.5991873594733563;0.40081264052664367
1730781634.310366;/app/bags/user95_2017-02-24.bag;0.834065854549408;0.0;0.9619645476341248;0.0;0.667477245503997;0.5991873594733563;0.40081264052664367
1730781634.5103734;/app/bags/user95_2017-02-24.bag;0.834065854549408;0.0;0.9619645476341248;0.0;0.667477245503997;0.5991873594733563;0.40081264052664367
1730781634.7103748;/app/bags/user95_2017-02-24.bag;0.834065854549408;0.0;0.9619645476341248;0.0;0.667477245503997;0.5991873594733563;0.40081264052664367
1730781634.9103765;/app/bags/user95_2017-02-24.bag;0.834065854549408;0.0;0.9619645476341248;0.0;0.667477245503997;0.5991873594733563;0.40081264052664367
1730781635.110376;/app/bags/user95_2017-02-24.bag;0.834065854549408;0.0;0.9619645476341248;0.0;0.667477245503997;0.5991873594733563;0.40081264052664367
1730781635.3103979;/app/bags/user95_2017-02-24.bag;0.834065854549408;0.0;0.9619645476341248;0.0;0.667477245503997;0.5991873594733563;0.40081264052664367
1730781635.5103984;/app/bags/user95_2017-02-24.bag;0.834065854549408;0.0;0.9619645476341248;0.0;0.667477245503997;0.5991873594733563;0.40081264052664367
1730781635.7104294;/app/bags/user95_2017-02-24.bag;0.834065854549408;0.0;0.9619645476341248;0.0;0.667477245503997;0.5991873594733563;0.40081264052664367
1730781635.9103954;/app/bags/user95_2017-02-24.bag;0.834065854549408;0.0;0.9619645476341248;0.0;0.667477245503997;0.5991873594733563;0.40081264052664367
1730781636.1103897;/app/bags/user95_2017-02-24.bag;0.834065854549408;0.0;0.9619645476341248;0.0;0.667477245503997;0.5991873594733563;0.40081264052664367
1730781636.310446;/app/bags/user95_2017-02-24.bag;0.834065854549408;0.0;0.9619645476341248;0.0;0.667477245503997;0.5991873594733563;0.40081264052664367
1730781636.5103803;/app/bags/user95_2017-02-24.bag;0.834065854549408;0.0;0.9619645476341248;0.0;0.667477245503997;0.5991873594733563;0.40081264052664367
1730781636.7104778;/app/bags/user95_2017-02-24.bag;0.834065854549408;0.0;0.9619645476341248;0.0;0.667477245503997;0.5991873594733563;0.40081264052664367
1730781636.9103746;/app/bags/user95_2017-02-24.bag;0.834065854549408;0.0;0.9619645476341248;0.0;0.667477245503997;0.5991873594733563;0.40081264052664367
1730781637.1104007;/app/bags/user95_2017-02-24.bag;0.834065854549408;0.0;0.9619645476341248;0.0;0.667477245503997;0.5991873594733563;0.40081264052664367
1730781637.3103898;/app/bags/user95_2017-02-24.bag;0.834065854549408;0.0;0.9619645476341248;0.0;0.667477245503997;0.5991873594733563;0.40081264052664367
1730781637.5103652;/app/bags/user95_2017-02-24.bag;0.834065854549408;0.0;0.9619645476341248;0.0;0.667477245503997;0.5991873594733563;0.40081264052664367
1730781637.7103732;/app/bags/user95_2017-02-24.bag;0.834065854549408;0.0;0.9619645476341248;0.0;0.667477245503997;0.5991873594733563;0.40081264052664367
1730781637.9103801;/app/bags/user95_2017-02-24.bag;0.834065854549408;0.0;0.9619645476341248;0.0;0.667477245503997;0.5991873594733563;0.40081264052664367
1730781638.1104093;/app/bags/user95_2017-02-24.bag;0.834065854549408;0.0;0.9619645476341248;0.0;0.667477245503997;0.5991873594733563;0.40081264052664367
1730781638.3103578;/app/bags/user95_2017-02-24.bag;0.834065854549408;0.0;0.9619645476341248;0.0;0.667477245503997;0.5991873594733563;0.40081264052664367
1730781638.5103786;/app/bags/user95_2017-02-24.bag;0.834065854549408;0.0;0.9619645476341248;0.0;0.667477245503997;0.5991873594733563;0.40081264052664367
1730781638.7103968;/app/bags/user95_2017-02-24.bag;0.834065854549408;0.0;0.9619645476341248;0.0;0.667477245503997;0.5991873594733563;0.40081264052664367
1730781638.9104235;/app/bags/user95_2017-02-24.bag;0.834065854549408;0.0;0.9619645476341248;0.0;0.667477245503997;0.5991873594733563;0.40081264052664367
1730781639.1103985;/app/bags/user95_2017-02-24.bag;0.834065854549408;0.0;0.9619645476341248;0.0;0.667477245503997;0.5991873594733563;0.40081264052664367
1730781639.3103678;/app/bags/user95_2017-02-24.bag;0.834065854549408;0.0;0.9619645476341248;0.0;0.667477245503997;0.5991873594733563;0.40081264052664367
1730781639.5103908;/app/bags/user95_2017-02-24.bag;0.834065854549408;0.0;0.9619645476341248;0.0;0.667477245503997;0.5991873594733563;0.40081264052664367
1730781639.7103882;/app/bags/user95_2017-02-24.bag;0.834065854549408;0.0;0.9619645476341248;0.0;0.667477245503997;0.5991873594733563;0.40081264052664367
1730781639.9104052;/app/bags/user95_2017-02-24.bag;0.834065854549408;0.0;0.9619645476341248;0.0;0.667477245503997;0.5991873594733563;0.40081264052664367
1730781640.1104004;/app/bags/user95_2017-02-24.bag;0.834065854549408;0.0;0.9619645476341248;0.0;0.667477245503997;0.5991873594733563;0.40081264052664367
1730781640.3103971;/app/bags/user95_2017-02-24.bag;0.834065854549408;0.0;0.9619645476341248;0.0;0.667477245503997;0.5991873594733563;0.40081264052664367
1730781640.510401;/app/bags/user95_2017-02-24.bag;0.834065854549408;0.0;0.9619645476341248;0.0;0.667477245503997;0.5991873594733563;0.40081264052664367
1730781640.7103992;/app/bags/user95_2017-02-24.bag;0.834065854549408;0.0;0.9619645476341248;0.0;0.667477245503997;0.5991873594733563;0.40081264052664367
1730781640.9103785;/app/bags/user95_2017-02-24.bag;0.834065854549408;0.0;0.9619645476341248;0.0;0.667477245503997;0.5991873594733563;0.40081264052664367
1730781641.1103952;/app/bags/user95_2017-02-24.bag;0.834065854549408;0.0;0.9619645476341248;0.0;0.667477245503997;0.5991873594733563;0.40081264052664367
1730781641.3103743;/app/bags/user95_2017-02-24.bag;0.834065854549408;0.0;0.9619645476341248;0.0;0.667477245503997;0.5991873594733563;0.40081264052664367
1730781641.510383;/app/bags/user95_2017-02-24.bag;0.834065854549408;0.0;0.9619645476341248;0.0;0.667477245503997;0.5991873594733563;0.40081264052664367
1730781641.7104957;/app/bags/user95_2017-02-24.bag;0.834065854549408;0.0;0.9619645476341248;0.0;0.667477245503997;0.5991873594733563;0.40081264052664367
1730781641.910403;/app/bags/user95_2017-02-24.bag;0.834065854549408;0.0;0.9619645476341248;0.0;0.667477245503997;0.5991873594733563;0.40081264052664367
1730781642.1103532;/app/bags/user95_2017-02-24.bag;0.834065854549408;0.0;0.9619645476341248;0.0;0.667477245503997;0.5991873594733563;0.40081264052664367
1730781642.3103642;/app/bags/user95_2017-02-24.bag;0.834065854549408;0.0;0.9619645476341248;0.0;0.667477245503997;0.5991873594733563;0.40081264052664367
1730781642.5104628;/app/bags/user95_2017-02-24.bag;0.834065854549408;0.0;0.9619645476341248;0.0;0.667477245503997;0.5991873594733563;0.40081264052664367
1730781642.7104077;/app/bags/user95_2017-02-24.bag;0.834065854549408;0.0;0.9619645476341248;0.0;0.667477245503997;0.5991873594733563;0.40081264052664367
1730781642.9104104;/app/bags/user95_2017-02-24.bag;0.834065854549408;0.0;0.9619645476341248;0.0;0.667477245503997;0.5991873594733563;0.40081264052664367
1730781643.1103845;/app/bags/user95_2017-02-24.bag;0.834065854549408;0.0;0.9619645476341248;0.0;0.667477245503997;0.5991873594733563;0.40081264052664367
1730781643.3104312;/app/bags/user95_2017-02-24.bag;0.834065854549408;0.0;0.9619645476341248;0.0;0.667477245503997;0.5991873594733563;0.40081264052664367
1730781643.510403;/app/bags/user95_2017-02-24.bag;0.834065854549408;0.0;0.9619645476341248;0.0;0.667477245503997;0.5991873594733563;0.40081264052664367
1730781643.7103848;/app/bags/user95_2017-02-24.bag;0.834065854549408;0.0;0.9619645476341248;0.0;0.667477245503997;0.5991873594733563;0.40081264052664367
1730781643.9104445;/app/bags/user95_2017-02-24.bag;0.834065854549408;0.0;0.9619645476341248;0.0;0.667477245503997;0.5991873594733563;0.40081264052664367
1730781644.1103976;/app/bags/user95_2017-02-24.bag;0.834065854549408;0.0;0.9619645476341248;0.0;0.667477245503997;0.5991873594733563;0.40081264052664367
1730781644.3103867;/app/bags/user95_2017-02-24.bag;0.834065854549408;0.0;0.9619645476341248;0.0;0.667477245503997;0.5991873594733563;0.40081264052664367
1730781644.5104003;/app/bags/user95_2017-02-24.bag;0.834065854549408;0.0;0.9619645476341248;0.0;0.667477245503997;0.5991873594733563;0.40081264052664367
1730781644.7103932;/app/bags/user95_2017-02-24.bag;0.834065854549408;0.0;0.9619645476341248;0.0;0.667477245503997;0.5991873594733563;0.40081264052664367
1730781644.91037;/app/bags/user95_2017-02-24.bag;0.834065854549408;0.0;0.9619645476341248;0.0;0.667477245503997;0.5991873594733563;0.40081264052664367
1730781645.1104183;/app/bags/user95_2017-02-24.bag;0.834065854549408;0.0;0.9619645476341248;0.0;0.667477245503997;0.5991873594733563;0.40081264052664367
1730781645.3103864;/app/bags/user95_2017-02-24.bag;0.834065854549408;0.0;0.9619645476341248;0.0;0.667477245503997;0.5991873594733563;0.40081264052664367
1730781645.5103953;/app/bags/user95_2017-02-24.bag;0.834065854549408;0.0;0.9619645476341248;0.0;0.667477245503997;0.5991873594733563;0.40081264052664367
1730781645.710367;/app/bags/user95_2017-02-24.bag;0.834065854549408;0.0;0.9619645476341248;0.0;0.667477245503997;0.5991873594733563;0.40081264052664367
1730781645.9104288;/app/bags/user95_2017-02-24.bag;0.834065854549408;0.0;0.9619645476341248;0.0;0.667477245503997;0.5991873594733563;0.40081264052664367
1730781646.1104243;/app/bags/user95_2017-02-24.bag;0.834065854549408;0.0;0.9619645476341248;0.0;0.667477245503997;0.5991873594733563;0.40081264052664367
1730781646.31035;/app/bags/user95_2017-02-24.bag;0.834065854549408;0.0;0.9619645476341248;0.0;0.667477245503997;0.5991873594733563;0.40081264052664367
1730781646.5103946;/app/bags/user95_2017-02-24.bag;0.834065854549408;0.0;0.9619645476341248;0.0;0.667477245503997;0.5991873594733563;0.40081264052664367
1730781646.710451;/app/bags/user95_2017-02-24.bag;0.834065854549408;0.0;0.9619645476341248;0.0;0.667477245503997;0.5991873594733563;0.40081264052664367
1730781646.9104364;/app/bags/user95_2017-02-24.bag;0.834065854549408;0.0;0.9619645476341248;0.0;0.667477245503997;0.5991873594733563;0.40081264052664367
1730781647.1103742;/app/bags/user95_2017-02-24.bag;0.834065854549408;0.0;0.9619645476341248;0.0;0.667477245503997;0.5991873594733563;0.40081264052664367
1730781647.3104491;/app/bags/user95_2017-02-24.bag;0.834065854549408;0.0;0.9619645476341248;0.0;0.667477245503997;0.5991873594733563;0.40081264052664367
1730781647.5103607;/app/bags/user95_2017-02-24.bag;0.834065854549408;0.0;0.9619645476341248;0.0;0.667477245503997;0.5991873594733563;0.40081264052664367
1730781647.7103777;/app/bags/user95_2017-02-24.bag;0.834065854549408;0.0;0.9619645476341248;0.0;0.667477245503997;0.5991873594733563;0.40081264052664367
1730781647.91038;/app/bags/user95_2017-02-24.bag;0.834065854549408;0.0;0.9619645476341248;0.0;0.667477245503997;0.5991873594733563;0.40081264052664367
1730781648.1103992;/app/bags/user95_2017-02-24.bag;0.834065854549408;0.0;0.9619645476341248;0.0;0.667477245503997;0.5991873594733563;0.40081264052664367
1730781648.3103683;/app/bags/user95_2017-02-24.bag;0.834065854549408;0.0;0.9619645476341248;0.0;0.667477245503997;0.5991873594733563;0.40081264052664367
1730781648.5103972;/app/bags/user95_2017-02-24.bag;0.834065854549408;0.0;0.9619645476341248;0.0;0.667477245503997;0.5991873594733563;0.40081264052664367
1730781648.7103753;/app/bags/user95_2017-02-24.bag;0.834065854549408;0.0;0.9619645476341248;0.0;0.667477245503997;0.5991873594733563;0.40081264052664367
1730781648.9103599;/app/bags/user95_2017-02-24.bag;0.834065854549408;0.0;0.9619645476341248;0.0;0.667477245503997;0.5991873594733563;0.40081264052664367
1730781649.110405;/app/bags/user95_2017-02-24.bag;0.834065854549408;0.0;0.9619645476341248;0.0;0.667477245503997;0.5991873594733563;0.40081264052664367
1730781649.3103385;/app/bags/user95_2017-02-24.bag;0.834065854549408;0.0;0.9619645476341248;0.0;0.667477245503997;0.5991873594733563;0.40081264052664367
1730781649.5104167;/app/bags/user95_2017-02-24.bag;0.834065854549408;0.0;0.9619645476341248;0.0;0.667477245503997;0.5991873594733563;0.40081264052664367
1730781649.7103956;/app/bags/user95_2017-02-24.bag;0.834065854549408;0.0;0.9619645476341248;0.0;0.667477245503997;0.5991873594733563;0.40081264052664367
1730781649.9103758;/app/bags/user95_2017-02-24.bag;0.834065854549408;0.0;0.9619645476341248;0.0;0.667477245503997;0.5991873594733563;0.40081264052664367
1730781650.1104133;/app/bags/user95_2017-02-24.bag;0.834065854549408;0.0;0.9619645476341248;0.0;0.667477245503997;0.5991873594733563;0.40081264052664367
1730781650.3103843;/app/bags/user95_2017-02-24.bag;0.834065854549408;0.0;0.9619645476341248;0.0;0.667477245503997;0.5991873594733563;0.40081264052664367
1730781650.5103986;/app/bags/user95_2017-02-24.bag;0.834065854549408;0.0;0.9619645476341248;0.0;0.667477245503997;0.5991873594733563;0.40081264052664367
1730781650.7103925;/app/bags/user95_2017-02-24.bag;0.834065854549408;0.0;0.9619645476341248;0.0;0.667477245503997;0.5991873594733563;0.40081264052664367
1730781650.9104502;/app/bags/user95_2017-02-24.bag;0.834065854549408;0.0;0.9619645476341248;0.0;0.667477245503997;0.5991873594733563;0.40081264052664367
1730781651.1103806;/app/bags/user95_2017-02-24.bag;0.834065854549408;0.0;0.9619645476341248;0.0;0.667477245503997;0.5991873594733563;0.40081264052664367
1730781651.3103564;/app/bags/user95_2017-02-24.bag;0.834065854549408;0.0;0.9619645476341248;0.0;0.667477245503997;0.5991873594733563;0.40081264052664367
1730781651.5103896;/app/bags/user95_2017-02-24.bag;0.834065854549408;0.0;0.9619645476341248;0.0;0.667477245503997;0.5991873594733563;0.40081264052664367
1730781651.7104294;/app/bags/user95_2017-02-24.bag;0.834065854549408;0.0;0.9619645476341248;0.0;0.667477245503997;0.5991873594733563;0.40081264052664367
1730781651.9103665;/app/bags/user95_2017-02-24.bag;0.834065854549408;0.0;0.9619645476341248;0.0;0.667477245503997;0.5991873594733563;0.40081264052664367
1730781652.1103783;/app/bags/user95_2017-02-24.bag;0.834065854549408;0.0;0.9619645476341248;0.0;0.667477245503997;0.5991873594733563;0.40081264052664367
1730781652.3103654;/app/bags/user95_2017-02-24.bag;0.834065854549408;0.0;0.9619645476341248;0.0;0.667477245503997;0.5991873594733563;0.40081264052664367
1730781652.5103726;/app/bags/user95_2017-02-24.bag;0.834065854549408;0.0;0.9619645476341248;0.0;0.667477245503997;0.5991873594733563;0.40081264052664367
1730781652.7104368;/app/bags/user95_2017-02-24.bag;0.834065854549408;0.0;0.9619645476341248;0.0;0.667477245503997;0.5991873594733563;0.40081264052664367
1730781652.910348;/app/bags/user95_2017-02-24.bag;0.834065854549408;0.0;0.9619645476341248;0.0;0.667477245503997;0.5991873594733563;0.40081264052664367
1730781653.1104674;/app/bags/user95_2017-02-24.bag;0.834065854549408;0.0;0.9619645476341248;0.0;0.667477245503997;0.5991873594733563;0.40081264052664367
1730781653.3103714;/app/bags/user95_2017-02-24.bag;0.834065854549408;0.0;0.9619645476341248;0.0;0.667477245503997;0.5991873594733563;0.40081264052664367
1730781653.5104566;/app/bags/user95_2017-02-24.bag;0.834065854549408;0.0;0.9619645476341248;0.0;0.667477245503997;0.5991873594733563;0.40081264052664367
1730781653.7104447;/app/bags/user95_2017-02-24.bag;0.834065854549408;0.0;0.9619645476341248;0.0;0.667477245503997;0.5991873594733563;0.40081264052664367
1730781653.9104047;/app/bags/user95_2017-02-24.bag;0.834065854549408;0.0;0.9619645476341248;0.0;0.667477245503997;0.5991873594733563;0.40081264052664367
1730781654.1103861;/app/bags/user95_2017-02-24.bag;0.834065854549408;0.0;0.9619645476341248;0.0;0.667477245503997;0.5991873594733563;0.40081264052664367
1730781654.3103852;/app/bags/user95_2017-02-24.bag;0.834065854549408;0.0;0.9619645476341248;0.0;0.667477245503997;0.5991873594733563;0.40081264052664367
1730781654.510376;/app/bags/user95_2017-02-24.bag;0.834065854549408;0.0;0.9619645476341248;0.0;0.667477245503997;0.5991873594733563;0.40081264052664367
1730781654.7105668;/app/bags/user95_2017-02-24.bag;0.834065854549408;0.0;0.9619645476341248;0.0;0.667477245503997;0.5991873594733563;0.40081264052664367
1730781654.9104238;/app/bags/user95_2017-02-24.bag;0.834065854549408;0.0;0.9619645476341248;0.0;0.667477245503997;0.5991873594733563;0.40081264052664367
1730781655.1104445;/app/bags/user95_2017-02-24.bag;0.834065854549408;0.0;0.9619645476341248;0.0;0.667477245503997;0.5991873594733563;0.40081264052664367
1730781655.3104014;/app/bags/user95_2017-02-24.bag;0.834065854549408;0.0;0.9619645476341248;0.0;0.667477245503997;0.5991873594733563;0.40081264052664367
1730781655.5103729;/app/bags/user95_2017-02-24.bag;0.834065854549408;0.0;0.9619645476341248;0.0;0.667477245503997;0.5991873594733563;0.40081264052664367
1730781655.710422;/app/bags/user95_2017-02-24.bag;0.834065854549408;0.0;0.9619645476341248;0.0;0.667477245503997;0.5991873594733563;0.40081264052664367
1730781655.9103982;/app/bags/user95_2017-02-24.bag;0.834065854549408;0.0;0.9619645476341248;0.0;0.667477245503997;0.5991873594733563;0.40081264052664367
1730781656.1104302;/app/bags/user95_2017-02-24.bag;0.834065854549408;0.0;0.9619645476341248;0.0;0.667477245503997;0.5991873594733563;0.40081264052664367
1730781656.310398;/app/bags/user95_2017-02-24.bag;0.834065854549408;0.0;0.9619645476341248;0.0;0.667477245503997;0.5991873594733563;0.40081264052664367
1730781656.5103788;/app/bags/user95_2017-02-24.bag;0.834065854549408;0.0;0.9619645476341248;0.0;0.667477245503997;0.5991873594733563;0.40081264052664367
1730781656.7103803;/app/bags/user95_2017-02-24.bag;0.834065854549408;0.0;0.9619645476341248;0.0;0.667477245503997;0.5991873594733563;0.40081264052664367
1730781656.9104142;/app/bags/user95_2017-02-24.bag;0.834065854549408;0.0;0.9619645476341248;0.0;0.667477245503997;0.5991873594733563;0.40081264052664367
1730781657.1104548;/app/bags/user95_2017-02-24.bag;0.834065854549408;0.0;0.9619645476341248;0.0;0.667477245503997;0.5991873594733563;0.40081264052664367
1730781657.3104;/app/bags/user95_2017-02-24.bag;0.834065854549408;0.0;0.9619645476341248;0.0;0.667477245503997;0.5991873594733563;0.40081264052664367
1730781657.510383;/app/bags/user95_2017-02-24.bag;0.834065854549408;0.0;0.9619645476341248;0.0;0.667477245503997;0.5991873594733563;0.40081264052664367
1730781657.7103832;/app/bags/user95_2017-02-24.bag;0.834065854549408;0.0;0.9619645476341248;0.0;0.667477245503997;0.5991873594733563;0.40081264052664367
1730781657.9103744;/app/bags/user95_2017-02-24.bag;0.834065854549408;0.0;0.9619645476341248;0.0;0.667477245503997;0.5991873594733563;0.40081264052664367
1730781658.1104035;/app/bags/user95_2017-02-24.bag;0.834065854549408;0.0;0.9619645476341248;0.0;0.667477245503997;0.5991873594733563;0.40081264052664367
1730781658.3104248;/app/bags/user95_2017-02-24.bag;0.834065854549408;0.0;0.9619645476341248;0.0;0.667477245503997;0.5991873594733563;0.40081264052664367
1730781658.5103753;/app/bags/user95_2017-02-24.bag;0.834065854549408;0.0;0.9619645476341248;0.0;0.667477245503997;0.5991873594733563;0.40081264052664367
1730781658.7103848;/app/bags/user95_2017-02-24.bag;0.834065854549408;0.0;0.9619645476341248;0.0;0.667477245503997;0.5991873594733563;0.40081264052664367
1730781658.9103818;/app/bags/user95_2017-02-24.bag;0.834065854549408;0.0;0.9619645476341248;0.0;0.667477245503997;0.5991873594733563;0.40081264052664367
1730781659.1103733;/app/bags/user95_2017-02-24.bag;0.834065854549408;0.0;0.9619645476341248;0.0;0.667477245503997;0.5991873594733563;0.40081264052664367
1730781659.3103862;/app/bags/user95_2017-02-24.bag;0.834065854549408;0.0;0.9619645476341248;0.0;0.667477245503997;0.5991873594733563;0.40081264052664367
1730781659.510448;/app/bags/user95_2017-02-24.bag;0.834065854549408;0.0;0.9619645476341248;0.0;0.667477245503997;0.5991873594733563;0.40081264052664367
1730781659.710432;/app/bags/user95_2017-02-24.bag;0.834065854549408;0.0;0.9619645476341248;0.0;0.667477245503997;0.5991873594733563;0.40081264052664367
1730781659.91034;/app/bags/user95_2017-02-24.bag;0.834065854549408;0.0;0.9619645476341248;0.0;0.667477245503997;0.5991873594733563;0.40081264052664367
1730781660.1103787;/app/bags/user95_2017-02-24.bag;0.834065854549408;0.0;0.9619645476341248;0.0;0.667477245503997;0.5991873594733563;0.40081264052664367
1730781660.310378;/app/bags/user95_2017-02-24.bag;0.834065854549408;0.0;0.9619645476341248;0.0;0.667477245503997;0.5991873594733563;0.40081264052664367
1730781660.5103908;/app/bags/user95_2017-02-24.bag;0.834065854549408;0.0;0.9619645476341248;0.0;0.667477245503997;0.5991873594733563;0.40081264052664367
1730781660.7103927;/app/bags/user95_2017-02-24.bag;0.834065854549408;0.0;0.9619645476341248;0.0;0.667477245503997;0.5991873594733563;0.40081264052664367
1730781660.9103806;/app/bags/user95_2017-02-24.bag;0.834065854549408;0.0;0.9619645476341248;0.0;0.667477245503997;0.5991873594733563;0.40081264052664367
1730781661.1103625;/app/bags/user95_2017-02-24.bag;0.834065854549408;0.0;0.9619645476341248;0.0;0.667477245503997;0.5991873594733563;0.40081264052664367
1730781661.310366;/app/bags/user95_2017-02-24.bag;0.834065854549408;0.0;0.9619645476341248;0.0;0.667477245503997;0.5991873594733563;0.40081264052664367
1730781661.5103812;/app/bags/user95_2017-02-24.bag;0.834065854549408;0.0;0.9619645476341248;0.0;0.667477245503997;0.5991873594733563;0.40081264052664367
1730781661.7103808;/app/bags/user95_2017-02-24.bag;0.834065854549408;0.0;0.9619645476341248;0.0;0.667477245503997;0.5991873594733563;0.40081264052664367
1730781661.9105086;/app/bags/user95_2017-02-24.bag;0.834065854549408;0.0;0.9619645476341248;0.0;0.667477245503997;0.5991873594733563;0.40081264052664367
1730781662.1103551;/app/bags/user95_2017-02-24.bag;0.834065854549408;0.0;0.9619645476341248;0.0;0.667477245503997;0.5991873594733563;0.40081264052664367
1730781662.3104258;/app/bags/user95_2017-02-24.bag;0.834065854549408;0.0;0.9619645476341248;0.0;0.667477245503997;0.5991873594733563;0.40081264052664367
1730781662.5103738;/app/bags/user95_2017-02-24.bag;0.834065854549408;0.0;0.9619645476341248;0.0;0.667477245503997;0.5991873594733563;0.40081264052664367
1730781662.7104087;/app/bags/user95_2017-02-24.bag;0.834065854549408;0.0;0.9619645476341248;0.0;0.667477245503997;0.5991873594733563;0.40081264052664367
1730781662.910371;/app/bags/user95_2017-02-24.bag;0.834065854549408;0.0;0.9619645476341248;0.0;0.667477245503997;0.5991873594733563;0.40081264052664367
1730781663.1103995;/app/bags/user95_2017-02-24.bag;0.834065854549408;0.0;0.9619645476341248;0.0;0.667477245503997;0.5991873594733563;0.40081264052664367
1730781663.3103905;/app/bags/user95_2017-02-24.bag;0.834065854549408;0.0;0.9619645476341248;0.0;0.667477245503997;0.5991873594733563;0.40081264052664367
1730781663.5104094;/app/bags/user95_2017-02-24.bag;0.834065854549408;0.0;0.9619645476341248;0.0;0.667477245503997;0.5991873594733563;0.40081264052664367
1730781663.710413;/app/bags/user95_2017-02-24.bag;0.834065854549408;0.0;0.9619645476341248;0.0;0.667477245503997;0.5991873594733563;0.40081264052664367
1730781663.9104292;/app/bags/user95_2017-02-24.bag;0.834065854549408;0.0;0.9619645476341248;0.0;0.667477245503997;0.5991873594733563;0.40081264052664367
1730781664.1103811;/app/bags/user95_2017-02-24.bag;0.834065854549408;0.0;0.9619645476341248;0.0;0.667477245503997;0.5991873594733563;0.40081264052664367
1730781664.310387;/app/bags/user95_2017-02-24.bag;0.834065854549408;0.0;0.9619645476341248;0.0;0.667477245503997;0.5991873594733563;0.40081264052664367
1730781664.510435;/app/bags/user95_2017-02-24.bag;0.834065854549408;0.0;0.9619645476341248;0.0;0.667477245503997;0.5991873594733563;0.40081264052664367
1730781664.7104702;/app/bags/user95_2017-02-24.bag;0.834065854549408;0.0;0.9619645476341248;0.0;0.667477245503997;0.5991873594733563;0.40081264052664367
1730781664.9103801;/app/bags/user95_2017-02-24.bag;0.834065854549408;0.0;0.9619645476341248;0.0;0.667477245503997;0.5991873594733563;0.40081264052664367
1730781665.1103852;/app/bags/user95_2017-02-24.bag;0.834065854549408;0.0;0.9619645476341248;0.0;0.667477245503997;0.5991873594733563;0.40081264052664367
1730781665.3103764;/app/bags/user95_2017-02-24.bag;0.834065854549408;0.0;0.9619645476341248;0.0;0.667477245503997;0.5991873594733563;0.40081264052664367
1730781665.510433;/app/bags/user95_2017-02-24.bag;0.834065854549408;0.0;0.9619645476341248;0.0;0.667477245503997;0.5991873594733563;0.40081264052664367
1730781665.7103572;/app/bags/user95_2017-02-24.bag;0.834065854549408;0.0;0.9619645476341248;0.0;0.667477245503997;0.5991873594733563;0.40081264052664367
1730781665.910418;/app/bags/user95_2017-02-24.bag;0.834065854549408;0.0;0.9619645476341248;0.0;0.667477245503997;0.5991873594733563;0.40081264052664367
1730781666.11044;/app/bags/user95_2017-02-24.bag;0.834065854549408;0.0;0.9619645476341248;0.0;0.667477245503997;0.5991873594733563;0.40081264052664367
1730781666.3103583;/app/bags/user95_2017-02-24.bag;0.834065854549408;0.0;0.9619645476341248;0.0;0.667477245503997;0.5991873594733563;0.40081264052664367
1730781666.510391;/app/bags/user95_2017-02-24.bag;0.834065854549408;0.0;0.9619645476341248;0.0;0.667477245503997;0.5991873594733563;0.40081264052664367
1730781666.7104082;/app/bags/user95_2017-02-24.bag;0.834065854549408;0.0;0.9619645476341248;0.0;0.667477245503997;0.5991873594733563;0.40081264052664367
1730781666.9104288;/app/bags/user95_2017-02-24.bag;0.834065854549408;0.0;0.9619645476341248;0.0;0.667477245503997;0.5991873594733563;0.40081264052664367
1730781667.1103406;/app/bags/user95_2017-02-24.bag;0.834065854549408;0.0;0.9619645476341248;0.0;0.667477245503997;0.5991873594733563;0.40081264052664367
1730781667.3103712;/app/bags/user95_2017-02-24.bag;0.834065854549408;0.0;0.9619645476341248;0.0;0.667477245503997;0.5991873594733563;0.40081264052664367
1730781667.5103967;/app/bags/user95_2017-02-24.bag;0.834065854549408;0.0;0.9619645476341248;0.0;0.667477245503997;0.5991873594733563;0.40081264052664367
1730781667.710452;/app/bags/user95_2017-02-24.bag;0.834065854549408;0.0;0.9619645476341248;0.0;0.667477245503997;0.5991873594733563;0.40081264052664367
1730781667.9103909;/app/bags/user95_2017-02-24.bag;0.834065854549408;0.0;0.9619645476341248;0.0;0.667477245503997;0.5991873594733563;0.40081264052664367
1730781668.110406;/app/bags/user95_2017-02-24.bag;0.834065854549408;0.0;0.9619645476341248;0.0;0.667477245503997;0.5991873594733563;0.40081264052664367
1730781668.310401;/app/bags/user95_2017-02-24.bag;0.834065854549408;0.0;0.9619645476341248;0.0;0.667477245503997;0.5991873594733563;0.40081264052664367
1730781668.5104332;/app/bags/user95_2017-02-24.bag;0.834065854549408;0.0;0.9619645476341248;0.0;0.667477245503997;0.5991873594733563;0.40081264052664367
1730781668.7104146;/app/bags/user95_2017-02-24.bag;0.834065854549408;0.0;0.9619645476341248;0.0;0.667477245503997;0.5991873594733563;0.40081264052664367
1730781668.9104104;/app/bags/user95_2017-02-24.bag;0.834065854549408;0.0;0.9619645476341248;0.0;0.667477245503997;0.5991873594733563;0.40081264052664367
1730781669.1103625;/app/bags/user95_2017-02-24.bag;0.834065854549408;0.0;0.9619645476341248;0.0;0.667477245503997;0.5991873594733563;0.40081264052664367
1730781669.3104112;/app/bags/user95_2017-02-24.bag;0.834065854549408;0.0;0.9619645476341248;0.0;0.667477245503997;0.5991873594733563;0.40081264052664367
1730781669.5103772;/app/bags/user95_2017-02-24.bag;0.834065854549408;0.0;0.9619645476341248;0.0;0.667477245503997;0.5991873594733563;0.40081264052664367
1730781669.7103453;/app/bags/user95_2017-02-24.bag;0.834065854549408;0.0;0.9619645476341248;0.0;0.667477245503997;0.5991873594733563;0.40081264052664367
1730781669.9103549;/app/bags/user95_2017-02-24.bag;0.834065854549408;0.0;0.9619645476341248;0.0;0.667477245503997;0.5991873594733563;0.40081264052664367
1730781670.1103935;/app/bags/user95_2017-02-24.bag;0.834065854549408;0.0;0.9619645476341248;0.0;0.667477245503997;0.5991873594733563;0.40081264052664367
1730781670.3103828;/app/bags/user95_2017-02-24.bag;0.834065854549408;0.0;0.9619645476341248;0.0;0.667477245503997;0.5991873594733563;0.40081264052664367
1730781670.5103486;/app/bags/user95_2017-02-24.bag;0.834065854549408;0.0;0.9619645476341248;0.0;0.667477245503997;0.5991873594733563;0.40081264052664367
1730781670.7104034;/app/bags/user95_2017-02-24.bag;0.834065854549408;0.0;0.9619645476341248;0.0;0.667477245503997;0.5991873594733563;0.40081264052664367
1730781670.9104023;/app/bags/user95_2017-02-24.bag;0.834065854549408;0.0;0.9619645476341248;0.0;0.667477245503997;0.5991873594733563;0.40081264052664367
1730781671.1103756;/app/bags/user95_2017-02-24.bag;0.834065854549408;0.0;0.9619645476341248;0.0;0.667477245503997;0.5991873594733563;0.40081264052664367
1730781671.310457;/app/bags/user95_2017-02-24.bag;0.834065854549408;0.0;0.9619645476341248;0.0;0.667477245503997;0.5991873594733563;0.40081264052664367
1730781671.5103695;/app/bags/user95_2017-02-24.bag;0.834065854549408;0.0;0.9619645476341248;0.0;0.667477245503997;0.5991873594733563;0.40081264052664367
1730781671.710448;/app/bags/user95_2017-02-24.bag;0.834065854549408;0.0;0.9619645476341248;0.0;0.667477245503997;0.5991873594733563;0.40081264052664367
1730781671.9104228;/app/bags/user95_2017-02-24.bag;0.834065854549408;0.0;0.9619645476341248;0.0;0.667477245503997;0.5991873594733563;0.40081264052664367
1730781672.1103957;/app/bags/user95_2017-02-24.bag;0.834065854549408;0.0;0.9619645476341248;0.0;0.667477245503997;0.5991873594733563;0.40081264052664367
1730781672.3103988;/app/bags/user95_2017-02-24.bag;0.834065854549408;0.0;0.9619645476341248;0.0;0.667477245503997;0.5991873594733563;0.40081264052664367
1730781672.5103838;/app/bags/user95_2017-02-24.bag;0.834065854549408;0.0;0.9619645476341248;0.0;0.667477245503997;0.5991873594733563;0.40081264052664367
1730781672.7103884;/app/bags/user95_2017-02-24.bag;0.834065854549408;0.0;0.9619645476341248;0.0;0.667477245503997;0.5991873594733563;0.40081264052664367
1730781672.910417;/app/bags/user95_2017-02-24.bag;0.834065854549408;0.0;0.9619645476341248;0.0;0.667477245503997;0.5991873594733563;0.40081264052664367
1730781673.1103816;/app/bags/user95_2017-02-24.bag;0.834065854549408;0.0;0.9619645476341248;0.0;0.667477245503997;0.5991873594733563;0.40081264052664367
1730781673.3104014;/app/bags/user95_2017-02-24.bag;0.834065854549408;0.0;0.9619645476341248;0.0;0.667477245503997;0.5991873594733563;0.40081264052664367
1730781673.510377;/app/bags/user95_2017-02-24.bag;0.834065854549408;0.0;0.9619645476341248;0.0;0.667477245503997;0.5991873594733563;0.40081264052664367
1730781673.710429;/app/bags/user95_2017-02-24.bag;0.834065854549408;0.0;0.9619645476341248;0.0;0.667477245503997;0.5991873594733563;0.40081264052664367
1730781673.9104967;/app/bags/user95_2017-02-24.bag;0.834065854549408;0.0;0.9619645476341248;0.0;0.667477245503997;0.5991873594733563;0.40081264052664367
1730781674.1104221;/app/bags/user95_2017-02-24.bag;0.834065854549408;0.0;0.9619645476341248;0.0;0.667477245503997;0.5991873594733563;0.40081264052664367
1730781674.3103964;/app/bags/user95_2017-02-24.bag;0.834065854549408;0.0;0.9619645476341248;0.0;0.667477245503997;0.5991873594733563;0.40081264052664367
1730781674.5104263;/app/bags/user95_2017-02-24.bag;0.834065854549408;0.0;0.9619645476341248;0.0;0.667477245503997;0.5991873594733563;0.40081264052664367
1730781674.7104144;/app/bags/user95_2017-02-24.bag;0.834065854549408;0.0;0.9619645476341248;0.0;0.667477245503997;0.5991873594733563;0.40081264052664367
1730781674.9103947;/app/bags/user95_2017-02-24.bag;0.834065854549408;0.0;0.9619645476341248;0.0;0.667477245503997;0.5991873594733563;0.40081264052664367
1730781675.110386;/app/bags/user95_2017-02-24.bag;0.834065854549408;0.0;0.9619645476341248;0.0;0.667477245503997;0.5991873594733563;0.40081264052664367
1730781675.3103838;/app/bags/user95_2017-02-24.bag;0.834065854549408;0.0;0.9619645476341248;0.0;0.667477245503997;0.5991873594733563;0.40081264052664367
1730781675.5104258;/app/bags/user95_2017-02-24.bag;0.834065854549408;0.0;0.9619645476341248;0.0;0.667477245503997;0.5991873594733563;0.40081264052664367
1730781675.7103631;/app/bags/user95_2017-02-24.bag;0.834065854549408;0.0;0.9619645476341248;0.0;0.667477245503997;0.5991873594733563;0.40081264052664367
1730781675.9103768;/app/bags/user95_2017-02-24.bag;0.834065854549408;0.0;0.9619645476341248;0.0;0.667477245503997;0.5991873594733563;0.40081264052664367
1730781676.1104589;/app/bags/user95_2017-02-24.bag;0.834065854549408;0.0;0.9619645476341248;0.0;0.667477245503997;0.5991873594733563;0.40081264052664367
1730781676.3103905;/app/bags/user95_2017-02-24.bag;0.834065854549408;0.0;0.9619645476341248;0.0;0.667477245503997;0.5991873594733563;0.40081264052664367
1730781676.5103827;/app/bags/user95_2017-02-24.bag;0.834065854549408;0.0;0.9619645476341248;0.0;0.667477245503997;0.5991873594733563;0.40081264052664367
1730781676.7103994;/app/bags/user95_2017-02-24.bag;0.834065854549408;0.0;0.9619645476341248;0.0;0.667477245503997;0.5991873594733563;0.40081264052664367
1730781676.910383;/app/bags/user95_2017-02-24.bag;0.834065854549408;0.0;0.9619645476341248;0.0;0.667477245503997;0.5991873594733563;0.40081264052664367
1730781677.1104293;/app/bags/user95_2017-02-24.bag;0.834065854549408;0.0;0.9619645476341248;0.0;0.667477245503997;0.5991873594733563;0.40081264052664367
1730781677.3103604;/app/bags/user95_2017-02-24.bag;0.834065854549408;0.0;0.9619645476341248;0.0;0.667477245503997;0.5991873594733563;0.40081264052664367
1730781677.5103843;/app/bags/user95_2017-02-24.bag;0.834065854549408;0.0;0.9619645476341248;0.0;0.667477245503997;0.5991873594733563;0.40081264052664367
1730781677.7103853;/app/bags/user95_2017-02-24.bag;0.834065854549408;0.0;0.9619645476341248;0.0;0.667477245503997;0.5991873594733563;0.40081264052664367
1730781677.9103923;/app/bags/user95_2017-02-24.bag;0.834065854549408;0.0;0.9619645476341248;0.0;0.667477245503997;0.5991873594733563;0.40081264052664367
1730781678.1104536;/app/bags/user95_2017-02-24.bag;0.834065854549408;0.0;0.9619645476341248;0.0;0.667477245503997;0.5991873594733563;0.40081264052664367
1730781678.310389;/app/bags/user95_2017-02-24.bag;0.834065854549408;0.0;0.9619645476341248;0.0;0.667477245503997;0.5991873594733563;0.40081264052664367
1730781678.5104122;/app/bags/user95_2017-02-24.bag;0.834065854549408;0.0;0.9619645476341248;0.0;0.667477245503997;0.5991873594733563;0.40081264052664367
1730781678.7104845;/app/bags/user95_2017-02-24.bag;0.834065854549408;0.0;0.9619645476341248;0.0;0.667477245503997;0.5991873594733563;0.40081264052664367
1730781678.910354;/app/bags/user95_2017-02-24.bag;0.834065854549408;0.0;0.9619645476341248;0.0;0.667477245503997;0.5991873594733563;0.40081264052664367
1730781679.1104443;/app/bags/user95_2017-02-24.bag;0.834065854549408;0.0;0.9619645476341248;0.0;0.667477245503997;0.5991873594733563;0.40081264052664367
1730781679.310359;/app/bags/user95_2017-02-24.bag;0.834065854549408;0.0;0.9619645476341248;0.0;0.667477245503997;0.5991873594733563;0.40081264052664367
1730781679.5103786;/app/bags/user95_2017-02-24.bag;0.834065854549408;0.0;0.9619645476341248;0.0;0.667477245503997;0.5991873594733563;0.40081264052664367
1730781679.710392;/app/bags/user95_2017-02-24.bag;0.834065854549408;0.0;0.9619645476341248;0.0;0.667477245503997;0.5991873594733563;0.40081264052664367
1730781679.9103653;/app/bags/user95_2017-02-24.bag;0.834065854549408;0.0;0.9619645476341248;0.0;0.667477245503997;0.5991873594733563;0.40081264052664367
1730781680.1103845;/app/bags/user95_2017-02-24.bag;0.834065854549408;0.0;0.9619645476341248;0.0;0.667477245503997;0.5991873594733563;0.40081264052664367
1730781680.310404;/app/bags/user95_2017-02-24.bag;0.834065854549408;0.0;0.9619645476341248;0.0;0.667477245503997;0.5991873594733563;0.40081264052664367
1730781680.510491;/app/bags/user95_2017-02-24.bag;0.834065854549408;0.0;0.9619645476341248;0.0;0.667477245503997;0.5991873594733563;0.40081264052664367
1730781680.7103653;/app/bags/user95_2017-02-24.bag;0.834065854549408;0.0;0.9619645476341248;0.0;0.667477245503997;0.5991873594733563;0.40081264052664367
1730781680.91042;/app/bags/user95_2017-02-24.bag;0.834065854549408;0.0;0.9619645476341248;0.0;0.667477245503997;0.5991873594733563;0.40081264052664367
1730781681.1105175;/app/bags/user95_2017-02-24.bag;0.834065854549408;0.0;0.9619645476341248;0.0;0.667477245503997;0.5991873594733563;0.40081264052664367
1730781681.3103676;/app/bags/user95_2017-02-24.bag;0.834065854549408;0.0;0.9619645476341248;0.0;0.667477245503997;0.5991873594733563;0.40081264052664367
1730781681.510355;/app/bags/user95_2017-02-24.bag;0.834065854549408;0.0;0.9619645476341248;0.0;0.667477245503997;0.5991873594733563;0.40081264052664367
1730781681.7104254;/app/bags/user95_2017-02-24.bag;0.834065854549408;0.0;0.9619645476341248;0.0;0.667477245503997;0.5991873594733563;0.40081264052664367
1730781681.910381;/app/bags/user95_2017-02-24.bag;0.834065854549408;0.0;0.9619645476341248;0.0;0.667477245503997;0.5991873594733563;0.40081264052664367
1730781682.1104193;/app/bags/user95_2017-02-24.bag;0.834065854549408;0.0;0.9619645476341248;0.0;0.667477245503997;0.5991873594733563;0.40081264052664367
1730781682.3104124;/app/bags/user95_2017-02-24.bag;0.834065854549408;0.0;0.9619645476341248;0.0;0.667477245503997;0.5991873594733563;0.40081264052664367
1730781682.5103977;/app/bags/user95_2017-02-24.bag;0.834065854549408;0.0;0.9619645476341248;0.0;0.667477245503997;0.5991873594733563;0.40081264052664367
1730781682.710387;/app/bags/user95_2017-02-24.bag;0.834065854549408;0.0;0.9619645476341248;0.0;0.667477245503997;0.5991873594733563;0.40081264052664367
1730781682.9103787;/app/bags/user95_2017-02-24.bag;0.834065854549408;0.0;0.9619645476341248;0.0;0.667477245503997;0.5991873594733563;0.40081264052664367
1730781683.1104002;/app/bags/user95_2017-02-24.bag;0.834065854549408;0.0;0.9619645476341248;0.0;0.667477245503997;0.5991873594733563;0.40081264052664367
1730781683.3104239;/app/bags/user95_2017-02-24.bag;0.834065854549408;0.0;0.9619645476341248;0.0;0.667477245503997;0.5991873594733563;0.40081264052664367
1730781683.5103793;/app/bags/user95_2017-02-24.bag;0.834065854549408;0.0;0.9619645476341248;0.0;0.667477245503997;0.5991873594733563;0.40081264052664367
1730781683.71042;/app/bags/user95_2017-02-24.bag;0.834065854549408;0.0;0.9619645476341248;0.0;0.667477245503997;0.5991873594733563;0.40081264052664367
1730781683.9104226;/app/bags/user95_2017-02-24.bag;0.834065854549408;0.0;0.9619645476341248;0.0;0.667477245503997;0.5991873594733563;0.40081264052664367
1730781684.110362;/app/bags/user95_2017-02-24.bag;0.834065854549408;0.0;0.9619645476341248;0.0;0.667477245503997;0.5991873594733563;0.40081264052664367
1730781684.3104427;/app/bags/user95_2017-02-24.bag;0.834065854549408;0.0;0.9619645476341248;0.0;0.667477245503997;0.5991873594733563;0.40081264052664367
1730781684.5104458;/app/bags/user95_2017-02-24.bag;0.834065854549408;0.0;0.9619645476341248;0.0;0.667477245503997;0.5991873594733563;0.40081264052664367
1730781684.7104492;/app/bags/user95_2017-02-24.bag;0.834065854549408;0.0;0.9619645476341248;0.0;0.667477245503997;0.5991873594733563;0.40081264052664367
1730781684.9103599;/app/bags/user95_2017-02-24.bag;0.834065854549408;0.0;0.9619645476341248;0.0;0.667477245503997;0.5991873594733563;0.40081264052664367
1730781685.1103575;/app/bags/user95_2017-02-24.bag;0.834065854549408;0.0;0.9619645476341248;0.0;0.667477245503997;0.5991873594733563;0.40081264052664367
1730781685.3103747;/app/bags/user95_2017-02-24.bag;0.834065854549408;0.0;0.9619645476341248;0.0;0.667477245503997;0.5991873594733563;0.40081264052664367
1730781685.5103874;/app/bags/user95_2017-02-24.bag;0.834065854549408;0.0;0.9619645476341248;0.0;0.667477245503997;0.5991873594733563;0.40081264052664367
1730781685.7104175;/app/bags/user95_2017-02-24.bag;0.834065854549408;0.0;0.9619645476341248;0.0;0.667477245503997;0.5991873594733563;0.40081264052664367
1730781685.9103928;/app/bags/user95_2017-02-24.bag;0.834065854549408;0.0;0.9619645476341248;0.0;0.667477245503997;0.5991873594733563;0.40081264052664367
1730781686.1103928;/app/bags/user95_2017-02-24.bag;0.834065854549408;0.0;0.9619645476341248;0.0;0.667477245503997;0.5991873594733563;0.40081264052664367
1730781686.3104286;/app/bags/user95_2017-02-24.bag;0.834065854549408;0.0;0.9619645476341248;0.0;0.667477245503997;0.5991873594733563;0.40081264052664367
1730781686.5103917;/app/bags/user95_2017-02-24.bag;0.834065854549408;0.0;0.9619645476341248;0.0;0.667477245503997;0.5991873594733563;0.40081264052664367
1730781686.7104073;/app/bags/user95_2017-02-24.bag;0.834065854549408;0.0;0.9619645476341248;0.0;0.667477245503997;0.5991873594733563;0.40081264052664367
1730781686.9104075;/app/bags/user95_2017-02-24.bag;0.834065854549408;0.0;0.9619645476341248;0.0;0.667477245503997;0.5991873594733563;0.40081264052664367
1730781687.1103652;/app/bags/user95_2017-02-24.bag;0.834065854549408;0.0;0.9619645476341248;0.0;0.667477245503997;0.5991873594733563;0.40081264052664367
1730781687.3103511;/app/bags/user95_2017-02-24.bag;0.834065854549408;0.0;0.9619645476341248;0.0;0.667477245503997;0.5991873594733563;0.40081264052664367
1730781687.5103242;/app/bags/user95_2017-02-24.bag;0.834065854549408;0.0;0.9619645476341248;0.0;0.667477245503997;0.5991873594733563;0.40081264052664367
1730781687.7104125;/app/bags/user95_2017-02-24.bag;0.834065854549408;0.0;0.9619645476341248;0.0;0.667477245503997;0.5991873594733563;0.40081264052664367
1730781687.9103842;/app/bags/user95_2017-02-24.bag;0.834065854549408;0.0;0.9619645476341248;0.0;0.667477245503997;0.5991873594733563;0.40081264052664367
1730781688.1104295;/app/bags/user95_2017-02-24.bag;0.834065854549408;0.0;0.9619645476341248;0.0;0.667477245503997;0.5991873594733563;0.40081264052664367
1730781688.3104274;/app/bags/user95_2017-02-24.bag;0.834065854549408;0.0;0.9619645476341248;0.0;0.667477245503997;0.5991873594733563;0.40081264052664367
1730781688.5103717;/app/bags/user95_2017-02-24.bag;0.834065854549408;0.0;0.9619645476341248;0.0;0.667477245503997;0.5991873594733563;0.40081264052664367
1730781688.7103734;/app/bags/user95_2017-02-24.bag;0.834065854549408;0.0;0.9619645476341248;0.0;0.667477245503997;0.5991873594733563;0.40081264052664367
1730781688.910408;/app/bags/user95_2017-02-24.bag;0.834065854549408;0.0;0.9619645476341248;0.0;0.667477245503997;0.5991873594733563;0.40081264052664367
1730781689.1103902;/app/bags/user95_2017-02-24.bag;0.834065854549408;0.0;0.9619645476341248;0.0;0.667477245503997;0.5991873594733563;0.40081264052664367
1730781689.3104002;/app/bags/user95_2017-02-24.bag;0.834065854549408;0.0;0.9619645476341248;0.0;0.667477245503997;0.5991873594733563;0.40081264052664367
1730781689.5103889;/app/bags/user95_2017-02-24.bag;0.834065854549408;0.0;0.9619645476341248;0.0;0.667477245503997;0.5991873594733563;0.40081264052664367
1730781689.710399;/app/bags/user95_2017-02-24.bag;0.834065854549408;0.0;0.9619645476341248;0.0;0.667477245503997;0.5991873594733563;0.40081264052664367
1730781689.91036;/app/bags/user95_2017-02-24.bag;0.834065854549408;0.0;0.9619645476341248;0.0;0.667477245503997;0.5991873594733563;0.40081264052664367
1730781690.1103914;/app/bags/user95_2017-02-24.bag;0.834065854549408;0.0;0.9619645476341248;0.0;0.667477245503997;0.5991873594733563;0.40081264052664367
1730781690.3104124;/app/bags/user95_2017-02-24.bag;0.834065854549408;0.0;0.9619645476341248;0.0;0.667477245503997;0.5991873594733563;0.40081264052664367
1730781690.510437;/app/bags/user95_2017-02-24.bag;0.834065854549408;0.0;0.9619645476341248;0.0;0.667477245503997;0.5991873594733563;0.40081264052664367
1730781690.7103622;/app/bags/user95_2017-02-24.bag;0.834065854549408;0.0;0.9619645476341248;0.0;0.667477245503997;0.5991873594733563;0.40081264052664367
1730781690.9103913;/app/bags/user95_2017-02-24.bag;0.834065854549408;0.0;0.9619645476341248;0.0;0.667477245503997;0.5991873594733563;0.40081264052664367
1730781691.1103714;/app/bags/user95_2017-02-24.bag;0.834065854549408;0.0;0.9619645476341248;0.0;0.667477245503997;0.5991873594733563;0.40081264052664367
1730781691.3103955;/app/bags/user95_2017-02-24.bag;0.834065854549408;0.0;0.9619645476341248;0.0;0.667477245503997;0.5991873594733563;0.40081264052664367
1730781691.5103977;/app/bags/user95_2017-02-24.bag;0.834065854549408;0.0;0.9619645476341248;0.0;0.667477245503997;0.5991873594733563;0.40081264052664367
1730781691.7104087;/app/bags/user95_2017-02-24.bag;0.834065854549408;0.0;0.9619645476341248;0.0;0.667477245503997;0.5991873594733563;0.40081264052664367
1730781691.910369;/app/bags/user95_2017-02-24.bag;0.834065854549408;0.0;0.9619645476341248;0.0;0.667477245503997;0.5991873594733563;0.40081264052664367
1730781692.110382;/app/bags/user95_2017-02-24.bag;0.834065854549408;0.0;0.9619645476341248;0.0;0.667477245503997;0.5991873594733563;0.40081264052664367
1730781692.310488;/app/bags/user95_2017-02-24.bag;0.834065854549408;0.0;0.9619645476341248;0.0;0.667477245503997;0.5991873594733563;0.40081264052664367
1730781692.5104403;/app/bags/user95_2017-02-24.bag;0.834065854549408;0.0;0.9619645476341248;0.0;0.667477245503997;0.5991873594733563;0.40081264052664367
1730781692.7105167;/app/bags/user95_2017-02-24.bag;0.834065854549408;0.0;0.9619645476341248;0.0;0.667477245503997;0.5991873594733563;0.40081264052664367
1730781692.9103842;/app/bags/user95_2017-02-24.bag;0.834065854549408;0.0;0.9619645476341248;0.0;0.667477245503997;0.5991873594733563;0.40081264052664367
1730781693.1103892;/app/bags/user95_2017-02-24.bag;0.834065854549408;0.0;0.9619645476341248;0.0;0.667477245503997;0.5991873594733563;0.40081264052664367
1730781693.310377;/app/bags/user95_2017-02-24.bag;0.834065854549408;0.0;0.9619645476341248;0.0;0.667477245503997;0.5991873594733563;0.40081264052664367
1730781693.5104055;/app/bags/user95_2017-02-24.bag;0.834065854549408;0.0;0.9619645476341248;0.0;0.667477245503997;0.5991873594733563;0.40081264052664367
1730781693.7103856;/app/bags/user95_2017-02-24.bag;0.834065854549408;0.0;0.9619645476341248;0.0;0.667477245503997;0.5991873594733563;0.40081264052664367
1730781693.9103677;/app/bags/user95_2017-02-24.bag;0.834065854549408;0.0;0.9619645476341248;0.0;0.667477245503997;0.5991873594733563;0.40081264052664367
1730781694.110424;/app/bags/user95_2017-02-24.bag;0.834065854549408;0.0;0.9619645476341248;0.0;0.667477245503997;0.5991873594733563;0.40081264052664367
1730781694.310432;/app/bags/user95_2017-02-24.bag;0.834065854549408;0.0;0.9619645476341248;0.0;0.667477245503997;0.5991873594733563;0.40081264052664367
1730781694.510369;/app/bags/user95_2017-02-24.bag;0.834065854549408;0.0;0.9619645476341248;0.0;0.667477245503997;0.5991873594733563;0.40081264052664367
1730781694.710389;/app/bags/user95_2017-02-24.bag;0.834065854549408;0.0;0.9619645476341248;0.0;0.667477245503997;0.5991873594733563;0.40081264052664367
1730781694.9104564;/app/bags/user95_2017-02-24.bag;0.834065854549408;0.0;0.9619645476341248;0.0;0.667477245503997;0.5991873594733563;0.40081264052664367
1730781695.1103778;/app/bags/user95_2017-02-24.bag;0.834065854549408;0.0;0.9619645476341248;0.0;0.667477245503997;0.5991873594733563;0.40081264052664367
1730781695.310397;/app/bags/user95_2017-02-24.bag;0.834065854549408;0.0;0.9619645476341248;0.0;0.667477245503997;0.5991873594733563;0.40081264052664367
1730781695.5104032;/app/bags/user95_2017-02-24.bag;0.834065854549408;0.0;0.9619645476341248;0.0;0.667477245503997;0.5991873594733563;0.40081264052664367
1730781695.710377;/app/bags/user95_2017-02-24.bag;0.834065854549408;0.0;0.9619645476341248;0.0;0.667477245503997;0.5991873594733563;0.40081264052664367
1730781695.9104023;/app/bags/user95_2017-02-24.bag;0.834065854549408;0.0;0.9619645476341248;0.0;0.667477245503997;0.5991873594733563;0.40081264052664367
1730781696.11041;/app/bags/user95_2017-02-24.bag;0.834065854549408;0.0;0.9619645476341248;0.0;0.667477245503997;0.5991873594733563;0.40081264052664367
1730781696.310377;/app/bags/user95_2017-02-24.bag;0.834065854549408;0.0;0.9619645476341248;0.0;0.667477245503997;0.5991873594733563;0.40081264052664367
1730781696.5103526;/app/bags/user95_2017-02-24.bag;0.834065854549408;0.0;0.9619645476341248;0.0;0.667477245503997;0.5991873594733563;0.40081264052664367
1730781696.7103705;/app/bags/user95_2017-02-24.bag;0.834065854549408;0.0;0.9619645476341248;0.0;0.667477245503997;0.5991873594733563;0.40081264052664367
1730781696.9103518;/app/bags/user95_2017-02-24.bag;0.834065854549408;0.0;0.9619645476341248;0.0;0.667477245503997;0.5991873594733563;0.40081264052664367
1730781697.110367;/app/bags/user95_2017-02-24.bag;0.834065854549408;0.0;0.9619645476341248;0.0;0.667477245503997;0.5991873594733563;0.40081264052664367
1730781697.3105388;/app/bags/user95_2017-02-24.bag;0.834065854549408;0.0;0.9619645476341248;0.0;0.667477245503997;0.5991873594733563;0.40081264052664367
1730781697.5104177;/app/bags/user95_2017-02-24.bag;0.834065854549408;0.0;0.9619645476341248;0.0;0.667477245503997;0.5991873594733563;0.40081264052664367
1730781697.7104173;/app/bags/user95_2017-02-24.bag;0.834065854549408;0.0;0.9619645476341248;0.0;0.667477245503997;0.5991873594733563;0.40081264052664367
1730781697.9104166;/app/bags/user95_2017-02-24.bag;0.834065854549408;0.0;0.9619645476341248;0.0;0.667477245503997;0.5991873594733563;0.40081264052664367
1730781698.1103928;/app/bags/user95_2017-02-24.bag;0.834065854549408;0.0;0.9619645476341248;0.0;0.667477245503997;0.5991873594733563;0.40081264052664367
1730781698.3104327;/app/bags/user95_2017-02-24.bag;0.834065854549408;0.0;0.9619645476341248;0.0;0.667477245503997;0.5991873594733563;0.40081264052664367
1730781698.5103993;/app/bags/user95_2017-02-24.bag;0.834065854549408;0.0;0.9619645476341248;0.0;0.667477245503997;0.5991873594733563;0.40081264052664367
1730781698.7103846;/app/bags/user95_2017-02-24.bag;0.834065854549408;0.0;0.9619645476341248;0.0;0.667477245503997;0.5991873594733563;0.40081264052664367
1730781698.910441;/app/bags/user95_2017-02-24.bag;0.834065854549408;0.0;0.9619645476341248;0.0;0.667477245503997;0.5991873594733563;0.40081264052664367
1730781699.11035;/app/bags/user95_2017-02-24.bag;0.834065854549408;0.0;0.9619645476341248;0.0;0.667477245503997;0.5991873594733563;0.40081264052664367
1730781699.3103929;/app/bags/user95_2017-02-24.bag;0.834065854549408;0.0;0.9619645476341248;0.0;0.667477245503997;0.5991873594733563;0.40081264052664367
1730781699.5104885;/app/bags/user95_2017-02-24.bag;0.834065854549408;0.0;0.9619645476341248;0.0;0.667477245503997;0.5991873594733563;0.40081264052664367
1730781699.7104173;/app/bags/user95_2017-02-24.bag;0.834065854549408;0.0;0.9619645476341248;0.0;0.667477245503997;0.5991873594733563;0.40081264052664367
1730781699.9104118;/app/bags/user95_2017-02-24.bag;0.834065854549408;0.0;0.9619645476341248;0.0;0.667477245503997;0.5991873594733563;0.40081264052664367
1730781700.1103408;/app/bags/user95_2017-02-24.bag;0.834065854549408;0.0;0.9619645476341248;0.0;0.667477245503997;0.5991873594733563;0.40081264052664367
1730781700.3103287;/app/bags/user95_2017-02-24.bag;0.834065854549408;0.0;0.9619645476341248;0.0;0.667477245503997;0.5991873594733563;0.40081264052664367
1730781700.510426;/app/bags/user95_2017-02-24.bag;0.834065854549408;0.0;0.9619645476341248;0.0;0.667477245503997;0.5991873594733563;0.40081264052664367
1730781700.710377;/app/bags/user95_2017-02-24.bag;0.834065854549408;0.0;0.9619645476341248;0.0;0.667477245503997;0.5991873594733563;0.40081264052664367
1730781700.9103696;/app/bags/user95_2017-02-24.bag;0.834065854549408;0.0;0.9619645476341248;0.0;0.667477245503997;0.5991873594733563;0.40081264052664367
1730781701.1103854;/app/bags/user95_2017-02-24.bag;0.834065854549408;0.0;0.9619645476341248;0.0;0.667477245503997;0.5991873594733563;0.40081264052664367
1730781701.31038;/app/bags/user95_2017-02-24.bag;0.834065854549408;0.0;0.9619645476341248;0.0;0.667477245503997;0.5991873594733563;0.40081264052664367
1730781701.5104117;/app/bags/user95_2017-02-24.bag;0.834065854549408;0.0;0.9619645476341248;0.0;0.667477245503997;0.5991873594733563;0.40081264052664367
1730781701.7104151;/app/bags/user95_2017-02-24.bag;0.834065854549408;0.0;0.9619645476341248;0.0;0.667477245503997;0.5991873594733563;0.40081264052664367
1730781701.9104037;/app/bags/user95_2017-02-24.bag;0.834065854549408;0.0;0.9619645476341248;0.0;0.667477245503997;0.5991873594733563;0.40081264052664367
1730781702.1104043;/app/bags/user95_2017-02-24.bag;0.834065854549408;0.0;0.9619645476341248;0.0;0.667477245503997;0.5991873594733563;0.40081264052664367
1730781702.3103788;/app/bags/user95_2017-02-24.bag;0.834065854549408;0.0;0.9619645476341248;0.0;0.667477245503997;0.5991873594733563;0.40081264052664367
1730781702.5104215;/app/bags/user95_2017-02-24.bag;0.834065854549408;0.0;0.9619645476341248;0.0;0.667477245503997;0.5991873594733563;0.40081264052664367
1730781702.7104475;/app/bags/user95_2017-02-24.bag;0.834065854549408;0.0;0.9619645476341248;0.0;0.667477245503997;0.5991873594733563;0.40081264052664367
1730781702.9103649;/app/bags/user95_2017-02-24.bag;0.834065854549408;0.0;0.9619645476341248;0.0;0.667477245503997;0.5991873594733563;0.40081264052664367
1730781703.110372;/app/bags/user95_2017-02-24.bag;0.834065854549408;0.0;0.9619645476341248;0.0;0.667477245503997;0.5991873594733563;0.40081264052664367
1730781703.3104215;/app/bags/user95_2017-02-24.bag;0.834065854549408;0.0;0.9619645476341248;0.0;0.667477245503997;0.5991873594733563;0.40081264052664367
1730781703.5104766;/app/bags/user95_2017-02-24.bag;0.834065854549408;0.0;0.9619645476341248;0.0;0.667477245503997;0.5991873594733563;0.40081264052664367
1730781703.710422;/app/bags/user95_2017-02-24.bag;0.834065854549408;0.0;0.9619645476341248;0.0;0.667477245503997;0.5991873594733563;0.40081264052664367
1730781703.9104173;/app/bags/user95_2017-02-24.bag;0.834065854549408;0.0;0.9619645476341248;0.0;0.667477245503997;0.5991873594733563;0.40081264052664367
1730781704.110527;/app/bags/user95_2017-02-24.bag;0.834065854549408;0.0;0.9619645476341248;0.0;0.667477245503997;0.5991873594733563;0.40081264052664367
1730781704.3104587;/app/bags/user95_2017-02-24.bag;0.834065854549408;0.0;0.9619645476341248;0.0;0.667477245503997;0.5991873594733563;0.40081264052664367
1730781704.5103793;/app/bags/user95_2017-02-24.bag;0.834065854549408;0.0;0.9619645476341248;0.0;0.667477245503997;0.5991873594733563;0.40081264052664367
1730781704.710394;/app/bags/user95_2017-02-24.bag;0.834065854549408;0.0;0.9619645476341248;0.0;0.667477245503997;0.5991873594733563;0.40081264052664367
1730781704.9104147;/app/bags/user95_2017-02-24.bag;0.834065854549408;0.0;0.9619645476341248;0.0;0.667477245503997;0.5991873594733563;0.40081264052664367
1730781705.1103613;/app/bags/user95_2017-02-24.bag;0.834065854549408;0.0;0.9619645476341248;0.0;0.667477245503997;0.5991873594733563;0.40081264052664367
1730781705.3103676;/app/bags/user95_2017-02-24.bag;0.834065854549408;0.0;0.9619645476341248;0.0;0.667477245503997;0.5991873594733563;0.40081264052664367
1730781705.5103843;/app/bags/user95_2017-02-24.bag;0.834065854549408;0.0;0.9619645476341248;0.0;0.667477245503997;0.5991873594733563;0.40081264052664367
1730781705.7103837;/app/bags/user95_2017-02-24.bag;0.834065854549408;0.0;0.9619645476341248;0.0;0.667477245503997;0.5991873594733563;0.40081264052664367
1730781705.9104087;/app/bags/user95_2017-02-24.bag;0.834065854549408;0.0;0.9619645476341248;0.0;0.667477245503997;0.5991873594733563;0.40081264052664367
1730781706.1103823;/app/bags/user95_2017-02-24.bag;0.834065854549408;0.0;0.9619645476341248;0.0;0.667477245503997;0.5991873594733563;0.40081264052664367
1730781706.3103778;/app/bags/user95_2017-02-24.bag;0.834065854549408;0.0;0.9619645476341248;0.0;0.667477245503997;0.5991873594733563;0.40081264052664367
1730781706.510441;/app/bags/user95_2017-02-24.bag;0.834065854549408;0.0;0.9619645476341248;0.0;0.667477245503997;0.5991873594733563;0.40081264052664367
1730781706.7103846;/app/bags/user95_2017-02-24.bag;0.834065854549408;0.0;0.9619645476341248;0.0;0.667477245503997;0.5991873594733563;0.40081264052664367
1730781706.9104078;/app/bags/user95_2017-02-24.bag;0.834065854549408;0.0;0.9619645476341248;0.0;0.667477245503997;0.5991873594733563;0.40081264052664367
1730781707.1103654;/app/bags/user95_2017-02-24.bag;0.834065854549408;0.0;0.9619645476341248;0.0;0.667477245503997;0.5991873594733563;0.40081264052664367
1730781707.310431;/app/bags/user95_2017-02-24.bag;0.834065854549408;0.0;0.9619645476341248;0.0;0.667477245503997;0.5991873594733563;0.40081264052664367
1730781707.5103838;/app/bags/user95_2017-02-24.bag;0.834065854549408;0.0;0.9619645476341248;0.0;0.667477245503997;0.5991873594733563;0.40081264052664367
1730781707.7104847;/app/bags/user95_2017-02-24.bag;0.834065854549408;0.0;0.9619645476341248;0.0;0.667477245503997;0.5991873594733563;0.40081264052664367
1730781707.9104035;/app/bags/user95_2017-02-24.bag;0.834065854549408;0.0;0.9619645476341248;0.0;0.667477245503997;0.5991873594733563;0.40081264052664367
1730781708.1106195;/app/bags/user95_2017-02-24.bag;0.834065854549408;0.0;0.9619645476341248;0.0;0.667477245503997;0.5991873594733563;0.40081264052664367
1730781708.3104389;/app/bags/user95_2017-02-24.bag;0.834065854549408;0.0;0.9619645476341248;0.0;0.667477245503997;0.5991873594733563;0.40081264052664367
1730781708.510411;/app/bags/user95_2017-02-24.bag;0.834065854549408;0.0;0.9619645476341248;0.0;0.667477245503997;0.5991873594733563;0.40081264052664367
1730781708.7103949;/app/bags/user95_2017-02-24.bag;0.834065854549408;0.0;0.9619645476341248;0.0;0.667477245503997;0.5991873594733563;0.40081264052664367
1730781708.9103954;/app/bags/user95_2017-02-24.bag;0.834065854549408;0.0;0.9619645476341248;0.0;0.667477245503997;0.5991873594733563;0.40081264052664367
1730781709.1104121;/app/bags/user95_2017-02-24.bag;0.834065854549408;0.0;0.9619645476341248;0.0;0.667477245503997;0.5991873594733563;0.40081264052664367
1730781709.3104012;/app/bags/user95_2017-02-24.bag;0.834065854549408;0.0;0.9619645476341248;0.0;0.667477245503997;0.5991873594733563;0.40081264052664367
1730781709.5104008;/app/bags/user95_2017-02-24.bag;0.834065854549408;0.0;0.9619645476341248;0.0;0.667477245503997;0.5991873594733563;0.40081264052664367
1730781709.7103887;/app/bags/user95_2017-02-24.bag;0.834065854549408;0.0;0.9619645476341248;0.0;0.667477245503997;0.5991873594733563;0.40081264052664367
1730781709.9103732;/app/bags/user95_2017-02-24.bag;0.834065854549408;0.0;0.9619645476341248;0.0;0.667477245503997;0.5991873594733563;0.40081264052664367
1730781710.1104395;/app/bags/user95_2017-02-24.bag;0.834065854549408;0.0;0.9619645476341248;0.0;0.667477245503997;0.5991873594733563;0.40081264052664367
1730781710.310501;/app/bags/user95_2017-02-24.bag;0.834065854549408;0.0;0.9619645476341248;0.0;0.667477245503997;0.5991873594733563;0.40081264052664367
1730781710.5103605;/app/bags/user95_2017-02-24.bag;0.834065854549408;0.0;0.9619645476341248;0.0;0.667477245503997;0.5991873594733563;0.40081264052664367
1730781710.7103405;/app/bags/user95_2017-02-24.bag;0.834065854549408;0.0;0.9619645476341248;0.0;0.667477245503997;0.5991873594733563;0.40081264052664367
1730781710.9103816;/app/bags/user95_2017-02-24.bag;0.834065854549408;0.0;0.9619645476341248;0.0;0.667477245503997;0.5991873594733563;0.40081264052664367
1730781711.1105425;/app/bags/user95_2017-02-24.bag;0.834065854549408;0.0;0.9619645476341248;0.0;0.667477245503997;0.5991873594733563;0.40081264052664367
1730781711.3104131;/app/bags/user95_2017-02-24.bag;0.834065854549408;0.0;0.9619645476341248;0.0;0.667477245503997;0.5991873594733563;0.40081264052664367
1730781711.5104206;/app/bags/user95_2017-02-24.bag;0.834065854549408;0.0;0.9619645476341248;0.0;0.667477245503997;0.5991873594733563;0.40081264052664367
1730781711.7103891;/app/bags/user95_2017-02-24.bag;0.834065854549408;0.0;0.9619645476341248;0.0;0.667477245503997;0.5991873594733563;0.40081264052664367
1730781711.9105868;/app/bags/user95_2017-02-24.bag;0.834065854549408;0.0;0.9619645476341248;0.0;0.667477245503997;0.5991873594733563;0.40081264052664367
1730781712.1104808;/app/bags/user95_2017-02-24.bag;0.834065854549408;0.0;0.9619645476341248;0.0;0.667477245503997;0.5991873594733563;0.40081264052664367
1730781712.3103905;/app/bags/user95_2017-02-24.bag;0.834065854549408;0.0;0.9619645476341248;0.0;0.667477245503997;0.5991873594733563;0.40081264052664367
1730781712.5104592;/app/bags/user95_2017-02-24.bag;0.834065854549408;0.0;0.9619645476341248;0.0;0.667477245503997;0.5991873594733563;0.40081264052664367
1730781712.7104049;/app/bags/user95_2017-02-24.bag;0.834065854549408;0.0;0.9619645476341248;0.0;0.667477245503997;0.5991873594733563;0.40081264052664367
1730781712.9104035;/app/bags/user95_2017-02-24.bag;0.834065854549408;0.0;0.9619645476341248;0.0;0.667477245503997;0.5991873594733563;0.40081264052664367
1730781713.1103973;/app/bags/user95_2017-02-24.bag;0.834065854549408;0.0;0.9619645476341248;0.0;0.667477245503997;0.5991873594733563;0.40081264052664367
1730781713.3103826;/app/bags/user95_2017-02-24.bag;0.834065854549408;0.0;0.9619645476341248;0.0;0.667477245503997;0.5991873594733563;0.40081264052664367
1730781713.5103824;/app/bags/user95_2017-02-24.bag;0.834065854549408;0.0;0.9619645476341248;0.0;0.667477245503997;0.5991873594733563;0.40081264052664367
1730781713.710388;/app/bags/user95_2017-02-24.bag;0.834065854549408;0.0;0.9619645476341248;0.0;0.667477245503997;0.5991873594733563;0.40081264052664367
1730781713.9103951;/app/bags/user95_2017-02-24.bag;0.834065854549408;0.0;0.9619645476341248;0.0;0.667477245503997;0.5991873594733563;0.40081264052664367
1730781714.1104124;/app/bags/user95_2017-02-24.bag;0.834065854549408;0.0;0.9619645476341248;0.0;0.667477245503997;0.5991873594733563;0.40081264052664367
1730781714.3104942;/app/bags/user95_2017-02-24.bag;0.834065854549408;0.0;0.9619645476341248;0.0;0.667477245503997;0.5991873594733563;0.40081264052664367
1730781714.5104277;/app/bags/user95_2017-02-24.bag;0.834065854549408;0.0;0.9619645476341248;0.0;0.667477245503997;0.5991873594733563;0.40081264052664367
1730781714.7103596;/app/bags/user95_2017-02-24.bag;0.834065854549408;0.0;0.9619645476341248;0.0;0.667477245503997;0.5991873594733563;0.40081264052664367
1730781714.9104588;/app/bags/user95_2017-02-24.bag;0.834065854549408;0.0;0.9619645476341248;0.0;0.667477245503997;0.5991873594733563;0.40081264052664367
1730781715.1104493;/app/bags/user95_2017-02-24.bag;0.834065854549408;0.0;0.9619645476341248;0.0;0.667477245503997;0.5991873594733563;0.40081264052664367
1730781715.31037;/app/bags/user95_2017-02-24.bag;0.834065854549408;0.0;0.9619645476341248;0.0;0.667477245503997;0.5991873594733563;0.40081264052664367
1730781715.5103974;/app/bags/user95_2017-02-24.bag;0.834065854549408;0.0;0.9619645476341248;0.0;0.667477245503997;0.5991873594733563;0.40081264052664367
1730781715.7103813;/app/bags/user95_2017-02-24.bag;0.834065854549408;0.0;0.9619645476341248;0.0;0.667477245503997;0.5991873594733563;0.40081264052664367
1730781715.9103746;/app/bags/user95_2017-02-24.bag;0.834065854549408;0.0;0.9619645476341248;0.0;0.667477245503997;0.5991873594733563;0.40081264052664367
1730781716.1103842;/app/bags/user95_2017-02-24.bag;0.834065854549408;0.0;0.9619645476341248;0.0;0.667477245503997;0.5991873594733563;0.40081264052664367
1730781716.3103733;/app/bags/user95_2017-02-24.bag;0.834065854549408;0.0;0.9619645476341248;0.0;0.667477245503997;0.5991873594733563;0.40081264052664367
1730781716.5103524;/app/bags/user95_2017-02-24.bag;0.834065854549408;0.0;0.9619645476341248;0.0;0.667477245503997;0.5991873594733563;0.40081264052664367
1730781716.7104743;/app/bags/user95_2017-02-24.bag;0.834065854549408;0.0;0.9619645476341248;0.0;0.667477245503997;0.5991873594733563;0.40081264052664367
1730781716.910389;/app/bags/user95_2017-02-24.bag;0.834065854549408;0.0;0.9619645476341248;0.0;0.667477245503997;0.5991873594733563;0.40081264052664367
1730781717.1104574;/app/bags/user95_2017-02-24.bag;0.834065854549408;0.0;0.9619645476341248;0.0;0.667477245503997;0.5991873594733563;0.40081264052664367
1730781717.3103862;/app/bags/user95_2017-02-24.bag;0.834065854549408;0.0;0.9619645476341248;0.0;0.667477245503997;0.5991873594733563;0.40081264052664367
1730781717.5103915;/app/bags/user95_2017-02-24.bag;0.834065854549408;0.0;0.9619645476341248;0.0;0.667477245503997;0.5991873594733563;0.40081264052664367
1730781717.710421;/app/bags/user95_2017-02-24.bag;0.834065854549408;0.0;0.9619645476341248;0.0;0.667477245503997;0.5991873594733563;0.40081264052664367
1730781717.9103906;/app/bags/user95_2017-02-24.bag;0.834065854549408;0.0;0.9619645476341248;0.0;0.667477245503997;0.5991873594733563;0.40081264052664367
1730781718.1104095;/app/bags/user95_2017-02-24.bag;0.834065854549408;0.0;0.9619645476341248;0.0;0.667477245503997;0.5991873594733563;0.40081264052664367
1730781718.3105066;/app/bags/user95_2017-02-24.bag;0.834065854549408;0.0;0.9619645476341248;0.0;0.667477245503997;0.5991873594733563;0.40081264052664367
1730781718.5104084;/app/bags/user95_2017-02-24.bag;0.834065854549408;0.0;0.9619645476341248;0.0;0.667477245503997;0.5991873594733563;0.40081264052664367
1730781718.71043;/app/bags/user95_2017-02-24.bag;0.834065854549408;0.0;0.9619645476341248;0.0;0.667477245503997;0.5991873594733563;0.40081264052664367
1730781718.9104123;/app/bags/user95_2017-02-24.bag;0.834065854549408;0.0;0.9619645476341248;0.0;0.667477245503997;0.5991873594733563;0.40081264052664367
1730781719.110416;/app/bags/user95_2017-02-24.bag;0.834065854549408;0.0;0.9619645476341248;0.0;0.667477245503997;0.5991873594733563;0.40081264052664367
1730781719.310377;/app/bags/user95_2017-02-24.bag;0.834065854549408;0.0;0.9619645476341248;0.0;0.667477245503997;0.5991873594733563;0.40081264052664367
1730781719.5104413;/app/bags/user95_2017-02-24.bag;0.834065854549408;0.0;0.9619645476341248;0.0;0.667477245503997;0.5991873594733563;0.40081264052664367
1730781719.7104752;/app/bags/user95_2017-02-24.bag;0.834065854549408;0.0;0.9619645476341248;0.0;0.667477245503997;0.5991873594733563;0.40081264052664367
1730781719.9103987;/app/bags/user95_2017-02-24.bag;0.834065854549408;0.0;0.9619645476341248;0.0;0.667477245503997;0.5991873594733563;0.40081264052664367
1730781720.1104002;/app/bags/user95_2017-02-24.bag;0.834065854549408;0.0;0.9619645476341248;0.0;0.667477245503997;0.5991873594733563;0.40081264052664367
1730781720.3103967;/app/bags/user95_2017-02-24.bag;0.834065854549408;0.0;0.9619645476341248;0.0;0.667477245503997;0.5991873594733563;0.40081264052664367
1730781720.5104034;/app/bags/user95_2017-02-24.bag;0.834065854549408;0.0;0.9619645476341248;0.0;0.667477245503997;0.5991873594733563;0.40081264052664367
1730781720.7103596;/app/bags/user95_2017-02-24.bag;0.834065854549408;0.0;0.9619645476341248;0.0;0.667477245503997;0.5991873594733563;0.40081264052664367
1730781720.91041;/app/bags/user95_2017-02-24.bag;0.834065854549408;0.0;0.9619645476341248;0.0;0.667477245503997;0.5991873594733563;0.40081264052664367
1730781721.11039;/app/bags/user95_2017-02-24.bag;0.834065854549408;0.0;0.9619645476341248;0.0;0.667477245503997;0.5991873594733563;0.40081264052664367
1730781721.3104556;/app/bags/user95_2017-02-24.bag;0.834065854549408;0.0;0.9619645476341248;0.0;0.667477245503997;0.5991873594733563;0.40081264052664367
1730781721.5104015;/app/bags/user95_2017-02-24.bag;0.834065854549408;0.0;0.9619645476341248;0.0;0.667477245503997;0.5991873594733563;0.40081264052664367
1730781721.710343;/app/bags/user95_2017-02-24.bag;0.834065854549408;0.0;0.9619645476341248;0.0;0.667477245503997;0.5991873594733563;0.40081264052664367
1730781721.910347;/app/bags/user95_2017-02-24.bag;0.834065854549408;0.0;0.9619645476341248;0.0;0.667477245503997;0.5991873594733563;0.40081264052664367
1730781722.110409;/app/bags/user95_2017-02-24.bag;0.834065854549408;0.0;0.9619645476341248;0.0;0.667477245503997;0.5991873594733563;0.40081264052664367
1730781722.3103948;/app/bags/user95_2017-02-24.bag;0.834065854549408;0.0;0.9619645476341248;0.0;0.667477245503997;0.5991873594733563;0.40081264052664367
1730781722.5103943;/app/bags/user95_2017-02-24.bag;0.834065854549408;0.0;0.9619645476341248;0.0;0.667477245503997;0.5991873594733563;0.40081264052664367
1730781722.7104146;/app/bags/user95_2017-02-24.bag;0.834065854549408;0.0;0.9619645476341248;0.0;0.667477245503997;0.5991873594733563;0.40081264052664367
1730781722.9105902;/app/bags/user95_2017-02-24.bag;0.834065854549408;0.0;0.9619645476341248;0.0;0.667477245503997;0.5991873594733563;0.40081264052664367
1730781723.1103668;/app/bags/user95_2017-02-24.bag;0.834065854549408;0.0;0.9619645476341248;0.0;0.667477245503997;0.5991873594733563;0.40081264052664367
1730781723.3103967;/app/bags/user95_2017-02-24.bag;0.834065854549408;0.0;0.9619645476341248;0.0;0.667477245503997;0.5991873594733563;0.40081264052664367
1730781723.5103812;/app/bags/user95_2017-02-24.bag;0.834065854549408;0.0;0.9619645476341248;0.0;0.667477245503997;0.5991873594733563;0.40081264052664367
1730781723.710385;/app/bags/user95_2017-02-24.bag;0.834065854549408;0.0;0.9619645476341248;0.0;0.667477245503997;0.5991873594733563;0.40081264052664367
1730781723.9103801;/app/bags/user95_2017-02-24.bag;0.834065854549408;0.0;0.9619645476341248;0.0;0.667477245503997;0.5991873594733563;0.40081264052664367
1730781724.1103778;/app/bags/user95_2017-02-24.bag;0.834065854549408;0.0;0.9619645476341248;0.0;0.667477245503997;0.5991873594733563;0.40081264052664367
1730781724.3104336;/app/bags/user95_2017-02-24.bag;0.834065854549408;0.0;0.9619645476341248;0.0;0.667477245503997;0.5991873594733563;0.40081264052664367
1730781724.5103807;/app/bags/user95_2017-02-24.bag;0.834065854549408;0.0;0.9619645476341248;0.0;0.667477245503997;0.5991873594733563;0.40081264052664367
1730781724.710572;/app/bags/user95_2017-02-24.bag;0.834065854549408;0.0;0.9619645476341248;0.0;0.667477245503997;0.5991873594733563;0.40081264052664367
1730781724.910341;/app/bags/user95_2017-02-24.bag;0.834065854549408;0.0;0.9619645476341248;0.0;0.667477245503997;0.5991873594733563;0.40081264052664367
1730781725.1103857;/app/bags/user95_2017-02-24.bag;0.834065854549408;0.0;0.9619645476341248;0.0;0.667477245503997;0.5991873594733563;0.40081264052664367
1730781725.310363;/app/bags/user95_2017-02-24.bag;0.834065854549408;0.0;0.9619645476341248;0.0;0.667477245503997;0.5991873594733563;0.40081264052664367
1730781725.5103903;/app/bags/user95_2017-02-24.bag;0.834065854549408;0.0;0.9619645476341248;0.0;0.667477245503997;0.5991873594733563;0.40081264052664367
1730781725.710362;/app/bags/user95_2017-02-24.bag;0.834065854549408;0.0;0.9619645476341248;0.0;0.667477245503997;0.5991873594733563;0.40081264052664367
1730781725.9104302;/app/bags/user95_2017-02-24.bag;0.834065854549408;0.0;0.9619645476341248;0.0;0.667477245503997;0.5991873594733563;0.40081264052664367
1730781726.1104002;/app/bags/user95_2017-02-24.bag;0.834065854549408;0.0;0.9619645476341248;0.0;0.667477245503997;0.5991873594733563;0.40081264052664367
1730781726.3103888;/app/bags/user95_2017-02-24.bag;0.834065854549408;0.0;0.9619645476341248;0.0;0.667477245503997;0.5991873594733563;0.40081264052664367
1730781726.5104;/app/bags/user95_2017-02-24.bag;0.834065854549408;0.0;0.9619645476341248;0.0;0.667477245503997;0.5991873594733563;0.40081264052664367
1730781726.710373;/app/bags/user95_2017-02-24.bag;0.834065854549408;0.0;0.9619645476341248;0.0;0.667477245503997;0.5991873594733563;0.40081264052664367
1730781726.9104033;/app/bags/user95_2017-02-24.bag;0.834065854549408;0.0;0.9619645476341248;0.0;0.667477245503997;0.5991873594733563;0.40081264052664367
1730781727.110431;/app/bags/user95_2017-02-24.bag;0.834065854549408;0.0;0.9619645476341248;0.0;0.667477245503997;0.5991873594733563;0.40081264052664367
1730781727.3103893;/app/bags/user95_2017-02-24.bag;0.834065854549408;0.0;0.9619645476341248;0.0;0.667477245503997;0.5991873594733563;0.40081264052664367
1730781727.5104327;/app/bags/user95_2017-02-24.bag;0.834065854549408;0.0;0.9619645476341248;0.0;0.667477245503997;0.5991873594733563;0.40081264052664367
1730781727.7103703;/app/bags/user95_2017-02-24.bag;0.834065854549408;0.0;0.9619645476341248;0.0;0.667477245503997;0.5991873594733563;0.40081264052664367
1730781727.9103818;/app/bags/user95_2017-02-24.bag;0.834065854549408;0.0;0.9619645476341248;0.0;0.667477245503997;0.5991873594733563;0.40081264052664367
1730781728.1103876;/app/bags/user95_2017-02-24.bag;0.834065854549408;0.0;0.9619645476341248;0.0;0.667477245503997;0.5991873594733563;0.40081264052664367
1730781728.3103902;/app/bags/user95_2017-02-24.bag;0.834065854549408;0.0;0.9619645476341248;0.0;0.667477245503997;0.5991873594733563;0.40081264052664367
1730781728.5103738;/app/bags/user95_2017-02-24.bag;0.834065854549408;0.0;0.9619645476341248;0.0;0.667477245503997;0.5991873594733563;0.40081264052664367
1730781728.7103674;/app/bags/user95_2017-02-24.bag;0.834065854549408;0.0;0.9619645476341248;0.0;0.667477245503997;0.5991873594733563;0.40081264052664367
1730781728.9104054;/app/bags/user95_2017-02-24.bag;0.834065854549408;0.0;0.9619645476341248;0.0;0.667477245503997;0.5991873594733563;0.40081264052664367
1730781729.1103551;/app/bags/user95_2017-02-24.bag;0.834065854549408;0.0;0.9619645476341248;0.0;0.667477245503997;0.5991873594733563;0.40081264052664367
1730781729.310421;/app/bags/user95_2017-02-24.bag;0.834065854549408;0.0;0.9619645476341248;0.0;0.667477245503997;0.5991873594733563;0.40081264052664367
1730781729.5103772;/app/bags/user95_2017-02-24.bag;0.834065854549408;0.0;0.9619645476341248;0.0;0.667477245503997;0.5991873594733563;0.40081264052664367
1730781729.710373;/app/bags/user95_2017-02-24.bag;0.834065854549408;0.0;0.9619645476341248;0.0;0.667477245503997;0.5991873594733563;0.40081264052664367
1730781729.9103847;/app/bags/user95_2017-02-24.bag;0.834065854549408;0.0;0.9619645476341248;0.0;0.667477245503997;0.5991873594733563;0.40081264052664367
1730781730.110493;/app/bags/user95_2017-02-24.bag;0.834065854549408;0.0;0.9619645476341248;0.0;0.667477245503997;0.5991873594733563;0.40081264052664367
1730781730.310386;/app/bags/user95_2017-02-24.bag;0.834065854549408;0.0;0.9619645476341248;0.0;0.667477245503997;0.5991873594733563;0.40081264052664367
1730781730.510368;/app/bags/user95_2017-02-24.bag;0.834065854549408;0.0;0.9619645476341248;0.0;0.667477245503997;0.5991873594733563;0.40081264052664367
1730781730.710376;/app/bags/user95_2017-02-24.bag;0.834065854549408;0.0;0.9619645476341248;0.0;0.667477245503997;0.5991873594733563;0.40081264052664367
1730781730.9104097;/app/bags/user95_2017-02-24.bag;0.834065854549408;0.0;0.9619645476341248;0.0;0.667477245503997;0.5991873594733563;0.40081264052664367
1730781731.110346;/app/bags/user95_2017-02-24.bag;0.834065854549408;0.0;0.9619645476341248;0.0;0.667477245503997;0.5991873594733563;0.40081264052664367
1730781731.3104355;/app/bags/user95_2017-02-24.bag;0.834065854549408;0.0;0.9619645476341248;0.0;0.667477245503997;0.5991873594733563;0.40081264052664367
1730781731.5104115;/app/bags/user95_2017-02-24.bag;0.834065854549408;0.0;0.9619645476341248;0.0;0.667477245503997;0.5991873594733563;0.40081264052664367
1730781731.7103646;/app/bags/user95_2017-02-24.bag;0.834065854549408;0.0;0.9619645476341248;0.0;0.667477245503997;0.5991873594733563;0.40081264052664367
1730781731.9104128;/app/bags/user95_2017-02-24.bag;0.834065854549408;0.0;0.9619645476341248;0.0;0.667477245503997;0.5991873594733563;0.40081264052664367
1730781732.110392;/app/bags/user95_2017-02-24.bag;0.834065854549408;0.0;0.9619645476341248;0.0;0.667477245503997;0.5991873594733563;0.40081264052664367
1730781732.3103874;/app/bags/user95_2017-02-24.bag;0.834065854549408;0.0;0.9619645476341248;0.0;0.667477245503997;0.5991873594733563;0.40081264052664367
1730781732.5103834;/app/bags/user95_2017-02-24.bag;0.834065854549408;0.0;0.9619645476341248;0.0;0.667477245503997;0.5991873594733563;0.40081264052664367
1730781732.7103946;/app/bags/user95_2017-02-24.bag;0.834065854549408;0.0;0.9619645476341248;0.0;0.667477245503997;0.5991873594733563;0.40081264052664367
1730781732.9103825;/app/bags/user95_2017-02-24.bag;0.834065854549408;0.0;0.9619645476341248;0.0;0.667477245503997;0.5991873594733563;0.40081264052664367
1730781733.1104531;/app/bags/user95_2017-02-24.bag;0.834065854549408;0.0;0.9619645476341248;0.0;0.667477245503997;0.5991873594733563;0.40081264052664367
1730781733.3104084;/app/bags/user95_2017-02-24.bag;0.834065854549408;0.0;0.9619645476341248;0.0;0.667477245503997;0.5991873594733563;0.40081264052664367
1730781733.5104523;/app/bags/user95_2017-02-24.bag;0.834065854549408;0.0;0.9619645476341248;0.0;0.667477245503997;0.5991873594733563;0.40081264052664367
1730781733.7103727;/app/bags/user95_2017-02-24.bag;0.834065854549408;0.0;0.9619645476341248;0.0;0.667477245503997;0.5991873594733563;0.40081264052664367
1730781733.9103718;/app/bags/user95_2017-02-24.bag;0.834065854549408;0.0;0.9619645476341248;0.0;0.667477245503997;0.5991873594733563;0.40081264052664367
1730781734.1104264;/app/bags/user95_2017-02-24.bag;0.834065854549408;0.0;0.9619645476341248;0.0;0.667477245503997;0.5991873594733563;0.40081264052664367
1730781734.3103714;/app/bags/user95_2017-02-24.bag;0.834065854549408;0.0;0.9619645476341248;0.0;0.667477245503997;0.5991873594733563;0.40081264052664367
1730781734.51037;/app/bags/user95_2017-02-24.bag;0.834065854549408;0.0;0.9619645476341248;0.0;0.667477245503997;0.5991873594733563;0.40081264052664367
1730781734.7104135;/app/bags/user95_2017-02-24.bag;0.834065854549408;0.0;0.9619645476341248;0.0;0.667477245503997;0.5991873594733563;0.40081264052664367
1730781734.9104009;/app/bags/user95_2017-02-24.bag;0.834065854549408;0.0;0.9619645476341248;0.0;0.667477245503997;0.5991873594733563;0.40081264052664367
1730781735.110392;/app/bags/user95_2017-02-24.bag;0.834065854549408;0.0;0.9619645476341248;0.0;0.667477245503997;0.5991873594733563;0.40081264052664367
1730781735.3104072;/app/bags/user95_2017-02-24.bag;0.834065854549408;0.0;0.9619645476341248;0.0;0.667477245503997;0.5991873594733563;0.40081264052664367
1730781735.5103774;/app/bags/user95_2017-02-24.bag;0.834065854549408;0.0;0.9619645476341248;0.0;0.667477245503997;0.5991873594733563;0.40081264052664367
1730781735.7103796;/app/bags/user95_2017-02-24.bag;0.834065854549408;0.0;0.9619645476341248;0.0;0.667477245503997;0.5991873594733563;0.40081264052664367
1730781735.9103718;/app/bags/user95_2017-02-24.bag;0.834065854549408;0.0;0.9619645476341248;0.0;0.667477245503997;0.5991873594733563;0.40081264052664367
1730781736.1104014;/app/bags/user95_2017-02-24.bag;0.834065854549408;0.0;0.9619645476341248;0.0;0.667477245503997;0.5991873594733563;0.40081264052664367
1730781736.3103929;/app/bags/user95_2017-02-24.bag;0.834065854549408;0.0;0.9619645476341248;0.0;0.667477245503997;0.5991873594733563;0.40081264052664367
1730781736.5103781;/app/bags/user95_2017-02-24.bag;0.834065854549408;0.0;0.9619645476341248;0.0;0.667477245503997;0.5991873594733563;0.40081264052664367
1730781736.710437;/app/bags/user95_2017-02-24.bag;0.834065854549408;0.0;0.9619645476341248;0.0;0.667477245503997;0.5991873594733563;0.40081264052664367
1730781736.9104242;/app/bags/user95_2017-02-24.bag;0.834065854549408;0.0;0.9619645476341248;0.0;0.667477245503997;0.5991873594733563;0.40081264052664367
1730781737.1103716;/app/bags/user95_2017-02-24.bag;0.834065854549408;0.0;0.9619645476341248;0.0;0.667477245503997;0.5991873594733563;0.40081264052664367
1730781737.310384;/app/bags/user95_2017-02-24.bag;0.834065854549408;0.0;0.9619645476341248;0.0;0.667477245503997;0.5991873594733563;0.40081264052664367
1730781737.5103905;/app/bags/user95_2017-02-24.bag;0.834065854549408;0.0;0.9619645476341248;0.0;0.667477245503997;0.5991873594733563;0.40081264052664367
1730781737.7103665;/app/bags/user95_2017-02-24.bag;0.834065854549408;0.0;0.9619645476341248;0.0;0.667477245503997;0.5991873594733563;0.40081264052664367
1730781737.910417;/app/bags/user95_2017-02-24.bag;0.834065854549408;0.0;0.9619645476341248;0.0;0.667477245503997;0.5991873594733563;0.40081264052664367
1730781738.1103723;/app/bags/user95_2017-02-24.bag;0.834065854549408;0.0;0.9619645476341248;0.0;0.667477245503997;0.5991873594733563;0.40081264052664367
1730781738.3103712;/app/bags/user95_2017-02-24.bag;0.834065854549408;0.0;0.9619645476341248;0.0;0.667477245503997;0.5991873594733563;0.40081264052664367
1730781738.5103717;/app/bags/user95_2017-02-24.bag;0.834065854549408;0.0;0.9619645476341248;0.0;0.667477245503997;0.5991873594733563;0.40081264052664367
1730781738.7104437;/app/bags/user95_2017-02-24.bag;0.834065854549408;0.0;0.9619645476341248;0.0;0.667477245503997;0.5991873594733563;0.40081264052664367
1730781738.910385;/app/bags/user95_2017-02-24.bag;0.834065854549408;0.0;0.9619645476341248;0.0;0.667477245503997;0.5991873594733563;0.40081264052664367
1730781739.1103866;/app/bags/user95_2017-02-24.bag;0.834065854549408;0.0;0.9619645476341248;0.0;0.667477245503997;0.5991873594733563;0.40081264052664367
1730781739.310387;/app/bags/user95_2017-02-24.bag;0.834065854549408;0.0;0.9619645476341248;0.0;0.667477245503997;0.5991873594733563;0.40081264052664367
1730781739.5104232;/app/bags/user95_2017-02-24.bag;0.834065854549408;0.0;0.9619645476341248;0.0;0.667477245503997;0.5991873594733563;0.40081264052664367
1730781739.710427;/app/bags/user95_2017-02-24.bag;0.834065854549408;0.0;0.9619645476341248;0.0;0.667477245503997;0.5991873594733563;0.40081264052664367
1730781739.9103794;/app/bags/user95_2017-02-24.bag;0.834065854549408;0.0;0.9619645476341248;0.0;0.667477245503997;0.5991873594733563;0.40081264052664367
1730781740.110412;/app/bags/user95_2017-02-24.bag;0.834065854549408;0.0;0.9619645476341248;0.0;0.667477245503997;0.5991873594733563;0.40081264052664367
1730781740.310379;/app/bags/user95_2017-02-24.bag;0.834065854549408;0.0;0.9619645476341248;0.0;0.667477245503997;0.5991873594733563;0.40081264052664367
1730781740.510358;/app/bags/user95_2017-02-24.bag;0.834065854549408;0.0;0.9619645476341248;0.0;0.667477245503997;0.5991873594733563;0.40081264052664367
1730781740.710384;/app/bags/user95_2017-02-24.bag;0.834065854549408;0.0;0.9619645476341248;0.0;0.667477245503997;0.5991873594733563;0.40081264052664367
1730781740.9103847;/app/bags/user95_2017-02-24.bag;0.834065854549408;0.0;0.9619645476341248;0.0;0.667477245503997;0.5991873594733563;0.40081264052664367
1730781741.11039;/app/bags/user95_2017-02-24.bag;0.834065854549408;0.0;0.9619645476341248;0.0;0.667477245503997;0.5991873594733563;0.40081264052664367
1730781741.3103795;/app/bags/user95_2017-02-24.bag;0.834065854549408;0.0;0.9619645476341248;0.0;0.667477245503997;0.5991873594733563;0.40081264052664367
1730781741.510391;/app/bags/user95_2017-02-24.bag;0.834065854549408;0.0;0.9619645476341248;0.0;0.667477245503997;0.5991873594733563;0.40081264052664367
1730781741.7103841;/app/bags/user95_2017-02-24.bag;0.834065854549408;0.0;0.9619645476341248;0.0;0.667477245503997;0.5991873594733563;0.40081264052664367
1730781741.9103718;/app/bags/user95_2017-02-24.bag;0.834065854549408;0.0;0.9619645476341248;0.0;0.667477245503997;0.5991873594733563;0.40081264052664367
1730781742.1104054;/app/bags/user95_2017-02-24.bag;0.834065854549408;0.0;0.9619645476341248;0.0;0.667477245503997;0.5991873594733563;0.40081264052664367
1730781742.310389;/app/bags/user95_2017-02-24.bag;0.834065854549408;0.0;0.9619645476341248;0.0;0.667477245503997;0.5991873594733563;0.40081264052664367
1730781742.5103889;/app/bags/user95_2017-02-24.bag;0.834065854549408;0.0;0.9619645476341248;0.0;0.667477245503997;0.5991873594733563;0.40081264052664367
1730781742.710396;/app/bags/user95_2017-02-24.bag;0.834065854549408;0.0;0.9619645476341248;0.0;0.667477245503997;0.5991873594733563;0.40081264052664367
1730781742.9103618;/app/bags/user95_2017-02-24.bag;0.834065854549408;0.0;0.9619645476341248;0.0;0.667477245503997;0.5991873594733563;0.40081264052664367
1730781743.1104083;/app/bags/user95_2017-02-24.bag;0.834065854549408;0.0;0.9619645476341248;0.0;0.667477245503997;0.5991873594733563;0.40081264052664367
1730781743.310387;/app/bags/user95_2017-02-24.bag;0.834065854549408;0.0;0.9619645476341248;0.0;0.667477245503997;0.5991873594733563;0.40081264052664367
1730781743.510405;/app/bags/user95_2017-02-24.bag;0.834065854549408;0.0;0.9619645476341248;0.0;0.667477245503997;0.5991873594733563;0.40081264052664367
1730781743.710367;/app/bags/user95_2017-02-24.bag;0.834065854549408;0.0;0.9619645476341248;0.0;0.667477245503997;0.5991873594733563;0.40081264052664367
1730781743.910393;/app/bags/user95_2017-02-24.bag;0.834065854549408;0.0;0.9619645476341248;0.0;0.667477245503997;0.5991873594733563;0.40081264052664367
1730781744.1104753;/app/bags/user95_2017-02-24.bag;0.834065854549408;0.0;0.9619645476341248;0.0;0.667477245503997;0.5991873594733563;0.40081264052664367
1730781744.3103912;/app/bags/user95_2017-02-24.bag;0.834065854549408;0.0;0.9619645476341248;0.0;0.667477245503997;0.5991873594733563;0.40081264052664367
1730781744.5104418;/app/bags/user95_2017-02-24.bag;0.834065854549408;0.0;0.9619645476341248;0.0;0.667477245503997;0.5991873594733563;0.40081264052664367
1730781744.7103534;/app/bags/user95_2017-02-24.bag;0.834065854549408;0.0;0.9619645476341248;0.0;0.667477245503997;0.5991873594733563;0.40081264052664367
1730781744.9103765;/app/bags/user95_2017-02-24.bag;0.834065854549408;0.0;0.9619645476341248;0.0;0.667477245503997;0.5991873594733563;0.40081264052664367
1730781745.1103954;/app/bags/user95_2017-02-24.bag;0.834065854549408;0.0;0.9619645476341248;0.0;0.667477245503997;0.5991873594733563;0.40081264052664367
1730781745.3104155;/app/bags/user95_2017-02-24.bag;0.834065854549408;0.0;0.9619645476341248;0.0;0.667477245503997;0.5991873594733563;0.40081264052664367
1730781745.510384;/app/bags/user95_2017-02-24.bag;0.834065854549408;0.0;0.9619645476341248;0.0;0.667477245503997;0.5991873594733563;0.40081264052664367
1730781745.7103722;/app/bags/user95_2017-02-24.bag;0.834065854549408;0.0;0.9619645476341248;0.0;0.667477245503997;0.5991873594733563;0.40081264052664367
1730781745.9103951;/app/bags/user95_2017-02-24.bag;0.834065854549408;0.0;0.9619645476341248;0.0;0.667477245503997;0.5991873594733563;0.40081264052664367
1730781746.110427;/app/bags/user95_2017-02-24.bag;0.834065854549408;0.0;0.9619645476341248;0.0;0.667477245503997;0.5991873594733563;0.40081264052664367
1730781746.310636;/app/bags/user95_2017-02-24.bag;0.834065854549408;0.0;0.9619645476341248;0.0;0.667477245503997;0.5991873594733563;0.40081264052664367
1730781746.5104175;/app/bags/user95_2017-02-24.bag;0.834065854549408;0.0;0.9619645476341248;0.0;0.667477245503997;0.5991873594733563;0.40081264052664367
1730781746.7103596;/app/bags/user95_2017-02-24.bag;0.834065854549408;0.0;0.9619645476341248;0.0;0.667477245503997;0.5991873594733563;0.40081264052664367
1730781746.9103749;/app/bags/user95_2017-02-24.bag;0.834065854549408;0.0;0.9619645476341248;0.0;0.667477245503997;0.5991873594733563;0.40081264052664367
1730781747.1103683;/app/bags/user95_2017-02-24.bag;0.834065854549408;0.0;0.9619645476341248;0.0;0.667477245503997;0.5991873594733563;0.40081264052664367
1730781747.3104038;/app/bags/user95_2017-02-24.bag;0.834065854549408;0.0;0.9619645476341248;0.0;0.667477245503997;0.5991873594733563;0.40081264052664367
1730781747.5103812;/app/bags/user95_2017-02-24.bag;0.834065854549408;0.0;0.9619645476341248;0.0;0.667477245503997;0.5991873594733563;0.40081264052664367
1730781747.7104063;/app/bags/user95_2017-02-24.bag;0.834065854549408;0.0;0.9619645476341248;0.0;0.667477245503997;0.5991873594733563;0.40081264052664367
1730781747.9103792;/app/bags/user95_2017-02-24.bag;0.834065854549408;0.0;0.9619645476341248;0.0;0.667477245503997;0.5991873594733563;0.40081264052664367
1730781748.1104226;/app/bags/user95_2017-02-24.bag;0.834065854549408;0.0;0.9619645476341248;0.0;0.667477245503997;0.5991873594733563;0.40081264052664367
1730781748.310397;/app/bags/user95_2017-02-24.bag;0.834065854549408;0.0;0.9619645476341248;0.0;0.667477245503997;0.5991873594733563;0.40081264052664367
1730781748.5103998;/app/bags/user95_2017-02-24.bag;0.834065854549408;0.0;0.9619645476341248;0.0;0.667477245503997;0.5991873594733563;0.40081264052664367
1730781748.7104576;/app/bags/user95_2017-02-24.bag;0.834065854549408;0.0;0.9619645476341248;0.0;0.667477245503997;0.5991873594733563;0.40081264052664367
1730781748.9104156;/app/bags/user95_2017-02-24.bag;0.834065854549408;0.0;0.9619645476341248;0.0;0.667477245503997;0.5991873594733563;0.40081264052664367
1730781749.1103747;/app/bags/user95_2017-02-24.bag;0.834065854549408;0.0;0.9619645476341248;0.0;0.667477245503997;0.5991873594733563;0.40081264052664367
1730781749.3103762;/app/bags/user95_2017-02-24.bag;0.834065854549408;0.0;0.9619645476341248;0.0;0.667477245503997;0.5991873594733563;0.40081264052664367
1730781749.5103812;/app/bags/user95_2017-02-24.bag;0.834065854549408;0.0;0.9619645476341248;0.0;0.667477245503997;0.5991873594733563;0.40081264052664367
1730781749.7104263;/app/bags/user95_2017-02-24.bag;0.834065854549408;0.0;0.9619645476341248;0.0;0.667477245503997;0.5991873594733563;0.40081264052664367
1730781749.9103863;/app/bags/user95_2017-02-24.bag;0.834065854549408;0.0;0.9619645476341248;0.0;0.667477245503997;0.5991873594733563;0.40081264052664367
1730781750.1104276;/app/bags/user95_2017-02-24.bag;0.834065854549408;0.0;0.9619645476341248;0.0;0.667477245503997;0.5991873594733563;0.40081264052664367
1730781750.3103993;/app/bags/user95_2017-02-24.bag;0.834065854549408;0.0;0.9619645476341248;0.0;0.667477245503997;0.5991873594733563;0.40081264052664367
1730781750.5104387;/app/bags/user95_2017-02-24.bag;0.834065854549408;0.0;0.9619645476341248;0.0;0.667477245503997;0.5991873594733563;0.40081264052664367
1730781750.7104642;/app/bags/user95_2017-02-24.bag;0.834065854549408;0.0;0.9619645476341248;0.0;0.667477245503997;0.5991873594733563;0.40081264052664367
1730781750.9103544;/app/bags/user95_2017-02-24.bag;0.834065854549408;0.0;0.9619645476341248;0.0;0.667477245503997;0.5991873594733563;0.40081264052664367
1730781751.1104214;/app/bags/user95_2017-02-24.bag;0.834065854549408;0.0;0.9619645476341248;0.0;0.667477245503997;0.5991873594733563;0.40081264052664367
1730781751.3103964;/app/bags/user95_2017-02-24.bag;0.834065854549408;0.0;0.9619645476341248;0.0;0.667477245503997;0.5991873594733563;0.40081264052664367
1730781751.5104659;/app/bags/user95_2017-02-24.bag;0.834065854549408;0.0;0.9619645476341248;0.0;0.667477245503997;0.5991873594733563;0.40081264052664367
1730781751.7103717;/app/bags/user95_2017-02-24.bag;0.834065854549408;0.0;0.9619645476341248;0.0;0.667477245503997;0.5991873594733563;0.40081264052664367
1730781751.9103875;/app/bags/user95_2017-02-24.bag;0.834065854549408;0.0;0.9619645476341248;0.0;0.667477245503997;0.5991873594733563;0.40081264052664367
1730781752.1104102;/app/bags/user95_2017-02-24.bag;0.834065854549408;0.0;0.9619645476341248;0.0;0.667477245503997;0.5991873594733563;0.40081264052664367
1730781752.3103597;/app/bags/user95_2017-02-24.bag;0.834065854549408;0.0;0.9619645476341248;0.0;0.667477245503997;0.5991873594733563;0.40081264052664367
1730781752.5104141;/app/bags/user95_2017-02-24.bag;0.834065854549408;0.0;0.9619645476341248;0.0;0.667477245503997;0.5991873594733563;0.40081264052664367
1730781752.710413;/app/bags/user95_2017-02-24.bag;0.834065854549408;0.0;0.9619645476341248;0.0;0.667477245503997;0.5991873594733563;0.40081264052664367
1730781752.9103925;/app/bags/user95_2017-02-24.bag;0.834065854549408;0.0;0.9619645476341248;0.0;0.667477245503997;0.5991873594733563;0.40081264052664367
1730781753.1103806;/app/bags/user95_2017-02-24.bag;0.834065854549408;0.0;0.9619645476341248;0.0;0.667477245503997;0.5991873594733563;0.40081264052664367
1730781753.3104057;/app/bags/user95_2017-02-24.bag;0.834065854549408;0.0;0.9619645476341248;0.0;0.667477245503997;0.5991873594733563;0.40081264052664367
1730781753.510383;/app/bags/user95_2017-02-24.bag;0.834065854549408;0.0;0.9619645476341248;0.0;0.667477245503997;0.5991873594733563;0.40081264052664367
1730781753.710406;/app/bags/user95_2017-02-24.bag;0.834065854549408;0.0;0.9619645476341248;0.0;0.667477245503997;0.5991873594733563;0.40081264052664367
1730781753.910388;/app/bags/user95_2017-02-24.bag;0.834065854549408;0.0;0.9619645476341248;0.0;0.667477245503997;0.5991873594733563;0.40081264052664367
1730781754.110386;/app/bags/user95_2017-02-24.bag;0.834065854549408;0.0;0.9619645476341248;0.0;0.667477245503997;0.5991873594733563;0.40081264052664367
1730781754.3104124;/app/bags/user95_2017-02-24.bag;0.834065854549408;0.0;0.9619645476341248;0.0;0.667477245503997;0.5991873594733563;0.40081264052664367
1730781754.5103624;/app/bags/user95_2017-02-24.bag;0.834065854549408;0.0;0.9619645476341248;0.0;0.667477245503997;0.5991873594733563;0.40081264052664367
1730781754.7103925;/app/bags/user95_2017-02-24.bag;0.834065854549408;0.0;0.9619645476341248;0.0;0.667477245503997;0.5991873594733563;0.40081264052664367
1730781754.9103637;/app/bags/user95_2017-02-24.bag;0.834065854549408;0.0;0.9619645476341248;0.0;0.667477245503997;0.5991873594733563;0.40081264052664367
1730781755.1104271;/app/bags/user95_2017-02-24.bag;0.834065854549408;0.0;0.9619645476341248;0.0;0.667477245503997;0.5991873594733563;0.40081264052664367
1730781755.3103688;/app/bags/user95_2017-02-24.bag;0.834065854549408;0.0;0.9619645476341248;0.0;0.667477245503997;0.5991873594733563;0.40081264052664367
1730781755.5104563;/app/bags/user95_2017-02-24.bag;0.834065854549408;0.0;0.9619645476341248;0.0;0.667477245503997;0.5991873594733563;0.40081264052664367
1730781755.7103746;/app/bags/user95_2017-02-24.bag;0.834065854549408;0.0;0.9619645476341248;0.0;0.667477245503997;0.5991873594733563;0.40081264052664367
1730781755.9103978;/app/bags/user95_2017-02-24.bag;0.834065854549408;0.0;0.9619645476341248;0.0;0.667477245503997;0.5991873594733563;0.40081264052664367
1730781756.1103778;/app/bags/user95_2017-02-24.bag;0.834065854549408;0.0;0.9619645476341248;0.0;0.667477245503997;0.5991873594733563;0.40081264052664367
1730781756.3103793;/app/bags/user95_2017-02-24.bag;0.834065854549408;0.0;0.9619645476341248;0.0;0.667477245503997;0.5991873594733563;0.40081264052664367
1730781756.5104327;/app/bags/user95_2017-02-24.bag;0.834065854549408;0.0;0.9619645476341248;0.0;0.667477245503997;0.5991873594733563;0.40081264052664367
1730781756.7103837;/app/bags/user95_2017-02-24.bag;0.834065854549408;0.0;0.9619645476341248;0.0;0.667477245503997;0.5991873594733563;0.40081264052664367
1730781756.9103737;/app/bags/user95_2017-02-24.bag;0.834065854549408;0.0;0.9619645476341248;0.0;0.667477245503997;0.5991873594733563;0.40081264052664367
1730781757.1103694;/app/bags/user95_2017-02-24.bag;0.834065854549408;0.0;0.9619645476341248;0.0;0.667477245503997;0.5991873594733563;0.40081264052664367
1730781757.3103807;/app/bags/user95_2017-02-24.bag;0.834065854549408;0.0;0.9619645476341248;0.0;0.667477245503997;0.5991873594733563;0.40081264052664367
1730781757.5104046;/app/bags/user95_2017-02-24.bag;0.834065854549408;0.0;0.9619645476341248;0.0;0.667477245503997;0.5991873594733563;0.40081264052664367
1730781757.710392;/app/bags/user95_2017-02-24.bag;0.834065854549408;0.0;0.9619645476341248;0.0;0.667477245503997;0.5991873594733563;0.40081264052664367
1730781757.9104269;/app/bags/user95_2017-02-24.bag;0.834065854549408;0.0;0.9619645476341248;0.0;0.667477245503997;0.5991873594733563;0.40081264052664367
1730781758.110381;/app/bags/user95_2017-02-24.bag;0.834065854549408;0.0;0.9619645476341248;0.0;0.667477245503997;0.5991873594733563;0.40081264052664367
1730781758.3103874;/app/bags/user95_2017-02-24.bag;0.834065854549408;0.0;0.9619645476341248;0.0;0.667477245503997;0.5991873594733563;0.40081264052664367
1730781758.5103657;/app/bags/user95_2017-02-24.bag;0.834065854549408;0.0;0.9619645476341248;0.0;0.667477245503997;0.5991873594733563;0.40081264052664367
1730781758.7103865;/app/bags/user95_2017-02-24.bag;0.834065854549408;0.0;0.9619645476341248;0.0;0.667477245503997;0.5991873594733563;0.40081264052664367
1730781758.9103937;/app/bags/user95_2017-02-24.bag;0.834065854549408;0.0;0.9619645476341248;0.0;0.667477245503997;0.5991873594733563;0.40081264052664367
1730781759.1103928;/app/bags/user95_2017-02-24.bag;0.834065854549408;0.0;0.9619645476341248;0.0;0.667477245503997;0.5991873594733563;0.40081264052664367
1730781759.3103895;/app/bags/user95_2017-02-24.bag;0.834065854549408;0.0;0.9619645476341248;0.0;0.667477245503997;0.5991873594733563;0.40081264052664367
1730781759.5103827;/app/bags/user95_2017-02-24.bag;0.834065854549408;0.0;0.9619645476341248;0.0;0.667477245503997;0.5991873594733563;0.40081264052664367
1730781759.7104192;/app/bags/user95_2017-02-24.bag;0.834065854549408;0.0;0.9619645476341248;0.0;0.667477245503997;0.5991873594733563;0.40081264052664367
1730781759.91039;/app/bags/user95_2017-02-24.bag;0.834065854549408;0.0;0.9619645476341248;0.0;0.667477245503997;0.5991873594733563;0.40081264052664367
1730781760.1104057;/app/bags/user95_2017-02-24.bag;0.834065854549408;0.0;0.9619645476341248;0.0;0.667477245503997;0.5991873594733563;0.40081264052664367
1730781760.3104384;/app/bags/user95_2017-02-24.bag;0.834065854549408;0.0;0.9619645476341248;0.0;0.667477245503997;0.5991873594733563;0.40081264052664367
1730781760.510417;/app/bags/user95_2017-02-24.bag;0.834065854549408;0.0;0.9619645476341248;0.0;0.667477245503997;0.5991873594733563;0.40081264052664367
1730781760.7103775;/app/bags/user95_2017-02-24.bag;0.834065854549408;0.0;0.9619645476341248;0.0;0.667477245503997;0.5991873594733563;0.40081264052664367
1730781760.9103687;/app/bags/user95_2017-02-24.bag;0.834065854549408;0.0;0.9619645476341248;0.0;0.667477245503997;0.5991873594733563;0.40081264052664367
1730781761.1104224;/app/bags/user95_2017-02-24.bag;0.834065854549408;0.0;0.9619645476341248;0.0;0.667477245503997;0.5991873594733563;0.40081264052664367
1730781761.3103755;/app/bags/user95_2017-02-24.bag;0.834065854549408;0.0;0.9619645476341248;0.0;0.667477245503997;0.5991873594733563;0.40081264052664367
1730781761.5103714;/app/bags/user95_2017-02-24.bag;0.834065854549408;0.0;0.9619645476341248;0.0;0.667477245503997;0.5991873594733563;0.40081264052664367
1730781761.710375;/app/bags/user95_2017-02-24.bag;0.834065854549408;0.0;0.9619645476341248;0.0;0.667477245503997;0.5991873594733563;0.40081264052664367
1730781761.9103744;/app/bags/user95_2017-02-24.bag;0.834065854549408;0.0;0.9619645476341248;0.0;0.667477245503997;0.5991873594733563;0.40081264052664367
1730781762.1103606;/app/bags/user95_2017-02-24.bag;0.834065854549408;0.0;0.9619645476341248;0.0;0.667477245503997;0.5991873594733563;0.40081264052664367
1730781762.3103912;/app/bags/user95_2017-02-24.bag;0.834065854549408;0.0;0.9619645476341248;0.0;0.667477245503997;0.5991873594733563;0.40081264052664367
1730781762.5103831;/app/bags/user95_2017-02-24.bag;0.834065854549408;0.0;0.9619645476341248;0.0;0.667477245503997;0.5991873594733563;0.40081264052664367
1730781762.7103748;/app/bags/user95_2017-02-24.bag;0.834065854549408;0.0;0.9619645476341248;0.0;0.667477245503997;0.5991873594733563;0.40081264052664367
1730781762.9104185;/app/bags/user95_2017-02-24.bag;0.834065854549408;0.0;0.9619645476341248;0.0;0.667477245503997;0.5991873594733563;0.40081264052664367
1730781763.1105633;/app/bags/user95_2017-02-24.bag;0.834065854549408;0.0;0.9619645476341248;0.0;0.667477245503997;0.5991873594733563;0.40081264052664367
1730781763.310435;/app/bags/user95_2017-02-24.bag;0.834065854549408;0.0;0.9619645476341248;0.0;0.667477245503997;0.5991873594733563;0.40081264052664367
1730781763.5103586;/app/bags/user95_2017-02-24.bag;0.834065854549408;0.0;0.9619645476341248;0.0;0.667477245503997;0.5991873594733563;0.40081264052664367
1730781763.710374;/app/bags/user95_2017-02-24.bag;0.834065854549408;0.0;0.9619645476341248;0.0;0.667477245503997;0.5991873594733563;0.40081264052664367
1730781763.9104123;/app/bags/user95_2017-02-24.bag;0.834065854549408;0.0;0.9619645476341248;0.0;0.667477245503997;0.5991873594733563;0.40081264052664367
1730781764.110376;/app/bags/user95_2017-02-24.bag;0.834065854549408;0.0;0.9619645476341248;0.0;0.667477245503997;0.5991873594733563;0.40081264052664367
1730781764.3103786;/app/bags/user95_2017-02-24.bag;0.834065854549408;0.0;0.9619645476341248;0.0;0.667477245503997;0.5991873594733563;0.40081264052664367
1730781764.510383;/app/bags/user95_2017-02-24.bag;0.834065854549408;0.0;0.9619645476341248;0.0;0.667477245503997;0.5991873594733563;0.40081264052664367
1730781764.710385;/app/bags/user95_2017-02-24.bag;0.834065854549408;0.0;0.9619645476341248;0.0;0.667477245503997;0.5991873594733563;0.40081264052664367
1730781764.9103906;/app/bags/user95_2017-02-24.bag;0.834065854549408;0.0;0.9619645476341248;0.0;0.667477245503997;0.5991873594733563;0.40081264052664367
1730781765.1104352;/app/bags/user95_2017-02-24.bag;0.834065854549408;0.0;0.9619645476341248;0.0;0.667477245503997;0.5991873594733563;0.40081264052664367
1730781765.3104305;/app/bags/user95_2017-02-24.bag;0.834065854549408;0.0;0.9619645476341248;0.0;0.667477245503997;0.5991873594733563;0.40081264052664367
1730781765.5104206;/app/bags/user95_2017-02-24.bag;0.834065854549408;0.0;0.9619645476341248;0.0;0.667477245503997;0.5991873594733563;0.40081264052664367
1730781765.710429;/app/bags/user95_2017-02-24.bag;0.834065854549408;0.0;0.9619645476341248;0.0;0.667477245503997;0.5991873594733563;0.40081264052664367
1730781765.9104142;/app/bags/user95_2017-02-24.bag;0.834065854549408;0.0;0.9619645476341248;0.0;0.667477245503997;0.5991873594733563;0.40081264052664367
1730781766.1104515;/app/bags/user95_2017-02-24.bag;0.834065854549408;0.0;0.9619645476341248;0.0;0.667477245503997;0.5991873594733563;0.40081264052664367
1730781766.3104002;/app/bags/user95_2017-02-24.bag;0.834065854549408;0.0;0.9619645476341248;0.0;0.667477245503997;0.5991873594733563;0.40081264052664367
1730781766.5104158;/app/bags/user95_2017-02-24.bag;0.834065854549408;0.0;0.9619645476341248;0.0;0.667477245503997;0.5991873594733563;0.40081264052664367
1730781766.7103949;/app/bags/user95_2017-02-24.bag;0.834065854549408;0.0;0.9619645476341248;0.0;0.667477245503997;0.5991873594733563;0.40081264052664367
1730781766.9103606;/app/bags/user95_2017-02-24.bag;0.834065854549408;0.0;0.9619645476341248;0.0;0.667477245503997;0.5991873594733563;0.40081264052664367
1730781767.1103914;/app/bags/user95_2017-02-24.bag;0.834065854549408;0.0;0.9619645476341248;0.0;0.667477245503997;0.5991873594733563;0.40081264052664367
1730781767.3104062;/app/bags/user95_2017-02-24.bag;0.834065854549408;0.0;0.9619645476341248;0.0;0.667477245503997;0.5991873594733563;0.40081264052664367
1730781767.5104172;/app/bags/user95_2017-02-24.bag;0.834065854549408;0.0;0.9619645476341248;0.0;0.667477245503997;0.5991873594733563;0.40081264052664367
1730781767.7104783;/app/bags/user95_2017-02-24.bag;0.834065854549408;0.0;0.9619645476341248;0.0;0.667477245503997;0.5991873594733563;0.40081264052664367
1730781767.910386;/app/bags/user95_2017-02-24.bag;0.834065854549408;0.0;0.9619645476341248;0.0;0.667477245503997;0.5991873594733563;0.40081264052664367
1730781768.110386;/app/bags/user95_2017-02-24.bag;0.834065854549408;0.0;0.9619645476341248;0.0;0.667477245503997;0.5991873594733563;0.40081264052664367
1730781768.3103335;/app/bags/user95_2017-02-24.bag;0.834065854549408;0.0;0.9619645476341248;0.0;0.667477245503997;0.5991873594733563;0.40081264052664367
1730781768.510369;/app/bags/user95_2017-02-24.bag;0.834065854549408;0.0;0.9619645476341248;0.0;0.667477245503997;0.5991873594733563;0.40081264052664367
1730781768.7103586;/app/bags/user95_2017-02-24.bag;0.834065854549408;0.0;0.9619645476341248;0.0;0.667477245503997;0.5991873594733563;0.40081264052664367
1730781768.9103892;/app/bags/user95_2017-02-24.bag;0.834065854549408;0.0;0.9619645476341248;0.0;0.667477245503997;0.5991873594733563;0.40081264052664367
1730781769.110409;/app/bags/user95_2017-02-24.bag;0.834065854549408;0.0;0.9619645476341248;0.0;0.667477245503997;0.5991873594733563;0.40081264052664367
1730781769.3103929;/app/bags/user95_2017-02-24.bag;0.834065854549408;0.0;0.9619645476341248;0.0;0.667477245503997;0.5991873594733563;0.40081264052664367
1730781769.5103977;/app/bags/user95_2017-02-24.bag;0.834065854549408;0.0;0.9619645476341248;0.0;0.667477245503997;0.5991873594733563;0.40081264052664367
1730781769.7103534;/app/bags/user95_2017-02-24.bag;0.834065854549408;0.0;0.9619645476341248;0.0;0.667477245503997;0.5991873594733563;0.40081264052664367
1730781769.9103575;/app/bags/user95_2017-02-24.bag;0.834065854549408;0.0;0.9619645476341248;0.0;0.667477245503997;0.5991873594733563;0.40081264052664367
1730781770.110384;/app/bags/user95_2017-02-24.bag;0.834065854549408;0.0;0.9619645476341248;0.0;0.667477245503997;0.5991873594733563;0.40081264052664367
1730781770.3104038;/app/bags/user95_2017-02-24.bag;0.834065854549408;0.0;0.9619645476341248;0.0;0.667477245503997;0.5991873594733563;0.40081264052664367
1730781770.5104024;/app/bags/user95_2017-02-24.bag;0.834065854549408;0.0;0.9619645476341248;0.0;0.667477245503997;0.5991873594733563;0.40081264052664367
1730781770.7104244;/app/bags/user95_2017-02-24.bag;0.834065854549408;0.0;0.9619645476341248;0.0;0.667477245503997;0.5991873594733563;0.40081264052664367
1730781770.9104033;/app/bags/user95_2017-02-24.bag;0.834065854549408;0.0;0.9619645476341248;0.0;0.667477245503997;0.5991873594733563;0.40081264052664367
1730781771.110412;/app/bags/user95_2017-02-24.bag;0.834065854549408;0.0;0.9619645476341248;0.0;0.667477245503997;0.5991873594733563;0.40081264052664367
1730781771.3104005;/app/bags/user95_2017-02-24.bag;0.834065854549408;0.0;0.9619645476341248;0.0;0.667477245503997;0.5991873594733563;0.40081264052664367
1730781771.5104468;/app/bags/user95_2017-02-24.bag;0.834065854549408;0.0;0.9619645476341248;0.0;0.667477245503997;0.5991873594733563;0.40081264052664367
1730781771.7104502;/app/bags/user95_2017-02-24.bag;0.834065854549408;0.0;0.9619645476341248;0.0;0.667477245503997;0.5991873594733563;0.40081264052664367
1730781771.9104643;/app/bags/user95_2017-02-24.bag;0.834065854549408;0.0;0.9619645476341248;0.0;0.667477245503997;0.5991873594733563;0.40081264052664367
1730781772.1103785;/app/bags/user95_2017-02-24.bag;0.834065854549408;0.0;0.9619645476341248;0.0;0.667477245503997;0.5991873594733563;0.40081264052664367
1730781772.3103974;/app/bags/user95_2017-02-24.bag;0.834065854549408;0.0;0.9619645476341248;0.0;0.667477245503997;0.5991873594733563;0.40081264052664367
1730781772.5103483;/app/bags/user95_2017-02-24.bag;0.834065854549408;0.0;0.9619645476341248;0.0;0.667477245503997;0.5991873594733563;0.40081264052664367
1730781772.7103713;/app/bags/user95_2017-02-24.bag;0.834065854549408;0.0;0.9619645476341248;0.0;0.667477245503997;0.5991873594733563;0.40081264052664367
1730781772.9103982;/app/bags/user95_2017-02-24.bag;0.834065854549408;0.0;0.9619645476341248;0.0;0.667477245503997;0.5991873594733563;0.40081264052664367
1730781773.1103878;/app/bags/user95_2017-02-24.bag;0.834065854549408;0.0;0.9619645476341248;0.0;0.667477245503997;0.5991873594733563;0.40081264052664367
1730781773.3104188;/app/bags/user95_2017-02-24.bag;0.834065854549408;0.0;0.9619645476341248;0.0;0.667477245503997;0.5991873594733563;0.40081264052664367
1730781773.5103934;/app/bags/user95_2017-02-24.bag;0.834065854549408;0.0;0.9619645476341248;0.0;0.667477245503997;0.5991873594733563;0.40081264052664367
1730781773.710397;/app/bags/user95_2017-02-24.bag;0.834065854549408;0.0;0.9619645476341248;0.0;0.667477245503997;0.5991873594733563;0.40081264052664367
1730781773.9103656;/app/bags/user95_2017-02-24.bag;0.834065854549408;0.0;0.9619645476341248;0.0;0.667477245503997;0.5991873594733563;0.40081264052664367
1730781774.110381;/app/bags/user95_2017-02-24.bag;0.834065854549408;0.0;0.9619645476341248;0.0;0.667477245503997;0.5991873594733563;0.40081264052664367
1730781774.3104405;/app/bags/user95_2017-02-24.bag;0.834065854549408;0.0;0.9619645476341248;0.0;0.667477245503997;0.5991873594733563;0.40081264052664367
1730781774.5103981;/app/bags/user95_2017-02-24.bag;0.834065854549408;0.0;0.9619645476341248;0.0;0.667477245503997;0.5991873594733563;0.40081264052664367
1730781774.710404;/app/bags/user95_2017-02-24.bag;0.834065854549408;0.0;0.9619645476341248;0.0;0.667477245503997;0.5991873594733563;0.40081264052664367
1730781774.9104147;/app/bags/user95_2017-02-24.bag;0.834065854549408;0.0;0.9619645476341248;0.0;0.667477245503997;0.5991873594733563;0.40081264052664367
1730781775.1104872;/app/bags/user95_2017-02-24.bag;0.834065854549408;0.0;0.9619645476341248;0.0;0.667477245503997;0.5991873594733563;0.40081264052664367
1730781775.3103905;/app/bags/user95_2017-02-24.bag;0.834065854549408;0.0;0.9619645476341248;0.0;0.667477245503997;0.5991873594733563;0.40081264052664367
1730781775.5103836;/app/bags/user95_2017-02-24.bag;0.834065854549408;0.0;0.9619645476341248;0.0;0.667477245503997;0.5991873594733563;0.40081264052664367
1730781775.7103841;/app/bags/user95_2017-02-24.bag;0.834065854549408;0.0;0.9619645476341248;0.0;0.667477245503997;0.5991873594733563;0.40081264052664367
1730781775.9103518;/app/bags/user95_2017-02-24.bag;0.834065854549408;0.0;0.9619645476341248;0.0;0.667477245503997;0.5991873594733563;0.40081264052664367
1730781776.1103702;/app/bags/user95_2017-02-24.bag;0.834065854549408;0.0;0.9619645476341248;0.0;0.667477245503997;0.5991873594733563;0.40081264052664367
1730781776.3104067;/app/bags/user95_2017-02-24.bag;0.834065854549408;0.0;0.9619645476341248;0.0;0.667477245503997;0.5991873594733563;0.40081264052664367
1730781776.5104108;/app/bags/user95_2017-02-24.bag;0.834065854549408;0.0;0.9619645476341248;0.0;0.667477245503997;0.5991873594733563;0.40081264052664367
1730781776.710543;/app/bags/user95_2017-02-24.bag;0.834065854549408;0.0;0.9619645476341248;0.0;0.667477245503997;0.5991873594733563;0.40081264052664367
1730781776.9104018;/app/bags/user95_2017-02-24.bag;0.834065854549408;0.0;0.9619645476341248;0.0;0.667477245503997;0.5991873594733563;0.40081264052664367
1730781777.1103911;/app/bags/user95_2017-02-24.bag;0.834065854549408;0.0;0.9619645476341248;0.0;0.667477245503997;0.5991873594733563;0.40081264052664367
1730781777.3104222;/app/bags/user95_2017-02-24.bag;0.834065854549408;0.0;0.9619645476341248;0.0;0.667477245503997;0.5991873594733563;0.40081264052664367
1730781777.510431;/app/bags/user95_2017-02-24.bag;0.834065854549408;0.0;0.9619645476341248;0.0;0.667477245503997;0.5991873594733563;0.40081264052664367
1730781777.710437;/app/bags/user95_2017-02-24.bag;0.834065854549408;0.0;0.9619645476341248;0.0;0.667477245503997;0.5991873594733563;0.40081264052664367
1730781777.9103956;/app/bags/user95_2017-02-24.bag;0.834065854549408;0.0;0.9619645476341248;0.0;0.667477245503997;0.5991873594733563;0.40081264052664367
1730781778.110386;/app/bags/user95_2017-02-24.bag;0.834065854549408;0.0;0.9619645476341248;0.0;0.667477245503997;0.5991873594733563;0.40081264052664367
1730781778.3103802;/app/bags/user95_2017-02-24.bag;0.834065854549408;0.0;0.9619645476341248;0.0;0.667477245503997;0.5991873594733563;0.40081264052664367
1730781778.510372;/app/bags/user95_2017-02-24.bag;0.834065854549408;0.0;0.9619645476341248;0.0;0.667477245503997;0.5991873594733563;0.40081264052664367
1730781778.7103715;/app/bags/user95_2017-02-24.bag;0.834065854549408;0.0;0.9619645476341248;0.0;0.667477245503997;0.5991873594733563;0.40081264052664367
1730781778.9103868;/app/bags/user95_2017-02-24.bag;0.834065854549408;0.0;0.9619645476341248;0.0;0.667477245503997;0.5991873594733563;0.40081264052664367
1730781779.1104054;/app/bags/user95_2017-02-24.bag;0.834065854549408;0.0;0.9619645476341248;0.0;0.667477245503997;0.5991873594733563;0.40081264052664367
1730781779.3103542;/app/bags/user95_2017-02-24.bag;0.834065854549408;0.0;0.9619645476341248;0.0;0.667477245503997;0.5991873594733563;0.40081264052664367
1730781779.5104299;/app/bags/user95_2017-02-24.bag;0.834065854549408;0.0;0.9619645476341248;0.0;0.667477245503997;0.5991873594733563;0.40081264052664367
1730781779.710378;/app/bags/user95_2017-02-24.bag;0.834065854549408;0.0;0.9619645476341248;0.0;0.667477245503997;0.5991873594733563;0.40081264052664367
1730781779.9104311;/app/bags/user95_2017-02-24.bag;0.834065854549408;0.0;0.9619645476341248;0.0;0.667477245503997;0.5991873594733563;0.40081264052664367
1730781780.1103601;/app/bags/user95_2017-02-24.bag;0.834065854549408;0.0;0.9619645476341248;0.0;0.667477245503997;0.5991873594733563;0.40081264052664367
1730781780.3104002;/app/bags/user95_2017-02-24.bag;0.834065854549408;0.0;0.9619645476341248;0.0;0.667477245503997;0.5991873594733563;0.40081264052664367
1730781780.5103798;/app/bags/user95_2017-02-24.bag;0.834065854549408;0.0;0.9619645476341248;0.0;0.667477245503997;0.5991873594733563;0.40081264052664367
1730781780.7103972;/app/bags/user95_2017-02-24.bag;0.834065854549408;0.0;0.9619645476341248;0.0;0.667477245503997;0.5991873594733563;0.40081264052664367
1730781780.9105895;/app/bags/user95_2017-02-24.bag;0.834065854549408;0.0;0.9619645476341248;0.0;0.667477245503997;0.5991873594733563;0.40081264052664367
1730781781.1103802;/app/bags/user95_2017-02-24.bag;0.834065854549408;0.0;0.9619645476341248;0.0;0.667477245503997;0.5991873594733563;0.40081264052664367
1730781781.310415;/app/bags/user95_2017-02-24.bag;0.834065854549408;0.0;0.9619645476341248;0.0;0.667477245503997;0.5991873594733563;0.40081264052664367
1730781781.5104318;/app/bags/user95_2017-02-24.bag;0.834065854549408;0.0;0.9619645476341248;0.0;0.667477245503997;0.5991873594733563;0.40081264052664367
1730781781.7104592;/app/bags/user95_2017-02-24.bag;0.834065854549408;0.0;0.9619645476341248;0.0;0.667477245503997;0.5991873594733563;0.40081264052664367
1730781781.9104135;/app/bags/user95_2017-02-24.bag;0.834065854549408;0.0;0.9619645476341248;0.0;0.667477245503997;0.5991873594733563;0.40081264052664367
1730781782.1104207;/app/bags/user95_2017-02-24.bag;0.834065854549408;0.0;0.9619645476341248;0.0;0.667477245503997;0.5991873594733563;0.40081264052664367
1730781782.3103502;/app/bags/user95_2017-02-24.bag;0.834065854549408;0.0;0.9619645476341248;0.0;0.667477245503997;0.5991873594733563;0.40081264052664367
1730781782.5103664;/app/bags/user95_2017-02-24.bag;0.834065854549408;0.0;0.9619645476341248;0.0;0.667477245503997;0.5991873594733563;0.40081264052664367
1730781782.7104194;/app/bags/user95_2017-02-24.bag;0.834065854549408;0.0;0.9619645476341248;0.0;0.667477245503997;0.5991873594733563;0.40081264052664367
1730781782.9103858;/app/bags/user95_2017-02-24.bag;0.834065854549408;0.0;0.9619645476341248;0.0;0.667477245503997;0.5991873594733563;0.40081264052664367
1730781783.110389;/app/bags/user95_2017-02-24.bag;0.834065854549408;0.0;0.9619645476341248;0.0;0.667477245503997;0.5991873594733563;0.40081264052664367
1730781783.3103805;/app/bags/user95_2017-02-24.bag;0.834065854549408;0.0;0.9619645476341248;0.0;0.667477245503997;0.5991873594733563;0.40081264052664367
1730781783.510386;/app/bags/user95_2017-02-24.bag;0.834065854549408;0.0;0.9619645476341248;0.0;0.667477245503997;0.5991873594733563;0.40081264052664367
1730781783.7103777;/app/bags/user95_2017-02-24.bag;0.834065854549408;0.0;0.9619645476341248;0.0;0.667477245503997;0.5991873594733563;0.40081264052664367
1730781783.9103887;/app/bags/user95_2017-02-24.bag;0.834065854549408;0.0;0.9619645476341248;0.0;0.667477245503997;0.5991873594733563;0.40081264052664367
1730781784.1103904;/app/bags/user95_2017-02-24.bag;0.834065854549408;0.0;0.9619645476341248;0.0;0.667477245503997;0.5991873594733563;0.40081264052664367
1730781784.3103724;/app/bags/user95_2017-02-24.bag;0.834065854549408;0.0;0.9619645476341248;0.0;0.667477245503997;0.5991873594733563;0.40081264052664367
1730781784.5103714;/app/bags/user95_2017-02-24.bag;0.834065854549408;0.0;0.9619645476341248;0.0;0.667477245503997;0.5991873594733563;0.40081264052664367
1730781784.7103846;/app/bags/user95_2017-02-24.bag;0.834065854549408;0.0;0.9619645476341248;0.0;0.667477245503997;0.5991873594733563;0.40081264052664367
1730781784.9104223;/app/bags/user95_2017-02-24.bag;0.834065854549408;0.0;0.9619645476341248;0.0;0.667477245503997;0.5991873594733563;0.40081264052664367
1730781785.1103911;/app/bags/user95_2017-02-24.bag;0.834065854549408;0.0;0.9619645476341248;0.0;0.667477245503997;0.5991873594733563;0.40081264052664367
1730781785.3104334;/app/bags/user95_2017-02-24.bag;0.834065854549408;0.0;0.9619645476341248;0.0;0.667477245503997;0.5991873594733563;0.40081264052664367
1730781785.5103707;/app/bags/user95_2017-02-24.bag;0.834065854549408;0.0;0.9619645476341248;0.0;0.667477245503997;0.5991873594733563;0.40081264052664367
1730781785.7104208;/app/bags/user95_2017-02-24.bag;0.834065854549408;0.0;0.9619645476341248;0.0;0.667477245503997;0.5991873594733563;0.40081264052664367
1730781785.910396;/app/bags/user95_2017-02-24.bag;0.834065854549408;0.0;0.9619645476341248;0.0;0.667477245503997;0.5991873594733563;0.40081264052664367
1730781786.1105523;/app/bags/user95_2017-02-24.bag;0.834065854549408;0.0;0.9619645476341248;0.0;0.667477245503997;0.5991873594733563;0.40081264052664367
1730781786.3103964;/app/bags/user95_2017-02-24.bag;0.834065854549408;0.0;0.9619645476341248;0.0;0.667477245503997;0.5991873594733563;0.40081264052664367
1730781786.510396;/app/bags/user95_2017-02-24.bag;0.834065854549408;0.0;0.9619645476341248;0.0;0.667477245503997;0.5991873594733563;0.40081264052664367
1730781786.710491;/app/bags/user95_2017-02-24.bag;0.834065854549408;0.0;0.9619645476341248;0.0;0.667477245503997;0.5991873594733563;0.40081264052664367
1730781786.9104497;/app/bags/user95_2017-02-24.bag;0.834065854549408;0.0;0.9619645476341248;0.0;0.667477245503997;0.5991873594733563;0.40081264052664367
1730781787.1103747;/app/bags/user95_2017-02-24.bag;0.834065854549408;0.0;0.9619645476341248;0.0;0.667477245503997;0.5991873594733563;0.40081264052664367
1730781787.3103962;/app/bags/user95_2017-02-24.bag;0.834065854549408;0.0;0.9619645476341248;0.0;0.667477245503997;0.5991873594733563;0.40081264052664367
1730781787.510432;/app/bags/user95_2017-02-24.bag;0.834065854549408;0.0;0.9619645476341248;0.0;0.667477245503997;0.5991873594733563;0.40081264052664367
1730781787.7104428;/app/bags/user95_2017-02-24.bag;0.834065854549408;0.0;0.9619645476341248;0.0;0.667477245503997;0.5991873594733563;0.40081264052664367
1730781787.9104173;/app/bags/user95_2017-02-24.bag;0.834065854549408;0.0;0.9619645476341248;0.0;0.667477245503997;0.5991873594733563;0.40081264052664367
1730781788.1103878;/app/bags/user95_2017-02-24.bag;0.834065854549408;0.0;0.9619645476341248;0.0;0.667477245503997;0.5991873594733563;0.40081264052664367
1730781788.310382;/app/bags/user95_2017-02-24.bag;0.834065854549408;0.0;0.9619645476341248;0.0;0.667477245503997;0.5991873594733563;0.40081264052664367
1730781788.5104127;/app/bags/user95_2017-02-24.bag;0.834065854549408;0.0;0.9619645476341248;0.0;0.667477245503997;0.5991873594733563;0.40081264052664367
1730781788.7103808;/app/bags/user95_2017-02-24.bag;0.834065854549408;0.0;0.9619645476341248;0.0;0.667477245503997;0.5991873594733563;0.40081264052664367
1730781788.9103575;/app/bags/user95_2017-02-24.bag;0.834065854549408;0.0;0.9619645476341248;0.0;0.667477245503997;0.5991873594733563;0.40081264052664367
1730781789.1103754;/app/bags/user95_2017-02-24.bag;0.834065854549408;0.0;0.9619645476341248;0.0;0.667477245503997;0.5991873594733563;0.40081264052664367
1730781789.3104212;/app/bags/user95_2017-02-24.bag;0.834065854549408;0.0;0.9619645476341248;0.0;0.667477245503997;0.5991873594733563;0.40081264052664367
1730781789.5104187;/app/bags/user95_2017-02-24.bag;0.834065854549408;0.0;0.9619645476341248;0.0;0.667477245503997;0.5991873594733563;0.40081264052664367
1730781789.7103794;/app/bags/user95_2017-02-24.bag;0.834065854549408;0.0;0.9619645476341248;0.0;0.667477245503997;0.5991873594733563;0.40081264052664367
1730781789.9105008;/app/bags/user95_2017-02-24.bag;0.834065854549408;0.0;0.9619645476341248;0.0;0.667477245503997;0.5991873594733563;0.40081264052664367
1730781790.1103659;/app/bags/user95_2017-02-24.bag;0.834065854549408;0.0;0.9619645476341248;0.0;0.667477245503997;0.5991873594733563;0.40081264052664367
1730781790.3103964;/app/bags/user95_2017-02-24.bag;0.834065854549408;0.0;0.9619645476341248;0.0;0.667477245503997;0.5991873594733563;0.40081264052664367
1730781790.5104074;/app/bags/user95_2017-02-24.bag;0.834065854549408;0.0;0.9619645476341248;0.0;0.667477245503997;0.5991873594733563;0.40081264052664367
1730781790.7103972;/app/bags/user95_2017-02-24.bag;0.834065854549408;0.0;0.9619645476341248;0.0;0.667477245503997;0.5991873594733563;0.40081264052664367
1730781790.9103882;/app/bags/user95_2017-02-24.bag;0.834065854549408;0.0;0.9619645476341248;0.0;0.667477245503997;0.5991873594733563;0.40081264052664367
1730781791.1104016;/app/bags/user95_2017-02-24.bag;0.834065854549408;0.0;0.9619645476341248;0.0;0.667477245503997;0.5991873594733563;0.40081264052664367
1730781791.3103929;/app/bags/user95_2017-02-24.bag;0.834065854549408;0.0;0.9619645476341248;0.0;0.667477245503997;0.5991873594733563;0.40081264052664367
1730781791.510441;/app/bags/user95_2017-02-24.bag;0.834065854549408;0.0;0.9619645476341248;0.0;0.667477245503997;0.5991873594733563;0.40081264052664367
1730781791.7103965;/app/bags/user95_2017-02-24.bag;0.834065854549408;0.0;0.9619645476341248;0.0;0.667477245503997;0.5991873594733563;0.40081264052664367
1730781791.9104445;/app/bags/user95_2017-02-24.bag;0.834065854549408;0.0;0.9619645476341248;0.0;0.667477245503997;0.5991873594733563;0.40081264052664367
1730781792.1103575;/app/bags/user95_2017-02-24.bag;0.834065854549408;0.0;0.9619645476341248;0.0;0.667477245503997;0.5991873594733563;0.40081264052664367
1730781792.3103898;/app/bags/user95_2017-02-24.bag;0.834065854549408;0.0;0.9619645476341248;0.0;0.667477245503997;0.5991873594733563;0.40081264052664367
1730781792.5103662;/app/bags/user95_2017-02-24.bag;0.834065854549408;0.0;0.9619645476341248;0.0;0.667477245503997;0.5991873594733563;0.40081264052664367
1730781792.7103708;/app/bags/user95_2017-02-24.bag;0.834065854549408;0.0;0.9619645476341248;0.0;0.667477245503997;0.5991873594733563;0.40081264052664367
1730781792.9103854;/app/bags/user95_2017-02-24.bag;0.834065854549408;0.0;0.9619645476341248;0.0;0.667477245503997;0.5991873594733563;0.40081264052664367
1730781793.110386;/app/bags/user95_2017-02-24.bag;0.834065854549408;0.0;0.9619645476341248;0.0;0.667477245503997;0.5991873594733563;0.40081264052664367
1730781793.3104002;/app/bags/user95_2017-02-24.bag;0.834065854549408;0.0;0.9619645476341248;0.0;0.667477245503997;0.5991873594733563;0.40081264052664367
1730781793.5103917;/app/bags/user95_2017-02-24.bag;0.834065854549408;0.0;0.9619645476341248;0.0;0.667477245503997;0.5991873594733563;0.40081264052664367
1730781793.7104547;/app/bags/user95_2017-02-24.bag;0.834065854549408;0.0;0.9619645476341248;0.0;0.667477245503997;0.5991873594733563;0.40081264052664367
1730781793.91039;/app/bags/user95_2017-02-24.bag;0.834065854549408;0.0;0.9619645476341248;0.0;0.667477245503997;0.5991873594733563;0.40081264052664367
1730781794.1103854;/app/bags/user95_2017-02-24.bag;0.834065854549408;0.0;0.9619645476341248;0.0;0.667477245503997;0.5991873594733563;0.40081264052664367
1730781794.310445;/app/bags/user95_2017-02-24.bag;0.834065854549408;0.0;0.9619645476341248;0.0;0.667477245503997;0.5991873594733563;0.40081264052664367
1730781794.5103898;/app/bags/user95_2017-02-24.bag;0.834065854549408;0.0;0.9619645476341248;0.0;0.667477245503997;0.5991873594733563;0.40081264052664367
1730781794.7103953;/app/bags/user95_2017-02-24.bag;0.834065854549408;0.0;0.9619645476341248;0.0;0.667477245503997;0.5991873594733563;0.40081264052664367
1730781794.910391;/app/bags/user95_2017-02-24.bag;0.834065854549408;0.0;0.9619645476341248;0.0;0.667477245503997;0.5991873594733563;0.40081264052664367
1730781795.1104574;/app/bags/user95_2017-02-24.bag;0.834065854549408;0.0;0.9619645476341248;0.0;0.667477245503997;0.5991873594733563;0.40081264052664367
1730781795.3103795;/app/bags/user95_2017-02-24.bag;0.834065854549408;0.0;0.9619645476341248;0.0;0.667477245503997;0.5991873594733563;0.40081264052664367
1730781795.5103798;/app/bags/user95_2017-02-24.bag;0.834065854549408;0.0;0.9619645476341248;0.0;0.667477245503997;0.5991873594733563;0.40081264052664367
1730781795.7104132;/app/bags/user95_2017-02-24.bag;0.834065854549408;0.0;0.9619645476341248;0.0;0.667477245503997;0.5991873594733563;0.40081264052664367
1730781795.9103887;/app/bags/user95_2017-02-24.bag;0.834065854549408;0.0;0.9619645476341248;0.0;0.667477245503997;0.5991873594733563;0.40081264052664367
1730781796.1104054;/app/bags/user95_2017-02-24.bag;0.834065854549408;0.0;0.9619645476341248;0.0;0.667477245503997;0.5991873594733563;0.40081264052664367
1730781796.3105102;/app/bags/user95_2017-02-24.bag;0.834065854549408;0.0;0.9619645476341248;0.0;0.667477245503997;0.5991873594733563;0.40081264052664367
1730781796.5104055;/app/bags/user95_2017-02-24.bag;0.834065854549408;0.0;0.9619645476341248;0.0;0.667477245503997;0.5991873594733563;0.40081264052664367
1730781796.7103965;/app/bags/user95_2017-02-24.bag;0.834065854549408;0.0;0.9619645476341248;0.0;0.667477245503997;0.5991873594733563;0.40081264052664367
1730781796.910423;/app/bags/user95_2017-02-24.bag;0.834065854549408;0.0;0.9619645476341248;0.0;0.667477245503997;0.5991873594733563;0.40081264052664367
1730781797.1103816;/app/bags/user95_2017-02-24.bag;0.834065854549408;0.0;0.9619645476341248;0.0;0.667477245503997;0.5991873594733563;0.40081264052664367
1730781797.3103511;/app/bags/user95_2017-02-24.bag;0.834065854549408;0.0;0.9619645476341248;0.0;0.667477245503997;0.5991873594733563;0.40081264052664367
1730781797.5104067;/app/bags/user95_2017-02-24.bag;0.834065854549408;0.0;0.9619645476341248;0.0;0.667477245503997;0.5991873594733563;0.40081264052664367
1730781797.7102654;/app/bags/user95_2017-02-24.bag;0.834065854549408;0.0;0.9619645476341248;0.0;0.667477245503997;0.5991873594733563;0.40081264052664367
1730781797.9104357;/app/bags/user95_2017-02-24.bag;0.834065854549408;0.0;0.9619645476341248;0.0;0.667477245503997;0.5991873594733563;0.40081264052664367
1730781798.1103992;/app/bags/user95_2017-02-24.bag;0.834065854549408;0.0;0.9619645476341248;0.0;0.667477245503997;0.5991873594733563;0.40081264052664367
1730781798.3103642;/app/bags/user95_2017-02-24.bag;0.834065854549408;0.0;0.9619645476341248;0.0;0.667477245503997;0.5991873594733563;0.40081264052664367
1730781798.510366;/app/bags/user95_2017-02-24.bag;0.834065854549408;0.0;0.9619645476341248;0.0;0.667477245503997;0.5991873594733563;0.40081264052664367
1730781798.710441;/app/bags/user95_2017-02-24.bag;0.834065854549408;0.0;0.9619645476341248;0.0;0.667477245503997;0.5991873594733563;0.40081264052664367
1730781798.910401;/app/bags/user95_2017-02-24.bag;0.834065854549408;0.0;0.9619645476341248;0.0;0.667477245503997;0.5991873594733563;0.40081264052664367
1730781799.1104515;/app/bags/user95_2017-02-24.bag;0.834065854549408;0.0;0.9619645476341248;0.0;0.667477245503997;0.5991873594733563;0.40081264052664367
1730781799.31035;/app/bags/user95_2017-02-24.bag;0.834065854549408;0.0;0.9619645476341248;0.0;0.667477245503997;0.5991873594733563;0.40081264052664367
1730781799.5104141;/app/bags/user95_2017-02-24.bag;0.834065854549408;0.0;0.9619645476341248;0.0;0.667477245503997;0.5991873594733563;0.40081264052664367
1730781799.7103884;/app/bags/user95_2017-02-24.bag;0.834065854549408;0.0;0.9619645476341248;0.0;0.667477245503997;0.5991873594733563;0.40081264052664367
1730781799.9103916;/app/bags/user95_2017-02-24.bag;0.834065854549408;0.0;0.9619645476341248;0.0;0.667477245503997;0.5991873594733563;0.40081264052664367
1730781800.1103916;/app/bags/user95_2017-02-24.bag;0.834065854549408;0.0;0.9619645476341248;0.0;0.667477245503997;0.5991873594733563;0.40081264052664367
1730781800.3103962;/app/bags/user95_2017-02-24.bag;0.834065854549408;0.0;0.9619645476341248;0.0;0.667477245503997;0.5991873594733563;0.40081264052664367
1730781800.5103903;/app/bags/user95_2017-02-24.bag;0.834065854549408;0.0;0.9619645476341248;0.0;0.667477245503997;0.5991873594733563;0.40081264052664367
1730781800.7103837;/app/bags/user95_2017-02-24.bag;0.834065854549408;0.0;0.9619645476341248;0.0;0.667477245503997;0.5991873594733563;0.40081264052664367
1730781800.9103851;/app/bags/user95_2017-02-24.bag;0.834065854549408;0.0;0.9619645476341248;0.0;0.667477245503997;0.5991873594733563;0.40081264052664367
1730781801.1103866;/app/bags/user95_2017-02-24.bag;0.834065854549408;0.0;0.9619645476341248;0.0;0.667477245503997;0.5991873594733563;0.40081264052664367
1730781801.3104064;/app/bags/user95_2017-02-24.bag;0.834065854549408;0.0;0.9619645476341248;0.0;0.667477245503997;0.5991873594733563;0.40081264052664367
1730781801.5103996;/app/bags/user95_2017-02-24.bag;0.834065854549408;0.0;0.9619645476341248;0.0;0.667477245503997;0.5991873594733563;0.40081264052664367
1730781801.7103872;/app/bags/user95_2017-02-24.bag;0.834065854549408;0.0;0.9619645476341248;0.0;0.667477245503997;0.5991873594733563;0.40081264052664367
1730781801.9104066;/app/bags/user95_2017-02-24.bag;0.834065854549408;0.0;0.9619645476341248;0.0;0.667477245503997;0.5991873594733563;0.40081264052664367
1730781802.110456;/app/bags/user95_2017-02-24.bag;0.834065854549408;0.0;0.9619645476341248;0.0;0.667477245503997;0.5991873594733563;0.40081264052664367
1730781802.3104117;/app/bags/user95_2017-02-24.bag;0.834065854549408;0.0;0.9619645476341248;0.0;0.667477245503997;0.5991873594733563;0.40081264052664367
1730781802.5103338;/app/bags/user95_2017-02-24.bag;0.834065854549408;0.0;0.9619645476341248;0.0;0.667477245503997;0.5991873594733563;0.40081264052664367
1730781802.7103865;/app/bags/user95_2017-02-24.bag;0.834065854549408;0.0;0.9619645476341248;0.0;0.667477245503997;0.5991873594733563;0.40081264052664367
1730781802.910402;/app/bags/user95_2017-02-24.bag;0.834065854549408;0.0;0.9619645476341248;0.0;0.667477245503997;0.5991873594733563;0.40081264052664367
1730781803.1104765;/app/bags/user95_2017-02-24.bag;0.834065854549408;0.0;0.9619645476341248;0.0;0.667477245503997;0.5991873594733563;0.40081264052664367
1730781803.3104353;/app/bags/user95_2017-02-24.bag;0.834065854549408;0.0;0.9619645476341248;0.0;0.667477245503997;0.5991873594733563;0.40081264052664367
1730781803.5103884;/app/bags/user95_2017-02-24.bag;0.834065854549408;0.0;0.9619645476341248;0.0;0.667477245503997;0.5991873594733563;0.40081264052664367
1730781803.7106087;/app/bags/user95_2017-02-24.bag;0.834065854549408;0.0;0.9619645476341248;0.0;0.667477245503997;0.5991873594733563;0.40081264052664367
1730781803.910393;/app/bags/user95_2017-02-24.bag;0.834065854549408;0.0;0.9619645476341248;0.0;0.667477245503997;0.5991873594733563;0.40081264052664367
1730781804.1103709;/app/bags/user95_2017-02-24.bag;0.834065854549408;0.0;0.9619645476341248;0.0;0.667477245503997;0.5991873594733563;0.40081264052664367
1730781804.3103561;/app/bags/user95_2017-02-24.bag;0.834065854549408;0.0;0.9619645476341248;0.0;0.667477245503997;0.5991873594733563;0.40081264052664367
1730781804.5103765;/app/bags/user95_2017-02-24.bag;0.834065854549408;0.0;0.9619645476341248;0.0;0.667477245503997;0.5991873594733563;0.40081264052664367
1730781804.7104049;/app/bags/user95_2017-02-24.bag;0.834065854549408;0.0;0.9619645476341248;0.0;0.667477245503997;0.5991873594733563;0.40081264052664367
1730781804.9103785;/app/bags/user95_2017-02-24.bag;0.834065854549408;0.0;0.9619645476341248;0.0;0.667477245503997;0.5991873594733563;0.40081264052664367
1730781805.1103776;/app/bags/user95_2017-02-24.bag;0.834065854549408;0.0;0.9619645476341248;0.0;0.667477245503997;0.5991873594733563;0.40081264052664367
1730781805.3104281;/app/bags/user95_2017-02-24.bag;0.834065854549408;0.0;0.9619645476341248;0.0;0.667477245503997;0.5991873594733563;0.40081264052664367
1730781805.5103953;/app/bags/user95_2017-02-24.bag;0.834065854549408;0.0;0.9619645476341248;0.0;0.667477245503997;0.5991873594733563;0.40081264052664367
1730781805.7103968;/app/bags/user95_2017-02-24.bag;0.834065854549408;0.0;0.9619645476341248;0.0;0.667477245503997;0.5991873594733563;0.40081264052664367
1730781805.9104455;/app/bags/user95_2017-02-24.bag;0.834065854549408;0.0;0.9619645476341248;0.0;0.667477245503997;0.5991873594733563;0.40081264052664367
1730781806.1103618;/app/bags/user95_2017-02-24.bag;0.834065854549408;0.0;0.9619645476341248;0.0;0.667477245503997;0.5991873594733563;0.40081264052664367
1730781806.310369;/app/bags/user95_2017-02-24.bag;0.834065854549408;0.0;0.9619645476341248;0.0;0.667477245503997;0.5991873594733563;0.40081264052664367
1730781806.51041;/app/bags/user95_2017-02-24.bag;0.834065854549408;0.0;0.9619645476341248;0.0;0.667477245503997;0.5991873594733563;0.40081264052664367
1730781806.7103884;/app/bags/user95_2017-02-24.bag;0.834065854549408;0.0;0.9619645476341248;0.0;0.667477245503997;0.5991873594733563;0.40081264052664367
1730781806.9103835;/app/bags/user95_2017-02-24.bag;0.834065854549408;0.0;0.9619645476341248;0.0;0.667477245503997;0.5991873594733563;0.40081264052664367
1730781807.1103828;/app/bags/user95_2017-02-24.bag;0.834065854549408;0.0;0.9619645476341248;0.0;0.667477245503997;0.5991873594733563;0.40081264052664367
1730781807.3103824;/app/bags/user95_2017-02-24.bag;0.834065854549408;0.0;0.9619645476341248;0.0;0.667477245503997;0.5991873594733563;0.40081264052664367
1730781807.510379;/app/bags/user95_2017-02-24.bag;0.834065854549408;0.0;0.9619645476341248;0.0;0.667477245503997;0.5991873594733563;0.40081264052664367
1730781807.710425;/app/bags/user95_2017-02-24.bag;0.834065854549408;0.0;0.9619645476341248;0.0;0.667477245503997;0.5991873594733563;0.40081264052664367
1730781807.910389;/app/bags/user95_2017-02-24.bag;0.834065854549408;0.0;0.9619645476341248;0.0;0.667477245503997;0.5991873594733563;0.40081264052664367
1730781808.1104248;/app/bags/user95_2017-02-24.bag;0.834065854549408;0.0;0.9619645476341248;0.0;0.667477245503997;0.5991873594733563;0.40081264052664367
1730781808.3104863;/app/bags/user95_2017-02-24.bag;0.834065854549408;0.0;0.9619645476341248;0.0;0.667477245503997;0.5991873594733563;0.40081264052664367
1730781808.5104437;/app/bags/user95_2017-02-24.bag;0.834065854549408;0.0;0.9619645476341248;0.0;0.667477245503997;0.5991873594733563;0.40081264052664367
1730781808.7103925;/app/bags/user95_2017-02-24.bag;0.834065854549408;0.0;0.9619645476341248;0.0;0.667477245503997;0.5991873594733563;0.40081264052664367
1730781808.9103975;/app/bags/user95_2017-02-24.bag;0.834065854549408;0.0;0.9619645476341248;0.0;0.667477245503997;0.5991873594733563;0.40081264052664367
1730781809.1103792;/app/bags/user95_2017-02-24.bag;0.834065854549408;0.0;0.9619645476341248;0.0;0.667477245503997;0.5991873594733563;0.40081264052664367
1730781809.3104043;/app/bags/user95_2017-02-24.bag;0.834065854549408;0.0;0.9619645476341248;0.0;0.667477245503997;0.5991873594733563;0.40081264052664367
1730781809.5104396;/app/bags/user95_2017-02-24.bag;0.834065854549408;0.0;0.9619645476341248;0.0;0.667477245503997;0.5991873594733563;0.40081264052664367
1730781809.7103837;/app/bags/user95_2017-02-24.bag;0.834065854549408;0.0;0.9619645476341248;0.0;0.667477245503997;0.5991873594733563;0.40081264052664367
1730781809.9103856;/app/bags/user95_2017-02-24.bag;0.834065854549408;0.0;0.9619645476341248;0.0;0.667477245503997;0.5991873594733563;0.40081264052664367
1730781810.110434;/app/bags/user95_2017-02-24.bag;0.834065854549408;0.0;0.9619645476341248;0.0;0.667477245503997;0.5991873594733563;0.40081264052664367
1730781810.3104155;/app/bags/user95_2017-02-24.bag;0.834065854549408;0.0;0.9619645476341248;0.0;0.667477245503997;0.5991873594733563;0.40081264052664367
1730781810.5103822;/app/bags/user95_2017-02-24.bag;0.834065854549408;0.0;0.9619645476341248;0.0;0.667477245503997;0.5991873594733563;0.40081264052664367
1730781810.7103784;/app/bags/user95_2017-02-24.bag;0.834065854549408;0.0;0.9619645476341248;0.0;0.667477245503997;0.5991873594733563;0.40081264052664367
1730781810.9103923;/app/bags/user95_2017-02-24.bag;0.834065854549408;0.0;0.9619645476341248;0.0;0.667477245503997;0.5991873594733563;0.40081264052664367
1730781811.110462;/app/bags/user95_2017-02-24.bag;0.834065854549408;0.0;0.9619645476341248;0.0;0.667477245503997;0.5991873594733563;0.40081264052664367
1730781811.3104312;/app/bags/user95_2017-02-24.bag;0.834065854549408;0.0;0.9619645476341248;0.0;0.667477245503997;0.5991873594733563;0.40081264052664367
1730781811.5104074;/app/bags/user95_2017-02-24.bag;0.834065854549408;0.0;0.9619645476341248;0.0;0.667477245503997;0.5991873594733563;0.40081264052664367
1730781811.710418;/app/bags/user95_2017-02-24.bag;0.834065854549408;0.0;0.9619645476341248;0.0;0.667477245503997;0.5991873594733563;0.40081264052664367
1730781811.9104009;/app/bags/user95_2017-02-24.bag;0.834065854549408;0.0;0.9619645476341248;0.0;0.667477245503997;0.5991873594733563;0.40081264052664367
1730781812.1103694;/app/bags/user95_2017-02-24.bag;0.834065854549408;0.0;0.9619645476341248;0.0;0.667477245503997;0.5991873594733563;0.40081264052664367
1730781812.3103554;/app/bags/user95_2017-02-24.bag;0.834065854549408;0.0;0.9619645476341248;0.0;0.667477245503997;0.5991873594733563;0.40081264052664367
1730781812.510384;/app/bags/user95_2017-02-24.bag;0.834065854549408;0.0;0.9619645476341248;0.0;0.667477245503997;0.5991873594733563;0.40081264052664367
1730781812.7103841;/app/bags/user95_2017-02-24.bag;0.834065854549408;0.0;0.9619645476341248;0.0;0.667477245503997;0.5991873594733563;0.40081264052664367
1730781812.9104443;/app/bags/user95_2017-02-24.bag;0.834065854549408;0.0;0.9619645476341248;0.0;0.667477245503997;0.5991873594733563;0.40081264052664367
1730781813.1103864;/app/bags/user95_2017-02-24.bag;0.834065854549408;0.0;0.9619645476341248;0.0;0.667477245503997;0.5991873594733563;0.40081264052664367
1730781813.3104131;/app/bags/user95_2017-02-24.bag;0.834065854549408;0.0;0.9619645476341248;0.0;0.667477245503997;0.5991873594733563;0.40081264052664367
1730781813.5104253;/app/bags/user95_2017-02-24.bag;0.834065854549408;0.0;0.9619645476341248;0.0;0.667477245503997;0.5991873594733563;0.40081264052664367
1730781813.7104578;/app/bags/user95_2017-02-24.bag;0.834065854549408;0.0;0.9619645476341248;0.0;0.667477245503997;0.5991873594733563;0.40081264052664367
1730781813.9104154;/app/bags/user95_2017-02-24.bag;0.834065854549408;0.0;0.9619645476341248;0.0;0.667477245503997;0.5991873594733563;0.40081264052664367
1730781814.1103702;/app/bags/user95_2017-02-24.bag;0.834065854549408;0.0;0.9619645476341248;0.0;0.667477245503997;0.5991873594733563;0.40081264052664367
1730781814.3103874;/app/bags/user95_2017-02-24.bag;0.834065854549408;0.0;0.9619645476341248;0.0;0.667477245503997;0.5991873594733563;0.40081264052664367
1730781814.510447;/app/bags/user95_2017-02-24.bag;0.834065854549408;0.0;0.9619645476341248;0.0;0.667477245503997;0.5991873594733563;0.40081264052664367
1730781814.7103548;/app/bags/user95_2017-02-24.bag;0.834065854549408;0.0;0.9619645476341248;0.0;0.667477245503997;0.5991873594733563;0.40081264052664367
1730781814.9104426;/app/bags/user95_2017-02-24.bag;0.834065854549408;0.0;0.9619645476341248;0.0;0.667477245503997;0.5991873594733563;0.40081264052664367
1730781815.1104014;/app/bags/user95_2017-02-24.bag;0.834065854549408;0.0;0.9619645476341248;0.0;0.667477245503997;0.5991873594733563;0.40081264052664367
1730781815.3104057;/app/bags/user95_2017-02-24.bag;0.834065854549408;0.0;0.9619645476341248;0.0;0.667477245503997;0.5991873594733563;0.40081264052664367
1730781815.5103798;/app/bags/user95_2017-02-24.bag;0.834065854549408;0.0;0.9619645476341248;0.0;0.667477245503997;0.5991873594733563;0.40081264052664367
1730781815.7104151;/app/bags/user95_2017-02-24.bag;0.834065854549408;0.0;0.9619645476341248;0.0;0.667477245503997;0.5991873594733563;0.40081264052664367
1730781815.9103959;/app/bags/user95_2017-02-24.bag;0.834065854549408;0.0;0.9619645476341248;0.0;0.667477245503997;0.5991873594733563;0.40081264052664367
1730781816.1104076;/app/bags/user95_2017-02-24.bag;0.834065854549408;0.0;0.9619645476341248;0.0;0.667477245503997;0.5991873594733563;0.40081264052664367
1730781816.3104346;/app/bags/user95_2017-02-24.bag;0.834065854549408;0.0;0.9619645476341248;0.0;0.667477245503997;0.5991873594733563;0.40081264052664367
1730781816.5103867;/app/bags/user95_2017-02-24.bag;0.834065854549408;0.0;0.9619645476341248;0.0;0.667477245503997;0.5991873594733563;0.40081264052664367
1730781816.7103794;/app/bags/user95_2017-02-24.bag;0.834065854549408;0.0;0.9619645476341248;0.0;0.667477245503997;0.5991873594733563;0.40081264052664367
1730781816.9104013;/app/bags/user95_2017-02-24.bag;0.834065854549408;0.0;0.9619645476341248;0.0;0.667477245503997;0.5991873594733563;0.40081264052664367
1730781817.1103647;/app/bags/user95_2017-02-24.bag;0.834065854549408;0.0;0.9619645476341248;0.0;0.667477245503997;0.5991873594733563;0.40081264052664367
1730781817.310387;/app/bags/user95_2017-02-24.bag;0.834065854549408;0.0;0.9619645476341248;0.0;0.667477245503997;0.5991873594733563;0.40081264052664367
1730781817.5103946;/app/bags/user95_2017-02-24.bag;0.834065854549408;0.0;0.9619645476341248;0.0;0.667477245503997;0.5991873594733563;0.40081264052664367
1730781817.7103767;/app/bags/user95_2017-02-24.bag;0.834065854549408;0.0;0.9619645476341248;0.0;0.667477245503997;0.5991873594733563;0.40081264052664367
1730781817.910394;/app/bags/user95_2017-02-24.bag;0.834065854549408;0.0;0.9619645476341248;0.0;0.667477245503997;0.5991873594733563;0.40081264052664367
1730781818.110373;/app/bags/user95_2017-02-24.bag;0.834065854549408;0.0;0.9619645476341248;0.0;0.667477245503997;0.5991873594733563;0.40081264052664367
1730781818.3103688;/app/bags/user95_2017-02-24.bag;0.834065854549408;0.0;0.9619645476341248;0.0;0.667477245503997;0.5991873594733563;0.40081264052664367
1730781818.5103965;/app/bags/user95_2017-02-24.bag;0.834065854549408;0.0;0.9619645476341248;0.0;0.667477245503997;0.5991873594733563;0.40081264052664367
1730781818.7104676;/app/bags/user95_2017-02-24.bag;0.834065854549408;0.0;0.9619645476341248;0.0;0.667477245503997;0.5991873594733563;0.40081264052664367
1730781818.9103453;/app/bags/user95_2017-02-24.bag;0.834065854549408;0.0;0.9619645476341248;0.0;0.667477245503997;0.5991873594733563;0.40081264052664367
1730781819.1103485;/app/bags/user95_2017-02-24.bag;0.834065854549408;0.0;0.9619645476341248;0.0;0.667477245503997;0.5991873594733563;0.40081264052664367
1730781819.3103728;/app/bags/user95_2017-02-24.bag;0.834065854549408;0.0;0.9619645476341248;0.0;0.667477245503997;0.5991873594733563;0.40081264052664367
1730781819.5103593;/app/bags/user95_2017-02-24.bag;0.834065854549408;0.0;0.9619645476341248;0.0;0.667477245503997;0.5991873594733563;0.40081264052664367
1730781819.710512;/app/bags/user95_2017-02-24.bag;0.834065854549408;0.0;0.9619645476341248;0.0;0.667477245503997;0.5991873594733563;0.40081264052664367
1730781819.9103959;/app/bags/user95_2017-02-24.bag;0.834065854549408;0.0;0.9619645476341248;0.0;0.667477245503997;0.5991873594733563;0.40081264052664367
1730781820.110421;/app/bags/user95_2017-02-24.bag;0.834065854549408;0.0;0.9619645476341248;0.0;0.667477245503997;0.5991873594733563;0.40081264052664367
1730781820.3103676;/app/bags/user95_2017-02-24.bag;0.834065854549408;0.0;0.9619645476341248;0.0;0.667477245503997;0.5991873594733563;0.40081264052664367
1730781820.5104296;/app/bags/user95_2017-02-24.bag;0.834065854549408;0.0;0.9619645476341248;0.0;0.667477245503997;0.5991873594733563;0.40081264052664367
1730781820.7103992;/app/bags/user95_2017-02-24.bag;0.834065854549408;0.0;0.9619645476341248;0.0;0.667477245503997;0.5991873594733563;0.40081264052664367
1730781820.9103758;/app/bags/user95_2017-02-24.bag;0.834065854549408;0.0;0.9619645476341248;0.0;0.667477245503997;0.5991873594733563;0.40081264052664367
1730781821.1104279;/app/bags/user95_2017-02-24.bag;0.834065854549408;0.0;0.9619645476341248;0.0;0.667477245503997;0.5991873594733563;0.40081264052664367
1730781821.3104455;/app/bags/user95_2017-02-24.bag;0.834065854549408;0.0;0.9619645476341248;0.0;0.667477245503997;0.5991873594733563;0.40081264052664367
1730781821.5104113;/app/bags/user95_2017-02-24.bag;0.834065854549408;0.0;0.9619645476341248;0.0;0.667477245503997;0.5991873594733563;0.40081264052664367
1730781821.7103848;/app/bags/user95_2017-02-24.bag;0.834065854549408;0.0;0.9619645476341248;0.0;0.667477245503997;0.5991873594733563;0.40081264052664367
1730781821.9103887;/app/bags/user95_2017-02-24.bag;0.834065854549408;0.0;0.9619645476341248;0.0;0.667477245503997;0.5991873594733563;0.40081264052664367
1730781822.110419;/app/bags/user95_2017-02-24.bag;0.834065854549408;0.0;0.9619645476341248;0.0;0.667477245503997;0.5991873594733563;0.40081264052664367
1730781822.3103993;/app/bags/user95_2017-02-24.bag;0.834065854549408;0.0;0.9619645476341248;0.0;0.667477245503997;0.5991873594733563;0.40081264052664367
1730781822.510453;/app/bags/user95_2017-02-24.bag;0.834065854549408;0.0;0.9619645476341248;0.0;0.667477245503997;0.5991873594733563;0.40081264052664367
1730781822.7104023;/app/bags/user95_2017-02-24.bag;0.834065854549408;0.0;0.9619645476341248;0.0;0.667477245503997;0.5991873594733563;0.40081264052664367
1730781822.9103856;/app/bags/user95_2017-02-24.bag;0.834065854549408;0.0;0.9619645476341248;0.0;0.667477245503997;0.5991873594733563;0.40081264052664367
1730781823.110449;/app/bags/user95_2017-02-24.bag;0.834065854549408;0.0;0.9619645476341248;0.0;0.667477245503997;0.5991873594733563;0.40081264052664367
1730781823.3103974;/app/bags/user95_2017-02-24.bag;0.834065854549408;0.0;0.9619645476341248;0.0;0.667477245503997;0.5991873594733563;0.40081264052664367
1730781823.5103912;/app/bags/user95_2017-02-24.bag;0.834065854549408;0.0;0.9619645476341248;0.0;0.667477245503997;0.5991873594733563;0.40081264052664367
1730781823.7103984;/app/bags/user95_2017-02-24.bag;0.834065854549408;0.0;0.9619645476341248;0.0;0.667477245503997;0.5991873594733563;0.40081264052664367
1730781823.9104135;/app/bags/user95_2017-02-24.bag;0.834065854549408;0.0;0.9619645476341248;0.0;0.667477245503997;0.5991873594733563;0.40081264052664367
1730781824.110471;/app/bags/user95_2017-02-24.bag;0.834065854549408;0.0;0.9619645476341248;0.0;0.667477245503997;0.5991873594733563;0.40081264052664367
1730781824.310405;/app/bags/user95_2017-02-24.bag;0.834065854549408;0.0;0.9619645476341248;0.0;0.667477245503997;0.5991873594733563;0.40081264052664367
1730781824.510377;/app/bags/user95_2017-02-24.bag;0.834065854549408;0.0;0.9619645476341248;0.0;0.667477245503997;0.5991873594733563;0.40081264052664367
1730781824.7103918;/app/bags/user95_2017-02-24.bag;0.834065854549408;0.0;0.9619645476341248;0.0;0.667477245503997;0.5991873594733563;0.40081264052664367
1730781824.9103894;/app/bags/user95_2017-02-24.bag;0.834065854549408;0.0;0.9619645476341248;0.0;0.667477245503997;0.5991873594733563;0.40081264052664367
1730781825.1103742;/app/bags/user95_2017-02-24.bag;0.834065854549408;0.0;0.9619645476341248;0.0;0.667477245503997;0.5991873594733563;0.40081264052664367
1730781825.3104255;/app/bags/user95_2017-02-24.bag;0.834065854549408;0.0;0.9619645476341248;0.0;0.667477245503997;0.5991873594733563;0.40081264052664367
1730781825.510378;/app/bags/user95_2017-02-24.bag;0.834065854549408;0.0;0.9619645476341248;0.0;0.667477245503997;0.5991873594733563;0.40081264052664367
1730781825.710381;/app/bags/user95_2017-02-24.bag;0.834065854549408;0.0;0.9619645476341248;0.0;0.667477245503997;0.5991873594733563;0.40081264052664367
1730781825.910388;/app/bags/user95_2017-02-24.bag;0.834065854549408;0.0;0.9619645476341248;0.0;0.667477245503997;0.5991873594733563;0.40081264052664367
1730781826.1103973;/app/bags/user95_2017-02-24.bag;0.834065854549408;0.0;0.9619645476341248;0.0;0.667477245503997;0.5991873594733563;0.40081264052664367
1730781826.3104067;/app/bags/user95_2017-02-24.bag;0.834065854549408;0.0;0.9619645476341248;0.0;0.667477245503997;0.5991873594733563;0.40081264052664367
1730781826.510371;/app/bags/user95_2017-02-24.bag;0.834065854549408;0.0;0.9619645476341248;0.0;0.667477245503997;0.5991873594733563;0.40081264052664367
1730781826.7104018;/app/bags/user95_2017-02-24.bag;0.834065854549408;0.0;0.9619645476341248;0.0;0.667477245503997;0.5991873594733563;0.40081264052664367
1730781826.9103913;/app/bags/user95_2017-02-24.bag;0.834065854549408;0.0;0.9619645476341248;0.0;0.667477245503997;0.5991873594733563;0.40081264052664367
1730781827.1103673;/app/bags/user95_2017-02-24.bag;0.834065854549408;0.0;0.9619645476341248;0.0;0.667477245503997;0.5991873594733563;0.40081264052664367
1730781827.310375;/app/bags/user95_2017-02-24.bag;0.834065854549408;0.0;0.9619645476341248;0.0;0.667477245503997;0.5991873594733563;0.40081264052664367
1730781827.5103736;/app/bags/user95_2017-02-24.bag;0.834065854549408;0.0;0.9619645476341248;0.0;0.667477245503997;0.5991873594733563;0.40081264052664367
1730781827.7103753;/app/bags/user95_2017-02-24.bag;0.834065854549408;0.0;0.9619645476341248;0.0;0.667477245503997;0.5991873594733563;0.40081264052664367
1730781827.9103851;/app/bags/user95_2017-02-24.bag;0.834065854549408;0.0;0.9619645476341248;0.0;0.667477245503997;0.5991873594733563;0.40081264052664367
1730781828.1104379;/app/bags/user95_2017-02-24.bag;0.834065854549408;0.0;0.9619645476341248;0.0;0.667477245503997;0.5991873594733563;0.40081264052664367
1730781828.3104415;/app/bags/user95_2017-02-24.bag;0.834065854549408;0.0;0.9619645476341248;0.0;0.667477245503997;0.5991873594733563;0.40081264052664367
1730781828.5103984;/app/bags/user95_2017-02-24.bag;0.834065854549408;0.0;0.9619645476341248;0.0;0.667477245503997;0.5991873594733563;0.40081264052664367
1730781828.7103665;/app/bags/user95_2017-02-24.bag;0.834065854549408;0.0;0.9619645476341248;0.0;0.667477245503997;0.5991873594733563;0.40081264052664367
1730781828.9103503;/app/bags/user95_2017-02-24.bag;0.834065854549408;0.0;0.9619645476341248;0.0;0.667477245503997;0.5991873594733563;0.40081264052664367
1730781829.1103675;/app/bags/user95_2017-02-24.bag;0.834065854549408;0.0;0.9619645476341248;0.0;0.667477245503997;0.5991873594733563;0.40081264052664367
1730781829.3103993;/app/bags/user95_2017-02-24.bag;0.834065854549408;0.0;0.9619645476341248;0.0;0.667477245503997;0.5991873594733563;0.40081264052664367
1730781829.510435;/app/bags/user95_2017-02-24.bag;0.834065854549408;0.0;0.9619645476341248;0.0;0.667477245503997;0.5991873594733563;0.40081264052664367
1730781829.710378;/app/bags/user95_2017-02-24.bag;0.834065854549408;0.0;0.9619645476341248;0.0;0.667477245503997;0.5991873594733563;0.40081264052664367
1730781829.9103968;/app/bags/user95_2017-02-24.bag;0.834065854549408;0.0;0.9619645476341248;0.0;0.667477245503997;0.5991873594733563;0.40081264052664367
1730781830.110385;/app/bags/user95_2017-02-24.bag;0.834065854549408;0.0;0.9619645476341248;0.0;0.667477245503997;0.5991873594733563;0.40081264052664367
1730781830.3103848;/app/bags/user95_2017-02-24.bag;0.834065854549408;0.0;0.9619645476341248;0.0;0.667477245503997;0.5991873594733563;0.40081264052664367
1730781830.5103836;/app/bags/user95_2017-02-24.bag;0.834065854549408;0.0;0.9619645476341248;0.0;0.667477245503997;0.5991873594733563;0.40081264052664367
1730781830.7103992;/app/bags/user95_2017-02-24.bag;0.834065854549408;0.0;0.9619645476341248;0.0;0.667477245503997;0.5991873594733563;0.40081264052664367
1730781830.9103875;/app/bags/user95_2017-02-24.bag;0.834065854549408;0.0;0.9619645476341248;0.0;0.667477245503997;0.5991873594733563;0.40081264052664367
1730781831.110447;/app/bags/user95_2017-02-24.bag;0.834065854549408;0.0;0.9619645476341248;0.0;0.667477245503997;0.5991873594733563;0.40081264052664367
1730781831.3105156;/app/bags/user95_2017-02-24.bag;0.834065854549408;0.0;0.9619645476341248;0.0;0.667477245503997;0.5991873594733563;0.40081264052664367
1730781831.5104337;/app/bags/user95_2017-02-24.bag;0.834065854549408;0.0;0.9619645476341248;0.0;0.667477245503997;0.5991873594733563;0.40081264052664367
1730781831.710434;/app/bags/user95_2017-02-24.bag;0.834065854549408;0.0;0.9619645476341248;0.0;0.667477245503997;0.5991873594733563;0.40081264052664367
1730781831.9104295;/app/bags/user95_2017-02-24.bag;0.834065854549408;0.0;0.9619645476341248;0.0;0.667477245503997;0.5991873594733563;0.40081264052664367
1730781832.1104674;/app/bags/user95_2017-02-24.bag;0.834065854549408;0.0;0.9619645476341248;0.0;0.667477245503997;0.5991873594733563;0.40081264052664367
1730781832.3104036;/app/bags/user95_2017-02-24.bag;0.834065854549408;0.0;0.9619645476341248;0.0;0.667477245503997;0.5991873594733563;0.40081264052664367
1730781832.5103762;/app/bags/user95_2017-02-24.bag;0.834065854549408;0.0;0.9619645476341248;0.0;0.667477245503997;0.5991873594733563;0.40081264052664367
1730781832.710414;/app/bags/user95_2017-02-24.bag;0.834065854549408;0.0;0.9619645476341248;0.0;0.667477245503997;0.5991873594733563;0.40081264052664367
1730781832.9104135;/app/bags/user95_2017-02-24.bag;0.834065854549408;0.0;0.9619645476341248;0.0;0.667477245503997;0.5991873594733563;0.40081264052664367
1730781833.1104364;/app/bags/user95_2017-02-24.bag;0.834065854549408;0.0;0.9619645476341248;0.0;0.667477245503997;0.5991873594733563;0.40081264052664367
1730781833.3103957;/app/bags/user95_2017-02-24.bag;0.834065854549408;0.0;0.9619645476341248;0.0;0.667477245503997;0.5991873594733563;0.40081264052664367
1730781833.5103836;/app/bags/user95_2017-02-24.bag;0.834065854549408;0.0;0.9619645476341248;0.0;0.667477245503997;0.5991873594733563;0.40081264052664367
1730781833.7104478;/app/bags/user95_2017-02-24.bag;0.834065854549408;0.0;0.9619645476341248;0.0;0.667477245503997;0.5991873594733563;0.40081264052664367
1730781833.9104187;/app/bags/user95_2017-02-24.bag;0.834065854549408;0.0;0.9619645476341248;0.0;0.667477245503997;0.5991873594733563;0.40081264052664367
1730781834.1103668;/app/bags/user95_2017-02-24.bag;0.834065854549408;0.0;0.9619645476341248;0.0;0.667477245503997;0.5991873594733563;0.40081264052664367
1730781834.3104188;/app/bags/user95_2017-02-24.bag;0.834065854549408;0.0;0.9619645476341248;0.0;0.667477245503997;0.5991873594733563;0.40081264052664367
1730781834.510403;/app/bags/user95_2017-02-24.bag;0.834065854549408;0.0;0.9619645476341248;0.0;0.667477245503997;0.5991873594733563;0.40081264052664367
1730781834.7103977;/app/bags/user95_2017-02-24.bag;0.834065854549408;0.0;0.9619645476341248;0.0;0.667477245503997;0.5991873594733563;0.40081264052664367
1730781834.9104125;/app/bags/user95_2017-02-24.bag;0.834065854549408;0.0;0.9619645476341248;0.0;0.667477245503997;0.5991873594733563;0.40081264052664367
1730781835.110364;/app/bags/user95_2017-02-24.bag;0.834065854549408;0.0;0.9619645476341248;0.0;0.667477245503997;0.5991873594733563;0.40081264052664367
1730781835.3104172;/app/bags/user95_2017-02-24.bag;0.834065854549408;0.0;0.9619645476341248;0.0;0.667477245503997;0.5991873594733563;0.40081264052664367
1730781835.5103762;/app/bags/user95_2017-02-24.bag;0.834065854549408;0.0;0.9619645476341248;0.0;0.667477245503997;0.5991873594733563;0.40081264052664367
1730781835.7104418;/app/bags/user95_2017-02-24.bag;0.834065854549408;0.0;0.9619645476341248;0.0;0.667477245503997;0.5991873594733563;0.40081264052664367
1730781835.9103775;/app/bags/user95_2017-02-24.bag;0.834065854549408;0.0;0.9619645476341248;0.0;0.667477245503997;0.5991873594733563;0.40081264052664367
1730781836.1104052;/app/bags/user95_2017-02-24.bag;0.834065854549408;0.0;0.9619645476341248;0.0;0.667477245503997;0.5991873594733563;0.40081264052664367
1730781836.3103905;/app/bags/user95_2017-02-24.bag;0.834065854549408;0.0;0.9619645476341248;0.0;0.667477245503997;0.5991873594733563;0.40081264052664367
1730781836.5104702;/app/bags/user95_2017-02-24.bag;0.834065854549408;0.0;0.9619645476341248;0.0;0.667477245503997;0.5991873594733563;0.40081264052664367
1730781836.7103987;/app/bags/user95_2017-02-24.bag;0.834065854549408;0.0;0.9619645476341248;0.0;0.667477245503997;0.5991873594733563;0.40081264052664367
1730781836.9103825;/app/bags/user95_2017-02-24.bag;0.834065854549408;0.0;0.9619645476341248;0.0;0.667477245503997;0.5991873594733563;0.40081264052664367
1730781837.1103919;/app/bags/user95_2017-02-24.bag;0.834065854549408;0.0;0.9619645476341248;0.0;0.667477245503997;0.5991873594733563;0.40081264052664367
1730781837.3103895;/app/bags/user95_2017-02-24.bag;0.834065854549408;0.0;0.9619645476341248;0.0;0.667477245503997;0.5991873594733563;0.40081264052664367
1730781837.5103614;/app/bags/user95_2017-02-24.bag;0.834065854549408;0.0;0.9619645476341248;0.0;0.667477245503997;0.5991873594733563;0.40081264052664367
1730781837.7103653;/app/bags/user95_2017-02-24.bag;0.834065854549408;0.0;0.9619645476341248;0.0;0.667477245503997;0.5991873594733563;0.40081264052664367
1730781837.9104712;/app/bags/user95_2017-02-24.bag;0.834065854549408;0.0;0.9619645476341248;0.0;0.667477245503997;0.5991873594733563;0.40081264052664367
1730781838.110484;/app/bags/user95_2017-02-24.bag;0.834065854549408;0.0;0.9619645476341248;0.0;0.667477245503997;0.5991873594733563;0.40081264052664367
1730781838.310363;/app/bags/user95_2017-02-24.bag;0.834065854549408;0.0;0.9619645476341248;0.0;0.667477245503997;0.5991873594733563;0.40081264052664367
1730781838.5104568;/app/bags/user95_2017-02-24.bag;0.834065854549408;0.0;0.9619645476341248;0.0;0.667477245503997;0.5991873594733563;0.40081264052664367
1730781838.7104142;/app/bags/user95_2017-02-24.bag;0.834065854549408;0.0;0.9619645476341248;0.0;0.667477245503997;0.5991873594733563;0.40081264052664367
1730781838.910425;/app/bags/user95_2017-02-24.bag;0.834065854549408;0.0;0.9619645476341248;0.0;0.667477245503997;0.5991873594733563;0.40081264052664367
1730781839.110421;/app/bags/user95_2017-02-24.bag;0.834065854549408;0.0;0.9619645476341248;0.0;0.667477245503997;0.5991873594733563;0.40081264052664367
1730781839.3103466;/app/bags/user95_2017-02-24.bag;0.834065854549408;0.0;0.9619645476341248;0.0;0.667477245503997;0.5991873594733563;0.40081264052664367
1730781839.5104423;/app/bags/user95_2017-02-24.bag;0.834065854549408;0.0;0.9619645476341248;0.0;0.667477245503997;0.5991873594733563;0.40081264052664367
1730781839.7103848;/app/bags/user95_2017-02-24.bag;0.834065854549408;0.0;0.9619645476341248;0.0;0.667477245503997;0.5991873594733563;0.40081264052664367
1730781839.9103684;/app/bags/user95_2017-02-24.bag;0.834065854549408;0.0;0.9619645476341248;0.0;0.667477245503997;0.5991873594733563;0.40081264052664367
1730781840.1103933;/app/bags/user95_2017-02-24.bag;0.834065854549408;0.0;0.9619645476341248;0.0;0.667477245503997;0.5991873594733563;0.40081264052664367
1730781840.3104138;/app/bags/user95_2017-02-24.bag;0.834065854549408;0.0;0.9619645476341248;0.0;0.667477245503997;0.5991873594733563;0.40081264052664367
1730781840.5103743;/app/bags/user95_2017-02-24.bag;0.834065854549408;0.0;0.9619645476341248;0.0;0.667477245503997;0.5991873594733563;0.40081264052664367
1730781840.7104175;/app/bags/user95_2017-02-24.bag;0.834065854549408;0.0;0.9619645476341248;0.0;0.667477245503997;0.5991873594733563;0.40081264052664367
1730781840.9103405;/app/bags/user95_2017-02-24.bag;0.834065854549408;0.0;0.9619645476341248;0.0;0.667477245503997;0.5991873594733563;0.40081264052664367
1730781841.1103637;/app/bags/user95_2017-02-24.bag;0.834065854549408;0.0;0.9619645476341248;0.0;0.667477245503997;0.5991873594733563;0.40081264052664367
1730781841.310394;/app/bags/user95_2017-02-24.bag;0.834065854549408;0.0;0.9619645476341248;0.0;0.667477245503997;0.5991873594733563;0.40081264052664367
1730781841.5104327;/app/bags/user95_2017-02-24.bag;0.834065854549408;0.0;0.9619645476341248;0.0;0.667477245503997;0.5991873594733563;0.40081264052664367
1730781841.7104225;/app/bags/user95_2017-02-24.bag;0.834065854549408;0.0;0.9619645476341248;0.0;0.667477245503997;0.5991873594733563;0.40081264052664367
1730781841.9103966;/app/bags/user95_2017-02-24.bag;0.834065854549408;0.0;0.9619645476341248;0.0;0.667477245503997;0.5991873594733563;0.40081264052664367
1730781842.11039;/app/bags/user95_2017-02-24.bag;0.834065854549408;0.0;0.9619645476341248;0.0;0.667477245503997;0.5991873594733563;0.40081264052664367
1730781842.3103821;/app/bags/user95_2017-02-24.bag;0.834065854549408;0.0;0.9619645476341248;0.0;0.667477245503997;0.5991873594733563;0.40081264052664367
1730781842.5104046;/app/bags/user95_2017-02-24.bag;0.834065854549408;0.0;0.9619645476341248;0.0;0.667477245503997;0.5991873594733563;0.40081264052664367
1730781842.7103791;/app/bags/user95_2017-02-24.bag;0.834065854549408;0.0;0.9619645476341248;0.0;0.667477245503997;0.5991873594733563;0.40081264052664367
1730781842.9104064;/app/bags/user95_2017-02-24.bag;0.834065854549408;0.0;0.9619645476341248;0.0;0.667477245503997;0.5991873594733563;0.40081264052664367
1730781843.110398;/app/bags/user95_2017-02-24.bag;0.834065854549408;0.0;0.9619645476341248;0.0;0.667477245503997;0.5991873594733563;0.40081264052664367
1730781843.3103733;/app/bags/user95_2017-02-24.bag;0.834065854549408;0.0;0.9619645476341248;0.0;0.667477245503997;0.5991873594733563;0.40081264052664367
1730781843.510436;/app/bags/user95_2017-02-24.bag;0.834065854549408;0.0;0.9619645476341248;0.0;0.667477245503997;0.5991873594733563;0.40081264052664367
1730781843.7103803;/app/bags/user95_2017-02-24.bag;0.834065854549408;0.0;0.9619645476341248;0.0;0.667477245503997;0.5991873594733563;0.40081264052664367
1730781843.9103851;/app/bags/user95_2017-02-24.bag;0.834065854549408;0.0;0.9619645476341248;0.0;0.667477245503997;0.5991873594733563;0.40081264052664367
1730781844.110387;/app/bags/user95_2017-02-24.bag;0.834065854549408;0.0;0.9619645476341248;0.0;0.667477245503997;0.5991873594733563;0.40081264052664367
1730781844.3103836;/app/bags/user95_2017-02-24.bag;0.834065854549408;0.0;0.9619645476341248;0.0;0.667477245503997;0.5991873594733563;0.40081264052664367
1730781844.5104966;/app/bags/user95_2017-02-24.bag;0.834065854549408;0.0;0.9619645476341248;0.0;0.667477245503997;0.5991873594733563;0.40081264052664367
1730781844.7103777;/app/bags/user95_2017-02-24.bag;0.834065854549408;0.0;0.9619645476341248;0.0;0.667477245503997;0.5991873594733563;0.40081264052664367
1730781844.9104292;/app/bags/user95_2017-02-24.bag;0.834065854549408;0.0;0.9619645476341248;0.0;0.667477245503997;0.5991873594733563;0.40081264052664367
1730781845.110365;/app/bags/user95_2017-02-24.bag;0.834065854549408;0.0;0.9619645476341248;0.0;0.667477245503997;0.5991873594733563;0.40081264052664367
1730781845.310401;/app/bags/user95_2017-02-24.bag;0.834065854549408;0.0;0.9619645476341248;0.0;0.667477245503997;0.5991873594733563;0.40081264052664367
1730781845.5104246;/app/bags/user95_2017-02-24.bag;0.834065854549408;0.0;0.9619645476341248;0.0;0.667477245503997;0.5991873594733563;0.40081264052664367
1730781845.7103553;/app/bags/user95_2017-02-24.bag;0.834065854549408;0.0;0.9619645476341248;0.0;0.667477245503997;0.5991873594733563;0.40081264052664367
1730781845.9104407;/app/bags/user95_2017-02-24.bag;0.834065854549408;0.0;0.9619645476341248;0.0;0.667477245503997;0.5991873594733563;0.40081264052664367
1730781846.1103678;/app/bags/user95_2017-02-24.bag;0.834065854549408;0.0;0.9619645476341248;0.0;0.667477245503997;0.5991873594733563;0.40081264052664367
1730781846.3104026;/app/bags/user95_2017-02-24.bag;0.834065854549408;0.0;0.9619645476341248;0.0;0.667477245503997;0.5991873594733563;0.40081264052664367
1730781846.5103889;/app/bags/user95_2017-02-24.bag;0.834065854549408;0.0;0.9619645476341248;0.0;0.667477245503997;0.5991873594733563;0.40081264052664367
1730781846.710432;/app/bags/user95_2017-02-24.bag;0.834065854549408;0.0;0.9619645476341248;0.0;0.667477245503997;0.5991873594733563;0.40081264052664367
1730781846.9103851;/app/bags/user95_2017-02-24.bag;0.834065854549408;0.0;0.9619645476341248;0.0;0.667477245503997;0.5991873594733563;0.40081264052664367
1730781847.1104004;/app/bags/user95_2017-02-24.bag;0.834065854549408;0.0;0.9619645476341248;0.0;0.667477245503997;0.5991873594733563;0.40081264052664367
1730781847.3103952;/app/bags/user95_2017-02-24.bag;0.834065854549408;0.0;0.9619645476341248;0.0;0.667477245503997;0.5991873594733563;0.40081264052664367
1730781847.5103598;/app/bags/user95_2017-02-24.bag;0.834065854549408;0.0;0.9619645476341248;0.0;0.667477245503997;0.5991873594733563;0.40081264052664367
1730781847.7103932;/app/bags/user95_2017-02-24.bag;0.834065854549408;0.0;0.9619645476341248;0.0;0.667477245503997;0.5991873594733563;0.40081264052664367
1730781847.9103858;/app/bags/user95_2017-02-24.bag;0.834065854549408;0.0;0.9619645476341248;0.0;0.667477245503997;0.5991873594733563;0.40081264052664367
1730781848.110467;/app/bags/user95_2017-02-24.bag;0.834065854549408;0.0;0.9619645476341248;0.0;0.667477245503997;0.5991873594733563;0.40081264052664367
1730781848.3104072;/app/bags/user95_2017-02-24.bag;0.834065854549408;0.0;0.9619645476341248;0.0;0.667477245503997;0.5991873594733563;0.40081264052664367
1730781848.5103934;/app/bags/user95_2017-02-24.bag;0.834065854549408;0.0;0.9619645476341248;0.0;0.667477245503997;0.5991873594733563;0.40081264052664367
1730781848.7103798;/app/bags/user95_2017-02-24.bag;0.834065854549408;0.0;0.9619645476341248;0.0;0.667477245503997;0.5991873594733563;0.40081264052664367
1730781848.910394;/app/bags/user95_2017-02-24.bag;0.834065854549408;0.0;0.9619645476341248;0.0;0.667477245503997;0.5991873594733563;0.40081264052664367
1730781849.1104312;/app/bags/user95_2017-02-24.bag;0.834065854549408;0.0;0.9619645476341248;0.0;0.667477245503997;0.5991873594733563;0.40081264052664367
1730781849.3104255;/app/bags/user95_2017-02-24.bag;0.834065854549408;0.0;0.9619645476341248;0.0;0.667477245503997;0.5991873594733563;0.40081264052664367
1730781849.510398;/app/bags/user95_2017-02-24.bag;0.834065854549408;0.0;0.9619645476341248;0.0;0.667477245503997;0.5991873594733563;0.40081264052664367
1730781849.71051;/app/bags/user95_2017-02-24.bag;0.834065854549408;0.0;0.9619645476341248;0.0;0.667477245503997;0.5991873594733563;0.40081264052664367
1730781849.9103856;/app/bags/user95_2017-02-24.bag;0.834065854549408;0.0;0.9619645476341248;0.0;0.667477245503997;0.5991873594733563;0.40081264052664367
1730781850.1104279;/app/bags/user95_2017-02-24.bag;0.834065854549408;0.0;0.9619645476341248;0.0;0.667477245503997;0.5991873594733563;0.40081264052664367
1730781850.3103786;/app/bags/user95_2017-02-24.bag;0.834065854549408;0.0;0.9619645476341248;0.0;0.667477245503997;0.5991873594733563;0.40081264052664367
1730781850.5103586;/app/bags/user95_2017-02-24.bag;0.834065854549408;0.0;0.9619645476341248;0.0;0.667477245503997;0.5991873594733563;0.40081264052664367
1730781850.7103665;/app/bags/user95_2017-02-24.bag;0.834065854549408;0.0;0.9619645476341248;0.0;0.667477245503997;0.5991873594733563;0.40081264052664367
1730781850.910399;/app/bags/user95_2017-02-24.bag;0.834065854549408;0.0;0.9619645476341248;0.0;0.667477245503997;0.5991873594733563;0.40081264052664367
1730781851.110483;/app/bags/user95_2017-02-24.bag;0.834065854549408;0.0;0.9619645476341248;0.0;0.667477245503997;0.5991873594733563;0.40081264052664367
1730781851.3104186;/app/bags/user95_2017-02-24.bag;0.834065854549408;0.0;0.9619645476341248;0.0;0.667477245503997;0.5991873594733563;0.40081264052664367
1730781851.5105002;/app/bags/user95_2017-02-24.bag;0.834065854549408;0.0;0.9619645476341248;0.0;0.667477245503997;0.5991873594733563;0.40081264052664367
1730781851.7103877;/app/bags/user95_2017-02-24.bag;0.834065854549408;0.0;0.9619645476341248;0.0;0.667477245503997;0.5991873594733563;0.40081264052664367
1730781851.9104218;/app/bags/user95_2017-02-24.bag;0.834065854549408;0.0;0.9619645476341248;0.0;0.667477245503997;0.5991873594733563;0.40081264052664367
1730781852.1103919;/app/bags/user95_2017-02-24.bag;0.834065854549408;0.0;0.9619645476341248;0.0;0.667477245503997;0.5991873594733563;0.40081264052664367
1730781852.3104093;/app/bags/user95_2017-02-24.bag;0.834065854549408;0.0;0.9619645476341248;0.0;0.667477245503997;0.5991873594733563;0.40081264052664367
1730781852.5103843;/app/bags/user95_2017-02-24.bag;0.834065854549408;0.0;0.9619645476341248;0.0;0.667477245503997;0.5991873594733563;0.40081264052664367
1730781852.7103984;/app/bags/user95_2017-02-24.bag;0.834065854549408;0.0;0.9619645476341248;0.0;0.667477245503997;0.5991873594733563;0.40081264052664367
1730781852.9104602;/app/bags/user95_2017-02-24.bag;0.834065854549408;0.0;0.9619645476341248;0.0;0.667477245503997;0.5991873594733563;0.40081264052664367
1730781853.1103845;/app/bags/user95_2017-02-24.bag;0.834065854549408;0.0;0.9619645476341248;0.0;0.667477245503997;0.5991873594733563;0.40081264052664367
1730781853.31036;/app/bags/user95_2017-02-24.bag;0.834065854549408;0.0;0.9619645476341248;0.0;0.667477245503997;0.5991873594733563;0.40081264052664367
1730781853.5104816;/app/bags/user95_2017-02-24.bag;0.834065854549408;0.0;0.9619645476341248;0.0;0.667477245503997;0.5991873594733563;0.40081264052664367
1730781853.7104323;/app/bags/user95_2017-02-24.bag;0.834065854549408;0.0;0.9619645476341248;0.0;0.667477245503997;0.5991873594733563;0.40081264052664367
1730781853.9104059;/app/bags/user95_2017-02-24.bag;0.834065854549408;0.0;0.9619645476341248;0.0;0.667477245503997;0.5991873594733563;0.40081264052664367
1730781854.1104379;/app/bags/user95_2017-02-24.bag;0.834065854549408;0.0;0.9619645476341248;0.0;0.667477245503997;0.5991873594733563;0.40081264052664367
1730781854.310403;/app/bags/user95_2017-02-24.bag;0.834065854549408;0.0;0.9619645476341248;0.0;0.667477245503997;0.5991873594733563;0.40081264052664367
1730781854.5103996;/app/bags/user95_2017-02-24.bag;0.834065854549408;0.0;0.9619645476341248;0.0;0.667477245503997;0.5991873594733563;0.40081264052664367
1730781854.710399;/app/bags/user95_2017-02-24.bag;0.834065854549408;0.0;0.9619645476341248;0.0;0.667477245503997;0.5991873594733563;0.40081264052664367
1730781854.9103997;/app/bags/user95_2017-02-24.bag;0.834065854549408;0.0;0.9619645476341248;0.0;0.667477245503997;0.5991873594733563;0.40081264052664367
1730781855.1104505;/app/bags/user95_2017-02-24.bag;0.834065854549408;0.0;0.9619645476341248;0.0;0.667477245503997;0.5991873594733563;0.40081264052664367
1730781855.3103871;/app/bags/user95_2017-02-24.bag;0.834065854549408;0.0;0.9619645476341248;0.0;0.667477245503997;0.5991873594733563;0.40081264052664367
1730781855.5103924;/app/bags/user95_2017-02-24.bag;0.834065854549408;0.0;0.9619645476341248;0.0;0.667477245503997;0.5991873594733563;0.40081264052664367
1730781855.7103937;/app/bags/user95_2017-02-24.bag;0.834065854549408;0.0;0.9619645476341248;0.0;0.667477245503997;0.5991873594733563;0.40081264052664367
1730781855.9103615;/app/bags/user95_2017-02-24.bag;0.834065854549408;0.0;0.9619645476341248;0.0;0.667477245503997;0.5991873594733563;0.40081264052664367
1730781856.1104064;/app/bags/user95_2017-02-24.bag;0.834065854549408;0.0;0.9619645476341248;0.0;0.667477245503997;0.5991873594733563;0.40081264052664367
1730781856.3103745;/app/bags/user95_2017-02-24.bag;0.834065854549408;0.0;0.9619645476341248;0.0;0.667477245503997;0.5991873594733563;0.40081264052664367
1730781856.5104296;/app/bags/user95_2017-02-24.bag;0.834065854549408;0.0;0.9619645476341248;0.0;0.667477245503997;0.5991873594733563;0.40081264052664367
1730781856.7104092;/app/bags/user95_2017-02-24.bag;0.834065854549408;0.0;0.9619645476341248;0.0;0.667477245503997;0.5991873594733563;0.40081264052664367
1730781856.910373;/app/bags/user95_2017-02-24.bag;0.834065854549408;0.0;0.9619645476341248;0.0;0.667477245503997;0.5991873594733563;0.40081264052664367
1730781857.110456;/app/bags/user95_2017-02-24.bag;0.834065854549408;0.0;0.9619645476341248;0.0;0.667477245503997;0.5991873594733563;0.40081264052664367
1730781857.3103583;/app/bags/user95_2017-02-24.bag;0.834065854549408;0.0;0.9619645476341248;0.0;0.667477245503997;0.5991873594733563;0.40081264052664367
1730781857.5103736;/app/bags/user95_2017-02-24.bag;0.834065854549408;0.0;0.9619645476341248;0.0;0.667477245503997;0.5991873594733563;0.40081264052664367
1730781857.710383;/app/bags/user95_2017-02-24.bag;0.834065854549408;0.0;0.9619645476341248;0.0;0.667477245503997;0.5991873594733563;0.40081264052664367
1730781857.9103758;/app/bags/user95_2017-02-24.bag;0.834065854549408;0.0;0.9619645476341248;0.0;0.667477245503997;0.5991873594733563;0.40081264052664367
1730781858.1104038;/app/bags/user95_2017-02-24.bag;0.834065854549408;0.0;0.9619645476341248;0.0;0.667477245503997;0.5991873594733563;0.40081264052664367
1730781858.3104043;/app/bags/user95_2017-02-24.bag;0.834065854549408;0.0;0.9619645476341248;0.0;0.667477245503997;0.5991873594733563;0.40081264052664367
1730781858.5103545;/app/bags/user95_2017-02-24.bag;0.834065854549408;0.0;0.9619645476341248;0.0;0.667477245503997;0.5991873594733563;0.40081264052664367
1730781858.710385;/app/bags/user95_2017-02-24.bag;0.834065854549408;0.0;0.9619645476341248;0.0;0.667477245503997;0.5991873594733563;0.40081264052664367
1730781858.910392;/app/bags/user95_2017-02-24.bag;0.834065854549408;0.0;0.9619645476341248;0.0;0.667477245503997;0.5991873594733563;0.40081264052664367
1730781859.1103792;/app/bags/user95_2017-02-24.bag;0.834065854549408;0.0;0.9619645476341248;0.0;0.667477245503997;0.5991873594733563;0.40081264052664367
1730781859.31043;/app/bags/user95_2017-02-24.bag;0.834065854549408;0.0;0.9619645476341248;0.0;0.667477245503997;0.5991873594733563;0.40081264052664367
1730781859.5103915;/app/bags/user95_2017-02-24.bag;0.834065854549408;0.0;0.9619645476341248;0.0;0.667477245503997;0.5991873594733563;0.40081264052664367
1730781859.7104084;/app/bags/user95_2017-02-24.bag;0.834065854549408;0.0;0.9619645476341248;0.0;0.667477245503997;0.5991873594733563;0.40081264052664367
1730781859.9104774;/app/bags/user95_2017-02-24.bag;0.834065854549408;0.0;0.9619645476341248;0.0;0.667477245503997;0.5991873594733563;0.40081264052664367
1730781860.110369;/app/bags/user95_2017-02-24.bag;0.834065854549408;0.0;0.9619645476341248;0.0;0.667477245503997;0.5991873594733563;0.40081264052664367
1730781860.310443;/app/bags/user95_2017-02-24.bag;0.834065854549408;0.0;0.9619645476341248;0.0;0.667477245503997;0.5991873594733563;0.40081264052664367
1730781860.5103438;/app/bags/user95_2017-02-24.bag;0.834065854549408;0.0;0.9619645476341248;0.0;0.667477245503997;0.5991873594733563;0.40081264052664367
1730781860.7104695;/app/bags/user95_2017-02-24.bag;0.834065854549408;0.0;0.9619645476341248;0.0;0.667477245503997;0.5991873594733563;0.40081264052664367
1730781860.9104168;/app/bags/user95_2017-02-24.bag;0.834065854549408;0.0;0.9619645476341248;0.0;0.667477245503997;0.5991873594733563;0.40081264052664367
1730781861.1103754;/app/bags/user95_2017-02-24.bag;0.834065854549408;0.0;0.9619645476341248;0.0;0.667477245503997;0.5991873594733563;0.40081264052664367
1730781861.3104126;/app/bags/user95_2017-02-24.bag;0.834065854549408;0.0;0.9619645476341248;0.0;0.667477245503997;0.5991873594733563;0.40081264052664367
1730781861.5103967;/app/bags/user95_2017-02-24.bag;0.834065854549408;0.0;0.9619645476341248;0.0;0.667477245503997;0.5991873594733563;0.40081264052664367
1730781861.7103522;/app/bags/user95_2017-02-24.bag;0.834065854549408;0.0;0.9619645476341248;0.0;0.667477245503997;0.5991873594733563;0.40081264052664367
1730781861.910399;/app/bags/user95_2017-02-24.bag;0.834065854549408;0.0;0.9619645476341248;0.0;0.667477245503997;0.5991873594733563;0.40081264052664367
1730781862.110449;/app/bags/user95_2017-02-24.bag;0.834065854549408;0.0;0.9619645476341248;0.0;0.667477245503997;0.5991873594733563;0.40081264052664367
1730781862.3103878;/app/bags/user95_2017-02-24.bag;0.834065854549408;0.0;0.9619645476341248;0.0;0.667477245503997;0.5991873594733563;0.40081264052664367
1730781862.5104258;/app/bags/user95_2017-02-24.bag;0.834065854549408;0.0;0.9619645476341248;0.0;0.667477245503997;0.5991873594733563;0.40081264052664367
1730781862.7103934;/app/bags/user95_2017-02-24.bag;0.834065854549408;0.0;0.9619645476341248;0.0;0.667477245503997;0.5991873594733563;0.40081264052664367
1730781862.9103904;/app/bags/user95_2017-02-24.bag;0.834065854549408;0.0;0.9619645476341248;0.0;0.667477245503997;0.5991873594733563;0.40081264052664367
1730781863.1104035;/app/bags/user95_2017-02-24.bag;0.834065854549408;0.0;0.9619645476341248;0.0;0.667477245503997;0.5991873594733563;0.40081264052664367
1730781863.3103921;/app/bags/user95_2017-02-24.bag;0.834065854549408;0.0;0.9619645476341248;0.0;0.667477245503997;0.5991873594733563;0.40081264052664367
1730781863.5103984;/app/bags/user95_2017-02-24.bag;0.834065854549408;0.0;0.9619645476341248;0.0;0.667477245503997;0.5991873594733563;0.40081264052664367
1730781863.7104027;/app/bags/user95_2017-02-24.bag;0.834065854549408;0.0;0.9619645476341248;0.0;0.667477245503997;0.5991873594733563;0.40081264052664367
1730781863.9103913;/app/bags/user95_2017-02-24.bag;0.834065854549408;0.0;0.9619645476341248;0.0;0.667477245503997;0.5991873594733563;0.40081264052664367
1730781864.1104076;/app/bags/user95_2017-02-24.bag;0.834065854549408;0.0;0.9619645476341248;0.0;0.667477245503997;0.5991873594733563;0.40081264052664367
1730781864.3104653;/app/bags/user95_2017-02-24.bag;0.834065854549408;0.0;0.9619645476341248;0.0;0.667477245503997;0.5991873594733563;0.40081264052664367
1730781864.5103707;/app/bags/user95_2017-02-24.bag;0.834065854549408;0.0;0.9619645476341248;0.0;0.667477245503997;0.5991873594733563;0.40081264052664367
1730781864.7105;/app/bags/user95_2017-02-24.bag;0.834065854549408;0.0;0.9619645476341248;0.0;0.667477245503997;0.5991873594733563;0.40081264052664367
1730781864.9103994;/app/bags/user95_2017-02-24.bag;0.834065854549408;0.0;0.9619645476341248;0.0;0.667477245503997;0.5991873594733563;0.40081264052664367
1730781865.110355;/app/bags/user95_2017-02-24.bag;0.834065854549408;0.0;0.9619645476341248;0.0;0.667477245503997;0.5991873594733563;0.40081264052664367
1730781865.3103786;/app/bags/user95_2017-02-24.bag;0.834065854549408;0.0;0.9619645476341248;0.0;0.667477245503997;0.5991873594733563;0.40081264052664367
1730781865.5103698;/app/bags/user95_2017-02-24.bag;0.834065854549408;0.0;0.9619645476341248;0.0;0.667477245503997;0.5991873594733563;0.40081264052664367
1730781865.7104018;/app/bags/user95_2017-02-24.bag;0.834065854549408;0.0;0.9619645476341248;0.0;0.667477245503997;0.5991873594733563;0.40081264052664367
1730781865.910381;/app/bags/user95_2017-02-24.bag;0.834065854549408;0.0;0.9619645476341248;0.0;0.667477245503997;0.5991873594733563;0.40081264052664367
1730781866.1104193;/app/bags/user95_2017-02-24.bag;0.834065854549408;0.0;0.9619645476341248;0.0;0.667477245503997;0.5991873594733563;0.40081264052664367
1730781866.3103852;/app/bags/user95_2017-02-24.bag;0.834065854549408;0.0;0.9619645476341248;0.0;0.667477245503997;0.5991873594733563;0.40081264052664367
1730781866.5104084;/app/bags/user95_2017-02-24.bag;0.834065854549408;0.0;0.9619645476341248;0.0;0.667477245503997;0.5991873594733563;0.40081264052664367
1730781866.7103808;/app/bags/user95_2017-02-24.bag;0.834065854549408;0.0;0.9619645476341248;0.0;0.667477245503997;0.5991873594733563;0.40081264052664367
1730781866.9104342;/app/bags/user95_2017-02-24.bag;0.834065854549408;0.0;0.9619645476341248;0.0;0.667477245503997;0.5991873594733563;0.40081264052664367
1730781867.1103969;/app/bags/user95_2017-02-24.bag;0.834065854549408;0.0;0.9619645476341248;0.0;0.667477245503997;0.5991873594733563;0.40081264052664367
1730781867.3103728;/app/bags/user95_2017-02-24.bag;0.834065854549408;0.0;0.9619645476341248;0.0;0.667477245503997;0.5991873594733563;0.40081264052664367
1730781867.5103984;/app/bags/user95_2017-02-24.bag;0.834065854549408;0.0;0.9619645476341248;0.0;0.667477245503997;0.5991873594733563;0.40081264052664367
1730781867.7104697;/app/bags/user95_2017-02-24.bag;0.834065854549408;0.0;0.9619645476341248;0.0;0.667477245503997;0.5991873594733563;0.40081264052664367
1730781867.9103813;/app/bags/user95_2017-02-24.bag;0.834065854549408;0.0;0.9619645476341248;0.0;0.667477245503997;0.5991873594733563;0.40081264052664367
1730781868.1103642;/app/bags/user95_2017-02-24.bag;0.834065854549408;0.0;0.9619645476341248;0.0;0.667477245503997;0.5991873594733563;0.40081264052664367
1730781868.3103483;/app/bags/user95_2017-02-24.bag;0.834065854549408;0.0;0.9619645476341248;0.0;0.667477245503997;0.5991873594733563;0.40081264052664367
1730781868.510422;/app/bags/user95_2017-02-24.bag;0.834065854549408;0.0;0.9619645476341248;0.0;0.667477245503997;0.5991873594733563;0.40081264052664367
1730781868.7103896;/app/bags/user95_2017-02-24.bag;0.834065854549408;0.0;0.9619645476341248;0.0;0.667477245503997;0.5991873594733563;0.40081264052664367
1730781868.9103882;/app/bags/user95_2017-02-24.bag;0.834065854549408;0.0;0.9619645476341248;0.0;0.667477245503997;0.5991873594733563;0.40081264052664367
1730781869.1103854;/app/bags/user95_2017-02-24.bag;0.834065854549408;0.0;0.9619645476341248;0.0;0.667477245503997;0.5991873594733563;0.40081264052664367
1730781869.3103619;/app/bags/user95_2017-02-24.bag;0.834065854549408;0.0;0.9619645476341248;0.0;0.667477245503997;0.5991873594733563;0.40081264052664367
1730781869.5103846;/app/bags/user95_2017-02-24.bag;0.834065854549408;0.0;0.9619645476341248;0.0;0.667477245503997;0.5991873594733563;0.40081264052664367
1730781869.7103996;/app/bags/user95_2017-02-24.bag;0.834065854549408;0.0;0.9619645476341248;0.0;0.667477245503997;0.5991873594733563;0.40081264052664367
1730781869.910368;/app/bags/user95_2017-02-24.bag;0.834065854549408;0.0;0.9619645476341248;0.0;0.667477245503997;0.5991873594733563;0.40081264052664367
1730781870.1104593;/app/bags/user95_2017-02-24.bag;0.834065854549408;0.0;0.9619645476341248;0.0;0.667477245503997;0.5991873594733563;0.40081264052664367
1730781870.3104432;/app/bags/user95_2017-02-24.bag;0.834065854549408;0.0;0.9619645476341248;0.0;0.667477245503997;0.5991873594733563;0.40081264052664367
1730781870.5103896;/app/bags/user95_2017-02-24.bag;0.834065854549408;0.0;0.9619645476341248;0.0;0.667477245503997;0.5991873594733563;0.40081264052664367
1730781870.7103508;/app/bags/user95_2017-02-24.bag;0.834065854549408;0.0;0.9619645476341248;0.0;0.667477245503997;0.5991873594733563;0.40081264052664367
1730781870.9104233;/app/bags/user95_2017-02-24.bag;0.834065854549408;0.0;0.9619645476341248;0.0;0.667477245503997;0.5991873594733563;0.40081264052664367
1730781871.1104302;/app/bags/user95_2017-02-24.bag;0.834065854549408;0.0;0.9619645476341248;0.0;0.667477245503997;0.5991873594733563;0.40081264052664367
1730781871.310378;/app/bags/user95_2017-02-24.bag;0.834065854549408;0.0;0.9619645476341248;0.0;0.667477245503997;0.5991873594733563;0.40081264052664367
1730781871.5103858;/app/bags/user95_2017-02-24.bag;0.834065854549408;0.0;0.9619645476341248;0.0;0.667477245503997;0.5991873594733563;0.40081264052664367
1730781871.7103953;/app/bags/user95_2017-02-24.bag;0.834065854549408;0.0;0.9619645476341248;0.0;0.667477245503997;0.5991873594733563;0.40081264052664367
1730781871.910366;/app/bags/user95_2017-02-24.bag;0.834065854549408;0.0;0.9619645476341248;0.0;0.667477245503997;0.5991873594733563;0.40081264052664367
1730781872.1104121;/app/bags/user95_2017-02-24.bag;0.834065854549408;0.0;0.9619645476341248;0.0;0.667477245503997;0.5991873594733563;0.40081264052664367
1730781872.3103728;/app/bags/user95_2017-02-24.bag;0.834065854549408;0.0;0.9619645476341248;0.0;0.667477245503997;0.5991873594733563;0.40081264052664367
1730781872.5104103;/app/bags/user95_2017-02-24.bag;0.834065854549408;0.0;0.9619645476341248;0.0;0.667477245503997;0.5991873594733563;0.40081264052664367
1730781872.710378;/app/bags/user95_2017-02-24.bag;0.834065854549408;0.0;0.9619645476341248;0.0;0.667477245503997;0.5991873594733563;0.40081264052664367
1730781872.91038;/app/bags/user95_2017-02-24.bag;0.834065854549408;0.0;0.9619645476341248;0.0;0.667477245503997;0.5991873594733563;0.40081264052664367
1730781873.1103733;/app/bags/user95_2017-02-24.bag;0.834065854549408;0.0;0.9619645476341248;0.0;0.667477245503997;0.5991873594733563;0.40081264052664367
1730781873.3102653;/app/bags/user95_2017-02-24.bag;0.834065854549408;0.0;0.9619645476341248;0.0;0.667477245503997;0.5991873594733563;0.40081264052664367
1730781873.5103822;/app/bags/user95_2017-02-24.bag;0.834065854549408;0.0;0.9619645476341248;0.0;0.667477245503997;0.5991873594733563;0.40081264052664367
1730781873.7103598;/app/bags/user95_2017-02-24.bag;0.834065854549408;0.0;0.9619645476341248;0.0;0.667477245503997;0.5991873594733563;0.40081264052664367
1730781873.9103768;/app/bags/user95_2017-02-24.bag;0.834065854549408;0.0;0.9619645476341248;0.0;0.667477245503997;0.5991873594733563;0.40081264052664367
1730781874.11041;/app/bags/user95_2017-02-24.bag;0.834065854549408;0.0;0.9619645476341248;0.0;0.667477245503997;0.5991873594733563;0.40081264052664367
1730781874.3104062;/app/bags/user95_2017-02-24.bag;0.834065854549408;0.0;0.9619645476341248;0.0;0.667477245503997;0.5991873594733563;0.40081264052664367
1730781874.5104516;/app/bags/user95_2017-02-24.bag;0.834065854549408;0.0;0.9619645476341248;0.0;0.667477245503997;0.5991873594733563;0.40081264052664367
1730781874.7103846;/app/bags/user95_2017-02-24.bag;0.834065854549408;0.0;0.9619645476341248;0.0;0.667477245503997;0.5991873594733563;0.40081264052664367
1730781874.9104142;/app/bags/user95_2017-02-24.bag;0.834065854549408;0.0;0.9619645476341248;0.0;0.667477245503997;0.5991873594733563;0.40081264052664367
1730781875.110368;/app/bags/user95_2017-02-24.bag;0.834065854549408;0.0;0.9619645476341248;0.0;0.667477245503997;0.5991873594733563;0.40081264052664367
1730781875.310428;/app/bags/user95_2017-02-24.bag;0.834065854549408;0.0;0.9619645476341248;0.0;0.667477245503997;0.5991873594733563;0.40081264052664367
1730781875.5104587;/app/bags/user95_2017-02-24.bag;0.834065854549408;0.0;0.9619645476341248;0.0;0.667477245503997;0.5991873594733563;0.40081264052664367
1730781875.7103822;/app/bags/user95_2017-02-24.bag;0.834065854549408;0.0;0.9619645476341248;0.0;0.667477245503997;0.5991873594733563;0.40081264052664367
1730781875.9103673;/app/bags/user95_2017-02-24.bag;0.834065854549408;0.0;0.9619645476341248;0.0;0.667477245503997;0.5991873594733563;0.40081264052664367
1730781876.1103714;/app/bags/user95_2017-02-24.bag;0.834065854549408;0.0;0.9619645476341248;0.0;0.667477245503997;0.5991873594733563;0.40081264052664367
1730781876.3104892;/app/bags/user95_2017-02-24.bag;0.834065854549408;0.0;0.9619645476341248;0.0;0.667477245503997;0.5991873594733563;0.40081264052664367
1730781876.5103805;/app/bags/user95_2017-02-24.bag;0.834065854549408;0.0;0.9619645476341248;0.0;0.667477245503997;0.5991873594733563;0.40081264052664367
1730781876.7103715;/app/bags/user95_2017-02-24.bag;0.834065854549408;0.0;0.9619645476341248;0.0;0.667477245503997;0.5991873594733563;0.40081264052664367
1730781876.910351;/app/bags/user95_2017-02-24.bag;0.834065854549408;0.0;0.9619645476341248;0.0;0.667477245503997;0.5991873594733563;0.40081264052664367
1730781877.1103344;/app/bags/user95_2017-02-24.bag;0.834065854549408;0.0;0.9619645476341248;0.0;0.667477245503997;0.5991873594733563;0.40081264052664367
1730781877.3103874;/app/bags/user95_2017-02-24.bag;0.834065854549408;0.0;0.9619645476341248;0.0;0.667477245503997;0.5991873594733563;0.40081264052664367
1730781877.5103796;/app/bags/user95_2017-02-24.bag;0.834065854549408;0.0;0.9619645476341248;0.0;0.667477245503997;0.5991873594733563;0.40081264052664367
1730781877.7103791;/app/bags/user95_2017-02-24.bag;0.834065854549408;0.0;0.9619645476341248;0.0;0.667477245503997;0.5991873594733563;0.40081264052664367
1730781877.9104044;/app/bags/user95_2017-02-24.bag;0.834065854549408;0.0;0.9619645476341248;0.0;0.667477245503997;0.5991873594733563;0.40081264052664367
1730781878.1104517;/app/bags/user95_2017-02-24.bag;0.834065854549408;0.0;0.9619645476341248;0.0;0.667477245503997;0.5991873594733563;0.40081264052664367
1730781878.3104477;/app/bags/user95_2017-02-24.bag;0.834065854549408;0.0;0.9619645476341248;0.0;0.667477245503997;0.5991873594733563;0.40081264052664367
1730781878.5104623;/app/bags/user95_2017-02-24.bag;0.834065854549408;0.0;0.9619645476341248;0.0;0.667477245503997;0.5991873594733563;0.40081264052664367
1730781878.710415;/app/bags/user95_2017-02-24.bag;0.834065854549408;0.0;0.9619645476341248;0.0;0.667477245503997;0.5991873594733563;0.40081264052664367
1730781878.9103773;/app/bags/user95_2017-02-24.bag;0.834065854549408;0.0;0.9619645476341248;0.0;0.667477245503997;0.5991873594733563;0.40081264052664367
1730781879.110403;/app/bags/user95_2017-02-24.bag;0.834065854549408;0.0;0.9619645476341248;0.0;0.667477245503997;0.5991873594733563;0.40081264052664367
1730781879.3103545;/app/bags/user95_2017-02-24.bag;0.834065854549408;0.0;0.9619645476341248;0.0;0.667477245503997;0.5991873594733563;0.40081264052664367
1730781879.510428;/app/bags/user95_2017-02-24.bag;0.834065854549408;0.0;0.9619645476341248;0.0;0.667477245503997;0.5991873594733563;0.40081264052664367
1730781879.710387;/app/bags/user95_2017-02-24.bag;0.834065854549408;0.0;0.9619645476341248;0.0;0.667477245503997;0.5991873594733563;0.40081264052664367
1730781879.9103887;/app/bags/user95_2017-02-24.bag;0.834065854549408;0.0;0.9619645476341248;0.0;0.667477245503997;0.5991873594733563;0.40081264052664367
1730781880.1103554;/app/bags/user95_2017-02-24.bag;0.834065854549408;0.0;0.9619645476341248;0.0;0.667477245503997;0.5991873594733563;0.40081264052664367
1730781880.310382;/app/bags/user95_2017-02-24.bag;0.834065854549408;0.0;0.9619645476341248;0.0;0.667477245503997;0.5991873594733563;0.40081264052664367
1730781880.5103595;/app/bags/user95_2017-02-24.bag;0.834065854549408;0.0;0.9619645476341248;0.0;0.667477245503997;0.5991873594733563;0.40081264052664367
1730781880.7104235;/app/bags/user95_2017-02-24.bag;0.834065854549408;0.0;0.9619645476341248;0.0;0.667477245503997;0.5991873594733563;0.40081264052664367
1730781880.9103768;/app/bags/user95_2017-02-24.bag;0.834065854549408;0.0;0.9619645476341248;0.0;0.667477245503997;0.5991873594733563;0.40081264052664367
1730781881.1103973;/app/bags/user95_2017-02-24.bag;0.834065854549408;0.0;0.9619645476341248;0.0;0.667477245503997;0.5991873594733563;0.40081264052664367
1730781881.3104823;/app/bags/user95_2017-02-24.bag;0.834065854549408;0.0;0.9619645476341248;0.0;0.667477245503997;0.5991873594733563;0.40081264052664367
1730781881.5104194;/app/bags/user95_2017-02-24.bag;0.834065854549408;0.0;0.9619645476341248;0.0;0.667477245503997;0.5991873594733563;0.40081264052664367
1730781881.7103794;/app/bags/user95_2017-02-24.bag;0.834065854549408;0.0;0.9619645476341248;0.0;0.667477245503997;0.5991873594733563;0.40081264052664367
1730781881.9104133;/app/bags/user95_2017-02-24.bag;0.834065854549408;0.0;0.9619645476341248;0.0;0.667477245503997;0.5991873594733563;0.40081264052664367
1730781882.1104531;/app/bags/user95_2017-02-24.bag;0.834065854549408;0.0;0.9619645476341248;0.0;0.667477245503997;0.5991873594733563;0.40081264052664367
1730781882.3104177;/app/bags/user95_2017-02-24.bag;0.834065854549408;0.0;0.9619645476341248;0.0;0.667477245503997;0.5991873594733563;0.40081264052664367
1730781882.5103805;/app/bags/user95_2017-02-24.bag;0.834065854549408;0.0;0.9619645476341248;0.0;0.667477245503997;0.5991873594733563;0.40081264052664367
1730781882.710385;/app/bags/user95_2017-02-24.bag;0.834065854549408;0.0;0.9619645476341248;0.0;0.667477245503997;0.5991873594733563;0.40081264052664367
1730781882.9104228;/app/bags/user95_2017-02-24.bag;0.834065854549408;0.0;0.9619645476341248;0.0;0.667477245503997;0.5991873594733563;0.40081264052664367
1730781883.1103828;/app/bags/user95_2017-02-24.bag;0.834065854549408;0.0;0.9619645476341248;0.0;0.667477245503997;0.5991873594733563;0.40081264052664367
1730781883.3103876;/app/bags/user95_2017-02-24.bag;0.834065854549408;0.0;0.9619645476341248;0.0;0.667477245503997;0.5991873594733563;0.40081264052664367
1730781883.5103912;/app/bags/user95_2017-02-24.bag;0.834065854549408;0.0;0.9619645476341248;0.0;0.667477245503997;0.5991873594733563;0.40081264052664367
1730781883.7103627;/app/bags/user95_2017-02-24.bag;0.834065854549408;0.0;0.9619645476341248;0.0;0.667477245503997;0.5991873594733563;0.40081264052664367
1730781883.9103682;/app/bags/user95_2017-02-24.bag;0.834065854549408;0.0;0.9619645476341248;0.0;0.667477245503997;0.5991873594733563;0.40081264052664367
1730781884.110409;/app/bags/user95_2017-02-24.bag;0.834065854549408;0.0;0.9619645476341248;0.0;0.667477245503997;0.5991873594733563;0.40081264052664367
1730781884.310532;/app/bags/user95_2017-02-24.bag;0.834065854549408;0.0;0.9619645476341248;0.0;0.667477245503997;0.5991873594733563;0.40081264052664367
1730781884.5103602;/app/bags/user95_2017-02-24.bag;0.834065854549408;0.0;0.9619645476341248;0.0;0.667477245503997;0.5991873594733563;0.40081264052664367
1730781884.71036;/app/bags/user95_2017-02-24.bag;0.834065854549408;0.0;0.9619645476341248;0.0;0.667477245503997;0.5991873594733563;0.40081264052664367
1730781884.9104736;/app/bags/user95_2017-02-24.bag;0.834065854549408;0.0;0.9619645476341248;0.0;0.667477245503997;0.5991873594733563;0.40081264052664367
1730781885.110391;/app/bags/user95_2017-02-24.bag;0.834065854549408;0.0;0.9619645476341248;0.0;0.667477245503997;0.5991873594733563;0.40081264052664367
1730781885.3104246;/app/bags/user95_2017-02-24.bag;0.834065854549408;0.0;0.9619645476341248;0.0;0.667477245503997;0.5991873594733563;0.40081264052664367
1730781885.5103774;/app/bags/user95_2017-02-24.bag;0.834065854549408;0.0;0.9619645476341248;0.0;0.667477245503997;0.5991873594733563;0.40081264052664367
1730781885.7104168;/app/bags/user95_2017-02-24.bag;0.834065854549408;0.0;0.9619645476341248;0.0;0.667477245503997;0.5991873594733563;0.40081264052664367
1730781885.910415;/app/bags/user95_2017-02-24.bag;0.834065854549408;0.0;0.9619645476341248;0.0;0.667477245503997;0.5991873594733563;0.40081264052664367
1730781886.1103835;/app/bags/user95_2017-02-24.bag;0.834065854549408;0.0;0.9619645476341248;0.0;0.667477245503997;0.5991873594733563;0.40081264052664367
1730781886.3104346;/app/bags/user95_2017-02-24.bag;0.834065854549408;0.0;0.9619645476341248;0.0;0.667477245503997;0.5991873594733563;0.40081264052664367
1730781886.5103946;/app/bags/user95_2017-02-24.bag;0.834065854549408;0.0;0.9619645476341248;0.0;0.667477245503997;0.5991873594733563;0.40081264052664367
1730781886.7103734;/app/bags/user95_2017-02-24.bag;0.834065854549408;0.0;0.9619645476341248;0.0;0.667477245503997;0.5991873594733563;0.40081264052664367
1730781886.9104216;/app/bags/user95_2017-02-24.bag;0.834065854549408;0.0;0.9619645476341248;0.0;0.667477245503997;0.5991873594733563;0.40081264052664367
1730781887.1104085;/app/bags/user95_2017-02-24.bag;0.834065854549408;0.0;0.9619645476341248;0.0;0.667477245503997;0.5991873594733563;0.40081264052664367
1730781887.3103552;/app/bags/user95_2017-02-24.bag;0.834065854549408;0.0;0.9619645476341248;0.0;0.667477245503997;0.5991873594733563;0.40081264052664367
1730781887.5103862;/app/bags/user95_2017-02-24.bag;0.834065854549408;0.0;0.9619645476341248;0.0;0.667477245503997;0.5991873594733563;0.40081264052664367
1730781887.7104754;/app/bags/user95_2017-02-24.bag;0.834065854549408;0.0;0.9619645476341248;0.0;0.667477245503997;0.5991873594733563;0.40081264052664367
1730781887.9104495;/app/bags/user95_2017-02-24.bag;0.834065854549408;0.0;0.9619645476341248;0.0;0.667477245503997;0.5991873594733563;0.40081264052664367
1730781888.1104314;/app/bags/user95_2017-02-24.bag;0.834065854549408;0.0;0.9619645476341248;0.0;0.667477245503997;0.5991873594733563;0.40081264052664367
1730781888.3103702;/app/bags/user95_2017-02-24.bag;0.834065854549408;0.0;0.9619645476341248;0.0;0.667477245503997;0.5991873594733563;0.40081264052664367
1730781888.5104034;/app/bags/user95_2017-02-24.bag;0.834065854549408;0.0;0.9619645476341248;0.0;0.667477245503997;0.5991873594733563;0.40081264052664367
1730781888.7104337;/app/bags/user95_2017-02-24.bag;0.834065854549408;0.0;0.9619645476341248;0.0;0.667477245503997;0.5991873594733563;0.40081264052664367
1730781888.9104185;/app/bags/user95_2017-02-24.bag;0.834065854549408;0.0;0.9619645476341248;0.0;0.667477245503997;0.5991873594733563;0.40081264052664367
1730781889.1103764;/app/bags/user95_2017-02-24.bag;0.834065854549408;0.0;0.9619645476341248;0.0;0.667477245503997;0.5991873594733563;0.40081264052664367
1730781889.3103738;/app/bags/user95_2017-02-24.bag;0.834065854549408;0.0;0.9619645476341248;0.0;0.667477245503997;0.5991873594733563;0.40081264052664367
1730781889.51042;/app/bags/user95_2017-02-24.bag;0.834065854549408;0.0;0.9619645476341248;0.0;0.667477245503997;0.5991873594733563;0.40081264052664367
1730781889.7103982;/app/bags/user95_2017-02-24.bag;0.834065854549408;0.0;0.9619645476341248;0.0;0.667477245503997;0.5991873594733563;0.40081264052664367
1730781889.9103982;/app/bags/user95_2017-02-24.bag;0.834065854549408;0.0;0.9619645476341248;0.0;0.667477245503997;0.5991873594733563;0.40081264052664367
1730781890.1103795;/app/bags/user95_2017-02-24.bag;0.834065854549408;0.0;0.9619645476341248;0.0;0.667477245503997;0.5991873594733563;0.40081264052664367
1730781890.3104126;/app/bags/user95_2017-02-24.bag;0.834065854549408;0.0;0.9619645476341248;0.0;0.667477245503997;0.5991873594733563;0.40081264052664367
1730781890.5103905;/app/bags/user95_2017-02-24.bag;0.834065854549408;0.0;0.9619645476341248;0.0;0.667477245503997;0.5991873594733563;0.40081264052664367
1730781890.7103794;/app/bags/user95_2017-02-24.bag;0.834065854549408;0.0;0.9619645476341248;0.0;0.667477245503997;0.5991873594733563;0.40081264052664367
1730781890.9104545;/app/bags/user95_2017-02-24.bag;0.834065854549408;0.0;0.9619645476341248;0.0;0.667477245503997;0.5991873594733563;0.40081264052664367
1730781891.110389;/app/bags/user95_2017-02-24.bag;0.834065854549408;0.0;0.9619645476341248;0.0;0.667477245503997;0.5991873594733563;0.40081264052664367
1730781891.3103747;/app/bags/user95_2017-02-24.bag;0.834065854549408;0.0;0.9619645476341248;0.0;0.667477245503997;0.5991873594733563;0.40081264052664367
1730781891.5103617;/app/bags/user95_2017-02-24.bag;0.834065854549408;0.0;0.9619645476341248;0.0;0.667477245503997;0.5991873594733563;0.40081264052664367
1730781891.7105358;/app/bags/user95_2017-02-24.bag;0.834065854549408;0.0;0.9619645476341248;0.0;0.667477245503997;0.5991873594733563;0.40081264052664367
1730781891.9103723;/app/bags/user95_2017-02-24.bag;0.834065854549408;0.0;0.9619645476341248;0.0;0.667477245503997;0.5991873594733563;0.40081264052664367
1730781892.1104481;/app/bags/user95_2017-02-24.bag;0.834065854549408;0.0;0.9619645476341248;0.0;0.667477245503997;0.5991873594733563;0.40081264052664367
1730781892.3105567;/app/bags/user95_2017-02-24.bag;0.834065854549408;0.0;0.9619645476341248;0.0;0.667477245503997;0.5991873594733563;0.40081264052664367
1730781892.510405;/app/bags/user95_2017-02-24.bag;0.834065854549408;0.0;0.9619645476341248;0.0;0.667477245503997;0.5991873594733563;0.40081264052664367
1730781892.710386;/app/bags/user95_2017-02-24.bag;0.834065854549408;0.0;0.9619645476341248;0.0;0.667477245503997;0.5991873594733563;0.40081264052664367
1730781892.910368;/app/bags/user95_2017-02-24.bag;0.834065854549408;0.0;0.9619645476341248;0.0;0.667477245503997;0.5991873594733563;0.40081264052664367
1730781893.1104205;/app/bags/user95_2017-02-24.bag;0.834065854549408;0.0;0.9619645476341248;0.0;0.667477245503997;0.5991873594733563;0.40081264052664367
1730781893.3103878;/app/bags/user95_2017-02-24.bag;0.834065854549408;0.0;0.9619645476341248;0.0;0.667477245503997;0.5991873594733563;0.40081264052664367
1730781893.5104077;/app/bags/user95_2017-02-24.bag;0.834065854549408;0.0;0.9619645476341248;0.0;0.667477245503997;0.5991873594733563;0.40081264052664367
1730781893.7103605;/app/bags/user95_2017-02-24.bag;0.834065854549408;0.0;0.9619645476341248;0.0;0.667477245503997;0.5991873594733563;0.40081264052664367
1730781893.9104023;/app/bags/user95_2017-02-24.bag;0.834065854549408;0.0;0.9619645476341248;0.0;0.667477245503997;0.5991873594733563;0.40081264052664367
1730781894.1104167;/app/bags/user95_2017-02-24.bag;0.834065854549408;0.0;0.9619645476341248;0.0;0.667477245503997;0.5991873594733563;0.40081264052664367
1730781894.310337;/app/bags/user95_2017-02-24.bag;0.834065854549408;0.0;0.9619645476341248;0.0;0.667477245503997;0.5991873594733563;0.40081264052664367
1730781894.5103896;/app/bags/user95_2017-02-24.bag;0.834065854549408;0.0;0.9619645476341248;0.0;0.667477245503997;0.5991873594733563;0.40081264052664367
1730781894.7104177;/app/bags/user95_2017-02-24.bag;0.834065854549408;0.0;0.9619645476341248;0.0;0.667477245503997;0.5991873594733563;0.40081264052664367
1730781894.9103587;/app/bags/user95_2017-02-24.bag;0.834065854549408;0.0;0.9619645476341248;0.0;0.667477245503997;0.5991873594733563;0.40081264052664367
1730781895.1103985;/app/bags/user95_2017-02-24.bag;0.834065854549408;0.0;0.9619645476341248;0.0;0.667477245503997;0.5991873594733563;0.40081264052664367
1730781895.310407;/app/bags/user95_2017-02-24.bag;0.834065854549408;0.0;0.9619645476341248;0.0;0.667477245503997;0.5991873594733563;0.40081264052664367
1730781895.51037;/app/bags/user95_2017-02-24.bag;0.834065854549408;0.0;0.9619645476341248;0.0;0.667477245503997;0.5991873594733563;0.40081264052664367
1730781895.7103548;/app/bags/user95_2017-02-24.bag;0.834065854549408;0.0;0.9619645476341248;0.0;0.667477245503997;0.5991873594733563;0.40081264052664367
1730781895.9104364;/app/bags/user95_2017-02-24.bag;0.834065854549408;0.0;0.9619645476341248;0.0;0.667477245503997;0.5991873594733563;0.40081264052664367
1730781896.1104922;/app/bags/user95_2017-02-24.bag;0.834065854549408;0.0;0.9619645476341248;0.0;0.667477245503997;0.5991873594733563;0.40081264052664367
1730781896.3103874;/app/bags/user95_2017-02-24.bag;0.834065854549408;0.0;0.9619645476341248;0.0;0.667477245503997;0.5991873594733563;0.40081264052664367
1730781896.5104425;/app/bags/user95_2017-02-24.bag;0.834065854549408;0.0;0.9619645476341248;0.0;0.667477245503997;0.5991873594733563;0.40081264052664367
1730781896.7103736;/app/bags/user95_2017-02-24.bag;0.834065854549408;0.0;0.9619645476341248;0.0;0.667477245503997;0.5991873594733563;0.40081264052664367
1730781896.9103937;/app/bags/user95_2017-02-24.bag;0.834065854549408;0.0;0.9619645476341248;0.0;0.667477245503997;0.5991873594733563;0.40081264052664367
1730781897.110392;/app/bags/user95_2017-02-24.bag;0.834065854549408;0.0;0.9619645476341248;0.0;0.667477245503997;0.5991873594733563;0.40081264052664367
1730781897.310376;/app/bags/user95_2017-02-24.bag;0.834065854549408;0.0;0.9619645476341248;0.0;0.667477245503997;0.5991873594733563;0.40081264052664367
1730781897.5104;/app/bags/user95_2017-02-24.bag;0.834065854549408;0.0;0.9619645476341248;0.0;0.667477245503997;0.5991873594733563;0.40081264052664367
1730781897.710415;/app/bags/user95_2017-02-24.bag;0.834065854549408;0.0;0.9619645476341248;0.0;0.667477245503997;0.5991873594733563;0.40081264052664367
1730781897.9103577;/app/bags/user95_2017-02-24.bag;0.834065854549408;0.0;0.9619645476341248;0.0;0.667477245503997;0.5991873594733563;0.40081264052664367
1730781898.110364;/app/bags/user95_2017-02-24.bag;0.834065854549408;0.0;0.9619645476341248;0.0;0.667477245503997;0.5991873594733563;0.40081264052664367
1730781898.3104985;/app/bags/user95_2017-02-24.bag;0.834065854549408;0.0;0.9619645476341248;0.0;0.667477245503997;0.5991873594733563;0.40081264052664367
1730781898.5103807;/app/bags/user95_2017-02-24.bag;0.834065854549408;0.0;0.9619645476341248;0.0;0.667477245503997;0.5991873594733563;0.40081264052664367
1730781898.7105284;/app/bags/user95_2017-02-24.bag;0.834065854549408;0.0;0.9619645476341248;0.0;0.667477245503997;0.5991873594733563;0.40081264052664367
1730781898.9103758;/app/bags/user95_2017-02-24.bag;0.834065854549408;0.0;0.9619645476341248;0.0;0.667477245503997;0.5991873594733563;0.40081264052664367
1730781899.1103556;/app/bags/user95_2017-02-24.bag;0.834065854549408;0.0;0.9619645476341248;0.0;0.667477245503997;0.5991873594733563;0.40081264052664367
1730781899.310391;/app/bags/user95_2017-02-24.bag;0.834065854549408;0.0;0.9619645476341248;0.0;0.667477245503997;0.5991873594733563;0.40081264052664367
1730781899.510429;/app/bags/user95_2017-02-24.bag;0.834065854549408;0.0;0.9619645476341248;0.0;0.667477245503997;0.5991873594733563;0.40081264052664367
1730781899.710411;/app/bags/user95_2017-02-24.bag;0.834065854549408;0.0;0.9619645476341248;0.0;0.667477245503997;0.5991873594733563;0.40081264052664367
1730781899.910494;/app/bags/user95_2017-02-24.bag;0.834065854549408;0.0;0.9619645476341248;0.0;0.667477245503997;0.5991873594733563;0.40081264052664367
1730781900.110396;/app/bags/user95_2017-02-24.bag;0.834065854549408;0.0;0.9619645476341248;0.0;0.667477245503997;0.5991873594733563;0.40081264052664367
1730781900.310396;/app/bags/user95_2017-02-24.bag;0.834065854549408;0.0;0.9619645476341248;0.0;0.667477245503997;0.5991873594733563;0.40081264052664367
1730781900.5103695;/app/bags/user95_2017-02-24.bag;0.834065854549408;0.0;0.9619645476341248;0.0;0.667477245503997;0.5991873594733563;0.40081264052664367
1730781900.7104309;/app/bags/user95_2017-02-24.bag;0.834065854549408;0.0;0.9619645476341248;0.0;0.667477245503997;0.5991873594733563;0.40081264052664367
1730781900.9103801;/app/bags/user95_2017-02-24.bag;0.834065854549408;0.0;0.9619645476341248;0.0;0.667477245503997;0.5991873594733563;0.40081264052664367
1730781901.1103778;/app/bags/user95_2017-02-24.bag;0.834065854549408;0.0;0.9619645476341248;0.0;0.667477245503997;0.5991873594733563;0.40081264052664367
1730781901.3103614;/app/bags/user95_2017-02-24.bag;0.834065854549408;0.0;0.9619645476341248;0.0;0.667477245503997;0.5991873594733563;0.40081264052664367
1730781901.510412;/app/bags/user95_2017-02-24.bag;0.834065854549408;0.0;0.9619645476341248;0.0;0.667477245503997;0.5991873594733563;0.40081264052664367
1730781901.710384;/app/bags/user95_2017-02-24.bag;0.834065854549408;0.0;0.9619645476341248;0.0;0.667477245503997;0.5991873594733563;0.40081264052664367
1730781901.9103844;/app/bags/user95_2017-02-24.bag;0.834065854549408;0.0;0.9619645476341248;0.0;0.667477245503997;0.5991873594733563;0.40081264052664367
1730781902.1104243;/app/bags/user95_2017-02-24.bag;0.834065854549408;0.0;0.9619645476341248;0.0;0.667477245503997;0.5991873594733563;0.40081264052664367
1730781902.3104293;/app/bags/user95_2017-02-24.bag;0.834065854549408;0.0;0.9619645476341248;0.0;0.667477245503997;0.5991873594733563;0.40081264052664367
1730781902.5103364;/app/bags/user95_2017-02-24.bag;0.834065854549408;0.0;0.9619645476341248;0.0;0.667477245503997;0.5991873594733563;0.40081264052664367
1730781902.7104154;/app/bags/user95_2017-02-24.bag;0.834065854549408;0.0;0.9619645476341248;0.0;0.667477245503997;0.5991873594733563;0.40081264052664367
1730781902.9103737;/app/bags/user95_2017-02-24.bag;0.834065854549408;0.0;0.9619645476341248;0.0;0.667477245503997;0.5991873594733563;0.40081264052664367
1730781903.110424;/app/bags/user95_2017-02-24.bag;0.834065854549408;0.0;0.9619645476341248;0.0;0.667477245503997;0.5991873594733563;0.40081264052664367
1730781903.310356;/app/bags/user95_2017-02-24.bag;0.834065854549408;0.0;0.9619645476341248;0.0;0.667477245503997;0.5991873594733563;0.40081264052664367
1730781903.5104153;/app/bags/user95_2017-02-24.bag;0.834065854549408;0.0;0.9619645476341248;0.0;0.667477245503997;0.5991873594733563;0.40081264052664367
1730781903.7103984;/app/bags/user95_2017-02-24.bag;0.834065854549408;0.0;0.9619645476341248;0.0;0.667477245503997;0.5991873594733563;0.40081264052664367
1730781903.9103978;/app/bags/user95_2017-02-24.bag;0.834065854549408;0.0;0.9619645476341248;0.0;0.667477245503997;0.5991873594733563;0.40081264052664367
1730781904.110421;/app/bags/user95_2017-02-24.bag;0.834065854549408;0.0;0.9619645476341248;0.0;0.667477245503997;0.5991873594733563;0.40081264052664367
1730781904.310382;/app/bags/user95_2017-02-24.bag;0.834065854549408;0.0;0.9619645476341248;0.0;0.667477245503997;0.5991873594733563;0.40081264052664367
1730781904.510374;/app/bags/user95_2017-02-24.bag;0.834065854549408;0.0;0.9619645476341248;0.0;0.667477245503997;0.5991873594733563;0.40081264052664367
1730781904.7103746;/app/bags/user95_2017-02-24.bag;0.834065854549408;0.0;0.9619645476341248;0.0;0.667477245503997;0.5991873594733563;0.40081264052664367
1730781904.9104187;/app/bags/user95_2017-02-24.bag;0.834065854549408;0.0;0.9619645476341248;0.0;0.667477245503997;0.5991873594733563;0.40081264052664367
1730781905.1103961;/app/bags/user95_2017-02-24.bag;0.834065854549408;0.0;0.9619645476341248;0.0;0.667477245503997;0.5991873594733563;0.40081264052664367
1730781905.3103902;/app/bags/user95_2017-02-24.bag;0.834065854549408;0.0;0.9619645476341248;0.0;0.667477245503997;0.5991873594733563;0.40081264052664367
1730781905.5103798;/app/bags/user95_2017-02-24.bag;0.834065854549408;0.0;0.9619645476341248;0.0;0.667477245503997;0.5991873594733563;0.40081264052664367
1730781905.7103822;/app/bags/user95_2017-02-24.bag;0.834065854549408;0.0;0.9619645476341248;0.0;0.667477245503997;0.5991873594733563;0.40081264052664367
1730781905.9104164;/app/bags/user95_2017-02-24.bag;0.834065854549408;0.0;0.9619645476341248;0.0;0.667477245503997;0.5991873594733563;0.40081264052664367
1730781906.110366;/app/bags/user95_2017-02-24.bag;0.834065854549408;0.0;0.9619645476341248;0.0;0.667477245503997;0.5991873594733563;0.40081264052664367
1730781906.3105435;/app/bags/user95_2017-02-24.bag;0.834065854549408;0.0;0.9619645476341248;0.0;0.667477245503997;0.5991873594733563;0.40081264052664367
1730781906.5103831;/app/bags/user95_2017-02-24.bag;0.834065854549408;0.0;0.9619645476341248;0.0;0.667477245503997;0.5991873594733563;0.40081264052664367
1730781906.7104583;/app/bags/user95_2017-02-24.bag;0.834065854549408;0.0;0.9619645476341248;0.0;0.667477245503997;0.5991873594733563;0.40081264052664367
1730781906.91037;/app/bags/user95_2017-02-24.bag;0.834065854549408;0.0;0.9619645476341248;0.0;0.667477245503997;0.5991873594733563;0.40081264052664367
1730781907.1103854;/app/bags/user95_2017-02-24.bag;0.834065854549408;0.0;0.9619645476341248;0.0;0.667477245503997;0.5991873594733563;0.40081264052664367
1730781907.3103788;/app/bags/user95_2017-02-24.bag;0.834065854549408;0.0;0.9619645476341248;0.0;0.667477245503997;0.5991873594733563;0.40081264052664367
1730781907.5104282;/app/bags/user95_2017-02-24.bag;0.834065854549408;0.0;0.9619645476341248;0.0;0.667477245503997;0.5991873594733563;0.40081264052664367
1730781907.7104516;/app/bags/user95_2017-02-24.bag;0.834065854549408;0.0;0.9619645476341248;0.0;0.667477245503997;0.5991873594733563;0.40081264052664367
1730781907.9104233;/app/bags/user95_2017-02-24.bag;0.834065854549408;0.0;0.9619645476341248;0.0;0.667477245503997;0.5991873594733563;0.40081264052664367
1730781908.1104221;/app/bags/user95_2017-02-24.bag;0.834065854549408;0.0;0.9619645476341248;0.0;0.667477245503997;0.5991873594733563;0.40081264052664367
1730781908.310376;/app/bags/user95_2017-02-24.bag;0.834065854549408;0.0;0.9619645476341248;0.0;0.667477245503997;0.5991873594733563;0.40081264052664367
1730781908.5103855;/app/bags/user95_2017-02-24.bag;0.834065854549408;0.0;0.9619645476341248;0.0;0.667477245503997;0.5991873594733563;0.40081264052664367
1730781908.7103696;/app/bags/user95_2017-02-24.bag;0.834065854549408;0.0;0.9619645476341248;0.0;0.667477245503997;0.5991873594733563;0.40081264052664367
1730781908.9103966;/app/bags/user95_2017-02-24.bag;0.834065854549408;0.0;0.9619645476341248;0.0;0.667477245503997;0.5991873594733563;0.40081264052664367
1730781909.1103427;/app/bags/user95_2017-02-24.bag;0.834065854549408;0.0;0.9619645476341248;0.0;0.667477245503997;0.5991873594733563;0.40081264052664367
1730781909.3103771;/app/bags/user95_2017-02-24.bag;0.834065854549408;0.0;0.9619645476341248;0.0;0.667477245503997;0.5991873594733563;0.40081264052664367
1730781909.5102293;/app/bags/user95_2017-02-24.bag;0.834065854549408;0.0;0.9619645476341248;0.0;0.667477245503997;0.5991873594733563;0.40081264052664367
1730781909.710427;/app/bags/user95_2017-02-24.bag;0.834065854549408;0.0;0.9619645476341248;0.0;0.667477245503997;0.5991873594733563;0.40081264052664367
1730781909.9104235;/app/bags/user95_2017-02-24.bag;0.834065854549408;0.0;0.9619645476341248;0.0;0.667477245503997;0.5991873594733563;0.40081264052664367
1730781910.1103601;/app/bags/user95_2017-02-24.bag;0.834065854549408;0.0;0.9619645476341248;0.0;0.667477245503997;0.5991873594733563;0.40081264052664367
1730781910.3103495;/app/bags/user95_2017-02-24.bag;0.834065854549408;0.0;0.9619645476341248;0.0;0.667477245503997;0.5991873594733563;0.40081264052664367
1730781910.510385;/app/bags/user95_2017-02-24.bag;0.834065854549408;0.0;0.9619645476341248;0.0;0.667477245503997;0.5991873594733563;0.40081264052664367
1730781910.7103837;/app/bags/user95_2017-02-24.bag;0.834065854549408;0.0;0.9619645476341248;0.0;0.667477245503997;0.5991873594733563;0.40081264052664367
1730781910.9104538;/app/bags/user95_2017-02-24.bag;0.834065854549408;0.0;0.9619645476341248;0.0;0.667477245503997;0.5991873594733563;0.40081264052664367
1730781911.110399;/app/bags/user95_2017-02-24.bag;0.834065854549408;0.0;0.9619645476341248;0.0;0.667477245503997;0.5991873594733563;0.40081264052664367
1730781911.310391;/app/bags/user95_2017-02-24.bag;0.834065854549408;0.0;0.9619645476341248;0.0;0.667477245503997;0.5991873594733563;0.40081264052664367
1730781911.5104735;/app/bags/user95_2017-02-24.bag;0.834065854549408;0.0;0.9619645476341248;0.0;0.667477245503997;0.5991873594733563;0.40081264052664367
1730781911.7104173;/app/bags/user95_2017-02-24.bag;0.834065854549408;0.0;0.9619645476341248;0.0;0.667477245503997;0.5991873594733563;0.40081264052664367
1730781911.910396;/app/bags/user95_2017-02-24.bag;0.834065854549408;0.0;0.9619645476341248;0.0;0.667477245503997;0.5991873594733563;0.40081264052664367
1730781912.110386;/app/bags/user95_2017-02-24.bag;0.834065854549408;0.0;0.9619645476341248;0.0;0.667477245503997;0.5991873594733563;0.40081264052664367
1730781912.3103666;/app/bags/user95_2017-02-24.bag;0.834065854549408;0.0;0.9619645476341248;0.0;0.667477245503997;0.5991873594733563;0.40081264052664367
1730781912.5104334;/app/bags/user95_2017-02-24.bag;0.834065854549408;0.0;0.9619645476341248;0.0;0.667477245503997;0.5991873594733563;0.40081264052664367
1730781912.7103891;/app/bags/user95_2017-02-24.bag;0.834065854549408;0.0;0.9619645476341248;0.0;0.667477245503997;0.5991873594733563;0.40081264052664367
1730781912.9103794;/app/bags/user95_2017-02-24.bag;0.834065854549408;0.0;0.9619645476341248;0.0;0.667477245503997;0.5991873594733563;0.40081264052664367
1730781913.1103752;/app/bags/user95_2017-02-24.bag;0.834065854549408;0.0;0.9619645476341248;0.0;0.667477245503997;0.5991873594733563;0.40081264052664367
1730781913.3104417;/app/bags/user95_2017-02-24.bag;0.834065854549408;0.0;0.9619645476341248;0.0;0.667477245503997;0.5991873594733563;0.40081264052664367
1730781913.510378;/app/bags/user95_2017-02-24.bag;0.834065854549408;0.0;0.9619645476341248;0.0;0.667477245503997;0.5991873594733563;0.40081264052664367
1730781913.7103467;/app/bags/user95_2017-02-24.bag;0.834065854549408;0.0;0.9619645476341248;0.0;0.667477245503997;0.5991873594733563;0.40081264052664367
1730781913.9104052;/app/bags/user95_2017-02-24.bag;0.834065854549408;0.0;0.9619645476341248;0.0;0.667477245503997;0.5991873594733563;0.40081264052664367
1730781914.1104023;/app/bags/user95_2017-02-24.bag;0.834065854549408;0.0;0.9619645476341248;0.0;0.667477245503997;0.5991873594733563;0.40081264052664367
1730781914.310368;/app/bags/user95_2017-02-24.bag;0.834065854549408;0.0;0.9619645476341248;0.0;0.667477245503997;0.5991873594733563;0.40081264052664367
1730781914.5104492;/app/bags/user95_2017-02-24.bag;0.834065854549408;0.0;0.9619645476341248;0.0;0.667477245503997;0.5991873594733563;0.40081264052664367
1730781914.710386;/app/bags/user95_2017-02-24.bag;0.834065854549408;0.0;0.9619645476341248;0.0;0.667477245503997;0.5991873594733563;0.40081264052664367
1730781914.9103966;/app/bags/user95_2017-02-24.bag;0.834065854549408;0.0;0.9619645476341248;0.0;0.667477245503997;0.5991873594733563;0.40081264052664367
1730781915.110424;/app/bags/user95_2017-02-24.bag;0.834065854549408;0.0;0.9619645476341248;0.0;0.667477245503997;0.5991873594733563;0.40081264052664367
1730781915.310424;/app/bags/user95_2017-02-24.bag;0.834065854549408;0.0;0.9619645476341248;0.0;0.667477245503997;0.5991873594733563;0.40081264052664367
1730781915.5103657;/app/bags/user95_2017-02-24.bag;0.834065854549408;0.0;0.9619645476341248;0.0;0.667477245503997;0.5991873594733563;0.40081264052664367
1730781915.7103982;/app/bags/user95_2017-02-24.bag;0.834065854549408;0.0;0.9619645476341248;0.0;0.667477245503997;0.5991873594733563;0.40081264052664367
1730781915.9103856;/app/bags/user95_2017-02-24.bag;0.834065854549408;0.0;0.9619645476341248;0.0;0.667477245503997;0.5991873594733563;0.40081264052664367
1730781916.1103745;/app/bags/user95_2017-02-24.bag;0.834065854549408;0.0;0.9619645476341248;0.0;0.667477245503997;0.5991873594733563;0.40081264052664367
1730781916.3103771;/app/bags/user95_2017-02-24.bag;0.834065854549408;0.0;0.9619645476341248;0.0;0.667477245503997;0.5991873594733563;0.40081264052664367
1730781916.5103893;/app/bags/user95_2017-02-24.bag;0.834065854549408;0.0;0.9619645476341248;0.0;0.667477245503997;0.5991873594733563;0.40081264052664367
1730781916.7103777;/app/bags/user95_2017-02-24.bag;0.834065854549408;0.0;0.9619645476341248;0.0;0.667477245503997;0.5991873594733563;0.40081264052664367
1730781916.910431;/app/bags/user95_2017-02-24.bag;0.834065854549408;0.0;0.9619645476341248;0.0;0.667477245503997;0.5991873594733563;0.40081264052664367
1730781917.1103752;/app/bags/user95_2017-02-24.bag;0.834065854549408;0.0;0.9619645476341248;0.0;0.667477245503997;0.5991873594733563;0.40081264052664367
1730781917.310375;/app/bags/user95_2017-02-24.bag;0.834065854549408;0.0;0.9619645476341248;0.0;0.667477245503997;0.5991873594733563;0.40081264052664367
1730781917.5104258;/app/bags/user95_2017-02-24.bag;0.834065854549408;0.0;0.9619645476341248;0.0;0.667477245503997;0.5991873594733563;0.40081264052664367
1730781917.7103732;/app/bags/user95_2017-02-24.bag;0.834065854549408;0.0;0.9619645476341248;0.0;0.667477245503997;0.5991873594733563;0.40081264052664367
1730781917.9103625;/app/bags/user95_2017-02-24.bag;0.834065854549408;0.0;0.9619645476341248;0.0;0.667477245503997;0.5991873594733563;0.40081264052664367
1730781918.1103725;/app/bags/user95_2017-02-24.bag;0.834065854549408;0.0;0.9619645476341248;0.0;0.667477245503997;0.5991873594733563;0.40081264052664367
1730781918.3104186;/app/bags/user95_2017-02-24.bag;0.834065854549408;0.0;0.9619645476341248;0.0;0.667477245503997;0.5991873594733563;0.40081264052664367
1730781918.5103757;/app/bags/user95_2017-02-24.bag;0.834065854549408;0.0;0.9619645476341248;0.0;0.667477245503997;0.5991873594733563;0.40081264052664367
1730781918.71051;/app/bags/user95_2017-02-24.bag;0.834065854549408;0.0;0.9619645476341248;0.0;0.667477245503997;0.5991873594733563;0.40081264052664367
1730781918.910378;/app/bags/user95_2017-02-24.bag;0.834065854549408;0.0;0.9619645476341248;0.0;0.667477245503997;0.5991873594733563;0.40081264052664367
1730781919.1103795;/app/bags/user95_2017-02-24.bag;0.834065854549408;0.0;0.9619645476341248;0.0;0.667477245503997;0.5991873594733563;0.40081264052664367
1730781919.310369;/app/bags/user95_2017-02-24.bag;0.834065854549408;0.0;0.9619645476341248;0.0;0.667477245503997;0.5991873594733563;0.40081264052664367
1730781919.5103803;/app/bags/user95_2017-02-24.bag;0.834065854549408;0.0;0.9619645476341248;0.0;0.667477245503997;0.5991873594733563;0.40081264052664367
1730781919.7103696;/app/bags/user95_2017-02-24.bag;0.834065854549408;0.0;0.9619645476341248;0.0;0.667477245503997;0.5991873594733563;0.40081264052664367
1730781919.910369;/app/bags/user95_2017-02-24.bag;0.834065854549408;0.0;0.9619645476341248;0.0;0.667477245503997;0.5991873594733563;0.40081264052664367
1730781920.1103632;/app/bags/user95_2017-02-24.bag;0.834065854549408;0.0;0.9619645476341248;0.0;0.667477245503997;0.5991873594733563;0.40081264052664367
1730781920.3103976;/app/bags/user95_2017-02-24.bag;0.834065854549408;0.0;0.9619645476341248;0.0;0.667477245503997;0.5991873594733563;0.40081264052664367
1730781920.5104127;/app/bags/user95_2017-02-24.bag;0.834065854549408;0.0;0.9619645476341248;0.0;0.667477245503997;0.5991873594733563;0.40081264052664367
1730781920.7102246;/app/bags/user95_2017-02-24.bag;0.834065854549408;0.0;0.9619645476341248;0.0;0.667477245503997;0.5991873594733563;0.40081264052664367
1730781920.9104393;/app/bags/user95_2017-02-24.bag;0.834065854549408;0.0;0.9619645476341248;0.0;0.667477245503997;0.5991873594733563;0.40081264052664367
1730781921.1104093;/app/bags/user95_2017-02-24.bag;0.834065854549408;0.0;0.9619645476341248;0.0;0.667477245503997;0.5991873594733563;0.40081264052664367
1730781921.310391;/app/bags/user95_2017-02-24.bag;0.834065854549408;0.0;0.9619645476341248;0.0;0.667477245503997;0.5991873594733563;0.40081264052664367
1730781921.510395;/app/bags/user95_2017-02-24.bag;0.834065854549408;0.0;0.9619645476341248;0.0;0.667477245503997;0.5991873594733563;0.40081264052664367
1730781921.710374;/app/bags/user95_2017-02-24.bag;0.834065854549408;0.0;0.9619645476341248;0.0;0.667477245503997;0.5991873594733563;0.40081264052664367
1730781921.9104216;/app/bags/user95_2017-02-24.bag;0.834065854549408;0.0;0.9619645476341248;0.0;0.667477245503997;0.5991873594733563;0.40081264052664367
1730781922.110495;/app/bags/user95_2017-02-24.bag;0.834065854549408;0.0;0.9619645476341248;0.0;0.667477245503997;0.5991873594733563;0.40081264052664367
1730781922.3103943;/app/bags/user95_2017-02-24.bag;0.834065854549408;0.0;0.9619645476341248;0.0;0.667477245503997;0.5991873594733563;0.40081264052664367
1730781922.5104637;/app/bags/user95_2017-02-24.bag;0.834065854549408;0.0;0.9619645476341248;0.0;0.667477245503997;0.5991873594733563;0.40081264052664367
1730781922.7103972;/app/bags/user95_2017-02-24.bag;0.834065854549408;0.0;0.9619645476341248;0.0;0.667477245503997;0.5991873594733563;0.40081264052664367
1730781922.910375;/app/bags/user95_2017-02-24.bag;0.834065854549408;0.0;0.9619645476341248;0.0;0.667477245503997;0.5991873594733563;0.40081264052664367
1730781923.1104302;/app/bags/user95_2017-02-24.bag;0.834065854549408;0.0;0.9619645476341248;0.0;0.667477245503997;0.5991873594733563;0.40081264052664367
1730781923.310384;/app/bags/user95_2017-02-24.bag;0.834065854549408;0.0;0.9619645476341248;0.0;0.667477245503997;0.5991873594733563;0.40081264052664367
1730781923.510387;/app/bags/user95_2017-02-24.bag;0.834065854549408;0.0;0.9619645476341248;0.0;0.667477245503997;0.5991873594733563;0.40081264052664367
1730781923.7105234;/app/bags/user95_2017-02-24.bag;0.834065854549408;0.0;0.9619645476341248;0.0;0.667477245503997;0.5991873594733563;0.40081264052664367
1730781923.9103768;/app/bags/user95_2017-02-24.bag;0.834065854549408;0.0;0.9619645476341248;0.0;0.667477245503997;0.5991873594733563;0.40081264052664367
1730781924.1104107;/app/bags/user95_2017-02-24.bag;0.834065854549408;0.0;0.9619645476341248;0.0;0.667477245503997;0.5991873594733563;0.40081264052664367
1730781924.3104126;/app/bags/user95_2017-02-24.bag;0.834065854549408;0.0;0.9619645476341248;0.0;0.667477245503997;0.5991873594733563;0.40081264052664367
1730781924.5103593;/app/bags/user95_2017-02-24.bag;0.834065854549408;0.0;0.9619645476341248;0.0;0.667477245503997;0.5991873594733563;0.40081264052664367
1730781924.7103899;/app/bags/user95_2017-02-24.bag;0.834065854549408;0.0;0.9619645476341248;0.0;0.667477245503997;0.5991873594733563;0.40081264052664367
1730781924.9103515;/app/bags/user95_2017-02-24.bag;0.834065854549408;0.0;0.9619645476341248;0.0;0.667477245503997;0.5991873594733563;0.40081264052664367
1730781925.110381;/app/bags/user95_2017-02-24.bag;0.834065854549408;0.0;0.9619645476341248;0.0;0.667477245503997;0.5991873594733563;0.40081264052664367
1730781925.310468;/app/bags/user95_2017-02-24.bag;0.834065854549408;0.0;0.9619645476341248;0.0;0.667477245503997;0.5991873594733563;0.40081264052664367
1730781925.5103934;/app/bags/user95_2017-02-24.bag;0.834065854549408;0.0;0.9619645476341248;0.0;0.667477245503997;0.5991873594733563;0.40081264052664367
1730781925.710404;/app/bags/user95_2017-02-24.bag;0.834065854549408;0.0;0.9619645476341248;0.0;0.667477245503997;0.5991873594733563;0.40081264052664367
1730781925.9103608;/app/bags/user95_2017-02-24.bag;0.834065854549408;0.0;0.9619645476341248;0.0;0.667477245503997;0.5991873594733563;0.40081264052664367
1730781926.1104083;/app/bags/user95_2017-02-24.bag;0.834065854549408;0.0;0.9619645476341248;0.0;0.667477245503997;0.5991873594733563;0.40081264052664367
1730781926.3103738;/app/bags/user95_2017-02-24.bag;0.834065854549408;0.0;0.9619645476341248;0.0;0.667477245503997;0.5991873594733563;0.40081264052664367
1730781926.510371;/app/bags/user95_2017-02-24.bag;0.834065854549408;0.0;0.9619645476341248;0.0;0.667477245503997;0.5991873594733563;0.40081264052664367
1730781926.7103887;/app/bags/user95_2017-02-24.bag;0.834065854549408;0.0;0.9619645476341248;0.0;0.667477245503997;0.5991873594733563;0.40081264052664367
1730781926.910439;/app/bags/user95_2017-02-24.bag;0.834065854549408;0.0;0.9619645476341248;0.0;0.667477245503997;0.5991873594733563;0.40081264052664367
1730781927.110483;/app/bags/user95_2017-02-24.bag;0.834065854549408;0.0;0.9619645476341248;0.0;0.667477245503997;0.5991873594733563;0.40081264052664367
1730781927.3104231;/app/bags/user95_2017-02-24.bag;0.834065854549408;0.0;0.9619645476341248;0.0;0.667477245503997;0.5991873594733563;0.40081264052664367
1730781927.5104487;/app/bags/user95_2017-02-24.bag;0.834065854549408;0.0;0.9619645476341248;0.0;0.667477245503997;0.5991873594733563;0.40081264052664367
1730781927.7103965;/app/bags/user95_2017-02-24.bag;0.834065854549408;0.0;0.9619645476341248;0.0;0.667477245503997;0.5991873594733563;0.40081264052664367
1730781927.9104018;/app/bags/user95_2017-02-24.bag;0.834065854549408;0.0;0.9619645476341248;0.0;0.667477245503997;0.5991873594733563;0.40081264052664367
1730781928.110385;/app/bags/user95_2017-02-24.bag;0.834065854549408;0.0;0.9619645476341248;0.0;0.667477245503997;0.5991873594733563;0.40081264052664367
1730781928.310386;/app/bags/user95_2017-02-24.bag;0.834065854549408;0.0;0.9619645476341248;0.0;0.667477245503997;0.5991873594733563;0.40081264052664367
1730781928.510372;/app/bags/user95_2017-02-24.bag;0.834065854549408;0.0;0.9619645476341248;0.0;0.667477245503997;0.5991873594733563;0.40081264052664367
1730781928.7104273;/app/bags/user95_2017-02-24.bag;0.834065854549408;0.0;0.9619645476341248;0.0;0.667477245503997;0.5991873594733563;0.40081264052664367
1730781928.910391;/app/bags/user95_2017-02-24.bag;0.834065854549408;0.0;0.9619645476341248;0.0;0.667477245503997;0.5991873594733563;0.40081264052664367
1730781929.1104064;/app/bags/user95_2017-02-24.bag;0.834065854549408;0.0;0.9619645476341248;0.0;0.667477245503997;0.5991873594733563;0.40081264052664367
1730781929.3104208;/app/bags/user95_2017-02-24.bag;0.834065854549408;0.0;0.9619645476341248;0.0;0.667477245503997;0.5991873594733563;0.40081264052664367
1730781929.5105093;/app/bags/user95_2017-02-24.bag;0.834065854549408;0.0;0.9619645476341248;0.0;0.667477245503997;0.5991873594733563;0.40081264052664367
1730781929.7105224;/app/bags/user95_2017-02-24.bag;0.834065854549408;0.0;0.9619645476341248;0.0;0.667477245503997;0.5991873594733563;0.40081264052664367
1730781929.910382;/app/bags/user95_2017-02-24.bag;0.834065854549408;0.0;0.9619645476341248;0.0;0.667477245503997;0.5991873594733563;0.40081264052664367
1730781930.1103733;/app/bags/user95_2017-02-24.bag;0.834065854549408;0.0;0.9619645476341248;0.0;0.667477245503997;0.5991873594733563;0.40081264052664367
1730781930.3104274;/app/bags/user95_2017-02-24.bag;0.834065854549408;0.0;0.9619645476341248;0.0;0.667477245503997;0.5991873594733563;0.40081264052664367
1730781930.5104556;/app/bags/user95_2017-02-24.bag;0.834065854549408;0.0;0.9619645476341248;0.0;0.667477245503997;0.5991873594733563;0.40081264052664367
1730781930.7103841;/app/bags/user95_2017-02-24.bag;0.834065854549408;0.0;0.9619645476341248;0.0;0.667477245503997;0.5991873594733563;0.40081264052664367
1730781930.9105034;/app/bags/user95_2017-02-24.bag;0.834065854549408;0.0;0.9619645476341248;0.0;0.667477245503997;0.5991873594733563;0.40081264052664367
1730781931.110385;/app/bags/user95_2017-02-24.bag;0.834065854549408;0.0;0.9619645476341248;0.0;0.667477245503997;0.5991873594733563;0.40081264052664367
1730781931.3103938;/app/bags/user95_2017-02-24.bag;0.834065854549408;0.0;0.9619645476341248;0.0;0.667477245503997;0.5991873594733563;0.40081264052664367
1730781931.5104;/app/bags/user95_2017-02-24.bag;0.834065854549408;0.0;0.9619645476341248;0.0;0.667477245503997;0.5991873594733563;0.40081264052664367
1730781931.710521;/app/bags/user95_2017-02-24.bag;0.834065854549408;0.0;0.9619645476341248;0.0;0.667477245503997;0.5991873594733563;0.40081264052664367
1730781931.910365;/app/bags/user95_2017-02-24.bag;0.834065854549408;0.0;0.9619645476341248;0.0;0.667477245503997;0.5991873594733563;0.40081264052664367
1730781932.110398;/app/bags/user95_2017-02-24.bag;0.834065854549408;0.0;0.9619645476341248;0.0;0.667477245503997;0.5991873594733563;0.40081264052664367
1730781932.3103738;/app/bags/user95_2017-02-24.bag;0.834065854549408;0.0;0.9619645476341248;0.0;0.667477245503997;0.5991873594733563;0.40081264052664367
1730781932.5103898;/app/bags/user95_2017-02-24.bag;0.834065854549408;0.0;0.9619645476341248;0.0;0.667477245503997;0.5991873594733563;0.40081264052664367
1730781932.7104678;/app/bags/user95_2017-02-24.bag;0.834065854549408;0.0;0.9619645476341248;0.0;0.667477245503997;0.5991873594733563;0.40081264052664367
1730781932.9103494;/app/bags/user95_2017-02-24.bag;0.834065854549408;0.0;0.9619645476341248;0.0;0.667477245503997;0.5991873594733563;0.40081264052664367
1730781933.110377;/app/bags/user95_2017-02-24.bag;0.834065854549408;0.0;0.9619645476341248;0.0;0.667477245503997;0.5991873594733563;0.40081264052664367
1730781933.310366;/app/bags/user95_2017-02-24.bag;0.834065854549408;0.0;0.9619645476341248;0.0;0.667477245503997;0.5991873594733563;0.40081264052664367
1730781933.5103707;/app/bags/user95_2017-02-24.bag;0.834065854549408;0.0;0.9619645476341248;0.0;0.667477245503997;0.5991873594733563;0.40081264052664367
1730781933.7104042;/app/bags/user95_2017-02-24.bag;0.834065854549408;0.0;0.9619645476341248;0.0;0.667477245503997;0.5991873594733563;0.40081264052664367
1730781933.9104345;/app/bags/user95_2017-02-24.bag;0.834065854549408;0.0;0.9619645476341248;0.0;0.667477245503997;0.5991873594733563;0.40081264052664367
1730781934.1104064;/app/bags/user95_2017-02-24.bag;0.834065854549408;0.0;0.9619645476341248;0.0;0.667477245503997;0.5991873594733563;0.40081264052664367
1730781934.3104289;/app/bags/user95_2017-02-24.bag;0.834065854549408;0.0;0.9619645476341248;0.0;0.667477245503997;0.5991873594733563;0.40081264052664367
1730781934.510452;/app/bags/user95_2017-02-24.bag;0.834065854549408;0.0;0.9619645476341248;0.0;0.667477245503997;0.5991873594733563;0.40081264052664367
1730781934.7104192;/app/bags/user95_2017-02-24.bag;0.834065854549408;0.0;0.9619645476341248;0.0;0.667477245503997;0.5991873594733563;0.40081264052664367
1730781934.9103968;/app/bags/user95_2017-02-24.bag;0.834065854549408;0.0;0.9619645476341248;0.0;0.667477245503997;0.5991873594733563;0.40081264052664367
1730781935.1103625;/app/bags/user95_2017-02-24.bag;0.834065854549408;0.0;0.9619645476341248;0.0;0.667477245503997;0.5991873594733563;0.40081264052664367
1730781935.310358;/app/bags/user95_2017-02-24.bag;0.834065854549408;0.0;0.9619645476341248;0.0;0.667477245503997;0.5991873594733563;0.40081264052664367
1730781935.5103796;/app/bags/user95_2017-02-24.bag;0.834065854549408;0.0;0.9619645476341248;0.0;0.667477245503997;0.5991873594733563;0.40081264052664367
1730781935.7103972;/app/bags/user95_2017-02-24.bag;0.834065854549408;0.0;0.9619645476341248;0.0;0.667477245503997;0.5991873594733563;0.40081264052664367
1730781935.9104414;/app/bags/user95_2017-02-24.bag;0.834065854549408;0.0;0.9619645476341248;0.0;0.667477245503997;0.5991873594733563;0.40081264052664367
1730781936.110447;/app/bags/user95_2017-02-24.bag;0.834065854549408;0.0;0.9619645476341248;0.0;0.667477245503997;0.5991873594733563;0.40081264052664367
1730781936.310403;/app/bags/user95_2017-02-24.bag;0.834065854549408;0.0;0.9619645476341248;0.0;0.667477245503997;0.5991873594733563;0.40081264052664367
1730781936.5103526;/app/bags/user95_2017-02-24.bag;0.834065854549408;0.0;0.9619645476341248;0.0;0.667477245503997;0.5991873594733563;0.40081264052664367
1730781936.71037;/app/bags/user95_2017-02-24.bag;0.834065854549408;0.0;0.9619645476341248;0.0;0.667477245503997;0.5991873594733563;0.40081264052664367
1730781936.9103835;/app/bags/user95_2017-02-24.bag;0.834065854549408;0.0;0.9619645476341248;0.0;0.667477245503997;0.5991873594733563;0.40081264052664367
1730781937.110413;/app/bags/user95_2017-02-24.bag;0.834065854549408;0.0;0.9619645476341248;0.0;0.667477245503997;0.5991873594733563;0.40081264052664367
1730781937.310385;/app/bags/user95_2017-02-24.bag;0.834065854549408;0.0;0.9619645476341248;0.0;0.667477245503997;0.5991873594733563;0.40081264052664367
1730781937.5103836;/app/bags/user95_2017-02-24.bag;0.834065854549408;0.0;0.9619645476341248;0.0;0.667477245503997;0.5991873594733563;0.40081264052664367
1730781937.7103732;/app/bags/user95_2017-02-24.bag;0.834065854549408;0.0;0.9619645476341248;0.0;0.667477245503997;0.5991873594733563;0.40081264052664367
1730781937.9103963;/app/bags/user95_2017-02-24.bag;0.834065854549408;0.0;0.9619645476341248;0.0;0.667477245503997;0.5991873594733563;0.40081264052664367
1730781938.1103954;/app/bags/user95_2017-02-24.bag;0.834065854549408;0.0;0.9619645476341248;0.0;0.667477245503997;0.5991873594733563;0.40081264052664367
1730781938.3103762;/app/bags/user95_2017-02-24.bag;0.834065854549408;0.0;0.9619645476341248;0.0;0.667477245503997;0.5991873594733563;0.40081264052664367
1730781938.510373;/app/bags/user95_2017-02-24.bag;0.834065854549408;0.0;0.9619645476341248;0.0;0.667477245503997;0.5991873594733563;0.40081264052664367
1730781938.7103746;/app/bags/user95_2017-02-24.bag;0.834065854549408;0.0;0.9619645476341248;0.0;0.667477245503997;0.5991873594733563;0.40081264052664367
1730781938.9104013;/app/bags/user95_2017-02-24.bag;0.834065854549408;0.0;0.9619645476341248;0.0;0.667477245503997;0.5991873594733563;0.40081264052664367
1730781939.1104052;/app/bags/user95_2017-02-24.bag;0.834065854549408;0.0;0.9619645476341248;0.0;0.667477245503997;0.5991873594733563;0.40081264052664367
1730781939.3103752;/app/bags/user95_2017-02-24.bag;0.834065854549408;0.0;0.9619645476341248;0.0;0.667477245503997;0.5991873594733563;0.40081264052664367
1730781939.5103674;/app/bags/user95_2017-02-24.bag;0.834065854549408;0.0;0.9619645476341248;0.0;0.667477245503997;0.5991873594733563;0.40081264052664367
1730781939.7103777;/app/bags/user95_2017-02-24.bag;0.834065854549408;0.0;0.9619645476341248;0.0;0.667477245503997;0.5991873594733563;0.40081264052664367
1730781939.9103937;/app/bags/user95_2017-02-24.bag;0.834065854549408;0.0;0.9619645476341248;0.0;0.667477245503997;0.5991873594733563;0.40081264052664367
1730781940.1103592;/app/bags/user95_2017-02-24.bag;0.834065854549408;0.0;0.9619645476341248;0.0;0.667477245503997;0.5991873594733563;0.40081264052664367
1730781940.3103948;/app/bags/user95_2017-02-24.bag;0.834065854549408;0.0;0.9619645476341248;0.0;0.667477245503997;0.5991873594733563;0.40081264052664367
1730781940.510398;/app/bags/user95_2017-02-24.bag;0.834065854549408;0.0;0.9619645476341248;0.0;0.667477245503997;0.5991873594733563;0.40081264052664367
1730781940.710377;/app/bags/user95_2017-02-24.bag;0.834065854549408;0.0;0.9619645476341248;0.0;0.667477245503997;0.5991873594733563;0.40081264052664367
1730781940.9104342;/app/bags/user95_2017-02-24.bag;0.834065854549408;0.0;0.9619645476341248;0.0;0.667477245503997;0.5991873594733563;0.40081264052664367
1730781941.1103637;/app/bags/user95_2017-02-24.bag;0.834065854549408;0.0;0.9619645476341248;0.0;0.667477245503997;0.5991873594733563;0.40081264052664367
1730781941.3104074;/app/bags/user95_2017-02-24.bag;0.834065854549408;0.0;0.9619645476341248;0.0;0.667477245503997;0.5991873594733563;0.40081264052664367
1730781941.5104172;/app/bags/user95_2017-02-24.bag;0.834065854549408;0.0;0.9619645476341248;0.0;0.667477245503997;0.5991873594733563;0.40081264052664367
1730781941.7103882;/app/bags/user95_2017-02-24.bag;0.834065854549408;0.0;0.9619645476341248;0.0;0.667477245503997;0.5991873594733563;0.40081264052664367
1730781941.9104245;/app/bags/user95_2017-02-24.bag;0.834065854549408;0.0;0.9619645476341248;0.0;0.667477245503997;0.5991873594733563;0.40081264052664367
1730781942.11039;/app/bags/user95_2017-02-24.bag;0.834065854549408;0.0;0.9619645476341248;0.0;0.667477245503997;0.5991873594733563;0.40081264052664367
1730781942.3103855;/app/bags/user95_2017-02-24.bag;0.834065854549408;0.0;0.9619645476341248;0.0;0.667477245503997;0.5991873594733563;0.40081264052664367
1730781942.5103683;/app/bags/user95_2017-02-24.bag;0.834065854549408;0.0;0.9619645476341248;0.0;0.667477245503997;0.5991873594733563;0.40081264052664367
1730781942.7103584;/app/bags/user95_2017-02-24.bag;0.834065854549408;0.0;0.9619645476341248;0.0;0.667477245503997;0.5991873594733563;0.40081264052664367
1730781942.9104764;/app/bags/user95_2017-02-24.bag;0.834065854549408;0.0;0.9619645476341248;0.0;0.667477245503997;0.5991873594733563;0.40081264052664367
1730781943.1104102;/app/bags/user95_2017-02-24.bag;0.834065854549408;0.0;0.9619645476341248;0.0;0.667477245503997;0.5991873594733563;0.40081264052664367
1730781943.3103642;/app/bags/user95_2017-02-24.bag;0.834065854549408;0.0;0.9619645476341248;0.0;0.667477245503997;0.5991873594733563;0.40081264052664367
1730781943.510338;/app/bags/user95_2017-02-24.bag;0.834065854549408;0.0;0.9619645476341248;0.0;0.667477245503997;0.5991873594733563;0.40081264052664367
1730781943.7103922;/app/bags/user95_2017-02-24.bag;0.834065854549408;0.0;0.9619645476341248;0.0;0.667477245503997;0.5991873594733563;0.40081264052664367
1730781943.9104342;/app/bags/user95_2017-02-24.bag;0.834065854549408;0.0;0.9619645476341248;0.0;0.667477245503997;0.5991873594733563;0.40081264052664367
1730781944.110364;/app/bags/user95_2017-02-24.bag;0.834065854549408;0.0;0.9619645476341248;0.0;0.667477245503997;0.5991873594733563;0.40081264052664367
1730781944.31039;/app/bags/user95_2017-02-24.bag;0.834065854549408;0.0;0.9619645476341248;0.0;0.667477245503997;0.5991873594733563;0.40081264052664367
1730781944.5103896;/app/bags/user95_2017-02-24.bag;0.834065854549408;0.0;0.9619645476341248;0.0;0.667477245503997;0.5991873594733563;0.40081264052664367
1730781944.7103584;/app/bags/user95_2017-02-24.bag;0.834065854549408;0.0;0.9619645476341248;0.0;0.667477245503997;0.5991873594733563;0.40081264052664367
1730781944.9104195;/app/bags/user95_2017-02-24.bag;0.834065854549408;0.0;0.9619645476341248;0.0;0.667477245503997;0.5991873594733563;0.40081264052664367
1730781945.1103938;/app/bags/user95_2017-02-24.bag;0.834065854549408;0.0;0.9619645476341248;0.0;0.667477245503997;0.5991873594733563;0.40081264052664367
1730781945.3103993;/app/bags/user95_2017-02-24.bag;0.834065854549408;0.0;0.9619645476341248;0.0;0.667477245503997;0.5991873594733563;0.40081264052664367
1730781945.5103865;/app/bags/user95_2017-02-24.bag;0.834065854549408;0.0;0.9619645476341248;0.0;0.667477245503997;0.5991873594733563;0.40081264052664367
1730781945.7104135;/app/bags/user95_2017-02-24.bag;0.834065854549408;0.0;0.9619645476341248;0.0;0.667477245503997;0.5991873594733563;0.40081264052664367
1730781945.9103801;/app/bags/user95_2017-02-24.bag;0.834065854549408;0.0;0.9619645476341248;0.0;0.667477245503997;0.5991873594733563;0.40081264052664367
1730781946.1104434;/app/bags/user95_2017-02-24.bag;0.834065854549408;0.0;0.9619645476341248;0.0;0.667477245503997;0.5991873594733563;0.40081264052664367
1730781946.3104336;/app/bags/user95_2017-02-24.bag;0.834065854549408;0.0;0.9619645476341248;0.0;0.667477245503997;0.5991873594733563;0.40081264052664367
1730781946.5103917;/app/bags/user95_2017-02-24.bag;0.834065854549408;0.0;0.9619645476341248;0.0;0.667477245503997;0.5991873594733563;0.40081264052664367
1730781946.710375;/app/bags/user95_2017-02-24.bag;0.834065854549408;0.0;0.9619645476341248;0.0;0.667477245503997;0.5991873594733563;0.40081264052664367
1730781946.91042;/app/bags/user95_2017-02-24.bag;0.834065854549408;0.0;0.9619645476341248;0.0;0.667477245503997;0.5991873594733563;0.40081264052664367
1730781947.1103845;/app/bags/user95_2017-02-24.bag;0.834065854549408;0.0;0.9619645476341248;0.0;0.667477245503997;0.5991873594733563;0.40081264052664367
1730781947.3104017;/app/bags/user95_2017-02-24.bag;0.834065854549408;0.0;0.9619645476341248;0.0;0.667477245503997;0.5991873594733563;0.40081264052664367
1730781947.5103884;/app/bags/user95_2017-02-24.bag;0.834065854549408;0.0;0.9619645476341248;0.0;0.667477245503997;0.5991873594733563;0.40081264052664367
1730781947.710412;/app/bags/user95_2017-02-24.bag;0.834065854549408;0.0;0.9619645476341248;0.0;0.667477245503997;0.5991873594733563;0.40081264052664367
1730781947.9103506;/app/bags/user95_2017-02-24.bag;0.834065854549408;0.0;0.9619645476341248;0.0;0.667477245503997;0.5991873594733563;0.40081264052664367
1730781948.110396;/app/bags/user95_2017-02-24.bag;0.834065854549408;0.0;0.9619645476341248;0.0;0.667477245503997;0.5991873594733563;0.40081264052664367
1730781948.3103645;/app/bags/user95_2017-02-24.bag;0.834065854549408;0.0;0.9619645476341248;0.0;0.667477245503997;0.5991873594733563;0.40081264052664367
1730781948.5104382;/app/bags/user95_2017-02-24.bag;0.834065854549408;0.0;0.9619645476341248;0.0;0.667477245503997;0.5991873594733563;0.40081264052664367
1730781948.710391;/app/bags/user95_2017-02-24.bag;0.834065854549408;0.0;0.9619645476341248;0.0;0.667477245503997;0.5991873594733563;0.40081264052664367
1730781948.9103734;/app/bags/user95_2017-02-24.bag;0.834065854549408;0.0;0.9619645476341248;0.0;0.667477245503997;0.5991873594733563;0.40081264052664367
1730781949.1103983;/app/bags/user95_2017-02-24.bag;0.834065854549408;0.0;0.9619645476341248;0.0;0.667477245503997;0.5991873594733563;0.40081264052664367
1730781949.3103743;/app/bags/user95_2017-02-24.bag;0.834065854549408;0.0;0.9619645476341248;0.0;0.667477245503997;0.5991873594733563;0.40081264052664367
1730781949.510395;/app/bags/user95_2017-02-24.bag;0.834065854549408;0.0;0.9619645476341248;0.0;0.667477245503997;0.5991873594733563;0.40081264052664367
1730781949.710424;/app/bags/user95_2017-02-24.bag;0.834065854549408;0.0;0.9619645476341248;0.0;0.667477245503997;0.5991873594733563;0.40081264052664367
1730781949.9104164;/app/bags/user95_2017-02-24.bag;0.834065854549408;0.0;0.9619645476341248;0.0;0.667477245503997;0.5991873594733563;0.40081264052664367
1730781950.110419;/app/bags/user95_2017-02-24.bag;0.834065854549408;0.0;0.9619645476341248;0.0;0.667477245503997;0.5991873594733563;0.40081264052664367
1730781950.3103788;/app/bags/user95_2017-02-24.bag;0.834065854549408;0.0;0.9619645476341248;0.0;0.667477245503997;0.5991873594733563;0.40081264052664367
1730781950.5104265;/app/bags/user95_2017-02-24.bag;0.834065854549408;0.0;0.9619645476341248;0.0;0.667477245503997;0.5991873594733563;0.40081264052664367
1730781950.7103565;/app/bags/user95_2017-02-24.bag;0.834065854549408;0.0;0.9619645476341248;0.0;0.667477245503997;0.5991873594733563;0.40081264052664367
1730781950.9104424;/app/bags/user95_2017-02-24.bag;0.834065854549408;0.0;0.9619645476341248;0.0;0.667477245503997;0.5991873594733563;0.40081264052664367
1730781951.1104476;/app/bags/user95_2017-02-24.bag;0.834065854549408;0.0;0.9619645476341248;0.0;0.667477245503997;0.5991873594733563;0.40081264052664367
1730781951.3103964;/app/bags/user95_2017-02-24.bag;0.834065854549408;0.0;0.9619645476341248;0.0;0.667477245503997;0.5991873594733563;0.40081264052664367
1730781951.510396;/app/bags/user95_2017-02-24.bag;0.834065854549408;0.0;0.9619645476341248;0.0;0.667477245503997;0.5991873594733563;0.40081264052664367
1730781951.7103796;/app/bags/user95_2017-02-24.bag;0.834065854549408;0.0;0.9619645476341248;0.0;0.667477245503997;0.5991873594733563;0.40081264052664367
1730781951.9103746;/app/bags/user95_2017-02-24.bag;0.834065854549408;0.0;0.9619645476341248;0.0;0.667477245503997;0.5991873594733563;0.40081264052664367
1730781952.1103551;/app/bags/user95_2017-02-24.bag;0.834065854549408;0.0;0.9619645476341248;0.0;0.667477245503997;0.5991873594733563;0.40081264052664367
1730781952.3103764;/app/bags/user95_2017-02-24.bag;0.834065854549408;0.0;0.9619645476341248;0.0;0.667477245503997;0.5991873594733563;0.40081264052664367
1730781952.5104024;/app/bags/user95_2017-02-24.bag;0.834065854549408;0.0;0.9619645476341248;0.0;0.667477245503997;0.5991873594733563;0.40081264052664367
1730781952.7104423;/app/bags/user95_2017-02-24.bag;0.834065854549408;0.0;0.9619645476341248;0.0;0.667477245503997;0.5991873594733563;0.40081264052664367
1730781952.910375;/app/bags/user95_2017-02-24.bag;0.834065854549408;0.0;0.9619645476341248;0.0;0.667477245503997;0.5991873594733563;0.40081264052664367
1730781953.1103935;/app/bags/user95_2017-02-24.bag;0.834065854549408;0.0;0.9619645476341248;0.0;0.667477245503997;0.5991873594733563;0.40081264052664367
1730781953.310382;/app/bags/user95_2017-02-24.bag;0.834065854549408;0.0;0.9619645476341248;0.0;0.667477245503997;0.5991873594733563;0.40081264052664367
1730781953.5103831;/app/bags/user95_2017-02-24.bag;0.834065854549408;0.0;0.9619645476341248;0.0;0.667477245503997;0.5991873594733563;0.40081264052664367
1730781953.7104044;/app/bags/user95_2017-02-24.bag;0.834065854549408;0.0;0.9619645476341248;0.0;0.667477245503997;0.5991873594733563;0.40081264052664367
1730781953.9103677;/app/bags/user95_2017-02-24.bag;0.834065854549408;0.0;0.9619645476341248;0.0;0.667477245503997;0.5991873594733563;0.40081264052664367
1730781954.110374;/app/bags/user95_2017-02-24.bag;0.834065854549408;0.0;0.9619645476341248;0.0;0.667477245503997;0.5991873594733563;0.40081264052664367
1730781954.3104303;/app/bags/user95_2017-02-24.bag;0.834065854549408;0.0;0.9619645476341248;0.0;0.667477245503997;0.5991873594733563;0.40081264052664367
1730781954.5104272;/app/bags/user95_2017-02-24.bag;0.834065854549408;0.0;0.9619645476341248;0.0;0.667477245503997;0.5991873594733563;0.40081264052664367
1730781954.7123437;/app/bags/user95_2017-02-24.bag;0.834065854549408;0.0;0.9619645476341248;0.0;0.667477245503997;0.5991873594733563;0.40081264052664367
1730781954.9104123;/app/bags/user95_2017-02-24.bag;0.834065854549408;0.0;0.9619645476341248;0.0;0.667477245503997;0.5991873594733563;0.40081264052664367
1730781955.1103847;/app/bags/user95_2017-02-24.bag;0.834065854549408;0.0;0.9619645476341248;0.0;0.667477245503997;0.5991873594733563;0.40081264052664367
1730781955.3103964;/app/bags/user95_2017-02-24.bag;0.834065854549408;0.0;0.9619645476341248;0.0;0.667477245503997;0.5991873594733563;0.40081264052664367
1730781955.5104597;/app/bags/user95_2017-02-24.bag;0.834065854549408;0.0;0.9619645476341248;0.0;0.667477245503997;0.5991873594733563;0.40081264052664367
1730781955.710416;/app/bags/user95_2017-02-24.bag;0.834065854549408;0.0;0.9619645476341248;0.0;0.667477245503997;0.5991873594733563;0.40081264052664367
1730781955.910399;/app/bags/user95_2017-02-24.bag;0.834065854549408;0.0;0.9619645476341248;0.0;0.667477245503997;0.5991873594733563;0.40081264052664367
1730781956.1103792;/app/bags/user95_2017-02-24.bag;0.834065854549408;0.0;0.9619645476341248;0.0;0.667477245503997;0.5991873594733563;0.40081264052664367
1730781956.3104172;/app/bags/user95_2017-02-24.bag;0.834065854549408;0.0;0.9619645476341248;0.0;0.667477245503997;0.5991873594733563;0.40081264052664367
1730781956.5103514;/app/bags/user95_2017-02-24.bag;0.834065854549408;0.0;0.9619645476341248;0.0;0.667477245503997;0.5991873594733563;0.40081264052664367
1730781956.710339;/app/bags/user95_2017-02-24.bag;0.834065854549408;0.0;0.9619645476341248;0.0;0.667477245503997;0.5991873594733563;0.40081264052664367
1730781956.9103694;/app/bags/user95_2017-02-24.bag;0.834065854549408;0.0;0.9619645476341248;0.0;0.667477245503997;0.5991873594733563;0.40081264052664367
1730781957.1104126;/app/bags/user95_2017-02-24.bag;0.834065854549408;0.0;0.9619645476341248;0.0;0.667477245503997;0.5991873594733563;0.40081264052664367
1730781957.3103807;/app/bags/user95_2017-02-24.bag;0.834065854549408;0.0;0.9619645476341248;0.0;0.667477245503997;0.5991873594733563;0.40081264052664367
1730781957.5104225;/app/bags/user95_2017-02-24.bag;0.834065854549408;0.0;0.9619645476341248;0.0;0.667477245503997;0.5991873594733563;0.40081264052664367
1730781957.7104268;/app/bags/user95_2017-02-24.bag;0.834065854549408;0.0;0.9619645476341248;0.0;0.667477245503997;0.5991873594733563;0.40081264052664367
1730781957.9104161;/app/bags/user95_2017-02-24.bag;0.834065854549408;0.0;0.9619645476341248;0.0;0.667477245503997;0.5991873594733563;0.40081264052664367
1730781958.1104293;/app/bags/user95_2017-02-24.bag;0.834065854549408;0.0;0.9619645476341248;0.0;0.667477245503997;0.5991873594733563;0.40081264052664367
1730781958.310384;/app/bags/user95_2017-02-24.bag;0.834065854549408;0.0;0.9619645476341248;0.0;0.667477245503997;0.5991873594733563;0.40081264052664367
1730781958.5104702;/app/bags/user95_2017-02-24.bag;0.834065854549408;0.0;0.9619645476341248;0.0;0.667477245503997;0.5991873594733563;0.40081264052664367
1730781958.7103872;/app/bags/user95_2017-02-24.bag;0.834065854549408;0.0;0.9619645476341248;0.0;0.667477245503997;0.5991873594733563;0.40081264052664367
1730781958.910378;/app/bags/user95_2017-02-24.bag;0.834065854549408;0.0;0.9619645476341248;0.0;0.667477245503997;0.5991873594733563;0.40081264052664367
1730781959.1104226;/app/bags/user95_2017-02-24.bag;0.834065854549408;0.0;0.9619645476341248;0.0;0.667477245503997;0.5991873594733563;0.40081264052664367
1730781959.310451;/app/bags/user95_2017-02-24.bag;0.834065854549408;0.0;0.9619645476341248;0.0;0.667477245503997;0.5991873594733563;0.40081264052664367
1730781959.5104182;/app/bags/user95_2017-02-24.bag;0.834065854549408;0.0;0.9619645476341248;0.0;0.667477245503997;0.5991873594733563;0.40081264052664367
1730781959.7103786;/app/bags/user95_2017-02-24.bag;0.834065854549408;0.0;0.9619645476341248;0.0;0.667477245503997;0.5991873594733563;0.40081264052664367
1730781959.910439;/app/bags/user95_2017-02-24.bag;0.834065854549408;0.0;0.9619645476341248;0.0;0.667477245503997;0.5991873594733563;0.40081264052664367
1730781960.110404;/app/bags/user95_2017-02-24.bag;0.834065854549408;0.0;0.9619645476341248;0.0;0.667477245503997;0.5991873594733563;0.40081264052664367
1730781960.3103728;/app/bags/user95_2017-02-24.bag;0.834065854549408;0.0;0.9619645476341248;0.0;0.667477245503997;0.5991873594733563;0.40081264052664367
1730781960.5103698;/app/bags/user95_2017-02-24.bag;0.834065854549408;0.0;0.9619645476341248;0.0;0.667477245503997;0.5991873594733563;0.40081264052664367
1730781960.7104528;/app/bags/user95_2017-02-24.bag;0.834065854549408;0.0;0.9619645476341248;0.0;0.667477245503997;0.5991873594733563;0.40081264052664367
1730781960.910383;/app/bags/user95_2017-02-24.bag;0.834065854549408;0.0;0.9619645476341248;0.0;0.667477245503997;0.5991873594733563;0.40081264052664367
1730781961.1104832;/app/bags/user95_2017-02-24.bag;0.834065854549408;0.0;0.9619645476341248;0.0;0.667477245503997;0.5991873594733563;0.40081264052664367
1730781961.3104014;/app/bags/user95_2017-02-24.bag;0.834065854549408;0.0;0.9619645476341248;0.0;0.667477245503997;0.5991873594733563;0.40081264052664367
1730781961.5103858;/app/bags/user95_2017-02-24.bag;0.834065854549408;0.0;0.9619645476341248;0.0;0.667477245503997;0.5991873594733563;0.40081264052664367
1730781961.7103903;/app/bags/user95_2017-02-24.bag;0.834065854549408;0.0;0.9619645476341248;0.0;0.667477245503997;0.5991873594733563;0.40081264052664367
1730781961.9104428;/app/bags/user95_2017-02-24.bag;0.834065854549408;0.0;0.9619645476341248;0.0;0.667477245503997;0.5991873594733563;0.40081264052664367
1730781962.110423;/app/bags/user95_2017-02-24.bag;0.834065854549408;0.0;0.9619645476341248;0.0;0.667477245503997;0.5991873594733563;0.40081264052664367
1730781962.310434;/app/bags/user95_2017-02-24.bag;0.834065854549408;0.0;0.9619645476341248;0.0;0.667477245503997;0.5991873594733563;0.40081264052664367
1730781962.5104718;/app/bags/user95_2017-02-24.bag;0.834065854549408;0.0;0.9619645476341248;0.0;0.667477245503997;0.5991873594733563;0.40081264052664367
1730781962.7104087;/app/bags/user95_2017-02-24.bag;0.834065854549408;0.0;0.9619645476341248;0.0;0.667477245503997;0.5991873594733563;0.40081264052664367
1730781962.9103713;/app/bags/user95_2017-02-24.bag;0.834065854549408;0.0;0.9619645476341248;0.0;0.667477245503997;0.5991873594733563;0.40081264052664367
1730781963.1105196;/app/bags/user95_2017-02-24.bag;0.834065854549408;0.0;0.9619645476341248;0.0;0.667477245503997;0.5991873594733563;0.40081264052664367
1730781963.310384;/app/bags/user95_2017-02-24.bag;0.834065854549408;0.0;0.9619645476341248;0.0;0.667477245503997;0.5991873594733563;0.40081264052664367
1730781963.5103776;/app/bags/user95_2017-02-24.bag;0.834065854549408;0.0;0.9619645476341248;0.0;0.667477245503997;0.5991873594733563;0.40081264052664367
1730781963.7104337;/app/bags/user95_2017-02-24.bag;0.834065854549408;0.0;0.9619645476341248;0.0;0.667477245503997;0.5991873594733563;0.40081264052664367
1730781963.9104104;/app/bags/user95_2017-02-24.bag;0.834065854549408;0.0;0.9619645476341248;0.0;0.667477245503997;0.5991873594733563;0.40081264052664367
1730781964.1104937;/app/bags/user95_2017-02-24.bag;0.834065854549408;0.0;0.9619645476341248;0.0;0.667477245503997;0.5991873594733563;0.40081264052664367
1730781964.3104491;/app/bags/user95_2017-02-24.bag;0.834065854549408;0.0;0.9619645476341248;0.0;0.667477245503997;0.5991873594733563;0.40081264052664367
1730781964.510404;/app/bags/user95_2017-02-24.bag;0.834065854549408;0.0;0.9619645476341248;0.0;0.667477245503997;0.5991873594733563;0.40081264052664367
1730781964.7103682;/app/bags/user95_2017-02-24.bag;0.834065854549408;0.0;0.9619645476341248;0.0;0.667477245503997;0.5991873594733563;0.40081264052664367
1730781964.9103742;/app/bags/user95_2017-02-24.bag;0.834065854549408;0.0;0.9619645476341248;0.0;0.667477245503997;0.5991873594733563;0.40081264052664367
1730781965.1103733;/app/bags/user95_2017-02-24.bag;0.834065854549408;0.0;0.9619645476341248;0.0;0.667477245503997;0.5991873594733563;0.40081264052664367
1730781965.310369;/app/bags/user95_2017-02-24.bag;0.834065854549408;0.0;0.9619645476341248;0.0;0.667477245503997;0.5991873594733563;0.40081264052664367
1730781965.510457;/app/bags/user95_2017-02-24.bag;0.834065854549408;0.0;0.9619645476341248;0.0;0.667477245503997;0.5991873594733563;0.40081264052664367
1730781965.7103918;/app/bags/user95_2017-02-24.bag;0.834065854549408;0.0;0.9619645476341248;0.0;0.667477245503997;0.5991873594733563;0.40081264052664367
1730781965.910379;/app/bags/user95_2017-02-24.bag;0.834065854549408;0.0;0.9619645476341248;0.0;0.667477245503997;0.5991873594733563;0.40081264052664367
1730781966.1104417;/app/bags/user95_2017-02-24.bag;0.834065854549408;0.0;0.9619645476341248;0.0;0.667477245503997;0.5991873594733563;0.40081264052664367
1730781966.3103833;/app/bags/user95_2017-02-24.bag;0.834065854549408;0.0;0.9619645476341248;0.0;0.667477245503997;0.5991873594733563;0.40081264052664367
1730781966.5103686;/app/bags/user95_2017-02-24.bag;0.834065854549408;0.0;0.9619645476341248;0.0;0.667477245503997;0.5991873594733563;0.40081264052664367
1730781966.7103791;/app/bags/user95_2017-02-24.bag;0.834065854549408;0.0;0.9619645476341248;0.0;0.667477245503997;0.5991873594733563;0.40081264052664367
1730781966.9104216;/app/bags/user95_2017-02-24.bag;0.834065854549408;0.0;0.9619645476341248;0.0;0.667477245503997;0.5991873594733563;0.40081264052664367
1730781967.1104214;/app/bags/user95_2017-02-24.bag;0.834065854549408;0.0;0.9619645476341248;0.0;0.667477245503997;0.5991873594733563;0.40081264052664367
1730781967.3103795;/app/bags/user95_2017-02-24.bag;0.834065854549408;0.0;0.9619645476341248;0.0;0.667477245503997;0.5991873594733563;0.40081264052664367
1730781967.510482;/app/bags/user95_2017-02-24.bag;0.834065854549408;0.0;0.9619645476341248;0.0;0.667477245503997;0.5991873594733563;0.40081264052664367
1730781967.7103813;/app/bags/user95_2017-02-24.bag;0.834065854549408;0.0;0.9619645476341248;0.0;0.667477245503997;0.5991873594733563;0.40081264052664367
1730781967.9103558;/app/bags/user95_2017-02-24.bag;0.834065854549408;0.0;0.9619645476341248;0.0;0.667477245503997;0.5991873594733563;0.40081264052664367
1730781968.1105971;/app/bags/user95_2017-02-24.bag;0.834065854549408;0.0;0.9619645476341248;0.0;0.667477245503997;0.5991873594733563;0.40081264052664367
1730781968.310408;/app/bags/user95_2017-02-24.bag;0.834065854549408;0.0;0.9619645476341248;0.0;0.667477245503997;0.5991873594733563;0.40081264052664367
1730781968.510357;/app/bags/user95_2017-02-24.bag;0.834065854549408;0.0;0.9619645476341248;0.0;0.667477245503997;0.5991873594733563;0.40081264052664367
1730781968.7103856;/app/bags/user95_2017-02-24.bag;0.834065854549408;0.0;0.9619645476341248;0.0;0.667477245503997;0.5991873594733563;0.40081264052664367
1730781968.9103892;/app/bags/user95_2017-02-24.bag;0.834065854549408;0.0;0.9619645476341248;0.0;0.667477245503997;0.5991873594733563;0.40081264052664367
1730781969.1103785;/app/bags/user95_2017-02-24.bag;0.834065854549408;0.0;0.9619645476341248;0.0;0.667477245503997;0.5991873594733563;0.40081264052664367
1730781969.3103738;/app/bags/user95_2017-02-24.bag;0.834065854549408;0.0;0.9619645476341248;0.0;0.667477245503997;0.5991873594733563;0.40081264052664367
1730781969.5104403;/app/bags/user95_2017-02-24.bag;0.834065854549408;0.0;0.9619645476341248;0.0;0.667477245503997;0.5991873594733563;0.40081264052664367
1730781969.7103822;/app/bags/user95_2017-02-24.bag;0.834065854549408;0.0;0.9619645476341248;0.0;0.667477245503997;0.5991873594733563;0.40081264052664367
1730781969.9103763;/app/bags/user95_2017-02-24.bag;0.834065854549408;0.0;0.9619645476341248;0.0;0.667477245503997;0.5991873594733563;0.40081264052664367
1730781970.110368;/app/bags/user95_2017-02-24.bag;0.834065854549408;0.0;0.9619645476341248;0.0;0.667477245503997;0.5991873594733563;0.40081264052664367
1730781970.310366;/app/bags/user95_2017-02-24.bag;0.834065854549408;0.0;0.9619645476341248;0.0;0.667477245503997;0.5991873594733563;0.40081264052664367
1730781970.510408;/app/bags/user95_2017-02-24.bag;0.834065854549408;0.0;0.9619645476341248;0.0;0.667477245503997;0.5991873594733563;0.40081264052664367
1730781970.7105026;/app/bags/user95_2017-02-24.bag;0.834065854549408;0.0;0.9619645476341248;0.0;0.667477245503997;0.5991873594733563;0.40081264052664367
1730781970.9104183;/app/bags/user95_2017-02-24.bag;0.834065854549408;0.0;0.9619645476341248;0.0;0.667477245503997;0.5991873594733563;0.40081264052664367
1730781971.1104329;/app/bags/user95_2017-02-24.bag;0.834065854549408;0.0;0.9619645476341248;0.0;0.667477245503997;0.5991873594733563;0.40081264052664367
1730781971.310404;/app/bags/user95_2017-02-24.bag;0.834065854549408;0.0;0.9619645476341248;0.0;0.667477245503997;0.5991873594733563;0.40081264052664367
1730781971.5104585;/app/bags/user95_2017-02-24.bag;0.834065854549408;0.0;0.9619645476341248;0.0;0.667477245503997;0.5991873594733563;0.40081264052664367
1730781971.710396;/app/bags/user95_2017-02-24.bag;0.834065854549408;0.0;0.9619645476341248;0.0;0.667477245503997;0.5991873594733563;0.40081264052664367
1730781971.9104033;/app/bags/user95_2017-02-24.bag;0.834065854549408;0.0;0.9619645476341248;0.0;0.667477245503997;0.5991873594733563;0.40081264052664367
1730781972.110489;/app/bags/user95_2017-02-24.bag;0.834065854549408;0.0;0.9619645476341248;0.0;0.667477245503997;0.5991873594733563;0.40081264052664367
1730781972.3103685;/app/bags/user95_2017-02-24.bag;0.834065854549408;0.0;0.9619645476341248;0.0;0.667477245503997;0.5991873594733563;0.40081264052664367
1730781972.5103872;/app/bags/user95_2017-02-24.bag;0.834065854549408;0.0;0.9619645476341248;0.0;0.667477245503997;0.5991873594733563;0.40081264052664367
1730781972.710381;/app/bags/user95_2017-02-24.bag;0.834065854549408;0.0;0.9619645476341248;0.0;0.667477245503997;0.5991873594733563;0.40081264052664367
1730781972.9104216;/app/bags/user95_2017-02-24.bag;0.834065854549408;0.0;0.9619645476341248;0.0;0.667477245503997;0.5991873594733563;0.40081264052664367
1730781973.1103885;/app/bags/user95_2017-02-24.bag;0.834065854549408;0.0;0.9619645476341248;0.0;0.667477245503997;0.5991873594733563;0.40081264052664367
1730781973.3103964;/app/bags/user95_2017-02-24.bag;0.834065854549408;0.0;0.9619645476341248;0.0;0.667477245503997;0.5991873594733563;0.40081264052664367
1730781973.5103996;/app/bags/user95_2017-02-24.bag;0.834065854549408;0.0;0.9619645476341248;0.0;0.667477245503997;0.5991873594733563;0.40081264052664367
1730781973.7103922;/app/bags/user95_2017-02-24.bag;0.834065854549408;0.0;0.9619645476341248;0.0;0.667477245503997;0.5991873594733563;0.40081264052664367
1730781973.91041;/app/bags/user95_2017-02-24.bag;0.834065854549408;0.0;0.9619645476341248;0.0;0.667477245503997;0.5991873594733563;0.40081264052664367
1730781974.1103814;/app/bags/user95_2017-02-24.bag;0.834065854549408;0.0;0.9619645476341248;0.0;0.667477245503997;0.5991873594733563;0.40081264052664367
1730781974.3103745;/app/bags/user95_2017-02-24.bag;0.834065854549408;0.0;0.9619645476341248;0.0;0.667477245503997;0.5991873594733563;0.40081264052664367
1730781974.5103407;/app/bags/user95_2017-02-24.bag;0.834065854549408;0.0;0.9619645476341248;0.0;0.667477245503997;0.5991873594733563;0.40081264052664367
1730781974.7103696;/app/bags/user95_2017-02-24.bag;0.834065854549408;0.0;0.9619645476341248;0.0;0.667477245503997;0.5991873594733563;0.40081264052664367
1730781974.910374;/app/bags/user95_2017-02-24.bag;0.834065854549408;0.0;0.9619645476341248;0.0;0.667477245503997;0.5991873594733563;0.40081264052664367
1730781975.110398;/app/bags/user95_2017-02-24.bag;0.834065854549408;0.0;0.9619645476341248;0.0;0.667477245503997;0.5991873594733563;0.40081264052664367
1730781975.3103948;/app/bags/user95_2017-02-24.bag;0.834065854549408;0.0;0.9619645476341248;0.0;0.667477245503997;0.5991873594733563;0.40081264052664367
1730781975.5104141;/app/bags/user95_2017-02-24.bag;0.834065854549408;0.0;0.9619645476341248;0.0;0.667477245503997;0.5991873594733563;0.40081264052664367
1730781975.7103586;/app/bags/user95_2017-02-24.bag;0.834065854549408;0.0;0.9619645476341248;0.0;0.667477245503997;0.5991873594733563;0.40081264052664367
1730781975.9103708;/app/bags/user95_2017-02-24.bag;0.834065854549408;0.0;0.9619645476341248;0.0;0.667477245503997;0.5991873594733563;0.40081264052664367
1730781976.1104395;/app/bags/user95_2017-02-24.bag;0.834065854549408;0.0;0.9619645476341248;0.0;0.667477245503997;0.5991873594733563;0.40081264052664367
1730781976.310383;/app/bags/user95_2017-02-24.bag;0.834065854549408;0.0;0.9619645476341248;0.0;0.667477245503997;0.5991873594733563;0.40081264052664367
1730781976.510419;/app/bags/user95_2017-02-24.bag;0.834065854549408;0.0;0.9619645476341248;0.0;0.667477245503997;0.5991873594733563;0.40081264052664367
1730781976.7104664;/app/bags/user95_2017-02-24.bag;0.834065854549408;0.0;0.9619645476341248;0.0;0.667477245503997;0.5991873594733563;0.40081264052664367
1730781976.9103818;/app/bags/user95_2017-02-24.bag;0.834065854549408;0.0;0.9619645476341248;0.0;0.667477245503997;0.5991873594733563;0.40081264052664367
1730781977.1103582;/app/bags/user95_2017-02-24.bag;0.834065854549408;0.0;0.9619645476341248;0.0;0.667477245503997;0.5991873594733563;0.40081264052664367
1730781977.3104124;/app/bags/user95_2017-02-24.bag;0.834065854549408;0.0;0.9619645476341248;0.0;0.667477245503997;0.5991873594733563;0.40081264052664367
1730781977.5104368;/app/bags/user95_2017-02-24.bag;0.834065854549408;0.0;0.9619645476341248;0.0;0.667477245503997;0.5991873594733563;0.40081264052664367
1730781977.7103882;/app/bags/user95_2017-02-24.bag;0.834065854549408;0.0;0.9619645476341248;0.0;0.667477245503997;0.5991873594733563;0.40081264052664367
1730781977.9103653;/app/bags/user95_2017-02-24.bag;0.834065854549408;0.0;0.9619645476341248;0.0;0.667477245503997;0.5991873594733563;0.40081264052664367
1730781978.1104476;/app/bags/user95_2017-02-24.bag;0.834065854549408;0.0;0.9619645476341248;0.0;0.667477245503997;0.5991873594733563;0.40081264052664367
1730781978.3104134;/app/bags/user95_2017-02-24.bag;0.834065854549408;0.0;0.9619645476341248;0.0;0.667477245503997;0.5991873594733563;0.40081264052664367
1730781978.5103967;/app/bags/user95_2017-02-24.bag;0.834065854549408;0.0;0.9619645476341248;0.0;0.667477245503997;0.5991873594733563;0.40081264052664367
1730781978.7103987;/app/bags/user95_2017-02-24.bag;0.834065854549408;0.0;0.9619645476341248;0.0;0.667477245503997;0.5991873594733563;0.40081264052664367
1730781978.9103816;/app/bags/user95_2017-02-24.bag;0.834065854549408;0.0;0.9619645476341248;0.0;0.667477245503997;0.5991873594733563;0.40081264052664367
1730781979.1105194;/app/bags/user95_2017-02-24.bag;0.834065854549408;0.0;0.9619645476341248;0.0;0.667477245503997;0.5991873594733563;0.40081264052664367
1730781979.310434;/app/bags/user95_2017-02-24.bag;0.834065854549408;0.0;0.9619645476341248;0.0;0.667477245503997;0.5991873594733563;0.40081264052664367
1730781979.5103927;/app/bags/user95_2017-02-24.bag;0.834065854549408;0.0;0.9619645476341248;0.0;0.667477245503997;0.5991873594733563;0.40081264052664367
1730781979.7103524;/app/bags/user95_2017-02-24.bag;0.834065854549408;0.0;0.9619645476341248;0.0;0.667477245503997;0.5991873594733563;0.40081264052664367
1730781979.9103835;/app/bags/user95_2017-02-24.bag;0.834065854549408;0.0;0.9619645476341248;0.0;0.667477245503997;0.5991873594733563;0.40081264052664367
1730781980.1103911;/app/bags/user95_2017-02-24.bag;0.834065854549408;0.0;0.9619645476341248;0.0;0.667477245503997;0.5991873594733563;0.40081264052664367
1730781980.3103547;/app/bags/user95_2017-02-24.bag;0.834065854549408;0.0;0.9619645476341248;0.0;0.667477245503997;0.5991873594733563;0.40081264052664367
1730781980.5103915;/app/bags/user95_2017-02-24.bag;0.834065854549408;0.0;0.9619645476341248;0.0;0.667477245503997;0.5991873594733563;0.40081264052664367
1730781980.7104304;/app/bags/user95_2017-02-24.bag;0.834065854549408;0.0;0.9619645476341248;0.0;0.667477245503997;0.5991873594733563;0.40081264052664367
1730781980.9104166;/app/bags/user95_2017-02-24.bag;0.834065854549408;0.0;0.9619645476341248;0.0;0.667477245503997;0.5991873594733563;0.40081264052664367
1730781981.1103847;/app/bags/user95_2017-02-24.bag;0.834065854549408;0.0;0.9619645476341248;0.0;0.667477245503997;0.5991873594733563;0.40081264052664367
1730781981.3103757;/app/bags/user95_2017-02-24.bag;0.834065854549408;0.0;0.9619645476341248;0.0;0.667477245503997;0.5991873594733563;0.40081264052664367
1730781981.5104144;/app/bags/user95_2017-02-24.bag;0.834065854549408;0.0;0.9619645476341248;0.0;0.667477245503997;0.5991873594733563;0.40081264052664367
1730781981.7104235;/app/bags/user95_2017-02-24.bag;0.834065854549408;0.0;0.9619645476341248;0.0;0.667477245503997;0.5991873594733563;0.40081264052664367
1730781981.9103682;/app/bags/user95_2017-02-24.bag;0.834065854549408;0.0;0.9619645476341248;0.0;0.667477245503997;0.5991873594733563;0.40081264052664367
1730781982.1104312;/app/bags/user95_2017-02-24.bag;0.834065854549408;0.0;0.9619645476341248;0.0;0.667477245503997;0.5991873594733563;0.40081264052664367
1730781982.3104112;/app/bags/user95_2017-02-24.bag;0.834065854549408;0.0;0.9619645476341248;0.0;0.667477245503997;0.5991873594733563;0.40081264052664367
1730781982.510359;/app/bags/user95_2017-02-24.bag;0.834065854549408;0.0;0.9619645476341248;0.0;0.667477245503997;0.5991873594733563;0.40081264052664367
1730781982.7103522;/app/bags/user95_2017-02-24.bag;0.834065854549408;0.0;0.9619645476341248;0.0;0.667477245503997;0.5991873594733563;0.40081264052664367
1730781982.910383;/app/bags/user95_2017-02-24.bag;0.834065854549408;0.0;0.9619645476341248;0.0;0.667477245503997;0.5991873594733563;0.40081264052664367
1730781983.110387;/app/bags/user95_2017-02-24.bag;0.834065854549408;0.0;0.9619645476341248;0.0;0.667477245503997;0.5991873594733563;0.40081264052664367
1730781983.3105633;/app/bags/user95_2017-02-24.bag;0.834065854549408;0.0;0.9619645476341248;0.0;0.667477245503997;0.5991873594733563;0.40081264052664367
1730781983.5103662;/app/bags/user95_2017-02-24.bag;0.834065854549408;0.0;0.9619645476341248;0.0;0.667477245503997;0.5991873594733563;0.40081264052664367
1730781983.7103972;/app/bags/user95_2017-02-24.bag;0.834065854549408;0.0;0.9619645476341248;0.0;0.667477245503997;0.5991873594733563;0.40081264052664367
1730781983.9103794;/app/bags/user95_2017-02-24.bag;0.834065854549408;0.0;0.9619645476341248;0.0;0.667477245503997;0.5991873594733563;0.40081264052664367
1730781984.1104302;/app/bags/user95_2017-02-24.bag;0.834065854549408;0.0;0.9619645476341248;0.0;0.667477245503997;0.5991873594733563;0.40081264052664367
1730781984.3103952;/app/bags/user95_2017-02-24.bag;0.834065854549408;0.0;0.9619645476341248;0.0;0.667477245503997;0.5991873594733563;0.40081264052664367
1730781984.510385;/app/bags/user95_2017-02-24.bag;0.834065854549408;0.0;0.9619645476341248;0.0;0.667477245503997;0.5991873594733563;0.40081264052664367
1730781984.7103493;/app/bags/user95_2017-02-24.bag;0.834065854549408;0.0;0.9619645476341248;0.0;0.667477245503997;0.5991873594733563;0.40081264052664367
1730781984.9103968;/app/bags/user95_2017-02-24.bag;0.834065854549408;0.0;0.9619645476341248;0.0;0.667477245503997;0.5991873594733563;0.40081264052664367
1730781985.1103997;/app/bags/user95_2017-02-24.bag;0.834065854549408;0.0;0.9619645476341248;0.0;0.667477245503997;0.5991873594733563;0.40081264052664367
1730781985.310373;/app/bags/user95_2017-02-24.bag;0.834065854549408;0.0;0.9619645476341248;0.0;0.667477245503997;0.5991873594733563;0.40081264052664367
1730781985.5104191;/app/bags/user95_2017-02-24.bag;0.834065854549408;0.0;0.9619645476341248;0.0;0.667477245503997;0.5991873594733563;0.40081264052664367
1730781985.7103765;/app/bags/user95_2017-02-24.bag;0.834065854549408;0.0;0.9619645476341248;0.0;0.667477245503997;0.5991873594733563;0.40081264052664367
1730781985.910465;/app/bags/user95_2017-02-24.bag;0.834065854549408;0.0;0.9619645476341248;0.0;0.667477245503997;0.5991873594733563;0.40081264052664367
1730781986.1104295;/app/bags/user95_2017-02-24.bag;0.834065854549408;0.0;0.9619645476341248;0.0;0.667477245503997;0.5991873594733563;0.40081264052664367
1730781986.3104281;/app/bags/user95_2017-02-24.bag;0.834065854549408;0.0;0.9619645476341248;0.0;0.667477245503997;0.5991873594733563;0.40081264052664367
1730781986.5103798;/app/bags/user95_2017-02-24.bag;0.834065854549408;0.0;0.9619645476341248;0.0;0.667477245503997;0.5991873594733563;0.40081264052664367
1730781986.7104669;/app/bags/user95_2017-02-24.bag;0.834065854549408;0.0;0.9619645476341248;0.0;0.667477245503997;0.5991873594733563;0.40081264052664367
1730781986.9107728;/app/bags/user95_2017-02-24.bag;0.834065854549408;0.0;0.9619645476341248;0.0;0.667477245503997;0.5991873594733563;0.40081264052664367
1730781987.110384;/app/bags/user95_2017-02-24.bag;0.834065854549408;0.0;0.9619645476341248;0.0;0.667477245503997;0.5991873594733563;0.40081264052664367
1730781987.310422;/app/bags/user95_2017-02-24.bag;0.834065854549408;0.0;0.9619645476341248;0.0;0.667477245503997;0.5991873594733563;0.40081264052664367
1730781987.510379;/app/bags/user95_2017-02-24.bag;0.834065854549408;0.0;0.9619645476341248;0.0;0.667477245503997;0.5991873594733563;0.40081264052664367
1730781987.7103846;/app/bags/user95_2017-02-24.bag;0.834065854549408;0.0;0.9619645476341248;0.0;0.667477245503997;0.5991873594733563;0.40081264052664367
1730781987.910394;/app/bags/user95_2017-02-24.bag;0.834065854549408;0.0;0.9619645476341248;0.0;0.667477245503997;0.5991873594733563;0.40081264052664367
1730781988.1104198;/app/bags/user95_2017-02-24.bag;0.834065854549408;0.0;0.9619645476341248;0.0;0.667477245503997;0.5991873594733563;0.40081264052664367
1730781988.3104208;/app/bags/user95_2017-02-24.bag;0.834065854549408;0.0;0.9619645476341248;0.0;0.667477245503997;0.5991873594733563;0.40081264052664367
1730781988.5104134;/app/bags/user95_2017-02-24.bag;0.834065854549408;0.0;0.9619645476341248;0.0;0.667477245503997;0.5991873594733563;0.40081264052664367
1730781988.71037;/app/bags/user95_2017-02-24.bag;0.834065854549408;0.0;0.9619645476341248;0.0;0.667477245503997;0.5991873594733563;0.40081264052664367
1730781988.9103723;/app/bags/user95_2017-02-24.bag;0.834065854549408;0.0;0.9619645476341248;0.0;0.667477245503997;0.5991873594733563;0.40081264052664367
1730781989.1103604;/app/bags/user95_2017-02-24.bag;0.834065854549408;0.0;0.9619645476341248;0.0;0.667477245503997;0.5991873594733563;0.40081264052664367
1730781989.3104203;/app/bags/user95_2017-02-24.bag;0.834065854549408;0.0;0.9619645476341248;0.0;0.667477245503997;0.5991873594733563;0.40081264052664367
1730781989.510388;/app/bags/user95_2017-02-24.bag;0.834065854549408;0.0;0.9619645476341248;0.0;0.667477245503997;0.5991873594733563;0.40081264052664367
1730781989.7103884;/app/bags/user95_2017-02-24.bag;0.834065854549408;0.0;0.9619645476341248;0.0;0.667477245503997;0.5991873594733563;0.40081264052664367
1730781989.9103997;/app/bags/user95_2017-02-24.bag;0.834065854549408;0.0;0.9619645476341248;0.0;0.667477245503997;0.5991873594733563;0.40081264052664367
1730781990.1103806;/app/bags/user95_2017-02-24.bag;0.834065854549408;0.0;0.9619645476341248;0.0;0.667477245503997;0.5991873594733563;0.40081264052664367
1730781990.3104324;/app/bags/user95_2017-02-24.bag;0.834065854549408;0.0;0.9619645476341248;0.0;0.667477245503997;0.5991873594733563;0.40081264052664367
1730781990.5103872;/app/bags/user95_2017-02-24.bag;0.834065854549408;0.0;0.9619645476341248;0.0;0.667477245503997;0.5991873594733563;0.40081264052664367
1730781990.710461;/app/bags/user95_2017-02-24.bag;0.834065854549408;0.0;0.9619645476341248;0.0;0.667477245503997;0.5991873594733563;0.40081264052664367
1730781990.91037;/app/bags/user95_2017-02-24.bag;0.834065854549408;0.0;0.9619645476341248;0.0;0.667477245503997;0.5991873594733563;0.40081264052664367
1730781991.1103733;/app/bags/user95_2017-02-24.bag;0.834065854549408;0.0;0.9619645476341248;0.0;0.667477245503997;0.5991873594733563;0.40081264052664367
1730781991.3104007;/app/bags/user95_2017-02-24.bag;0.834065854549408;0.0;0.9619645476341248;0.0;0.667477245503997;0.5991873594733563;0.40081264052664367
1730781991.5144267;/app/bags/user95_2017-02-24.bag;0.834065854549408;0.0;0.9619645476341248;0.0;0.667477245503997;0.5991873594733563;0.40081264052664367
1730781991.7103794;/app/bags/user95_2017-02-24.bag;0.834065854549408;0.0;0.9619645476341248;0.0;0.667477245503997;0.5991873594733563;0.40081264052664367
1730781991.9103637;/app/bags/user95_2017-02-24.bag;0.834065854549408;0.0;0.9619645476341248;0.0;0.667477245503997;0.5991873594733563;0.40081264052664367
1730781992.1103983;/app/bags/user95_2017-02-24.bag;0.834065854549408;0.0;0.9619645476341248;0.0;0.667477245503997;0.5991873594733563;0.40081264052664367
1730781992.310404;/app/bags/user95_2017-02-24.bag;0.834065854549408;0.0;0.9619645476341248;0.0;0.667477245503997;0.5991873594733563;0.40081264052664367
1730781992.5104206;/app/bags/user95_2017-02-24.bag;0.834065854549408;0.0;0.9619645476341248;0.0;0.667477245503997;0.5991873594733563;0.40081264052664367
1730781992.7103891;/app/bags/user95_2017-02-24.bag;0.834065854549408;0.0;0.9619645476341248;0.0;0.667477245503997;0.5991873594733563;0.40081264052664367
1730781992.9103842;/app/bags/user95_2017-02-24.bag;0.834065854549408;0.0;0.9619645476341248;0.0;0.667477245503997;0.5991873594733563;0.40081264052664367
1730781993.1103966;/app/bags/user95_2017-02-24.bag;0.834065854549408;0.0;0.9619645476341248;0.0;0.667477245503997;0.5991873594733563;0.40081264052664367
1730781993.310443;/app/bags/user95_2017-02-24.bag;0.834065854549408;0.0;0.9619645476341248;0.0;0.667477245503997;0.5991873594733563;0.40081264052664367
1730781993.5103786;/app/bags/user95_2017-02-24.bag;0.834065854549408;0.0;0.9619645476341248;0.0;0.667477245503997;0.5991873594733563;0.40081264052664367
1730781993.7103605;/app/bags/user95_2017-02-24.bag;0.834065854549408;0.0;0.9619645476341248;0.0;0.667477245503997;0.5991873594733563;0.40081264052664367
1730781993.9103818;/app/bags/user95_2017-02-24.bag;0.834065854549408;0.0;0.9619645476341248;0.0;0.667477245503997;0.5991873594733563;0.40081264052664367
1730781994.1103814;/app/bags/user95_2017-02-24.bag;0.834065854549408;0.0;0.9619645476341248;0.0;0.667477245503997;0.5991873594733563;0.40081264052664367
1730781994.3103552;/app/bags/user95_2017-02-24.bag;0.834065854549408;0.0;0.9619645476341248;0.0;0.667477245503997;0.5991873594733563;0.40081264052664367
1730781994.5104609;/app/bags/user95_2017-02-24.bag;0.834065854549408;0.0;0.9619645476341248;0.0;0.667477245503997;0.5991873594733563;0.40081264052664367
1730781994.7103777;/app/bags/user95_2017-02-24.bag;0.834065854549408;0.0;0.9619645476341248;0.0;0.667477245503997;0.5991873594733563;0.40081264052664367
1730781994.9104252;/app/bags/user95_2017-02-24.bag;0.834065854549408;0.0;0.9619645476341248;0.0;0.667477245503997;0.5991873594733563;0.40081264052664367
1730781995.110383;/app/bags/user95_2017-02-24.bag;0.834065854549408;0.0;0.9619645476341248;0.0;0.667477245503997;0.5991873594733563;0.40081264052664367
1730781995.3104076;/app/bags/user95_2017-02-24.bag;0.834065854549408;0.0;0.9619645476341248;0.0;0.667477245503997;0.5991873594733563;0.40081264052664367
1730781995.5103579;/app/bags/user95_2017-02-24.bag;0.834065854549408;0.0;0.9619645476341248;0.0;0.667477245503997;0.5991873594733563;0.40081264052664367
1730781995.7103934;/app/bags/user95_2017-02-24.bag;0.834065854549408;0.0;0.9619645476341248;0.0;0.667477245503997;0.5991873594733563;0.40081264052664367
1730781995.9104636;/app/bags/user95_2017-02-24.bag;0.834065854549408;0.0;0.9619645476341248;0.0;0.667477245503997;0.5991873594733563;0.40081264052664367
1730781996.1104395;/app/bags/user95_2017-02-24.bag;0.834065854549408;0.0;0.9619645476341248;0.0;0.667477245503997;0.5991873594733563;0.40081264052664367
1730781996.3103971;/app/bags/user95_2017-02-24.bag;0.834065854549408;0.0;0.9619645476341248;0.0;0.667477245503997;0.5991873594733563;0.40081264052664367
1730781996.5104332;/app/bags/user95_2017-02-24.bag;0.834065854549408;0.0;0.9619645476341248;0.0;0.667477245503997;0.5991873594733563;0.40081264052664367
1730781996.7104094;/app/bags/user95_2017-02-24.bag;0.834065854549408;0.0;0.9619645476341248;0.0;0.667477245503997;0.5991873594733563;0.40081264052664367
1730781996.9104083;/app/bags/user95_2017-02-24.bag;0.834065854549408;0.0;0.9619645476341248;0.0;0.667477245503997;0.5991873594733563;0.40081264052664367
1730781997.1103833;/app/bags/user95_2017-02-24.bag;0.834065854549408;0.0;0.9619645476341248;0.0;0.667477245503997;0.5991873594733563;0.40081264052664367
1730781997.3105252;/app/bags/user95_2017-02-24.bag;0.834065854549408;0.0;0.9619645476341248;0.0;0.667477245503997;0.5991873594733563;0.40081264052664367
1730781997.5104055;/app/bags/user95_2017-02-24.bag;0.834065854549408;0.0;0.9619645476341248;0.0;0.667477245503997;0.5991873594733563;0.40081264052664367
1730781997.7104151;/app/bags/user95_2017-02-24.bag;0.834065854549408;0.0;0.9619645476341248;0.0;0.667477245503997;0.5991873594733563;0.40081264052664367
1730781997.9105792;/app/bags/user95_2017-02-24.bag;0.834065854549408;0.0;0.9619645476341248;0.0;0.667477245503997;0.5991873594733563;0.40081264052664367
1730781998.1103885;/app/bags/user95_2017-02-24.bag;0.834065854549408;0.0;0.9619645476341248;0.0;0.667477245503997;0.5991873594733563;0.40081264052664367
1730781998.3103747;/app/bags/user95_2017-02-24.bag;0.834065854549408;0.0;0.9619645476341248;0.0;0.667477245503997;0.5991873594733563;0.40081264052664367
1730781998.5104508;/app/bags/user95_2017-02-24.bag;0.834065854549408;0.0;0.9619645476341248;0.0;0.667477245503997;0.5991873594733563;0.40081264052664367
1730781998.7104385;/app/bags/user95_2017-02-24.bag;0.834065854549408;0.0;0.9619645476341248;0.0;0.667477245503997;0.5991873594733563;0.40081264052664367
1730781998.9103825;/app/bags/user95_2017-02-24.bag;0.834065854549408;0.0;0.9619645476341248;0.0;0.667477245503997;0.5991873594733563;0.40081264052664367
1730781999.1104298;/app/bags/user95_2017-02-24.bag;0.834065854549408;0.0;0.9619645476341248;0.0;0.667477245503997;0.5991873594733563;0.40081264052664367
1730781999.3103697;/app/bags/user95_2017-02-24.bag;0.834065854549408;0.0;0.9619645476341248;0.0;0.667477245503997;0.5991873594733563;0.40081264052664367
1730781999.5103889;/app/bags/user95_2017-02-24.bag;0.834065854549408;0.0;0.9619645476341248;0.0;0.667477245503997;0.5991873594733563;0.40081264052664367
1730781999.7104037;/app/bags/user95_2017-02-24.bag;0.834065854549408;0.0;0.9619645476341248;0.0;0.667477245503997;0.5991873594733563;0.40081264052664367
1730781999.910398;/app/bags/user95_2017-02-24.bag;0.834065854549408;0.0;0.9619645476341248;0.0;0.667477245503997;0.5991873594733563;0.40081264052664367
1730782000.1103795;/app/bags/user95_2017-02-24.bag;0.834065854549408;0.0;0.9619645476341248;0.0;0.667477245503997;0.5991873594733563;0.40081264052664367
1730782000.3104367;/app/bags/user95_2017-02-24.bag;0.834065854549408;0.0;0.9619645476341248;0.0;0.667477245503997;0.5991873594733563;0.40081264052664367
1730782000.510382;/app/bags/user95_2017-02-24.bag;0.834065854549408;0.0;0.9619645476341248;0.0;0.667477245503997;0.5991873594733563;0.40081264052664367
1730782000.7103944;/app/bags/user95_2017-02-24.bag;0.834065854549408;0.0;0.9619645476341248;0.0;0.667477245503997;0.5991873594733563;0.40081264052664367
1730782000.9103975;/app/bags/user95_2017-02-24.bag;0.834065854549408;0.0;0.9619645476341248;0.0;0.667477245503997;0.5991873594733563;0.40081264052664367
1730782001.1103888;/app/bags/user95_2017-02-24.bag;0.834065854549408;0.0;0.9619645476341248;0.0;0.667477245503997;0.5991873594733563;0.40081264052664367
1730782001.3104942;/app/bags/user95_2017-02-24.bag;0.834065854549408;0.0;0.9619645476341248;0.0;0.667477245503997;0.5991873594733563;0.40081264052664367
1730782001.5103638;/app/bags/user95_2017-02-24.bag;0.834065854549408;0.0;0.9619645476341248;0.0;0.667477245503997;0.5991873594733563;0.40081264052664367
1730782001.7103658;/app/bags/user95_2017-02-24.bag;0.834065854549408;0.0;0.9619645476341248;0.0;0.667477245503997;0.5991873594733563;0.40081264052664367
1730782001.9104538;/app/bags/user95_2017-02-24.bag;0.834065854549408;0.0;0.9619645476341248;0.0;0.667477245503997;0.5991873594733563;0.40081264052664367
1730782002.1103683;/app/bags/user95_2017-02-24.bag;0.834065854549408;0.0;0.9619645476341248;0.0;0.667477245503997;0.5991873594733563;0.40081264052664367
1730782002.310405;/app/bags/user95_2017-02-24.bag;0.834065854549408;0.0;0.9619645476341248;0.0;0.667477245503997;0.5991873594733563;0.40081264052664367
1730782002.5104287;/app/bags/user95_2017-02-24.bag;0.834065854549408;0.0;0.9619645476341248;0.0;0.667477245503997;0.5991873594733563;0.40081264052664367
1730782002.7105675;/app/bags/user95_2017-02-24.bag;0.834065854549408;0.0;0.9619645476341248;0.0;0.667477245503997;0.5991873594733563;0.40081264052664367
1730782002.910415;/app/bags/user95_2017-02-24.bag;0.834065854549408;0.0;0.9619645476341248;0.0;0.667477245503997;0.5991873594733563;0.40081264052664367
1730782003.110489;/app/bags/user95_2017-02-24.bag;0.834065854549408;0.0;0.9619645476341248;0.0;0.667477245503997;0.5991873594733563;0.40081264052664367
1730782003.3103614;/app/bags/user95_2017-02-24.bag;0.834065854549408;0.0;0.9619645476341248;0.0;0.667477245503997;0.5991873594733563;0.40081264052664367
1730782003.5103781;/app/bags/user95_2017-02-24.bag;0.834065854549408;0.0;0.9619645476341248;0.0;0.667477245503997;0.5991873594733563;0.40081264052664367
1730782003.7103908;/app/bags/user95_2017-02-24.bag;0.834065854549408;0.0;0.9619645476341248;0.0;0.667477245503997;0.5991873594733563;0.40081264052664367
1730782003.9103928;/app/bags/user95_2017-02-24.bag;0.834065854549408;0.0;0.9619645476341248;0.0;0.667477245503997;0.5991873594733563;0.40081264052664367
1730782004.1104236;/app/bags/user95_2017-02-24.bag;0.834065854549408;0.0;0.9619645476341248;0.0;0.667477245503997;0.5991873594733563;0.40081264052664367
1730782004.310366;/app/bags/user95_2017-02-24.bag;0.834065854549408;0.0;0.9619645476341248;0.0;0.667477245503997;0.5991873594733563;0.40081264052664367
1730782004.5104122;/app/bags/user95_2017-02-24.bag;0.834065854549408;0.0;0.9619645476341248;0.0;0.667477245503997;0.5991873594733563;0.40081264052664367
1730782004.710454;/app/bags/user95_2017-02-24.bag;0.834065854549408;0.0;0.9619645476341248;0.0;0.667477245503997;0.5991873594733563;0.40081264052664367
1730782004.9103782;/app/bags/user95_2017-02-24.bag;0.834065854549408;0.0;0.9619645476341248;0.0;0.667477245503997;0.5991873594733563;0.40081264052664367
1730782005.1103857;/app/bags/user95_2017-02-24.bag;0.834065854549408;0.0;0.9619645476341248;0.0;0.667477245503997;0.5991873594733563;0.40081264052664367
1730782005.310442;/app/bags/user95_2017-02-24.bag;0.834065854549408;0.0;0.9619645476341248;0.0;0.667477245503997;0.5991873594733563;0.40081264052664367
1730782005.5103927;/app/bags/user95_2017-02-24.bag;0.834065854549408;0.0;0.9619645476341248;0.0;0.667477245503997;0.5991873594733563;0.40081264052664367
1730782005.7103662;/app/bags/user95_2017-02-24.bag;0.834065854549408;0.0;0.9619645476341248;0.0;0.667477245503997;0.5991873594733563;0.40081264052664367
1730782005.910378;/app/bags/user95_2017-02-24.bag;0.834065854549408;0.0;0.9619645476341248;0.0;0.667477245503997;0.5991873594733563;0.40081264052664367
1730782006.1104653;/app/bags/user95_2017-02-24.bag;0.834065854549408;0.0;0.9619645476341248;0.0;0.667477245503997;0.5991873594733563;0.40081264052664367
1730782006.310435;/app/bags/user95_2017-02-24.bag;0.834065854549408;0.0;0.9619645476341248;0.0;0.667477245503997;0.5991873594733563;0.40081264052664367
1730782006.5103703;/app/bags/user95_2017-02-24.bag;0.834065854549408;0.0;0.9619645476341248;0.0;0.667477245503997;0.5991873594733563;0.40081264052664367
1730782006.7103639;/app/bags/user95_2017-02-24.bag;0.834065854549408;0.0;0.9619645476341248;0.0;0.667477245503997;0.5991873594733563;0.40081264052664367
1730782006.9103773;/app/bags/user95_2017-02-24.bag;0.834065854549408;0.0;0.9619645476341248;0.0;0.667477245503997;0.5991873594733563;0.40081264052664367
1730782007.1103961;/app/bags/user95_2017-02-24.bag;0.834065854549408;0.0;0.9619645476341248;0.0;0.667477245503997;0.5991873594733563;0.40081264052664367
1730782007.3103695;/app/bags/user95_2017-02-24.bag;0.834065854549408;0.0;0.9619645476341248;0.0;0.667477245503997;0.5991873594733563;0.40081264052664367
1730782007.5103877;/app/bags/user95_2017-02-24.bag;0.834065854549408;0.0;0.9619645476341248;0.0;0.667477245503997;0.5991873594733563;0.40081264052664367
1730782007.7103949;/app/bags/user95_2017-02-24.bag;0.834065854549408;0.0;0.9619645476341248;0.0;0.667477245503997;0.5991873594733563;0.40081264052664367
1730782007.9103918;/app/bags/user95_2017-02-24.bag;0.834065854549408;0.0;0.9619645476341248;0.0;0.667477245503997;0.5991873594733563;0.40081264052664367
1730782008.1103802;/app/bags/user95_2017-02-24.bag;0.834065854549408;0.0;0.9619645476341248;0.0;0.667477245503997;0.5991873594733563;0.40081264052664367
1730782008.310403;/app/bags/user95_2017-02-24.bag;0.834065854549408;0.0;0.9619645476341248;0.0;0.667477245503997;0.5991873594733563;0.40081264052664367
1730782008.5104501;/app/bags/user95_2017-02-24.bag;0.834065854549408;0.0;0.9619645476341248;0.0;0.667477245503997;0.5991873594733563;0.40081264052664367
1730782008.7104154;/app/bags/user95_2017-02-24.bag;0.834065854549408;0.0;0.9619645476341248;0.0;0.667477245503997;0.5991873594733563;0.40081264052664367
1730782008.9103932;/app/bags/user95_2017-02-24.bag;0.834065854549408;0.0;0.9619645476341248;0.0;0.667477245503997;0.5991873594733563;0.40081264052664367
1730782009.1103814;/app/bags/user95_2017-02-24.bag;0.834065854549408;0.0;0.9619645476341248;0.0;0.667477245503997;0.5991873594733563;0.40081264052664367
1730782009.3104463;/app/bags/user95_2017-02-24.bag;0.834065854549408;0.0;0.9619645476341248;0.0;0.667477245503997;0.5991873594733563;0.40081264052664367
1730782009.5104573;/app/bags/user95_2017-02-24.bag;0.834065854549408;0.0;0.9619645476341248;0.0;0.667477245503997;0.5991873594733563;0.40081264052664367
1730782009.7103698;/app/bags/user95_2017-02-24.bag;0.834065854549408;0.0;0.9619645476341248;0.0;0.667477245503997;0.5991873594733563;0.40081264052664367
1730782009.9103785;/app/bags/user95_2017-02-24.bag;0.834065854549408;0.0;0.9619645476341248;0.0;0.667477245503997;0.5991873594733563;0.40081264052664367
1730782010.1103802;/app/bags/user95_2017-02-24.bag;0.834065854549408;0.0;0.9619645476341248;0.0;0.667477245503997;0.5991873594733563;0.40081264052664367
1730782010.3104396;/app/bags/user95_2017-02-24.bag;0.834065854549408;0.0;0.9619645476341248;0.0;0.667477245503997;0.5991873594733563;0.40081264052664367
1730782010.5104387;/app/bags/user95_2017-02-24.bag;0.834065854549408;0.0;0.9619645476341248;0.0;0.667477245503997;0.5991873594733563;0.40081264052664367
1730782010.7104316;/app/bags/user95_2017-02-24.bag;0.834065854549408;0.0;0.9619645476341248;0.0;0.667477245503997;0.5991873594733563;0.40081264052664367
1730782010.9104044;/app/bags/user95_2017-02-24.bag;0.834065854549408;0.0;0.9619645476341248;0.0;0.667477245503997;0.5991873594733563;0.40081264052664367
1730782011.1104069;/app/bags/user95_2017-02-24.bag;0.834065854549408;0.0;0.9619645476341248;0.0;0.667477245503997;0.5991873594733563;0.40081264052664367
1730782011.3103793;/app/bags/user95_2017-02-24.bag;0.834065854549408;0.0;0.9619645476341248;0.0;0.667477245503997;0.5991873594733563;0.40081264052664367
1730782011.5103962;/app/bags/user95_2017-02-24.bag;0.834065854549408;0.0;0.9619645476341248;0.0;0.667477245503997;0.5991873594733563;0.40081264052664367
1730782011.7104552;/app/bags/user95_2017-02-24.bag;0.834065854549408;0.0;0.9619645476341248;0.0;0.667477245503997;0.5991873594733563;0.40081264052664367
1730782011.9104483;/app/bags/user95_2017-02-24.bag;0.834065854549408;0.0;0.9619645476341248;0.0;0.667477245503997;0.5991873594733563;0.40081264052664367
1730782012.110427;/app/bags/user95_2017-02-24.bag;0.834065854549408;0.0;0.9619645476341248;0.0;0.667477245503997;0.5991873594733563;0.40081264052664367
1730782012.3103943;/app/bags/user95_2017-02-24.bag;0.834065854549408;0.0;0.9619645476341248;0.0;0.667477245503997;0.5991873594733563;0.40081264052664367
1730782012.5103805;/app/bags/user95_2017-02-24.bag;0.834065854549408;0.0;0.9619645476341248;0.0;0.667477245503997;0.5991873594733563;0.40081264052664367
1730782012.71039;/app/bags/user95_2017-02-24.bag;0.834065854549408;0.0;0.9619645476341248;0.0;0.667477245503997;0.5991873594733563;0.40081264052664367
1730782012.9104097;/app/bags/user95_2017-02-24.bag;0.834065854549408;0.0;0.9619645476341248;0.0;0.667477245503997;0.5991873594733563;0.40081264052664367
1730782013.110388;/app/bags/user95_2017-02-24.bag;0.834065854549408;0.0;0.9619645476341248;0.0;0.667477245503997;0.5991873594733563;0.40081264052664367
1730782013.3103838;/app/bags/user95_2017-02-24.bag;0.834065854549408;0.0;0.9619645476341248;0.0;0.667477245503997;0.5991873594733563;0.40081264052664367
1730782013.510387;/app/bags/user95_2017-02-24.bag;0.834065854549408;0.0;0.9619645476341248;0.0;0.667477245503997;0.5991873594733563;0.40081264052664367
1730782013.710403;/app/bags/user95_2017-02-24.bag;0.834065854549408;0.0;0.9619645476341248;0.0;0.667477245503997;0.5991873594733563;0.40081264052664367
1730782013.910386;/app/bags/user95_2017-02-24.bag;0.834065854549408;0.0;0.9619645476341248;0.0;0.667477245503997;0.5991873594733563;0.40081264052664367
1730782014.1103783;/app/bags/user95_2017-02-24.bag;0.834065854549408;0.0;0.9619645476341248;0.0;0.667477245503997;0.5991873594733563;0.40081264052664367
1730782014.3103743;/app/bags/user95_2017-02-24.bag;0.834065854549408;0.0;0.9619645476341248;0.0;0.667477245503997;0.5991873594733563;0.40081264052664367
1730782014.5103688;/app/bags/user95_2017-02-24.bag;0.834065854549408;0.0;0.9619645476341248;0.0;0.667477245503997;0.5991873594733563;0.40081264052664367
1730782014.7103863;/app/bags/user95_2017-02-24.bag;0.834065854549408;0.0;0.9619645476341248;0.0;0.667477245503997;0.5991873594733563;0.40081264052664367
1730782014.9103794;/app/bags/user95_2017-02-24.bag;0.834065854549408;0.0;0.9619645476341248;0.0;0.667477245503997;0.5991873594733563;0.40081264052664367
1730782015.110413;/app/bags/user95_2017-02-24.bag;0.834065854549408;0.0;0.9619645476341248;0.0;0.667477245503997;0.5991873594733563;0.40081264052664367
1730782015.31038;/app/bags/user95_2017-02-24.bag;0.834065854549408;0.0;0.9619645476341248;0.0;0.667477245503997;0.5991873594733563;0.40081264052664367
1730782015.5104458;/app/bags/user95_2017-02-24.bag;0.834065854549408;0.0;0.9619645476341248;0.0;0.667477245503997;0.5991873594733563;0.40081264052664367
1730782015.7104723;/app/bags/user95_2017-02-24.bag;0.834065854549408;0.0;0.9619645476341248;0.0;0.667477245503997;0.5991873594733563;0.40081264052664367
1730782015.9103606;/app/bags/user95_2017-02-24.bag;0.834065854549408;0.0;0.9619645476341248;0.0;0.667477245503997;0.5991873594733563;0.40081264052664367
1730782016.110425;/app/bags/user95_2017-02-24.bag;0.834065854549408;0.0;0.9619645476341248;0.0;0.667477245503997;0.5991873594733563;0.40081264052664367
1730782016.3118088;/app/bags/user95_2017-02-24.bag;0.834065854549408;0.0;0.9619645476341248;0.0;0.667477245503997;0.5991873594733563;0.40081264052664367
1730782016.5103984;/app/bags/user95_2017-02-24.bag;0.834065854549408;0.0;0.9619645476341248;0.0;0.667477245503997;0.5991873594733563;0.40081264052664367
1730782016.7104614;/app/bags/user95_2017-02-24.bag;0.834065854549408;0.0;0.9619645476341248;0.0;0.667477245503997;0.5991873594733563;0.40081264052664367
1730782016.9104385;/app/bags/user95_2017-02-24.bag;0.834065854549408;0.0;0.9619645476341248;0.0;0.667477245503997;0.5991873594733563;0.40081264052664367
1730782017.1104217;/app/bags/user95_2017-02-24.bag;0.834065854549408;0.0;0.9619645476341248;0.0;0.667477245503997;0.5991873594733563;0.40081264052664367
1730782017.3103728;/app/bags/user95_2017-02-24.bag;0.834065854549408;0.0;0.9619645476341248;0.0;0.667477245503997;0.5991873594733563;0.40081264052664367
1730782017.5103927;/app/bags/user95_2017-02-24.bag;0.834065854549408;0.0;0.9619645476341248;0.0;0.667477245503997;0.5991873594733563;0.40081264052664367
1730782017.7104003;/app/bags/user95_2017-02-24.bag;0.834065854549408;0.0;0.9619645476341248;0.0;0.667477245503997;0.5991873594733563;0.40081264052664367
1730782017.9103835;/app/bags/user95_2017-02-24.bag;0.834065854549408;0.0;0.9619645476341248;0.0;0.667477245503997;0.5991873594733563;0.40081264052664367
1730782018.1103883;/app/bags/user95_2017-02-24.bag;0.834065854549408;0.0;0.9619645476341248;0.0;0.667477245503997;0.5991873594733563;0.40081264052664367
1730782018.3104842;/app/bags/user95_2017-02-24.bag;0.834065854549408;0.0;0.9619645476341248;0.0;0.667477245503997;0.5991873594733563;0.40081264052664367
1730782018.5104167;/app/bags/user95_2017-02-24.bag;0.834065854549408;0.0;0.9619645476341248;0.0;0.667477245503997;0.5991873594733563;0.40081264052664367
1730782018.710391;/app/bags/user95_2017-02-24.bag;0.834065854549408;0.0;0.9619645476341248;0.0;0.667477245503997;0.5991873594733563;0.40081264052664367
1730782018.9104412;/app/bags/user95_2017-02-24.bag;0.834065854549408;0.0;0.9619645476341248;0.0;0.667477245503997;0.5991873594733563;0.40081264052664367
1730782019.1103885;/app/bags/user95_2017-02-24.bag;0.834065854549408;0.0;0.9619645476341248;0.0;0.667477245503997;0.5991873594733563;0.40081264052664367
1730782019.3103933;/app/bags/user95_2017-02-24.bag;0.834065854549408;0.0;0.9619645476341248;0.0;0.667477245503997;0.5991873594733563;0.40081264052664367
1730782019.5103807;/app/bags/user95_2017-02-24.bag;0.834065854549408;0.0;0.9619645476341248;0.0;0.667477245503997;0.5991873594733563;0.40081264052664367
1730782019.710371;/app/bags/user95_2017-02-24.bag;0.834065854549408;0.0;0.9619645476341248;0.0;0.667477245503997;0.5991873594733563;0.40081264052664367
1730782019.9103806;/app/bags/user95_2017-02-24.bag;0.834065854549408;0.0;0.9619645476341248;0.0;0.667477245503997;0.5991873594733563;0.40081264052664367
1730782020.1104615;/app/bags/user95_2017-02-24.bag;0.834065854549408;0.0;0.9619645476341248;0.0;0.667477245503997;0.5991873594733563;0.40081264052664367
1730782020.31041;/app/bags/user95_2017-02-24.bag;0.834065854549408;0.0;0.9619645476341248;0.0;0.667477245503997;0.5991873594733563;0.40081264052664367
1730782020.5103548;/app/bags/user95_2017-02-24.bag;0.834065854549408;0.0;0.9619645476341248;0.0;0.667477245503997;0.5991873594733563;0.40081264052664367
1730782020.7104077;/app/bags/user95_2017-02-24.bag;0.834065854549408;0.0;0.9619645476341248;0.0;0.667477245503997;0.5991873594733563;0.40081264052664367
1730782020.9104342;/app/bags/user95_2017-02-24.bag;0.834065854549408;0.0;0.9619645476341248;0.0;0.667477245503997;0.5991873594733563;0.40081264052664367
1730782021.1103458;/app/bags/user95_2017-02-24.bag;0.834065854549408;0.0;0.9619645476341248;0.0;0.667477245503997;0.5991873594733563;0.40081264052664367
1730782021.3103821;/app/bags/user95_2017-02-24.bag;0.834065854549408;0.0;0.9619645476341248;0.0;0.667477245503997;0.5991873594733563;0.40081264052664367
1730782021.5104456;/app/bags/user95_2017-02-24.bag;0.834065854549408;0.0;0.9619645476341248;0.0;0.667477245503997;0.5991873594733563;0.40081264052664367
1730782021.710482;/app/bags/user95_2017-02-24.bag;0.834065854549408;0.0;0.9619645476341248;0.0;0.667477245503997;0.5991873594733563;0.40081264052664367
1730782021.9103858;/app/bags/user95_2017-02-24.bag;0.834065854549408;0.0;0.9619645476341248;0.0;0.667477245503997;0.5991873594733563;0.40081264052664367
1730782022.1104083;/app/bags/user95_2017-02-24.bag;0.834065854549408;0.0;0.9619645476341248;0.0;0.667477245503997;0.5991873594733563;0.40081264052664367
1730782022.3103716;/app/bags/user95_2017-02-24.bag;0.834065854549408;0.0;0.9619645476341248;0.0;0.667477245503997;0.5991873594733563;0.40081264052664367
1730782022.5103843;/app/bags/user95_2017-02-24.bag;0.834065854549408;0.0;0.9619645476341248;0.0;0.667477245503997;0.5991873594733563;0.40081264052664367
1730782022.7103841;/app/bags/user95_2017-02-24.bag;0.834065854549408;0.0;0.9619645476341248;0.0;0.667477245503997;0.5991873594733563;0.40081264052664367
1730782022.9103792;/app/bags/user95_2017-02-24.bag;0.834065854549408;0.0;0.9619645476341248;0.0;0.667477245503997;0.5991873594733563;0.40081264052664367
1730782023.1103992;/app/bags/user95_2017-02-24.bag;0.834065854549408;0.0;0.9619645476341248;0.0;0.667477245503997;0.5991873594733563;0.40081264052664367
1730782023.310409;/app/bags/user95_2017-02-24.bag;0.834065854549408;0.0;0.9619645476341248;0.0;0.667477245503997;0.5991873594733563;0.40081264052664367
1730782023.5103896;/app/bags/user95_2017-02-24.bag;0.834065854549408;0.0;0.9619645476341248;0.0;0.667477245503997;0.5991873594733563;0.40081264052664367
1730782023.7103584;/app/bags/user95_2017-02-24.bag;0.834065854549408;0.0;0.9619645476341248;0.0;0.667477245503997;0.5991873594733563;0.40081264052664367
1730782023.9103801;/app/bags/user95_2017-02-24.bag;0.834065854549408;0.0;0.9619645476341248;0.0;0.667477245503997;0.5991873594733563;0.40081264052664367
1730782024.110426;/app/bags/user95_2017-02-24.bag;0.834065854549408;0.0;0.9619645476341248;0.0;0.667477245503997;0.5991873594733563;0.40081264052664367
1730782024.3104398;/app/bags/user95_2017-02-24.bag;0.834065854549408;0.0;0.9619645476341248;0.0;0.667477245503997;0.5991873594733563;0.40081264052664367
1730782024.5103812;/app/bags/user95_2017-02-24.bag;0.834065854549408;0.0;0.9619645476341248;0.0;0.667477245503997;0.5991873594733563;0.40081264052664367
1730782024.7103436;/app/bags/user95_2017-02-24.bag;0.834065854549408;0.0;0.9619645476341248;0.0;0.667477245503997;0.5991873594733563;0.40081264052664367
1730782024.9103706;/app/bags/user95_2017-02-24.bag;0.834065854549408;0.0;0.9619645476341248;0.0;0.667477245503997;0.5991873594733563;0.40081264052664367
1730782025.1104238;/app/bags/user95_2017-02-24.bag;0.834065854549408;0.0;0.9619645476341248;0.0;0.667477245503997;0.5991873594733563;0.40081264052664367
1730782025.3104384;/app/bags/user95_2017-02-24.bag;0.834065854549408;0.0;0.9619645476341248;0.0;0.667477245503997;0.5991873594733563;0.40081264052664367
1730782025.5104504;/app/bags/user95_2017-02-24.bag;0.834065854549408;0.0;0.9619645476341248;0.0;0.667477245503997;0.5991873594733563;0.40081264052664367
1730782025.7104232;/app/bags/user95_2017-02-24.bag;0.834065854549408;0.0;0.9619645476341248;0.0;0.667477245503997;0.5991873594733563;0.40081264052664367
1730782025.9103858;/app/bags/user95_2017-02-24.bag;0.834065854549408;0.0;0.9619645476341248;0.0;0.667477245503997;0.5991873594733563;0.40081264052664367
1730782026.1104217;/app/bags/user95_2017-02-24.bag;0.834065854549408;0.0;0.9619645476341248;0.0;0.667477245503997;0.5991873594733563;0.40081264052664367
1730782026.3103414;/app/bags/user95_2017-02-24.bag;0.834065854549408;0.0;0.9619645476341248;0.0;0.667477245503997;0.5991873594733563;0.40081264052664367
1730782026.5104249;/app/bags/user95_2017-02-24.bag;0.834065854549408;0.0;0.9619645476341248;0.0;0.667477245503997;0.5991873594733563;0.40081264052664367
1730782026.7104619;/app/bags/user95_2017-02-24.bag;0.834065854549408;0.0;0.9619645476341248;0.0;0.667477245503997;0.5991873594733563;0.40081264052664367
1730782026.9103918;/app/bags/user95_2017-02-24.bag;0.834065854549408;0.0;0.9619645476341248;0.0;0.667477245503997;0.5991873594733563;0.40081264052664367
1730782027.1103988;/app/bags/user95_2017-02-24.bag;0.834065854549408;0.0;0.9619645476341248;0.0;0.667477245503997;0.5991873594733563;0.40081264052664367
1730782027.3103957;/app/bags/user95_2017-02-24.bag;0.834065854549408;0.0;0.9619645476341248;0.0;0.667477245503997;0.5991873594733563;0.40081264052664367
1730782027.5103812;/app/bags/user95_2017-02-24.bag;0.834065854549408;0.0;0.9619645476341248;0.0;0.667477245503997;0.5991873594733563;0.40081264052664367
1730782027.7103887;/app/bags/user95_2017-02-24.bag;0.834065854549408;0.0;0.9619645476341248;0.0;0.667477245503997;0.5991873594733563;0.40081264052664367
1730782027.9104576;/app/bags/user95_2017-02-24.bag;0.834065854549408;0.0;0.9619645476341248;0.0;0.667477245503997;0.5991873594733563;0.40081264052664367
1730782028.1103969;/app/bags/user95_2017-02-24.bag;0.834065854549408;0.0;0.9619645476341248;0.0;0.667477245503997;0.5991873594733563;0.40081264052664367
1730782028.3103871;/app/bags/user95_2017-02-24.bag;0.834065854549408;0.0;0.9619645476341248;0.0;0.667477245503997;0.5991873594733563;0.40081264052664367
1730782028.5103872;/app/bags/user95_2017-02-24.bag;0.834065854549408;0.0;0.9619645476341248;0.0;0.667477245503997;0.5991873594733563;0.40081264052664367
1730782028.7103631;/app/bags/user95_2017-02-24.bag;0.834065854549408;0.0;0.9619645476341248;0.0;0.667477245503997;0.5991873594733563;0.40081264052664367
1730782028.9104452;/app/bags/user95_2017-02-24.bag;0.834065854549408;0.0;0.9619645476341248;0.0;0.667477245503997;0.5991873594733563;0.40081264052664367
1730782029.1103911;/app/bags/user95_2017-02-24.bag;0.834065854549408;0.0;0.9619645476341248;0.0;0.667477245503997;0.5991873594733563;0.40081264052664367
1730782029.3103886;/app/bags/user95_2017-02-24.bag;0.834065854549408;0.0;0.9619645476341248;0.0;0.667477245503997;0.5991873594733563;0.40081264052664367
1730782029.5104606;/app/bags/user95_2017-02-24.bag;0.834065854549408;0.0;0.9619645476341248;0.0;0.667477245503997;0.5991873594733563;0.40081264052664367
1730782029.7103758;/app/bags/user95_2017-02-24.bag;0.834065854549408;0.0;0.9619645476341248;0.0;0.667477245503997;0.5991873594733563;0.40081264052664367
1730782029.910427;/app/bags/user95_2017-02-24.bag;0.834065854549408;0.0;0.9619645476341248;0.0;0.667477245503997;0.5991873594733563;0.40081264052664367
1730782030.1103778;/app/bags/user95_2017-02-24.bag;0.834065854549408;0.0;0.9619645476341248;0.0;0.667477245503997;0.5991873594733563;0.40081264052664367
1730782030.3103743;/app/bags/user95_2017-02-24.bag;0.834065854549408;0.0;0.9619645476341248;0.0;0.667477245503997;0.5991873594733563;0.40081264052664367
1730782030.5103908;/app/bags/user95_2017-02-24.bag;0.834065854549408;0.0;0.9619645476341248;0.0;0.667477245503997;0.5991873594733563;0.40081264052664367
1730782030.7103887;/app/bags/user95_2017-02-24.bag;0.834065854549408;0.0;0.9619645476341248;0.0;0.667477245503997;0.5991873594733563;0.40081264052664367
1730782030.910433;/app/bags/user95_2017-02-24.bag;0.834065854549408;0.0;0.9619645476341248;0.0;0.667477245503997;0.5991873594733563;0.40081264052664367
1730782031.1103976;/app/bags/user95_2017-02-24.bag;0.834065854549408;0.0;0.9619645476341248;0.0;0.667477245503997;0.5991873594733563;0.40081264052664367
1730782031.3103771;/app/bags/user95_2017-02-24.bag;0.834065854549408;0.0;0.9619645476341248;0.0;0.667477245503997;0.5991873594733563;0.40081264052664367
1730782031.5103686;/app/bags/user95_2017-02-24.bag;0.834065854549408;0.0;0.9619645476341248;0.0;0.667477245503997;0.5991873594733563;0.40081264052664367
1730782031.7103786;/app/bags/user95_2017-02-24.bag;0.834065854549408;0.0;0.9619645476341248;0.0;0.667477245503997;0.5991873594733563;0.40081264052664367
1730782031.9104137;/app/bags/user95_2017-02-24.bag;0.834065854549408;0.0;0.9619645476341248;0.0;0.667477245503997;0.5991873594733563;0.40081264052664367
1730782032.1103992;/app/bags/user95_2017-02-24.bag;0.834065854549408;0.0;0.9619645476341248;0.0;0.667477245503997;0.5991873594733563;0.40081264052664367
1730782032.3103833;/app/bags/user95_2017-02-24.bag;0.834065854549408;0.0;0.9619645476341248;0.0;0.667477245503997;0.5991873594733563;0.40081264052664367
1730782032.5103822;/app/bags/user95_2017-02-24.bag;0.834065854549408;0.0;0.9619645476341248;0.0;0.667477245503997;0.5991873594733563;0.40081264052664367
1730782032.7103872;/app/bags/user95_2017-02-24.bag;0.834065854549408;0.0;0.9619645476341248;0.0;0.667477245503997;0.5991873594733563;0.40081264052664367
1730782032.9104383;/app/bags/user95_2017-02-24.bag;0.834065854549408;0.0;0.9619645476341248;0.0;0.667477245503997;0.5991873594733563;0.40081264052664367
1730782033.1103694;/app/bags/user95_2017-02-24.bag;0.834065854549408;0.0;0.9619645476341248;0.0;0.667477245503997;0.5991873594733563;0.40081264052664367
1730782033.3103824;/app/bags/user95_2017-02-24.bag;0.834065854549408;0.0;0.9619645476341248;0.0;0.667477245503997;0.5991873594733563;0.40081264052664367
1730782033.5103736;/app/bags/user95_2017-02-24.bag;0.834065854549408;0.0;0.9619645476341248;0.0;0.667477245503997;0.5991873594733563;0.40081264052664367
1730782033.710413;/app/bags/user95_2017-02-24.bag;0.834065854549408;0.0;0.9619645476341248;0.0;0.667477245503997;0.5991873594733563;0.40081264052664367
1730782033.9104166;/app/bags/user95_2017-02-24.bag;0.834065854549408;0.0;0.9619645476341248;0.0;0.667477245503997;0.5991873594733563;0.40081264052664367
1730782034.1104383;/app/bags/user95_2017-02-24.bag;0.834065854549408;0.0;0.9619645476341248;0.0;0.667477245503997;0.5991873594733563;0.40081264052664367
1730782034.3104055;/app/bags/user95_2017-02-24.bag;0.834065854549408;0.0;0.9619645476341248;0.0;0.667477245503997;0.5991873594733563;0.40081264052664367
1730782034.5103734;/app/bags/user95_2017-02-24.bag;0.834065854549408;0.0;0.9619645476341248;0.0;0.667477245503997;0.5991873594733563;0.40081264052664367
1730782034.7104118;/app/bags/user95_2017-02-24.bag;0.834065854549408;0.0;0.9619645476341248;0.0;0.667477245503997;0.5991873594733563;0.40081264052664367
1730782034.9104478;/app/bags/user95_2017-02-24.bag;0.834065854549408;0.0;0.9619645476341248;0.0;0.667477245503997;0.5991873594733563;0.40081264052664367
1730782035.1103916;/app/bags/user95_2017-02-24.bag;0.834065854549408;0.0;0.9619645476341248;0.0;0.667477245503997;0.5991873594733563;0.40081264052664367
1730782035.310385;/app/bags/user95_2017-02-24.bag;0.834065854549408;0.0;0.9619645476341248;0.0;0.667477245503997;0.5991873594733563;0.40081264052664367
1730782035.5104523;/app/bags/user95_2017-02-24.bag;0.834065854549408;0.0;0.9619645476341248;0.0;0.667477245503997;0.5991873594733563;0.40081264052664367
1730782035.7103972;/app/bags/user95_2017-02-24.bag;0.834065854549408;0.0;0.9619645476341248;0.0;0.667477245503997;0.5991873594733563;0.40081264052664367
1730782035.910383;/app/bags/user95_2017-02-24.bag;0.834065854549408;0.0;0.9619645476341248;0.0;0.667477245503997;0.5991873594733563;0.40081264052664367
1730782036.1103883;/app/bags/user95_2017-02-24.bag;0.834065854549408;0.0;0.9619645476341248;0.0;0.667477245503997;0.5991873594733563;0.40081264052664367
1730782036.3103871;/app/bags/user95_2017-02-24.bag;0.834065854549408;0.0;0.9619645476341248;0.0;0.667477245503997;0.5991873594733563;0.40081264052664367
1730782036.5103555;/app/bags/user95_2017-02-24.bag;0.834065854549408;0.0;0.9619645476341248;0.0;0.667477245503997;0.5991873594733563;0.40081264052664367
1730782036.7104297;/app/bags/user95_2017-02-24.bag;0.834065854549408;0.0;0.9619645476341248;0.0;0.667477245503997;0.5991873594733563;0.40081264052664367
1730782036.9102244;/app/bags/user95_2017-02-24.bag;0.834065854549408;0.0;0.9619645476341248;0.0;0.667477245503997;0.5991873594733563;0.40081264052664367
1730782037.1104236;/app/bags/user95_2017-02-24.bag;0.834065854549408;0.0;0.9619645476341248;0.0;0.667477245503997;0.5991873594733563;0.40081264052664367
1730782037.310369;/app/bags/user95_2017-02-24.bag;0.834065854549408;0.0;0.9619645476341248;0.0;0.667477245503997;0.5991873594733563;0.40081264052664367
1730782037.5104203;/app/bags/user95_2017-02-24.bag;0.834065854549408;0.0;0.9619645476341248;0.0;0.667477245503997;0.5991873594733563;0.40081264052664367
1730782037.710388;/app/bags/user95_2017-02-24.bag;0.834065854549408;0.0;0.9619645476341248;0.0;0.667477245503997;0.5991873594733563;0.40081264052664367
1730782037.9104543;/app/bags/user95_2017-02-24.bag;0.834065854549408;0.0;0.9619645476341248;0.0;0.667477245503997;0.5991873594733563;0.40081264052664367
1730782038.110421;/app/bags/user95_2017-02-24.bag;0.834065854549408;0.0;0.9619645476341248;0.0;0.667477245503997;0.5991873594733563;0.40081264052664367
1730782038.3103843;/app/bags/user95_2017-02-24.bag;0.834065854549408;0.0;0.9619645476341248;0.0;0.667477245503997;0.5991873594733563;0.40081264052664367
1730782038.510415;/app/bags/user95_2017-02-24.bag;0.834065854549408;0.0;0.9619645476341248;0.0;0.667477245503997;0.5991873594733563;0.40081264052664367
1730782038.7103875;/app/bags/user95_2017-02-24.bag;0.834065854549408;0.0;0.9619645476341248;0.0;0.667477245503997;0.5991873594733563;0.40081264052664367
1730782038.910436;/app/bags/user95_2017-02-24.bag;0.834065854549408;0.0;0.9619645476341248;0.0;0.667477245503997;0.5991873594733563;0.40081264052664367
1730782039.110387;/app/bags/user95_2017-02-24.bag;0.834065854549408;0.0;0.9619645476341248;0.0;0.667477245503997;0.5991873594733563;0.40081264052664367
1730782039.310365;/app/bags/user95_2017-02-24.bag;0.834065854549408;0.0;0.9619645476341248;0.0;0.667477245503997;0.5991873594733563;0.40081264052664367
1730782039.5103993;/app/bags/user95_2017-02-24.bag;0.834065854549408;0.0;0.9619645476341248;0.0;0.667477245503997;0.5991873594733563;0.40081264052664367
1730782039.7104049;/app/bags/user95_2017-02-24.bag;0.834065854549408;0.0;0.9619645476341248;0.0;0.667477245503997;0.5991873594733563;0.40081264052664367
1730782039.910429;/app/bags/user95_2017-02-24.bag;0.834065854549408;0.0;0.9619645476341248;0.0;0.667477245503997;0.5991873594733563;0.40081264052664367
1730782040.110397;/app/bags/user95_2017-02-24.bag;0.834065854549408;0.0;0.9619645476341248;0.0;0.667477245503997;0.5991873594733563;0.40081264052664367
1730782040.310386;/app/bags/user95_2017-02-24.bag;0.834065854549408;0.0;0.9619645476341248;0.0;0.667477245503997;0.5991873594733563;0.40081264052664367
1730782040.510407;/app/bags/user95_2017-02-24.bag;0.834065854549408;0.0;0.9619645476341248;0.0;0.667477245503997;0.5991873594733563;0.40081264052664367
1730782040.7103624;/app/bags/user95_2017-02-24.bag;0.834065854549408;0.0;0.9619645476341248;0.0;0.667477245503997;0.5991873594733563;0.40081264052664367
1730782040.9104543;/app/bags/user95_2017-02-24.bag;0.834065854549408;0.0;0.9619645476341248;0.0;0.667477245503997;0.5991873594733563;0.40081264052664367
1730782041.1104457;/app/bags/user95_2017-02-24.bag;0.834065854549408;0.0;0.9619645476341248;0.0;0.667477245503997;0.5991873594733563;0.40081264052664367
1730782041.3103929;/app/bags/user95_2017-02-24.bag;0.834065854549408;0.0;0.9619645476341248;0.0;0.667477245503997;0.5991873594733563;0.40081264052664367
1730782041.510414;/app/bags/user95_2017-02-24.bag;0.834065854549408;0.0;0.9619645476341248;0.0;0.667477245503997;0.5991873594733563;0.40081264052664367
1730782041.7103834;/app/bags/user95_2017-02-24.bag;0.834065854549408;0.0;0.9619645476341248;0.0;0.667477245503997;0.5991873594733563;0.40081264052664367
1730782041.910379;/app/bags/user95_2017-02-24.bag;0.834065854549408;0.0;0.9619645476341248;0.0;0.667477245503997;0.5991873594733563;0.40081264052664367
1730782042.1103902;/app/bags/user95_2017-02-24.bag;0.834065854549408;0.0;0.9619645476341248;0.0;0.667477245503997;0.5991873594733563;0.40081264052664367
1730782042.3104153;/app/bags/user95_2017-02-24.bag;0.834065854549408;0.0;0.9619645476341248;0.0;0.667477245503997;0.5991873594733563;0.40081264052664367
1730782042.510359;/app/bags/user95_2017-02-24.bag;0.834065854549408;0.0;0.9619645476341248;0.0;0.667477245503997;0.5991873594733563;0.40081264052664367
1730782042.7103913;/app/bags/user95_2017-02-24.bag;0.834065854549408;0.0;0.9619645476341248;0.0;0.667477245503997;0.5991873594733563;0.40081264052664367
1730782042.910398;/app/bags/user95_2017-02-24.bag;0.834065854549408;0.0;0.9619645476341248;0.0;0.667477245503997;0.5991873594733563;0.40081264052664367
1730782043.110389;/app/bags/user95_2017-02-24.bag;0.834065854549408;0.0;0.9619645476341248;0.0;0.667477245503997;0.5991873594733563;0.40081264052664367
1730782043.3103957;/app/bags/user95_2017-02-24.bag;0.834065854549408;0.0;0.9619645476341248;0.0;0.667477245503997;0.5991873594733563;0.40081264052664367
1730782043.5103683;/app/bags/user95_2017-02-24.bag;0.834065854549408;0.0;0.9619645476341248;0.0;0.667477245503997;0.5991873594733563;0.40081264052664367
1730782043.7104926;/app/bags/user95_2017-02-24.bag;0.834065854549408;0.0;0.9619645476341248;0.0;0.667477245503997;0.5991873594733563;0.40081264052664367
1730782043.910424;/app/bags/user95_2017-02-24.bag;0.834065854549408;0.0;0.9619645476341248;0.0;0.667477245503997;0.5991873594733563;0.40081264052664367
1730782044.1103914;/app/bags/user95_2017-02-24.bag;0.834065854549408;0.0;0.9619645476341248;0.0;0.667477245503997;0.5991873594733563;0.40081264052664367
1730782044.3103487;/app/bags/user95_2017-02-24.bag;0.834065854549408;0.0;0.9619645476341248;0.0;0.667477245503997;0.5991873594733563;0.40081264052664367
1730782044.510389;/app/bags/user95_2017-02-24.bag;0.834065854549408;0.0;0.9619645476341248;0.0;0.667477245503997;0.5991873594733563;0.40081264052664367
1730782044.7104197;/app/bags/user95_2017-02-24.bag;0.834065854549408;0.0;0.9619645476341248;0.0;0.667477245503997;0.5991873594733563;0.40081264052664367
1730782044.9104307;/app/bags/user95_2017-02-24.bag;0.834065854549408;0.0;0.9619645476341248;0.0;0.667477245503997;0.5991873594733563;0.40081264052664367
1730782045.1105564;/app/bags/user95_2017-02-24.bag;0.834065854549408;0.0;0.9619645476341248;0.0;0.667477245503997;0.5991873594733563;0.40081264052664367
1730782045.3104098;/app/bags/user95_2017-02-24.bag;0.834065854549408;0.0;0.9619645476341248;0.0;0.667477245503997;0.5991873594733563;0.40081264052664367
1730782045.5103896;/app/bags/user95_2017-02-24.bag;0.834065854549408;0.0;0.9619645476341248;0.0;0.667477245503997;0.5991873594733563;0.40081264052664367
1730782045.710662;/app/bags/user95_2017-02-24.bag;0.834065854549408;0.0;0.9619645476341248;0.0;0.667477245503997;0.5991873594733563;0.40081264052664367
1730782045.9104016;/app/bags/user95_2017-02-24.bag;0.834065854549408;0.0;0.9619645476341248;0.0;0.667477245503997;0.5991873594733563;0.40081264052664367
1730782046.1103876;/app/bags/user95_2017-02-24.bag;0.834065854549408;0.0;0.9619645476341248;0.0;0.667477245503997;0.5991873594733563;0.40081264052664367
1730782046.310403;/app/bags/user95_2017-02-24.bag;0.834065854549408;0.0;0.9619645476341248;0.0;0.667477245503997;0.5991873594733563;0.40081264052664367
1730782046.5103805;/app/bags/user95_2017-02-24.bag;0.834065854549408;0.0;0.9619645476341248;0.0;0.667477245503997;0.5991873594733563;0.40081264052664367
1730782046.7103484;/app/bags/user95_2017-02-24.bag;0.834065854549408;0.0;0.9619645476341248;0.0;0.667477245503997;0.5991873594733563;0.40081264052664367
1730782046.9103615;/app/bags/user95_2017-02-24.bag;0.834065854549408;0.0;0.9619645476341248;0.0;0.667477245503997;0.5991873594733563;0.40081264052664367
1730782047.1103816;/app/bags/user95_2017-02-24.bag;0.834065854549408;0.0;0.9619645476341248;0.0;0.667477245503997;0.5991873594733563;0.40081264052664367
1730782047.3103664;/app/bags/user95_2017-02-24.bag;0.834065854549408;0.0;0.9619645476341248;0.0;0.667477245503997;0.5991873594733563;0.40081264052664367
1730782047.5104449;/app/bags/user95_2017-02-24.bag;0.834065854549408;0.0;0.9619645476341248;0.0;0.667477245503997;0.5991873594733563;0.40081264052664367
1730782047.7104146;/app/bags/user95_2017-02-24.bag;0.834065854549408;0.0;0.9619645476341248;0.0;0.667477245503997;0.5991873594733563;0.40081264052664367
1730782047.9104347;/app/bags/user95_2017-02-24.bag;0.834065854549408;0.0;0.9619645476341248;0.0;0.667477245503997;0.5991873594733563;0.40081264052664367
1730782048.1103745;/app/bags/user95_2017-02-24.bag;0.834065854549408;0.0;0.9619645476341248;0.0;0.667477245503997;0.5991873594733563;0.40081264052664367
1730782048.3103952;/app/bags/user95_2017-02-24.bag;0.834065854549408;0.0;0.9619645476341248;0.0;0.667477245503997;0.5991873594733563;0.40081264052664367
1730782048.510391;/app/bags/user95_2017-02-24.bag;0.834065854549408;0.0;0.9619645476341248;0.0;0.667477245503997;0.5991873594733563;0.40081264052664367
1730782048.7104235;/app/bags/user95_2017-02-24.bag;0.834065854549408;0.0;0.9619645476341248;0.0;0.667477245503997;0.5991873594733563;0.40081264052664367
1730782048.9103801;/app/bags/user95_2017-02-24.bag;0.834065854549408;0.0;0.9619645476341248;0.0;0.667477245503997;0.5991873594733563;0.40081264052664367
1730782049.1104584;/app/bags/user95_2017-02-24.bag;0.834065854549408;0.0;0.9619645476341248;0.0;0.667477245503997;0.5991873594733563;0.40081264052664367
1730782049.3103826;/app/bags/user95_2017-02-24.bag;0.834065854549408;0.0;0.9619645476341248;0.0;0.667477245503997;0.5991873594733563;0.40081264052664367
1730782049.5103803;/app/bags/user95_2017-02-24.bag;0.834065854549408;0.0;0.9619645476341248;0.0;0.667477245503997;0.5991873594733563;0.40081264052664367
1730782049.7103684;/app/bags/user95_2017-02-24.bag;0.834065854549408;0.0;0.9619645476341248;0.0;0.667477245503997;0.5991873594733563;0.40081264052664367
1730782049.9104187;/app/bags/user95_2017-02-24.bag;0.834065854549408;0.0;0.9619645476341248;0.0;0.667477245503997;0.5991873594733563;0.40081264052664367
1730782050.110393;/app/bags/user95_2017-02-24.bag;0.834065854549408;0.0;0.9619645476341248;0.0;0.667477245503997;0.5991873594733563;0.40081264052664367
1730782050.3103743;/app/bags/user95_2017-02-24.bag;0.834065854549408;0.0;0.9619645476341248;0.0;0.667477245503997;0.5991873594733563;0.40081264052664367
1730782050.5104177;/app/bags/user95_2017-02-24.bag;0.834065854549408;0.0;0.9619645476341248;0.0;0.667477245503997;0.5991873594733563;0.40081264052664367
1730782050.7103722;/app/bags/user95_2017-02-24.bag;0.834065854549408;0.0;0.9619645476341248;0.0;0.667477245503997;0.5991873594733563;0.40081264052664367
1730782050.9103785;/app/bags/user95_2017-02-24.bag;0.834065854549408;0.0;0.9619645476341248;0.0;0.667477245503997;0.5991873594733563;0.40081264052664367
1730782051.1103983;/app/bags/user95_2017-02-24.bag;0.834065854549408;0.0;0.9619645476341248;0.0;0.667477245503997;0.5991873594733563;0.40081264052664367
1730782051.310394;/app/bags/user95_2017-02-24.bag;0.834065854549408;0.0;0.9619645476341248;0.0;0.667477245503997;0.5991873594733563;0.40081264052664367
1730782051.5103652;/app/bags/user95_2017-02-24.bag;0.834065854549408;0.0;0.9619645476341248;0.0;0.667477245503997;0.5991873594733563;0.40081264052664367
1730782051.7103844;/app/bags/user95_2017-02-24.bag;0.834065854549408;0.0;0.9619645476341248;0.0;0.667477245503997;0.5991873594733563;0.40081264052664367
1730782051.910509;/app/bags/user95_2017-02-24.bag;0.834065854549408;0.0;0.9619645476341248;0.0;0.667477245503997;0.5991873594733563;0.40081264052664367
1730782052.1104195;/app/bags/user95_2017-02-24.bag;0.834065854549408;0.0;0.9619645476341248;0.0;0.667477245503997;0.5991873594733563;0.40081264052664367
1730782052.3103573;/app/bags/user95_2017-02-24.bag;0.834065854549408;0.0;0.9619645476341248;0.0;0.667477245503997;0.5991873594733563;0.40081264052664367
1730782052.5103762;/app/bags/user95_2017-02-24.bag;0.834065854549408;0.0;0.9619645476341248;0.0;0.667477245503997;0.5991873594733563;0.40081264052664367
1730782052.7103605;/app/bags/user95_2017-02-24.bag;0.834065854549408;0.0;0.9619645476341248;0.0;0.667477245503997;0.5991873594733563;0.40081264052664367
1730782052.9104147;/app/bags/user95_2017-02-24.bag;0.834065854549408;0.0;0.9619645476341248;0.0;0.667477245503997;0.5991873594733563;0.40081264052664367
1730782053.1103826;/app/bags/user95_2017-02-24.bag;0.834065854549408;0.0;0.9619645476341248;0.0;0.667477245503997;0.5991873594733563;0.40081264052664367
1730782053.3103857;/app/bags/user95_2017-02-24.bag;0.834065854549408;0.0;0.9619645476341248;0.0;0.667477245503997;0.5991873594733563;0.40081264052664367
1730782053.510401;/app/bags/user95_2017-02-24.bag;0.834065854549408;0.0;0.9619645476341248;0.0;0.667477245503997;0.5991873594733563;0.40081264052664367
1730782053.7103696;/app/bags/user95_2017-02-24.bag;0.834065854549408;0.0;0.9619645476341248;0.0;0.667477245503997;0.5991873594733563;0.40081264052664367
1730782053.9103668;/app/bags/user95_2017-02-24.bag;0.834065854549408;0.0;0.9619645476341248;0.0;0.667477245503997;0.5991873594733563;0.40081264052664367
1730782054.110364;/app/bags/user95_2017-02-24.bag;0.834065854549408;0.0;0.9619645476341248;0.0;0.667477245503997;0.5991873594733563;0.40081264052664367
1730782054.3103747;/app/bags/user95_2017-02-24.bag;0.834065854549408;0.0;0.9619645476341248;0.0;0.667477245503997;0.5991873594733563;0.40081264052664367
1730782054.5103745;/app/bags/user95_2017-02-24.bag;0.834065854549408;0.0;0.9619645476341248;0.0;0.667477245503997;0.5991873594733563;0.40081264052664367
1730782054.7104163;/app/bags/user95_2017-02-24.bag;0.834065854549408;0.0;0.9619645476341248;0.0;0.667477245503997;0.5991873594733563;0.40081264052664367
1730782054.910362;/app/bags/user95_2017-02-24.bag;0.834065854549408;0.0;0.9619645476341248;0.0;0.667477245503997;0.5991873594733563;0.40081264052664367
1730782055.110391;/app/bags/user95_2017-02-24.bag;0.834065854549408;0.0;0.9619645476341248;0.0;0.667477245503997;0.5991873594733563;0.40081264052664367
1730782055.3104115;/app/bags/user95_2017-02-24.bag;0.834065854549408;0.0;0.9619645476341248;0.0;0.667477245503997;0.5991873594733563;0.40081264052664367
1730782055.5104039;/app/bags/user95_2017-02-24.bag;0.834065854549408;0.0;0.9619645476341248;0.0;0.667477245503997;0.5991873594733563;0.40081264052664367
1730782055.7103672;/app/bags/user95_2017-02-24.bag;0.834065854549408;0.0;0.9619645476341248;0.0;0.667477245503997;0.5991873594733563;0.40081264052664367
1730782055.9104013;/app/bags/user95_2017-02-24.bag;0.834065854549408;0.0;0.9619645476341248;0.0;0.667477245503997;0.5991873594733563;0.40081264052664367
1730782056.110571;/app/bags/user95_2017-02-24.bag;0.834065854549408;0.0;0.9619645476341248;0.0;0.667477245503997;0.5991873594733563;0.40081264052664367
1730782056.3104036;/app/bags/user95_2017-02-24.bag;0.834065854549408;0.0;0.9619645476341248;0.0;0.667477245503997;0.5991873594733563;0.40081264052664367
1730782056.5104284;/app/bags/user95_2017-02-24.bag;0.834065854549408;0.0;0.9619645476341248;0.0;0.667477245503997;0.5991873594733563;0.40081264052664367
1730782056.7103677;/app/bags/user95_2017-02-24.bag;0.834065854549408;0.0;0.9619645476341248;0.0;0.667477245503997;0.5991873594733563;0.40081264052664367
1730782056.9104385;/app/bags/user95_2017-02-24.bag;0.834065854549408;0.0;0.9619645476341248;0.0;0.667477245503997;0.5991873594733563;0.40081264052664367
1730782057.110378;/app/bags/user95_2017-02-24.bag;0.834065854549408;0.0;0.9619645476341248;0.0;0.667477245503997;0.5991873594733563;0.40081264052664367
1730782057.3103697;/app/bags/user95_2017-02-24.bag;0.834065854549408;0.0;0.9619645476341248;0.0;0.667477245503997;0.5991873594733563;0.40081264052664367
1730782057.5103872;/app/bags/user95_2017-02-24.bag;0.834065854549408;0.0;0.9619645476341248;0.0;0.667477245503997;0.5991873594733563;0.40081264052664367
1730782057.7104528;/app/bags/user95_2017-02-24.bag;0.834065854549408;0.0;0.9619645476341248;0.0;0.667477245503997;0.5991873594733563;0.40081264052664367
1730782057.910487;/app/bags/user95_2017-02-24.bag;0.834065854549408;0.0;0.9619645476341248;0.0;0.667477245503997;0.5991873594733563;0.40081264052664367
1730782058.1103704;/app/bags/user95_2017-02-24.bag;0.834065854549408;0.0;0.9619645476341248;0.0;0.667477245503997;0.5991873594733563;0.40081264052664367
1730782058.3103588;/app/bags/user95_2017-02-24.bag;0.834065854549408;0.0;0.9619645476341248;0.0;0.667477245503997;0.5991873594733563;0.40081264052664367
1730782058.5103807;/app/bags/user95_2017-02-24.bag;0.834065854549408;0.0;0.9619645476341248;0.0;0.667477245503997;0.5991873594733563;0.40081264052664367
1730782058.7103815;/app/bags/user95_2017-02-24.bag;0.834065854549408;0.0;0.9619645476341248;0.0;0.667477245503997;0.5991873594733563;0.40081264052664367
1730782058.910377;/app/bags/user95_2017-02-24.bag;0.834065854549408;0.0;0.9619645476341248;0.0;0.667477245503997;0.5991873594733563;0.40081264052664367
1730782059.1104007;/app/bags/user95_2017-02-24.bag;0.834065854549408;0.0;0.9619645476341248;0.0;0.667477245503997;0.5991873594733563;0.40081264052664367
1730782059.3103738;/app/bags/user95_2017-02-24.bag;0.834065854549408;0.0;0.9619645476341248;0.0;0.667477245503997;0.5991873594733563;0.40081264052664367
1730782059.5104344;/app/bags/user95_2017-02-24.bag;0.834065854549408;0.0;0.9619645476341248;0.0;0.667477245503997;0.5991873594733563;0.40081264052664367
1730782059.7103786;/app/bags/user95_2017-02-24.bag;0.834065854549408;0.0;0.9619645476341248;0.0;0.667477245503997;0.5991873594733563;0.40081264052664367
1730782059.910384;/app/bags/user95_2017-02-24.bag;0.834065854549408;0.0;0.9619645476341248;0.0;0.667477245503997;0.5991873594733563;0.40081264052664367
1730782060.110419;/app/bags/user95_2017-02-24.bag;0.834065854549408;0.0;0.9619645476341248;0.0;0.667477245503997;0.5991873594733563;0.40081264052664367
1730782060.310379;/app/bags/user95_2017-02-24.bag;0.834065854549408;0.0;0.9619645476341248;0.0;0.667477245503997;0.5991873594733563;0.40081264052664367
1730782060.5104735;/app/bags/user95_2017-02-24.bag;0.834065854549408;0.0;0.9619645476341248;0.0;0.667477245503997;0.5991873594733563;0.40081264052664367
1730782060.7104168;/app/bags/user95_2017-02-24.bag;0.834065854549408;0.0;0.9619645476341248;0.0;0.667477245503997;0.5991873594733563;0.40081264052664367
1730782060.9103956;/app/bags/user95_2017-02-24.bag;0.834065854549408;0.0;0.9619645476341248;0.0;0.667477245503997;0.5991873594733563;0.40081264052664367
1730782061.1103954;/app/bags/user95_2017-02-24.bag;0.834065854549408;0.0;0.9619645476341248;0.0;0.667477245503997;0.5991873594733563;0.40081264052664367
1730782061.3104184;/app/bags/user95_2017-02-24.bag;0.834065854549408;0.0;0.9619645476341248;0.0;0.667477245503997;0.5991873594733563;0.40081264052664367
1730782061.5103703;/app/bags/user95_2017-02-24.bag;0.834065854549408;0.0;0.9619645476341248;0.0;0.667477245503997;0.5991873594733563;0.40081264052664367
1730782061.7104266;/app/bags/user95_2017-02-24.bag;0.834065854549408;0.0;0.9619645476341248;0.0;0.667477245503997;0.5991873594733563;0.40081264052664367
1730782061.9103854;/app/bags/user95_2017-02-24.bag;0.834065854549408;0.0;0.9619645476341248;0.0;0.667477245503997;0.5991873594733563;0.40081264052664367
1730782062.1103938;/app/bags/user95_2017-02-24.bag;0.834065854549408;0.0;0.9619645476341248;0.0;0.667477245503997;0.5991873594733563;0.40081264052664367
1730782062.3103964;/app/bags/user95_2017-02-24.bag;0.834065854549408;0.0;0.9619645476341248;0.0;0.667477245503997;0.5991873594733563;0.40081264052664367
1730782062.510438;/app/bags/user95_2017-02-24.bag;0.834065854549408;0.0;0.9619645476341248;0.0;0.667477245503997;0.5991873594733563;0.40081264052664367
1730782062.7103608;/app/bags/user95_2017-02-24.bag;0.834065854549408;0.0;0.9619645476341248;0.0;0.667477245503997;0.5991873594733563;0.40081264052664367
1730782062.9105506;/app/bags/user95_2017-02-24.bag;0.834065854549408;0.0;0.9619645476341248;0.0;0.667477245503997;0.5991873594733563;0.40081264052664367
1730782063.1103697;/app/bags/user95_2017-02-24.bag;0.834065854549408;0.0;0.9619645476341248;0.0;0.667477245503997;0.5991873594733563;0.40081264052664367
1730782063.3104334;/app/bags/user95_2017-02-24.bag;0.834065854549408;0.0;0.9619645476341248;0.0;0.667477245503997;0.5991873594733563;0.40081264052664367
1730782063.5103884;/app/bags/user95_2017-02-24.bag;0.834065854549408;0.0;0.9619645476341248;0.0;0.667477245503997;0.5991873594733563;0.40081264052664367
1730782063.7103853;/app/bags/user95_2017-02-24.bag;0.834065854549408;0.0;0.9619645476341248;0.0;0.667477245503997;0.5991873594733563;0.40081264052664367
1730782063.9103959;/app/bags/user95_2017-02-24.bag;0.834065854549408;0.0;0.9619645476341248;0.0;0.667477245503997;0.5991873594733563;0.40081264052664367
1730782064.1104326;/app/bags/user95_2017-02-24.bag;0.834065854549408;0.0;0.9619645476341248;0.0;0.667477245503997;0.5991873594733563;0.40081264052664367
1730782064.3103666;/app/bags/user95_2017-02-24.bag;0.834065854549408;0.0;0.9619645476341248;0.0;0.667477245503997;0.5991873594733563;0.40081264052664367
1730782064.5104113;/app/bags/user95_2017-02-24.bag;0.834065854549408;0.0;0.9619645476341248;0.0;0.667477245503997;0.5991873594733563;0.40081264052664367
1730782064.7103777;/app/bags/user95_2017-02-24.bag;0.834065854549408;0.0;0.9619645476341248;0.0;0.667477245503997;0.5991873594733563;0.40081264052664367
1730782064.910377;/app/bags/user95_2017-02-24.bag;0.834065854549408;0.0;0.9619645476341248;0.0;0.667477245503997;0.5991873594733563;0.40081264052664367
1730782065.1103923;/app/bags/user95_2017-02-24.bag;0.834065854549408;0.0;0.9619645476341248;0.0;0.667477245503997;0.5991873594733563;0.40081264052664367
1730782065.3103857;/app/bags/user95_2017-02-24.bag;0.834065854549408;0.0;0.9619645476341248;0.0;0.667477245503997;0.5991873594733563;0.40081264052664367
1730782065.510377;/app/bags/user95_2017-02-24.bag;0.834065854549408;0.0;0.9619645476341248;0.0;0.667477245503997;0.5991873594733563;0.40081264052664367
1730782065.7104151;/app/bags/user95_2017-02-24.bag;0.834065854549408;0.0;0.9619645476341248;0.0;0.667477245503997;0.5991873594733563;0.40081264052664367
1730782065.9103627;/app/bags/user95_2017-02-24.bag;0.834065854549408;0.0;0.9619645476341248;0.0;0.667477245503997;0.5991873594733563;0.40081264052664367
1730782066.1104293;/app/bags/user95_2017-02-24.bag;0.834065854549408;0.0;0.9619645476341248;0.0;0.667477245503997;0.5991873594733563;0.40081264052664367
1730782066.3104687;/app/bags/user95_2017-02-24.bag;0.834065854549408;0.0;0.9619645476341248;0.0;0.667477245503997;0.5991873594733563;0.40081264052664367
1730782066.510414;/app/bags/user95_2017-02-24.bag;0.834065854549408;0.0;0.9619645476341248;0.0;0.667477245503997;0.5991873594733563;0.40081264052664367
1730782066.710416;/app/bags/user95_2017-02-24.bag;0.834065854549408;0.0;0.9619645476341248;0.0;0.667477245503997;0.5991873594733563;0.40081264052664367
1730782066.9103951;/app/bags/user95_2017-02-24.bag;0.834065854549408;0.0;0.9619645476341248;0.0;0.667477245503997;0.5991873594733563;0.40081264052664367
1730782067.110376;/app/bags/user95_2017-02-24.bag;0.834065854549408;0.0;0.9619645476341248;0.0;0.667477245503997;0.5991873594733563;0.40081264052664367
1730782067.3103745;/app/bags/user95_2017-02-24.bag;0.834065854549408;0.0;0.9619645476341248;0.0;0.667477245503997;0.5991873594733563;0.40081264052664367
1730782067.5103989;/app/bags/user95_2017-02-24.bag;0.834065854549408;0.0;0.9619645476341248;0.0;0.667477245503997;0.5991873594733563;0.40081264052664367
1730782067.7103798;/app/bags/user95_2017-02-24.bag;0.834065854549408;0.0;0.9619645476341248;0.0;0.667477245503997;0.5991873594733563;0.40081264052664367
1730782067.9103591;/app/bags/user95_2017-02-24.bag;0.834065854549408;0.0;0.9619645476341248;0.0;0.667477245503997;0.5991873594733563;0.40081264052664367
1730782068.1103764;/app/bags/user95_2017-02-24.bag;0.834065854549408;0.0;0.9619645476341248;0.0;0.667477245503997;0.5991873594733563;0.40081264052664367
1730782068.3103971;/app/bags/user95_2017-02-24.bag;0.834065854549408;0.0;0.9619645476341248;0.0;0.667477245503997;0.5991873594733563;0.40081264052664367
1730782068.5103962;/app/bags/user95_2017-02-24.bag;0.834065854549408;0.0;0.9619645476341248;0.0;0.667477245503997;0.5991873594733563;0.40081264052664367
1730782068.710437;/app/bags/user95_2017-02-24.bag;0.834065854549408;0.0;0.9619645476341248;0.0;0.667477245503997;0.5991873594733563;0.40081264052664367
1730782068.9103942;/app/bags/user95_2017-02-24.bag;0.834065854549408;0.0;0.9619645476341248;0.0;0.667477245503997;0.5991873594733563;0.40081264052664367
1730782069.1104035;/app/bags/user95_2017-02-24.bag;0.834065854549408;0.0;0.9619645476341248;0.0;0.667477245503997;0.5991873594733563;0.40081264052664367
1730782069.3104098;/app/bags/user95_2017-02-24.bag;0.834065854549408;0.0;0.9619645476341248;0.0;0.667477245503997;0.5991873594733563;0.40081264052664367
1730782069.5104012;/app/bags/user95_2017-02-24.bag;0.834065854549408;0.0;0.9619645476341248;0.0;0.667477245503997;0.5991873594733563;0.40081264052664367
1730782069.7104278;/app/bags/user95_2017-02-24.bag;0.834065854549408;0.0;0.9619645476341248;0.0;0.667477245503997;0.5991873594733563;0.40081264052664367
1730782069.9103498;/app/bags/user95_2017-02-24.bag;0.834065854549408;0.0;0.9619645476341248;0.0;0.667477245503997;0.5991873594733563;0.40081264052664367
1730782070.1103165;/app/bags/user95_2017-02-24.bag;0.834065854549408;0.0;0.9619645476341248;0.0;0.667477245503997;0.5991873594733563;0.40081264052664367
1730782070.310377;/app/bags/user95_2017-02-24.bag;0.834065854549408;0.0;0.9619645476341248;0.0;0.667477245503997;0.5991873594733563;0.40081264052664367
1730782070.5103896;/app/bags/user95_2017-02-24.bag;0.834065854549408;0.0;0.9619645476341248;0.0;0.667477245503997;0.5991873594733563;0.40081264052664367
1730782070.7103863;/app/bags/user95_2017-02-24.bag;0.834065854549408;0.0;0.9619645476341248;0.0;0.667477245503997;0.5991873594733563;0.40081264052664367
1730782070.9103713;/app/bags/user95_2017-02-24.bag;0.834065854549408;0.0;0.9619645476341248;0.0;0.667477245503997;0.5991873594733563;0.40081264052664367
1730782071.1103685;/app/bags/user95_2017-02-24.bag;0.834065854549408;0.0;0.9619645476341248;0.0;0.667477245503997;0.5991873594733563;0.40081264052664367
1730782071.3103645;/app/bags/user95_2017-02-24.bag;0.834065854549408;0.0;0.9619645476341248;0.0;0.667477245503997;0.5991873594733563;0.40081264052664367
1730782071.5103967;/app/bags/user95_2017-02-24.bag;0.834065854549408;0.0;0.9619645476341248;0.0;0.667477245503997;0.5991873594733563;0.40081264052664367
1730782071.7103708;/app/bags/user95_2017-02-24.bag;0.834065854549408;0.0;0.9619645476341248;0.0;0.667477245503997;0.5991873594733563;0.40081264052664367
1730782071.9103627;/app/bags/user95_2017-02-24.bag;0.834065854549408;0.0;0.9619645476341248;0.0;0.667477245503997;0.5991873594733563;0.40081264052664367
1730782072.110398;/app/bags/user95_2017-02-24.bag;0.834065854549408;0.0;0.9619645476341248;0.0;0.667477245503997;0.5991873594733563;0.40081264052664367
1730782072.3104165;/app/bags/user95_2017-02-24.bag;0.834065854549408;0.0;0.9619645476341248;0.0;0.667477245503997;0.5991873594733563;0.40081264052664367
1730782072.5103858;/app/bags/user95_2017-02-24.bag;0.834065854549408;0.0;0.9619645476341248;0.0;0.667477245503997;0.5991873594733563;0.40081264052664367
1730782072.7104557;/app/bags/user95_2017-02-24.bag;0.834065854549408;0.0;0.9619645476341248;0.0;0.667477245503997;0.5991873594733563;0.40081264052664367
1730782072.9103813;/app/bags/user95_2017-02-24.bag;0.834065854549408;0.0;0.9619645476341248;0.0;0.667477245503997;0.5991873594733563;0.40081264052664367
1730782073.110373;/app/bags/user95_2017-02-24.bag;0.834065854549408;0.0;0.9619645476341248;0.0;0.667477245503997;0.5991873594733563;0.40081264052664367
1730782073.3104203;/app/bags/user95_2017-02-24.bag;0.834065854549408;0.0;0.9619645476341248;0.0;0.667477245503997;0.5991873594733563;0.40081264052664367
1730782073.5103776;/app/bags/user95_2017-02-24.bag;0.834065854549408;0.0;0.9619645476341248;0.0;0.667477245503997;0.5991873594733563;0.40081264052664367
1730782073.710346;/app/bags/user95_2017-02-24.bag;0.834065854549408;0.0;0.9619645476341248;0.0;0.667477245503997;0.5991873594733563;0.40081264052664367
1730782073.9103377;/app/bags/user95_2017-02-24.bag;0.834065854549408;0.0;0.9619645476341248;0.0;0.667477245503997;0.5991873594733563;0.40081264052664367
1730782074.1104045;/app/bags/user95_2017-02-24.bag;0.834065854549408;0.0;0.9619645476341248;0.0;0.667477245503997;0.5991873594733563;0.40081264052664367
1730782074.3106992;/app/bags/user95_2017-02-24.bag;0.834065854549408;0.0;0.9619645476341248;0.0;0.667477245503997;0.5991873594733563;0.40081264052664367
1730782074.5104952;/app/bags/user95_2017-02-24.bag;0.834065854549408;0.0;0.9619645476341248;0.0;0.667477245503997;0.5991873594733563;0.40081264052664367
1730782074.7104;/app/bags/user95_2017-02-24.bag;0.834065854549408;0.0;0.9619645476341248;0.0;0.667477245503997;0.5991873594733563;0.40081264052664367
1730782074.9105241;/app/bags/user95_2017-02-24.bag;0.834065854549408;0.0;0.9619645476341248;0.0;0.667477245503997;0.5991873594733563;0.40081264052664367
1730782075.1104105;/app/bags/user95_2017-02-24.bag;0.834065854549408;0.0;0.9619645476341248;0.0;0.667477245503997;0.5991873594733563;0.40081264052664367
1730782075.3103907;/app/bags/user95_2017-02-24.bag;0.834065854549408;0.0;0.9619645476341248;0.0;0.667477245503997;0.5991873594733563;0.40081264052664367
1730782075.5103607;/app/bags/user95_2017-02-24.bag;0.834065854549408;0.0;0.9619645476341248;0.0;0.667477245503997;0.5991873594733563;0.40081264052664367
1730782075.7103887;/app/bags/user95_2017-02-24.bag;0.834065854549408;0.0;0.9619645476341248;0.0;0.667477245503997;0.5991873594733563;0.40081264052664367
1730782075.910447;/app/bags/user95_2017-02-24.bag;0.834065854549408;0.0;0.9619645476341248;0.0;0.667477245503997;0.5991873594733563;0.40081264052664367
1730782076.110338;/app/bags/user95_2017-02-24.bag;0.834065854549408;0.0;0.9619645476341248;0.0;0.667477245503997;0.5991873594733563;0.40081264052664367
1730782076.3103712;/app/bags/user95_2017-02-24.bag;0.834065854549408;0.0;0.9619645476341248;0.0;0.667477245503997;0.5991873594733563;0.40081264052664367
1730782076.510402;/app/bags/user95_2017-02-24.bag;0.834065854549408;0.0;0.9619645476341248;0.0;0.667477245503997;0.5991873594733563;0.40081264052664367
1730782076.7104073;/app/bags/user95_2017-02-24.bag;0.834065854549408;0.0;0.9619645476341248;0.0;0.667477245503997;0.5991873594733563;0.40081264052664367
1730782076.910441;/app/bags/user95_2017-02-24.bag;0.834065854549408;0.0;0.9619645476341248;0.0;0.667477245503997;0.5991873594733563;0.40081264052664367
1730782077.1103487;/app/bags/user95_2017-02-24.bag;0.834065854549408;0.0;0.9619645476341248;0.0;0.667477245503997;0.5991873594733563;0.40081264052664367
1730782077.3103657;/app/bags/user95_2017-02-24.bag;0.834065854549408;0.0;0.9619645476341248;0.0;0.667477245503997;0.5991873594733563;0.40081264052664367
1730782077.510471;/app/bags/user95_2017-02-24.bag;0.834065854549408;0.0;0.9619645476341248;0.0;0.667477245503997;0.5991873594733563;0.40081264052664367
1730782077.7103727;/app/bags/user95_2017-02-24.bag;0.834065854549408;0.0;0.9619645476341248;0.0;0.667477245503997;0.5991873594733563;0.40081264052664367
1730782077.9104156;/app/bags/user95_2017-02-24.bag;0.834065854549408;0.0;0.9619645476341248;0.0;0.667477245503997;0.5991873594733563;0.40081264052664367
1730782078.110383;/app/bags/user95_2017-02-24.bag;0.834065854549408;0.0;0.9619645476341248;0.0;0.667477245503997;0.5991873594733563;0.40081264052664367
1730782078.310397;/app/bags/user95_2017-02-24.bag;0.834065854549408;0.0;0.9619645476341248;0.0;0.667477245503997;0.5991873594733563;0.40081264052664367
1730782078.5103934;/app/bags/user95_2017-02-24.bag;0.834065854549408;0.0;0.9619645476341248;0.0;0.667477245503997;0.5991873594733563;0.40081264052664367
1730782078.7104201;/app/bags/user95_2017-02-24.bag;0.834065854549408;0.0;0.9619645476341248;0.0;0.667477245503997;0.5991873594733563;0.40081264052664367
1730782078.9103456;/app/bags/user95_2017-02-24.bag;0.834065854549408;0.0;0.9619645476341248;0.0;0.667477245503997;0.5991873594733563;0.40081264052664367
1730782079.1104004;/app/bags/user95_2017-02-24.bag;0.834065854549408;0.0;0.9619645476341248;0.0;0.667477245503997;0.5991873594733563;0.40081264052664367
1730782079.3104408;/app/bags/user95_2017-02-24.bag;0.834065854549408;0.0;0.9619645476341248;0.0;0.667477245503997;0.5991873594733563;0.40081264052664367
1730782079.5103676;/app/bags/user95_2017-02-24.bag;0.834065854549408;0.0;0.9619645476341248;0.0;0.667477245503997;0.5991873594733563;0.40081264052664367
1730782079.7104652;/app/bags/user95_2017-02-24.bag;0.834065854549408;0.0;0.9619645476341248;0.0;0.667477245503997;0.5991873594733563;0.40081264052664367
1730782079.9103868;/app/bags/user95_2017-02-24.bag;0.834065854549408;0.0;0.9619645476341248;0.0;0.667477245503997;0.5991873594733563;0.40081264052664367
1730782080.1103384;/app/bags/user95_2017-02-24.bag;0.834065854549408;0.0;0.9619645476341248;0.0;0.667477245503997;0.5991873594733563;0.40081264052664367
1730782080.3103886;/app/bags/user95_2017-02-24.bag;0.834065854549408;0.0;0.9619645476341248;0.0;0.667477245503997;0.5991873594733563;0.40081264052664367
1730782080.510373;/app/bags/user95_2017-02-24.bag;0.834065854549408;0.0;0.9619645476341248;0.0;0.667477245503997;0.5991873594733563;0.40081264052664367
1730782080.7103698;/app/bags/user95_2017-02-24.bag;0.834065854549408;0.0;0.9619645476341248;0.0;0.667477245503997;0.5991873594733563;0.40081264052664367
1730782080.9104407;/app/bags/user95_2017-02-24.bag;0.834065854549408;0.0;0.9619645476341248;0.0;0.667477245503997;0.5991873594733563;0.40081264052664367
1730782081.110401;/app/bags/user95_2017-02-24.bag;0.834065854549408;0.0;0.9619645476341248;0.0;0.667477245503997;0.5991873594733563;0.40081264052664367
1730782081.3104017;/app/bags/user95_2017-02-24.bag;0.834065854549408;0.0;0.9619645476341248;0.0;0.667477245503997;0.5991873594733563;0.40081264052664367
1730782081.5104125;/app/bags/user95_2017-02-24.bag;0.834065854549408;0.0;0.9619645476341248;0.0;0.667477245503997;0.5991873594733563;0.40081264052664367
1730782081.7104037;/app/bags/user95_2017-02-24.bag;0.834065854549408;0.0;0.9619645476341248;0.0;0.667477245503997;0.5991873594733563;0.40081264052664367
1730782081.9104266;/app/bags/user95_2017-02-24.bag;0.834065854549408;0.0;0.9619645476341248;0.0;0.667477245503997;0.5991873594733563;0.40081264052664367
1730782082.1104038;/app/bags/user95_2017-02-24.bag;0.834065854549408;0.0;0.9619645476341248;0.0;0.667477245503997;0.5991873594733563;0.40081264052664367
1730782082.3103607;/app/bags/user95_2017-02-24.bag;0.834065854549408;0.0;0.9619645476341248;0.0;0.667477245503997;0.5991873594733563;0.40081264052664367
1730782082.5104034;/app/bags/user95_2017-02-24.bag;0.834065854549408;0.0;0.9619645476341248;0.0;0.667477245503997;0.5991873594733563;0.40081264052664367
1730782082.7104044;/app/bags/user95_2017-02-24.bag;0.834065854549408;0.0;0.9619645476341248;0.0;0.667477245503997;0.5991873594733563;0.40081264052664367
1730782082.9103851;/app/bags/user95_2017-02-24.bag;0.834065854549408;0.0;0.9619645476341248;0.0;0.667477245503997;0.5991873594733563;0.40081264052664367
1730782083.110382;/app/bags/user95_2017-02-24.bag;0.834065854549408;0.0;0.9619645476341248;0.0;0.667477245503997;0.5991873594733563;0.40081264052664367
1730782083.3103817;/app/bags/user95_2017-02-24.bag;0.834065854549408;0.0;0.9619645476341248;0.0;0.667477245503997;0.5991873594733563;0.40081264052664367
1730782083.5104134;/app/bags/user95_2017-02-24.bag;0.834065854549408;0.0;0.9619645476341248;0.0;0.667477245503997;0.5991873594733563;0.40081264052664367
1730782083.7104006;/app/bags/user95_2017-02-24.bag;0.834065854549408;0.0;0.9619645476341248;0.0;0.667477245503997;0.5991873594733563;0.40081264052664367
1730782083.9103525;/app/bags/user95_2017-02-24.bag;0.834065854549408;0.0;0.9619645476341248;0.0;0.667477245503997;0.5991873594733563;0.40081264052664367
1730782084.1103559;/app/bags/user95_2017-02-24.bag;0.834065854549408;0.0;0.9619645476341248;0.0;0.667477245503997;0.5991873594733563;0.40081264052664367
1730782084.3103952;/app/bags/user95_2017-02-24.bag;0.834065854549408;0.0;0.9619645476341248;0.0;0.667477245503997;0.5991873594733563;0.40081264052664367
1730782084.5104244;/app/bags/user95_2017-02-24.bag;0.834065854549408;0.0;0.9619645476341248;0.0;0.667477245503997;0.5991873594733563;0.40081264052664367
1730782084.710435;/app/bags/user95_2017-02-24.bag;0.834065854549408;0.0;0.9619645476341248;0.0;0.667477245503997;0.5991873594733563;0.40081264052664367
1730782084.9103673;/app/bags/user95_2017-02-24.bag;0.834065854549408;0.0;0.9619645476341248;0.0;0.667477245503997;0.5991873594733563;0.40081264052664367
1730782085.110434;/app/bags/user95_2017-02-24.bag;0.834065854549408;0.0;0.9619645476341248;0.0;0.667477245503997;0.5991873594733563;0.40081264052664367
1730782085.3104382;/app/bags/user95_2017-02-24.bag;0.834065854549408;0.0;0.9619645476341248;0.0;0.667477245503997;0.5991873594733563;0.40081264052664367
1730782085.5104284;/app/bags/user95_2017-02-24.bag;0.834065854549408;0.0;0.9619645476341248;0.0;0.667477245503997;0.5991873594733563;0.40081264052664367
1730782085.7103772;/app/bags/user95_2017-02-24.bag;0.834065854549408;0.0;0.9619645476341248;0.0;0.667477245503997;0.5991873594733563;0.40081264052664367
1730782085.9103923;/app/bags/user95_2017-02-24.bag;0.834065854549408;0.0;0.9619645476341248;0.0;0.667477245503997;0.5991873594733563;0.40081264052664367
1730782086.110462;/app/bags/user95_2017-02-24.bag;0.834065854549408;0.0;0.9619645476341248;0.0;0.667477245503997;0.5991873594733563;0.40081264052664367
1730782086.3104012;/app/bags/user95_2017-02-24.bag;0.834065854549408;0.0;0.9619645476341248;0.0;0.667477245503997;0.5991873594733563;0.40081264052664367
1730782086.5103948;/app/bags/user95_2017-02-24.bag;0.834065854549408;0.0;0.9619645476341248;0.0;0.667477245503997;0.5991873594733563;0.40081264052664367
1730782086.710413;/app/bags/user95_2017-02-24.bag;0.834065854549408;0.0;0.9619645476341248;0.0;0.667477245503997;0.5991873594733563;0.40081264052664367
1730782086.910374;/app/bags/user95_2017-02-24.bag;0.834065854549408;0.0;0.9619645476341248;0.0;0.667477245503997;0.5991873594733563;0.40081264052664367
1730782087.110441;/app/bags/user95_2017-02-24.bag;0.834065854549408;0.0;0.9619645476341248;0.0;0.667477245503997;0.5991873594733563;0.40081264052664367
1730782087.3103964;/app/bags/user95_2017-02-24.bag;0.834065854549408;0.0;0.9619645476341248;0.0;0.667477245503997;0.5991873594733563;0.40081264052664367
1730782087.5103807;/app/bags/user95_2017-02-24.bag;0.834065854549408;0.0;0.9619645476341248;0.0;0.667477245503997;0.5991873594733563;0.40081264052664367
1730782087.7103863;/app/bags/user95_2017-02-24.bag;0.834065854549408;0.0;0.9619645476341248;0.0;0.667477245503997;0.5991873594733563;0.40081264052664367
1730782087.910416;/app/bags/user95_2017-02-24.bag;0.834065854549408;0.0;0.9619645476341248;0.0;0.667477245503997;0.5991873594733563;0.40081264052664367
1730782088.1104069;/app/bags/user95_2017-02-24.bag;0.834065854549408;0.0;0.9619645476341248;0.0;0.667477245503997;0.5991873594733563;0.40081264052664367
1730782088.3103757;/app/bags/user95_2017-02-24.bag;0.834065854549408;0.0;0.9619645476341248;0.0;0.667477245503997;0.5991873594733563;0.40081264052664367
1730782088.5103526;/app/bags/user95_2017-02-24.bag;0.834065854549408;0.0;0.9619645476341248;0.0;0.667477245503997;0.5991873594733563;0.40081264052664367
1730782088.7103934;/app/bags/user95_2017-02-24.bag;0.834065854549408;0.0;0.9619645476341248;0.0;0.667477245503997;0.5991873594733563;0.40081264052664367
1730782088.910393;/app/bags/user95_2017-02-24.bag;0.834065854549408;0.0;0.9619645476341248;0.0;0.667477245503997;0.5991873594733563;0.40081264052664367
1730782089.1104023;/app/bags/user95_2017-02-24.bag;0.834065854549408;0.0;0.9619645476341248;0.0;0.667477245503997;0.5991873594733563;0.40081264052664367
1730782089.3104036;/app/bags/user95_2017-02-24.bag;0.834065854549408;0.0;0.9619645476341248;0.0;0.667477245503997;0.5991873594733563;0.40081264052664367
1730782089.5103912;/app/bags/user95_2017-02-24.bag;0.834065854549408;0.0;0.9619645476341248;0.0;0.667477245503997;0.5991873594733563;0.40081264052664367
1730782089.7103958;/app/bags/user95_2017-02-24.bag;0.834065854549408;0.0;0.9619645476341248;0.0;0.667477245503997;0.5991873594733563;0.40081264052664367
1730782089.9103546;/app/bags/user95_2017-02-24.bag;0.834065854549408;0.0;0.9619645476341248;0.0;0.667477245503997;0.5991873594733563;0.40081264052664367
1730782090.1104097;/app/bags/user95_2017-02-24.bag;0.834065854549408;0.0;0.9619645476341248;0.0;0.667477245503997;0.5991873594733563;0.40081264052664367
1730782090.3103766;/app/bags/user95_2017-02-24.bag;0.834065854549408;0.0;0.9619645476341248;0.0;0.667477245503997;0.5991873594733563;0.40081264052664367
1730782090.5104582;/app/bags/user95_2017-02-24.bag;0.834065854549408;0.0;0.9619645476341248;0.0;0.667477245503997;0.5991873594733563;0.40081264052664367
1730782090.7104194;/app/bags/user95_2017-02-24.bag;0.834065854549408;0.0;0.9619645476341248;0.0;0.667477245503997;0.5991873594733563;0.40081264052664367
1730782090.9104624;/app/bags/user95_2017-02-24.bag;0.834065854549408;0.0;0.9619645476341248;0.0;0.667477245503997;0.5991873594733563;0.40081264052664367
1730782091.1103573;/app/bags/user95_2017-02-24.bag;0.834065854549408;0.0;0.9619645476341248;0.0;0.667477245503997;0.5991873594733563;0.40081264052664367
1730782091.310372;/app/bags/user95_2017-02-24.bag;0.834065854549408;0.0;0.9619645476341248;0.0;0.667477245503997;0.5991873594733563;0.40081264052664367
1730782091.5103698;/app/bags/user95_2017-02-24.bag;0.834065854549408;0.0;0.9619645476341248;0.0;0.667477245503997;0.5991873594733563;0.40081264052664367
1730782091.7103934;/app/bags/user95_2017-02-24.bag;0.834065854549408;0.0;0.9619645476341248;0.0;0.667477245503997;0.5991873594733563;0.40081264052664367
1730782091.9104753;/app/bags/user95_2017-02-24.bag;0.834065854549408;0.0;0.9619645476341248;0.0;0.667477245503997;0.5991873594733563;0.40081264052664367
1730782092.110461;/app/bags/user95_2017-02-24.bag;0.834065854549408;0.0;0.9619645476341248;0.0;0.667477245503997;0.5991873594733563;0.40081264052664367
1730782092.3104043;/app/bags/user95_2017-02-24.bag;0.834065854549408;0.0;0.9619645476341248;0.0;0.667477245503997;0.5991873594733563;0.40081264052664367
1730782092.5105076;/app/bags/user95_2017-02-24.bag;0.834065854549408;0.0;0.9619645476341248;0.0;0.667477245503997;0.5991873594733563;0.40081264052664367
1730782092.710391;/app/bags/user95_2017-02-24.bag;0.834065854549408;0.0;0.9619645476341248;0.0;0.667477245503997;0.5991873594733563;0.40081264052664367
1730782092.9104328;/app/bags/user95_2017-02-24.bag;0.834065854549408;0.0;0.9619645476341248;0.0;0.667477245503997;0.5991873594733563;0.40081264052664367
1730782093.1103938;/app/bags/user95_2017-02-24.bag;0.834065854549408;0.0;0.9619645476341248;0.0;0.667477245503997;0.5991873594733563;0.40081264052664367
1730782093.310397;/app/bags/user95_2017-02-24.bag;0.834065854549408;0.0;0.9619645476341248;0.0;0.667477245503997;0.5991873594733563;0.40081264052664367
1730782093.510393;/app/bags/user95_2017-02-24.bag;0.834065854549408;0.0;0.9619645476341248;0.0;0.667477245503997;0.5991873594733563;0.40081264052664367
1730782093.710455;/app/bags/user95_2017-02-24.bag;0.834065854549408;0.0;0.9619645476341248;0.0;0.667477245503997;0.5991873594733563;0.40081264052664367
1730782093.9104319;/app/bags/user95_2017-02-24.bag;0.834065854549408;0.0;0.9619645476341248;0.0;0.667477245503997;0.5991873594733563;0.40081264052664367
1730782094.110379;/app/bags/user95_2017-02-24.bag;0.834065854549408;0.0;0.9619645476341248;0.0;0.667477245503997;0.5991873594733563;0.40081264052664367
1730782094.3104758;/app/bags/user95_2017-02-24.bag;0.834065854549408;0.0;0.9619645476341248;0.0;0.667477245503997;0.5991873594733563;0.40081264052664367
1730782094.5104105;/app/bags/user95_2017-02-24.bag;0.834065854549408;0.0;0.9619645476341248;0.0;0.667477245503997;0.5991873594733563;0.40081264052664367
1730782094.710426;/app/bags/user95_2017-02-24.bag;0.834065854549408;0.0;0.9619645476341248;0.0;0.667477245503997;0.5991873594733563;0.40081264052664367
1730782094.9105518;/app/bags/user95_2017-02-24.bag;0.834065854549408;0.0;0.9619645476341248;0.0;0.667477245503997;0.5991873594733563;0.40081264052664367
1730782095.110411;/app/bags/user95_2017-02-24.bag;0.834065854549408;0.0;0.9619645476341248;0.0;0.667477245503997;0.5991873594733563;0.40081264052664367
1730782095.3104615;/app/bags/user95_2017-02-24.bag;0.834065854549408;0.0;0.9619645476341248;0.0;0.667477245503997;0.5991873594733563;0.40081264052664367
1730782095.5104556;/app/bags/user95_2017-02-24.bag;0.834065854549408;0.0;0.9619645476341248;0.0;0.667477245503997;0.5991873594733563;0.40081264052664367
1730782095.7103903;/app/bags/user95_2017-02-24.bag;0.834065854549408;0.0;0.9619645476341248;0.0;0.667477245503997;0.5991873594733563;0.40081264052664367
1730782095.9103715;/app/bags/user95_2017-02-24.bag;0.834065854549408;0.0;0.9619645476341248;0.0;0.667477245503997;0.5991873594733563;0.40081264052664367
1730782096.110399;/app/bags/user95_2017-02-24.bag;0.834065854549408;0.0;0.9619645476341248;0.0;0.667477245503997;0.5991873594733563;0.40081264052664367
1730782096.3103938;/app/bags/user95_2017-02-24.bag;0.834065854549408;0.0;0.9619645476341248;0.0;0.667477245503997;0.5991873594733563;0.40081264052664367
1730782096.5103703;/app/bags/user95_2017-02-24.bag;0.834065854549408;0.0;0.9619645476341248;0.0;0.667477245503997;0.5991873594733563;0.40081264052664367
1730782096.710368;/app/bags/user95_2017-02-24.bag;0.834065854549408;0.0;0.9619645476341248;0.0;0.667477245503997;0.5991873594733563;0.40081264052664367
1730782096.9103847;/app/bags/user95_2017-02-24.bag;0.834065854549408;0.0;0.9619645476341248;0.0;0.667477245503997;0.5991873594733563;0.40081264052664367
1730782097.1103761;/app/bags/user95_2017-02-24.bag;0.834065854549408;0.0;0.9619645476341248;0.0;0.667477245503997;0.5991873594733563;0.40081264052664367
1730782097.3103979;/app/bags/user95_2017-02-24.bag;0.834065854549408;0.0;0.9619645476341248;0.0;0.667477245503997;0.5991873594733563;0.40081264052664367
1730782097.5104218;/app/bags/user95_2017-02-24.bag;0.834065854549408;0.0;0.9619645476341248;0.0;0.667477245503997;0.5991873594733563;0.40081264052664367
1730782097.7103865;/app/bags/user95_2017-02-24.bag;0.834065854549408;0.0;0.9619645476341248;0.0;0.667477245503997;0.5991873594733563;0.40081264052664367
1730782097.9104466;/app/bags/user95_2017-02-24.bag;0.834065854549408;0.0;0.9619645476341248;0.0;0.667477245503997;0.5991873594733563;0.40081264052664367
1730782098.1104;/app/bags/user95_2017-02-24.bag;0.834065854549408;0.0;0.9619645476341248;0.0;0.667477245503997;0.5991873594733563;0.40081264052664367
1730782098.3103719;/app/bags/user95_2017-02-24.bag;0.834065854549408;0.0;0.9619645476341248;0.0;0.667477245503997;0.5991873594733563;0.40081264052664367
1730782098.5103772;/app/bags/user95_2017-02-24.bag;0.834065854549408;0.0;0.9619645476341248;0.0;0.667477245503997;0.5991873594733563;0.40081264052664367
1730782098.7103605;/app/bags/user95_2017-02-24.bag;0.834065854549408;0.0;0.9619645476341248;0.0;0.667477245503997;0.5991873594733563;0.40081264052664367
1730782098.9104137;/app/bags/user95_2017-02-24.bag;0.834065854549408;0.0;0.9619645476341248;0.0;0.667477245503997;0.5991873594733563;0.40081264052664367
1730782099.110405;/app/bags/user95_2017-02-24.bag;0.834065854549408;0.0;0.9619645476341248;0.0;0.667477245503997;0.5991873594733563;0.40081264052664367
1730782099.3103666;/app/bags/user95_2017-02-24.bag;0.834065854549408;0.0;0.9619645476341248;0.0;0.667477245503997;0.5991873594733563;0.40081264052664367
1730782099.5103858;/app/bags/user95_2017-02-24.bag;0.834065854549408;0.0;0.9619645476341248;0.0;0.667477245503997;0.5991873594733563;0.40081264052664367
1730782099.7104409;/app/bags/user95_2017-02-24.bag;0.834065854549408;0.0;0.9619645476341248;0.0;0.667477245503997;0.5991873594733563;0.40081264052664367
1730782099.910431;/app/bags/user95_2017-02-24.bag;0.834065854549408;0.0;0.9619645476341248;0.0;0.667477245503997;0.5991873594733563;0.40081264052664367
1730782100.11044;/app/bags/user95_2017-02-24.bag;0.834065854549408;0.0;0.9619645476341248;0.0;0.667477245503997;0.5991873594733563;0.40081264052664367
1730782100.3103836;/app/bags/user95_2017-02-24.bag;0.834065854549408;0.0;0.9619645476341248;0.0;0.667477245503997;0.5991873594733563;0.40081264052664367
1730782100.5103738;/app/bags/user95_2017-02-24.bag;0.834065854549408;0.0;0.9619645476341248;0.0;0.667477245503997;0.5991873594733563;0.40081264052664367
1730782100.7104778;/app/bags/user95_2017-02-24.bag;0.834065854549408;0.0;0.9619645476341248;0.0;0.667477245503997;0.5991873594733563;0.40081264052664367
1730782100.9103785;/app/bags/user95_2017-02-24.bag;0.834065854549408;0.0;0.9619645476341248;0.0;0.667477245503997;0.5991873594733563;0.40081264052664367
1730782101.110404;/app/bags/user95_2017-02-24.bag;0.834065854549408;0.0;0.9619645476341248;0.0;0.667477245503997;0.5991873594733563;0.40081264052664367
1730782101.310422;/app/bags/user95_2017-02-24.bag;0.834065854549408;0.0;0.9619645476341248;0.0;0.667477245503997;0.5991873594733563;0.40081264052664367
1730782101.5103645;/app/bags/user95_2017-02-24.bag;0.834065854549408;0.0;0.9619645476341248;0.0;0.667477245503997;0.5991873594733563;0.40081264052664367
1730782101.7103782;/app/bags/user95_2017-02-24.bag;0.834065854549408;0.0;0.9619645476341248;0.0;0.667477245503997;0.5991873594733563;0.40081264052664367
1730782101.910402;/app/bags/user95_2017-02-24.bag;0.834065854549408;0.0;0.9619645476341248;0.0;0.667477245503997;0.5991873594733563;0.40081264052664367
1730782102.1103458;/app/bags/user95_2017-02-24.bag;0.834065854549408;0.0;0.9619645476341248;0.0;0.667477245503997;0.5991873594733563;0.40081264052664367
1730782102.310425;/app/bags/user95_2017-02-24.bag;0.834065854549408;0.0;0.9619645476341248;0.0;0.667477245503997;0.5991873594733563;0.40081264052664367
1730782102.5104175;/app/bags/user95_2017-02-24.bag;0.834065854549408;0.0;0.9619645476341248;0.0;0.667477245503997;0.5991873594733563;0.40081264052664367
1730782102.7103813;/app/bags/user95_2017-02-24.bag;0.834065854549408;0.0;0.9619645476341248;0.0;0.667477245503997;0.5991873594733563;0.40081264052664367
1730782102.910408;/app/bags/user95_2017-02-24.bag;0.834065854549408;0.0;0.9619645476341248;0.0;0.667477245503997;0.5991873594733563;0.40081264052664367
1730782103.110444;/app/bags/user95_2017-02-24.bag;0.834065854549408;0.0;0.9619645476341248;0.0;0.667477245503997;0.5991873594733563;0.40081264052664367
1730782103.3104327;/app/bags/user95_2017-02-24.bag;0.834065854549408;0.0;0.9619645476341248;0.0;0.667477245503997;0.5991873594733563;0.40081264052664367
1730782103.5104222;/app/bags/user95_2017-02-24.bag;0.834065854549408;0.0;0.9619645476341248;0.0;0.667477245503997;0.5991873594733563;0.40081264052664367
1730782103.7104053;/app/bags/user95_2017-02-24.bag;0.834065854549408;0.0;0.9619645476341248;0.0;0.667477245503997;0.5991873594733563;0.40081264052664367
1730782103.9104319;/app/bags/user95_2017-02-24.bag;0.834065854549408;0.0;0.9619645476341248;0.0;0.667477245503997;0.5991873594733563;0.40081264052664367
1730782104.1103585;/app/bags/user95_2017-02-24.bag;0.834065854549408;0.0;0.9619645476341248;0.0;0.667477245503997;0.5991873594733563;0.40081264052664367
1730782104.310358;/app/bags/user95_2017-02-24.bag;0.834065854549408;0.0;0.9619645476341248;0.0;0.667477245503997;0.5991873594733563;0.40081264052664367
1730782104.5104067;/app/bags/user95_2017-02-24.bag;0.834065854549408;0.0;0.9619645476341248;0.0;0.667477245503997;0.5991873594733563;0.40081264052664367
1730782104.7103453;/app/bags/user95_2017-02-24.bag;0.834065854549408;0.0;0.9619645476341248;0.0;0.667477245503997;0.5991873594733563;0.40081264052664367
1730782104.910396;/app/bags/user95_2017-02-24.bag;0.834065854549408;0.0;0.9619645476341248;0.0;0.667477245503997;0.5991873594733563;0.40081264052664367
1730782105.1103518;/app/bags/user95_2017-02-24.bag;0.834065854549408;0.0;0.9619645476341248;0.0;0.667477245503997;0.5991873594733563;0.40081264052664367
1730782105.3103654;/app/bags/user95_2017-02-24.bag;0.834065854549408;0.0;0.9619645476341248;0.0;0.667477245503997;0.5991873594733563;0.40081264052664367
1730782105.5103662;/app/bags/user95_2017-02-24.bag;0.834065854549408;0.0;0.9619645476341248;0.0;0.667477245503997;0.5991873594733563;0.40081264052664367
1730782105.7104642;/app/bags/user95_2017-02-24.bag;0.834065854549408;0.0;0.9619645476341248;0.0;0.667477245503997;0.5991873594733563;0.40081264052664367
1730782105.9103763;/app/bags/user95_2017-02-24.bag;0.834065854549408;0.0;0.9619645476341248;0.0;0.667477245503997;0.5991873594733563;0.40081264052664367
1730782106.1103742;/app/bags/user95_2017-02-24.bag;0.834065854549408;0.0;0.9619645476341248;0.0;0.667477245503997;0.5991873594733563;0.40081264052664367
1730782106.3103685;/app/bags/user95_2017-02-24.bag;0.834065854549408;0.0;0.9619645476341248;0.0;0.667477245503997;0.5991873594733563;0.40081264052664367
1730782106.5104475;/app/bags/user95_2017-02-24.bag;0.834065854549408;0.0;0.9619645476341248;0.0;0.667477245503997;0.5991873594733563;0.40081264052664367
1730782106.71054;/app/bags/user95_2017-02-24.bag;0.834065854549408;0.0;0.9619645476341248;0.0;0.667477245503997;0.5991873594733563;0.40081264052664367
1730782106.9103818;/app/bags/user95_2017-02-24.bag;0.834065854549408;0.0;0.9619645476341248;0.0;0.667477245503997;0.5991873594733563;0.40081264052664367
1730782107.1103876;/app/bags/user95_2017-02-24.bag;0.834065854549408;0.0;0.9619645476341248;0.0;0.667477245503997;0.5991873594733563;0.40081264052664367
1730782107.3104427;/app/bags/user95_2017-02-24.bag;0.834065854549408;0.0;0.9619645476341248;0.0;0.667477245503997;0.5991873594733563;0.40081264052664367
1730782107.5103707;/app/bags/user95_2017-02-24.bag;0.834065854549408;0.0;0.9619645476341248;0.0;0.667477245503997;0.5991873594733563;0.40081264052664367
1730782107.7104337;/app/bags/user95_2017-02-24.bag;0.834065854549408;0.0;0.9619645476341248;0.0;0.667477245503997;0.5991873594733563;0.40081264052664367
1730782107.9103656;/app/bags/user95_2017-02-24.bag;0.834065854549408;0.0;0.9619645476341248;0.0;0.667477245503997;0.5991873594733563;0.40081264052664367
1730782108.110424;/app/bags/user95_2017-02-24.bag;0.834065854549408;0.0;0.9619645476341248;0.0;0.667477245503997;0.5991873594733563;0.40081264052664367
1730782108.3104486;/app/bags/user95_2017-02-24.bag;0.834065854549408;0.0;0.9619645476341248;0.0;0.667477245503997;0.5991873594733563;0.40081264052664367
1730782108.5104098;/app/bags/user95_2017-02-24.bag;0.834065854549408;0.0;0.9619645476341248;0.0;0.667477245503997;0.5991873594733563;0.40081264052664367
1730782108.7103794;/app/bags/user95_2017-02-24.bag;0.834065854549408;0.0;0.9619645476341248;0.0;0.667477245503997;0.5991873594733563;0.40081264052664367
1730782108.910382;/app/bags/user95_2017-02-24.bag;0.834065854549408;0.0;0.9619645476341248;0.0;0.667477245503997;0.5991873594733563;0.40081264052664367
1730782109.1104536;/app/bags/user95_2017-02-24.bag;0.834065854549408;0.0;0.9619645476341248;0.0;0.667477245503997;0.5991873594733563;0.40081264052664367
1730782109.310358;/app/bags/user95_2017-02-24.bag;0.834065854549408;0.0;0.9619645476341248;0.0;0.667477245503997;0.5991873594733563;0.40081264052664367
1730782109.5104115;/app/bags/user95_2017-02-24.bag;0.834065854549408;0.0;0.9619645476341248;0.0;0.667477245503997;0.5991873594733563;0.40081264052664367
1730782109.7103982;/app/bags/user95_2017-02-24.bag;0.834065854549408;0.0;0.9619645476341248;0.0;0.667477245503997;0.5991873594733563;0.40081264052664367
1730782109.9104202;/app/bags/user95_2017-02-24.bag;0.834065854549408;0.0;0.9619645476341248;0.0;0.667477245503997;0.5991873594733563;0.40081264052664367
1730782110.1104138;/app/bags/user95_2017-02-24.bag;0.834065854549408;0.0;0.9619645476341248;0.0;0.667477245503997;0.5991873594733563;0.40081264052664367
1730782110.310363;/app/bags/user95_2017-02-24.bag;0.834065854549408;0.0;0.9619645476341248;0.0;0.667477245503997;0.5991873594733563;0.40081264052664367
1730782110.5104222;/app/bags/user95_2017-02-24.bag;0.834065854549408;0.0;0.9619645476341248;0.0;0.667477245503997;0.5991873594733563;0.40081264052664367
1730782110.7103806;/app/bags/user95_2017-02-24.bag;0.834065854549408;0.0;0.9619645476341248;0.0;0.667477245503997;0.5991873594733563;0.40081264052664367
1730782110.910435;/app/bags/user95_2017-02-24.bag;0.834065854549408;0.0;0.9619645476341248;0.0;0.667477245503997;0.5991873594733563;0.40081264052664367
1730782111.1104093;/app/bags/user95_2017-02-24.bag;0.834065854549408;0.0;0.9619645476341248;0.0;0.667477245503997;0.5991873594733563;0.40081264052664367
1730782111.3103843;/app/bags/user95_2017-02-24.bag;0.834065854549408;0.0;0.9619645476341248;0.0;0.667477245503997;0.5991873594733563;0.40081264052664367
1730782111.510372;/app/bags/user95_2017-02-24.bag;0.834065854549408;0.0;0.9619645476341248;0.0;0.667477245503997;0.5991873594733563;0.40081264052664367
1730782111.710366;/app/bags/user95_2017-02-24.bag;0.834065854549408;0.0;0.9619645476341248;0.0;0.667477245503997;0.5991873594733563;0.40081264052664367
1730782111.9103887;/app/bags/user95_2017-02-24.bag;0.834065854549408;0.0;0.9619645476341248;0.0;0.667477245503997;0.5991873594733563;0.40081264052664367
1730782112.1103687;/app/bags/user95_2017-02-24.bag;0.834065854549408;0.0;0.9619645476341248;0.0;0.667477245503997;0.5991873594733563;0.40081264052664367
1730782112.310425;/app/bags/user95_2017-02-24.bag;0.834065854549408;0.0;0.9619645476341248;0.0;0.667477245503997;0.5991873594733563;0.40081264052664367
1730782112.510397;/app/bags/user95_2017-02-24.bag;0.834065854549408;0.0;0.9619645476341248;0.0;0.667477245503997;0.5991873594733563;0.40081264052664367
1730782112.7103846;/app/bags/user95_2017-02-24.bag;0.834065854549408;0.0;0.9619645476341248;0.0;0.667477245503997;0.5991873594733563;0.40081264052664367
1730782112.9103765;/app/bags/user95_2017-02-24.bag;0.834065854549408;0.0;0.9619645476341248;0.0;0.667477245503997;0.5991873594733563;0.40081264052664367
1730782113.1104302;/app/bags/user95_2017-02-24.bag;0.834065854549408;0.0;0.9619645476341248;0.0;0.667477245503997;0.5991873594733563;0.40081264052664367
1730782113.3103883;/app/bags/user95_2017-02-24.bag;0.834065854549408;0.0;0.9619645476341248;0.0;0.667477245503997;0.5991873594733563;0.40081264052664367
1730782113.510575;/app/bags/user95_2017-02-24.bag;0.834065854549408;0.0;0.9619645476341248;0.0;0.667477245503997;0.5991873594733563;0.40081264052664367
1730782113.7103958;/app/bags/user95_2017-02-24.bag;0.834065854549408;0.0;0.9619645476341248;0.0;0.667477245503997;0.5991873594733563;0.40081264052664367
1730782113.9103513;/app/bags/user95_2017-02-24.bag;0.834065854549408;0.0;0.9619645476341248;0.0;0.667477245503997;0.5991873594733563;0.40081264052664367
1730782114.1104872;/app/bags/user95_2017-02-24.bag;0.834065854549408;0.0;0.9619645476341248;0.0;0.667477245503997;0.5991873594733563;0.40081264052664367
1730782114.3103724;/app/bags/user95_2017-02-24.bag;0.834065854549408;0.0;0.9619645476341248;0.0;0.667477245503997;0.5991873594733563;0.40081264052664367
1730782114.5103803;/app/bags/user95_2017-02-24.bag;0.834065854549408;0.0;0.9619645476341248;0.0;0.667477245503997;0.5991873594733563;0.40081264052664367
1730782114.7104113;/app/bags/user95_2017-02-24.bag;0.834065854549408;0.0;0.9619645476341248;0.0;0.667477245503997;0.5991873594733563;0.40081264052664367
1730782114.9104123;/app/bags/user95_2017-02-24.bag;0.834065854549408;0.0;0.9619645476341248;0.0;0.667477245503997;0.5991873594733563;0.40081264052664367
1730782115.1103756;/app/bags/user95_2017-02-24.bag;0.834065854549408;0.0;0.9619645476341248;0.0;0.667477245503997;0.5991873594733563;0.40081264052664367
1730782115.310362;/app/bags/user95_2017-02-24.bag;0.834065854549408;0.0;0.9619645476341248;0.0;0.667477245503997;0.5991873594733563;0.40081264052664367
1730782115.5103986;/app/bags/user95_2017-02-24.bag;0.834065854549408;0.0;0.9619645476341248;0.0;0.667477245503997;0.5991873594733563;0.40081264052664367
1730782115.710418;/app/bags/user95_2017-02-24.bag;0.834065854549408;0.0;0.9619645476341248;0.0;0.667477245503997;0.5991873594733563;0.40081264052664367
1730782115.9104483;/app/bags/user95_2017-02-24.bag;0.834065854549408;0.0;0.9619645476341248;0.0;0.667477245503997;0.5991873594733563;0.40081264052664367
1730782116.1104248;/app/bags/user95_2017-02-24.bag;0.834065854549408;0.0;0.9619645476341248;0.0;0.667477245503997;0.5991873594733563;0.40081264052664367
1730782116.310399;/app/bags/user95_2017-02-24.bag;0.834065854549408;0.0;0.9619645476341248;0.0;0.667477245503997;0.5991873594733563;0.40081264052664367
1730782116.510404;/app/bags/user95_2017-02-24.bag;0.834065854549408;0.0;0.9619645476341248;0.0;0.667477245503997;0.5991873594733563;0.40081264052664367
1730782116.710386;/app/bags/user95_2017-02-24.bag;0.834065854549408;0.0;0.9619645476341248;0.0;0.667477245503997;0.5991873594733563;0.40081264052664367
1730782116.9103875;/app/bags/user95_2017-02-24.bag;0.834065854549408;0.0;0.9619645476341248;0.0;0.667477245503997;0.5991873594733563;0.40081264052664367
1730782117.110391;/app/bags/user95_2017-02-24.bag;0.834065854549408;0.0;0.9619645476341248;0.0;0.667477245503997;0.5991873594733563;0.40081264052664367
1730782117.3103886;/app/bags/user95_2017-02-24.bag;0.834065854549408;0.0;0.9619645476341248;0.0;0.667477245503997;0.5991873594733563;0.40081264052664367
1730782117.5103695;/app/bags/user95_2017-02-24.bag;0.834065854549408;0.0;0.9619645476341248;0.0;0.667477245503997;0.5991873594733563;0.40081264052664367
1730782117.7103899;/app/bags/user95_2017-02-24.bag;0.834065854549408;0.0;0.9619645476341248;0.0;0.667477245503997;0.5991873594733563;0.40081264052664367
1730782117.9103708;/app/bags/user95_2017-02-24.bag;0.834065854549408;0.0;0.9619645476341248;0.0;0.667477245503997;0.5991873594733563;0.40081264052664367
1730782118.1104493;/app/bags/user95_2017-02-24.bag;0.834065854549408;0.0;0.9619645476341248;0.0;0.667477245503997;0.5991873594733563;0.40081264052664367
1730782118.3103855;/app/bags/user95_2017-02-24.bag;0.834065854549408;0.0;0.9619645476341248;0.0;0.667477245503997;0.5991873594733563;0.40081264052664367
1730782118.5104012;/app/bags/user95_2017-02-24.bag;0.834065854549408;0.0;0.9619645476341248;0.0;0.667477245503997;0.5991873594733563;0.40081264052664367
1730782118.710402;/app/bags/user95_2017-02-24.bag;0.834065854549408;0.0;0.9619645476341248;0.0;0.667477245503997;0.5991873594733563;0.40081264052664367
1730782118.9103723;/app/bags/user95_2017-02-24.bag;0.834065854549408;0.0;0.9619645476341248;0.0;0.667477245503997;0.5991873594733563;0.40081264052664367
1730782119.1103833;/app/bags/user95_2017-02-24.bag;0.834065854549408;0.0;0.9619645476341248;0.0;0.667477245503997;0.5991873594733563;0.40081264052664367
1730782119.3103807;/app/bags/user95_2017-02-24.bag;0.834065854549408;0.0;0.9619645476341248;0.0;0.667477245503997;0.5991873594733563;0.40081264052664367
1730782119.5103726;/app/bags/user95_2017-02-24.bag;0.834065854549408;0.0;0.9619645476341248;0.0;0.667477245503997;0.5991873594733563;0.40081264052664367
1730782119.7103918;/app/bags/user95_2017-02-24.bag;0.834065854549408;0.0;0.9619645476341248;0.0;0.667477245503997;0.5991873594733563;0.40081264052664367
1730782119.9104342;/app/bags/user95_2017-02-24.bag;0.834065854549408;0.0;0.9619645476341248;0.0;0.667477245503997;0.5991873594733563;0.40081264052664367
1730782120.110434;/app/bags/user95_2017-02-24.bag;0.834065854549408;0.0;0.9619645476341248;0.0;0.667477245503997;0.5991873594733563;0.40081264052664367
1730782120.3103998;/app/bags/user95_2017-02-24.bag;0.834065854549408;0.0;0.9619645476341248;0.0;0.667477245503997;0.5991873594733563;0.40081264052664367
1730782120.5103803;/app/bags/user95_2017-02-24.bag;0.834065854549408;0.0;0.9619645476341248;0.0;0.667477245503997;0.5991873594733563;0.40081264052664367
1730782120.7104144;/app/bags/user95_2017-02-24.bag;0.834065854549408;0.0;0.9619645476341248;0.0;0.667477245503997;0.5991873594733563;0.40081264052664367
1730782120.9103472;/app/bags/user95_2017-02-24.bag;0.834065854549408;0.0;0.9619645476341248;0.0;0.667477245503997;0.5991873594733563;0.40081264052664367
1730782121.1103745;/app/bags/user95_2017-02-24.bag;0.834065854549408;0.0;0.9619645476341248;0.0;0.667477245503997;0.5991873594733563;0.40081264052664367
1730782121.3103938;/app/bags/user95_2017-02-24.bag;0.834065854549408;0.0;0.9619645476341248;0.0;0.667477245503997;0.5991873594733563;0.40081264052664367
1730782121.5103872;/app/bags/user95_2017-02-24.bag;0.834065854549408;0.0;0.9619645476341248;0.0;0.667477245503997;0.5991873594733563;0.40081264052664367
1730782121.7104042;/app/bags/user95_2017-02-24.bag;0.834065854549408;0.0;0.9619645476341248;0.0;0.667477245503997;0.5991873594733563;0.40081264052664367
1730782121.910578;/app/bags/user95_2017-02-24.bag;0.834065854549408;0.0;0.9619645476341248;0.0;0.667477245503997;0.5991873594733563;0.40081264052664367
1730782122.1103876;/app/bags/user95_2017-02-24.bag;0.834065854549408;0.0;0.9619645476341248;0.0;0.667477245503997;0.5991873594733563;0.40081264052664367
1730782122.3103855;/app/bags/user95_2017-02-24.bag;0.834065854549408;0.0;0.9619645476341248;0.0;0.667477245503997;0.5991873594733563;0.40081264052664367
1730782122.5103824;/app/bags/user95_2017-02-24.bag;0.834065854549408;0.0;0.9619645476341248;0.0;0.667477245503997;0.5991873594733563;0.40081264052664367
1730782122.7103598;/app/bags/user95_2017-02-24.bag;0.834065854549408;0.0;0.9619645476341248;0.0;0.667477245503997;0.5991873594733563;0.40081264052664367
1730782122.9103498;/app/bags/user95_2017-02-24.bag;0.834065854549408;0.0;0.9619645476341248;0.0;0.667477245503997;0.5991873594733563;0.40081264052664367
1730782123.110385;/app/bags/user95_2017-02-24.bag;0.834065854549408;0.0;0.9619645476341248;0.0;0.667477245503997;0.5991873594733563;0.40081264052664367
1730782123.3103807;/app/bags/user95_2017-02-24.bag;0.834065854549408;0.0;0.9619645476341248;0.0;0.667477245503997;0.5991873594733563;0.40081264052664367
1730782123.5103767;/app/bags/user95_2017-02-24.bag;0.834065854549408;0.0;0.9619645476341248;0.0;0.667477245503997;0.5991873594733563;0.40081264052664367
1730782123.7103772;/app/bags/user95_2017-02-24.bag;0.834065854549408;0.0;0.9619645476341248;0.0;0.667477245503997;0.5991873594733563;0.40081264052664367
1730782123.910379;/app/bags/user95_2017-02-24.bag;0.834065854549408;0.0;0.9619645476341248;0.0;0.667477245503997;0.5991873594733563;0.40081264052664367
1730782124.110421;/app/bags/user95_2017-02-24.bag;0.834065854549408;0.0;0.9619645476341248;0.0;0.667477245503997;0.5991873594733563;0.40081264052664367
1730782124.3103502;/app/bags/user95_2017-02-24.bag;0.834065854549408;0.0;0.9619645476341248;0.0;0.667477245503997;0.5991873594733563;0.40081264052664367
1730782124.5104337;/app/bags/user95_2017-02-24.bag;0.834065854549408;0.0;0.9619645476341248;0.0;0.667477245503997;0.5991873594733563;0.40081264052664367
1730782124.7103806;/app/bags/user95_2017-02-24.bag;0.834065854549408;0.0;0.9619645476341248;0.0;0.667477245503997;0.5991873594733563;0.40081264052664367
1730782124.9104452;/app/bags/user95_2017-02-24.bag;0.834065854549408;0.0;0.9619645476341248;0.0;0.667477245503997;0.5991873594733563;0.40081264052664367
1730782125.1103442;/app/bags/user95_2017-02-24.bag;0.834065854549408;0.0;0.9619645476341248;0.0;0.667477245503997;0.5991873594733563;0.40081264052664367
1730782125.3103955;/app/bags/user95_2017-02-24.bag;0.834065854549408;0.0;0.9619645476341248;0.0;0.667477245503997;0.5991873594733563;0.40081264052664367
1730782125.510383;/app/bags/user95_2017-02-24.bag;0.834065854549408;0.0;0.9619645476341248;0.0;0.667477245503997;0.5991873594733563;0.40081264052664367
1730782125.7104166;/app/bags/user95_2017-02-24.bag;0.834065854549408;0.0;0.9619645476341248;0.0;0.667477245503997;0.5991873594733563;0.40081264052664367
1730782125.910375;/app/bags/user95_2017-02-24.bag;0.834065854549408;0.0;0.9619645476341248;0.0;0.667477245503997;0.5991873594733563;0.40081264052664367
1730782126.1104019;/app/bags/user95_2017-02-24.bag;0.834065854549408;0.0;0.9619645476341248;0.0;0.667477245503997;0.5991873594733563;0.40081264052664367
1730782126.3103802;/app/bags/user95_2017-02-24.bag;0.834065854549408;0.0;0.9619645476341248;0.0;0.667477245503997;0.5991873594733563;0.40081264052664367
1730782126.51039;/app/bags/user95_2017-02-24.bag;0.834065854549408;0.0;0.9619645476341248;0.0;0.667477245503997;0.5991873594733563;0.40081264052664367
1730782126.7104182;/app/bags/user95_2017-02-24.bag;0.834065854549408;0.0;0.9619645476341248;0.0;0.667477245503997;0.5991873594733563;0.40081264052664367
1730782126.9103863;/app/bags/user95_2017-02-24.bag;0.834065854549408;0.0;0.9619645476341248;0.0;0.667477245503997;0.5991873594733563;0.40081264052664367
1730782127.1105278;/app/bags/user95_2017-02-24.bag;0.834065854549408;0.0;0.9619645476341248;0.0;0.667477245503997;0.5991873594733563;0.40081264052664367
1730782127.3104718;/app/bags/user95_2017-02-24.bag;0.834065854549408;0.0;0.9619645476341248;0.0;0.667477245503997;0.5991873594733563;0.40081264052664367
1730782127.510369;/app/bags/user95_2017-02-24.bag;0.834065854549408;0.0;0.9619645476341248;0.0;0.667477245503997;0.5991873594733563;0.40081264052664367
1730782127.7103863;/app/bags/user95_2017-02-24.bag;0.834065854549408;0.0;0.9619645476341248;0.0;0.667477245503997;0.5991873594733563;0.40081264052664367
1730782127.910412;/app/bags/user95_2017-02-24.bag;0.834065854549408;0.0;0.9619645476341248;0.0;0.667477245503997;0.5991873594733563;0.40081264052664367
1730782128.1103625;/app/bags/user95_2017-02-24.bag;0.834065854549408;0.0;0.9619645476341248;0.0;0.667477245503997;0.5991873594733563;0.40081264052664367
1730782128.310403;/app/bags/user95_2017-02-24.bag;0.834065854549408;0.0;0.9619645476341248;0.0;0.667477245503997;0.5991873594733563;0.40081264052664367
1730782128.5103824;/app/bags/user95_2017-02-24.bag;0.834065854549408;0.0;0.9619645476341248;0.0;0.667477245503997;0.5991873594733563;0.40081264052664367
1730782128.710402;/app/bags/user95_2017-02-24.bag;0.834065854549408;0.0;0.9619645476341248;0.0;0.667477245503997;0.5991873594733563;0.40081264052664367
1730782128.9103942;/app/bags/user95_2017-02-24.bag;0.834065854549408;0.0;0.9619645476341248;0.0;0.667477245503997;0.5991873594733563;0.40081264052664367
1730782129.1104174;/app/bags/user95_2017-02-24.bag;0.834065854549408;0.0;0.9619645476341248;0.0;0.667477245503997;0.5991873594733563;0.40081264052664367
1730782129.3103929;/app/bags/user95_2017-02-24.bag;0.834065854549408;0.0;0.9619645476341248;0.0;0.667477245503997;0.5991873594733563;0.40081264052664367
1730782129.5103862;/app/bags/user95_2017-02-24.bag;0.834065854549408;0.0;0.9619645476341248;0.0;0.667477245503997;0.5991873594733563;0.40081264052664367
1730782129.7103531;/app/bags/user95_2017-02-24.bag;0.834065854549408;0.0;0.9619645476341248;0.0;0.667477245503997;0.5991873594733563;0.40081264052664367
1730782129.9103706;/app/bags/user95_2017-02-24.bag;0.834065854549408;0.0;0.9619645476341248;0.0;0.667477245503997;0.5991873594733563;0.40081264052664367
1730782130.1103945;/app/bags/user95_2017-02-24.bag;0.834065854549408;0.0;0.9619645476341248;0.0;0.667477245503997;0.5991873594733563;0.40081264052664367
1730782130.3103993;/app/bags/user95_2017-02-24.bag;0.834065854549408;0.0;0.9619645476341248;0.0;0.667477245503997;0.5991873594733563;0.40081264052664367
1730782130.5103927;/app/bags/user95_2017-02-24.bag;0.834065854549408;0.0;0.9619645476341248;0.0;0.667477245503997;0.5991873594733563;0.40081264052664367
1730782130.710386;/app/bags/user95_2017-02-24.bag;0.834065854549408;0.0;0.9619645476341248;0.0;0.667477245503997;0.5991873594733563;0.40081264052664367
1730782130.9103858;/app/bags/user95_2017-02-24.bag;0.834065854549408;0.0;0.9619645476341248;0.0;0.667477245503997;0.5991873594733563;0.40081264052664367
1730782131.1103916;/app/bags/user95_2017-02-24.bag;0.834065854549408;0.0;0.9619645476341248;0.0;0.667477245503997;0.5991873594733563;0.40081264052664367
1730782131.310383;/app/bags/user95_2017-02-24.bag;0.834065854549408;0.0;0.9619645476341248;0.0;0.667477245503997;0.5991873594733563;0.40081264052664367
1730782131.5103889;/app/bags/user95_2017-02-24.bag;0.834065854549408;0.0;0.9619645476341248;0.0;0.667477245503997;0.5991873594733563;0.40081264052664367
1730782131.7104464;/app/bags/user95_2017-02-24.bag;0.834065854549408;0.0;0.9619645476341248;0.0;0.667477245503997;0.5991873594733563;0.40081264052664367
1730782131.9104564;/app/bags/user95_2017-02-24.bag;0.834065854549408;0.0;0.9619645476341248;0.0;0.667477245503997;0.5991873594733563;0.40081264052664367
1730782132.1104653;/app/bags/user95_2017-02-24.bag;0.834065854549408;0.0;0.9619645476341248;0.0;0.667477245503997;0.5991873594733563;0.40081264052664367
1730782132.3103702;/app/bags/user95_2017-02-24.bag;0.834065854549408;0.0;0.9619645476341248;0.0;0.667477245503997;0.5991873594733563;0.40081264052664367
1730782132.5103772;/app/bags/user95_2017-02-24.bag;0.834065854549408;0.0;0.9619645476341248;0.0;0.667477245503997;0.5991873594733563;0.40081264052664367
1730782132.7103503;/app/bags/user95_2017-02-24.bag;0.834065854549408;0.0;0.9619645476341248;0.0;0.667477245503997;0.5991873594733563;0.40081264052664367
1730782132.910355;/app/bags/user95_2017-02-24.bag;0.834065854549408;0.0;0.9619645476341248;0.0;0.667477245503997;0.5991873594733563;0.40081264052664367
1730782133.1103985;/app/bags/user95_2017-02-24.bag;0.834065854549408;0.0;0.9619645476341248;0.0;0.667477245503997;0.5991873594733563;0.40081264052664367
1730782133.310359;/app/bags/user95_2017-02-24.bag;0.834065854549408;0.0;0.9619645476341248;0.0;0.667477245503997;0.5991873594733563;0.40081264052664367
1730782133.510365;/app/bags/user95_2017-02-24.bag;0.834065854549408;0.0;0.9619645476341248;0.0;0.667477245503997;0.5991873594733563;0.40081264052664367
1730782133.7103748;/app/bags/user95_2017-02-24.bag;0.834065854549408;0.0;0.9619645476341248;0.0;0.667477245503997;0.5991873594733563;0.40081264052664367
1730782133.910378;/app/bags/user95_2017-02-24.bag;0.834065854549408;0.0;0.9619645476341248;0.0;0.667477245503997;0.5991873594733563;0.40081264052664367
1730782134.1104367;/app/bags/user95_2017-02-24.bag;0.834065854549408;0.0;0.9619645476341248;0.0;0.667477245503997;0.5991873594733563;0.40081264052664367
1730782134.3104143;/app/bags/user95_2017-02-24.bag;0.834065854549408;0.0;0.9619645476341248;0.0;0.667477245503997;0.5991873594733563;0.40081264052664367
1730782134.5104377;/app/bags/user95_2017-02-24.bag;0.834065854549408;0.0;0.9619645476341248;0.0;0.667477245503997;0.5991873594733563;0.40081264052664367
1730782134.7104018;/app/bags/user95_2017-02-24.bag;0.834065854549408;0.0;0.9619645476341248;0.0;0.667477245503997;0.5991873594733563;0.40081264052664367
1730782134.9104002;/app/bags/user95_2017-02-24.bag;0.834065854549408;0.0;0.9619645476341248;0.0;0.667477245503997;0.5991873594733563;0.40081264052664367
1730782135.1104074;/app/bags/user95_2017-02-24.bag;0.834065854549408;0.0;0.9619645476341248;0.0;0.667477245503997;0.5991873594733563;0.40081264052664367
1730782135.3103888;/app/bags/user95_2017-02-24.bag;0.834065854549408;0.0;0.9619645476341248;0.0;0.667477245503997;0.5991873594733563;0.40081264052664367
1730782135.510336;/app/bags/user95_2017-02-24.bag;0.834065854549408;0.0;0.9619645476341248;0.0;0.667477245503997;0.5991873594733563;0.40081264052664367
1730782135.7104106;/app/bags/user95_2017-02-24.bag;0.834065854549408;0.0;0.9619645476341248;0.0;0.667477245503997;0.5991873594733563;0.40081264052664367
1730782135.910417;/app/bags/user95_2017-02-24.bag;0.834065854549408;0.0;0.9619645476341248;0.0;0.667477245503997;0.5991873594733563;0.40081264052664367
1730782136.1104188;/app/bags/user95_2017-02-24.bag;0.834065854549408;0.0;0.9619645476341248;0.0;0.667477245503997;0.5991873594733563;0.40081264052664367
1730782136.3103793;/app/bags/user95_2017-02-24.bag;0.834065854549408;0.0;0.9619645476341248;0.0;0.667477245503997;0.5991873594733563;0.40081264052664367
1730782136.5103593;/app/bags/user95_2017-02-24.bag;0.834065854549408;0.0;0.9619645476341248;0.0;0.667477245503997;0.5991873594733563;0.40081264052664367
1730782136.7103956;/app/bags/user95_2017-02-24.bag;0.834065854549408;0.0;0.9619645476341248;0.0;0.667477245503997;0.5991873594733563;0.40081264052664367
1730782136.9103842;/app/bags/user95_2017-02-24.bag;0.834065854549408;0.0;0.9619645476341248;0.0;0.667477245503997;0.5991873594733563;0.40081264052664367
1730782137.110418;/app/bags/user95_2017-02-24.bag;0.834065854549408;0.0;0.9619645476341248;0.0;0.667477245503997;0.5991873594733563;0.40081264052664367
1730782137.3104022;/app/bags/user95_2017-02-24.bag;0.834065854549408;0.0;0.9619645476341248;0.0;0.667477245503997;0.5991873594733563;0.40081264052664367
1730782137.5104272;/app/bags/user95_2017-02-24.bag;0.834065854549408;0.0;0.9619645476341248;0.0;0.667477245503997;0.5991873594733563;0.40081264052664367
1730782137.710403;/app/bags/user95_2017-02-24.bag;0.834065854549408;0.0;0.9619645476341248;0.0;0.667477245503997;0.5991873594733563;0.40081264052664367
1730782137.9103909;/app/bags/user95_2017-02-24.bag;0.834065854549408;0.0;0.9619645476341248;0.0;0.667477245503997;0.5991873594733563;0.40081264052664367
1730782138.1103723;/app/bags/user95_2017-02-24.bag;0.834065854549408;0.0;0.9619645476341248;0.0;0.667477245503997;0.5991873594733563;0.40081264052664367
1730782138.3103876;/app/bags/user95_2017-02-24.bag;0.834065854549408;0.0;0.9619645476341248;0.0;0.667477245503997;0.5991873594733563;0.40081264052664367
1730782138.5104167;/app/bags/user95_2017-02-24.bag;0.834065854549408;0.0;0.9619645476341248;0.0;0.667477245503997;0.5991873594733563;0.40081264052664367
1730782138.7104006;/app/bags/user95_2017-02-24.bag;0.834065854549408;0.0;0.9619645476341248;0.0;0.667477245503997;0.5991873594733563;0.40081264052664367
1730782138.9104273;/app/bags/user95_2017-02-24.bag;0.834065854549408;0.0;0.9619645476341248;0.0;0.667477245503997;0.5991873594733563;0.40081264052664367
1730782139.1104364;/app/bags/user95_2017-02-24.bag;0.834065854549408;0.0;0.9619645476341248;0.0;0.667477245503997;0.5991873594733563;0.40081264052664367
1730782139.3103404;/app/bags/user95_2017-02-24.bag;0.834065854549408;0.0;0.9619645476341248;0.0;0.667477245503997;0.5991873594733563;0.40081264052664367
1730782139.5105805;/app/bags/user95_2017-02-24.bag;0.834065854549408;0.0;0.9619645476341248;0.0;0.667477245503997;0.5991873594733563;0.40081264052664367
1730782139.7103984;/app/bags/user95_2017-02-24.bag;0.834065854549408;0.0;0.9619645476341248;0.0;0.667477245503997;0.5991873594733563;0.40081264052664367
1730782139.910416;/app/bags/user95_2017-02-24.bag;0.834065854549408;0.0;0.9619645476341248;0.0;0.667477245503997;0.5991873594733563;0.40081264052664367
1730782140.1106389;/app/bags/user95_2017-02-24.bag;0.834065854549408;0.0;0.9619645476341248;0.0;0.667477245503997;0.5991873594733563;0.40081264052664367
1730782140.310515;/app/bags/user95_2017-02-24.bag;0.834065854549408;0.0;0.9619645476341248;0.0;0.667477245503997;0.5991873594733563;0.40081264052664367
1730782140.510392;/app/bags/user95_2017-02-24.bag;0.834065854549408;0.0;0.9619645476341248;0.0;0.667477245503997;0.5991873594733563;0.40081264052664367
1730782140.7103474;/app/bags/user95_2017-02-24.bag;0.834065854549408;0.0;0.9619645476341248;0.0;0.667477245503997;0.5991873594733563;0.40081264052664367
1730782140.9103649;/app/bags/user95_2017-02-24.bag;0.834065854549408;0.0;0.9619645476341248;0.0;0.667477245503997;0.5991873594733563;0.40081264052664367
1730782141.110423;/app/bags/user95_2017-02-24.bag;0.834065854549408;0.0;0.9619645476341248;0.0;0.667477245503997;0.5991873594733563;0.40081264052664367
1730782141.3103774;/app/bags/user95_2017-02-24.bag;0.834065854549408;0.0;0.9619645476341248;0.0;0.667477245503997;0.5991873594733563;0.40081264052664367
1730782141.5104191;/app/bags/user95_2017-02-24.bag;0.834065854549408;0.0;0.9619645476341248;0.0;0.667477245503997;0.5991873594733563;0.40081264052664367
1730782141.7103708;/app/bags/user95_2017-02-24.bag;0.834065854549408;0.0;0.9619645476341248;0.0;0.667477245503997;0.5991873594733563;0.40081264052664367
1730782141.9103403;/app/bags/user95_2017-02-24.bag;0.834065854549408;0.0;0.9619645476341248;0.0;0.667477245503997;0.5991873594733563;0.40081264052664367
1730782142.1103778;/app/bags/user95_2017-02-24.bag;0.834065854549408;0.0;0.9619645476341248;0.0;0.667477245503997;0.5991873594733563;0.40081264052664367
1730782142.3103857;/app/bags/user95_2017-02-24.bag;0.834065854549408;0.0;0.9619645476341248;0.0;0.667477245503997;0.5991873594733563;0.40081264052664367
1730782142.5103688;/app/bags/user95_2017-02-24.bag;0.834065854549408;0.0;0.9619645476341248;0.0;0.667477245503997;0.5991873594733563;0.40081264052664367
1730782142.7104094;/app/bags/user95_2017-02-24.bag;0.834065854549408;0.0;0.9619645476341248;0.0;0.667477245503997;0.5991873594733563;0.40081264052664367
1730782142.9103928;/app/bags/user95_2017-02-24.bag;0.834065854549408;0.0;0.9619645476341248;0.0;0.667477245503997;0.5991873594733563;0.40081264052664367
1730782143.110411;/app/bags/user95_2017-02-24.bag;0.834065854549408;0.0;0.9619645476341248;0.0;0.667477245503997;0.5991873594733563;0.40081264052664367
1730782143.3104572;/app/bags/user95_2017-02-24.bag;0.834065854549408;0.0;0.9619645476341248;0.0;0.667477245503997;0.5991873594733563;0.40081264052664367
1730782143.5104494;/app/bags/user95_2017-02-24.bag;0.834065854549408;0.0;0.9619645476341248;0.0;0.667477245503997;0.5991873594733563;0.40081264052664367
1730782143.710385;/app/bags/user95_2017-02-24.bag;0.834065854549408;0.0;0.9619645476341248;0.0;0.667477245503997;0.5991873594733563;0.40081264052664367
1730782143.9104064;/app/bags/user95_2017-02-24.bag;0.834065854549408;0.0;0.9619645476341248;0.0;0.667477245503997;0.5991873594733563;0.40081264052664367
1730782144.11038;/app/bags/user95_2017-02-24.bag;0.834065854549408;0.0;0.9619645476341248;0.0;0.667477245503997;0.5991873594733563;0.40081264052664367
1730782144.3103833;/app/bags/user95_2017-02-24.bag;0.834065854549408;0.0;0.9619645476341248;0.0;0.667477245503997;0.5991873594733563;0.40081264052664367
1730782144.5103536;/app/bags/user95_2017-02-24.bag;0.834065854549408;0.0;0.9619645476341248;0.0;0.667477245503997;0.5991873594733563;0.40081264052664367
1730782144.7103598;/app/bags/user95_2017-02-24.bag;0.834065854549408;0.0;0.9619645476341248;0.0;0.667477245503997;0.5991873594733563;0.40081264052664367
1730782144.9103718;/app/bags/user95_2017-02-24.bag;0.834065854549408;0.0;0.9619645476341248;0.0;0.667477245503997;0.5991873594733563;0.40081264052664367
1730782145.1103678;/app/bags/user95_2017-02-24.bag;0.834065854549408;0.0;0.9619645476341248;0.0;0.667477245503997;0.5991873594733563;0.40081264052664367
1730782145.3104405;/app/bags/user95_2017-02-24.bag;0.834065854549408;0.0;0.9619645476341248;0.0;0.667477245503997;0.5991873594733563;0.40081264052664367
1730782145.5103822;/app/bags/user95_2017-02-24.bag;0.834065854549408;0.0;0.9619645476341248;0.0;0.667477245503997;0.5991873594733563;0.40081264052664367
1730782145.7103782;/app/bags/user95_2017-02-24.bag;0.834065854549408;0.0;0.9619645476341248;0.0;0.667477245503997;0.5991873594733563;0.40081264052664367
1730782145.9104223;/app/bags/user95_2017-02-24.bag;0.834065854549408;0.0;0.9619645476341248;0.0;0.667477245503997;0.5991873594733563;0.40081264052664367
1730782146.1106489;/app/bags/user95_2017-02-24.bag;0.834065854549408;0.0;0.9619645476341248;0.0;0.667477245503997;0.5991873594733563;0.40081264052664367
1730782146.3103936;/app/bags/user95_2017-02-24.bag;0.834065854549408;0.0;0.9619645476341248;0.0;0.667477245503997;0.5991873594733563;0.40081264052664367
1730782146.510387;/app/bags/user95_2017-02-24.bag;0.834065854549408;0.0;0.9619645476341248;0.0;0.667477245503997;0.5991873594733563;0.40081264052664367
1730782146.7104483;/app/bags/user95_2017-02-24.bag;0.834065854549408;0.0;0.9619645476341248;0.0;0.667477245503997;0.5991873594733563;0.40081264052664367
1730782146.9103947;/app/bags/user95_2017-02-24.bag;0.834065854549408;0.0;0.9619645476341248;0.0;0.667477245503997;0.5991873594733563;0.40081264052664367
1730782147.1104295;/app/bags/user95_2017-02-24.bag;0.834065854549408;0.0;0.9619645476341248;0.0;0.667477245503997;0.5991873594733563;0.40081264052664367
1730782147.3104086;/app/bags/user95_2017-02-24.bag;0.834065854549408;0.0;0.9619645476341248;0.0;0.667477245503997;0.5991873594733563;0.40081264052664367
1730782147.5104206;/app/bags/user95_2017-02-24.bag;0.834065854549408;0.0;0.9619645476341248;0.0;0.667477245503997;0.5991873594733563;0.40081264052664367
1730782147.7103765;/app/bags/user95_2017-02-24.bag;0.834065854549408;0.0;0.9619645476341248;0.0;0.667477245503997;0.5991873594733563;0.40081264052664367
1730782147.910414;/app/bags/user95_2017-02-24.bag;0.834065854549408;0.0;0.9619645476341248;0.0;0.667477245503997;0.5991873594733563;0.40081264052664367
1730782148.1103966;/app/bags/user95_2017-02-24.bag;0.834065854549408;0.0;0.9619645476341248;0.0;0.667477245503997;0.5991873594733563;0.40081264052664367
1730782148.310347;/app/bags/user95_2017-02-24.bag;0.834065854549408;0.0;0.9619645476341248;0.0;0.667477245503997;0.5991873594733563;0.40081264052664367
1730782148.5103686;/app/bags/user95_2017-02-24.bag;0.834065854549408;0.0;0.9619645476341248;0.0;0.667477245503997;0.5991873594733563;0.40081264052664367
1730782148.7104053;/app/bags/user95_2017-02-24.bag;0.834065854549408;0.0;0.9619645476341248;0.0;0.667477245503997;0.5991873594733563;0.40081264052664367
1730782148.910379;/app/bags/user95_2017-02-24.bag;0.834065854549408;0.0;0.9619645476341248;0.0;0.667477245503997;0.5991873594733563;0.40081264052664367
1730782149.1104028;/app/bags/user95_2017-02-24.bag;0.834065854549408;0.0;0.9619645476341248;0.0;0.667477245503997;0.5991873594733563;0.40081264052664367
1730782149.310415;/app/bags/user95_2017-02-24.bag;0.834065854549408;0.0;0.9619645476341248;0.0;0.667477245503997;0.5991873594733563;0.40081264052664367
1730782149.5103855;/app/bags/user95_2017-02-24.bag;0.834065854549408;0.0;0.9619645476341248;0.0;0.667477245503997;0.5991873594733563;0.40081264052664367
1730782149.710428;/app/bags/user95_2017-02-24.bag;0.834065854549408;0.0;0.9619645476341248;0.0;0.667477245503997;0.5991873594733563;0.40081264052664367
1730782149.9103782;/app/bags/user95_2017-02-24.bag;0.834065854549408;0.0;0.9619645476341248;0.0;0.667477245503997;0.5991873594733563;0.40081264052664367
1730782150.1103895;/app/bags/user95_2017-02-24.bag;0.834065854549408;0.0;0.9619645476341248;0.0;0.667477245503997;0.5991873594733563;0.40081264052664367
1730782150.3103921;/app/bags/user95_2017-02-24.bag;0.834065854549408;0.0;0.9619645476341248;0.0;0.667477245503997;0.5991873594733563;0.40081264052664367
1730782150.5104716;/app/bags/user95_2017-02-24.bag;0.834065854549408;0.0;0.9619645476341248;0.0;0.667477245503997;0.5991873594733563;0.40081264052664367
1730782150.7104123;/app/bags/user95_2017-02-24.bag;0.834065854549408;0.0;0.9619645476341248;0.0;0.667477245503997;0.5991873594733563;0.40081264052664367
1730782150.9103487;/app/bags/user95_2017-02-24.bag;0.834065854549408;0.0;0.9619645476341248;0.0;0.667477245503997;0.5991873594733563;0.40081264052664367
1730782151.110394;/app/bags/user95_2017-02-24.bag;0.834065854549408;0.0;0.9619645476341248;0.0;0.667477245503997;0.5991873594733563;0.40081264052664367
1730782151.3104205;/app/bags/user95_2017-02-24.bag;0.834065854549408;0.0;0.9619645476341248;0.0;0.667477245503997;0.5991873594733563;0.40081264052664367
1730782151.5104132;/app/bags/user95_2017-02-24.bag;0.834065854549408;0.0;0.9619645476341248;0.0;0.667477245503997;0.5991873594733563;0.40081264052664367
1730782151.710342;/app/bags/user95_2017-02-24.bag;0.834065854549408;0.0;0.9619645476341248;0.0;0.667477245503997;0.5991873594733563;0.40081264052664367
1730782151.9103878;/app/bags/user95_2017-02-24.bag;0.834065854549408;0.0;0.9619645476341248;0.0;0.667477245503997;0.5991873594733563;0.40081264052664367
1730782152.1103947;/app/bags/user95_2017-02-24.bag;0.834065854549408;0.0;0.9619645476341248;0.0;0.667477245503997;0.5991873594733563;0.40081264052664367
1730782152.3103764;/app/bags/user95_2017-02-24.bag;0.834065854549408;0.0;0.9619645476341248;0.0;0.667477245503997;0.5991873594733563;0.40081264052664367
1730782152.510394;/app/bags/user95_2017-02-24.bag;0.834065854549408;0.0;0.9619645476341248;0.0;0.667477245503997;0.5991873594733563;0.40081264052664367
1730782152.7104452;/app/bags/user95_2017-02-24.bag;0.834065854549408;0.0;0.9619645476341248;0.0;0.667477245503997;0.5991873594733563;0.40081264052664367
1730782152.910531;/app/bags/user95_2017-02-24.bag;0.834065854549408;0.0;0.9619645476341248;0.0;0.667477245503997;0.5991873594733563;0.40081264052664367
1730782153.110412;/app/bags/user95_2017-02-24.bag;0.834065854549408;0.0;0.9619645476341248;0.0;0.667477245503997;0.5991873594733563;0.40081264052664367
1730782153.3103797;/app/bags/user95_2017-02-24.bag;0.834065854549408;0.0;0.9619645476341248;0.0;0.667477245503997;0.5991873594733563;0.40081264052664367
1730782153.510426;/app/bags/user95_2017-02-24.bag;0.834065854549408;0.0;0.9619645476341248;0.0;0.667477245503997;0.5991873594733563;0.40081264052664367
1730782153.7104;/app/bags/user95_2017-02-24.bag;0.834065854549408;0.0;0.9619645476341248;0.0;0.667477245503997;0.5991873594733563;0.40081264052664367
1730782153.9104433;/app/bags/user95_2017-02-24.bag;0.834065854549408;0.0;0.9619645476341248;0.0;0.667477245503997;0.5991873594733563;0.40081264052664367
1730782154.110371;/app/bags/user95_2017-02-24.bag;0.834065854549408;0.0;0.9619645476341248;0.0;0.667477245503997;0.5991873594733563;0.40081264052664367
1730782154.3103611;/app/bags/user95_2017-02-24.bag;0.834065854549408;0.0;0.9619645476341248;0.0;0.667477245503997;0.5991873594733563;0.40081264052664367
1730782154.5105546;/app/bags/user95_2017-02-24.bag;0.834065854549408;0.0;0.9619645476341248;0.0;0.667477245503997;0.5991873594733563;0.40081264052664367
1730782154.710385;/app/bags/user95_2017-02-24.bag;0.834065854549408;0.0;0.9619645476341248;0.0;0.667477245503997;0.5991873594733563;0.40081264052664367
1730782154.9103932;/app/bags/user95_2017-02-24.bag;0.834065854549408;0.0;0.9619645476341248;0.0;0.667477245503997;0.5991873594733563;0.40081264052664367
1730782155.1103597;/app/bags/user95_2017-02-24.bag;0.834065854549408;0.0;0.9619645476341248;0.0;0.667477245503997;0.5991873594733563;0.40081264052664367
1730782155.3103833;/app/bags/user95_2017-02-24.bag;0.834065854549408;0.0;0.9619645476341248;0.0;0.667477245503997;0.5991873594733563;0.40081264052664367
1730782155.5103898;/app/bags/user95_2017-02-24.bag;0.834065854549408;0.0;0.9619645476341248;0.0;0.667477245503997;0.5991873594733563;0.40081264052664367
1730782155.7103782;/app/bags/user95_2017-02-24.bag;0.834065854549408;0.0;0.9619645476341248;0.0;0.667477245503997;0.5991873594733563;0.40081264052664367
1730782155.9103587;/app/bags/user95_2017-02-24.bag;0.834065854549408;0.0;0.9619645476341248;0.0;0.667477245503997;0.5991873594733563;0.40081264052664367
1730782156.110368;/app/bags/user95_2017-02-24.bag;0.834065854549408;0.0;0.9619645476341248;0.0;0.667477245503997;0.5991873594733563;0.40081264052664367
1730782156.3104358;/app/bags/user95_2017-02-24.bag;0.834065854549408;0.0;0.9619645476341248;0.0;0.667477245503997;0.5991873594733563;0.40081264052664367
1730782156.5103474;/app/bags/user95_2017-02-24.bag;0.834065854549408;0.0;0.9619645476341248;0.0;0.667477245503997;0.5991873594733563;0.40081264052664367
1730782156.710422;/app/bags/user95_2017-02-24.bag;0.834065854549408;0.0;0.9619645476341248;0.0;0.667477245503997;0.5991873594733563;0.40081264052664367
1730782156.9104075;/app/bags/user95_2017-02-24.bag;0.834065854549408;0.0;0.9619645476341248;0.0;0.667477245503997;0.5991873594733563;0.40081264052664367
1730782157.110447;/app/bags/user95_2017-02-24.bag;0.834065854549408;0.0;0.9619645476341248;0.0;0.667477245503997;0.5991873594733563;0.40081264052664367
1730782157.3105693;/app/bags/user95_2017-02-24.bag;0.834065854549408;0.0;0.9619645476341248;0.0;0.667477245503997;0.5991873594733563;0.40081264052664367
1730782157.5103722;/app/bags/user95_2017-02-24.bag;0.834065854549408;0.0;0.9619645476341248;0.0;0.667477245503997;0.5991873594733563;0.40081264052664367
1730782157.710395;/app/bags/user95_2017-02-24.bag;0.834065854549408;0.0;0.9619645476341248;0.0;0.667477245503997;0.5991873594733563;0.40081264052664367
1730782157.910414;/app/bags/user95_2017-02-24.bag;0.834065854549408;0.0;0.9619645476341248;0.0;0.667477245503997;0.5991873594733563;0.40081264052664367
1730782158.1103919;/app/bags/user95_2017-02-24.bag;0.834065854549408;0.0;0.9619645476341248;0.0;0.667477245503997;0.5991873594733563;0.40081264052664367
1730782158.310491;/app/bags/user95_2017-02-24.bag;0.834065854549408;0.0;0.9619645476341248;0.0;0.667477245503997;0.5991873594733563;0.40081264052664367
1730782158.5105128;/app/bags/user95_2017-02-24.bag;0.834065854549408;0.0;0.9619645476341248;0.0;0.667477245503997;0.5991873594733563;0.40081264052664367
1730782158.7104325;/app/bags/user95_2017-02-24.bag;0.834065854549408;0.0;0.9619645476341248;0.0;0.667477245503997;0.5991873594733563;0.40081264052664367
1730782158.910362;/app/bags/user95_2017-02-24.bag;0.834065854549408;0.0;0.9619645476341248;0.0;0.667477245503997;0.5991873594733563;0.40081264052664367
1730782159.1103687;/app/bags/user95_2017-02-24.bag;0.834065854549408;0.0;0.9619645476341248;0.0;0.667477245503997;0.5991873594733563;0.40081264052664367
1730782159.3103888;/app/bags/user95_2017-02-24.bag;0.834065854549408;0.0;0.9619645476341248;0.0;0.667477245503997;0.5991873594733563;0.40081264052664367
1730782159.5104582;/app/bags/user95_2017-02-24.bag;0.834065854549408;0.0;0.9619645476341248;0.0;0.667477245503997;0.5991873594733563;0.40081264052664367
1730782159.7104182;/app/bags/user95_2017-02-24.bag;0.834065854549408;0.0;0.9619645476341248;0.0;0.667477245503997;0.5991873594733563;0.40081264052664367
1730782159.910393;/app/bags/user95_2017-02-24.bag;0.834065854549408;0.0;0.9619645476341248;0.0;0.667477245503997;0.5991873594733563;0.40081264052664367
1730782160.1103642;/app/bags/user95_2017-02-24.bag;0.834065854549408;0.0;0.9619645476341248;0.0;0.667477245503997;0.5991873594733563;0.40081264052664367
1730782160.310397;/app/bags/user95_2017-02-24.bag;0.834065854549408;0.0;0.9619645476341248;0.0;0.667477245503997;0.5991873594733563;0.40081264052664367
1730782160.5104196;/app/bags/user95_2017-02-24.bag;0.834065854549408;0.0;0.9619645476341248;0.0;0.667477245503997;0.5991873594733563;0.40081264052664367
1730782160.7103677;/app/bags/user95_2017-02-24.bag;0.834065854549408;0.0;0.9619645476341248;0.0;0.667477245503997;0.5991873594733563;0.40081264052664367
1730782160.9103985;/app/bags/user95_2017-02-24.bag;0.834065854549408;0.0;0.9619645476341248;0.0;0.667477245503997;0.5991873594733563;0.40081264052664367
1730782161.1103811;/app/bags/user95_2017-02-24.bag;0.834065854549408;0.0;0.9619645476341248;0.0;0.667477245503997;0.5991873594733563;0.40081264052664367
1730782161.3104012;/app/bags/user95_2017-02-24.bag;0.834065854549408;0.0;0.9619645476341248;0.0;0.667477245503997;0.5991873594733563;0.40081264052664367
1730782161.5104332;/app/bags/user95_2017-02-24.bag;0.834065854549408;0.0;0.9619645476341248;0.0;0.667477245503997;0.5991873594733563;0.40081264052664367
1730782161.7103803;/app/bags/user95_2017-02-24.bag;0.834065854549408;0.0;0.9619645476341248;0.0;0.667477245503997;0.5991873594733563;0.40081264052664367
1730782161.9104865;/app/bags/user95_2017-02-24.bag;0.834065854549408;0.0;0.9619645476341248;0.0;0.667477245503997;0.5991873594733563;0.40081264052664367
1730782162.1103954;/app/bags/user95_2017-02-24.bag;0.834065854549408;0.0;0.9619645476341248;0.0;0.667477245503997;0.5991873594733563;0.40081264052664367
1730782162.3103926;/app/bags/user95_2017-02-24.bag;0.834065854549408;0.0;0.9619645476341248;0.0;0.667477245503997;0.5991873594733563;0.40081264052664367
1730782162.5103807;/app/bags/user95_2017-02-24.bag;0.834065854549408;0.0;0.9619645476341248;0.0;0.667477245503997;0.5991873594733563;0.40081264052664367
1730782162.710416;/app/bags/user95_2017-02-24.bag;0.834065854549408;0.0;0.9619645476341248;0.0;0.667477245503997;0.5991873594733563;0.40081264052664367
1730782162.9104376;/app/bags/user95_2017-02-24.bag;0.834065854549408;0.0;0.9619645476341248;0.0;0.667477245503997;0.5991873594733563;0.40081264052664367
1730782163.1103628;/app/bags/user95_2017-02-24.bag;0.834065854549408;0.0;0.9619645476341248;0.0;0.667477245503997;0.5991873594733563;0.40081264052664367
1730782163.3103662;/app/bags/user95_2017-02-24.bag;0.834065854549408;0.0;0.9619645476341248;0.0;0.667477245503997;0.5991873594733563;0.40081264052664367
1730782163.5103786;/app/bags/user95_2017-02-24.bag;0.834065854549408;0.0;0.9619645476341248;0.0;0.667477245503997;0.5991873594733563;0.40081264052664367
1730782163.710391;/app/bags/user95_2017-02-24.bag;0.834065854549408;0.0;0.9619645476341248;0.0;0.667477245503997;0.5991873594733563;0.40081264052664367
1730782163.9104147;/app/bags/user95_2017-02-24.bag;0.834065854549408;0.0;0.9619645476341248;0.0;0.667477245503997;0.5991873594733563;0.40081264052664367
1730782164.1103742;/app/bags/user95_2017-02-24.bag;0.834065854549408;0.0;0.9619645476341248;0.0;0.667477245503997;0.5991873594733563;0.40081264052664367
1730782164.3103735;/app/bags/user95_2017-02-24.bag;0.834065854549408;0.0;0.9619645476341248;0.0;0.667477245503997;0.5991873594733563;0.40081264052664367
1730782164.5103972;/app/bags/user95_2017-02-24.bag;0.834065854549408;0.0;0.9619645476341248;0.0;0.667477245503997;0.5991873594733563;0.40081264052664367
1730782164.7104247;/app/bags/user95_2017-02-24.bag;0.834065854549408;0.0;0.9619645476341248;0.0;0.667477245503997;0.5991873594733563;0.40081264052664367
1730782164.9103816;/app/bags/user95_2017-02-24.bag;0.834065854549408;0.0;0.9619645476341248;0.0;0.667477245503997;0.5991873594733563;0.40081264052664367
1730782165.1103575;/app/bags/user95_2017-02-24.bag;0.834065854549408;0.0;0.9619645476341248;0.0;0.667477245503997;0.5991873594733563;0.40081264052664367
1730782165.3104079;/app/bags/user95_2017-02-24.bag;0.834065854549408;0.0;0.9619645476341248;0.0;0.667477245503997;0.5991873594733563;0.40081264052664367
1730782165.5104167;/app/bags/user95_2017-02-24.bag;0.834065854549408;0.0;0.9619645476341248;0.0;0.667477245503997;0.5991873594733563;0.40081264052664367
1730782165.71038;/app/bags/user95_2017-02-24.bag;0.834065854549408;0.0;0.9619645476341248;0.0;0.667477245503997;0.5991873594733563;0.40081264052664367
1730782165.910375;/app/bags/user95_2017-02-24.bag;0.834065854549408;0.0;0.9619645476341248;0.0;0.667477245503997;0.5991873594733563;0.40081264052664367
1730782166.1103587;/app/bags/user95_2017-02-24.bag;0.834065854549408;0.0;0.9619645476341248;0.0;0.667477245503997;0.5991873594733563;0.40081264052664367
1730782166.3103848;/app/bags/user95_2017-02-24.bag;0.834065854549408;0.0;0.9619645476341248;0.0;0.667477245503997;0.5991873594733563;0.40081264052664367
1730782166.5103576;/app/bags/user95_2017-02-24.bag;0.834065854549408;0.0;0.9619645476341248;0.0;0.667477245503997;0.5991873594733563;0.40081264052664367
1730782166.7103653;/app/bags/user95_2017-02-24.bag;0.834065854549408;0.0;0.9619645476341248;0.0;0.667477245503997;0.5991873594733563;0.40081264052664367
1730782166.9104142;/app/bags/user95_2017-02-24.bag;0.834065854549408;0.0;0.9619645476341248;0.0;0.667477245503997;0.5991873594733563;0.40081264052664367
1730782167.1103685;/app/bags/user95_2017-02-24.bag;0.834065854549408;0.0;0.9619645476341248;0.0;0.667477245503997;0.5991873594733563;0.40081264052664367
1730782167.3103724;/app/bags/user95_2017-02-24.bag;0.834065854549408;0.0;0.9619645476341248;0.0;0.667477245503997;0.5991873594733563;0.40081264052664367
1730782167.5104043;/app/bags/user95_2017-02-24.bag;0.834065854549408;0.0;0.9619645476341248;0.0;0.667477245503997;0.5991873594733563;0.40081264052664367
1730782167.7103844;/app/bags/user95_2017-02-24.bag;0.834065854549408;0.0;0.9619645476341248;0.0;0.667477245503997;0.5991873594733563;0.40081264052664367
1730782167.9103959;/app/bags/user95_2017-02-24.bag;0.834065854549408;0.0;0.9619645476341248;0.0;0.667477245503997;0.5991873594733563;0.40081264052664367
1730782168.1104505;/app/bags/user95_2017-02-24.bag;0.834065854549408;0.0;0.9619645476341248;0.0;0.667477245503997;0.5991873594733563;0.40081264052664367
1730782168.3103898;/app/bags/user95_2017-02-24.bag;0.834065854549408;0.0;0.9619645476341248;0.0;0.667477245503997;0.5991873594733563;0.40081264052664367
1730782168.5103734;/app/bags/user95_2017-02-24.bag;0.834065854549408;0.0;0.9619645476341248;0.0;0.667477245503997;0.5991873594733563;0.40081264052664367
1730782168.7103837;/app/bags/user95_2017-02-24.bag;0.834065854549408;0.0;0.9619645476341248;0.0;0.667477245503997;0.5991873594733563;0.40081264052664367
1730782168.9104717;/app/bags/user95_2017-02-24.bag;0.834065854549408;0.0;0.9619645476341248;0.0;0.667477245503997;0.5991873594733563;0.40081264052664367
1730782169.1104026;/app/bags/user95_2017-02-24.bag;0.834065854549408;0.0;0.9619645476341248;0.0;0.667477245503997;0.5991873594733563;0.40081264052664367
1730782169.3104005;/app/bags/user95_2017-02-24.bag;0.834065854549408;0.0;0.9619645476341248;0.0;0.667477245503997;0.5991873594733563;0.40081264052664367
1730782169.5104117;/app/bags/user95_2017-02-24.bag;0.834065854549408;0.0;0.9619645476341248;0.0;0.667477245503997;0.5991873594733563;0.40081264052664367
1730782169.7104702;/app/bags/user95_2017-02-24.bag;0.834065854549408;0.0;0.9619645476341248;0.0;0.667477245503997;0.5991873594733563;0.40081264052664367
1730782169.910271;/app/bags/user95_2017-02-24.bag;0.834065854549408;0.0;0.9619645476341248;0.0;0.667477245503997;0.5991873594733563;0.40081264052664367
1730782170.1103783;/app/bags/user95_2017-02-24.bag;0.834065854549408;0.0;0.9619645476341248;0.0;0.667477245503997;0.5991873594733563;0.40081264052664367
1730782170.3103945;/app/bags/user95_2017-02-24.bag;0.834065854549408;0.0;0.9619645476341248;0.0;0.667477245503997;0.5991873594733563;0.40081264052664367
1730782170.5104067;/app/bags/user95_2017-02-24.bag;0.834065854549408;0.0;0.9619645476341248;0.0;0.667477245503997;0.5991873594733563;0.40081264052664367
1730782170.7103806;/app/bags/user95_2017-02-24.bag;0.834065854549408;0.0;0.9619645476341248;0.0;0.667477245503997;0.5991873594733563;0.40081264052664367
1730782170.9104774;/app/bags/user95_2017-02-24.bag;0.834065854549408;0.0;0.9619645476341248;0.0;0.667477245503997;0.5991873594733563;0.40081264052664367
1730782171.1104007;/app/bags/user95_2017-02-24.bag;0.834065854549408;0.0;0.9619645476341248;0.0;0.667477245503997;0.5991873594733563;0.40081264052664367
1730782171.3104403;/app/bags/user95_2017-02-24.bag;0.834065854549408;0.0;0.9619645476341248;0.0;0.667477245503997;0.5991873594733563;0.40081264052664367
1730782171.5105975;/app/bags/user95_2017-02-24.bag;0.834065854549408;0.0;0.9619645476341248;0.0;0.667477245503997;0.5991873594733563;0.40081264052664367
1730782171.7104049;/app/bags/user95_2017-02-24.bag;0.834065854549408;0.0;0.9619645476341248;0.0;0.667477245503997;0.5991873594733563;0.40081264052664367
1730782171.9103854;/app/bags/user95_2017-02-24.bag;0.834065854549408;0.0;0.9619645476341248;0.0;0.667477245503997;0.5991873594733563;0.40081264052664367
1730782172.1103923;/app/bags/user95_2017-02-24.bag;0.834065854549408;0.0;0.9619645476341248;0.0;0.667477245503997;0.5991873594733563;0.40081264052664367
1730782172.3110187;/app/bags/user95_2017-02-24.bag;0.834065854549408;0.0;0.9619645476341248;0.0;0.667477245503997;0.5991873594733563;0.40081264052664367
1730782172.510374;/app/bags/user95_2017-02-24.bag;0.834065854549408;0.0;0.9619645476341248;0.0;0.667477245503997;0.5991873594733563;0.40081264052664367
1730782172.7104375;/app/bags/user95_2017-02-24.bag;0.834065854549408;0.0;0.9619645476341248;0.0;0.667477245503997;0.5991873594733563;0.40081264052664367
1730782172.9103706;/app/bags/user95_2017-02-24.bag;0.834065854549408;0.0;0.9619645476341248;0.0;0.667477245503997;0.5991873594733563;0.40081264052664367
1730782173.110368;/app/bags/user95_2017-02-24.bag;0.834065854549408;0.0;0.9619645476341248;0.0;0.667477245503997;0.5991873594733563;0.40081264052664367
1730782173.3103461;/app/bags/user95_2017-02-24.bag;0.834065854549408;0.0;0.9619645476341248;0.0;0.667477245503997;0.5991873594733563;0.40081264052664367
1730782173.5103974;/app/bags/user95_2017-02-24.bag;0.834065854549408;0.0;0.9619645476341248;0.0;0.667477245503997;0.5991873594733563;0.40081264052664367
1730782173.710359;/app/bags/user95_2017-02-24.bag;0.834065854549408;0.0;0.9619645476341248;0.0;0.667477245503997;0.5991873594733563;0.40081264052664367
1730782173.9104307;/app/bags/user95_2017-02-24.bag;0.834065854549408;0.0;0.9619645476341248;0.0;0.667477245503997;0.5991873594733563;0.40081264052664367
1730782174.1104038;/app/bags/user95_2017-02-24.bag;0.834065854549408;0.0;0.9619645476341248;0.0;0.667477245503997;0.5991873594733563;0.40081264052664367
1730782174.3103576;/app/bags/user95_2017-02-24.bag;0.834065854549408;0.0;0.9619645476341248;0.0;0.667477245503997;0.5991873594733563;0.40081264052664367
1730782174.5103962;/app/bags/user95_2017-02-24.bag;0.834065854549408;0.0;0.9619645476341248;0.0;0.667477245503997;0.5991873594733563;0.40081264052664367
1730782174.710386;/app/bags/user95_2017-02-24.bag;0.834065854549408;0.0;0.9619645476341248;0.0;0.667477245503997;0.5991873594733563;0.40081264052664367
1730782174.910369;/app/bags/user95_2017-02-24.bag;0.834065854549408;0.0;0.9619645476341248;0.0;0.667477245503997;0.5991873594733563;0.40081264052664367
1730782175.1103764;/app/bags/user95_2017-02-24.bag;0.834065854549408;0.0;0.9619645476341248;0.0;0.667477245503997;0.5991873594733563;0.40081264052664367
1730782175.3103888;/app/bags/user95_2017-02-24.bag;0.834065854549408;0.0;0.9619645476341248;0.0;0.667477245503997;0.5991873594733563;0.40081264052664367
1730782175.5103874;/app/bags/user95_2017-02-24.bag;0.834065854549408;0.0;0.9619645476341248;0.0;0.667477245503997;0.5991873594733563;0.40081264052664367
1730782175.710411;/app/bags/user95_2017-02-24.bag;0.834065854549408;0.0;0.9619645476341248;0.0;0.667477245503997;0.5991873594733563;0.40081264052664367
1730782175.9105291;/app/bags/user95_2017-02-24.bag;0.834065854549408;0.0;0.9619645476341248;0.0;0.667477245503997;0.5991873594733563;0.40081264052664367
1730782176.1103778;/app/bags/user95_2017-02-24.bag;0.834065854549408;0.0;0.9619645476341248;0.0;0.667477245503997;0.5991873594733563;0.40081264052664367
1730782176.310446;/app/bags/user95_2017-02-24.bag;0.834065854549408;0.0;0.9619645476341248;0.0;0.667477245503997;0.5991873594733563;0.40081264052664367
1730782176.5104082;/app/bags/user95_2017-02-24.bag;0.834065854549408;0.0;0.9619645476341248;0.0;0.667477245503997;0.5991873594733563;0.40081264052664367
1730782176.710386;/app/bags/user95_2017-02-24.bag;0.834065854549408;0.0;0.9619645476341248;0.0;0.667477245503997;0.5991873594733563;0.40081264052664367
1730782176.910382;/app/bags/user95_2017-02-24.bag;0.834065854549408;0.0;0.9619645476341248;0.0;0.667477245503997;0.5991873594733563;0.40081264052664367
1730782177.1104414;/app/bags/user95_2017-02-24.bag;0.834065854549408;0.0;0.9619645476341248;0.0;0.667477245503997;0.5991873594733563;0.40081264052664367
1730782177.310341;/app/bags/user95_2017-02-24.bag;0.834065854549408;0.0;0.9619645476341248;0.0;0.667477245503997;0.5991873594733563;0.40081264052664367
1730782177.510469;/app/bags/user95_2017-02-24.bag;0.834065854549408;0.0;0.9619645476341248;0.0;0.667477245503997;0.5991873594733563;0.40081264052664367
1730782177.7103422;/app/bags/user95_2017-02-24.bag;0.834065854549408;0.0;0.9619645476341248;0.0;0.667477245503997;0.5991873594733563;0.40081264052664367
1730782177.910438;/app/bags/user95_2017-02-24.bag;0.834065854549408;0.0;0.9619645476341248;0.0;0.667477245503997;0.5991873594733563;0.40081264052664367
1730782178.110382;/app/bags/user95_2017-02-24.bag;0.834065854549408;0.0;0.9619645476341248;0.0;0.667477245503997;0.5991873594733563;0.40081264052664367
1730782178.3103778;/app/bags/user95_2017-02-24.bag;0.834065854549408;0.0;0.9619645476341248;0.0;0.667477245503997;0.5991873594733563;0.40081264052664367
1730782178.5104194;/app/bags/user95_2017-02-24.bag;0.834065854549408;0.0;0.9619645476341248;0.0;0.667477245503997;0.5991873594733563;0.40081264052664367
1730782178.7104003;/app/bags/user95_2017-02-24.bag;0.834065854549408;0.0;0.9619645476341248;0.0;0.667477245503997;0.5991873594733563;0.40081264052664367
1730782178.9103858;/app/bags/user95_2017-02-24.bag;0.834065854549408;0.0;0.9619645476341248;0.0;0.667477245503997;0.5991873594733563;0.40081264052664367
1730782179.110386;/app/bags/user95_2017-02-24.bag;0.834065854549408;0.0;0.9619645476341248;0.0;0.667477245503997;0.5991873594733563;0.40081264052664367
1730782179.310387;/app/bags/user95_2017-02-24.bag;0.834065854549408;0.0;0.9619645476341248;0.0;0.667477245503997;0.5991873594733563;0.40081264052664367
1730782179.5103607;/app/bags/user95_2017-02-24.bag;0.834065854549408;0.0;0.9619645476341248;0.0;0.667477245503997;0.5991873594733563;0.40081264052664367
1730782179.7103958;/app/bags/user95_2017-02-24.bag;0.834065854549408;0.0;0.9619645476341248;0.0;0.667477245503997;0.5991873594733563;0.40081264052664367
1730782179.9103723;/app/bags/user95_2017-02-24.bag;0.834065854549408;0.0;0.9619645476341248;0.0;0.667477245503997;0.5991873594733563;0.40081264052664367
1730782180.1104703;/app/bags/user95_2017-02-24.bag;0.834065854549408;0.0;0.9619645476341248;0.0;0.667477245503997;0.5991873594733563;0.40081264052664367
1730782180.3103962;/app/bags/user95_2017-02-24.bag;0.834065854549408;0.0;0.9619645476341248;0.0;0.667477245503997;0.5991873594733563;0.40081264052664367
1730782180.5103674;/app/bags/user95_2017-02-24.bag;0.834065854549408;0.0;0.9619645476341248;0.0;0.667477245503997;0.5991873594733563;0.40081264052664367
1730782180.7104251;/app/bags/user95_2017-02-24.bag;0.834065854549408;0.0;0.9619645476341248;0.0;0.667477245503997;0.5991873594733563;0.40081264052664367
1730782180.9103808;/app/bags/user95_2017-02-24.bag;0.834065854549408;0.0;0.9619645476341248;0.0;0.667477245503997;0.5991873594733563;0.40081264052664367
1730782181.1103864;/app/bags/user95_2017-02-24.bag;0.834065854549408;0.0;0.9619645476341248;0.0;0.667477245503997;0.5991873594733563;0.40081264052664367
1730782181.3104763;/app/bags/user95_2017-02-24.bag;0.834065854549408;0.0;0.9619645476341248;0.0;0.667477245503997;0.5991873594733563;0.40081264052664367
1730782181.510395;/app/bags/user95_2017-02-24.bag;0.834065854549408;0.0;0.9619645476341248;0.0;0.667477245503997;0.5991873594733563;0.40081264052664367
1730782181.710371;/app/bags/user95_2017-02-24.bag;0.834065854549408;0.0;0.9619645476341248;0.0;0.667477245503997;0.5991873594733563;0.40081264052664367
1730782181.9103665;/app/bags/user95_2017-02-24.bag;0.834065854549408;0.0;0.9619645476341248;0.0;0.667477245503997;0.5991873594733563;0.40081264052664367
1730782182.1104057;/app/bags/user95_2017-02-24.bag;0.834065854549408;0.0;0.9619645476341248;0.0;0.667477245503997;0.5991873594733563;0.40081264052664367
1730782182.3103817;/app/bags/user95_2017-02-24.bag;0.834065854549408;0.0;0.9619645476341248;0.0;0.667477245503997;0.5991873594733563;0.40081264052664367
1730782182.5103765;/app/bags/user95_2017-02-24.bag;0.834065854549408;0.0;0.9619645476341248;0.0;0.667477245503997;0.5991873594733563;0.40081264052664367
1730782182.7103856;/app/bags/user95_2017-02-24.bag;0.834065854549408;0.0;0.9619645476341248;0.0;0.667477245503997;0.5991873594733563;0.40081264052664367
1730782182.9103942;/app/bags/user95_2017-02-24.bag;0.834065854549408;0.0;0.9619645476341248;0.0;0.667477245503997;0.5991873594733563;0.40081264052664367
1730782183.110418;/app/bags/user95_2017-02-24.bag;0.834065854549408;0.0;0.9619645476341248;0.0;0.667477245503997;0.5991873594733563;0.40081264052664367
1730782183.3104148;/app/bags/user95_2017-02-24.bag;0.834065854549408;0.0;0.9619645476341248;0.0;0.667477245503997;0.5991873594733563;0.40081264052664367
1730782183.5104256;/app/bags/user95_2017-02-24.bag;0.834065854549408;0.0;0.9619645476341248;0.0;0.667477245503997;0.5991873594733563;0.40081264052664367
1730782183.710398;/app/bags/user95_2017-02-24.bag;0.834065854549408;0.0;0.9619645476341248;0.0;0.667477245503997;0.5991873594733563;0.40081264052664367
1730782183.910377;/app/bags/user95_2017-02-24.bag;0.834065854549408;0.0;0.9619645476341248;0.0;0.667477245503997;0.5991873594733563;0.40081264052664367
1730782184.110362;/app/bags/user95_2017-02-24.bag;0.834065854549408;0.0;0.9619645476341248;0.0;0.667477245503997;0.5991873594733563;0.40081264052664367
1730782184.3104696;/app/bags/user95_2017-02-24.bag;0.834065854549408;0.0;0.9619645476341248;0.0;0.667477245503997;0.5991873594733563;0.40081264052664367
1730782184.5104048;/app/bags/user95_2017-02-24.bag;0.834065854549408;0.0;0.9619645476341248;0.0;0.667477245503997;0.5991873594733563;0.40081264052664367
1730782184.7105587;/app/bags/user95_2017-02-24.bag;0.834065854549408;0.0;0.9619645476341248;0.0;0.667477245503997;0.5991873594733563;0.40081264052664367
1730782184.9104302;/app/bags/user95_2017-02-24.bag;0.834065854549408;0.0;0.9619645476341248;0.0;0.667477245503997;0.5991873594733563;0.40081264052664367
1730782185.110403;/app/bags/user95_2017-02-24.bag;0.834065854549408;0.0;0.9619645476341248;0.0;0.667477245503997;0.5991873594733563;0.40081264052664367
1730782185.3104103;/app/bags/user95_2017-02-24.bag;0.834065854549408;0.0;0.9619645476341248;0.0;0.667477245503997;0.5991873594733563;0.40081264052664367
1730782185.5104055;/app/bags/user95_2017-02-24.bag;0.834065854549408;0.0;0.9619645476341248;0.0;0.667477245503997;0.5991873594733563;0.40081264052664367
1730782185.7104473;/app/bags/user95_2017-02-24.bag;0.834065854549408;0.0;0.9619645476341248;0.0;0.667477245503997;0.5991873594733563;0.40081264052664367
1730782185.9103715;/app/bags/user95_2017-02-24.bag;0.834065854549408;0.0;0.9619645476341248;0.0;0.667477245503997;0.5991873594733563;0.40081264052664367
1730782186.1103413;/app/bags/user95_2017-02-24.bag;0.834065854549408;0.0;0.9619645476341248;0.0;0.667477245503997;0.5991873594733563;0.40081264052664367
1730782186.3103812;/app/bags/user95_2017-02-24.bag;0.834065854549408;0.0;0.9619645476341248;0.0;0.667477245503997;0.5991873594733563;0.40081264052664367
1730782186.5103776;/app/bags/user95_2017-02-24.bag;0.834065854549408;0.0;0.9619645476341248;0.0;0.667477245503997;0.5991873594733563;0.40081264052664367
1730782186.7103736;/app/bags/user95_2017-02-24.bag;0.834065854549408;0.0;0.9619645476341248;0.0;0.667477245503997;0.5991873594733563;0.40081264052664367
1730782186.9103515;/app/bags/user95_2017-02-24.bag;0.834065854549408;0.0;0.9619645476341248;0.0;0.667477245503997;0.5991873594733563;0.40081264052664367
1730782187.1103811;/app/bags/user95_2017-02-24.bag;0.834065854549408;0.0;0.9619645476341248;0.0;0.667477245503997;0.5991873594733563;0.40081264052664367
1730782187.3103623;/app/bags/user95_2017-02-24.bag;0.834065854549408;0.0;0.9619645476341248;0.0;0.667477245503997;0.5991873594733563;0.40081264052664367
1730782187.5103674;/app/bags/user95_2017-02-24.bag;0.834065854549408;0.0;0.9619645476341248;0.0;0.667477245503997;0.5991873594733563;0.40081264052664367
1730782187.7104223;/app/bags/user95_2017-02-24.bag;0.834065854549408;0.0;0.9619645476341248;0.0;0.667477245503997;0.5991873594733563;0.40081264052664367
1730782187.9103715;/app/bags/user95_2017-02-24.bag;0.834065854549408;0.0;0.9619645476341248;0.0;0.667477245503997;0.5991873594733563;0.40081264052664367
1730782188.110412;/app/bags/user95_2017-02-24.bag;0.834065854549408;0.0;0.9619645476341248;0.0;0.667477245503997;0.5991873594733563;0.40081264052664367
1730782188.3104062;/app/bags/user95_2017-02-24.bag;0.834065854549408;0.0;0.9619645476341248;0.0;0.667477245503997;0.5991873594733563;0.40081264052664367
1730782188.5104136;/app/bags/user95_2017-02-24.bag;0.834065854549408;0.0;0.9619645476341248;0.0;0.667477245503997;0.5991873594733563;0.40081264052664367
1730782188.7104197;/app/bags/user95_2017-02-24.bag;0.834065854549408;0.0;0.9619645476341248;0.0;0.667477245503997;0.5991873594733563;0.40081264052664367
1730782188.910396;/app/bags/user95_2017-02-24.bag;0.834065854549408;0.0;0.9619645476341248;0.0;0.667477245503997;0.5991873594733563;0.40081264052664367
1730782189.110398;/app/bags/user95_2017-02-24.bag;0.834065854549408;0.0;0.9619645476341248;0.0;0.667477245503997;0.5991873594733563;0.40081264052664367
1730782189.3104303;/app/bags/user95_2017-02-24.bag;0.834065854549408;0.0;0.9619645476341248;0.0;0.667477245503997;0.5991873594733563;0.40081264052664367
1730782189.5103874;/app/bags/user95_2017-02-24.bag;0.834065854549408;0.0;0.9619645476341248;0.0;0.667477245503997;0.5991873594733563;0.40081264052664367
1730782189.7104163;/app/bags/user95_2017-02-24.bag;0.834065854549408;0.0;0.9619645476341248;0.0;0.667477245503997;0.5991873594733563;0.40081264052664367
1730782189.9104538;/app/bags/user95_2017-02-24.bag;0.834065854549408;0.0;0.9619645476341248;0.0;0.667477245503997;0.5991873594733563;0.40081264052664367
1730782190.1103528;/app/bags/user95_2017-02-24.bag;0.834065854549408;0.0;0.9619645476341248;0.0;0.667477245503997;0.5991873594733563;0.40081264052664367
1730782190.3103967;/app/bags/user95_2017-02-24.bag;0.834065854549408;0.0;0.9619645476341248;0.0;0.667477245503997;0.5991873594733563;0.40081264052664367
1730782190.5103836;/app/bags/user95_2017-02-24.bag;0.834065854549408;0.0;0.9619645476341248;0.0;0.667477245503997;0.5991873594733563;0.40081264052664367
1730782190.7103722;/app/bags/user95_2017-02-24.bag;0.834065854549408;0.0;0.9619645476341248;0.0;0.667477245503997;0.5991873594733563;0.40081264052664367
1730782190.9103703;/app/bags/user95_2017-02-24.bag;0.834065854549408;0.0;0.9619645476341248;0.0;0.667477245503997;0.5991873594733563;0.40081264052664367
1730782191.1103609;/app/bags/user95_2017-02-24.bag;0.834065854549408;0.0;0.9619645476341248;0.0;0.667477245503997;0.5991873594733563;0.40081264052664367
1730782191.310382;/app/bags/user95_2017-02-24.bag;0.834065854549408;0.0;0.9619645476341248;0.0;0.667477245503997;0.5991873594733563;0.40081264052664367
1730782191.510432;/app/bags/user95_2017-02-24.bag;0.834065854549408;0.0;0.9619645476341248;0.0;0.667477245503997;0.5991873594733563;0.40081264052664367
1730782191.7103882;/app/bags/user95_2017-02-24.bag;0.834065854549408;0.0;0.9619645476341248;0.0;0.667477245503997;0.5991873594733563;0.40081264052664367
1730782191.9103997;/app/bags/user95_2017-02-24.bag;0.834065854549408;0.0;0.9619645476341248;0.0;0.667477245503997;0.5991873594733563;0.40081264052664367
1730782192.1103835;/app/bags/user95_2017-02-24.bag;0.834065854549408;0.0;0.9619645476341248;0.0;0.667477245503997;0.5991873594733563;0.40081264052664367
1730782192.3103683;/app/bags/user95_2017-02-24.bag;0.834065854549408;0.0;0.9619645476341248;0.0;0.667477245503997;0.5991873594733563;0.40081264052664367
1730782192.5103729;/app/bags/user95_2017-02-24.bag;0.834065854549408;0.0;0.9619645476341248;0.0;0.667477245503997;0.5991873594733563;0.40081264052664367
1730782192.7103772;/app/bags/user95_2017-02-24.bag;0.834065854549408;0.0;0.9619645476341248;0.0;0.667477245503997;0.5991873594733563;0.40081264052664367
1730782192.9103665;/app/bags/user95_2017-02-24.bag;0.834065854549408;0.0;0.9619645476341248;0.0;0.667477245503997;0.5991873594733563;0.40081264052664367
1730782193.1103935;/app/bags/user95_2017-02-24.bag;0.834065854549408;0.0;0.9619645476341248;0.0;0.667477245503997;0.5991873594733563;0.40081264052664367
1730782193.3103657;/app/bags/user95_2017-02-24.bag;0.834065854549408;0.0;0.9619645476341248;0.0;0.667477245503997;0.5991873594733563;0.40081264052664367
1730782193.5105524;/app/bags/user95_2017-02-24.bag;0.834065854549408;0.0;0.9619645476341248;0.0;0.667477245503997;0.5991873594733563;0.40081264052664367
1730782193.710396;/app/bags/user95_2017-02-24.bag;0.834065854549408;0.0;0.9619645476341248;0.0;0.667477245503997;0.5991873594733563;0.40081264052664367
1730782193.91038;/app/bags/user95_2017-02-24.bag;0.834065854549408;0.0;0.9619645476341248;0.0;0.667477245503997;0.5991873594733563;0.40081264052664367
1730782194.1103516;/app/bags/user95_2017-02-24.bag;0.834065854549408;0.0;0.9619645476341248;0.0;0.667477245503997;0.5991873594733563;0.40081264052664367
1730782194.3104055;/app/bags/user95_2017-02-24.bag;0.834065854549408;0.0;0.9619645476341248;0.0;0.667477245503997;0.5991873594733563;0.40081264052664367
1730782194.5103843;/app/bags/user95_2017-02-24.bag;0.834065854549408;0.0;0.9619645476341248;0.0;0.667477245503997;0.5991873594733563;0.40081264052664367
1730782194.7103937;/app/bags/user95_2017-02-24.bag;0.834065854549408;0.0;0.9619645476341248;0.0;0.667477245503997;0.5991873594733563;0.40081264052664367
1730782194.9104223;/app/bags/user95_2017-02-24.bag;0.834065854549408;0.0;0.9619645476341248;0.0;0.667477245503997;0.5991873594733563;0.40081264052664367
1730782195.1104386;/app/bags/user95_2017-02-24.bag;0.834065854549408;0.0;0.9619645476341248;0.0;0.667477245503997;0.5991873594733563;0.40081264052664367
1730782195.3104107;/app/bags/user95_2017-02-24.bag;0.834065854549408;0.0;0.9619645476341248;0.0;0.667477245503997;0.5991873594733563;0.40081264052664367
1730782195.5104845;/app/bags/user95_2017-02-24.bag;0.834065854549408;0.0;0.9619645476341248;0.0;0.667477245503997;0.5991873594733563;0.40081264052664367
1730782195.7103949;/app/bags/user95_2017-02-24.bag;0.834065854549408;0.0;0.9619645476341248;0.0;0.667477245503997;0.5991873594733563;0.40081264052664367
1730782195.9103494;/app/bags/user95_2017-02-24.bag;0.834065854549408;0.0;0.9619645476341248;0.0;0.667477245503997;0.5991873594733563;0.40081264052664367
1730782196.1103845;/app/bags/user95_2017-02-24.bag;0.834065854549408;0.0;0.9619645476341248;0.0;0.667477245503997;0.5991873594733563;0.40081264052664367
1730782196.3103757;/app/bags/user95_2017-02-24.bag;0.834065854549408;0.0;0.9619645476341248;0.0;0.667477245503997;0.5991873594733563;0.40081264052664367
1730782196.510389;/app/bags/user95_2017-02-24.bag;0.834065854549408;0.0;0.9619645476341248;0.0;0.667477245503997;0.5991873594733563;0.40081264052664367
1730782196.710427;/app/bags/user95_2017-02-24.bag;0.834065854549408;0.0;0.9619645476341248;0.0;0.667477245503997;0.5991873594733563;0.40081264052664367
1730782196.9103858;/app/bags/user95_2017-02-24.bag;0.834065854549408;0.0;0.9619645476341248;0.0;0.667477245503997;0.5991873594733563;0.40081264052664367
1730782197.1104465;/app/bags/user95_2017-02-24.bag;0.834065854549408;0.0;0.9619645476341248;0.0;0.667477245503997;0.5991873594733563;0.40081264052664367
1730782197.310445;/app/bags/user95_2017-02-24.bag;0.834065854549408;0.0;0.9619645476341248;0.0;0.667477245503997;0.5991873594733563;0.40081264052664367
1730782197.5103765;/app/bags/user95_2017-02-24.bag;0.834065854549408;0.0;0.9619645476341248;0.0;0.667477245503997;0.5991873594733563;0.40081264052664367
1730782197.7103658;/app/bags/user95_2017-02-24.bag;0.834065854549408;0.0;0.9619645476341248;0.0;0.667477245503997;0.5991873594733563;0.40081264052664367
1730782197.9103918;/app/bags/user95_2017-02-24.bag;0.834065854549408;0.0;0.9619645476341248;0.0;0.667477245503997;0.5991873594733563;0.40081264052664367
1730782198.1103866;/app/bags/user95_2017-02-24.bag;0.834065854549408;0.0;0.9619645476341248;0.0;0.667477245503997;0.5991873594733563;0.40081264052664367
1730782198.310422;/app/bags/user95_2017-02-24.bag;0.834065854549408;0.0;0.9619645476341248;0.0;0.667477245503997;0.5991873594733563;0.40081264052664367
1730782198.510336;/app/bags/user95_2017-02-24.bag;0.834065854549408;0.0;0.9619645476341248;0.0;0.667477245503997;0.5991873594733563;0.40081264052664367
1730782198.7103982;/app/bags/user95_2017-02-24.bag;0.834065854549408;0.0;0.9619645476341248;0.0;0.667477245503997;0.5991873594733563;0.40081264052664367
1730782198.910391;/app/bags/user95_2017-02-24.bag;0.834065854549408;0.0;0.9619645476341248;0.0;0.667477245503997;0.5991873594733563;0.40081264052664367
1730782199.1103656;/app/bags/user95_2017-02-24.bag;0.834065854549408;0.0;0.9619645476341248;0.0;0.667477245503997;0.5991873594733563;0.40081264052664367
1730782199.3103921;/app/bags/user95_2017-02-24.bag;0.834065854549408;0.0;0.9619645476341248;0.0;0.667477245503997;0.5991873594733563;0.40081264052664367
1730782199.5103827;/app/bags/user95_2017-02-24.bag;0.834065854549408;0.0;0.9619645476341248;0.0;0.667477245503997;0.5991873594733563;0.40081264052664367
1730782199.7103717;/app/bags/user95_2017-02-24.bag;0.834065854549408;0.0;0.9619645476341248;0.0;0.667477245503997;0.5991873594733563;0.40081264052664367
1730782199.9103897;/app/bags/user95_2017-02-24.bag;0.834065854549408;0.0;0.9619645476341248;0.0;0.667477245503997;0.5991873594733563;0.40081264052664367
1730782200.110389;/app/bags/user95_2017-02-24.bag;0.834065854549408;0.0;0.9619645476341248;0.0;0.667477245503997;0.5991873594733563;0.40081264052664367
1730782200.3103824;/app/bags/user95_2017-02-24.bag;0.834065854549408;0.0;0.9619645476341248;0.0;0.667477245503997;0.5991873594733563;0.40081264052664367
1730782200.51039;/app/bags/user95_2017-02-24.bag;0.834065854549408;0.0;0.9619645476341248;0.0;0.667477245503997;0.5991873594733563;0.40081264052664367
1730782200.710595;/app/bags/user95_2017-02-24.bag;0.834065854549408;0.0;0.9619645476341248;0.0;0.667477245503997;0.5991873594733563;0.40081264052664367
1730782200.9103897;/app/bags/user95_2017-02-24.bag;0.834065854549408;0.0;0.9619645476341248;0.0;0.667477245503997;0.5991873594733563;0.40081264052664367
1730782201.1103685;/app/bags/user95_2017-02-24.bag;0.834065854549408;0.0;0.9619645476341248;0.0;0.667477245503997;0.5991873594733563;0.40081264052664367
1730782201.310364;/app/bags/user95_2017-02-24.bag;0.834065854549408;0.0;0.9619645476341248;0.0;0.667477245503997;0.5991873594733563;0.40081264052664367
1730782201.510386;/app/bags/user95_2017-02-24.bag;0.834065854549408;0.0;0.9619645476341248;0.0;0.667477245503997;0.5991873594733563;0.40081264052664367
1730782201.71044;/app/bags/user95_2017-02-24.bag;0.834065854549408;0.0;0.9619645476341248;0.0;0.667477245503997;0.5991873594733563;0.40081264052664367
1730782201.910339;/app/bags/user95_2017-02-24.bag;0.834065854549408;0.0;0.9619645476341248;0.0;0.667477245503997;0.5991873594733563;0.40081264052664367
1730782202.1103582;/app/bags/user95_2017-02-24.bag;0.834065854549408;0.0;0.9619645476341248;0.0;0.667477245503997;0.5991873594733563;0.40081264052664367
1730782202.3104222;/app/bags/user95_2017-02-24.bag;0.834065854549408;0.0;0.9619645476341248;0.0;0.667477245503997;0.5991873594733563;0.40081264052664367
1730782202.510447;/app/bags/user95_2017-02-24.bag;0.834065854549408;0.0;0.9619645476341248;0.0;0.667477245503997;0.5991873594733563;0.40081264052664367
1730782202.7103865;/app/bags/user95_2017-02-24.bag;0.834065854549408;0.0;0.9619645476341248;0.0;0.667477245503997;0.5991873594733563;0.40081264052664367
1730782202.9103963;/app/bags/user95_2017-02-24.bag;0.834065854549408;0.0;0.9619645476341248;0.0;0.667477245503997;0.5991873594733563;0.40081264052664367
1730782203.1104195;/app/bags/user95_2017-02-24.bag;0.834065854549408;0.0;0.9619645476341248;0.0;0.667477245503997;0.5991873594733563;0.40081264052664367
1730782203.3104408;/app/bags/user95_2017-02-24.bag;0.834065854549408;0.0;0.9619645476341248;0.0;0.667477245503997;0.5991873594733563;0.40081264052664367
1730782203.5103724;/app/bags/user95_2017-02-24.bag;0.834065854549408;0.0;0.9619645476341248;0.0;0.667477245503997;0.5991873594733563;0.40081264052664367
1730782203.7103853;/app/bags/user95_2017-02-24.bag;0.834065854549408;0.0;0.9619645476341248;0.0;0.667477245503997;0.5991873594733563;0.40081264052664367
1730782203.9104002;/app/bags/user95_2017-02-24.bag;0.834065854549408;0.0;0.9619645476341248;0.0;0.667477245503997;0.5991873594733563;0.40081264052664367
1730782204.1103737;/app/bags/user95_2017-02-24.bag;0.834065854549408;0.0;0.9619645476341248;0.0;0.667477245503997;0.5991873594733563;0.40081264052664367
1730782204.3103826;/app/bags/user95_2017-02-24.bag;0.834065854549408;0.0;0.9619645476341248;0.0;0.667477245503997;0.5991873594733563;0.40081264052664367
1730782204.5103774;/app/bags/user95_2017-02-24.bag;0.834065854549408;0.0;0.9619645476341248;0.0;0.667477245503997;0.5991873594733563;0.40081264052664367
1730782204.7104435;/app/bags/user95_2017-02-24.bag;0.834065854549408;0.0;0.9619645476341248;0.0;0.667477245503997;0.5991873594733563;0.40081264052664367
1730782204.9103694;/app/bags/user95_2017-02-24.bag;0.834065854549408;0.0;0.9619645476341248;0.0;0.667477245503997;0.5991873594733563;0.40081264052664367
1730782205.1104507;/app/bags/user95_2017-02-24.bag;0.834065854549408;0.0;0.9619645476341248;0.0;0.667477245503997;0.5991873594733563;0.40081264052664367
1730782205.3103967;/app/bags/user95_2017-02-24.bag;0.834065854549408;0.0;0.9619645476341248;0.0;0.667477245503997;0.5991873594733563;0.40081264052664367
1730782205.510404;/app/bags/user95_2017-02-24.bag;0.834065854549408;0.0;0.9619645476341248;0.0;0.667477245503997;0.5991873594733563;0.40081264052664367
1730782205.710376;/app/bags/user95_2017-02-24.bag;0.834065854549408;0.0;0.9619645476341248;0.0;0.667477245503997;0.5991873594733563;0.40081264052664367
1730782205.9104447;/app/bags/user95_2017-02-24.bag;0.834065854549408;0.0;0.9619645476341248;0.0;0.667477245503997;0.5991873594733563;0.40081264052664367
1730782206.110367;/app/bags/user95_2017-02-24.bag;0.834065854549408;0.0;0.9619645476341248;0.0;0.667477245503997;0.5991873594733563;0.40081264052664367
1730782206.3104565;/app/bags/user95_2017-02-24.bag;0.834065854549408;0.0;0.9619645476341248;0.0;0.667477245503997;0.5991873594733563;0.40081264052664367
1730782206.5104291;/app/bags/user95_2017-02-24.bag;0.834065854549408;0.0;0.9619645476341248;0.0;0.667477245503997;0.5991873594733563;0.40081264052664367
1730782206.7103813;/app/bags/user95_2017-02-24.bag;0.834065854549408;0.0;0.9619645476341248;0.0;0.667477245503997;0.5991873594733563;0.40081264052664367
1730782206.9104;/app/bags/user95_2017-02-24.bag;0.834065854549408;0.0;0.9619645476341248;0.0;0.667477245503997;0.5991873594733563;0.40081264052664367
1730782207.1104302;/app/bags/user95_2017-02-24.bag;0.834065854549408;0.0;0.9619645476341248;0.0;0.667477245503997;0.5991873594733563;0.40081264052664367
1730782207.310475;/app/bags/user95_2017-02-24.bag;0.834065854549408;0.0;0.9619645476341248;0.0;0.667477245503997;0.5991873594733563;0.40081264052664367
1730782207.5103617;/app/bags/user95_2017-02-24.bag;0.834065854549408;0.0;0.9619645476341248;0.0;0.667477245503997;0.5991873594733563;0.40081264052664367
1730782207.710476;/app/bags/user95_2017-02-24.bag;0.834065854549408;0.0;0.9619645476341248;0.0;0.667477245503997;0.5991873594733563;0.40081264052664367
1730782207.9103816;/app/bags/user95_2017-02-24.bag;0.834065854549408;0.0;0.9619645476341248;0.0;0.667477245503997;0.5991873594733563;0.40081264052664367
1730782208.1104593;/app/bags/user95_2017-02-24.bag;0.834065854549408;0.0;0.9619645476341248;0.0;0.667477245503997;0.5991873594733563;0.40081264052664367
1730782208.3103564;/app/bags/user95_2017-02-24.bag;0.834065854549408;0.0;0.9619645476341248;0.0;0.667477245503997;0.5991873594733563;0.40081264052664367
1730782208.5103621;/app/bags/user95_2017-02-24.bag;0.834065854549408;0.0;0.9619645476341248;0.0;0.667477245503997;0.5991873594733563;0.40081264052664367
1730782208.710373;/app/bags/user95_2017-02-24.bag;0.834065854549408;0.0;0.9619645476341248;0.0;0.667477245503997;0.5991873594733563;0.40081264052664367
1730782208.9103718;/app/bags/user95_2017-02-24.bag;0.834065854549408;0.0;0.9619645476341248;0.0;0.667477245503997;0.5991873594733563;0.40081264052664367
1730782209.1104748;/app/bags/user95_2017-02-24.bag;0.834065854549408;0.0;0.9619645476341248;0.0;0.667477245503997;0.5991873594733563;0.40081264052664367
1730782209.3103726;/app/bags/user95_2017-02-24.bag;0.834065854549408;0.0;0.9619645476341248;0.0;0.667477245503997;0.5991873594733563;0.40081264052664367
1730782209.5103836;/app/bags/user95_2017-02-24.bag;0.834065854549408;0.0;0.9619645476341248;0.0;0.667477245503997;0.5991873594733563;0.40081264052664367
1730782209.7103813;/app/bags/user95_2017-02-24.bag;0.834065854549408;0.0;0.9619645476341248;0.0;0.667477245503997;0.5991873594733563;0.40081264052664367
1730782209.9103134;/app/bags/user95_2017-02-24.bag;0.834065854549408;0.0;0.9619645476341248;0.0;0.667477245503997;0.5991873594733563;0.40081264052664367
1730782210.1104019;/app/bags/user95_2017-02-24.bag;0.834065854549408;0.0;0.9619645476341248;0.0;0.667477245503997;0.5991873594733563;0.40081264052664367
1730782210.3103719;/app/bags/user95_2017-02-24.bag;0.834065854549408;0.0;0.9619645476341248;0.0;0.667477245503997;0.5991873594733563;0.40081264052664367
1730782210.5103655;/app/bags/user95_2017-02-24.bag;0.834065854549408;0.0;0.9619645476341248;0.0;0.667477245503997;0.5991873594733563;0.40081264052664367
1730782210.710424;/app/bags/user95_2017-02-24.bag;0.834065854549408;0.0;0.9619645476341248;0.0;0.667477245503997;0.5991873594733563;0.40081264052664367
1730782210.9103878;/app/bags/user95_2017-02-24.bag;0.834065854549408;0.0;0.9619645476341248;0.0;0.667477245503997;0.5991873594733563;0.40081264052664367
1730782211.1104438;/app/bags/user95_2017-02-24.bag;0.834065854549408;0.0;0.9619645476341248;0.0;0.667477245503997;0.5991873594733563;0.40081264052664367
1730782211.3104086;/app/bags/user95_2017-02-24.bag;0.834065854549408;0.0;0.9619645476341248;0.0;0.667477245503997;0.5991873594733563;0.40081264052664367
1730782211.510402;/app/bags/user95_2017-02-24.bag;0.834065854549408;0.0;0.9619645476341248;0.0;0.667477245503997;0.5991873594733563;0.40081264052664367
1730782211.7103903;/app/bags/user95_2017-02-24.bag;0.834065854549408;0.0;0.9619645476341248;0.0;0.667477245503997;0.5991873594733563;0.40081264052664367
1730782211.9103675;/app/bags/user95_2017-02-24.bag;0.834065854549408;0.0;0.9619645476341248;0.0;0.667477245503997;0.5991873594733563;0.40081264052664367
1730782212.11042;/app/bags/user95_2017-02-24.bag;0.834065854549408;0.0;0.9619645476341248;0.0;0.667477245503997;0.5991873594733563;0.40081264052664367
1730782212.310414;/app/bags/user95_2017-02-24.bag;0.834065854549408;0.0;0.9619645476341248;0.0;0.667477245503997;0.5991873594733563;0.40081264052664367
1730782212.5103803;/app/bags/user95_2017-02-24.bag;0.834065854549408;0.0;0.9619645476341248;0.0;0.667477245503997;0.5991873594733563;0.40081264052664367
1730782212.7104325;/app/bags/user95_2017-02-24.bag;0.834065854549408;0.0;0.9619645476341248;0.0;0.667477245503997;0.5991873594733563;0.40081264052664367
1730782212.9103768;/app/bags/user95_2017-02-24.bag;0.834065854549408;0.0;0.9619645476341248;0.0;0.667477245503997;0.5991873594733563;0.40081264052664367
1730782213.110384;/app/bags/user95_2017-02-24.bag;0.834065854549408;0.0;0.9619645476341248;0.0;0.667477245503997;0.5991873594733563;0.40081264052664367
1730782213.3103755;/app/bags/user95_2017-02-24.bag;0.834065854549408;0.0;0.9619645476341248;0.0;0.667477245503997;0.5991873594733563;0.40081264052664367
1730782213.510419;/app/bags/user95_2017-02-24.bag;0.834065854549408;0.0;0.9619645476341248;0.0;0.667477245503997;0.5991873594733563;0.40081264052664367
1730782213.7103791;/app/bags/user95_2017-02-24.bag;0.834065854549408;0.0;0.9619645476341248;0.0;0.667477245503997;0.5991873594733563;0.40081264052664367
1730782213.9103763;/app/bags/user95_2017-02-24.bag;0.834065854549408;0.0;0.9619645476341248;0.0;0.667477245503997;0.5991873594733563;0.40081264052664367
1730782214.1104147;/app/bags/user95_2017-02-24.bag;0.834065854549408;0.0;0.9619645476341248;0.0;0.667477245503997;0.5991873594733563;0.40081264052664367
1730782214.310431;/app/bags/user95_2017-02-24.bag;0.834065854549408;0.0;0.9619645476341248;0.0;0.667477245503997;0.5991873594733563;0.40081264052664367
1730782214.5102103;/app/bags/user95_2017-02-24.bag;0.834065854549408;0.0;0.9619645476341248;0.0;0.667477245503997;0.5991873594733563;0.40081264052664367
1730782214.7104328;/app/bags/user95_2017-02-24.bag;0.834065854549408;0.0;0.9619645476341248;0.0;0.667477245503997;0.5991873594733563;0.40081264052664367
1730782214.9103868;/app/bags/user95_2017-02-24.bag;0.834065854549408;0.0;0.9619645476341248;0.0;0.667477245503997;0.5991873594733563;0.40081264052664367
1730782215.1103747;/app/bags/user95_2017-02-24.bag;0.834065854549408;0.0;0.9619645476341248;0.0;0.667477245503997;0.5991873594733563;0.40081264052664367
1730782215.3103685;/app/bags/user95_2017-02-24.bag;0.834065854549408;0.0;0.9619645476341248;0.0;0.667477245503997;0.5991873594733563;0.40081264052664367
1730782215.510428;/app/bags/user95_2017-02-24.bag;0.834065854549408;0.0;0.9619645476341248;0.0;0.667477245503997;0.5991873594733563;0.40081264052664367
1730782215.710385;/app/bags/user95_2017-02-24.bag;0.834065854549408;0.0;0.9619645476341248;0.0;0.667477245503997;0.5991873594733563;0.40081264052664367
1730782215.9104273;/app/bags/user95_2017-02-24.bag;0.834065854549408;0.0;0.9619645476341248;0.0;0.667477245503997;0.5991873594733563;0.40081264052664367
1730782216.1104813;/app/bags/user95_2017-02-24.bag;0.834065854549408;0.0;0.9619645476341248;0.0;0.667477245503997;0.5991873594733563;0.40081264052664367
1730782216.3103735;/app/bags/user95_2017-02-24.bag;0.834065854549408;0.0;0.9619645476341248;0.0;0.667477245503997;0.5991873594733563;0.40081264052664367
1730782216.510409;/app/bags/user95_2017-02-24.bag;0.834065854549408;0.0;0.9619645476341248;0.0;0.667477245503997;0.5991873594733563;0.40081264052664367
1730782216.7103868;/app/bags/user95_2017-02-24.bag;0.834065854549408;0.0;0.9619645476341248;0.0;0.667477245503997;0.5991873594733563;0.40081264052664367
1730782216.9103894;/app/bags/user95_2017-02-24.bag;0.834065854549408;0.0;0.9619645476341248;0.0;0.667477245503997;0.5991873594733563;0.40081264052664367
1730782217.1104155;/app/bags/user95_2017-02-24.bag;0.834065854549408;0.0;0.9619645476341248;0.0;0.667477245503997;0.5991873594733563;0.40081264052664367
1730782217.3103817;/app/bags/user95_2017-02-24.bag;0.834065854549408;0.0;0.9619645476341248;0.0;0.667477245503997;0.5991873594733563;0.40081264052664367
1730782217.5103796;/app/bags/user95_2017-02-24.bag;0.834065854549408;0.0;0.9619645476341248;0.0;0.667477245503997;0.5991873594733563;0.40081264052664367
1730782217.7103832;/app/bags/user95_2017-02-24.bag;0.834065854549408;0.0;0.9619645476341248;0.0;0.667477245503997;0.5991873594733563;0.40081264052664367
1730782217.9103699;/app/bags/user95_2017-02-24.bag;0.834065854549408;0.0;0.9619645476341248;0.0;0.667477245503997;0.5991873594733563;0.40081264052664367
1730782218.1103904;/app/bags/user95_2017-02-24.bag;0.834065854549408;0.0;0.9619645476341248;0.0;0.667477245503997;0.5991873594733563;0.40081264052664367
1730782218.310424;/app/bags/user95_2017-02-24.bag;0.834065854549408;0.0;0.9619645476341248;0.0;0.667477245503997;0.5991873594733563;0.40081264052664367
1730782218.5104158;/app/bags/user95_2017-02-24.bag;0.834065854549408;0.0;0.9619645476341248;0.0;0.667477245503997;0.5991873594733563;0.40081264052664367
1730782218.7103736;/app/bags/user95_2017-02-24.bag;0.834065854549408;0.0;0.9619645476341248;0.0;0.667477245503997;0.5991873594733563;0.40081264052664367
1730782218.9103687;/app/bags/user95_2017-02-24.bag;0.834065854549408;0.0;0.9619645476341248;0.0;0.667477245503997;0.5991873594733563;0.40081264052664367
1730782219.1103919;/app/bags/user95_2017-02-24.bag;0.834065854549408;0.0;0.9619645476341248;0.0;0.667477245503997;0.5991873594733563;0.40081264052664367
1730782219.3103938;/app/bags/user95_2017-02-24.bag;0.834065854549408;0.0;0.9619645476341248;0.0;0.667477245503997;0.5991873594733563;0.40081264052664367
1730782219.5103672;/app/bags/user95_2017-02-24.bag;0.834065854549408;0.0;0.9619645476341248;0.0;0.667477245503997;0.5991873594733563;0.40081264052664367
1730782219.7103822;/app/bags/user95_2017-02-24.bag;0.834065854549408;0.0;0.9619645476341248;0.0;0.667477245503997;0.5991873594733563;0.40081264052664367
1730782219.9103918;/app/bags/user95_2017-02-24.bag;0.834065854549408;0.0;0.9619645476341248;0.0;0.667477245503997;0.5991873594733563;0.40081264052664367
1730782220.1105065;/app/bags/user95_2017-02-24.bag;0.834065854549408;0.0;0.9619645476341248;0.0;0.667477245503997;0.5991873594733563;0.40081264052664367
1730782220.3104126;/app/bags/user95_2017-02-24.bag;0.834065854549408;0.0;0.9619645476341248;0.0;0.667477245503997;0.5991873594733563;0.40081264052664367
1730782220.51039;/app/bags/user95_2017-02-24.bag;0.834065854549408;0.0;0.9619645476341248;0.0;0.667477245503997;0.5991873594733563;0.40081264052664367
1730782220.7103715;/app/bags/user95_2017-02-24.bag;0.834065854549408;0.0;0.9619645476341248;0.0;0.667477245503997;0.5991873594733563;0.40081264052664367
1730782220.9104218;/app/bags/user95_2017-02-24.bag;0.834065854549408;0.0;0.9619645476341248;0.0;0.667477245503997;0.5991873594733563;0.40081264052664367
1730782221.1104217;/app/bags/user95_2017-02-24.bag;0.834065854549408;0.0;0.9619645476341248;0.0;0.667477245503997;0.5991873594733563;0.40081264052664367
1730782221.3103583;/app/bags/user95_2017-02-24.bag;0.834065854549408;0.0;0.9619645476341248;0.0;0.667477245503997;0.5991873594733563;0.40081264052664367
1730782221.5104127;/app/bags/user95_2017-02-24.bag;0.834065854549408;0.0;0.9619645476341248;0.0;0.667477245503997;0.5991873594733563;0.40081264052664367
1730782221.7103887;/app/bags/user95_2017-02-24.bag;0.834065854549408;0.0;0.9619645476341248;0.0;0.667477245503997;0.5991873594733563;0.40081264052664367
1730782221.9103963;/app/bags/user95_2017-02-24.bag;0.834065854549408;0.0;0.9619645476341248;0.0;0.667477245503997;0.5991873594733563;0.40081264052664367
1730782222.1103704;/app/bags/user95_2017-02-24.bag;0.834065854549408;0.0;0.9619645476341248;0.0;0.667477245503997;0.5991873594733563;0.40081264052664367
1730782222.3103824;/app/bags/user95_2017-02-24.bag;0.834065854549408;0.0;0.9619645476341248;0.0;0.667477245503997;0.5991873594733563;0.40081264052664367
1730782222.5103934;/app/bags/user95_2017-02-24.bag;0.834065854549408;0.0;0.9619645476341248;0.0;0.667477245503997;0.5991873594733563;0.40081264052664367
1730782222.710436;/app/bags/user95_2017-02-24.bag;0.834065854549408;0.0;0.9619645476341248;0.0;0.667477245503997;0.5991873594733563;0.40081264052664367
1730782222.9104035;/app/bags/user95_2017-02-24.bag;0.834065854549408;0.0;0.9619645476341248;0.0;0.667477245503997;0.5991873594733563;0.40081264052664367
1730782223.1104195;/app/bags/user95_2017-02-24.bag;0.834065854549408;0.0;0.9619645476341248;0.0;0.667477245503997;0.5991873594733563;0.40081264052664367
1730782223.3103943;/app/bags/user95_2017-02-24.bag;0.834065854549408;0.0;0.9619645476341248;0.0;0.667477245503997;0.5991873594733563;0.40081264052664367
1730782223.51045;/app/bags/user95_2017-02-24.bag;0.834065854549408;0.0;0.9619645476341248;0.0;0.667477245503997;0.5991873594733563;0.40081264052664367
1730782223.710374;/app/bags/user95_2017-02-24.bag;0.834065854549408;0.0;0.9619645476341248;0.0;0.667477245503997;0.5991873594733563;0.40081264052664367
1730782223.9103892;/app/bags/user95_2017-02-24.bag;0.834065854549408;0.0;0.9619645476341248;0.0;0.667477245503997;0.5991873594733563;0.40081264052664367
1730782224.1103864;/app/bags/user95_2017-02-24.bag;0.834065854549408;0.0;0.9619645476341248;0.0;0.667477245503997;0.5991873594733563;0.40081264052664367
1730782224.3103628;/app/bags/user95_2017-02-24.bag;0.834065854549408;0.0;0.9619645476341248;0.0;0.667477245503997;0.5991873594733563;0.40081264052664367
1730782224.510442;/app/bags/user95_2017-02-24.bag;0.834065854549408;0.0;0.9619645476341248;0.0;0.667477245503997;0.5991873594733563;0.40081264052664367
1730782224.710444;/app/bags/user95_2017-02-24.bag;0.834065854549408;0.0;0.9619645476341248;0.0;0.667477245503997;0.5991873594733563;0.40081264052664367
1730782224.9104066;/app/bags/user95_2017-02-24.bag;0.834065854549408;0.0;0.9619645476341248;0.0;0.667477245503997;0.5991873594733563;0.40081264052664367
1730782225.1103685;/app/bags/user95_2017-02-24.bag;0.834065854549408;0.0;0.9619645476341248;0.0;0.667477245503997;0.5991873594733563;0.40081264052664367
1730782225.310403;/app/bags/user95_2017-02-24.bag;0.834065854549408;0.0;0.9619645476341248;0.0;0.667477245503997;0.5991873594733563;0.40081264052664367
1730782225.5103834;/app/bags/user95_2017-02-24.bag;0.834065854549408;0.0;0.9619645476341248;0.0;0.667477245503997;0.5991873594733563;0.40081264052664367
1730782225.7103844;/app/bags/user95_2017-02-24.bag;0.834065854549408;0.0;0.9619645476341248;0.0;0.667477245503997;0.5991873594733563;0.40081264052664367
1730782225.9103775;/app/bags/user95_2017-02-24.bag;0.834065854549408;0.0;0.9619645476341248;0.0;0.667477245503997;0.5991873594733563;0.40081264052664367
1730782226.1104307;/app/bags/user95_2017-02-24.bag;0.834065854549408;0.0;0.9619645476341248;0.0;0.667477245503997;0.5991873594733563;0.40081264052664367
1730782226.3103826;/app/bags/user95_2017-02-24.bag;0.834065854549408;0.0;0.9619645476341248;0.0;0.667477245503997;0.5991873594733563;0.40081264052664367
1730782226.5104423;/app/bags/user95_2017-02-24.bag;0.834065854549408;0.0;0.9619645476341248;0.0;0.667477245503997;0.5991873594733563;0.40081264052664367
1730782226.7103972;/app/bags/user95_2017-02-24.bag;0.834065854549408;0.0;0.9619645476341248;0.0;0.667477245503997;0.5991873594733563;0.40081264052664367
1730782226.910424;/app/bags/user95_2017-02-24.bag;0.834065854549408;0.0;0.9619645476341248;0.0;0.667477245503997;0.5991873594733563;0.40081264052664367
1730782227.11043;/app/bags/user95_2017-02-24.bag;0.834065854549408;0.0;0.9619645476341248;0.0;0.667477245503997;0.5991873594733563;0.40081264052664367
1730782227.3104544;/app/bags/user95_2017-02-24.bag;0.834065854549408;0.0;0.9619645476341248;0.0;0.667477245503997;0.5991873594733563;0.40081264052664367
1730782227.5103812;/app/bags/user95_2017-02-24.bag;0.834065854549408;0.0;0.9619645476341248;0.0;0.667477245503997;0.5991873594733563;0.40081264052664367
1730782227.7103775;/app/bags/user95_2017-02-24.bag;0.834065854549408;0.0;0.9619645476341248;0.0;0.667477245503997;0.5991873594733563;0.40081264052664367
1730782227.9103947;/app/bags/user95_2017-02-24.bag;0.834065854549408;0.0;0.9619645476341248;0.0;0.667477245503997;0.5991873594733563;0.40081264052664367
1730782228.1104224;/app/bags/user95_2017-02-24.bag;0.834065854549408;0.0;0.9619645476341248;0.0;0.667477245503997;0.5991873594733563;0.40081264052664367
1730782228.3103755;/app/bags/user95_2017-02-24.bag;0.834065854549408;0.0;0.9619645476341248;0.0;0.667477245503997;0.5991873594733563;0.40081264052664367
1730782228.510383;/app/bags/user95_2017-02-24.bag;0.834065854549408;0.0;0.9619645476341248;0.0;0.667477245503997;0.5991873594733563;0.40081264052664367
1730782228.710374;/app/bags/user95_2017-02-24.bag;0.834065854549408;0.0;0.9619645476341248;0.0;0.667477245503997;0.5991873594733563;0.40081264052664367
1730782228.9103842;/app/bags/user95_2017-02-24.bag;0.834065854549408;0.0;0.9619645476341248;0.0;0.667477245503997;0.5991873594733563;0.40081264052664367
1730782229.1103957;/app/bags/user95_2017-02-24.bag;0.834065854549408;0.0;0.9619645476341248;0.0;0.667477245503997;0.5991873594733563;0.40081264052664367
1730782229.310385;/app/bags/user95_2017-02-24.bag;0.834065854549408;0.0;0.9619645476341248;0.0;0.667477245503997;0.5991873594733563;0.40081264052664367
1730782229.5104141;/app/bags/user95_2017-02-24.bag;0.834065854549408;0.0;0.9619645476341248;0.0;0.667477245503997;0.5991873594733563;0.40081264052664367
1730782229.7104769;/app/bags/user95_2017-02-24.bag;0.834065854549408;0.0;0.9619645476341248;0.0;0.667477245503997;0.5991873594733563;0.40081264052664367
1730782229.9103887;/app/bags/user95_2017-02-24.bag;0.834065854549408;0.0;0.9619645476341248;0.0;0.667477245503997;0.5991873594733563;0.40081264052664367
1730782230.1103625;/app/bags/user95_2017-02-24.bag;0.834065854549408;0.0;0.9619645476341248;0.0;0.667477245503997;0.5991873594733563;0.40081264052664367
1730782230.3104196;/app/bags/user95_2017-02-24.bag;0.834065854549408;0.0;0.9619645476341248;0.0;0.667477245503997;0.5991873594733563;0.40081264052664367
1730782230.5105095;/app/bags/user95_2017-02-24.bag;0.834065854549408;0.0;0.9619645476341248;0.0;0.667477245503997;0.5991873594733563;0.40081264052664367
1730782230.7104483;/app/bags/user95_2017-02-24.bag;0.834065854549408;0.0;0.9619645476341248;0.0;0.667477245503997;0.5991873594733563;0.40081264052664367
1730782230.9104;/app/bags/user95_2017-02-24.bag;0.834065854549408;0.0;0.9619645476341248;0.0;0.667477245503997;0.5991873594733563;0.40081264052664367
1730782231.1104097;/app/bags/user95_2017-02-24.bag;0.834065854549408;0.0;0.9619645476341248;0.0;0.667477245503997;0.5991873594733563;0.40081264052664367
1730782231.3104267;/app/bags/user95_2017-02-24.bag;0.834065854549408;0.0;0.9619645476341248;0.0;0.667477245503997;0.5991873594733563;0.40081264052664367
1730782231.5103824;/app/bags/user95_2017-02-24.bag;0.834065854549408;0.0;0.9619645476341248;0.0;0.667477245503997;0.5991873594733563;0.40081264052664367
1730782231.7103636;/app/bags/user95_2017-02-24.bag;0.834065854549408;0.0;0.9619645476341248;0.0;0.667477245503997;0.5991873594733563;0.40081264052664367
1730782231.9104176;/app/bags/user95_2017-02-24.bag;0.834065854549408;0.0;0.9619645476341248;0.0;0.667477245503997;0.5991873594733563;0.40081264052664367
1730782232.110357;/app/bags/user95_2017-02-24.bag;0.834065854549408;0.0;0.9619645476341248;0.0;0.667477245503997;0.5991873594733563;0.40081264052664367
1730782232.3105128;/app/bags/user95_2017-02-24.bag;0.834065854549408;0.0;0.9619645476341248;0.0;0.667477245503997;0.5991873594733563;0.40081264052664367
1730782232.5103838;/app/bags/user95_2017-02-24.bag;0.834065854549408;0.0;0.9619645476341248;0.0;0.667477245503997;0.5991873594733563;0.40081264052664367
1730782232.7104325;/app/bags/user95_2017-02-24.bag;0.834065854549408;0.0;0.9619645476341248;0.0;0.667477245503997;0.5991873594733563;0.40081264052664367
1730782232.9104006;/app/bags/user95_2017-02-24.bag;0.834065854549408;0.0;0.9619645476341248;0.0;0.667477245503997;0.5991873594733563;0.40081264052664367
1730782233.1104426;/app/bags/user95_2017-02-24.bag;0.834065854549408;0.0;0.9619645476341248;0.0;0.667477245503997;0.5991873594733563;0.40081264052664367
1730782233.3103971;/app/bags/user95_2017-02-24.bag;0.834065854549408;0.0;0.9619645476341248;0.0;0.667477245503997;0.5991873594733563;0.40081264052664367
1730782233.510414;/app/bags/user95_2017-02-24.bag;0.834065854549408;0.0;0.9619645476341248;0.0;0.667477245503997;0.5991873594733563;0.40081264052664367
1730782233.7104073;/app/bags/user95_2017-02-24.bag;0.834065854549408;0.0;0.9619645476341248;0.0;0.667477245503997;0.5991873594733563;0.40081264052664367
1730782233.9104748;/app/bags/user95_2017-02-24.bag;0.834065854549408;0.0;0.9619645476341248;0.0;0.667477245503997;0.5991873594733563;0.40081264052664367
1730782234.1103914;/app/bags/user95_2017-02-24.bag;0.834065854549408;0.0;0.9619645476341248;0.0;0.667477245503997;0.5991873594733563;0.40081264052664367
1730782234.3103695;/app/bags/user95_2017-02-24.bag;0.834065854549408;0.0;0.9619645476341248;0.0;0.667477245503997;0.5991873594733563;0.40081264052664367
1730782234.5104418;/app/bags/user95_2017-02-24.bag;0.834065854549408;0.0;0.9619645476341248;0.0;0.667477245503997;0.5991873594733563;0.40081264052664367
1730782234.7104352;/app/bags/user95_2017-02-24.bag;0.834065854549408;0.0;0.9619645476341248;0.0;0.667477245503997;0.5991873594733563;0.40081264052664367
1730782234.9104106;/app/bags/user95_2017-02-24.bag;0.834065854549408;0.0;0.9619645476341248;0.0;0.667477245503997;0.5991873594733563;0.40081264052664367
1730782235.1104314;/app/bags/user95_2017-02-24.bag;0.834065854549408;0.0;0.9619645476341248;0.0;0.667477245503997;0.5991873594733563;0.40081264052664367
1730782235.310383;/app/bags/user95_2017-02-24.bag;0.834065854549408;0.0;0.9619645476341248;0.0;0.667477245503997;0.5991873594733563;0.40081264052664367
1730782235.5103567;/app/bags/user95_2017-02-24.bag;0.834065854549408;0.0;0.9619645476341248;0.0;0.667477245503997;0.5991873594733563;0.40081264052664367
1730782235.71039;/app/bags/user95_2017-02-24.bag;0.834065854549408;0.0;0.9619645476341248;0.0;0.667477245503997;0.5991873594733563;0.40081264052664367
1730782235.9103875;/app/bags/user95_2017-02-24.bag;0.834065854549408;0.0;0.9619645476341248;0.0;0.667477245503997;0.5991873594733563;0.40081264052664367
1730782236.1104243;/app/bags/user95_2017-02-24.bag;0.834065854549408;0.0;0.9619645476341248;0.0;0.667477245503997;0.5991873594733563;0.40081264052664367
1730782236.3103788;/app/bags/user95_2017-02-24.bag;0.834065854549408;0.0;0.9619645476341248;0.0;0.667477245503997;0.5991873594733563;0.40081264052664367
1730782236.5103796;/app/bags/user95_2017-02-24.bag;0.834065854549408;0.0;0.9619645476341248;0.0;0.667477245503997;0.5991873594733563;0.40081264052664367
1730782236.7104027;/app/bags/user95_2017-02-24.bag;0.834065854549408;0.0;0.9619645476341248;0.0;0.667477245503997;0.5991873594733563;0.40081264052664367
1730782236.910416;/app/bags/user95_2017-02-24.bag;0.834065854549408;0.0;0.9619645476341248;0.0;0.667477245503997;0.5991873594733563;0.40081264052664367
1730782237.1103637;/app/bags/user95_2017-02-24.bag;0.834065854549408;0.0;0.9619645476341248;0.0;0.667477245503997;0.5991873594733563;0.40081264052664367
1730782237.3104384;/app/bags/user95_2017-02-24.bag;0.834065854549408;0.0;0.9619645476341248;0.0;0.667477245503997;0.5991873594733563;0.40081264052664367
1730782237.5103767;/app/bags/user95_2017-02-24.bag;0.834065854549408;0.0;0.9619645476341248;0.0;0.667477245503997;0.5991873594733563;0.40081264052664367
1730782237.7103856;/app/bags/user95_2017-02-24.bag;0.834065854549408;0.0;0.9619645476341248;0.0;0.667477245503997;0.5991873594733563;0.40081264052664367
1730782237.9103968;/app/bags/user95_2017-02-24.bag;0.834065854549408;0.0;0.9619645476341248;0.0;0.667477245503997;0.5991873594733563;0.40081264052664367
1730782238.1104643;/app/bags/user95_2017-02-24.bag;0.834065854549408;0.0;0.9619645476341248;0.0;0.667477245503997;0.5991873594733563;0.40081264052664367
1730782238.310394;/app/bags/user95_2017-02-24.bag;0.834065854549408;0.0;0.9619645476341248;0.0;0.667477245503997;0.5991873594733563;0.40081264052664367
1730782238.5104122;/app/bags/user95_2017-02-24.bag;0.834065854549408;0.0;0.9619645476341248;0.0;0.667477245503997;0.5991873594733563;0.40081264052664367
1730782238.7104306;/app/bags/user95_2017-02-24.bag;0.834065854549408;0.0;0.9619645476341248;0.0;0.667477245503997;0.5991873594733563;0.40081264052664367
1730782238.9104185;/app/bags/user95_2017-02-24.bag;0.834065854549408;0.0;0.9619645476341248;0.0;0.667477245503997;0.5991873594733563;0.40081264052664367
1730782239.1105015;/app/bags/user95_2017-02-24.bag;0.834065854549408;0.0;0.9619645476341248;0.0;0.667477245503997;0.5991873594733563;0.40081264052664367
1730782239.3104186;/app/bags/user95_2017-02-24.bag;0.834065854549408;0.0;0.9619645476341248;0.0;0.667477245503997;0.5991873594733563;0.40081264052664367
1730782239.5103793;/app/bags/user95_2017-02-24.bag;0.834065854549408;0.0;0.9619645476341248;0.0;0.667477245503997;0.5991873594733563;0.40081264052664367
1730782239.710414;/app/bags/user95_2017-02-24.bag;0.834065854549408;0.0;0.9619645476341248;0.0;0.667477245503997;0.5991873594733563;0.40081264052664367
1730782239.9104264;/app/bags/user95_2017-02-24.bag;0.834065854549408;0.0;0.9619645476341248;0.0;0.667477245503997;0.5991873594733563;0.40081264052664367
1730782240.1103756;/app/bags/user95_2017-02-24.bag;0.834065854549408;0.0;0.9619645476341248;0.0;0.667477245503997;0.5991873594733563;0.40081264052664367
1730782240.3103857;/app/bags/user95_2017-02-24.bag;0.834065854549408;0.0;0.9619645476341248;0.0;0.667477245503997;0.5991873594733563;0.40081264052664367
1730782240.510444;/app/bags/user95_2017-02-24.bag;0.834065854549408;0.0;0.9619645476341248;0.0;0.667477245503997;0.5991873594733563;0.40081264052664367
1730782240.7103918;/app/bags/user95_2017-02-24.bag;0.834065854549408;0.0;0.9619645476341248;0.0;0.667477245503997;0.5991873594733563;0.40081264052664367
1730782240.910424;/app/bags/user95_2017-02-24.bag;0.834065854549408;0.0;0.9619645476341248;0.0;0.667477245503997;0.5991873594733563;0.40081264052664367
1730782241.1104279;/app/bags/user95_2017-02-24.bag;0.834065854549408;0.0;0.9619645476341248;0.0;0.667477245503997;0.5991873594733563;0.40081264052664367
1730782241.3104186;/app/bags/user95_2017-02-24.bag;0.834065854549408;0.0;0.9619645476341248;0.0;0.667477245503997;0.5991873594733563;0.40081264052664367
1730782241.510421;/app/bags/user95_2017-02-24.bag;0.834065854549408;0.0;0.9619645476341248;0.0;0.667477245503997;0.5991873594733563;0.40081264052664367
1730782241.7103832;/app/bags/user95_2017-02-24.bag;0.834065854549408;0.0;0.9619645476341248;0.0;0.667477245503997;0.5991873594733563;0.40081264052664367
1730782241.9104064;/app/bags/user95_2017-02-24.bag;0.834065854549408;0.0;0.9619645476341248;0.0;0.667477245503997;0.5991873594733563;0.40081264052664367
1730782242.110417;/app/bags/user95_2017-02-24.bag;0.834065854549408;0.0;0.9619645476341248;0.0;0.667477245503997;0.5991873594733563;0.40081264052664367
1730782242.310382;/app/bags/user95_2017-02-24.bag;0.834065854549408;0.0;0.9619645476341248;0.0;0.667477245503997;0.5991873594733563;0.40081264052664367
1730782242.5103834;/app/bags/user95_2017-02-24.bag;0.834065854549408;0.0;0.9619645476341248;0.0;0.667477245503997;0.5991873594733563;0.40081264052664367
1730782242.7103946;/app/bags/user95_2017-02-24.bag;0.834065854549408;0.0;0.9619645476341248;0.0;0.667477245503997;0.5991873594733563;0.40081264052664367
1730782242.9104254;/app/bags/user95_2017-02-24.bag;0.834065854549408;0.0;0.9619645476341248;0.0;0.667477245503997;0.5991873594733563;0.40081264052664367
1730782243.1103764;/app/bags/user95_2017-02-24.bag;0.834065854549408;0.0;0.9619645476341248;0.0;0.667477245503997;0.5991873594733563;0.40081264052664367
1730782243.310385;/app/bags/user95_2017-02-24.bag;0.834065854549408;0.0;0.9619645476341248;0.0;0.667477245503997;0.5991873594733563;0.40081264052664367
1730782243.510404;/app/bags/user95_2017-02-24.bag;0.834065854549408;0.0;0.9619645476341248;0.0;0.667477245503997;0.5991873594733563;0.40081264052664367
1730782243.7104368;/app/bags/user95_2017-02-24.bag;0.834065854549408;0.0;0.9619645476341248;0.0;0.667477245503997;0.5991873594733563;0.40081264052664367
1730782243.9103804;/app/bags/user95_2017-02-24.bag;0.834065854549408;0.0;0.9619645476341248;0.0;0.667477245503997;0.5991873594733563;0.40081264052664367
1730782244.1104345;/app/bags/user95_2017-02-24.bag;0.834065854549408;0.0;0.9619645476341248;0.0;0.667477245503997;0.5991873594733563;0.40081264052664367
1730782244.3103588;/app/bags/user95_2017-02-24.bag;0.834065854549408;0.0;0.9619645476341248;0.0;0.667477245503997;0.5991873594733563;0.40081264052664367
1730782244.5104284;/app/bags/user95_2017-02-24.bag;0.834065854549408;0.0;0.9619645476341248;0.0;0.667477245503997;0.5991873594733563;0.40081264052664367
1730782244.7104225;/app/bags/user95_2017-02-24.bag;0.834065854549408;0.0;0.9619645476341248;0.0;0.667477245503997;0.5991873594733563;0.40081264052664367
1730782244.9104905;/app/bags/user95_2017-02-24.bag;0.834065854549408;0.0;0.9619645476341248;0.0;0.667477245503997;0.5991873594733563;0.40081264052664367
1730782245.1103764;/app/bags/user95_2017-02-24.bag;0.834065854549408;0.0;0.9619645476341248;0.0;0.667477245503997;0.5991873594733563;0.40081264052664367
1730782245.3104084;/app/bags/user95_2017-02-24.bag;0.834065854549408;0.0;0.9619645476341248;0.0;0.667477245503997;0.5991873594733563;0.40081264052664367
1730782245.5104113;/app/bags/user95_2017-02-24.bag;0.834065854549408;0.0;0.9619645476341248;0.0;0.667477245503997;0.5991873594733563;0.40081264052664367
1730782245.7104256;/app/bags/user95_2017-02-24.bag;0.834065854549408;0.0;0.9619645476341248;0.0;0.667477245503997;0.5991873594733563;0.40081264052664367
1730782245.9104066;/app/bags/user95_2017-02-24.bag;0.834065854549408;0.0;0.9619645476341248;0.0;0.667477245503997;0.5991873594733563;0.40081264052664367
1730782246.1103675;/app/bags/user95_2017-02-24.bag;0.834065854549408;0.0;0.9619645476341248;0.0;0.667477245503997;0.5991873594733563;0.40081264052664367
1730782246.310359;/app/bags/user95_2017-02-24.bag;0.834065854549408;0.0;0.9619645476341248;0.0;0.667477245503997;0.5991873594733563;0.40081264052664367
1730782246.5103624;/app/bags/user95_2017-02-24.bag;0.834065854549408;0.0;0.9619645476341248;0.0;0.667477245503997;0.5991873594733563;0.40081264052664367
1730782246.7103565;/app/bags/user95_2017-02-24.bag;0.834065854549408;0.0;0.9619645476341248;0.0;0.667477245503997;0.5991873594733563;0.40081264052664367
1730782246.9103873;/app/bags/user95_2017-02-24.bag;0.834065854549408;0.0;0.9619645476341248;0.0;0.667477245503997;0.5991873594733563;0.40081264052664367
1730782247.1104443;/app/bags/user95_2017-02-24.bag;0.834065854549408;0.0;0.9619645476341248;0.0;0.667477245503997;0.5991873594733563;0.40081264052664367
1730782247.3104615;/app/bags/user95_2017-02-24.bag;0.834065854549408;0.0;0.9619645476341248;0.0;0.667477245503997;0.5991873594733563;0.40081264052664367
1730782247.5103636;/app/bags/user95_2017-02-24.bag;0.834065854549408;0.0;0.9619645476341248;0.0;0.667477245503997;0.5991873594733563;0.40081264052664367
1730782247.710223;/app/bags/user95_2017-02-24.bag;0.834065854549408;0.0;0.9619645476341248;0.0;0.667477245503997;0.5991873594733563;0.40081264052664367
1730782247.9103968;/app/bags/user95_2017-02-24.bag;0.834065854549408;0.0;0.9619645476341248;0.0;0.667477245503997;0.5991873594733563;0.40081264052664367
1730782248.110377;/app/bags/user95_2017-02-24.bag;0.834065854549408;0.0;0.9619645476341248;0.0;0.667477245503997;0.5991873594733563;0.40081264052664367
1730782248.3103929;/app/bags/user95_2017-02-24.bag;0.834065854549408;0.0;0.9619645476341248;0.0;0.667477245503997;0.5991873594733563;0.40081264052664367
1730782248.5104723;/app/bags/user95_2017-02-24.bag;0.834065854549408;0.0;0.9619645476341248;0.0;0.667477245503997;0.5991873594733563;0.40081264052664367
1730782248.710441;/app/bags/user95_2017-02-24.bag;0.834065854549408;0.0;0.9619645476341248;0.0;0.667477245503997;0.5991873594733563;0.40081264052664367
1730782248.9103522;/app/bags/user95_2017-02-24.bag;0.834065854549408;0.0;0.9619645476341248;0.0;0.667477245503997;0.5991873594733563;0.40081264052664367
1730782249.1104095;/app/bags/user95_2017-02-24.bag;0.834065854549408;0.0;0.9619645476341248;0.0;0.667477245503997;0.5991873594733563;0.40081264052664367
1730782249.3104007;/app/bags/user95_2017-02-24.bag;0.834065854549408;0.0;0.9619645476341248;0.0;0.667477245503997;0.5991873594733563;0.40081264052664367
1730782249.5103765;/app/bags/user95_2017-02-24.bag;0.834065854549408;0.0;0.9619645476341248;0.0;0.667477245503997;0.5991873594733563;0.40081264052664367
1730782249.710376;/app/bags/user95_2017-02-24.bag;0.834065854549408;0.0;0.9619645476341248;0.0;0.667477245503997;0.5991873594733563;0.40081264052664367
1730782249.9105053;/app/bags/user95_2017-02-24.bag;0.834065854549408;0.0;0.9619645476341248;0.0;0.667477245503997;0.5991873594733563;0.40081264052664367
1730782250.1103961;/app/bags/user95_2017-02-24.bag;0.834065854549408;0.0;0.9619645476341248;0.0;0.667477245503997;0.5991873594733563;0.40081264052664367
1730782250.3103797;/app/bags/user95_2017-02-24.bag;0.834065854549408;0.0;0.9619645476341248;0.0;0.667477245503997;0.5991873594733563;0.40081264052664367
1730782250.51041;/app/bags/user95_2017-02-24.bag;0.834065854549408;0.0;0.9619645476341248;0.0;0.667477245503997;0.5991873594733563;0.40081264052664367
1730782250.7103906;/app/bags/user95_2017-02-24.bag;0.834065854549408;0.0;0.9619645476341248;0.0;0.667477245503997;0.5991873594733563;0.40081264052664367
1730782250.9103823;/app/bags/user95_2017-02-24.bag;0.834065854549408;0.0;0.9619645476341248;0.0;0.667477245503997;0.5991873594733563;0.40081264052664367
1730782251.1104097;/app/bags/user95_2017-02-24.bag;0.834065854549408;0.0;0.9619645476341248;0.0;0.667477245503997;0.5991873594733563;0.40081264052664367
1730782251.310427;/app/bags/user95_2017-02-24.bag;0.834065854549408;0.0;0.9619645476341248;0.0;0.667477245503997;0.5991873594733563;0.40081264052664367
1730782251.5105488;/app/bags/user95_2017-02-24.bag;0.834065854549408;0.0;0.9619645476341248;0.0;0.667477245503997;0.5991873594733563;0.40081264052664367
1730782251.7104115;/app/bags/user95_2017-02-24.bag;0.834065854549408;0.0;0.9619645476341248;0.0;0.667477245503997;0.5991873594733563;0.40081264052664367
1730782251.910366;/app/bags/user95_2017-02-24.bag;0.834065854549408;0.0;0.9619645476341248;0.0;0.667477245503997;0.5991873594733563;0.40081264052664367
1730782252.1104302;/app/bags/user95_2017-02-24.bag;0.834065854549408;0.0;0.9619645476341248;0.0;0.667477245503997;0.5991873594733563;0.40081264052664367
1730782252.3104167;/app/bags/user95_2017-02-24.bag;0.834065854549408;0.0;0.9619645476341248;0.0;0.667477245503997;0.5991873594733563;0.40081264052664367
1730782252.5104656;/app/bags/user95_2017-02-24.bag;0.834065854549408;0.0;0.9619645476341248;0.0;0.667477245503997;0.5991873594733563;0.40081264052664367
1730782252.7105556;/app/bags/user95_2017-02-24.bag;0.834065854549408;0.0;0.9619645476341248;0.0;0.667477245503997;0.5991873594733563;0.40081264052664367
1730782252.9103525;/app/bags/user95_2017-02-24.bag;0.834065854549408;0.0;0.9619645476341248;0.0;0.667477245503997;0.5991873594733563;0.40081264052664367
1730782253.1105456;/app/bags/user95_2017-02-24.bag;0.834065854549408;0.0;0.9619645476341248;0.0;0.667477245503997;0.5991873594733563;0.40081264052664367
1730782253.3103917;/app/bags/user95_2017-02-24.bag;0.834065854549408;0.0;0.9619645476341248;0.0;0.667477245503997;0.5991873594733563;0.40081264052664367
1730782253.5104086;/app/bags/user95_2017-02-24.bag;0.834065854549408;0.0;0.9619645476341248;0.0;0.667477245503997;0.5991873594733563;0.40081264052664367
1730782253.710369;/app/bags/user95_2017-02-24.bag;0.834065854549408;0.0;0.9619645476341248;0.0;0.667477245503997;0.5991873594733563;0.40081264052664367
1730782253.9103756;/app/bags/user95_2017-02-24.bag;0.834065854549408;0.0;0.9619645476341248;0.0;0.667477245503997;0.5991873594733563;0.40081264052664367
1730782254.110394;/app/bags/user95_2017-02-24.bag;0.834065854549408;0.0;0.9619645476341248;0.0;0.667477245503997;0.5991873594733563;0.40081264052664367
1730782254.310386;/app/bags/user95_2017-02-24.bag;0.834065854549408;0.0;0.9619645476341248;0.0;0.667477245503997;0.5991873594733563;0.40081264052664367
1730782254.5103872;/app/bags/user95_2017-02-24.bag;0.834065854549408;0.0;0.9619645476341248;0.0;0.667477245503997;0.5991873594733563;0.40081264052664367
1730782254.7104154;/app/bags/user95_2017-02-24.bag;0.834065854549408;0.0;0.9619645476341248;0.0;0.667477245503997;0.5991873594733563;0.40081264052664367
1730782254.910379;/app/bags/user95_2017-02-24.bag;0.834065854549408;0.0;0.9619645476341248;0.0;0.667477245503997;0.5991873594733563;0.40081264052664367
1730782255.110384;/app/bags/user95_2017-02-24.bag;0.834065854549408;0.0;0.9619645476341248;0.0;0.667477245503997;0.5991873594733563;0.40081264052664367
1730782255.3104444;/app/bags/user95_2017-02-24.bag;0.834065854549408;0.0;0.9619645476341248;0.0;0.667477245503997;0.5991873594733563;0.40081264052664367
1730782255.5103803;/app/bags/user95_2017-02-24.bag;0.834065854549408;0.0;0.9619645476341248;0.0;0.667477245503997;0.5991873594733563;0.40081264052664367
1730782255.7104087;/app/bags/user95_2017-02-24.bag;0.834065854549408;0.0;0.9619645476341248;0.0;0.667477245503997;0.5991873594733563;0.40081264052664367
1730782255.910385;/app/bags/user95_2017-02-24.bag;0.834065854549408;0.0;0.9619645476341248;0.0;0.667477245503997;0.5991873594733563;0.40081264052664367
1730782256.11042;/app/bags/user95_2017-02-24.bag;0.834065854549408;0.0;0.9619645476341248;0.0;0.667477245503997;0.5991873594733563;0.40081264052664367
1730782256.3103778;/app/bags/user95_2017-02-24.bag;0.834065854549408;0.0;0.9619645476341248;0.0;0.667477245503997;0.5991873594733563;0.40081264052664367
1730782256.5105145;/app/bags/user95_2017-02-24.bag;0.834065854549408;0.0;0.9619645476341248;0.0;0.667477245503997;0.5991873594733563;0.40081264052664367
1730782256.7103906;/app/bags/user95_2017-02-24.bag;0.834065854549408;0.0;0.9619645476341248;0.0;0.667477245503997;0.5991873594733563;0.40081264052664367
1730782256.9103882;/app/bags/user95_2017-02-24.bag;0.834065854549408;0.0;0.9619645476341248;0.0;0.667477245503997;0.5991873594733563;0.40081264052664367
1730782257.110428;/app/bags/user95_2017-02-24.bag;0.834065854549408;0.0;0.9619645476341248;0.0;0.667477245503997;0.5991873594733563;0.40081264052664367
1730782257.310397;/app/bags/user95_2017-02-24.bag;0.834065854549408;0.0;0.9619645476341248;0.0;0.667477245503997;0.5991873594733563;0.40081264052664367
1730782257.5103788;/app/bags/user95_2017-02-24.bag;0.834065854549408;0.0;0.9619645476341248;0.0;0.667477245503997;0.5991873594733563;0.40081264052664367
1730782257.7103925;/app/bags/user95_2017-02-24.bag;0.834065854549408;0.0;0.9619645476341248;0.0;0.667477245503997;0.5991873594733563;0.40081264052664367
1730782257.9104059;/app/bags/user95_2017-02-24.bag;0.834065854549408;0.0;0.9619645476341248;0.0;0.667477245503997;0.5991873594733563;0.40081264052664367
1730782258.1104288;/app/bags/user95_2017-02-24.bag;0.834065854549408;0.0;0.9619645476341248;0.0;0.667477245503997;0.5991873594733563;0.40081264052664367
1730782258.3103771;/app/bags/user95_2017-02-24.bag;0.834065854549408;0.0;0.9619645476341248;0.0;0.667477245503997;0.5991873594733563;0.40081264052664367
1730782258.5103822;/app/bags/user95_2017-02-24.bag;0.834065854549408;0.0;0.9619645476341248;0.0;0.667477245503997;0.5991873594733563;0.40081264052664367
1730782258.710408;/app/bags/user95_2017-02-24.bag;0.834065854549408;0.0;0.9619645476341248;0.0;0.667477245503997;0.5991873594733563;0.40081264052664367
1730782258.9104805;/app/bags/user95_2017-02-24.bag;0.834065854549408;0.0;0.9619645476341248;0.0;0.667477245503997;0.5991873594733563;0.40081264052664367
1730782259.110365;/app/bags/user95_2017-02-24.bag;0.834065854549408;0.0;0.9619645476341248;0.0;0.667477245503997;0.5991873594733563;0.40081264052664367
1730782259.3105195;/app/bags/user95_2017-02-24.bag;0.834065854549408;0.0;0.9619645476341248;0.0;0.667477245503997;0.5991873594733563;0.40081264052664367
1730782259.510401;/app/bags/user95_2017-02-24.bag;0.834065854549408;0.0;0.9619645476341248;0.0;0.667477245503997;0.5991873594733563;0.40081264052664367
1730782259.7103856;/app/bags/user95_2017-02-24.bag;0.834065854549408;0.0;0.9619645476341248;0.0;0.667477245503997;0.5991873594733563;0.40081264052664367
1730782259.9103703;/app/bags/user95_2017-02-24.bag;0.834065854549408;0.0;0.9619645476341248;0.0;0.667477245503997;0.5991873594733563;0.40081264052664367
1730782260.1103659;/app/bags/user95_2017-02-24.bag;0.834065854549408;0.0;0.9619645476341248;0.0;0.667477245503997;0.5991873594733563;0.40081264052664367
1730782260.3103876;/app/bags/user95_2017-02-24.bag;0.834065854549408;0.0;0.9619645476341248;0.0;0.667477245503997;0.5991873594733563;0.40081264052664367
1730782260.510431;/app/bags/user95_2017-02-24.bag;0.834065854549408;0.0;0.9619645476341248;0.0;0.667477245503997;0.5991873594733563;0.40081264052664367
1730782260.7104197;/app/bags/user95_2017-02-24.bag;0.834065854549408;0.0;0.9619645476341248;0.0;0.667477245503997;0.5991873594733563;0.40081264052664367
1730782260.9103844;/app/bags/user95_2017-02-24.bag;0.834065854549408;0.0;0.9619645476341248;0.0;0.667477245503997;0.5991873594733563;0.40081264052664367
1730782261.110328;/app/bags/user95_2017-02-24.bag;0.834065854549408;0.0;0.9619645476341248;0.0;0.667477245503997;0.5991873594733563;0.40081264052664367
1730782261.3103895;/app/bags/user95_2017-02-24.bag;0.834065854549408;0.0;0.9619645476341248;0.0;0.667477245503997;0.5991873594733563;0.40081264052664367
1730782261.5103936;/app/bags/user95_2017-02-24.bag;0.834065854549408;0.0;0.9619645476341248;0.0;0.667477245503997;0.5991873594733563;0.40081264052664367
1730782261.7105072;/app/bags/user95_2017-02-24.bag;0.834065854549408;0.0;0.9619645476341248;0.0;0.667477245503997;0.5991873594733563;0.40081264052664367
1730782261.9103987;/app/bags/user95_2017-02-24.bag;0.834065854549408;0.0;0.9619645476341248;0.0;0.667477245503997;0.5991873594733563;0.40081264052664367
1730782262.110381;/app/bags/user95_2017-02-24.bag;0.834065854549408;0.0;0.9619645476341248;0.0;0.667477245503997;0.5991873594733563;0.40081264052664367
1730782262.3103685;/app/bags/user95_2017-02-24.bag;0.834065854549408;0.0;0.9619645476341248;0.0;0.667477245503997;0.5991873594733563;0.40081264052664367
1730782262.5103757;/app/bags/user95_2017-02-24.bag;0.834065854549408;0.0;0.9619645476341248;0.0;0.667477245503997;0.5991873594733563;0.40081264052664367
1730782262.7103891;/app/bags/user95_2017-02-24.bag;0.834065854549408;0.0;0.9619645476341248;0.0;0.667477245503997;0.5991873594733563;0.40081264052664367
1730782262.9104643;/app/bags/user95_2017-02-24.bag;0.834065854549408;0.0;0.9619645476341248;0.0;0.667477245503997;0.5991873594733563;0.40081264052664367
1730782263.1104002;/app/bags/user95_2017-02-24.bag;0.834065854549408;0.0;0.9619645476341248;0.0;0.667477245503997;0.5991873594733563;0.40081264052664367
1730782263.3103693;/app/bags/user95_2017-02-24.bag;0.834065854549408;0.0;0.9619645476341248;0.0;0.667477245503997;0.5991873594733563;0.40081264052664367
1730782263.5103617;/app/bags/user95_2017-02-24.bag;0.834065854549408;0.0;0.9619645476341248;0.0;0.667477245503997;0.5991873594733563;0.40081264052664367
1730782263.7103958;/app/bags/user95_2017-02-24.bag;0.834065854549408;0.0;0.9619645476341248;0.0;0.667477245503997;0.5991873594733563;0.40081264052664367
1730782263.910392;/app/bags/user95_2017-02-24.bag;0.834065854549408;0.0;0.9619645476341248;0.0;0.667477245503997;0.5991873594733563;0.40081264052664367
1730782264.1104426;/app/bags/user95_2017-02-24.bag;0.834065854549408;0.0;0.9619645476341248;0.0;0.667477245503997;0.5991873594733563;0.40081264052664367
1730782264.3104181;/app/bags/user95_2017-02-24.bag;0.834065854549408;0.0;0.9619645476341248;0.0;0.667477245503997;0.5991873594733563;0.40081264052664367
1730782264.5103807;/app/bags/user95_2017-02-24.bag;0.834065854549408;0.0;0.9619645476341248;0.0;0.667477245503997;0.5991873594733563;0.40081264052664367
1730782264.7103753;/app/bags/user95_2017-02-24.bag;0.834065854549408;0.0;0.9619645476341248;0.0;0.667477245503997;0.5991873594733563;0.40081264052664367
1730782264.9103897;/app/bags/user95_2017-02-24.bag;0.834065854549408;0.0;0.9619645476341248;0.0;0.667477245503997;0.5991873594733563;0.40081264052664367
1730782265.1103826;/app/bags/user95_2017-02-24.bag;0.834065854549408;0.0;0.9619645476341248;0.0;0.667477245503997;0.5991873594733563;0.40081264052664367
1730782265.3103857;/app/bags/user95_2017-02-24.bag;0.834065854549408;0.0;0.9619645476341248;0.0;0.667477245503997;0.5991873594733563;0.40081264052664367
1730782265.5103898;/app/bags/user95_2017-02-24.bag;0.834065854549408;0.0;0.9619645476341248;0.0;0.667477245503997;0.5991873594733563;0.40081264052664367
1730782265.710374;/app/bags/user95_2017-02-24.bag;0.834065854549408;0.0;0.9619645476341248;0.0;0.667477245503997;0.5991873594733563;0.40081264052664367
1730782265.9104378;/app/bags/user95_2017-02-24.bag;0.834065854549408;0.0;0.9619645476341248;0.0;0.667477245503997;0.5991873594733563;0.40081264052664367
1730782266.1103737;/app/bags/user95_2017-02-24.bag;0.834065854549408;0.0;0.9619645476341248;0.0;0.667477245503997;0.5991873594733563;0.40081264052664367
1730782266.31039;/app/bags/user95_2017-02-24.bag;0.834065854549408;0.0;0.9619645476341248;0.0;0.667477245503997;0.5991873594733563;0.40081264052664367
1730782266.5103993;/app/bags/user95_2017-02-24.bag;0.834065854549408;0.0;0.9619645476341248;0.0;0.667477245503997;0.5991873594733563;0.40081264052664367
1730782266.7103562;/app/bags/user95_2017-02-24.bag;0.834065854549408;0.0;0.9619645476341248;0.0;0.667477245503997;0.5991873594733563;0.40081264052664367
1730782266.9103942;/app/bags/user95_2017-02-24.bag;0.834065854549408;0.0;0.9619645476341248;0.0;0.667477245503997;0.5991873594733563;0.40081264052664367
1730782267.1103747;/app/bags/user95_2017-02-24.bag;0.834065854549408;0.0;0.9619645476341248;0.0;0.667477245503997;0.5991873594733563;0.40081264052664367
1730782267.3103871;/app/bags/user95_2017-02-24.bag;0.834065854549408;0.0;0.9619645476341248;0.0;0.667477245503997;0.5991873594733563;0.40081264052664367
1730782267.5103996;/app/bags/user95_2017-02-24.bag;0.834065854549408;0.0;0.9619645476341248;0.0;0.667477245503997;0.5991873594733563;0.40081264052664367
1730782267.710392;/app/bags/user95_2017-02-24.bag;0.834065854549408;0.0;0.9619645476341248;0.0;0.667477245503997;0.5991873594733563;0.40081264052664367
1730782267.9104273;/app/bags/user95_2017-02-24.bag;0.834065854549408;0.0;0.9619645476341248;0.0;0.667477245503997;0.5991873594733563;0.40081264052664367
1730782268.1104078;/app/bags/user95_2017-02-24.bag;0.834065854549408;0.0;0.9619645476341248;0.0;0.667477245503997;0.5991873594733563;0.40081264052664367
1730782268.310451;/app/bags/user95_2017-02-24.bag;0.834065854549408;0.0;0.9619645476341248;0.0;0.667477245503997;0.5991873594733563;0.40081264052664367
1730782268.5104423;/app/bags/user95_2017-02-24.bag;0.834065854549408;0.0;0.9619645476341248;0.0;0.667477245503997;0.5991873594733563;0.40081264052664367
1730782268.7103806;/app/bags/user95_2017-02-24.bag;0.834065854549408;0.0;0.9619645476341248;0.0;0.667477245503997;0.5991873594733563;0.40081264052664367
1730782268.9104025;/app/bags/user95_2017-02-24.bag;0.834065854549408;0.0;0.9619645476341248;0.0;0.667477245503997;0.5991873594733563;0.40081264052664367
1730782269.1103876;/app/bags/user95_2017-02-24.bag;0.834065854549408;0.0;0.9619645476341248;0.0;0.667477245503997;0.5991873594733563;0.40081264052664367
1730782269.3104131;/app/bags/user95_2017-02-24.bag;0.834065854549408;0.0;0.9619645476341248;0.0;0.667477245503997;0.5991873594733563;0.40081264052664367
1730782269.5105243;/app/bags/user95_2017-02-24.bag;0.834065854549408;0.0;0.9619645476341248;0.0;0.667477245503997;0.5991873594733563;0.40081264052664367
1730782269.7104537;/app/bags/user95_2017-02-24.bag;0.834065854549408;0.0;0.9619645476341248;0.0;0.667477245503997;0.5991873594733563;0.40081264052664367
1730782269.9104304;/app/bags/user95_2017-02-24.bag;0.834065854549408;0.0;0.9619645476341248;0.0;0.667477245503997;0.5991873594733563;0.40081264052664367
1730782270.1104918;/app/bags/user95_2017-02-24.bag;0.834065854549408;0.0;0.9619645476341248;0.0;0.667477245503997;0.5991873594733563;0.40081264052664367
1730782270.310399;/app/bags/user95_2017-02-24.bag;0.834065854549408;0.0;0.9619645476341248;0.0;0.667477245503997;0.5991873594733563;0.40081264052664367
1730782270.5103538;/app/bags/user95_2017-02-24.bag;0.834065854549408;0.0;0.9619645476341248;0.0;0.667477245503997;0.5991873594733563;0.40081264052664367
1730782270.7103803;/app/bags/user95_2017-02-24.bag;0.834065854549408;0.0;0.9619645476341248;0.0;0.667477245503997;0.5991873594733563;0.40081264052664367
1730782270.9103734;/app/bags/user95_2017-02-24.bag;0.834065854549408;0.0;0.9619645476341248;0.0;0.667477245503997;0.5991873594733563;0.40081264052664367
1730782271.1103683;/app/bags/user95_2017-02-24.bag;0.834065854549408;0.0;0.9619645476341248;0.0;0.667477245503997;0.5991873594733563;0.40081264052664367
1730782271.3103738;/app/bags/user95_2017-02-24.bag;0.834065854549408;0.0;0.9619645476341248;0.0;0.667477245503997;0.5991873594733563;0.40081264052664367
1730782271.5103755;/app/bags/user95_2017-02-24.bag;0.834065854549408;0.0;0.9619645476341248;0.0;0.667477245503997;0.5991873594733563;0.40081264052664367
1730782271.7104325;/app/bags/user95_2017-02-24.bag;0.834065854549408;0.0;0.9619645476341248;0.0;0.667477245503997;0.5991873594733563;0.40081264052664367
1730782271.9103732;/app/bags/user95_2017-02-24.bag;0.834065854549408;0.0;0.9619645476341248;0.0;0.667477245503997;0.5991873594733563;0.40081264052664367
1730782272.1104815;/app/bags/user95_2017-02-24.bag;0.834065854549408;0.0;0.9619645476341248;0.0;0.667477245503997;0.5991873594733563;0.40081264052664367
1730782272.3103793;/app/bags/user95_2017-02-24.bag;0.834065854549408;0.0;0.9619645476341248;0.0;0.667477245503997;0.5991873594733563;0.40081264052664367
1730782272.5104146;/app/bags/user95_2017-02-24.bag;0.834065854549408;0.0;0.9619645476341248;0.0;0.667477245503997;0.5991873594733563;0.40081264052664367
1730782272.7104025;/app/bags/user95_2017-02-24.bag;0.834065854549408;0.0;0.9619645476341248;0.0;0.667477245503997;0.5991873594733563;0.40081264052664367
1730782272.9103956;/app/bags/user95_2017-02-24.bag;0.834065854549408;0.0;0.9619645476341248;0.0;0.667477245503997;0.5991873594733563;0.40081264052664367
1730782273.1104376;/app/bags/user95_2017-02-24.bag;0.834065854549408;0.0;0.9619645476341248;0.0;0.667477245503997;0.5991873594733563;0.40081264052664367
1730782273.3103957;/app/bags/user95_2017-02-24.bag;0.834065854549408;0.0;0.9619645476341248;0.0;0.667477245503997;0.5991873594733563;0.40081264052664367
1730782273.510397;/app/bags/user95_2017-02-24.bag;0.834065854549408;0.0;0.9619645476341248;0.0;0.667477245503997;0.5991873594733563;0.40081264052664367
1730782273.7103808;/app/bags/user95_2017-02-24.bag;0.834065854549408;0.0;0.9619645476341248;0.0;0.667477245503997;0.5991873594733563;0.40081264052664367
1730782273.9103723;/app/bags/user95_2017-02-24.bag;0.834065854549408;0.0;0.9619645476341248;0.0;0.667477245503997;0.5991873594733563;0.40081264052664367
1730782274.1104267;/app/bags/user95_2017-02-24.bag;0.834065854549408;0.0;0.9619645476341248;0.0;0.667477245503997;0.5991873594733563;0.40081264052664367
1730782274.3103971;/app/bags/user95_2017-02-24.bag;0.834065854549408;0.0;0.9619645476341248;0.0;0.667477245503997;0.5991873594733563;0.40081264052664367
1730782274.5104125;/app/bags/user95_2017-02-24.bag;0.834065854549408;0.0;0.9619645476341248;0.0;0.667477245503997;0.5991873594733563;0.40081264052664367
1730782274.7103863;/app/bags/user95_2017-02-24.bag;0.834065854549408;0.0;0.9619645476341248;0.0;0.667477245503997;0.5991873594733563;0.40081264052664367
1730782274.910365;/app/bags/user95_2017-02-24.bag;0.834065854549408;0.0;0.9619645476341248;0.0;0.667477245503997;0.5991873594733563;0.40081264052664367
1730782275.1103694;/app/bags/user95_2017-02-24.bag;0.834065854549408;0.0;0.9619645476341248;0.0;0.667477245503997;0.5991873594733563;0.40081264052664367
1730782275.310384;/app/bags/user95_2017-02-24.bag;0.834065854549408;0.0;0.9619645476341248;0.0;0.667477245503997;0.5991873594733563;0.40081264052664367
1730782275.510402;/app/bags/user95_2017-02-24.bag;0.834065854549408;0.0;0.9619645476341248;0.0;0.667477245503997;0.5991873594733563;0.40081264052664367
1730782275.7103918;/app/bags/user95_2017-02-24.bag;0.834065854549408;0.0;0.9619645476341248;0.0;0.667477245503997;0.5991873594733563;0.40081264052664367
1730782275.9104667;/app/bags/user95_2017-02-24.bag;0.834065854549408;0.0;0.9619645476341248;0.0;0.667477245503997;0.5991873594733563;0.40081264052664367
1730782276.1104581;/app/bags/user95_2017-02-24.bag;0.834065854549408;0.0;0.9619645476341248;0.0;0.667477245503997;0.5991873594733563;0.40081264052664367
1730782276.3103921;/app/bags/user95_2017-02-24.bag;0.834065854549408;0.0;0.9619645476341248;0.0;0.667477245503997;0.5991873594733563;0.40081264052664367
1730782276.5104053;/app/bags/user95_2017-02-24.bag;0.834065854549408;0.0;0.9619645476341248;0.0;0.667477245503997;0.5991873594733563;0.40081264052664367
1730782276.7104287;/app/bags/user95_2017-02-24.bag;0.834065854549408;0.0;0.9619645476341248;0.0;0.667477245503997;0.5991873594733563;0.40081264052664367
1730782276.9104147;/app/bags/user95_2017-02-24.bag;0.834065854549408;0.0;0.9619645476341248;0.0;0.667477245503997;0.5991873594733563;0.40081264052664367
1730782277.1104133;/app/bags/user95_2017-02-24.bag;0.834065854549408;0.0;0.9619645476341248;0.0;0.667477245503997;0.5991873594733563;0.40081264052664367
1730782277.3103774;/app/bags/user95_2017-02-24.bag;0.834065854549408;0.0;0.9619645476341248;0.0;0.667477245503997;0.5991873594733563;0.40081264052664367
1730782277.510371;/app/bags/user95_2017-02-24.bag;0.834065854549408;0.0;0.9619645476341248;0.0;0.667477245503997;0.5991873594733563;0.40081264052664367
1730782277.710526;/app/bags/user95_2017-02-24.bag;0.834065854549408;0.0;0.9619645476341248;0.0;0.667477245503997;0.5991873594733563;0.40081264052664367
1730782277.9103367;/app/bags/user95_2017-02-24.bag;0.834065854549408;0.0;0.9619645476341248;0.0;0.667477245503997;0.5991873594733563;0.40081264052664367
1730782278.1104326;/app/bags/user95_2017-02-24.bag;0.834065854549408;0.0;0.9619645476341248;0.0;0.667477245503997;0.5991873594733563;0.40081264052664367
1730782278.310431;/app/bags/user95_2017-02-24.bag;0.834065854549408;0.0;0.9619645476341248;0.0;0.667477245503997;0.5991873594733563;0.40081264052664367
1730782278.5104158;/app/bags/user95_2017-02-24.bag;0.834065854549408;0.0;0.9619645476341248;0.0;0.667477245503997;0.5991873594733563;0.40081264052664367
1730782278.7103689;/app/bags/user95_2017-02-24.bag;0.834065854549408;0.0;0.9619645476341248;0.0;0.667477245503997;0.5991873594733563;0.40081264052664367
1730782278.910391;/app/bags/user95_2017-02-24.bag;0.834065854549408;0.0;0.9619645476341248;0.0;0.667477245503997;0.5991873594733563;0.40081264052664367
1730782279.1103828;/app/bags/user95_2017-02-24.bag;0.834065854549408;0.0;0.9619645476341248;0.0;0.667477245503997;0.5991873594733563;0.40081264052664367
1730782279.3103945;/app/bags/user95_2017-02-24.bag;0.834065854549408;0.0;0.9619645476341248;0.0;0.667477245503997;0.5991873594733563;0.40081264052664367
1730782279.5105648;/app/bags/user95_2017-02-24.bag;0.834065854549408;0.0;0.9619645476341248;0.0;0.667477245503997;0.5991873594733563;0.40081264052664367
1730782279.7104268;/app/bags/user95_2017-02-24.bag;0.834065854549408;0.0;0.9619645476341248;0.0;0.667477245503997;0.5991873594733563;0.40081264052664367
1730782279.9103765;/app/bags/user95_2017-02-24.bag;0.834065854549408;0.0;0.9619645476341248;0.0;0.667477245503997;0.5991873594733563;0.40081264052664367
1730782280.1105084;/app/bags/user95_2017-02-24.bag;0.834065854549408;0.0;0.9619645476341248;0.0;0.667477245503997;0.5991873594733563;0.40081264052664367
1730782280.3104007;/app/bags/user95_2017-02-24.bag;0.834065854549408;0.0;0.9619645476341248;0.0;0.667477245503997;0.5991873594733563;0.40081264052664367
1730782280.5103905;/app/bags/user95_2017-02-24.bag;0.834065854549408;0.0;0.9619645476341248;0.0;0.667477245503997;0.5991873594733563;0.40081264052664367
1730782280.7103813;/app/bags/user95_2017-02-24.bag;0.834065854549408;0.0;0.9619645476341248;0.0;0.667477245503997;0.5991873594733563;0.40081264052664367
1730782280.910423;/app/bags/user95_2017-02-24.bag;0.834065854549408;0.0;0.9619645476341248;0.0;0.667477245503997;0.5991873594733563;0.40081264052664367
1730782281.1104033;/app/bags/user95_2017-02-24.bag;0.834065854549408;0.0;0.9619645476341248;0.0;0.667477245503997;0.5991873594733563;0.40081264052664367
1730782281.3103688;/app/bags/user95_2017-02-24.bag;0.834065854549408;0.0;0.9619645476341248;0.0;0.667477245503997;0.5991873594733563;0.40081264052664367
1730782281.5103889;/app/bags/user95_2017-02-24.bag;0.834065854549408;0.0;0.9619645476341248;0.0;0.667477245503997;0.5991873594733563;0.40081264052664367
1730782281.7104306;/app/bags/user95_2017-02-24.bag;0.834065854549408;0.0;0.9619645476341248;0.0;0.667477245503997;0.5991873594733563;0.40081264052664367
1730782281.9103951;/app/bags/user95_2017-02-24.bag;0.834065854549408;0.0;0.9619645476341248;0.0;0.667477245503997;0.5991873594733563;0.40081264052664367
1730782282.1104023;/app/bags/user95_2017-02-24.bag;0.834065854549408;0.0;0.9619645476341248;0.0;0.667477245503997;0.5991873594733563;0.40081264052664367
1730782282.3104389;/app/bags/user95_2017-02-24.bag;0.834065854549408;0.0;0.9619645476341248;0.0;0.667477245503997;0.5991873594733563;0.40081264052664367
1730782282.5103717;/app/bags/user95_2017-02-24.bag;0.834065854549408;0.0;0.9619645476341248;0.0;0.667477245503997;0.5991873594733563;0.40081264052664367
1730782282.710375;/app/bags/user95_2017-02-24.bag;0.834065854549408;0.0;0.9619645476341248;0.0;0.667477245503997;0.5991873594733563;0.40081264052664367
1730782282.9104369;/app/bags/user95_2017-02-24.bag;0.834065854549408;0.0;0.9619645476341248;0.0;0.667477245503997;0.5991873594733563;0.40081264052664367
1730782283.1103902;/app/bags/user95_2017-02-24.bag;0.834065854549408;0.0;0.9619645476341248;0.0;0.667477245503997;0.5991873594733563;0.40081264052664367
1730782283.3103714;/app/bags/user95_2017-02-24.bag;0.834065854549408;0.0;0.9619645476341248;0.0;0.667477245503997;0.5991873594733563;0.40081264052664367
1730782283.5103874;/app/bags/user95_2017-02-24.bag;0.834065854549408;0.0;0.9619645476341248;0.0;0.667477245503997;0.5991873594733563;0.40081264052664367
1730782283.7104053;/app/bags/user95_2017-02-24.bag;0.834065854549408;0.0;0.9619645476341248;0.0;0.667477245503997;0.5991873594733563;0.40081264052664367
1730782283.9104052;/app/bags/user95_2017-02-24.bag;0.834065854549408;0.0;0.9619645476341248;0.0;0.667477245503997;0.5991873594733563;0.40081264052664367
1730782284.1104507;/app/bags/user95_2017-02-24.bag;0.834065854549408;0.0;0.9619645476341248;0.0;0.667477245503997;0.5991873594733563;0.40081264052664367
1730782284.3103771;/app/bags/user95_2017-02-24.bag;0.834065854549408;0.0;0.9619645476341248;0.0;0.667477245503997;0.5991873594733563;0.40081264052664367
1730782284.5104222;/app/bags/user95_2017-02-24.bag;0.834065854549408;0.0;0.9619645476341248;0.0;0.667477245503997;0.5991873594733563;0.40081264052664367
1730782284.7103715;/app/bags/user95_2017-02-24.bag;0.834065854549408;0.0;0.9619645476341248;0.0;0.667477245503997;0.5991873594733563;0.40081264052664367
1730782284.910385;/app/bags/user95_2017-02-24.bag;0.834065854549408;0.0;0.9619645476341248;0.0;0.667477245503997;0.5991873594733563;0.40081264052664367
1730782285.1103773;/app/bags/user95_2017-02-24.bag;0.834065854549408;0.0;0.9619645476341248;0.0;0.667477245503997;0.5991873594733563;0.40081264052664367
1730782285.3103943;/app/bags/user95_2017-02-24.bag;0.834065854549408;0.0;0.9619645476341248;0.0;0.667477245503997;0.5991873594733563;0.40081264052664367
1730782285.510401;/app/bags/user95_2017-02-24.bag;0.834065854549408;0.0;0.9619645476341248;0.0;0.667477245503997;0.5991873594733563;0.40081264052664367
1730782285.7103987;/app/bags/user95_2017-02-24.bag;0.834065854549408;0.0;0.9619645476341248;0.0;0.667477245503997;0.5991873594733563;0.40081264052664367
1730782285.910382;/app/bags/user95_2017-02-24.bag;0.834065854549408;0.0;0.9619645476341248;0.0;0.667477245503997;0.5991873594733563;0.40081264052664367
1730782286.1104326;/app/bags/user95_2017-02-24.bag;0.834065854549408;0.0;0.9619645476341248;0.0;0.667477245503997;0.5991873594733563;0.40081264052664367
1730782286.3104272;/app/bags/user95_2017-02-24.bag;0.834065854549408;0.0;0.9619645476341248;0.0;0.667477245503997;0.5991873594733563;0.40081264052664367
1730782286.5103834;/app/bags/user95_2017-02-24.bag;0.834065854549408;0.0;0.9619645476341248;0.0;0.667477245503997;0.5991873594733563;0.40081264052664367
1730782286.710394;/app/bags/user95_2017-02-24.bag;0.834065854549408;0.0;0.9619645476341248;0.0;0.667477245503997;0.5991873594733563;0.40081264052664367
1730782286.9103632;/app/bags/user95_2017-02-24.bag;0.834065854549408;0.0;0.9619645476341248;0.0;0.667477245503997;0.5991873594733563;0.40081264052664367
1730782287.1103637;/app/bags/user95_2017-02-24.bag;0.834065854549408;0.0;0.9619645476341248;0.0;0.667477245503997;0.5991873594733563;0.40081264052664367
1730782287.310406;/app/bags/user95_2017-02-24.bag;0.834065854549408;0.0;0.9619645476341248;0.0;0.667477245503997;0.5991873594733563;0.40081264052664367
1730782287.510386;/app/bags/user95_2017-02-24.bag;0.834065854549408;0.0;0.9619645476341248;0.0;0.667477245503997;0.5991873594733563;0.40081264052664367
1730782287.7104058;/app/bags/user95_2017-02-24.bag;0.834065854549408;0.0;0.9619645476341248;0.0;0.667477245503997;0.5991873594733563;0.40081264052664367
1730782287.910417;/app/bags/user95_2017-02-24.bag;0.834065854549408;0.0;0.9619645476341248;0.0;0.667477245503997;0.5991873594733563;0.40081264052664367
1730782288.110405;/app/bags/user95_2017-02-24.bag;0.834065854549408;0.0;0.9619645476341248;0.0;0.667477245503997;0.5991873594733563;0.40081264052664367
1730782288.3103604;/app/bags/user95_2017-02-24.bag;0.834065854549408;0.0;0.9619645476341248;0.0;0.667477245503997;0.5991873594733563;0.40081264052664367
1730782288.5103834;/app/bags/user95_2017-02-24.bag;0.834065854549408;0.0;0.9619645476341248;0.0;0.667477245503997;0.5991873594733563;0.40081264052664367
1730782288.710505;/app/bags/user95_2017-02-24.bag;0.834065854549408;0.0;0.9619645476341248;0.0;0.667477245503997;0.5991873594733563;0.40081264052664367
1730782288.9103906;/app/bags/user95_2017-02-24.bag;0.834065854549408;0.0;0.9619645476341248;0.0;0.667477245503997;0.5991873594733563;0.40081264052664367
1730782289.1104107;/app/bags/user95_2017-02-24.bag;0.834065854549408;0.0;0.9619645476341248;0.0;0.667477245503997;0.5991873594733563;0.40081264052664367
1730782289.3103657;/app/bags/user95_2017-02-24.bag;0.834065854549408;0.0;0.9619645476341248;0.0;0.667477245503997;0.5991873594733563;0.40081264052664367
1730782289.5104392;/app/bags/user95_2017-02-24.bag;0.834065854549408;0.0;0.9619645476341248;0.0;0.667477245503997;0.5991873594733563;0.40081264052664367
1730782289.7104042;/app/bags/user95_2017-02-24.bag;0.834065854549408;0.0;0.9619645476341248;0.0;0.667477245503997;0.5991873594733563;0.40081264052664367
1730782289.9103644;/app/bags/user95_2017-02-24.bag;0.834065854549408;0.0;0.9619645476341248;0.0;0.667477245503997;0.5991873594733563;0.40081264052664367
1730782290.1104007;/app/bags/user95_2017-02-24.bag;0.834065854549408;0.0;0.9619645476341248;0.0;0.667477245503997;0.5991873594733563;0.40081264052664367
1730782290.310369;/app/bags/user95_2017-02-24.bag;0.834065854549408;0.0;0.9619645476341248;0.0;0.667477245503997;0.5991873594733563;0.40081264052664367
1730782290.5104382;/app/bags/user95_2017-02-24.bag;0.834065854549408;0.0;0.9619645476341248;0.0;0.667477245503997;0.5991873594733563;0.40081264052664367
1730782290.7103813;/app/bags/user95_2017-02-24.bag;0.834065854549408;0.0;0.9619645476341248;0.0;0.667477245503997;0.5991873594733563;0.40081264052664367
1730782290.9103904;/app/bags/user95_2017-02-24.bag;0.834065854549408;0.0;0.9619645476341248;0.0;0.667477245503997;0.5991873594733563;0.40081264052664367
1730782291.110413;/app/bags/user95_2017-02-24.bag;0.834065854549408;0.0;0.9619645476341248;0.0;0.667477245503997;0.5991873594733563;0.40081264052664367
1730782291.3103735;/app/bags/user95_2017-02-24.bag;0.834065854549408;0.0;0.9619645476341248;0.0;0.667477245503997;0.5991873594733563;0.40081264052664367
1730782291.5104742;/app/bags/user95_2017-02-24.bag;0.834065854549408;0.0;0.9619645476341248;0.0;0.667477245503997;0.5991873594733563;0.40081264052664367
1730782291.7103634;/app/bags/user95_2017-02-24.bag;0.834065854549408;0.0;0.9619645476341248;0.0;0.667477245503997;0.5991873594733563;0.40081264052664367
1730782291.910399;/app/bags/user95_2017-02-24.bag;0.834065854549408;0.0;0.9619645476341248;0.0;0.667477245503997;0.5991873594733563;0.40081264052664367
1730782292.1103923;/app/bags/user95_2017-02-24.bag;0.834065854549408;0.0;0.9619645476341248;0.0;0.667477245503997;0.5991873594733563;0.40081264052664367
1730782292.310348;/app/bags/user95_2017-02-24.bag;0.834065854549408;0.0;0.9619645476341248;0.0;0.667477245503997;0.5991873594733563;0.40081264052664367
1730782292.5103633;/app/bags/user95_2017-02-24.bag;0.834065854549408;0.0;0.9619645476341248;0.0;0.667477245503997;0.5991873594733563;0.40081264052664367
1730782292.7103684;/app/bags/user95_2017-02-24.bag;0.834065854549408;0.0;0.9619645476341248;0.0;0.667477245503997;0.5991873594733563;0.40081264052664367
1730782292.9103813;/app/bags/user95_2017-02-24.bag;0.834065854549408;0.0;0.9619645476341248;0.0;0.667477245503997;0.5991873594733563;0.40081264052664367
1730782293.110361;/app/bags/user95_2017-02-24.bag;0.834065854549408;0.0;0.9619645476341248;0.0;0.667477245503997;0.5991873594733563;0.40081264052664367
1730782293.3103862;/app/bags/user95_2017-02-24.bag;0.834065854549408;0.0;0.9619645476341248;0.0;0.667477245503997;0.5991873594733563;0.40081264052664367
1730782293.5104115;/app/bags/user95_2017-02-24.bag;0.834065854549408;0.0;0.9619645476341248;0.0;0.667477245503997;0.5991873594733563;0.40081264052664367
1730782293.7103386;/app/bags/user95_2017-02-24.bag;0.834065854549408;0.0;0.9619645476341248;0.0;0.667477245503997;0.5991873594733563;0.40081264052664367
1730782293.9104183;/app/bags/user95_2017-02-24.bag;0.834065854549408;0.0;0.9619645476341248;0.0;0.667477245503997;0.5991873594733563;0.40081264052664367
1730782294.110394;/app/bags/user95_2017-02-24.bag;0.834065854549408;0.0;0.9619645476341248;0.0;0.667477245503997;0.5991873594733563;0.40081264052664367
1730782294.3103719;/app/bags/user95_2017-02-24.bag;0.834065854549408;0.0;0.9619645476341248;0.0;0.667477245503997;0.5991873594733563;0.40081264052664367
1730782294.5104191;/app/bags/user95_2017-02-24.bag;0.834065854549408;0.0;0.9619645476341248;0.0;0.667477245503997;0.5991873594733563;0.40081264052664367
1730782294.710506;/app/bags/user95_2017-02-24.bag;0.834065854549408;0.0;0.9619645476341248;0.0;0.667477245503997;0.5991873594733563;0.40081264052664367
1730782294.9104111;/app/bags/user95_2017-02-24.bag;0.834065854549408;0.0;0.9619645476341248;0.0;0.667477245503997;0.5991873594733563;0.40081264052664367
1730782295.110384;/app/bags/user95_2017-02-24.bag;0.834065854549408;0.0;0.9619645476341248;0.0;0.667477245503997;0.5991873594733563;0.40081264052664367
1730782295.310423;/app/bags/user95_2017-02-24.bag;0.834065854549408;0.0;0.9619645476341248;0.0;0.667477245503997;0.5991873594733563;0.40081264052664367
1730782295.5104172;/app/bags/user95_2017-02-24.bag;0.834065854549408;0.0;0.9619645476341248;0.0;0.667477245503997;0.5991873594733563;0.40081264052664367
1730782295.710443;/app/bags/user95_2017-02-24.bag;0.834065854549408;0.0;0.9619645476341248;0.0;0.667477245503997;0.5991873594733563;0.40081264052664367
1730782295.9104078;/app/bags/user95_2017-02-24.bag;0.834065854549408;0.0;0.9619645476341248;0.0;0.667477245503997;0.5991873594733563;0.40081264052664367
1730782296.110365;/app/bags/user95_2017-02-24.bag;0.834065854549408;0.0;0.9619645476341248;0.0;0.667477245503997;0.5991873594733563;0.40081264052664367
1730782296.31036;/app/bags/user95_2017-02-24.bag;0.834065854549408;0.0;0.9619645476341248;0.0;0.667477245503997;0.5991873594733563;0.40081264052664367
1730782296.5103781;/app/bags/user95_2017-02-24.bag;0.834065854549408;0.0;0.9619645476341248;0.0;0.667477245503997;0.5991873594733563;0.40081264052664367
1730782296.7103908;/app/bags/user95_2017-02-24.bag;0.834065854549408;0.0;0.9619645476341248;0.0;0.667477245503997;0.5991873594733563;0.40081264052664367
1730782296.9104216;/app/bags/user95_2017-02-24.bag;0.834065854549408;0.0;0.9619645476341248;0.0;0.667477245503997;0.5991873594733563;0.40081264052664367
1730782297.1103814;/app/bags/user95_2017-02-24.bag;0.834065854549408;0.0;0.9619645476341248;0.0;0.667477245503997;0.5991873594733563;0.40081264052664367
1730782297.3103817;/app/bags/user95_2017-02-24.bag;0.834065854549408;0.0;0.9619645476341248;0.0;0.667477245503997;0.5991873594733563;0.40081264052664367
1730782297.5104208;/app/bags/user95_2017-02-24.bag;0.834065854549408;0.0;0.9619645476341248;0.0;0.667477245503997;0.5991873594733563;0.40081264052664367
1730782297.710367;/app/bags/user95_2017-02-24.bag;0.834065854549408;0.0;0.9619645476341248;0.0;0.667477245503997;0.5991873594733563;0.40081264052664367
1730782297.910377;/app/bags/user95_2017-02-24.bag;0.834065854549408;0.0;0.9619645476341248;0.0;0.667477245503997;0.5991873594733563;0.40081264052664367
1730782298.110398;/app/bags/user95_2017-02-24.bag;0.834065854549408;0.0;0.9619645476341248;0.0;0.667477245503997;0.5991873594733563;0.40081264052664367
1730782298.310389;/app/bags/user95_2017-02-24.bag;0.834065854549408;0.0;0.9619645476341248;0.0;0.667477245503997;0.5991873594733563;0.40081264052664367
1730782298.5103846;/app/bags/user95_2017-02-24.bag;0.834065854549408;0.0;0.9619645476341248;0.0;0.667477245503997;0.5991873594733563;0.40081264052664367
1730782298.7104094;/app/bags/user95_2017-02-24.bag;0.834065854549408;0.0;0.9619645476341248;0.0;0.667477245503997;0.5991873594733563;0.40081264052664367
1730782298.9104211;/app/bags/user95_2017-02-24.bag;0.834065854549408;0.0;0.9619645476341248;0.0;0.667477245503997;0.5991873594733563;0.40081264052664367
1730782299.1103685;/app/bags/user95_2017-02-24.bag;0.834065854549408;0.0;0.9619645476341248;0.0;0.667477245503997;0.5991873594733563;0.40081264052664367
1730782299.3103824;/app/bags/user95_2017-02-24.bag;0.834065854549408;0.0;0.9619645476341248;0.0;0.667477245503997;0.5991873594733563;0.40081264052664367
1730782299.510453;/app/bags/user95_2017-02-24.bag;0.834065854549408;0.0;0.9619645476341248;0.0;0.667477245503997;0.5991873594733563;0.40081264052664367
1730782299.7104142;/app/bags/user95_2017-02-24.bag;0.834065854549408;0.0;0.9619645476341248;0.0;0.667477245503997;0.5991873594733563;0.40081264052664367
1730782299.910387;/app/bags/user95_2017-02-24.bag;0.834065854549408;0.0;0.9619645476341248;0.0;0.667477245503997;0.5991873594733563;0.40081264052664367
1730782300.1103966;/app/bags/user95_2017-02-24.bag;0.834065854549408;0.0;0.9619645476341248;0.0;0.667477245503997;0.5991873594733563;0.40081264052664367
1730782300.3104033;/app/bags/user95_2017-02-24.bag;0.834065854549408;0.0;0.9619645476341248;0.0;0.667477245503997;0.5991873594733563;0.40081264052664367
1730782300.5103757;/app/bags/user95_2017-02-24.bag;0.834065854549408;0.0;0.9619645476341248;0.0;0.667477245503997;0.5991873594733563;0.40081264052664367
1730782300.71042;/app/bags/user95_2017-02-24.bag;0.834065854549408;0.0;0.9619645476341248;0.0;0.667477245503997;0.5991873594733563;0.40081264052664367
1730782300.910407;/app/bags/user95_2017-02-24.bag;0.834065854549408;0.0;0.9619645476341248;0.0;0.667477245503997;0.5991873594733563;0.40081264052664367
1730782301.1104722;/app/bags/user95_2017-02-24.bag;0.834065854549408;0.0;0.9619645476341248;0.0;0.667477245503997;0.5991873594733563;0.40081264052664367
1730782301.31041;/app/bags/user95_2017-02-24.bag;0.834065854549408;0.0;0.9619645476341248;0.0;0.667477245503997;0.5991873594733563;0.40081264052664367
1730782301.5103726;/app/bags/user95_2017-02-24.bag;0.834065854549408;0.0;0.9619645476341248;0.0;0.667477245503997;0.5991873594733563;0.40081264052664367
1730782301.710388;/app/bags/user95_2017-02-24.bag;0.834065854549408;0.0;0.9619645476341248;0.0;0.667477245503997;0.5991873594733563;0.40081264052664367
1730782301.9103954;/app/bags/user95_2017-02-24.bag;0.834065854549408;0.0;0.9619645476341248;0.0;0.667477245503997;0.5991873594733563;0.40081264052664367
1730782302.1104298;/app/bags/user95_2017-02-24.bag;0.834065854549408;0.0;0.9619645476341248;0.0;0.667477245503997;0.5991873594733563;0.40081264052664367
1730782302.3104243;/app/bags/user95_2017-02-24.bag;0.834065854549408;0.0;0.9619645476341248;0.0;0.667477245503997;0.5991873594733563;0.40081264052664367
1730782302.510453;/app/bags/user95_2017-02-24.bag;0.834065854549408;0.0;0.9619645476341248;0.0;0.667477245503997;0.5991873594733563;0.40081264052664367
1730782302.7103868;/app/bags/user95_2017-02-24.bag;0.834065854549408;0.0;0.9619645476341248;0.0;0.667477245503997;0.5991873594733563;0.40081264052664367
1730782302.910452;/app/bags/user95_2017-02-24.bag;0.834065854549408;0.0;0.9619645476341248;0.0;0.667477245503997;0.5991873594733563;0.40081264052664367
1730782303.1105251;/app/bags/user95_2017-02-24.bag;0.834065854549408;0.0;0.9619645476341248;0.0;0.667477245503997;0.5991873594733563;0.40081264052664367
1730782303.3103898;/app/bags/user95_2017-02-24.bag;0.834065854549408;0.0;0.9619645476341248;0.0;0.667477245503997;0.5991873594733563;0.40081264052664367
1730782303.5103965;/app/bags/user95_2017-02-24.bag;0.834065854549408;0.0;0.9619645476341248;0.0;0.667477245503997;0.5991873594733563;0.40081264052664367
1730782303.7104094;/app/bags/user95_2017-02-24.bag;0.834065854549408;0.0;0.9619645476341248;0.0;0.667477245503997;0.5991873594733563;0.40081264052664367
1730782303.9104037;/app/bags/user95_2017-02-24.bag;0.834065854549408;0.0;0.9619645476341248;0.0;0.667477245503997;0.5991873594733563;0.40081264052664367
1730782304.1103714;/app/bags/user95_2017-02-24.bag;0.834065854549408;0.0;0.9619645476341248;0.0;0.667477245503997;0.5991873594733563;0.40081264052664367
1730782304.310385;/app/bags/user95_2017-02-24.bag;0.834065854549408;0.0;0.9619645476341248;0.0;0.667477245503997;0.5991873594733563;0.40081264052664367
1730782304.510381;/app/bags/user95_2017-02-24.bag;0.834065854549408;0.0;0.9619645476341248;0.0;0.667477245503997;0.5991873594733563;0.40081264052664367
1730782304.7104793;/app/bags/user95_2017-02-24.bag;0.834065854549408;0.0;0.9619645476341248;0.0;0.667477245503997;0.5991873594733563;0.40081264052664367
1730782304.9104052;/app/bags/user95_2017-02-24.bag;0.834065854549408;0.0;0.9619645476341248;0.0;0.667477245503997;0.5991873594733563;0.40081264052664367
1730782305.1103952;/app/bags/user95_2017-02-24.bag;0.834065854549408;0.0;0.9619645476341248;0.0;0.667477245503997;0.5991873594733563;0.40081264052664367
1730782305.3104405;/app/bags/user95_2017-02-24.bag;0.834065854549408;0.0;0.9619645476341248;0.0;0.667477245503997;0.5991873594733563;0.40081264052664367
1730782305.5103636;/app/bags/user95_2017-02-24.bag;0.834065854549408;0.0;0.9619645476341248;0.0;0.667477245503997;0.5991873594733563;0.40081264052664367
1730782305.710406;/app/bags/user95_2017-02-24.bag;0.834065854549408;0.0;0.9619645476341248;0.0;0.667477245503997;0.5991873594733563;0.40081264052664367
1730782305.9103906;/app/bags/user95_2017-02-24.bag;0.834065854549408;0.0;0.9619645476341248;0.0;0.667477245503997;0.5991873594733563;0.40081264052664367
1730782306.110381;/app/bags/user95_2017-02-24.bag;0.834065854549408;0.0;0.9619645476341248;0.0;0.667477245503997;0.5991873594733563;0.40081264052664367
1730782306.31039;/app/bags/user95_2017-02-24.bag;0.834065854549408;0.0;0.9619645476341248;0.0;0.667477245503997;0.5991873594733563;0.40081264052664367
1730782306.5103672;/app/bags/user95_2017-02-24.bag;0.834065854549408;0.0;0.9619645476341248;0.0;0.667477245503997;0.5991873594733563;0.40081264052664367
1730782306.7103908;/app/bags/user95_2017-02-24.bag;0.834065854549408;0.0;0.9619645476341248;0.0;0.667477245503997;0.5991873594733563;0.40081264052664367
1730782306.9104471;/app/bags/user95_2017-02-24.bag;0.834065854549408;0.0;0.9619645476341248;0.0;0.667477245503997;0.5991873594733563;0.40081264052664367
1730782307.1104095;/app/bags/user95_2017-02-24.bag;0.834065854549408;0.0;0.9619645476341248;0.0;0.667477245503997;0.5991873594733563;0.40081264052664367
1730782307.3104324;/app/bags/user95_2017-02-24.bag;0.834065854549408;0.0;0.9619645476341248;0.0;0.667477245503997;0.5991873594733563;0.40081264052664367
1730782307.510393;/app/bags/user95_2017-02-24.bag;0.834065854549408;0.0;0.9619645476341248;0.0;0.667477245503997;0.5991873594733563;0.40081264052664367
1730782307.7104084;/app/bags/user95_2017-02-24.bag;0.834065854549408;0.0;0.9619645476341248;0.0;0.667477245503997;0.5991873594733563;0.40081264052664367
1730782307.9104435;/app/bags/user95_2017-02-24.bag;0.834065854549408;0.0;0.9619645476341248;0.0;0.667477245503997;0.5991873594733563;0.40081264052664367
1730782308.1104038;/app/bags/user95_2017-02-24.bag;0.834065854549408;0.0;0.9619645476341248;0.0;0.667477245503997;0.5991873594733563;0.40081264052664367
1730782308.3103762;/app/bags/user95_2017-02-24.bag;0.834065854549408;0.0;0.9619645476341248;0.0;0.667477245503997;0.5991873594733563;0.40081264052664367
1730782308.5104136;/app/bags/user95_2017-02-24.bag;0.834065854549408;0.0;0.9619645476341248;0.0;0.667477245503997;0.5991873594733563;0.40081264052664367
1730782308.7103946;/app/bags/user95_2017-02-24.bag;0.834065854549408;0.0;0.9619645476341248;0.0;0.667477245503997;0.5991873594733563;0.40081264052664367
1730782308.9103985;/app/bags/user95_2017-02-24.bag;0.834065854549408;0.0;0.9619645476341248;0.0;0.667477245503997;0.5991873594733563;0.40081264052664367
1730782309.1103761;/app/bags/user95_2017-02-24.bag;0.834065854549408;0.0;0.9619645476341248;0.0;0.667477245503997;0.5991873594733563;0.40081264052664367
1730782309.3103888;/app/bags/user95_2017-02-24.bag;0.834065854549408;0.0;0.9619645476341248;0.0;0.667477245503997;0.5991873594733563;0.40081264052664367
1730782309.5103931;/app/bags/user95_2017-02-24.bag;0.834065854549408;0.0;0.9619645476341248;0.0;0.667477245503997;0.5991873594733563;0.40081264052664367
1730782309.7104776;/app/bags/user95_2017-02-24.bag;0.834065854549408;0.0;0.9619645476341248;0.0;0.667477245503997;0.5991873594733563;0.40081264052664367
1730782309.9103954;/app/bags/user95_2017-02-24.bag;0.834065854549408;0.0;0.9619645476341248;0.0;0.667477245503997;0.5991873594733563;0.40081264052664367
1730782310.110398;/app/bags/user95_2017-02-24.bag;0.834065854549408;0.0;0.9619645476341248;0.0;0.667477245503997;0.5991873594733563;0.40081264052664367
1730782310.3103912;/app/bags/user95_2017-02-24.bag;0.834065854549408;0.0;0.9619645476341248;0.0;0.667477245503997;0.5991873594733563;0.40081264052664367
1730782310.5103889;/app/bags/user95_2017-02-24.bag;0.834065854549408;0.0;0.9619645476341248;0.0;0.667477245503997;0.5991873594733563;0.40081264052664367
1730782310.710344;/app/bags/user95_2017-02-24.bag;0.834065854549408;0.0;0.9619645476341248;0.0;0.667477245503997;0.5991873594733563;0.40081264052664367
1730782310.910387;/app/bags/user95_2017-02-24.bag;0.834065854549408;0.0;0.9619645476341248;0.0;0.667477245503997;0.5991873594733563;0.40081264052664367
1730782311.110385;/app/bags/user95_2017-02-24.bag;0.834065854549408;0.0;0.9619645476341248;0.0;0.667477245503997;0.5991873594733563;0.40081264052664367
1730782311.3104613;/app/bags/user95_2017-02-24.bag;0.834065854549408;0.0;0.9619645476341248;0.0;0.667477245503997;0.5991873594733563;0.40081264052664367
1730782311.5104692;/app/bags/user95_2017-02-24.bag;0.834065854549408;0.0;0.9619645476341248;0.0;0.667477245503997;0.5991873594733563;0.40081264052664367
1730782311.7103984;/app/bags/user95_2017-02-24.bag;0.834065854549408;0.0;0.9619645476341248;0.0;0.667477245503997;0.5991873594733563;0.40081264052664367
1730782311.9104273;/app/bags/user95_2017-02-24.bag;0.834065854549408;0.0;0.9619645476341248;0.0;0.667477245503997;0.5991873594733563;0.40081264052664367
1730782312.1103916;/app/bags/user95_2017-02-24.bag;0.834065854549408;0.0;0.9619645476341248;0.0;0.667477245503997;0.5991873594733563;0.40081264052664367
1730782312.3103971;/app/bags/user95_2017-02-24.bag;0.834065854549408;0.0;0.9619645476341248;0.0;0.667477245503997;0.5991873594733563;0.40081264052664367
1730782312.5103846;/app/bags/user95_2017-02-24.bag;0.834065854549408;0.0;0.9619645476341248;0.0;0.667477245503997;0.5991873594733563;0.40081264052664367
1730782312.7103908;/app/bags/user95_2017-02-24.bag;0.834065854549408;0.0;0.9619645476341248;0.0;0.667477245503997;0.5991873594733563;0.40081264052664367
1730782312.9103885;/app/bags/user95_2017-02-24.bag;0.834065854549408;0.0;0.9619645476341248;0.0;0.667477245503997;0.5991873594733563;0.40081264052664367
1730782313.110372;/app/bags/user95_2017-02-24.bag;0.834065854549408;0.0;0.9619645476341248;0.0;0.667477245503997;0.5991873594733563;0.40081264052664367
1730782313.3103697;/app/bags/user95_2017-02-24.bag;0.834065854549408;0.0;0.9619645476341248;0.0;0.667477245503997;0.5991873594733563;0.40081264052664367
1730782313.5103776;/app/bags/user95_2017-02-24.bag;0.834065854549408;0.0;0.9619645476341248;0.0;0.667477245503997;0.5991873594733563;0.40081264052664367
1730782313.7104268;/app/bags/user95_2017-02-24.bag;0.834065854549408;0.0;0.9619645476341248;0.0;0.667477245503997;0.5991873594733563;0.40081264052664367
1730782313.9104307;/app/bags/user95_2017-02-24.bag;0.834065854549408;0.0;0.9619645476341248;0.0;0.667477245503997;0.5991873594733563;0.40081264052664367
1730782314.1104147;/app/bags/user95_2017-02-24.bag;0.834065854549408;0.0;0.9619645476341248;0.0;0.667477245503997;0.5991873594733563;0.40081264052664367
1730782314.3103673;/app/bags/user95_2017-02-24.bag;0.834065854549408;0.0;0.9619645476341248;0.0;0.667477245503997;0.5991873594733563;0.40081264052664367
1730782314.510371;/app/bags/user95_2017-02-24.bag;0.834065854549408;0.0;0.9619645476341248;0.0;0.667477245503997;0.5991873594733563;0.40081264052664367
1730782314.7104325;/app/bags/user95_2017-02-24.bag;0.834065854549408;0.0;0.9619645476341248;0.0;0.667477245503997;0.5991873594733563;0.40081264052664367
1730782314.9103937;/app/bags/user95_2017-02-24.bag;0.834065854549408;0.0;0.9619645476341248;0.0;0.667477245503997;0.5991873594733563;0.40081264052664367
1730782315.1103864;/app/bags/user95_2017-02-24.bag;0.834065854549408;0.0;0.9619645476341248;0.0;0.667477245503997;0.5991873594733563;0.40081264052664367
1730782315.3103952;/app/bags/user95_2017-02-24.bag;0.834065854549408;0.0;0.9619645476341248;0.0;0.667477245503997;0.5991873594733563;0.40081264052664367
1730782315.5104265;/app/bags/user95_2017-02-24.bag;0.834065854549408;0.0;0.9619645476341248;0.0;0.667477245503997;0.5991873594733563;0.40081264052664367
1730782315.710447;/app/bags/user95_2017-02-24.bag;0.834065854549408;0.0;0.9619645476341248;0.0;0.667477245503997;0.5991873594733563;0.40081264052664367
1730782315.9105213;/app/bags/user95_2017-02-24.bag;0.834065854549408;0.0;0.9619645476341248;0.0;0.667477245503997;0.5991873594733563;0.40081264052664367
1730782316.1104007;/app/bags/user95_2017-02-24.bag;0.834065854549408;0.0;0.9619645476341248;0.0;0.667477245503997;0.5991873594733563;0.40081264052664367
1730782316.310443;/app/bags/user95_2017-02-24.bag;0.834065854549408;0.0;0.9619645476341248;0.0;0.667477245503997;0.5991873594733563;0.40081264052664367
1730782316.510378;/app/bags/user95_2017-02-24.bag;0.834065854549408;0.0;0.9619645476341248;0.0;0.667477245503997;0.5991873594733563;0.40081264052664367
1730782316.7103796;/app/bags/user95_2017-02-24.bag;0.834065854549408;0.0;0.9619645476341248;0.0;0.667477245503997;0.5991873594733563;0.40081264052664367
1730782316.9103916;/app/bags/user95_2017-02-24.bag;0.834065854549408;0.0;0.9619645476341248;0.0;0.667477245503997;0.5991873594733563;0.40081264052664367
1730782317.1104164;/app/bags/user95_2017-02-24.bag;0.834065854549408;0.0;0.9619645476341248;0.0;0.667477245503997;0.5991873594733563;0.40081264052664367
1730782317.3104334;/app/bags/user95_2017-02-24.bag;0.834065854549408;0.0;0.9619645476341248;0.0;0.667477245503997;0.5991873594733563;0.40081264052664367
1730782317.5104253;/app/bags/user95_2017-02-24.bag;0.834065854549408;0.0;0.9619645476341248;0.0;0.667477245503997;0.5991873594733563;0.40081264052664367
1730782317.7103827;/app/bags/user95_2017-02-24.bag;0.834065854549408;0.0;0.9619645476341248;0.0;0.667477245503997;0.5991873594733563;0.40081264052664367
1730782317.9103742;/app/bags/user95_2017-02-24.bag;0.834065854549408;0.0;0.9619645476341248;0.0;0.667477245503997;0.5991873594733563;0.40081264052664367
1730782318.110425;/app/bags/user95_2017-02-24.bag;0.834065854549408;0.0;0.9619645476341248;0.0;0.667477245503997;0.5991873594733563;0.40081264052664367
1730782318.3103812;/app/bags/user95_2017-02-24.bag;0.834065854549408;0.0;0.9619645476341248;0.0;0.667477245503997;0.5991873594733563;0.40081264052664367
1730782318.510391;/app/bags/user95_2017-02-24.bag;0.834065854549408;0.0;0.9619645476341248;0.0;0.667477245503997;0.5991873594733563;0.40081264052664367
1730782318.7104633;/app/bags/user95_2017-02-24.bag;0.834065854549408;0.0;0.9619645476341248;0.0;0.667477245503997;0.5991873594733563;0.40081264052664367
1730782318.9104896;/app/bags/user95_2017-02-24.bag;0.834065854549408;0.0;0.9619645476341248;0.0;0.667477245503997;0.5991873594733563;0.40081264052664367
1730782319.110377;/app/bags/user95_2017-02-24.bag;0.834065854549408;0.0;0.9619645476341248;0.0;0.667477245503997;0.5991873594733563;0.40081264052664367
1730782319.3103747;/app/bags/user95_2017-02-24.bag;0.834065854549408;0.0;0.9619645476341248;0.0;0.667477245503997;0.5991873594733563;0.40081264052664367
1730782319.5103786;/app/bags/user95_2017-02-24.bag;0.834065854549408;0.0;0.9619645476341248;0.0;0.667477245503997;0.5991873594733563;0.40081264052664367
1730782319.7103891;/app/bags/user95_2017-02-24.bag;0.834065854549408;0.0;0.9619645476341248;0.0;0.667477245503997;0.5991873594733563;0.40081264052664367
1730782319.9104269;/app/bags/user95_2017-02-24.bag;0.834065854549408;0.0;0.9619645476341248;0.0;0.667477245503997;0.5991873594733563;0.40081264052664367
1730782320.110404;/app/bags/user95_2017-02-24.bag;0.834065854549408;0.0;0.9619645476341248;0.0;0.667477245503997;0.5991873594733563;0.40081264052664367
1730782320.3103888;/app/bags/user95_2017-02-24.bag;0.834065854549408;0.0;0.9619645476341248;0.0;0.667477245503997;0.5991873594733563;0.40081264052664367
1730782320.5103576;/app/bags/user95_2017-02-24.bag;0.834065854549408;0.0;0.9619645476341248;0.0;0.667477245503997;0.5991873594733563;0.40081264052664367
1730782320.7104418;/app/bags/user95_2017-02-24.bag;0.834065854549408;0.0;0.9619645476341248;0.0;0.667477245503997;0.5991873594733563;0.40081264052664367
1730782320.9104078;/app/bags/user95_2017-02-24.bag;0.834065854549408;0.0;0.9619645476341248;0.0;0.667477245503997;0.5991873594733563;0.40081264052664367
1730782321.1102731;/app/bags/user95_2017-02-24.bag;0.834065854549408;0.0;0.9619645476341248;0.0;0.667477245503997;0.5991873594733563;0.40081264052664367
1730782321.3103774;/app/bags/user95_2017-02-24.bag;0.834065854549408;0.0;0.9619645476341248;0.0;0.667477245503997;0.5991873594733563;0.40081264052664367
1730782321.5103953;/app/bags/user95_2017-02-24.bag;0.834065854549408;0.0;0.9619645476341248;0.0;0.667477245503997;0.5991873594733563;0.40081264052664367
1730782321.710538;/app/bags/user95_2017-02-24.bag;0.834065854549408;0.0;0.9619645476341248;0.0;0.667477245503997;0.5991873594733563;0.40081264052664367
1730782321.9104102;/app/bags/user95_2017-02-24.bag;0.834065854549408;0.0;0.9619645476341248;0.0;0.667477245503997;0.5991873594733563;0.40081264052664367
1730782322.1103954;/app/bags/user95_2017-02-24.bag;0.834065854549408;0.0;0.9619645476341248;0.0;0.667477245503997;0.5991873594733563;0.40081264052664367
1730782322.3104026;/app/bags/user95_2017-02-24.bag;0.834065854549408;0.0;0.9619645476341248;0.0;0.667477245503997;0.5991873594733563;0.40081264052664367
1730782322.5103893;/app/bags/user95_2017-02-24.bag;0.834065854549408;0.0;0.9619645476341248;0.0;0.667477245503997;0.5991873594733563;0.40081264052664367
1730782322.7103677;/app/bags/user95_2017-02-24.bag;0.834065854549408;0.0;0.9619645476341248;0.0;0.667477245503997;0.5991873594733563;0.40081264052664367
1730782322.9104235;/app/bags/user95_2017-02-24.bag;0.834065854549408;0.0;0.9619645476341248;0.0;0.667477245503997;0.5991873594733563;0.40081264052664367
1730782323.1104147;/app/bags/user95_2017-02-24.bag;0.834065854549408;0.0;0.9619645476341248;0.0;0.667477245503997;0.5991873594733563;0.40081264052664367
1730782323.3103347;/app/bags/user95_2017-02-24.bag;0.834065854549408;0.0;0.9619645476341248;0.0;0.667477245503997;0.5991873594733563;0.40081264052664367
1730782323.5105271;/app/bags/user95_2017-02-24.bag;0.834065854549408;0.0;0.9619645476341248;0.0;0.667477245503997;0.5991873594733563;0.40081264052664367
1730782323.7103868;/app/bags/user95_2017-02-24.bag;0.834065854549408;0.0;0.9619645476341248;0.0;0.667477245503997;0.5991873594733563;0.40081264052664367
1730782323.9104362;/app/bags/user95_2017-02-24.bag;0.834065854549408;0.0;0.9619645476341248;0.0;0.667477245503997;0.5991873594733563;0.40081264052664367
1730782324.1103916;/app/bags/user95_2017-02-24.bag;0.834065854549408;0.0;0.9619645476341248;0.0;0.667477245503997;0.5991873594733563;0.40081264052664367
1730782324.310383;/app/bags/user95_2017-02-24.bag;0.834065854549408;0.0;0.9619645476341248;0.0;0.667477245503997;0.5991873594733563;0.40081264052664367
1730782324.5103965;/app/bags/user95_2017-02-24.bag;0.834065854549408;0.0;0.9619645476341248;0.0;0.667477245503997;0.5991873594733563;0.40081264052664367
1730782324.710415;/app/bags/user95_2017-02-24.bag;0.834065854549408;0.0;0.9619645476341248;0.0;0.667477245503997;0.5991873594733563;0.40081264052664367
1730782324.9104164;/app/bags/user95_2017-02-24.bag;0.834065854549408;0.0;0.9619645476341248;0.0;0.667477245503997;0.5991873594733563;0.40081264052664367
1730782325.1104064;/app/bags/user95_2017-02-24.bag;0.834065854549408;0.0;0.9619645476341248;0.0;0.667477245503997;0.5991873594733563;0.40081264052664367
1730782325.3103883;/app/bags/user95_2017-02-24.bag;0.834065854549408;0.0;0.9619645476341248;0.0;0.667477245503997;0.5991873594733563;0.40081264052664367
1730782325.5103898;/app/bags/user95_2017-02-24.bag;0.834065854549408;0.0;0.9619645476341248;0.0;0.667477245503997;0.5991873594733563;0.40081264052664367
1730782325.710453;/app/bags/user95_2017-02-24.bag;0.834065854549408;0.0;0.9619645476341248;0.0;0.667477245503997;0.5991873594733563;0.40081264052664367
1730782325.9103436;/app/bags/user95_2017-02-24.bag;0.834065854549408;0.0;0.9619645476341248;0.0;0.667477245503997;0.5991873594733563;0.40081264052664367
1730782326.1104226;/app/bags/user95_2017-02-24.bag;0.834065854549408;0.0;0.9619645476341248;0.0;0.667477245503997;0.5991873594733563;0.40081264052664367
1730782326.3104012;/app/bags/user95_2017-02-24.bag;0.834065854549408;0.0;0.9619645476341248;0.0;0.667477245503997;0.5991873594733563;0.40081264052664367
1730782326.5103734;/app/bags/user95_2017-02-24.bag;0.834065854549408;0.0;0.9619645476341248;0.0;0.667477245503997;0.5991873594733563;0.40081264052664367
1730782326.7104127;/app/bags/user95_2017-02-24.bag;0.834065854549408;0.0;0.9619645476341248;0.0;0.667477245503997;0.5991873594733563;0.40081264052664367
1730782326.91038;/app/bags/user95_2017-02-24.bag;0.834065854549408;0.0;0.9619645476341248;0.0;0.667477245503997;0.5991873594733563;0.40081264052664367
1730782327.110378;/app/bags/user95_2017-02-24.bag;0.834065854549408;0.0;0.9619645476341248;0.0;0.667477245503997;0.5991873594733563;0.40081264052664367
1730782327.3103876;/app/bags/user95_2017-02-24.bag;0.834065854549408;0.0;0.9619645476341248;0.0;0.667477245503997;0.5991873594733563;0.40081264052664367
1730782327.5103698;/app/bags/user95_2017-02-24.bag;0.834065854549408;0.0;0.9619645476341248;0.0;0.667477245503997;0.5991873594733563;0.40081264052664367
1730782327.7103877;/app/bags/user95_2017-02-24.bag;0.834065854549408;0.0;0.9619645476341248;0.0;0.667477245503997;0.5991873594733563;0.40081264052664367
1730782327.9104133;/app/bags/user95_2017-02-24.bag;0.834065854549408;0.0;0.9619645476341248;0.0;0.667477245503997;0.5991873594733563;0.40081264052664367
1730782328.110373;/app/bags/user95_2017-02-24.bag;0.834065854549408;0.0;0.9619645476341248;0.0;0.667477245503997;0.5991873594733563;0.40081264052664367
1730782328.3104084;/app/bags/user95_2017-02-24.bag;0.834065854549408;0.0;0.9619645476341248;0.0;0.667477245503997;0.5991873594733563;0.40081264052664367
1730782328.5103562;/app/bags/user95_2017-02-24.bag;0.834065854549408;0.0;0.9619645476341248;0.0;0.667477245503997;0.5991873594733563;0.40081264052664367
1730782328.7104044;/app/bags/user95_2017-02-24.bag;0.834065854549408;0.0;0.9619645476341248;0.0;0.667477245503997;0.5991873594733563;0.40081264052664367
1730782328.910395;/app/bags/user95_2017-02-24.bag;0.834065854549408;0.0;0.9619645476341248;0.0;0.667477245503997;0.5991873594733563;0.40081264052664367
1730782329.1104133;/app/bags/user95_2017-02-24.bag;0.834065854549408;0.0;0.9619645476341248;0.0;0.667477245503997;0.5991873594733563;0.40081264052664367
1730782329.3103595;/app/bags/user95_2017-02-24.bag;0.834065854549408;0.0;0.9619645476341248;0.0;0.667477245503997;0.5991873594733563;0.40081264052664367
1730782329.5103862;/app/bags/user95_2017-02-24.bag;0.834065854549408;0.0;0.9619645476341248;0.0;0.667477245503997;0.5991873594733563;0.40081264052664367
1730782329.7103944;/app/bags/user95_2017-02-24.bag;0.834065854549408;0.0;0.9619645476341248;0.0;0.667477245503997;0.5991873594733563;0.40081264052664367
1730782329.9103954;/app/bags/user95_2017-02-24.bag;0.834065854549408;0.0;0.9619645476341248;0.0;0.667477245503997;0.5991873594733563;0.40081264052664367
1730782330.1103952;/app/bags/user95_2017-02-24.bag;0.834065854549408;0.0;0.9619645476341248;0.0;0.667477245503997;0.5991873594733563;0.40081264052664367
1730782330.310451;/app/bags/user95_2017-02-24.bag;0.834065854549408;0.0;0.9619645476341248;0.0;0.667477245503997;0.5991873594733563;0.40081264052664367
1730782330.510403;/app/bags/user95_2017-02-24.bag;0.834065854549408;0.0;0.9619645476341248;0.0;0.667477245503997;0.5991873594733563;0.40081264052664367
1730782330.7104263;/app/bags/user95_2017-02-24.bag;0.834065854549408;0.0;0.9619645476341248;0.0;0.667477245503997;0.5991873594733563;0.40081264052664367
1730782330.910425;/app/bags/user95_2017-02-24.bag;0.834065854549408;0.0;0.9619645476341248;0.0;0.667477245503997;0.5991873594733563;0.40081264052664367
1730782331.110403;/app/bags/user95_2017-02-24.bag;0.834065854549408;0.0;0.9619645476341248;0.0;0.667477245503997;0.5991873594733563;0.40081264052664367
1730782331.3103921;/app/bags/user95_2017-02-24.bag;0.834065854549408;0.0;0.9619645476341248;0.0;0.667477245503997;0.5991873594733563;0.40081264052664367
1730782331.5103843;/app/bags/user95_2017-02-24.bag;0.834065854549408;0.0;0.9619645476341248;0.0;0.667477245503997;0.5991873594733563;0.40081264052664367
1730782331.7105064;/app/bags/user95_2017-02-24.bag;0.834065854549408;0.0;0.9619645476341248;0.0;0.667477245503997;0.5991873594733563;0.40081264052664367
1730782331.9104059;/app/bags/user95_2017-02-24.bag;0.834065854549408;0.0;0.9619645476341248;0.0;0.667477245503997;0.5991873594733563;0.40081264052664367
1730782332.1103902;/app/bags/user95_2017-02-24.bag;0.834065854549408;0.0;0.9619645476341248;0.0;0.667477245503997;0.5991873594733563;0.40081264052664367
1730782332.3104384;/app/bags/user95_2017-02-24.bag;0.834065854549408;0.0;0.9619645476341248;0.0;0.667477245503997;0.5991873594733563;0.40081264052664367
1730782332.5104425;/app/bags/user95_2017-02-24.bag;0.834065854549408;0.0;0.9619645476341248;0.0;0.667477245503997;0.5991873594733563;0.40081264052664367
1730782332.7103977;/app/bags/user95_2017-02-24.bag;0.834065854549408;0.0;0.9619645476341248;0.0;0.667477245503997;0.5991873594733563;0.40081264052664367
1730782332.9103854;/app/bags/user95_2017-02-24.bag;0.834065854549408;0.0;0.9619645476341248;0.0;0.667477245503997;0.5991873594733563;0.40081264052664367
1730782333.1103575;/app/bags/user95_2017-02-24.bag;0.834065854549408;0.0;0.9619645476341248;0.0;0.667477245503997;0.5991873594733563;0.40081264052664367
1730782333.3104205;/app/bags/user95_2017-02-24.bag;0.834065854549408;0.0;0.9619645476341248;0.0;0.667477245503997;0.5991873594733563;0.40081264052664367
1730782333.5103908;/app/bags/user95_2017-02-24.bag;0.834065854549408;0.0;0.9619645476341248;0.0;0.667477245503997;0.5991873594733563;0.40081264052664367
1730782333.710376;/app/bags/user95_2017-02-24.bag;0.834065854549408;0.0;0.9619645476341248;0.0;0.667477245503997;0.5991873594733563;0.40081264052664367
1730782333.9103577;/app/bags/user95_2017-02-24.bag;0.834065854549408;0.0;0.9619645476341248;0.0;0.667477245503997;0.5991873594733563;0.40081264052664367
1730782334.110385;/app/bags/user95_2017-02-24.bag;0.834065854549408;0.0;0.9619645476341248;0.0;0.667477245503997;0.5991873594733563;0.40081264052664367
1730782334.3103883;/app/bags/user95_2017-02-24.bag;0.834065854549408;0.0;0.9619645476341248;0.0;0.667477245503997;0.5991873594733563;0.40081264052664367
1730782334.5104053;/app/bags/user95_2017-02-24.bag;0.834065854549408;0.0;0.9619645476341248;0.0;0.667477245503997;0.5991873594733563;0.40081264052664367
1730782334.7104123;/app/bags/user95_2017-02-24.bag;0.834065854549408;0.0;0.9619645476341248;0.0;0.667477245503997;0.5991873594733563;0.40081264052664367
1730782334.9104125;/app/bags/user95_2017-02-24.bag;0.834065854549408;0.0;0.9619645476341248;0.0;0.667477245503997;0.5991873594733563;0.40081264052664367
1730782335.1103988;/app/bags/user95_2017-02-24.bag;0.834065854549408;0.0;0.9619645476341248;0.0;0.667477245503997;0.5991873594733563;0.40081264052664367
1730782335.3103971;/app/bags/user95_2017-02-24.bag;0.834065854549408;0.0;0.9619645476341248;0.0;0.667477245503997;0.5991873594733563;0.40081264052664367
1730782335.5103571;/app/bags/user95_2017-02-24.bag;0.834065854549408;0.0;0.9619645476341248;0.0;0.667477245503997;0.5991873594733563;0.40081264052664367
1730782335.710397;/app/bags/user95_2017-02-24.bag;0.834065854549408;0.0;0.9619645476341248;0.0;0.667477245503997;0.5991873594733563;0.40081264052664367
1730782335.9104044;/app/bags/user95_2017-02-24.bag;0.834065854549408;0.0;0.9619645476341248;0.0;0.667477245503997;0.5991873594733563;0.40081264052664367
1730782336.110393;/app/bags/user95_2017-02-24.bag;0.834065854549408;0.0;0.9619645476341248;0.0;0.667477245503997;0.5991873594733563;0.40081264052664367
1730782336.3103917;/app/bags/user95_2017-02-24.bag;0.834065854549408;0.0;0.9619645476341248;0.0;0.667477245503997;0.5991873594733563;0.40081264052664367
1730782336.510395;/app/bags/user95_2017-02-24.bag;0.834065854549408;0.0;0.9619645476341248;0.0;0.667477245503997;0.5991873594733563;0.40081264052664367
1730782336.7104177;/app/bags/user95_2017-02-24.bag;0.834065854549408;0.0;0.9619645476341248;0.0;0.667477245503997;0.5991873594733563;0.40081264052664367
1730782336.910389;/app/bags/user95_2017-02-24.bag;0.834065854549408;0.0;0.9619645476341248;0.0;0.667477245503997;0.5991873594733563;0.40081264052664367
1730782337.1103728;/app/bags/user95_2017-02-24.bag;0.834065854549408;0.0;0.9619645476341248;0.0;0.667477245503997;0.5991873594733563;0.40081264052664367
1730782337.310392;/app/bags/user95_2017-02-24.bag;0.834065854549408;0.0;0.9619645476341248;0.0;0.667477245503997;0.5991873594733563;0.40081264052664367
1730782337.5104353;/app/bags/user95_2017-02-24.bag;0.834065854549408;0.0;0.9619645476341248;0.0;0.667477245503997;0.5991873594733563;0.40081264052664367
1730782337.7103887;/app/bags/user95_2017-02-24.bag;0.834065854549408;0.0;0.9619645476341248;0.0;0.667477245503997;0.5991873594733563;0.40081264052664367
1730782337.9103825;/app/bags/user95_2017-02-24.bag;0.834065854549408;0.0;0.9619645476341248;0.0;0.667477245503997;0.5991873594733563;0.40081264052664367
1730782338.1103897;/app/bags/user95_2017-02-24.bag;0.834065854549408;0.0;0.9619645476341248;0.0;0.667477245503997;0.5991873594733563;0.40081264052664367
1730782338.310405;/app/bags/user95_2017-02-24.bag;0.834065854549408;0.0;0.9619645476341248;0.0;0.667477245503997;0.5991873594733563;0.40081264052664367
1730782338.5104063;/app/bags/user95_2017-02-24.bag;0.834065854549408;0.0;0.9619645476341248;0.0;0.667477245503997;0.5991873594733563;0.40081264052664367
1730782338.7103803;/app/bags/user95_2017-02-24.bag;0.834065854549408;0.0;0.9619645476341248;0.0;0.667477245503997;0.5991873594733563;0.40081264052664367
1730782338.910394;/app/bags/user95_2017-02-24.bag;0.834065854549408;0.0;0.9619645476341248;0.0;0.667477245503997;0.5991873594733563;0.40081264052664367
1730782339.1103914;/app/bags/user95_2017-02-24.bag;0.834065854549408;0.0;0.9619645476341248;0.0;0.667477245503997;0.5991873594733563;0.40081264052664367
1730782339.3103566;/app/bags/user95_2017-02-24.bag;0.834065854549408;0.0;0.9619645476341248;0.0;0.667477245503997;0.5991873594733563;0.40081264052664367
1730782339.5103483;/app/bags/user95_2017-02-24.bag;0.834065854549408;0.0;0.9619645476341248;0.0;0.667477245503997;0.5991873594733563;0.40081264052664367
1730782339.710388;/app/bags/user95_2017-02-24.bag;0.834065854549408;0.0;0.9619645476341248;0.0;0.667477245503997;0.5991873594733563;0.40081264052664367
1730782339.910379;/app/bags/user95_2017-02-24.bag;0.834065854549408;0.0;0.9619645476341248;0.0;0.667477245503997;0.5991873594733563;0.40081264052664367
1730782340.1103666;/app/bags/user95_2017-02-24.bag;0.834065854549408;0.0;0.9619645476341248;0.0;0.667477245503997;0.5991873594733563;0.40081264052664367
1730782340.3103685;/app/bags/user95_2017-02-24.bag;0.834065854549408;0.0;0.9619645476341248;0.0;0.667477245503997;0.5991873594733563;0.40081264052664367
1730782340.5104113;/app/bags/user95_2017-02-24.bag;0.834065854549408;0.0;0.9619645476341248;0.0;0.667477245503997;0.5991873594733563;0.40081264052664367
1730782340.710387;/app/bags/user95_2017-02-24.bag;0.834065854549408;0.0;0.9619645476341248;0.0;0.667477245503997;0.5991873594733563;0.40081264052664367
1730782340.9104047;/app/bags/user95_2017-02-24.bag;0.834065854549408;0.0;0.9619645476341248;0.0;0.667477245503997;0.5991873594733563;0.40081264052664367
1730782341.1105306;/app/bags/user95_2017-02-24.bag;0.834065854549408;0.0;0.9619645476341248;0.0;0.667477245503997;0.5991873594733563;0.40081264052664367
1730782341.3103907;/app/bags/user95_2017-02-24.bag;0.834065854549408;0.0;0.9619645476341248;0.0;0.667477245503997;0.5991873594733563;0.40081264052664367
1730782341.5103753;/app/bags/user95_2017-02-24.bag;0.834065854549408;0.0;0.9619645476341248;0.0;0.667477245503997;0.5991873594733563;0.40081264052664367
1730782341.710356;/app/bags/user95_2017-02-24.bag;0.834065854549408;0.0;0.9619645476341248;0.0;0.667477245503997;0.5991873594733563;0.40081264052664367
1730782341.910393;/app/bags/user95_2017-02-24.bag;0.834065854549408;0.0;0.9619645476341248;0.0;0.667477245503997;0.5991873594733563;0.40081264052664367
1730782342.1104243;/app/bags/user95_2017-02-24.bag;0.834065854549408;0.0;0.9619645476341248;0.0;0.667477245503997;0.5991873594733563;0.40081264052664367
1730782342.310455;/app/bags/user95_2017-02-24.bag;0.834065854549408;0.0;0.9619645476341248;0.0;0.667477245503997;0.5991873594733563;0.40081264052664367
1730782342.5104182;/app/bags/user95_2017-02-24.bag;0.834065854549408;0.0;0.9619645476341248;0.0;0.667477245503997;0.5991873594733563;0.40081264052664367
1730782342.7103527;/app/bags/user95_2017-02-24.bag;0.834065854549408;0.0;0.9619645476341248;0.0;0.667477245503997;0.5991873594733563;0.40081264052664367
1730782342.9103732;/app/bags/user95_2017-02-24.bag;0.834065854549408;0.0;0.9619645476341248;0.0;0.667477245503997;0.5991873594733563;0.40081264052664367
1730782343.110392;/app/bags/user95_2017-02-24.bag;0.834065854549408;0.0;0.9619645476341248;0.0;0.667477245503997;0.5991873594733563;0.40081264052664367
1730782343.3103523;/app/bags/user95_2017-02-24.bag;0.834065854549408;0.0;0.9619645476341248;0.0;0.667477245503997;0.5991873594733563;0.40081264052664367
1730782343.5103724;/app/bags/user95_2017-02-24.bag;0.834065854549408;0.0;0.9619645476341248;0.0;0.667477245503997;0.5991873594733563;0.40081264052664367
1730782343.7104375;/app/bags/user95_2017-02-24.bag;0.834065854549408;0.0;0.9619645476341248;0.0;0.667477245503997;0.5991873594733563;0.40081264052664367
1730782343.9103987;/app/bags/user95_2017-02-24.bag;0.834065854549408;0.0;0.9619645476341248;0.0;0.667477245503997;0.5991873594733563;0.40081264052664367
1730782344.1104934;/app/bags/user95_2017-02-24.bag;0.834065854549408;0.0;0.9619645476341248;0.0;0.667477245503997;0.5991873594733563;0.40081264052664367
1730782344.3103864;/app/bags/user95_2017-02-24.bag;0.834065854549408;0.0;0.9619645476341248;0.0;0.667477245503997;0.5991873594733563;0.40081264052664367
1730782344.5104003;/app/bags/user95_2017-02-24.bag;0.834065854549408;0.0;0.9619645476341248;0.0;0.667477245503997;0.5991873594733563;0.40081264052664367
1730782344.7104046;/app/bags/user95_2017-02-24.bag;0.834065854549408;0.0;0.9619645476341248;0.0;0.667477245503997;0.5991873594733563;0.40081264052664367
1730782344.9103806;/app/bags/user95_2017-02-24.bag;0.834065854549408;0.0;0.9619645476341248;0.0;0.667477245503997;0.5991873594733563;0.40081264052664367
1730782345.1104228;/app/bags/user95_2017-02-24.bag;0.834065854549408;0.0;0.9619645476341248;0.0;0.667477245503997;0.5991873594733563;0.40081264052664367
1730782345.3103926;/app/bags/user95_2017-02-24.bag;0.834065854549408;0.0;0.9619645476341248;0.0;0.667477245503997;0.5991873594733563;0.40081264052664367
1730782345.5103838;/app/bags/user95_2017-02-24.bag;0.834065854549408;0.0;0.9619645476341248;0.0;0.667477245503997;0.5991873594733563;0.40081264052664367
1730782345.7104385;/app/bags/user95_2017-02-24.bag;0.834065854549408;0.0;0.9619645476341248;0.0;0.667477245503997;0.5991873594733563;0.40081264052664367
1730782345.9104095;/app/bags/user95_2017-02-24.bag;0.834065854549408;0.0;0.9619645476341248;0.0;0.667477245503997;0.5991873594733563;0.40081264052664367
1730782346.1104314;/app/bags/user95_2017-02-24.bag;0.834065854549408;0.0;0.9619645476341248;0.0;0.667477245503997;0.5991873594733563;0.40081264052664367
1730782346.3103967;/app/bags/user95_2017-02-24.bag;0.834065854549408;0.0;0.9619645476341248;0.0;0.667477245503997;0.5991873594733563;0.40081264052664367
1730782346.510377;/app/bags/user95_2017-02-24.bag;0.834065854549408;0.0;0.9619645476341248;0.0;0.667477245503997;0.5991873594733563;0.40081264052664367
1730782346.7104552;/app/bags/user95_2017-02-24.bag;0.834065854549408;0.0;0.9619645476341248;0.0;0.667477245503997;0.5991873594733563;0.40081264052664367
1730782346.910398;/app/bags/user95_2017-02-24.bag;0.834065854549408;0.0;0.9619645476341248;0.0;0.667477245503997;0.5991873594733563;0.40081264052664367
1730782347.1104019;/app/bags/user95_2017-02-24.bag;0.834065854549408;0.0;0.9619645476341248;0.0;0.667477245503997;0.5991873594733563;0.40081264052664367
1730782347.3103435;/app/bags/user95_2017-02-24.bag;0.834065854549408;0.0;0.9619645476341248;0.0;0.667477245503997;0.5991873594733563;0.40081264052664367
1730782347.51039;/app/bags/user95_2017-02-24.bag;0.834065854549408;0.0;0.9619645476341248;0.0;0.667477245503997;0.5991873594733563;0.40081264052664367
1730782347.710358;/app/bags/user95_2017-02-24.bag;0.834065854549408;0.0;0.9619645476341248;0.0;0.667477245503997;0.5991873594733563;0.40081264052664367
1730782347.910368;/app/bags/user95_2017-02-24.bag;0.834065854549408;0.0;0.9619645476341248;0.0;0.667477245503997;0.5991873594733563;0.40081264052664367
1730782348.1103883;/app/bags/user95_2017-02-24.bag;0.834065854549408;0.0;0.9619645476341248;0.0;0.667477245503997;0.5991873594733563;0.40081264052664367
1730782348.3103943;/app/bags/user95_2017-02-24.bag;0.834065854549408;0.0;0.9619645476341248;0.0;0.667477245503997;0.5991873594733563;0.40081264052664367
1730782348.5103765;/app/bags/user95_2017-02-24.bag;0.834065854549408;0.0;0.9619645476341248;0.0;0.667477245503997;0.5991873594733563;0.40081264052664367
1730782348.7103777;/app/bags/user95_2017-02-24.bag;0.834065854549408;0.0;0.9619645476341248;0.0;0.667477245503997;0.5991873594733563;0.40081264052664367
1730782348.9104233;/app/bags/user95_2017-02-24.bag;0.834065854549408;0.0;0.9619645476341248;0.0;0.667477245503997;0.5991873594733563;0.40081264052664367
1730782349.1103826;/app/bags/user95_2017-02-24.bag;0.834065854549408;0.0;0.9619645476341248;0.0;0.667477245503997;0.5991873594733563;0.40081264052664367
1730782349.3103843;/app/bags/user95_2017-02-24.bag;0.834065854549408;0.0;0.9619645476341248;0.0;0.667477245503997;0.5991873594733563;0.40081264052664367
1730782349.5103946;/app/bags/user95_2017-02-24.bag;0.834065854549408;0.0;0.9619645476341248;0.0;0.667477245503997;0.5991873594733563;0.40081264052664367
1730782349.7103791;/app/bags/user95_2017-02-24.bag;0.834065854549408;0.0;0.9619645476341248;0.0;0.667477245503997;0.5991873594733563;0.40081264052664367
1730782349.9104156;/app/bags/user95_2017-02-24.bag;0.834065854549408;0.0;0.9619645476341248;0.0;0.667477245503997;0.5991873594733563;0.40081264052664367
1730782350.110413;/app/bags/user95_2017-02-24.bag;0.834065854549408;0.0;0.9619645476341248;0.0;0.667477245503997;0.5991873594733563;0.40081264052664367
1730782350.310573;/app/bags/user95_2017-02-24.bag;0.834065854549408;0.0;0.9619645476341248;0.0;0.667477245503997;0.5991873594733563;0.40081264052664367
1730782350.5103931;/app/bags/user95_2017-02-24.bag;0.834065854549408;0.0;0.9619645476341248;0.0;0.667477245503997;0.5991873594733563;0.40081264052664367
1730782350.710354;/app/bags/user95_2017-02-24.bag;0.834065854549408;0.0;0.9619645476341248;0.0;0.667477245503997;0.5991873594733563;0.40081264052664367
1730782350.9104292;/app/bags/user95_2017-02-24.bag;0.834065854549408;0.0;0.9619645476341248;0.0;0.667477245503997;0.5991873594733563;0.40081264052664367
1730782351.1104155;/app/bags/user95_2017-02-24.bag;0.834065854549408;0.0;0.9619645476341248;0.0;0.667477245503997;0.5991873594733563;0.40081264052664367
1730782351.310384;/app/bags/user95_2017-02-24.bag;0.834065854549408;0.0;0.9619645476341248;0.0;0.667477245503997;0.5991873594733563;0.40081264052664367
1730782351.5103989;/app/bags/user95_2017-02-24.bag;0.834065854549408;0.0;0.9619645476341248;0.0;0.667477245503997;0.5991873594733563;0.40081264052664367
1730782351.7103977;/app/bags/user95_2017-02-24.bag;0.834065854549408;0.0;0.9619645476341248;0.0;0.667477245503997;0.5991873594733563;0.40081264052664367
1730782351.9104476;/app/bags/user95_2017-02-24.bag;0.834065854549408;0.0;0.9619645476341248;0.0;0.667477245503997;0.5991873594733563;0.40081264052664367
1730782352.1103888;/app/bags/user95_2017-02-24.bag;0.834065854549408;0.0;0.9619645476341248;0.0;0.667477245503997;0.5991873594733563;0.40081264052664367
1730782352.310366;/app/bags/user95_2017-02-24.bag;0.834065854549408;0.0;0.9619645476341248;0.0;0.667477245503997;0.5991873594733563;0.40081264052664367
1730782352.5103827;/app/bags/user95_2017-02-24.bag;0.834065854549408;0.0;0.9619645476341248;0.0;0.667477245503997;0.5991873594733563;0.40081264052664367
1730782352.7104201;/app/bags/user95_2017-02-24.bag;0.834065854549408;0.0;0.9619645476341248;0.0;0.667477245503997;0.5991873594733563;0.40081264052664367
1730782352.9103873;/app/bags/user95_2017-02-24.bag;0.834065854549408;0.0;0.9619645476341248;0.0;0.667477245503997;0.5991873594733563;0.40081264052664367
1730782353.110388;/app/bags/user95_2017-02-24.bag;0.834065854549408;0.0;0.9619645476341248;0.0;0.667477245503997;0.5991873594733563;0.40081264052664367
1730782353.310391;/app/bags/user95_2017-02-24.bag;0.834065854549408;0.0;0.9619645476341248;0.0;0.667477245503997;0.5991873594733563;0.40081264052664367
1730782353.5103588;/app/bags/user95_2017-02-24.bag;0.834065854549408;0.0;0.9619645476341248;0.0;0.667477245503997;0.5991873594733563;0.40081264052664367
1730782353.7103739;/app/bags/user95_2017-02-24.bag;0.834065854549408;0.0;0.9619645476341248;0.0;0.667477245503997;0.5991873594733563;0.40081264052664367
1730782353.9103928;/app/bags/user95_2017-02-24.bag;0.834065854549408;0.0;0.9619645476341248;0.0;0.667477245503997;0.5991873594733563;0.40081264052664367
1730782354.1104026;/app/bags/user95_2017-02-24.bag;0.834065854549408;0.0;0.9619645476341248;0.0;0.667477245503997;0.5991873594733563;0.40081264052664367
1730782354.3103635;/app/bags/user95_2017-02-24.bag;0.834065854549408;0.0;0.9619645476341248;0.0;0.667477245503997;0.5991873594733563;0.40081264052664367
1730782354.5104609;/app/bags/user95_2017-02-24.bag;0.834065854549408;0.0;0.9619645476341248;0.0;0.667477245503997;0.5991873594733563;0.40081264052664367
1730782354.710285;/app/bags/user95_2017-02-24.bag;0.834065854549408;0.0;0.9619645476341248;0.0;0.667477245503997;0.5991873594733563;0.40081264052664367
1730782354.9103925;/app/bags/user95_2017-02-24.bag;0.834065854549408;0.0;0.9619645476341248;0.0;0.667477245503997;0.5991873594733563;0.40081264052664367
1730782355.1103764;/app/bags/user95_2017-02-24.bag;0.834065854549408;0.0;0.9619645476341248;0.0;0.667477245503997;0.5991873594733563;0.40081264052664367
1730782355.310378;/app/bags/user95_2017-02-24.bag;0.834065854549408;0.0;0.9619645476341248;0.0;0.667477245503997;0.5991873594733563;0.40081264052664367
1730782355.5103931;/app/bags/user95_2017-02-24.bag;0.834065854549408;0.0;0.9619645476341248;0.0;0.667477245503997;0.5991873594733563;0.40081264052664367
1730782355.710414;/app/bags/user95_2017-02-24.bag;0.834065854549408;0.0;0.9619645476341248;0.0;0.667477245503997;0.5991873594733563;0.40081264052664367
1730782355.9103584;/app/bags/user95_2017-02-24.bag;0.834065854549408;0.0;0.9619645476341248;0.0;0.667477245503997;0.5991873594733563;0.40081264052664367
1730782356.1103868;/app/bags/user95_2017-02-24.bag;0.834065854549408;0.0;0.9619645476341248;0.0;0.667477245503997;0.5991873594733563;0.40081264052664367
1730782356.3103616;/app/bags/user95_2017-02-24.bag;0.834065854549408;0.0;0.9619645476341248;0.0;0.667477245503997;0.5991873594733563;0.40081264052664367
1730782356.5103767;/app/bags/user95_2017-02-24.bag;0.834065854549408;0.0;0.9619645476341248;0.0;0.667477245503997;0.5991873594733563;0.40081264052664367
1730782356.7103863;/app/bags/user95_2017-02-24.bag;0.834065854549408;0.0;0.9619645476341248;0.0;0.667477245503997;0.5991873594733563;0.40081264052664367
1730782356.9103756;/app/bags/user95_2017-02-24.bag;0.834065854549408;0.0;0.9619645476341248;0.0;0.667477245503997;0.5991873594733563;0.40081264052664367
1730782357.1103892;/app/bags/user95_2017-02-24.bag;0.834065854549408;0.0;0.9619645476341248;0.0;0.667477245503997;0.5991873594733563;0.40081264052664367
1730782357.3103573;/app/bags/user95_2017-02-24.bag;0.834065854549408;0.0;0.9619645476341248;0.0;0.667477245503997;0.5991873594733563;0.40081264052664367
1730782357.5104334;/app/bags/user95_2017-02-24.bag;0.834065854549408;0.0;0.9619645476341248;0.0;0.667477245503997;0.5991873594733563;0.40081264052664367
1730782357.7103786;/app/bags/user95_2017-02-24.bag;0.834065854549408;0.0;0.9619645476341248;0.0;0.667477245503997;0.5991873594733563;0.40081264052664367
1730782357.9103708;/app/bags/user95_2017-02-24.bag;0.834065854549408;0.0;0.9619645476341248;0.0;0.667477245503997;0.5991873594733563;0.40081264052664367
1730782358.1103702;/app/bags/user95_2017-02-24.bag;0.834065854549408;0.0;0.9619645476341248;0.0;0.667477245503997;0.5991873594733563;0.40081264052664367
1730782358.3104072;/app/bags/user95_2017-02-24.bag;0.834065854549408;0.0;0.9619645476341248;0.0;0.667477245503997;0.5991873594733563;0.40081264052664367
1730782358.5126607;/app/bags/user95_2017-02-24.bag;0.834065854549408;0.0;0.9619645476341248;0.0;0.667477245503997;0.5991873594733563;0.40081264052664367
1730782358.7103946;/app/bags/user95_2017-02-24.bag;0.834065854549408;0.0;0.9619645476341248;0.0;0.667477245503997;0.5991873594733563;0.40081264052664367
1730782358.9103603;/app/bags/user95_2017-02-24.bag;0.834065854549408;0.0;0.9619645476341248;0.0;0.667477245503997;0.5991873594733563;0.40081264052664367
1730782359.1104074;/app/bags/user95_2017-02-24.bag;0.834065854549408;0.0;0.9619645476341248;0.0;0.667477245503997;0.5991873594733563;0.40081264052664367
1730782359.3104267;/app/bags/user95_2017-02-24.bag;0.834065854549408;0.0;0.9619645476341248;0.0;0.667477245503997;0.5991873594733563;0.40081264052664367
1730782359.5103648;/app/bags/user95_2017-02-24.bag;0.834065854549408;0.0;0.9619645476341248;0.0;0.667477245503997;0.5991873594733563;0.40081264052664367
1730782359.7103608;/app/bags/user95_2017-02-24.bag;0.834065854549408;0.0;0.9619645476341248;0.0;0.667477245503997;0.5991873594733563;0.40081264052664367
1730782359.9103758;/app/bags/user95_2017-02-24.bag;0.834065854549408;0.0;0.9619645476341248;0.0;0.667477245503997;0.5991873594733563;0.40081264052664367
1730782360.1103914;/app/bags/user95_2017-02-24.bag;0.834065854549408;0.0;0.9619645476341248;0.0;0.667477245503997;0.5991873594733563;0.40081264052664367
1730782360.3103962;/app/bags/user95_2017-02-24.bag;0.834065854549408;0.0;0.9619645476341248;0.0;0.667477245503997;0.5991873594733563;0.40081264052664367
1730782360.510409;/app/bags/user95_2017-02-24.bag;0.834065854549408;0.0;0.9619645476341248;0.0;0.667477245503997;0.5991873594733563;0.40081264052664367
1730782360.7103868;/app/bags/user95_2017-02-24.bag;0.834065854549408;0.0;0.9619645476341248;0.0;0.667477245503997;0.5991873594733563;0.40081264052664367
1730782360.9103823;/app/bags/user95_2017-02-24.bag;0.834065854549408;0.0;0.9619645476341248;0.0;0.667477245503997;0.5991873594733563;0.40081264052664367
1730782361.1103919;/app/bags/user95_2017-02-24.bag;0.834065854549408;0.0;0.9619645476341248;0.0;0.667477245503997;0.5991873594733563;0.40081264052664367
1730782361.3104367;/app/bags/user95_2017-02-24.bag;0.834065854549408;0.0;0.9619645476341248;0.0;0.667477245503997;0.5991873594733563;0.40081264052664367
1730782361.5103755;/app/bags/user95_2017-02-24.bag;0.834065854549408;0.0;0.9619645476341248;0.0;0.667477245503997;0.5991873594733563;0.40081264052664367
1730782361.71044;/app/bags/user95_2017-02-24.bag;0.834065854549408;0.0;0.9619645476341248;0.0;0.667477245503997;0.5991873594733563;0.40081264052664367
1730782361.9103718;/app/bags/user95_2017-02-24.bag;0.834065854549408;0.0;0.9619645476341248;0.0;0.667477245503997;0.5991873594733563;0.40081264052664367
1730782362.1104357;/app/bags/user95_2017-02-24.bag;0.834065854549408;0.0;0.9619645476341248;0.0;0.667477245503997;0.5991873594733563;0.40081264052664367
1730782362.3104134;/app/bags/user95_2017-02-24.bag;0.834065854549408;0.0;0.9619645476341248;0.0;0.667477245503997;0.5991873594733563;0.40081264052664367
1730782362.5104043;/app/bags/user95_2017-02-24.bag;0.834065854549408;0.0;0.9619645476341248;0.0;0.667477245503997;0.5991873594733563;0.40081264052664367
1730782362.7103605;/app/bags/user95_2017-02-24.bag;0.834065854549408;0.0;0.9619645476341248;0.0;0.667477245503997;0.5991873594733563;0.40081264052664367
1730782362.9103327;/app/bags/user95_2017-02-24.bag;0.834065854549408;0.0;0.9619645476341248;0.0;0.667477245503997;0.5991873594733563;0.40081264052664367
1730782363.1103356;/app/bags/user95_2017-02-24.bag;0.834065854549408;0.0;0.9619645476341248;0.0;0.667477245503997;0.5991873594733563;0.40081264052664367
1730782363.310398;/app/bags/user95_2017-02-24.bag;0.834065854549408;0.0;0.9619645476341248;0.0;0.667477245503997;0.5991873594733563;0.40081264052664367
1730782363.510382;/app/bags/user95_2017-02-24.bag;0.834065854549408;0.0;0.9619645476341248;0.0;0.667477245503997;0.5991873594733563;0.40081264052664367
1730782363.7103555;/app/bags/user95_2017-02-24.bag;0.834065854549408;0.0;0.9619645476341248;0.0;0.667477245503997;0.5991873594733563;0.40081264052664367
1730782363.9103944;/app/bags/user95_2017-02-24.bag;0.834065854549408;0.0;0.9619645476341248;0.0;0.667477245503997;0.5991873594733563;0.40081264052664367
1730782364.110388;/app/bags/user95_2017-02-24.bag;0.834065854549408;0.0;0.9619645476341248;0.0;0.667477245503997;0.5991873594733563;0.40081264052664367
1730782364.3103974;/app/bags/user95_2017-02-24.bag;0.834065854549408;0.0;0.9619645476341248;0.0;0.667477245503997;0.5991873594733563;0.40081264052664367
1730782364.5105329;/app/bags/user95_2017-02-24.bag;0.834065854549408;0.0;0.9619645476341248;0.0;0.667477245503997;0.5991873594733563;0.40081264052664367
1730782364.7103806;/app/bags/user95_2017-02-24.bag;0.834065854549408;0.0;0.9619645476341248;0.0;0.667477245503997;0.5991873594733563;0.40081264052664367
1730782364.9105408;/app/bags/user95_2017-02-24.bag;0.834065854549408;0.0;0.9619645476341248;0.0;0.667477245503997;0.5991873594733563;0.40081264052664367
1730782365.1104257;/app/bags/user95_2017-02-24.bag;0.834065854549408;0.0;0.9619645476341248;0.0;0.667477245503997;0.5991873594733563;0.40081264052664367
1730782365.3103752;/app/bags/user95_2017-02-24.bag;0.834065854549408;0.0;0.9619645476341248;0.0;0.667477245503997;0.5991873594733563;0.40081264052664367
1730782365.5104744;/app/bags/user95_2017-02-24.bag;0.834065854549408;0.0;0.9619645476341248;0.0;0.667477245503997;0.5991873594733563;0.40081264052664367
1730782365.7103815;/app/bags/user95_2017-02-24.bag;0.834065854549408;0.0;0.9619645476341248;0.0;0.667477245503997;0.5991873594733563;0.40081264052664367
1730782365.91042;/app/bags/user95_2017-02-24.bag;0.834065854549408;0.0;0.9619645476341248;0.0;0.667477245503997;0.5991873594733563;0.40081264052664367
1730782366.1104002;/app/bags/user95_2017-02-24.bag;0.834065854549408;0.0;0.9619645476341248;0.0;0.667477245503997;0.5991873594733563;0.40081264052664367
1730782366.3103642;/app/bags/user95_2017-02-24.bag;0.834065854549408;0.0;0.9619645476341248;0.0;0.667477245503997;0.5991873594733563;0.40081264052664367
1730782366.510395;/app/bags/user95_2017-02-24.bag;0.834065854549408;0.0;0.9619645476341248;0.0;0.667477245503997;0.5991873594733563;0.40081264052664367
1730782366.7104647;/app/bags/user95_2017-02-24.bag;0.834065854549408;0.0;0.9619645476341248;0.0;0.667477245503997;0.5991873594733563;0.40081264052664367
1730782366.9103534;/app/bags/user95_2017-02-24.bag;0.834065854549408;0.0;0.9619645476341248;0.0;0.667477245503997;0.5991873594733563;0.40081264052664367
1730782367.1103883;/app/bags/user95_2017-02-24.bag;0.834065854549408;0.0;0.9619645476341248;0.0;0.667477245503997;0.5991873594733563;0.40081264052664367
1730782367.3103979;/app/bags/user95_2017-02-24.bag;0.834065854549408;0.0;0.9619645476341248;0.0;0.667477245503997;0.5991873594733563;0.40081264052664367
1730782367.5104048;/app/bags/user95_2017-02-24.bag;0.834065854549408;0.0;0.9619645476341248;0.0;0.667477245503997;0.5991873594733563;0.40081264052664367
1730782367.7104695;/app/bags/user95_2017-02-24.bag;0.834065854549408;0.0;0.9619645476341248;0.0;0.667477245503997;0.5991873594733563;0.40081264052664367
1730782367.910431;/app/bags/user95_2017-02-24.bag;0.834065854549408;0.0;0.9619645476341248;0.0;0.667477245503997;0.5991873594733563;0.40081264052664367
1730782368.110389;/app/bags/user95_2017-02-24.bag;0.834065854549408;0.0;0.9619645476341248;0.0;0.667477245503997;0.5991873594733563;0.40081264052664367
1730782368.3103855;/app/bags/user95_2017-02-24.bag;0.834065854549408;0.0;0.9619645476341248;0.0;0.667477245503997;0.5991873594733563;0.40081264052664367
1730782368.5103638;/app/bags/user95_2017-02-24.bag;0.834065854549408;0.0;0.9619645476341248;0.0;0.667477245503997;0.5991873594733563;0.40081264052664367
1730782368.7104008;/app/bags/user95_2017-02-24.bag;0.834065854549408;0.0;0.9619645476341248;0.0;0.667477245503997;0.5991873594733563;0.40081264052664367
1730782368.9104986;/app/bags/user95_2017-02-24.bag;0.834065854549408;0.0;0.9619645476341248;0.0;0.667477245503997;0.5991873594733563;0.40081264052664367
1730782369.1104088;/app/bags/user95_2017-02-24.bag;0.834065854549408;0.0;0.9619645476341248;0.0;0.667477245503997;0.5991873594733563;0.40081264052664367
1730782369.3103745;/app/bags/user95_2017-02-24.bag;0.834065854549408;0.0;0.9619645476341248;0.0;0.667477245503997;0.5991873594733563;0.40081264052664367
1730782369.5104158;/app/bags/user95_2017-02-24.bag;0.834065854549408;0.0;0.9619645476341248;0.0;0.667477245503997;0.5991873594733563;0.40081264052664367
1730782369.7104144;/app/bags/user95_2017-02-24.bag;0.834065854549408;0.0;0.9619645476341248;0.0;0.667477245503997;0.5991873594733563;0.40081264052664367
1730782369.9103975;/app/bags/user95_2017-02-24.bag;0.834065854549408;0.0;0.9619645476341248;0.0;0.667477245503997;0.5991873594733563;0.40081264052664367
1730782370.110396;/app/bags/user95_2017-02-24.bag;0.834065854549408;0.0;0.9619645476341248;0.0;0.667477245503997;0.5991873594733563;0.40081264052664367
1730782370.310437;/app/bags/user95_2017-02-24.bag;0.834065854549408;0.0;0.9619645476341248;0.0;0.667477245503997;0.5991873594733563;0.40081264052664367
1730782370.5104117;/app/bags/user95_2017-02-24.bag;0.834065854549408;0.0;0.9619645476341248;0.0;0.667477245503997;0.5991873594733563;0.40081264052664367
1730782370.7104225;/app/bags/user95_2017-02-24.bag;0.834065854549408;0.0;0.9619645476341248;0.0;0.667477245503997;0.5991873594733563;0.40081264052664367
1730782370.9103956;/app/bags/user95_2017-02-24.bag;0.834065854549408;0.0;0.9619645476341248;0.0;0.667477245503997;0.5991873594733563;0.40081264052664367
1730782371.110381;/app/bags/user95_2017-02-24.bag;0.834065854549408;0.0;0.9619645476341248;0.0;0.667477245503997;0.5991873594733563;0.40081264052664367
1730782371.3103564;/app/bags/user95_2017-02-24.bag;0.834065854549408;0.0;0.9619645476341248;0.0;0.667477245503997;0.5991873594733563;0.40081264052664367
1730782371.5103662;/app/bags/user95_2017-02-24.bag;0.834065854549408;0.0;0.9619645476341248;0.0;0.667477245503997;0.5991873594733563;0.40081264052664367
1730782371.7103794;/app/bags/user95_2017-02-24.bag;0.834065854549408;0.0;0.9619645476341248;0.0;0.667477245503997;0.5991873594733563;0.40081264052664367
1730782371.9103649;/app/bags/user95_2017-02-24.bag;0.834065854549408;0.0;0.9619645476341248;0.0;0.667477245503997;0.5991873594733563;0.40081264052664367
1730782372.1103573;/app/bags/user95_2017-02-24.bag;0.834065854549408;0.0;0.9619645476341248;0.0;0.667477245503997;0.5991873594733563;0.40081264052664367
1730782372.3103547;/app/bags/user95_2017-02-24.bag;0.834065854549408;0.0;0.9619645476341248;0.0;0.667477245503997;0.5991873594733563;0.40081264052664367
1730782372.5103638;/app/bags/user95_2017-02-24.bag;0.834065854549408;0.0;0.9619645476341248;0.0;0.667477245503997;0.5991873594733563;0.40081264052664367
1730782372.7104063;/app/bags/user95_2017-02-24.bag;0.834065854549408;0.0;0.9619645476341248;0.0;0.667477245503997;0.5991873594733563;0.40081264052664367
1730782372.9103923;/app/bags/user95_2017-02-24.bag;0.834065854549408;0.0;0.9619645476341248;0.0;0.667477245503997;0.5991873594733563;0.40081264052664367
1730782373.1103761;/app/bags/user95_2017-02-24.bag;0.834065854549408;0.0;0.9619645476341248;0.0;0.667477245503997;0.5991873594733563;0.40081264052664367
1730782373.3104107;/app/bags/user95_2017-02-24.bag;0.834065854549408;0.0;0.9619645476341248;0.0;0.667477245503997;0.5991873594733563;0.40081264052664367
1730782373.5103652;/app/bags/user95_2017-02-24.bag;0.834065854549408;0.0;0.9619645476341248;0.0;0.667477245503997;0.5991873594733563;0.40081264052664367
1730782373.7103508;/app/bags/user95_2017-02-24.bag;0.834065854549408;0.0;0.9619645476341248;0.0;0.667477245503997;0.5991873594733563;0.40081264052664367
1730782373.9103937;/app/bags/user95_2017-02-24.bag;0.834065854549408;0.0;0.9619645476341248;0.0;0.667477245503997;0.5991873594733563;0.40081264052664367
1730782374.1103868;/app/bags/user95_2017-02-24.bag;0.834065854549408;0.0;0.9619645476341248;0.0;0.667477245503997;0.5991873594733563;0.40081264052664367
1730782374.3104131;/app/bags/user95_2017-02-24.bag;0.834065854549408;0.0;0.9619645476341248;0.0;0.667477245503997;0.5991873594733563;0.40081264052664367
1730782374.5103822;/app/bags/user95_2017-02-24.bag;0.834065854549408;0.0;0.9619645476341248;0.0;0.667477245503997;0.5991873594733563;0.40081264052664367
1730782374.710342;/app/bags/user95_2017-02-24.bag;0.834065854549408;0.0;0.9619645476341248;0.0;0.667477245503997;0.5991873594733563;0.40081264052664367
1730782374.9104106;/app/bags/user95_2017-02-24.bag;0.834065854549408;0.0;0.9619645476341248;0.0;0.667477245503997;0.5991873594733563;0.40081264052664367
1730782375.1103826;/app/bags/user95_2017-02-24.bag;0.834065854549408;0.0;0.9619645476341248;0.0;0.667477245503997;0.5991873594733563;0.40081264052664367
1730782375.3103945;/app/bags/user95_2017-02-24.bag;0.834065854549408;0.0;0.9619645476341248;0.0;0.667477245503997;0.5991873594733563;0.40081264052664367
1730782375.5103855;/app/bags/user95_2017-02-24.bag;0.834065854549408;0.0;0.9619645476341248;0.0;0.667477245503997;0.5991873594733563;0.40081264052664367
1730782375.7103834;/app/bags/user95_2017-02-24.bag;0.834065854549408;0.0;0.9619645476341248;0.0;0.667477245503997;0.5991873594733563;0.40081264052664367
1730782375.9105103;/app/bags/user95_2017-02-24.bag;0.834065854549408;0.0;0.9619645476341248;0.0;0.667477245503997;0.5991873594733563;0.40081264052664367
1730782376.110393;/app/bags/user95_2017-02-24.bag;0.834065854549408;0.0;0.9619645476341248;0.0;0.667477245503997;0.5991873594733563;0.40081264052664367
1730782376.3105993;/app/bags/user95_2017-02-24.bag;0.834065854549408;0.0;0.9619645476341248;0.0;0.667477245503997;0.5991873594733563;0.40081264052664367
1730782376.5104296;/app/bags/user95_2017-02-24.bag;0.834065854549408;0.0;0.9619645476341248;0.0;0.667477245503997;0.5991873594733563;0.40081264052664367
1730782376.7103918;/app/bags/user95_2017-02-24.bag;0.834065854549408;0.0;0.9619645476341248;0.0;0.667477245503997;0.5991873594733563;0.40081264052664367
1730782376.9104152;/app/bags/user95_2017-02-24.bag;0.834065854549408;0.0;0.9619645476341248;0.0;0.667477245503997;0.5991873594733563;0.40081264052664367
1730782377.1104107;/app/bags/user95_2017-02-24.bag;0.834065854549408;0.0;0.9619645476341248;0.0;0.667477245503997;0.5991873594733563;0.40081264052664367
1730782377.31039;/app/bags/user95_2017-02-24.bag;0.834065854549408;0.0;0.9619645476341248;0.0;0.667477245503997;0.5991873594733563;0.40081264052664367
1730782377.5104039;/app/bags/user95_2017-02-24.bag;0.834065854549408;0.0;0.9619645476341248;0.0;0.667477245503997;0.5991873594733563;0.40081264052664367
1730782377.7103992;/app/bags/user95_2017-02-24.bag;0.834065854549408;0.0;0.9619645476341248;0.0;0.667477245503997;0.5991873594733563;0.40081264052664367
1730782377.9103792;/app/bags/user95_2017-02-24.bag;0.834065854549408;0.0;0.9619645476341248;0.0;0.667477245503997;0.5991873594733563;0.40081264052664367
1730782378.1103747;/app/bags/user95_2017-02-24.bag;0.834065854549408;0.0;0.9619645476341248;0.0;0.667477245503997;0.5991873594733563;0.40081264052664367
1730782378.310356;/app/bags/user95_2017-02-24.bag;0.834065854549408;0.0;0.9619645476341248;0.0;0.667477245503997;0.5991873594733563;0.40081264052664367
1730782378.5103683;/app/bags/user95_2017-02-24.bag;0.834065854549408;0.0;0.9619645476341248;0.0;0.667477245503997;0.5991873594733563;0.40081264052664367
1730782378.7103946;/app/bags/user95_2017-02-24.bag;0.834065854549408;0.0;0.9619645476341248;0.0;0.667477245503997;0.5991873594733563;0.40081264052664367
1730782378.9104395;/app/bags/user95_2017-02-24.bag;0.834065854549408;0.0;0.9619645476341248;0.0;0.667477245503997;0.5991873594733563;0.40081264052664367
1730782379.1103666;/app/bags/user95_2017-02-24.bag;0.834065854549408;0.0;0.9619645476341248;0.0;0.667477245503997;0.5991873594733563;0.40081264052664367
1730782379.3104045;/app/bags/user95_2017-02-24.bag;0.834065854549408;0.0;0.9619645476341248;0.0;0.667477245503997;0.5991873594733563;0.40081264052664367
1730782379.510528;/app/bags/user95_2017-02-24.bag;0.834065854549408;0.0;0.9619645476341248;0.0;0.667477245503997;0.5991873594733563;0.40081264052664367
1730782379.7103767;/app/bags/user95_2017-02-24.bag;0.834065854549408;0.0;0.9619645476341248;0.0;0.667477245503997;0.5991873594733563;0.40081264052664367
1730782379.9103637;/app/bags/user95_2017-02-24.bag;0.834065854549408;0.0;0.9619645476341248;0.0;0.667477245503997;0.5991873594733563;0.40081264052664367
1730782380.1103792;/app/bags/user95_2017-02-24.bag;0.834065854549408;0.0;0.9619645476341248;0.0;0.667477245503997;0.5991873594733563;0.40081264052664367
1730782380.3103483;/app/bags/user95_2017-02-24.bag;0.834065854549408;0.0;0.9619645476341248;0.0;0.667477245503997;0.5991873594733563;0.40081264052664367
1730782380.510337;/app/bags/user95_2017-02-24.bag;0.834065854549408;0.0;0.9619645476341248;0.0;0.667477245503997;0.5991873594733563;0.40081264052664367
1730782380.710374;/app/bags/user95_2017-02-24.bag;0.834065854549408;0.0;0.9619645476341248;0.0;0.667477245503997;0.5991873594733563;0.40081264052664367
1730782380.9103992;/app/bags/user95_2017-02-24.bag;0.834065854549408;0.0;0.9619645476341248;0.0;0.667477245503997;0.5991873594733563;0.40081264052664367
1730782381.1104264;/app/bags/user95_2017-02-24.bag;0.834065854549408;0.0;0.9619645476341248;0.0;0.667477245503997;0.5991873594733563;0.40081264052664367
1730782381.310356;/app/bags/user95_2017-02-24.bag;0.834065854549408;0.0;0.9619645476341248;0.0;0.667477245503997;0.5991873594733563;0.40081264052664367
1730782381.5103579;/app/bags/user95_2017-02-24.bag;0.834065854549408;0.0;0.9619645476341248;0.0;0.667477245503997;0.5991873594733563;0.40081264052664367
1730782381.7103739;/app/bags/user95_2017-02-24.bag;0.834065854549408;0.0;0.9619645476341248;0.0;0.667477245503997;0.5991873594733563;0.40081264052664367
1730782381.9104066;/app/bags/user95_2017-02-24.bag;0.834065854549408;0.0;0.9619645476341248;0.0;0.667477245503997;0.5991873594733563;0.40081264052664367
1730782382.1103668;/app/bags/user95_2017-02-24.bag;0.834065854549408;0.0;0.9619645476341248;0.0;0.667477245503997;0.5991873594733563;0.40081264052664367
1730782382.310384;/app/bags/user95_2017-02-24.bag;0.834065854549408;0.0;0.9619645476341248;0.0;0.667477245503997;0.5991873594733563;0.40081264052664367
1730782382.510375;/app/bags/user95_2017-02-24.bag;0.834065854549408;0.0;0.9619645476341248;0.0;0.667477245503997;0.5991873594733563;0.40081264052664367
1730782382.710368;/app/bags/user95_2017-02-24.bag;0.834065854549408;0.0;0.9619645476341248;0.0;0.667477245503997;0.5991873594733563;0.40081264052664367
1730782382.9103787;/app/bags/user95_2017-02-24.bag;0.834065854549408;0.0;0.9619645476341248;0.0;0.667477245503997;0.5991873594733563;0.40081264052664367
1730782383.11036;/app/bags/user95_2017-02-24.bag;0.834065854549408;0.0;0.9619645476341248;0.0;0.667477245503997;0.5991873594733563;0.40081264052664367
1730782383.3103788;/app/bags/user95_2017-02-24.bag;0.834065854549408;0.0;0.9619645476341248;0.0;0.667477245503997;0.5991873594733563;0.40081264052664367
1730782383.5104077;/app/bags/user95_2017-02-24.bag;0.834065854549408;0.0;0.9619645476341248;0.0;0.667477245503997;0.5991873594733563;0.40081264052664367
1730782383.7104118;/app/bags/user95_2017-02-24.bag;0.834065854549408;0.0;0.9619645476341248;0.0;0.667477245503997;0.5991873594733563;0.40081264052664367
1730782383.910361;/app/bags/user95_2017-02-24.bag;0.834065854549408;0.0;0.9619645476341248;0.0;0.667477245503997;0.5991873594733563;0.40081264052664367
1730782384.110359;/app/bags/user95_2017-02-24.bag;0.834065854549408;0.0;0.9619645476341248;0.0;0.667477245503997;0.5991873594733563;0.40081264052664367
1730782384.3104622;/app/bags/user95_2017-02-24.bag;0.834065854549408;0.0;0.9619645476341248;0.0;0.667477245503997;0.5991873594733563;0.40081264052664367
1730782384.5104537;/app/bags/user95_2017-02-24.bag;0.834065854549408;0.0;0.9619645476341248;0.0;0.667477245503997;0.5991873594733563;0.40081264052664367
1730782384.7103536;/app/bags/user95_2017-02-24.bag;0.834065854549408;0.0;0.9619645476341248;0.0;0.667477245503997;0.5991873594733563;0.40081264052664367
1730782384.910394;/app/bags/user95_2017-02-24.bag;0.834065854549408;0.0;0.9619645476341248;0.0;0.667477245503997;0.5991873594733563;0.40081264052664367
1730782385.1103742;/app/bags/user95_2017-02-24.bag;0.834065854549408;0.0;0.9619645476341248;0.0;0.667477245503997;0.5991873594733563;0.40081264052664367
1730782385.3104336;/app/bags/user95_2017-02-24.bag;0.834065854549408;0.0;0.9619645476341248;0.0;0.667477245503997;0.5991873594733563;0.40081264052664367
1730782385.510384;/app/bags/user95_2017-02-24.bag;0.834065854549408;0.0;0.9619645476341248;0.0;0.667477245503997;0.5991873594733563;0.40081264052664367
1730782385.7103806;/app/bags/user95_2017-02-24.bag;0.834065854549408;0.0;0.9619645476341248;0.0;0.667477245503997;0.5991873594733563;0.40081264052664367
1730782385.910399;/app/bags/user95_2017-02-24.bag;0.834065854549408;0.0;0.9619645476341248;0.0;0.667477245503997;0.5991873594733563;0.40081264052664367
1730782386.1104488;/app/bags/user95_2017-02-24.bag;0.834065854549408;0.0;0.9619645476341248;0.0;0.667477245503997;0.5991873594733563;0.40081264052664367
1730782386.3104048;/app/bags/user95_2017-02-24.bag;0.834065854549408;0.0;0.9619645476341248;0.0;0.667477245503997;0.5991873594733563;0.40081264052664367
1730782386.5103776;/app/bags/user95_2017-02-24.bag;0.834065854549408;0.0;0.9619645476341248;0.0;0.667477245503997;0.5991873594733563;0.40081264052664367
1730782386.7104008;/app/bags/user95_2017-02-24.bag;0.834065854549408;0.0;0.9619645476341248;0.0;0.667477245503997;0.5991873594733563;0.40081264052664367
1730782386.9104;/app/bags/user95_2017-02-24.bag;0.834065854549408;0.0;0.9619645476341248;0.0;0.667477245503997;0.5991873594733563;0.40081264052664367
1730782387.1104245;/app/bags/user95_2017-02-24.bag;0.834065854549408;0.0;0.9619645476341248;0.0;0.667477245503997;0.5991873594733563;0.40081264052664367
1730782387.3104067;/app/bags/user95_2017-02-24.bag;0.834065854549408;0.0;0.9619645476341248;0.0;0.667477245503997;0.5991873594733563;0.40081264052664367
1730782387.5104313;/app/bags/user95_2017-02-24.bag;0.834065854549408;0.0;0.9619645476341248;0.0;0.667477245503997;0.5991873594733563;0.40081264052664367
1730782387.710424;/app/bags/user95_2017-02-24.bag;0.834065854549408;0.0;0.9619645476341248;0.0;0.667477245503997;0.5991873594733563;0.40081264052664367
1730782387.9104493;/app/bags/user95_2017-02-24.bag;0.834065854549408;0.0;0.9619645476341248;0.0;0.667477245503997;0.5991873594733563;0.40081264052664367
1730782388.110352;/app/bags/user95_2017-02-24.bag;0.834065854549408;0.0;0.9619645476341248;0.0;0.667477245503997;0.5991873594733563;0.40081264052664367
1730782388.3104858;/app/bags/user95_2017-02-24.bag;0.834065854549408;0.0;0.9619645476341248;0.0;0.667477245503997;0.5991873594733563;0.40081264052664367
1730782388.5103967;/app/bags/user95_2017-02-24.bag;0.834065854549408;0.0;0.9619645476341248;0.0;0.667477245503997;0.5991873594733563;0.40081264052664367
1730782388.7103758;/app/bags/user95_2017-02-24.bag;0.834065854549408;0.0;0.9619645476341248;0.0;0.667477245503997;0.5991873594733563;0.40081264052664367
1730782388.9103982;/app/bags/user95_2017-02-24.bag;0.834065854549408;0.0;0.9619645476341248;0.0;0.667477245503997;0.5991873594733563;0.40081264052664367
1730782389.1103857;/app/bags/user95_2017-02-24.bag;0.834065854549408;0.0;0.9619645476341248;0.0;0.667477245503997;0.5991873594733563;0.40081264052664367
1730782389.3104098;/app/bags/user95_2017-02-24.bag;0.834065854549408;0.0;0.9619645476341248;0.0;0.667477245503997;0.5991873594733563;0.40081264052664367
1730782389.5103936;/app/bags/user95_2017-02-24.bag;0.834065854549408;0.0;0.9619645476341248;0.0;0.667477245503997;0.5991873594733563;0.40081264052664367
1730782389.7104213;/app/bags/user95_2017-02-24.bag;0.834065854549408;0.0;0.9619645476341248;0.0;0.667477245503997;0.5991873594733563;0.40081264052664367
1730782389.9104323;/app/bags/user95_2017-02-24.bag;0.834065854549408;0.0;0.9619645476341248;0.0;0.667477245503997;0.5991873594733563;0.40081264052664367
1730782390.1103914;/app/bags/user95_2017-02-24.bag;0.834065854549408;0.0;0.9619645476341248;0.0;0.667477245503997;0.5991873594733563;0.40081264052664367
1730782390.3103895;/app/bags/user95_2017-02-24.bag;0.834065854549408;0.0;0.9619645476341248;0.0;0.667477245503997;0.5991873594733563;0.40081264052664367
1730782390.5103517;/app/bags/user95_2017-02-24.bag;0.834065854549408;0.0;0.9619645476341248;0.0;0.667477245503997;0.5991873594733563;0.40081264052664367
1730782390.7103965;/app/bags/user95_2017-02-24.bag;0.834065854549408;0.0;0.9619645476341248;0.0;0.667477245503997;0.5991873594733563;0.40081264052664367
1730782390.910388;/app/bags/user95_2017-02-24.bag;0.834065854549408;0.0;0.9619645476341248;0.0;0.667477245503997;0.5991873594733563;0.40081264052664367
1730782391.110416;/app/bags/user95_2017-02-24.bag;0.834065854549408;0.0;0.9619645476341248;0.0;0.667477245503997;0.5991873594733563;0.40081264052664367
1730782391.310379;/app/bags/user95_2017-02-24.bag;0.834065854549408;0.0;0.9619645476341248;0.0;0.667477245503997;0.5991873594733563;0.40081264052664367
1730782391.5104413;/app/bags/user95_2017-02-24.bag;0.834065854549408;0.0;0.9619645476341248;0.0;0.667477245503997;0.5991873594733563;0.40081264052664367
1730782391.7103865;/app/bags/user95_2017-02-24.bag;0.834065854549408;0.0;0.9619645476341248;0.0;0.667477245503997;0.5991873594733563;0.40081264052664367
1730782391.9103937;/app/bags/user95_2017-02-24.bag;0.834065854549408;0.0;0.9619645476341248;0.0;0.667477245503997;0.5991873594733563;0.40081264052664367
1730782392.1104438;/app/bags/user95_2017-02-24.bag;0.834065854549408;0.0;0.9619645476341248;0.0;0.667477245503997;0.5991873594733563;0.40081264052664367
1730782392.3103552;/app/bags/user95_2017-02-24.bag;0.834065854549408;0.0;0.9619645476341248;0.0;0.667477245503997;0.5991873594733563;0.40081264052664367
1730782392.5104403;/app/bags/user95_2017-02-24.bag;0.834065854549408;0.0;0.9619645476341248;0.0;0.667477245503997;0.5991873594733563;0.40081264052664367
1730782392.7103622;/app/bags/user95_2017-02-24.bag;0.834065854549408;0.0;0.9619645476341248;0.0;0.667477245503997;0.5991873594733563;0.40081264052664367
1730782392.9104269;/app/bags/user95_2017-02-24.bag;0.834065854549408;0.0;0.9619645476341248;0.0;0.667477245503997;0.5991873594733563;0.40081264052664367
1730782393.11039;/app/bags/user95_2017-02-24.bag;0.834065854549408;0.0;0.9619645476341248;0.0;0.667477245503997;0.5991873594733563;0.40081264052664367
1730782393.3105226;/app/bags/user95_2017-02-24.bag;0.834065854549408;0.0;0.9619645476341248;0.0;0.667477245503997;0.5991873594733563;0.40081264052664367
1730782393.5103707;/app/bags/user95_2017-02-24.bag;0.834065854549408;0.0;0.9619645476341248;0.0;0.667477245503997;0.5991873594733563;0.40081264052664367
1730782393.710387;/app/bags/user95_2017-02-24.bag;0.834065854549408;0.0;0.9619645476341248;0.0;0.667477245503997;0.5991873594733563;0.40081264052664367
1730782393.910385;/app/bags/user95_2017-02-24.bag;0.834065854549408;0.0;0.9619645476341248;0.0;0.667477245503997;0.5991873594733563;0.40081264052664367
1730782394.1103566;/app/bags/user95_2017-02-24.bag;0.834065854549408;0.0;0.9619645476341248;0.0;0.667477245503997;0.5991873594733563;0.40081264052664367
1730782394.3103876;/app/bags/user95_2017-02-24.bag;0.834065854549408;0.0;0.9619645476341248;0.0;0.667477245503997;0.5991873594733563;0.40081264052664367
1730782394.510462;/app/bags/user95_2017-02-24.bag;0.834065854549408;0.0;0.9619645476341248;0.0;0.667477245503997;0.5991873594733563;0.40081264052664367
1730782394.710386;/app/bags/user95_2017-02-24.bag;0.834065854549408;0.0;0.9619645476341248;0.0;0.667477245503997;0.5991873594733563;0.40081264052664367
1730782394.9103875;/app/bags/user95_2017-02-24.bag;0.834065854549408;0.0;0.9619645476341248;0.0;0.667477245503997;0.5991873594733563;0.40081264052664367
1730782395.1103852;/app/bags/user95_2017-02-24.bag;0.834065854549408;0.0;0.9619645476341248;0.0;0.667477245503997;0.5991873594733563;0.40081264052664367
1730782395.3104382;/app/bags/user95_2017-02-24.bag;0.834065854549408;0.0;0.9619645476341248;0.0;0.667477245503997;0.5991873594733563;0.40081264052664367
1730782395.510376;/app/bags/user95_2017-02-24.bag;0.834065854549408;0.0;0.9619645476341248;0.0;0.667477245503997;0.5991873594733563;0.40081264052664367
1730782395.7103624;/app/bags/user95_2017-02-24.bag;0.834065854549408;0.0;0.9619645476341248;0.0;0.667477245503997;0.5991873594733563;0.40081264052664367
1730782395.9104753;/app/bags/user95_2017-02-24.bag;0.834065854549408;0.0;0.9619645476341248;0.0;0.667477245503997;0.5991873594733563;0.40081264052664367
1730782396.110418;/app/bags/user95_2017-02-24.bag;0.834065854549408;0.0;0.9619645476341248;0.0;0.667477245503997;0.5991873594733563;0.40081264052664367
1730782396.3103952;/app/bags/user95_2017-02-24.bag;0.834065854549408;0.0;0.9619645476341248;0.0;0.667477245503997;0.5991873594733563;0.40081264052664367
1730782396.510407;/app/bags/user95_2017-02-24.bag;0.834065854549408;0.0;0.9619645476341248;0.0;0.667477245503997;0.5991873594733563;0.40081264052664367
1730782396.710373;/app/bags/user95_2017-02-24.bag;0.834065854549408;0.0;0.9619645476341248;0.0;0.667477245503997;0.5991873594733563;0.40081264052664367
1730782396.910406;/app/bags/user95_2017-02-24.bag;0.834065854549408;0.0;0.9619645476341248;0.0;0.667477245503997;0.5991873594733563;0.40081264052664367
1730782397.110389;/app/bags/user95_2017-02-24.bag;0.834065854549408;0.0;0.9619645476341248;0.0;0.667477245503997;0.5991873594733563;0.40081264052664367
1730782397.3103712;/app/bags/user95_2017-02-24.bag;0.834065854549408;0.0;0.9619645476341248;0.0;0.667477245503997;0.5991873594733563;0.40081264052664367
1730782397.510355;/app/bags/user95_2017-02-24.bag;0.834065854549408;0.0;0.9619645476341248;0.0;0.667477245503997;0.5991873594733563;0.40081264052664367
1730782397.7103906;/app/bags/user95_2017-02-24.bag;0.834065854549408;0.0;0.9619645476341248;0.0;0.667477245503997;0.5991873594733563;0.40081264052664367
1730782397.9103894;/app/bags/user95_2017-02-24.bag;0.834065854549408;0.0;0.9619645476341248;0.0;0.667477245503997;0.5991873594733563;0.40081264052664367
1730782398.1103902;/app/bags/user95_2017-02-24.bag;0.834065854549408;0.0;0.9619645476341248;0.0;0.667477245503997;0.5991873594733563;0.40081264052664367
1730782398.3103929;/app/bags/user95_2017-02-24.bag;0.834065854549408;0.0;0.9619645476341248;0.0;0.667477245503997;0.5991873594733563;0.40081264052664367
1730782398.5103927;/app/bags/user95_2017-02-24.bag;0.834065854549408;0.0;0.9619645476341248;0.0;0.667477245503997;0.5991873594733563;0.40081264052664367
1730782398.7103703;/app/bags/user95_2017-02-24.bag;0.834065854549408;0.0;0.9619645476341248;0.0;0.667477245503997;0.5991873594733563;0.40081264052664367
1730782398.9103906;/app/bags/user95_2017-02-24.bag;0.834065854549408;0.0;0.9619645476341248;0.0;0.667477245503997;0.5991873594733563;0.40081264052664367
1730782399.1103826;/app/bags/user95_2017-02-24.bag;0.834065854549408;0.0;0.9619645476341248;0.0;0.667477245503997;0.5991873594733563;0.40081264052664367
1730782399.3104026;/app/bags/user95_2017-02-24.bag;0.834065854549408;0.0;0.9619645476341248;0.0;0.667477245503997;0.5991873594733563;0.40081264052664367
1730782399.5104005;/app/bags/user95_2017-02-24.bag;0.834065854549408;0.0;0.9619645476341248;0.0;0.667477245503997;0.5991873594733563;0.40081264052664367
1730782399.7104337;/app/bags/user95_2017-02-24.bag;0.834065854549408;0.0;0.9619645476341248;0.0;0.667477245503997;0.5991873594733563;0.40081264052664367
1730782399.9103587;/app/bags/user95_2017-02-24.bag;0.834065854549408;0.0;0.9619645476341248;0.0;0.667477245503997;0.5991873594733563;0.40081264052664367
1730782400.1103854;/app/bags/user95_2017-02-24.bag;0.834065854549408;0.0;0.9619645476341248;0.0;0.667477245503997;0.5991873594733563;0.40081264052664367
1730782400.3103888;/app/bags/user95_2017-02-24.bag;0.834065854549408;0.0;0.9619645476341248;0.0;0.667477245503997;0.5991873594733563;0.40081264052664367
1730782400.5103962;/app/bags/user95_2017-02-24.bag;0.834065854549408;0.0;0.9619645476341248;0.0;0.667477245503997;0.5991873594733563;0.40081264052664367
1730782400.710426;/app/bags/user95_2017-02-24.bag;0.834065854549408;0.0;0.9619645476341248;0.0;0.667477245503997;0.5991873594733563;0.40081264052664367
1730782400.9103713;/app/bags/user95_2017-02-24.bag;0.834065854549408;0.0;0.9619645476341248;0.0;0.667477245503997;0.5991873594733563;0.40081264052664367
1730782401.1104088;/app/bags/user95_2017-02-24.bag;0.834065854549408;0.0;0.9619645476341248;0.0;0.667477245503997;0.5991873594733563;0.40081264052664367
1730782401.3103843;/app/bags/user95_2017-02-24.bag;0.834065854549408;0.0;0.9619645476341248;0.0;0.667477245503997;0.5991873594733563;0.40081264052664367
1730782401.5103953;/app/bags/user95_2017-02-24.bag;0.834065854549408;0.0;0.9619645476341248;0.0;0.667477245503997;0.5991873594733563;0.40081264052664367
1730782401.71036;/app/bags/user95_2017-02-24.bag;0.834065854549408;0.0;0.9619645476341248;0.0;0.667477245503997;0.5991873594733563;0.40081264052664367
1730782401.9104068;/app/bags/user95_2017-02-24.bag;0.834065854549408;0.0;0.9619645476341248;0.0;0.667477245503997;0.5991873594733563;0.40081264052664367
1730782402.110398;/app/bags/user95_2017-02-24.bag;0.834065854549408;0.0;0.9619645476341248;0.0;0.667477245503997;0.5991873594733563;0.40081264052664367
1730782402.3104177;/app/bags/user95_2017-02-24.bag;0.834065854549408;0.0;0.9619645476341248;0.0;0.667477245503997;0.5991873594733563;0.40081264052664367
1730782402.510453;/app/bags/user95_2017-02-24.bag;0.834065854549408;0.0;0.9619645476341248;0.0;0.667477245503997;0.5991873594733563;0.40081264052664367
1730782402.7103388;/app/bags/user95_2017-02-24.bag;0.834065854549408;0.0;0.9619645476341248;0.0;0.667477245503997;0.5991873594733563;0.40081264052664367
1730782402.9104123;/app/bags/user95_2017-02-24.bag;0.834065854549408;0.0;0.9619645476341248;0.0;0.667477245503997;0.5991873594733563;0.40081264052664367
1730782403.1104195;/app/bags/user95_2017-02-24.bag;0.834065854549408;0.0;0.9619645476341248;0.0;0.667477245503997;0.5991873594733563;0.40081264052664367
1730782403.3103864;/app/bags/user95_2017-02-24.bag;0.834065854549408;0.0;0.9619645476341248;0.0;0.667477245503997;0.5991873594733563;0.40081264052664367
1730782403.510368;/app/bags/user95_2017-02-24.bag;0.834065854549408;0.0;0.9619645476341248;0.0;0.667477245503997;0.5991873594733563;0.40081264052664367
1730782403.7103863;/app/bags/user95_2017-02-24.bag;0.834065854549408;0.0;0.9619645476341248;0.0;0.667477245503997;0.5991873594733563;0.40081264052664367
1730782403.9103758;/app/bags/user95_2017-02-24.bag;0.834065854549408;0.0;0.9619645476341248;0.0;0.667477245503997;0.5991873594733563;0.40081264052664367
1730782404.110361;/app/bags/user95_2017-02-24.bag;0.834065854549408;0.0;0.9619645476341248;0.0;0.667477245503997;0.5991873594733563;0.40081264052664367
1730782404.3105295;/app/bags/user95_2017-02-24.bag;0.834065854549408;0.0;0.9619645476341248;0.0;0.667477245503997;0.5991873594733563;0.40081264052664367
1730782404.510368;/app/bags/user95_2017-02-24.bag;0.834065854549408;0.0;0.9619645476341248;0.0;0.667477245503997;0.5991873594733563;0.40081264052664367
1730782404.7103817;/app/bags/user95_2017-02-24.bag;0.834065854549408;0.0;0.9619645476341248;0.0;0.667477245503997;0.5991873594733563;0.40081264052664367
1730782404.9104717;/app/bags/user95_2017-02-24.bag;0.834065854549408;0.0;0.9619645476341248;0.0;0.667477245503997;0.5991873594733563;0.40081264052664367
1730782405.1104112;/app/bags/user95_2017-02-24.bag;0.834065854549408;0.0;0.9619645476341248;0.0;0.667477245503997;0.5991873594733563;0.40081264052664367
1730782405.3103902;/app/bags/user95_2017-02-24.bag;0.834065854549408;0.0;0.9619645476341248;0.0;0.667477245503997;0.5991873594733563;0.40081264052664367
1730782405.510383;/app/bags/user95_2017-02-24.bag;0.834065854549408;0.0;0.9619645476341248;0.0;0.667477245503997;0.5991873594733563;0.40081264052664367
1730782405.7104688;/app/bags/user95_2017-02-24.bag;0.834065854549408;0.0;0.9619645476341248;0.0;0.667477245503997;0.5991873594733563;0.40081264052664367
1730782405.9103882;/app/bags/user95_2017-02-24.bag;0.834065854549408;0.0;0.9619645476341248;0.0;0.667477245503997;0.5991873594733563;0.40081264052664367
1730782406.1103878;/app/bags/user95_2017-02-24.bag;0.834065854549408;0.0;0.9619645476341248;0.0;0.667477245503997;0.5991873594733563;0.40081264052664367
1730782406.310431;/app/bags/user95_2017-02-24.bag;0.834065854549408;0.0;0.9619645476341248;0.0;0.667477245503997;0.5991873594733563;0.40081264052664367
1730782406.5103807;/app/bags/user95_2017-02-24.bag;0.834065854549408;0.0;0.9619645476341248;0.0;0.667477245503997;0.5991873594733563;0.40081264052664367
1730782406.71044;/app/bags/user95_2017-02-24.bag;0.834065854549408;0.0;0.9619645476341248;0.0;0.667477245503997;0.5991873594733563;0.40081264052664367
1730782406.9103892;/app/bags/user95_2017-02-24.bag;0.834065854549408;0.0;0.9619645476341248;0.0;0.667477245503997;0.5991873594733563;0.40081264052664367
1730782407.1103773;/app/bags/user95_2017-02-24.bag;0.834065854549408;0.0;0.9619645476341248;0.0;0.667477245503997;0.5991873594733563;0.40081264052664367
1730782407.3103662;/app/bags/user95_2017-02-24.bag;0.834065854549408;0.0;0.9619645476341248;0.0;0.667477245503997;0.5991873594733563;0.40081264052664367
1730782407.510389;/app/bags/user95_2017-02-24.bag;0.834065854549408;0.0;0.9619645476341248;0.0;0.667477245503997;0.5991873594733563;0.40081264052664367
1730782407.7103882;/app/bags/user95_2017-02-24.bag;0.834065854549408;0.0;0.9619645476341248;0.0;0.667477245503997;0.5991873594733563;0.40081264052664367
1730782407.9103787;/app/bags/user95_2017-02-24.bag;0.834065854549408;0.0;0.9619645476341248;0.0;0.667477245503997;0.5991873594733563;0.40081264052664367
1730782408.1103737;/app/bags/user95_2017-02-24.bag;0.834065854549408;0.0;0.9619645476341248;0.0;0.667477245503997;0.5991873594733563;0.40081264052664367
1730782408.3104024;/app/bags/user95_2017-02-24.bag;0.834065854549408;0.0;0.9619645476341248;0.0;0.667477245503997;0.5991873594733563;0.40081264052664367
1730782408.51037;/app/bags/user95_2017-02-24.bag;0.834065854549408;0.0;0.9619645476341248;0.0;0.667477245503997;0.5991873594733563;0.40081264052664367
1730782408.7104123;/app/bags/user95_2017-02-24.bag;0.834065854549408;0.0;0.9619645476341248;0.0;0.667477245503997;0.5991873594733563;0.40081264052664367
1730782408.9103882;/app/bags/user95_2017-02-24.bag;0.834065854549408;0.0;0.9619645476341248;0.0;0.667477245503997;0.5991873594733563;0.40081264052664367
1730782409.1104782;/app/bags/user95_2017-02-24.bag;0.834065854549408;0.0;0.9619645476341248;0.0;0.667477245503997;0.5991873594733563;0.40081264052664367
1730782409.3103886;/app/bags/user95_2017-02-24.bag;0.834065854549408;0.0;0.9619645476341248;0.0;0.667477245503997;0.5991873594733563;0.40081264052664367
1730782409.5103962;/app/bags/user95_2017-02-24.bag;0.834065854549408;0.0;0.9619645476341248;0.0;0.667477245503997;0.5991873594733563;0.40081264052664367
1730782409.7103496;/app/bags/user95_2017-02-24.bag;0.834065854549408;0.0;0.9619645476341248;0.0;0.667477245503997;0.5991873594733563;0.40081264052664367
1730782409.9103434;/app/bags/user95_2017-02-24.bag;0.834065854549408;0.0;0.9619645476341248;0.0;0.667477245503997;0.5991873594733563;0.40081264052664367
1730782410.110393;/app/bags/user95_2017-02-24.bag;0.834065854549408;0.0;0.9619645476341248;0.0;0.667477245503997;0.5991873594733563;0.40081264052664367
1730782410.3104346;/app/bags/user95_2017-02-24.bag;0.834065854549408;0.0;0.9619645476341248;0.0;0.667477245503997;0.5991873594733563;0.40081264052664367
1730782410.5103457;/app/bags/user95_2017-02-24.bag;0.834065854549408;0.0;0.9619645476341248;0.0;0.667477245503997;0.5991873594733563;0.40081264052664367
1730782410.7104163;/app/bags/user95_2017-02-24.bag;0.834065854549408;0.0;0.9619645476341248;0.0;0.667477245503997;0.5991873594733563;0.40081264052664367
1730782410.9104033;/app/bags/user95_2017-02-24.bag;0.834065854549408;0.0;0.9619645476341248;0.0;0.667477245503997;0.5991873594733563;0.40081264052664367
1730782411.1103787;/app/bags/user95_2017-02-24.bag;0.834065854549408;0.0;0.9619645476341248;0.0;0.667477245503997;0.5991873594733563;0.40081264052664367
1730782411.3103948;/app/bags/user95_2017-02-24.bag;0.834065854549408;0.0;0.9619645476341248;0.0;0.667477245503997;0.5991873594733563;0.40081264052664367
1730782411.510466;/app/bags/user95_2017-02-24.bag;0.834065854549408;0.0;0.9619645476341248;0.0;0.667477245503997;0.5991873594733563;0.40081264052664367
1730782411.710473;/app/bags/user95_2017-02-24.bag;0.834065854549408;0.0;0.9619645476341248;0.0;0.667477245503997;0.5991873594733563;0.40081264052664367
1730782411.9103959;/app/bags/user95_2017-02-24.bag;0.834065854549408;0.0;0.9619645476341248;0.0;0.667477245503997;0.5991873594733563;0.40081264052664367
1730782412.1103692;/app/bags/user95_2017-02-24.bag;0.834065854549408;0.0;0.9619645476341248;0.0;0.667477245503997;0.5991873594733563;0.40081264052664367
1730782412.3104537;/app/bags/user95_2017-02-24.bag;0.834065854549408;0.0;0.9619645476341248;0.0;0.667477245503997;0.5991873594733563;0.40081264052664367
1730782412.5104623;/app/bags/user95_2017-02-24.bag;0.834065854549408;0.0;0.9619645476341248;0.0;0.667477245503997;0.5991873594733563;0.40081264052664367
1730782412.710437;/app/bags/user95_2017-02-24.bag;0.834065854549408;0.0;0.9619645476341248;0.0;0.667477245503997;0.5991873594733563;0.40081264052664367
1730782412.9104216;/app/bags/user95_2017-02-24.bag;0.834065854549408;0.0;0.9619645476341248;0.0;0.667477245503997;0.5991873594733563;0.40081264052664367
1730782413.1103947;/app/bags/user95_2017-02-24.bag;0.834065854549408;0.0;0.9619645476341248;0.0;0.667477245503997;0.5991873594733563;0.40081264052664367
1730782413.310343;/app/bags/user95_2017-02-24.bag;0.834065854549408;0.0;0.9619645476341248;0.0;0.667477245503997;0.5991873594733563;0.40081264052664367
1730782413.5103962;/app/bags/user95_2017-02-24.bag;0.834065854549408;0.0;0.9619645476341248;0.0;0.667477245503997;0.5991873594733563;0.40081264052664367
1730782413.7104082;/app/bags/user95_2017-02-24.bag;0.834065854549408;0.0;0.9619645476341248;0.0;0.667477245503997;0.5991873594733563;0.40081264052664367
1730782413.9103878;/app/bags/user95_2017-02-24.bag;0.834065854549408;0.0;0.9619645476341248;0.0;0.667477245503997;0.5991873594733563;0.40081264052664367
1730782414.1104105;/app/bags/user95_2017-02-24.bag;0.834065854549408;0.0;0.9619645476341248;0.0;0.667477245503997;0.5991873594733563;0.40081264052664367
1730782414.310441;/app/bags/user95_2017-02-24.bag;0.834065854549408;0.0;0.9619645476341248;0.0;0.667477245503997;0.5991873594733563;0.40081264052664367
1730782414.5103984;/app/bags/user95_2017-02-24.bag;0.834065854549408;0.0;0.9619645476341248;0.0;0.667477245503997;0.5991873594733563;0.40081264052664367
1730782414.710404;/app/bags/user95_2017-02-24.bag;0.834065854549408;0.0;0.9619645476341248;0.0;0.667477245503997;0.5991873594733563;0.40081264052664367
1730782414.9104161;/app/bags/user95_2017-02-24.bag;0.834065854549408;0.0;0.9619645476341248;0.0;0.667477245503997;0.5991873594733563;0.40081264052664367
1730782415.1103797;/app/bags/user95_2017-02-24.bag;0.834065854549408;0.0;0.9619645476341248;0.0;0.667477245503997;0.5991873594733563;0.40081264052664367
1730782415.310414;/app/bags/user95_2017-02-24.bag;0.834065854549408;0.0;0.9619645476341248;0.0;0.667477245503997;0.5991873594733563;0.40081264052664367
1730782415.5105684;/app/bags/user95_2017-02-24.bag;0.834065854549408;0.0;0.9619645476341248;0.0;0.667477245503997;0.5991873594733563;0.40081264052664367
1730782415.7103798;/app/bags/user95_2017-02-24.bag;0.834065854549408;0.0;0.9619645476341248;0.0;0.667477245503997;0.5991873594733563;0.40081264052664367
1730782415.9103978;/app/bags/user95_2017-02-24.bag;0.834065854549408;0.0;0.9619645476341248;0.0;0.667477245503997;0.5991873594733563;0.40081264052664367
1730782416.1104076;/app/bags/user95_2017-02-24.bag;0.834065854549408;0.0;0.9619645476341248;0.0;0.667477245503997;0.5991873594733563;0.40081264052664367
1730782416.3103526;/app/bags/user95_2017-02-24.bag;0.834065854549408;0.0;0.9619645476341248;0.0;0.667477245503997;0.5991873594733563;0.40081264052664367
1730782416.5103798;/app/bags/user95_2017-02-24.bag;0.834065854549408;0.0;0.9619645476341248;0.0;0.667477245503997;0.5991873594733563;0.40081264052664367
1730782416.710389;/app/bags/user95_2017-02-24.bag;0.834065854549408;0.0;0.9619645476341248;0.0;0.667477245503997;0.5991873594733563;0.40081264052664367
1730782416.9103744;/app/bags/user95_2017-02-24.bag;0.834065854549408;0.0;0.9619645476341248;0.0;0.667477245503997;0.5991873594733563;0.40081264052664367
1730782417.1103895;/app/bags/user95_2017-02-24.bag;0.834065854549408;0.0;0.9619645476341248;0.0;0.667477245503997;0.5991873594733563;0.40081264052664367
1730782417.3103719;/app/bags/user95_2017-02-24.bag;0.834065854549408;0.0;0.9619645476341248;0.0;0.667477245503997;0.5991873594733563;0.40081264052664367
1730782417.5104327;/app/bags/user95_2017-02-24.bag;0.834065854549408;0.0;0.9619645476341248;0.0;0.667477245503997;0.5991873594733563;0.40081264052664367
1730782417.710366;/app/bags/user95_2017-02-24.bag;0.834065854549408;0.0;0.9619645476341248;0.0;0.667477245503997;0.5991873594733563;0.40081264052664367
1730782417.9104235;/app/bags/user95_2017-02-24.bag;0.834065854549408;0.0;0.9619645476341248;0.0;0.667477245503997;0.5991873594733563;0.40081264052664367
1730782418.1103702;/app/bags/user95_2017-02-24.bag;0.834065854549408;0.0;0.9619645476341248;0.0;0.667477245503997;0.5991873594733563;0.40081264052664367
1730782418.3103943;/app/bags/user95_2017-02-24.bag;0.834065854549408;0.0;0.9619645476341248;0.0;0.667477245503997;0.5991873594733563;0.40081264052664367
1730782418.510421;/app/bags/user95_2017-02-24.bag;0.834065854549408;0.0;0.9619645476341248;0.0;0.667477245503997;0.5991873594733563;0.40081264052664367
1730782418.710375;/app/bags/user95_2017-02-24.bag;0.834065854549408;0.0;0.9619645476341248;0.0;0.667477245503997;0.5991873594733563;0.40081264052664367
1730782418.9122746;/app/bags/user95_2017-02-24.bag;0.834065854549408;0.0;0.9619645476341248;0.0;0.667477245503997;0.5991873594733563;0.40081264052664367
1730782419.1104517;/app/bags/user95_2017-02-24.bag;0.834065854549408;0.0;0.9619645476341248;0.0;0.667477245503997;0.5991873594733563;0.40081264052664367
1730782419.3103585;/app/bags/user95_2017-02-24.bag;0.834065854549408;0.0;0.9619645476341248;0.0;0.667477245503997;0.5991873594733563;0.40081264052664367
1730782419.5103674;/app/bags/user95_2017-02-24.bag;0.834065854549408;0.0;0.9619645476341248;0.0;0.667477245503997;0.5991873594733563;0.40081264052664367
1730782419.7103946;/app/bags/user95_2017-02-24.bag;0.834065854549408;0.0;0.9619645476341248;0.0;0.667477245503997;0.5991873594733563;0.40081264052664367
1730782419.910384;/app/bags/user95_2017-02-24.bag;0.834065854549408;0.0;0.9619645476341248;0.0;0.667477245503997;0.5991873594733563;0.40081264052664367
1730782420.1104224;/app/bags/user95_2017-02-24.bag;0.834065854549408;0.0;0.9619645476341248;0.0;0.667477245503997;0.5991873594733563;0.40081264052664367
1730782420.3103578;/app/bags/user95_2017-02-24.bag;0.834065854549408;0.0;0.9619645476341248;0.0;0.667477245503997;0.5991873594733563;0.40081264052664367
1730782420.5104127;/app/bags/user95_2017-02-24.bag;0.834065854549408;0.0;0.9619645476341248;0.0;0.667477245503997;0.5991873594733563;0.40081264052664367
1730782420.7103508;/app/bags/user95_2017-02-24.bag;0.834065854549408;0.0;0.9619645476341248;0.0;0.667477245503997;0.5991873594733563;0.40081264052664367
1730782420.910441;/app/bags/user95_2017-02-24.bag;0.834065854549408;0.0;0.9619645476341248;0.0;0.667477245503997;0.5991873594733563;0.40081264052664367
1730782421.1104317;/app/bags/user95_2017-02-24.bag;0.834065854549408;0.0;0.9619645476341248;0.0;0.667477245503997;0.5991873594733563;0.40081264052664367
1730782421.310387;/app/bags/user95_2017-02-24.bag;0.834065854549408;0.0;0.9619645476341248;0.0;0.667477245503997;0.5991873594733563;0.40081264052664367
1730782421.510386;/app/bags/user95_2017-02-24.bag;0.834065854549408;0.0;0.9619645476341248;0.0;0.667477245503997;0.5991873594733563;0.40081264052664367
1730782421.7103727;/app/bags/user95_2017-02-24.bag;0.834065854549408;0.0;0.9619645476341248;0.0;0.667477245503997;0.5991873594733563;0.40081264052664367
1730782421.9104748;/app/bags/user95_2017-02-24.bag;0.834065854549408;0.0;0.9619645476341248;0.0;0.667477245503997;0.5991873594733563;0.40081264052664367
1730782422.1103983;/app/bags/user95_2017-02-24.bag;0.834065854549408;0.0;0.9619645476341248;0.0;0.667477245503997;0.5991873594733563;0.40081264052664367
1730782422.3103962;/app/bags/user95_2017-02-24.bag;0.834065854549408;0.0;0.9619645476341248;0.0;0.667477245503997;0.5991873594733563;0.40081264052664367
1730782422.510395;/app/bags/user95_2017-02-24.bag;0.834065854549408;0.0;0.9619645476341248;0.0;0.667477245503997;0.5991873594733563;0.40081264052664367
1730782422.7105076;/app/bags/user95_2017-02-24.bag;0.834065854549408;0.0;0.9619645476341248;0.0;0.667477245503997;0.5991873594733563;0.40081264052664367
1730782422.9104292;/app/bags/user95_2017-02-24.bag;0.834065854549408;0.0;0.9619645476341248;0.0;0.667477245503997;0.5991873594733563;0.40081264052664367
1730782423.1103904;/app/bags/user95_2017-02-24.bag;0.834065854549408;0.0;0.9619645476341248;0.0;0.667477245503997;0.5991873594733563;0.40081264052664367
1730782423.3104253;/app/bags/user95_2017-02-24.bag;0.834065854549408;0.0;0.9619645476341248;0.0;0.667477245503997;0.5991873594733563;0.40081264052664367
1730782423.5105007;/app/bags/user95_2017-02-24.bag;0.834065854549408;0.0;0.9619645476341248;0.0;0.667477245503997;0.5991873594733563;0.40081264052664367
1730782423.71038;/app/bags/user95_2017-02-24.bag;0.834065854549408;0.0;0.9619645476341248;0.0;0.667477245503997;0.5991873594733563;0.40081264052664367
1730782423.9103858;/app/bags/user95_2017-02-24.bag;0.834065854549408;0.0;0.9619645476341248;0.0;0.667477245503997;0.5991873594733563;0.40081264052664367
1730782424.1103854;/app/bags/user95_2017-02-24.bag;0.834065854549408;0.0;0.9619645476341248;0.0;0.667477245503997;0.5991873594733563;0.40081264052664367
1730782424.3105567;/app/bags/user95_2017-02-24.bag;0.834065854549408;0.0;0.9619645476341248;0.0;0.667477245503997;0.5991873594733563;0.40081264052664367
1730782424.51037;/app/bags/user95_2017-02-24.bag;0.834065854549408;0.0;0.9619645476341248;0.0;0.667477245503997;0.5991873594733563;0.40081264052664367
1730782424.7104087;/app/bags/user95_2017-02-24.bag;0.834065854549408;0.0;0.9619645476341248;0.0;0.667477245503997;0.5991873594733563;0.40081264052664367
1730782424.9104235;/app/bags/user95_2017-02-24.bag;0.834065854549408;0.0;0.9619645476341248;0.0;0.667477245503997;0.5991873594733563;0.40081264052664367
1730782425.1104138;/app/bags/user95_2017-02-24.bag;0.834065854549408;0.0;0.9619645476341248;0.0;0.667477245503997;0.5991873594733563;0.40081264052664367
1730782425.3103967;/app/bags/user95_2017-02-24.bag;0.834065854549408;0.0;0.9619645476341248;0.0;0.667477245503997;0.5991873594733563;0.40081264052664367
1730782425.510347;/app/bags/user95_2017-02-24.bag;0.834065854549408;0.0;0.9619645476341248;0.0;0.667477245503997;0.5991873594733563;0.40081264052664367
1730782425.7103846;/app/bags/user95_2017-02-24.bag;0.834065854549408;0.0;0.9619645476341248;0.0;0.667477245503997;0.5991873594733563;0.40081264052664367
1730782425.9103537;/app/bags/user95_2017-02-24.bag;0.834065854549408;0.0;0.9619645476341248;0.0;0.667477245503997;0.5991873594733563;0.40081264052664367
1730782426.1105757;/app/bags/user95_2017-02-24.bag;0.834065854549408;0.0;0.9619645476341248;0.0;0.667477245503997;0.5991873594733563;0.40081264052664367
1730782426.3103929;/app/bags/user95_2017-02-24.bag;0.834065854549408;0.0;0.9619645476341248;0.0;0.667477245503997;0.5991873594733563;0.40081264052664367
1730782426.5103898;/app/bags/user95_2017-02-24.bag;0.834065854549408;0.0;0.9619645476341248;0.0;0.667477245503997;0.5991873594733563;0.40081264052664367
1730782426.7104232;/app/bags/user95_2017-02-24.bag;0.834065854549408;0.0;0.9619645476341248;0.0;0.667477245503997;0.5991873594733563;0.40081264052664367
1730782426.910378;/app/bags/user95_2017-02-24.bag;0.834065854549408;0.0;0.9619645476341248;0.0;0.667477245503997;0.5991873594733563;0.40081264052664367
1730782427.1103811;/app/bags/user95_2017-02-24.bag;0.834065854549408;0.0;0.9619645476341248;0.0;0.667477245503997;0.5991873594733563;0.40081264052664367
1730782427.310412;/app/bags/user95_2017-02-24.bag;0.834065854549408;0.0;0.9619645476341248;0.0;0.667477245503997;0.5991873594733563;0.40081264052664367
1730782427.5103717;/app/bags/user95_2017-02-24.bag;0.834065854549408;0.0;0.9619645476341248;0.0;0.667477245503997;0.5991873594733563;0.40081264052664367
1730782427.7103508;/app/bags/user95_2017-02-24.bag;0.834065854549408;0.0;0.9619645476341248;0.0;0.667477245503997;0.5991873594733563;0.40081264052664367
1730782427.910361;/app/bags/user95_2017-02-24.bag;0.834065854549408;0.0;0.9619645476341248;0.0;0.667477245503997;0.5991873594733563;0.40081264052664367
1730782428.1103957;/app/bags/user95_2017-02-24.bag;0.834065854549408;0.0;0.9619645476341248;0.0;0.667477245503997;0.5991873594733563;0.40081264052664367
1730782428.3103962;/app/bags/user95_2017-02-24.bag;0.834065854549408;0.0;0.9619645476341248;0.0;0.667477245503997;0.5991873594733563;0.40081264052664367
1730782428.5104797;/app/bags/user95_2017-02-24.bag;0.834065854549408;0.0;0.9619645476341248;0.0;0.667477245503997;0.5991873594733563;0.40081264052664367
1730782428.7104394;/app/bags/user95_2017-02-24.bag;0.834065854549408;0.0;0.9619645476341248;0.0;0.667477245503997;0.5991873594733563;0.40081264052664367
1730782428.910395;/app/bags/user95_2017-02-24.bag;0.834065854549408;0.0;0.9619645476341248;0.0;0.667477245503997;0.5991873594733563;0.40081264052664367
1730782429.1103716;/app/bags/user95_2017-02-24.bag;0.834065854549408;0.0;0.9619645476341248;0.0;0.667477245503997;0.5991873594733563;0.40081264052664367
1730782429.3104317;/app/bags/user95_2017-02-24.bag;0.834065854549408;0.0;0.9619645476341248;0.0;0.667477245503997;0.5991873594733563;0.40081264052664367
1730782429.51039;/app/bags/user95_2017-02-24.bag;0.834065854549408;0.0;0.9619645476341248;0.0;0.667477245503997;0.5991873594733563;0.40081264052664367
1730782429.7103856;/app/bags/user95_2017-02-24.bag;0.834065854549408;0.0;0.9619645476341248;0.0;0.667477245503997;0.5991873594733563;0.40081264052664367
1730782429.9103715;/app/bags/user95_2017-02-24.bag;0.834065854549408;0.0;0.9619645476341248;0.0;0.667477245503997;0.5991873594733563;0.40081264052664367
1730782430.11042;/app/bags/user95_2017-02-24.bag;0.834065854549408;0.0;0.9619645476341248;0.0;0.667477245503997;0.5991873594733563;0.40081264052664367
1730782430.3103783;/app/bags/user95_2017-02-24.bag;0.834065854549408;0.0;0.9619645476341248;0.0;0.667477245503997;0.5991873594733563;0.40081264052664367
1730782430.510414;/app/bags/user95_2017-02-24.bag;0.834065854549408;0.0;0.9619645476341248;0.0;0.667477245503997;0.5991873594733563;0.40081264052664367
1730782430.7103992;/app/bags/user95_2017-02-24.bag;0.834065854549408;0.0;0.9619645476341248;0.0;0.667477245503997;0.5991873594733563;0.40081264052664367
1730782430.9104376;/app/bags/user95_2017-02-24.bag;0.834065854549408;0.0;0.9619645476341248;0.0;0.667477245503997;0.5991873594733563;0.40081264052664367
1730782431.1104097;/app/bags/user95_2017-02-24.bag;0.834065854549408;0.0;0.9619645476341248;0.0;0.667477245503997;0.5991873594733563;0.40081264052664367
1730782431.3103971;/app/bags/user95_2017-02-24.bag;0.834065854549408;0.0;0.9619645476341248;0.0;0.667477245503997;0.5991873594733563;0.40081264052664367
1730782431.5103908;/app/bags/user95_2017-02-24.bag;0.834065854549408;0.0;0.9619645476341248;0.0;0.667477245503997;0.5991873594733563;0.40081264052664367
1730782431.71038;/app/bags/user95_2017-02-24.bag;0.834065854549408;0.0;0.9619645476341248;0.0;0.667477245503997;0.5991873594733563;0.40081264052664367
1730782431.9103768;/app/bags/user95_2017-02-24.bag;0.834065854549408;0.0;0.9619645476341248;0.0;0.667477245503997;0.5991873594733563;0.40081264052664367
1730782432.1103904;/app/bags/user95_2017-02-24.bag;0.834065854549408;0.0;0.9619645476341248;0.0;0.667477245503997;0.5991873594733563;0.40081264052664367
1730782432.310413;/app/bags/user95_2017-02-24.bag;0.834065854549408;0.0;0.9619645476341248;0.0;0.667477245503997;0.5991873594733563;0.40081264052664367
1730782432.5103908;/app/bags/user95_2017-02-24.bag;0.834065854549408;0.0;0.9619645476341248;0.0;0.667477245503997;0.5991873594733563;0.40081264052664367
1730782432.7105098;/app/bags/user95_2017-02-24.bag;0.834065854549408;0.0;0.9619645476341248;0.0;0.667477245503997;0.5991873594733563;0.40081264052664367
1730782432.9103713;/app/bags/user95_2017-02-24.bag;0.834065854549408;0.0;0.9619645476341248;0.0;0.667477245503997;0.5991873594733563;0.40081264052664367
1730782433.110381;/app/bags/user95_2017-02-24.bag;0.834065854549408;0.0;0.9619645476341248;0.0;0.667477245503997;0.5991873594733563;0.40081264052664367
1730782433.3103545;/app/bags/user95_2017-02-24.bag;0.834065854549408;0.0;0.9619645476341248;0.0;0.667477245503997;0.5991873594733563;0.40081264052664367
1730782433.5103347;/app/bags/user95_2017-02-24.bag;0.834065854549408;0.0;0.9619645476341248;0.0;0.667477245503997;0.5991873594733563;0.40081264052664367
1730782433.7103612;/app/bags/user95_2017-02-24.bag;0.834065854549408;0.0;0.9619645476341248;0.0;0.667477245503997;0.5991873594733563;0.40081264052664367
1730782433.9103892;/app/bags/user95_2017-02-24.bag;0.834065854549408;0.0;0.9619645476341248;0.0;0.667477245503997;0.5991873594733563;0.40081264052664367
1730782434.1104276;/app/bags/user95_2017-02-24.bag;0.834065854549408;0.0;0.9619645476341248;0.0;0.667477245503997;0.5991873594733563;0.40081264052664367
1730782434.3104038;/app/bags/user95_2017-02-24.bag;0.834065854549408;0.0;0.9619645476341248;0.0;0.667477245503997;0.5991873594733563;0.40081264052664367
1730782434.510385;/app/bags/user95_2017-02-24.bag;0.834065854549408;0.0;0.9619645476341248;0.0;0.667477245503997;0.5991873594733563;0.40081264052664367
1730782434.7103689;/app/bags/user95_2017-02-24.bag;0.834065854549408;0.0;0.9619645476341248;0.0;0.667477245503997;0.5991873594733563;0.40081264052664367
1730782434.9103777;/app/bags/user95_2017-02-24.bag;0.834065854549408;0.0;0.9619645476341248;0.0;0.667477245503997;0.5991873594733563;0.40081264052664367
1730782435.1103475;/app/bags/user95_2017-02-24.bag;0.834065854549408;0.0;0.9619645476341248;0.0;0.667477245503997;0.5991873594733563;0.40081264052664367
1730782435.310377;/app/bags/user95_2017-02-24.bag;0.834065854549408;0.0;0.9619645476341248;0.0;0.667477245503997;0.5991873594733563;0.40081264052664367
1730782435.5104294;/app/bags/user95_2017-02-24.bag;0.834065854549408;0.0;0.9619645476341248;0.0;0.667477245503997;0.5991873594733563;0.40081264052664367
1730782435.7103877;/app/bags/user95_2017-02-24.bag;0.834065854549408;0.0;0.9619645476341248;0.0;0.667477245503997;0.5991873594733563;0.40081264052664367
1730782435.9103794;/app/bags/user95_2017-02-24.bag;0.834065854549408;0.0;0.9619645476341248;0.0;0.667477245503997;0.5991873594733563;0.40081264052664367
1730782436.1103761;/app/bags/user95_2017-02-24.bag;0.834065854549408;0.0;0.9619645476341248;0.0;0.667477245503997;0.5991873594733563;0.40081264052664367
1730782436.3103797;/app/bags/user95_2017-02-24.bag;0.834065854549408;0.0;0.9619645476341248;0.0;0.667477245503997;0.5991873594733563;0.40081264052664367
1730782436.5103998;/app/bags/user95_2017-02-24.bag;0.834065854549408;0.0;0.9619645476341248;0.0;0.667477245503997;0.5991873594733563;0.40081264052664367
1730782436.710448;/app/bags/user95_2017-02-24.bag;0.834065854549408;0.0;0.9619645476341248;0.0;0.667477245503997;0.5991873594733563;0.40081264052664367
1730782436.9104013;/app/bags/user95_2017-02-24.bag;0.834065854549408;0.0;0.9619645476341248;0.0;0.667477245503997;0.5991873594733563;0.40081264052664367
1730782437.1103954;/app/bags/user95_2017-02-24.bag;0.834065854549408;0.0;0.9619645476341248;0.0;0.667477245503997;0.5991873594733563;0.40081264052664367
1730782437.3103821;/app/bags/user95_2017-02-24.bag;0.834065854549408;0.0;0.9619645476341248;0.0;0.667477245503997;0.5991873594733563;0.40081264052664367
1730782437.510437;/app/bags/user95_2017-02-24.bag;0.834065854549408;0.0;0.9619645476341248;0.0;0.667477245503997;0.5991873594733563;0.40081264052664367
1730782437.7103682;/app/bags/user95_2017-02-24.bag;0.834065854549408;0.0;0.9619645476341248;0.0;0.667477245503997;0.5991873594733563;0.40081264052664367
1730782437.910419;/app/bags/user95_2017-02-24.bag;0.834065854549408;0.0;0.9619645476341248;0.0;0.667477245503997;0.5991873594733563;0.40081264052664367
1730782438.1103878;/app/bags/user95_2017-02-24.bag;0.834065854549408;0.0;0.9619645476341248;0.0;0.667477245503997;0.5991873594733563;0.40081264052664367
1730782438.310439;/app/bags/user95_2017-02-24.bag;0.834065854549408;0.0;0.9619645476341248;0.0;0.667477245503997;0.5991873594733563;0.40081264052664367
1730782438.5104008;/app/bags/user95_2017-02-24.bag;0.834065854549408;0.0;0.9619645476341248;0.0;0.667477245503997;0.5991873594733563;0.40081264052664367
1730782438.7103772;/app/bags/user95_2017-02-24.bag;0.834065854549408;0.0;0.9619645476341248;0.0;0.667477245503997;0.5991873594733563;0.40081264052664367
1730782438.910389;/app/bags/user95_2017-02-24.bag;0.834065854549408;0.0;0.9619645476341248;0.0;0.667477245503997;0.5991873594733563;0.40081264052664367
1730782439.1103845;/app/bags/user95_2017-02-24.bag;0.834065854549408;0.0;0.9619645476341248;0.0;0.667477245503997;0.5991873594733563;0.40081264052664367
1730782439.3103552;/app/bags/user95_2017-02-24.bag;0.834065854549408;0.0;0.9619645476341248;0.0;0.667477245503997;0.5991873594733563;0.40081264052664367
1730782439.510397;/app/bags/user95_2017-02-24.bag;0.834065854549408;0.0;0.9619645476341248;0.0;0.667477245503997;0.5991873594733563;0.40081264052664367
1730782439.710406;/app/bags/user95_2017-02-24.bag;0.834065854549408;0.0;0.9619645476341248;0.0;0.667477245503997;0.5991873594733563;0.40081264052664367
1730782439.9104252;/app/bags/user95_2017-02-24.bag;0.834065854549408;0.0;0.9619645476341248;0.0;0.667477245503997;0.5991873594733563;0.40081264052664367
1730782440.1103916;/app/bags/user95_2017-02-24.bag;0.834065854549408;0.0;0.9619645476341248;0.0;0.667477245503997;0.5991873594733563;0.40081264052664367
1730782440.3104198;/app/bags/user95_2017-02-24.bag;0.834065854549408;0.0;0.9619645476341248;0.0;0.667477245503997;0.5991873594733563;0.40081264052664367
1730782440.510371;/app/bags/user95_2017-02-24.bag;0.834065854549408;0.0;0.9619645476341248;0.0;0.667477245503997;0.5991873594733563;0.40081264052664367
1730782440.7104466;/app/bags/user95_2017-02-24.bag;0.834065854549408;0.0;0.9619645476341248;0.0;0.667477245503997;0.5991873594733563;0.40081264052664367
1730782440.9103801;/app/bags/user95_2017-02-24.bag;0.834065854549408;0.0;0.9619645476341248;0.0;0.667477245503997;0.5991873594733563;0.40081264052664367
1730782441.1104693;/app/bags/user95_2017-02-24.bag;0.834065854549408;0.0;0.9619645476341248;0.0;0.667477245503997;0.5991873594733563;0.40081264052664367
1730782441.3103824;/app/bags/user95_2017-02-24.bag;0.834065854549408;0.0;0.9619645476341248;0.0;0.667477245503997;0.5991873594733563;0.40081264052664367
1730782441.5103877;/app/bags/user95_2017-02-24.bag;0.834065854549408;0.0;0.9619645476341248;0.0;0.667477245503997;0.5991873594733563;0.40081264052664367
1730782441.7103655;/app/bags/user95_2017-02-24.bag;0.834065854549408;0.0;0.9619645476341248;0.0;0.667477245503997;0.5991873594733563;0.40081264052664367
1730782441.9103909;/app/bags/user95_2017-02-24.bag;0.834065854549408;0.0;0.9619645476341248;0.0;0.667477245503997;0.5991873594733563;0.40081264052664367
1730782442.1103957;/app/bags/user95_2017-02-24.bag;0.834065854549408;0.0;0.9619645476341248;0.0;0.667477245503997;0.5991873594733563;0.40081264052664367
1730782442.3103895;/app/bags/user95_2017-02-24.bag;0.834065854549408;0.0;0.9619645476341248;0.0;0.667477245503997;0.5991873594733563;0.40081264052664367
1730782442.510376;/app/bags/user95_2017-02-24.bag;0.834065854549408;0.0;0.9619645476341248;0.0;0.667477245503997;0.5991873594733563;0.40081264052664367
1730782442.7103822;/app/bags/user95_2017-02-24.bag;0.834065854549408;0.0;0.9619645476341248;0.0;0.667477245503997;0.5991873594733563;0.40081264052664367
1730782442.9103968;/app/bags/user95_2017-02-24.bag;0.834065854549408;0.0;0.9619645476341248;0.0;0.667477245503997;0.5991873594733563;0.40081264052664367
1730782443.110358;/app/bags/user95_2017-02-24.bag;0.834065854549408;0.0;0.9619645476341248;0.0;0.667477245503997;0.5991873594733563;0.40081264052664367
1730782443.3104427;/app/bags/user95_2017-02-24.bag;0.834065854549408;0.0;0.9619645476341248;0.0;0.667477245503997;0.5991873594733563;0.40081264052664367
1730782443.5104434;/app/bags/user95_2017-02-24.bag;0.834065854549408;0.0;0.9619645476341248;0.0;0.667477245503997;0.5991873594733563;0.40081264052664367
1730782443.7104006;/app/bags/user95_2017-02-24.bag;0.834065854549408;0.0;0.9619645476341248;0.0;0.667477245503997;0.5991873594733563;0.40081264052664367
1730782443.9103715;/app/bags/user95_2017-02-24.bag;0.834065854549408;0.0;0.9619645476341248;0.0;0.667477245503997;0.5991873594733563;0.40081264052664367
1730782444.110375;/app/bags/user95_2017-02-24.bag;0.834065854549408;0.0;0.9619645476341248;0.0;0.667477245503997;0.5991873594733563;0.40081264052664367
1730782444.3103783;/app/bags/user95_2017-02-24.bag;0.834065854549408;0.0;0.9619645476341248;0.0;0.667477245503997;0.5991873594733563;0.40081264052664367
1730782444.5103903;/app/bags/user95_2017-02-24.bag;0.834065854549408;0.0;0.9619645476341248;0.0;0.667477245503997;0.5991873594733563;0.40081264052664367
1730782444.710474;/app/bags/user95_2017-02-24.bag;0.834065854549408;0.0;0.9619645476341248;0.0;0.667477245503997;0.5991873594733563;0.40081264052664367
1730782444.9104264;/app/bags/user95_2017-02-24.bag;0.834065854549408;0.0;0.9619645476341248;0.0;0.667477245503997;0.5991873594733563;0.40081264052664367
1730782445.1104593;/app/bags/user95_2017-02-24.bag;0.834065854549408;0.0;0.9619645476341248;0.0;0.667477245503997;0.5991873594733563;0.40081264052664367
1730782445.3103895;/app/bags/user95_2017-02-24.bag;0.834065854549408;0.0;0.9619645476341248;0.0;0.667477245503997;0.5991873594733563;0.40081264052664367
1730782445.5104828;/app/bags/user95_2017-02-24.bag;0.834065854549408;0.0;0.9619645476341248;0.0;0.667477245503997;0.5991873594733563;0.40081264052664367
1730782445.7103908;/app/bags/user95_2017-02-24.bag;0.834065854549408;0.0;0.9619645476341248;0.0;0.667477245503997;0.5991873594733563;0.40081264052664367
1730782445.9104607;/app/bags/user95_2017-02-24.bag;0.834065854549408;0.0;0.9619645476341248;0.0;0.667477245503997;0.5991873594733563;0.40081264052664367
1730782446.1103616;/app/bags/user95_2017-02-24.bag;0.834065854549408;0.0;0.9619645476341248;0.0;0.667477245503997;0.5991873594733563;0.40081264052664367
1730782446.3104055;/app/bags/user95_2017-02-24.bag;0.834065854549408;0.0;0.9619645476341248;0.0;0.667477245503997;0.5991873594733563;0.40081264052664367
1730782446.5103993;/app/bags/user95_2017-02-24.bag;0.834065854549408;0.0;0.9619645476341248;0.0;0.667477245503997;0.5991873594733563;0.40081264052664367
1730782446.7103856;/app/bags/user95_2017-02-24.bag;0.834065854549408;0.0;0.9619645476341248;0.0;0.667477245503997;0.5991873594733563;0.40081264052664367
1730782446.910409;/app/bags/user95_2017-02-24.bag;0.834065854549408;0.0;0.9619645476341248;0.0;0.667477245503997;0.5991873594733563;0.40081264052664367
1730782447.1104128;/app/bags/user95_2017-02-24.bag;0.834065854549408;0.0;0.9619645476341248;0.0;0.667477245503997;0.5991873594733563;0.40081264052664367
1730782447.3104022;/app/bags/user95_2017-02-24.bag;0.834065854549408;0.0;0.9619645476341248;0.0;0.667477245503997;0.5991873594733563;0.40081264052664367
1730782447.5103877;/app/bags/user95_2017-02-24.bag;0.834065854549408;0.0;0.9619645476341248;0.0;0.667477245503997;0.5991873594733563;0.40081264052664367
1730782447.710381;/app/bags/user95_2017-02-24.bag;0.834065854549408;0.0;0.9619645476341248;0.0;0.667477245503997;0.5991873594733563;0.40081264052664367
1730782447.910419;/app/bags/user95_2017-02-24.bag;0.834065854549408;0.0;0.9619645476341248;0.0;0.667477245503997;0.5991873594733563;0.40081264052664367
1730782448.1104004;/app/bags/user95_2017-02-24.bag;0.834065854549408;0.0;0.9619645476341248;0.0;0.667477245503997;0.5991873594733563;0.40081264052664367
1730782448.3104217;/app/bags/user95_2017-02-24.bag;0.834065854549408;0.0;0.9619645476341248;0.0;0.667477245503997;0.5991873594733563;0.40081264052664367
1730782448.5103598;/app/bags/user95_2017-02-24.bag;0.834065854549408;0.0;0.9619645476341248;0.0;0.667477245503997;0.5991873594733563;0.40081264052664367
1730782448.7103786;/app/bags/user95_2017-02-24.bag;0.834065854549408;0.0;0.9619645476341248;0.0;0.667477245503997;0.5991873594733563;0.40081264052664367
1730782448.9104114;/app/bags/user95_2017-02-24.bag;0.834065854549408;0.0;0.9619645476341248;0.0;0.667477245503997;0.5991873594733563;0.40081264052664367
1730782449.110387;/app/bags/user95_2017-02-24.bag;0.834065854549408;0.0;0.9619645476341248;0.0;0.667477245503997;0.5991873594733563;0.40081264052664367
1730782449.31036;/app/bags/user95_2017-02-24.bag;0.834065854549408;0.0;0.9619645476341248;0.0;0.667477245503997;0.5991873594733563;0.40081264052664367
1730782449.5103776;/app/bags/user95_2017-02-24.bag;0.834065854549408;0.0;0.9619645476341248;0.0;0.667477245503997;0.5991873594733563;0.40081264052664367
1730782449.7103786;/app/bags/user95_2017-02-24.bag;0.834065854549408;0.0;0.9619645476341248;0.0;0.667477245503997;0.5991873594733563;0.40081264052664367
1730782449.9103916;/app/bags/user95_2017-02-24.bag;0.834065854549408;0.0;0.9619645476341248;0.0;0.667477245503997;0.5991873594733563;0.40081264052664367
1730782450.1104245;/app/bags/user95_2017-02-24.bag;0.834065854549408;0.0;0.9619645476341248;0.0;0.667477245503997;0.5991873594733563;0.40081264052664367
1730782450.3104165;/app/bags/user95_2017-02-24.bag;0.834065854549408;0.0;0.9619645476341248;0.0;0.667477245503997;0.5991873594733563;0.40081264052664367
1730782450.5104387;/app/bags/user95_2017-02-24.bag;0.834065854549408;0.0;0.9619645476341248;0.0;0.667477245503997;0.5991873594733563;0.40081264052664367
1730782450.7103496;/app/bags/user95_2017-02-24.bag;0.834065854549408;0.0;0.9619645476341248;0.0;0.667477245503997;0.5991873594733563;0.40081264052664367
1730782450.9103777;/app/bags/user95_2017-02-24.bag;0.834065854549408;0.0;0.9619645476341248;0.0;0.667477245503997;0.5991873594733563;0.40081264052664367
1730782451.1104214;/app/bags/user95_2017-02-24.bag;0.834065854549408;0.0;0.9619645476341248;0.0;0.667477245503997;0.5991873594733563;0.40081264052664367
1730782451.3105466;/app/bags/user95_2017-02-24.bag;0.834065854549408;0.0;0.9619645476341248;0.0;0.667477245503997;0.5991873594733563;0.40081264052664367
1730782451.5103838;/app/bags/user95_2017-02-24.bag;0.834065854549408;0.0;0.9619645476341248;0.0;0.667477245503997;0.5991873594733563;0.40081264052664367
1730782451.7103784;/app/bags/user95_2017-02-24.bag;0.834065854549408;0.0;0.9619645476341248;0.0;0.667477245503997;0.5991873594733563;0.40081264052664367
1730782451.910423;/app/bags/user95_2017-02-24.bag;0.834065854549408;0.0;0.9619645476341248;0.0;0.667477245503997;0.5991873594733563;0.40081264052664367
1730782452.110447;/app/bags/user95_2017-02-24.bag;0.834065854549408;0.0;0.9619645476341248;0.0;0.667477245503997;0.5991873594733563;0.40081264052664367
1730782452.3104224;/app/bags/user95_2017-02-24.bag;0.834065854549408;0.0;0.9619645476341248;0.0;0.667477245503997;0.5991873594733563;0.40081264052664367
1730782452.5105002;/app/bags/user95_2017-02-24.bag;0.834065854549408;0.0;0.9619645476341248;0.0;0.667477245503997;0.5991873594733563;0.40081264052664367
1730782452.710378;/app/bags/user95_2017-02-24.bag;0.834065854549408;0.0;0.9619645476341248;0.0;0.667477245503997;0.5991873594733563;0.40081264052664367
1730782452.9103503;/app/bags/user95_2017-02-24.bag;0.834065854549408;0.0;0.9619645476341248;0.0;0.667477245503997;0.5991873594733563;0.40081264052664367
1730782453.1103854;/app/bags/user95_2017-02-24.bag;0.834065854549408;0.0;0.9619645476341248;0.0;0.667477245503997;0.5991873594733563;0.40081264052664367
1730782453.3104014;/app/bags/user95_2017-02-24.bag;0.834065854549408;0.0;0.9619645476341248;0.0;0.667477245503997;0.5991873594733563;0.40081264052664367
1730782453.5103943;/app/bags/user95_2017-02-24.bag;0.834065854549408;0.0;0.9619645476341248;0.0;0.667477245503997;0.5991873594733563;0.40081264052664367
1730782453.7103908;/app/bags/user95_2017-02-24.bag;0.834065854549408;0.0;0.9619645476341248;0.0;0.667477245503997;0.5991873594733563;0.40081264052664367
1730782453.9103763;/app/bags/user95_2017-02-24.bag;0.834065854549408;0.0;0.9619645476341248;0.0;0.667477245503997;0.5991873594733563;0.40081264052664367
1730782454.1103895;/app/bags/user95_2017-02-24.bag;0.834065854549408;0.0;0.9619645476341248;0.0;0.667477245503997;0.5991873594733563;0.40081264052664367
1730782454.310365;/app/bags/user95_2017-02-24.bag;0.834065854549408;0.0;0.9619645476341248;0.0;0.667477245503997;0.5991873594733563;0.40081264052664367
1730782454.5104775;/app/bags/user95_2017-02-24.bag;0.834065854549408;0.0;0.9619645476341248;0.0;0.667477245503997;0.5991873594733563;0.40081264052664367
1730782454.7104177;/app/bags/user95_2017-02-24.bag;0.834065854549408;0.0;0.9619645476341248;0.0;0.667477245503997;0.5991873594733563;0.40081264052664367
1730782454.910412;/app/bags/user95_2017-02-24.bag;0.834065854549408;0.0;0.9619645476341248;0.0;0.667477245503997;0.5991873594733563;0.40081264052664367
1730782455.1103637;/app/bags/user95_2017-02-24.bag;0.834065854549408;0.0;0.9619645476341248;0.0;0.667477245503997;0.5991873594733563;0.40081264052664367
1730782455.310349;/app/bags/user95_2017-02-24.bag;0.834065854549408;0.0;0.9619645476341248;0.0;0.667477245503997;0.5991873594733563;0.40081264052664367
1730782455.5102222;/app/bags/user95_2017-02-24.bag;0.834065854549408;0.0;0.9619645476341248;0.0;0.667477245503997;0.5991873594733563;0.40081264052664367
1730782455.7103913;/app/bags/user95_2017-02-24.bag;0.834065854549408;0.0;0.9619645476341248;0.0;0.667477245503997;0.5991873594733563;0.40081264052664367
1730782455.910391;/app/bags/user95_2017-02-24.bag;0.834065854549408;0.0;0.9619645476341248;0.0;0.667477245503997;0.5991873594733563;0.40081264052664367
1730782456.110421;/app/bags/user95_2017-02-24.bag;0.834065854549408;0.0;0.9619645476341248;0.0;0.667477245503997;0.5991873594733563;0.40081264052664367
1730782456.310466;/app/bags/user95_2017-02-24.bag;0.834065854549408;0.0;0.9619645476341248;0.0;0.667477245503997;0.5991873594733563;0.40081264052664367
1730782456.5104048;/app/bags/user95_2017-02-24.bag;0.834065854549408;0.0;0.9619645476341248;0.0;0.667477245503997;0.5991873594733563;0.40081264052664367
1730782456.7104046;/app/bags/user95_2017-02-24.bag;0.834065854549408;0.0;0.9619645476341248;0.0;0.667477245503997;0.5991873594733563;0.40081264052664367
1730782456.9103734;/app/bags/user95_2017-02-24.bag;0.834065854549408;0.0;0.9619645476341248;0.0;0.667477245503997;0.5991873594733563;0.40081264052664367
1730782457.1103947;/app/bags/user95_2017-02-24.bag;0.834065854549408;0.0;0.9619645476341248;0.0;0.667477245503997;0.5991873594733563;0.40081264052664367
1730782457.3104072;/app/bags/user95_2017-02-24.bag;0.834065854549408;0.0;0.9619645476341248;0.0;0.667477245503997;0.5991873594733563;0.40081264052664367
1730782457.5103905;/app/bags/user95_2017-02-24.bag;0.834065854549408;0.0;0.9619645476341248;0.0;0.667477245503997;0.5991873594733563;0.40081264052664367
1730782457.7103624;/app/bags/user95_2017-02-24.bag;0.834065854549408;0.0;0.9619645476341248;0.0;0.667477245503997;0.5991873594733563;0.40081264052664367
1730782457.9103525;/app/bags/user95_2017-02-24.bag;0.834065854549408;0.0;0.9619645476341248;0.0;0.667477245503997;0.5991873594733563;0.40081264052664367
1730782458.1103675;/app/bags/user95_2017-02-24.bag;0.834065854549408;0.0;0.9619645476341248;0.0;0.667477245503997;0.5991873594733563;0.40081264052664367
1730782458.3104155;/app/bags/user95_2017-02-24.bag;0.834065854549408;0.0;0.9619645476341248;0.0;0.667477245503997;0.5991873594733563;0.40081264052664367
1730782458.510392;/app/bags/user95_2017-02-24.bag;0.834065854549408;0.0;0.9619645476341248;0.0;0.667477245503997;0.5991873594733563;0.40081264052664367
1730782458.7104065;/app/bags/user95_2017-02-24.bag;0.834065854549408;0.0;0.9619645476341248;0.0;0.667477245503997;0.5991873594733563;0.40081264052664367
1730782458.9103754;/app/bags/user95_2017-02-24.bag;0.834065854549408;0.0;0.9619645476341248;0.0;0.667477245503997;0.5991873594733563;0.40081264052664367
1730782459.110365;/app/bags/user95_2017-02-24.bag;0.834065854549408;0.0;0.9619645476341248;0.0;0.667477245503997;0.5991873594733563;0.40081264052664367
1730782459.3104188;/app/bags/user95_2017-02-24.bag;0.834065854549408;0.0;0.9619645476341248;0.0;0.667477245503997;0.5991873594733563;0.40081264052664367
1730782459.5104203;/app/bags/user95_2017-02-24.bag;0.834065854549408;0.0;0.9619645476341248;0.0;0.667477245503997;0.5991873594733563;0.40081264052664367
1730782459.7103555;/app/bags/user95_2017-02-24.bag;0.834065854549408;0.0;0.9619645476341248;0.0;0.667477245503997;0.5991873594733563;0.40081264052664367
1730782459.9103947;/app/bags/user95_2017-02-24.bag;0.834065854549408;0.0;0.9619645476341248;0.0;0.667477245503997;0.5991873594733563;0.40081264052664367
1730782460.1104562;/app/bags/user95_2017-02-24.bag;0.834065854549408;0.0;0.9619645476341248;0.0;0.667477245503997;0.5991873594733563;0.40081264052664367
1730782460.31038;/app/bags/user95_2017-02-24.bag;0.834065854549408;0.0;0.9619645476341248;0.0;0.667477245503997;0.5991873594733563;0.40081264052664367
1730782460.5103946;/app/bags/user95_2017-02-24.bag;0.834065854549408;0.0;0.9619645476341248;0.0;0.667477245503997;0.5991873594733563;0.40081264052664367
1730782460.7103784;/app/bags/user95_2017-02-24.bag;0.834065854549408;0.0;0.9619645476341248;0.0;0.667477245503997;0.5991873594733563;0.40081264052664367
1730782460.9103978;/app/bags/user95_2017-02-24.bag;0.834065854549408;0.0;0.9619645476341248;0.0;0.667477245503997;0.5991873594733563;0.40081264052664367
1730782461.1103818;/app/bags/user95_2017-02-24.bag;0.834065854549408;0.0;0.9619645476341248;0.0;0.667477245503997;0.5991873594733563;0.40081264052664367
1730782461.3103945;/app/bags/user95_2017-02-24.bag;0.834065854549408;0.0;0.9619645476341248;0.0;0.667477245503997;0.5991873594733563;0.40081264052664367
1730782461.5103602;/app/bags/user95_2017-02-24.bag;0.834065854549408;0.0;0.9619645476341248;0.0;0.667477245503997;0.5991873594733563;0.40081264052664367
1730782461.7103786;/app/bags/user95_2017-02-24.bag;0.834065854549408;0.0;0.9619645476341248;0.0;0.667477245503997;0.5991873594733563;0.40081264052664367
1730782461.9103737;/app/bags/user95_2017-02-24.bag;0.834065854549408;0.0;0.9619645476341248;0.0;0.667477245503997;0.5991873594733563;0.40081264052664367
1730782462.1104171;/app/bags/user95_2017-02-24.bag;0.834065854549408;0.0;0.9619645476341248;0.0;0.667477245503997;0.5991873594733563;0.40081264052664367
1730782462.310448;/app/bags/user95_2017-02-24.bag;0.834065854549408;0.0;0.9619645476341248;0.0;0.667477245503997;0.5991873594733563;0.40081264052664367
1730782462.5103972;/app/bags/user95_2017-02-24.bag;0.834065854549408;0.0;0.9619645476341248;0.0;0.667477245503997;0.5991873594733563;0.40081264052664367
1730782462.7103868;/app/bags/user95_2017-02-24.bag;0.834065854549408;0.0;0.9619645476341248;0.0;0.667477245503997;0.5991873594733563;0.40081264052664367
1730782462.9104025;/app/bags/user95_2017-02-24.bag;0.834065854549408;0.0;0.9619645476341248;0.0;0.667477245503997;0.5991873594733563;0.40081264052664367
1730782463.110366;/app/bags/user95_2017-02-24.bag;0.834065854549408;0.0;0.9619645476341248;0.0;0.667477245503997;0.5991873594733563;0.40081264052664367
1730782463.3104057;/app/bags/user95_2017-02-24.bag;0.834065854549408;0.0;0.9619645476341248;0.0;0.667477245503997;0.5991873594733563;0.40081264052664367
1730782463.5103512;/app/bags/user95_2017-02-24.bag;0.834065854549408;0.0;0.9619645476341248;0.0;0.667477245503997;0.5991873594733563;0.40081264052664367
1730782463.7103865;/app/bags/user95_2017-02-24.bag;0.834065854549408;0.0;0.9619645476341248;0.0;0.667477245503997;0.5991873594733563;0.40081264052664367
1730782463.9104564;/app/bags/user95_2017-02-24.bag;0.834065854549408;0.0;0.9619645476341248;0.0;0.667477245503997;0.5991873594733563;0.40081264052664367
1730782464.110453;/app/bags/user95_2017-02-24.bag;0.834065854549408;0.0;0.9619645476341248;0.0;0.667477245503997;0.5991873594733563;0.40081264052664367
1730782464.3104143;/app/bags/user95_2017-02-24.bag;0.834065854549408;0.0;0.9619645476341248;0.0;0.667477245503997;0.5991873594733563;0.40081264052664367
1730782464.510419;/app/bags/user95_2017-02-24.bag;0.834065854549408;0.0;0.9619645476341248;0.0;0.667477245503997;0.5991873594733563;0.40081264052664367
1730782464.710402;/app/bags/user95_2017-02-24.bag;0.834065854549408;0.0;0.9619645476341248;0.0;0.667477245503997;0.5991873594733563;0.40081264052664367
1730782464.910375;/app/bags/user95_2017-02-24.bag;0.834065854549408;0.0;0.9619645476341248;0.0;0.667477245503997;0.5991873594733563;0.40081264052664367
1730782465.1103885;/app/bags/user95_2017-02-24.bag;0.834065854549408;0.0;0.9619645476341248;0.0;0.667477245503997;0.5991873594733563;0.40081264052664367
1730782465.310396;/app/bags/user95_2017-02-24.bag;0.834065854549408;0.0;0.9619645476341248;0.0;0.667477245503997;0.5991873594733563;0.40081264052664367
1730782465.5103757;/app/bags/user95_2017-02-24.bag;0.834065854549408;0.0;0.9619645476341248;0.0;0.667477245503997;0.5991873594733563;0.40081264052664367
1730782465.7103992;/app/bags/user95_2017-02-24.bag;0.834065854549408;0.0;0.9619645476341248;0.0;0.667477245503997;0.5991873594733563;0.40081264052664367
1730782465.9104066;/app/bags/user95_2017-02-24.bag;0.834065854549408;0.0;0.9619645476341248;0.0;0.667477245503997;0.5991873594733563;0.40081264052664367
1730782466.110376;/app/bags/user95_2017-02-24.bag;0.834065854549408;0.0;0.9619645476341248;0.0;0.667477245503997;0.5991873594733563;0.40081264052664367
1730782466.3104622;/app/bags/user95_2017-02-24.bag;0.834065854549408;0.0;0.9619645476341248;0.0;0.667477245503997;0.5991873594733563;0.40081264052664367
1730782466.5103629;/app/bags/user95_2017-02-24.bag;0.834065854549408;0.0;0.9619645476341248;0.0;0.667477245503997;0.5991873594733563;0.40081264052664367
1730782466.7104194;/app/bags/user95_2017-02-24.bag;0.834065854549408;0.0;0.9619645476341248;0.0;0.667477245503997;0.5991873594733563;0.40081264052664367
1730782466.9104753;/app/bags/user95_2017-02-24.bag;0.834065854549408;0.0;0.9619645476341248;0.0;0.667477245503997;0.5991873594733563;0.40081264052664367
1730782467.1104834;/app/bags/user95_2017-02-24.bag;0.834065854549408;0.0;0.9619645476341248;0.0;0.667477245503997;0.5991873594733563;0.40081264052664367
1730782467.310383;/app/bags/user95_2017-02-24.bag;0.834065854549408;0.0;0.9619645476341248;0.0;0.667477245503997;0.5991873594733563;0.40081264052664367
1730782467.5103803;/app/bags/user95_2017-02-24.bag;0.834065854549408;0.0;0.9619645476341248;0.0;0.667477245503997;0.5991873594733563;0.40081264052664367
1730782467.7104256;/app/bags/user95_2017-02-24.bag;0.834065854549408;0.0;0.9619645476341248;0.0;0.667477245503997;0.5991873594733563;0.40081264052664367
1730782467.9104128;/app/bags/user95_2017-02-24.bag;0.834065854549408;0.0;0.9619645476341248;0.0;0.667477245503997;0.5991873594733563;0.40081264052664367
1730782468.1103632;/app/bags/user95_2017-02-24.bag;0.834065854549408;0.0;0.9619645476341248;0.0;0.667477245503997;0.5991873594733563;0.40081264052664367
1730782468.3103848;/app/bags/user95_2017-02-24.bag;0.834065854549408;0.0;0.9619645476341248;0.0;0.667477245503997;0.5991873594733563;0.40081264052664367
1730782468.510389;/app/bags/user95_2017-02-24.bag;0.834065854549408;0.0;0.9619645476341248;0.0;0.667477245503997;0.5991873594733563;0.40081264052664367
1730782468.7103984;/app/bags/user95_2017-02-24.bag;0.834065854549408;0.0;0.9619645476341248;0.0;0.667477245503997;0.5991873594733563;0.40081264052664367
1730782468.9104397;/app/bags/user95_2017-02-24.bag;0.834065854549408;0.0;0.9619645476341248;0.0;0.667477245503997;0.5991873594733563;0.40081264052664367
1730782469.1103756;/app/bags/user95_2017-02-24.bag;0.834065854549408;0.0;0.9619645476341248;0.0;0.667477245503997;0.5991873594733563;0.40081264052664367
1730782469.3103743;/app/bags/user95_2017-02-24.bag;0.834065854549408;0.0;0.9619645476341248;0.0;0.667477245503997;0.5991873594733563;0.40081264052664367
1730782469.510347;/app/bags/user95_2017-02-24.bag;0.834065854549408;0.0;0.9619645476341248;0.0;0.667477245503997;0.5991873594733563;0.40081264052664367
1730782469.710341;/app/bags/user95_2017-02-24.bag;0.834065854549408;0.0;0.9619645476341248;0.0;0.667477245503997;0.5991873594733563;0.40081264052664367
1730782469.9103506;/app/bags/user95_2017-02-24.bag;0.834065854549408;0.0;0.9619645476341248;0.0;0.667477245503997;0.5991873594733563;0.40081264052664367
1730782470.1104805;/app/bags/user95_2017-02-24.bag;0.834065854549408;0.0;0.9619645476341248;0.0;0.667477245503997;0.5991873594733563;0.40081264052664367
1730782470.3103883;/app/bags/user95_2017-02-24.bag;0.834065854549408;0.0;0.9619645476341248;0.0;0.667477245503997;0.5991873594733563;0.40081264052664367
1730782470.510386;/app/bags/user95_2017-02-24.bag;0.834065854549408;0.0;0.9619645476341248;0.0;0.667477245503997;0.5991873594733563;0.40081264052664367
1730782470.7103815;/app/bags/user95_2017-02-24.bag;0.834065854549408;0.0;0.9619645476341248;0.0;0.667477245503997;0.5991873594733563;0.40081264052664367
1730782470.9103968;/app/bags/user95_2017-02-24.bag;0.834065854549408;0.0;0.9619645476341248;0.0;0.667477245503997;0.5991873594733563;0.40081264052664367
1730782471.110378;/app/bags/user95_2017-02-24.bag;0.834065854549408;0.0;0.9619645476341248;0.0;0.667477245503997;0.5991873594733563;0.40081264052664367
1730782471.3103502;/app/bags/user95_2017-02-24.bag;0.834065854549408;0.0;0.9619645476341248;0.0;0.667477245503997;0.5991873594733563;0.40081264052664367
1730782471.5104606;/app/bags/user95_2017-02-24.bag;0.834065854549408;0.0;0.9619645476341248;0.0;0.667477245503997;0.5991873594733563;0.40081264052664367
1730782471.7103968;/app/bags/user95_2017-02-24.bag;0.834065854549408;0.0;0.9619645476341248;0.0;0.667477245503997;0.5991873594733563;0.40081264052664367
1730782471.9104176;/app/bags/user95_2017-02-24.bag;0.834065854549408;0.0;0.9619645476341248;0.0;0.667477245503997;0.5991873594733563;0.40081264052664367
1730782472.1104152;/app/bags/user95_2017-02-24.bag;0.834065854549408;0.0;0.9619645476341248;0.0;0.667477245503997;0.5991873594733563;0.40081264052664367
1730782472.3104024;/app/bags/user95_2017-02-24.bag;0.834065854549408;0.0;0.9619645476341248;0.0;0.667477245503997;0.5991873594733563;0.40081264052664367
1730782472.5103805;/app/bags/user95_2017-02-24.bag;0.834065854549408;0.0;0.9619645476341248;0.0;0.667477245503997;0.5991873594733563;0.40081264052664367
1730782472.7104;/app/bags/user95_2017-02-24.bag;0.834065854549408;0.0;0.9619645476341248;0.0;0.667477245503997;0.5991873594733563;0.40081264052664367
1730782472.9103794;/app/bags/user95_2017-02-24.bag;0.834065854549408;0.0;0.9619645476341248;0.0;0.667477245503997;0.5991873594733563;0.40081264052664367
1730782473.1104221;/app/bags/user95_2017-02-24.bag;0.834065854549408;0.0;0.9619645476341248;0.0;0.667477245503997;0.5991873594733563;0.40081264052664367
1730782473.3103926;/app/bags/user95_2017-02-24.bag;0.834065854549408;0.0;0.9619645476341248;0.0;0.667477245503997;0.5991873594733563;0.40081264052664367
1730782473.5104015;/app/bags/user95_2017-02-24.bag;0.834065854549408;0.0;0.9619645476341248;0.0;0.667477245503997;0.5991873594733563;0.40081264052664367
1730782473.710385;/app/bags/user95_2017-02-24.bag;0.834065854549408;0.0;0.9619645476341248;0.0;0.667477245503997;0.5991873594733563;0.40081264052664367
1730782473.910472;/app/bags/user95_2017-02-24.bag;0.834065854549408;0.0;0.9619645476341248;0.0;0.667477245503997;0.5991873594733563;0.40081264052664367
1730782474.1104157;/app/bags/user95_2017-02-24.bag;0.834065854549408;0.0;0.9619645476341248;0.0;0.667477245503997;0.5991873594733563;0.40081264052664367
1730782474.3103886;/app/bags/user95_2017-02-24.bag;0.834065854549408;0.0;0.9619645476341248;0.0;0.667477245503997;0.5991873594733563;0.40081264052664367
1730782474.510387;/app/bags/user95_2017-02-24.bag;0.834065854549408;0.0;0.9619645476341248;0.0;0.667477245503997;0.5991873594733563;0.40081264052664367
1730782474.7106578;/app/bags/user95_2017-02-24.bag;0.834065854549408;0.0;0.9619645476341248;0.0;0.667477245503997;0.5991873594733563;0.40081264052664367
1730782474.910384;/app/bags/user95_2017-02-24.bag;0.834065854549408;0.0;0.9619645476341248;0.0;0.667477245503997;0.5991873594733563;0.40081264052664367
1730782475.1103938;/app/bags/user95_2017-02-24.bag;0.834065854549408;0.0;0.9619645476341248;0.0;0.667477245503997;0.5991873594733563;0.40081264052664367
1730782475.3103511;/app/bags/user95_2017-02-24.bag;0.834065854549408;0.0;0.9619645476341248;0.0;0.667477245503997;0.5991873594733563;0.40081264052664367
1730782475.510452;/app/bags/user95_2017-02-24.bag;0.834065854549408;0.0;0.9619645476341248;0.0;0.667477245503997;0.5991873594733563;0.40081264052664367
1730782475.710423;/app/bags/user95_2017-02-24.bag;0.834065854549408;0.0;0.9619645476341248;0.0;0.667477245503997;0.5991873594733563;0.40081264052664367
1730782475.9103756;/app/bags/user95_2017-02-24.bag;0.834065854549408;0.0;0.9619645476341248;0.0;0.667477245503997;0.5991873594733563;0.40081264052664367
1730782476.1102695;/app/bags/user95_2017-02-24.bag;0.834065854549408;0.0;0.9619645476341248;0.0;0.667477245503997;0.5991873594733563;0.40081264052664367
1730782476.3104346;/app/bags/user95_2017-02-24.bag;0.834065854549408;0.0;0.9619645476341248;0.0;0.667477245503997;0.5991873594733563;0.40081264052664367
1730782476.5104132;/app/bags/user95_2017-02-24.bag;0.834065854549408;0.0;0.9619645476341248;0.0;0.667477245503997;0.5991873594733563;0.40081264052664367
1730782476.7103775;/app/bags/user95_2017-02-24.bag;0.834065854549408;0.0;0.9619645476341248;0.0;0.667477245503997;0.5991873594733563;0.40081264052664367
1730782476.9103847;/app/bags/user95_2017-02-24.bag;0.834065854549408;0.0;0.9619645476341248;0.0;0.667477245503997;0.5991873594733563;0.40081264052664367
1730782477.110439;/app/bags/user95_2017-02-24.bag;0.834065854549408;0.0;0.9619645476341248;0.0;0.667477245503997;0.5991873594733563;0.40081264052664367
1730782477.3103912;/app/bags/user95_2017-02-24.bag;0.834065854549408;0.0;0.9619645476341248;0.0;0.667477245503997;0.5991873594733563;0.40081264052664367
1730782477.510372;/app/bags/user95_2017-02-24.bag;0.834065854549408;0.0;0.9619645476341248;0.0;0.667477245503997;0.5991873594733563;0.40081264052664367
1730782477.710392;/app/bags/user95_2017-02-24.bag;0.834065854549408;0.0;0.9619645476341248;0.0;0.667477245503997;0.5991873594733563;0.40081264052664367
1730782477.910422;/app/bags/user95_2017-02-24.bag;0.834065854549408;0.0;0.9619645476341248;0.0;0.667477245503997;0.5991873594733563;0.40081264052664367
1730782478.1104176;/app/bags/user95_2017-02-24.bag;0.834065854549408;0.0;0.9619645476341248;0.0;0.667477245503997;0.5991873594733563;0.40081264052664367
1730782478.310403;/app/bags/user95_2017-02-24.bag;0.834065854549408;0.0;0.9619645476341248;0.0;0.667477245503997;0.5991873594733563;0.40081264052664367
1730782478.5104327;/app/bags/user95_2017-02-24.bag;0.834065854549408;0.0;0.9619645476341248;0.0;0.667477245503997;0.5991873594733563;0.40081264052664367
1730782478.7104003;/app/bags/user95_2017-02-24.bag;0.834065854549408;0.0;0.9619645476341248;0.0;0.667477245503997;0.5991873594733563;0.40081264052664367
1730782478.9103606;/app/bags/user95_2017-02-24.bag;0.834065854549408;0.0;0.9619645476341248;0.0;0.667477245503997;0.5991873594733563;0.40081264052664367
1730782479.1104586;/app/bags/user95_2017-02-24.bag;0.834065854549408;0.0;0.9619645476341248;0.0;0.667477245503997;0.5991873594733563;0.40081264052664367
1730782479.3104181;/app/bags/user95_2017-02-24.bag;0.834065854549408;0.0;0.9619645476341248;0.0;0.667477245503997;0.5991873594733563;0.40081264052664367
1730782479.5103915;/app/bags/user95_2017-02-24.bag;0.834065854549408;0.0;0.9619645476341248;0.0;0.667477245503997;0.5991873594733563;0.40081264052664367
1730782479.710394;/app/bags/user95_2017-02-24.bag;0.834065854549408;0.0;0.9619645476341248;0.0;0.667477245503997;0.5991873594733563;0.40081264052664367
1730782479.910406;/app/bags/user95_2017-02-24.bag;0.834065854549408;0.0;0.9619645476341248;0.0;0.667477245503997;0.5991873594733563;0.40081264052664367
1730782480.1103778;/app/bags/user95_2017-02-24.bag;0.834065854549408;0.0;0.9619645476341248;0.0;0.667477245503997;0.5991873594733563;0.40081264052664367
1730782480.3103654;/app/bags/user95_2017-02-24.bag;0.834065854549408;0.0;0.9619645476341248;0.0;0.667477245503997;0.5991873594733563;0.40081264052664367
1730782480.5103729;/app/bags/user95_2017-02-24.bag;0.834065854549408;0.0;0.9619645476341248;0.0;0.667477245503997;0.5991873594733563;0.40081264052664367
1730782480.7103992;/app/bags/user95_2017-02-24.bag;0.834065854549408;0.0;0.9619645476341248;0.0;0.667477245503997;0.5991873594733563;0.40081264052664367
1730782480.910388;/app/bags/user95_2017-02-24.bag;0.834065854549408;0.0;0.9619645476341248;0.0;0.667477245503997;0.5991873594733563;0.40081264052664367
1730782481.1103952;/app/bags/user95_2017-02-24.bag;0.834065854549408;0.0;0.9619645476341248;0.0;0.667477245503997;0.5991873594733563;0.40081264052664367
1730782481.3103573;/app/bags/user95_2017-02-24.bag;0.834065854549408;0.0;0.9619645476341248;0.0;0.667477245503997;0.5991873594733563;0.40081264052664367
1730782481.5103457;/app/bags/user95_2017-02-24.bag;0.834065854549408;0.0;0.9619645476341248;0.0;0.667477245503997;0.5991873594733563;0.40081264052664367
1730782481.7104838;/app/bags/user95_2017-02-24.bag;0.834065854549408;0.0;0.9619645476341248;0.0;0.667477245503997;0.5991873594733563;0.40081264052664367
1730782481.910413;/app/bags/user95_2017-02-24.bag;0.834065854549408;0.0;0.9619645476341248;0.0;0.667477245503997;0.5991873594733563;0.40081264052664367
1730782482.1104207;/app/bags/user95_2017-02-24.bag;0.834065854549408;0.0;0.9619645476341248;0.0;0.667477245503997;0.5991873594733563;0.40081264052664367
1730782482.3103878;/app/bags/user95_2017-02-24.bag;0.834065854549408;0.0;0.9619645476341248;0.0;0.667477245503997;0.5991873594733563;0.40081264052664367
1730782482.5103972;/app/bags/user95_2017-02-24.bag;0.834065854549408;0.0;0.9619645476341248;0.0;0.667477245503997;0.5991873594733563;0.40081264052664367
1730782482.7103722;/app/bags/user95_2017-02-24.bag;0.834065854549408;0.0;0.9619645476341248;0.0;0.667477245503997;0.5991873594733563;0.40081264052664367
1730782482.9103713;/app/bags/user95_2017-02-24.bag;0.834065854549408;0.0;0.9619645476341248;0.0;0.667477245503997;0.5991873594733563;0.40081264052664367
1730782483.1103802;/app/bags/user95_2017-02-24.bag;0.834065854549408;0.0;0.9619645476341248;0.0;0.667477245503997;0.5991873594733563;0.40081264052664367
1730782483.310393;/app/bags/user95_2017-02-24.bag;0.834065854549408;0.0;0.9619645476341248;0.0;0.667477245503997;0.5991873594733563;0.40081264052664367
1730782483.5103593;/app/bags/user95_2017-02-24.bag;0.834065854549408;0.0;0.9619645476341248;0.0;0.667477245503997;0.5991873594733563;0.40081264052664367
1730782483.7103848;/app/bags/user95_2017-02-24.bag;0.834065854549408;0.0;0.9619645476341248;0.0;0.667477245503997;0.5991873594733563;0.40081264052664367
1730782483.9103703;/app/bags/user95_2017-02-24.bag;0.834065854549408;0.0;0.9619645476341248;0.0;0.667477245503997;0.5991873594733563;0.40081264052664367
1730782484.1103969;/app/bags/user95_2017-02-24.bag;0.834065854549408;0.0;0.9619645476341248;0.0;0.667477245503997;0.5991873594733563;0.40081264052664367
1730782484.3104286;/app/bags/user95_2017-02-24.bag;0.834065854549408;0.0;0.9619645476341248;0.0;0.667477245503997;0.5991873594733563;0.40081264052664367
1730782484.5105526;/app/bags/user95_2017-02-24.bag;0.834065854549408;0.0;0.9619645476341248;0.0;0.667477245503997;0.5991873594733563;0.40081264052664367
1730782484.7104304;/app/bags/user95_2017-02-24.bag;0.834065854549408;0.0;0.9619645476341248;0.0;0.667477245503997;0.5991873594733563;0.40081264052664367
1730782484.9103496;/app/bags/user95_2017-02-24.bag;0.834065854549408;0.0;0.9619645476341248;0.0;0.667477245503997;0.5991873594733563;0.40081264052664367
1730782485.1103964;/app/bags/user95_2017-02-24.bag;0.834065854549408;0.0;0.9619645476341248;0.0;0.667477245503997;0.5991873594733563;0.40081264052664367
1730782485.3103786;/app/bags/user95_2017-02-24.bag;0.834065854549408;0.0;0.9619645476341248;0.0;0.667477245503997;0.5991873594733563;0.40081264052664367
1730782485.5104506;/app/bags/user95_2017-02-24.bag;0.834065854549408;0.0;0.9619645476341248;0.0;0.667477245503997;0.5991873594733563;0.40081264052664367
1730782485.710346;/app/bags/user95_2017-02-24.bag;0.834065854549408;0.0;0.9619645476341248;0.0;0.667477245503997;0.5991873594733563;0.40081264052664367
1730782485.9103677;/app/bags/user95_2017-02-24.bag;0.834065854549408;0.0;0.9619645476341248;0.0;0.667477245503997;0.5991873594733563;0.40081264052664367
1730782486.1103754;/app/bags/user95_2017-02-24.bag;0.834065854549408;0.0;0.9619645476341248;0.0;0.667477245503997;0.5991873594733563;0.40081264052664367
1730782486.3103817;/app/bags/user95_2017-02-24.bag;0.834065854549408;0.0;0.9619645476341248;0.0;0.667477245503997;0.5991873594733563;0.40081264052664367
1730782486.5104358;/app/bags/user95_2017-02-24.bag;0.834065854549408;0.0;0.9619645476341248;0.0;0.667477245503997;0.5991873594733563;0.40081264052664367
1730782486.7104425;/app/bags/user95_2017-02-24.bag;0.834065854549408;0.0;0.9619645476341248;0.0;0.667477245503997;0.5991873594733563;0.40081264052664367
1730782486.910386;/app/bags/user95_2017-02-24.bag;0.834065854549408;0.0;0.9619645476341248;0.0;0.667477245503997;0.5991873594733563;0.40081264052664367
1730782487.1104267;/app/bags/user95_2017-02-24.bag;0.834065854549408;0.0;0.9619645476341248;0.0;0.667477245503997;0.5991873594733563;0.40081264052664367
1730782487.3103864;/app/bags/user95_2017-02-24.bag;0.834065854549408;0.0;0.9619645476341248;0.0;0.667477245503997;0.5991873594733563;0.40081264052664367
1730782487.5104005;/app/bags/user95_2017-02-24.bag;0.834065854549408;0.0;0.9619645476341248;0.0;0.667477245503997;0.5991873594733563;0.40081264052664367
1730782487.7103877;/app/bags/user95_2017-02-24.bag;0.834065854549408;0.0;0.9619645476341248;0.0;0.667477245503997;0.5991873594733563;0.40081264052664367
1730782487.9104035;/app/bags/user95_2017-02-24.bag;0.834065854549408;0.0;0.9619645476341248;0.0;0.667477245503997;0.5991873594733563;0.40081264052664367
1730782488.110475;/app/bags/user95_2017-02-24.bag;0.834065854549408;0.0;0.9619645476341248;0.0;0.667477245503997;0.5991873594733563;0.40081264052664367
1730782488.3103664;/app/bags/user95_2017-02-24.bag;0.834065854549408;0.0;0.9619645476341248;0.0;0.667477245503997;0.5991873594733563;0.40081264052664367
1730782488.5104184;/app/bags/user95_2017-02-24.bag;0.834065854549408;0.0;0.9619645476341248;0.0;0.667477245503997;0.5991873594733563;0.40081264052664367
1730782488.7103906;/app/bags/user95_2017-02-24.bag;0.834065854549408;0.0;0.9619645476341248;0.0;0.667477245503997;0.5991873594733563;0.40081264052664367
1730782488.9103937;/app/bags/user95_2017-02-24.bag;0.834065854549408;0.0;0.9619645476341248;0.0;0.667477245503997;0.5991873594733563;0.40081264052664367
1730782489.1103618;/app/bags/user95_2017-02-24.bag;0.834065854549408;0.0;0.9619645476341248;0.0;0.667477245503997;0.5991873594733563;0.40081264052664367
1730782489.3104417;/app/bags/user95_2017-02-24.bag;0.834065854549408;0.0;0.9619645476341248;0.0;0.667477245503997;0.5991873594733563;0.40081264052664367
1730782489.5104172;/app/bags/user95_2017-02-24.bag;0.834065854549408;0.0;0.9619645476341248;0.0;0.667477245503997;0.5991873594733563;0.40081264052664367
1730782489.7104065;/app/bags/user95_2017-02-24.bag;0.834065854549408;0.0;0.9619645476341248;0.0;0.667477245503997;0.5991873594733563;0.40081264052664367
1730782489.910374;/app/bags/user95_2017-02-24.bag;0.834065854549408;0.0;0.9619645476341248;0.0;0.667477245503997;0.5991873594733563;0.40081264052664367
1730782490.1103911;/app/bags/user95_2017-02-24.bag;0.834065854549408;0.0;0.9619645476341248;0.0;0.667477245503997;0.5991873594733563;0.40081264052664367
1730782490.3103752;/app/bags/user95_2017-02-24.bag;0.834065854549408;0.0;0.9619645476341248;0.0;0.667477245503997;0.5991873594733563;0.40081264052664367
1730782490.5103917;/app/bags/user95_2017-02-24.bag;0.834065854549408;0.0;0.9619645476341248;0.0;0.667477245503997;0.5991873594733563;0.40081264052664367
1730782490.7103975;/app/bags/user95_2017-02-24.bag;0.834065854549408;0.0;0.9619645476341248;0.0;0.667477245503997;0.5991873594733563;0.40081264052664367
1730782490.9103515;/app/bags/user95_2017-02-24.bag;0.834065854549408;0.0;0.9619645476341248;0.0;0.667477245503997;0.5991873594733563;0.40081264052664367
1730782491.110388;/app/bags/user95_2017-02-24.bag;0.834065854549408;0.0;0.9619645476341248;0.0;0.667477245503997;0.5991873594733563;0.40081264052664367
1730782491.310339;/app/bags/user95_2017-02-24.bag;0.834065854549408;0.0;0.9619645476341248;0.0;0.667477245503997;0.5991873594733563;0.40081264052664367
1730782491.5104437;/app/bags/user95_2017-02-24.bag;0.834065854549408;0.0;0.9619645476341248;0.0;0.667477245503997;0.5991873594733563;0.40081264052664367
1730782491.7103572;/app/bags/user95_2017-02-24.bag;0.834065854549408;0.0;0.9619645476341248;0.0;0.667477245503997;0.5991873594733563;0.40081264052664367
1730782491.910428;/app/bags/user95_2017-02-24.bag;0.834065854549408;0.0;0.9619645476341248;0.0;0.667477245503997;0.5991873594733563;0.40081264052664367
1730782492.110386;/app/bags/user95_2017-02-24.bag;0.834065854549408;0.0;0.9619645476341248;0.0;0.667477245503997;0.5991873594733563;0.40081264052664367
1730782492.3103933;/app/bags/user95_2017-02-24.bag;0.834065854549408;0.0;0.9619645476341248;0.0;0.667477245503997;0.5991873594733563;0.40081264052664367
1730782492.5103714;/app/bags/user95_2017-02-24.bag;0.834065854549408;0.0;0.9619645476341248;0.0;0.667477245503997;0.5991873594733563;0.40081264052664367
1730782492.7104037;/app/bags/user95_2017-02-24.bag;0.834065854549408;0.0;0.9619645476341248;0.0;0.667477245503997;0.5991873594733563;0.40081264052664367
1730782492.9103856;/app/bags/user95_2017-02-24.bag;0.834065854549408;0.0;0.9619645476341248;0.0;0.667477245503997;0.5991873594733563;0.40081264052664367
1730782493.1104257;/app/bags/user95_2017-02-24.bag;0.834065854549408;0.0;0.9619645476341248;0.0;0.667477245503997;0.5991873594733563;0.40081264052664367
1730782493.3103652;/app/bags/user95_2017-02-24.bag;0.834065854549408;0.0;0.9619645476341248;0.0;0.667477245503997;0.5991873594733563;0.40081264052664367
1730782493.5103934;/app/bags/user95_2017-02-24.bag;0.834065854549408;0.0;0.9619645476341248;0.0;0.667477245503997;0.5991873594733563;0.40081264052664367
1730782493.7103717;/app/bags/user95_2017-02-24.bag;0.834065854549408;0.0;0.9619645476341248;0.0;0.667477245503997;0.5991873594733563;0.40081264052664367
1730782493.9104059;/app/bags/user95_2017-02-24.bag;0.834065854549408;0.0;0.9619645476341248;0.0;0.667477245503997;0.5991873594733563;0.40081264052664367
1730782494.110383;/app/bags/user95_2017-02-24.bag;0.834065854549408;0.0;0.9619645476341248;0.0;0.667477245503997;0.5991873594733563;0.40081264052664367
1730782494.3103678;/app/bags/user95_2017-02-24.bag;0.834065854549408;0.0;0.9619645476341248;0.0;0.667477245503997;0.5991873594733563;0.40081264052664367
1730782494.5104415;/app/bags/user95_2017-02-24.bag;0.834065854549408;0.0;0.9619645476341248;0.0;0.667477245503997;0.5991873594733563;0.40081264052664367
1730782494.7103865;/app/bags/user95_2017-02-24.bag;0.834065854549408;0.0;0.9619645476341248;0.0;0.667477245503997;0.5991873594733563;0.40081264052664367
1730782494.910339;/app/bags/user95_2017-02-24.bag;0.834065854549408;0.0;0.9619645476341248;0.0;0.667477245503997;0.5991873594733563;0.40081264052664367
1730782495.1103926;/app/bags/user95_2017-02-24.bag;0.834065854549408;0.0;0.9619645476341248;0.0;0.667477245503997;0.5991873594733563;0.40081264052664367
1730782495.3103888;/app/bags/user95_2017-02-24.bag;0.834065854549408;0.0;0.9619645476341248;0.0;0.667477245503997;0.5991873594733563;0.40081264052664367
1730782495.5103967;/app/bags/user95_2017-02-24.bag;0.834065854549408;0.0;0.9619645476341248;0.0;0.667477245503997;0.5991873594733563;0.40081264052664367
1730782495.7104614;/app/bags/user95_2017-02-24.bag;0.834065854549408;0.0;0.9619645476341248;0.0;0.667477245503997;0.5991873594733563;0.40081264052664367
1730782495.9103801;/app/bags/user95_2017-02-24.bag;0.834065854549408;0.0;0.9619645476341248;0.0;0.667477245503997;0.5991873594733563;0.40081264052664367
1730782496.1104007;/app/bags/user95_2017-02-24.bag;0.834065854549408;0.0;0.9619645476341248;0.0;0.667477245503997;0.5991873594733563;0.40081264052664367
1730782496.310401;/app/bags/user95_2017-02-24.bag;0.834065854549408;0.0;0.9619645476341248;0.0;0.667477245503997;0.5991873594733563;0.40081264052664367
1730782496.5104291;/app/bags/user95_2017-02-24.bag;0.834065854549408;0.0;0.9619645476341248;0.0;0.667477245503997;0.5991873594733563;0.40081264052664367
1730782496.710411;/app/bags/user95_2017-02-24.bag;0.834065854549408;0.0;0.9619645476341248;0.0;0.667477245503997;0.5991873594733563;0.40081264052664367
1730782496.9104292;/app/bags/user95_2017-02-24.bag;0.834065854549408;0.0;0.9619645476341248;0.0;0.667477245503997;0.5991873594733563;0.40081264052664367
1730782497.1103811;/app/bags/user95_2017-02-24.bag;0.834065854549408;0.0;0.9619645476341248;0.0;0.667477245503997;0.5991873594733563;0.40081264052664367
1730782497.3104255;/app/bags/user95_2017-02-24.bag;0.834065854549408;0.0;0.9619645476341248;0.0;0.667477245503997;0.5991873594733563;0.40081264052664367
1730782497.510346;/app/bags/user95_2017-02-24.bag;0.834065854549408;0.0;0.9619645476341248;0.0;0.667477245503997;0.5991873594733563;0.40081264052664367
1730782497.7103777;/app/bags/user95_2017-02-24.bag;0.834065854549408;0.0;0.9619645476341248;0.0;0.667477245503997;0.5991873594733563;0.40081264052664367
1730782497.9103868;/app/bags/user95_2017-02-24.bag;0.834065854549408;0.0;0.9619645476341248;0.0;0.667477245503997;0.5991873594733563;0.40081264052664367
1730782498.1103892;/app/bags/user95_2017-02-24.bag;0.834065854549408;0.0;0.9619645476341248;0.0;0.667477245503997;0.5991873594733563;0.40081264052664367
1730782498.310383;/app/bags/user95_2017-02-24.bag;0.834065854549408;0.0;0.9619645476341248;0.0;0.667477245503997;0.5991873594733563;0.40081264052664367
1730782498.510403;/app/bags/user95_2017-02-24.bag;0.834065854549408;0.0;0.9619645476341248;0.0;0.667477245503997;0.5991873594733563;0.40081264052664367
1730782498.710432;/app/bags/user95_2017-02-24.bag;0.834065854549408;0.0;0.9619645476341248;0.0;0.667477245503997;0.5991873594733563;0.40081264052664367
1730782498.9104226;/app/bags/user95_2017-02-24.bag;0.834065854549408;0.0;0.9619645476341248;0.0;0.667477245503997;0.5991873594733563;0.40081264052664367
1730782499.1103673;/app/bags/user95_2017-02-24.bag;0.834065854549408;0.0;0.9619645476341248;0.0;0.667477245503997;0.5991873594733563;0.40081264052664367
1730782499.3104177;/app/bags/user95_2017-02-24.bag;0.834065854549408;0.0;0.9619645476341248;0.0;0.667477245503997;0.5991873594733563;0.40081264052664367
1730782499.5104969;/app/bags/user95_2017-02-24.bag;0.834065854549408;0.0;0.9619645476341248;0.0;0.667477245503997;0.5991873594733563;0.40081264052664367
1730782499.7104075;/app/bags/user95_2017-02-24.bag;0.834065854549408;0.0;0.9619645476341248;0.0;0.667477245503997;0.5991873594733563;0.40081264052664367
1730782499.9103732;/app/bags/user95_2017-02-24.bag;0.834065854549408;0.0;0.9619645476341248;0.0;0.667477245503997;0.5991873594733563;0.40081264052664367
1730782500.1103785;/app/bags/user95_2017-02-24.bag;0.834065854549408;0.0;0.9619645476341248;0.0;0.667477245503997;0.5991873594733563;0.40081264052664367
1730782500.3103757;/app/bags/user95_2017-02-24.bag;0.834065854549408;0.0;0.9619645476341248;0.0;0.667477245503997;0.5991873594733563;0.40081264052664367
1730782500.510371;/app/bags/user95_2017-02-24.bag;0.834065854549408;0.0;0.9619645476341248;0.0;0.667477245503997;0.5991873594733563;0.40081264052664367
1730782500.710429;/app/bags/user95_2017-02-24.bag;0.834065854549408;0.0;0.9619645476341248;0.0;0.667477245503997;0.5991873594733563;0.40081264052664367
1730782500.9104064;/app/bags/user95_2017-02-24.bag;0.834065854549408;0.0;0.9619645476341248;0.0;0.667477245503997;0.5991873594733563;0.40081264052664367
1730782501.1104188;/app/bags/user95_2017-02-24.bag;0.834065854549408;0.0;0.9619645476341248;0.0;0.667477245503997;0.5991873594733563;0.40081264052664367
1730782501.3103848;/app/bags/user95_2017-02-24.bag;0.834065854549408;0.0;0.9619645476341248;0.0;0.667477245503997;0.5991873594733563;0.40081264052664367
1730782501.510387;/app/bags/user95_2017-02-24.bag;0.834065854549408;0.0;0.9619645476341248;0.0;0.667477245503997;0.5991873594733563;0.40081264052664367
1730782501.7103896;/app/bags/user95_2017-02-24.bag;0.834065854549408;0.0;0.9619645476341248;0.0;0.667477245503997;0.5991873594733563;0.40081264052664367
1730782501.9103625;/app/bags/user95_2017-02-24.bag;0.834065854549408;0.0;0.9619645476341248;0.0;0.667477245503997;0.5991873594733563;0.40081264052664367
1730782502.110385;/app/bags/user95_2017-02-24.bag;0.834065854549408;0.0;0.9619645476341248;0.0;0.667477245503997;0.5991873594733563;0.40081264052664367
1730782502.3103752;/app/bags/user95_2017-02-24.bag;0.834065854549408;0.0;0.9619645476341248;0.0;0.667477245503997;0.5991873594733563;0.40081264052664367
1730782502.5104523;/app/bags/user95_2017-02-24.bag;0.834065854549408;0.0;0.9619645476341248;0.0;0.667477245503997;0.5991873594733563;0.40081264052664367
1730782502.710385;/app/bags/user95_2017-02-24.bag;0.834065854549408;0.0;0.9619645476341248;0.0;0.667477245503997;0.5991873594733563;0.40081264052664367
1730782502.910457;/app/bags/user95_2017-02-24.bag;0.834065854549408;0.0;0.9619645476341248;0.0;0.667477245503997;0.5991873594733563;0.40081264052664367
1730782503.1103919;/app/bags/user95_2017-02-24.bag;0.834065854549408;0.0;0.9619645476341248;0.0;0.667477245503997;0.5991873594733563;0.40081264052664367
1730782503.310443;/app/bags/user95_2017-02-24.bag;0.834065854549408;0.0;0.9619645476341248;0.0;0.667477245503997;0.5991873594733563;0.40081264052664367
1730782503.5103536;/app/bags/user95_2017-02-24.bag;0.834065854549408;0.0;0.9619645476341248;0.0;0.667477245503997;0.5991873594733563;0.40081264052664367
1730782503.7103589;/app/bags/user95_2017-02-24.bag;0.834065854549408;0.0;0.9619645476341248;0.0;0.667477245503997;0.5991873594733563;0.40081264052664367
1730782503.9103942;/app/bags/user95_2017-02-24.bag;0.834065854549408;0.0;0.9619645476341248;0.0;0.667477245503997;0.5991873594733563;0.40081264052664367
1730782504.1103935;/app/bags/user95_2017-02-24.bag;0.834065854549408;0.0;0.9619645476341248;0.0;0.667477245503997;0.5991873594733563;0.40081264052664367
1730782504.3104236;/app/bags/user95_2017-02-24.bag;0.834065854549408;0.0;0.9619645476341248;0.0;0.667477245503997;0.5991873594733563;0.40081264052664367
1730782504.510384;/app/bags/user95_2017-02-24.bag;0.834065854549408;0.0;0.9619645476341248;0.0;0.667477245503997;0.5991873594733563;0.40081264052664367
1730782504.7104073;/app/bags/user95_2017-02-24.bag;0.834065854549408;0.0;0.9619645476341248;0.0;0.667477245503997;0.5991873594733563;0.40081264052664367
1730782504.9104095;/app/bags/user95_2017-02-24.bag;0.834065854549408;0.0;0.9619645476341248;0.0;0.667477245503997;0.5991873594733563;0.40081264052664367
1730782505.1105075;/app/bags/user95_2017-02-24.bag;0.834065854549408;0.0;0.9619645476341248;0.0;0.667477245503997;0.5991873594733563;0.40081264052664367
1730782505.3105392;/app/bags/user95_2017-02-24.bag;0.834065854549408;0.0;0.9619645476341248;0.0;0.667477245503997;0.5991873594733563;0.40081264052664367
1730782505.5103738;/app/bags/user95_2017-02-24.bag;0.834065854549408;0.0;0.9619645476341248;0.0;0.667477245503997;0.5991873594733563;0.40081264052664367
1730782505.71038;/app/bags/user95_2017-02-24.bag;0.834065854549408;0.0;0.9619645476341248;0.0;0.667477245503997;0.5991873594733563;0.40081264052664367
1730782505.9104042;/app/bags/user95_2017-02-24.bag;0.834065854549408;0.0;0.9619645476341248;0.0;0.667477245503997;0.5991873594733563;0.40081264052664367
1730782506.11039;/app/bags/user95_2017-02-24.bag;0.834065854549408;0.0;0.9619645476341248;0.0;0.667477245503997;0.5991873594733563;0.40081264052664367
1730782506.310366;/app/bags/user95_2017-02-24.bag;0.834065854549408;0.0;0.9619645476341248;0.0;0.667477245503997;0.5991873594733563;0.40081264052664367
1730782506.5103786;/app/bags/user95_2017-02-24.bag;0.834065854549408;0.0;0.9619645476341248;0.0;0.667477245503997;0.5991873594733563;0.40081264052664367
1730782506.7103806;/app/bags/user95_2017-02-24.bag;0.834065854549408;0.0;0.9619645476341248;0.0;0.667477245503997;0.5991873594733563;0.40081264052664367
1730782506.9103937;/app/bags/user95_2017-02-24.bag;0.834065854549408;0.0;0.9619645476341248;0.0;0.667477245503997;0.5991873594733563;0.40081264052664367
1730782507.1104097;/app/bags/user95_2017-02-24.bag;0.834065854549408;0.0;0.9619645476341248;0.0;0.667477245503997;0.5991873594733563;0.40081264052664367
1730782507.3104126;/app/bags/user95_2017-02-24.bag;0.834065854549408;0.0;0.9619645476341248;0.0;0.667477245503997;0.5991873594733563;0.40081264052664367
1730782507.510436;/app/bags/user95_2017-02-24.bag;0.834065854549408;0.0;0.9619645476341248;0.0;0.667477245503997;0.5991873594733563;0.40081264052664367
1730782507.7103896;/app/bags/user95_2017-02-24.bag;0.834065854549408;0.0;0.9619645476341248;0.0;0.667477245503997;0.5991873594733563;0.40081264052664367
1730782507.9103634;/app/bags/user95_2017-02-24.bag;0.834065854549408;0.0;0.9619645476341248;0.0;0.667477245503997;0.5991873594733563;0.40081264052664367
1730782508.1105824;/app/bags/user95_2017-02-24.bag;0.834065854549408;0.0;0.9619645476341248;0.0;0.667477245503997;0.5991873594733563;0.40081264052664367
1730782508.310386;/app/bags/user95_2017-02-24.bag;0.834065854549408;0.0;0.9619645476341248;0.0;0.667477245503997;0.5991873594733563;0.40081264052664367
1730782508.510374;/app/bags/user95_2017-02-24.bag;0.834065854549408;0.0;0.9619645476341248;0.0;0.667477245503997;0.5991873594733563;0.40081264052664367
1730782508.7104223;/app/bags/user95_2017-02-24.bag;0.834065854549408;0.0;0.9619645476341248;0.0;0.667477245503997;0.5991873594733563;0.40081264052664367
1730782508.910399;/app/bags/user95_2017-02-24.bag;0.834065854549408;0.0;0.9619645476341248;0.0;0.667477245503997;0.5991873594733563;0.40081264052664367
1730782509.1103745;/app/bags/user95_2017-02-24.bag;0.834065854549408;0.0;0.9619645476341248;0.0;0.667477245503997;0.5991873594733563;0.40081264052664367
1730782509.3103678;/app/bags/user95_2017-02-24.bag;0.834065854549408;0.0;0.9619645476341248;0.0;0.667477245503997;0.5991873594733563;0.40081264052664367
1730782509.5104253;/app/bags/user95_2017-02-24.bag;0.834065854549408;0.0;0.9619645476341248;0.0;0.667477245503997;0.5991873594733563;0.40081264052664367
1730782509.7104826;/app/bags/user95_2017-02-24.bag;0.834065854549408;0.0;0.9619645476341248;0.0;0.667477245503997;0.5991873594733563;0.40081264052664367
1730782509.9104006;/app/bags/user95_2017-02-24.bag;0.834065854549408;0.0;0.9619645476341248;0.0;0.667477245503997;0.5991873594733563;0.40081264052664367
1730782510.1103659;/app/bags/user95_2017-02-24.bag;0.834065854549408;0.0;0.9619645476341248;0.0;0.667477245503997;0.5991873594733563;0.40081264052664367
1730782510.3104384;/app/bags/user95_2017-02-24.bag;0.834065854549408;0.0;0.9619645476341248;0.0;0.667477245503997;0.5991873594733563;0.40081264052664367
1730782510.5104055;/app/bags/user95_2017-02-24.bag;0.834065854549408;0.0;0.9619645476341248;0.0;0.667477245503997;0.5991873594733563;0.40081264052664367
1730782510.710405;/app/bags/user95_2017-02-24.bag;0.834065854549408;0.0;0.9619645476341248;0.0;0.667477245503997;0.5991873594733563;0.40081264052664367
1730782510.9104369;/app/bags/user95_2017-02-24.bag;0.834065854549408;0.0;0.9619645476341248;0.0;0.667477245503997;0.5991873594733563;0.40081264052664367
1730782511.1103756;/app/bags/user95_2017-02-24.bag;0.834065854549408;0.0;0.9619645476341248;0.0;0.667477245503997;0.5991873594733563;0.40081264052664367
1730782511.3103766;/app/bags/user95_2017-02-24.bag;0.834065854549408;0.0;0.9619645476341248;0.0;0.667477245503997;0.5991873594733563;0.40081264052664367
1730782511.5104353;/app/bags/user95_2017-02-24.bag;0.834065854549408;0.0;0.9619645476341248;0.0;0.667477245503997;0.5991873594733563;0.40081264052664367
1730782511.7103815;/app/bags/user95_2017-02-24.bag;0.834065854549408;0.0;0.9619645476341248;0.0;0.667477245503997;0.5991873594733563;0.40081264052664367
1730782511.910391;/app/bags/user95_2017-02-24.bag;0.834065854549408;0.0;0.9619645476341248;0.0;0.667477245503997;0.5991873594733563;0.40081264052664367
1730782512.1103985;/app/bags/user95_2017-02-24.bag;0.834065854549408;0.0;0.9619645476341248;0.0;0.667477245503997;0.5991873594733563;0.40081264052664367
1730782512.310427;/app/bags/user95_2017-02-24.bag;0.834065854549408;0.0;0.9619645476341248;0.0;0.667477245503997;0.5991873594733563;0.40081264052664367
1730782512.5105503;/app/bags/user95_2017-02-24.bag;0.834065854549408;0.0;0.9619645476341248;0.0;0.667477245503997;0.5991873594733563;0.40081264052664367
1730782512.7103543;/app/bags/user95_2017-02-24.bag;0.834065854549408;0.0;0.9619645476341248;0.0;0.667477245503997;0.5991873594733563;0.40081264052664367
1730782512.910432;/app/bags/user95_2017-02-24.bag;0.834065854549408;0.0;0.9619645476341248;0.0;0.667477245503997;0.5991873594733563;0.40081264052664367
1730782513.1103728;/app/bags/user95_2017-02-24.bag;0.834065854549408;0.0;0.9619645476341248;0.0;0.667477245503997;0.5991873594733563;0.40081264052664367
1730782513.310371;/app/bags/user95_2017-02-24.bag;0.834065854549408;0.0;0.9619645476341248;0.0;0.667477245503997;0.5991873594733563;0.40081264052664367
1730782513.510357;/app/bags/user95_2017-02-24.bag;0.834065854549408;0.0;0.9619645476341248;0.0;0.667477245503997;0.5991873594733563;0.40081264052664367
1730782513.7105968;/app/bags/user95_2017-02-24.bag;0.834065854549408;0.0;0.9619645476341248;0.0;0.667477245503997;0.5991873594733563;0.40081264052664367
1730782513.9103928;/app/bags/user95_2017-02-24.bag;0.834065854549408;0.0;0.9619645476341248;0.0;0.667477245503997;0.5991873594733563;0.40081264052664367
1730782514.1104178;/app/bags/user95_2017-02-24.bag;0.834065854549408;0.0;0.9619645476341248;0.0;0.667477245503997;0.5991873594733563;0.40081264052664367
1730782514.310341;/app/bags/user95_2017-02-24.bag;0.834065854549408;0.0;0.9619645476341248;0.0;0.667477245503997;0.5991873594733563;0.40081264052664367
1730782514.5104275;/app/bags/user95_2017-02-24.bag;0.834065854549408;0.0;0.9619645476341248;0.0;0.667477245503997;0.5991873594733563;0.40081264052664367
1730782514.7104626;/app/bags/user95_2017-02-24.bag;0.834065854549408;0.0;0.9619645476341248;0.0;0.667477245503997;0.5991873594733563;0.40081264052664367
1730782514.9103892;/app/bags/user95_2017-02-24.bag;0.834065854549408;0.0;0.9619645476341248;0.0;0.667477245503997;0.5991873594733563;0.40081264052664367
1730782515.110366;/app/bags/user95_2017-02-24.bag;0.834065854549408;0.0;0.9619645476341248;0.0;0.667477245503997;0.5991873594733563;0.40081264052664367
1730782515.3106384;/app/bags/user95_2017-02-24.bag;0.834065854549408;0.0;0.9619645476341248;0.0;0.667477245503997;0.5991873594733563;0.40081264052664367
1730782515.510425;/app/bags/user95_2017-02-24.bag;0.834065854549408;0.0;0.9619645476341248;0.0;0.667477245503997;0.5991873594733563;0.40081264052664367
1730782515.7103703;/app/bags/user95_2017-02-24.bag;0.834065854549408;0.0;0.9619645476341248;0.0;0.667477245503997;0.5991873594733563;0.40081264052664367
1730782515.9103856;/app/bags/user95_2017-02-24.bag;0.834065854549408;0.0;0.9619645476341248;0.0;0.667477245503997;0.5991873594733563;0.40081264052664367
1730782516.1104102;/app/bags/user95_2017-02-24.bag;0.834065854549408;0.0;0.9619645476341248;0.0;0.667477245503997;0.5991873594733563;0.40081264052664367
1730782516.3103943;/app/bags/user95_2017-02-24.bag;0.834065854549408;0.0;0.9619645476341248;0.0;0.667477245503997;0.5991873594733563;0.40081264052664367
1730782516.5103962;/app/bags/user95_2017-02-24.bag;0.834065854549408;0.0;0.9619645476341248;0.0;0.667477245503997;0.5991873594733563;0.40081264052664367
1730782516.7103994;/app/bags/user95_2017-02-24.bag;0.834065854549408;0.0;0.9619645476341248;0.0;0.667477245503997;0.5991873594733563;0.40081264052664367
1730782516.910385;/app/bags/user95_2017-02-24.bag;0.834065854549408;0.0;0.9619645476341248;0.0;0.667477245503997;0.5991873594733563;0.40081264052664367
1730782517.110355;/app/bags/user95_2017-02-24.bag;0.834065854549408;0.0;0.9619645476341248;0.0;0.667477245503997;0.5991873594733563;0.40081264052664367
1730782517.310419;/app/bags/user95_2017-02-24.bag;0.834065854549408;0.0;0.9619645476341248;0.0;0.667477245503997;0.5991873594733563;0.40081264052664367
1730782517.5103948;/app/bags/user95_2017-02-24.bag;0.834065854549408;0.0;0.9619645476341248;0.0;0.667477245503997;0.5991873594733563;0.40081264052664367
1730782517.7104454;/app/bags/user95_2017-02-24.bag;0.834065854549408;0.0;0.9619645476341248;0.0;0.667477245503997;0.5991873594733563;0.40081264052664367
1730782517.9104576;/app/bags/user95_2017-02-24.bag;0.834065854549408;0.0;0.9619645476341248;0.0;0.667477245503997;0.5991873594733563;0.40081264052664367
1730782518.110461;/app/bags/user95_2017-02-24.bag;0.834065854549408;0.0;0.9619645476341248;0.0;0.667477245503997;0.5991873594733563;0.40081264052664367
1730782518.3103683;/app/bags/user95_2017-02-24.bag;0.834065854549408;0.0;0.9619645476341248;0.0;0.667477245503997;0.5991873594733563;0.40081264052664367
1730782518.5104225;/app/bags/user95_2017-02-24.bag;0.834065854549408;0.0;0.9619645476341248;0.0;0.667477245503997;0.5991873594733563;0.40081264052664367
1730782518.710432;/app/bags/user95_2017-02-24.bag;0.834065854549408;0.0;0.9619645476341248;0.0;0.667477245503997;0.5991873594733563;0.40081264052664367
1730782518.9104307;/app/bags/user95_2017-02-24.bag;0.834065854549408;0.0;0.9619645476341248;0.0;0.667477245503997;0.5991873594733563;0.40081264052664367
1730782519.1104066;/app/bags/user95_2017-02-24.bag;0.834065854549408;0.0;0.9619645476341248;0.0;0.667477245503997;0.5991873594733563;0.40081264052664367
1730782519.3104231;/app/bags/user95_2017-02-24.bag;0.834065854549408;0.0;0.9619645476341248;0.0;0.667477245503997;0.5991873594733563;0.40081264052664367
1730782519.5104556;/app/bags/user95_2017-02-24.bag;0.834065854549408;0.0;0.9619645476341248;0.0;0.667477245503997;0.5991873594733563;0.40081264052664367
1730782519.7104902;/app/bags/user95_2017-02-24.bag;0.834065854549408;0.0;0.9619645476341248;0.0;0.667477245503997;0.5991873594733563;0.40081264052664367
1730782519.9103966;/app/bags/user95_2017-02-24.bag;0.834065854549408;0.0;0.9619645476341248;0.0;0.667477245503997;0.5991873594733563;0.40081264052664367
1730782520.1103897;/app/bags/user95_2017-02-24.bag;0.834065854549408;0.0;0.9619645476341248;0.0;0.667477245503997;0.5991873594733563;0.40081264052664367
1730782520.3103971;/app/bags/user95_2017-02-24.bag;0.834065854549408;0.0;0.9619645476341248;0.0;0.667477245503997;0.5991873594733563;0.40081264052664367
1730782520.5103874;/app/bags/user95_2017-02-24.bag;0.834065854549408;0.0;0.9619645476341248;0.0;0.667477245503997;0.5991873594733563;0.40081264052664367
1730782520.7103848;/app/bags/user95_2017-02-24.bag;0.834065854549408;0.0;0.9619645476341248;0.0;0.667477245503997;0.5991873594733563;0.40081264052664367
1730782520.910388;/app/bags/user95_2017-02-24.bag;0.834065854549408;0.0;0.9619645476341248;0.0;0.667477245503997;0.5991873594733563;0.40081264052664367
1730782521.1104386;/app/bags/user95_2017-02-24.bag;0.834065854549408;0.0;0.9619645476341248;0.0;0.667477245503997;0.5991873594733563;0.40081264052664367
1730782521.3105037;/app/bags/user95_2017-02-24.bag;0.834065854549408;0.0;0.9619645476341248;0.0;0.667477245503997;0.5991873594733563;0.40081264052664367
1730782521.510452;/app/bags/user95_2017-02-24.bag;0.834065854549408;0.0;0.9619645476341248;0.0;0.667477245503997;0.5991873594733563;0.40081264052664367
1730782521.710384;/app/bags/user95_2017-02-24.bag;0.834065854549408;0.0;0.9619645476341248;0.0;0.667477245503997;0.5991873594733563;0.40081264052664367
1730782521.9103837;/app/bags/user95_2017-02-24.bag;0.834065854549408;0.0;0.9619645476341248;0.0;0.667477245503997;0.5991873594733563;0.40081264052664367
1730782522.1103656;/app/bags/user95_2017-02-24.bag;0.834065854549408;0.0;0.9619645476341248;0.0;0.667477245503997;0.5991873594733563;0.40081264052664367
1730782522.3103793;/app/bags/user95_2017-02-24.bag;0.834065854549408;0.0;0.9619645476341248;0.0;0.667477245503997;0.5991873594733563;0.40081264052664367
1730782522.5105743;/app/bags/user95_2017-02-24.bag;0.834065854549408;0.0;0.9619645476341248;0.0;0.667477245503997;0.5991873594733563;0.40081264052664367
1730782522.7104175;/app/bags/user95_2017-02-24.bag;0.834065854549408;0.0;0.9619645476341248;0.0;0.667477245503997;0.5991873594733563;0.40081264052664367
1730782522.910385;/app/bags/user95_2017-02-24.bag;0.834065854549408;0.0;0.9619645476341248;0.0;0.667477245503997;0.5991873594733563;0.40081264052664367
1730782523.110366;/app/bags/user95_2017-02-24.bag;0.834065854549408;0.0;0.9619645476341248;0.0;0.667477245503997;0.5991873594733563;0.40081264052664367
1730782523.310456;/app/bags/user95_2017-02-24.bag;0.834065854549408;0.0;0.9619645476341248;0.0;0.667477245503997;0.5991873594733563;0.40081264052664367
1730782523.5103989;/app/bags/user95_2017-02-24.bag;0.834065854549408;0.0;0.9619645476341248;0.0;0.667477245503997;0.5991873594733563;0.40081264052664367
1730782523.7103734;/app/bags/user95_2017-02-24.bag;0.834065854549408;0.0;0.9619645476341248;0.0;0.667477245503997;0.5991873594733563;0.40081264052664367
1730782523.9104419;/app/bags/user95_2017-02-24.bag;0.834065854549408;0.0;0.9619645476341248;0.0;0.667477245503997;0.5991873594733563;0.40081264052664367
1730782524.1103933;/app/bags/user95_2017-02-24.bag;0.834065854549408;0.0;0.9619645476341248;0.0;0.667477245503997;0.5991873594733563;0.40081264052664367
1730782524.3104875;/app/bags/user95_2017-02-24.bag;0.834065854549408;0.0;0.9619645476341248;0.0;0.667477245503997;0.5991873594733563;0.40081264052664367
1730782524.5103884;/app/bags/user95_2017-02-24.bag;0.834065854549408;0.0;0.9619645476341248;0.0;0.667477245503997;0.5991873594733563;0.40081264052664367
1730782524.7103856;/app/bags/user95_2017-02-24.bag;0.834065854549408;0.0;0.9619645476341248;0.0;0.667477245503997;0.5991873594733563;0.40081264052664367
1730782524.9103994;/app/bags/user95_2017-02-24.bag;0.834065854549408;0.0;0.9619645476341248;0.0;0.667477245503997;0.5991873594733563;0.40081264052664367
1730782525.1103811;/app/bags/user95_2017-02-24.bag;0.834065854549408;0.0;0.9619645476341248;0.0;0.667477245503997;0.5991873594733563;0.40081264052664367
1730782525.3103669;/app/bags/user95_2017-02-24.bag;0.834065854549408;0.0;0.9619645476341248;0.0;0.667477245503997;0.5991873594733563;0.40081264052664367
1730782525.5104532;/app/bags/user95_2017-02-24.bag;0.834065854549408;0.0;0.9619645476341248;0.0;0.667477245503997;0.5991873594733563;0.40081264052664367
1730782525.7104251;/app/bags/user95_2017-02-24.bag;0.834065854549408;0.0;0.9619645476341248;0.0;0.667477245503997;0.5991873594733563;0.40081264052664367
1730782525.910417;/app/bags/user95_2017-02-24.bag;0.834065854549408;0.0;0.9619645476341248;0.0;0.667477245503997;0.5991873594733563;0.40081264052664367
1730782526.1103783;/app/bags/user95_2017-02-24.bag;0.834065854549408;0.0;0.9619645476341248;0.0;0.667477245503997;0.5991873594733563;0.40081264052664367
1730782526.31038;/app/bags/user95_2017-02-24.bag;0.834065854549408;0.0;0.9619645476341248;0.0;0.667477245503997;0.5991873594733563;0.40081264052664367
1730782526.5104644;/app/bags/user95_2017-02-24.bag;0.834065854549408;0.0;0.9619645476341248;0.0;0.667477245503997;0.5991873594733563;0.40081264052664367
1730782526.710421;/app/bags/user95_2017-02-24.bag;0.834065854549408;0.0;0.9619645476341248;0.0;0.667477245503997;0.5991873594733563;0.40081264052664367
1730782526.910406;/app/bags/user95_2017-02-24.bag;0.834065854549408;0.0;0.9619645476341248;0.0;0.667477245503997;0.5991873594733563;0.40081264052664367
1730782527.1103957;/app/bags/user95_2017-02-24.bag;0.834065854549408;0.0;0.9619645476341248;0.0;0.667477245503997;0.5991873594733563;0.40081264052664367
1730782527.3103635;/app/bags/user95_2017-02-24.bag;0.834065854549408;0.0;0.9619645476341248;0.0;0.667477245503997;0.5991873594733563;0.40081264052664367
1730782527.5103805;/app/bags/user95_2017-02-24.bag;0.834065854549408;0.0;0.9619645476341248;0.0;0.667477245503997;0.5991873594733563;0.40081264052664367
1730782527.7103953;/app/bags/user95_2017-02-24.bag;0.834065854549408;0.0;0.9619645476341248;0.0;0.667477245503997;0.5991873594733563;0.40081264052664367
1730782527.9105127;/app/bags/user95_2017-02-24.bag;0.834065854549408;0.0;0.9619645476341248;0.0;0.667477245503997;0.5991873594733563;0.40081264052664367
1730782528.1104233;/app/bags/user95_2017-02-24.bag;0.834065854549408;0.0;0.9619645476341248;0.0;0.667477245503997;0.5991873594733563;0.40081264052664367
1730782528.3103848;/app/bags/user95_2017-02-24.bag;0.834065854549408;0.0;0.9619645476341248;0.0;0.667477245503997;0.5991873594733563;0.40081264052664367
1730782528.5103757;/app/bags/user95_2017-02-24.bag;0.834065854549408;0.0;0.9619645476341248;0.0;0.667477245503997;0.5991873594733563;0.40081264052664367
1730782528.7104502;/app/bags/user95_2017-02-24.bag;0.834065854549408;0.0;0.9619645476341248;0.0;0.667477245503997;0.5991873594733563;0.40081264052664367
1730782528.9103732;/app/bags/user95_2017-02-24.bag;0.834065854549408;0.0;0.9619645476341248;0.0;0.667477245503997;0.5991873594733563;0.40081264052664367
1730782529.1103818;/app/bags/user95_2017-02-24.bag;0.834065854549408;0.0;0.9619645476341248;0.0;0.667477245503997;0.5991873594733563;0.40081264052664367
1730782529.3103824;/app/bags/user95_2017-02-24.bag;0.834065854549408;0.0;0.9619645476341248;0.0;0.667477245503997;0.5991873594733563;0.40081264052664367
1730782529.5104277;/app/bags/user95_2017-02-24.bag;0.834065854549408;0.0;0.9619645476341248;0.0;0.667477245503997;0.5991873594733563;0.40081264052664367
1730782529.7104042;/app/bags/user95_2017-02-24.bag;0.834065854549408;0.0;0.9619645476341248;0.0;0.667477245503997;0.5991873594733563;0.40081264052664367
1730782529.9103587;/app/bags/user95_2017-02-24.bag;0.834065854549408;0.0;0.9619645476341248;0.0;0.667477245503997;0.5991873594733563;0.40081264052664367
1730782530.1104167;/app/bags/user95_2017-02-24.bag;0.834065854549408;0.0;0.9619645476341248;0.0;0.667477245503997;0.5991873594733563;0.40081264052664367
1730782530.3103514;/app/bags/user95_2017-02-24.bag;0.834065854549408;0.0;0.9619645476341248;0.0;0.667477245503997;0.5991873594733563;0.40081264052664367
1730782530.5104444;/app/bags/user95_2017-02-24.bag;0.834065854549408;0.0;0.9619645476341248;0.0;0.667477245503997;0.5991873594733563;0.40081264052664367
1730782530.7103996;/app/bags/user95_2017-02-24.bag;0.834065854549408;0.0;0.9619645476341248;0.0;0.667477245503997;0.5991873594733563;0.40081264052664367
1730782530.9103715;/app/bags/user95_2017-02-24.bag;0.834065854549408;0.0;0.9619645476341248;0.0;0.667477245503997;0.5991873594733563;0.40081264052664367
1730782531.1103494;/app/bags/user95_2017-02-24.bag;0.834065854549408;0.0;0.9619645476341248;0.0;0.667477245503997;0.5991873594733563;0.40081264052664367
1730782531.3103611;/app/bags/user95_2017-02-24.bag;0.834065854549408;0.0;0.9619645476341248;0.0;0.667477245503997;0.5991873594733563;0.40081264052664367
1730782531.5104272;/app/bags/user95_2017-02-24.bag;0.834065854549408;0.0;0.9619645476341248;0.0;0.667477245503997;0.5991873594733563;0.40081264052664367
1730782531.7103758;/app/bags/user95_2017-02-24.bag;0.834065854549408;0.0;0.9619645476341248;0.0;0.667477245503997;0.5991873594733563;0.40081264052664367
1730782531.9103816;/app/bags/user95_2017-02-24.bag;0.834065854549408;0.0;0.9619645476341248;0.0;0.667477245503997;0.5991873594733563;0.40081264052664367
1730782532.1104517;/app/bags/user95_2017-02-24.bag;0.834065854549408;0.0;0.9619645476341248;0.0;0.667477245503997;0.5991873594733563;0.40081264052664367
1730782532.3103998;/app/bags/user95_2017-02-24.bag;0.834065854549408;0.0;0.9619645476341248;0.0;0.667477245503997;0.5991873594733563;0.40081264052664367
1730782532.5104105;/app/bags/user95_2017-02-24.bag;0.834065854549408;0.0;0.9619645476341248;0.0;0.667477245503997;0.5991873594733563;0.40081264052664367
1730782532.7104096;/app/bags/user95_2017-02-24.bag;0.834065854549408;0.0;0.9619645476341248;0.0;0.667477245503997;0.5991873594733563;0.40081264052664367
1730782532.9104033;/app/bags/user95_2017-02-24.bag;0.834065854549408;0.0;0.9619645476341248;0.0;0.667477245503997;0.5991873594733563;0.40081264052664367
1730782533.1103802;/app/bags/user95_2017-02-24.bag;0.834065854549408;0.0;0.9619645476341248;0.0;0.667477245503997;0.5991873594733563;0.40081264052664367
1730782533.310379;/app/bags/user95_2017-02-24.bag;0.834065854549408;0.0;0.9619645476341248;0.0;0.667477245503997;0.5991873594733563;0.40081264052664367
1730782533.5103664;/app/bags/user95_2017-02-24.bag;0.834065854549408;0.0;0.9619645476341248;0.0;0.667477245503997;0.5991873594733563;0.40081264052664367
1730782533.7103915;/app/bags/user95_2017-02-24.bag;0.834065854549408;0.0;0.9619645476341248;0.0;0.667477245503997;0.5991873594733563;0.40081264052664367
1730782533.910472;/app/bags/user95_2017-02-24.bag;0.834065854549408;0.0;0.9619645476341248;0.0;0.667477245503997;0.5991873594733563;0.40081264052664367
1730782534.1103811;/app/bags/user95_2017-02-24.bag;0.834065854549408;0.0;0.9619645476341248;0.0;0.667477245503997;0.5991873594733563;0.40081264052664367
1730782534.310371;/app/bags/user95_2017-02-24.bag;0.834065854549408;0.0;0.9619645476341248;0.0;0.667477245503997;0.5991873594733563;0.40081264052664367
1730782534.5104063;/app/bags/user95_2017-02-24.bag;0.834065854549408;0.0;0.9619645476341248;0.0;0.667477245503997;0.5991873594733563;0.40081264052664367
1730782534.710383;/app/bags/user95_2017-02-24.bag;0.834065854549408;0.0;0.9619645476341248;0.0;0.667477245503997;0.5991873594733563;0.40081264052664367
1730782534.9104314;/app/bags/user95_2017-02-24.bag;0.834065854549408;0.0;0.9619645476341248;0.0;0.667477245503997;0.5991873594733563;0.40081264052664367
1730782535.1103897;/app/bags/user95_2017-02-24.bag;0.834065854549408;0.0;0.9619645476341248;0.0;0.667477245503997;0.5991873594733563;0.40081264052664367
1730782535.3103936;/app/bags/user95_2017-02-24.bag;0.834065854549408;0.0;0.9619645476341248;0.0;0.667477245503997;0.5991873594733563;0.40081264052664367
1730782535.510396;/app/bags/user95_2017-02-24.bag;0.834065854549408;0.0;0.9619645476341248;0.0;0.667477245503997;0.5991873594733563;0.40081264052664367
1730782535.7103765;/app/bags/user95_2017-02-24.bag;0.834065854549408;0.0;0.9619645476341248;0.0;0.667477245503997;0.5991873594733563;0.40081264052664367
1730782535.91038;/app/bags/user95_2017-02-24.bag;0.834065854549408;0.0;0.9619645476341248;0.0;0.667477245503997;0.5991873594733563;0.40081264052664367
1730782536.1103914;/app/bags/user95_2017-02-24.bag;0.834065854549408;0.0;0.9619645476341248;0.0;0.667477245503997;0.5991873594733563;0.40081264052664367
1730782536.3104303;/app/bags/user95_2017-02-24.bag;0.834065854549408;0.0;0.9619645476341248;0.0;0.667477245503997;0.5991873594733563;0.40081264052664367
1730782536.510385;/app/bags/user95_2017-02-24.bag;0.834065854549408;0.0;0.9619645476341248;0.0;0.667477245503997;0.5991873594733563;0.40081264052664367
1730782536.710388;/app/bags/user95_2017-02-24.bag;0.834065854549408;0.0;0.9619645476341248;0.0;0.667477245503997;0.5991873594733563;0.40081264052664367
1730782536.9104037;/app/bags/user95_2017-02-24.bag;0.834065854549408;0.0;0.9619645476341248;0.0;0.667477245503997;0.5991873594733563;0.40081264052664367
1730782537.1103802;/app/bags/user95_2017-02-24.bag;0.834065854549408;0.0;0.9619645476341248;0.0;0.667477245503997;0.5991873594733563;0.40081264052664367
1730782537.3104422;/app/bags/user95_2017-02-24.bag;0.834065854549408;0.0;0.9619645476341248;0.0;0.667477245503997;0.5991873594733563;0.40081264052664367
1730782537.5103736;/app/bags/user95_2017-02-24.bag;0.834065854549408;0.0;0.9619645476341248;0.0;0.667477245503997;0.5991873594733563;0.40081264052664367
1730782537.7103758;/app/bags/user95_2017-02-24.bag;0.834065854549408;0.0;0.9619645476341248;0.0;0.667477245503997;0.5991873594733563;0.40081264052664367
1730782537.9103494;/app/bags/user95_2017-02-24.bag;0.834065854549408;0.0;0.9619645476341248;0.0;0.667477245503997;0.5991873594733563;0.40081264052664367
1730782538.110374;/app/bags/user95_2017-02-24.bag;0.834065854549408;0.0;0.9619645476341248;0.0;0.667477245503997;0.5991873594733563;0.40081264052664367
1730782538.310445;/app/bags/user95_2017-02-24.bag;0.834065854549408;0.0;0.9619645476341248;0.0;0.667477245503997;0.5991873594733563;0.40081264052664367
1730782538.5104215;/app/bags/user95_2017-02-24.bag;0.834065854549408;0.0;0.9619645476341248;0.0;0.667477245503997;0.5991873594733563;0.40081264052664367
1730782538.7103744;/app/bags/user95_2017-02-24.bag;0.834065854549408;0.0;0.9619645476341248;0.0;0.667477245503997;0.5991873594733563;0.40081264052664367
1730782538.9104424;/app/bags/user95_2017-02-24.bag;0.834065854549408;0.0;0.9619645476341248;0.0;0.667477245503997;0.5991873594733563;0.40081264052664367
1730782539.1103697;/app/bags/user95_2017-02-24.bag;0.834065854549408;0.0;0.9619645476341248;0.0;0.667477245503997;0.5991873594733563;0.40081264052664367
1730782539.3103795;/app/bags/user95_2017-02-24.bag;0.834065854549408;0.0;0.9619645476341248;0.0;0.667477245503997;0.5991873594733563;0.40081264052664367
1730782539.510374;/app/bags/user95_2017-02-24.bag;0.834065854549408;0.0;0.9619645476341248;0.0;0.667477245503997;0.5991873594733563;0.40081264052664367
1730782539.7104475;/app/bags/user95_2017-02-24.bag;0.834065854549408;0.0;0.9619645476341248;0.0;0.667477245503997;0.5991873594733563;0.40081264052664367
1730782539.9104314;/app/bags/user95_2017-02-24.bag;0.834065854549408;0.0;0.9619645476341248;0.0;0.667477245503997;0.5991873594733563;0.40081264052664367
1730782540.1103723;/app/bags/user95_2017-02-24.bag;0.834065854549408;0.0;0.9619645476341248;0.0;0.667477245503997;0.5991873594733563;0.40081264052664367
1730782540.3104653;/app/bags/user95_2017-02-24.bag;0.834065854549408;0.0;0.9619645476341248;0.0;0.667477245503997;0.5991873594733563;0.40081264052664367
1730782540.5104744;/app/bags/user95_2017-02-24.bag;0.834065854549408;0.0;0.9619645476341248;0.0;0.667477245503997;0.5991873594733563;0.40081264052664367
1730782540.7103653;/app/bags/user95_2017-02-24.bag;0.834065854549408;0.0;0.9619645476341248;0.0;0.667477245503997;0.5991873594733563;0.40081264052664367
1730782540.9104037;/app/bags/user95_2017-02-24.bag;0.834065854549408;0.0;0.9619645476341248;0.0;0.667477245503997;0.5991873594733563;0.40081264052664367
1730782541.1103747;/app/bags/user95_2017-02-24.bag;0.834065854549408;0.0;0.9619645476341248;0.0;0.667477245503997;0.5991873594733563;0.40081264052664367
1730782541.3103857;/app/bags/user95_2017-02-24.bag;0.834065854549408;0.0;0.9619645476341248;0.0;0.667477245503997;0.5991873594733563;0.40081264052664367
1730782541.5103996;/app/bags/user95_2017-02-24.bag;0.834065854549408;0.0;0.9619645476341248;0.0;0.667477245503997;0.5991873594733563;0.40081264052664367
1730782541.7103744;/app/bags/user95_2017-02-24.bag;0.834065854549408;0.0;0.9619645476341248;0.0;0.667477245503997;0.5991873594733563;0.40081264052664367
1730782541.9103842;/app/bags/user95_2017-02-24.bag;0.834065854549408;0.0;0.9619645476341248;0.0;0.667477245503997;0.5991873594733563;0.40081264052664367
1730782542.1103714;/app/bags/user95_2017-02-24.bag;0.834065854549408;0.0;0.9619645476341248;0.0;0.667477245503997;0.5991873594733563;0.40081264052664367
1730782542.3104017;/app/bags/user95_2017-02-24.bag;0.834065854549408;0.0;0.9619645476341248;0.0;0.667477245503997;0.5991873594733563;0.40081264052664367
1730782542.5103824;/app/bags/user95_2017-02-24.bag;0.834065854549408;0.0;0.9619645476341248;0.0;0.667477245503997;0.5991873594733563;0.40081264052664367
1730782542.7104435;/app/bags/user95_2017-02-24.bag;0.834065854549408;0.0;0.9619645476341248;0.0;0.667477245503997;0.5991873594733563;0.40081264052664367
1730782542.910499;/app/bags/user95_2017-02-24.bag;0.834065854549408;0.0;0.9619645476341248;0.0;0.667477245503997;0.5991873594733563;0.40081264052664367
1730782543.1103487;/app/bags/user95_2017-02-24.bag;0.834065854549408;0.0;0.9619645476341248;0.0;0.667477245503997;0.5991873594733563;0.40081264052664367
1730782543.3103733;/app/bags/user95_2017-02-24.bag;0.834065854549408;0.0;0.9619645476341248;0.0;0.667477245503997;0.5991873594733563;0.40081264052664367
1730782543.5103877;/app/bags/user95_2017-02-24.bag;0.834065854549408;0.0;0.9619645476341248;0.0;0.667477245503997;0.5991873594733563;0.40081264052664367
1730782543.710369;/app/bags/user95_2017-02-24.bag;0.834065854549408;0.0;0.9619645476341248;0.0;0.667477245503997;0.5991873594733563;0.40081264052664367
1730782543.910402;/app/bags/user95_2017-02-24.bag;0.834065854549408;0.0;0.9619645476341248;0.0;0.667477245503997;0.5991873594733563;0.40081264052664367
1730782544.11042;/app/bags/user95_2017-02-24.bag;0.834065854549408;0.0;0.9619645476341248;0.0;0.667477245503997;0.5991873594733563;0.40081264052664367
1730782544.3103647;/app/bags/user95_2017-02-24.bag;0.834065854549408;0.0;0.9619645476341248;0.0;0.667477245503997;0.5991873594733563;0.40081264052664367
1730782544.5103877;/app/bags/user95_2017-02-24.bag;0.834065854549408;0.0;0.9619645476341248;0.0;0.667477245503997;0.5991873594733563;0.40081264052664367
1730782544.7103717;/app/bags/user95_2017-02-24.bag;0.834065854549408;0.0;0.9619645476341248;0.0;0.667477245503997;0.5991873594733563;0.40081264052664367
1730782544.9103625;/app/bags/user95_2017-02-24.bag;0.834065854549408;0.0;0.9619645476341248;0.0;0.667477245503997;0.5991873594733563;0.40081264052664367
1730782545.110405;/app/bags/user95_2017-02-24.bag;0.834065854549408;0.0;0.9619645476341248;0.0;0.667477245503997;0.5991873594733563;0.40081264052664367
1730782545.3103886;/app/bags/user95_2017-02-24.bag;0.834065854549408;0.0;0.9619645476341248;0.0;0.667477245503997;0.5991873594733563;0.40081264052664367
1730782545.5104482;/app/bags/user95_2017-02-24.bag;0.834065854549408;0.0;0.9619645476341248;0.0;0.667477245503997;0.5991873594733563;0.40081264052664367
1730782545.7104433;/app/bags/user95_2017-02-24.bag;0.834065854549408;0.0;0.9619645476341248;0.0;0.667477245503997;0.5991873594733563;0.40081264052664367
1730782545.9105675;/app/bags/user95_2017-02-24.bag;0.834065854549408;0.0;0.9619645476341248;0.0;0.667477245503997;0.5991873594733563;0.40081264052664367
1730782546.1104138;/app/bags/user95_2017-02-24.bag;0.834065854549408;0.0;0.9619645476341248;0.0;0.667477245503997;0.5991873594733563;0.40081264052664367
1730782546.3103874;/app/bags/user95_2017-02-24.bag;0.834065854549408;0.0;0.9619645476341248;0.0;0.667477245503997;0.5991873594733563;0.40081264052664367
1730782546.5104263;/app/bags/user95_2017-02-24.bag;0.834065854549408;0.0;0.9619645476341248;0.0;0.667477245503997;0.5991873594733563;0.40081264052664367
1730782546.7103472;/app/bags/user95_2017-02-24.bag;0.834065854549408;0.0;0.9619645476341248;0.0;0.667477245503997;0.5991873594733563;0.40081264052664367
1730782546.9103909;/app/bags/user95_2017-02-24.bag;0.834065854549408;0.0;0.9619645476341248;0.0;0.667477245503997;0.5991873594733563;0.40081264052664367
1730782547.1103964;/app/bags/user95_2017-02-24.bag;0.834065854549408;0.0;0.9619645476341248;0.0;0.667477245503997;0.5991873594733563;0.40081264052664367
1730782547.3103833;/app/bags/user95_2017-02-24.bag;0.834065854549408;0.0;0.9619645476341248;0.0;0.667477245503997;0.5991873594733563;0.40081264052664367
1730782547.510424;/app/bags/user95_2017-02-24.bag;0.834065854549408;0.0;0.9619645476341248;0.0;0.667477245503997;0.5991873594733563;0.40081264052664367
1730782547.7104201;/app/bags/user95_2017-02-24.bag;0.834065854549408;0.0;0.9619645476341248;0.0;0.667477245503997;0.5991873594733563;0.40081264052664367
1730782547.9103804;/app/bags/user95_2017-02-24.bag;0.834065854549408;0.0;0.9619645476341248;0.0;0.667477245503997;0.5991873594733563;0.40081264052664367
1730782548.1103866;/app/bags/user95_2017-02-24.bag;0.834065854549408;0.0;0.9619645476341248;0.0;0.667477245503997;0.5991873594733563;0.40081264052664367
1730782548.3104706;/app/bags/user95_2017-02-24.bag;0.834065854549408;0.0;0.9619645476341248;0.0;0.667477245503997;0.5991873594733563;0.40081264052664367
1730782548.510416;/app/bags/user95_2017-02-24.bag;0.834065854549408;0.0;0.9619645476341248;0.0;0.667477245503997;0.5991873594733563;0.40081264052664367
1730782548.7103813;/app/bags/user95_2017-02-24.bag;0.834065854549408;0.0;0.9619645476341248;0.0;0.667477245503997;0.5991873594733563;0.40081264052664367
1730782548.910379;/app/bags/user95_2017-02-24.bag;0.834065854549408;0.0;0.9619645476341248;0.0;0.667477245503997;0.5991873594733563;0.40081264052664367
1730782549.1103983;/app/bags/user95_2017-02-24.bag;0.834065854549408;0.0;0.9619645476341248;0.0;0.667477245503997;0.5991873594733563;0.40081264052664367
1730782549.310473;/app/bags/user95_2017-02-24.bag;0.834065854549408;0.0;0.9619645476341248;0.0;0.667477245503997;0.5991873594733563;0.40081264052664367
1730782549.510412;/app/bags/user95_2017-02-24.bag;0.834065854549408;0.0;0.9619645476341248;0.0;0.667477245503997;0.5991873594733563;0.40081264052664367
1730782549.7104123;/app/bags/user95_2017-02-24.bag;0.834065854549408;0.0;0.9619645476341248;0.0;0.667477245503997;0.5991873594733563;0.40081264052664367
1730782549.9103606;/app/bags/user95_2017-02-24.bag;0.834065854549408;0.0;0.9619645476341248;0.0;0.667477245503997;0.5991873594733563;0.40081264052664367
1730782550.1103566;/app/bags/user95_2017-02-24.bag;0.834065854549408;0.0;0.9619645476341248;0.0;0.667477245503997;0.5991873594733563;0.40081264052664367
1730782550.3104315;/app/bags/user95_2017-02-24.bag;0.834065854549408;0.0;0.9619645476341248;0.0;0.667477245503997;0.5991873594733563;0.40081264052664367
1730782550.5103796;/app/bags/user95_2017-02-24.bag;0.834065854549408;0.0;0.9619645476341248;0.0;0.667477245503997;0.5991873594733563;0.40081264052664367
1730782550.7104251;/app/bags/user95_2017-02-24.bag;0.834065854549408;0.0;0.9619645476341248;0.0;0.667477245503997;0.5991873594733563;0.40081264052664367
1730782550.9103765;/app/bags/user95_2017-02-24.bag;0.834065854549408;0.0;0.9619645476341248;0.0;0.667477245503997;0.5991873594733563;0.40081264052664367
1730782551.1104474;/app/bags/user95_2017-02-24.bag;0.834065854549408;0.0;0.9619645476341248;0.0;0.667477245503997;0.5991873594733563;0.40081264052664367
1730782551.3104048;/app/bags/user95_2017-02-24.bag;0.834065854549408;0.0;0.9619645476341248;0.0;0.667477245503997;0.5991873594733563;0.40081264052664367
1730782551.5103776;/app/bags/user95_2017-02-24.bag;0.834065854549408;0.0;0.9619645476341248;0.0;0.667477245503997;0.5991873594733563;0.40081264052664367
1730782551.710416;/app/bags/user95_2017-02-24.bag;0.834065854549408;0.0;0.9619645476341248;0.0;0.667477245503997;0.5991873594733563;0.40081264052664367
1730782551.9104104;/app/bags/user95_2017-02-24.bag;0.834065854549408;0.0;0.9619645476341248;0.0;0.667477245503997;0.5991873594733563;0.40081264052664367
1730782552.1103911;/app/bags/user95_2017-02-24.bag;0.834065854549408;0.0;0.9619645476341248;0.0;0.667477245503997;0.5991873594733563;0.40081264052664367
1730782552.3103738;/app/bags/user95_2017-02-24.bag;0.834065854549408;0.0;0.9619645476341248;0.0;0.667477245503997;0.5991873594733563;0.40081264052664367
1730782552.5106232;/app/bags/user95_2017-02-24.bag;0.834065854549408;0.0;0.9619645476341248;0.0;0.667477245503997;0.5991873594733563;0.40081264052664367
1730782552.7104042;/app/bags/user95_2017-02-24.bag;0.834065854549408;0.0;0.9619645476341248;0.0;0.667477245503997;0.5991873594733563;0.40081264052664367
1730782552.9103668;/app/bags/user95_2017-02-24.bag;0.834065854549408;0.0;0.9619645476341248;0.0;0.667477245503997;0.5991873594733563;0.40081264052664367
1730782553.110393;/app/bags/user95_2017-02-24.bag;0.834065854549408;0.0;0.9619645476341248;0.0;0.667477245503997;0.5991873594733563;0.40081264052664367
1730782553.3104477;/app/bags/user95_2017-02-24.bag;0.834065854549408;0.0;0.9619645476341248;0.0;0.667477245503997;0.5991873594733563;0.40081264052664367
1730782553.5103774;/app/bags/user95_2017-02-24.bag;0.834065854549408;0.0;0.9619645476341248;0.0;0.667477245503997;0.5991873594733563;0.40081264052664367
1730782553.710419;/app/bags/user95_2017-02-24.bag;0.834065854549408;0.0;0.9619645476341248;0.0;0.667477245503997;0.5991873594733563;0.40081264052664367
1730782553.9103973;/app/bags/user95_2017-02-24.bag;0.834065854549408;0.0;0.9619645476341248;0.0;0.667477245503997;0.5991873594733563;0.40081264052664367
1730782554.110421;/app/bags/user95_2017-02-24.bag;0.834065854549408;0.0;0.9619645476341248;0.0;0.667477245503997;0.5991873594733563;0.40081264052664367
1730782554.3103824;/app/bags/user95_2017-02-24.bag;0.834065854549408;0.0;0.9619645476341248;0.0;0.667477245503997;0.5991873594733563;0.40081264052664367
1730782554.5103858;/app/bags/user95_2017-02-24.bag;0.834065854549408;0.0;0.9619645476341248;0.0;0.667477245503997;0.5991873594733563;0.40081264052664367
1730782554.710386;/app/bags/user95_2017-02-24.bag;0.834065854549408;0.0;0.9619645476341248;0.0;0.667477245503997;0.5991873594733563;0.40081264052664367
1730782554.910436;/app/bags/user95_2017-02-24.bag;0.834065854549408;0.0;0.9619645476341248;0.0;0.667477245503997;0.5991873594733563;0.40081264052664367
1730782555.1104143;/app/bags/user95_2017-02-24.bag;0.834065854549408;0.0;0.9619645476341248;0.0;0.667477245503997;0.5991873594733563;0.40081264052664367
1730782555.3103726;/app/bags/user95_2017-02-24.bag;0.834065854549408;0.0;0.9619645476341248;0.0;0.667477245503997;0.5991873594733563;0.40081264052664367
1730782555.510373;/app/bags/user95_2017-02-24.bag;0.834065854549408;0.0;0.9619645476341248;0.0;0.667477245503997;0.5991873594733563;0.40081264052664367
1730782555.7103941;/app/bags/user95_2017-02-24.bag;0.834065854549408;0.0;0.9619645476341248;0.0;0.667477245503997;0.5991873594733563;0.40081264052664367
1730782555.9104137;/app/bags/user95_2017-02-24.bag;0.834065854549408;0.0;0.9619645476341248;0.0;0.667477245503997;0.5991873594733563;0.40081264052664367
1730782556.1103776;/app/bags/user95_2017-02-24.bag;0.834065854549408;0.0;0.9619645476341248;0.0;0.667477245503997;0.5991873594733563;0.40081264052664367
1730782556.3103852;/app/bags/user95_2017-02-24.bag;0.834065854549408;0.0;0.9619645476341248;0.0;0.667477245503997;0.5991873594733563;0.40081264052664367
1730782556.51043;/app/bags/user95_2017-02-24.bag;0.834065854549408;0.0;0.9619645476341248;0.0;0.667477245503997;0.5991873594733563;0.40081264052664367
1730782556.7103665;/app/bags/user95_2017-02-24.bag;0.834065854549408;0.0;0.9619645476341248;0.0;0.667477245503997;0.5991873594733563;0.40081264052664367
1730782556.91019;/app/bags/user95_2017-02-24.bag;0.834065854549408;0.0;0.9619645476341248;0.0;0.667477245503997;0.5991873594733563;0.40081264052664367
1730782557.1103911;/app/bags/user95_2017-02-24.bag;0.834065854549408;0.0;0.9619645476341248;0.0;0.667477245503997;0.5991873594733563;0.40081264052664367
1730782557.3104255;/app/bags/user95_2017-02-24.bag;0.834065854549408;0.0;0.9619645476341248;0.0;0.667477245503997;0.5991873594733563;0.40081264052664367
1730782557.5103693;/app/bags/user95_2017-02-24.bag;0.834065854549408;0.0;0.9619645476341248;0.0;0.667477245503997;0.5991873594733563;0.40081264052664367
1730782557.7104547;/app/bags/user95_2017-02-24.bag;0.834065854549408;0.0;0.9619645476341248;0.0;0.667477245503997;0.5991873594733563;0.40081264052664367
1730782557.9104326;/app/bags/user95_2017-02-24.bag;0.834065854549408;0.0;0.9619645476341248;0.0;0.667477245503997;0.5991873594733563;0.40081264052664367
1730782558.1103995;/app/bags/user95_2017-02-24.bag;0.834065854549408;0.0;0.9619645476341248;0.0;0.667477245503997;0.5991873594733563;0.40081264052664367
1730782558.3103924;/app/bags/user95_2017-02-24.bag;0.834065854549408;0.0;0.9619645476341248;0.0;0.667477245503997;0.5991873594733563;0.40081264052664367
1730782558.510397;/app/bags/user95_2017-02-24.bag;0.834065854549408;0.0;0.9619645476341248;0.0;0.667477245503997;0.5991873594733563;0.40081264052664367
1730782558.710363;/app/bags/user95_2017-02-24.bag;0.834065854549408;0.0;0.9619645476341248;0.0;0.667477245503997;0.5991873594733563;0.40081264052664367
1730782558.9103842;/app/bags/user95_2017-02-24.bag;0.834065854549408;0.0;0.9619645476341248;0.0;0.667477245503997;0.5991873594733563;0.40081264052664367
1730782559.1104362;/app/bags/user95_2017-02-24.bag;0.834065854549408;0.0;0.9619645476341248;0.0;0.667477245503997;0.5991873594733563;0.40081264052664367
1730782559.3103964;/app/bags/user95_2017-02-24.bag;0.834065854549408;0.0;0.9619645476341248;0.0;0.667477245503997;0.5991873594733563;0.40081264052664367
1730782559.5103705;/app/bags/user95_2017-02-24.bag;0.834065854549408;0.0;0.9619645476341248;0.0;0.667477245503997;0.5991873594733563;0.40081264052664367
1730782559.7103937;/app/bags/user95_2017-02-24.bag;0.834065854549408;0.0;0.9619645476341248;0.0;0.667477245503997;0.5991873594733563;0.40081264052664367
1730782559.910499;/app/bags/user95_2017-02-24.bag;0.834065854549408;0.0;0.9619645476341248;0.0;0.667477245503997;0.5991873594733563;0.40081264052664367
1730782560.1103826;/app/bags/user95_2017-02-24.bag;0.834065854549408;0.0;0.9619645476341248;0.0;0.667477245503997;0.5991873594733563;0.40081264052664367
1730782560.310414;/app/bags/user95_2017-02-24.bag;0.834065854549408;0.0;0.9619645476341248;0.0;0.667477245503997;0.5991873594733563;0.40081264052664367
1730782560.510382;/app/bags/user95_2017-02-24.bag;0.834065854549408;0.0;0.9619645476341248;0.0;0.667477245503997;0.5991873594733563;0.40081264052664367
1730782560.7104075;/app/bags/user95_2017-02-24.bag;0.834065854549408;0.0;0.9619645476341248;0.0;0.667477245503997;0.5991873594733563;0.40081264052664367
1730782560.9104233;/app/bags/user95_2017-02-24.bag;0.834065854549408;0.0;0.9619645476341248;0.0;0.667477245503997;0.5991873594733563;0.40081264052664367
1730782561.1103666;/app/bags/user95_2017-02-24.bag;0.834065854549408;0.0;0.9619645476341248;0.0;0.667477245503997;0.5991873594733563;0.40081264052664367
1730782561.3103762;/app/bags/user95_2017-02-24.bag;0.834065854549408;0.0;0.9619645476341248;0.0;0.667477245503997;0.5991873594733563;0.40081264052664367
1730782561.5103855;/app/bags/user95_2017-02-24.bag;0.834065854549408;0.0;0.9619645476341248;0.0;0.667477245503997;0.5991873594733563;0.40081264052664367
1730782561.7104194;/app/bags/user95_2017-02-24.bag;0.834065854549408;0.0;0.9619645476341248;0.0;0.667477245503997;0.5991873594733563;0.40081264052664367
1730782561.9104052;/app/bags/user95_2017-02-24.bag;0.834065854549408;0.0;0.9619645476341248;0.0;0.667477245503997;0.5991873594733563;0.40081264052664367
1730782562.1103835;/app/bags/user95_2017-02-24.bag;0.834065854549408;0.0;0.9619645476341248;0.0;0.667477245503997;0.5991873594733563;0.40081264052664367
1730782562.3103836;/app/bags/user95_2017-02-24.bag;0.834065854549408;0.0;0.9619645476341248;0.0;0.667477245503997;0.5991873594733563;0.40081264052664367
1730782562.510462;/app/bags/user95_2017-02-24.bag;0.834065854549408;0.0;0.9619645476341248;0.0;0.667477245503997;0.5991873594733563;0.40081264052664367
1730782562.7103837;/app/bags/user95_2017-02-24.bag;0.834065854549408;0.0;0.9619645476341248;0.0;0.667477245503997;0.5991873594733563;0.40081264052664367
1730782562.9103699;/app/bags/user95_2017-02-24.bag;0.834065854549408;0.0;0.9619645476341248;0.0;0.667477245503997;0.5991873594733563;0.40081264052664367
1730782563.1103814;/app/bags/user95_2017-02-24.bag;0.834065854549408;0.0;0.9619645476341248;0.0;0.667477245503997;0.5991873594733563;0.40081264052664367
1730782563.3103998;/app/bags/user95_2017-02-24.bag;0.834065854549408;0.0;0.9619645476341248;0.0;0.667477245503997;0.5991873594733563;0.40081264052664367
1730782563.510397;/app/bags/user95_2017-02-24.bag;0.834065854549408;0.0;0.9619645476341248;0.0;0.667477245503997;0.5991873594733563;0.40081264052664367
1730782563.7104185;/app/bags/user95_2017-02-24.bag;0.834065854549408;0.0;0.9619645476341248;0.0;0.667477245503997;0.5991873594733563;0.40081264052664367
1730782563.9103725;/app/bags/user95_2017-02-24.bag;0.834065854549408;0.0;0.9619645476341248;0.0;0.667477245503997;0.5991873594733563;0.40081264052664367
1730782564.1103823;/app/bags/user95_2017-02-24.bag;0.834065854549408;0.0;0.9619645476341248;0.0;0.667477245503997;0.5991873594733563;0.40081264052664367
1730782564.3103797;/app/bags/user95_2017-02-24.bag;0.834065854549408;0.0;0.9619645476341248;0.0;0.667477245503997;0.5991873594733563;0.40081264052664367
1730782564.5103927;/app/bags/user95_2017-02-24.bag;0.834065854549408;0.0;0.9619645476341248;0.0;0.667477245503997;0.5991873594733563;0.40081264052664367
1730782564.7103746;/app/bags/user95_2017-02-24.bag;0.834065854549408;0.0;0.9619645476341248;0.0;0.667477245503997;0.5991873594733563;0.40081264052664367
1730782564.9105062;/app/bags/user95_2017-02-24.bag;0.834065854549408;0.0;0.9619645476341248;0.0;0.667477245503997;0.5991873594733563;0.40081264052664367
1730782565.110364;/app/bags/user95_2017-02-24.bag;0.834065854549408;0.0;0.9619645476341248;0.0;0.667477245503997;0.5991873594733563;0.40081264052664367
1730782565.3104463;/app/bags/user95_2017-02-24.bag;0.834065854549408;0.0;0.9619645476341248;0.0;0.667477245503997;0.5991873594733563;0.40081264052664367
1730782565.5103652;/app/bags/user95_2017-02-24.bag;0.834065854549408;0.0;0.9619645476341248;0.0;0.667477245503997;0.5991873594733563;0.40081264052664367
1730782565.7103693;/app/bags/user95_2017-02-24.bag;0.834065854549408;0.0;0.9619645476341248;0.0;0.667477245503997;0.5991873594733563;0.40081264052664367
1730782565.9103773;/app/bags/user95_2017-02-24.bag;0.834065854549408;0.0;0.9619645476341248;0.0;0.667477245503997;0.5991873594733563;0.40081264052664367
1730782566.110373;/app/bags/user95_2017-02-24.bag;0.834065854549408;0.0;0.9619645476341248;0.0;0.667477245503997;0.5991873594733563;0.40081264052664367
1730782566.3103724;/app/bags/user95_2017-02-24.bag;0.834065854549408;0.0;0.9619645476341248;0.0;0.667477245503997;0.5991873594733563;0.40081264052664367
1730782566.5103943;/app/bags/user95_2017-02-24.bag;0.834065854549408;0.0;0.9619645476341248;0.0;0.667477245503997;0.5991873594733563;0.40081264052664367
1730782566.710452;/app/bags/user95_2017-02-24.bag;0.834065854549408;0.0;0.9619645476341248;0.0;0.667477245503997;0.5991873594733563;0.40081264052664367
1730782566.910409;/app/bags/user95_2017-02-24.bag;0.834065854549408;0.0;0.9619645476341248;0.0;0.667477245503997;0.5991873594733563;0.40081264052664367
1730782567.1104105;/app/bags/user95_2017-02-24.bag;0.834065854549408;0.0;0.9619645476341248;0.0;0.667477245503997;0.5991873594733563;0.40081264052664367
1730782567.3103955;/app/bags/user95_2017-02-24.bag;0.834065854549408;0.0;0.9619645476341248;0.0;0.667477245503997;0.5991873594733563;0.40081264052664367
1730782567.510445;/app/bags/user95_2017-02-24.bag;0.834065854549408;0.0;0.9619645476341248;0.0;0.667477245503997;0.5991873594733563;0.40081264052664367
1730782567.710367;/app/bags/user95_2017-02-24.bag;0.834065854549408;0.0;0.9619645476341248;0.0;0.667477245503997;0.5991873594733563;0.40081264052664367
1730782567.9103544;/app/bags/user95_2017-02-24.bag;0.834065854549408;0.0;0.9619645476341248;0.0;0.667477245503997;0.5991873594733563;0.40081264052664367
1730782568.1104193;/app/bags/user95_2017-02-24.bag;0.834065854549408;0.0;0.9619645476341248;0.0;0.667477245503997;0.5991873594733563;0.40081264052664367
1730782568.3104877;/app/bags/user95_2017-02-24.bag;0.834065854549408;0.0;0.9619645476341248;0.0;0.667477245503997;0.5991873594733563;0.40081264052664367
1730782568.5103843;/app/bags/user95_2017-02-24.bag;0.834065854549408;0.0;0.9619645476341248;0.0;0.667477245503997;0.5991873594733563;0.40081264052664367
1730782568.7104425;/app/bags/user95_2017-02-24.bag;0.834065854549408;0.0;0.9619645476341248;0.0;0.667477245503997;0.5991873594733563;0.40081264052664367
1730782568.91048;/app/bags/user95_2017-02-24.bag;0.834065854549408;0.0;0.9619645476341248;0.0;0.667477245503997;0.5991873594733563;0.40081264052664367
1730782569.1103823;/app/bags/user95_2017-02-24.bag;0.834065854549408;0.0;0.9619645476341248;0.0;0.667477245503997;0.5991873594733563;0.40081264052664367
1730782569.31042;/app/bags/user95_2017-02-24.bag;0.834065854549408;0.0;0.9619645476341248;0.0;0.667477245503997;0.5991873594733563;0.40081264052664367
1730782569.5104315;/app/bags/user95_2017-02-24.bag;0.834065854549408;0.0;0.9619645476341248;0.0;0.667477245503997;0.5991873594733563;0.40081264052664367
1730782569.710434;/app/bags/user95_2017-02-24.bag;0.834065854549408;0.0;0.9619645476341248;0.0;0.667477245503997;0.5991873594733563;0.40081264052664367
1730782569.9103835;/app/bags/user95_2017-02-24.bag;0.834065854549408;0.0;0.9619645476341248;0.0;0.667477245503997;0.5991873594733563;0.40081264052664367
1730782570.1104023;/app/bags/user95_2017-02-24.bag;0.834065854549408;0.0;0.9619645476341248;0.0;0.667477245503997;0.5991873594733563;0.40081264052664367
1730782570.3103673;/app/bags/user95_2017-02-24.bag;0.834065854549408;0.0;0.9619645476341248;0.0;0.667477245503997;0.5991873594733563;0.40081264052664367
1730782570.5103776;/app/bags/user95_2017-02-24.bag;0.834065854549408;0.0;0.9619645476341248;0.0;0.667477245503997;0.5991873594733563;0.40081264052664367
1730782570.7104099;/app/bags/user95_2017-02-24.bag;0.834065854549408;0.0;0.9619645476341248;0.0;0.667477245503997;0.5991873594733563;0.40081264052664367
1730782570.9103963;/app/bags/user95_2017-02-24.bag;0.834065854549408;0.0;0.9619645476341248;0.0;0.667477245503997;0.5991873594733563;0.40081264052664367
1730782571.11047;/app/bags/user95_2017-02-24.bag;0.834065854549408;0.0;0.9619645476341248;0.0;0.667477245503997;0.5991873594733563;0.40081264052664367
1730782571.3103945;/app/bags/user95_2017-02-24.bag;0.834065854549408;0.0;0.9619645476341248;0.0;0.667477245503997;0.5991873594733563;0.40081264052664367
1730782571.510446;/app/bags/user95_2017-02-24.bag;0.834065854549408;0.0;0.9619645476341248;0.0;0.667477245503997;0.5991873594733563;0.40081264052664367
1730782571.7103972;/app/bags/user95_2017-02-24.bag;0.834065854549408;0.0;0.9619645476341248;0.0;0.667477245503997;0.5991873594733563;0.40081264052664367
1730782571.9144387;/app/bags/user95_2017-02-24.bag;0.834065854549408;0.0;0.9619645476341248;0.0;0.667477245503997;0.5991873594733563;0.40081264052664367
1730782572.1103666;/app/bags/user95_2017-02-24.bag;0.834065854549408;0.0;0.9619645476341248;0.0;0.667477245503997;0.5991873594733563;0.40081264052664367
1730782572.3104336;/app/bags/user95_2017-02-24.bag;0.834065854549408;0.0;0.9619645476341248;0.0;0.667477245503997;0.5991873594733563;0.40081264052664367
1730782572.510352;/app/bags/user95_2017-02-24.bag;0.834065854549408;0.0;0.9619645476341248;0.0;0.667477245503997;0.5991873594733563;0.40081264052664367
1730782572.7104368;/app/bags/user95_2017-02-24.bag;0.834065854549408;0.0;0.9619645476341248;0.0;0.667477245503997;0.5991873594733563;0.40081264052664367
1730782572.9103937;/app/bags/user95_2017-02-24.bag;0.834065854549408;0.0;0.9619645476341248;0.0;0.667477245503997;0.5991873594733563;0.40081264052664367
1730782573.1103787;/app/bags/user95_2017-02-24.bag;0.834065854549408;0.0;0.9619645476341248;0.0;0.667477245503997;0.5991873594733563;0.40081264052664367
1730782573.310356;/app/bags/user95_2017-02-24.bag;0.834065854549408;0.0;0.9619645476341248;0.0;0.667477245503997;0.5991873594733563;0.40081264052664367
1730782573.5104218;/app/bags/user95_2017-02-24.bag;0.834065854549408;0.0;0.9619645476341248;0.0;0.667477245503997;0.5991873594733563;0.40081264052664367
1730782573.710487;/app/bags/user95_2017-02-24.bag;0.834065854549408;0.0;0.9619645476341248;0.0;0.667477245503997;0.5991873594733563;0.40081264052664367
1730782573.9104266;/app/bags/user95_2017-02-24.bag;0.834065854549408;0.0;0.9619645476341248;0.0;0.667477245503997;0.5991873594733563;0.40081264052664367
1730782574.110383;/app/bags/user95_2017-02-24.bag;0.834065854549408;0.0;0.9619645476341248;0.0;0.667477245503997;0.5991873594733563;0.40081264052664367
1730782574.3104002;/app/bags/user95_2017-02-24.bag;0.834065854549408;0.0;0.9619645476341248;0.0;0.667477245503997;0.5991873594733563;0.40081264052664367
1730782574.5104065;/app/bags/user95_2017-02-24.bag;0.834065854549408;0.0;0.9619645476341248;0.0;0.667477245503997;0.5991873594733563;0.40081264052664367
1730782574.7103558;/app/bags/user95_2017-02-24.bag;0.834065854549408;0.0;0.9619645476341248;0.0;0.667477245503997;0.5991873594733563;0.40081264052664367
1730782574.9103656;/app/bags/user95_2017-02-24.bag;0.834065854549408;0.0;0.9619645476341248;0.0;0.667477245503997;0.5991873594733563;0.40081264052664367
1730782575.110379;/app/bags/user95_2017-02-24.bag;0.834065854549408;0.0;0.9619645476341248;0.0;0.667477245503997;0.5991873594733563;0.40081264052664367
1730782575.3103826;/app/bags/user95_2017-02-24.bag;0.834065854549408;0.0;0.9619645476341248;0.0;0.667477245503997;0.5991873594733563;0.40081264052664367
1730782575.5105422;/app/bags/user95_2017-02-24.bag;0.834065854549408;0.0;0.9619645476341248;0.0;0.667477245503997;0.5991873594733563;0.40081264052664367
1730782575.7104278;/app/bags/user95_2017-02-24.bag;0.834065854549408;0.0;0.9619645476341248;0.0;0.667477245503997;0.5991873594733563;0.40081264052664367
1730782575.9103725;/app/bags/user95_2017-02-24.bag;0.834065854549408;0.0;0.9619645476341248;0.0;0.667477245503997;0.5991873594733563;0.40081264052664367
1730782576.110376;/app/bags/user95_2017-02-24.bag;0.834065854549408;0.0;0.9619645476341248;0.0;0.667477245503997;0.5991873594733563;0.40081264052664367
1730782576.3104398;/app/bags/user95_2017-02-24.bag;0.834065854549408;0.0;0.9619645476341248;0.0;0.667477245503997;0.5991873594733563;0.40081264052664367
1730782576.5104215;/app/bags/user95_2017-02-24.bag;0.834065854549408;0.0;0.9619645476341248;0.0;0.667477245503997;0.5991873594733563;0.40081264052664367
1730782576.7104309;/app/bags/user95_2017-02-24.bag;0.834065854549408;0.0;0.9619645476341248;0.0;0.667477245503997;0.5991873594733563;0.40081264052664367
1730782576.9104304;/app/bags/user95_2017-02-24.bag;0.834065854549408;0.0;0.9619645476341248;0.0;0.667477245503997;0.5991873594733563;0.40081264052664367
1730782577.1104212;/app/bags/user95_2017-02-24.bag;0.834065854549408;0.0;0.9619645476341248;0.0;0.667477245503997;0.5991873594733563;0.40081264052664367
1730782577.310411;/app/bags/user95_2017-02-24.bag;0.834065854549408;0.0;0.9619645476341248;0.0;0.667477245503997;0.5991873594733563;0.40081264052664367
1730782577.5104306;/app/bags/user95_2017-02-24.bag;0.834065854549408;0.0;0.9619645476341248;0.0;0.667477245503997;0.5991873594733563;0.40081264052664367
1730782577.7103891;/app/bags/user95_2017-02-24.bag;0.834065854549408;0.0;0.9619645476341248;0.0;0.667477245503997;0.5991873594733563;0.40081264052664367
1730782577.9103591;/app/bags/user95_2017-02-24.bag;0.834065854549408;0.0;0.9619645476341248;0.0;0.667477245503997;0.5991873594733563;0.40081264052664367
1730782578.110336;/app/bags/user95_2017-02-24.bag;0.834065854549408;0.0;0.9619645476341248;0.0;0.667477245503997;0.5991873594733563;0.40081264052664367
1730782578.3103607;/app/bags/user95_2017-02-24.bag;0.834065854549408;0.0;0.9619645476341248;0.0;0.667477245503997;0.5991873594733563;0.40081264052664367
1730782578.510378;/app/bags/user95_2017-02-24.bag;0.834065854549408;0.0;0.9619645476341248;0.0;0.667477245503997;0.5991873594733563;0.40081264052664367
1730782578.7104065;/app/bags/user95_2017-02-24.bag;0.834065854549408;0.0;0.9619645476341248;0.0;0.667477245503997;0.5991873594733563;0.40081264052664367
1730782578.910398;/app/bags/user95_2017-02-24.bag;0.834065854549408;0.0;0.9619645476341248;0.0;0.667477245503997;0.5991873594733563;0.40081264052664367
1730782579.110587;/app/bags/user95_2017-02-24.bag;0.834065854549408;0.0;0.9619645476341248;0.0;0.667477245503997;0.5991873594733563;0.40081264052664367
1730782579.3106532;/app/bags/user95_2017-02-24.bag;0.834065854549408;0.0;0.9619645476341248;0.0;0.667477245503997;0.5991873594733563;0.40081264052664367
1730782579.5104551;/app/bags/user95_2017-02-24.bag;0.834065854549408;0.0;0.9619645476341248;0.0;0.667477245503997;0.5991873594733563;0.40081264052664367
1730782579.71046;/app/bags/user95_2017-02-24.bag;0.834065854549408;0.0;0.9619645476341248;0.0;0.667477245503997;0.5991873594733563;0.40081264052664367
1730782579.9105241;/app/bags/user95_2017-02-24.bag;0.834065854549408;0.0;0.9619645476341248;0.0;0.667477245503997;0.5991873594733563;0.40081264052664367
1730782580.1103957;/app/bags/user95_2017-02-24.bag;0.834065854549408;0.0;0.9619645476341248;0.0;0.667477245503997;0.5991873594733563;0.40081264052664367
1730782580.3103728;/app/bags/user95_2017-02-24.bag;0.834065854549408;0.0;0.9619645476341248;0.0;0.667477245503997;0.5991873594733563;0.40081264052664367
1730782580.510419;/app/bags/user95_2017-02-24.bag;0.834065854549408;0.0;0.9619645476341248;0.0;0.667477245503997;0.5991873594733563;0.40081264052664367
1730782580.7104309;/app/bags/user95_2017-02-24.bag;0.834065854549408;0.0;0.9619645476341248;0.0;0.667477245503997;0.5991873594733563;0.40081264052664367
1730782580.910387;/app/bags/user95_2017-02-24.bag;0.834065854549408;0.0;0.9619645476341248;0.0;0.667477245503997;0.5991873594733563;0.40081264052664367
1730782581.1103945;/app/bags/user95_2017-02-24.bag;0.834065854549408;0.0;0.9619645476341248;0.0;0.667477245503997;0.5991873594733563;0.40081264052664367
1730782581.3104508;/app/bags/user95_2017-02-24.bag;0.834065854549408;0.0;0.9619645476341248;0.0;0.667477245503997;0.5991873594733563;0.40081264052664367
1730782581.5105624;/app/bags/user95_2017-02-24.bag;0.834065854549408;0.0;0.9619645476341248;0.0;0.667477245503997;0.5991873594733563;0.40081264052664367
1730782581.7104123;/app/bags/user95_2017-02-24.bag;0.834065854549408;0.0;0.9619645476341248;0.0;0.667477245503997;0.5991873594733563;0.40081264052664367
1730782581.9104035;/app/bags/user95_2017-02-24.bag;0.834065854549408;0.0;0.9619645476341248;0.0;0.667477245503997;0.5991873594733563;0.40081264052664367
1730782582.1103997;/app/bags/user95_2017-02-24.bag;0.834065854549408;0.0;0.9619645476341248;0.0;0.667477245503997;0.5991873594733563;0.40081264052664367
1730782582.3104095;/app/bags/user95_2017-02-24.bag;0.834065854549408;0.0;0.9619645476341248;0.0;0.667477245503997;0.5991873594733563;0.40081264052664367
1730782582.510405;/app/bags/user95_2017-02-24.bag;0.834065854549408;0.0;0.9619645476341248;0.0;0.667477245503997;0.5991873594733563;0.40081264052664367
1730782582.7103763;/app/bags/user95_2017-02-24.bag;0.834065854549408;0.0;0.9619645476341248;0.0;0.667477245503997;0.5991873594733563;0.40081264052664367
1730782582.9104204;/app/bags/user95_2017-02-24.bag;0.834065854549408;0.0;0.9619645476341248;0.0;0.667477245503997;0.5991873594733563;0.40081264052664367
1730782583.11038;/app/bags/user95_2017-02-24.bag;0.834065854549408;0.0;0.9619645476341248;0.0;0.667477245503997;0.5991873594733563;0.40081264052664367
1730782583.3103848;/app/bags/user95_2017-02-24.bag;0.834065854549408;0.0;0.9619645476341248;0.0;0.667477245503997;0.5991873594733563;0.40081264052664367
1730782583.51037;/app/bags/user95_2017-02-24.bag;0.834065854549408;0.0;0.9619645476341248;0.0;0.667477245503997;0.5991873594733563;0.40081264052664367
1730782583.7103794;/app/bags/user95_2017-02-24.bag;0.834065854549408;0.0;0.9619645476341248;0.0;0.667477245503997;0.5991873594733563;0.40081264052664367
1730782583.9103673;/app/bags/user95_2017-02-24.bag;0.834065854549408;0.0;0.9619645476341248;0.0;0.667477245503997;0.5991873594733563;0.40081264052664367
1730782584.1104605;/app/bags/user95_2017-02-24.bag;0.834065854549408;0.0;0.9619645476341248;0.0;0.667477245503997;0.5991873594733563;0.40081264052664367
1730782584.3104017;/app/bags/user95_2017-02-24.bag;0.834065854549408;0.0;0.9619645476341248;0.0;0.667477245503997;0.5991873594733563;0.40081264052664367
1730782584.5103927;/app/bags/user95_2017-02-24.bag;0.834065854549408;0.0;0.9619645476341248;0.0;0.667477245503997;0.5991873594733563;0.40081264052664367
1730782584.7103617;/app/bags/user95_2017-02-24.bag;0.834065854549408;0.0;0.9619645476341248;0.0;0.667477245503997;0.5991873594733563;0.40081264052664367
1730782584.9104292;/app/bags/user95_2017-02-24.bag;0.834065854549408;0.0;0.9619645476341248;0.0;0.667477245503997;0.5991873594733563;0.40081264052664367
1730782585.1103706;/app/bags/user95_2017-02-24.bag;0.834065854549408;0.0;0.9619645476341248;0.0;0.667477245503997;0.5991873594733563;0.40081264052664367
1730782585.3103814;/app/bags/user95_2017-02-24.bag;0.834065854549408;0.0;0.9619645476341248;0.0;0.667477245503997;0.5991873594733563;0.40081264052664367
1730782585.5103467;/app/bags/user95_2017-02-24.bag;0.834065854549408;0.0;0.9619645476341248;0.0;0.667477245503997;0.5991873594733563;0.40081264052664367
1730782585.7103705;/app/bags/user95_2017-02-24.bag;0.834065854549408;0.0;0.9619645476341248;0.0;0.667477245503997;0.5991873594733563;0.40081264052664367
1730782585.9104152;/app/bags/user95_2017-02-24.bag;0.834065854549408;0.0;0.9619645476341248;0.0;0.667477245503997;0.5991873594733563;0.40081264052664367
1730782586.1102853;/app/bags/user95_2017-02-24.bag;0.834065854549408;0.0;0.9619645476341248;0.0;0.667477245503997;0.5991873594733563;0.40081264052664367
1730782586.31038;/app/bags/user95_2017-02-24.bag;0.834065854549408;0.0;0.9619645476341248;0.0;0.667477245503997;0.5991873594733563;0.40081264052664367
1730782586.5103908;/app/bags/user95_2017-02-24.bag;0.834065854549408;0.0;0.9619645476341248;0.0;0.667477245503997;0.5991873594733563;0.40081264052664367
1730782586.7103658;/app/bags/user95_2017-02-24.bag;0.834065854549408;0.0;0.9619645476341248;0.0;0.667477245503997;0.5991873594733563;0.40081264052664367
1730782586.9104106;/app/bags/user95_2017-02-24.bag;0.834065854549408;0.0;0.9619645476341248;0.0;0.667477245503997;0.5991873594733563;0.40081264052664367
1730782587.110367;/app/bags/user95_2017-02-24.bag;0.834065854549408;0.0;0.9619645476341248;0.0;0.667477245503997;0.5991873594733563;0.40081264052664367
1730782587.3104095;/app/bags/user95_2017-02-24.bag;0.834065854549408;0.0;0.9619645476341248;0.0;0.667477245503997;0.5991873594733563;0.40081264052664367
1730782587.5103998;/app/bags/user95_2017-02-24.bag;0.834065854549408;0.0;0.9619645476341248;0.0;0.667477245503997;0.5991873594733563;0.40081264052664367
1730782587.7103515;/app/bags/user95_2017-02-24.bag;0.834065854549408;0.0;0.9619645476341248;0.0;0.667477245503997;0.5991873594733563;0.40081264052664367
1730782587.9104252;/app/bags/user95_2017-02-24.bag;0.834065854549408;0.0;0.9619645476341248;0.0;0.667477245503997;0.5991873594733563;0.40081264052664367
1730782588.1103997;/app/bags/user95_2017-02-24.bag;0.834065854549408;0.0;0.9619645476341248;0.0;0.667477245503997;0.5991873594733563;0.40081264052664367
1730782588.3103943;/app/bags/user95_2017-02-24.bag;0.834065854549408;0.0;0.9619645476341248;0.0;0.667477245503997;0.5991873594733563;0.40081264052664367
1730782588.5103924;/app/bags/user95_2017-02-24.bag;0.834065854549408;0.0;0.9619645476341248;0.0;0.667477245503997;0.5991873594733563;0.40081264052664367
1730782588.710428;/app/bags/user95_2017-02-24.bag;0.834065854549408;0.0;0.9619645476341248;0.0;0.667477245503997;0.5991873594733563;0.40081264052664367
1730782588.9104154;/app/bags/user95_2017-02-24.bag;0.834065854549408;0.0;0.9619645476341248;0.0;0.667477245503997;0.5991873594733563;0.40081264052664367
1730782589.1103835;/app/bags/user95_2017-02-24.bag;0.834065854549408;0.0;0.9619645476341248;0.0;0.667477245503997;0.5991873594733563;0.40081264052664367
1730782589.3104267;/app/bags/user95_2017-02-24.bag;0.834065854549408;0.0;0.9619645476341248;0.0;0.667477245503997;0.5991873594733563;0.40081264052664367
1730782589.5103998;/app/bags/user95_2017-02-24.bag;0.834065854549408;0.0;0.9619645476341248;0.0;0.667477245503997;0.5991873594733563;0.40081264052664367
1730782589.7103696;/app/bags/user95_2017-02-24.bag;0.834065854549408;0.0;0.9619645476341248;0.0;0.667477245503997;0.5991873594733563;0.40081264052664367
1730782589.9103827;/app/bags/user95_2017-02-24.bag;0.834065854549408;0.0;0.9619645476341248;0.0;0.667477245503997;0.5991873594733563;0.40081264052664367
1730782590.1104045;/app/bags/user95_2017-02-24.bag;0.834065854549408;0.0;0.9619645476341248;0.0;0.667477245503997;0.5991873594733563;0.40081264052664367
1730782590.3103616;/app/bags/user95_2017-02-24.bag;0.834065854549408;0.0;0.9619645476341248;0.0;0.667477245503997;0.5991873594733563;0.40081264052664367
1730782590.5104415;/app/bags/user95_2017-02-24.bag;0.834065854549408;0.0;0.9619645476341248;0.0;0.667477245503997;0.5991873594733563;0.40081264052664367
1730782590.7103748;/app/bags/user95_2017-02-24.bag;0.834065854549408;0.0;0.9619645476341248;0.0;0.667477245503997;0.5991873594733563;0.40081264052664367
1730782590.9103804;/app/bags/user95_2017-02-24.bag;0.834065854549408;0.0;0.9619645476341248;0.0;0.667477245503997;0.5991873594733563;0.40081264052664367
1730782591.1103914;/app/bags/user95_2017-02-24.bag;0.834065854549408;0.0;0.9619645476341248;0.0;0.667477245503997;0.5991873594733563;0.40081264052664367
1730782591.3103652;/app/bags/user95_2017-02-24.bag;0.834065854549408;0.0;0.9619645476341248;0.0;0.667477245503997;0.5991873594733563;0.40081264052664367
1730782591.5104282;/app/bags/user95_2017-02-24.bag;0.834065854549408;0.0;0.9619645476341248;0.0;0.667477245503997;0.5991873594733563;0.40081264052664367
1730782591.7103388;/app/bags/user95_2017-02-24.bag;0.834065854549408;0.0;0.9619645476341248;0.0;0.667477245503997;0.5991873594733563;0.40081264052664367
1730782591.9104679;/app/bags/user95_2017-02-24.bag;0.834065854549408;0.0;0.9619645476341248;0.0;0.667477245503997;0.5991873594733563;0.40081264052664367
1730782592.1103811;/app/bags/user95_2017-02-24.bag;0.834065854549408;0.0;0.9619645476341248;0.0;0.667477245503997;0.5991873594733563;0.40081264052664367
1730782592.3104105;/app/bags/user95_2017-02-24.bag;0.834065854549408;0.0;0.9619645476341248;0.0;0.667477245503997;0.5991873594733563;0.40081264052664367
1730782592.5103865;/app/bags/user95_2017-02-24.bag;0.834065854549408;0.0;0.9619645476341248;0.0;0.667477245503997;0.5991873594733563;0.40081264052664367
1730782592.7103786;/app/bags/user95_2017-02-24.bag;0.834065854549408;0.0;0.9619645476341248;0.0;0.667477245503997;0.5991873594733563;0.40081264052664367
1730782592.9104042;/app/bags/user95_2017-02-24.bag;0.834065854549408;0.0;0.9619645476341248;0.0;0.667477245503997;0.5991873594733563;0.40081264052664367
1730782593.1104023;/app/bags/user95_2017-02-24.bag;0.834065854549408;0.0;0.9619645476341248;0.0;0.667477245503997;0.5991873594733563;0.40081264052664367
1730782593.310507;/app/bags/user95_2017-02-24.bag;0.834065854549408;0.0;0.9619645476341248;0.0;0.667477245503997;0.5991873594733563;0.40081264052664367
1730782593.510353;/app/bags/user95_2017-02-24.bag;0.834065854549408;0.0;0.9619645476341248;0.0;0.667477245503997;0.5991873594733563;0.40081264052664367
1730782593.7103922;/app/bags/user95_2017-02-24.bag;0.834065854549408;0.0;0.9619645476341248;0.0;0.667477245503997;0.5991873594733563;0.40081264052664367
1730782593.9103718;/app/bags/user95_2017-02-24.bag;0.834065854549408;0.0;0.9619645476341248;0.0;0.667477245503997;0.5991873594733563;0.40081264052664367
1730782594.1103916;/app/bags/user95_2017-02-24.bag;0.834065854549408;0.0;0.9619645476341248;0.0;0.667477245503997;0.5991873594733563;0.40081264052664367
1730782594.3103967;/app/bags/user95_2017-02-24.bag;0.834065854549408;0.0;0.9619645476341248;0.0;0.667477245503997;0.5991873594733563;0.40081264052664367
1730782594.5103583;/app/bags/user95_2017-02-24.bag;0.834065854549408;0.0;0.9619645476341248;0.0;0.667477245503997;0.5991873594733563;0.40081264052664367
1730782594.710378;/app/bags/user95_2017-02-24.bag;0.834065854549408;0.0;0.9619645476341248;0.0;0.667477245503997;0.5991873594733563;0.40081264052664367
1730782594.910399;/app/bags/user95_2017-02-24.bag;0.834065854549408;0.0;0.9619645476341248;0.0;0.667477245503997;0.5991873594733563;0.40081264052664367
1730782595.1103806;/app/bags/user95_2017-02-24.bag;0.834065854549408;0.0;0.9619645476341248;0.0;0.667477245503997;0.5991873594733563;0.40081264052664367
1730782595.3103485;/app/bags/user95_2017-02-24.bag;0.834065854549408;0.0;0.9619645476341248;0.0;0.667477245503997;0.5991873594733563;0.40081264052664367
1730782595.5104227;/app/bags/user95_2017-02-24.bag;0.834065854549408;0.0;0.9619645476341248;0.0;0.667477245503997;0.5991873594733563;0.40081264052664367
1730782595.7104146;/app/bags/user95_2017-02-24.bag;0.834065854549408;0.0;0.9619645476341248;0.0;0.667477245503997;0.5991873594733563;0.40081264052664367
1730782595.910381;/app/bags/user95_2017-02-24.bag;0.834065854549408;0.0;0.9619645476341248;0.0;0.667477245503997;0.5991873594733563;0.40081264052664367
1730782596.1103995;/app/bags/user95_2017-02-24.bag;0.834065854549408;0.0;0.9619645476341248;0.0;0.667477245503997;0.5991873594733563;0.40081264052664367
1730782596.3103878;/app/bags/user95_2017-02-24.bag;0.834065854549408;0.0;0.9619645476341248;0.0;0.667477245503997;0.5991873594733563;0.40081264052664367
1730782596.5103934;/app/bags/user95_2017-02-24.bag;0.834065854549408;0.0;0.9619645476341248;0.0;0.667477245503997;0.5991873594733563;0.40081264052664367
1730782596.7104108;/app/bags/user95_2017-02-24.bag;0.834065854549408;0.0;0.9619645476341248;0.0;0.667477245503997;0.5991873594733563;0.40081264052664367
1730782596.9103742;/app/bags/user95_2017-02-24.bag;0.834065854549408;0.0;0.9619645476341248;0.0;0.667477245503997;0.5991873594733563;0.40081264052664367
1730782597.1103623;/app/bags/user95_2017-02-24.bag;0.834065854549408;0.0;0.9619645476341248;0.0;0.667477245503997;0.5991873594733563;0.40081264052664367
1730782597.3103905;/app/bags/user95_2017-02-24.bag;0.834065854549408;0.0;0.9619645476341248;0.0;0.667477245503997;0.5991873594733563;0.40081264052664367
1730782597.5103986;/app/bags/user95_2017-02-24.bag;0.834065854549408;0.0;0.9619645476341248;0.0;0.667477245503997;0.5991873594733563;0.40081264052664367
1730782597.7104218;/app/bags/user95_2017-02-24.bag;0.834065854549408;0.0;0.9619645476341248;0.0;0.667477245503997;0.5991873594733563;0.40081264052664367
1730782597.9104152;/app/bags/user95_2017-02-24.bag;0.834065854549408;0.0;0.9619645476341248;0.0;0.667477245503997;0.5991873594733563;0.40081264052664367
1730782598.1103754;/app/bags/user95_2017-02-24.bag;0.834065854549408;0.0;0.9619645476341248;0.0;0.667477245503997;0.5991873594733563;0.40081264052664367
1730782598.310375;/app/bags/user95_2017-02-24.bag;0.834065854549408;0.0;0.9619645476341248;0.0;0.667477245503997;0.5991873594733563;0.40081264052664367
1730782598.51039;/app/bags/user95_2017-02-24.bag;0.834065854549408;0.0;0.9619645476341248;0.0;0.667477245503997;0.5991873594733563;0.40081264052664367
1730782598.7104015;/app/bags/user95_2017-02-24.bag;0.834065854549408;0.0;0.9619645476341248;0.0;0.667477245503997;0.5991873594733563;0.40081264052664367
1730782598.9103925;/app/bags/user95_2017-02-24.bag;0.834065854549408;0.0;0.9619645476341248;0.0;0.667477245503997;0.5991873594733563;0.40081264052664367
1730782599.1104474;/app/bags/user95_2017-02-24.bag;0.834065854549408;0.0;0.9619645476341248;0.0;0.667477245503997;0.5991873594733563;0.40081264052664367
1730782599.3103971;/app/bags/user95_2017-02-24.bag;0.834065854549408;0.0;0.9619645476341248;0.0;0.667477245503997;0.5991873594733563;0.40081264052664367
1730782599.5104082;/app/bags/user95_2017-02-24.bag;0.834065854549408;0.0;0.9619645476341248;0.0;0.667477245503997;0.5991873594733563;0.40081264052664367
1730782599.7103846;/app/bags/user95_2017-02-24.bag;0.834065854549408;0.0;0.9619645476341248;0.0;0.667477245503997;0.5991873594733563;0.40081264052664367
1730782599.9103675;/app/bags/user95_2017-02-24.bag;0.834065854549408;0.0;0.9619645476341248;0.0;0.667477245503997;0.5991873594733563;0.40081264052664367
1730782600.1103656;/app/bags/user95_2017-02-24.bag;0.834065854549408;0.0;0.9619645476341248;0.0;0.667477245503997;0.5991873594733563;0.40081264052664367
1730782600.310377;/app/bags/user95_2017-02-24.bag;0.834065854549408;0.0;0.9619645476341248;0.0;0.667477245503997;0.5991873594733563;0.40081264052664367
1730782600.5103962;/app/bags/user95_2017-02-24.bag;0.834065854549408;0.0;0.9619645476341248;0.0;0.667477245503997;0.5991873594733563;0.40081264052664367
1730782600.710396;/app/bags/user95_2017-02-24.bag;0.834065854549408;0.0;0.9619645476341248;0.0;0.667477245503997;0.5991873594733563;0.40081264052664367
1730782600.9103856;/app/bags/user95_2017-02-24.bag;0.834065854549408;0.0;0.9619645476341248;0.0;0.667477245503997;0.5991873594733563;0.40081264052664367
1730782601.1103952;/app/bags/user95_2017-02-24.bag;0.834065854549408;0.0;0.9619645476341248;0.0;0.667477245503997;0.5991873594733563;0.40081264052664367
1730782601.3103874;/app/bags/user95_2017-02-24.bag;0.834065854549408;0.0;0.9619645476341248;0.0;0.667477245503997;0.5991873594733563;0.40081264052664367
1730782601.5103755;/app/bags/user95_2017-02-24.bag;0.834065854549408;0.0;0.9619645476341248;0.0;0.667477245503997;0.5991873594733563;0.40081264052664367
1730782601.7104013;/app/bags/user95_2017-02-24.bag;0.834065854549408;0.0;0.9619645476341248;0.0;0.667477245503997;0.5991873594733563;0.40081264052664367
1730782601.9103732;/app/bags/user95_2017-02-24.bag;0.834065854549408;0.0;0.9619645476341248;0.0;0.667477245503997;0.5991873594733563;0.40081264052664367
1730782602.1103976;/app/bags/user95_2017-02-24.bag;0.834065854549408;0.0;0.9619645476341248;0.0;0.667477245503997;0.5991873594733563;0.40081264052664367
1730782602.3104324;/app/bags/user95_2017-02-24.bag;0.834065854549408;0.0;0.9619645476341248;0.0;0.667477245503997;0.5991873594733563;0.40081264052664367
1730782602.5103698;/app/bags/user95_2017-02-24.bag;0.834065854549408;0.0;0.9619645476341248;0.0;0.667477245503997;0.5991873594733563;0.40081264052664367
1730782602.7104;/app/bags/user95_2017-02-24.bag;0.834065854549408;0.0;0.9619645476341248;0.0;0.667477245503997;0.5991873594733563;0.40081264052664367
1730782602.9104254;/app/bags/user95_2017-02-24.bag;0.834065854549408;0.0;0.9619645476341248;0.0;0.667477245503997;0.5991873594733563;0.40081264052664367
1730782603.1104138;/app/bags/user95_2017-02-24.bag;0.834065854549408;0.0;0.9619645476341248;0.0;0.667477245503997;0.5991873594733563;0.40081264052664367
1730782603.3103745;/app/bags/user95_2017-02-24.bag;0.834065854549408;0.0;0.9619645476341248;0.0;0.667477245503997;0.5991873594733563;0.40081264052664367
1730782603.510358;/app/bags/user95_2017-02-24.bag;0.834065854549408;0.0;0.9619645476341248;0.0;0.667477245503997;0.5991873594733563;0.40081264052664367
1730782603.7103622;/app/bags/user95_2017-02-24.bag;0.834065854549408;0.0;0.9619645476341248;0.0;0.667477245503997;0.5991873594733563;0.40081264052664367
1730782603.9104426;/app/bags/user95_2017-02-24.bag;0.834065854549408;0.0;0.9619645476341248;0.0;0.667477245503997;0.5991873594733563;0.40081264052664367
1730782604.1103842;/app/bags/user95_2017-02-24.bag;0.834065854549408;0.0;0.9619645476341248;0.0;0.667477245503997;0.5991873594733563;0.40081264052664367
1730782604.3104055;/app/bags/user95_2017-02-24.bag;0.834065854549408;0.0;0.9619645476341248;0.0;0.667477245503997;0.5991873594733563;0.40081264052664367
1730782604.5103831;/app/bags/user95_2017-02-24.bag;0.834065854549408;0.0;0.9619645476341248;0.0;0.667477245503997;0.5991873594733563;0.40081264052664367
1730782604.7103784;/app/bags/user95_2017-02-24.bag;0.834065854549408;0.0;0.9619645476341248;0.0;0.667477245503997;0.5991873594733563;0.40081264052664367
1730782604.9104164;/app/bags/user95_2017-02-24.bag;0.834065854549408;0.0;0.9619645476341248;0.0;0.667477245503997;0.5991873594733563;0.40081264052664367
1730782605.1104002;/app/bags/user95_2017-02-24.bag;0.834065854549408;0.0;0.9619645476341248;0.0;0.667477245503997;0.5991873594733563;0.40081264052664367
1730782605.3103797;/app/bags/user95_2017-02-24.bag;0.834065854549408;0.0;0.9619645476341248;0.0;0.667477245503997;0.5991873594733563;0.40081264052664367
1730782605.5103984;/app/bags/user95_2017-02-24.bag;0.834065854549408;0.0;0.9619645476341248;0.0;0.667477245503997;0.5991873594733563;0.40081264052664367
1730782605.7103915;/app/bags/user95_2017-02-24.bag;0.834065854549408;0.0;0.9619645476341248;0.0;0.667477245503997;0.5991873594733563;0.40081264052664367
1730782605.9104378;/app/bags/user95_2017-02-24.bag;0.834065854549408;0.0;0.9619645476341248;0.0;0.667477245503997;0.5991873594733563;0.40081264052664367
1730782606.1103857;/app/bags/user95_2017-02-24.bag;0.834065854549408;0.0;0.9619645476341248;0.0;0.667477245503997;0.5991873594733563;0.40081264052664367
1730782606.310469;/app/bags/user95_2017-02-24.bag;0.834065854549408;0.0;0.9619645476341248;0.0;0.667477245503997;0.5991873594733563;0.40081264052664367
1730782606.510378;/app/bags/user95_2017-02-24.bag;0.834065854549408;0.0;0.9619645476341248;0.0;0.667477245503997;0.5991873594733563;0.40081264052664367
1730782606.7107587;/app/bags/user95_2017-02-24.bag;0.834065854549408;0.0;0.9619645476341248;0.0;0.667477245503997;0.5991873594733563;0.40081264052664367
1730782606.9104166;/app/bags/user95_2017-02-24.bag;0.834065854549408;0.0;0.9619645476341248;0.0;0.667477245503997;0.5991873594733563;0.40081264052664367
1730782607.1103961;/app/bags/user95_2017-02-24.bag;0.834065854549408;0.0;0.9619645476341248;0.0;0.667477245503997;0.5991873594733563;0.40081264052664367
1730782607.3104024;/app/bags/user95_2017-02-24.bag;0.834065854549408;0.0;0.9619645476341248;0.0;0.667477245503997;0.5991873594733563;0.40081264052664367
1730782607.5104089;/app/bags/user95_2017-02-24.bag;0.834065854549408;0.0;0.9619645476341248;0.0;0.667477245503997;0.5991873594733563;0.40081264052664367
1730782607.7103887;/app/bags/user95_2017-02-24.bag;0.834065854549408;0.0;0.9619645476341248;0.0;0.667477245503997;0.5991873594733563;0.40081264052664367
1730782607.910398;/app/bags/user95_2017-02-24.bag;0.834065854549408;0.0;0.9619645476341248;0.0;0.667477245503997;0.5991873594733563;0.40081264052664367
1730782608.1103919;/app/bags/user95_2017-02-24.bag;0.834065854549408;0.0;0.9619645476341248;0.0;0.667477245503997;0.5991873594733563;0.40081264052664367
1730782608.3103697;/app/bags/user95_2017-02-24.bag;0.834065854549408;0.0;0.9619645476341248;0.0;0.667477245503997;0.5991873594733563;0.40081264052664367
1730782608.5103889;/app/bags/user95_2017-02-24.bag;0.834065854549408;0.0;0.9619645476341248;0.0;0.667477245503997;0.5991873594733563;0.40081264052664367
1730782608.7103577;/app/bags/user95_2017-02-24.bag;0.834065854549408;0.0;0.9619645476341248;0.0;0.667477245503997;0.5991873594733563;0.40081264052664367
1730782608.91043;/app/bags/user95_2017-02-24.bag;0.834065854549408;0.0;0.9619645476341248;0.0;0.667477245503997;0.5991873594733563;0.40081264052664367
1730782609.1103852;/app/bags/user95_2017-02-24.bag;0.834065854549408;0.0;0.9619645476341248;0.0;0.667477245503997;0.5991873594733563;0.40081264052664367
1730782609.3103752;/app/bags/user95_2017-02-24.bag;0.834065854549408;0.0;0.9619645476341248;0.0;0.667477245503997;0.5991873594733563;0.40081264052664367
1730782609.5103848;/app/bags/user95_2017-02-24.bag;0.834065854549408;0.0;0.9619645476341248;0.0;0.667477245503997;0.5991873594733563;0.40081264052664367
1730782609.7103732;/app/bags/user95_2017-02-24.bag;0.834065854549408;0.0;0.9619645476341248;0.0;0.667477245503997;0.5991873594733563;0.40081264052664367
1730782609.9104269;/app/bags/user95_2017-02-24.bag;0.834065854549408;0.0;0.9619645476341248;0.0;0.667477245503997;0.5991873594733563;0.40081264052664367
1730782610.1104176;/app/bags/user95_2017-02-24.bag;0.834065854549408;0.0;0.9619645476341248;0.0;0.667477245503997;0.5991873594733563;0.40081264052664367
1730782610.3104024;/app/bags/user95_2017-02-24.bag;0.834065854549408;0.0;0.9619645476341248;0.0;0.667477245503997;0.5991873594733563;0.40081264052664367
1730782610.5104136;/app/bags/user95_2017-02-24.bag;0.834065854549408;0.0;0.9619645476341248;0.0;0.667477245503997;0.5991873594733563;0.40081264052664367
1730782610.710448;/app/bags/user95_2017-02-24.bag;0.834065854549408;0.0;0.9619645476341248;0.0;0.667477245503997;0.5991873594733563;0.40081264052664367
1730782610.9104333;/app/bags/user95_2017-02-24.bag;0.834065854549408;0.0;0.9619645476341248;0.0;0.667477245503997;0.5991873594733563;0.40081264052664367
1730782611.1103973;/app/bags/user95_2017-02-24.bag;0.834065854549408;0.0;0.9619645476341248;0.0;0.667477245503997;0.5991873594733563;0.40081264052664367
1730782611.3103929;/app/bags/user95_2017-02-24.bag;0.834065854549408;0.0;0.9619645476341248;0.0;0.667477245503997;0.5991873594733563;0.40081264052664367
1730782611.5103953;/app/bags/user95_2017-02-24.bag;0.834065854549408;0.0;0.9619645476341248;0.0;0.667477245503997;0.5991873594733563;0.40081264052664367
1730782611.7105632;/app/bags/user95_2017-02-24.bag;0.834065854549408;0.0;0.9619645476341248;0.0;0.667477245503997;0.5991873594733563;0.40081264052664367
1730782611.910415;/app/bags/user95_2017-02-24.bag;0.834065854549408;0.0;0.9619645476341248;0.0;0.667477245503997;0.5991873594733563;0.40081264052664367
1730782612.1103795;/app/bags/user95_2017-02-24.bag;0.834065854549408;0.0;0.9619645476341248;0.0;0.667477245503997;0.5991873594733563;0.40081264052664367
1730782612.3104134;/app/bags/user95_2017-02-24.bag;0.834065854549408;0.0;0.9619645476341248;0.0;0.667477245503997;0.5991873594733563;0.40081264052664367
1730782612.5103865;/app/bags/user95_2017-02-24.bag;0.834065854549408;0.0;0.9619645476341248;0.0;0.667477245503997;0.5991873594733563;0.40081264052664367
1730782612.710362;/app/bags/user95_2017-02-24.bag;0.834065854549408;0.0;0.9619645476341248;0.0;0.667477245503997;0.5991873594733563;0.40081264052664367
1730782612.9103768;/app/bags/user95_2017-02-24.bag;0.834065854549408;0.0;0.9619645476341248;0.0;0.667477245503997;0.5991873594733563;0.40081264052664367
1730782613.1103806;/app/bags/user95_2017-02-24.bag;0.834065854549408;0.0;0.9619645476341248;0.0;0.667477245503997;0.5991873594733563;0.40081264052664367
1730782613.3104231;/app/bags/user95_2017-02-24.bag;0.834065854549408;0.0;0.9619645476341248;0.0;0.667477245503997;0.5991873594733563;0.40081264052664367
1730782613.5103703;/app/bags/user95_2017-02-24.bag;0.834065854549408;0.0;0.9619645476341248;0.0;0.667477245503997;0.5991873594733563;0.40081264052664367
1730782613.7103846;/app/bags/user95_2017-02-24.bag;0.834065854549408;0.0;0.9619645476341248;0.0;0.667477245503997;0.5991873594733563;0.40081264052664367
1730782613.910382;/app/bags/user95_2017-02-24.bag;0.834065854549408;0.0;0.9619645476341248;0.0;0.667477245503997;0.5991873594733563;0.40081264052664367
1730782614.1104014;/app/bags/user95_2017-02-24.bag;0.834065854549408;0.0;0.9619645476341248;0.0;0.667477245503997;0.5991873594733563;0.40081264052664367
1730782614.3103857;/app/bags/user95_2017-02-24.bag;0.834065854549408;0.0;0.9619645476341248;0.0;0.667477245503997;0.5991873594733563;0.40081264052664367
1730782614.5103846;/app/bags/user95_2017-02-24.bag;0.834065854549408;0.0;0.9619645476341248;0.0;0.667477245503997;0.5991873594733563;0.40081264052664367
1730782614.710384;/app/bags/user95_2017-02-24.bag;0.834065854549408;0.0;0.9619645476341248;0.0;0.667477245503997;0.5991873594733563;0.40081264052664367
1730782614.910426;/app/bags/user95_2017-02-24.bag;0.834065854549408;0.0;0.9619645476341248;0.0;0.667477245503997;0.5991873594733563;0.40081264052664367
1730782615.1103973;/app/bags/user95_2017-02-24.bag;0.834065854549408;0.0;0.9619645476341248;0.0;0.667477245503997;0.5991873594733563;0.40081264052664367
1730782615.3103673;/app/bags/user95_2017-02-24.bag;0.834065854549408;0.0;0.9619645476341248;0.0;0.667477245503997;0.5991873594733563;0.40081264052664367
1730782615.5106792;/app/bags/user95_2017-02-24.bag;0.834065854549408;0.0;0.9619645476341248;0.0;0.667477245503997;0.5991873594733563;0.40081264052664367
1730782615.7103734;/app/bags/user95_2017-02-24.bag;0.834065854549408;0.0;0.9619645476341248;0.0;0.667477245503997;0.5991873594733563;0.40081264052664367
1730782615.9104123;/app/bags/user95_2017-02-24.bag;0.834065854549408;0.0;0.9619645476341248;0.0;0.667477245503997;0.5991873594733563;0.40081264052664367
1730782616.1103725;/app/bags/user95_2017-02-24.bag;0.834065854549408;0.0;0.9619645476341248;0.0;0.667477245503997;0.5991873594733563;0.40081264052664367
1730782616.3103874;/app/bags/user95_2017-02-24.bag;0.834065854549408;0.0;0.9619645476341248;0.0;0.667477245503997;0.5991873594733563;0.40081264052664367
1730782616.5104046;/app/bags/user95_2017-02-24.bag;0.834065854549408;0.0;0.9619645476341248;0.0;0.667477245503997;0.5991873594733563;0.40081264052664367
1730782616.7103674;/app/bags/user95_2017-02-24.bag;0.834065854549408;0.0;0.9619645476341248;0.0;0.667477245503997;0.5991873594733563;0.40081264052664367
1730782616.9103856;/app/bags/user95_2017-02-24.bag;0.834065854549408;0.0;0.9619645476341248;0.0;0.667477245503997;0.5991873594733563;0.40081264052664367
1730782617.1104515;/app/bags/user95_2017-02-24.bag;0.834065854549408;0.0;0.9619645476341248;0.0;0.667477245503997;0.5991873594733563;0.40081264052664367
1730782617.3104186;/app/bags/user95_2017-02-24.bag;0.834065854549408;0.0;0.9619645476341248;0.0;0.667477245503997;0.5991873594733563;0.40081264052664367
1730782617.5104346;/app/bags/user95_2017-02-24.bag;0.834065854549408;0.0;0.9619645476341248;0.0;0.667477245503997;0.5991873594733563;0.40081264052664367
1730782617.710447;/app/bags/user95_2017-02-24.bag;0.834065854549408;0.0;0.9619645476341248;0.0;0.667477245503997;0.5991873594733563;0.40081264052664367
1730782617.9104204;/app/bags/user95_2017-02-24.bag;0.834065854549408;0.0;0.9619645476341248;0.0;0.667477245503997;0.5991873594733563;0.40081264052664367
1730782618.110367;/app/bags/user95_2017-02-24.bag;0.834065854549408;0.0;0.9619645476341248;0.0;0.667477245503997;0.5991873594733563;0.40081264052664367
1730782618.310347;/app/bags/user95_2017-02-24.bag;0.834065854549408;0.0;0.9619645476341248;0.0;0.667477245503997;0.5991873594733563;0.40081264052664367
1730782618.510382;/app/bags/user95_2017-02-24.bag;0.834065854549408;0.0;0.9619645476341248;0.0;0.667477245503997;0.5991873594733563;0.40081264052664367
1730782618.7103934;/app/bags/user95_2017-02-24.bag;0.834065854549408;0.0;0.9619645476341248;0.0;0.667477245503997;0.5991873594733563;0.40081264052664367
1730782618.9103656;/app/bags/user95_2017-02-24.bag;0.834065854549408;0.0;0.9619645476341248;0.0;0.667477245503997;0.5991873594733563;0.40081264052664367
1730782619.1104004;/app/bags/user95_2017-02-24.bag;0.834065854549408;0.0;0.9619645476341248;0.0;0.667477245503997;0.5991873594733563;0.40081264052664367
1730782619.310371;/app/bags/user95_2017-02-24.bag;0.834065854549408;0.0;0.9619645476341248;0.0;0.667477245503997;0.5991873594733563;0.40081264052664367
1730782619.510379;/app/bags/user95_2017-02-24.bag;0.834065854549408;0.0;0.9619645476341248;0.0;0.667477245503997;0.5991873594733563;0.40081264052664367
1730782619.7103846;/app/bags/user95_2017-02-24.bag;0.834065854549408;0.0;0.9619645476341248;0.0;0.667477245503997;0.5991873594733563;0.40081264052664367
1730782619.9104137;/app/bags/user95_2017-02-24.bag;0.834065854549408;0.0;0.9619645476341248;0.0;0.667477245503997;0.5991873594733563;0.40081264052664367
1730782620.1103926;/app/bags/user95_2017-02-24.bag;0.834065854549408;0.0;0.9619645476341248;0.0;0.667477245503997;0.5991873594733563;0.40081264052664367
1730782620.3103848;/app/bags/user95_2017-02-24.bag;0.834065854549408;0.0;0.9619645476341248;0.0;0.667477245503997;0.5991873594733563;0.40081264052664367
1730782620.5103903;/app/bags/user95_2017-02-24.bag;0.834065854549408;0.0;0.9619645476341248;0.0;0.667477245503997;0.5991873594733563;0.40081264052664367
1730782620.7103703;/app/bags/user95_2017-02-24.bag;0.834065854549408;0.0;0.9619645476341248;0.0;0.667477245503997;0.5991873594733563;0.40081264052664367
1730782620.910527;/app/bags/user95_2017-02-24.bag;0.834065854549408;0.0;0.9619645476341248;0.0;0.667477245503997;0.5991873594733563;0.40081264052664367
1730782621.1103795;/app/bags/user95_2017-02-24.bag;0.834065854549408;0.0;0.9619645476341248;0.0;0.667477245503997;0.5991873594733563;0.40081264052664367
1730782621.310412;/app/bags/user95_2017-02-24.bag;0.834065854549408;0.0;0.9619645476341248;0.0;0.667477245503997;0.5991873594733563;0.40081264052664367
1730782621.5104094;/app/bags/user95_2017-02-24.bag;0.834065854549408;0.0;0.9619645476341248;0.0;0.667477245503997;0.5991873594733563;0.40081264052664367
1730782621.7104065;/app/bags/user95_2017-02-24.bag;0.834065854549408;0.0;0.9619645476341248;0.0;0.667477245503997;0.5991873594733563;0.40081264052664367
1730782621.9104483;/app/bags/user95_2017-02-24.bag;0.834065854549408;0.0;0.9619645476341248;0.0;0.667477245503997;0.5991873594733563;0.40081264052664367
1730782622.1105156;/app/bags/user95_2017-02-24.bag;0.834065854549408;0.0;0.9619645476341248;0.0;0.667477245503997;0.5991873594733563;0.40081264052664367
1730782622.3104138;/app/bags/user95_2017-02-24.bag;0.834065854549408;0.0;0.9619645476341248;0.0;0.667477245503997;0.5991873594733563;0.40081264052664367
1730782622.5103593;/app/bags/user95_2017-02-24.bag;0.834065854549408;0.0;0.9619645476341248;0.0;0.667477245503997;0.5991873594733563;0.40081264052664367
1730782622.7103822;/app/bags/user95_2017-02-24.bag;0.834065854549408;0.0;0.9619645476341248;0.0;0.667477245503997;0.5991873594733563;0.40081264052664367
1730782622.9103606;/app/bags/user95_2017-02-24.bag;0.834065854549408;0.0;0.9619645476341248;0.0;0.667477245503997;0.5991873594733563;0.40081264052664367
1730782623.1103897;/app/bags/user95_2017-02-24.bag;0.834065854549408;0.0;0.9619645476341248;0.0;0.667477245503997;0.5991873594733563;0.40081264052664367
1730782623.310438;/app/bags/user95_2017-02-24.bag;0.834065854549408;0.0;0.9619645476341248;0.0;0.667477245503997;0.5991873594733563;0.40081264052664367
1730782623.5103943;/app/bags/user95_2017-02-24.bag;0.834065854549408;0.0;0.9619645476341248;0.0;0.667477245503997;0.5991873594733563;0.40081264052664367
1730782623.7103884;/app/bags/user95_2017-02-24.bag;0.834065854549408;0.0;0.9619645476341248;0.0;0.667477245503997;0.5991873594733563;0.40081264052664367
1730782623.9103835;/app/bags/user95_2017-02-24.bag;0.834065854549408;0.0;0.9619645476341248;0.0;0.667477245503997;0.5991873594733563;0.40081264052664367
1730782624.1103876;/app/bags/user95_2017-02-24.bag;0.834065854549408;0.0;0.9619645476341248;0.0;0.667477245503997;0.5991873594733563;0.40081264052664367
1730782624.3103626;/app/bags/user95_2017-02-24.bag;0.834065854549408;0.0;0.9619645476341248;0.0;0.667477245503997;0.5991873594733563;0.40081264052664367
1730782624.510364;/app/bags/user95_2017-02-24.bag;0.834065854549408;0.0;0.9619645476341248;0.0;0.667477245503997;0.5991873594733563;0.40081264052664367
1730782624.7103872;/app/bags/user95_2017-02-24.bag;0.834065854549408;0.0;0.9619645476341248;0.0;0.667477245503997;0.5991873594733563;0.40081264052664367
1730782624.9103773;/app/bags/user95_2017-02-24.bag;0.834065854549408;0.0;0.9619645476341248;0.0;0.667477245503997;0.5991873594733563;0.40081264052664367
1730782625.1103778;/app/bags/user95_2017-02-24.bag;0.834065854549408;0.0;0.9619645476341248;0.0;0.667477245503997;0.5991873594733563;0.40081264052664367
1730782625.3103838;/app/bags/user95_2017-02-24.bag;0.834065854549408;0.0;0.9619645476341248;0.0;0.667477245503997;0.5991873594733563;0.40081264052664367
1730782625.5104635;/app/bags/user95_2017-02-24.bag;0.834065854549408;0.0;0.9619645476341248;0.0;0.667477245503997;0.5991873594733563;0.40081264052664367
1730782625.7115948;/app/bags/user95_2017-02-24.bag;0.834065854549408;0.0;0.9619645476341248;0.0;0.667477245503997;0.5991873594733563;0.40081264052664367
1730782625.9104447;/app/bags/user95_2017-02-24.bag;0.834065854549408;0.0;0.9619645476341248;0.0;0.667477245503997;0.5991873594733563;0.40081264052664367
1730782626.1104252;/app/bags/user95_2017-02-24.bag;0.834065854549408;0.0;0.9619645476341248;0.0;0.667477245503997;0.5991873594733563;0.40081264052664367
1730782626.3104467;/app/bags/user95_2017-02-24.bag;0.834065854549408;0.0;0.9619645476341248;0.0;0.667477245503997;0.5991873594733563;0.40081264052664367
1730782626.5103989;/app/bags/user95_2017-02-24.bag;0.834065854549408;0.0;0.9619645476341248;0.0;0.667477245503997;0.5991873594733563;0.40081264052664367
1730782626.7103782;/app/bags/user95_2017-02-24.bag;0.834065854549408;0.0;0.9619645476341248;0.0;0.667477245503997;0.5991873594733563;0.40081264052664367
1730782626.9103904;/app/bags/user95_2017-02-24.bag;0.834065854549408;0.0;0.9619645476341248;0.0;0.667477245503997;0.5991873594733563;0.40081264052664367
1730782627.110369;/app/bags/user95_2017-02-24.bag;0.834065854549408;0.0;0.9619645476341248;0.0;0.667477245503997;0.5991873594733563;0.40081264052664367
1730782627.3103998;/app/bags/user95_2017-02-24.bag;0.834065854549408;0.0;0.9619645476341248;0.0;0.667477245503997;0.5991873594733563;0.40081264052664367
1730782627.5103917;/app/bags/user95_2017-02-24.bag;0.834065854549408;0.0;0.9619645476341248;0.0;0.667477245503997;0.5991873594733563;0.40081264052664367
1730782627.7103438;/app/bags/user95_2017-02-24.bag;0.834065854549408;0.0;0.9619645476341248;0.0;0.667477245503997;0.5991873594733563;0.40081264052664367
1730782627.9103944;/app/bags/user95_2017-02-24.bag;0.834065854549408;0.0;0.9619645476341248;0.0;0.667477245503997;0.5991873594733563;0.40081264052664367
1730782628.1104004;/app/bags/user95_2017-02-24.bag;0.834065854549408;0.0;0.9619645476341248;0.0;0.667477245503997;0.5991873594733563;0.40081264052664367
1730782628.3103518;/app/bags/user95_2017-02-24.bag;0.834065854549408;0.0;0.9619645476341248;0.0;0.667477245503997;0.5991873594733563;0.40081264052664367
1730782628.5104575;/app/bags/user95_2017-02-24.bag;0.834065854549408;0.0;0.9619645476341248;0.0;0.667477245503997;0.5991873594733563;0.40081264052664367
1730782628.7103844;/app/bags/user95_2017-02-24.bag;0.834065854549408;0.0;0.9619645476341248;0.0;0.667477245503997;0.5991873594733563;0.40081264052664367
1730782628.9104116;/app/bags/user95_2017-02-24.bag;0.834065854549408;0.0;0.9619645476341248;0.0;0.667477245503997;0.5991873594733563;0.40081264052664367
1730782629.1104004;/app/bags/user95_2017-02-24.bag;0.834065854549408;0.0;0.9619645476341248;0.0;0.667477245503997;0.5991873594733563;0.40081264052664367
1730782629.3103676;/app/bags/user95_2017-02-24.bag;0.834065854549408;0.0;0.9619645476341248;0.0;0.667477245503997;0.5991873594733563;0.40081264052664367
1730782629.510398;/app/bags/user95_2017-02-24.bag;0.834065854549408;0.0;0.9619645476341248;0.0;0.667477245503997;0.5991873594733563;0.40081264052664367
1730782629.71038;/app/bags/user95_2017-02-24.bag;0.834065854549408;0.0;0.9619645476341248;0.0;0.667477245503997;0.5991873594733563;0.40081264052664367
1730782629.9104698;/app/bags/user95_2017-02-24.bag;0.834065854549408;0.0;0.9619645476341248;0.0;0.667477245503997;0.5991873594733563;0.40081264052664367
1730782630.1104212;/app/bags/user95_2017-02-24.bag;0.834065854549408;0.0;0.9619645476341248;0.0;0.667477245503997;0.5991873594733563;0.40081264052664367
1730782630.3103387;/app/bags/user95_2017-02-24.bag;0.834065854549408;0.0;0.9619645476341248;0.0;0.667477245503997;0.5991873594733563;0.40081264052664367
1730782630.5104117;/app/bags/user95_2017-02-24.bag;0.834065854549408;0.0;0.9619645476341248;0.0;0.667477245503997;0.5991873594733563;0.40081264052664367
1730782630.7104247;/app/bags/user95_2017-02-24.bag;0.834065854549408;0.0;0.9619645476341248;0.0;0.667477245503997;0.5991873594733563;0.40081264052664367
1730782630.9103992;/app/bags/user95_2017-02-24.bag;0.834065854549408;0.0;0.9619645476341248;0.0;0.667477245503997;0.5991873594733563;0.40081264052664367
1730782631.1104598;/app/bags/user95_2017-02-24.bag;0.834065854549408;0.0;0.9619645476341248;0.0;0.667477245503997;0.5991873594733563;0.40081264052664367
1730782631.3103864;/app/bags/user95_2017-02-24.bag;0.834065854549408;0.0;0.9619645476341248;0.0;0.667477245503997;0.5991873594733563;0.40081264052664367
1730782631.510366;/app/bags/user95_2017-02-24.bag;0.834065854549408;0.0;0.9619645476341248;0.0;0.667477245503997;0.5991873594733563;0.40081264052664367
1730782631.7104018;/app/bags/user95_2017-02-24.bag;0.834065854549408;0.0;0.9619645476341248;0.0;0.667477245503997;0.5991873594733563;0.40081264052664367
1730782631.9103565;/app/bags/user95_2017-02-24.bag;0.834065854549408;0.0;0.9619645476341248;0.0;0.667477245503997;0.5991873594733563;0.40081264052664367
1730782632.110386;/app/bags/user95_2017-02-24.bag;0.834065854549408;0.0;0.9619645476341248;0.0;0.667477245503997;0.5991873594733563;0.40081264052664367
1730782632.3104753;/app/bags/user95_2017-02-24.bag;0.834065854549408;0.0;0.9619645476341248;0.0;0.667477245503997;0.5991873594733563;0.40081264052664367
1730782632.5103862;/app/bags/user95_2017-02-24.bag;0.834065854549408;0.0;0.9619645476341248;0.0;0.667477245503997;0.5991873594733563;0.40081264052664367
1730782632.7104702;/app/bags/user95_2017-02-24.bag;0.834065854549408;0.0;0.9619645476341248;0.0;0.667477245503997;0.5991873594733563;0.40081264052664367
1730782632.9104898;/app/bags/user95_2017-02-24.bag;0.834065854549408;0.0;0.9619645476341248;0.0;0.667477245503997;0.5991873594733563;0.40081264052664367
1730782633.1103888;/app/bags/user95_2017-02-24.bag;0.834065854549408;0.0;0.9619645476341248;0.0;0.667477245503997;0.5991873594733563;0.40081264052664367
1730782633.3104203;/app/bags/user95_2017-02-24.bag;0.834065854549408;0.0;0.9619645476341248;0.0;0.667477245503997;0.5991873594733563;0.40081264052664367
1730782633.510327;/app/bags/user95_2017-02-24.bag;0.834065854549408;0.0;0.9619645476341248;0.0;0.667477245503997;0.5991873594733563;0.40081264052664367
1730782633.7103775;/app/bags/user95_2017-02-24.bag;0.834065854549408;0.0;0.9619645476341248;0.0;0.667477245503997;0.5991873594733563;0.40081264052664367
1730782633.9103885;/app/bags/user95_2017-02-24.bag;0.834065854549408;0.0;0.9619645476341248;0.0;0.667477245503997;0.5991873594733563;0.40081264052664367
1730782634.1103706;/app/bags/user95_2017-02-24.bag;0.834065854549408;0.0;0.9619645476341248;0.0;0.667477245503997;0.5991873594733563;0.40081264052664367
1730782634.3104527;/app/bags/user95_2017-02-24.bag;0.834065854549408;0.0;0.9619645476341248;0.0;0.667477245503997;0.5991873594733563;0.40081264052664367
1730782634.5103874;/app/bags/user95_2017-02-24.bag;0.834065854549408;0.0;0.9619645476341248;0.0;0.667477245503997;0.5991873594733563;0.40081264052664367
1730782634.7103827;/app/bags/user95_2017-02-24.bag;0.834065854549408;0.0;0.9619645476341248;0.0;0.667477245503997;0.5991873594733563;0.40081264052664367
1730782634.9103787;/app/bags/user95_2017-02-24.bag;0.834065854549408;0.0;0.9619645476341248;0.0;0.667477245503997;0.5991873594733563;0.40081264052664367
1730782635.1103795;/app/bags/user95_2017-02-24.bag;0.834065854549408;0.0;0.9619645476341248;0.0;0.667477245503997;0.5991873594733563;0.40081264052664367
1730782635.3104198;/app/bags/user95_2017-02-24.bag;0.834065854549408;0.0;0.9619645476341248;0.0;0.667477245503997;0.5991873594733563;0.40081264052664367
1730782635.5103924;/app/bags/user95_2017-02-24.bag;0.834065854549408;0.0;0.9619645476341248;0.0;0.667477245503997;0.5991873594733563;0.40081264052664367
1730782635.7104502;/app/bags/user95_2017-02-24.bag;0.834065854549408;0.0;0.9619645476341248;0.0;0.667477245503997;0.5991873594733563;0.40081264052664367
1730782635.9105222;/app/bags/user95_2017-02-24.bag;0.834065854549408;0.0;0.9619645476341248;0.0;0.667477245503997;0.5991873594733563;0.40081264052664367
1730782636.1104445;/app/bags/user95_2017-02-24.bag;0.834065854549408;0.0;0.9619645476341248;0.0;0.667477245503997;0.5991873594733563;0.40081264052664367
1730782636.310389;/app/bags/user95_2017-02-24.bag;0.834065854549408;0.0;0.9619645476341248;0.0;0.667477245503997;0.5991873594733563;0.40081264052664367
1730782636.5104053;/app/bags/user95_2017-02-24.bag;0.834065854549408;0.0;0.9619645476341248;0.0;0.667477245503997;0.5991873594733563;0.40081264052664367
1730782636.7104259;/app/bags/user95_2017-02-24.bag;0.834065854549408;0.0;0.9619645476341248;0.0;0.667477245503997;0.5991873594733563;0.40081264052664367
1730782636.9103632;/app/bags/user95_2017-02-24.bag;0.834065854549408;0.0;0.9619645476341248;0.0;0.667477245503997;0.5991873594733563;0.40081264052664367
1730782637.1104133;/app/bags/user95_2017-02-24.bag;0.834065854549408;0.0;0.9619645476341248;0.0;0.667477245503997;0.5991873594733563;0.40081264052664367
1730782637.31041;/app/bags/user95_2017-02-24.bag;0.834065854549408;0.0;0.9619645476341248;0.0;0.667477245503997;0.5991873594733563;0.40081264052664367
1730782637.510381;/app/bags/user95_2017-02-24.bag;0.834065854549408;0.0;0.9619645476341248;0.0;0.667477245503997;0.5991873594733563;0.40081264052664367
1730782637.7103434;/app/bags/user95_2017-02-24.bag;0.834065854549408;0.0;0.9619645476341248;0.0;0.667477245503997;0.5991873594733563;0.40081264052664367
1730782637.9103668;/app/bags/user95_2017-02-24.bag;0.834065854549408;0.0;0.9619645476341248;0.0;0.667477245503997;0.5991873594733563;0.40081264052664367
1730782638.1103845;/app/bags/user95_2017-02-24.bag;0.834065854549408;0.0;0.9619645476341248;0.0;0.667477245503997;0.5991873594733563;0.40081264052664367
1730782638.3104308;/app/bags/user95_2017-02-24.bag;0.834065854549408;0.0;0.9619645476341248;0.0;0.667477245503997;0.5991873594733563;0.40081264052664367
1730782638.5103915;/app/bags/user95_2017-02-24.bag;0.834065854549408;0.0;0.9619645476341248;0.0;0.667477245503997;0.5991873594733563;0.40081264052664367
1730782638.7105637;/app/bags/user95_2017-02-24.bag;0.834065854549408;0.0;0.9619645476341248;0.0;0.667477245503997;0.5991873594733563;0.40081264052664367
1730782638.9103775;/app/bags/user95_2017-02-24.bag;0.834065854549408;0.0;0.9619645476341248;0.0;0.667477245503997;0.5991873594733563;0.40081264052664367
1730782639.1103766;/app/bags/user95_2017-02-24.bag;0.834065854549408;0.0;0.9619645476341248;0.0;0.667477245503997;0.5991873594733563;0.40081264052664367
1730782639.31041;/app/bags/user95_2017-02-24.bag;0.834065854549408;0.0;0.9619645476341248;0.0;0.667477245503997;0.5991873594733563;0.40081264052664367
1730782639.510378;/app/bags/user95_2017-02-24.bag;0.834065854549408;0.0;0.9619645476341248;0.0;0.667477245503997;0.5991873594733563;0.40081264052664367
1730782639.71038;/app/bags/user95_2017-02-24.bag;0.834065854549408;0.0;0.9619645476341248;0.0;0.667477245503997;0.5991873594733563;0.40081264052664367
1730782639.9103804;/app/bags/user95_2017-02-24.bag;0.834065854549408;0.0;0.9619645476341248;0.0;0.667477245503997;0.5991873594733563;0.40081264052664367
1730782640.1104372;/app/bags/user95_2017-02-24.bag;0.834065854549408;0.0;0.9619645476341248;0.0;0.667477245503997;0.5991873594733563;0.40081264052664367
1730782640.310344;/app/bags/user95_2017-02-24.bag;0.834065854549408;0.0;0.9619645476341248;0.0;0.667477245503997;0.5991873594733563;0.40081264052664367
1730782640.510405;/app/bags/user95_2017-02-24.bag;0.834065854549408;0.0;0.9619645476341248;0.0;0.667477245503997;0.5991873594733563;0.40081264052664367
1730782640.7103863;/app/bags/user95_2017-02-24.bag;0.834065854549408;0.0;0.9619645476341248;0.0;0.667477245503997;0.5991873594733563;0.40081264052664367
1730782640.9104238;/app/bags/user95_2017-02-24.bag;0.834065854549408;0.0;0.9619645476341248;0.0;0.667477245503997;0.5991873594733563;0.40081264052664367
1730782641.1104617;/app/bags/user95_2017-02-24.bag;0.834065854549408;0.0;0.9619645476341248;0.0;0.667477245503997;0.5991873594733563;0.40081264052664367
1730782641.3103986;/app/bags/user95_2017-02-24.bag;0.834065854549408;0.0;0.9619645476341248;0.0;0.667477245503997;0.5991873594733563;0.40081264052664367
1730782641.5103836;/app/bags/user95_2017-02-24.bag;0.834065854549408;0.0;0.9619645476341248;0.0;0.667477245503997;0.5991873594733563;0.40081264052664367
1730782641.7104335;/app/bags/user95_2017-02-24.bag;0.834065854549408;0.0;0.9619645476341248;0.0;0.667477245503997;0.5991873594733563;0.40081264052664367
1730782641.9103584;/app/bags/user95_2017-02-24.bag;0.834065854549408;0.0;0.9619645476341248;0.0;0.667477245503997;0.5991873594733563;0.40081264052664367
1730782642.110391;/app/bags/user95_2017-02-24.bag;0.834065854549408;0.0;0.9619645476341248;0.0;0.667477245503997;0.5991873594733563;0.40081264052664367
1730782642.3103762;/app/bags/user95_2017-02-24.bag;0.834065854549408;0.0;0.9619645476341248;0.0;0.667477245503997;0.5991873594733563;0.40081264052664367
1730782642.5104196;/app/bags/user95_2017-02-24.bag;0.834065854549408;0.0;0.9619645476341248;0.0;0.667477245503997;0.5991873594733563;0.40081264052664367
1730782642.710423;/app/bags/user95_2017-02-24.bag;0.834065854549408;0.0;0.9619645476341248;0.0;0.667477245503997;0.5991873594733563;0.40081264052664367
1730782642.9103987;/app/bags/user95_2017-02-24.bag;0.834065854549408;0.0;0.9619645476341248;0.0;0.667477245503997;0.5991873594733563;0.40081264052664367
1730782643.1104455;/app/bags/user95_2017-02-24.bag;0.834065854549408;0.0;0.9619645476341248;0.0;0.667477245503997;0.5991873594733563;0.40081264052664367
1730782643.3104115;/app/bags/user95_2017-02-24.bag;0.834065854549408;0.0;0.9619645476341248;0.0;0.667477245503997;0.5991873594733563;0.40081264052664367
1730782643.5104423;/app/bags/user95_2017-02-24.bag;0.834065854549408;0.0;0.9619645476341248;0.0;0.667477245503997;0.5991873594733563;0.40081264052664367
1730782643.7103987;/app/bags/user95_2017-02-24.bag;0.834065854549408;0.0;0.9619645476341248;0.0;0.667477245503997;0.5991873594733563;0.40081264052664367
1730782643.9103878;/app/bags/user95_2017-02-24.bag;0.834065854549408;0.0;0.9619645476341248;0.0;0.667477245503997;0.5991873594733563;0.40081264052664367
1730782644.110392;/app/bags/user95_2017-02-24.bag;0.834065854549408;0.0;0.9619645476341248;0.0;0.667477245503997;0.5991873594733563;0.40081264052664367
1730782644.3104022;/app/bags/user95_2017-02-24.bag;0.834065854549408;0.0;0.9619645476341248;0.0;0.667477245503997;0.5991873594733563;0.40081264052664367
1730782644.5103996;/app/bags/user95_2017-02-24.bag;0.834065854549408;0.0;0.9619645476341248;0.0;0.667477245503997;0.5991873594733563;0.40081264052664367
1730782644.7103937;/app/bags/user95_2017-02-24.bag;0.834065854549408;0.0;0.9619645476341248;0.0;0.667477245503997;0.5991873594733563;0.40081264052664367
1730782644.9104104;/app/bags/user95_2017-02-24.bag;0.834065854549408;0.0;0.9619645476341248;0.0;0.667477245503997;0.5991873594733563;0.40081264052664367
1730782645.110381;/app/bags/user95_2017-02-24.bag;0.834065854549408;0.0;0.9619645476341248;0.0;0.667477245503997;0.5991873594733563;0.40081264052664367
1730782645.3104355;/app/bags/user95_2017-02-24.bag;0.834065854549408;0.0;0.9619645476341248;0.0;0.667477245503997;0.5991873594733563;0.40081264052664367
1730782645.5103962;/app/bags/user95_2017-02-24.bag;0.834065854549408;0.0;0.9619645476341248;0.0;0.667477245503997;0.5991873594733563;0.40081264052664367
1730782645.7103953;/app/bags/user95_2017-02-24.bag;0.834065854549408;0.0;0.9619645476341248;0.0;0.667477245503997;0.5991873594733563;0.40081264052664367
1730782645.910523;/app/bags/user95_2017-02-24.bag;0.834065854549408;0.0;0.9619645476341248;0.0;0.667477245503997;0.5991873594733563;0.40081264052664367
1730782646.1104014;/app/bags/user95_2017-02-24.bag;0.834065854549408;0.0;0.9619645476341248;0.0;0.667477245503997;0.5991873594733563;0.40081264052664367
1730782646.310452;/app/bags/user95_2017-02-24.bag;0.834065854549408;0.0;0.9619645476341248;0.0;0.667477245503997;0.5991873594733563;0.40081264052664367
1730782646.5103796;/app/bags/user95_2017-02-24.bag;0.834065854549408;0.0;0.9619645476341248;0.0;0.667477245503997;0.5991873594733563;0.40081264052664367
1730782646.710392;/app/bags/user95_2017-02-24.bag;0.834065854549408;0.0;0.9619645476341248;0.0;0.667477245503997;0.5991873594733563;0.40081264052664367
1730782646.9103725;/app/bags/user95_2017-02-24.bag;0.834065854549408;0.0;0.9619645476341248;0.0;0.667477245503997;0.5991873594733563;0.40081264052664367
1730782647.1103659;/app/bags/user95_2017-02-24.bag;0.834065854549408;0.0;0.9619645476341248;0.0;0.667477245503997;0.5991873594733563;0.40081264052664367
1730782647.3103867;/app/bags/user95_2017-02-24.bag;0.834065854549408;0.0;0.9619645476341248;0.0;0.667477245503997;0.5991873594733563;0.40081264052664367
1730782647.5104222;/app/bags/user95_2017-02-24.bag;0.834065854549408;0.0;0.9619645476341248;0.0;0.667477245503997;0.5991873594733563;0.40081264052664367
1730782647.7103872;/app/bags/user95_2017-02-24.bag;0.834065854549408;0.0;0.9619645476341248;0.0;0.667477245503997;0.5991873594733563;0.40081264052664367
1730782647.9104044;/app/bags/user95_2017-02-24.bag;0.834065854549408;0.0;0.9619645476341248;0.0;0.667477245503997;0.5991873594733563;0.40081264052664367
1730782648.11057;/app/bags/user95_2017-02-24.bag;0.834065854549408;0.0;0.9619645476341248;0.0;0.667477245503997;0.5991873594733563;0.40081264052664367
1730782648.31038;/app/bags/user95_2017-02-24.bag;0.834065854549408;0.0;0.9619645476341248;0.0;0.667477245503997;0.5991873594733563;0.40081264052664367
1730782648.51035;/app/bags/user95_2017-02-24.bag;0.834065854549408;0.0;0.9619645476341248;0.0;0.667477245503997;0.5991873594733563;0.40081264052664367
1730782648.710475;/app/bags/user95_2017-02-24.bag;0.834065854549408;0.0;0.9619645476341248;0.0;0.667477245503997;0.5991873594733563;0.40081264052664367
1730782648.910399;/app/bags/user95_2017-02-24.bag;0.834065854549408;0.0;0.9619645476341248;0.0;0.667477245503997;0.5991873594733563;0.40081264052664367
1730782649.1104233;/app/bags/user95_2017-02-24.bag;0.834065854549408;0.0;0.9619645476341248;0.0;0.667477245503997;0.5991873594733563;0.40081264052664367
1730782649.3104308;/app/bags/user95_2017-02-24.bag;0.834065854549408;0.0;0.9619645476341248;0.0;0.667477245503997;0.5991873594733563;0.40081264052664367
1730782649.5103514;/app/bags/user95_2017-02-24.bag;0.834065854549408;0.0;0.9619645476341248;0.0;0.667477245503997;0.5991873594733563;0.40081264052664367
1730782649.7103808;/app/bags/user95_2017-02-24.bag;0.834065854549408;0.0;0.9619645476341248;0.0;0.667477245503997;0.5991873594733563;0.40081264052664367
1730782649.9105344;/app/bags/user95_2017-02-24.bag;0.834065854549408;0.0;0.9619645476341248;0.0;0.667477245503997;0.5991873594733563;0.40081264052664367
1730782650.1104121;/app/bags/user95_2017-02-24.bag;0.834065854549408;0.0;0.9619645476341248;0.0;0.667477245503997;0.5991873594733563;0.40081264052664367
1730782650.3104277;/app/bags/user95_2017-02-24.bag;0.834065854549408;0.0;0.9619645476341248;0.0;0.667477245503997;0.5991873594733563;0.40081264052664367
1730782650.51039;/app/bags/user95_2017-02-24.bag;0.834065854549408;0.0;0.9619645476341248;0.0;0.667477245503997;0.5991873594733563;0.40081264052664367
1730782650.7103777;/app/bags/user95_2017-02-24.bag;0.834065854549408;0.0;0.9619645476341248;0.0;0.667477245503997;0.5991873594733563;0.40081264052664367
1730782650.910414;/app/bags/user95_2017-02-24.bag;0.834065854549408;0.0;0.9619645476341248;0.0;0.667477245503997;0.5991873594733563;0.40081264052664367
1730782651.1103828;/app/bags/user95_2017-02-24.bag;0.834065854549408;0.0;0.9619645476341248;0.0;0.667477245503997;0.5991873594733563;0.40081264052664367
1730782651.3103857;/app/bags/user95_2017-02-24.bag;0.834065854549408;0.0;0.9619645476341248;0.0;0.667477245503997;0.5991873594733563;0.40081264052664367
1730782651.510395;/app/bags/user95_2017-02-24.bag;0.834065854549408;0.0;0.9619645476341248;0.0;0.667477245503997;0.5991873594733563;0.40081264052664367
1730782651.7103815;/app/bags/user95_2017-02-24.bag;0.834065854549408;0.0;0.9619645476341248;0.0;0.667477245503997;0.5991873594733563;0.40081264052664367
1730782651.910388;/app/bags/user95_2017-02-24.bag;0.834065854549408;0.0;0.9619645476341248;0.0;0.667477245503997;0.5991873594733563;0.40081264052664367
1730782652.1104953;/app/bags/user95_2017-02-24.bag;0.834065854549408;0.0;0.9619645476341248;0.0;0.667477245503997;0.5991873594733563;0.40081264052664367
1730782652.3104084;/app/bags/user95_2017-02-24.bag;0.834065854549408;0.0;0.9619645476341248;0.0;0.667477245503997;0.5991873594733563;0.40081264052664367
1730782652.5104022;/app/bags/user95_2017-02-24.bag;0.834065854549408;0.0;0.9619645476341248;0.0;0.667477245503997;0.5991873594733563;0.40081264052664367
1730782652.710385;/app/bags/user95_2017-02-24.bag;0.834065854549408;0.0;0.9619645476341248;0.0;0.667477245503997;0.5991873594733563;0.40081264052664367
1730782652.910455;/app/bags/user95_2017-02-24.bag;0.834065854549408;0.0;0.9619645476341248;0.0;0.667477245503997;0.5991873594733563;0.40081264052664367
1730782653.1103792;/app/bags/user95_2017-02-24.bag;0.834065854549408;0.0;0.9619645476341248;0.0;0.667477245503997;0.5991873594733563;0.40081264052664367
1730782653.310385;/app/bags/user95_2017-02-24.bag;0.834065854549408;0.0;0.9619645476341248;0.0;0.667477245503997;0.5991873594733563;0.40081264052664367
1730782653.5104594;/app/bags/user95_2017-02-24.bag;0.834065854549408;0.0;0.9619645476341248;0.0;0.667477245503997;0.5991873594733563;0.40081264052664367
1730782653.710411;/app/bags/user95_2017-02-24.bag;0.834065854549408;0.0;0.9619645476341248;0.0;0.667477245503997;0.5991873594733563;0.40081264052664367
1730782653.9103827;/app/bags/user95_2017-02-24.bag;0.834065854549408;0.0;0.9619645476341248;0.0;0.667477245503997;0.5991873594733563;0.40081264052664367
1730782654.1103802;/app/bags/user95_2017-02-24.bag;0.834065854549408;0.0;0.9619645476341248;0.0;0.667477245503997;0.5991873594733563;0.40081264052664367
1730782654.3104076;/app/bags/user95_2017-02-24.bag;0.834065854549408;0.0;0.9619645476341248;0.0;0.667477245503997;0.5991873594733563;0.40081264052664367
1730782654.510396;/app/bags/user95_2017-02-24.bag;0.834065854549408;0.0;0.9619645476341248;0.0;0.667477245503997;0.5991873594733563;0.40081264052664367
1730782654.7103555;/app/bags/user95_2017-02-24.bag;0.834065854549408;0.0;0.9619645476341248;0.0;0.667477245503997;0.5991873594733563;0.40081264052664367
1730782654.910429;/app/bags/user95_2017-02-24.bag;0.834065854549408;0.0;0.9619645476341248;0.0;0.667477245503997;0.5991873594733563;0.40081264052664367
1730782655.1104522;/app/bags/user95_2017-02-24.bag;0.834065854549408;0.0;0.9619645476341248;0.0;0.667477245503997;0.5991873594733563;0.40081264052664367
1730782655.3104253;/app/bags/user95_2017-02-24.bag;0.834065854549408;0.0;0.9619645476341248;0.0;0.667477245503997;0.5991873594733563;0.40081264052664367
1730782655.5103965;/app/bags/user95_2017-02-24.bag;0.834065854549408;0.0;0.9619645476341248;0.0;0.667477245503997;0.5991873594733563;0.40081264052664367
1730782655.71038;/app/bags/user95_2017-02-24.bag;0.834065854549408;0.0;0.9619645476341248;0.0;0.667477245503997;0.5991873594733563;0.40081264052664367
1730782655.9103694;/app/bags/user95_2017-02-24.bag;0.834065854549408;0.0;0.9619645476341248;0.0;0.667477245503997;0.5991873594733563;0.40081264052664367
1730782656.110416;/app/bags/user95_2017-02-24.bag;0.834065854549408;0.0;0.9619645476341248;0.0;0.667477245503997;0.5991873594733563;0.40081264052664367
1730782656.3104243;/app/bags/user95_2017-02-24.bag;0.834065854549408;0.0;0.9619645476341248;0.0;0.667477245503997;0.5991873594733563;0.40081264052664367
1730782656.51038;/app/bags/user95_2017-02-24.bag;0.834065854549408;0.0;0.9619645476341248;0.0;0.667477245503997;0.5991873594733563;0.40081264052664367
1730782656.7103958;/app/bags/user95_2017-02-24.bag;0.834065854549408;0.0;0.9619645476341248;0.0;0.667477245503997;0.5991873594733563;0.40081264052664367
1730782656.9104419;/app/bags/user95_2017-02-24.bag;0.834065854549408;0.0;0.9619645476341248;0.0;0.667477245503997;0.5991873594733563;0.40081264052664367
1730782657.1104493;/app/bags/user95_2017-02-24.bag;0.834065854549408;0.0;0.9619645476341248;0.0;0.667477245503997;0.5991873594733563;0.40081264052664367
1730782657.3103905;/app/bags/user95_2017-02-24.bag;0.834065854549408;0.0;0.9619645476341248;0.0;0.667477245503997;0.5991873594733563;0.40081264052664367
1730782657.5104077;/app/bags/user95_2017-02-24.bag;0.834065854549408;0.0;0.9619645476341248;0.0;0.667477245503997;0.5991873594733563;0.40081264052664367
1730782657.7104115;/app/bags/user95_2017-02-24.bag;0.834065854549408;0.0;0.9619645476341248;0.0;0.667477245503997;0.5991873594733563;0.40081264052664367
1730782657.9104261;/app/bags/user95_2017-02-24.bag;0.834065854549408;0.0;0.9619645476341248;0.0;0.667477245503997;0.5991873594733563;0.40081264052664367
1730782658.1104057;/app/bags/user95_2017-02-24.bag;0.834065854549408;0.0;0.9619645476341248;0.0;0.667477245503997;0.5991873594733563;0.40081264052664367
1730782658.3103752;/app/bags/user95_2017-02-24.bag;0.834065854549408;0.0;0.9619645476341248;0.0;0.667477245503997;0.5991873594733563;0.40081264052664367
1730782658.5103812;/app/bags/user95_2017-02-24.bag;0.834065854549408;0.0;0.9619645476341248;0.0;0.667477245503997;0.5991873594733563;0.40081264052664367
1730782658.710441;/app/bags/user95_2017-02-24.bag;0.834065854549408;0.0;0.9619645476341248;0.0;0.667477245503997;0.5991873594733563;0.40081264052664367
1730782658.910431;/app/bags/user95_2017-02-24.bag;0.834065854549408;0.0;0.9619645476341248;0.0;0.667477245503997;0.5991873594733563;0.40081264052664367
1730782659.110419;/app/bags/user95_2017-02-24.bag;0.834065854549408;0.0;0.9619645476341248;0.0;0.667477245503997;0.5991873594733563;0.40081264052664367
1730782659.310407;/app/bags/user95_2017-02-24.bag;0.834065854549408;0.0;0.9619645476341248;0.0;0.667477245503997;0.5991873594733563;0.40081264052664367
1730782659.5104277;/app/bags/user95_2017-02-24.bag;0.834065854549408;0.0;0.9619645476341248;0.0;0.667477245503997;0.5991873594733563;0.40081264052664367
1730782659.7103596;/app/bags/user95_2017-02-24.bag;0.834065854549408;0.0;0.9619645476341248;0.0;0.667477245503997;0.5991873594733563;0.40081264052664367
1730782659.9103475;/app/bags/user95_2017-02-24.bag;0.834065854549408;0.0;0.9619645476341248;0.0;0.667477245503997;0.5991873594733563;0.40081264052664367
1730782660.1104243;/app/bags/user95_2017-02-24.bag;0.834065854549408;0.0;0.9619645476341248;0.0;0.667477245503997;0.5991873594733563;0.40081264052664367
1730782660.3104148;/app/bags/user95_2017-02-24.bag;0.834065854549408;0.0;0.9619645476341248;0.0;0.667477245503997;0.5991873594733563;0.40081264052664367
1730782660.5103724;/app/bags/user95_2017-02-24.bag;0.834065854549408;0.0;0.9619645476341248;0.0;0.667477245503997;0.5991873594733563;0.40081264052664367
1730782660.7105234;/app/bags/user95_2017-02-24.bag;0.834065854549408;0.0;0.9619645476341248;0.0;0.667477245503997;0.5991873594733563;0.40081264052664367
1730782660.9103687;/app/bags/user95_2017-02-24.bag;0.834065854549408;0.0;0.9619645476341248;0.0;0.667477245503997;0.5991873594733563;0.40081264052664367
1730782661.1104422;/app/bags/user95_2017-02-24.bag;0.834065854549408;0.0;0.9619645476341248;0.0;0.667477245503997;0.5991873594733563;0.40081264052664367
1730782661.3103642;/app/bags/user95_2017-02-24.bag;0.834065854549408;0.0;0.9619645476341248;0.0;0.667477245503997;0.5991873594733563;0.40081264052664367
1730782661.5103934;/app/bags/user95_2017-02-24.bag;0.834065854549408;0.0;0.9619645476341248;0.0;0.667477245503997;0.5991873594733563;0.40081264052664367
1730782661.7104013;/app/bags/user95_2017-02-24.bag;0.834065854549408;0.0;0.9619645476341248;0.0;0.667477245503997;0.5991873594733563;0.40081264052664367
1730782661.910408;/app/bags/user95_2017-02-24.bag;0.834065854549408;0.0;0.9619645476341248;0.0;0.667477245503997;0.5991873594733563;0.40081264052664367
1730782662.1103914;/app/bags/user95_2017-02-24.bag;0.834065854549408;0.0;0.9619645476341248;0.0;0.667477245503997;0.5991873594733563;0.40081264052664367
1730782662.3103416;/app/bags/user95_2017-02-24.bag;0.834065854549408;0.0;0.9619645476341248;0.0;0.667477245503997;0.5991873594733563;0.40081264052664367
1730782662.5104148;/app/bags/user95_2017-02-24.bag;0.834065854549408;0.0;0.9619645476341248;0.0;0.667477245503997;0.5991873594733563;0.40081264052664367
1730782662.710336;/app/bags/user95_2017-02-24.bag;0.834065854549408;0.0;0.9619645476341248;0.0;0.667477245503997;0.5991873594733563;0.40081264052664367
1730782662.9104416;/app/bags/user95_2017-02-24.bag;0.834065854549408;0.0;0.9619645476341248;0.0;0.667477245503997;0.5991873594733563;0.40081264052664367
1730782663.1103828;/app/bags/user95_2017-02-24.bag;0.834065854549408;0.0;0.9619645476341248;0.0;0.667477245503997;0.5991873594733563;0.40081264052664367
1730782663.310436;/app/bags/user95_2017-02-24.bag;0.834065854549408;0.0;0.9619645476341248;0.0;0.667477245503997;0.5991873594733563;0.40081264052664367
1730782663.5103478;/app/bags/user95_2017-02-24.bag;0.834065854549408;0.0;0.9619645476341248;0.0;0.667477245503997;0.5991873594733563;0.40081264052664367
1730782663.710357;/app/bags/user95_2017-02-24.bag;0.834065854549408;0.0;0.9619645476341248;0.0;0.667477245503997;0.5991873594733563;0.40081264052664367
1730782663.9104197;/app/bags/user95_2017-02-24.bag;0.834065854549408;0.0;0.9619645476341248;0.0;0.667477245503997;0.5991873594733563;0.40081264052664367
1730782664.1104655;/app/bags/user95_2017-02-24.bag;0.834065854549408;0.0;0.9619645476341248;0.0;0.667477245503997;0.5991873594733563;0.40081264052664367
1730782664.3103821;/app/bags/user95_2017-02-24.bag;0.834065854549408;0.0;0.9619645476341248;0.0;0.667477245503997;0.5991873594733563;0.40081264052664367
1730782664.5104337;/app/bags/user95_2017-02-24.bag;0.834065854549408;0.0;0.9619645476341248;0.0;0.667477245503997;0.5991873594733563;0.40081264052664367
1730782664.7104409;/app/bags/user95_2017-02-24.bag;0.834065854549408;0.0;0.9619645476341248;0.0;0.667477245503997;0.5991873594733563;0.40081264052664367
1730782664.910433;/app/bags/user95_2017-02-24.bag;0.834065854549408;0.0;0.9619645476341248;0.0;0.667477245503997;0.5991873594733563;0.40081264052664367
1730782665.1103947;/app/bags/user95_2017-02-24.bag;0.834065854549408;0.0;0.9619645476341248;0.0;0.667477245503997;0.5991873594733563;0.40081264052664367
1730782665.3104067;/app/bags/user95_2017-02-24.bag;0.834065854549408;0.0;0.9619645476341248;0.0;0.667477245503997;0.5991873594733563;0.40081264052664367
1730782665.5103803;/app/bags/user95_2017-02-24.bag;0.834065854549408;0.0;0.9619645476341248;0.0;0.667477245503997;0.5991873594733563;0.40081264052664367
1730782665.710401;/app/bags/user95_2017-02-24.bag;0.834065854549408;0.0;0.9619645476341248;0.0;0.667477245503997;0.5991873594733563;0.40081264052664367
1730782665.9103587;/app/bags/user95_2017-02-24.bag;0.834065854549408;0.0;0.9619645476341248;0.0;0.667477245503997;0.5991873594733563;0.40081264052664367
1730782666.110369;/app/bags/user95_2017-02-24.bag;0.834065854549408;0.0;0.9619645476341248;0.0;0.667477245503997;0.5991873594733563;0.40081264052664367
1730782666.310382;/app/bags/user95_2017-02-24.bag;0.834065854549408;0.0;0.9619645476341248;0.0;0.667477245503997;0.5991873594733563;0.40081264052664367
1730782666.5103543;/app/bags/user95_2017-02-24.bag;0.834065854549408;0.0;0.9619645476341248;0.0;0.667477245503997;0.5991873594733563;0.40081264052664367
1730782666.710407;/app/bags/user95_2017-02-24.bag;0.834065854549408;0.0;0.9619645476341248;0.0;0.667477245503997;0.5991873594733563;0.40081264052664367
1730782666.9104548;/app/bags/user95_2017-02-24.bag;0.834065854549408;0.0;0.9619645476341248;0.0;0.667477245503997;0.5991873594733563;0.40081264052664367
1730782667.1103973;/app/bags/user95_2017-02-24.bag;0.834065854549408;0.0;0.9619645476341248;0.0;0.667477245503997;0.5991873594733563;0.40081264052664367
1730782667.3104243;/app/bags/user95_2017-02-24.bag;0.834065854549408;0.0;0.9619645476341248;0.0;0.667477245503997;0.5991873594733563;0.40081264052664367
1730782667.5104458;/app/bags/user95_2017-02-24.bag;0.834065854549408;0.0;0.9619645476341248;0.0;0.667477245503997;0.5991873594733563;0.40081264052664367
1730782667.7103913;/app/bags/user95_2017-02-24.bag;0.834065854549408;0.0;0.9619645476341248;0.0;0.667477245503997;0.5991873594733563;0.40081264052664367
1730782667.9103894;/app/bags/user95_2017-02-24.bag;0.834065854549408;0.0;0.9619645476341248;0.0;0.667477245503997;0.5991873594733563;0.40081264052664367
1730782668.1104543;/app/bags/user95_2017-02-24.bag;0.834065854549408;0.0;0.9619645476341248;0.0;0.667477245503997;0.5991873594733563;0.40081264052664367
1730782668.3103957;/app/bags/user95_2017-02-24.bag;0.834065854549408;0.0;0.9619645476341248;0.0;0.667477245503997;0.5991873594733563;0.40081264052664367
1730782668.5103848;/app/bags/user95_2017-02-24.bag;0.834065854549408;0.0;0.9619645476341248;0.0;0.667477245503997;0.5991873594733563;0.40081264052664367
1730782668.7103853;/app/bags/user95_2017-02-24.bag;0.834065854549408;0.0;0.9619645476341248;0.0;0.667477245503997;0.5991873594733563;0.40081264052664367
1730782668.910379;/app/bags/user95_2017-02-24.bag;0.834065854549408;0.0;0.9619645476341248;0.0;0.667477245503997;0.5991873594733563;0.40081264052664367
1730782669.110355;/app/bags/user95_2017-02-24.bag;0.834065854549408;0.0;0.9619645476341248;0.0;0.667477245503997;0.5991873594733563;0.40081264052664367
1730782669.3104835;/app/bags/user95_2017-02-24.bag;0.834065854549408;0.0;0.9619645476341248;0.0;0.667477245503997;0.5991873594733563;0.40081264052664367
1730782669.510415;/app/bags/user95_2017-02-24.bag;0.834065854549408;0.0;0.9619645476341248;0.0;0.667477245503997;0.5991873594733563;0.40081264052664367
1730782669.7104793;/app/bags/user95_2017-02-24.bag;0.834065854549408;0.0;0.9619645476341248;0.0;0.667477245503997;0.5991873594733563;0.40081264052664367
1730782669.9103947;/app/bags/user95_2017-02-24.bag;0.834065854549408;0.0;0.9619645476341248;0.0;0.667477245503997;0.5991873594733563;0.40081264052664367
1730782670.110376;/app/bags/user95_2017-02-24.bag;0.834065854549408;0.0;0.9619645476341248;0.0;0.667477245503997;0.5991873594733563;0.40081264052664367
1730782670.3103976;/app/bags/user95_2017-02-24.bag;0.834065854549408;0.0;0.9619645476341248;0.0;0.667477245503997;0.5991873594733563;0.40081264052664367
1730782670.5104156;/app/bags/user95_2017-02-24.bag;0.834065854549408;0.0;0.9619645476341248;0.0;0.667477245503997;0.5991873594733563;0.40081264052664367
1730782670.7104368;/app/bags/user95_2017-02-24.bag;0.834065854549408;0.0;0.9619645476341248;0.0;0.667477245503997;0.5991873594733563;0.40081264052664367
1730782670.9104817;/app/bags/user95_2017-02-24.bag;0.834065854549408;0.0;0.9619645476341248;0.0;0.667477245503997;0.5991873594733563;0.40081264052664367
1730782671.1104064;/app/bags/user95_2017-02-24.bag;0.834065854549408;0.0;0.9619645476341248;0.0;0.667477245503997;0.5991873594733563;0.40081264052664367
1730782671.3103764;/app/bags/user95_2017-02-24.bag;0.834065854549408;0.0;0.9619645476341248;0.0;0.667477245503997;0.5991873594733563;0.40081264052664367
1730782671.5103645;/app/bags/user95_2017-02-24.bag;0.834065854549408;0.0;0.9619645476341248;0.0;0.667477245503997;0.5991873594733563;0.40081264052664367
1730782671.7103915;/app/bags/user95_2017-02-24.bag;0.834065854549408;0.0;0.9619645476341248;0.0;0.667477245503997;0.5991873594733563;0.40081264052664367
1730782671.9103847;/app/bags/user95_2017-02-24.bag;0.834065854549408;0.0;0.9619645476341248;0.0;0.667477245503997;0.5991873594733563;0.40081264052664367
1730782672.1103709;/app/bags/user95_2017-02-24.bag;0.834065854549408;0.0;0.9619645476341248;0.0;0.667477245503997;0.5991873594733563;0.40081264052664367
1730782672.3104393;/app/bags/user95_2017-02-24.bag;0.834065854549408;0.0;0.9619645476341248;0.0;0.667477245503997;0.5991873594733563;0.40081264052664367
1730782672.5104182;/app/bags/user95_2017-02-24.bag;0.834065854549408;0.0;0.9619645476341248;0.0;0.667477245503997;0.5991873594733563;0.40081264052664367
1730782672.710396;/app/bags/user95_2017-02-24.bag;0.834065854549408;0.0;0.9619645476341248;0.0;0.667477245503997;0.5991873594733563;0.40081264052664367
1730782672.9103916;/app/bags/user95_2017-02-24.bag;0.834065854549408;0.0;0.9619645476341248;0.0;0.667477245503997;0.5991873594733563;0.40081264052664367
1730782673.110449;/app/bags/user95_2017-02-24.bag;0.834065854549408;0.0;0.9619645476341248;0.0;0.667477245503997;0.5991873594733563;0.40081264052664367
1730782673.310408;/app/bags/user95_2017-02-24.bag;0.834065854549408;0.0;0.9619645476341248;0.0;0.667477245503997;0.5991873594733563;0.40081264052664367
1730782673.5103729;/app/bags/user95_2017-02-24.bag;0.834065854549408;0.0;0.9619645476341248;0.0;0.667477245503997;0.5991873594733563;0.40081264052664367
1730782673.7104037;/app/bags/user95_2017-02-24.bag;0.834065854549408;0.0;0.9619645476341248;0.0;0.667477245503997;0.5991873594733563;0.40081264052664367
1730782673.9103997;/app/bags/user95_2017-02-24.bag;0.834065854549408;0.0;0.9619645476341248;0.0;0.667477245503997;0.5991873594733563;0.40081264052664367
1730782674.1104164;/app/bags/user95_2017-02-24.bag;0.834065854549408;0.0;0.9619645476341248;0.0;0.667477245503997;0.5991873594733563;0.40081264052664367
1730782674.3103888;/app/bags/user95_2017-02-24.bag;0.834065854549408;0.0;0.9619645476341248;0.0;0.667477245503997;0.5991873594733563;0.40081264052664367
1730782674.5103798;/app/bags/user95_2017-02-24.bag;0.834065854549408;0.0;0.9619645476341248;0.0;0.667477245503997;0.5991873594733563;0.40081264052664367
1730782674.7103515;/app/bags/user95_2017-02-24.bag;0.834065854549408;0.0;0.9619645476341248;0.0;0.667477245503997;0.5991873594733563;0.40081264052664367
1730782674.9106321;/app/bags/user95_2017-02-24.bag;0.834065854549408;0.0;0.9619645476341248;0.0;0.667477245503997;0.5991873594733563;0.40081264052664367
1730782675.1104097;/app/bags/user95_2017-02-24.bag;0.834065854549408;0.0;0.9619645476341248;0.0;0.667477245503997;0.5991873594733563;0.40081264052664367
1730782675.310368;/app/bags/user95_2017-02-24.bag;0.834065854549408;0.0;0.9619645476341248;0.0;0.667477245503997;0.5991873594733563;0.40081264052664367
1730782675.5103931;/app/bags/user95_2017-02-24.bag;0.834065854549408;0.0;0.9619645476341248;0.0;0.667477245503997;0.5991873594733563;0.40081264052664367
1730782675.7104082;/app/bags/user95_2017-02-24.bag;0.834065854549408;0.0;0.9619645476341248;0.0;0.667477245503997;0.5991873594733563;0.40081264052664367
1730782675.9104133;/app/bags/user95_2017-02-24.bag;0.834065854549408;0.0;0.9619645476341248;0.0;0.667477245503997;0.5991873594733563;0.40081264052664367
1730782676.1103973;/app/bags/user95_2017-02-24.bag;0.834065854549408;0.0;0.9619645476341248;0.0;0.667477245503997;0.5991873594733563;0.40081264052664367
1730782676.310542;/app/bags/user95_2017-02-24.bag;0.834065854549408;0.0;0.9619645476341248;0.0;0.667477245503997;0.5991873594733563;0.40081264052664367
1730782676.5103624;/app/bags/user95_2017-02-24.bag;0.834065854549408;0.0;0.9619645476341248;0.0;0.667477245503997;0.5991873594733563;0.40081264052664367
1730782676.710386;/app/bags/user95_2017-02-24.bag;0.834065854549408;0.0;0.9619645476341248;0.0;0.667477245503997;0.5991873594733563;0.40081264052664367
1730782676.910386;/app/bags/user95_2017-02-24.bag;0.834065854549408;0.0;0.9619645476341248;0.0;0.667477245503997;0.5991873594733563;0.40081264052664367
1730782677.1104805;/app/bags/user95_2017-02-24.bag;0.834065854549408;0.0;0.9619645476341248;0.0;0.667477245503997;0.5991873594733563;0.40081264052664367
1730782677.3103726;/app/bags/user95_2017-02-24.bag;0.834065854549408;0.0;0.9619645476341248;0.0;0.667477245503997;0.5991873594733563;0.40081264052664367
1730782677.51041;/app/bags/user95_2017-02-24.bag;0.834065854549408;0.0;0.9619645476341248;0.0;0.667477245503997;0.5991873594733563;0.40081264052664367
1730782677.71044;/app/bags/user95_2017-02-24.bag;0.834065854549408;0.0;0.9619645476341248;0.0;0.667477245503997;0.5991873594733563;0.40081264052664367
1730782677.9104068;/app/bags/user95_2017-02-24.bag;0.834065854549408;0.0;0.9619645476341248;0.0;0.667477245503997;0.5991873594733563;0.40081264052664367
1730782678.11039;/app/bags/user95_2017-02-24.bag;0.834065854549408;0.0;0.9619645476341248;0.0;0.667477245503997;0.5991873594733563;0.40081264052664367
1730782678.3104236;/app/bags/user95_2017-02-24.bag;0.834065854549408;0.0;0.9619645476341248;0.0;0.667477245503997;0.5991873594733563;0.40081264052664367
1730782678.5104504;/app/bags/user95_2017-02-24.bag;0.834065854549408;0.0;0.9619645476341248;0.0;0.667477245503997;0.5991873594733563;0.40081264052664367
1730782678.7104156;/app/bags/user95_2017-02-24.bag;0.834065854549408;0.0;0.9619645476341248;0.0;0.667477245503997;0.5991873594733563;0.40081264052664367
1730782678.9103718;/app/bags/user95_2017-02-24.bag;0.834065854549408;0.0;0.9619645476341248;0.0;0.667477245503997;0.5991873594733563;0.40081264052664367
1730782679.1104372;/app/bags/user95_2017-02-24.bag;0.834065854549408;0.0;0.9619645476341248;0.0;0.667477245503997;0.5991873594733563;0.40081264052664367
1730782679.3103786;/app/bags/user95_2017-02-24.bag;0.834065854549408;0.0;0.9619645476341248;0.0;0.667477245503997;0.5991873594733563;0.40081264052664367
1730782679.5103939;/app/bags/user95_2017-02-24.bag;0.834065854549408;0.0;0.9619645476341248;0.0;0.667477245503997;0.5991873594733563;0.40081264052664367
1730782679.71037;/app/bags/user95_2017-02-24.bag;0.834065854549408;0.0;0.9619645476341248;0.0;0.667477245503997;0.5991873594733563;0.40081264052664367
1730782679.910423;/app/bags/user95_2017-02-24.bag;0.834065854549408;0.0;0.9619645476341248;0.0;0.667477245503997;0.5991873594733563;0.40081264052664367
1730782680.1104157;/app/bags/user95_2017-02-24.bag;0.834065854549408;0.0;0.9619645476341248;0.0;0.667477245503997;0.5991873594733563;0.40081264052664367
1730782680.310412;/app/bags/user95_2017-02-24.bag;0.834065854549408;0.0;0.9619645476341248;0.0;0.667477245503997;0.5991873594733563;0.40081264052664367
1730782680.510386;/app/bags/user95_2017-02-24.bag;0.834065854549408;0.0;0.9619645476341248;0.0;0.667477245503997;0.5991873594733563;0.40081264052664367
1730782680.7103786;/app/bags/user95_2017-02-24.bag;0.834065854549408;0.0;0.9619645476341248;0.0;0.667477245503997;0.5991873594733563;0.40081264052664367
1730782680.9104936;/app/bags/user95_2017-02-24.bag;0.834065854549408;0.0;0.9619645476341248;0.0;0.667477245503997;0.5991873594733563;0.40081264052664367
1730782681.110392;/app/bags/user95_2017-02-24.bag;0.834065854549408;0.0;0.9619645476341248;0.0;0.667477245503997;0.5991873594733563;0.40081264052664367
1730782681.3104231;/app/bags/user95_2017-02-24.bag;0.834065854549408;0.0;0.9619645476341248;0.0;0.667477245503997;0.5991873594733563;0.40081264052664367
1730782681.510246;/app/bags/user95_2017-02-24.bag;0.834065854549408;0.0;0.9619645476341248;0.0;0.667477245503997;0.5991873594733563;0.40081264052664367
1730782681.710426;/app/bags/user95_2017-02-24.bag;0.834065854549408;0.0;0.9619645476341248;0.0;0.667477245503997;0.5991873594733563;0.40081264052664367
1730782681.9104211;/app/bags/user95_2017-02-24.bag;0.834065854549408;0.0;0.9619645476341248;0.0;0.667477245503997;0.5991873594733563;0.40081264052664367
1730782682.1103756;/app/bags/user95_2017-02-24.bag;0.834065854549408;0.0;0.9619645476341248;0.0;0.667477245503997;0.5991873594733563;0.40081264052664367
1730782682.3103666;/app/bags/user95_2017-02-24.bag;0.834065854549408;0.0;0.9619645476341248;0.0;0.667477245503997;0.5991873594733563;0.40081264052664367
1730782682.5104043;/app/bags/user95_2017-02-24.bag;0.834065854549408;0.0;0.9619645476341248;0.0;0.667477245503997;0.5991873594733563;0.40081264052664367
1730782682.710399;/app/bags/user95_2017-02-24.bag;0.834065854549408;0.0;0.9619645476341248;0.0;0.667477245503997;0.5991873594733563;0.40081264052664367
1730782682.9103994;/app/bags/user95_2017-02-24.bag;0.834065854549408;0.0;0.9619645476341248;0.0;0.667477245503997;0.5991873594733563;0.40081264052664367
1730782683.1103723;/app/bags/user95_2017-02-24.bag;0.834065854549408;0.0;0.9619645476341248;0.0;0.667477245503997;0.5991873594733563;0.40081264052664367
1730782683.3103688;/app/bags/user95_2017-02-24.bag;0.834065854549408;0.0;0.9619645476341248;0.0;0.667477245503997;0.5991873594733563;0.40081264052664367
1730782683.510405;/app/bags/user95_2017-02-24.bag;0.834065854549408;0.0;0.9619645476341248;0.0;0.667477245503997;0.5991873594733563;0.40081264052664367
1730782683.7105496;/app/bags/user95_2017-02-24.bag;0.834065854549408;0.0;0.9619645476341248;0.0;0.667477245503997;0.5991873594733563;0.40081264052664367
1730782683.9103909;/app/bags/user95_2017-02-24.bag;0.834065854549408;0.0;0.9619645476341248;0.0;0.667477245503997;0.5991873594733563;0.40081264052664367
1730782684.1103957;/app/bags/user95_2017-02-24.bag;0.834065854549408;0.0;0.9619645476341248;0.0;0.667477245503997;0.5991873594733563;0.40081264052664367
1730782684.3104665;/app/bags/user95_2017-02-24.bag;0.834065854549408;0.0;0.9619645476341248;0.0;0.667477245503997;0.5991873594733563;0.40081264052664367
1730782684.5103755;/app/bags/user95_2017-02-24.bag;0.834065854549408;0.0;0.9619645476341248;0.0;0.667477245503997;0.5991873594733563;0.40081264052664367
1730782684.7104063;/app/bags/user95_2017-02-24.bag;0.834065854549408;0.0;0.9619645476341248;0.0;0.667477245503997;0.5991873594733563;0.40081264052664367
1730782684.9104452;/app/bags/user95_2017-02-24.bag;0.834065854549408;0.0;0.9619645476341248;0.0;0.667477245503997;0.5991873594733563;0.40081264052664367
1730782685.1103656;/app/bags/user95_2017-02-24.bag;0.834065854549408;0.0;0.9619645476341248;0.0;0.667477245503997;0.5991873594733563;0.40081264052664367
1730782685.3104804;/app/bags/user95_2017-02-24.bag;0.834065854549408;0.0;0.9619645476341248;0.0;0.667477245503997;0.5991873594733563;0.40081264052664367
1730782685.5105348;/app/bags/user95_2017-02-24.bag;0.834065854549408;0.0;0.9619645476341248;0.0;0.667477245503997;0.5991873594733563;0.40081264052664367
1730782685.7103758;/app/bags/user95_2017-02-24.bag;0.834065854549408;0.0;0.9619645476341248;0.0;0.667477245503997;0.5991873594733563;0.40081264052664367
1730782685.91043;/app/bags/user95_2017-02-24.bag;0.834065854549408;0.0;0.9619645476341248;0.0;0.667477245503997;0.5991873594733563;0.40081264052664367
1730782686.1103766;/app/bags/user95_2017-02-24.bag;0.834065854549408;0.0;0.9619645476341248;0.0;0.667477245503997;0.5991873594733563;0.40081264052664367
1730782686.3103883;/app/bags/user95_2017-02-24.bag;0.834065854549408;0.0;0.9619645476341248;0.0;0.667477245503997;0.5991873594733563;0.40081264052664367
1730782686.510526;/app/bags/user95_2017-02-24.bag;0.834065854549408;0.0;0.9619645476341248;0.0;0.667477245503997;0.5991873594733563;0.40081264052664367
1730782686.7103808;/app/bags/user95_2017-02-24.bag;0.834065854549408;0.0;0.9619645476341248;0.0;0.667477245503997;0.5991873594733563;0.40081264052664367
1730782686.9103944;/app/bags/user95_2017-02-24.bag;0.834065854549408;0.0;0.9619645476341248;0.0;0.667477245503997;0.5991873594733563;0.40081264052664367
1730782687.1104333;/app/bags/user95_2017-02-24.bag;0.834065854549408;0.0;0.9619645476341248;0.0;0.667477245503997;0.5991873594733563;0.40081264052664367
1730782687.310399;/app/bags/user95_2017-02-24.bag;0.834065854549408;0.0;0.9619645476341248;0.0;0.667477245503997;0.5991873594733563;0.40081264052664367
1730782687.5104089;/app/bags/user95_2017-02-24.bag;0.834065854549408;0.0;0.9619645476341248;0.0;0.667477245503997;0.5991873594733563;0.40081264052664367
1730782687.710398;/app/bags/user95_2017-02-24.bag;0.834065854549408;0.0;0.9619645476341248;0.0;0.667477245503997;0.5991873594733563;0.40081264052664367
1730782687.9103794;/app/bags/user95_2017-02-24.bag;0.834065854549408;0.0;0.9619645476341248;0.0;0.667477245503997;0.5991873594733563;0.40081264052664367
1730782688.110359;/app/bags/user95_2017-02-24.bag;0.834065854549408;0.0;0.9619645476341248;0.0;0.667477245503997;0.5991873594733563;0.40081264052664367
1730782688.3104653;/app/bags/user95_2017-02-24.bag;0.834065854549408;0.0;0.9619645476341248;0.0;0.667477245503997;0.5991873594733563;0.40081264052664367
1730782688.5104318;/app/bags/user95_2017-02-24.bag;0.834065854549408;0.0;0.9619645476341248;0.0;0.667477245503997;0.5991873594733563;0.40081264052664367
1730782688.7103875;/app/bags/user95_2017-02-24.bag;0.834065854549408;0.0;0.9619645476341248;0.0;0.667477245503997;0.5991873594733563;0.40081264052664367
1730782688.9103675;/app/bags/user95_2017-02-24.bag;0.834065854549408;0.0;0.9619645476341248;0.0;0.667477245503997;0.5991873594733563;0.40081264052664367
1730782689.1103723;/app/bags/user95_2017-02-24.bag;0.834065854549408;0.0;0.9619645476341248;0.0;0.667477245503997;0.5991873594733563;0.40081264052664367
1730782689.3104863;/app/bags/user95_2017-02-24.bag;0.834065854549408;0.0;0.9619645476341248;0.0;0.667477245503997;0.5991873594733563;0.40081264052664367
1730782689.5103989;/app/bags/user95_2017-02-24.bag;0.834065854549408;0.0;0.9619645476341248;0.0;0.667477245503997;0.5991873594733563;0.40081264052664367
1730782689.7103713;/app/bags/user95_2017-02-24.bag;0.834065854549408;0.0;0.9619645476341248;0.0;0.667477245503997;0.5991873594733563;0.40081264052664367
1730782689.9104443;/app/bags/user95_2017-02-24.bag;0.834065854549408;0.0;0.9619645476341248;0.0;0.667477245503997;0.5991873594733563;0.40081264052664367
1730782690.1103845;/app/bags/user95_2017-02-24.bag;0.834065854549408;0.0;0.9619645476341248;0.0;0.667477245503997;0.5991873594733563;0.40081264052664367
1730782690.310376;/app/bags/user95_2017-02-24.bag;0.834065854549408;0.0;0.9619645476341248;0.0;0.667477245503997;0.5991873594733563;0.40081264052664367
1730782690.5103726;/app/bags/user95_2017-02-24.bag;0.834065854549408;0.0;0.9619645476341248;0.0;0.667477245503997;0.5991873594733563;0.40081264052664367
1730782690.710437;/app/bags/user95_2017-02-24.bag;0.834065854549408;0.0;0.9619645476341248;0.0;0.667477245503997;0.5991873594733563;0.40081264052664367
1730782690.9103792;/app/bags/user95_2017-02-24.bag;0.834065854549408;0.0;0.9619645476341248;0.0;0.667477245503997;0.5991873594733563;0.40081264052664367
1730782691.1103737;/app/bags/user95_2017-02-24.bag;0.834065854549408;0.0;0.9619645476341248;0.0;0.667477245503997;0.5991873594733563;0.40081264052664367
1730782691.310401;/app/bags/user95_2017-02-24.bag;0.834065854549408;0.0;0.9619645476341248;0.0;0.667477245503997;0.5991873594733563;0.40081264052664367
1730782691.5104122;/app/bags/user95_2017-02-24.bag;0.834065854549408;0.0;0.9619645476341248;0.0;0.667477245503997;0.5991873594733563;0.40081264052664367
1730782691.7104785;/app/bags/user95_2017-02-24.bag;0.834065854549408;0.0;0.9619645476341248;0.0;0.667477245503997;0.5991873594733563;0.40081264052664367
1730782691.9103682;/app/bags/user95_2017-02-24.bag;0.834065854549408;0.0;0.9619645476341248;0.0;0.667477245503997;0.5991873594733563;0.40081264052664367
1730782692.110426;/app/bags/user95_2017-02-24.bag;0.834065854549408;0.0;0.9619645476341248;0.0;0.667477245503997;0.5991873594733563;0.40081264052664367
1730782692.3104131;/app/bags/user95_2017-02-24.bag;0.834065854549408;0.0;0.9619645476341248;0.0;0.667477245503997;0.5991873594733563;0.40081264052664367
1730782692.5106423;/app/bags/user95_2017-02-24.bag;0.834065854549408;0.0;0.9619645476341248;0.0;0.667477245503997;0.5991873594733563;0.40081264052664367
1730782692.7104106;/app/bags/user95_2017-02-24.bag;0.834065854549408;0.0;0.9619645476341248;0.0;0.667477245503997;0.5991873594733563;0.40081264052664367
1730782692.9104443;/app/bags/user95_2017-02-24.bag;0.834065854549408;0.0;0.9619645476341248;0.0;0.667477245503997;0.5991873594733563;0.40081264052664367
1730782693.1104136;/app/bags/user95_2017-02-24.bag;0.834065854549408;0.0;0.9619645476341248;0.0;0.667477245503997;0.5991873594733563;0.40081264052664367
1730782693.3103812;/app/bags/user95_2017-02-24.bag;0.834065854549408;0.0;0.9619645476341248;0.0;0.667477245503997;0.5991873594733563;0.40081264052664367
1730782693.5104475;/app/bags/user95_2017-02-24.bag;0.834065854549408;0.0;0.9619645476341248;0.0;0.667477245503997;0.5991873594733563;0.40081264052664367
1730782693.7106378;/app/bags/user95_2017-02-24.bag;0.834065854549408;0.0;0.9619645476341248;0.0;0.667477245503997;0.5991873594733563;0.40081264052664367
1730782693.910382;/app/bags/user95_2017-02-24.bag;0.834065854549408;0.0;0.9619645476341248;0.0;0.667477245503997;0.5991873594733563;0.40081264052664367
1730782694.1104589;/app/bags/user95_2017-02-24.bag;0.834065854549408;0.0;0.9619645476341248;0.0;0.667477245503997;0.5991873594733563;0.40081264052664367
1730782694.311214;/app/bags/user95_2017-02-24.bag;0.834065854549408;0.0;0.9619645476341248;0.0;0.667477245503997;0.5991873594733563;0.40081264052664367
1730782694.510476;/app/bags/user95_2017-02-24.bag;0.834065854549408;0.0;0.9619645476341248;0.0;0.667477245503997;0.5991873594733563;0.40081264052664367
1730782694.710401;/app/bags/user95_2017-02-24.bag;0.834065854549408;0.0;0.9619645476341248;0.0;0.667477245503997;0.5991873594733563;0.40081264052664367
1730782694.910396;/app/bags/user95_2017-02-24.bag;0.834065854549408;0.0;0.9619645476341248;0.0;0.667477245503997;0.5991873594733563;0.40081264052664367
1730782695.110394;/app/bags/user95_2017-02-24.bag;0.834065854549408;0.0;0.9619645476341248;0.0;0.667477245503997;0.5991873594733563;0.40081264052664367
1730782695.3103988;/app/bags/user95_2017-02-24.bag;0.834065854549408;0.0;0.9619645476341248;0.0;0.667477245503997;0.5991873594733563;0.40081264052664367
1730782695.5103858;/app/bags/user95_2017-02-24.bag;0.834065854549408;0.0;0.9619645476341248;0.0;0.667477245503997;0.5991873594733563;0.40081264052664367
1730782695.7103767;/app/bags/user95_2017-02-24.bag;0.834065854549408;0.0;0.9619645476341248;0.0;0.667477245503997;0.5991873594733563;0.40081264052664367
1730782695.9103897;/app/bags/user95_2017-02-24.bag;0.834065854549408;0.0;0.9619645476341248;0.0;0.667477245503997;0.5991873594733563;0.40081264052664367
1730782696.110396;/app/bags/user95_2017-02-24.bag;0.834065854549408;0.0;0.9619645476341248;0.0;0.667477245503997;0.5991873594733563;0.40081264052664367
1730782696.310386;/app/bags/user95_2017-02-24.bag;0.834065854549408;0.0;0.9619645476341248;0.0;0.667477245503997;0.5991873594733563;0.40081264052664367
1730782696.5103843;/app/bags/user95_2017-02-24.bag;0.834065854549408;0.0;0.9619645476341248;0.0;0.667477245503997;0.5991873594733563;0.40081264052664367
1730782696.7103925;/app/bags/user95_2017-02-24.bag;0.834065854549408;0.0;0.9619645476341248;0.0;0.667477245503997;0.5991873594733563;0.40081264052664367
1730782696.9104068;/app/bags/user95_2017-02-24.bag;0.834065854549408;0.0;0.9619645476341248;0.0;0.667477245503997;0.5991873594733563;0.40081264052664367
1730782697.1104207;/app/bags/user95_2017-02-24.bag;0.834065854549408;0.0;0.9619645476341248;0.0;0.667477245503997;0.5991873594733563;0.40081264052664367
1730782697.3104043;/app/bags/user95_2017-02-24.bag;0.834065854549408;0.0;0.9619645476341248;0.0;0.667477245503997;0.5991873594733563;0.40081264052664367
1730782697.5103757;/app/bags/user95_2017-02-24.bag;0.834065854549408;0.0;0.9619645476341248;0.0;0.667477245503997;0.5991873594733563;0.40081264052664367
1730782697.7103837;/app/bags/user95_2017-02-24.bag;0.834065854549408;0.0;0.9619645476341248;0.0;0.667477245503997;0.5991873594733563;0.40081264052664367
1730782697.910357;/app/bags/user95_2017-02-24.bag;0.834065854549408;0.0;0.9619645476341248;0.0;0.667477245503997;0.5991873594733563;0.40081264052664367
1730782698.1103961;/app/bags/user95_2017-02-24.bag;0.834065854549408;0.0;0.9619645476341248;0.0;0.667477245503997;0.5991873594733563;0.40081264052664367
1730782698.3103974;/app/bags/user95_2017-02-24.bag;0.834065854549408;0.0;0.9619645476341248;0.0;0.667477245503997;0.5991873594733563;0.40081264052664367
1730782698.5105863;/app/bags/user95_2017-02-24.bag;0.834065854549408;0.0;0.9619645476341248;0.0;0.667477245503997;0.5991873594733563;0.40081264052664367
1730782698.7103822;/app/bags/user95_2017-02-24.bag;0.834065854549408;0.0;0.9619645476341248;0.0;0.667477245503997;0.5991873594733563;0.40081264052664367
1730782698.9104018;/app/bags/user95_2017-02-24.bag;0.834065854549408;0.0;0.9619645476341248;0.0;0.667477245503997;0.5991873594733563;0.40081264052664367
1730782699.1103997;/app/bags/user95_2017-02-24.bag;0.834065854549408;0.0;0.9619645476341248;0.0;0.667477245503997;0.5991873594733563;0.40081264052664367
1730782699.3104544;/app/bags/user95_2017-02-24.bag;0.834065854549408;0.0;0.9619645476341248;0.0;0.667477245503997;0.5991873594733563;0.40081264052664367
1730782699.5103672;/app/bags/user95_2017-02-24.bag;0.834065854549408;0.0;0.9619645476341248;0.0;0.667477245503997;0.5991873594733563;0.40081264052664367
1730782699.7103662;/app/bags/user95_2017-02-24.bag;0.834065854549408;0.0;0.9619645476341248;0.0;0.667477245503997;0.5991873594733563;0.40081264052664367
1730782699.9103694;/app/bags/user95_2017-02-24.bag;0.834065854549408;0.0;0.9619645476341248;0.0;0.667477245503997;0.5991873594733563;0.40081264052664367
1730782700.1104445;/app/bags/user95_2017-02-24.bag;0.834065854549408;0.0;0.9619645476341248;0.0;0.667477245503997;0.5991873594733563;0.40081264052664367
1730782700.3104012;/app/bags/user95_2017-02-24.bag;0.834065854549408;0.0;0.9619645476341248;0.0;0.667477245503997;0.5991873594733563;0.40081264052664367
1730782700.5104556;/app/bags/user95_2017-02-24.bag;0.834065854549408;0.0;0.9619645476341248;0.0;0.667477245503997;0.5991873594733563;0.40081264052664367
1730782700.710396;/app/bags/user95_2017-02-24.bag;0.834065854549408;0.0;0.9619645476341248;0.0;0.667477245503997;0.5991873594733563;0.40081264052664367
1730782700.9103808;/app/bags/user95_2017-02-24.bag;0.834065854549408;0.0;0.9619645476341248;0.0;0.667477245503997;0.5991873594733563;0.40081264052664367
1730782701.110421;/app/bags/user95_2017-02-24.bag;0.834065854549408;0.0;0.9619645476341248;0.0;0.667477245503997;0.5991873594733563;0.40081264052664367
1730782701.3103404;/app/bags/user95_2017-02-24.bag;0.834065854549408;0.0;0.9619645476341248;0.0;0.667477245503997;0.5991873594733563;0.40081264052664367
1730782701.5103898;/app/bags/user95_2017-02-24.bag;0.834065854549408;0.0;0.9619645476341248;0.0;0.667477245503997;0.5991873594733563;0.40081264052664367
1730782701.7103665;/app/bags/user95_2017-02-24.bag;0.834065854549408;0.0;0.9619645476341248;0.0;0.667477245503997;0.5991873594733563;0.40081264052664367
1730782701.9104142;/app/bags/user95_2017-02-24.bag;0.834065854549408;0.0;0.9619645476341248;0.0;0.667477245503997;0.5991873594733563;0.40081264052664367
1730782702.1103795;/app/bags/user95_2017-02-24.bag;0.834065854549408;0.0;0.9619645476341248;0.0;0.667477245503997;0.5991873594733563;0.40081264052664367
1730782702.310396;/app/bags/user95_2017-02-24.bag;0.834065854549408;0.0;0.9619645476341248;0.0;0.667477245503997;0.5991873594733563;0.40081264052664367
1730782702.5104265;/app/bags/user95_2017-02-24.bag;0.834065854549408;0.0;0.9619645476341248;0.0;0.667477245503997;0.5991873594733563;0.40081264052664367
1730782702.7104187;/app/bags/user95_2017-02-24.bag;0.834065854549408;0.0;0.9619645476341248;0.0;0.667477245503997;0.5991873594733563;0.40081264052664367
1730782702.910354;/app/bags/user95_2017-02-24.bag;0.834065854549408;0.0;0.9619645476341248;0.0;0.667477245503997;0.5991873594733563;0.40081264052664367
1730782703.1103823;/app/bags/user95_2017-02-24.bag;0.834065854549408;0.0;0.9619645476341248;0.0;0.667477245503997;0.5991873594733563;0.40081264052664367
1730782703.3104298;/app/bags/user95_2017-02-24.bag;0.834065854549408;0.0;0.9619645476341248;0.0;0.667477245503997;0.5991873594733563;0.40081264052664367
1730782703.5104582;/app/bags/user95_2017-02-24.bag;0.834065854549408;0.0;0.9619645476341248;0.0;0.667477245503997;0.5991873594733563;0.40081264052664367
1730782703.7103996;/app/bags/user95_2017-02-24.bag;0.834065854549408;0.0;0.9619645476341248;0.0;0.667477245503997;0.5991873594733563;0.40081264052664367
1730782703.9103792;/app/bags/user95_2017-02-24.bag;0.834065854549408;0.0;0.9619645476341248;0.0;0.667477245503997;0.5991873594733563;0.40081264052664367
1730782704.1103601;/app/bags/user95_2017-02-24.bag;0.834065854549408;0.0;0.9619645476341248;0.0;0.667477245503997;0.5991873594733563;0.40081264052664367
1730782704.3103797;/app/bags/user95_2017-02-24.bag;0.834065854549408;0.0;0.9619645476341248;0.0;0.667477245503997;0.5991873594733563;0.40081264052664367
1730782704.5104568;/app/bags/user95_2017-02-24.bag;0.834065854549408;0.0;0.9619645476341248;0.0;0.667477245503997;0.5991873594733563;0.40081264052664367
1730782704.7104177;/app/bags/user95_2017-02-24.bag;0.834065854549408;0.0;0.9619645476341248;0.0;0.667477245503997;0.5991873594733563;0.40081264052664367
1730782704.9104297;/app/bags/user95_2017-02-24.bag;0.834065854549408;0.0;0.9619645476341248;0.0;0.667477245503997;0.5991873594733563;0.40081264052664367
1730782705.1104546;/app/bags/user95_2017-02-24.bag;0.834065854549408;0.0;0.9619645476341248;0.0;0.667477245503997;0.5991873594733563;0.40081264052664367
1730782705.3103895;/app/bags/user95_2017-02-24.bag;0.834065854549408;0.0;0.9619645476341248;0.0;0.667477245503997;0.5991873594733563;0.40081264052664367
1730782705.5103807;/app/bags/user95_2017-02-24.bag;0.834065854549408;0.0;0.9619645476341248;0.0;0.667477245503997;0.5991873594733563;0.40081264052664367
1730782705.7105546;/app/bags/user95_2017-02-24.bag;0.834065854549408;0.0;0.9619645476341248;0.0;0.667477245503997;0.5991873594733563;0.40081264052664367
1730782705.9103734;/app/bags/user95_2017-02-24.bag;0.834065854549408;0.0;0.9619645476341248;0.0;0.667477245503997;0.5991873594733563;0.40081264052664367
1730782706.1103828;/app/bags/user95_2017-02-24.bag;0.834065854549408;0.0;0.9619645476341248;0.0;0.667477245503997;0.5991873594733563;0.40081264052664367
1730782706.310384;/app/bags/user95_2017-02-24.bag;0.834065854549408;0.0;0.9619645476341248;0.0;0.667477245503997;0.5991873594733563;0.40081264052664367
1730782706.5103724;/app/bags/user95_2017-02-24.bag;0.834065854549408;0.0;0.9619645476341248;0.0;0.667477245503997;0.5991873594733563;0.40081264052664367
1730782706.7104065;/app/bags/user95_2017-02-24.bag;0.834065854549408;0.0;0.9619645476341248;0.0;0.667477245503997;0.5991873594733563;0.40081264052664367
1730782706.9104037;/app/bags/user95_2017-02-24.bag;0.834065854549408;0.0;0.9619645476341248;0.0;0.667477245503997;0.5991873594733563;0.40081264052664367
1730782707.110381;/app/bags/user95_2017-02-24.bag;0.834065854549408;0.0;0.9619645476341248;0.0;0.667477245503997;0.5991873594733563;0.40081264052664367
1730782707.3104491;/app/bags/user95_2017-02-24.bag;0.834065854549408;0.0;0.9619645476341248;0.0;0.667477245503997;0.5991873594733563;0.40081264052664367
1730782707.5104365;/app/bags/user95_2017-02-24.bag;0.834065854549408;0.0;0.9619645476341248;0.0;0.667477245503997;0.5991873594733563;0.40081264052664367
1730782707.7104323;/app/bags/user95_2017-02-24.bag;0.834065854549408;0.0;0.9619645476341248;0.0;0.667477245503997;0.5991873594733563;0.40081264052664367
1730782707.910396;/app/bags/user95_2017-02-24.bag;0.834065854549408;0.0;0.9619645476341248;0.0;0.667477245503997;0.5991873594733563;0.40081264052664367
1730782708.1103666;/app/bags/user95_2017-02-24.bag;0.834065854549408;0.0;0.9619645476341248;0.0;0.667477245503997;0.5991873594733563;0.40081264052664367
1730782708.310403;/app/bags/user95_2017-02-24.bag;0.834065854549408;0.0;0.9619645476341248;0.0;0.667477245503997;0.5991873594733563;0.40081264052664367
1730782708.5104191;/app/bags/user95_2017-02-24.bag;0.834065854549408;0.0;0.9619645476341248;0.0;0.667477245503997;0.5991873594733563;0.40081264052664367
1730782708.710425;/app/bags/user95_2017-02-24.bag;0.834065854549408;0.0;0.9619645476341248;0.0;0.667477245503997;0.5991873594733563;0.40081264052664367
1730782708.9105127;/app/bags/user95_2017-02-24.bag;0.834065854549408;0.0;0.9619645476341248;0.0;0.667477245503997;0.5991873594733563;0.40081264052664367
1730782709.1104052;/app/bags/user95_2017-02-24.bag;0.834065854549408;0.0;0.9619645476341248;0.0;0.667477245503997;0.5991873594733563;0.40081264052664367
1730782709.310409;/app/bags/user95_2017-02-24.bag;0.834065854549408;0.0;0.9619645476341248;0.0;0.667477245503997;0.5991873594733563;0.40081264052664367
1730782709.5103953;/app/bags/user95_2017-02-24.bag;0.834065854549408;0.0;0.9619645476341248;0.0;0.667477245503997;0.5991873594733563;0.40081264052664367
1730782709.7103713;/app/bags/user95_2017-02-24.bag;0.834065854549408;0.0;0.9619645476341248;0.0;0.667477245503997;0.5991873594733563;0.40081264052664367
1730782709.910377;/app/bags/user95_2017-02-24.bag;0.834065854549408;0.0;0.9619645476341248;0.0;0.667477245503997;0.5991873594733563;0.40081264052664367
1730782710.1103954;/app/bags/user95_2017-02-24.bag;0.834065854549408;0.0;0.9619645476341248;0.0;0.667477245503997;0.5991873594733563;0.40081264052664367
1730782710.31038;/app/bags/user95_2017-02-24.bag;0.834065854549408;0.0;0.9619645476341248;0.0;0.667477245503997;0.5991873594733563;0.40081264052664367
1730782710.5103517;/app/bags/user95_2017-02-24.bag;0.834065854549408;0.0;0.9619645476341248;0.0;0.667477245503997;0.5991873594733563;0.40081264052664367
1730782710.7103794;/app/bags/user95_2017-02-24.bag;0.834065854549408;0.0;0.9619645476341248;0.0;0.667477245503997;0.5991873594733563;0.40081264052664367
1730782710.9103923;/app/bags/user95_2017-02-24.bag;0.834065854549408;0.0;0.9619645476341248;0.0;0.667477245503997;0.5991873594733563;0.40081264052664367
1730782711.110399;/app/bags/user95_2017-02-24.bag;0.834065854549408;0.0;0.9619645476341248;0.0;0.667477245503997;0.5991873594733563;0.40081264052664367
1730782711.3104267;/app/bags/user95_2017-02-24.bag;0.834065854549408;0.0;0.9619645476341248;0.0;0.667477245503997;0.5991873594733563;0.40081264052664367
1730782711.510447;/app/bags/user95_2017-02-24.bag;0.834065854549408;0.0;0.9619645476341248;0.0;0.667477245503997;0.5991873594733563;0.40081264052664367
1730782711.710399;/app/bags/user95_2017-02-24.bag;0.834065854549408;0.0;0.9619645476341248;0.0;0.667477245503997;0.5991873594733563;0.40081264052664367
1730782711.9103892;/app/bags/user95_2017-02-24.bag;0.834065854549408;0.0;0.9619645476341248;0.0;0.667477245503997;0.5991873594733563;0.40081264052664367
1730782712.110416;/app/bags/user95_2017-02-24.bag;0.834065854549408;0.0;0.9619645476341248;0.0;0.667477245503997;0.5991873594733563;0.40081264052664367
1730782712.3103938;/app/bags/user95_2017-02-24.bag;0.834065854549408;0.0;0.9619645476341248;0.0;0.667477245503997;0.5991873594733563;0.40081264052664367
1730782712.5103734;/app/bags/user95_2017-02-24.bag;0.834065854549408;0.0;0.9619645476341248;0.0;0.667477245503997;0.5991873594733563;0.40081264052664367
1730782712.7103715;/app/bags/user95_2017-02-24.bag;0.834065854549408;0.0;0.9619645476341248;0.0;0.667477245503997;0.5991873594733563;0.40081264052664367
1730782712.9103925;/app/bags/user95_2017-02-24.bag;0.834065854549408;0.0;0.9619645476341248;0.0;0.667477245503997;0.5991873594733563;0.40081264052664367
1730782713.110394;/app/bags/user95_2017-02-24.bag;0.834065854549408;0.0;0.9619645476341248;0.0;0.667477245503997;0.5991873594733563;0.40081264052664367
1730782713.3104415;/app/bags/user95_2017-02-24.bag;0.834065854549408;0.0;0.9619645476341248;0.0;0.667477245503997;0.5991873594733563;0.40081264052664367
1730782713.5104034;/app/bags/user95_2017-02-24.bag;0.834065854549408;0.0;0.9619645476341248;0.0;0.667477245503997;0.5991873594733563;0.40081264052664367
1730782713.7104127;/app/bags/user95_2017-02-24.bag;0.834065854549408;0.0;0.9619645476341248;0.0;0.667477245503997;0.5991873594733563;0.40081264052664367
1730782713.9104;/app/bags/user95_2017-02-24.bag;0.834065854549408;0.0;0.9619645476341248;0.0;0.667477245503997;0.5991873594733563;0.40081264052664367
1730782714.1103852;/app/bags/user95_2017-02-24.bag;0.834065854549408;0.0;0.9619645476341248;0.0;0.667477245503997;0.5991873594733563;0.40081264052664367
1730782714.310375;/app/bags/user95_2017-02-24.bag;0.834065854549408;0.0;0.9619645476341248;0.0;0.667477245503997;0.5991873594733563;0.40081264052664367
1730782714.5104265;/app/bags/user95_2017-02-24.bag;0.834065854549408;0.0;0.9619645476341248;0.0;0.667477245503997;0.5991873594733563;0.40081264052664367
1730782714.7103863;/app/bags/user95_2017-02-24.bag;0.834065854549408;0.0;0.9619645476341248;0.0;0.667477245503997;0.5991873594733563;0.40081264052664367
1730782714.9104097;/app/bags/user95_2017-02-24.bag;0.834065854549408;0.0;0.9619645476341248;0.0;0.667477245503997;0.5991873594733563;0.40081264052664367
1730782715.1104095;/app/bags/user95_2017-02-24.bag;0.834065854549408;0.0;0.9619645476341248;0.0;0.667477245503997;0.5991873594733563;0.40081264052664367
1730782715.3104334;/app/bags/user95_2017-02-24.bag;0.834065854549408;0.0;0.9619645476341248;0.0;0.667477245503997;0.5991873594733563;0.40081264052664367
1730782715.5103717;/app/bags/user95_2017-02-24.bag;0.834065854549408;0.0;0.9619645476341248;0.0;0.667477245503997;0.5991873594733563;0.40081264052664367
1730782715.7104075;/app/bags/user95_2017-02-24.bag;0.834065854549408;0.0;0.9619645476341248;0.0;0.667477245503997;0.5991873594733563;0.40081264052664367
1730782715.9103785;/app/bags/user95_2017-02-24.bag;0.834065854549408;0.0;0.9619645476341248;0.0;0.667477245503997;0.5991873594733563;0.40081264052664367
1730782716.1104062;/app/bags/user95_2017-02-24.bag;0.834065854549408;0.0;0.9619645476341248;0.0;0.667477245503997;0.5991873594733563;0.40081264052664367
1730782716.3103735;/app/bags/user95_2017-02-24.bag;0.834065854549408;0.0;0.9619645476341248;0.0;0.667477245503997;0.5991873594733563;0.40081264052664367
1730782716.5104449;/app/bags/user95_2017-02-24.bag;0.834065854549408;0.0;0.9619645476341248;0.0;0.667477245503997;0.5991873594733563;0.40081264052664367
1730782716.7103584;/app/bags/user95_2017-02-24.bag;0.834065854549408;0.0;0.9619645476341248;0.0;0.667477245503997;0.5991873594733563;0.40081264052664367
1730782716.9103758;/app/bags/user95_2017-02-24.bag;0.834065854549408;0.0;0.9619645476341248;0.0;0.667477245503997;0.5991873594733563;0.40081264052664367
1730782717.1103816;/app/bags/user95_2017-02-24.bag;0.834065854549408;0.0;0.9619645476341248;0.0;0.667477245503997;0.5991873594733563;0.40081264052664367
1730782717.3103964;/app/bags/user95_2017-02-24.bag;0.834065854549408;0.0;0.9619645476341248;0.0;0.667477245503997;0.5991873594733563;0.40081264052664367
1730782717.5103388;/app/bags/user95_2017-02-24.bag;0.834065854549408;0.0;0.9619645476341248;0.0;0.667477245503997;0.5991873594733563;0.40081264052664367
1730782717.710423;/app/bags/user95_2017-02-24.bag;0.834065854549408;0.0;0.9619645476341248;0.0;0.667477245503997;0.5991873594733563;0.40081264052664367
1730782717.910394;/app/bags/user95_2017-02-24.bag;0.834065854549408;0.0;0.9619645476341248;0.0;0.667477245503997;0.5991873594733563;0.40081264052664367
1730782718.110389;/app/bags/user95_2017-02-24.bag;0.834065854549408;0.0;0.9619645476341248;0.0;0.667477245503997;0.5991873594733563;0.40081264052664367
1730782718.3104188;/app/bags/user95_2017-02-24.bag;0.834065854549408;0.0;0.9619645476341248;0.0;0.667477245503997;0.5991873594733563;0.40081264052664367
1730782718.510395;/app/bags/user95_2017-02-24.bag;0.834065854549408;0.0;0.9619645476341248;0.0;0.667477245503997;0.5991873594733563;0.40081264052664367
1730782718.7104113;/app/bags/user95_2017-02-24.bag;0.834065854549408;0.0;0.9619645476341248;0.0;0.667477245503997;0.5991873594733563;0.40081264052664367
1730782718.9103694;/app/bags/user95_2017-02-24.bag;0.834065854549408;0.0;0.9619645476341248;0.0;0.667477245503997;0.5991873594733563;0.40081264052664367
1730782719.1104717;/app/bags/user95_2017-02-24.bag;0.834065854549408;0.0;0.9619645476341248;0.0;0.667477245503997;0.5991873594733563;0.40081264052664367
1730782719.3104086;/app/bags/user95_2017-02-24.bag;0.834065854549408;0.0;0.9619645476341248;0.0;0.667477245503997;0.5991873594733563;0.40081264052664367
1730782719.510357;/app/bags/user95_2017-02-24.bag;0.834065854549408;0.0;0.9619645476341248;0.0;0.667477245503997;0.5991873594733563;0.40081264052664367
1730782719.7103853;/app/bags/user95_2017-02-24.bag;0.834065854549408;0.0;0.9619645476341248;0.0;0.667477245503997;0.5991873594733563;0.40081264052664367
1730782719.910408;/app/bags/user95_2017-02-24.bag;0.834065854549408;0.0;0.9619645476341248;0.0;0.667477245503997;0.5991873594733563;0.40081264052664367
1730782720.1103842;/app/bags/user95_2017-02-24.bag;0.834065854549408;0.0;0.9619645476341248;0.0;0.667477245503997;0.5991873594733563;0.40081264052664367
1730782720.3103778;/app/bags/user95_2017-02-24.bag;0.834065854549408;0.0;0.9619645476341248;0.0;0.667477245503997;0.5991873594733563;0.40081264052664367
1730782720.5103753;/app/bags/user95_2017-02-24.bag;0.834065854549408;0.0;0.9619645476341248;0.0;0.667477245503997;0.5991873594733563;0.40081264052664367
1730782720.7103648;/app/bags/user95_2017-02-24.bag;0.834065854549408;0.0;0.9619645476341248;0.0;0.667477245503997;0.5991873594733563;0.40081264052664367
1730782720.9104805;/app/bags/user95_2017-02-24.bag;0.834065854549408;0.0;0.9619645476341248;0.0;0.667477245503997;0.5991873594733563;0.40081264052664367
1730782721.110402;/app/bags/user95_2017-02-24.bag;0.834065854549408;0.0;0.9619645476341248;0.0;0.667477245503997;0.5991873594733563;0.40081264052664367
1730782721.3104315;/app/bags/user95_2017-02-24.bag;0.834065854549408;0.0;0.9619645476341248;0.0;0.667477245503997;0.5991873594733563;0.40081264052664367
1730782721.510428;/app/bags/user95_2017-02-24.bag;0.834065854549408;0.0;0.9619645476341248;0.0;0.667477245503997;0.5991873594733563;0.40081264052664367
1730782721.7103786;/app/bags/user95_2017-02-24.bag;0.834065854549408;0.0;0.9619645476341248;0.0;0.667477245503997;0.5991873594733563;0.40081264052664367
1730782721.9103758;/app/bags/user95_2017-02-24.bag;0.834065854549408;0.0;0.9619645476341248;0.0;0.667477245503997;0.5991873594733563;0.40081264052664367
1730782722.1104007;/app/bags/user95_2017-02-24.bag;0.834065854549408;0.0;0.9619645476341248;0.0;0.667477245503997;0.5991873594733563;0.40081264052664367
1730782722.3104217;/app/bags/user95_2017-02-24.bag;0.834065854549408;0.0;0.9619645476341248;0.0;0.667477245503997;0.5991873594733563;0.40081264052664367
1730782722.5104208;/app/bags/user95_2017-02-24.bag;0.834065854549408;0.0;0.9619645476341248;0.0;0.667477245503997;0.5991873594733563;0.40081264052664367
1730782722.7104592;/app/bags/user95_2017-02-24.bag;0.834065854549408;0.0;0.9619645476341248;0.0;0.667477245503997;0.5991873594733563;0.40081264052664367
1730782722.9104173;/app/bags/user95_2017-02-24.bag;0.834065854549408;0.0;0.9619645476341248;0.0;0.667477245503997;0.5991873594733563;0.40081264052664367
1730782723.1104164;/app/bags/user95_2017-02-24.bag;0.834065854549408;0.0;0.9619645476341248;0.0;0.667477245503997;0.5991873594733563;0.40081264052664367
1730782723.3103886;/app/bags/user95_2017-02-24.bag;0.834065854549408;0.0;0.9619645476341248;0.0;0.667477245503997;0.5991873594733563;0.40081264052664367
1730782723.5103981;/app/bags/user95_2017-02-24.bag;0.834065854549408;0.0;0.9619645476341248;0.0;0.667477245503997;0.5991873594733563;0.40081264052664367
1730782723.7104387;/app/bags/user95_2017-02-24.bag;0.834065854549408;0.0;0.9619645476341248;0.0;0.667477245503997;0.5991873594733563;0.40081264052664367
1730782723.9103653;/app/bags/user95_2017-02-24.bag;0.834065854549408;0.0;0.9619645476341248;0.0;0.667477245503997;0.5991873594733563;0.40081264052664367
1730782724.1103861;/app/bags/user95_2017-02-24.bag;0.834065854549408;0.0;0.9619645476341248;0.0;0.667477245503997;0.5991873594733563;0.40081264052664367
1730782724.3104024;/app/bags/user95_2017-02-24.bag;0.834065854549408;0.0;0.9619645476341248;0.0;0.667477245503997;0.5991873594733563;0.40081264052664367
1730782724.510433;/app/bags/user95_2017-02-24.bag;0.834065854549408;0.0;0.9619645476341248;0.0;0.667477245503997;0.5991873594733563;0.40081264052664367
1730782724.7104044;/app/bags/user95_2017-02-24.bag;0.834065854549408;0.0;0.9619645476341248;0.0;0.667477245503997;0.5991873594733563;0.40081264052664367
1730782724.910472;/app/bags/user95_2017-02-24.bag;0.834065854549408;0.0;0.9619645476341248;0.0;0.667477245503997;0.5991873594733563;0.40081264052664367
1730782725.1105094;/app/bags/user95_2017-02-24.bag;0.834065854549408;0.0;0.9619645476341248;0.0;0.667477245503997;0.5991873594733563;0.40081264052664367
1730782725.3103967;/app/bags/user95_2017-02-24.bag;0.834065854549408;0.0;0.9619645476341248;0.0;0.667477245503997;0.5991873594733563;0.40081264052664367
1730782725.5104105;/app/bags/user95_2017-02-24.bag;0.834065854549408;0.0;0.9619645476341248;0.0;0.667477245503997;0.5991873594733563;0.40081264052664367
1730782725.710406;/app/bags/user95_2017-02-24.bag;0.834065854549408;0.0;0.9619645476341248;0.0;0.667477245503997;0.5991873594733563;0.40081264052664367
1730782725.9103653;/app/bags/user95_2017-02-24.bag;0.834065854549408;0.0;0.9619645476341248;0.0;0.667477245503997;0.5991873594733563;0.40081264052664367
1730782726.1104276;/app/bags/user95_2017-02-24.bag;0.834065854549408;0.0;0.9619645476341248;0.0;0.667477245503997;0.5991873594733563;0.40081264052664367
1730782726.3104491;/app/bags/user95_2017-02-24.bag;0.834065854549408;0.0;0.9619645476341248;0.0;0.667477245503997;0.5991873594733563;0.40081264052664367
1730782726.510457;/app/bags/user95_2017-02-24.bag;0.834065854549408;0.0;0.9619645476341248;0.0;0.667477245503997;0.5991873594733563;0.40081264052664367
1730782726.710395;/app/bags/user95_2017-02-24.bag;0.834065854549408;0.0;0.9619645476341248;0.0;0.667477245503997;0.5991873594733563;0.40081264052664367
1730782726.9104924;/app/bags/user95_2017-02-24.bag;0.834065854549408;0.0;0.9619645476341248;0.0;0.667477245503997;0.5991873594733563;0.40081264052664367
1730782727.110389;/app/bags/user95_2017-02-24.bag;0.834065854549408;0.0;0.9619645476341248;0.0;0.667477245503997;0.5991873594733563;0.40081264052664367
1730782727.3103848;/app/bags/user95_2017-02-24.bag;0.834065854549408;0.0;0.9619645476341248;0.0;0.667477245503997;0.5991873594733563;0.40081264052664367
1730782727.5103717;/app/bags/user95_2017-02-24.bag;0.834065854549408;0.0;0.9619645476341248;0.0;0.667477245503997;0.5991873594733563;0.40081264052664367
1730782727.7103786;/app/bags/user95_2017-02-24.bag;0.834065854549408;0.0;0.9619645476341248;0.0;0.667477245503997;0.5991873594733563;0.40081264052664367
1730782727.9104307;/app/bags/user95_2017-02-24.bag;0.834065854549408;0.0;0.9619645476341248;0.0;0.667477245503997;0.5991873594733563;0.40081264052664367
1730782728.110534;/app/bags/user95_2017-02-24.bag;0.834065854549408;0.0;0.9619645476341248;0.0;0.667477245503997;0.5991873594733563;0.40081264052664367
1730782728.3104045;/app/bags/user95_2017-02-24.bag;0.834065854549408;0.0;0.9619645476341248;0.0;0.667477245503997;0.5991873594733563;0.40081264052664367
1730782728.5103824;/app/bags/user95_2017-02-24.bag;0.834065854549408;0.0;0.9619645476341248;0.0;0.667477245503997;0.5991873594733563;0.40081264052664367
1730782728.7103846;/app/bags/user95_2017-02-24.bag;0.834065854549408;0.0;0.9619645476341248;0.0;0.667477245503997;0.5991873594733563;0.40081264052664367
1730782728.9103882;/app/bags/user95_2017-02-24.bag;0.834065854549408;0.0;0.9619645476341248;0.0;0.667477245503997;0.5991873594733563;0.40081264052664367
1730782729.1103806;/app/bags/user95_2017-02-24.bag;0.834065854549408;0.0;0.9619645476341248;0.0;0.667477245503997;0.5991873594733563;0.40081264052664367
1730782729.3103695;/app/bags/user95_2017-02-24.bag;0.834065854549408;0.0;0.9619645476341248;0.0;0.667477245503997;0.5991873594733563;0.40081264052664367
1730782729.5103917;/app/bags/user95_2017-02-24.bag;0.834065854549408;0.0;0.9619645476341248;0.0;0.667477245503997;0.5991873594733563;0.40081264052664367
1730782729.7103915;/app/bags/user95_2017-02-24.bag;0.834065854549408;0.0;0.9619645476341248;0.0;0.667477245503997;0.5991873594733563;0.40081264052664367
1730782729.9103744;/app/bags/user95_2017-02-24.bag;0.834065854549408;0.0;0.9619645476341248;0.0;0.667477245503997;0.5991873594733563;0.40081264052664367
1730782730.1103773;/app/bags/user95_2017-02-24.bag;0.834065854549408;0.0;0.9619645476341248;0.0;0.667477245503997;0.5991873594733563;0.40081264052664367
1730782730.3103504;/app/bags/user95_2017-02-24.bag;0.834065854549408;0.0;0.9619645476341248;0.0;0.667477245503997;0.5991873594733563;0.40081264052664367
1730782730.510443;/app/bags/user95_2017-02-24.bag;0.834065854549408;0.0;0.9619645476341248;0.0;0.667477245503997;0.5991873594733563;0.40081264052664367
1730782730.710367;/app/bags/user95_2017-02-24.bag;0.834065854549408;0.0;0.9619645476341248;0.0;0.667477245503997;0.5991873594733563;0.40081264052664367
1730782730.910424;/app/bags/user95_2017-02-24.bag;0.834065854549408;0.0;0.9619645476341248;0.0;0.667477245503997;0.5991873594733563;0.40081264052664367
1730782731.1104016;/app/bags/user95_2017-02-24.bag;0.834065854549408;0.0;0.9619645476341248;0.0;0.667477245503997;0.5991873594733563;0.40081264052664367
1730782731.3103654;/app/bags/user95_2017-02-24.bag;0.834065854549408;0.0;0.9619645476341248;0.0;0.667477245503997;0.5991873594733563;0.40081264052664367
1730782731.5103374;/app/bags/user95_2017-02-24.bag;0.834065854549408;0.0;0.9619645476341248;0.0;0.667477245503997;0.5991873594733563;0.40081264052664367
1730782731.710479;/app/bags/user95_2017-02-24.bag;0.834065854549408;0.0;0.9619645476341248;0.0;0.667477245503997;0.5991873594733563;0.40081264052664367
1730782731.9105728;/app/bags/user95_2017-02-24.bag;0.834065854549408;0.0;0.9619645476341248;0.0;0.667477245503997;0.5991873594733563;0.40081264052664367
1730782732.110421;/app/bags/user95_2017-02-24.bag;0.834065854549408;0.0;0.9619645476341248;0.0;0.667477245503997;0.5991873594733563;0.40081264052664367
1730782732.3104348;/app/bags/user95_2017-02-24.bag;0.834065854549408;0.0;0.9619645476341248;0.0;0.667477245503997;0.5991873594733563;0.40081264052664367
1730782732.510402;/app/bags/user95_2017-02-24.bag;0.834065854549408;0.0;0.9619645476341248;0.0;0.667477245503997;0.5991873594733563;0.40081264052664367
1730782732.710415;/app/bags/user95_2017-02-24.bag;0.834065854549408;0.0;0.9619645476341248;0.0;0.667477245503997;0.5991873594733563;0.40081264052664367
1730782732.9103856;/app/bags/user95_2017-02-24.bag;0.834065854549408;0.0;0.9619645476341248;0.0;0.667477245503997;0.5991873594733563;0.40081264052664367
1730782733.110406;/app/bags/user95_2017-02-24.bag;0.834065854549408;0.0;0.9619645476341248;0.0;0.667477245503997;0.5991873594733563;0.40081264052664367
1730782733.310372;/app/bags/user95_2017-02-24.bag;0.834065854549408;0.0;0.9619645476341248;0.0;0.667477245503997;0.5991873594733563;0.40081264052664367
1730782733.5104034;/app/bags/user95_2017-02-24.bag;0.834065854549408;0.0;0.9619645476341248;0.0;0.667477245503997;0.5991873594733563;0.40081264052664367
1730782733.7103708;/app/bags/user95_2017-02-24.bag;0.834065854549408;0.0;0.9619645476341248;0.0;0.667477245503997;0.5991873594733563;0.40081264052664367
1730782733.9103487;/app/bags/user95_2017-02-24.bag;0.834065854549408;0.0;0.9619645476341248;0.0;0.667477245503997;0.5991873594733563;0.40081264052664367
1730782734.1103969;/app/bags/user95_2017-02-24.bag;0.834065854549408;0.0;0.9619645476341248;0.0;0.667477245503997;0.5991873594733563;0.40081264052664367
1730782734.3103945;/app/bags/user95_2017-02-24.bag;0.834065854549408;0.0;0.9619645476341248;0.0;0.667477245503997;0.5991873594733563;0.40081264052664367
1730782734.5103822;/app/bags/user95_2017-02-24.bag;0.834065854549408;0.0;0.9619645476341248;0.0;0.667477245503997;0.5991873594733563;0.40081264052664367
1730782734.7103808;/app/bags/user95_2017-02-24.bag;0.834065854549408;0.0;0.9619645476341248;0.0;0.667477245503997;0.5991873594733563;0.40081264052664367
1730782734.9104311;/app/bags/user95_2017-02-24.bag;0.834065854549408;0.0;0.9619645476341248;0.0;0.667477245503997;0.5991873594733563;0.40081264052664367
1730782735.1104064;/app/bags/user95_2017-02-24.bag;0.834065854549408;0.0;0.9619645476341248;0.0;0.667477245503997;0.5991873594733563;0.40081264052664367
1730782735.3103957;/app/bags/user95_2017-02-24.bag;0.834065854549408;0.0;0.9619645476341248;0.0;0.667477245503997;0.5991873594733563;0.40081264052664367
1730782735.510386;/app/bags/user95_2017-02-24.bag;0.834065854549408;0.0;0.9619645476341248;0.0;0.667477245503997;0.5991873594733563;0.40081264052664367
1730782735.7103908;/app/bags/user95_2017-02-24.bag;0.834065854549408;0.0;0.9619645476341248;0.0;0.667477245503997;0.5991873594733563;0.40081264052664367
1730782735.9104;/app/bags/user95_2017-02-24.bag;0.834065854549408;0.0;0.9619645476341248;0.0;0.667477245503997;0.5991873594733563;0.40081264052664367
1730782736.110413;/app/bags/user95_2017-02-24.bag;0.834065854549408;0.0;0.9619645476341248;0.0;0.667477245503997;0.5991873594733563;0.40081264052664367
1730782736.3103955;/app/bags/user95_2017-02-24.bag;0.834065854549408;0.0;0.9619645476341248;0.0;0.667477245503997;0.5991873594733563;0.40081264052664367
1730782736.5104008;/app/bags/user95_2017-02-24.bag;0.834065854549408;0.0;0.9619645476341248;0.0;0.667477245503997;0.5991873594733563;0.40081264052664367
1730782736.710384;/app/bags/user95_2017-02-24.bag;0.834065854549408;0.0;0.9619645476341248;0.0;0.667477245503997;0.5991873594733563;0.40081264052664367
1730782736.9103963;/app/bags/user95_2017-02-24.bag;0.834065854549408;0.0;0.9619645476341248;0.0;0.667477245503997;0.5991873594733563;0.40081264052664367
1730782737.1104033;/app/bags/user95_2017-02-24.bag;0.834065854549408;0.0;0.9619645476341248;0.0;0.667477245503997;0.5991873594733563;0.40081264052664367
1730782737.3104281;/app/bags/user95_2017-02-24.bag;0.834065854549408;0.0;0.9619645476341248;0.0;0.667477245503997;0.5991873594733563;0.40081264052664367
1730782737.5104067;/app/bags/user95_2017-02-24.bag;0.834065854549408;0.0;0.9619645476341248;0.0;0.667477245503997;0.5991873594733563;0.40081264052664367
1730782737.7103927;/app/bags/user95_2017-02-24.bag;0.834065854549408;0.0;0.9619645476341248;0.0;0.667477245503997;0.5991873594733563;0.40081264052664367
1730782737.9104357;/app/bags/user95_2017-02-24.bag;0.834065854549408;0.0;0.9619645476341248;0.0;0.667477245503997;0.5991873594733563;0.40081264052664367
1730782738.1103435;/app/bags/user95_2017-02-24.bag;0.834065854549408;0.0;0.9619645476341248;0.0;0.667477245503997;0.5991873594733563;0.40081264052664367
1730782738.310461;/app/bags/user95_2017-02-24.bag;0.834065854549408;0.0;0.9619645476341248;0.0;0.667477245503997;0.5991873594733563;0.40081264052664367
1730782738.5103657;/app/bags/user95_2017-02-24.bag;0.834065854549408;0.0;0.9619645476341248;0.0;0.667477245503997;0.5991873594733563;0.40081264052664367
1730782738.7103848;/app/bags/user95_2017-02-24.bag;0.834065854549408;0.0;0.9619645476341248;0.0;0.667477245503997;0.5991873594733563;0.40081264052664367
1730782738.9103863;/app/bags/user95_2017-02-24.bag;0.834065854549408;0.0;0.9619645476341248;0.0;0.667477245503997;0.5991873594733563;0.40081264052664367
1730782739.1104014;/app/bags/user95_2017-02-24.bag;0.834065854549408;0.0;0.9619645476341248;0.0;0.667477245503997;0.5991873594733563;0.40081264052664367
1730782739.3104057;/app/bags/user95_2017-02-24.bag;0.834065854549408;0.0;0.9619645476341248;0.0;0.667477245503997;0.5991873594733563;0.40081264052664367
1730782739.5103672;/app/bags/user95_2017-02-24.bag;0.834065854549408;0.0;0.9619645476341248;0.0;0.667477245503997;0.5991873594733563;0.40081264052664367
1730782739.710419;/app/bags/user95_2017-02-24.bag;0.834065854549408;0.0;0.9619645476341248;0.0;0.667477245503997;0.5991873594733563;0.40081264052664367
1730782739.9103708;/app/bags/user95_2017-02-24.bag;0.834065854549408;0.0;0.9619645476341248;0.0;0.667477245503997;0.5991873594733563;0.40081264052664367
1730782740.1103776;/app/bags/user95_2017-02-24.bag;0.834065854549408;0.0;0.9619645476341248;0.0;0.667477245503997;0.5991873594733563;0.40081264052664367
1730782740.3104496;/app/bags/user95_2017-02-24.bag;0.834065854549408;0.0;0.9619645476341248;0.0;0.667477245503997;0.5991873594733563;0.40081264052664367
1730782740.5103743;/app/bags/user95_2017-02-24.bag;0.834065854549408;0.0;0.9619645476341248;0.0;0.667477245503997;0.5991873594733563;0.40081264052664367
1730782740.710552;/app/bags/user95_2017-02-24.bag;0.834065854549408;0.0;0.9619645476341248;0.0;0.667477245503997;0.5991873594733563;0.40081264052664367
1730782740.9104939;/app/bags/user95_2017-02-24.bag;0.834065854549408;0.0;0.9619645476341248;0.0;0.667477245503997;0.5991873594733563;0.40081264052664367
1730782741.110377;/app/bags/user95_2017-02-24.bag;0.834065854549408;0.0;0.9619645476341248;0.0;0.667477245503997;0.5991873594733563;0.40081264052664367
1730782741.3103642;/app/bags/user95_2017-02-24.bag;0.834065854549408;0.0;0.9619645476341248;0.0;0.667477245503997;0.5991873594733563;0.40081264052664367
1730782741.510466;/app/bags/user95_2017-02-24.bag;0.834065854549408;0.0;0.9619645476341248;0.0;0.667477245503997;0.5991873594733563;0.40081264052664367
1730782741.7104223;/app/bags/user95_2017-02-24.bag;0.834065854549408;0.0;0.9619645476341248;0.0;0.667477245503997;0.5991873594733563;0.40081264052664367
1730782741.9104156;/app/bags/user95_2017-02-24.bag;0.834065854549408;0.0;0.9619645476341248;0.0;0.667477245503997;0.5991873594733563;0.40081264052664367
1730782742.1104455;/app/bags/user95_2017-02-24.bag;0.834065854549408;0.0;0.9619645476341248;0.0;0.667477245503997;0.5991873594733563;0.40081264052664367
1730782742.3103895;/app/bags/user95_2017-02-24.bag;0.834065854549408;0.0;0.9619645476341248;0.0;0.667477245503997;0.5991873594733563;0.40081264052664367
1730782742.510357;/app/bags/user95_2017-02-24.bag;0.834065854549408;0.0;0.9619645476341248;0.0;0.667477245503997;0.5991873594733563;0.40081264052664367
1730782742.7103796;/app/bags/user95_2017-02-24.bag;0.834065854549408;0.0;0.9619645476341248;0.0;0.667477245503997;0.5991873594733563;0.40081264052664367
1730782742.910414;/app/bags/user95_2017-02-24.bag;0.834065854549408;0.0;0.9619645476341248;0.0;0.667477245503997;0.5991873594733563;0.40081264052664367
1730782743.1104484;/app/bags/user95_2017-02-24.bag;0.834065854549408;0.0;0.9619645476341248;0.0;0.667477245503997;0.5991873594733563;0.40081264052664367
1730782743.310428;/app/bags/user95_2017-02-24.bag;0.834065854549408;0.0;0.9619645476341248;0.0;0.667477245503997;0.5991873594733563;0.40081264052664367
1730782743.5104203;/app/bags/user95_2017-02-24.bag;0.834065854549408;0.0;0.9619645476341248;0.0;0.667477245503997;0.5991873594733563;0.40081264052664367
1730782743.7103975;/app/bags/user95_2017-02-24.bag;0.834065854549408;0.0;0.9619645476341248;0.0;0.667477245503997;0.5991873594733563;0.40081264052664367
1730782743.9104087;/app/bags/user95_2017-02-24.bag;0.834065854549408;0.0;0.9619645476341248;0.0;0.667477245503997;0.5991873594733563;0.40081264052664367
1730782744.110367;/app/bags/user95_2017-02-24.bag;0.834065854549408;0.0;0.9619645476341248;0.0;0.667477245503997;0.5991873594733563;0.40081264052664367
1730782744.3105547;/app/bags/user95_2017-02-24.bag;0.834065854549408;0.0;0.9619645476341248;0.0;0.667477245503997;0.5991873594733563;0.40081264052664367
1730782744.5103755;/app/bags/user95_2017-02-24.bag;0.834065854549408;0.0;0.9619645476341248;0.0;0.667477245503997;0.5991873594733563;0.40081264052664367
1730782744.7104342;/app/bags/user95_2017-02-24.bag;0.834065854549408;0.0;0.9619645476341248;0.0;0.667477245503997;0.5991873594733563;0.40081264052664367
1730782744.9103873;/app/bags/user95_2017-02-24.bag;0.834065854549408;0.0;0.9619645476341248;0.0;0.667477245503997;0.5991873594733563;0.40081264052664367
1730782745.1103926;/app/bags/user95_2017-02-24.bag;0.834065854549408;0.0;0.9619645476341248;0.0;0.667477245503997;0.5991873594733563;0.40081264052664367
1730782745.3104444;/app/bags/user95_2017-02-24.bag;0.834065854549408;0.0;0.9619645476341248;0.0;0.667477245503997;0.5991873594733563;0.40081264052664367
1730782745.5103981;/app/bags/user95_2017-02-24.bag;0.834065854549408;0.0;0.9619645476341248;0.0;0.667477245503997;0.5991873594733563;0.40081264052664367
1730782745.7104025;/app/bags/user95_2017-02-24.bag;0.834065854549408;0.0;0.9619645476341248;0.0;0.667477245503997;0.5991873594733563;0.40081264052664367
1730782745.9103835;/app/bags/user95_2017-02-24.bag;0.834065854549408;0.0;0.9619645476341248;0.0;0.667477245503997;0.5991873594733563;0.40081264052664367
1730782746.110438;/app/bags/user95_2017-02-24.bag;0.834065854549408;0.0;0.9619645476341248;0.0;0.667477245503997;0.5991873594733563;0.40081264052664367
1730782746.3103888;/app/bags/user95_2017-02-24.bag;0.834065854549408;0.0;0.9619645476341248;0.0;0.667477245503997;0.5991873594733563;0.40081264052664367
1730782746.5104048;/app/bags/user95_2017-02-24.bag;0.834065854549408;0.0;0.9619645476341248;0.0;0.667477245503997;0.5991873594733563;0.40081264052664367
1730782746.7104034;/app/bags/user95_2017-02-24.bag;0.834065854549408;0.0;0.9619645476341248;0.0;0.667477245503997;0.5991873594733563;0.40081264052664367
1730782746.9104168;/app/bags/user95_2017-02-24.bag;0.834065854549408;0.0;0.9619645476341248;0.0;0.667477245503997;0.5991873594733563;0.40081264052664367
1730782747.1103866;/app/bags/user95_2017-02-24.bag;0.834065854549408;0.0;0.9619645476341248;0.0;0.667477245503997;0.5991873594733563;0.40081264052664367
1730782747.310398;/app/bags/user95_2017-02-24.bag;0.834065854549408;0.0;0.9619645476341248;0.0;0.667477245503997;0.5991873594733563;0.40081264052664367
1730782747.510368;/app/bags/user95_2017-02-24.bag;0.834065854549408;0.0;0.9619645476341248;0.0;0.667477245503997;0.5991873594733563;0.40081264052664367
1730782747.710403;/app/bags/user95_2017-02-24.bag;0.834065854549408;0.0;0.9619645476341248;0.0;0.667477245503997;0.5991873594733563;0.40081264052664367
1730782747.9103732;/app/bags/user95_2017-02-24.bag;0.834065854549408;0.0;0.9619645476341248;0.0;0.667477245503997;0.5991873594733563;0.40081264052664367
1730782748.1104555;/app/bags/user95_2017-02-24.bag;0.834065854549408;0.0;0.9619645476341248;0.0;0.667477245503997;0.5991873594733563;0.40081264052664367
1730782748.310407;/app/bags/user95_2017-02-24.bag;0.834065854549408;0.0;0.9619645476341248;0.0;0.667477245503997;0.5991873594733563;0.40081264052664367
1730782748.5104022;/app/bags/user95_2017-02-24.bag;0.834065854549408;0.0;0.9619645476341248;0.0;0.667477245503997;0.5991873594733563;0.40081264052664367
1730782748.710384;/app/bags/user95_2017-02-24.bag;0.834065854549408;0.0;0.9619645476341248;0.0;0.667477245503997;0.5991873594733563;0.40081264052664367
1730782748.9103959;/app/bags/user95_2017-02-24.bag;0.834065854549408;0.0;0.9619645476341248;0.0;0.667477245503997;0.5991873594733563;0.40081264052664367
1730782749.110373;/app/bags/user95_2017-02-24.bag;0.834065854549408;0.0;0.9619645476341248;0.0;0.667477245503997;0.5991873594733563;0.40081264052664367
1730782749.3104722;/app/bags/user95_2017-02-24.bag;0.834065854549408;0.0;0.9619645476341248;0.0;0.667477245503997;0.5991873594733563;0.40081264052664367
1730782749.5103862;/app/bags/user95_2017-02-24.bag;0.834065854549408;0.0;0.9619645476341248;0.0;0.667477245503997;0.5991873594733563;0.40081264052664367
1730782749.710476;/app/bags/user95_2017-02-24.bag;0.834065854549408;0.0;0.9619645476341248;0.0;0.667477245503997;0.5991873594733563;0.40081264052664367
1730782749.910467;/app/bags/user95_2017-02-24.bag;0.834065854549408;0.0;0.9619645476341248;0.0;0.667477245503997;0.5991873594733563;0.40081264052664367
1730782750.1103725;/app/bags/user95_2017-02-24.bag;0.834065854549408;0.0;0.9619645476341248;0.0;0.667477245503997;0.5991873594733563;0.40081264052664367
1730782750.3105853;/app/bags/user95_2017-02-24.bag;0.834065854549408;0.0;0.9619645476341248;0.0;0.667477245503997;0.5991873594733563;0.40081264052664367
1730782750.510398;/app/bags/user95_2017-02-24.bag;0.834065854549408;0.0;0.9619645476341248;0.0;0.667477245503997;0.5991873594733563;0.40081264052664367
1730782750.710406;/app/bags/user95_2017-02-24.bag;0.834065854549408;0.0;0.9619645476341248;0.0;0.667477245503997;0.5991873594733563;0.40081264052664367
1730782750.9103773;/app/bags/user95_2017-02-24.bag;0.834065854549408;0.0;0.9619645476341248;0.0;0.667477245503997;0.5991873594733563;0.40081264052664367
1730782751.1103938;/app/bags/user95_2017-02-24.bag;0.834065854549408;0.0;0.9619645476341248;0.0;0.667477245503997;0.5991873594733563;0.40081264052664367
1730782751.3103957;/app/bags/user95_2017-02-24.bag;0.834065854549408;0.0;0.9619645476341248;0.0;0.667477245503997;0.5991873594733563;0.40081264052664367
1730782751.510395;/app/bags/user95_2017-02-24.bag;0.834065854549408;0.0;0.9619645476341248;0.0;0.667477245503997;0.5991873594733563;0.40081264052664367
1730782751.7104466;/app/bags/user95_2017-02-24.bag;0.834065854549408;0.0;0.9619645476341248;0.0;0.667477245503997;0.5991873594733563;0.40081264052664367
1730782751.9105654;/app/bags/user95_2017-02-24.bag;0.834065854549408;0.0;0.9619645476341248;0.0;0.667477245503997;0.5991873594733563;0.40081264052664367
1730782752.1103692;/app/bags/user95_2017-02-24.bag;0.834065854549408;0.0;0.9619645476341248;0.0;0.667477245503997;0.5991873594733563;0.40081264052664367
1730782752.31046;/app/bags/user95_2017-02-24.bag;0.834065854549408;0.0;0.9619645476341248;0.0;0.667477245503997;0.5991873594733563;0.40081264052664367
1730782752.510432;/app/bags/user95_2017-02-24.bag;0.834065854549408;0.0;0.9619645476341248;0.0;0.667477245503997;0.5991873594733563;0.40081264052664367
1730782752.7104795;/app/bags/user95_2017-02-24.bag;0.834065854549408;0.0;0.9619645476341248;0.0;0.667477245503997;0.5991873594733563;0.40081264052664367
1730782752.9103937;/app/bags/user95_2017-02-24.bag;0.834065854549408;0.0;0.9619645476341248;0.0;0.667477245503997;0.5991873594733563;0.40081264052664367
1730782753.110416;/app/bags/user95_2017-02-24.bag;0.834065854549408;0.0;0.9619645476341248;0.0;0.667477245503997;0.5991873594733563;0.40081264052664367
1730782753.310602;/app/bags/user95_2017-02-24.bag;0.834065854549408;0.0;0.9619645476341248;0.0;0.667477245503997;0.5991873594733563;0.40081264052664367
1730782753.5104213;/app/bags/user95_2017-02-24.bag;0.834065854549408;0.0;0.9619645476341248;0.0;0.667477245503997;0.5991873594733563;0.40081264052664367
1730782753.7104049;/app/bags/user95_2017-02-24.bag;0.834065854549408;0.0;0.9619645476341248;0.0;0.667477245503997;0.5991873594733563;0.40081264052664367
1730782753.9104252;/app/bags/user95_2017-02-24.bag;0.834065854549408;0.0;0.9619645476341248;0.0;0.667477245503997;0.5991873594733563;0.40081264052664367
1730782754.1103585;/app/bags/user95_2017-02-24.bag;0.834065854549408;0.0;0.9619645476341248;0.0;0.667477245503997;0.5991873594733563;0.40081264052664367
1730782754.3103874;/app/bags/user95_2017-02-24.bag;0.834065854549408;0.0;0.9619645476341248;0.0;0.667477245503997;0.5991873594733563;0.40081264052664367
1730782754.5103903;/app/bags/user95_2017-02-24.bag;0.834065854549408;0.0;0.9619645476341248;0.0;0.667477245503997;0.5991873594733563;0.40081264052664367
1730782754.7103946;/app/bags/user95_2017-02-24.bag;0.834065854549408;0.0;0.9619645476341248;0.0;0.667477245503997;0.5991873594733563;0.40081264052664367
1730782754.910391;/app/bags/user95_2017-02-24.bag;0.834065854549408;0.0;0.9619645476341248;0.0;0.667477245503997;0.5991873594733563;0.40081264052664367
1730782755.110478;/app/bags/user95_2017-02-24.bag;0.834065854549408;0.0;0.9619645476341248;0.0;0.667477245503997;0.5991873594733563;0.40081264052664367
1730782755.3104892;/app/bags/user95_2017-02-24.bag;0.834065854549408;0.0;0.9619645476341248;0.0;0.667477245503997;0.5991873594733563;0.40081264052664367
1730782755.51038;/app/bags/user95_2017-02-24.bag;0.834065854549408;0.0;0.9619645476341248;0.0;0.667477245503997;0.5991873594733563;0.40081264052664367
1730782755.7103734;/app/bags/user95_2017-02-24.bag;0.834065854549408;0.0;0.9619645476341248;0.0;0.667477245503997;0.5991873594733563;0.40081264052664367
1730782755.9104257;/app/bags/user95_2017-02-24.bag;0.834065854549408;0.0;0.9619645476341248;0.0;0.667477245503997;0.5991873594733563;0.40081264052664367
1730782756.1103902;/app/bags/user95_2017-02-24.bag;0.834065854549408;0.0;0.9619645476341248;0.0;0.667477245503997;0.5991873594733563;0.40081264052664367
1730782756.3103902;/app/bags/user95_2017-02-24.bag;0.834065854549408;0.0;0.9619645476341248;0.0;0.667477245503997;0.5991873594733563;0.40081264052664367
1730782756.5104363;/app/bags/user95_2017-02-24.bag;0.834065854549408;0.0;0.9619645476341248;0.0;0.667477245503997;0.5991873594733563;0.40081264052664367
1730782756.7103846;/app/bags/user95_2017-02-24.bag;0.834065854549408;0.0;0.9619645476341248;0.0;0.667477245503997;0.5991873594733563;0.40081264052664367
1730782756.910435;/app/bags/user95_2017-02-24.bag;0.834065854549408;0.0;0.9619645476341248;0.0;0.667477245503997;0.5991873594733563;0.40081264052664367
1730782757.1103928;/app/bags/user95_2017-02-24.bag;0.834065854549408;0.0;0.9619645476341248;0.0;0.667477245503997;0.5991873594733563;0.40081264052664367
1730782757.310427;/app/bags/user95_2017-02-24.bag;0.834065854549408;0.0;0.9619645476341248;0.0;0.667477245503997;0.5991873594733563;0.40081264052664367
1730782757.5104334;/app/bags/user95_2017-02-24.bag;0.834065854549408;0.0;0.9619645476341248;0.0;0.667477245503997;0.5991873594733563;0.40081264052664367
1730782757.7104223;/app/bags/user95_2017-02-24.bag;0.834065854549408;0.0;0.9619645476341248;0.0;0.667477245503997;0.5991873594733563;0.40081264052664367
1730782757.9104185;/app/bags/user95_2017-02-24.bag;0.834065854549408;0.0;0.9619645476341248;0.0;0.667477245503997;0.5991873594733563;0.40081264052664367
1730782758.1104045;/app/bags/user95_2017-02-24.bag;0.834065854549408;0.0;0.9619645476341248;0.0;0.667477245503997;0.5991873594733563;0.40081264052664367
1730782758.3103924;/app/bags/user95_2017-02-24.bag;0.834065854549408;0.0;0.9619645476341248;0.0;0.667477245503997;0.5991873594733563;0.40081264052664367
1730782758.5103767;/app/bags/user95_2017-02-24.bag;0.834065854549408;0.0;0.9619645476341248;0.0;0.667477245503997;0.5991873594733563;0.40081264052664367
1730782758.7103937;/app/bags/user95_2017-02-24.bag;0.834065854549408;0.0;0.9619645476341248;0.0;0.667477245503997;0.5991873594733563;0.40081264052664367
1730782758.9103878;/app/bags/user95_2017-02-24.bag;0.834065854549408;0.0;0.9619645476341248;0.0;0.667477245503997;0.5991873594733563;0.40081264052664367
1730782759.1103566;/app/bags/user95_2017-02-24.bag;0.834065854549408;0.0;0.9619645476341248;0.0;0.667477245503997;0.5991873594733563;0.40081264052664367
1730782759.3104846;/app/bags/user95_2017-02-24.bag;0.834065854549408;0.0;0.9619645476341248;0.0;0.667477245503997;0.5991873594733563;0.40081264052664367
1730782759.510454;/app/bags/user95_2017-02-24.bag;0.834065854549408;0.0;0.9619645476341248;0.0;0.667477245503997;0.5991873594733563;0.40081264052664367
1730782759.7103446;/app/bags/user95_2017-02-24.bag;0.834065854549408;0.0;0.9619645476341248;0.0;0.667477245503997;0.5991873594733563;0.40081264052664367
1730782759.910389;/app/bags/user95_2017-02-24.bag;0.834065854549408;0.0;0.9619645476341248;0.0;0.667477245503997;0.5991873594733563;0.40081264052664367
1730782760.1104434;/app/bags/user95_2017-02-24.bag;0.834065854549408;0.0;0.9619645476341248;0.0;0.667477245503997;0.5991873594733563;0.40081264052664367
1730782760.3103878;/app/bags/user95_2017-02-24.bag;0.834065854549408;0.0;0.9619645476341248;0.0;0.667477245503997;0.5991873594733563;0.40081264052664367
1730782760.5103788;/app/bags/user95_2017-02-24.bag;0.834065854549408;0.0;0.9619645476341248;0.0;0.667477245503997;0.5991873594733563;0.40081264052664367
1730782760.7103627;/app/bags/user95_2017-02-24.bag;0.834065854549408;0.0;0.9619645476341248;0.0;0.667477245503997;0.5991873594733563;0.40081264052664367
1730782760.9103913;/app/bags/user95_2017-02-24.bag;0.834065854549408;0.0;0.9619645476341248;0.0;0.667477245503997;0.5991873594733563;0.40081264052664367
1730782761.1104007;/app/bags/user95_2017-02-24.bag;0.834065854549408;0.0;0.9619645476341248;0.0;0.667477245503997;0.5991873594733563;0.40081264052664367
1730782761.3104537;/app/bags/user95_2017-02-24.bag;0.834065854549408;0.0;0.9619645476341248;0.0;0.667477245503997;0.5991873594733563;0.40081264052664367
1730782761.5104082;/app/bags/user95_2017-02-24.bag;0.834065854549408;0.0;0.9619645476341248;0.0;0.667477245503997;0.5991873594733563;0.40081264052664367
1730782761.7103887;/app/bags/user95_2017-02-24.bag;0.834065854549408;0.0;0.9619645476341248;0.0;0.667477245503997;0.5991873594733563;0.40081264052664367
1730782761.9103913;/app/bags/user95_2017-02-24.bag;0.834065854549408;0.0;0.9619645476341248;0.0;0.667477245503997;0.5991873594733563;0.40081264052664367
1730782762.11039;/app/bags/user95_2017-02-24.bag;0.834065854549408;0.0;0.9619645476341248;0.0;0.667477245503997;0.5991873594733563;0.40081264052664367
1730782762.31039;/app/bags/user95_2017-02-24.bag;0.834065854549408;0.0;0.9619645476341248;0.0;0.667477245503997;0.5991873594733563;0.40081264052664367
1730782762.5103633;/app/bags/user95_2017-02-24.bag;0.834065854549408;0.0;0.9619645476341248;0.0;0.667477245503997;0.5991873594733563;0.40081264052664367
1730782762.7104125;/app/bags/user95_2017-02-24.bag;0.834065854549408;0.0;0.9619645476341248;0.0;0.667477245503997;0.5991873594733563;0.40081264052664367
1730782762.9103885;/app/bags/user95_2017-02-24.bag;0.834065854549408;0.0;0.9619645476341248;0.0;0.667477245503997;0.5991873594733563;0.40081264052664367
1730782763.1104045;/app/bags/user95_2017-02-24.bag;0.834065854549408;0.0;0.9619645476341248;0.0;0.667477245503997;0.5991873594733563;0.40081264052664367
1730782763.310412;/app/bags/user95_2017-02-24.bag;0.834065854549408;0.0;0.9619645476341248;0.0;0.667477245503997;0.5991873594733563;0.40081264052664367
1730782763.5103846;/app/bags/user95_2017-02-24.bag;0.834065854549408;0.0;0.9619645476341248;0.0;0.667477245503997;0.5991873594733563;0.40081264052664367
1730782763.7104132;/app/bags/user95_2017-02-24.bag;0.834065854549408;0.0;0.9619645476341248;0.0;0.667477245503997;0.5991873594733563;0.40081264052664367
1730782763.9103673;/app/bags/user95_2017-02-24.bag;0.834065854549408;0.0;0.9619645476341248;0.0;0.667477245503997;0.5991873594733563;0.40081264052664367
1730782764.1103246;/app/bags/user95_2017-02-24.bag;0.834065854549408;0.0;0.9619645476341248;0.0;0.667477245503997;0.5991873594733563;0.40081264052664367
1730782764.3104002;/app/bags/user95_2017-02-24.bag;0.834065854549408;0.0;0.9619645476341248;0.0;0.667477245503997;0.5991873594733563;0.40081264052664367
1730782764.5103924;/app/bags/user95_2017-02-24.bag;0.834065854549408;0.0;0.9619645476341248;0.0;0.667477245503997;0.5991873594733563;0.40081264052664367
1730782764.7103713;/app/bags/user95_2017-02-24.bag;0.834065854549408;0.0;0.9619645476341248;0.0;0.667477245503997;0.5991873594733563;0.40081264052664367
1730782764.910385;/app/bags/user95_2017-02-24.bag;0.834065854549408;0.0;0.9619645476341248;0.0;0.667477245503997;0.5991873594733563;0.40081264052664367
1730782765.1103835;/app/bags/user95_2017-02-24.bag;0.834065854549408;0.0;0.9619645476341248;0.0;0.667477245503997;0.5991873594733563;0.40081264052664367
1730782765.3103774;/app/bags/user95_2017-02-24.bag;0.834065854549408;0.0;0.9619645476341248;0.0;0.667477245503997;0.5991873594733563;0.40081264052664367
1730782765.5103927;/app/bags/user95_2017-02-24.bag;0.834065854549408;0.0;0.9619645476341248;0.0;0.667477245503997;0.5991873594733563;0.40081264052664367
1730782765.71039;/app/bags/user95_2017-02-24.bag;0.834065854549408;0.0;0.9619645476341248;0.0;0.667477245503997;0.5991873594733563;0.40081264052664367
1730782765.910372;/app/bags/user95_2017-02-24.bag;0.834065854549408;0.0;0.9619645476341248;0.0;0.667477245503997;0.5991873594733563;0.40081264052664367
1730782766.110403;/app/bags/user95_2017-02-24.bag;0.834065854549408;0.0;0.9619645476341248;0.0;0.667477245503997;0.5991873594733563;0.40081264052664367
1730782766.3103952;/app/bags/user95_2017-02-24.bag;0.834065854549408;0.0;0.9619645476341248;0.0;0.667477245503997;0.5991873594733563;0.40081264052664367
1730782766.5104067;/app/bags/user95_2017-02-24.bag;0.834065854549408;0.0;0.9619645476341248;0.0;0.667477245503997;0.5991873594733563;0.40081264052664367
1730782766.7104232;/app/bags/user95_2017-02-24.bag;0.834065854549408;0.0;0.9619645476341248;0.0;0.667477245503997;0.5991873594733563;0.40081264052664367
1730782766.9103632;/app/bags/user95_2017-02-24.bag;0.834065854549408;0.0;0.9619645476341248;0.0;0.667477245503997;0.5991873594733563;0.40081264052664367
1730782767.110361;/app/bags/user95_2017-02-24.bag;0.834065854549408;0.0;0.9619645476341248;0.0;0.667477245503997;0.5991873594733563;0.40081264052664367
1730782767.3104;/app/bags/user95_2017-02-24.bag;0.834065854549408;0.0;0.9619645476341248;0.0;0.667477245503997;0.5991873594733563;0.40081264052664367
1730782767.5103939;/app/bags/user95_2017-02-24.bag;0.834065854549408;0.0;0.9619645476341248;0.0;0.667477245503997;0.5991873594733563;0.40081264052664367
1730782767.7104151;/app/bags/user95_2017-02-24.bag;0.834065854549408;0.0;0.9619645476341248;0.0;0.667477245503997;0.5991873594733563;0.40081264052664367
1730782767.9104216;/app/bags/user95_2017-02-24.bag;0.834065854549408;0.0;0.9619645476341248;0.0;0.667477245503997;0.5991873594733563;0.40081264052664367
1730782768.1103835;/app/bags/user95_2017-02-24.bag;0.834065854549408;0.0;0.9619645476341248;0.0;0.667477245503997;0.5991873594733563;0.40081264052664367
1730782768.3103814;/app/bags/user95_2017-02-24.bag;0.834065854549408;0.0;0.9619645476341248;0.0;0.667477245503997;0.5991873594733563;0.40081264052664367
1730782768.5104458;/app/bags/user95_2017-02-24.bag;0.834065854549408;0.0;0.9619645476341248;0.0;0.667477245503997;0.5991873594733563;0.40081264052664367
1730782768.7104259;/app/bags/user95_2017-02-24.bag;0.834065854549408;0.0;0.9619645476341248;0.0;0.667477245503997;0.5991873594733563;0.40081264052664367
1730782768.910403;/app/bags/user95_2017-02-24.bag;0.834065854549408;0.0;0.9619645476341248;0.0;0.667477245503997;0.5991873594733563;0.40081264052664367
1730782769.1103933;/app/bags/user95_2017-02-24.bag;0.834065854549408;0.0;0.9619645476341248;0.0;0.667477245503997;0.5991873594733563;0.40081264052664367
1730782769.3104267;/app/bags/user95_2017-02-24.bag;0.834065854549408;0.0;0.9619645476341248;0.0;0.667477245503997;0.5991873594733563;0.40081264052664367
1730782769.5104175;/app/bags/user95_2017-02-24.bag;0.834065854549408;0.0;0.9619645476341248;0.0;0.667477245503997;0.5991873594733563;0.40081264052664367
1730782769.7104292;/app/bags/user95_2017-02-24.bag;0.834065854549408;0.0;0.9619645476341248;0.0;0.667477245503997;0.5991873594733563;0.40081264052664367
1730782769.9104106;/app/bags/user95_2017-02-24.bag;0.834065854549408;0.0;0.9619645476341248;0.0;0.667477245503997;0.5991873594733563;0.40081264052664367
1730782770.1103926;/app/bags/user95_2017-02-24.bag;0.834065854549408;0.0;0.9619645476341248;0.0;0.667477245503997;0.5991873594733563;0.40081264052664367
1730782770.3103373;/app/bags/user95_2017-02-24.bag;0.834065854549408;0.0;0.9619645476341248;0.0;0.667477245503997;0.5991873594733563;0.40081264052664367
1730782770.510417;/app/bags/user95_2017-02-24.bag;0.834065854549408;0.0;0.9619645476341248;0.0;0.667477245503997;0.5991873594733563;0.40081264052664367
1730782770.710419;/app/bags/user95_2017-02-24.bag;0.834065854549408;0.0;0.9619645476341248;0.0;0.667477245503997;0.5991873594733563;0.40081264052664367
1730782770.9104059;/app/bags/user95_2017-02-24.bag;0.834065854549408;0.0;0.9619645476341248;0.0;0.667477245503997;0.5991873594733563;0.40081264052664367
1730782771.1103923;/app/bags/user95_2017-02-24.bag;0.834065854549408;0.0;0.9619645476341248;0.0;0.667477245503997;0.5991873594733563;0.40081264052664367
1730782771.3103952;/app/bags/user95_2017-02-24.bag;0.834065854549408;0.0;0.9619645476341248;0.0;0.667477245503997;0.5991873594733563;0.40081264052664367
1730782771.5103626;/app/bags/user95_2017-02-24.bag;0.834065854549408;0.0;0.9619645476341248;0.0;0.667477245503997;0.5991873594733563;0.40081264052664367
1730782771.7103693;/app/bags/user95_2017-02-24.bag;0.834065854549408;0.0;0.9619645476341248;0.0;0.667477245503997;0.5991873594733563;0.40081264052664367
1730782771.9104562;/app/bags/user95_2017-02-24.bag;0.834065854549408;0.0;0.9619645476341248;0.0;0.667477245503997;0.5991873594733563;0.40081264052664367
1730782772.1104317;/app/bags/user95_2017-02-24.bag;0.834065854549408;0.0;0.9619645476341248;0.0;0.667477245503997;0.5991873594733563;0.40081264052664367
1730782772.3103755;/app/bags/user95_2017-02-24.bag;0.834065854549408;0.0;0.9619645476341248;0.0;0.667477245503997;0.5991873594733563;0.40081264052664367
1730782772.5104203;/app/bags/user95_2017-02-24.bag;0.834065854549408;0.0;0.9619645476341248;0.0;0.667477245503997;0.5991873594733563;0.40081264052664367
1730782772.7104373;/app/bags/user95_2017-02-24.bag;0.834065854549408;0.0;0.9619645476341248;0.0;0.667477245503997;0.5991873594733563;0.40081264052664367
1730782772.9103777;/app/bags/user95_2017-02-24.bag;0.834065854549408;0.0;0.9619645476341248;0.0;0.667477245503997;0.5991873594733563;0.40081264052664367
1730782773.1104002;/app/bags/user95_2017-02-24.bag;0.834065854549408;0.0;0.9619645476341248;0.0;0.667477245503997;0.5991873594733563;0.40081264052664367
1730782773.3104358;/app/bags/user95_2017-02-24.bag;0.834065854549408;0.0;0.9619645476341248;0.0;0.667477245503997;0.5991873594733563;0.40081264052664367
1730782773.5104055;/app/bags/user95_2017-02-24.bag;0.834065854549408;0.0;0.9619645476341248;0.0;0.667477245503997;0.5991873594733563;0.40081264052664367
1730782773.7106001;/app/bags/user95_2017-02-24.bag;0.834065854549408;0.0;0.9619645476341248;0.0;0.667477245503997;0.5991873594733563;0.40081264052664367
1730782773.910402;/app/bags/user95_2017-02-24.bag;0.834065854549408;0.0;0.9619645476341248;0.0;0.667477245503997;0.5991873594733563;0.40081264052664367
1730782774.1103866;/app/bags/user95_2017-02-24.bag;0.834065854549408;0.0;0.9619645476341248;0.0;0.667477245503997;0.5991873594733563;0.40081264052664367
1730782774.3103967;/app/bags/user95_2017-02-24.bag;0.834065854549408;0.0;0.9619645476341248;0.0;0.667477245503997;0.5991873594733563;0.40081264052664367
1730782774.5104144;/app/bags/user95_2017-02-24.bag;0.834065854549408;0.0;0.9619645476341248;0.0;0.667477245503997;0.5991873594733563;0.40081264052664367
1730782774.7103724;/app/bags/user95_2017-02-24.bag;0.834065854549408;0.0;0.9619645476341248;0.0;0.667477245503997;0.5991873594733563;0.40081264052664367
1730782774.9103916;/app/bags/user95_2017-02-24.bag;0.834065854549408;0.0;0.9619645476341248;0.0;0.667477245503997;0.5991873594733563;0.40081264052664367
1730782775.1104004;/app/bags/user95_2017-02-24.bag;0.834065854549408;0.0;0.9619645476341248;0.0;0.667477245503997;0.5991873594733563;0.40081264052664367
1730782775.3103607;/app/bags/user95_2017-02-24.bag;0.834065854549408;0.0;0.9619645476341248;0.0;0.667477245503997;0.5991873594733563;0.40081264052664367
1730782775.5103428;/app/bags/user95_2017-02-24.bag;0.834065854549408;0.0;0.9619645476341248;0.0;0.667477245503997;0.5991873594733563;0.40081264052664367
1730782775.710415;/app/bags/user95_2017-02-24.bag;0.834065854549408;0.0;0.9619645476341248;0.0;0.667477245503997;0.5991873594733563;0.40081264052664367
1730782775.910377;/app/bags/user95_2017-02-24.bag;0.834065854549408;0.0;0.9619645476341248;0.0;0.667477245503997;0.5991873594733563;0.40081264052664367
1730782776.1104398;/app/bags/user95_2017-02-24.bag;0.834065854549408;0.0;0.9619645476341248;0.0;0.667477245503997;0.5991873594733563;0.40081264052664367
1730782776.3103917;/app/bags/user95_2017-02-24.bag;0.834065854549408;0.0;0.9619645476341248;0.0;0.667477245503997;0.5991873594733563;0.40081264052664367
1730782776.5103786;/app/bags/user95_2017-02-24.bag;0.834065854549408;0.0;0.9619645476341248;0.0;0.667477245503997;0.5991873594733563;0.40081264052664367
1730782776.710403;/app/bags/user95_2017-02-24.bag;0.834065854549408;0.0;0.9619645476341248;0.0;0.667477245503997;0.5991873594733563;0.40081264052664367
1730782776.910412;/app/bags/user95_2017-02-24.bag;0.834065854549408;0.0;0.9619645476341248;0.0;0.667477245503997;0.5991873594733563;0.40081264052664367
1730782777.1104014;/app/bags/user95_2017-02-24.bag;0.834065854549408;0.0;0.9619645476341248;0.0;0.667477245503997;0.5991873594733563;0.40081264052664367
1730782777.3104641;/app/bags/user95_2017-02-24.bag;0.834065854549408;0.0;0.9619645476341248;0.0;0.667477245503997;0.5991873594733563;0.40081264052664367
1730782777.5104718;/app/bags/user95_2017-02-24.bag;0.834065854549408;0.0;0.9619645476341248;0.0;0.667477245503997;0.5991873594733563;0.40081264052664367
1730782777.7104402;/app/bags/user95_2017-02-24.bag;0.834065854549408;0.0;0.9619645476341248;0.0;0.667477245503997;0.5991873594733563;0.40081264052664367
1730782777.9103487;/app/bags/user95_2017-02-24.bag;0.834065854549408;0.0;0.9619645476341248;0.0;0.667477245503997;0.5991873594733563;0.40081264052664367
1730782778.1103878;/app/bags/user95_2017-02-24.bag;0.834065854549408;0.0;0.9619645476341248;0.0;0.667477245503997;0.5991873594733563;0.40081264052664367
1730782778.3104029;/app/bags/user95_2017-02-24.bag;0.834065854549408;0.0;0.9619645476341248;0.0;0.667477245503997;0.5991873594733563;0.40081264052664367
1730782778.5103858;/app/bags/user95_2017-02-24.bag;0.834065854549408;0.0;0.9619645476341248;0.0;0.667477245503997;0.5991873594733563;0.40081264052664367
1730782778.710433;/app/bags/user95_2017-02-24.bag;0.834065854549408;0.0;0.9619645476341248;0.0;0.667477245503997;0.5991873594733563;0.40081264052664367
1730782778.9104657;/app/bags/user95_2017-02-24.bag;0.834065854549408;0.0;0.9619645476341248;0.0;0.667477245503997;0.5991873594733563;0.40081264052664367
1730782779.1103969;/app/bags/user95_2017-02-24.bag;0.834065854549408;0.0;0.9619645476341248;0.0;0.667477245503997;0.5991873594733563;0.40081264052664367
1730782779.3103938;/app/bags/user95_2017-02-24.bag;0.834065854549408;0.0;0.9619645476341248;0.0;0.667477245503997;0.5991873594733563;0.40081264052664367
1730782779.5104263;/app/bags/user95_2017-02-24.bag;0.834065854549408;0.0;0.9619645476341248;0.0;0.667477245503997;0.5991873594733563;0.40081264052664367
1730782779.710402;/app/bags/user95_2017-02-24.bag;0.834065854549408;0.0;0.9619645476341248;0.0;0.667477245503997;0.5991873594733563;0.40081264052664367
1730782779.9104002;/app/bags/user95_2017-02-24.bag;0.834065854549408;0.0;0.9619645476341248;0.0;0.667477245503997;0.5991873594733563;0.40081264052664367
1730782780.110428;/app/bags/user95_2017-02-24.bag;0.834065854549408;0.0;0.9619645476341248;0.0;0.667477245503997;0.5991873594733563;0.40081264052664367
1730782780.310453;/app/bags/user95_2017-02-24.bag;0.834065854549408;0.0;0.9619645476341248;0.0;0.667477245503997;0.5991873594733563;0.40081264052664367
1730782780.510401;/app/bags/user95_2017-02-24.bag;0.834065854549408;0.0;0.9619645476341248;0.0;0.667477245503997;0.5991873594733563;0.40081264052664367
1730782780.7103746;/app/bags/user95_2017-02-24.bag;0.834065854549408;0.0;0.9619645476341248;0.0;0.667477245503997;0.5991873594733563;0.40081264052664367
1730782780.9103773;/app/bags/user95_2017-02-24.bag;0.834065854549408;0.0;0.9619645476341248;0.0;0.667477245503997;0.5991873594733563;0.40081264052664367
1730782781.110423;/app/bags/user95_2017-02-24.bag;0.834065854549408;0.0;0.9619645476341248;0.0;0.667477245503997;0.5991873594733563;0.40081264052664367
1730782781.3104136;/app/bags/user95_2017-02-24.bag;0.834065854549408;0.0;0.9619645476341248;0.0;0.667477245503997;0.5991873594733563;0.40081264052664367
1730782781.510402;/app/bags/user95_2017-02-24.bag;0.834065854549408;0.0;0.9619645476341248;0.0;0.667477245503997;0.5991873594733563;0.40081264052664367
1730782781.7104774;/app/bags/user95_2017-02-24.bag;0.834065854549408;0.0;0.9619645476341248;0.0;0.667477245503997;0.5991873594733563;0.40081264052664367
1730782781.9103744;/app/bags/user95_2017-02-24.bag;0.834065854549408;0.0;0.9619645476341248;0.0;0.667477245503997;0.5991873594733563;0.40081264052664367
1730782782.1103704;/app/bags/user95_2017-02-24.bag;0.834065854549408;0.0;0.9619645476341248;0.0;0.667477245503997;0.5991873594733563;0.40081264052664367
1730782782.3105361;/app/bags/user95_2017-02-24.bag;0.834065854549408;0.0;0.9619645476341248;0.0;0.667477245503997;0.5991873594733563;0.40081264052664367
1730782782.5103767;/app/bags/user95_2017-02-24.bag;0.834065854549408;0.0;0.9619645476341248;0.0;0.667477245503997;0.5991873594733563;0.40081264052664367
1730782782.7103944;/app/bags/user95_2017-02-24.bag;0.834065854549408;0.0;0.9619645476341248;0.0;0.667477245503997;0.5991873594733563;0.40081264052664367
1730782782.9104269;/app/bags/user95_2017-02-24.bag;0.834065854549408;0.0;0.9619645476341248;0.0;0.667477245503997;0.5991873594733563;0.40081264052664367
1730782783.1104937;/app/bags/user95_2017-02-24.bag;0.834065854549408;0.0;0.9619645476341248;0.0;0.667477245503997;0.5991873594733563;0.40081264052664367
1730782783.3103771;/app/bags/user95_2017-02-24.bag;0.834065854549408;0.0;0.9619645476341248;0.0;0.667477245503997;0.5991873594733563;0.40081264052664367
1730782783.5104163;/app/bags/user95_2017-02-24.bag;0.834065854549408;0.0;0.9619645476341248;0.0;0.667477245503997;0.5991873594733563;0.40081264052664367
1730782783.7103422;/app/bags/user95_2017-02-24.bag;0.834065854549408;0.0;0.9619645476341248;0.0;0.667477245503997;0.5991873594733563;0.40081264052664367
1730782783.9104137;/app/bags/user95_2017-02-24.bag;0.834065854549408;0.0;0.9619645476341248;0.0;0.667477245503997;0.5991873594733563;0.40081264052664367
1730782784.110385;/app/bags/user95_2017-02-24.bag;0.834065854549408;0.0;0.9619645476341248;0.0;0.667477245503997;0.5991873594733563;0.40081264052664367
1730782784.3103948;/app/bags/user95_2017-02-24.bag;0.834065854549408;0.0;0.9619645476341248;0.0;0.667477245503997;0.5991873594733563;0.40081264052664367
1730782784.5104296;/app/bags/user95_2017-02-24.bag;0.834065854549408;0.0;0.9619645476341248;0.0;0.667477245503997;0.5991873594733563;0.40081264052664367
1730782784.7104814;/app/bags/user95_2017-02-24.bag;0.834065854549408;0.0;0.9619645476341248;0.0;0.667477245503997;0.5991873594733563;0.40081264052664367
1730782784.9103868;/app/bags/user95_2017-02-24.bag;0.834065854549408;0.0;0.9619645476341248;0.0;0.667477245503997;0.5991873594733563;0.40081264052664367
1730782785.1104236;/app/bags/user95_2017-02-24.bag;0.834065854549408;0.0;0.9619645476341248;0.0;0.667477245503997;0.5991873594733563;0.40081264052664367
1730782785.3104198;/app/bags/user95_2017-02-24.bag;0.834065854549408;0.0;0.9619645476341248;0.0;0.667477245503997;0.5991873594733563;0.40081264052664367
1730782785.5104089;/app/bags/user95_2017-02-24.bag;0.834065854549408;0.0;0.9619645476341248;0.0;0.667477245503997;0.5991873594733563;0.40081264052664367
1730782785.7103806;/app/bags/user95_2017-02-24.bag;0.834065854549408;0.0;0.9619645476341248;0.0;0.667477245503997;0.5991873594733563;0.40081264052664367
1730782785.9104102;/app/bags/user95_2017-02-24.bag;0.834065854549408;0.0;0.9619645476341248;0.0;0.667477245503997;0.5991873594733563;0.40081264052664367
1730782786.110395;/app/bags/user95_2017-02-24.bag;0.834065854549408;0.0;0.9619645476341248;0.0;0.667477245503997;0.5991873594733563;0.40081264052664367
1730782786.310378;/app/bags/user95_2017-02-24.bag;0.834065854549408;0.0;0.9619645476341248;0.0;0.667477245503997;0.5991873594733563;0.40081264052664367
1730782786.5103726;/app/bags/user95_2017-02-24.bag;0.834065854549408;0.0;0.9619645476341248;0.0;0.667477245503997;0.5991873594733563;0.40081264052664367
1730782786.710385;/app/bags/user95_2017-02-24.bag;0.834065854549408;0.0;0.9619645476341248;0.0;0.667477245503997;0.5991873594733563;0.40081264052664367
1730782786.9104204;/app/bags/user95_2017-02-24.bag;0.834065854549408;0.0;0.9619645476341248;0.0;0.667477245503997;0.5991873594733563;0.40081264052664367
1730782787.1103592;/app/bags/user95_2017-02-24.bag;0.834065854549408;0.0;0.9619645476341248;0.0;0.667477245503997;0.5991873594733563;0.40081264052664367
1730782787.3103988;/app/bags/user95_2017-02-24.bag;0.834065854549408;0.0;0.9619645476341248;0.0;0.667477245503997;0.5991873594733563;0.40081264052664367
1730782787.5103934;/app/bags/user95_2017-02-24.bag;0.834065854549408;0.0;0.9619645476341248;0.0;0.667477245503997;0.5991873594733563;0.40081264052664367
1730782787.7104216;/app/bags/user95_2017-02-24.bag;0.834065854549408;0.0;0.9619645476341248;0.0;0.667477245503997;0.5991873594733563;0.40081264052664367
1730782787.910421;/app/bags/user95_2017-02-24.bag;0.834065854549408;0.0;0.9619645476341248;0.0;0.667477245503997;0.5991873594733563;0.40081264052664367
1730782788.110386;/app/bags/user95_2017-02-24.bag;0.834065854549408;0.0;0.9619645476341248;0.0;0.667477245503997;0.5991873594733563;0.40081264052664367
1730782788.3103838;/app/bags/user95_2017-02-24.bag;0.834065854549408;0.0;0.9619645476341248;0.0;0.667477245503997;0.5991873594733563;0.40081264052664367
1730782788.5103927;/app/bags/user95_2017-02-24.bag;0.834065854549408;0.0;0.9619645476341248;0.0;0.667477245503997;0.5991873594733563;0.40081264052664367
1730782788.7104383;/app/bags/user95_2017-02-24.bag;0.834065854549408;0.0;0.9619645476341248;0.0;0.667477245503997;0.5991873594733563;0.40081264052664367
1730782788.9104033;/app/bags/user95_2017-02-24.bag;0.834065854549408;0.0;0.9619645476341248;0.0;0.667477245503997;0.5991873594733563;0.40081264052664367
1730782789.1103897;/app/bags/user95_2017-02-24.bag;0.834065854549408;0.0;0.9619645476341248;0.0;0.667477245503997;0.5991873594733563;0.40081264052664367
1730782789.310359;/app/bags/user95_2017-02-24.bag;0.834065854549408;0.0;0.9619645476341248;0.0;0.667477245503997;0.5991873594733563;0.40081264052664367
1730782789.5104358;/app/bags/user95_2017-02-24.bag;0.834065854549408;0.0;0.9619645476341248;0.0;0.667477245503997;0.5991873594733563;0.40081264052664367
1730782789.7104003;/app/bags/user95_2017-02-24.bag;0.834065854549408;0.0;0.9619645476341248;0.0;0.667477245503997;0.5991873594733563;0.40081264052664367
1730782789.9103653;/app/bags/user95_2017-02-24.bag;0.834065854549408;0.0;0.9619645476341248;0.0;0.667477245503997;0.5991873594733563;0.40081264052664367
1730782790.110389;/app/bags/user95_2017-02-24.bag;0.834065854549408;0.0;0.9619645476341248;0.0;0.667477245503997;0.5991873594733563;0.40081264052664367
1730782790.3103926;/app/bags/user95_2017-02-24.bag;0.834065854549408;0.0;0.9619645476341248;0.0;0.667477245503997;0.5991873594733563;0.40081264052664367
1730782790.5104017;/app/bags/user95_2017-02-24.bag;0.834065854549408;0.0;0.9619645476341248;0.0;0.667477245503997;0.5991873594733563;0.40081264052664367
1730782790.710386;/app/bags/user95_2017-02-24.bag;0.834065854549408;0.0;0.9619645476341248;0.0;0.667477245503997;0.5991873594733563;0.40081264052664367
1730782790.9104333;/app/bags/user95_2017-02-24.bag;0.834065854549408;0.0;0.9619645476341248;0.0;0.667477245503997;0.5991873594733563;0.40081264052664367
1730782791.1104212;/app/bags/user95_2017-02-24.bag;0.834065854549408;0.0;0.9619645476341248;0.0;0.667477245503997;0.5991873594733563;0.40081264052664367
1730782791.3104215;/app/bags/user95_2017-02-24.bag;0.834065854549408;0.0;0.9619645476341248;0.0;0.667477245503997;0.5991873594733563;0.40081264052664367
1730782791.510499;/app/bags/user95_2017-02-24.bag;0.834065854549408;0.0;0.9619645476341248;0.0;0.667477245503997;0.5991873594733563;0.40081264052664367
1730782791.710351;/app/bags/user95_2017-02-24.bag;0.834065854549408;0.0;0.9619645476341248;0.0;0.667477245503997;0.5991873594733563;0.40081264052664367
1730782791.9103818;/app/bags/user95_2017-02-24.bag;0.834065854549408;0.0;0.9619645476341248;0.0;0.667477245503997;0.5991873594733563;0.40081264052664367
1730782792.110431;/app/bags/user95_2017-02-24.bag;0.834065854549408;0.0;0.9619645476341248;0.0;0.667477245503997;0.5991873594733563;0.40081264052664367
1730782792.310371;/app/bags/user95_2017-02-24.bag;0.834065854549408;0.0;0.9619645476341248;0.0;0.667477245503997;0.5991873594733563;0.40081264052664367
1730782792.5103662;/app/bags/user95_2017-02-24.bag;0.834065854549408;0.0;0.9619645476341248;0.0;0.667477245503997;0.5991873594733563;0.40081264052664367
1730782792.7103937;/app/bags/user95_2017-02-24.bag;0.834065854549408;0.0;0.9619645476341248;0.0;0.667477245503997;0.5991873594733563;0.40081264052664367
1730782792.9104507;/app/bags/user95_2017-02-24.bag;0.834065854549408;0.0;0.9619645476341248;0.0;0.667477245503997;0.5991873594733563;0.40081264052664367
1730782793.1103842;/app/bags/user95_2017-02-24.bag;0.834065854549408;0.0;0.9619645476341248;0.0;0.667477245503997;0.5991873594733563;0.40081264052664367
1730782793.3103745;/app/bags/user95_2017-02-24.bag;0.834065854549408;0.0;0.9619645476341248;0.0;0.667477245503997;0.5991873594733563;0.40081264052664367
1730782793.510419;/app/bags/user95_2017-02-24.bag;0.834065854549408;0.0;0.9619645476341248;0.0;0.667477245503997;0.5991873594733563;0.40081264052664367
1730782793.7104125;/app/bags/user95_2017-02-24.bag;0.834065854549408;0.0;0.9619645476341248;0.0;0.667477245503997;0.5991873594733563;0.40081264052664367
1730782793.9103973;/app/bags/user95_2017-02-24.bag;0.834065854549408;0.0;0.9619645476341248;0.0;0.667477245503997;0.5991873594733563;0.40081264052664367
1730782794.110396;/app/bags/user95_2017-02-24.bag;0.834065854549408;0.0;0.9619645476341248;0.0;0.667477245503997;0.5991873594733563;0.40081264052664367
1730782794.3104267;/app/bags/user95_2017-02-24.bag;0.834065854549408;0.0;0.9619645476341248;0.0;0.667477245503997;0.5991873594733563;0.40081264052664367
1730782794.5104191;/app/bags/user95_2017-02-24.bag;0.834065854549408;0.0;0.9619645476341248;0.0;0.667477245503997;0.5991873594733563;0.40081264052664367
1730782794.7103982;/app/bags/user95_2017-02-24.bag;0.834065854549408;0.0;0.9619645476341248;0.0;0.667477245503997;0.5991873594733563;0.40081264052664367
1730782794.9103923;/app/bags/user95_2017-02-24.bag;0.834065854549408;0.0;0.9619645476341248;0.0;0.667477245503997;0.5991873594733563;0.40081264052664367
1730782795.1103911;/app/bags/user95_2017-02-24.bag;0.834065854549408;0.0;0.9619645476341248;0.0;0.667477245503997;0.5991873594733563;0.40081264052664367
1730782795.3103752;/app/bags/user95_2017-02-24.bag;0.834065854549408;0.0;0.9619645476341248;0.0;0.667477245503997;0.5991873594733563;0.40081264052664367
1730782795.510432;/app/bags/user95_2017-02-24.bag;0.834065854549408;0.0;0.9619645476341248;0.0;0.667477245503997;0.5991873594733563;0.40081264052664367
1730782795.710385;/app/bags/user95_2017-02-24.bag;0.834065854549408;0.0;0.9619645476341248;0.0;0.667477245503997;0.5991873594733563;0.40081264052664367
1730782795.9103851;/app/bags/user95_2017-02-24.bag;0.834065854549408;0.0;0.9619645476341248;0.0;0.667477245503997;0.5991873594733563;0.40081264052664367
1730782796.1103487;/app/bags/user95_2017-02-24.bag;0.834065854549408;0.0;0.9619645476341248;0.0;0.667477245503997;0.5991873594733563;0.40081264052664367
1730782796.310325;/app/bags/user95_2017-02-24.bag;0.834065854549408;0.0;0.9619645476341248;0.0;0.667477245503997;0.5991873594733563;0.40081264052664367
1730782796.5103517;/app/bags/user95_2017-02-24.bag;0.834065854549408;0.0;0.9619645476341248;0.0;0.667477245503997;0.5991873594733563;0.40081264052664367
1730782796.7104342;/app/bags/user95_2017-02-24.bag;0.834065854549408;0.0;0.9619645476341248;0.0;0.667477245503997;0.5991873594733563;0.40081264052664367
1730782796.9104297;/app/bags/user95_2017-02-24.bag;0.834065854549408;0.0;0.9619645476341248;0.0;0.667477245503997;0.5991873594733563;0.40081264052664367
1730782797.110454;/app/bags/user95_2017-02-24.bag;0.834065854549408;0.0;0.9619645476341248;0.0;0.667477245503997;0.5991873594733563;0.40081264052664367
1730782797.310444;/app/bags/user95_2017-02-24.bag;0.834065854549408;0.0;0.9619645476341248;0.0;0.667477245503997;0.5991873594733563;0.40081264052664367
1730782797.510452;/app/bags/user95_2017-02-24.bag;0.834065854549408;0.0;0.9619645476341248;0.0;0.667477245503997;0.5991873594733563;0.40081264052664367
1730782797.710398;/app/bags/user95_2017-02-24.bag;0.834065854549408;0.0;0.9619645476341248;0.0;0.667477245503997;0.5991873594733563;0.40081264052664367
1730782797.9104054;/app/bags/user95_2017-02-24.bag;0.834065854549408;0.0;0.9619645476341248;0.0;0.667477245503997;0.5991873594733563;0.40081264052664367
1730782798.1104095;/app/bags/user95_2017-02-24.bag;0.834065854549408;0.0;0.9619645476341248;0.0;0.667477245503997;0.5991873594733563;0.40081264052664367
1730782798.3104508;/app/bags/user95_2017-02-24.bag;0.834065854549408;0.0;0.9619645476341248;0.0;0.667477245503997;0.5991873594733563;0.40081264052664367
1730782798.5104115;/app/bags/user95_2017-02-24.bag;0.834065854549408;0.0;0.9619645476341248;0.0;0.667477245503997;0.5991873594733563;0.40081264052664367
1730782798.710364;/app/bags/user95_2017-02-24.bag;0.834065854549408;0.0;0.9619645476341248;0.0;0.667477245503997;0.5991873594733563;0.40081264052664367
1730782798.9103718;/app/bags/user95_2017-02-24.bag;0.834065854549408;0.0;0.9619645476341248;0.0;0.667477245503997;0.5991873594733563;0.40081264052664367
1730782799.1103685;/app/bags/user95_2017-02-24.bag;0.834065854549408;0.0;0.9619645476341248;0.0;0.667477245503997;0.5991873594733563;0.40081264052664367
1730782799.3103807;/app/bags/user95_2017-02-24.bag;0.834065854549408;0.0;0.9619645476341248;0.0;0.667477245503997;0.5991873594733563;0.40081264052664367
1730782799.5103872;/app/bags/user95_2017-02-24.bag;0.834065854549408;0.0;0.9619645476341248;0.0;0.667477245503997;0.5991873594733563;0.40081264052664367
1730782799.7104728;/app/bags/user95_2017-02-24.bag;0.834065854549408;0.0;0.9619645476341248;0.0;0.667477245503997;0.5991873594733563;0.40081264052664367
1730782799.9103863;/app/bags/user95_2017-02-24.bag;0.834065854549408;0.0;0.9619645476341248;0.0;0.667477245503997;0.5991873594733563;0.40081264052664367
1730782800.1103587;/app/bags/user95_2017-02-24.bag;0.834065854549408;0.0;0.9619645476341248;0.0;0.667477245503997;0.5991873594733563;0.40081264052664367
1730782800.310385;/app/bags/user95_2017-02-24.bag;0.834065854549408;0.0;0.9619645476341248;0.0;0.667477245503997;0.5991873594733563;0.40081264052664367
1730782800.5103688;/app/bags/user95_2017-02-24.bag;0.834065854549408;0.0;0.9619645476341248;0.0;0.667477245503997;0.5991873594733563;0.40081264052664367
1730782800.7104118;/app/bags/user95_2017-02-24.bag;0.834065854549408;0.0;0.9619645476341248;0.0;0.667477245503997;0.5991873594733563;0.40081264052664367
1730782800.9103858;/app/bags/user95_2017-02-24.bag;0.834065854549408;0.0;0.9619645476341248;0.0;0.667477245503997;0.5991873594733563;0.40081264052664367
1730782801.1104054;/app/bags/user95_2017-02-24.bag;0.834065854549408;0.0;0.9619645476341248;0.0;0.667477245503997;0.5991873594733563;0.40081264052664367
1730782801.3104377;/app/bags/user95_2017-02-24.bag;0.834065854549408;0.0;0.9619645476341248;0.0;0.667477245503997;0.5991873594733563;0.40081264052664367
1730782801.5103693;/app/bags/user95_2017-02-24.bag;0.834065854549408;0.0;0.9619645476341248;0.0;0.667477245503997;0.5991873594733563;0.40081264052664367
1730782801.710219;/app/bags/user95_2017-02-24.bag;0.834065854549408;0.0;0.9619645476341248;0.0;0.667477245503997;0.5991873594733563;0.40081264052664367
1730782801.910375;/app/bags/user95_2017-02-24.bag;0.834065854549408;0.0;0.9619645476341248;0.0;0.667477245503997;0.5991873594733563;0.40081264052664367
1730782802.1103866;/app/bags/user95_2017-02-24.bag;0.834065854549408;0.0;0.9619645476341248;0.0;0.667477245503997;0.5991873594733563;0.40081264052664367
1730782802.3103836;/app/bags/user95_2017-02-24.bag;0.834065854549408;0.0;0.9619645476341248;0.0;0.667477245503997;0.5991873594733563;0.40081264052664367
1730782802.5104396;/app/bags/user95_2017-02-24.bag;0.834065854549408;0.0;0.9619645476341248;0.0;0.667477245503997;0.5991873594733563;0.40081264052664367
1730782802.7104065;/app/bags/user95_2017-02-24.bag;0.834065854549408;0.0;0.9619645476341248;0.0;0.667477245503997;0.5991873594733563;0.40081264052664367
1730782802.910382;/app/bags/user95_2017-02-24.bag;0.834065854549408;0.0;0.9619645476341248;0.0;0.667477245503997;0.5991873594733563;0.40081264052664367
1730782803.1104276;/app/bags/user95_2017-02-24.bag;0.834065854549408;0.0;0.9619645476341248;0.0;0.667477245503997;0.5991873594733563;0.40081264052664367
1730782803.3104465;/app/bags/user95_2017-02-24.bag;0.834065854549408;0.0;0.9619645476341248;0.0;0.667477245503997;0.5991873594733563;0.40081264052664367
1730782803.5103815;/app/bags/user95_2017-02-24.bag;0.834065854549408;0.0;0.9619645476341248;0.0;0.667477245503997;0.5991873594733563;0.40081264052664367
1730782803.7104347;/app/bags/user95_2017-02-24.bag;0.834065854549408;0.0;0.9619645476341248;0.0;0.667477245503997;0.5991873594733563;0.40081264052664367
1730782803.9103465;/app/bags/user95_2017-02-24.bag;0.834065854549408;0.0;0.9619645476341248;0.0;0.667477245503997;0.5991873594733563;0.40081264052664367
1730782804.1103659;/app/bags/user95_2017-02-24.bag;0.834065854549408;0.0;0.9619645476341248;0.0;0.667477245503997;0.5991873594733563;0.40081264052664367
1730782804.3103783;/app/bags/user95_2017-02-24.bag;0.834065854549408;0.0;0.9619645476341248;0.0;0.667477245503997;0.5991873594733563;0.40081264052664367
1730782804.5103865;/app/bags/user95_2017-02-24.bag;0.834065854549408;0.0;0.9619645476341248;0.0;0.667477245503997;0.5991873594733563;0.40081264052664367
1730782804.7104664;/app/bags/user95_2017-02-24.bag;0.834065854549408;0.0;0.9619645476341248;0.0;0.667477245503997;0.5991873594733563;0.40081264052664367
1730782804.9104276;/app/bags/user95_2017-02-24.bag;0.834065854549408;0.0;0.9619645476341248;0.0;0.667477245503997;0.5991873594733563;0.40081264052664367
1730782805.1104019;/app/bags/user95_2017-02-24.bag;0.834065854549408;0.0;0.9619645476341248;0.0;0.667477245503997;0.5991873594733563;0.40081264052664367
1730782805.3103838;/app/bags/user95_2017-02-24.bag;0.834065854549408;0.0;0.9619645476341248;0.0;0.667477245503997;0.5991873594733563;0.40081264052664367
1730782805.510417;/app/bags/user95_2017-02-24.bag;0.834065854549408;0.0;0.9619645476341248;0.0;0.667477245503997;0.5991873594733563;0.40081264052664367
1730782805.710361;/app/bags/user95_2017-02-24.bag;0.834065854549408;0.0;0.9619645476341248;0.0;0.667477245503997;0.5991873594733563;0.40081264052664367
1730782805.9104285;/app/bags/user95_2017-02-24.bag;0.834065854549408;0.0;0.9619645476341248;0.0;0.667477245503997;0.5991873594733563;0.40081264052664367
1730782806.1103842;/app/bags/user95_2017-02-24.bag;0.834065854549408;0.0;0.9619645476341248;0.0;0.667477245503997;0.5991873594733563;0.40081264052664367
1730782806.3104277;/app/bags/user95_2017-02-24.bag;0.834065854549408;0.0;0.9619645476341248;0.0;0.667477245503997;0.5991873594733563;0.40081264052664367
1730782806.5103931;/app/bags/user95_2017-02-24.bag;0.834065854549408;0.0;0.9619645476341248;0.0;0.667477245503997;0.5991873594733563;0.40081264052664367
1730782806.71038;/app/bags/user95_2017-02-24.bag;0.834065854549408;0.0;0.9619645476341248;0.0;0.667477245503997;0.5991873594733563;0.40081264052664367
1730782806.9103942;/app/bags/user95_2017-02-24.bag;0.834065854549408;0.0;0.9619645476341248;0.0;0.667477245503997;0.5991873594733563;0.40081264052664367
1730782807.1103637;/app/bags/user95_2017-02-24.bag;0.834065854549408;0.0;0.9619645476341248;0.0;0.667477245503997;0.5991873594733563;0.40081264052664367
1730782807.310401;/app/bags/user95_2017-02-24.bag;0.834065854549408;0.0;0.9619645476341248;0.0;0.667477245503997;0.5991873594733563;0.40081264052664367
1730782807.510405;/app/bags/user95_2017-02-24.bag;0.834065854549408;0.0;0.9619645476341248;0.0;0.667477245503997;0.5991873594733563;0.40081264052664367
1730782807.7103736;/app/bags/user95_2017-02-24.bag;0.834065854549408;0.0;0.9619645476341248;0.0;0.667477245503997;0.5991873594733563;0.40081264052664367
1730782807.9104412;/app/bags/user95_2017-02-24.bag;0.834065854549408;0.0;0.9619645476341248;0.0;0.667477245503997;0.5991873594733563;0.40081264052664367
1730782808.1103766;/app/bags/user95_2017-02-24.bag;0.834065854549408;0.0;0.9619645476341248;0.0;0.667477245503997;0.5991873594733563;0.40081264052664367
1730782808.3103797;/app/bags/user95_2017-02-24.bag;0.834065854549408;0.0;0.9619645476341248;0.0;0.667477245503997;0.5991873594733563;0.40081264052664367
1730782808.5104172;/app/bags/user95_2017-02-24.bag;0.834065854549408;0.0;0.9619645476341248;0.0;0.667477245503997;0.5991873594733563;0.40081264052664367
1730782808.7103834;/app/bags/user95_2017-02-24.bag;0.834065854549408;0.0;0.9619645476341248;0.0;0.667477245503997;0.5991873594733563;0.40081264052664367
1730782808.9104035;/app/bags/user95_2017-02-24.bag;0.834065854549408;0.0;0.9619645476341248;0.0;0.667477245503997;0.5991873594733563;0.40081264052664367
1730782809.1104195;/app/bags/user95_2017-02-24.bag;0.834065854549408;0.0;0.9619645476341248;0.0;0.667477245503997;0.5991873594733563;0.40081264052664367
1730782809.3103652;/app/bags/user95_2017-02-24.bag;0.834065854549408;0.0;0.9619645476341248;0.0;0.667477245503997;0.5991873594733563;0.40081264052664367
1730782809.5103765;/app/bags/user95_2017-02-24.bag;0.834065854549408;0.0;0.9619645476341248;0.0;0.667477245503997;0.5991873594733563;0.40081264052664367
1730782809.7103875;/app/bags/user95_2017-02-24.bag;0.834065854549408;0.0;0.9619645476341248;0.0;0.667477245503997;0.5991873594733563;0.40081264052664367
1730782809.910393;/app/bags/user95_2017-02-24.bag;0.834065854549408;0.0;0.9619645476341248;0.0;0.667477245503997;0.5991873594733563;0.40081264052664367
1730782810.1103945;/app/bags/user95_2017-02-24.bag;0.834065854549408;0.0;0.9619645476341248;0.0;0.667477245503997;0.5991873594733563;0.40081264052664367
1730782810.3103848;/app/bags/user95_2017-02-24.bag;0.834065854549408;0.0;0.9619645476341248;0.0;0.667477245503997;0.5991873594733563;0.40081264052664367
1730782810.5104325;/app/bags/user95_2017-02-24.bag;0.834065854549408;0.0;0.9619645476341248;0.0;0.667477245503997;0.5991873594733563;0.40081264052664367
1730782810.710412;/app/bags/user95_2017-02-24.bag;0.834065854549408;0.0;0.9619645476341248;0.0;0.667477245503997;0.5991873594733563;0.40081264052664367
1730782810.9103844;/app/bags/user95_2017-02-24.bag;0.834065854549408;0.0;0.9619645476341248;0.0;0.667477245503997;0.5991873594733563;0.40081264052664367
1730782811.11038;/app/bags/user95_2017-02-24.bag;0.834065854549408;0.0;0.9619645476341248;0.0;0.667477245503997;0.5991873594733563;0.40081264052664367
1730782811.3104675;/app/bags/user95_2017-02-24.bag;0.834065854549408;0.0;0.9619645476341248;0.0;0.667477245503997;0.5991873594733563;0.40081264052664367
1730782811.5103981;/app/bags/user95_2017-02-24.bag;0.834065854549408;0.0;0.9619645476341248;0.0;0.667477245503997;0.5991873594733563;0.40081264052664367
1730782811.7103596;/app/bags/user95_2017-02-24.bag;0.834065854549408;0.0;0.9619645476341248;0.0;0.667477245503997;0.5991873594733563;0.40081264052664367
1730782811.910366;/app/bags/user95_2017-02-24.bag;0.834065854549408;0.0;0.9619645476341248;0.0;0.667477245503997;0.5991873594733563;0.40081264052664367
1730782812.1104317;/app/bags/user95_2017-02-24.bag;0.834065854549408;0.0;0.9619645476341248;0.0;0.667477245503997;0.5991873594733563;0.40081264052664367
1730782812.3103652;/app/bags/user95_2017-02-24.bag;0.834065854549408;0.0;0.9619645476341248;0.0;0.667477245503997;0.5991873594733563;0.40081264052664367
1730782812.5104423;/app/bags/user95_2017-02-24.bag;0.834065854549408;0.0;0.9619645476341248;0.0;0.667477245503997;0.5991873594733563;0.40081264052664367
1730782812.710396;/app/bags/user95_2017-02-24.bag;0.834065854549408;0.0;0.9619645476341248;0.0;0.667477245503997;0.5991873594733563;0.40081264052664367
1730782812.9103837;/app/bags/user95_2017-02-24.bag;0.834065854549408;0.0;0.9619645476341248;0.0;0.667477245503997;0.5991873594733563;0.40081264052664367
1730782813.1104217;/app/bags/user95_2017-02-24.bag;0.834065854549408;0.0;0.9619645476341248;0.0;0.667477245503997;0.5991873594733563;0.40081264052664367
1730782813.3103864;/app/bags/user95_2017-02-24.bag;0.834065854549408;0.0;0.9619645476341248;0.0;0.667477245503997;0.5991873594733563;0.40081264052664367
1730782813.5105348;/app/bags/user95_2017-02-24.bag;0.834065854549408;0.0;0.9619645476341248;0.0;0.667477245503997;0.5991873594733563;0.40081264052664367
1730782813.7103922;/app/bags/user95_2017-02-24.bag;0.834065854549408;0.0;0.9619645476341248;0.0;0.667477245503997;0.5991873594733563;0.40081264052664367
1730782813.910381;/app/bags/user95_2017-02-24.bag;0.834065854549408;0.0;0.9619645476341248;0.0;0.667477245503997;0.5991873594733563;0.40081264052664367
1730782814.1103573;/app/bags/user95_2017-02-24.bag;0.834065854549408;0.0;0.9619645476341248;0.0;0.667477245503997;0.5991873594733563;0.40081264052664367
1730782814.3103604;/app/bags/user95_2017-02-24.bag;0.834065854549408;0.0;0.9619645476341248;0.0;0.667477245503997;0.5991873594733563;0.40081264052664367
1730782814.510389;/app/bags/user95_2017-02-24.bag;0.834065854549408;0.0;0.9619645476341248;0.0;0.667477245503997;0.5991873594733563;0.40081264052664367
1730782814.7103896;/app/bags/user95_2017-02-24.bag;0.834065854549408;0.0;0.9619645476341248;0.0;0.667477245503997;0.5991873594733563;0.40081264052664367
1730782814.910416;/app/bags/user95_2017-02-24.bag;0.834065854549408;0.0;0.9619645476341248;0.0;0.667477245503997;0.5991873594733563;0.40081264052664367
1730782815.1103916;/app/bags/user95_2017-02-24.bag;0.834065854549408;0.0;0.9619645476341248;0.0;0.667477245503997;0.5991873594733563;0.40081264052664367
1730782815.310385;/app/bags/user95_2017-02-24.bag;0.834065854549408;0.0;0.9619645476341248;0.0;0.667477245503997;0.5991873594733563;0.40081264052664367
1730782815.5103683;/app/bags/user95_2017-02-24.bag;0.834065854549408;0.0;0.9619645476341248;0.0;0.667477245503997;0.5991873594733563;0.40081264052664367
1730782815.710463;/app/bags/user95_2017-02-24.bag;0.834065854549408;0.0;0.9619645476341248;0.0;0.667477245503997;0.5991873594733563;0.40081264052664367
1730782815.9103997;/app/bags/user95_2017-02-24.bag;0.834065854549408;0.0;0.9619645476341248;0.0;0.667477245503997;0.5991873594733563;0.40081264052664367
1730782816.1103728;/app/bags/user95_2017-02-24.bag;0.834065854549408;0.0;0.9619645476341248;0.0;0.667477245503997;0.5991873594733563;0.40081264052664367
1730782816.3104115;/app/bags/user95_2017-02-24.bag;0.834065854549408;0.0;0.9619645476341248;0.0;0.667477245503997;0.5991873594733563;0.40081264052664367
1730782816.5104272;/app/bags/user95_2017-02-24.bag;0.834065854549408;0.0;0.9619645476341248;0.0;0.667477245503997;0.5991873594733563;0.40081264052664367
1730782816.7103848;/app/bags/user95_2017-02-24.bag;0.834065854549408;0.0;0.9619645476341248;0.0;0.667477245503997;0.5991873594733563;0.40081264052664367
1730782816.9103749;/app/bags/user95_2017-02-24.bag;0.834065854549408;0.0;0.9619645476341248;0.0;0.667477245503997;0.5991873594733563;0.40081264052664367
1730782817.110398;/app/bags/user95_2017-02-24.bag;0.834065854549408;0.0;0.9619645476341248;0.0;0.667477245503997;0.5991873594733563;0.40081264052664367
1730782817.3104072;/app/bags/user95_2017-02-24.bag;0.834065854549408;0.0;0.9619645476341248;0.0;0.667477245503997;0.5991873594733563;0.40081264052664367
1730782817.5103757;/app/bags/user95_2017-02-24.bag;0.834065854549408;0.0;0.9619645476341248;0.0;0.667477245503997;0.5991873594733563;0.40081264052664367
1730782817.7103744;/app/bags/user95_2017-02-24.bag;0.834065854549408;0.0;0.9619645476341248;0.0;0.667477245503997;0.5991873594733563;0.40081264052664367
1730782817.9103842;/app/bags/user95_2017-02-24.bag;0.834065854549408;0.0;0.9619645476341248;0.0;0.667477245503997;0.5991873594733563;0.40081264052664367
1730782818.1104808;/app/bags/user95_2017-02-24.bag;0.834065854549408;0.0;0.9619645476341248;0.0;0.667477245503997;0.5991873594733563;0.40081264052664367
1730782818.3105032;/app/bags/user95_2017-02-24.bag;0.834065854549408;0.0;0.9619645476341248;0.0;0.667477245503997;0.5991873594733563;0.40081264052664367
1730782818.5104136;/app/bags/user95_2017-02-24.bag;0.834065854549408;0.0;0.9619645476341248;0.0;0.667477245503997;0.5991873594733563;0.40081264052664367
1730782818.7104132;/app/bags/user95_2017-02-24.bag;0.834065854549408;0.0;0.9619645476341248;0.0;0.667477245503997;0.5991873594733563;0.40081264052664367
1730782818.9103987;/app/bags/user95_2017-02-24.bag;0.834065854549408;0.0;0.9619645476341248;0.0;0.667477245503997;0.5991873594733563;0.40081264052664367
1730782819.1104245;/app/bags/user95_2017-02-24.bag;0.834065854549408;0.0;0.9619645476341248;0.0;0.667477245503997;0.5991873594733563;0.40081264052664367
1730782819.3106277;/app/bags/user95_2017-02-24.bag;0.834065854549408;0.0;0.9619645476341248;0.0;0.667477245503997;0.5991873594733563;0.40081264052664367
1730782819.5104122;/app/bags/user95_2017-02-24.bag;0.834065854549408;0.0;0.9619645476341248;0.0;0.667477245503997;0.5991873594733563;0.40081264052664367
1730782819.7103987;/app/bags/user95_2017-02-24.bag;0.834065854549408;0.0;0.9619645476341248;0.0;0.667477245503997;0.5991873594733563;0.40081264052664367
1730782819.9104238;/app/bags/user95_2017-02-24.bag;0.834065854549408;0.0;0.9619645476341248;0.0;0.667477245503997;0.5991873594733563;0.40081264052664367
1730782820.1104062;/app/bags/user95_2017-02-24.bag;0.834065854549408;0.0;0.9619645476341248;0.0;0.667477245503997;0.5991873594733563;0.40081264052664367
1730782820.310393;/app/bags/user95_2017-02-24.bag;0.834065854549408;0.0;0.9619645476341248;0.0;0.667477245503997;0.5991873594733563;0.40081264052664367
1730782820.5103981;/app/bags/user95_2017-02-24.bag;0.834065854549408;0.0;0.9619645476341248;0.0;0.667477245503997;0.5991873594733563;0.40081264052664367
1730782820.7103863;/app/bags/user95_2017-02-24.bag;0.834065854549408;0.0;0.9619645476341248;0.0;0.667477245503997;0.5991873594733563;0.40081264052664367
1730782820.9104228;/app/bags/user95_2017-02-24.bag;0.834065854549408;0.0;0.9619645476341248;0.0;0.667477245503997;0.5991873594733563;0.40081264052664367
1730782821.110362;/app/bags/user95_2017-02-24.bag;0.834065854549408;0.0;0.9619645476341248;0.0;0.667477245503997;0.5991873594733563;0.40081264052664367
1730782821.3103926;/app/bags/user95_2017-02-24.bag;0.834065854549408;0.0;0.9619645476341248;0.0;0.667477245503997;0.5991873594733563;0.40081264052664367
1730782821.5104015;/app/bags/user95_2017-02-24.bag;0.834065854549408;0.0;0.9619645476341248;0.0;0.667477245503997;0.5991873594733563;0.40081264052664367
1730782821.7104049;/app/bags/user95_2017-02-24.bag;0.834065854549408;0.0;0.9619645476341248;0.0;0.667477245503997;0.5991873594733563;0.40081264052664367
1730782821.9103808;/app/bags/user95_2017-02-24.bag;0.834065854549408;0.0;0.9619645476341248;0.0;0.667477245503997;0.5991873594733563;0.40081264052664367
1730782822.110534;/app/bags/user95_2017-02-24.bag;0.834065854549408;0.0;0.9619645476341248;0.0;0.667477245503997;0.5991873594733563;0.40081264052664367
1730782822.3104434;/app/bags/user95_2017-02-24.bag;0.834065854549408;0.0;0.9619645476341248;0.0;0.667477245503997;0.5991873594733563;0.40081264052664367
1730782822.510443;/app/bags/user95_2017-02-24.bag;0.834065854549408;0.0;0.9619645476341248;0.0;0.667477245503997;0.5991873594733563;0.40081264052664367
1730782822.7104306;/app/bags/user95_2017-02-24.bag;0.834065854549408;0.0;0.9619645476341248;0.0;0.667477245503997;0.5991873594733563;0.40081264052664367
1730782822.9104311;/app/bags/user95_2017-02-24.bag;0.834065854549408;0.0;0.9619645476341248;0.0;0.667477245503997;0.5991873594733563;0.40081264052664367
1730782823.1103914;/app/bags/user95_2017-02-24.bag;0.834065854549408;0.0;0.9619645476341248;0.0;0.667477245503997;0.5991873594733563;0.40081264052664367
1730782823.3104298;/app/bags/user95_2017-02-24.bag;0.834065854549408;0.0;0.9619645476341248;0.0;0.667477245503997;0.5991873594733563;0.40081264052664367
1730782823.5103867;/app/bags/user95_2017-02-24.bag;0.834065854549408;0.0;0.9619645476341248;0.0;0.667477245503997;0.5991873594733563;0.40081264052664367
1730782823.7103968;/app/bags/user95_2017-02-24.bag;0.834065854549408;0.0;0.9619645476341248;0.0;0.667477245503997;0.5991873594733563;0.40081264052664367
1730782823.9104033;/app/bags/user95_2017-02-24.bag;0.834065854549408;0.0;0.9619645476341248;0.0;0.667477245503997;0.5991873594733563;0.40081264052664367
1730782824.1104114;/app/bags/user95_2017-02-24.bag;0.834065854549408;0.0;0.9619645476341248;0.0;0.667477245503997;0.5991873594733563;0.40081264052664367
1730782824.3103902;/app/bags/user95_2017-02-24.bag;0.834065854549408;0.0;0.9619645476341248;0.0;0.667477245503997;0.5991873594733563;0.40081264052664367
1730782824.5103898;/app/bags/user95_2017-02-24.bag;0.834065854549408;0.0;0.9619645476341248;0.0;0.667477245503997;0.5991873594733563;0.40081264052664367
1730782824.7104156;/app/bags/user95_2017-02-24.bag;0.834065854549408;0.0;0.9619645476341248;0.0;0.667477245503997;0.5991873594733563;0.40081264052664367
1730782824.910421;/app/bags/user95_2017-02-24.bag;0.834065854549408;0.0;0.9619645476341248;0.0;0.667477245503997;0.5991873594733563;0.40081264052664367
1730782825.1103883;/app/bags/user95_2017-02-24.bag;0.834065854549408;0.0;0.9619645476341248;0.0;0.667477245503997;0.5991873594733563;0.40081264052664367
1730782825.3103797;/app/bags/user95_2017-02-24.bag;0.834065854549408;0.0;0.9619645476341248;0.0;0.667477245503997;0.5991873594733563;0.40081264052664367
1730782825.5103872;/app/bags/user95_2017-02-24.bag;0.834065854549408;0.0;0.9619645476341248;0.0;0.667477245503997;0.5991873594733563;0.40081264052664367
1730782825.7103868;/app/bags/user95_2017-02-24.bag;0.834065854549408;0.0;0.9619645476341248;0.0;0.667477245503997;0.5991873594733563;0.40081264052664367
1730782825.9103947;/app/bags/user95_2017-02-24.bag;0.834065854549408;0.0;0.9619645476341248;0.0;0.667477245503997;0.5991873594733563;0.40081264052664367
1730782826.1105525;/app/bags/user95_2017-02-24.bag;0.834065854549408;0.0;0.9619645476341248;0.0;0.667477245503997;0.5991873594733563;0.40081264052664367
1730782826.3103743;/app/bags/user95_2017-02-24.bag;0.834065854549408;0.0;0.9619645476341248;0.0;0.667477245503997;0.5991873594733563;0.40081264052664367
1730782826.5104144;/app/bags/user95_2017-02-24.bag;0.834065854549408;0.0;0.9619645476341248;0.0;0.667477245503997;0.5991873594733563;0.40081264052664367
1730782826.7103794;/app/bags/user95_2017-02-24.bag;0.834065854549408;0.0;0.9619645476341248;0.0;0.667477245503997;0.5991873594733563;0.40081264052664367
1730782826.9103806;/app/bags/user95_2017-02-24.bag;0.834065854549408;0.0;0.9619645476341248;0.0;0.667477245503997;0.5991873594733563;0.40081264052664367
1730782827.1103828;/app/bags/user95_2017-02-24.bag;0.834065854549408;0.0;0.9619645476341248;0.0;0.667477245503997;0.5991873594733563;0.40081264052664367
1730782827.3103783;/app/bags/user95_2017-02-24.bag;0.834065854549408;0.0;0.9619645476341248;0.0;0.667477245503997;0.5991873594733563;0.40081264052664367
1730782827.5103822;/app/bags/user95_2017-02-24.bag;0.834065854549408;0.0;0.9619645476341248;0.0;0.667477245503997;0.5991873594733563;0.40081264052664367
1730782827.7104273;/app/bags/user95_2017-02-24.bag;0.834065854549408;0.0;0.9619645476341248;0.0;0.667477245503997;0.5991873594733563;0.40081264052664367
1730782827.9103825;/app/bags/user95_2017-02-24.bag;0.834065854549408;0.0;0.9619645476341248;0.0;0.667477245503997;0.5991873594733563;0.40081264052664367
1730782828.1103904;/app/bags/user95_2017-02-24.bag;0.834065854549408;0.0;0.9619645476341248;0.0;0.667477245503997;0.5991873594733563;0.40081264052664367
1730782828.3104057;/app/bags/user95_2017-02-24.bag;0.834065854549408;0.0;0.9619645476341248;0.0;0.667477245503997;0.5991873594733563;0.40081264052664367
1730782828.5104215;/app/bags/user95_2017-02-24.bag;0.834065854549408;0.0;0.9619645476341248;0.0;0.667477245503997;0.5991873594733563;0.40081264052664367
1730782828.7104342;/app/bags/user95_2017-02-24.bag;0.834065854549408;0.0;0.9619645476341248;0.0;0.667477245503997;0.5991873594733563;0.40081264052664367
1730782828.9104028;/app/bags/user95_2017-02-24.bag;0.834065854549408;0.0;0.9619645476341248;0.0;0.667477245503997;0.5991873594733563;0.40081264052664367
1730782829.1104217;/app/bags/user95_2017-02-24.bag;0.834065854549408;0.0;0.9619645476341248;0.0;0.667477245503997;0.5991873594733563;0.40081264052664367
1730782829.3102272;/app/bags/user95_2017-02-24.bag;0.834065854549408;0.0;0.9619645476341248;0.0;0.667477245503997;0.5991873594733563;0.40081264052664367
1730782829.510391;/app/bags/user95_2017-02-24.bag;0.834065854549408;0.0;0.9619645476341248;0.0;0.667477245503997;0.5991873594733563;0.40081264052664367
1730782829.710394;/app/bags/user95_2017-02-24.bag;0.834065854549408;0.0;0.9619645476341248;0.0;0.667477245503997;0.5991873594733563;0.40081264052664367
1730782829.9103677;/app/bags/user95_2017-02-24.bag;0.834065854549408;0.0;0.9619645476341248;0.0;0.667477245503997;0.5991873594733563;0.40081264052664367
1730782830.1104543;/app/bags/user95_2017-02-24.bag;0.834065854549408;0.0;0.9619645476341248;0.0;0.667477245503997;0.5991873594733563;0.40081264052664367
1730782830.3103704;/app/bags/user95_2017-02-24.bag;0.834065854549408;0.0;0.9619645476341248;0.0;0.667477245503997;0.5991873594733563;0.40081264052664367
1730782830.5103824;/app/bags/user95_2017-02-24.bag;0.834065854549408;0.0;0.9619645476341248;0.0;0.667477245503997;0.5991873594733563;0.40081264052664367
1730782830.7103891;/app/bags/user95_2017-02-24.bag;0.834065854549408;0.0;0.9619645476341248;0.0;0.667477245503997;0.5991873594733563;0.40081264052664367
1730782830.9104168;/app/bags/user95_2017-02-24.bag;0.834065854549408;0.0;0.9619645476341248;0.0;0.667477245503997;0.5991873594733563;0.40081264052664367
1730782831.110396;/app/bags/user95_2017-02-24.bag;0.834065854549408;0.0;0.9619645476341248;0.0;0.667477245503997;0.5991873594733563;0.40081264052664367
1730782831.3103805;/app/bags/user95_2017-02-24.bag;0.834065854549408;0.0;0.9619645476341248;0.0;0.667477245503997;0.5991873594733563;0.40081264052664367
1730782831.5103812;/app/bags/user95_2017-02-24.bag;0.834065854549408;0.0;0.9619645476341248;0.0;0.667477245503997;0.5991873594733563;0.40081264052664367
1730782831.7104383;/app/bags/user95_2017-02-24.bag;0.834065854549408;0.0;0.9619645476341248;0.0;0.667477245503997;0.5991873594733563;0.40081264052664367
1730782831.91038;/app/bags/user95_2017-02-24.bag;0.834065854549408;0.0;0.9619645476341248;0.0;0.667477245503997;0.5991873594733563;0.40081264052664367
1730782832.1103818;/app/bags/user95_2017-02-24.bag;0.834065854549408;0.0;0.9619645476341248;0.0;0.667477245503997;0.5991873594733563;0.40081264052664367
1730782832.310373;/app/bags/user95_2017-02-24.bag;0.834065854549408;0.0;0.9619645476341248;0.0;0.667477245503997;0.5991873594733563;0.40081264052664367
1730782832.5103977;/app/bags/user95_2017-02-24.bag;0.834065854549408;0.0;0.9619645476341248;0.0;0.667477245503997;0.5991873594733563;0.40081264052664367
1730782832.7104123;/app/bags/user95_2017-02-24.bag;0.834065854549408;0.0;0.9619645476341248;0.0;0.667477245503997;0.5991873594733563;0.40081264052664367
1730782832.910381;/app/bags/user95_2017-02-24.bag;0.834065854549408;0.0;0.9619645476341248;0.0;0.667477245503997;0.5991873594733563;0.40081264052664367
1730782833.110381;/app/bags/user95_2017-02-24.bag;0.834065854549408;0.0;0.9619645476341248;0.0;0.667477245503997;0.5991873594733563;0.40081264052664367
1730782833.310451;/app/bags/user95_2017-02-24.bag;0.834065854549408;0.0;0.9619645476341248;0.0;0.667477245503997;0.5991873594733563;0.40081264052664367
1730782833.5103827;/app/bags/user95_2017-02-24.bag;0.834065854549408;0.0;0.9619645476341248;0.0;0.667477245503997;0.5991873594733563;0.40081264052664367
1730782833.7103927;/app/bags/user95_2017-02-24.bag;0.834065854549408;0.0;0.9619645476341248;0.0;0.667477245503997;0.5991873594733563;0.40081264052664367
1730782833.9103825;/app/bags/user95_2017-02-24.bag;0.834065854549408;0.0;0.9619645476341248;0.0;0.667477245503997;0.5991873594733563;0.40081264052664367
1730782834.1104019;/app/bags/user95_2017-02-24.bag;0.834065854549408;0.0;0.9619645476341248;0.0;0.667477245503997;0.5991873594733563;0.40081264052664367
1730782834.310433;/app/bags/user95_2017-02-24.bag;0.834065854549408;0.0;0.9619645476341248;0.0;0.667477245503997;0.5991873594733563;0.40081264052664367
1730782834.510397;/app/bags/user95_2017-02-24.bag;0.834065854549408;0.0;0.9619645476341248;0.0;0.667477245503997;0.5991873594733563;0.40081264052664367
1730782834.710398;/app/bags/user95_2017-02-24.bag;0.834065854549408;0.0;0.9619645476341248;0.0;0.667477245503997;0.5991873594733563;0.40081264052664367
1730782834.9103782;/app/bags/user95_2017-02-24.bag;0.834065854549408;0.0;0.9619645476341248;0.0;0.667477245503997;0.5991873594733563;0.40081264052664367
1730782835.1104407;/app/bags/user95_2017-02-24.bag;0.834065854549408;0.0;0.9619645476341248;0.0;0.667477245503997;0.5991873594733563;0.40081264052664367
1730782835.3103635;/app/bags/user95_2017-02-24.bag;0.834065854549408;0.0;0.9619645476341248;0.0;0.667477245503997;0.5991873594733563;0.40081264052664367
1730782835.5104294;/app/bags/user95_2017-02-24.bag;0.834065854549408;0.0;0.9619645476341248;0.0;0.667477245503997;0.5991873594733563;0.40081264052664367
1730782835.710392;/app/bags/user95_2017-02-24.bag;0.834065854549408;0.0;0.9619645476341248;0.0;0.667477245503997;0.5991873594733563;0.40081264052664367
1730782835.9104054;/app/bags/user95_2017-02-24.bag;0.834065854549408;0.0;0.9619645476341248;0.0;0.667477245503997;0.5991873594733563;0.40081264052664367
1730782836.1103845;/app/bags/user95_2017-02-24.bag;0.834065854549408;0.0;0.9619645476341248;0.0;0.667477245503997;0.5991873594733563;0.40081264052664367
1730782836.3103566;/app/bags/user95_2017-02-24.bag;0.834065854549408;0.0;0.9619645476341248;0.0;0.667477245503997;0.5991873594733563;0.40081264052664367
1730782836.5104535;/app/bags/user95_2017-02-24.bag;0.834065854549408;0.0;0.9619645476341248;0.0;0.667477245503997;0.5991873594733563;0.40081264052664367
1730782836.710409;/app/bags/user95_2017-02-24.bag;0.834065854549408;0.0;0.9619645476341248;0.0;0.667477245503997;0.5991873594733563;0.40081264052664367
1730782836.910415;/app/bags/user95_2017-02-24.bag;0.834065854549408;0.0;0.9619645476341248;0.0;0.667477245503997;0.5991873594733563;0.40081264052664367
1730782837.1103806;/app/bags/user95_2017-02-24.bag;0.834065854549408;0.0;0.9619645476341248;0.0;0.667477245503997;0.5991873594733563;0.40081264052664367
1730782837.3103838;/app/bags/user95_2017-02-24.bag;0.834065854549408;0.0;0.9619645476341248;0.0;0.667477245503997;0.5991873594733563;0.40081264052664367
1730782837.5103593;/app/bags/user95_2017-02-24.bag;0.834065854549408;0.0;0.9619645476341248;0.0;0.667477245503997;0.5991873594733563;0.40081264052664367
1730782837.7104025;/app/bags/user95_2017-02-24.bag;0.834065854549408;0.0;0.9619645476341248;0.0;0.667477245503997;0.5991873594733563;0.40081264052664367
1730782837.910435;/app/bags/user95_2017-02-24.bag;0.834065854549408;0.0;0.9619645476341248;0.0;0.667477245503997;0.5991873594733563;0.40081264052664367
1730782838.1103933;/app/bags/user95_2017-02-24.bag;0.834065854549408;0.0;0.9619645476341248;0.0;0.667477245503997;0.5991873594733563;0.40081264052664367
1730782838.3103666;/app/bags/user95_2017-02-24.bag;0.834065854549408;0.0;0.9619645476341248;0.0;0.667477245503997;0.5991873594733563;0.40081264052664367
1730782838.5104299;/app/bags/user95_2017-02-24.bag;0.834065854549408;0.0;0.9619645476341248;0.0;0.667477245503997;0.5991873594733563;0.40081264052664367
1730782838.710387;/app/bags/user95_2017-02-24.bag;0.834065854549408;0.0;0.9619645476341248;0.0;0.667477245503997;0.5991873594733563;0.40081264052664367
1730782838.9103694;/app/bags/user95_2017-02-24.bag;0.834065854549408;0.0;0.9619645476341248;0.0;0.667477245503997;0.5991873594733563;0.40081264052664367
1730782839.1103568;/app/bags/user95_2017-02-24.bag;0.834065854549408;0.0;0.9619645476341248;0.0;0.667477245503997;0.5991873594733563;0.40081264052664367
1730782839.3103564;/app/bags/user95_2017-02-24.bag;0.834065854549408;0.0;0.9619645476341248;0.0;0.667477245503997;0.5991873594733563;0.40081264052664367
1730782839.510419;/app/bags/user95_2017-02-24.bag;0.834065854549408;0.0;0.9619645476341248;0.0;0.667477245503997;0.5991873594733563;0.40081264052664367
1730782839.7103734;/app/bags/user95_2017-02-24.bag;0.834065854549408;0.0;0.9619645476341248;0.0;0.667477245503997;0.5991873594733563;0.40081264052664367
1730782839.9104128;/app/bags/user95_2017-02-24.bag;0.834065854549408;0.0;0.9619645476341248;0.0;0.667477245503997;0.5991873594733563;0.40081264052664367
1730782840.110392;/app/bags/user95_2017-02-24.bag;0.834065854549408;0.0;0.9619645476341248;0.0;0.667477245503997;0.5991873594733563;0.40081264052664367
1730782840.310364;/app/bags/user95_2017-02-24.bag;0.834065854549408;0.0;0.9619645476341248;0.0;0.667477245503997;0.5991873594733563;0.40081264052664367
1730782840.5105257;/app/bags/user95_2017-02-24.bag;0.834065854549408;0.0;0.9619645476341248;0.0;0.667477245503997;0.5991873594733563;0.40081264052664367
1730782840.7103887;/app/bags/user95_2017-02-24.bag;0.834065854549408;0.0;0.9619645476341248;0.0;0.667477245503997;0.5991873594733563;0.40081264052664367
1730782840.9104512;/app/bags/user95_2017-02-24.bag;0.834065854549408;0.0;0.9619645476341248;0.0;0.667477245503997;0.5991873594733563;0.40081264052664367
1730782841.1103716;/app/bags/user95_2017-02-24.bag;0.834065854549408;0.0;0.9619645476341248;0.0;0.667477245503997;0.5991873594733563;0.40081264052664367
1730782841.310405;/app/bags/user95_2017-02-24.bag;0.834065854549408;0.0;0.9619645476341248;0.0;0.667477245503997;0.5991873594733563;0.40081264052664367
1730782841.5103724;/app/bags/user95_2017-02-24.bag;0.834065854549408;0.0;0.9619645476341248;0.0;0.667477245503997;0.5991873594733563;0.40081264052664367
1730782841.7104037;/app/bags/user95_2017-02-24.bag;0.834065854549408;0.0;0.9619645476341248;0.0;0.667477245503997;0.5991873594733563;0.40081264052664367
1730782841.9104514;/app/bags/user95_2017-02-24.bag;0.834065854549408;0.0;0.9619645476341248;0.0;0.667477245503997;0.5991873594733563;0.40081264052664367
1730782842.1103852;/app/bags/user95_2017-02-24.bag;0.834065854549408;0.0;0.9619645476341248;0.0;0.667477245503997;0.5991873594733563;0.40081264052664367
1730782842.3104076;/app/bags/user95_2017-02-24.bag;0.834065854549408;0.0;0.9619645476341248;0.0;0.667477245503997;0.5991873594733563;0.40081264052664367
1730782842.510394;/app/bags/user95_2017-02-24.bag;0.834065854549408;0.0;0.9619645476341248;0.0;0.667477245503997;0.5991873594733563;0.40081264052664367
1730782842.7104034;/app/bags/user95_2017-02-24.bag;0.834065854549408;0.0;0.9619645476341248;0.0;0.667477245503997;0.5991873594733563;0.40081264052664367
1730782842.910375;/app/bags/user95_2017-02-24.bag;0.834065854549408;0.0;0.9619645476341248;0.0;0.667477245503997;0.5991873594733563;0.40081264052664367
1730782843.11039;/app/bags/user95_2017-02-24.bag;0.834065854549408;0.0;0.9619645476341248;0.0;0.667477245503997;0.5991873594733563;0.40081264052664367
1730782843.3103485;/app/bags/user95_2017-02-24.bag;0.834065854549408;0.0;0.9619645476341248;0.0;0.667477245503997;0.5991873594733563;0.40081264052664367
1730782843.5103962;/app/bags/user95_2017-02-24.bag;0.834065854549408;0.0;0.9619645476341248;0.0;0.667477245503997;0.5991873594733563;0.40081264052664367
1730782843.710434;/app/bags/user95_2017-02-24.bag;0.834065854549408;0.0;0.9619645476341248;0.0;0.667477245503997;0.5991873594733563;0.40081264052664367
1730782843.9103858;/app/bags/user95_2017-02-24.bag;0.834065854549408;0.0;0.9619645476341248;0.0;0.667477245503997;0.5991873594733563;0.40081264052664367
1730782844.110393;/app/bags/user95_2017-02-24.bag;0.834065854549408;0.0;0.9619645476341248;0.0;0.667477245503997;0.5991873594733563;0.40081264052664367
1730782844.3103666;/app/bags/user95_2017-02-24.bag;0.834065854549408;0.0;0.9619645476341248;0.0;0.667477245503997;0.5991873594733563;0.40081264052664367
1730782844.5104332;/app/bags/user95_2017-02-24.bag;0.834065854549408;0.0;0.9619645476341248;0.0;0.667477245503997;0.5991873594733563;0.40081264052664367
1730782844.7103844;/app/bags/user95_2017-02-24.bag;0.834065854549408;0.0;0.9619645476341248;0.0;0.667477245503997;0.5991873594733563;0.40081264052664367
1730782844.9103732;/app/bags/user95_2017-02-24.bag;0.834065854549408;0.0;0.9619645476341248;0.0;0.667477245503997;0.5991873594733563;0.40081264052664367
1730782845.1103747;/app/bags/user95_2017-02-24.bag;0.834065854549408;0.0;0.9619645476341248;0.0;0.667477245503997;0.5991873594733563;0.40081264052664367
1730782845.3103886;/app/bags/user95_2017-02-24.bag;0.834065854549408;0.0;0.9619645476341248;0.0;0.667477245503997;0.5991873594733563;0.40081264052664367
1730782845.510435;/app/bags/user95_2017-02-24.bag;0.834065854549408;0.0;0.9619645476341248;0.0;0.667477245503997;0.5991873594733563;0.40081264052664367
1730782845.7103813;/app/bags/user95_2017-02-24.bag;0.834065854549408;0.0;0.9619645476341248;0.0;0.667477245503997;0.5991873594733563;0.40081264052664367
1730782845.9104059;/app/bags/user95_2017-02-24.bag;0.834065854549408;0.0;0.9619645476341248;0.0;0.667477245503997;0.5991873594733563;0.40081264052664367
1730782846.1103854;/app/bags/user95_2017-02-24.bag;0.834065854549408;0.0;0.9619645476341248;0.0;0.667477245503997;0.5991873594733563;0.40081264052664367
1730782846.3103614;/app/bags/user95_2017-02-24.bag;0.834065854549408;0.0;0.9619645476341248;0.0;0.667477245503997;0.5991873594733563;0.40081264052664367
1730782846.5103889;/app/bags/user95_2017-02-24.bag;0.834065854549408;0.0;0.9619645476341248;0.0;0.667477245503997;0.5991873594733563;0.40081264052664367
1730782846.7104065;/app/bags/user95_2017-02-24.bag;0.834065854549408;0.0;0.9619645476341248;0.0;0.667477245503997;0.5991873594733563;0.40081264052664367
1730782846.910394;/app/bags/user95_2017-02-24.bag;0.834065854549408;0.0;0.9619645476341248;0.0;0.667477245503997;0.5991873594733563;0.40081264052664367
1730782847.110376;/app/bags/user95_2017-02-24.bag;0.834065854549408;0.0;0.9619645476341248;0.0;0.667477245503997;0.5991873594733563;0.40081264052664367
1730782847.3103666;/app/bags/user95_2017-02-24.bag;0.834065854549408;0.0;0.9619645476341248;0.0;0.667477245503997;0.5991873594733563;0.40081264052664367
1730782847.510386;/app/bags/user95_2017-02-24.bag;0.834065854549408;0.0;0.9619645476341248;0.0;0.667477245503997;0.5991873594733563;0.40081264052664367
1730782847.7103822;/app/bags/user95_2017-02-24.bag;0.834065854549408;0.0;0.9619645476341248;0.0;0.667477245503997;0.5991873594733563;0.40081264052664367
1730782847.9104166;/app/bags/user95_2017-02-24.bag;0.834065854549408;0.0;0.9619645476341248;0.0;0.667477245503997;0.5991873594733563;0.40081264052664367
1730782848.110448;/app/bags/user95_2017-02-24.bag;0.834065854549408;0.0;0.9619645476341248;0.0;0.667477245503997;0.5991873594733563;0.40081264052664367
1730782848.3103976;/app/bags/user95_2017-02-24.bag;0.834065854549408;0.0;0.9619645476341248;0.0;0.667477245503997;0.5991873594733563;0.40081264052664367
1730782848.5103567;/app/bags/user95_2017-02-24.bag;0.834065854549408;0.0;0.9619645476341248;0.0;0.667477245503997;0.5991873594733563;0.40081264052664367
1730782848.7104406;/app/bags/user95_2017-02-24.bag;0.834065854549408;0.0;0.9619645476341248;0.0;0.667477245503997;0.5991873594733563;0.40081264052664367
1730782848.9103868;/app/bags/user95_2017-02-24.bag;0.834065854549408;0.0;0.9619645476341248;0.0;0.667477245503997;0.5991873594733563;0.40081264052664367
1730782849.1103883;/app/bags/user95_2017-02-24.bag;0.834065854549408;0.0;0.9619645476341248;0.0;0.667477245503997;0.5991873594733563;0.40081264052664367
1730782849.3103757;/app/bags/user95_2017-02-24.bag;0.834065854549408;0.0;0.9619645476341248;0.0;0.667477245503997;0.5991873594733563;0.40081264052664367
1730782849.5104463;/app/bags/user95_2017-02-24.bag;0.834065854549408;0.0;0.9619645476341248;0.0;0.667477245503997;0.5991873594733563;0.40081264052664367
1730782849.7103732;/app/bags/user95_2017-02-24.bag;0.834065854549408;0.0;0.9619645476341248;0.0;0.667477245503997;0.5991873594733563;0.40081264052664367
1730782849.9103746;/app/bags/user95_2017-02-24.bag;0.834065854549408;0.0;0.9619645476341248;0.0;0.667477245503997;0.5991873594733563;0.40081264052664367
1730782850.1104212;/app/bags/user95_2017-02-24.bag;0.834065854549408;0.0;0.9619645476341248;0.0;0.667477245503997;0.5991873594733563;0.40081264052664367
1730782850.3104224;/app/bags/user95_2017-02-24.bag;0.834065854549408;0.0;0.9619645476341248;0.0;0.667477245503997;0.5991873594733563;0.40081264052664367
1730782850.5104203;/app/bags/user95_2017-02-24.bag;0.834065854549408;0.0;0.9619645476341248;0.0;0.667477245503997;0.5991873594733563;0.40081264052664367
1730782850.7103758;/app/bags/user95_2017-02-24.bag;0.834065854549408;0.0;0.9619645476341248;0.0;0.667477245503997;0.5991873594733563;0.40081264052664367
1730782850.9103925;/app/bags/user95_2017-02-24.bag;0.834065854549408;0.0;0.9619645476341248;0.0;0.667477245503997;0.5991873594733563;0.40081264052664367
1730782851.110393;/app/bags/user95_2017-02-24.bag;0.834065854549408;0.0;0.9619645476341248;0.0;0.667477245503997;0.5991873594733563;0.40081264052664367
1730782851.310379;/app/bags/user95_2017-02-24.bag;0.834065854549408;0.0;0.9619645476341248;0.0;0.667477245503997;0.5991873594733563;0.40081264052664367
1730782851.5103793;/app/bags/user95_2017-02-24.bag;0.834065854549408;0.0;0.9619645476341248;0.0;0.667477245503997;0.5991873594733563;0.40081264052664367
1730782851.710355;/app/bags/user95_2017-02-24.bag;0.834065854549408;0.0;0.9619645476341248;0.0;0.667477245503997;0.5991873594733563;0.40081264052664367
1730782851.910451;/app/bags/user95_2017-02-24.bag;0.834065854549408;0.0;0.9619645476341248;0.0;0.667477245503997;0.5991873594733563;0.40081264052664367
1730782852.1105309;/app/bags/user95_2017-02-24.bag;0.834065854549408;0.0;0.9619645476341248;0.0;0.667477245503997;0.5991873594733563;0.40081264052664367
1730782852.310485;/app/bags/user95_2017-02-24.bag;0.834065854549408;0.0;0.9619645476341248;0.0;0.667477245503997;0.5991873594733563;0.40081264052664367
1730782852.5104184;/app/bags/user95_2017-02-24.bag;0.834065854549408;0.0;0.9619645476341248;0.0;0.667477245503997;0.5991873594733563;0.40081264052664367
1730782852.7103992;/app/bags/user95_2017-02-24.bag;0.834065854549408;0.0;0.9619645476341248;0.0;0.667477245503997;0.5991873594733563;0.40081264052664367
1730782852.9104137;/app/bags/user95_2017-02-24.bag;0.834065854549408;0.0;0.9619645476341248;0.0;0.667477245503997;0.5991873594733563;0.40081264052664367
1730782853.1104004;/app/bags/user95_2017-02-24.bag;0.834065854549408;0.0;0.9619645476341248;0.0;0.667477245503997;0.5991873594733563;0.40081264052664367
1730782853.3104205;/app/bags/user95_2017-02-24.bag;0.834065854549408;0.0;0.9619645476341248;0.0;0.667477245503997;0.5991873594733563;0.40081264052664367
1730782853.5103807;/app/bags/user95_2017-02-24.bag;0.834065854549408;0.0;0.9619645476341248;0.0;0.667477245503997;0.5991873594733563;0.40081264052664367
1730782853.7104075;/app/bags/user95_2017-02-24.bag;0.834065854549408;0.0;0.9619645476341248;0.0;0.667477245503997;0.5991873594733563;0.40081264052664367
1730782853.9103773;/app/bags/user95_2017-02-24.bag;0.834065854549408;0.0;0.9619645476341248;0.0;0.667477245503997;0.5991873594733563;0.40081264052664367
1730782854.1104107;/app/bags/user95_2017-02-24.bag;0.834065854549408;0.0;0.9619645476341248;0.0;0.667477245503997;0.5991873594733563;0.40081264052664367
1730782854.3103745;/app/bags/user95_2017-02-24.bag;0.834065854549408;0.0;0.9619645476341248;0.0;0.667477245503997;0.5991873594733563;0.40081264052664367
1730782854.5104306;/app/bags/user95_2017-02-24.bag;0.834065854549408;0.0;0.9619645476341248;0.0;0.667477245503997;0.5991873594733563;0.40081264052664367
1730782854.7103827;/app/bags/user95_2017-02-24.bag;0.834065854549408;0.0;0.9619645476341248;0.0;0.667477245503997;0.5991873594733563;0.40081264052664367
1730782854.9103909;/app/bags/user95_2017-02-24.bag;0.834065854549408;0.0;0.9619645476341248;0.0;0.667477245503997;0.5991873594733563;0.40081264052664367
1730782855.1105204;/app/bags/user95_2017-02-24.bag;0.834065854549408;0.0;0.9619645476341248;0.0;0.667477245503997;0.5991873594733563;0.40081264052664367
1730782855.31037;/app/bags/user95_2017-02-24.bag;0.834065854549408;0.0;0.9619645476341248;0.0;0.667477245503997;0.5991873594733563;0.40081264052664367
1730782855.5103953;/app/bags/user95_2017-02-24.bag;0.834065854549408;0.0;0.9619645476341248;0.0;0.667477245503997;0.5991873594733563;0.40081264052664367
1730782855.7104392;/app/bags/user95_2017-02-24.bag;0.834065854549408;0.0;0.9619645476341248;0.0;0.667477245503997;0.5991873594733563;0.40081264052664367
1730782855.9103816;/app/bags/user95_2017-02-24.bag;0.834065854549408;0.0;0.9619645476341248;0.0;0.667477245503997;0.5991873594733563;0.40081264052664367
1730782856.1103778;/app/bags/user95_2017-02-24.bag;0.834065854549408;0.0;0.9619645476341248;0.0;0.667477245503997;0.5991873594733563;0.40081264052664367
1730782856.3103666;/app/bags/user95_2017-02-24.bag;0.834065854549408;0.0;0.9619645476341248;0.0;0.667477245503997;0.5991873594733563;0.40081264052664367
1730782856.5103803;/app/bags/user95_2017-02-24.bag;0.834065854549408;0.0;0.9619645476341248;0.0;0.667477245503997;0.5991873594733563;0.40081264052664367
1730782856.7103882;/app/bags/user95_2017-02-24.bag;0.834065854549408;0.0;0.9619645476341248;0.0;0.667477245503997;0.5991873594733563;0.40081264052664367
1730782856.9103887;/app/bags/user95_2017-02-24.bag;0.834065854549408;0.0;0.9619645476341248;0.0;0.667477245503997;0.5991873594733563;0.40081264052664367
1730782857.1103723;/app/bags/user95_2017-02-24.bag;0.834065854549408;0.0;0.9619645476341248;0.0;0.667477245503997;0.5991873594733563;0.40081264052664367
1730782857.3103795;/app/bags/user95_2017-02-24.bag;0.834065854549408;0.0;0.9619645476341248;0.0;0.667477245503997;0.5991873594733563;0.40081264052664367
1730782857.510393;/app/bags/user95_2017-02-24.bag;0.834065854549408;0.0;0.9619645476341248;0.0;0.667477245503997;0.5991873594733563;0.40081264052664367
1730782857.7103713;/app/bags/user95_2017-02-24.bag;0.834065854549408;0.0;0.9619645476341248;0.0;0.667477245503997;0.5991873594733563;0.40081264052664367
1730782857.910402;/app/bags/user95_2017-02-24.bag;0.834065854549408;0.0;0.9619645476341248;0.0;0.667477245503997;0.5991873594733563;0.40081264052664367
1730782858.110376;/app/bags/user95_2017-02-24.bag;0.834065854549408;0.0;0.9619645476341248;0.0;0.667477245503997;0.5991873594733563;0.40081264052664367
1730782858.3103995;/app/bags/user95_2017-02-24.bag;0.834065854549408;0.0;0.9619645476341248;0.0;0.667477245503997;0.5991873594733563;0.40081264052664367
1730782858.510397;/app/bags/user95_2017-02-24.bag;0.834065854549408;0.0;0.9619645476341248;0.0;0.667477245503997;0.5991873594733563;0.40081264052664367
1730782858.710524;/app/bags/user95_2017-02-24.bag;0.834065854549408;0.0;0.9619645476341248;0.0;0.667477245503997;0.5991873594733563;0.40081264052664367
1730782858.9103932;/app/bags/user95_2017-02-24.bag;0.834065854549408;0.0;0.9619645476341248;0.0;0.667477245503997;0.5991873594733563;0.40081264052664367
1730782859.1103616;/app/bags/user95_2017-02-24.bag;0.834065854549408;0.0;0.9619645476341248;0.0;0.667477245503997;0.5991873594733563;0.40081264052664367
1730782859.310405;/app/bags/user95_2017-02-24.bag;0.834065854549408;0.0;0.9619645476341248;0.0;0.667477245503997;0.5991873594733563;0.40081264052664367
1730782859.5103462;/app/bags/user95_2017-02-24.bag;0.834065854549408;0.0;0.9619645476341248;0.0;0.667477245503997;0.5991873594733563;0.40081264052664367
1730782859.7103972;/app/bags/user95_2017-02-24.bag;0.834065854549408;0.0;0.9619645476341248;0.0;0.667477245503997;0.5991873594733563;0.40081264052664367
1730782859.9103246;/app/bags/user95_2017-02-24.bag;0.834065854549408;0.0;0.9619645476341248;0.0;0.667477245503997;0.5991873594733563;0.40081264052664367
1730782860.110398;/app/bags/user95_2017-02-24.bag;0.834065854549408;0.0;0.9619645476341248;0.0;0.667477245503997;0.5991873594733563;0.40081264052664367
1730782860.3103714;/app/bags/user95_2017-02-24.bag;0.834065854549408;0.0;0.9619645476341248;0.0;0.667477245503997;0.5991873594733563;0.40081264052664367
1730782860.510418;/app/bags/user95_2017-02-24.bag;0.834065854549408;0.0;0.9619645476341248;0.0;0.667477245503997;0.5991873594733563;0.40081264052664367
1730782860.7103498;/app/bags/user95_2017-02-24.bag;0.834065854549408;0.0;0.9619645476341248;0.0;0.667477245503997;0.5991873594733563;0.40081264052664367
1730782860.9103432;/app/bags/user95_2017-02-24.bag;0.834065854549408;0.0;0.9619645476341248;0.0;0.667477245503997;0.5991873594733563;0.40081264052664367
1730782861.1103926;/app/bags/user95_2017-02-24.bag;0.834065854549408;0.0;0.9619645476341248;0.0;0.667477245503997;0.5991873594733563;0.40081264052664367
1730782861.310407;/app/bags/user95_2017-02-24.bag;0.834065854549408;0.0;0.9619645476341248;0.0;0.667477245503997;0.5991873594733563;0.40081264052664367
1730782861.5103865;/app/bags/user95_2017-02-24.bag;0.834065854549408;0.0;0.9619645476341248;0.0;0.667477245503997;0.5991873594733563;0.40081264052664367
1730782861.7103717;/app/bags/user95_2017-02-24.bag;0.834065854549408;0.0;0.9619645476341248;0.0;0.667477245503997;0.5991873594733563;0.40081264052664367
1730782861.9104273;/app/bags/user95_2017-02-24.bag;0.834065854549408;0.0;0.9619645476341248;0.0;0.667477245503997;0.5991873594733563;0.40081264052664367
1730782862.1103935;/app/bags/user95_2017-02-24.bag;0.834065854549408;0.0;0.9619645476341248;0.0;0.667477245503997;0.5991873594733563;0.40081264052664367
1730782862.3104517;/app/bags/user95_2017-02-24.bag;0.834065854549408;0.0;0.9619645476341248;0.0;0.667477245503997;0.5991873594733563;0.40081264052664367
1730782862.5103943;/app/bags/user95_2017-02-24.bag;0.834065854549408;0.0;0.9619645476341248;0.0;0.667477245503997;0.5991873594733563;0.40081264052664367
1730782862.7103996;/app/bags/user95_2017-02-24.bag;0.834065854549408;0.0;0.9619645476341248;0.0;0.667477245503997;0.5991873594733563;0.40081264052664367
1730782862.9103765;/app/bags/user95_2017-02-24.bag;0.834065854549408;0.0;0.9619645476341248;0.0;0.667477245503997;0.5991873594733563;0.40081264052664367
1730782863.1103354;/app/bags/user95_2017-02-24.bag;0.834065854549408;0.0;0.9619645476341248;0.0;0.667477245503997;0.5991873594733563;0.40081264052664367
1730782863.3103442;/app/bags/user95_2017-02-24.bag;0.834065854549408;0.0;0.9619645476341248;0.0;0.667477245503997;0.5991873594733563;0.40081264052664367
1730782863.510391;/app/bags/user95_2017-02-24.bag;0.834065854549408;0.0;0.9619645476341248;0.0;0.667477245503997;0.5991873594733563;0.40081264052664367
1730782863.710391;/app/bags/user95_2017-02-24.bag;0.834065854549408;0.0;0.9619645476341248;0.0;0.667477245503997;0.5991873594733563;0.40081264052664367
1730782863.9104764;/app/bags/user95_2017-02-24.bag;0.834065854549408;0.0;0.9619645476341248;0.0;0.667477245503997;0.5991873594733563;0.40081264052664367
1730782864.110399;/app/bags/user95_2017-02-24.bag;0.834065854549408;0.0;0.9619645476341248;0.0;0.667477245503997;0.5991873594733563;0.40081264052664367
1730782864.310417;/app/bags/user95_2017-02-24.bag;0.834065854549408;0.0;0.9619645476341248;0.0;0.667477245503997;0.5991873594733563;0.40081264052664367
1730782864.5103834;/app/bags/user95_2017-02-24.bag;0.834065854549408;0.0;0.9619645476341248;0.0;0.667477245503997;0.5991873594733563;0.40081264052664367
1730782864.7104037;/app/bags/user95_2017-02-24.bag;0.834065854549408;0.0;0.9619645476341248;0.0;0.667477245503997;0.5991873594733563;0.40081264052664367
1730782864.9103937;/app/bags/user95_2017-02-24.bag;0.834065854549408;0.0;0.9619645476341248;0.0;0.667477245503997;0.5991873594733563;0.40081264052664367
1730782865.1103895;/app/bags/user95_2017-02-24.bag;0.834065854549408;0.0;0.9619645476341248;0.0;0.667477245503997;0.5991873594733563;0.40081264052664367
1730782865.3103626;/app/bags/user95_2017-02-24.bag;0.834065854549408;0.0;0.9619645476341248;0.0;0.667477245503997;0.5991873594733563;0.40081264052664367
1730782865.510428;/app/bags/user95_2017-02-24.bag;0.834065854549408;0.0;0.9619645476341248;0.0;0.667477245503997;0.5991873594733563;0.40081264052664367
1730782865.7104213;/app/bags/user95_2017-02-24.bag;0.834065854549408;0.0;0.9619645476341248;0.0;0.667477245503997;0.5991873594733563;0.40081264052664367
1730782865.9103992;/app/bags/user95_2017-02-24.bag;0.834065854549408;0.0;0.9619645476341248;0.0;0.667477245503997;0.5991873594733563;0.40081264052664367
1730782866.1103902;/app/bags/user95_2017-02-24.bag;0.834065854549408;0.0;0.9619645476341248;0.0;0.667477245503997;0.5991873594733563;0.40081264052664367
1730782866.310383;/app/bags/user95_2017-02-24.bag;0.834065854549408;0.0;0.9619645476341248;0.0;0.667477245503997;0.5991873594733563;0.40081264052664367
1730782866.51048;/app/bags/user95_2017-02-24.bag;0.834065854549408;0.0;0.9619645476341248;0.0;0.667477245503997;0.5991873594733563;0.40081264052664367
1730782866.7104077;/app/bags/user95_2017-02-24.bag;0.834065854549408;0.0;0.9619645476341248;0.0;0.667477245503997;0.5991873594733563;0.40081264052664367
1730782866.910388;/app/bags/user95_2017-02-24.bag;0.834065854549408;0.0;0.9619645476341248;0.0;0.667477245503997;0.5991873594733563;0.40081264052664367
1730782867.1103716;/app/bags/user95_2017-02-24.bag;0.834065854549408;0.0;0.9619645476341248;0.0;0.667477245503997;0.5991873594733563;0.40081264052664367
1730782867.3103662;/app/bags/user95_2017-02-24.bag;0.834065854549408;0.0;0.9619645476341248;0.0;0.667477245503997;0.5991873594733563;0.40081264052664367
1730782867.510371;/app/bags/user95_2017-02-24.bag;0.834065854549408;0.0;0.9619645476341248;0.0;0.667477245503997;0.5991873594733563;0.40081264052664367
1730782867.7104576;/app/bags/user95_2017-02-24.bag;0.834065854549408;0.0;0.9619645476341248;0.0;0.667477245503997;0.5991873594733563;0.40081264052664367
1730782867.9104135;/app/bags/user95_2017-02-24.bag;0.834065854549408;0.0;0.9619645476341248;0.0;0.667477245503997;0.5991873594733563;0.40081264052664367
1730782868.1104436;/app/bags/user95_2017-02-24.bag;0.834065854549408;0.0;0.9619645476341248;0.0;0.667477245503997;0.5991873594733563;0.40081264052664367
1730782868.3103802;/app/bags/user95_2017-02-24.bag;0.834065854549408;0.0;0.9619645476341248;0.0;0.667477245503997;0.5991873594733563;0.40081264052664367
1730782868.5103776;/app/bags/user95_2017-02-24.bag;0.834065854549408;0.0;0.9619645476341248;0.0;0.667477245503997;0.5991873594733563;0.40081264052664367
1730782868.7103777;/app/bags/user95_2017-02-24.bag;0.834065854549408;0.0;0.9619645476341248;0.0;0.667477245503997;0.5991873594733563;0.40081264052664367
1730782868.9103644;/app/bags/user95_2017-02-24.bag;0.834065854549408;0.0;0.9619645476341248;0.0;0.667477245503997;0.5991873594733563;0.40081264052664367
1730782869.1103666;/app/bags/user95_2017-02-24.bag;0.834065854549408;0.0;0.9619645476341248;0.0;0.667477245503997;0.5991873594733563;0.40081264052664367
1730782869.3104548;/app/bags/user95_2017-02-24.bag;0.834065854549408;0.0;0.9619645476341248;0.0;0.667477245503997;0.5991873594733563;0.40081264052664367
1730782869.5103912;/app/bags/user95_2017-02-24.bag;0.834065854549408;0.0;0.9619645476341248;0.0;0.667477245503997;0.5991873594733563;0.40081264052664367
1730782869.7104294;/app/bags/user95_2017-02-24.bag;0.834065854549408;0.0;0.9619645476341248;0.0;0.667477245503997;0.5991873594733563;0.40081264052664367
1730782869.9103572;/app/bags/user95_2017-02-24.bag;0.834065854549408;0.0;0.9619645476341248;0.0;0.667477245503997;0.5991873594733563;0.40081264052664367
1730782870.1103795;/app/bags/user95_2017-02-24.bag;0.834065854549408;0.0;0.9619645476341248;0.0;0.667477245503997;0.5991873594733563;0.40081264052664367
1730782870.3103917;/app/bags/user95_2017-02-24.bag;0.834065854549408;0.0;0.9619645476341248;0.0;0.667477245503997;0.5991873594733563;0.40081264052664367
1730782870.5104554;/app/bags/user95_2017-02-24.bag;0.834065854549408;0.0;0.9619645476341248;0.0;0.667477245503997;0.5991873594733563;0.40081264052664367
1730782870.7104447;/app/bags/user95_2017-02-24.bag;0.834065854549408;0.0;0.9619645476341248;0.0;0.667477245503997;0.5991873594733563;0.40081264052664367
1730782870.9104567;/app/bags/user95_2017-02-24.bag;0.834065854549408;0.0;0.9619645476341248;0.0;0.667477245503997;0.5991873594733563;0.40081264052664367
1730782871.1104007;/app/bags/user95_2017-02-24.bag;0.834065854549408;0.0;0.9619645476341248;0.0;0.667477245503997;0.5991873594733563;0.40081264052664367
1730782871.3104873;/app/bags/user95_2017-02-24.bag;0.834065854549408;0.0;0.9619645476341248;0.0;0.667477245503997;0.5991873594733563;0.40081264052664367
1730782871.5104275;/app/bags/user95_2017-02-24.bag;0.834065854549408;0.0;0.9619645476341248;0.0;0.667477245503997;0.5991873594733563;0.40081264052664367
1730782871.7104893;/app/bags/user95_2017-02-24.bag;0.834065854549408;0.0;0.9619645476341248;0.0;0.667477245503997;0.5991873594733563;0.40081264052664367
1730782871.9103904;/app/bags/user95_2017-02-24.bag;0.834065854549408;0.0;0.9619645476341248;0.0;0.667477245503997;0.5991873594733563;0.40081264052664367
1730782872.110421;/app/bags/user95_2017-02-24.bag;0.834065854549408;0.0;0.9619645476341248;0.0;0.667477245503997;0.5991873594733563;0.40081264052664367
1730782872.310423;/app/bags/user95_2017-02-24.bag;0.834065854549408;0.0;0.9619645476341248;0.0;0.667477245503997;0.5991873594733563;0.40081264052664367
1730782872.510393;/app/bags/user95_2017-02-24.bag;0.834065854549408;0.0;0.9619645476341248;0.0;0.667477245503997;0.5991873594733563;0.40081264052664367
1730782872.710371;/app/bags/user95_2017-02-24.bag;0.834065854549408;0.0;0.9619645476341248;0.0;0.667477245503997;0.5991873594733563;0.40081264052664367
1730782872.9103825;/app/bags/user95_2017-02-24.bag;0.834065854549408;0.0;0.9619645476341248;0.0;0.667477245503997;0.5991873594733563;0.40081264052664367
1730782873.1103692;/app/bags/user95_2017-02-24.bag;0.834065854549408;0.0;0.9619645476341248;0.0;0.667477245503997;0.5991873594733563;0.40081264052664367
1730782873.3103719;/app/bags/user95_2017-02-24.bag;0.834065854549408;0.0;0.9619645476341248;0.0;0.667477245503997;0.5991873594733563;0.40081264052664367
1730782873.5103939;/app/bags/user95_2017-02-24.bag;0.834065854549408;0.0;0.9619645476341248;0.0;0.667477245503997;0.5991873594733563;0.40081264052664367
1730782873.7104092;/app/bags/user95_2017-02-24.bag;0.834065854549408;0.0;0.9619645476341248;0.0;0.667477245503997;0.5991873594733563;0.40081264052664367
1730782873.910364;/app/bags/user95_2017-02-24.bag;0.834065854549408;0.0;0.9619645476341248;0.0;0.667477245503997;0.5991873594733563;0.40081264052664367
1730782874.1103754;/app/bags/user95_2017-02-24.bag;0.834065854549408;0.0;0.9619645476341248;0.0;0.667477245503997;0.5991873594733563;0.40081264052664367
1730782874.3103607;/app/bags/user95_2017-02-24.bag;0.834065854549408;0.0;0.9619645476341248;0.0;0.667477245503997;0.5991873594733563;0.40081264052664367
1730782874.510401;/app/bags/user95_2017-02-24.bag;0.834065854549408;0.0;0.9619645476341248;0.0;0.667477245503997;0.5991873594733563;0.40081264052664367
1730782874.7104368;/app/bags/user95_2017-02-24.bag;0.834065854549408;0.0;0.9619645476341248;0.0;0.667477245503997;0.5991873594733563;0.40081264052664367
1730782874.910398;/app/bags/user95_2017-02-24.bag;0.834065854549408;0.0;0.9619645476341248;0.0;0.667477245503997;0.5991873594733563;0.40081264052664367
1730782875.1103916;/app/bags/user95_2017-02-24.bag;0.834065854549408;0.0;0.9619645476341248;0.0;0.667477245503997;0.5991873594733563;0.40081264052664367
1730782875.310401;/app/bags/user95_2017-02-24.bag;0.834065854549408;0.0;0.9619645476341248;0.0;0.667477245503997;0.5991873594733563;0.40081264052664367
1730782875.5103948;/app/bags/user95_2017-02-24.bag;0.834065854549408;0.0;0.9619645476341248;0.0;0.667477245503997;0.5991873594733563;0.40081264052664367
1730782875.7104058;/app/bags/user95_2017-02-24.bag;0.834065854549408;0.0;0.9619645476341248;0.0;0.667477245503997;0.5991873594733563;0.40081264052664367
1730782875.910388;/app/bags/user95_2017-02-24.bag;0.834065854549408;0.0;0.9619645476341248;0.0;0.667477245503997;0.5991873594733563;0.40081264052664367
1730782876.1104143;/app/bags/user95_2017-02-24.bag;0.834065854549408;0.0;0.9619645476341248;0.0;0.667477245503997;0.5991873594733563;0.40081264052664367
1730782876.3104405;/app/bags/user95_2017-02-24.bag;0.834065854549408;0.0;0.9619645476341248;0.0;0.667477245503997;0.5991873594733563;0.40081264052664367
1730782876.5104082;/app/bags/user95_2017-02-24.bag;0.834065854549408;0.0;0.9619645476341248;0.0;0.667477245503997;0.5991873594733563;0.40081264052664367
1730782876.71043;/app/bags/user95_2017-02-24.bag;0.834065854549408;0.0;0.9619645476341248;0.0;0.667477245503997;0.5991873594733563;0.40081264052664367
1730782876.9103475;/app/bags/user95_2017-02-24.bag;0.834065854549408;0.0;0.9619645476341248;0.0;0.667477245503997;0.5991873594733563;0.40081264052664367
1730782877.110369;/app/bags/user95_2017-02-24.bag;0.834065854549408;0.0;0.9619645476341248;0.0;0.667477245503997;0.5991873594733563;0.40081264052664367
1730782877.3104389;/app/bags/user95_2017-02-24.bag;0.834065854549408;0.0;0.9619645476341248;0.0;0.667477245503997;0.5991873594733563;0.40081264052664367
1730782877.5103495;/app/bags/user95_2017-02-24.bag;0.834065854549408;0.0;0.9619645476341248;0.0;0.667477245503997;0.5991873594733563;0.40081264052664367
1730782877.7104235;/app/bags/user95_2017-02-24.bag;0.834065854549408;0.0;0.9619645476341248;0.0;0.667477245503997;0.5991873594733563;0.40081264052664367
1730782877.910375;/app/bags/user95_2017-02-24.bag;0.834065854549408;0.0;0.9619645476341248;0.0;0.667477245503997;0.5991873594733563;0.40081264052664367
1730782878.110449;/app/bags/user95_2017-02-24.bag;0.834065854549408;0.0;0.9619645476341248;0.0;0.667477245503997;0.5991873594733563;0.40081264052664367
1730782878.310399;/app/bags/user95_2017-02-24.bag;0.834065854549408;0.0;0.9619645476341248;0.0;0.667477245503997;0.5991873594733563;0.40081264052664367
1730782878.5104291;/app/bags/user95_2017-02-24.bag;0.834065854549408;0.0;0.9619645476341248;0.0;0.667477245503997;0.5991873594733563;0.40081264052664367
1730782878.7103467;/app/bags/user95_2017-02-24.bag;0.834065854549408;0.0;0.9619645476341248;0.0;0.667477245503997;0.5991873594733563;0.40081264052664367
1730782878.9103663;/app/bags/user95_2017-02-24.bag;0.834065854549408;0.0;0.9619645476341248;0.0;0.667477245503997;0.5991873594733563;0.40081264052664367
1730782879.110464;/app/bags/user95_2017-02-24.bag;0.834065854549408;0.0;0.9619645476341248;0.0;0.667477245503997;0.5991873594733563;0.40081264052664367
1730782879.3103964;/app/bags/user95_2017-02-24.bag;0.834065854549408;0.0;0.9619645476341248;0.0;0.667477245503997;0.5991873594733563;0.40081264052664367
1730782879.5103822;/app/bags/user95_2017-02-24.bag;0.834065854549408;0.0;0.9619645476341248;0.0;0.667477245503997;0.5991873594733563;0.40081264052664367
1730782879.710422;/app/bags/user95_2017-02-24.bag;0.834065854549408;0.0;0.9619645476341248;0.0;0.667477245503997;0.5991873594733563;0.40081264052664367
1730782879.9103742;/app/bags/user95_2017-02-24.bag;0.834065854549408;0.0;0.9619645476341248;0.0;0.667477245503997;0.5991873594733563;0.40081264052664367
1730782880.1103945;/app/bags/user95_2017-02-24.bag;0.834065854549408;0.0;0.9619645476341248;0.0;0.667477245503997;0.5991873594733563;0.40081264052664367
1730782880.3103783;/app/bags/user95_2017-02-24.bag;0.834065854549408;0.0;0.9619645476341248;0.0;0.667477245503997;0.5991873594733563;0.40081264052664367
1730782880.5103776;/app/bags/user95_2017-02-24.bag;0.834065854549408;0.0;0.9619645476341248;0.0;0.667477245503997;0.5991873594733563;0.40081264052664367
1730782880.7104244;/app/bags/user95_2017-02-24.bag;0.834065854549408;0.0;0.9619645476341248;0.0;0.667477245503997;0.5991873594733563;0.40081264052664367
1730782880.9103749;/app/bags/user95_2017-02-24.bag;0.834065854549408;0.0;0.9619645476341248;0.0;0.667477245503997;0.5991873594733563;0.40081264052664367
1730782881.1104267;/app/bags/user95_2017-02-24.bag;0.834065854549408;0.0;0.9619645476341248;0.0;0.667477245503997;0.5991873594733563;0.40081264052664367
1730782881.3105896;/app/bags/user95_2017-02-24.bag;0.834065854549408;0.0;0.9619645476341248;0.0;0.667477245503997;0.5991873594733563;0.40081264052664367
1730782881.510359;/app/bags/user95_2017-02-24.bag;0.834065854549408;0.0;0.9619645476341248;0.0;0.667477245503997;0.5991873594733563;0.40081264052664367
1730782881.7104323;/app/bags/user95_2017-02-24.bag;0.834065854549408;0.0;0.9619645476341248;0.0;0.667477245503997;0.5991873594733563;0.40081264052664367
1730782881.9103835;/app/bags/user95_2017-02-24.bag;0.834065854549408;0.0;0.9619645476341248;0.0;0.667477245503997;0.5991873594733563;0.40081264052664367
1730782882.1103811;/app/bags/user95_2017-02-24.bag;0.834065854549408;0.0;0.9619645476341248;0.0;0.667477245503997;0.5991873594733563;0.40081264052664367
1730782882.3103943;/app/bags/user95_2017-02-24.bag;0.834065854549408;0.0;0.9619645476341248;0.0;0.667477245503997;0.5991873594733563;0.40081264052664367
1730782882.5104563;/app/bags/user95_2017-02-24.bag;0.834065854549408;0.0;0.9619645476341248;0.0;0.667477245503997;0.5991873594733563;0.40081264052664367
1730782882.7103703;/app/bags/user95_2017-02-24.bag;0.834065854549408;0.0;0.9619645476341248;0.0;0.667477245503997;0.5991873594733563;0.40081264052664367
1730782882.9104028;/app/bags/user95_2017-02-24.bag;0.834065854549408;0.0;0.9619645476341248;0.0;0.667477245503997;0.5991873594733563;0.40081264052664367
1730782883.110383;/app/bags/user95_2017-02-24.bag;0.834065854549408;0.0;0.9619645476341248;0.0;0.667477245503997;0.5991873594733563;0.40081264052664367
1730782883.3103936;/app/bags/user95_2017-02-24.bag;0.834065854549408;0.0;0.9619645476341248;0.0;0.667477245503997;0.5991873594733563;0.40081264052664367
1730782883.5104194;/app/bags/user95_2017-02-24.bag;0.834065854549408;0.0;0.9619645476341248;0.0;0.667477245503997;0.5991873594733563;0.40081264052664367
1730782883.710402;/app/bags/user95_2017-02-24.bag;0.834065854549408;0.0;0.9619645476341248;0.0;0.667477245503997;0.5991873594733563;0.40081264052664367
1730782883.910388;/app/bags/user95_2017-02-24.bag;0.834065854549408;0.0;0.9619645476341248;0.0;0.667477245503997;0.5991873594733563;0.40081264052664367
1730782884.1103683;/app/bags/user95_2017-02-24.bag;0.834065854549408;0.0;0.9619645476341248;0.0;0.667477245503997;0.5991873594733563;0.40081264052664367
1730782884.3103993;/app/bags/user95_2017-02-24.bag;0.834065854549408;0.0;0.9619645476341248;0.0;0.667477245503997;0.5991873594733563;0.40081264052664367
1730782884.5103767;/app/bags/user95_2017-02-24.bag;0.834065854549408;0.0;0.9619645476341248;0.0;0.667477245503997;0.5991873594733563;0.40081264052664367
1730782884.7104142;/app/bags/user95_2017-02-24.bag;0.834065854549408;0.0;0.9619645476341248;0.0;0.667477245503997;0.5991873594733563;0.40081264052664367
1730782884.9104548;/app/bags/user95_2017-02-24.bag;0.834065854549408;0.0;0.9619645476341248;0.0;0.667477245503997;0.5991873594733563;0.40081264052664367
1730782885.1104577;/app/bags/user95_2017-02-24.bag;0.834065854549408;0.0;0.9619645476341248;0.0;0.667477245503997;0.5991873594733563;0.40081264052664367
1730782885.3103511;/app/bags/user95_2017-02-24.bag;0.834065854549408;0.0;0.9619645476341248;0.0;0.667477245503997;0.5991873594733563;0.40081264052664367
1730782885.5103393;/app/bags/user95_2017-02-24.bag;0.834065854549408;0.0;0.9619645476341248;0.0;0.667477245503997;0.5991873594733563;0.40081264052664367
1730782885.710414;/app/bags/user95_2017-02-24.bag;0.834065854549408;0.0;0.9619645476341248;0.0;0.667477245503997;0.5991873594733563;0.40081264052664367
1730782885.910425;/app/bags/user95_2017-02-24.bag;0.834065854549408;0.0;0.9619645476341248;0.0;0.667477245503997;0.5991873594733563;0.40081264052664367
1730782886.1104026;/app/bags/user95_2017-02-24.bag;0.834065854549408;0.0;0.9619645476341248;0.0;0.667477245503997;0.5991873594733563;0.40081264052664367
1730782886.3103838;/app/bags/user95_2017-02-24.bag;0.834065854549408;0.0;0.9619645476341248;0.0;0.667477245503997;0.5991873594733563;0.40081264052664367
1730782886.5104976;/app/bags/user95_2017-02-24.bag;0.834065854549408;0.0;0.9619645476341248;0.0;0.667477245503997;0.5991873594733563;0.40081264052664367
1730782886.7103784;/app/bags/user95_2017-02-24.bag;0.834065854549408;0.0;0.9619645476341248;0.0;0.667477245503997;0.5991873594733563;0.40081264052664367
1730782886.9104335;/app/bags/user95_2017-02-24.bag;0.834065854549408;0.0;0.9619645476341248;0.0;0.667477245503997;0.5991873594733563;0.40081264052664367
1730782887.1103644;/app/bags/user95_2017-02-24.bag;0.834065854549408;0.0;0.9619645476341248;0.0;0.667477245503997;0.5991873594733563;0.40081264052664367
1730782887.310424;/app/bags/user95_2017-02-24.bag;0.834065854549408;0.0;0.9619645476341248;0.0;0.667477245503997;0.5991873594733563;0.40081264052664367
1730782887.5103827;/app/bags/user95_2017-02-24.bag;0.834065854549408;0.0;0.9619645476341248;0.0;0.667477245503997;0.5991873594733563;0.40081264052664367
1730782887.7103548;/app/bags/user95_2017-02-24.bag;0.834065854549408;0.0;0.9619645476341248;0.0;0.667477245503997;0.5991873594733563;0.40081264052664367
1730782887.9103897;/app/bags/user95_2017-02-24.bag;0.834065854549408;0.0;0.9619645476341248;0.0;0.667477245503997;0.5991873594733563;0.40081264052664367
1730782888.1104074;/app/bags/user95_2017-02-24.bag;0.834065854549408;0.0;0.9619645476341248;0.0;0.667477245503997;0.5991873594733563;0.40081264052664367
1730782888.3104115;/app/bags/user95_2017-02-24.bag;0.834065854549408;0.0;0.9619645476341248;0.0;0.667477245503997;0.5991873594733563;0.40081264052664367
1730782888.5104072;/app/bags/user95_2017-02-24.bag;0.834065854549408;0.0;0.9619645476341248;0.0;0.667477245503997;0.5991873594733563;0.40081264052664367
1730782888.7104568;/app/bags/user95_2017-02-24.bag;0.834065854549408;0.0;0.9619645476341248;0.0;0.667477245503997;0.5991873594733563;0.40081264052664367
1730782888.9103856;/app/bags/user95_2017-02-24.bag;0.834065854549408;0.0;0.9619645476341248;0.0;0.667477245503997;0.5991873594733563;0.40081264052664367
1730782889.110428;/app/bags/user95_2017-02-24.bag;0.834065854549408;0.0;0.9619645476341248;0.0;0.667477245503997;0.5991873594733563;0.40081264052664367
1730782889.3104432;/app/bags/user95_2017-02-24.bag;0.834065854549408;0.0;0.9619645476341248;0.0;0.667477245503997;0.5991873594733563;0.40081264052664367
1730782889.510416;/app/bags/user95_2017-02-24.bag;0.834065854549408;0.0;0.9619645476341248;0.0;0.667477245503997;0.5991873594733563;0.40081264052664367
1730782889.7104099;/app/bags/user95_2017-02-24.bag;0.834065854549408;0.0;0.9619645476341248;0.0;0.667477245503997;0.5991873594733563;0.40081264052664367
1730782889.9103844;/app/bags/user95_2017-02-24.bag;0.834065854549408;0.0;0.9619645476341248;0.0;0.667477245503997;0.5991873594733563;0.40081264052664367
1730782890.1104584;/app/bags/user95_2017-02-24.bag;0.834065854549408;0.0;0.9619645476341248;0.0;0.667477245503997;0.5991873594733563;0.40081264052664367
1730782890.3104064;/app/bags/user95_2017-02-24.bag;0.834065854549408;0.0;0.9619645476341248;0.0;0.667477245503997;0.5991873594733563;0.40081264052664367
1730782890.5104136;/app/bags/user95_2017-02-24.bag;0.834065854549408;0.0;0.9619645476341248;0.0;0.667477245503997;0.5991873594733563;0.40081264052664367
1730782890.7104023;/app/bags/user95_2017-02-24.bag;0.834065854549408;0.0;0.9619645476341248;0.0;0.667477245503997;0.5991873594733563;0.40081264052664367
1730782890.9104092;/app/bags/user95_2017-02-24.bag;0.834065854549408;0.0;0.9619645476341248;0.0;0.667477245503997;0.5991873594733563;0.40081264052664367
1730782891.1103728;/app/bags/user95_2017-02-24.bag;0.834065854549408;0.0;0.9619645476341248;0.0;0.667477245503997;0.5991873594733563;0.40081264052664367
1730782891.31048;/app/bags/user95_2017-02-24.bag;0.834065854549408;0.0;0.9619645476341248;0.0;0.667477245503997;0.5991873594733563;0.40081264052664367
1730782891.5104191;/app/bags/user95_2017-02-24.bag;0.834065854549408;0.0;0.9619645476341248;0.0;0.667477245503997;0.5991873594733563;0.40081264052664367
1730782891.7104218;/app/bags/user95_2017-02-24.bag;0.834065854549408;0.0;0.9619645476341248;0.0;0.667477245503997;0.5991873594733563;0.40081264052664367
1730782891.910421;/app/bags/user95_2017-02-24.bag;0.834065854549408;0.0;0.9619645476341248;0.0;0.667477245503997;0.5991873594733563;0.40081264052664367
1730782892.1103926;/app/bags/user95_2017-02-24.bag;0.834065854549408;0.0;0.9619645476341248;0.0;0.667477245503997;0.5991873594733563;0.40081264052664367
1730782892.3104012;/app/bags/user95_2017-02-24.bag;0.834065854549408;0.0;0.9619645476341248;0.0;0.667477245503997;0.5991873594733563;0.40081264052664367
1730782892.5103536;/app/bags/user95_2017-02-24.bag;0.834065854549408;0.0;0.9619645476341248;0.0;0.667477245503997;0.5991873594733563;0.40081264052664367
1730782892.7103982;/app/bags/user95_2017-02-24.bag;0.834065854549408;0.0;0.9619645476341248;0.0;0.667477245503997;0.5991873594733563;0.40081264052664367
1730782892.9103634;/app/bags/user95_2017-02-24.bag;0.834065854549408;0.0;0.9619645476341248;0.0;0.667477245503997;0.5991873594733563;0.40081264052664367
1730782893.1103895;/app/bags/user95_2017-02-24.bag;0.834065854549408;0.0;0.9619645476341248;0.0;0.667477245503997;0.5991873594733563;0.40081264052664367
1730782893.3104148;/app/bags/user95_2017-02-24.bag;0.834065854549408;0.0;0.9619645476341248;0.0;0.667477245503997;0.5991873594733563;0.40081264052664367
1730782893.5103965;/app/bags/user95_2017-02-24.bag;0.834065854549408;0.0;0.9619645476341248;0.0;0.667477245503997;0.5991873594733563;0.40081264052664367
1730782893.7103431;/app/bags/user95_2017-02-24.bag;0.834065854549408;0.0;0.9619645476341248;0.0;0.667477245503997;0.5991873594733563;0.40081264052664367
1730782893.910408;/app/bags/user95_2017-02-24.bag;0.834065854549408;0.0;0.9619645476341248;0.0;0.667477245503997;0.5991873594733563;0.40081264052664367
1730782894.1103876;/app/bags/user95_2017-02-24.bag;0.834065854549408;0.0;0.9619645476341248;0.0;0.667477245503997;0.5991873594733563;0.40081264052664367
1730782894.310438;/app/bags/user95_2017-02-24.bag;0.834065854549408;0.0;0.9619645476341248;0.0;0.667477245503997;0.5991873594733563;0.40081264052664367
1730782894.5103972;/app/bags/user95_2017-02-24.bag;0.834065854549408;0.0;0.9619645476341248;0.0;0.667477245503997;0.5991873594733563;0.40081264052664367
1730782894.7103775;/app/bags/user95_2017-02-24.bag;0.834065854549408;0.0;0.9619645476341248;0.0;0.667477245503997;0.5991873594733563;0.40081264052664367
1730782894.9103808;/app/bags/user95_2017-02-24.bag;0.834065854549408;0.0;0.9619645476341248;0.0;0.667477245503997;0.5991873594733563;0.40081264052664367
1730782895.110382;/app/bags/user95_2017-02-24.bag;0.834065854549408;0.0;0.9619645476341248;0.0;0.667477245503997;0.5991873594733563;0.40081264052664367
1730782895.3103654;/app/bags/user95_2017-02-24.bag;0.834065854549408;0.0;0.9619645476341248;0.0;0.667477245503997;0.5991873594733563;0.40081264052664367
1730782895.5103996;/app/bags/user95_2017-02-24.bag;0.834065854549408;0.0;0.9619645476341248;0.0;0.667477245503997;0.5991873594733563;0.40081264052664367
1730782895.7104232;/app/bags/user95_2017-02-24.bag;0.834065854549408;0.0;0.9619645476341248;0.0;0.667477245503997;0.5991873594733563;0.40081264052664367
1730782895.910382;/app/bags/user95_2017-02-24.bag;0.834065854549408;0.0;0.9619645476341248;0.0;0.667477245503997;0.5991873594733563;0.40081264052664367
1730782896.110402;/app/bags/user95_2017-02-24.bag;0.834065854549408;0.0;0.9619645476341248;0.0;0.667477245503997;0.5991873594733563;0.40081264052664367
1730782896.3104408;/app/bags/user95_2017-02-24.bag;0.834065854549408;0.0;0.9619645476341248;0.0;0.667477245503997;0.5991873594733563;0.40081264052664367
1730782896.5104039;/app/bags/user95_2017-02-24.bag;0.834065854549408;0.0;0.9619645476341248;0.0;0.667477245503997;0.5991873594733563;0.40081264052664367
1730782896.7103527;/app/bags/user95_2017-02-24.bag;0.834065854549408;0.0;0.9619645476341248;0.0;0.667477245503997;0.5991873594733563;0.40081264052664367
1730782896.9104211;/app/bags/user95_2017-02-24.bag;0.834065854549408;0.0;0.9619645476341248;0.0;0.667477245503997;0.5991873594733563;0.40081264052664367
1730782897.110414;/app/bags/user95_2017-02-24.bag;0.834065854549408;0.0;0.9619645476341248;0.0;0.667477245503997;0.5991873594733563;0.40081264052664367
1730782897.310399;/app/bags/user95_2017-02-24.bag;0.834065854549408;0.0;0.9619645476341248;0.0;0.667477245503997;0.5991873594733563;0.40081264052664367
1730782897.5104039;/app/bags/user95_2017-02-24.bag;0.834065854549408;0.0;0.9619645476341248;0.0;0.667477245503997;0.5991873594733563;0.40081264052664367
1730782897.7104385;/app/bags/user95_2017-02-24.bag;0.834065854549408;0.0;0.9619645476341248;0.0;0.667477245503997;0.5991873594733563;0.40081264052664367
1730782897.9104044;/app/bags/user95_2017-02-24.bag;0.834065854549408;0.0;0.9619645476341248;0.0;0.667477245503997;0.5991873594733563;0.40081264052664367
1730782898.1103787;/app/bags/user95_2017-02-24.bag;0.834065854549408;0.0;0.9619645476341248;0.0;0.667477245503997;0.5991873594733563;0.40081264052664367
1730782898.3103476;/app/bags/user95_2017-02-24.bag;0.834065854549408;0.0;0.9619645476341248;0.0;0.667477245503997;0.5991873594733563;0.40081264052664367
1730782898.5103478;/app/bags/user95_2017-02-24.bag;0.834065854549408;0.0;0.9619645476341248;0.0;0.667477245503997;0.5991873594733563;0.40081264052664367
1730782898.710359;/app/bags/user95_2017-02-24.bag;0.834065854549408;0.0;0.9619645476341248;0.0;0.667477245503997;0.5991873594733563;0.40081264052664367
1730782898.9104397;/app/bags/user95_2017-02-24.bag;0.834065854549408;0.0;0.9619645476341248;0.0;0.667477245503997;0.5991873594733563;0.40081264052664367
1730782899.1103566;/app/bags/user95_2017-02-24.bag;0.834065854549408;0.0;0.9619645476341248;0.0;0.667477245503997;0.5991873594733563;0.40081264052664367
1730782899.3104615;/app/bags/user95_2017-02-24.bag;0.834065854549408;0.0;0.9619645476341248;0.0;0.667477245503997;0.5991873594733563;0.40081264052664367
1730782899.5104175;/app/bags/user95_2017-02-24.bag;0.834065854549408;0.0;0.9619645476341248;0.0;0.667477245503997;0.5991873594733563;0.40081264052664367
1730782899.7104154;/app/bags/user95_2017-02-24.bag;0.834065854549408;0.0;0.9619645476341248;0.0;0.667477245503997;0.5991873594733563;0.40081264052664367
1730782899.910364;/app/bags/user95_2017-02-24.bag;0.834065854549408;0.0;0.9619645476341248;0.0;0.667477245503997;0.5991873594733563;0.40081264052664367
1730782900.1104355;/app/bags/user95_2017-02-24.bag;0.834065854549408;0.0;0.9619645476341248;0.0;0.667477245503997;0.5991873594733563;0.40081264052664367
1730782900.310376;/app/bags/user95_2017-02-24.bag;0.834065854549408;0.0;0.9619645476341248;0.0;0.667477245503997;0.5991873594733563;0.40081264052664367
1730782900.5103683;/app/bags/user95_2017-02-24.bag;0.834065854549408;0.0;0.9619645476341248;0.0;0.667477245503997;0.5991873594733563;0.40081264052664367
1730782900.710375;/app/bags/user95_2017-02-24.bag;0.834065854549408;0.0;0.9619645476341248;0.0;0.667477245503997;0.5991873594733563;0.40081264052664367
1730782900.9103854;/app/bags/user95_2017-02-24.bag;0.834065854549408;0.0;0.9619645476341248;0.0;0.667477245503997;0.5991873594733563;0.40081264052664367
1730782901.1103764;/app/bags/user95_2017-02-24.bag;0.834065854549408;0.0;0.9619645476341248;0.0;0.667477245503997;0.5991873594733563;0.40081264052664367
1730782901.3103702;/app/bags/user95_2017-02-24.bag;0.834065854549408;0.0;0.9619645476341248;0.0;0.667477245503997;0.5991873594733563;0.40081264052664367
1730782901.510391;/app/bags/user95_2017-02-24.bag;0.834065854549408;0.0;0.9619645476341248;0.0;0.667477245503997;0.5991873594733563;0.40081264052664367
1730782901.7103705;/app/bags/user95_2017-02-24.bag;0.834065854549408;0.0;0.9619645476341248;0.0;0.667477245503997;0.5991873594733563;0.40081264052664367
1730782901.9104357;/app/bags/user95_2017-02-24.bag;0.834065854549408;0.0;0.9619645476341248;0.0;0.667477245503997;0.5991873594733563;0.40081264052664367
1730782902.1104143;/app/bags/user95_2017-02-24.bag;0.834065854549408;0.0;0.9619645476341248;0.0;0.667477245503997;0.5991873594733563;0.40081264052664367
1730782902.310433;/app/bags/user95_2017-02-24.bag;0.834065854549408;0.0;0.9619645476341248;0.0;0.667477245503997;0.5991873594733563;0.40081264052664367
1730782902.5103812;/app/bags/user95_2017-02-24.bag;0.834065854549408;0.0;0.9619645476341248;0.0;0.667477245503997;0.5991873594733563;0.40081264052664367
1730782902.7104018;/app/bags/user95_2017-02-24.bag;0.834065854549408;0.0;0.9619645476341248;0.0;0.667477245503997;0.5991873594733563;0.40081264052664367
1730782902.9103613;/app/bags/user95_2017-02-24.bag;0.834065854549408;0.0;0.9619645476341248;0.0;0.667477245503997;0.5991873594733563;0.40081264052664367
1730782903.110361;/app/bags/user95_2017-02-24.bag;0.834065854549408;0.0;0.9619645476341248;0.0;0.667477245503997;0.5991873594733563;0.40081264052664367
1730782903.3104022;/app/bags/user95_2017-02-24.bag;0.834065854549408;0.0;0.9619645476341248;0.0;0.667477245503997;0.5991873594733563;0.40081264052664367
1730782903.5103815;/app/bags/user95_2017-02-24.bag;0.834065854549408;0.0;0.9619645476341248;0.0;0.667477245503997;0.5991873594733563;0.40081264052664367
1730782903.7103555;/app/bags/user95_2017-02-24.bag;0.834065854549408;0.0;0.9619645476341248;0.0;0.667477245503997;0.5991873594733563;0.40081264052664367
1730782903.9104304;/app/bags/user95_2017-02-24.bag;0.834065854549408;0.0;0.9619645476341248;0.0;0.667477245503997;0.5991873594733563;0.40081264052664367
1730782904.1104202;/app/bags/user95_2017-02-24.bag;0.834065854549408;0.0;0.9619645476341248;0.0;0.667477245503997;0.5991873594733563;0.40081264052664367
1730782904.3103836;/app/bags/user95_2017-02-24.bag;0.834065854549408;0.0;0.9619645476341248;0.0;0.667477245503997;0.5991873594733563;0.40081264052664367
1730782904.510378;/app/bags/user95_2017-02-24.bag;0.834065854549408;0.0;0.9619645476341248;0.0;0.667477245503997;0.5991873594733563;0.40081264052664367
1730782904.7104342;/app/bags/user95_2017-02-24.bag;0.834065854549408;0.0;0.9619645476341248;0.0;0.667477245503997;0.5991873594733563;0.40081264052664367
1730782904.9105647;/app/bags/user95_2017-02-24.bag;0.834065854549408;0.0;0.9619645476341248;0.0;0.667477245503997;0.5991873594733563;0.40081264052664367
1730782905.110394;/app/bags/user95_2017-02-24.bag;0.834065854549408;0.0;0.9619645476341248;0.0;0.667477245503997;0.5991873594733563;0.40081264052664367
1730782905.310371;/app/bags/user95_2017-02-24.bag;0.834065854549408;0.0;0.9619645476341248;0.0;0.667477245503997;0.5991873594733563;0.40081264052664367
1730782905.5104399;/app/bags/user95_2017-02-24.bag;0.834065854549408;0.0;0.9619645476341248;0.0;0.667477245503997;0.5991873594733563;0.40081264052664367
1730782905.710383;/app/bags/user95_2017-02-24.bag;0.834065854549408;0.0;0.9619645476341248;0.0;0.667477245503997;0.5991873594733563;0.40081264052664367
1730782905.9104;/app/bags/user95_2017-02-24.bag;0.834065854549408;0.0;0.9619645476341248;0.0;0.667477245503997;0.5991873594733563;0.40081264052664367
1730782906.1104026;/app/bags/user95_2017-02-24.bag;0.834065854549408;0.0;0.9619645476341248;0.0;0.667477245503997;0.5991873594733563;0.40081264052664367
1730782906.3103762;/app/bags/user95_2017-02-24.bag;0.834065854549408;0.0;0.9619645476341248;0.0;0.667477245503997;0.5991873594733563;0.40081264052664367
1730782906.5103867;/app/bags/user95_2017-02-24.bag;0.834065854549408;0.0;0.9619645476341248;0.0;0.667477245503997;0.5991873594733563;0.40081264052664367
1730782906.710387;/app/bags/user95_2017-02-24.bag;0.834065854549408;0.0;0.9619645476341248;0.0;0.667477245503997;0.5991873594733563;0.40081264052664367
1730782906.910357;/app/bags/user95_2017-02-24.bag;0.834065854549408;0.0;0.9619645476341248;0.0;0.667477245503997;0.5991873594733563;0.40081264052664367
1730782907.1103776;/app/bags/user95_2017-02-24.bag;0.834065854549408;0.0;0.9619645476341248;0.0;0.667477245503997;0.5991873594733563;0.40081264052664367
1730782907.3104196;/app/bags/user95_2017-02-24.bag;0.834065854549408;0.0;0.9619645476341248;0.0;0.667477245503997;0.5991873594733563;0.40081264052664367
1730782907.5104392;/app/bags/user95_2017-02-24.bag;0.834065854549408;0.0;0.9619645476341248;0.0;0.667477245503997;0.5991873594733563;0.40081264052664367
1730782907.7103693;/app/bags/user95_2017-02-24.bag;0.834065854549408;0.0;0.9619645476341248;0.0;0.667477245503997;0.5991873594733563;0.40081264052664367
1730782907.9103565;/app/bags/user95_2017-02-24.bag;0.834065854549408;0.0;0.9619645476341248;0.0;0.667477245503997;0.5991873594733563;0.40081264052664367
1730782908.1103733;/app/bags/user95_2017-02-24.bag;0.834065854549408;0.0;0.9619645476341248;0.0;0.667477245503997;0.5991873594733563;0.40081264052664367
1730782908.3104136;/app/bags/user95_2017-02-24.bag;0.834065854549408;0.0;0.9619645476341248;0.0;0.667477245503997;0.5991873594733563;0.40081264052664367
1730782908.5104203;/app/bags/user95_2017-02-24.bag;0.834065854549408;0.0;0.9619645476341248;0.0;0.667477245503997;0.5991873594733563;0.40081264052664367
1730782908.710382;/app/bags/user95_2017-02-24.bag;0.834065854549408;0.0;0.9619645476341248;0.0;0.667477245503997;0.5991873594733563;0.40081264052664367
1730782908.910374;/app/bags/user95_2017-02-24.bag;0.834065854549408;0.0;0.9619645476341248;0.0;0.667477245503997;0.5991873594733563;0.40081264052664367
1730782909.1104383;/app/bags/user95_2017-02-24.bag;0.834065854549408;0.0;0.9619645476341248;0.0;0.667477245503997;0.5991873594733563;0.40081264052664367
1730782909.3103979;/app/bags/user95_2017-02-24.bag;0.834065854549408;0.0;0.9619645476341248;0.0;0.667477245503997;0.5991873594733563;0.40081264052664367
1730782909.5103486;/app/bags/user95_2017-02-24.bag;0.834065854549408;0.0;0.9619645476341248;0.0;0.667477245503997;0.5991873594733563;0.40081264052664367
1730782909.7103708;/app/bags/user95_2017-02-24.bag;0.834065854549408;0.0;0.9619645476341248;0.0;0.667477245503997;0.5991873594733563;0.40081264052664367
1730782909.91042;/app/bags/user95_2017-02-24.bag;0.834065854549408;0.0;0.9619645476341248;0.0;0.667477245503997;0.5991873594733563;0.40081264052664367
1730782910.1103973;/app/bags/user95_2017-02-24.bag;0.834065854549408;0.0;0.9619645476341248;0.0;0.667477245503997;0.5991873594733563;0.40081264052664367
1730782910.3104913;/app/bags/user95_2017-02-24.bag;0.834065854549408;0.0;0.9619645476341248;0.0;0.667477245503997;0.5991873594733563;0.40081264052664367
1730782910.5104623;/app/bags/user95_2017-02-24.bag;0.834065854549408;0.0;0.9619645476341248;0.0;0.667477245503997;0.5991873594733563;0.40081264052664367
1730782910.710423;/app/bags/user95_2017-02-24.bag;0.834065854549408;0.0;0.9619645476341248;0.0;0.667477245503997;0.5991873594733563;0.40081264052664367
1730782910.910398;/app/bags/user95_2017-02-24.bag;0.834065854549408;0.0;0.9619645476341248;0.0;0.667477245503997;0.5991873594733563;0.40081264052664367
1730782911.1103947;/app/bags/user95_2017-02-24.bag;0.834065854549408;0.0;0.9619645476341248;0.0;0.667477245503997;0.5991873594733563;0.40081264052664367
1730782911.310426;/app/bags/user95_2017-02-24.bag;0.834065854549408;0.0;0.9619645476341248;0.0;0.667477245503997;0.5991873594733563;0.40081264052664367
1730782911.5104022;/app/bags/user95_2017-02-24.bag;0.834065854549408;0.0;0.9619645476341248;0.0;0.667477245503997;0.5991873594733563;0.40081264052664367
1730782911.7105272;/app/bags/user95_2017-02-24.bag;0.834065854549408;0.0;0.9619645476341248;0.0;0.667477245503997;0.5991873594733563;0.40081264052664367
1730782911.9103487;/app/bags/user95_2017-02-24.bag;0.834065854549408;0.0;0.9619645476341248;0.0;0.667477245503997;0.5991873594733563;0.40081264052664367
1730782912.1103647;/app/bags/user95_2017-02-24.bag;0.834065854549408;0.0;0.9619645476341248;0.0;0.667477245503997;0.5991873594733563;0.40081264052664367
1730782912.310389;/app/bags/user95_2017-02-24.bag;0.834065854549408;0.0;0.9619645476341248;0.0;0.667477245503997;0.5991873594733563;0.40081264052664367
1730782912.5103745;/app/bags/user95_2017-02-24.bag;0.834065854549408;0.0;0.9619645476341248;0.0;0.667477245503997;0.5991873594733563;0.40081264052664367
1730782912.7103698;/app/bags/user95_2017-02-24.bag;0.834065854549408;0.0;0.9619645476341248;0.0;0.667477245503997;0.5991873594733563;0.40081264052664367
1730782912.9104042;/app/bags/user95_2017-02-24.bag;0.834065854549408;0.0;0.9619645476341248;0.0;0.667477245503997;0.5991873594733563;0.40081264052664367
1730782913.1104398;/app/bags/user95_2017-02-24.bag;0.834065854549408;0.0;0.9619645476341248;0.0;0.667477245503997;0.5991873594733563;0.40081264052664367
1730782913.3104086;/app/bags/user95_2017-02-24.bag;0.834065854549408;0.0;0.9619645476341248;0.0;0.667477245503997;0.5991873594733563;0.40081264052664367
1730782913.5104072;/app/bags/user95_2017-02-24.bag;0.834065854549408;0.0;0.9619645476341248;0.0;0.667477245503997;0.5991873594733563;0.40081264052664367
1730782913.7104;/app/bags/user95_2017-02-24.bag;0.834065854549408;0.0;0.9619645476341248;0.0;0.667477245503997;0.5991873594733563;0.40081264052664367
1730782913.9103794;/app/bags/user95_2017-02-24.bag;0.834065854549408;0.0;0.9619645476341248;0.0;0.667477245503997;0.5991873594733563;0.40081264052664367
1730782914.1104877;/app/bags/user95_2017-02-24.bag;0.834065854549408;0.0;0.9619645476341248;0.0;0.667477245503997;0.5991873594733563;0.40081264052664367
1730782914.3103807;/app/bags/user95_2017-02-24.bag;0.834065854549408;0.0;0.9619645476341248;0.0;0.667477245503997;0.5991873594733563;0.40081264052664367
1730782914.510386;/app/bags/user95_2017-02-24.bag;0.834065854549408;0.0;0.9619645476341248;0.0;0.667477245503997;0.5991873594733563;0.40081264052664367
1730782914.7103984;/app/bags/user95_2017-02-24.bag;0.834065854549408;0.0;0.9619645476341248;0.0;0.667477245503997;0.5991873594733563;0.40081264052664367
1730782914.9104104;/app/bags/user95_2017-02-24.bag;0.834065854549408;0.0;0.9619645476341248;0.0;0.667477245503997;0.5991873594733563;0.40081264052664367
1730782915.1103883;/app/bags/user95_2017-02-24.bag;0.834065854549408;0.0;0.9619645476341248;0.0;0.667477245503997;0.5991873594733563;0.40081264052664367
1730782915.3103783;/app/bags/user95_2017-02-24.bag;0.834065854549408;0.0;0.9619645476341248;0.0;0.667477245503997;0.5991873594733563;0.40081264052664367
1730782915.5103855;/app/bags/user95_2017-02-24.bag;0.834065854549408;0.0;0.9619645476341248;0.0;0.667477245503997;0.5991873594733563;0.40081264052664367
1730782915.7104366;/app/bags/user95_2017-02-24.bag;0.834065854549408;0.0;0.9619645476341248;0.0;0.667477245503997;0.5991873594733563;0.40081264052664367
1730782915.9103947;/app/bags/user95_2017-02-24.bag;0.834065854549408;0.0;0.9619645476341248;0.0;0.667477245503997;0.5991873594733563;0.40081264052664367
1730782916.110386;/app/bags/user95_2017-02-24.bag;0.834065854549408;0.0;0.9619645476341248;0.0;0.667477245503997;0.5991873594733563;0.40081264052664367
1730782916.310373;/app/bags/user95_2017-02-24.bag;0.834065854549408;0.0;0.9619645476341248;0.0;0.667477245503997;0.5991873594733563;0.40081264052664367
1730782916.5104163;/app/bags/user95_2017-02-24.bag;0.834065854549408;0.0;0.9619645476341248;0.0;0.667477245503997;0.5991873594733563;0.40081264052664367
1730782916.7104015;/app/bags/user95_2017-02-24.bag;0.834065854549408;0.0;0.9619645476341248;0.0;0.667477245503997;0.5991873594733563;0.40081264052664367
1730782916.9103873;/app/bags/user95_2017-02-24.bag;0.834065854549408;0.0;0.9619645476341248;0.0;0.667477245503997;0.5991873594733563;0.40081264052664367
1730782917.1104066;/app/bags/user95_2017-02-24.bag;0.834065854549408;0.0;0.9619645476341248;0.0;0.667477245503997;0.5991873594733563;0.40081264052664367
1730782917.310412;/app/bags/user95_2017-02-24.bag;0.834065854549408;0.0;0.9619645476341248;0.0;0.667477245503997;0.5991873594733563;0.40081264052664367
1730782917.510378;/app/bags/user95_2017-02-24.bag;0.834065854549408;0.0;0.9619645476341248;0.0;0.667477245503997;0.5991873594733563;0.40081264052664367
1730782917.7103837;/app/bags/user95_2017-02-24.bag;0.834065854549408;0.0;0.9619645476341248;0.0;0.667477245503997;0.5991873594733563;0.40081264052664367
1730782917.910381;/app/bags/user95_2017-02-24.bag;0.834065854549408;0.0;0.9619645476341248;0.0;0.667477245503997;0.5991873594733563;0.40081264052664367
1730782918.110462;/app/bags/user95_2017-02-24.bag;0.834065854549408;0.0;0.9619645476341248;0.0;0.667477245503997;0.5991873594733563;0.40081264052664367
1730782918.3103874;/app/bags/user95_2017-02-24.bag;0.834065854549408;0.0;0.9619645476341248;0.0;0.667477245503997;0.5991873594733563;0.40081264052664367
1730782918.5105388;/app/bags/user95_2017-02-24.bag;0.834065854549408;0.0;0.9619645476341248;0.0;0.667477245503997;0.5991873594733563;0.40081264052664367
1730782918.7103791;/app/bags/user95_2017-02-24.bag;0.834065854549408;0.0;0.9619645476341248;0.0;0.667477245503997;0.5991873594733563;0.40081264052664367
1730782918.9104688;/app/bags/user95_2017-02-24.bag;0.834065854549408;0.0;0.9619645476341248;0.0;0.667477245503997;0.5991873594733563;0.40081264052664367
1730782919.1103697;/app/bags/user95_2017-02-24.bag;0.834065854549408;0.0;0.9619645476341248;0.0;0.667477245503997;0.5991873594733563;0.40081264052664367
1730782919.310385;/app/bags/user95_2017-02-24.bag;0.834065854549408;0.0;0.9619645476341248;0.0;0.667477245503997;0.5991873594733563;0.40081264052664367
1730782919.5104454;/app/bags/user95_2017-02-24.bag;0.834065854549408;0.0;0.9619645476341248;0.0;0.667477245503997;0.5991873594733563;0.40081264052664367
1730782919.710375;/app/bags/user95_2017-02-24.bag;0.834065854549408;0.0;0.9619645476341248;0.0;0.667477245503997;0.5991873594733563;0.40081264052664367
1730782919.9103744;/app/bags/user95_2017-02-24.bag;0.834065854549408;0.0;0.9619645476341248;0.0;0.667477245503997;0.5991873594733563;0.40081264052664367
1730782920.110371;/app/bags/user95_2017-02-24.bag;0.834065854549408;0.0;0.9619645476341248;0.0;0.667477245503997;0.5991873594733563;0.40081264052664367
1730782920.3104045;/app/bags/user95_2017-02-24.bag;0.834065854549408;0.0;0.9619645476341248;0.0;0.667477245503997;0.5991873594733563;0.40081264052664367
1730782920.5103903;/app/bags/user95_2017-02-24.bag;0.834065854549408;0.0;0.9619645476341248;0.0;0.667477245503997;0.5991873594733563;0.40081264052664367
1730782920.710396;/app/bags/user95_2017-02-24.bag;0.834065854549408;0.0;0.9619645476341248;0.0;0.667477245503997;0.5991873594733563;0.40081264052664367
1730782920.9103994;/app/bags/user95_2017-02-24.bag;0.834065854549408;0.0;0.9619645476341248;0.0;0.667477245503997;0.5991873594733563;0.40081264052664367
1730782921.1104026;/app/bags/user95_2017-02-24.bag;0.834065854549408;0.0;0.9619645476341248;0.0;0.667477245503997;0.5991873594733563;0.40081264052664367
1730782921.3104062;/app/bags/user95_2017-02-24.bag;0.834065854549408;0.0;0.9619645476341248;0.0;0.667477245503997;0.5991873594733563;0.40081264052664367
1730782921.5103831;/app/bags/user95_2017-02-24.bag;0.834065854549408;0.0;0.9619645476341248;0.0;0.667477245503997;0.5991873594733563;0.40081264052664367
1730782921.7103808;/app/bags/user95_2017-02-24.bag;0.834065854549408;0.0;0.9619645476341248;0.0;0.667477245503997;0.5991873594733563;0.40081264052664367
1730782921.9104245;/app/bags/user95_2017-02-24.bag;0.834065854549408;0.0;0.9619645476341248;0.0;0.667477245503997;0.5991873594733563;0.40081264052664367
1730782922.110365;/app/bags/user95_2017-02-24.bag;0.834065854549408;0.0;0.9619645476341248;0.0;0.667477245503997;0.5991873594733563;0.40081264052664367
1730782922.3104093;/app/bags/user95_2017-02-24.bag;0.834065854549408;0.0;0.9619645476341248;0.0;0.667477245503997;0.5991873594733563;0.40081264052664367
1730782922.5103567;/app/bags/user95_2017-02-24.bag;0.834065854549408;0.0;0.9619645476341248;0.0;0.667477245503997;0.5991873594733563;0.40081264052664367
1730782922.710384;/app/bags/user95_2017-02-24.bag;0.834065854549408;0.0;0.9619645476341248;0.0;0.667477245503997;0.5991873594733563;0.40081264052664367
1730782922.9103894;/app/bags/user95_2017-02-24.bag;0.834065854549408;0.0;0.9619645476341248;0.0;0.667477245503997;0.5991873594733563;0.40081264052664367
1730782923.1103535;/app/bags/user95_2017-02-24.bag;0.834065854549408;0.0;0.9619645476341248;0.0;0.667477245503997;0.5991873594733563;0.40081264052664367
1730782923.3103812;/app/bags/user95_2017-02-24.bag;0.834065854549408;0.0;0.9619645476341248;0.0;0.667477245503997;0.5991873594733563;0.40081264052664367
1730782923.5103934;/app/bags/user95_2017-02-24.bag;0.834065854549408;0.0;0.9619645476341248;0.0;0.667477245503997;0.5991873594733563;0.40081264052664367
1730782923.7104135;/app/bags/user95_2017-02-24.bag;0.834065854549408;0.0;0.9619645476341248;0.0;0.667477245503997;0.5991873594733563;0.40081264052664367
1730782923.9104106;/app/bags/user95_2017-02-24.bag;0.834065854549408;0.0;0.9619645476341248;0.0;0.667477245503997;0.5991873594733563;0.40081264052664367
1730782924.1103885;/app/bags/user95_2017-02-24.bag;0.834065854549408;0.0;0.9619645476341248;0.0;0.667477245503997;0.5991873594733563;0.40081264052664367
1730782924.31046;/app/bags/user95_2017-02-24.bag;0.834065854549408;0.0;0.9619645476341248;0.0;0.667477245503997;0.5991873594733563;0.40081264052664367
1730782924.5104117;/app/bags/user95_2017-02-24.bag;0.834065854549408;0.0;0.9619645476341248;0.0;0.667477245503997;0.5991873594733563;0.40081264052664367
1730782924.7103784;/app/bags/user95_2017-02-24.bag;0.834065854549408;0.0;0.9619645476341248;0.0;0.667477245503997;0.5991873594733563;0.40081264052664367
1730782924.910414;/app/bags/user95_2017-02-24.bag;0.834065854549408;0.0;0.9619645476341248;0.0;0.667477245503997;0.5991873594733563;0.40081264052664367
1730782925.1103895;/app/bags/user95_2017-02-24.bag;0.834065854549408;0.0;0.9619645476341248;0.0;0.667477245503997;0.5991873594733563;0.40081264052664367
1730782925.310373;/app/bags/user95_2017-02-24.bag;0.834065854549408;0.0;0.9619645476341248;0.0;0.667477245503997;0.5991873594733563;0.40081264052664367
1730782925.5104353;/app/bags/user95_2017-02-24.bag;0.834065854549408;0.0;0.9619645476341248;0.0;0.667477245503997;0.5991873594733563;0.40081264052664367
1730782925.7104216;/app/bags/user95_2017-02-24.bag;0.834065854549408;0.0;0.9619645476341248;0.0;0.667477245503997;0.5991873594733563;0.40081264052664367
1730782925.9104216;/app/bags/user95_2017-02-24.bag;0.834065854549408;0.0;0.9619645476341248;0.0;0.667477245503997;0.5991873594733563;0.40081264052664367
1730782926.1103835;/app/bags/user95_2017-02-24.bag;0.834065854549408;0.0;0.9619645476341248;0.0;0.667477245503997;0.5991873594733563;0.40081264052664367
1730782926.3105087;/app/bags/user95_2017-02-24.bag;0.834065854549408;0.0;0.9619645476341248;0.0;0.667477245503997;0.5991873594733563;0.40081264052664367
1730782926.510424;/app/bags/user95_2017-02-24.bag;0.834065854549408;0.0;0.9619645476341248;0.0;0.667477245503997;0.5991873594733563;0.40081264052664367
1730782926.7103536;/app/bags/user95_2017-02-24.bag;0.834065854549408;0.0;0.9619645476341248;0.0;0.667477245503997;0.5991873594733563;0.40081264052664367
1730782926.9103765;/app/bags/user95_2017-02-24.bag;0.834065854549408;0.0;0.9619645476341248;0.0;0.667477245503997;0.5991873594733563;0.40081264052664367
1730782927.1104734;/app/bags/user95_2017-02-24.bag;0.834065854549408;0.0;0.9619645476341248;0.0;0.667477245503997;0.5991873594733563;0.40081264052664367
1730782927.3103917;/app/bags/user95_2017-02-24.bag;0.834065854549408;0.0;0.9619645476341248;0.0;0.667477245503997;0.5991873594733563;0.40081264052664367
1730782927.5104573;/app/bags/user95_2017-02-24.bag;0.834065854549408;0.0;0.9619645476341248;0.0;0.667477245503997;0.5991873594733563;0.40081264052664367
1730782927.7103784;/app/bags/user95_2017-02-24.bag;0.834065854549408;0.0;0.9619645476341248;0.0;0.667477245503997;0.5991873594733563;0.40081264052664367
1730782927.910377;/app/bags/user95_2017-02-24.bag;0.834065854549408;0.0;0.9619645476341248;0.0;0.667477245503997;0.5991873594733563;0.40081264052664367
1730782928.1103876;/app/bags/user95_2017-02-24.bag;0.834065854549408;0.0;0.9619645476341248;0.0;0.667477245503997;0.5991873594733563;0.40081264052664367
1730782928.310451;/app/bags/user95_2017-02-24.bag;0.834065854549408;0.0;0.9619645476341248;0.0;0.667477245503997;0.5991873594733563;0.40081264052664367
1730782928.510376;/app/bags/user95_2017-02-24.bag;0.834065854549408;0.0;0.9619645476341248;0.0;0.667477245503997;0.5991873594733563;0.40081264052664367
1730782928.7103992;/app/bags/user95_2017-02-24.bag;0.834065854549408;0.0;0.9619645476341248;0.0;0.667477245503997;0.5991873594733563;0.40081264052664367
1730782928.9103804;/app/bags/user95_2017-02-24.bag;0.834065854549408;0.0;0.9619645476341248;0.0;0.667477245503997;0.5991873594733563;0.40081264052664367
1730782929.1103969;/app/bags/user95_2017-02-24.bag;0.834065854549408;0.0;0.9619645476341248;0.0;0.667477245503997;0.5991873594733563;0.40081264052664367
1730782929.3103626;/app/bags/user95_2017-02-24.bag;0.834065854549408;0.0;0.9619645476341248;0.0;0.667477245503997;0.5991873594733563;0.40081264052664367
1730782929.5104253;/app/bags/user95_2017-02-24.bag;0.834065854549408;0.0;0.9619645476341248;0.0;0.667477245503997;0.5991873594733563;0.40081264052664367
1730782929.7103815;/app/bags/user95_2017-02-24.bag;0.834065854549408;0.0;0.9619645476341248;0.0;0.667477245503997;0.5991873594733563;0.40081264052664367
1730782929.9104035;/app/bags/user95_2017-02-24.bag;0.834065854549408;0.0;0.9619645476341248;0.0;0.667477245503997;0.5991873594733563;0.40081264052664367
1730782930.1104066;/app/bags/user95_2017-02-24.bag;0.834065854549408;0.0;0.9619645476341248;0.0;0.667477245503997;0.5991873594733563;0.40081264052664367
1730782930.3104389;/app/bags/user95_2017-02-24.bag;0.834065854549408;0.0;0.9619645476341248;0.0;0.667477245503997;0.5991873594733563;0.40081264052664367
1730782930.5103939;/app/bags/user95_2017-02-24.bag;0.834065854549408;0.0;0.9619645476341248;0.0;0.667477245503997;0.5991873594733563;0.40081264052664367
1730782930.7103772;/app/bags/user95_2017-02-24.bag;0.834065854549408;0.0;0.9619645476341248;0.0;0.667477245503997;0.5991873594733563;0.40081264052664367
1730782930.9104106;/app/bags/user95_2017-02-24.bag;0.834065854549408;0.0;0.9619645476341248;0.0;0.667477245503997;0.5991873594733563;0.40081264052664367
1730782931.1104;/app/bags/user95_2017-02-24.bag;0.834065854549408;0.0;0.9619645476341248;0.0;0.667477245503997;0.5991873594733563;0.40081264052664367
1730782931.3105206;/app/bags/user95_2017-02-24.bag;0.834065854549408;0.0;0.9619645476341248;0.0;0.667477245503997;0.5991873594733563;0.40081264052664367
1730782931.5104039;/app/bags/user95_2017-02-24.bag;0.834065854549408;0.0;0.9619645476341248;0.0;0.667477245503997;0.5991873594733563;0.40081264052664367
1730782931.7104075;/app/bags/user95_2017-02-24.bag;0.834065854549408;0.0;0.9619645476341248;0.0;0.667477245503997;0.5991873594733563;0.40081264052664367
1730782931.9103878;/app/bags/user95_2017-02-24.bag;0.834065854549408;0.0;0.9619645476341248;0.0;0.667477245503997;0.5991873594733563;0.40081264052664367
1730782932.1103911;/app/bags/user95_2017-02-24.bag;0.834065854549408;0.0;0.9619645476341248;0.0;0.667477245503997;0.5991873594733563;0.40081264052664367
1730782932.310449;/app/bags/user95_2017-02-24.bag;0.834065854549408;0.0;0.9619645476341248;0.0;0.667477245503997;0.5991873594733563;0.40081264052664367
1730782932.510414;/app/bags/user95_2017-02-24.bag;0.834065854549408;0.0;0.9619645476341248;0.0;0.667477245503997;0.5991873594733563;0.40081264052664367
1730782932.7103958;/app/bags/user95_2017-02-24.bag;0.834065854549408;0.0;0.9619645476341248;0.0;0.667477245503997;0.5991873594733563;0.40081264052664367
1730782932.9103887;/app/bags/user95_2017-02-24.bag;0.834065854549408;0.0;0.9619645476341248;0.0;0.667477245503997;0.5991873594733563;0.40081264052664367
1730782933.1103902;/app/bags/user95_2017-02-24.bag;0.834065854549408;0.0;0.9619645476341248;0.0;0.667477245503997;0.5991873594733563;0.40081264052664367
1730782933.310426;/app/bags/user95_2017-02-24.bag;0.834065854549408;0.0;0.9619645476341248;0.0;0.667477245503997;0.5991873594733563;0.40081264052664367
1730782933.5103776;/app/bags/user95_2017-02-24.bag;0.834065854549408;0.0;0.9619645476341248;0.0;0.667477245503997;0.5991873594733563;0.40081264052664367
1730782933.7103937;/app/bags/user95_2017-02-24.bag;0.834065854549408;0.0;0.9619645476341248;0.0;0.667477245503997;0.5991873594733563;0.40081264052664367
1730782933.9103966;/app/bags/user95_2017-02-24.bag;0.834065854549408;0.0;0.9619645476341248;0.0;0.667477245503997;0.5991873594733563;0.40081264052664367
1730782934.1103625;/app/bags/user95_2017-02-24.bag;0.834065854549408;0.0;0.9619645476341248;0.0;0.667477245503997;0.5991873594733563;0.40081264052664367
1730782934.3105178;/app/bags/user95_2017-02-24.bag;0.834065854549408;0.0;0.9619645476341248;0.0;0.667477245503997;0.5991873594733563;0.40081264052664367
1730782934.510477;/app/bags/user95_2017-02-24.bag;0.834065854549408;0.0;0.9619645476341248;0.0;0.667477245503997;0.5991873594733563;0.40081264052664367
1730782934.7103992;/app/bags/user95_2017-02-24.bag;0.834065854549408;0.0;0.9619645476341248;0.0;0.667477245503997;0.5991873594733563;0.40081264052664367
1730782934.9103785;/app/bags/user95_2017-02-24.bag;0.834065854549408;0.0;0.9619645476341248;0.0;0.667477245503997;0.5991873594733563;0.40081264052664367
1730782935.1103792;/app/bags/user95_2017-02-24.bag;0.834065854549408;0.0;0.9619645476341248;0.0;0.667477245503997;0.5991873594733563;0.40081264052664367
1730782935.3103726;/app/bags/user95_2017-02-24.bag;0.834065854549408;0.0;0.9619645476341248;0.0;0.667477245503997;0.5991873594733563;0.40081264052664367
1730782935.5103774;/app/bags/user95_2017-02-24.bag;0.834065854549408;0.0;0.9619645476341248;0.0;0.667477245503997;0.5991873594733563;0.40081264052664367
1730782935.710377;/app/bags/user95_2017-02-24.bag;0.834065854549408;0.0;0.9619645476341248;0.0;0.667477245503997;0.5991873594733563;0.40081264052664367
1730782935.9103646;/app/bags/user95_2017-02-24.bag;0.834065854549408;0.0;0.9619645476341248;0.0;0.667477245503997;0.5991873594733563;0.40081264052664367
1730782936.1104455;/app/bags/user95_2017-02-24.bag;0.834065854549408;0.0;0.9619645476341248;0.0;0.667477245503997;0.5991873594733563;0.40081264052664367
1730782936.3104208;/app/bags/user95_2017-02-24.bag;0.834065854549408;0.0;0.9619645476341248;0.0;0.667477245503997;0.5991873594733563;0.40081264052664367
1730782936.5103874;/app/bags/user95_2017-02-24.bag;0.834065854549408;0.0;0.9619645476341248;0.0;0.667477245503997;0.5991873594733563;0.40081264052664367
1730782936.7103844;/app/bags/user95_2017-02-24.bag;0.834065854549408;0.0;0.9619645476341248;0.0;0.667477245503997;0.5991873594733563;0.40081264052664367
1730782936.9103801;/app/bags/user95_2017-02-24.bag;0.834065854549408;0.0;0.9619645476341248;0.0;0.667477245503997;0.5991873594733563;0.40081264052664367
1730782937.1103857;/app/bags/user95_2017-02-24.bag;0.834065854549408;0.0;0.9619645476341248;0.0;0.667477245503997;0.5991873594733563;0.40081264052664367
1730782937.3104532;/app/bags/user95_2017-02-24.bag;0.834065854549408;0.0;0.9619645476341248;0.0;0.667477245503997;0.5991873594733563;0.40081264052664367
1730782937.5103717;/app/bags/user95_2017-02-24.bag;0.834065854549408;0.0;0.9619645476341248;0.0;0.667477245503997;0.5991873594733563;0.40081264052664367
1730782937.7103565;/app/bags/user95_2017-02-24.bag;0.834065854549408;0.0;0.9619645476341248;0.0;0.667477245503997;0.5991873594733563;0.40081264052664367
1730782937.910374;/app/bags/user95_2017-02-24.bag;0.834065854549408;0.0;0.9619645476341248;0.0;0.667477245503997;0.5991873594733563;0.40081264052664367
1730782938.1104019;/app/bags/user95_2017-02-24.bag;0.834065854549408;0.0;0.9619645476341248;0.0;0.667477245503997;0.5991873594733563;0.40081264052664367
1730782938.3103766;/app/bags/user95_2017-02-24.bag;0.834065854549408;0.0;0.9619645476341248;0.0;0.667477245503997;0.5991873594733563;0.40081264052664367
1730782938.5104055;/app/bags/user95_2017-02-24.bag;0.834065854549408;0.0;0.9619645476341248;0.0;0.667477245503997;0.5991873594733563;0.40081264052664367
1730782938.7103422;/app/bags/user95_2017-02-24.bag;0.834065854549408;0.0;0.9619645476341248;0.0;0.667477245503997;0.5991873594733563;0.40081264052664367
1730782938.9103837;/app/bags/user95_2017-02-24.bag;0.834065854549408;0.0;0.9619645476341248;0.0;0.667477245503997;0.5991873594733563;0.40081264052664367
1730782939.1103988;/app/bags/user95_2017-02-24.bag;0.834065854549408;0.0;0.9619645476341248;0.0;0.667477245503997;0.5991873594733563;0.40081264052664367
1730782939.3104033;/app/bags/user95_2017-02-24.bag;0.834065854549408;0.0;0.9619645476341248;0.0;0.667477245503997;0.5991873594733563;0.40081264052664367
1730782939.510378;/app/bags/user95_2017-02-24.bag;0.834065854549408;0.0;0.9619645476341248;0.0;0.667477245503997;0.5991873594733563;0.40081264052664367
1730782939.7103863;/app/bags/user95_2017-02-24.bag;0.834065854549408;0.0;0.9619645476341248;0.0;0.667477245503997;0.5991873594733563;0.40081264052664367
1730782939.9104476;/app/bags/user95_2017-02-24.bag;0.834065854549408;0.0;0.9619645476341248;0.0;0.667477245503997;0.5991873594733563;0.40081264052664367
1730782940.1104286;/app/bags/user95_2017-02-24.bag;0.834065854549408;0.0;0.9619645476341248;0.0;0.667477245503997;0.5991873594733563;0.40081264052664367
1730782940.310383;/app/bags/user95_2017-02-24.bag;0.834065854549408;0.0;0.9619645476341248;0.0;0.667477245503997;0.5991873594733563;0.40081264052664367
1730782940.5104046;/app/bags/user95_2017-02-24.bag;0.834065854549408;0.0;0.9619645476341248;0.0;0.667477245503997;0.5991873594733563;0.40081264052664367
1730782940.7103777;/app/bags/user95_2017-02-24.bag;0.834065854549408;0.0;0.9619645476341248;0.0;0.667477245503997;0.5991873594733563;0.40081264052664367
1730782940.9104261;/app/bags/user95_2017-02-24.bag;0.834065854549408;0.0;0.9619645476341248;0.0;0.667477245503997;0.5991873594733563;0.40081264052664367
1730782941.1103628;/app/bags/user95_2017-02-24.bag;0.834065854549408;0.0;0.9619645476341248;0.0;0.667477245503997;0.5991873594733563;0.40081264052664367
1730782941.3104284;/app/bags/user95_2017-02-24.bag;0.834065854549408;0.0;0.9619645476341248;0.0;0.667477245503997;0.5991873594733563;0.40081264052664367
1730782941.5103695;/app/bags/user95_2017-02-24.bag;0.834065854549408;0.0;0.9619645476341248;0.0;0.667477245503997;0.5991873594733563;0.40081264052664367
1730782941.7104628;/app/bags/user95_2017-02-24.bag;0.834065854549408;0.0;0.9619645476341248;0.0;0.667477245503997;0.5991873594733563;0.40081264052664367
1730782941.910521;/app/bags/user95_2017-02-24.bag;0.834065854549408;0.0;0.9619645476341248;0.0;0.667477245503997;0.5991873594733563;0.40081264052664367
1730782942.1103964;/app/bags/user95_2017-02-24.bag;0.834065854549408;0.0;0.9619645476341248;0.0;0.667477245503997;0.5991873594733563;0.40081264052664367
1730782942.3103952;/app/bags/user95_2017-02-24.bag;0.834065854549408;0.0;0.9619645476341248;0.0;0.667477245503997;0.5991873594733563;0.40081264052664367
1730782942.5104213;/app/bags/user95_2017-02-24.bag;0.834065854549408;0.0;0.9619645476341248;0.0;0.667477245503997;0.5991873594733563;0.40081264052664367
1730782942.710418;/app/bags/user95_2017-02-24.bag;0.834065854549408;0.0;0.9619645476341248;0.0;0.667477245503997;0.5991873594733563;0.40081264052664367
1730782942.9103682;/app/bags/user95_2017-02-24.bag;0.834065854549408;0.0;0.9619645476341248;0.0;0.667477245503997;0.5991873594733563;0.40081264052664367
1730782943.1103694;/app/bags/user95_2017-02-24.bag;0.834065854549408;0.0;0.9619645476341248;0.0;0.667477245503997;0.5991873594733563;0.40081264052664367
1730782943.3103805;/app/bags/user95_2017-02-24.bag;0.834065854549408;0.0;0.9619645476341248;0.0;0.667477245503997;0.5991873594733563;0.40081264052664367
1730782943.5104084;/app/bags/user95_2017-02-24.bag;0.834065854549408;0.0;0.9619645476341248;0.0;0.667477245503997;0.5991873594733563;0.40081264052664367
1730782943.7103996;/app/bags/user95_2017-02-24.bag;0.834065854549408;0.0;0.9619645476341248;0.0;0.667477245503997;0.5991873594733563;0.40081264052664367
1730782943.910384;/app/bags/user95_2017-02-24.bag;0.834065854549408;0.0;0.9619645476341248;0.0;0.667477245503997;0.5991873594733563;0.40081264052664367
1730782944.1103938;/app/bags/user95_2017-02-24.bag;0.834065854549408;0.0;0.9619645476341248;0.0;0.667477245503997;0.5991873594733563;0.40081264052664367
1730782944.3103964;/app/bags/user95_2017-02-24.bag;0.834065854549408;0.0;0.9619645476341248;0.0;0.667477245503997;0.5991873594733563;0.40081264052664367
1730782944.5103722;/app/bags/user95_2017-02-24.bag;0.834065854549408;0.0;0.9619645476341248;0.0;0.667477245503997;0.5991873594733563;0.40081264052664367
1730782944.710494;/app/bags/user95_2017-02-24.bag;0.834065854549408;0.0;0.9619645476341248;0.0;0.667477245503997;0.5991873594733563;0.40081264052664367
1730782944.9104037;/app/bags/user95_2017-02-24.bag;0.834065854549408;0.0;0.9619645476341248;0.0;0.667477245503997;0.5991873594733563;0.40081264052664367
1730782945.110398;/app/bags/user95_2017-02-24.bag;0.834065854549408;0.0;0.9619645476341248;0.0;0.667477245503997;0.5991873594733563;0.40081264052664367
1730782945.3103604;/app/bags/user95_2017-02-24.bag;0.834065854549408;0.0;0.9619645476341248;0.0;0.667477245503997;0.5991873594733563;0.40081264052664367
1730782945.510454;/app/bags/user95_2017-02-24.bag;0.834065854549408;0.0;0.9619645476341248;0.0;0.667477245503997;0.5991873594733563;0.40081264052664367
1730782945.7103412;/app/bags/user95_2017-02-24.bag;0.834065854549408;0.0;0.9619645476341248;0.0;0.667477245503997;0.5991873594733563;0.40081264052664367
1730782945.910398;/app/bags/user95_2017-02-24.bag;0.834065854549408;0.0;0.9619645476341248;0.0;0.667477245503997;0.5991873594733563;0.40081264052664367
1730782946.110384;/app/bags/user95_2017-02-24.bag;0.834065854549408;0.0;0.9619645476341248;0.0;0.667477245503997;0.5991873594733563;0.40081264052664367
1730782946.3103886;/app/bags/user95_2017-02-24.bag;0.834065854549408;0.0;0.9619645476341248;0.0;0.667477245503997;0.5991873594733563;0.40081264052664367
1730782946.5104995;/app/bags/user95_2017-02-24.bag;0.834065854549408;0.0;0.9619645476341248;0.0;0.667477245503997;0.5991873594733563;0.40081264052664367
1730782946.7104373;/app/bags/user95_2017-02-24.bag;0.834065854549408;0.0;0.9619645476341248;0.0;0.667477245503997;0.5991873594733563;0.40081264052664367
1730782946.9103835;/app/bags/user95_2017-02-24.bag;0.834065854549408;0.0;0.9619645476341248;0.0;0.667477245503997;0.5991873594733563;0.40081264052664367
1730782947.1104083;/app/bags/user95_2017-02-24.bag;0.834065854549408;0.0;0.9619645476341248;0.0;0.667477245503997;0.5991873594733563;0.40081264052664367
1730782947.3103712;/app/bags/user95_2017-02-24.bag;0.834065854549408;0.0;0.9619645476341248;0.0;0.667477245503997;0.5991873594733563;0.40081264052664367
1730782947.5104861;/app/bags/user95_2017-02-24.bag;0.834065854549408;0.0;0.9619645476341248;0.0;0.667477245503997;0.5991873594733563;0.40081264052664367
1730782947.7104676;/app/bags/user95_2017-02-24.bag;0.834065854549408;0.0;0.9619645476341248;0.0;0.667477245503997;0.5991873594733563;0.40081264052664367
1730782947.9103875;/app/bags/user95_2017-02-24.bag;0.834065854549408;0.0;0.9619645476341248;0.0;0.667477245503997;0.5991873594733563;0.40081264052664367
1730782948.1103797;/app/bags/user95_2017-02-24.bag;0.834065854549408;0.0;0.9619645476341248;0.0;0.667477245503997;0.5991873594733563;0.40081264052664367
1730782948.31036;/app/bags/user95_2017-02-24.bag;0.834065854549408;0.0;0.9619645476341248;0.0;0.667477245503997;0.5991873594733563;0.40081264052664367
1730782948.5104396;/app/bags/user95_2017-02-24.bag;0.834065854549408;0.0;0.9619645476341248;0.0;0.667477245503997;0.5991873594733563;0.40081264052664367
1730782948.7104127;/app/bags/user95_2017-02-24.bag;0.834065854549408;0.0;0.9619645476341248;0.0;0.667477245503997;0.5991873594733563;0.40081264052664367
1730782948.9103916;/app/bags/user95_2017-02-24.bag;0.834065854549408;0.0;0.9619645476341248;0.0;0.667477245503997;0.5991873594733563;0.40081264052664367
1730782949.110532;/app/bags/user95_2017-02-24.bag;0.834065854549408;0.0;0.9619645476341248;0.0;0.667477245503997;0.5991873594733563;0.40081264052664367
1730782949.310417;/app/bags/user95_2017-02-24.bag;0.834065854549408;0.0;0.9619645476341248;0.0;0.667477245503997;0.5991873594733563;0.40081264052664367
1730782949.5103745;/app/bags/user95_2017-02-24.bag;0.834065854549408;0.0;0.9619645476341248;0.0;0.667477245503997;0.5991873594733563;0.40081264052664367
1730782949.7103996;/app/bags/user95_2017-02-24.bag;0.834065854549408;0.0;0.9619645476341248;0.0;0.667477245503997;0.5991873594733563;0.40081264052664367
1730782949.9103787;/app/bags/user95_2017-02-24.bag;0.834065854549408;0.0;0.9619645476341248;0.0;0.667477245503997;0.5991873594733563;0.40081264052664367
1730782950.110361;/app/bags/user95_2017-02-24.bag;0.834065854549408;0.0;0.9619645476341248;0.0;0.667477245503997;0.5991873594733563;0.40081264052664367
1730782950.3105605;/app/bags/user95_2017-02-24.bag;0.834065854549408;0.0;0.9619645476341248;0.0;0.667477245503997;0.5991873594733563;0.40081264052664367
1730782950.5103884;/app/bags/user95_2017-02-24.bag;0.834065854549408;0.0;0.9619645476341248;0.0;0.667477245503997;0.5991873594733563;0.40081264052664367
1730782950.7103808;/app/bags/user95_2017-02-24.bag;0.834065854549408;0.0;0.9619645476341248;0.0;0.667477245503997;0.5991873594733563;0.40081264052664367
1730782950.910387;/app/bags/user95_2017-02-24.bag;0.834065854549408;0.0;0.9619645476341248;0.0;0.667477245503997;0.5991873594733563;0.40081264052664367
1730782951.110446;/app/bags/user95_2017-02-24.bag;0.834065854549408;0.0;0.9619645476341248;0.0;0.667477245503997;0.5991873594733563;0.40081264052664367
1730782951.310393;/app/bags/user95_2017-02-24.bag;0.834065854549408;0.0;0.9619645476341248;0.0;0.667477245503997;0.5991873594733563;0.40081264052664367
1730782951.510378;/app/bags/user95_2017-02-24.bag;0.834065854549408;0.0;0.9619645476341248;0.0;0.667477245503997;0.5991873594733563;0.40081264052664367
1730782951.7103932;/app/bags/user95_2017-02-24.bag;0.834065854549408;0.0;0.9619645476341248;0.0;0.667477245503997;0.5991873594733563;0.40081264052664367
1730782951.9103777;/app/bags/user95_2017-02-24.bag;0.834065854549408;0.0;0.9619645476341248;0.0;0.667477245503997;0.5991873594733563;0.40081264052664367
1730782952.1103656;/app/bags/user95_2017-02-24.bag;0.834065854549408;0.0;0.9619645476341248;0.0;0.667477245503997;0.5991873594733563;0.40081264052664367
1730782952.3103912;/app/bags/user95_2017-02-24.bag;0.834065854549408;0.0;0.9619645476341248;0.0;0.667477245503997;0.5991873594733563;0.40081264052664367
1730782952.5104203;/app/bags/user95_2017-02-24.bag;0.834065854549408;0.0;0.9619645476341248;0.0;0.667477245503997;0.5991873594733563;0.40081264052664367
1730782952.7103815;/app/bags/user95_2017-02-24.bag;0.834065854549408;0.0;0.9619645476341248;0.0;0.667477245503997;0.5991873594733563;0.40081264052664367
1730782952.910408;/app/bags/user95_2017-02-24.bag;0.834065854549408;0.0;0.9619645476341248;0.0;0.667477245503997;0.5991873594733563;0.40081264052664367
1730782953.1104162;/app/bags/user95_2017-02-24.bag;0.834065854549408;0.0;0.9619645476341248;0.0;0.667477245503997;0.5991873594733563;0.40081264052664367
1730782953.310396;/app/bags/user95_2017-02-24.bag;0.834065854549408;0.0;0.9619645476341248;0.0;0.667477245503997;0.5991873594733563;0.40081264052664367
1730782953.5104132;/app/bags/user95_2017-02-24.bag;0.834065854549408;0.0;0.9619645476341248;0.0;0.667477245503997;0.5991873594733563;0.40081264052664367
1730782953.7103577;/app/bags/user95_2017-02-24.bag;0.834065854549408;0.0;0.9619645476341248;0.0;0.667477245503997;0.5991873594733563;0.40081264052664367
1730782953.9104066;/app/bags/user95_2017-02-24.bag;0.834065854549408;0.0;0.9619645476341248;0.0;0.667477245503997;0.5991873594733563;0.40081264052664367
1730782954.1104524;/app/bags/user95_2017-02-24.bag;0.834065854549408;0.0;0.9619645476341248;0.0;0.667477245503997;0.5991873594733563;0.40081264052664367
1730782954.3104322;/app/bags/user95_2017-02-24.bag;0.834065854549408;0.0;0.9619645476341248;0.0;0.667477245503997;0.5991873594733563;0.40081264052664367
1730782954.5103889;/app/bags/user95_2017-02-24.bag;0.834065854549408;0.0;0.9619645476341248;0.0;0.667477245503997;0.5991873594733563;0.40081264052664367
1730782954.710413;/app/bags/user95_2017-02-24.bag;0.834065854549408;0.0;0.9619645476341248;0.0;0.667477245503997;0.5991873594733563;0.40081264052664367
1730782954.9103858;/app/bags/user95_2017-02-24.bag;0.834065854549408;0.0;0.9619645476341248;0.0;0.667477245503997;0.5991873594733563;0.40081264052664367
1730782955.110377;/app/bags/user95_2017-02-24.bag;0.834065854549408;0.0;0.9619645476341248;0.0;0.667477245503997;0.5991873594733563;0.40081264052664367
1730782955.3104463;/app/bags/user95_2017-02-24.bag;0.834065854549408;0.0;0.9619645476341248;0.0;0.667477245503997;0.5991873594733563;0.40081264052664367
1730782955.5103638;/app/bags/user95_2017-02-24.bag;0.834065854549408;0.0;0.9619645476341248;0.0;0.667477245503997;0.5991873594733563;0.40081264052664367
1730782955.71039;/app/bags/user95_2017-02-24.bag;0.834065854549408;0.0;0.9619645476341248;0.0;0.667477245503997;0.5991873594733563;0.40081264052664367
1730782955.9104164;/app/bags/user95_2017-02-24.bag;0.834065854549408;0.0;0.9619645476341248;0.0;0.667477245503997;0.5991873594733563;0.40081264052664367
1730782956.110452;/app/bags/user95_2017-02-24.bag;0.834065854549408;0.0;0.9619645476341248;0.0;0.667477245503997;0.5991873594733563;0.40081264052664367
1730782956.310366;/app/bags/user95_2017-02-24.bag;0.834065854549408;0.0;0.9619645476341248;0.0;0.667477245503997;0.5991873594733563;0.40081264052664367
1730782956.5103939;/app/bags/user95_2017-02-24.bag;0.834065854549408;0.0;0.9619645476341248;0.0;0.667477245503997;0.5991873594733563;0.40081264052664367
1730782956.7103848;/app/bags/user95_2017-02-24.bag;0.834065854549408;0.0;0.9619645476341248;0.0;0.667477245503997;0.5991873594733563;0.40081264052664367
1730782956.9104254;/app/bags/user95_2017-02-24.bag;0.834065854549408;0.0;0.9619645476341248;0.0;0.667477245503997;0.5991873594733563;0.40081264052664367
1730782957.1103845;/app/bags/user95_2017-02-24.bag;0.834065854549408;0.0;0.9619645476341248;0.0;0.667477245503997;0.5991873594733563;0.40081264052664367
1730782957.310393;/app/bags/user95_2017-02-24.bag;0.834065854549408;0.0;0.9619645476341248;0.0;0.667477245503997;0.5991873594733563;0.40081264052664367
1730782957.5103793;/app/bags/user95_2017-02-24.bag;0.834065854549408;0.0;0.9619645476341248;0.0;0.667477245503997;0.5991873594733563;0.40081264052664367
1730782957.7104194;/app/bags/user95_2017-02-24.bag;0.834065854549408;0.0;0.9619645476341248;0.0;0.667477245503997;0.5991873594733563;0.40081264052664367
1730782957.910431;/app/bags/user95_2017-02-24.bag;0.834065854549408;0.0;0.9619645476341248;0.0;0.667477245503997;0.5991873594733563;0.40081264052664367
1730782958.1103773;/app/bags/user95_2017-02-24.bag;0.834065854549408;0.0;0.9619645476341248;0.0;0.667477245503997;0.5991873594733563;0.40081264052664367
1730782958.3104198;/app/bags/user95_2017-02-24.bag;0.834065854549408;0.0;0.9619645476341248;0.0;0.667477245503997;0.5991873594733563;0.40081264052664367
1730782958.5103838;/app/bags/user95_2017-02-24.bag;0.834065854549408;0.0;0.9619645476341248;0.0;0.667477245503997;0.5991873594733563;0.40081264052664367
1730782958.7105231;/app/bags/user95_2017-02-24.bag;0.834065854549408;0.0;0.9619645476341248;0.0;0.667477245503997;0.5991873594733563;0.40081264052664367
1730782958.9104006;/app/bags/user95_2017-02-24.bag;0.834065854549408;0.0;0.9619645476341248;0.0;0.667477245503997;0.5991873594733563;0.40081264052664367
1730782959.110519;/app/bags/user95_2017-02-24.bag;0.834065854549408;0.0;0.9619645476341248;0.0;0.667477245503997;0.5991873594733563;0.40081264052664367
1730782959.310392;/app/bags/user95_2017-02-24.bag;0.834065854549408;0.0;0.9619645476341248;0.0;0.667477245503997;0.5991873594733563;0.40081264052664367
1730782959.5103722;/app/bags/user95_2017-02-24.bag;0.834065854549408;0.0;0.9619645476341248;0.0;0.667477245503997;0.5991873594733563;0.40081264052664367
1730782959.7103972;/app/bags/user95_2017-02-24.bag;0.834065854549408;0.0;0.9619645476341248;0.0;0.667477245503997;0.5991873594733563;0.40081264052664367
1730782959.9104156;/app/bags/user95_2017-02-24.bag;0.834065854549408;0.0;0.9619645476341248;0.0;0.667477245503997;0.5991873594733563;0.40081264052664367
1730782960.110382;/app/bags/user95_2017-02-24.bag;0.834065854549408;0.0;0.9619645476341248;0.0;0.667477245503997;0.5991873594733563;0.40081264052664367
1730782960.3103826;/app/bags/user95_2017-02-24.bag;0.834065854549408;0.0;0.9619645476341248;0.0;0.667477245503997;0.5991873594733563;0.40081264052664367
1730782960.5104065;/app/bags/user95_2017-02-24.bag;0.834065854549408;0.0;0.9619645476341248;0.0;0.667477245503997;0.5991873594733563;0.40081264052664367
1730782960.7103627;/app/bags/user95_2017-02-24.bag;0.834065854549408;0.0;0.9619645476341248;0.0;0.667477245503997;0.5991873594733563;0.40081264052664367
1730782960.9103684;/app/bags/user95_2017-02-24.bag;0.834065854549408;0.0;0.9619645476341248;0.0;0.667477245503997;0.5991873594733563;0.40081264052664367
1730782961.1103754;/app/bags/user95_2017-02-24.bag;0.834065854549408;0.0;0.9619645476341248;0.0;0.667477245503997;0.5991873594733563;0.40081264052664367
1730782961.3104475;/app/bags/user95_2017-02-24.bag;0.834065854549408;0.0;0.9619645476341248;0.0;0.667477245503997;0.5991873594733563;0.40081264052664367
1730782961.5104678;/app/bags/user95_2017-02-24.bag;0.834065854549408;0.0;0.9619645476341248;0.0;0.667477245503997;0.5991873594733563;0.40081264052664367
1730782961.7104177;/app/bags/user95_2017-02-24.bag;0.834065854549408;0.0;0.9619645476341248;0.0;0.667477245503997;0.5991873594733563;0.40081264052664367
1730782961.9103694;/app/bags/user95_2017-02-24.bag;0.834065854549408;0.0;0.9619645476341248;0.0;0.667477245503997;0.5991873594733563;0.40081264052664367
1730782962.110433;/app/bags/user95_2017-02-24.bag;0.834065854549408;0.0;0.9619645476341248;0.0;0.667477245503997;0.5991873594733563;0.40081264052664367
1730782962.3103619;/app/bags/user95_2017-02-24.bag;0.834065854549408;0.0;0.9619645476341248;0.0;0.667477245503997;0.5991873594733563;0.40081264052664367
1730782962.5104005;/app/bags/user95_2017-02-24.bag;0.834065854549408;0.0;0.9619645476341248;0.0;0.667477245503997;0.5991873594733563;0.40081264052664367
1730782962.710373;/app/bags/user95_2017-02-24.bag;0.834065854549408;0.0;0.9619645476341248;0.0;0.667477245503997;0.5991873594733563;0.40081264052664367
1730782962.9104383;/app/bags/user95_2017-02-24.bag;0.834065854549408;0.0;0.9619645476341248;0.0;0.667477245503997;0.5991873594733563;0.40081264052664367
1730782963.110493;/app/bags/user95_2017-02-24.bag;0.834065854549408;0.0;0.9619645476341248;0.0;0.667477245503997;0.5991873594733563;0.40081264052664367
1730782963.3104067;/app/bags/user95_2017-02-24.bag;0.834065854549408;0.0;0.9619645476341248;0.0;0.667477245503997;0.5991873594733563;0.40081264052664367
1730782963.5103767;/app/bags/user95_2017-02-24.bag;0.834065854549408;0.0;0.9619645476341248;0.0;0.667477245503997;0.5991873594733563;0.40081264052664367
1730782963.710366;/app/bags/user95_2017-02-24.bag;0.834065854549408;0.0;0.9619645476341248;0.0;0.667477245503997;0.5991873594733563;0.40081264052664367
1730782963.910467;/app/bags/user95_2017-02-24.bag;0.834065854549408;0.0;0.9619645476341248;0.0;0.667477245503997;0.5991873594733563;0.40081264052664367
1730782964.110383;/app/bags/user95_2017-02-24.bag;0.834065854549408;0.0;0.9619645476341248;0.0;0.667477245503997;0.5991873594733563;0.40081264052664367
1730782964.310385;/app/bags/user95_2017-02-24.bag;0.834065854549408;0.0;0.9619645476341248;0.0;0.667477245503997;0.5991873594733563;0.40081264052664367
1730782964.5103703;/app/bags/user95_2017-02-24.bag;0.834065854549408;0.0;0.9619645476341248;0.0;0.667477245503997;0.5991873594733563;0.40081264052664367
1730782964.7104292;/app/bags/user95_2017-02-24.bag;0.834065854549408;0.0;0.9619645476341248;0.0;0.667477245503997;0.5991873594733563;0.40081264052664367
1730782964.9103994;/app/bags/user95_2017-02-24.bag;0.834065854549408;0.0;0.9619645476341248;0.0;0.667477245503997;0.5991873594733563;0.40081264052664367
1730782965.110379;/app/bags/user95_2017-02-24.bag;0.834065854549408;0.0;0.9619645476341248;0.0;0.667477245503997;0.5991873594733563;0.40081264052664367
1730782965.3103797;/app/bags/user95_2017-02-24.bag;0.834065854549408;0.0;0.9619645476341248;0.0;0.667477245503997;0.5991873594733563;0.40081264052664367
1730782965.5104082;/app/bags/user95_2017-02-24.bag;0.834065854549408;0.0;0.9619645476341248;0.0;0.667477245503997;0.5991873594733563;0.40081264052664367
1730782965.7104259;/app/bags/user95_2017-02-24.bag;0.834065854549408;0.0;0.9619645476341248;0.0;0.667477245503997;0.5991873594733563;0.40081264052664367
1730782965.9103842;/app/bags/user95_2017-02-24.bag;0.834065854549408;0.0;0.9619645476341248;0.0;0.667477245503997;0.5991873594733563;0.40081264052664367
1730782966.1103797;/app/bags/user95_2017-02-24.bag;0.834065854549408;0.0;0.9619645476341248;0.0;0.667477245503997;0.5991873594733563;0.40081264052664367
1730782966.3104413;/app/bags/user95_2017-02-24.bag;0.834065854549408;0.0;0.9619645476341248;0.0;0.667477245503997;0.5991873594733563;0.40081264052664367
1730782966.5103571;/app/bags/user95_2017-02-24.bag;0.834065854549408;0.0;0.9619645476341248;0.0;0.667477245503997;0.5991873594733563;0.40081264052664367
1730782966.7103941;/app/bags/user95_2017-02-24.bag;0.834065854549408;0.0;0.9619645476341248;0.0;0.667477245503997;0.5991873594733563;0.40081264052664367
1730782966.9103892;/app/bags/user95_2017-02-24.bag;0.834065854549408;0.0;0.9619645476341248;0.0;0.667477245503997;0.5991873594733563;0.40081264052664367
1730782967.1103675;/app/bags/user95_2017-02-24.bag;0.834065854549408;0.0;0.9619645476341248;0.0;0.667477245503997;0.5991873594733563;0.40081264052664367
1730782967.3105402;/app/bags/user95_2017-02-24.bag;0.834065854549408;0.0;0.9619645476341248;0.0;0.667477245503997;0.5991873594733563;0.40081264052664367
1730782967.510405;/app/bags/user95_2017-02-24.bag;0.834065854549408;0.0;0.9619645476341248;0.0;0.667477245503997;0.5991873594733563;0.40081264052664367
1730782967.710401;/app/bags/user95_2017-02-24.bag;0.834065854549408;0.0;0.9619645476341248;0.0;0.667477245503997;0.5991873594733563;0.40081264052664367
1730782967.910467;/app/bags/user95_2017-02-24.bag;0.834065854549408;0.0;0.9619645476341248;0.0;0.667477245503997;0.5991873594733563;0.40081264052664367
1730782968.1104321;/app/bags/user95_2017-02-24.bag;0.834065854549408;0.0;0.9619645476341248;0.0;0.667477245503997;0.5991873594733563;0.40081264052664367
1730782968.3103862;/app/bags/user95_2017-02-24.bag;0.834065854549408;0.0;0.9619645476341248;0.0;0.667477245503997;0.5991873594733563;0.40081264052664367
1730782968.510407;/app/bags/user95_2017-02-24.bag;0.834065854549408;0.0;0.9619645476341248;0.0;0.667477245503997;0.5991873594733563;0.40081264052664367
1730782968.7103827;/app/bags/user95_2017-02-24.bag;0.834065854549408;0.0;0.9619645476341248;0.0;0.667477245503997;0.5991873594733563;0.40081264052664367
1730782968.9104455;/app/bags/user95_2017-02-24.bag;0.834065854549408;0.0;0.9619645476341248;0.0;0.667477245503997;0.5991873594733563;0.40081264052664367
1730782969.110407;/app/bags/user95_2017-02-24.bag;0.834065854549408;0.0;0.9619645476341248;0.0;0.667477245503997;0.5991873594733563;0.40081264052664367
1730782969.3104258;/app/bags/user95_2017-02-24.bag;0.834065854549408;0.0;0.9619645476341248;0.0;0.667477245503997;0.5991873594733563;0.40081264052664367
1730782969.510339;/app/bags/user95_2017-02-24.bag;0.834065854549408;0.0;0.9619645476341248;0.0;0.667477245503997;0.5991873594733563;0.40081264052664367
1730782969.7104;/app/bags/user95_2017-02-24.bag;0.834065854549408;0.0;0.9619645476341248;0.0;0.667477245503997;0.5991873594733563;0.40081264052664367
1730782969.9103482;/app/bags/user95_2017-02-24.bag;0.834065854549408;0.0;0.9619645476341248;0.0;0.667477245503997;0.5991873594733563;0.40081264052664367
1730782970.1103888;/app/bags/user95_2017-02-24.bag;0.834065854549408;0.0;0.9619645476341248;0.0;0.667477245503997;0.5991873594733563;0.40081264052664367
1730782970.3103948;/app/bags/user95_2017-02-24.bag;0.834065854549408;0.0;0.9619645476341248;0.0;0.667477245503997;0.5991873594733563;0.40081264052664367
1730782970.5103998;/app/bags/user95_2017-02-24.bag;0.834065854549408;0.0;0.9619645476341248;0.0;0.667477245503997;0.5991873594733563;0.40081264052664367
1730782970.7104332;/app/bags/user95_2017-02-24.bag;0.834065854549408;0.0;0.9619645476341248;0.0;0.667477245503997;0.5991873594733563;0.40081264052664367
1730782970.9103572;/app/bags/user95_2017-02-24.bag;0.834065854549408;0.0;0.9619645476341248;0.0;0.667477245503997;0.5991873594733563;0.40081264052664367
1730782971.1103928;/app/bags/user95_2017-02-24.bag;0.834065854549408;0.0;0.9619645476341248;0.0;0.667477245503997;0.5991873594733563;0.40081264052664367
1730782971.310363;/app/bags/user95_2017-02-24.bag;0.834065854549408;0.0;0.9619645476341248;0.0;0.667477245503997;0.5991873594733563;0.40081264052664367
1730782971.510366;/app/bags/user95_2017-02-24.bag;0.834065854549408;0.0;0.9619645476341248;0.0;0.667477245503997;0.5991873594733563;0.40081264052664367
1730782971.7103806;/app/bags/user95_2017-02-24.bag;0.834065854549408;0.0;0.9619645476341248;0.0;0.667477245503997;0.5991873594733563;0.40081264052664367
1730782971.9103758;/app/bags/user95_2017-02-24.bag;0.834065854549408;0.0;0.9619645476341248;0.0;0.667477245503997;0.5991873594733563;0.40081264052664367
1730782972.1103556;/app/bags/user95_2017-02-24.bag;0.834065854549408;0.0;0.9619645476341248;0.0;0.667477245503997;0.5991873594733563;0.40081264052664367
1730782972.3103852;/app/bags/user95_2017-02-24.bag;0.834065854549408;0.0;0.9619645476341248;0.0;0.667477245503997;0.5991873594733563;0.40081264052664367
1730782972.5105138;/app/bags/user95_2017-02-24.bag;0.834065854549408;0.0;0.9619645476341248;0.0;0.667477245503997;0.5991873594733563;0.40081264052664367
1730782972.7103763;/app/bags/user95_2017-02-24.bag;0.834065854549408;0.0;0.9619645476341248;0.0;0.667477245503997;0.5991873594733563;0.40081264052664367
1730782972.9103894;/app/bags/user95_2017-02-24.bag;0.834065854549408;0.0;0.9619645476341248;0.0;0.667477245503997;0.5991873594733563;0.40081264052664367
1730782973.110377;/app/bags/user95_2017-02-24.bag;0.834065854549408;0.0;0.9619645476341248;0.0;0.667477245503997;0.5991873594733563;0.40081264052664367
1730782973.3103704;/app/bags/user95_2017-02-24.bag;0.834065854549408;0.0;0.9619645476341248;0.0;0.667477245503997;0.5991873594733563;0.40081264052664367
1730782973.5104578;/app/bags/user95_2017-02-24.bag;0.834065854549408;0.0;0.9619645476341248;0.0;0.667477245503997;0.5991873594733563;0.40081264052664367
1730782973.7103932;/app/bags/user95_2017-02-24.bag;0.834065854549408;0.0;0.9619645476341248;0.0;0.667477245503997;0.5991873594733563;0.40081264052664367
1730782973.9103749;/app/bags/user95_2017-02-24.bag;0.834065854549408;0.0;0.9619645476341248;0.0;0.667477245503997;0.5991873594733563;0.40081264052664367
1730782974.1104043;/app/bags/user95_2017-02-24.bag;0.834065854549408;0.0;0.9619645476341248;0.0;0.667477245503997;0.5991873594733563;0.40081264052664367
1730782974.3104098;/app/bags/user95_2017-02-24.bag;0.834065854549408;0.0;0.9619645476341248;0.0;0.667477245503997;0.5991873594733563;0.40081264052664367
1730782974.510391;/app/bags/user95_2017-02-24.bag;0.834065854549408;0.0;0.9619645476341248;0.0;0.667477245503997;0.5991873594733563;0.40081264052664367
1730782974.7103786;/app/bags/user95_2017-02-24.bag;0.834065854549408;0.0;0.9619645476341248;0.0;0.667477245503997;0.5991873594733563;0.40081264052664367
1730782974.910426;/app/bags/user95_2017-02-24.bag;0.834065854549408;0.0;0.9619645476341248;0.0;0.667477245503997;0.5991873594733563;0.40081264052664367
1730782975.1104035;/app/bags/user95_2017-02-24.bag;0.834065854549408;0.0;0.9619645476341248;0.0;0.667477245503997;0.5991873594733563;0.40081264052664367
1730782975.3103967;/app/bags/user95_2017-02-24.bag;0.834065854549408;0.0;0.9619645476341248;0.0;0.667477245503997;0.5991873594733563;0.40081264052664367
1730782975.5103898;/app/bags/user95_2017-02-24.bag;0.834065854549408;0.0;0.9619645476341248;0.0;0.667477245503997;0.5991873594733563;0.40081264052664367
1730782975.7104003;/app/bags/user95_2017-02-24.bag;0.834065854549408;0.0;0.9619645476341248;0.0;0.667477245503997;0.5991873594733563;0.40081264052664367
1730782975.9103763;/app/bags/user95_2017-02-24.bag;0.834065854549408;0.0;0.9619645476341248;0.0;0.667477245503997;0.5991873594733563;0.40081264052664367
1730782976.1103737;/app/bags/user95_2017-02-24.bag;0.834065854549408;0.0;0.9619645476341248;0.0;0.667477245503997;0.5991873594733563;0.40081264052664367
1730782976.3104856;/app/bags/user95_2017-02-24.bag;0.834065854549408;0.0;0.9619645476341248;0.0;0.667477245503997;0.5991873594733563;0.40081264052664367
1730782976.510396;/app/bags/user95_2017-02-24.bag;0.834065854549408;0.0;0.9619645476341248;0.0;0.667477245503997;0.5991873594733563;0.40081264052664367
1730782976.7103672;/app/bags/user95_2017-02-24.bag;0.834065854549408;0.0;0.9619645476341248;0.0;0.667477245503997;0.5991873594733563;0.40081264052664367
1730782976.9103596;/app/bags/user95_2017-02-24.bag;0.834065854549408;0.0;0.9619645476341248;0.0;0.667477245503997;0.5991873594733563;0.40081264052664367
1730782977.1103823;/app/bags/user95_2017-02-24.bag;0.834065854549408;0.0;0.9619645476341248;0.0;0.667477245503997;0.5991873594733563;0.40081264052664367
1730782977.3103878;/app/bags/user95_2017-02-24.bag;0.834065854549408;0.0;0.9619645476341248;0.0;0.667477245503997;0.5991873594733563;0.40081264052664367
1730782977.510416;/app/bags/user95_2017-02-24.bag;0.834065854549408;0.0;0.9619645476341248;0.0;0.667477245503997;0.5991873594733563;0.40081264052664367
1730782977.7104323;/app/bags/user95_2017-02-24.bag;0.834065854549408;0.0;0.9619645476341248;0.0;0.667477245503997;0.5991873594733563;0.40081264052664367
1730782977.910387;/app/bags/user95_2017-02-24.bag;0.834065854549408;0.0;0.9619645476341248;0.0;0.667477245503997;0.5991873594733563;0.40081264052664367
1730782978.1104646;/app/bags/user95_2017-02-24.bag;0.834065854549408;0.0;0.9619645476341248;0.0;0.667477245503997;0.5991873594733563;0.40081264052664367
1730782978.3104205;/app/bags/user95_2017-02-24.bag;0.834065854549408;0.0;0.9619645476341248;0.0;0.667477245503997;0.5991873594733563;0.40081264052664367
1730782978.5103927;/app/bags/user95_2017-02-24.bag;0.834065854549408;0.0;0.9619645476341248;0.0;0.667477245503997;0.5991873594733563;0.40081264052664367
1730782978.7104046;/app/bags/user95_2017-02-24.bag;0.834065854549408;0.0;0.9619645476341248;0.0;0.667477245503997;0.5991873594733563;0.40081264052664367
1730782978.9103575;/app/bags/user95_2017-02-24.bag;0.834065854549408;0.0;0.9619645476341248;0.0;0.667477245503997;0.5991873594733563;0.40081264052664367
1730782979.1103709;/app/bags/user95_2017-02-24.bag;0.834065854549408;0.0;0.9619645476341248;0.0;0.667477245503997;0.5991873594733563;0.40081264052664367
1730782979.310385;/app/bags/user95_2017-02-24.bag;0.834065854549408;0.0;0.9619645476341248;0.0;0.667477245503997;0.5991873594733563;0.40081264052664367
1730782979.5103798;/app/bags/user95_2017-02-24.bag;0.834065854549408;0.0;0.9619645476341248;0.0;0.667477245503997;0.5991873594733563;0.40081264052664367
1730782979.710378;/app/bags/user95_2017-02-24.bag;0.834065854549408;0.0;0.9619645476341248;0.0;0.667477245503997;0.5991873594733563;0.40081264052664367
1730782979.9104667;/app/bags/user95_2017-02-24.bag;0.834065854549408;0.0;0.9619645476341248;0.0;0.667477245503997;0.5991873594733563;0.40081264052664367
1730782980.110404;/app/bags/user95_2017-02-24.bag;0.834065854549408;0.0;0.9619645476341248;0.0;0.667477245503997;0.5991873594733563;0.40081264052664367
1730782980.3104668;/app/bags/user95_2017-02-24.bag;0.834065854549408;0.0;0.9619645476341248;0.0;0.667477245503997;0.5991873594733563;0.40081264052664367
1730782980.510385;/app/bags/user95_2017-02-24.bag;0.834065854549408;0.0;0.9619645476341248;0.0;0.667477245503997;0.5991873594733563;0.40081264052664367
1730782980.7103705;/app/bags/user95_2017-02-24.bag;0.834065854549408;0.0;0.9619645476341248;0.0;0.667477245503997;0.5991873594733563;0.40081264052664367
1730782980.910485;/app/bags/user95_2017-02-24.bag;0.834065854549408;0.0;0.9619645476341248;0.0;0.667477245503997;0.5991873594733563;0.40081264052664367
1730782981.1103816;/app/bags/user95_2017-02-24.bag;0.834065854549408;0.0;0.9619645476341248;0.0;0.667477245503997;0.5991873594733563;0.40081264052664367
1730782981.3104334;/app/bags/user95_2017-02-24.bag;0.834065854549408;0.0;0.9619645476341248;0.0;0.667477245503997;0.5991873594733563;0.40081264052664367
1730782981.5103884;/app/bags/user95_2017-02-24.bag;0.834065854549408;0.0;0.9619645476341248;0.0;0.667477245503997;0.5991873594733563;0.40081264052664367
1730782981.7104247;/app/bags/user95_2017-02-24.bag;0.834065854549408;0.0;0.9619645476341248;0.0;0.667477245503997;0.5991873594733563;0.40081264052664367
1730782981.910424;/app/bags/user95_2017-02-24.bag;0.834065854549408;0.0;0.9619645476341248;0.0;0.667477245503997;0.5991873594733563;0.40081264052664367
1730782982.1104436;/app/bags/user95_2017-02-24.bag;0.834065854549408;0.0;0.9619645476341248;0.0;0.667477245503997;0.5991873594733563;0.40081264052664367
1730782982.3104105;/app/bags/user95_2017-02-24.bag;0.834065854549408;0.0;0.9619645476341248;0.0;0.667477245503997;0.5991873594733563;0.40081264052664367
1730782982.510403;/app/bags/user95_2017-02-24.bag;0.834065854549408;0.0;0.9619645476341248;0.0;0.667477245503997;0.5991873594733563;0.40081264052664367
1730782982.7103732;/app/bags/user95_2017-02-24.bag;0.834065854549408;0.0;0.9619645476341248;0.0;0.667477245503997;0.5991873594733563;0.40081264052664367
1730782982.9104002;/app/bags/user95_2017-02-24.bag;0.834065854549408;0.0;0.9619645476341248;0.0;0.667477245503997;0.5991873594733563;0.40081264052664367
1730782983.1103935;/app/bags/user95_2017-02-24.bag;0.834065854549408;0.0;0.9619645476341248;0.0;0.667477245503997;0.5991873594733563;0.40081264052664367
1730782983.31037;/app/bags/user95_2017-02-24.bag;0.834065854549408;0.0;0.9619645476341248;0.0;0.667477245503997;0.5991873594733563;0.40081264052664367
1730782983.5103948;/app/bags/user95_2017-02-24.bag;0.834065854549408;0.0;0.9619645476341248;0.0;0.667477245503997;0.5991873594733563;0.40081264052664367
1730782983.7103791;/app/bags/user95_2017-02-24.bag;0.834065854549408;0.0;0.9619645476341248;0.0;0.667477245503997;0.5991873594733563;0.40081264052664367
1730782983.91046;/app/bags/user95_2017-02-24.bag;0.834065854549408;0.0;0.9619645476341248;0.0;0.667477245503997;0.5991873594733563;0.40081264052664367
1730782984.1104298;/app/bags/user95_2017-02-24.bag;0.834065854549408;0.0;0.9619645476341248;0.0;0.667477245503997;0.5991873594733563;0.40081264052664367
1730782984.3103652;/app/bags/user95_2017-02-24.bag;0.834065854549408;0.0;0.9619645476341248;0.0;0.667477245503997;0.5991873594733563;0.40081264052664367
1730782984.5103781;/app/bags/user95_2017-02-24.bag;0.834065854549408;0.0;0.9619645476341248;0.0;0.667477245503997;0.5991873594733563;0.40081264052664367
1730782984.7103815;/app/bags/user95_2017-02-24.bag;0.834065854549408;0.0;0.9619645476341248;0.0;0.667477245503997;0.5991873594733563;0.40081264052664367
1730782984.9104552;/app/bags/user95_2017-02-24.bag;0.834065854549408;0.0;0.9619645476341248;0.0;0.667477245503997;0.5991873594733563;0.40081264052664367
1730782985.110375;/app/bags/user95_2017-02-24.bag;0.834065854549408;0.0;0.9619645476341248;0.0;0.667477245503997;0.5991873594733563;0.40081264052664367
1730782985.3104181;/app/bags/user95_2017-02-24.bag;0.834065854549408;0.0;0.9619645476341248;0.0;0.667477245503997;0.5991873594733563;0.40081264052664367
1730782985.5103824;/app/bags/user95_2017-02-24.bag;0.834065854549408;0.0;0.9619645476341248;0.0;0.667477245503997;0.5991873594733563;0.40081264052664367
1730782985.710367;/app/bags/user95_2017-02-24.bag;0.834065854549408;0.0;0.9619645476341248;0.0;0.667477245503997;0.5991873594733563;0.40081264052664367
1730782985.910378;/app/bags/user95_2017-02-24.bag;0.834065854549408;0.0;0.9619645476341248;0.0;0.667477245503997;0.5991873594733563;0.40081264052664367
1730782986.1104748;/app/bags/user95_2017-02-24.bag;0.834065854549408;0.0;0.9619645476341248;0.0;0.667477245503997;0.5991873594733563;0.40081264052664367
1730782986.3104184;/app/bags/user95_2017-02-24.bag;0.834065854549408;0.0;0.9619645476341248;0.0;0.667477245503997;0.5991873594733563;0.40081264052664367
1730782986.5103586;/app/bags/user95_2017-02-24.bag;0.834065854549408;0.0;0.9619645476341248;0.0;0.667477245503997;0.5991873594733563;0.40081264052664367
1730782986.7104127;/app/bags/user95_2017-02-24.bag;0.834065854549408;0.0;0.9619645476341248;0.0;0.667477245503997;0.5991873594733563;0.40081264052664367
1730782986.9103758;/app/bags/user95_2017-02-24.bag;0.834065854549408;0.0;0.9619645476341248;0.0;0.667477245503997;0.5991873594733563;0.40081264052664367
1730782987.1105623;/app/bags/user95_2017-02-24.bag;0.834065854549408;0.0;0.9619645476341248;0.0;0.667477245503997;0.5991873594733563;0.40081264052664367
1730782987.310405;/app/bags/user95_2017-02-24.bag;0.834065854549408;0.0;0.9619645476341248;0.0;0.667477245503997;0.5991873594733563;0.40081264052664367
1730782987.5103972;/app/bags/user95_2017-02-24.bag;0.834065854549408;0.0;0.9619645476341248;0.0;0.667477245503997;0.5991873594733563;0.40081264052664367
1730782987.7104247;/app/bags/user95_2017-02-24.bag;0.834065854549408;0.0;0.9619645476341248;0.0;0.667477245503997;0.5991873594733563;0.40081264052664367
1730782987.910391;/app/bags/user95_2017-02-24.bag;0.834065854549408;0.0;0.9619645476341248;0.0;0.667477245503997;0.5991873594733563;0.40081264052664367
1730782988.1103811;/app/bags/user95_2017-02-24.bag;0.834065854549408;0.0;0.9619645476341248;0.0;0.667477245503997;0.5991873594733563;0.40081264052664367
1730782988.3103921;/app/bags/user95_2017-02-24.bag;0.834065854549408;0.0;0.9619645476341248;0.0;0.667477245503997;0.5991873594733563;0.40081264052664367
1730782988.5103452;/app/bags/user95_2017-02-24.bag;0.834065854549408;0.0;0.9619645476341248;0.0;0.667477245503997;0.5991873594733563;0.40081264052664367
1730782988.7103653;/app/bags/user95_2017-02-24.bag;0.834065854549408;0.0;0.9619645476341248;0.0;0.667477245503997;0.5991873594733563;0.40081264052664367
1730782988.9104369;/app/bags/user95_2017-02-24.bag;0.834065854549408;0.0;0.9619645476341248;0.0;0.667477245503997;0.5991873594733563;0.40081264052664367
1730782989.1103985;/app/bags/user95_2017-02-24.bag;0.834065854549408;0.0;0.9619645476341248;0.0;0.667477245503997;0.5991873594733563;0.40081264052664367
1730782989.3104618;/app/bags/user95_2017-02-24.bag;0.834065854549408;0.0;0.9619645476341248;0.0;0.667477245503997;0.5991873594733563;0.40081264052664367
1730782989.5103734;/app/bags/user95_2017-02-24.bag;0.834065854549408;0.0;0.9619645476341248;0.0;0.667477245503997;0.5991873594733563;0.40081264052664367
1730782989.7103875;/app/bags/user95_2017-02-24.bag;0.834065854549408;0.0;0.9619645476341248;0.0;0.667477245503997;0.5991873594733563;0.40081264052664367
1730782989.9103856;/app/bags/user95_2017-02-24.bag;0.834065854549408;0.0;0.9619645476341248;0.0;0.667477245503997;0.5991873594733563;0.40081264052664367
1730782990.110375;/app/bags/user95_2017-02-24.bag;0.834065854549408;0.0;0.9619645476341248;0.0;0.667477245503997;0.5991873594733563;0.40081264052664367
1730782990.310405;/app/bags/user95_2017-02-24.bag;0.834065854549408;0.0;0.9619645476341248;0.0;0.667477245503997;0.5991873594733563;0.40081264052664367
1730782990.5103762;/app/bags/user95_2017-02-24.bag;0.834065854549408;0.0;0.9619645476341248;0.0;0.667477245503997;0.5991873594733563;0.40081264052664367
1730782990.7104397;/app/bags/user95_2017-02-24.bag;0.834065854549408;0.0;0.9619645476341248;0.0;0.667477245503997;0.5991873594733563;0.40081264052664367
1730782990.9104376;/app/bags/user95_2017-02-24.bag;0.834065854549408;0.0;0.9619645476341248;0.0;0.667477245503997;0.5991873594733563;0.40081264052664367
1730782991.1104121;/app/bags/user95_2017-02-24.bag;0.834065854549408;0.0;0.9619645476341248;0.0;0.667477245503997;0.5991873594733563;0.40081264052664367
1730782991.310392;/app/bags/user95_2017-02-24.bag;0.834065854549408;0.0;0.9619645476341248;0.0;0.667477245503997;0.5991873594733563;0.40081264052664367
1730782991.510394;/app/bags/user95_2017-02-24.bag;0.834065854549408;0.0;0.9619645476341248;0.0;0.667477245503997;0.5991873594733563;0.40081264052664367
1730782991.7104404;/app/bags/user95_2017-02-24.bag;0.834065854549408;0.0;0.9619645476341248;0.0;0.667477245503997;0.5991873594733563;0.40081264052664367
1730782991.910355;/app/bags/user95_2017-02-24.bag;0.834065854549408;0.0;0.9619645476341248;0.0;0.667477245503997;0.5991873594733563;0.40081264052664367
1730782992.110337;/app/bags/user95_2017-02-24.bag;0.834065854549408;0.0;0.9619645476341248;0.0;0.667477245503997;0.5991873594733563;0.40081264052664367
1730782992.3103614;/app/bags/user95_2017-02-24.bag;0.834065854549408;0.0;0.9619645476341248;0.0;0.667477245503997;0.5991873594733563;0.40081264052664367
1730782992.510387;/app/bags/user95_2017-02-24.bag;0.834065854549408;0.0;0.9619645476341248;0.0;0.667477245503997;0.5991873594733563;0.40081264052664367
1730782992.7106054;/app/bags/user95_2017-02-24.bag;0.834065854549408;0.0;0.9619645476341248;0.0;0.667477245503997;0.5991873594733563;0.40081264052664367
1730782992.9103637;/app/bags/user95_2017-02-24.bag;0.834065854549408;0.0;0.9619645476341248;0.0;0.667477245503997;0.5991873594733563;0.40081264052664367
1730782993.1103635;/app/bags/user95_2017-02-24.bag;0.834065854549408;0.0;0.9619645476341248;0.0;0.667477245503997;0.5991873594733563;0.40081264052664367
1730782993.3104005;/app/bags/user95_2017-02-24.bag;0.834065854549408;0.0;0.9619645476341248;0.0;0.667477245503997;0.5991873594733563;0.40081264052664367
1730782993.5104058;/app/bags/user95_2017-02-24.bag;0.834065854549408;0.0;0.9619645476341248;0.0;0.667477245503997;0.5991873594733563;0.40081264052664367
1730782993.710397;/app/bags/user95_2017-02-24.bag;0.834065854549408;0.0;0.9619645476341248;0.0;0.667477245503997;0.5991873594733563;0.40081264052664367
1730782993.910413;/app/bags/user95_2017-02-24.bag;0.834065854549408;0.0;0.9619645476341248;0.0;0.667477245503997;0.5991873594733563;0.40081264052664367
1730782994.1103945;/app/bags/user95_2017-02-24.bag;0.834065854549408;0.0;0.9619645476341248;0.0;0.667477245503997;0.5991873594733563;0.40081264052664367
1730782994.3104496;/app/bags/user95_2017-02-24.bag;0.834065854549408;0.0;0.9619645476341248;0.0;0.667477245503997;0.5991873594733563;0.40081264052664367
1730782994.5103745;/app/bags/user95_2017-02-24.bag;0.834065854549408;0.0;0.9619645476341248;0.0;0.667477245503997;0.5991873594733563;0.40081264052664367
1730782994.710375;/app/bags/user95_2017-02-24.bag;0.834065854549408;0.0;0.9619645476341248;0.0;0.667477245503997;0.5991873594733563;0.40081264052664367
1730782994.910401;/app/bags/user95_2017-02-24.bag;0.834065854549408;0.0;0.9619645476341248;0.0;0.667477245503997;0.5991873594733563;0.40081264052664367
1730782995.1103818;/app/bags/user95_2017-02-24.bag;0.834065854549408;0.0;0.9619645476341248;0.0;0.667477245503997;0.5991873594733563;0.40081264052664367
1730782995.310385;/app/bags/user95_2017-02-24.bag;0.834065854549408;0.0;0.9619645476341248;0.0;0.667477245503997;0.5991873594733563;0.40081264052664367
1730782995.5103846;/app/bags/user95_2017-02-24.bag;0.834065854549408;0.0;0.9619645476341248;0.0;0.667477245503997;0.5991873594733563;0.40081264052664367
1730782995.710382;/app/bags/user95_2017-02-24.bag;0.834065854549408;0.0;0.9619645476341248;0.0;0.667477245503997;0.5991873594733563;0.40081264052664367
1730782995.910378;/app/bags/user95_2017-02-24.bag;0.834065854549408;0.0;0.9619645476341248;0.0;0.667477245503997;0.5991873594733563;0.40081264052664367
1730782996.1103737;/app/bags/user95_2017-02-24.bag;0.834065854549408;0.0;0.9619645476341248;0.0;0.667477245503997;0.5991873594733563;0.40081264052664367
1730782996.3104389;/app/bags/user95_2017-02-24.bag;0.834065854549408;0.0;0.9619645476341248;0.0;0.667477245503997;0.5991873594733563;0.40081264052664367
1730782996.5103645;/app/bags/user95_2017-02-24.bag;0.834065854549408;0.0;0.9619645476341248;0.0;0.667477245503997;0.5991873594733563;0.40081264052664367
1730782996.7103856;/app/bags/user95_2017-02-24.bag;0.834065854549408;0.0;0.9619645476341248;0.0;0.667477245503997;0.5991873594733563;0.40081264052664367
1730782996.9103892;/app/bags/user95_2017-02-24.bag;0.834065854549408;0.0;0.9619645476341248;0.0;0.667477245503997;0.5991873594733563;0.40081264052664367
1730782997.1104343;/app/bags/user95_2017-02-24.bag;0.834065854549408;0.0;0.9619645476341248;0.0;0.667477245503997;0.5991873594733563;0.40081264052664367
1730782997.3103702;/app/bags/user95_2017-02-24.bag;0.834065854549408;0.0;0.9619645476341248;0.0;0.667477245503997;0.5991873594733563;0.40081264052664367
1730782997.5104032;/app/bags/user95_2017-02-24.bag;0.834065854549408;0.0;0.9619645476341248;0.0;0.667477245503997;0.5991873594733563;0.40081264052664367
1730782997.710381;/app/bags/user95_2017-02-24.bag;0.834065854549408;0.0;0.9619645476341248;0.0;0.667477245503997;0.5991873594733563;0.40081264052664367
1730782997.9103847;/app/bags/user95_2017-02-24.bag;0.834065854549408;0.0;0.9619645476341248;0.0;0.667477245503997;0.5991873594733563;0.40081264052664367
1730782998.1104188;/app/bags/user95_2017-02-24.bag;0.834065854549408;0.0;0.9619645476341248;0.0;0.667477245503997;0.5991873594733563;0.40081264052664367
1730782998.3103848;/app/bags/user95_2017-02-24.bag;0.834065854549408;0.0;0.9619645476341248;0.0;0.667477245503997;0.5991873594733563;0.40081264052664367
1730782998.5103514;/app/bags/user95_2017-02-24.bag;0.834065854549408;0.0;0.9619645476341248;0.0;0.667477245503997;0.5991873594733563;0.40081264052664367
1730782998.7104254;/app/bags/user95_2017-02-24.bag;0.834065854549408;0.0;0.9619645476341248;0.0;0.667477245503997;0.5991873594733563;0.40081264052664367
1730782998.910348;/app/bags/user95_2017-02-24.bag;0.834065854549408;0.0;0.9619645476341248;0.0;0.667477245503997;0.5991873594733563;0.40081264052664367
1730782999.1103833;/app/bags/user95_2017-02-24.bag;0.834065854549408;0.0;0.9619645476341248;0.0;0.667477245503997;0.5991873594733563;0.40081264052664367
1730782999.3104239;/app/bags/user95_2017-02-24.bag;0.834065854549408;0.0;0.9619645476341248;0.0;0.667477245503997;0.5991873594733563;0.40081264052664367
1730782999.5103564;/app/bags/user95_2017-02-24.bag;0.834065854549408;0.0;0.9619645476341248;0.0;0.667477245503997;0.5991873594733563;0.40081264052664367
1730782999.7103577;/app/bags/user95_2017-02-24.bag;0.834065854549408;0.0;0.9619645476341248;0.0;0.667477245503997;0.5991873594733563;0.40081264052664367
1730782999.9103818;/app/bags/user95_2017-02-24.bag;0.834065854549408;0.0;0.9619645476341248;0.0;0.667477245503997;0.5991873594733563;0.40081264052664367
1730783000.1103761;/app/bags/user95_2017-02-24.bag;0.834065854549408;0.0;0.9619645476341248;0.0;0.667477245503997;0.5991873594733563;0.40081264052664367
1730783000.3103826;/app/bags/user95_2017-02-24.bag;0.834065854549408;0.0;0.9619645476341248;0.0;0.667477245503997;0.5991873594733563;0.40081264052664367
1730783000.5104074;/app/bags/user95_2017-02-24.bag;0.834065854549408;0.0;0.9619645476341248;0.0;0.667477245503997;0.5991873594733563;0.40081264052664367
1730783000.7104282;/app/bags/user95_2017-02-24.bag;0.834065854549408;0.0;0.9619645476341248;0.0;0.667477245503997;0.5991873594733563;0.40081264052664367
1730783000.910382;/app/bags/user95_2017-02-24.bag;0.834065854549408;0.0;0.9619645476341248;0.0;0.667477245503997;0.5991873594733563;0.40081264052664367
1730783001.1103616;/app/bags/user95_2017-02-24.bag;0.834065854549408;0.0;0.9619645476341248;0.0;0.667477245503997;0.5991873594733563;0.40081264052664367
1730783001.310384;/app/bags/user95_2017-02-24.bag;0.834065854549408;0.0;0.9619645476341248;0.0;0.667477245503997;0.5991873594733563;0.40081264052664367
1730783001.5103962;/app/bags/user95_2017-02-24.bag;0.834065854549408;0.0;0.9619645476341248;0.0;0.667477245503997;0.5991873594733563;0.40081264052664367
1730783001.7104015;/app/bags/user95_2017-02-24.bag;0.834065854549408;0.0;0.9619645476341248;0.0;0.667477245503997;0.5991873594733563;0.40081264052664367
1730783001.9104285;/app/bags/user95_2017-02-24.bag;0.834065854549408;0.0;0.9619645476341248;0.0;0.667477245503997;0.5991873594733563;0.40081264052664367
1730783002.1104867;/app/bags/user95_2017-02-24.bag;0.834065854549408;0.0;0.9619645476341248;0.0;0.667477245503997;0.5991873594733563;0.40081264052664367
1730783002.3103955;/app/bags/user95_2017-02-24.bag;0.834065854549408;0.0;0.9619645476341248;0.0;0.667477245503997;0.5991873594733563;0.40081264052664367
1730783002.51038;/app/bags/user95_2017-02-24.bag;0.834065854549408;0.0;0.9619645476341248;0.0;0.667477245503997;0.5991873594733563;0.40081264052664367
1730783002.710401;/app/bags/user95_2017-02-24.bag;0.834065854549408;0.0;0.9619645476341248;0.0;0.667477245503997;0.5991873594733563;0.40081264052664367
1730783002.9104693;/app/bags/user95_2017-02-24.bag;0.834065854549408;0.0;0.9619645476341248;0.0;0.667477245503997;0.5991873594733563;0.40081264052664367
1730783003.1103976;/app/bags/user95_2017-02-24.bag;0.834065854549408;0.0;0.9619645476341248;0.0;0.667477245503997;0.5991873594733563;0.40081264052664367
1730783003.3104258;/app/bags/user95_2017-02-24.bag;0.834065854549408;0.0;0.9619645476341248;0.0;0.667477245503997;0.5991873594733563;0.40081264052664367
1730783003.5103686;/app/bags/user95_2017-02-24.bag;0.834065854549408;0.0;0.9619645476341248;0.0;0.667477245503997;0.5991873594733563;0.40081264052664367
1730783003.7103786;/app/bags/user95_2017-02-24.bag;0.834065854549408;0.0;0.9619645476341248;0.0;0.667477245503997;0.5991873594733563;0.40081264052664367
1730783003.910412;/app/bags/user95_2017-02-24.bag;0.834065854549408;0.0;0.9619645476341248;0.0;0.667477245503997;0.5991873594733563;0.40081264052664367
1730783004.1103973;/app/bags/user95_2017-02-24.bag;0.834065854549408;0.0;0.9619645476341248;0.0;0.667477245503997;0.5991873594733563;0.40081264052664367
1730783004.3103888;/app/bags/user95_2017-02-24.bag;0.834065854549408;0.0;0.9619645476341248;0.0;0.667477245503997;0.5991873594733563;0.40081264052664367
1730783004.5104568;/app/bags/user95_2017-02-24.bag;0.834065854549408;0.0;0.9619645476341248;0.0;0.667477245503997;0.5991873594733563;0.40081264052664367
1730783004.7103953;/app/bags/user95_2017-02-24.bag;0.834065854549408;0.0;0.9619645476341248;0.0;0.667477245503997;0.5991873594733563;0.40081264052664367
1730783004.9103599;/app/bags/user95_2017-02-24.bag;0.834065854549408;0.0;0.9619645476341248;0.0;0.667477245503997;0.5991873594733563;0.40081264052664367
1730783005.1104612;/app/bags/user95_2017-02-24.bag;0.834065854549408;0.0;0.9619645476341248;0.0;0.667477245503997;0.5991873594733563;0.40081264052664367
1730783005.310422;/app/bags/user95_2017-02-24.bag;0.834065854549408;0.0;0.9619645476341248;0.0;0.667477245503997;0.5991873594733563;0.40081264052664367
1730783005.51042;/app/bags/user95_2017-02-24.bag;0.834065854549408;0.0;0.9619645476341248;0.0;0.667477245503997;0.5991873594733563;0.40081264052664367
1730783005.7103777;/app/bags/user95_2017-02-24.bag;0.834065854549408;0.0;0.9619645476341248;0.0;0.667477245503997;0.5991873594733563;0.40081264052664367
1730783005.9103885;/app/bags/user95_2017-02-24.bag;0.834065854549408;0.0;0.9619645476341248;0.0;0.667477245503997;0.5991873594733563;0.40081264052664367
1730783006.1104689;/app/bags/user95_2017-02-24.bag;0.834065854549408;0.0;0.9619645476341248;0.0;0.667477245503997;0.5991873594733563;0.40081264052664367
1730783006.3103793;/app/bags/user95_2017-02-24.bag;0.834065854549408;0.0;0.9619645476341248;0.0;0.667477245503997;0.5991873594733563;0.40081264052664367
1730783006.5103538;/app/bags/user95_2017-02-24.bag;0.834065854549408;0.0;0.9619645476341248;0.0;0.667477245503997;0.5991873594733563;0.40081264052664367
1730783006.7103937;/app/bags/user95_2017-02-24.bag;0.834065854549408;0.0;0.9619645476341248;0.0;0.667477245503997;0.5991873594733563;0.40081264052664367
1730783006.9103904;/app/bags/user95_2017-02-24.bag;0.834065854549408;0.0;0.9619645476341248;0.0;0.667477245503997;0.5991873594733563;0.40081264052664367
1730783007.1103995;/app/bags/user95_2017-02-24.bag;0.834065854549408;0.0;0.9619645476341248;0.0;0.667477245503997;0.5991873594733563;0.40081264052664367
1730783007.3105283;/app/bags/user95_2017-02-24.bag;0.834065854549408;0.0;0.9619645476341248;0.0;0.667477245503997;0.5991873594733563;0.40081264052664367
1730783007.5105217;/app/bags/user95_2017-02-24.bag;0.834065854549408;0.0;0.9619645476341248;0.0;0.667477245503997;0.5991873594733563;0.40081264052664367
1730783007.7103803;/app/bags/user95_2017-02-24.bag;0.834065854549408;0.0;0.9619645476341248;0.0;0.667477245503997;0.5991873594733563;0.40081264052664367
1730783007.9103944;/app/bags/user95_2017-02-24.bag;0.834065854549408;0.0;0.9619645476341248;0.0;0.667477245503997;0.5991873594733563;0.40081264052664367
1730783008.110421;/app/bags/user95_2017-02-24.bag;0.834065854549408;0.0;0.9619645476341248;0.0;0.667477245503997;0.5991873594733563;0.40081264052664367
1730783008.3103971;/app/bags/user95_2017-02-24.bag;0.834065854549408;0.0;0.9619645476341248;0.0;0.667477245503997;0.5991873594733563;0.40081264052664367
1730783008.5103977;/app/bags/user95_2017-02-24.bag;0.834065854549408;0.0;0.9619645476341248;0.0;0.667477245503997;0.5991873594733563;0.40081264052664367
1730783008.7103777;/app/bags/user95_2017-02-24.bag;0.834065854549408;0.0;0.9619645476341248;0.0;0.667477245503997;0.5991873594733563;0.40081264052664367
1730783008.9103844;/app/bags/user95_2017-02-24.bag;0.834065854549408;0.0;0.9619645476341248;0.0;0.667477245503997;0.5991873594733563;0.40081264052664367
1730783009.11039;/app/bags/user95_2017-02-24.bag;0.834065854549408;0.0;0.9619645476341248;0.0;0.667477245503997;0.5991873594733563;0.40081264052664367
1730783009.3103683;/app/bags/user95_2017-02-24.bag;0.834065854549408;0.0;0.9619645476341248;0.0;0.667477245503997;0.5991873594733563;0.40081264052664367
1730783009.5104368;/app/bags/user95_2017-02-24.bag;0.834065854549408;0.0;0.9619645476341248;0.0;0.667477245503997;0.5991873594733563;0.40081264052664367
1730783009.7103808;/app/bags/user95_2017-02-24.bag;0.834065854549408;0.0;0.9619645476341248;0.0;0.667477245503997;0.5991873594733563;0.40081264052664367
1730783009.9103668;/app/bags/user95_2017-02-24.bag;0.834065854549408;0.0;0.9619645476341248;0.0;0.667477245503997;0.5991873594733563;0.40081264052664367
1730783010.1103442;/app/bags/user95_2017-02-24.bag;0.834065854549408;0.0;0.9619645476341248;0.0;0.667477245503997;0.5991873594733563;0.40081264052664367
1730783010.3103964;/app/bags/user95_2017-02-24.bag;0.834065854549408;0.0;0.9619645476341248;0.0;0.667477245503997;0.5991873594733563;0.40081264052664367
1730783010.5104306;/app/bags/user95_2017-02-24.bag;0.834065854549408;0.0;0.9619645476341248;0.0;0.667477245503997;0.5991873594733563;0.40081264052664367
1730783010.710398;/app/bags/user95_2017-02-24.bag;0.834065854549408;0.0;0.9619645476341248;0.0;0.667477245503997;0.5991873594733563;0.40081264052664367
1730783010.9103463;/app/bags/user95_2017-02-24.bag;0.834065854549408;0.0;0.9619645476341248;0.0;0.667477245503997;0.5991873594733563;0.40081264052664367
1730783011.110498;/app/bags/user95_2017-02-24.bag;0.834065854549408;0.0;0.9619645476341248;0.0;0.667477245503997;0.5991873594733563;0.40081264052664367
1730783011.310384;/app/bags/user95_2017-02-24.bag;0.834065854549408;0.0;0.9619645476341248;0.0;0.667477245503997;0.5991873594733563;0.40081264052664367
1730783011.5104516;/app/bags/user95_2017-02-24.bag;0.834065854549408;0.0;0.9619645476341248;0.0;0.667477245503997;0.5991873594733563;0.40081264052664367
1730783011.7104425;/app/bags/user95_2017-02-24.bag;0.834065854549408;0.0;0.9619645476341248;0.0;0.667477245503997;0.5991873594733563;0.40081264052664367
1730783011.9103768;/app/bags/user95_2017-02-24.bag;0.834065854549408;0.0;0.9619645476341248;0.0;0.667477245503997;0.5991873594733563;0.40081264052664367
1730783012.110376;/app/bags/user95_2017-02-24.bag;0.834065854549408;0.0;0.9619645476341248;0.0;0.667477245503997;0.5991873594733563;0.40081264052664367
1730783012.3104093;/app/bags/user95_2017-02-24.bag;0.834065854549408;0.0;0.9619645476341248;0.0;0.667477245503997;0.5991873594733563;0.40081264052664367
1730783012.5103877;/app/bags/user95_2017-02-24.bag;0.834065854549408;0.0;0.9619645476341248;0.0;0.667477245503997;0.5991873594733563;0.40081264052664367
1730783012.710383;/app/bags/user95_2017-02-24.bag;0.834065854549408;0.0;0.9619645476341248;0.0;0.667477245503997;0.5991873594733563;0.40081264052664367
1730783012.9103973;/app/bags/user95_2017-02-24.bag;0.834065854549408;0.0;0.9619645476341248;0.0;0.667477245503997;0.5991873594733563;0.40081264052664367
1730783013.1103938;/app/bags/user95_2017-02-24.bag;0.834065854549408;0.0;0.9619645476341248;0.0;0.667477245503997;0.5991873594733563;0.40081264052664367
1730783013.3103728;/app/bags/user95_2017-02-24.bag;0.834065854549408;0.0;0.9619645476341248;0.0;0.667477245503997;0.5991873594733563;0.40081264052664367
1730783013.5103526;/app/bags/user95_2017-02-24.bag;0.834065854549408;0.0;0.9619645476341248;0.0;0.667477245503997;0.5991873594733563;0.40081264052664367
1730783013.7103722;/app/bags/user95_2017-02-24.bag;0.834065854549408;0.0;0.9619645476341248;0.0;0.667477245503997;0.5991873594733563;0.40081264052664367
1730783013.910383;/app/bags/user95_2017-02-24.bag;0.834065854549408;0.0;0.9619645476341248;0.0;0.667477245503997;0.5991873594733563;0.40081264052664367
1730783014.1104162;/app/bags/user95_2017-02-24.bag;0.834065854549408;0.0;0.9619645476341248;0.0;0.667477245503997;0.5991873594733563;0.40081264052664367
1730783014.3104074;/app/bags/user95_2017-02-24.bag;0.834065854549408;0.0;0.9619645476341248;0.0;0.667477245503997;0.5991873594733563;0.40081264052664367
1730783014.5103774;/app/bags/user95_2017-02-24.bag;0.834065854549408;0.0;0.9619645476341248;0.0;0.667477245503997;0.5991873594733563;0.40081264052664367
1730783014.7103853;/app/bags/user95_2017-02-24.bag;0.834065854549408;0.0;0.9619645476341248;0.0;0.667477245503997;0.5991873594733563;0.40081264052664367
1730783014.910452;/app/bags/user95_2017-02-24.bag;0.834065854549408;0.0;0.9619645476341248;0.0;0.667477245503997;0.5991873594733563;0.40081264052664367
1730783015.1103919;/app/bags/user95_2017-02-24.bag;0.834065854549408;0.0;0.9619645476341248;0.0;0.667477245503997;0.5991873594733563;0.40081264052664367
1730783015.310434;/app/bags/user95_2017-02-24.bag;0.834065854549408;0.0;0.9619645476341248;0.0;0.667477245503997;0.5991873594733563;0.40081264052664367
1730783015.5104184;/app/bags/user95_2017-02-24.bag;0.834065854549408;0.0;0.9619645476341248;0.0;0.667477245503997;0.5991873594733563;0.40081264052664367
1730783015.7104056;/app/bags/user95_2017-02-24.bag;0.834065854549408;0.0;0.9619645476341248;0.0;0.667477245503997;0.5991873594733563;0.40081264052664367
1730783015.9103682;/app/bags/user95_2017-02-24.bag;0.834065854549408;0.0;0.9619645476341248;0.0;0.667477245503997;0.5991873594733563;0.40081264052664367
1730783016.1103992;/app/bags/user95_2017-02-24.bag;0.834065854549408;0.0;0.9619645476341248;0.0;0.667477245503997;0.5991873594733563;0.40081264052664367
1730783016.310424;/app/bags/user95_2017-02-24.bag;0.834065854549408;0.0;0.9619645476341248;0.0;0.667477245503997;0.5991873594733563;0.40081264052664367
1730783016.510352;/app/bags/user95_2017-02-24.bag;0.834065854549408;0.0;0.9619645476341248;0.0;0.667477245503997;0.5991873594733563;0.40081264052664367
1730783016.7103865;/app/bags/user95_2017-02-24.bag;0.834065854549408;0.0;0.9619645476341248;0.0;0.667477245503997;0.5991873594733563;0.40081264052664367
1730783016.9104216;/app/bags/user95_2017-02-24.bag;0.834065854549408;0.0;0.9619645476341248;0.0;0.667477245503997;0.5991873594733563;0.40081264052664367
1730783017.110347;/app/bags/user95_2017-02-24.bag;0.834065854549408;0.0;0.9619645476341248;0.0;0.667477245503997;0.5991873594733563;0.40081264052664367
1730783017.310366;/app/bags/user95_2017-02-24.bag;0.834065854549408;0.0;0.9619645476341248;0.0;0.667477245503997;0.5991873594733563;0.40081264052664367
1730783017.510362;/app/bags/user95_2017-02-24.bag;0.834065854549408;0.0;0.9619645476341248;0.0;0.667477245503997;0.5991873594733563;0.40081264052664367
1730783017.7103927;/app/bags/user95_2017-02-24.bag;0.834065854549408;0.0;0.9619645476341248;0.0;0.667477245503997;0.5991873594733563;0.40081264052664367
1730783017.9103465;/app/bags/user95_2017-02-24.bag;0.834065854549408;0.0;0.9619645476341248;0.0;0.667477245503997;0.5991873594733563;0.40081264052664367
1730783018.1104822;/app/bags/user95_2017-02-24.bag;0.834065854549408;0.0;0.9619645476341248;0.0;0.667477245503997;0.5991873594733563;0.40081264052664367
1730783018.310383;/app/bags/user95_2017-02-24.bag;0.834065854549408;0.0;0.9619645476341248;0.0;0.667477245503997;0.5991873594733563;0.40081264052664367
1730783018.5103872;/app/bags/user95_2017-02-24.bag;0.834065854549408;0.0;0.9619645476341248;0.0;0.667477245503997;0.5991873594733563;0.40081264052664367
1730783018.7104177;/app/bags/user95_2017-02-24.bag;0.834065854549408;0.0;0.9619645476341248;0.0;0.667477245503997;0.5991873594733563;0.40081264052664367
1730783018.9103856;/app/bags/user95_2017-02-24.bag;0.834065854549408;0.0;0.9619645476341248;0.0;0.667477245503997;0.5991873594733563;0.40081264052664367
1730783019.1103902;/app/bags/user95_2017-02-24.bag;0.834065854549408;0.0;0.9619645476341248;0.0;0.667477245503997;0.5991873594733563;0.40081264052664367
1730783019.310363;/app/bags/user95_2017-02-24.bag;0.834065854549408;0.0;0.9619645476341248;0.0;0.667477245503997;0.5991873594733563;0.40081264052664367
1730783019.5104425;/app/bags/user95_2017-02-24.bag;0.834065854549408;0.0;0.9619645476341248;0.0;0.667477245503997;0.5991873594733563;0.40081264052664367
1730783019.7103763;/app/bags/user95_2017-02-24.bag;0.834065854549408;0.0;0.9619645476341248;0.0;0.667477245503997;0.5991873594733563;0.40081264052664367
1730783019.9104064;/app/bags/user95_2017-02-24.bag;0.834065854549408;0.0;0.9619645476341248;0.0;0.667477245503997;0.5991873594733563;0.40081264052664367
1730783020.1104102;/app/bags/user95_2017-02-24.bag;0.834065854549408;0.0;0.9619645476341248;0.0;0.667477245503997;0.5991873594733563;0.40081264052664367
1730783020.3104033;/app/bags/user95_2017-02-24.bag;0.834065854549408;0.0;0.9619645476341248;0.0;0.667477245503997;0.5991873594733563;0.40081264052664367
1730783020.5103967;/app/bags/user95_2017-02-24.bag;0.834065854549408;0.0;0.9619645476341248;0.0;0.667477245503997;0.5991873594733563;0.40081264052664367
1730783020.710419;/app/bags/user95_2017-02-24.bag;0.834065854549408;0.0;0.9619645476341248;0.0;0.667477245503997;0.5991873594733563;0.40081264052664367
1730783020.9104235;/app/bags/user95_2017-02-24.bag;0.834065854549408;0.0;0.9619645476341248;0.0;0.667477245503997;0.5991873594733563;0.40081264052664367
1730783021.1104095;/app/bags/user95_2017-02-24.bag;0.834065854549408;0.0;0.9619645476341248;0.0;0.667477245503997;0.5991873594733563;0.40081264052664367
1730783021.3103852;/app/bags/user95_2017-02-24.bag;0.834065854549408;0.0;0.9619645476341248;0.0;0.667477245503997;0.5991873594733563;0.40081264052664367
1730783021.5103831;/app/bags/user95_2017-02-24.bag;0.834065854549408;0.0;0.9619645476341248;0.0;0.667477245503997;0.5991873594733563;0.40081264052664367
1730783021.7104359;/app/bags/user95_2017-02-24.bag;0.834065854549408;0.0;0.9619645476341248;0.0;0.667477245503997;0.5991873594733563;0.40081264052664367
1730783021.9103882;/app/bags/user95_2017-02-24.bag;0.834065854549408;0.0;0.9619645476341248;0.0;0.667477245503997;0.5991873594733563;0.40081264052664367
1730783022.1104066;/app/bags/user95_2017-02-24.bag;0.834065854549408;0.0;0.9619645476341248;0.0;0.667477245503997;0.5991873594733563;0.40081264052664367
1730783022.3103526;/app/bags/user95_2017-02-24.bag;0.834065854549408;0.0;0.9619645476341248;0.0;0.667477245503997;0.5991873594733563;0.40081264052664367
1730783022.5103564;/app/bags/user95_2017-02-24.bag;0.834065854549408;0.0;0.9619645476341248;0.0;0.667477245503997;0.5991873594733563;0.40081264052664367
1730783022.7103758;/app/bags/user95_2017-02-24.bag;0.834065854549408;0.0;0.9619645476341248;0.0;0.667477245503997;0.5991873594733563;0.40081264052664367
1730783022.910385;/app/bags/user95_2017-02-24.bag;0.834065854549408;0.0;0.9619645476341248;0.0;0.667477245503997;0.5991873594733563;0.40081264052664367
1730783023.1103847;/app/bags/user95_2017-02-24.bag;0.834065854549408;0.0;0.9619645476341248;0.0;0.667477245503997;0.5991873594733563;0.40081264052664367
1730783023.310436;/app/bags/user95_2017-02-24.bag;0.834065854549408;0.0;0.9619645476341248;0.0;0.667477245503997;0.5991873594733563;0.40081264052664367
1730783023.5103796;/app/bags/user95_2017-02-24.bag;0.834065854549408;0.0;0.9619645476341248;0.0;0.667477245503997;0.5991873594733563;0.40081264052664367
1730783023.7103918;/app/bags/user95_2017-02-24.bag;0.834065854549408;0.0;0.9619645476341248;0.0;0.667477245503997;0.5991873594733563;0.40081264052664367
1730783023.9104185;/app/bags/user95_2017-02-24.bag;0.834065854549408;0.0;0.9619645476341248;0.0;0.667477245503997;0.5991873594733563;0.40081264052664367
1730783024.110435;/app/bags/user95_2017-02-24.bag;0.834065854549408;0.0;0.9619645476341248;0.0;0.667477245503997;0.5991873594733563;0.40081264052664367
1730783024.3103476;/app/bags/user95_2017-02-24.bag;0.834065854549408;0.0;0.9619645476341248;0.0;0.667477245503997;0.5991873594733563;0.40081264052664367
1730783024.5103908;/app/bags/user95_2017-02-24.bag;0.834065854549408;0.0;0.9619645476341248;0.0;0.667477245503997;0.5991873594733563;0.40081264052664367
1730783024.7104278;/app/bags/user95_2017-02-24.bag;0.834065854549408;0.0;0.9619645476341248;0.0;0.667477245503997;0.5991873594733563;0.40081264052664367
1730783024.9104326;/app/bags/user95_2017-02-24.bag;0.834065854549408;0.0;0.9619645476341248;0.0;0.667477245503997;0.5991873594733563;0.40081264052664367
1730783025.1103835;/app/bags/user95_2017-02-24.bag;0.834065854549408;0.0;0.9619645476341248;0.0;0.667477245503997;0.5991873594733563;0.40081264052664367
1730783025.3103876;/app/bags/user95_2017-02-24.bag;0.834065854549408;0.0;0.9619645476341248;0.0;0.667477245503997;0.5991873594733563;0.40081264052664367
1730783025.510374;/app/bags/user95_2017-02-24.bag;0.834065854549408;0.0;0.9619645476341248;0.0;0.667477245503997;0.5991873594733563;0.40081264052664367
1730783025.7103739;/app/bags/user95_2017-02-24.bag;0.834065854549408;0.0;0.9619645476341248;0.0;0.667477245503997;0.5991873594733563;0.40081264052664367
1730783025.9104455;/app/bags/user95_2017-02-24.bag;0.834065854549408;0.0;0.9619645476341248;0.0;0.667477245503997;0.5991873594733563;0.40081264052664367
1730783026.1103647;/app/bags/user95_2017-02-24.bag;0.834065854549408;0.0;0.9619645476341248;0.0;0.667477245503997;0.5991873594733563;0.40081264052664367
1730783026.3103807;/app/bags/user95_2017-02-24.bag;0.834065854549408;0.0;0.9619645476341248;0.0;0.667477245503997;0.5991873594733563;0.40081264052664367
1730783026.5103736;/app/bags/user95_2017-02-24.bag;0.834065854549408;0.0;0.9619645476341248;0.0;0.667477245503997;0.5991873594733563;0.40081264052664367
1730783026.710389;/app/bags/user95_2017-02-24.bag;0.834065854549408;0.0;0.9619645476341248;0.0;0.667477245503997;0.5991873594733563;0.40081264052664367
1730783026.910388;/app/bags/user95_2017-02-24.bag;0.834065854549408;0.0;0.9619645476341248;0.0;0.667477245503997;0.5991873594733563;0.40081264052664367
1730783027.1103754;/app/bags/user95_2017-02-24.bag;0.834065854549408;0.0;0.9619645476341248;0.0;0.667477245503997;0.5991873594733563;0.40081264052664367
1730783027.3103719;/app/bags/user95_2017-02-24.bag;0.834065854549408;0.0;0.9619645476341248;0.0;0.667477245503997;0.5991873594733563;0.40081264052664367
1730783027.510214;/app/bags/user95_2017-02-24.bag;0.834065854549408;0.0;0.9619645476341248;0.0;0.667477245503997;0.5991873594733563;0.40081264052664367
1730783027.710345;/app/bags/user95_2017-02-24.bag;0.834065854549408;0.0;0.9619645476341248;0.0;0.667477245503997;0.5991873594733563;0.40081264052664367
1730783027.9104612;/app/bags/user95_2017-02-24.bag;0.834065854549408;0.0;0.9619645476341248;0.0;0.667477245503997;0.5991873594733563;0.40081264052664367
1730783028.1104066;/app/bags/user95_2017-02-24.bag;0.834065854549408;0.0;0.9619645476341248;0.0;0.667477245503997;0.5991873594733563;0.40081264052664367
1730783028.310408;/app/bags/user95_2017-02-24.bag;0.834065854549408;0.0;0.9619645476341248;0.0;0.667477245503997;0.5991873594733563;0.40081264052664367
1730783028.5103726;/app/bags/user95_2017-02-24.bag;0.834065854549408;0.0;0.9619645476341248;0.0;0.667477245503997;0.5991873594733563;0.40081264052664367
1730783028.7103834;/app/bags/user95_2017-02-24.bag;0.834065854549408;0.0;0.9619645476341248;0.0;0.667477245503997;0.5991873594733563;0.40081264052664367
1730783028.9103787;/app/bags/user95_2017-02-24.bag;0.834065854549408;0.0;0.9619645476341248;0.0;0.667477245503997;0.5991873594733563;0.40081264052664367
1730783029.1104085;/app/bags/user95_2017-02-24.bag;0.834065854549408;0.0;0.9619645476341248;0.0;0.667477245503997;0.5991873594733563;0.40081264052664367
1730783029.3104134;/app/bags/user95_2017-02-24.bag;0.834065854549408;0.0;0.9619645476341248;0.0;0.667477245503997;0.5991873594733563;0.40081264052664367
1730783029.5103948;/app/bags/user95_2017-02-24.bag;0.834065854549408;0.0;0.9619645476341248;0.0;0.667477245503997;0.5991873594733563;0.40081264052664367
1730783029.7104008;/app/bags/user95_2017-02-24.bag;0.834065854549408;0.0;0.9619645476341248;0.0;0.667477245503997;0.5991873594733563;0.40081264052664367
1730783029.9104419;/app/bags/user95_2017-02-24.bag;0.834065854549408;0.0;0.9619645476341248;0.0;0.667477245503997;0.5991873594733563;0.40081264052664367
1730783030.1104345;/app/bags/user95_2017-02-24.bag;0.834065854549408;0.0;0.9619645476341248;0.0;0.667477245503997;0.5991873594733563;0.40081264052664367
1730783030.310397;/app/bags/user95_2017-02-24.bag;0.834065854549408;0.0;0.9619645476341248;0.0;0.667477245503997;0.5991873594733563;0.40081264052664367
1730783030.5103924;/app/bags/user95_2017-02-24.bag;0.834065854549408;0.0;0.9619645476341248;0.0;0.667477245503997;0.5991873594733563;0.40081264052664367
1730783030.7104301;/app/bags/user95_2017-02-24.bag;0.834065854549408;0.0;0.9619645476341248;0.0;0.667477245503997;0.5991873594733563;0.40081264052664367
1730783030.9103718;/app/bags/user95_2017-02-24.bag;0.834065854549408;0.0;0.9619645476341248;0.0;0.667477245503997;0.5991873594733563;0.40081264052664367
1730783031.1103585;/app/bags/user95_2017-02-24.bag;0.834065854549408;0.0;0.9619645476341248;0.0;0.667477245503997;0.5991873594733563;0.40081264052664367
1730783031.3104079;/app/bags/user95_2017-02-24.bag;0.834065854549408;0.0;0.9619645476341248;0.0;0.667477245503997;0.5991873594733563;0.40081264052664367
1730783031.5104065;/app/bags/user95_2017-02-24.bag;0.834065854549408;0.0;0.9619645476341248;0.0;0.667477245503997;0.5991873594733563;0.40081264052664367
1730783031.7104175;/app/bags/user95_2017-02-24.bag;0.834065854549408;0.0;0.9619645476341248;0.0;0.667477245503997;0.5991873594733563;0.40081264052664367
1730783031.910413;/app/bags/user95_2017-02-24.bag;0.834065854549408;0.0;0.9619645476341248;0.0;0.667477245503997;0.5991873594733563;0.40081264052664367
1730783032.1103823;/app/bags/user95_2017-02-24.bag;0.834065854549408;0.0;0.9619645476341248;0.0;0.667477245503997;0.5991873594733563;0.40081264052664367
1730783032.3104525;/app/bags/user95_2017-02-24.bag;0.834065854549408;0.0;0.9619645476341248;0.0;0.667477245503997;0.5991873594733563;0.40081264052664367
1730783032.5104349;/app/bags/user95_2017-02-24.bag;0.834065854549408;0.0;0.9619645476341248;0.0;0.667477245503997;0.5991873594733563;0.40081264052664367
1730783032.7103543;/app/bags/user95_2017-02-24.bag;0.834065854549408;0.0;0.9619645476341248;0.0;0.667477245503997;0.5991873594733563;0.40081264052664367
1730783032.9104025;/app/bags/user95_2017-02-24.bag;0.834065854549408;0.0;0.9619645476341248;0.0;0.667477245503997;0.5991873594733563;0.40081264052664367
1730783033.1103992;/app/bags/user95_2017-02-24.bag;0.834065854549408;0.0;0.9619645476341248;0.0;0.667477245503997;0.5991873594733563;0.40081264052664367
1730783033.3105087;/app/bags/user95_2017-02-24.bag;0.834065854549408;0.0;0.9619645476341248;0.0;0.667477245503997;0.5991873594733563;0.40081264052664367
1730783033.5103726;/app/bags/user95_2017-02-24.bag;0.834065854549408;0.0;0.9619645476341248;0.0;0.667477245503997;0.5991873594733563;0.40081264052664367
1730783033.7103946;/app/bags/user95_2017-02-24.bag;0.834065854549408;0.0;0.9619645476341248;0.0;0.667477245503997;0.5991873594733563;0.40081264052664367
1730783033.910439;/app/bags/user95_2017-02-24.bag;0.834065854549408;0.0;0.9619645476341248;0.0;0.667477245503997;0.5991873594733563;0.40081264052664367
1730783034.1103919;/app/bags/user95_2017-02-24.bag;0.834065854549408;0.0;0.9619645476341248;0.0;0.667477245503997;0.5991873594733563;0.40081264052664367
1730783034.3103344;/app/bags/user95_2017-02-24.bag;0.834065854549408;0.0;0.9619645476341248;0.0;0.667477245503997;0.5991873594733563;0.40081264052664367
1730783034.5103664;/app/bags/user95_2017-02-24.bag;0.834065854549408;0.0;0.9619645476341248;0.0;0.667477245503997;0.5991873594733563;0.40081264052664367
1730783034.7103941;/app/bags/user95_2017-02-24.bag;0.834065854549408;0.0;0.9619645476341248;0.0;0.667477245503997;0.5991873594733563;0.40081264052664367
1730783034.910369;/app/bags/user95_2017-02-24.bag;0.834065854549408;0.0;0.9619645476341248;0.0;0.667477245503997;0.5991873594733563;0.40081264052664367
1730783035.1104178;/app/bags/user95_2017-02-24.bag;0.834065854549408;0.0;0.9619645476341248;0.0;0.667477245503997;0.5991873594733563;0.40081264052664367
1730783035.3103836;/app/bags/user95_2017-02-24.bag;0.834065854549408;0.0;0.9619645476341248;0.0;0.667477245503997;0.5991873594733563;0.40081264052664367
1730783035.5105057;/app/bags/user95_2017-02-24.bag;0.834065854549408;0.0;0.9619645476341248;0.0;0.667477245503997;0.5991873594733563;0.40081264052664367
1730783035.7104216;/app/bags/user95_2017-02-24.bag;0.834065854549408;0.0;0.9619645476341248;0.0;0.667477245503997;0.5991873594733563;0.40081264052664367
1730783035.9103959;/app/bags/user95_2017-02-24.bag;0.834065854549408;0.0;0.9619645476341248;0.0;0.667477245503997;0.5991873594733563;0.40081264052664367
1730783036.1104627;/app/bags/user95_2017-02-24.bag;0.834065854549408;0.0;0.9619645476341248;0.0;0.667477245503997;0.5991873594733563;0.40081264052664367
1730783036.3103812;/app/bags/user95_2017-02-24.bag;0.834065854549408;0.0;0.9619645476341248;0.0;0.667477245503997;0.5991873594733563;0.40081264052664367
1730783036.5103576;/app/bags/user95_2017-02-24.bag;0.834065854549408;0.0;0.9619645476341248;0.0;0.667477245503997;0.5991873594733563;0.40081264052664367
1730783036.7103996;/app/bags/user95_2017-02-24.bag;0.834065854549408;0.0;0.9619645476341248;0.0;0.667477245503997;0.5991873594733563;0.40081264052664367
1730783036.91039;/app/bags/user95_2017-02-24.bag;0.834065854549408;0.0;0.9619645476341248;0.0;0.667477245503997;0.5991873594733563;0.40081264052664367
1730783037.110371;/app/bags/user95_2017-02-24.bag;0.834065854549408;0.0;0.9619645476341248;0.0;0.667477245503997;0.5991873594733563;0.40081264052664367
1730783037.3103807;/app/bags/user95_2017-02-24.bag;0.834065854549408;0.0;0.9619645476341248;0.0;0.667477245503997;0.5991873594733563;0.40081264052664367
1730783037.5104034;/app/bags/user95_2017-02-24.bag;0.834065854549408;0.0;0.9619645476341248;0.0;0.667477245503997;0.5991873594733563;0.40081264052664367
1730783037.7103946;/app/bags/user95_2017-02-24.bag;0.834065854549408;0.0;0.9619645476341248;0.0;0.667477245503997;0.5991873594733563;0.40081264052664367
1730783037.9103925;/app/bags/user95_2017-02-24.bag;0.834065854549408;0.0;0.9619645476341248;0.0;0.667477245503997;0.5991873594733563;0.40081264052664367
1730783038.1106973;/app/bags/user95_2017-02-24.bag;0.834065854549408;0.0;0.9619645476341248;0.0;0.667477245503997;0.5991873594733563;0.40081264052664367
1730783038.3103893;/app/bags/user95_2017-02-24.bag;0.834065854549408;0.0;0.9619645476341248;0.0;0.667477245503997;0.5991873594733563;0.40081264052664367
1730783038.5103774;/app/bags/user95_2017-02-24.bag;0.834065854549408;0.0;0.9619645476341248;0.0;0.667477245503997;0.5991873594733563;0.40081264052664367
1730783038.7103803;/app/bags/user95_2017-02-24.bag;0.834065854549408;0.0;0.9619645476341248;0.0;0.667477245503997;0.5991873594733563;0.40081264052664367
1730783038.910429;/app/bags/user95_2017-02-24.bag;0.834065854549408;0.0;0.9619645476341248;0.0;0.667477245503997;0.5991873594733563;0.40081264052664367
1730783039.1103973;/app/bags/user95_2017-02-24.bag;0.834065854549408;0.0;0.9619645476341248;0.0;0.667477245503997;0.5991873594733563;0.40081264052664367
1730783039.310398;/app/bags/user95_2017-02-24.bag;0.834065854549408;0.0;0.9619645476341248;0.0;0.667477245503997;0.5991873594733563;0.40081264052664367
1730783039.5103388;/app/bags/user95_2017-02-24.bag;0.834065854549408;0.0;0.9619645476341248;0.0;0.667477245503997;0.5991873594733563;0.40081264052664367
1730783039.7103727;/app/bags/user95_2017-02-24.bag;0.834065854549408;0.0;0.9619645476341248;0.0;0.667477245503997;0.5991873594733563;0.40081264052664367
1730783039.9103715;/app/bags/user95_2017-02-24.bag;0.834065854549408;0.0;0.9619645476341248;0.0;0.667477245503997;0.5991873594733563;0.40081264052664367
1730783040.1103992;/app/bags/user95_2017-02-24.bag;0.834065854549408;0.0;0.9619645476341248;0.0;0.667477245503997;0.5991873594733563;0.40081264052664367
1730783040.3103878;/app/bags/user95_2017-02-24.bag;0.834065854549408;0.0;0.9619645476341248;0.0;0.667477245503997;0.5991873594733563;0.40081264052664367
1730783040.5103598;/app/bags/user95_2017-02-24.bag;0.834065854549408;0.0;0.9619645476341248;0.0;0.667477245503997;0.5991873594733563;0.40081264052664367
1730783040.7103796;/app/bags/user95_2017-02-24.bag;0.834065854549408;0.0;0.9619645476341248;0.0;0.667477245503997;0.5991873594733563;0.40081264052664367
1730783040.9104104;/app/bags/user95_2017-02-24.bag;0.834065854549408;0.0;0.9619645476341248;0.0;0.667477245503997;0.5991873594733563;0.40081264052664367
1730783041.1103895;/app/bags/user95_2017-02-24.bag;0.834065854549408;0.0;0.9619645476341248;0.0;0.667477245503997;0.5991873594733563;0.40081264052664367
1730783041.3103814;/app/bags/user95_2017-02-24.bag;0.834065854549408;0.0;0.9619645476341248;0.0;0.667477245503997;0.5991873594733563;0.40081264052664367
1730783041.5103767;/app/bags/user95_2017-02-24.bag;0.834065854549408;0.0;0.9619645476341248;0.0;0.667477245503997;0.5991873594733563;0.40081264052664367
1730783041.710422;/app/bags/user95_2017-02-24.bag;0.834065854549408;0.0;0.9619645476341248;0.0;0.667477245503997;0.5991873594733563;0.40081264052664367
1730783041.9103763;/app/bags/user95_2017-02-24.bag;0.834065854549408;0.0;0.9619645476341248;0.0;0.667477245503997;0.5991873594733563;0.40081264052664367
1730783042.1103868;/app/bags/user95_2017-02-24.bag;0.834065854549408;0.0;0.9619645476341248;0.0;0.667477245503997;0.5991873594733563;0.40081264052664367
1730783042.3103862;/app/bags/user95_2017-02-24.bag;0.834065854549408;0.0;0.9619645476341248;0.0;0.667477245503997;0.5991873594733563;0.40081264052664367
1730783042.5104342;/app/bags/user95_2017-02-24.bag;0.834065854549408;0.0;0.9619645476341248;0.0;0.667477245503997;0.5991873594733563;0.40081264052664367
1730783042.7104464;/app/bags/user95_2017-02-24.bag;0.834065854549408;0.0;0.9619645476341248;0.0;0.667477245503997;0.5991873594733563;0.40081264052664367
1730783042.9104;/app/bags/user95_2017-02-24.bag;0.834065854549408;0.0;0.9619645476341248;0.0;0.667477245503997;0.5991873594733563;0.40081264052664367
1730783043.1103895;/app/bags/user95_2017-02-24.bag;0.834065854549408;0.0;0.9619645476341248;0.0;0.667477245503997;0.5991873594733563;0.40081264052664367
1730783043.3103862;/app/bags/user95_2017-02-24.bag;0.834065854549408;0.0;0.9619645476341248;0.0;0.667477245503997;0.5991873594733563;0.40081264052664367
1730783043.5103858;/app/bags/user95_2017-02-24.bag;0.834065854549408;0.0;0.9619645476341248;0.0;0.667477245503997;0.5991873594733563;0.40081264052664367
1730783043.710409;/app/bags/user95_2017-02-24.bag;0.834065854549408;0.0;0.9619645476341248;0.0;0.667477245503997;0.5991873594733563;0.40081264052664367
1730783043.9103851;/app/bags/user95_2017-02-24.bag;0.834065854549408;0.0;0.9619645476341248;0.0;0.667477245503997;0.5991873594733563;0.40081264052664367
1730783044.1103683;/app/bags/user95_2017-02-24.bag;0.834065854549408;0.0;0.9619645476341248;0.0;0.667477245503997;0.5991873594733563;0.40081264052664367
1730783044.3103995;/app/bags/user95_2017-02-24.bag;0.834065854549408;0.0;0.9619645476341248;0.0;0.667477245503997;0.5991873594733563;0.40081264052664367
1730783044.5103905;/app/bags/user95_2017-02-24.bag;0.834065854549408;0.0;0.9619645476341248;0.0;0.667477245503997;0.5991873594733563;0.40081264052664367
1730783044.7103763;/app/bags/user95_2017-02-24.bag;0.834065854549408;0.0;0.9619645476341248;0.0;0.667477245503997;0.5991873594733563;0.40081264052664367
1730783044.9103756;/app/bags/user95_2017-02-24.bag;0.834065854549408;0.0;0.9619645476341248;0.0;0.667477245503997;0.5991873594733563;0.40081264052664367
1730783045.1104422;/app/bags/user95_2017-02-24.bag;0.834065854549408;0.0;0.9619645476341248;0.0;0.667477245503997;0.5991873594733563;0.40081264052664367
1730783045.3103704;/app/bags/user95_2017-02-24.bag;0.834065854549408;0.0;0.9619645476341248;0.0;0.667477245503997;0.5991873594733563;0.40081264052664367
1730783045.510392;/app/bags/user95_2017-02-24.bag;0.834065854549408;0.0;0.9619645476341248;0.0;0.667477245503997;0.5991873594733563;0.40081264052664367
1730783045.710402;/app/bags/user95_2017-02-24.bag;0.834065854549408;0.0;0.9619645476341248;0.0;0.667477245503997;0.5991873594733563;0.40081264052664367
1730783045.9104202;/app/bags/user95_2017-02-24.bag;0.834065854549408;0.0;0.9619645476341248;0.0;0.667477245503997;0.5991873594733563;0.40081264052664367
1730783046.1103864;/app/bags/user95_2017-02-24.bag;0.834065854549408;0.0;0.9619645476341248;0.0;0.667477245503997;0.5991873594733563;0.40081264052664367
1730783046.310384;/app/bags/user95_2017-02-24.bag;0.834065854549408;0.0;0.9619645476341248;0.0;0.667477245503997;0.5991873594733563;0.40081264052664367
1730783046.5103903;/app/bags/user95_2017-02-24.bag;0.834065854549408;0.0;0.9619645476341248;0.0;0.667477245503997;0.5991873594733563;0.40081264052664367
1730783046.7103848;/app/bags/user95_2017-02-24.bag;0.834065854549408;0.0;0.9619645476341248;0.0;0.667477245503997;0.5991873594733563;0.40081264052664367
1730783046.910385;/app/bags/user95_2017-02-24.bag;0.834065854549408;0.0;0.9619645476341248;0.0;0.667477245503997;0.5991873594733563;0.40081264052664367
1730783047.1104095;/app/bags/user95_2017-02-24.bag;0.834065854549408;0.0;0.9619645476341248;0.0;0.667477245503997;0.5991873594733563;0.40081264052664367
1730783047.3103926;/app/bags/user95_2017-02-24.bag;0.834065854549408;0.0;0.9619645476341248;0.0;0.667477245503997;0.5991873594733563;0.40081264052664367
1730783047.5103695;/app/bags/user95_2017-02-24.bag;0.834065854549408;0.0;0.9619645476341248;0.0;0.667477245503997;0.5991873594733563;0.40081264052664367
1730783047.7104995;/app/bags/user95_2017-02-24.bag;0.834065854549408;0.0;0.9619645476341248;0.0;0.667477245503997;0.5991873594733563;0.40081264052664367
1730783047.9103913;/app/bags/user95_2017-02-24.bag;0.834065854549408;0.0;0.9619645476341248;0.0;0.667477245503997;0.5991873594733563;0.40081264052664367
1730783048.1104357;/app/bags/user95_2017-02-24.bag;0.834065854549408;0.0;0.9619645476341248;0.0;0.667477245503997;0.5991873594733563;0.40081264052664367
1730783048.3104172;/app/bags/user95_2017-02-24.bag;0.834065854549408;0.0;0.9619645476341248;0.0;0.667477245503997;0.5991873594733563;0.40081264052664367
1730783048.5104163;/app/bags/user95_2017-02-24.bag;0.834065854549408;0.0;0.9619645476341248;0.0;0.667477245503997;0.5991873594733563;0.40081264052664367
1730783048.7103922;/app/bags/user95_2017-02-24.bag;0.834065854549408;0.0;0.9619645476341248;0.0;0.667477245503997;0.5991873594733563;0.40081264052664367
1730783048.9104555;/app/bags/user95_2017-02-24.bag;0.834065854549408;0.0;0.9619645476341248;0.0;0.667477245503997;0.5991873594733563;0.40081264052664367
1730783049.1104333;/app/bags/user95_2017-02-24.bag;0.834065854549408;0.0;0.9619645476341248;0.0;0.667477245503997;0.5991873594733563;0.40081264052664367
1730783049.3103936;/app/bags/user95_2017-02-24.bag;0.834065854549408;0.0;0.9619645476341248;0.0;0.667477245503997;0.5991873594733563;0.40081264052664367
1730783049.510401;/app/bags/user95_2017-02-24.bag;0.834065854549408;0.0;0.9619645476341248;0.0;0.667477245503997;0.5991873594733563;0.40081264052664367
1730783049.7104328;/app/bags/user95_2017-02-24.bag;0.834065854549408;0.0;0.9619645476341248;0.0;0.667477245503997;0.5991873594733563;0.40081264052664367
1730783049.910441;/app/bags/user95_2017-02-24.bag;0.834065854549408;0.0;0.9619645476341248;0.0;0.667477245503997;0.5991873594733563;0.40081264052664367
1730783050.1103587;/app/bags/user95_2017-02-24.bag;0.834065854549408;0.0;0.9619645476341248;0.0;0.667477245503997;0.5991873594733563;0.40081264052664367
1730783050.3104196;/app/bags/user95_2017-02-24.bag;0.834065854549408;0.0;0.9619645476341248;0.0;0.667477245503997;0.5991873594733563;0.40081264052664367
1730783050.5103815;/app/bags/user95_2017-02-24.bag;0.834065854549408;0.0;0.9619645476341248;0.0;0.667477245503997;0.5991873594733563;0.40081264052664367
1730783050.7103982;/app/bags/user95_2017-02-24.bag;0.834065854549408;0.0;0.9619645476341248;0.0;0.667477245503997;0.5991873594733563;0.40081264052664367
1730783050.9103937;/app/bags/user95_2017-02-24.bag;0.834065854549408;0.0;0.9619645476341248;0.0;0.667477245503997;0.5991873594733563;0.40081264052664367
1730783051.1104212;/app/bags/user95_2017-02-24.bag;0.834065854549408;0.0;0.9619645476341248;0.0;0.667477245503997;0.5991873594733563;0.40081264052664367
1730783051.3103964;/app/bags/user95_2017-02-24.bag;0.834065854549408;0.0;0.9619645476341248;0.0;0.667477245503997;0.5991873594733563;0.40081264052664367
1730783051.510397;/app/bags/user95_2017-02-24.bag;0.834065854549408;0.0;0.9619645476341248;0.0;0.667477245503997;0.5991873594733563;0.40081264052664367
1730783051.7104053;/app/bags/user95_2017-02-24.bag;0.834065854549408;0.0;0.9619645476341248;0.0;0.667477245503997;0.5991873594733563;0.40081264052664367
1730783051.9104621;/app/bags/user95_2017-02-24.bag;0.834065854549408;0.0;0.9619645476341248;0.0;0.667477245503997;0.5991873594733563;0.40081264052664367
1730783052.110398;/app/bags/user95_2017-02-24.bag;0.834065854549408;0.0;0.9619645476341248;0.0;0.667477245503997;0.5991873594733563;0.40081264052664367
1730783052.3103876;/app/bags/user95_2017-02-24.bag;0.834065854549408;0.0;0.9619645476341248;0.0;0.667477245503997;0.5991873594733563;0.40081264052664367
1730783052.5103981;/app/bags/user95_2017-02-24.bag;0.834065854549408;0.0;0.9619645476341248;0.0;0.667477245503997;0.5991873594733563;0.40081264052664367
1730783052.710572;/app/bags/user95_2017-02-24.bag;0.834065854549408;0.0;0.9619645476341248;0.0;0.667477245503997;0.5991873594733563;0.40081264052664367
1730783052.9104204;/app/bags/user95_2017-02-24.bag;0.834065854549408;0.0;0.9619645476341248;0.0;0.667477245503997;0.5991873594733563;0.40081264052664367
1730783053.1103764;/app/bags/user95_2017-02-24.bag;0.834065854549408;0.0;0.9619645476341248;0.0;0.667477245503997;0.5991873594733563;0.40081264052664367
1730783053.3103693;/app/bags/user95_2017-02-24.bag;0.834065854549408;0.0;0.9619645476341248;0.0;0.667477245503997;0.5991873594733563;0.40081264052664367
1730783053.510445;/app/bags/user95_2017-02-24.bag;0.834065854549408;0.0;0.9619645476341248;0.0;0.667477245503997;0.5991873594733563;0.40081264052664367
1730783053.71039;/app/bags/user95_2017-02-24.bag;0.834065854549408;0.0;0.9619645476341248;0.0;0.667477245503997;0.5991873594733563;0.40081264052664367
1730783053.9104257;/app/bags/user95_2017-02-24.bag;0.834065854549408;0.0;0.9619645476341248;0.0;0.667477245503997;0.5991873594733563;0.40081264052664367
1730783054.1104126;/app/bags/user95_2017-02-24.bag;0.834065854549408;0.0;0.9619645476341248;0.0;0.667477245503997;0.5991873594733563;0.40081264052664367
1730783054.3104062;/app/bags/user95_2017-02-24.bag;0.834065854549408;0.0;0.9619645476341248;0.0;0.667477245503997;0.5991873594733563;0.40081264052664367
1730783054.5103347;/app/bags/user95_2017-02-24.bag;0.834065854549408;0.0;0.9619645476341248;0.0;0.667477245503997;0.5991873594733563;0.40081264052664367
1730783054.7103834;/app/bags/user95_2017-02-24.bag;0.834065854549408;0.0;0.9619645476341248;0.0;0.667477245503997;0.5991873594733563;0.40081264052664367
1730783054.9104419;/app/bags/user95_2017-02-24.bag;0.834065854549408;0.0;0.9619645476341248;0.0;0.667477245503997;0.5991873594733563;0.40081264052664367
1730783055.1103668;/app/bags/user95_2017-02-24.bag;0.834065854549408;0.0;0.9619645476341248;0.0;0.667477245503997;0.5991873594733563;0.40081264052664367
1730783055.3103874;/app/bags/user95_2017-02-24.bag;0.834065854549408;0.0;0.9619645476341248;0.0;0.667477245503997;0.5991873594733563;0.40081264052664367
1730783055.5103683;/app/bags/user95_2017-02-24.bag;0.834065854549408;0.0;0.9619645476341248;0.0;0.667477245503997;0.5991873594733563;0.40081264052664367
1730783055.7103674;/app/bags/user95_2017-02-24.bag;0.834065854549408;0.0;0.9619645476341248;0.0;0.667477245503997;0.5991873594733563;0.40081264052664367
1730783055.9104295;/app/bags/user95_2017-02-24.bag;0.834065854549408;0.0;0.9619645476341248;0.0;0.667477245503997;0.5991873594733563;0.40081264052664367
1730783056.1103718;/app/bags/user95_2017-02-24.bag;0.834065854549408;0.0;0.9619645476341248;0.0;0.667477245503997;0.5991873594733563;0.40081264052664367
1730783056.3103755;/app/bags/user95_2017-02-24.bag;0.834065854549408;0.0;0.9619645476341248;0.0;0.667477245503997;0.5991873594733563;0.40081264052664367
1730783056.5103834;/app/bags/user95_2017-02-24.bag;0.834065854549408;0.0;0.9619645476341248;0.0;0.667477245503997;0.5991873594733563;0.40081264052664367
1730783056.710391;/app/bags/user95_2017-02-24.bag;0.834065854549408;0.0;0.9619645476341248;0.0;0.667477245503997;0.5991873594733563;0.40081264052664367
1730783056.9104414;/app/bags/user95_2017-02-24.bag;0.834065854549408;0.0;0.9619645476341248;0.0;0.667477245503997;0.5991873594733563;0.40081264052664367
1730783057.1103895;/app/bags/user95_2017-02-24.bag;0.834065854549408;0.0;0.9619645476341248;0.0;0.667477245503997;0.5991873594733563;0.40081264052664367
1730783057.3103962;/app/bags/user95_2017-02-24.bag;0.834065854549408;0.0;0.9619645476341248;0.0;0.667477245503997;0.5991873594733563;0.40081264052664367
1730783057.510382;/app/bags/user95_2017-02-24.bag;0.834065854549408;0.0;0.9619645476341248;0.0;0.667477245503997;0.5991873594733563;0.40081264052664367
1730783057.7104115;/app/bags/user95_2017-02-24.bag;0.834065854549408;0.0;0.9619645476341248;0.0;0.667477245503997;0.5991873594733563;0.40081264052664367
1730783057.910451;/app/bags/user95_2017-02-24.bag;0.834065854549408;0.0;0.9619645476341248;0.0;0.667477245503997;0.5991873594733563;0.40081264052664367
1730783058.110381;/app/bags/user95_2017-02-24.bag;0.834065854549408;0.0;0.9619645476341248;0.0;0.667477245503997;0.5991873594733563;0.40081264052664367
1730783058.3103504;/app/bags/user95_2017-02-24.bag;0.834065854549408;0.0;0.9619645476341248;0.0;0.667477245503997;0.5991873594733563;0.40081264052664367
1730783058.5104146;/app/bags/user95_2017-02-24.bag;0.834065854549408;0.0;0.9619645476341248;0.0;0.667477245503997;0.5991873594733563;0.40081264052664367
1730783058.7103822;/app/bags/user95_2017-02-24.bag;0.834065854549408;0.0;0.9619645476341248;0.0;0.667477245503997;0.5991873594733563;0.40081264052664367
1730783058.9103858;/app/bags/user95_2017-02-24.bag;0.834065854549408;0.0;0.9619645476341248;0.0;0.667477245503997;0.5991873594733563;0.40081264052664367
1730783059.1104674;/app/bags/user95_2017-02-24.bag;0.834065854549408;0.0;0.9619645476341248;0.0;0.667477245503997;0.5991873594733563;0.40081264052664367
1730783059.3103535;/app/bags/user95_2017-02-24.bag;0.834065854549408;0.0;0.9619645476341248;0.0;0.667477245503997;0.5991873594733563;0.40081264052664367
1730783059.5105155;/app/bags/user95_2017-02-24.bag;0.834065854549408;0.0;0.9619645476341248;0.0;0.667477245503997;0.5991873594733563;0.40081264052664367
1730783059.7104082;/app/bags/user95_2017-02-24.bag;0.834065854549408;0.0;0.9619645476341248;0.0;0.667477245503997;0.5991873594733563;0.40081264052664367
1730783059.9103634;/app/bags/user95_2017-02-24.bag;0.834065854549408;0.0;0.9619645476341248;0.0;0.667477245503997;0.5991873594733563;0.40081264052664367
1730783060.1103692;/app/bags/user95_2017-02-24.bag;0.834065854549408;0.0;0.9619645476341248;0.0;0.667477245503997;0.5991873594733563;0.40081264052664367
1730783060.3103874;/app/bags/user95_2017-02-24.bag;0.834065854549408;0.0;0.9619645476341248;0.0;0.667477245503997;0.5991873594733563;0.40081264052664367
1730783060.5104187;/app/bags/user95_2017-02-24.bag;0.834065854549408;0.0;0.9619645476341248;0.0;0.667477245503997;0.5991873594733563;0.40081264052664367
1730783060.7105565;/app/bags/user95_2017-02-24.bag;0.834065854549408;0.0;0.9619645476341248;0.0;0.667477245503997;0.5991873594733563;0.40081264052664367
1730783060.910392;/app/bags/user95_2017-02-24.bag;0.834065854549408;0.0;0.9619645476341248;0.0;0.667477245503997;0.5991873594733563;0.40081264052664367
1730783061.110478;/app/bags/user95_2017-02-24.bag;0.834065854549408;0.0;0.9619645476341248;0.0;0.667477245503997;0.5991873594733563;0.40081264052664367
1730783061.3103921;/app/bags/user95_2017-02-24.bag;0.834065854549408;0.0;0.9619645476341248;0.0;0.667477245503997;0.5991873594733563;0.40081264052664367
1730783061.5103676;/app/bags/user95_2017-02-24.bag;0.834065854549408;0.0;0.9619645476341248;0.0;0.667477245503997;0.5991873594733563;0.40081264052664367
1730783061.7103975;/app/bags/user95_2017-02-24.bag;0.834065854549408;0.0;0.9619645476341248;0.0;0.667477245503997;0.5991873594733563;0.40081264052664367
1730783061.9104202;/app/bags/user95_2017-02-24.bag;0.834065854549408;0.0;0.9619645476341248;0.0;0.667477245503997;0.5991873594733563;0.40081264052664367
1730783062.1104305;/app/bags/user95_2017-02-24.bag;0.834065854549408;0.0;0.9619645476341248;0.0;0.667477245503997;0.5991873594733563;0.40081264052664367
1730783062.310467;/app/bags/user95_2017-02-24.bag;0.834065854549408;0.0;0.9619645476341248;0.0;0.667477245503997;0.5991873594733563;0.40081264052664367
1730783062.51038;/app/bags/user95_2017-02-24.bag;0.834065854549408;0.0;0.9619645476341248;0.0;0.667477245503997;0.5991873594733563;0.40081264052664367
1730783062.7103643;/app/bags/user95_2017-02-24.bag;0.834065854549408;0.0;0.9619645476341248;0.0;0.667477245503997;0.5991873594733563;0.40081264052664367
1730783062.9103894;/app/bags/user95_2017-02-24.bag;0.834065854549408;0.0;0.9619645476341248;0.0;0.667477245503997;0.5991873594733563;0.40081264052664367
1730783063.110351;/app/bags/user95_2017-02-24.bag;0.834065854549408;0.0;0.9619645476341248;0.0;0.667477245503997;0.5991873594733563;0.40081264052664367
1730783063.3103473;/app/bags/user95_2017-02-24.bag;0.834065854549408;0.0;0.9619645476341248;0.0;0.667477245503997;0.5991873594733563;0.40081264052664367
1730783063.5104089;/app/bags/user95_2017-02-24.bag;0.834065854549408;0.0;0.9619645476341248;0.0;0.667477245503997;0.5991873594733563;0.40081264052664367
1730783063.7103832;/app/bags/user95_2017-02-24.bag;0.834065854549408;0.0;0.9619645476341248;0.0;0.667477245503997;0.5991873594733563;0.40081264052664367
1730783063.9103708;/app/bags/user95_2017-02-24.bag;0.834065854549408;0.0;0.9619645476341248;0.0;0.667477245503997;0.5991873594733563;0.40081264052664367
1730783064.110406;/app/bags/user95_2017-02-24.bag;0.834065854549408;0.0;0.9619645476341248;0.0;0.667477245503997;0.5991873594733563;0.40081264052664367
1730783064.3103895;/app/bags/user95_2017-02-24.bag;0.834065854549408;0.0;0.9619645476341248;0.0;0.667477245503997;0.5991873594733563;0.40081264052664367
1730783064.5103698;/app/bags/user95_2017-02-24.bag;0.834065854549408;0.0;0.9619645476341248;0.0;0.667477245503997;0.5991873594733563;0.40081264052664367
1730783064.7104259;/app/bags/user95_2017-02-24.bag;0.834065854549408;0.0;0.9619645476341248;0.0;0.667477245503997;0.5991873594733563;0.40081264052664367
1730783064.9103763;/app/bags/user95_2017-02-24.bag;0.834065854549408;0.0;0.9619645476341248;0.0;0.667477245503997;0.5991873594733563;0.40081264052664367
1730783065.1103718;/app/bags/user95_2017-02-24.bag;0.834065854549408;0.0;0.9619645476341248;0.0;0.667477245503997;0.5991873594733563;0.40081264052664367
1730783065.3103695;/app/bags/user95_2017-02-24.bag;0.834065854549408;0.0;0.9619645476341248;0.0;0.667477245503997;0.5991873594733563;0.40081264052664367
1730783065.5103927;/app/bags/user95_2017-02-24.bag;0.834065854549408;0.0;0.9619645476341248;0.0;0.667477245503997;0.5991873594733563;0.40081264052664367
1730783065.7103994;/app/bags/user95_2017-02-24.bag;0.834065854549408;0.0;0.9619645476341248;0.0;0.667477245503997;0.5991873594733563;0.40081264052664367
1730783065.9103997;/app/bags/user95_2017-02-24.bag;0.834065854549408;0.0;0.9619645476341248;0.0;0.667477245503997;0.5991873594733563;0.40081264052664367
1730783066.1104147;/app/bags/user95_2017-02-24.bag;0.834065854549408;0.0;0.9619645476341248;0.0;0.667477245503997;0.5991873594733563;0.40081264052664367
1730783066.3104212;/app/bags/user95_2017-02-24.bag;0.834065854549408;0.0;0.9619645476341248;0.0;0.667477245503997;0.5991873594733563;0.40081264052664367
1730783066.510429;/app/bags/user95_2017-02-24.bag;0.834065854549408;0.0;0.9619645476341248;0.0;0.667477245503997;0.5991873594733563;0.40081264052664367
1730783066.710373;/app/bags/user95_2017-02-24.bag;0.834065854549408;0.0;0.9619645476341248;0.0;0.667477245503997;0.5991873594733563;0.40081264052664367
1730783066.9103844;/app/bags/user95_2017-02-24.bag;0.834065854549408;0.0;0.9619645476341248;0.0;0.667477245503997;0.5991873594733563;0.40081264052664367
1730783067.1103814;/app/bags/user95_2017-02-24.bag;0.834065854549408;0.0;0.9619645476341248;0.0;0.667477245503997;0.5991873594733563;0.40081264052664367
1730783067.3103814;/app/bags/user95_2017-02-24.bag;0.834065854549408;0.0;0.9619645476341248;0.0;0.667477245503997;0.5991873594733563;0.40081264052664367
1730783067.5104315;/app/bags/user95_2017-02-24.bag;0.834065854549408;0.0;0.9619645476341248;0.0;0.667477245503997;0.5991873594733563;0.40081264052664367
1730783067.7103972;/app/bags/user95_2017-02-24.bag;0.834065854549408;0.0;0.9619645476341248;0.0;0.667477245503997;0.5991873594733563;0.40081264052664367
1730783067.9103923;/app/bags/user95_2017-02-24.bag;0.834065854549408;0.0;0.9619645476341248;0.0;0.667477245503997;0.5991873594733563;0.40081264052664367
1730783068.1103806;/app/bags/user95_2017-02-24.bag;0.834065854549408;0.0;0.9619645476341248;0.0;0.667477245503997;0.5991873594733563;0.40081264052664367
1730783068.3104532;/app/bags/user95_2017-02-24.bag;0.834065854549408;0.0;0.9619645476341248;0.0;0.667477245503997;0.5991873594733563;0.40081264052664367
1730783068.5103786;/app/bags/user95_2017-02-24.bag;0.834065854549408;0.0;0.9619645476341248;0.0;0.667477245503997;0.5991873594733563;0.40081264052664367
1730783068.7103937;/app/bags/user95_2017-02-24.bag;0.834065854549408;0.0;0.9619645476341248;0.0;0.667477245503997;0.5991873594733563;0.40081264052664367
1730783068.9103715;/app/bags/user95_2017-02-24.bag;0.834065854549408;0.0;0.9619645476341248;0.0;0.667477245503997;0.5991873594733563;0.40081264052664367
1730783069.110385;/app/bags/user95_2017-02-24.bag;0.834065854549408;0.0;0.9619645476341248;0.0;0.667477245503997;0.5991873594733563;0.40081264052664367
1730783069.3103976;/app/bags/user95_2017-02-24.bag;0.834065854549408;0.0;0.9619645476341248;0.0;0.667477245503997;0.5991873594733563;0.40081264052664367
1730783069.5103881;/app/bags/user95_2017-02-24.bag;0.834065854549408;0.0;0.9619645476341248;0.0;0.667477245503997;0.5991873594733563;0.40081264052664367
1730783069.7103949;/app/bags/user95_2017-02-24.bag;0.834065854549408;0.0;0.9619645476341248;0.0;0.667477245503997;0.5991873594733563;0.40081264052664367
1730783069.910439;/app/bags/user95_2017-02-24.bag;0.834065854549408;0.0;0.9619645476341248;0.0;0.667477245503997;0.5991873594733563;0.40081264052664367
1730783070.110414;/app/bags/user95_2017-02-24.bag;0.834065854549408;0.0;0.9619645476341248;0.0;0.667477245503997;0.5991873594733563;0.40081264052664367
1730783070.3104968;/app/bags/user95_2017-02-24.bag;0.834065854549408;0.0;0.9619645476341248;0.0;0.667477245503997;0.5991873594733563;0.40081264052664367
1730783070.510485;/app/bags/user95_2017-02-24.bag;0.834065854549408;0.0;0.9619645476341248;0.0;0.667477245503997;0.5991873594733563;0.40081264052664367
1730783070.710385;/app/bags/user95_2017-02-24.bag;0.834065854549408;0.0;0.9619645476341248;0.0;0.667477245503997;0.5991873594733563;0.40081264052664367
1730783070.910374;/app/bags/user95_2017-02-24.bag;0.834065854549408;0.0;0.9619645476341248;0.0;0.667477245503997;0.5991873594733563;0.40081264052664367
1730783071.1103754;/app/bags/user95_2017-02-24.bag;0.834065854549408;0.0;0.9619645476341248;0.0;0.667477245503997;0.5991873594733563;0.40081264052664367
1730783071.3103883;/app/bags/user95_2017-02-24.bag;0.834065854549408;0.0;0.9619645476341248;0.0;0.667477245503997;0.5991873594733563;0.40081264052664367
1730783071.510394;/app/bags/user95_2017-02-24.bag;0.834065854549408;0.0;0.9619645476341248;0.0;0.667477245503997;0.5991873594733563;0.40081264052664367
1730783071.7104626;/app/bags/user95_2017-02-24.bag;0.834065854549408;0.0;0.9619645476341248;0.0;0.667477245503997;0.5991873594733563;0.40081264052664367
1730783071.9104295;/app/bags/user95_2017-02-24.bag;0.834065854549408;0.0;0.9619645476341248;0.0;0.667477245503997;0.5991873594733563;0.40081264052664367
1730783072.1103675;/app/bags/user95_2017-02-24.bag;0.834065854549408;0.0;0.9619645476341248;0.0;0.667477245503997;0.5991873594733563;0.40081264052664367
1730783072.3103783;/app/bags/user95_2017-02-24.bag;0.834065854549408;0.0;0.9619645476341248;0.0;0.667477245503997;0.5991873594733563;0.40081264052664367
1730783072.5104163;/app/bags/user95_2017-02-24.bag;0.834065854549408;0.0;0.9619645476341248;0.0;0.667477245503997;0.5991873594733563;0.40081264052664367
1730783072.7104397;/app/bags/user95_2017-02-24.bag;0.834065854549408;0.0;0.9619645476341248;0.0;0.667477245503997;0.5991873594733563;0.40081264052664367
1730783072.9103694;/app/bags/user95_2017-02-24.bag;0.834065854549408;0.0;0.9619645476341248;0.0;0.667477245503997;0.5991873594733563;0.40081264052664367
1730783073.1104577;/app/bags/user95_2017-02-24.bag;0.834065854549408;0.0;0.9619645476341248;0.0;0.667477245503997;0.5991873594733563;0.40081264052664367
1730783073.3104715;/app/bags/user95_2017-02-24.bag;0.834065854549408;0.0;0.9619645476341248;0.0;0.667477245503997;0.5991873594733563;0.40081264052664367
1730783073.510418;/app/bags/user95_2017-02-24.bag;0.834065854549408;0.0;0.9619645476341248;0.0;0.667477245503997;0.5991873594733563;0.40081264052664367
1730783073.7103739;/app/bags/user95_2017-02-24.bag;0.834065854549408;0.0;0.9619645476341248;0.0;0.667477245503997;0.5991873594733563;0.40081264052664367
1730783073.9103763;/app/bags/user95_2017-02-24.bag;0.834065854549408;0.0;0.9619645476341248;0.0;0.667477245503997;0.5991873594733563;0.40081264052664367
1730783074.110362;/app/bags/user95_2017-02-24.bag;0.834065854549408;0.0;0.9619645476341248;0.0;0.667477245503997;0.5991873594733563;0.40081264052664367
1730783074.310427;/app/bags/user95_2017-02-24.bag;0.834065854549408;0.0;0.9619645476341248;0.0;0.667477245503997;0.5991873594733563;0.40081264052664367
1730783074.5104978;/app/bags/user95_2017-02-24.bag;0.834065854549408;0.0;0.9619645476341248;0.0;0.667477245503997;0.5991873594733563;0.40081264052664367
1730783074.710395;/app/bags/user95_2017-02-24.bag;0.834065854549408;0.0;0.9619645476341248;0.0;0.667477245503997;0.5991873594733563;0.40081264052664367
1730783074.9103596;/app/bags/user95_2017-02-24.bag;0.834065854549408;0.0;0.9619645476341248;0.0;0.667477245503997;0.5991873594733563;0.40081264052664367
1730783075.110424;/app/bags/user95_2017-02-24.bag;0.834065854549408;0.0;0.9619645476341248;0.0;0.667477245503997;0.5991873594733563;0.40081264052664367
1730783075.3104403;/app/bags/user95_2017-02-24.bag;0.834065854549408;0.0;0.9619645476341248;0.0;0.667477245503997;0.5991873594733563;0.40081264052664367
1730783075.510508;/app/bags/user95_2017-02-24.bag;0.834065854549408;0.0;0.9619645476341248;0.0;0.667477245503997;0.5991873594733563;0.40081264052664367
1730783075.7103798;/app/bags/user95_2017-02-24.bag;0.834065854549408;0.0;0.9619645476341248;0.0;0.667477245503997;0.5991873594733563;0.40081264052664367
1730783075.9103868;/app/bags/user95_2017-02-24.bag;0.834065854549408;0.0;0.9619645476341248;0.0;0.667477245503997;0.5991873594733563;0.40081264052664367
1730783076.1104202;/app/bags/user95_2017-02-24.bag;0.834065854549408;0.0;0.9619645476341248;0.0;0.667477245503997;0.5991873594733563;0.40081264052664367
1730783076.3103988;/app/bags/user95_2017-02-24.bag;0.834065854549408;0.0;0.9619645476341248;0.0;0.667477245503997;0.5991873594733563;0.40081264052664367
1730783076.5103908;/app/bags/user95_2017-02-24.bag;0.834065854549408;0.0;0.9619645476341248;0.0;0.667477245503997;0.5991873594733563;0.40081264052664367
1730783076.7104015;/app/bags/user95_2017-02-24.bag;0.834065854549408;0.0;0.9619645476341248;0.0;0.667477245503997;0.5991873594733563;0.40081264052664367
1730783076.9103894;/app/bags/user95_2017-02-24.bag;0.834065854549408;0.0;0.9619645476341248;0.0;0.667477245503997;0.5991873594733563;0.40081264052664367
1730783077.1104941;/app/bags/user95_2017-02-24.bag;0.834065854549408;0.0;0.9619645476341248;0.0;0.667477245503997;0.5991873594733563;0.40081264052664367
1730783077.3103712;/app/bags/user95_2017-02-24.bag;0.834065854549408;0.0;0.9619645476341248;0.0;0.667477245503997;0.5991873594733563;0.40081264052664367
1730783077.5103848;/app/bags/user95_2017-02-24.bag;0.834065854549408;0.0;0.9619645476341248;0.0;0.667477245503997;0.5991873594733563;0.40081264052664367
1730783077.710378;/app/bags/user95_2017-02-24.bag;0.834065854549408;0.0;0.9619645476341248;0.0;0.667477245503997;0.5991873594733563;0.40081264052664367
1730783077.910491;/app/bags/user95_2017-02-24.bag;0.834065854549408;0.0;0.9619645476341248;0.0;0.667477245503997;0.5991873594733563;0.40081264052664367
1730783078.1104693;/app/bags/user95_2017-02-24.bag;0.834065854549408;0.0;0.9619645476341248;0.0;0.667477245503997;0.5991873594733563;0.40081264052664367
1730783078.3103886;/app/bags/user95_2017-02-24.bag;0.834065854549408;0.0;0.9619645476341248;0.0;0.667477245503997;0.5991873594733563;0.40081264052664367
1730783078.5104244;/app/bags/user95_2017-02-24.bag;0.834065854549408;0.0;0.9619645476341248;0.0;0.667477245503997;0.5991873594733563;0.40081264052664367
1730783078.710411;/app/bags/user95_2017-02-24.bag;0.834065854549408;0.0;0.9619645476341248;0.0;0.667477245503997;0.5991873594733563;0.40081264052664367
1730783078.9103785;/app/bags/user95_2017-02-24.bag;0.834065854549408;0.0;0.9619645476341248;0.0;0.667477245503997;0.5991873594733563;0.40081264052664367
1730783079.1104267;/app/bags/user95_2017-02-24.bag;0.834065854549408;0.0;0.9619645476341248;0.0;0.667477245503997;0.5991873594733563;0.40081264052664367
1730783079.3104613;/app/bags/user95_2017-02-24.bag;0.834065854549408;0.0;0.9619645476341248;0.0;0.667477245503997;0.5991873594733563;0.40081264052664367
1730783079.5103707;/app/bags/user95_2017-02-24.bag;0.834065854549408;0.0;0.9619645476341248;0.0;0.667477245503997;0.5991873594733563;0.40081264052664367
1730783079.710382;/app/bags/user95_2017-02-24.bag;0.834065854549408;0.0;0.9619645476341248;0.0;0.667477245503997;0.5991873594733563;0.40081264052664367
1730783079.910382;/app/bags/user95_2017-02-24.bag;0.834065854549408;0.0;0.9619645476341248;0.0;0.667477245503997;0.5991873594733563;0.40081264052664367
1730783080.1104152;/app/bags/user95_2017-02-24.bag;0.834065854549408;0.0;0.9619645476341248;0.0;0.667477245503997;0.5991873594733563;0.40081264052664367
1730783080.310371;/app/bags/user95_2017-02-24.bag;0.834065854549408;0.0;0.9619645476341248;0.0;0.667477245503997;0.5991873594733563;0.40081264052664367
1730783080.5103562;/app/bags/user95_2017-02-24.bag;0.834065854549408;0.0;0.9619645476341248;0.0;0.667477245503997;0.5991873594733563;0.40081264052664367
1730783080.710366;/app/bags/user95_2017-02-24.bag;0.834065854549408;0.0;0.9619645476341248;0.0;0.667477245503997;0.5991873594733563;0.40081264052664367
1730783080.9103973;/app/bags/user95_2017-02-24.bag;0.834065854549408;0.0;0.9619645476341248;0.0;0.667477245503997;0.5991873594733563;0.40081264052664367
1730783081.1103587;/app/bags/user95_2017-02-24.bag;0.834065854549408;0.0;0.9619645476341248;0.0;0.667477245503997;0.5991873594733563;0.40081264052664367
1730783081.310404;/app/bags/user95_2017-02-24.bag;0.834065854549408;0.0;0.9619645476341248;0.0;0.667477245503997;0.5991873594733563;0.40081264052664367
1730783081.5104558;/app/bags/user95_2017-02-24.bag;0.834065854549408;0.0;0.9619645476341248;0.0;0.667477245503997;0.5991873594733563;0.40081264052664367
1730783081.7103493;/app/bags/user95_2017-02-24.bag;0.834065854549408;0.0;0.9619645476341248;0.0;0.667477245503997;0.5991873594733563;0.40081264052664367
1730783081.9103863;/app/bags/user95_2017-02-24.bag;0.834065854549408;0.0;0.9619645476341248;0.0;0.667477245503997;0.5991873594733563;0.40081264052664367
1730783082.110421;/app/bags/user95_2017-02-24.bag;0.834065854549408;0.0;0.9619645476341248;0.0;0.667477245503997;0.5991873594733563;0.40081264052664367
1730783082.3104048;/app/bags/user95_2017-02-24.bag;0.834065854549408;0.0;0.9619645476341248;0.0;0.667477245503997;0.5991873594733563;0.40081264052664367
1730783082.510395;/app/bags/user95_2017-02-24.bag;0.834065854549408;0.0;0.9619645476341248;0.0;0.667477245503997;0.5991873594733563;0.40081264052664367
1730783082.710388;/app/bags/user95_2017-02-24.bag;0.834065854549408;0.0;0.9619645476341248;0.0;0.667477245503997;0.5991873594733563;0.40081264052664367
1730783082.9104402;/app/bags/user95_2017-02-24.bag;0.834065854549408;0.0;0.9619645476341248;0.0;0.667477245503997;0.5991873594733563;0.40081264052664367
1730783083.1103895;/app/bags/user95_2017-02-24.bag;0.834065854549408;0.0;0.9619645476341248;0.0;0.667477245503997;0.5991873594733563;0.40081264052664367
1730783083.3104086;/app/bags/user95_2017-02-24.bag;0.834065854549408;0.0;0.9619645476341248;0.0;0.667477245503997;0.5991873594733563;0.40081264052664367
1730783083.5104063;/app/bags/user95_2017-02-24.bag;0.834065854549408;0.0;0.9619645476341248;0.0;0.667477245503997;0.5991873594733563;0.40081264052664367
1730783083.7103946;/app/bags/user95_2017-02-24.bag;0.834065854549408;0.0;0.9619645476341248;0.0;0.667477245503997;0.5991873594733563;0.40081264052664367
1730783083.9103856;/app/bags/user95_2017-02-24.bag;0.834065854549408;0.0;0.9619645476341248;0.0;0.667477245503997;0.5991873594733563;0.40081264052664367
1730783084.1103883;/app/bags/user95_2017-02-24.bag;0.834065854549408;0.0;0.9619645476341248;0.0;0.667477245503997;0.5991873594733563;0.40081264052664367
1730783084.31038;/app/bags/user95_2017-02-24.bag;0.834065854549408;0.0;0.9619645476341248;0.0;0.667477245503997;0.5991873594733563;0.40081264052664367
1730783084.5104764;/app/bags/user95_2017-02-24.bag;0.834065854549408;0.0;0.9619645476341248;0.0;0.667477245503997;0.5991873594733563;0.40081264052664367
1730783084.710409;/app/bags/user95_2017-02-24.bag;0.834065854549408;0.0;0.9619645476341248;0.0;0.667477245503997;0.5991873594733563;0.40081264052664367
1730783084.9103756;/app/bags/user95_2017-02-24.bag;0.834065854549408;0.0;0.9619645476341248;0.0;0.667477245503997;0.5991873594733563;0.40081264052664367
1730783085.1104112;/app/bags/user95_2017-02-24.bag;0.834065854549408;0.0;0.9619645476341248;0.0;0.667477245503997;0.5991873594733563;0.40081264052664367
1730783085.3103743;/app/bags/user95_2017-02-24.bag;0.834065854549408;0.0;0.9619645476341248;0.0;0.667477245503997;0.5991873594733563;0.40081264052664367
1730783085.5105956;/app/bags/user95_2017-02-24.bag;0.834065854549408;0.0;0.9619645476341248;0.0;0.667477245503997;0.5991873594733563;0.40081264052664367
1730783085.710392;/app/bags/user95_2017-02-24.bag;0.834065854549408;0.0;0.9619645476341248;0.0;0.667477245503997;0.5991873594733563;0.40081264052664367
1730783085.910401;/app/bags/user95_2017-02-24.bag;0.834065854549408;0.0;0.9619645476341248;0.0;0.667477245503997;0.5991873594733563;0.40081264052664367
1730783086.1104338;/app/bags/user95_2017-02-24.bag;0.834065854549408;0.0;0.9619645476341248;0.0;0.667477245503997;0.5991873594733563;0.40081264052664367
1730783086.3103795;/app/bags/user95_2017-02-24.bag;0.834065854549408;0.0;0.9619645476341248;0.0;0.667477245503997;0.5991873594733563;0.40081264052664367
1730783086.5103903;/app/bags/user95_2017-02-24.bag;0.834065854549408;0.0;0.9619645476341248;0.0;0.667477245503997;0.5991873594733563;0.40081264052664367
1730783086.710382;/app/bags/user95_2017-02-24.bag;0.834065854549408;0.0;0.9619645476341248;0.0;0.667477245503997;0.5991873594733563;0.40081264052664367
1730783086.9103754;/app/bags/user95_2017-02-24.bag;0.834065854549408;0.0;0.9619645476341248;0.0;0.667477245503997;0.5991873594733563;0.40081264052664367
1730783087.110359;/app/bags/user95_2017-02-24.bag;0.834065854549408;0.0;0.9619645476341248;0.0;0.667477245503997;0.5991873594733563;0.40081264052664367
1730783087.3103957;/app/bags/user95_2017-02-24.bag;0.834065854549408;0.0;0.9619645476341248;0.0;0.667477245503997;0.5991873594733563;0.40081264052664367
1730783087.510407;/app/bags/user95_2017-02-24.bag;0.834065854549408;0.0;0.9619645476341248;0.0;0.667477245503997;0.5991873594733563;0.40081264052664367
1730783087.710385;/app/bags/user95_2017-02-24.bag;0.834065854549408;0.0;0.9619645476341248;0.0;0.667477245503997;0.5991873594733563;0.40081264052664367
1730783087.91043;/app/bags/user95_2017-02-24.bag;0.834065854549408;0.0;0.9619645476341248;0.0;0.667477245503997;0.5991873594733563;0.40081264052664367
1730783088.110414;/app/bags/user95_2017-02-24.bag;0.834065854549408;0.0;0.9619645476341248;0.0;0.667477245503997;0.5991873594733563;0.40081264052664367
1730783088.3104045;/app/bags/user95_2017-02-24.bag;0.834065854549408;0.0;0.9619645476341248;0.0;0.667477245503997;0.5991873594733563;0.40081264052664367
1730783088.5103848;/app/bags/user95_2017-02-24.bag;0.834065854549408;0.0;0.9619645476341248;0.0;0.667477245503997;0.5991873594733563;0.40081264052664367
1730783088.7103763;/app/bags/user95_2017-02-24.bag;0.834065854549408;0.0;0.9619645476341248;0.0;0.667477245503997;0.5991873594733563;0.40081264052664367
1730783088.910415;/app/bags/user95_2017-02-24.bag;0.834065854549408;0.0;0.9619645476341248;0.0;0.667477245503997;0.5991873594733563;0.40081264052664367
1730783089.1103961;/app/bags/user95_2017-02-24.bag;0.834065854549408;0.0;0.9619645476341248;0.0;0.667477245503997;0.5991873594733563;0.40081264052664367
1730783089.3103805;/app/bags/user95_2017-02-24.bag;0.834065854549408;0.0;0.9619645476341248;0.0;0.667477245503997;0.5991873594733563;0.40081264052664367
1730783089.510425;/app/bags/user95_2017-02-24.bag;0.834065854549408;0.0;0.9619645476341248;0.0;0.667477245503997;0.5991873594733563;0.40081264052664367
1730783089.7104287;/app/bags/user95_2017-02-24.bag;0.834065854549408;0.0;0.9619645476341248;0.0;0.667477245503997;0.5991873594733563;0.40081264052664367
1730783089.9103847;/app/bags/user95_2017-02-24.bag;0.834065854549408;0.0;0.9619645476341248;0.0;0.667477245503997;0.5991873594733563;0.40081264052664367
1730783090.1103842;/app/bags/user95_2017-02-24.bag;0.834065854549408;0.0;0.9619645476341248;0.0;0.667477245503997;0.5991873594733563;0.40081264052664367
1730783090.310393;/app/bags/user95_2017-02-24.bag;0.834065854549408;0.0;0.9619645476341248;0.0;0.667477245503997;0.5991873594733563;0.40081264052664367
1730783090.5103989;/app/bags/user95_2017-02-24.bag;0.834065854549408;0.0;0.9619645476341248;0.0;0.667477245503997;0.5991873594733563;0.40081264052664367
1730783090.7103884;/app/bags/user95_2017-02-24.bag;0.834065854549408;0.0;0.9619645476341248;0.0;0.667477245503997;0.5991873594733563;0.40081264052664367
1730783090.9103987;/app/bags/user95_2017-02-24.bag;0.834065854549408;0.0;0.9619645476341248;0.0;0.667477245503997;0.5991873594733563;0.40081264052664367
1730783091.1103733;/app/bags/user95_2017-02-24.bag;0.834065854549408;0.0;0.9619645476341248;0.0;0.667477245503997;0.5991873594733563;0.40081264052664367
1730783091.3104286;/app/bags/user95_2017-02-24.bag;0.834065854549408;0.0;0.9619645476341248;0.0;0.667477245503997;0.5991873594733563;0.40081264052664367
1730783091.5103753;/app/bags/user95_2017-02-24.bag;0.834065854549408;0.0;0.9619645476341248;0.0;0.667477245503997;0.5991873594733563;0.40081264052664367
1730783091.7103877;/app/bags/user95_2017-02-24.bag;0.834065854549408;0.0;0.9619645476341248;0.0;0.667477245503997;0.5991873594733563;0.40081264052664367
1730783091.9103656;/app/bags/user95_2017-02-24.bag;0.834065854549408;0.0;0.9619645476341248;0.0;0.667477245503997;0.5991873594733563;0.40081264052664367
1730783092.1104693;/app/bags/user95_2017-02-24.bag;0.834065854549408;0.0;0.9619645476341248;0.0;0.667477245503997;0.5991873594733563;0.40081264052664367
1730783092.3104727;/app/bags/user95_2017-02-24.bag;0.834065854549408;0.0;0.9619645476341248;0.0;0.667477245503997;0.5991873594733563;0.40081264052664367
1730783092.5104423;/app/bags/user95_2017-02-24.bag;0.834065854549408;0.0;0.9619645476341248;0.0;0.667477245503997;0.5991873594733563;0.40081264052664367
1730783092.7103899;/app/bags/user95_2017-02-24.bag;0.834065854549408;0.0;0.9619645476341248;0.0;0.667477245503997;0.5991873594733563;0.40081264052664367
1730783092.9104276;/app/bags/user95_2017-02-24.bag;0.834065854549408;0.0;0.9619645476341248;0.0;0.667477245503997;0.5991873594733563;0.40081264052664367
1730783093.11042;/app/bags/user95_2017-02-24.bag;0.834065854549408;0.0;0.9619645476341248;0.0;0.667477245503997;0.5991873594733563;0.40081264052664367
1730783093.3103774;/app/bags/user95_2017-02-24.bag;0.834065854549408;0.0;0.9619645476341248;0.0;0.667477245503997;0.5991873594733563;0.40081264052664367
1730783093.5103805;/app/bags/user95_2017-02-24.bag;0.834065854549408;0.0;0.9619645476341248;0.0;0.667477245503997;0.5991873594733563;0.40081264052664367
1730783093.7103958;/app/bags/user95_2017-02-24.bag;0.834065854549408;0.0;0.9619645476341248;0.0;0.667477245503997;0.5991873594733563;0.40081264052664367
1730783093.9104254;/app/bags/user95_2017-02-24.bag;0.834065854549408;0.0;0.9619645476341248;0.0;0.667477245503997;0.5991873594733563;0.40081264052664367
1730783094.1103933;/app/bags/user95_2017-02-24.bag;0.834065854549408;0.0;0.9619645476341248;0.0;0.667477245503997;0.5991873594733563;0.40081264052664367
1730783094.3103852;/app/bags/user95_2017-02-24.bag;0.834065854549408;0.0;0.9619645476341248;0.0;0.667477245503997;0.5991873594733563;0.40081264052664367
1730783094.5103812;/app/bags/user95_2017-02-24.bag;0.834065854549408;0.0;0.9619645476341248;0.0;0.667477245503997;0.5991873594733563;0.40081264052664367
1730783094.7104788;/app/bags/user95_2017-02-24.bag;0.834065854549408;0.0;0.9619645476341248;0.0;0.667477245503997;0.5991873594733563;0.40081264052664367
1730783094.9104037;/app/bags/user95_2017-02-24.bag;0.834065854549408;0.0;0.9619645476341248;0.0;0.667477245503997;0.5991873594733563;0.40081264052664367
1730783095.1104102;/app/bags/user95_2017-02-24.bag;0.834065854549408;0.0;0.9619645476341248;0.0;0.667477245503997;0.5991873594733563;0.40081264052664367
1730783095.3104315;/app/bags/user95_2017-02-24.bag;0.834065854549408;0.0;0.9619645476341248;0.0;0.667477245503997;0.5991873594733563;0.40081264052664367
1730783095.510378;/app/bags/user95_2017-02-24.bag;0.834065854549408;0.0;0.9619645476341248;0.0;0.667477245503997;0.5991873594733563;0.40081264052664367
1730783095.710376;/app/bags/user95_2017-02-24.bag;0.834065854549408;0.0;0.9619645476341248;0.0;0.667477245503997;0.5991873594733563;0.40081264052664367
1730783095.910422;/app/bags/user95_2017-02-24.bag;0.834065854549408;0.0;0.9619645476341248;0.0;0.667477245503997;0.5991873594733563;0.40081264052664367
1730783096.110382;/app/bags/user95_2017-02-24.bag;0.834065854549408;0.0;0.9619645476341248;0.0;0.667477245503997;0.5991873594733563;0.40081264052664367
1730783096.310356;/app/bags/user95_2017-02-24.bag;0.834065854549408;0.0;0.9619645476341248;0.0;0.667477245503997;0.5991873594733563;0.40081264052664367
1730783096.510379;/app/bags/user95_2017-02-24.bag;0.834065854549408;0.0;0.9619645476341248;0.0;0.667477245503997;0.5991873594733563;0.40081264052664367
1730783096.710371;/app/bags/user95_2017-02-24.bag;0.834065854549408;0.0;0.9619645476341248;0.0;0.667477245503997;0.5991873594733563;0.40081264052664367
1730783096.9103785;/app/bags/user95_2017-02-24.bag;0.834065854549408;0.0;0.9619645476341248;0.0;0.667477245503997;0.5991873594733563;0.40081264052664367
1730783097.1103745;/app/bags/user95_2017-02-24.bag;0.834065854549408;0.0;0.9619645476341248;0.0;0.667477245503997;0.5991873594733563;0.40081264052664367
1730783097.3105266;/app/bags/user95_2017-02-24.bag;0.834065854549408;0.0;0.9619645476341248;0.0;0.667477245503997;0.5991873594733563;0.40081264052664367
1730783097.5104237;/app/bags/user95_2017-02-24.bag;0.834065854549408;0.0;0.9619645476341248;0.0;0.667477245503997;0.5991873594733563;0.40081264052664367
1730783097.7103822;/app/bags/user95_2017-02-24.bag;0.834065854549408;0.0;0.9619645476341248;0.0;0.667477245503997;0.5991873594733563;0.40081264052664367
1730783097.9103703;/app/bags/user95_2017-02-24.bag;0.834065854549408;0.0;0.9619645476341248;0.0;0.667477245503997;0.5991873594733563;0.40081264052664367
1730783098.1104374;/app/bags/user95_2017-02-24.bag;0.834065854549408;0.0;0.9619645476341248;0.0;0.667477245503997;0.5991873594733563;0.40081264052664367
1730783098.3104815;/app/bags/user95_2017-02-24.bag;0.834065854549408;0.0;0.9619645476341248;0.0;0.667477245503997;0.5991873594733563;0.40081264052664367
1730783098.510414;/app/bags/user95_2017-02-24.bag;0.834065854549408;0.0;0.9619645476341248;0.0;0.667477245503997;0.5991873594733563;0.40081264052664367
1730783098.710364;/app/bags/user95_2017-02-24.bag;0.834065854549408;0.0;0.9619645476341248;0.0;0.667477245503997;0.5991873594733563;0.40081264052664367
1730783098.9104023;/app/bags/user95_2017-02-24.bag;0.834065854549408;0.0;0.9619645476341248;0.0;0.667477245503997;0.5991873594733563;0.40081264052664367
1730783099.1103776;/app/bags/user95_2017-02-24.bag;0.834065854549408;0.0;0.9619645476341248;0.0;0.667477245503997;0.5991873594733563;0.40081264052664367
1730783099.3103545;/app/bags/user95_2017-02-24.bag;0.834065854549408;0.0;0.9619645476341248;0.0;0.667477245503997;0.5991873594733563;0.40081264052664367
1730783099.510448;/app/bags/user95_2017-02-24.bag;0.834065854549408;0.0;0.9619645476341248;0.0;0.667477245503997;0.5991873594733563;0.40081264052664367
1730783099.710351;/app/bags/user95_2017-02-24.bag;0.834065854549408;0.0;0.9619645476341248;0.0;0.667477245503997;0.5991873594733563;0.40081264052664367
1730783099.910369;/app/bags/user95_2017-02-24.bag;0.834065854549408;0.0;0.9619645476341248;0.0;0.667477245503997;0.5991873594733563;0.40081264052664367
1730783100.1103969;/app/bags/user95_2017-02-24.bag;0.834065854549408;0.0;0.9619645476341248;0.0;0.667477245503997;0.5991873594733563;0.40081264052664367
1730783100.3103967;/app/bags/user95_2017-02-24.bag;0.834065854549408;0.0;0.9619645476341248;0.0;0.667477245503997;0.5991873594733563;0.40081264052664367
1730783100.5104418;/app/bags/user95_2017-02-24.bag;0.834065854549408;0.0;0.9619645476341248;0.0;0.667477245503997;0.5991873594733563;0.40081264052664367
1730783100.710353;/app/bags/user95_2017-02-24.bag;0.834065854549408;0.0;0.9619645476341248;0.0;0.667477245503997;0.5991873594733563;0.40081264052664367
1730783100.9103951;/app/bags/user95_2017-02-24.bag;0.834065854549408;0.0;0.9619645476341248;0.0;0.667477245503997;0.5991873594733563;0.40081264052664367
1730783101.1103787;/app/bags/user95_2017-02-24.bag;0.834065854549408;0.0;0.9619645476341248;0.0;0.667477245503997;0.5991873594733563;0.40081264052664367
1730783101.310364;/app/bags/user95_2017-02-24.bag;0.834065854549408;0.0;0.9619645476341248;0.0;0.667477245503997;0.5991873594733563;0.40081264052664367
1730783101.5103328;/app/bags/user95_2017-02-24.bag;0.834065854549408;0.0;0.9619645476341248;0.0;0.667477245503997;0.5991873594733563;0.40081264052664367
1730783101.710406;/app/bags/user95_2017-02-24.bag;0.834065854549408;0.0;0.9619645476341248;0.0;0.667477245503997;0.5991873594733563;0.40081264052664367
1730783101.910393;/app/bags/user95_2017-02-24.bag;0.834065854549408;0.0;0.9619645476341248;0.0;0.667477245503997;0.5991873594733563;0.40081264052664367
1730783102.1104038;/app/bags/user95_2017-02-24.bag;0.834065854549408;0.0;0.9619645476341248;0.0;0.667477245503997;0.5991873594733563;0.40081264052664367
1730783102.3104045;/app/bags/user95_2017-02-24.bag;0.834065854549408;0.0;0.9619645476341248;0.0;0.667477245503997;0.5991873594733563;0.40081264052664367
1730783102.5133226;/app/bags/user95_2017-02-24.bag;0.834065854549408;0.0;0.9619645476341248;0.0;0.667477245503997;0.5991873594733563;0.40081264052664367
1730783102.7103887;/app/bags/user95_2017-02-24.bag;0.834065854549408;0.0;0.9619645476341248;0.0;0.667477245503997;0.5991873594733563;0.40081264052664367
1730783102.9103937;/app/bags/user95_2017-02-24.bag;0.834065854549408;0.0;0.9619645476341248;0.0;0.667477245503997;0.5991873594733563;0.40081264052664367
1730783103.1104517;/app/bags/user95_2017-02-24.bag;0.834065854549408;0.0;0.9619645476341248;0.0;0.667477245503997;0.5991873594733563;0.40081264052664367
1730783103.3104079;/app/bags/user95_2017-02-24.bag;0.834065854549408;0.0;0.9619645476341248;0.0;0.667477245503997;0.5991873594733563;0.40081264052664367
1730783103.5103967;/app/bags/user95_2017-02-24.bag;0.834065854549408;0.0;0.9619645476341248;0.0;0.667477245503997;0.5991873594733563;0.40081264052664367
1730783103.7103965;/app/bags/user95_2017-02-24.bag;0.834065854549408;0.0;0.9619645476341248;0.0;0.667477245503997;0.5991873594733563;0.40081264052664367
1730783103.9104114;/app/bags/user95_2017-02-24.bag;0.834065854549408;0.0;0.9619645476341248;0.0;0.667477245503997;0.5991873594733563;0.40081264052664367
1730783104.110392;/app/bags/user95_2017-02-24.bag;0.834065854549408;0.0;0.9619645476341248;0.0;0.667477245503997;0.5991873594733563;0.40081264052664367
1730783104.3103836;/app/bags/user95_2017-02-24.bag;0.834065854549408;0.0;0.9619645476341248;0.0;0.667477245503997;0.5991873594733563;0.40081264052664367
1730783104.5103753;/app/bags/user95_2017-02-24.bag;0.834065854549408;0.0;0.9619645476341248;0.0;0.667477245503997;0.5991873594733563;0.40081264052664367
1730783104.7104688;/app/bags/user95_2017-02-24.bag;0.834065854549408;0.0;0.9619645476341248;0.0;0.667477245503997;0.5991873594733563;0.40081264052664367
1730783104.9104383;/app/bags/user95_2017-02-24.bag;0.834065854549408;0.0;0.9619645476341248;0.0;0.667477245503997;0.5991873594733563;0.40081264052664367
1730783105.110393;/app/bags/user95_2017-02-24.bag;0.834065854549408;0.0;0.9619645476341248;0.0;0.667477245503997;0.5991873594733563;0.40081264052664367
1730783105.310377;/app/bags/user95_2017-02-24.bag;0.834065854549408;0.0;0.9619645476341248;0.0;0.667477245503997;0.5991873594733563;0.40081264052664367
1730783105.5103474;/app/bags/user95_2017-02-24.bag;0.834065854549408;0.0;0.9619645476341248;0.0;0.667477245503997;0.5991873594733563;0.40081264052664367
1730783105.7105508;/app/bags/user95_2017-02-24.bag;0.834065854549408;0.0;0.9619645476341248;0.0;0.667477245503997;0.5991873594733563;0.40081264052664367
1730783105.9104474;/app/bags/user95_2017-02-24.bag;0.834065854549408;0.0;0.9619645476341248;0.0;0.667477245503997;0.5991873594733563;0.40081264052664367
1730783106.1103773;/app/bags/user95_2017-02-24.bag;0.834065854549408;0.0;0.9619645476341248;0.0;0.667477245503997;0.5991873594733563;0.40081264052664367
1730783106.3104415;/app/bags/user95_2017-02-24.bag;0.834065854549408;0.0;0.9619645476341248;0.0;0.667477245503997;0.5991873594733563;0.40081264052664367
1730783106.5104356;/app/bags/user95_2017-02-24.bag;0.834065854549408;0.0;0.9619645476341248;0.0;0.667477245503997;0.5991873594733563;0.40081264052664367
1730783106.7103996;/app/bags/user95_2017-02-24.bag;0.834065854549408;0.0;0.9619645476341248;0.0;0.667477245503997;0.5991873594733563;0.40081264052664367
1730783106.9103847;/app/bags/user95_2017-02-24.bag;0.834065854549408;0.0;0.9619645476341248;0.0;0.667477245503997;0.5991873594733563;0.40081264052664367
1730783107.1103752;/app/bags/user95_2017-02-24.bag;0.834065854549408;0.0;0.9619645476341248;0.0;0.667477245503997;0.5991873594733563;0.40081264052664367
1730783107.3104079;/app/bags/user95_2017-02-24.bag;0.834065854549408;0.0;0.9619645476341248;0.0;0.667477245503997;0.5991873594733563;0.40081264052664367
1730783107.5103698;/app/bags/user95_2017-02-24.bag;0.834065854549408;0.0;0.9619645476341248;0.0;0.667477245503997;0.5991873594733563;0.40081264052664367
1730783107.710355;/app/bags/user95_2017-02-24.bag;0.834065854549408;0.0;0.9619645476341248;0.0;0.667477245503997;0.5991873594733563;0.40081264052664367
1730783107.910363;/app/bags/user95_2017-02-24.bag;0.834065854549408;0.0;0.9619645476341248;0.0;0.667477245503997;0.5991873594733563;0.40081264052664367
1730783108.1103783;/app/bags/user95_2017-02-24.bag;0.834065854549408;0.0;0.9619645476341248;0.0;0.667477245503997;0.5991873594733563;0.40081264052664367
1730783108.3103714;/app/bags/user95_2017-02-24.bag;0.834065854549408;0.0;0.9619645476341248;0.0;0.667477245503997;0.5991873594733563;0.40081264052664367
1730783108.5103943;/app/bags/user95_2017-02-24.bag;0.834065854549408;0.0;0.9619645476341248;0.0;0.667477245503997;0.5991873594733563;0.40081264052664367
1730783108.710376;/app/bags/user95_2017-02-24.bag;0.834065854549408;0.0;0.9619645476341248;0.0;0.667477245503997;0.5991873594733563;0.40081264052664367
1730783108.910443;/app/bags/user95_2017-02-24.bag;0.834065854549408;0.0;0.9619645476341248;0.0;0.667477245503997;0.5991873594733563;0.40081264052664367
1730783109.1103954;/app/bags/user95_2017-02-24.bag;0.834065854549408;0.0;0.9619645476341248;0.0;0.667477245503997;0.5991873594733563;0.40081264052664367
1730783109.3103857;/app/bags/user95_2017-02-24.bag;0.834065854549408;0.0;0.9619645476341248;0.0;0.667477245503997;0.5991873594733563;0.40081264052664367
1730783109.5103743;/app/bags/user95_2017-02-24.bag;0.834065854549408;0.0;0.9619645476341248;0.0;0.667477245503997;0.5991873594733563;0.40081264052664367
1730783109.7104514;/app/bags/user95_2017-02-24.bag;0.834065854549408;0.0;0.9619645476341248;0.0;0.667477245503997;0.5991873594733563;0.40081264052664367
1730783109.9103572;/app/bags/user95_2017-02-24.bag;0.834065854549408;0.0;0.9619645476341248;0.0;0.667477245503997;0.5991873594733563;0.40081264052664367
1730783110.1104877;/app/bags/user95_2017-02-24.bag;0.834065854549408;0.0;0.9619645476341248;0.0;0.667477245503997;0.5991873594733563;0.40081264052664367
1730783110.3103642;/app/bags/user95_2017-02-24.bag;0.834065854549408;0.0;0.9619645476341248;0.0;0.667477245503997;0.5991873594733563;0.40081264052664367
1730783110.5103672;/app/bags/user95_2017-02-24.bag;0.834065854549408;0.0;0.9619645476341248;0.0;0.667477245503997;0.5991873594733563;0.40081264052664367
1730783110.7104838;/app/bags/user95_2017-02-24.bag;0.834065854549408;0.0;0.9619645476341248;0.0;0.667477245503997;0.5991873594733563;0.40081264052664367
1730783110.9104662;/app/bags/user95_2017-02-24.bag;0.834065854549408;0.0;0.9619645476341248;0.0;0.667477245503997;0.5991873594733563;0.40081264052664367
1730783111.1104064;/app/bags/user95_2017-02-24.bag;0.834065854549408;0.0;0.9619645476341248;0.0;0.667477245503997;0.5991873594733563;0.40081264052664367
1730783111.3103921;/app/bags/user95_2017-02-24.bag;0.834065854549408;0.0;0.9619645476341248;0.0;0.667477245503997;0.5991873594733563;0.40081264052664367
1730783111.5105937;/app/bags/user95_2017-02-24.bag;0.834065854549408;0.0;0.9619645476341248;0.0;0.667477245503997;0.5991873594733563;0.40081264052664367
1730783111.7104394;/app/bags/user95_2017-02-24.bag;0.834065854549408;0.0;0.9619645476341248;0.0;0.667477245503997;0.5991873594733563;0.40081264052664367
1730783111.9103558;/app/bags/user95_2017-02-24.bag;0.834065854549408;0.0;0.9619645476341248;0.0;0.667477245503997;0.5991873594733563;0.40081264052664367
1730783112.1103396;/app/bags/user95_2017-02-24.bag;0.834065854549408;0.0;0.9619645476341248;0.0;0.667477245503997;0.5991873594733563;0.40081264052664367
1730783112.3104143;/app/bags/user95_2017-02-24.bag;0.834065854549408;0.0;0.9619645476341248;0.0;0.667477245503997;0.5991873594733563;0.40081264052664367
1730783112.5104313;/app/bags/user95_2017-02-24.bag;0.834065854549408;0.0;0.9619645476341248;0.0;0.667477245503997;0.5991873594733563;0.40081264052664367
1730783112.710423;/app/bags/user95_2017-02-24.bag;0.834065854549408;0.0;0.9619645476341248;0.0;0.667477245503997;0.5991873594733563;0.40081264052664367
1730783112.912894;/app/bags/user95_2017-02-24.bag;0.834065854549408;0.0;0.9619645476341248;0.0;0.667477245503997;0.5991873594733563;0.40081264052664367
1730783113.1103392;/app/bags/user95_2017-02-24.bag;0.834065854549408;0.0;0.9619645476341248;0.0;0.667477245503997;0.5991873594733563;0.40081264052664367
1730783113.3103385;/app/bags/user95_2017-02-24.bag;0.834065854549408;0.0;0.9619645476341248;0.0;0.667477245503997;0.5991873594733563;0.40081264052664367
1730783113.5103676;/app/bags/user95_2017-02-24.bag;0.834065854549408;0.0;0.9619645476341248;0.0;0.667477245503997;0.5991873594733563;0.40081264052664367
1730783113.7104158;/app/bags/user95_2017-02-24.bag;0.834065854549408;0.0;0.9619645476341248;0.0;0.667477245503997;0.5991873594733563;0.40081264052664367
1730783113.910387;/app/bags/user95_2017-02-24.bag;0.834065854549408;0.0;0.9619645476341248;0.0;0.667477245503997;0.5991873594733563;0.40081264052664367
1730783114.1103847;/app/bags/user95_2017-02-24.bag;0.834065854549408;0.0;0.9619645476341248;0.0;0.667477245503997;0.5991873594733563;0.40081264052664367
1730783114.3103771;/app/bags/user95_2017-02-24.bag;0.834065854549408;0.0;0.9619645476341248;0.0;0.667477245503997;0.5991873594733563;0.40081264052664367
1730783114.5103948;/app/bags/user95_2017-02-24.bag;0.834065854549408;0.0;0.9619645476341248;0.0;0.667477245503997;0.5991873594733563;0.40081264052664367
1730783114.7104251;/app/bags/user95_2017-02-24.bag;0.834065854549408;0.0;0.9619645476341248;0.0;0.667477245503997;0.5991873594733563;0.40081264052664367
1730783114.9104311;/app/bags/user95_2017-02-24.bag;0.834065854549408;0.0;0.9619645476341248;0.0;0.667477245503997;0.5991873594733563;0.40081264052664367
1730783115.1104014;/app/bags/user95_2017-02-24.bag;0.834065854549408;0.0;0.9619645476341248;0.0;0.667477245503997;0.5991873594733563;0.40081264052664367
1730783115.3103886;/app/bags/user95_2017-02-24.bag;0.834065854549408;0.0;0.9619645476341248;0.0;0.667477245503997;0.5991873594733563;0.40081264052664367
1730783115.510449;/app/bags/user95_2017-02-24.bag;0.834065854549408;0.0;0.9619645476341248;0.0;0.667477245503997;0.5991873594733563;0.40081264052664367
1730783115.7104583;/app/bags/user95_2017-02-24.bag;0.834065854549408;0.0;0.9619645476341248;0.0;0.667477245503997;0.5991873594733563;0.40081264052664367
1730783115.910459;/app/bags/user95_2017-02-24.bag;0.834065854549408;0.0;0.9619645476341248;0.0;0.667477245503997;0.5991873594733563;0.40081264052664367
1730783116.1104205;/app/bags/user95_2017-02-24.bag;0.834065854549408;0.0;0.9619645476341248;0.0;0.667477245503997;0.5991873594733563;0.40081264052664367
1730783116.3103998;/app/bags/user95_2017-02-24.bag;0.834065854549408;0.0;0.9619645476341248;0.0;0.667477245503997;0.5991873594733563;0.40081264052664367
1730783116.5104203;/app/bags/user95_2017-02-24.bag;0.834065854549408;0.0;0.9619645476341248;0.0;0.667477245503997;0.5991873594733563;0.40081264052664367
1730783116.7103734;/app/bags/user95_2017-02-24.bag;0.834065854549408;0.0;0.9619645476341248;0.0;0.667477245503997;0.5991873594733563;0.40081264052664367
1730783116.9103634;/app/bags/user95_2017-02-24.bag;0.834065854549408;0.0;0.9619645476341248;0.0;0.667477245503997;0.5991873594733563;0.40081264052664367
1730783117.1105957;/app/bags/user95_2017-02-24.bag;0.834065854549408;0.0;0.9619645476341248;0.0;0.667477245503997;0.5991873594733563;0.40081264052664367
1730783117.310353;/app/bags/user95_2017-02-24.bag;0.834065854549408;0.0;0.9619645476341248;0.0;0.667477245503997;0.5991873594733563;0.40081264052664367
1730783117.5104098;/app/bags/user95_2017-02-24.bag;0.834065854549408;0.0;0.9619645476341248;0.0;0.667477245503997;0.5991873594733563;0.40081264052664367
1730783117.7104037;/app/bags/user95_2017-02-24.bag;0.834065854549408;0.0;0.9619645476341248;0.0;0.667477245503997;0.5991873594733563;0.40081264052664367
1730783117.9103875;/app/bags/user95_2017-02-24.bag;0.834065854549408;0.0;0.9619645476341248;0.0;2.3641359312406167;0.533447396543836;0.466552603456164
1730783118.110387;/app/bags/user95_2017-02-24.bag;0.834065854549408;0.0;0.9619645476341248;0.0;2.3641359312406167;0.533447396543836;0.466552603456164
1730783118.3103821;/app/bags/user95_2017-02-24.bag;0.834065854549408;0.0;0.9619645476341248;0.0;2.3641359312406167;0.533447396543836;0.466552603456164
1730783118.510384;/app/bags/user95_2017-02-24.bag;0.834065854549408;0.0;0.9619645476341248;0.0;2.3641359312406167;0.533447396543836;0.466552603456164
1730783118.7103636;/app/bags/user95_2017-02-24.bag;0.834065854549408;0.0;0.9619645476341248;0.0;2.3641359312406167;0.533447396543836;0.466552603456164
1730783118.9104197;/app/bags/user95_2017-02-24.bag;0.834065854549408;0.0;0.9619645476341248;0.0;2.3641359312406167;0.533447396543836;0.466552603456164
1730783119.1104352;/app/bags/user95_2017-02-24.bag;0.834065854549408;0.0;0.9619645476341248;0.0;2.3641359312406167;0.533447396543836;0.466552603456164
1730783119.3104205;/app/bags/user95_2017-02-24.bag;0.834065854549408;0.0;0.9619645476341248;0.0;2.3641359312406167;0.533447396543836;0.466552603456164
1730783119.510338;/app/bags/user95_2017-02-24.bag;0.834065854549408;0.0;0.9619645476341248;0.0;2.3641359312406167;0.533447396543836;0.466552603456164
1730783119.7104342;/app/bags/user95_2017-02-24.bag;0.834065854549408;0.0;0.9619645476341248;0.0;2.3641359312406167;0.533447396543836;0.466552603456164
1730783119.9104252;/app/bags/user95_2017-02-24.bag;0.834065854549408;0.0;0.9619645476341248;0.0;2.3641359312406167;0.533447396543836;0.466552603456164
1730783120.1103997;/app/bags/user95_2017-02-24.bag;0.834065854549408;0.0;0.9619645476341248;0.0;2.3641359312406167;0.533447396543836;0.466552603456164
1730783120.3103728;/app/bags/user95_2017-02-24.bag;0.834065854549408;0.0;0.9619645476341248;0.0;2.3641359312406167;0.533447396543836;0.466552603456164
1730783120.5104277;/app/bags/user95_2017-02-24.bag;0.834065854549408;0.0;0.9619645476341248;0.0;2.3641359312406167;0.533447396543836;0.466552603456164
1730783120.710517;/app/bags/user95_2017-02-24.bag;0.834065854549408;0.0;0.9619645476341248;0.0;2.3641359312406167;0.533447396543836;0.466552603456164
1730783120.9103813;/app/bags/user95_2017-02-24.bag;0.834065854549408;0.0;0.9619645476341248;0.0;2.3641359312406167;0.533447396543836;0.466552603456164
1730783121.1103787;/app/bags/user95_2017-02-24.bag;0.834065854549408;0.0;0.9619645476341248;0.0;2.3641359312406167;0.533447396543836;0.466552603456164
1730783121.3104203;/app/bags/user95_2017-02-24.bag;0.834065854549408;0.0;0.9619645476341248;0.0;2.3641359312406167;0.533447396543836;0.466552603456164
1730783121.5103762;/app/bags/user95_2017-02-24.bag;0.834065854549408;0.0;0.9619645476341248;0.0;2.3641359312406167;0.533447396543836;0.466552603456164
1730783121.7103772;/app/bags/user95_2017-02-24.bag;0.834065854549408;0.0;0.9619645476341248;0.0;2.3641359312406167;0.533447396543836;0.466552603456164
1730783121.9103847;/app/bags/user95_2017-02-24.bag;0.834065854549408;0.0;0.9619645476341248;0.0;2.3641359312406167;0.533447396543836;0.466552603456164
1730783122.1105254;/app/bags/user95_2017-02-24.bag;0.834065854549408;0.0;0.9619645476341248;0.0;2.3641359312406167;0.533447396543836;0.466552603456164
1730783122.3103735;/app/bags/user95_2017-02-24.bag;0.834065854549408;0.0;0.9619645476341248;0.0;2.3641359312406167;0.533447396543836;0.466552603456164
1730783122.5105038;/app/bags/user95_2017-02-24.bag;0.834065854549408;0.0;0.9619645476341248;0.0;2.3641359312406167;0.533447396543836;0.466552603456164
1730783122.7104297;/app/bags/user95_2017-02-24.bag;0.834065854549408;0.0;0.9619645476341248;0.0;2.3641359312406167;0.533447396543836;0.466552603456164
1730783122.9104083;/app/bags/user95_2017-02-24.bag;0.834065854549408;0.0;0.9619645476341248;0.0;2.3641359312406167;0.533447396543836;0.466552603456164
1730783123.1103878;/app/bags/user95_2017-02-24.bag;0.834065854549408;0.0;0.9619645476341248;0.0;2.3641359312406167;0.533447396543836;0.466552603456164
1730783123.310411;/app/bags/user95_2017-02-24.bag;0.834065854549408;0.0;0.9619645476341248;0.0;2.3641359312406167;0.533447396543836;0.466552603456164
1730783123.510379;/app/bags/user95_2017-02-24.bag;0.834065854549408;0.0;0.9619645476341248;0.0;2.3641359312406167;0.533447396543836;0.466552603456164
1730783123.7103992;/app/bags/user95_2017-02-24.bag;0.834065854549408;0.0;0.9619645476341248;0.0;2.3641359312406167;0.533447396543836;0.466552603456164
1730783123.910387;/app/bags/user95_2017-02-24.bag;0.834065854549408;0.0;0.9619645476341248;0.0;2.3641359312406167;0.533447396543836;0.466552603456164
1730783124.110398;/app/bags/user95_2017-02-24.bag;0.834065854549408;0.0;0.9619645476341248;0.0;2.3641359312406167;0.533447396543836;0.466552603456164
1730783124.3103783;/app/bags/user95_2017-02-24.bag;0.834065854549408;0.0;0.9619645476341248;0.0;2.3641359312406167;0.533447396543836;0.466552603456164
1730783124.5103877;/app/bags/user95_2017-02-24.bag;0.834065854549408;0.0;0.9619645476341248;0.0;2.3641359312406167;0.533447396543836;0.466552603456164
1730783124.7103927;/app/bags/user95_2017-02-24.bag;0.834065854549408;0.0;0.9619645476341248;0.0;2.3641359312406167;0.533447396543836;0.466552603456164
1730783124.9103909;/app/bags/user95_2017-02-24.bag;0.834065854549408;0.0;0.9619645476341248;0.0;2.3641359312406167;0.533447396543836;0.466552603456164
1730783125.110382;/app/bags/user95_2017-02-24.bag;0.834065854549408;0.0;0.9619645476341248;0.0;2.3641359312406167;0.533447396543836;0.466552603456164
1730783125.310675;/app/bags/user95_2017-02-24.bag;0.834065854549408;0.0;0.9619645476341248;0.0;2.3641359312406167;0.533447396543836;0.466552603456164
1730783125.51037;/app/bags/user95_2017-02-24.bag;0.834065854549408;0.0;0.9619645476341248;0.0;2.3641359312406167;0.533447396543836;0.466552603456164
1730783125.7103806;/app/bags/user95_2017-02-24.bag;0.834065854549408;0.0;0.9619645476341248;0.0;2.3641359312406167;0.533447396543836;0.466552603456164
1730783125.9104037;/app/bags/user95_2017-02-24.bag;0.834065854549408;0.0;0.9619645476341248;0.0;2.3641359312406167;0.533447396543836;0.466552603456164
1730783126.1103842;/app/bags/user95_2017-02-24.bag;0.834065854549408;0.0;0.9619645476341248;0.0;2.3641359312406167;0.533447396543836;0.466552603456164
1730783126.3103993;/app/bags/user95_2017-02-24.bag;0.834065854549408;0.0;0.9619645476341248;0.0;2.3641359312406167;0.533447396543836;0.466552603456164
1730783126.5104039;/app/bags/user95_2017-02-24.bag;0.834065854549408;0.0;0.9619645476341248;0.0;2.3641359312406167;0.533447396543836;0.466552603456164
1730783126.710403;/app/bags/user95_2017-02-24.bag;0.834065854549408;0.0;0.9619645476341248;0.0;2.3641359312406167;0.533447396543836;0.466552603456164
1730783126.9103954;/app/bags/user95_2017-02-24.bag;0.834065854549408;0.0;0.9619645476341248;0.0;2.3641359312406167;0.533447396543836;0.466552603456164
1730783127.1104245;/app/bags/user95_2017-02-24.bag;0.834065854549408;0.0;0.9619645476341248;0.0;2.3641359312406167;0.533447396543836;0.466552603456164
1730783127.3104048;/app/bags/user95_2017-02-24.bag;0.834065854549408;0.0;0.9619645476341248;0.0;2.3641359312406167;0.533447396543836;0.466552603456164
1730783127.5104153;/app/bags/user95_2017-02-24.bag;0.834065854549408;0.0;0.9619645476341248;0.0;2.3641359312406167;0.533447396543836;0.466552603456164
1730783127.710396;/app/bags/user95_2017-02-24.bag;0.834065854549408;0.0;0.9619645476341248;0.0;2.3641359312406167;0.533447396543836;0.466552603456164
1730783127.910503;/app/bags/user95_2017-02-24.bag;0.834065854549408;0.0;0.9619645476341248;0.0;2.3641359312406167;0.533447396543836;0.466552603456164
1730783128.110398;/app/bags/user95_2017-02-24.bag;0.834065854549408;0.0;0.9619645476341248;0.0;2.3641359312406167;0.533447396543836;0.466552603456164
1730783128.310441;/app/bags/user95_2017-02-24.bag;0.834065854549408;0.0;0.9619645476341248;0.0;2.3641359312406167;0.533447396543836;0.466552603456164
1730783128.5103924;/app/bags/user95_2017-02-24.bag;0.834065854549408;0.0;0.9619645476341248;0.0;2.3641359312406167;0.533447396543836;0.466552603456164
1730783128.7103727;/app/bags/user95_2017-02-24.bag;0.834065854549408;0.0;0.9619645476341248;0.0;2.3641359312406167;0.533447396543836;0.466552603456164
1730783128.910416;/app/bags/user95_2017-02-24.bag;0.834065854549408;0.0;0.9619645476341248;0.0;2.3641359312406167;0.533447396543836;0.466552603456164
1730783129.1103814;/app/bags/user95_2017-02-24.bag;0.834065854549408;0.0;0.9619645476341248;0.0;2.3641359312406167;0.533447396543836;0.466552603456164
1730783129.3103607;/app/bags/user95_2017-02-24.bag;0.834065854549408;0.0;0.9619645476341248;0.0;2.3641359312406167;0.533447396543836;0.466552603456164
1730783129.510494;/app/bags/user95_2017-02-24.bag;0.834065854549408;0.0;0.9619645476341248;0.0;2.3641359312406167;0.533447396543836;0.466552603456164
1730783129.7103887;/app/bags/user95_2017-02-24.bag;0.834065854549408;0.0;0.9619645476341248;0.0;2.3641359312406167;0.533447396543836;0.466552603456164
1730783129.9103677;/app/bags/user95_2017-02-24.bag;0.834065854549408;0.0;0.9619645476341248;0.0;2.3641359312406167;0.533447396543836;0.466552603456164
1730783130.110377;/app/bags/user95_2017-02-24.bag;0.834065854549408;0.0;0.9619645476341248;0.0;2.3641359312406167;0.533447396543836;0.466552603456164
1730783130.3103848;/app/bags/user95_2017-02-24.bag;0.834065854549408;0.0;0.9619645476341248;0.0;2.3641359312406167;0.533447396543836;0.466552603456164
1730783130.5103962;/app/bags/user95_2017-02-24.bag;0.834065854549408;0.0;0.9619645476341248;0.0;2.3641359312406167;0.533447396543836;0.466552603456164
1730783130.7103803;/app/bags/user95_2017-02-24.bag;0.834065854549408;0.0;0.9619645476341248;0.0;2.3641359312406167;0.533447396543836;0.466552603456164
1730783130.9104357;/app/bags/user95_2017-02-24.bag;0.834065854549408;0.0;0.9619645476341248;0.0;2.3641359312406167;0.533447396543836;0.466552603456164
1730783131.1105537;/app/bags/user95_2017-02-24.bag;0.834065854549408;0.0;0.9619645476341248;0.0;2.3641359312406167;0.533447396543836;0.466552603456164
1730783131.3103719;/app/bags/user95_2017-02-24.bag;0.834065854549408;0.0;0.9619645476341248;0.0;2.3641359312406167;0.533447396543836;0.466552603456164
1730783131.5103848;/app/bags/user95_2017-02-24.bag;0.834065854549408;0.0;0.9619645476341248;0.0;2.3641359312406167;0.533447396543836;0.466552603456164
1730783131.7104256;/app/bags/user95_2017-02-24.bag;0.834065854549408;0.0;0.9619645476341248;0.0;2.3641359312406167;0.533447396543836;0.466552603456164
1730783131.9103782;/app/bags/user95_2017-02-24.bag;0.834065854549408;0.0;0.9619645476341248;0.0;2.3641359312406167;0.533447396543836;0.466552603456164
1730783132.110362;/app/bags/user95_2017-02-24.bag;0.834065854549408;0.0;0.9619645476341248;0.0;2.3641359312406167;0.533447396543836;0.466552603456164
1730783132.310446;/app/bags/user95_2017-02-24.bag;0.834065854549408;0.0;0.9619645476341248;0.0;2.3641359312406167;0.533447396543836;0.466552603456164
1730783132.5104468;/app/bags/user95_2017-02-24.bag;0.834065854549408;0.0;0.9619645476341248;0.0;2.3641359312406167;0.533447396543836;0.466552603456164
1730783132.7104015;/app/bags/user95_2017-02-24.bag;0.834065854549408;0.0;0.9619645476341248;0.0;2.3641359312406167;0.533447396543836;0.466552603456164
1730783132.9103773;/app/bags/user95_2017-02-24.bag;0.834065854549408;0.0;0.9619645476341248;0.0;2.3641359312406167;0.533447396543836;0.466552603456164
1730783133.1104677;/app/bags/user95_2017-02-24.bag;0.834065854549408;0.0;0.9619645476341248;0.0;2.3641359312406167;0.533447396543836;0.466552603456164
1730783133.3104513;/app/bags/user95_2017-02-24.bag;0.834065854549408;0.0;0.9619645476341248;0.0;2.3641359312406167;0.533447396543836;0.466552603456164
1730783133.5103838;/app/bags/user95_2017-02-24.bag;0.834065854549408;0.0;0.9619645476341248;0.0;2.3641359312406167;0.533447396543836;0.466552603456164
1730783133.7103848;/app/bags/user95_2017-02-24.bag;0.834065854549408;0.0;0.9619645476341248;0.0;2.3641359312406167;0.533447396543836;0.466552603456164
1730783133.9103887;/app/bags/user95_2017-02-24.bag;0.834065854549408;0.0;0.9619645476341248;0.0;2.3641359312406167;0.533447396543836;0.466552603456164
1730783134.1103935;/app/bags/user95_2017-02-24.bag;0.834065854549408;0.0;0.9619645476341248;0.0;2.3641359312406167;0.533447396543836;0.466552603456164
1730783134.3103855;/app/bags/user95_2017-02-24.bag;0.834065854549408;0.0;0.9619645476341248;0.0;2.3641359312406167;0.533447396543836;0.466552603456164
1730783134.5105026;/app/bags/user95_2017-02-24.bag;0.834065854549408;0.0;0.9619645476341248;0.0;2.3641359312406167;0.533447396543836;0.466552603456164
1730783134.710484;/app/bags/user95_2017-02-24.bag;0.834065854549408;0.0;0.9619645476341248;0.0;2.3641359312406167;0.533447396543836;0.466552603456164
1730783134.9104474;/app/bags/user95_2017-02-24.bag;0.834065854549408;0.0;0.9619645476341248;0.0;2.3641359312406167;0.533447396543836;0.466552603456164
1730783135.1105337;/app/bags/user95_2017-02-24.bag;0.834065854549408;0.0;0.9619645476341248;0.0;2.3641359312406167;0.533447396543836;0.466552603456164
1730783135.3103921;/app/bags/user95_2017-02-24.bag;0.834065854549408;0.0;0.9619645476341248;0.0;2.3641359312406167;0.533447396543836;0.466552603456164
1730783135.5104241;/app/bags/user95_2017-02-24.bag;0.834065854549408;0.0;0.9619645476341248;0.0;2.3641359312406167;0.533447396543836;0.466552603456164
1730783135.7103398;/app/bags/user95_2017-02-24.bag;0.834065854549408;0.0;0.9619645476341248;0.0;2.3641359312406167;0.533447396543836;0.466552603456164
1730783135.9104028;/app/bags/user95_2017-02-24.bag;0.834065854549408;0.0;0.9619645476341248;0.0;2.3641359312406167;0.533447396543836;0.466552603456164
1730783136.1104517;/app/bags/user95_2017-02-24.bag;0.834065854549408;0.0;0.9619645476341248;0.0;2.3641359312406167;0.533447396543836;0.466552603456164
1730783136.3103654;/app/bags/user95_2017-02-24.bag;0.834065854549408;0.0;0.9619645476341248;0.0;2.3641359312406167;0.533447396543836;0.466552603456164
1730783136.5104506;/app/bags/user95_2017-02-24.bag;0.834065854549408;0.0;0.9619645476341248;0.0;2.3641359312406167;0.533447396543836;0.466552603456164
1730783136.7104306;/app/bags/user95_2017-02-24.bag;0.834065854549408;0.0;0.9619645476341248;0.0;2.3641359312406167;0.533447396543836;0.466552603456164
1730783136.9103956;/app/bags/user95_2017-02-24.bag;0.834065854549408;0.0;0.9619645476341248;0.0;2.3641359312406167;0.533447396543836;0.466552603456164
1730783137.1103702;/app/bags/user95_2017-02-24.bag;0.834065854549408;0.0;0.9619645476341248;0.0;2.3641359312406167;0.533447396543836;0.466552603456164
1730783137.3103833;/app/bags/user95_2017-02-24.bag;0.834065854549408;0.0;0.9619645476341248;0.0;2.3641359312406167;0.533447396543836;0.466552603456164
1730783137.5104;/app/bags/user95_2017-02-24.bag;0.834065854549408;0.0;0.9619645476341248;0.0;2.3641359312406167;0.533447396543836;0.466552603456164
1730783137.7103567;/app/bags/user95_2017-02-24.bag;0.834065854549408;0.0;0.9619645476341248;0.0;2.3641359312406167;0.533447396543836;0.466552603456164
1730783137.9104924;/app/bags/user95_2017-02-24.bag;0.834065854549408;0.0;0.9619645476341248;0.0;2.3641359312406167;0.533447396543836;0.466552603456164
1730783138.1104543;/app/bags/user95_2017-02-24.bag;0.834065854549408;0.0;0.9619645476341248;0.0;2.3641359312406167;0.533447396543836;0.466552603456164
1730783138.3103945;/app/bags/user95_2017-02-24.bag;0.834065854549408;0.0;0.9619645476341248;0.0;2.3641359312406167;0.533447396543836;0.466552603456164
1730783138.5104413;/app/bags/user95_2017-02-24.bag;0.834065854549408;0.0;0.9619645476341248;0.0;2.3641359312406167;0.533447396543836;0.466552603456164
1730783138.71043;/app/bags/user95_2017-02-24.bag;0.834065854549408;0.0;0.9619645476341248;0.0;2.3641359312406167;0.533447396543836;0.466552603456164
1730783138.9103904;/app/bags/user95_2017-02-24.bag;0.834065854549408;0.0;0.9619645476341248;0.0;2.3641359312406167;0.533447396543836;0.466552603456164
1730783139.1103632;/app/bags/user95_2017-02-24.bag;0.834065854549408;0.0;0.9619645476341248;0.0;2.3641359312406167;0.533447396543836;0.466552603456164
1730783139.3105218;/app/bags/user95_2017-02-24.bag;0.834065854549408;0.0;0.9619645476341248;0.0;2.3641359312406167;0.533447396543836;0.466552603456164
1730783139.510402;/app/bags/user95_2017-02-24.bag;0.834065854549408;0.0;0.9619645476341248;0.0;2.3641359312406167;0.533447396543836;0.466552603456164
1730783139.7103927;/app/bags/user95_2017-02-24.bag;0.834065854549408;0.0;0.9619645476341248;0.0;2.3641359312406167;0.533447396543836;0.466552603456164
1730783139.9103782;/app/bags/user95_2017-02-24.bag;0.834065854549408;0.0;0.9619645476341248;0.0;2.3641359312406167;0.533447396543836;0.466552603456164
1730783140.1104078;/app/bags/user95_2017-02-24.bag;0.834065854549408;0.0;0.9619645476341248;0.0;2.3641359312406167;0.533447396543836;0.466552603456164
1730783140.3104095;/app/bags/user95_2017-02-24.bag;0.834065854549408;0.0;0.9619645476341248;0.0;2.3641359312406167;0.533447396543836;0.466552603456164
1730783140.510398;/app/bags/user95_2017-02-24.bag;0.834065854549408;0.0;0.9619645476341248;0.0;2.3641359312406167;0.533447396543836;0.466552603456164
1730783140.7104053;/app/bags/user95_2017-02-24.bag;0.834065854549408;0.0;0.9619645476341248;0.0;2.3641359312406167;0.533447396543836;0.466552603456164
1730783140.910466;/app/bags/user95_2017-02-24.bag;0.834065854549408;0.0;0.9619645476341248;0.0;2.3641359312406167;0.533447396543836;0.466552603456164
1730783141.1103947;/app/bags/user95_2017-02-24.bag;0.834065854549408;0.0;0.9619645476341248;0.0;2.3641359312406167;0.533447396543836;0.466552603456164
1730783141.3103833;/app/bags/user95_2017-02-24.bag;0.834065854549408;0.0;0.9619645476341248;0.0;2.3641359312406167;0.533447396543836;0.466552603456164
1730783141.5104141;/app/bags/user95_2017-02-24.bag;0.834065854549408;0.0;0.9619645476341248;0.0;2.3641359312406167;0.533447396543836;0.466552603456164
1730783141.7104158;/app/bags/user95_2017-02-24.bag;0.834065854549408;0.0;0.9619645476341248;0.0;2.3641359312406167;0.533447396543836;0.466552603456164
1730783141.9103887;/app/bags/user95_2017-02-24.bag;0.834065854549408;0.0;0.9619645476341248;0.0;2.3641359312406167;0.533447396543836;0.466552603456164
1730783142.110374;/app/bags/user95_2017-02-24.bag;0.834065854549408;0.0;0.9619645476341248;0.0;2.3641359312406167;0.533447396543836;0.466552603456164
1730783142.3104208;/app/bags/user95_2017-02-24.bag;0.834065854549408;0.0;0.9619645476341248;0.0;2.3641359312406167;0.533447396543836;0.466552603456164
1730783142.5104353;/app/bags/user95_2017-02-24.bag;0.834065854549408;0.0;0.9619645476341248;0.0;2.3641359312406167;0.533447396543836;0.466552603456164
1730783142.7103987;/app/bags/user95_2017-02-24.bag;0.834065854549408;0.0;0.9619645476341248;0.0;2.3641359312406167;0.533447396543836;0.466552603456164
1730783142.9103794;/app/bags/user95_2017-02-24.bag;0.834065854549408;0.0;0.9619645476341248;0.0;2.3641359312406167;0.533447396543836;0.466552603456164
1730783143.1103742;/app/bags/user95_2017-02-24.bag;0.834065854549408;0.0;0.9619645476341248;0.0;2.3641359312406167;0.533447396543836;0.466552603456164
1730783143.3103876;/app/bags/user95_2017-02-24.bag;0.834065854549408;0.0;0.9619645476341248;0.0;2.3641359312406167;0.533447396543836;0.466552603456164
1730783143.5104167;/app/bags/user95_2017-02-24.bag;0.834065854549408;0.0;0.9619645476341248;0.0;2.3641359312406167;0.533447396543836;0.466552603456164
1730783143.710366;/app/bags/user95_2017-02-24.bag;0.834065854549408;0.0;0.9619645476341248;0.0;2.3641359312406167;0.533447396543836;0.466552603456164
1730783143.910393;/app/bags/user95_2017-02-24.bag;0.834065854549408;0.0;0.9619645476341248;0.0;2.3641359312406167;0.533447396543836;0.466552603456164
1730783144.110379;/app/bags/user95_2017-02-24.bag;0.834065854549408;0.0;0.9619645476341248;0.0;2.3641359312406167;0.533447396543836;0.466552603456164
1730783144.3104265;/app/bags/user95_2017-02-24.bag;0.834065854549408;0.0;0.9619645476341248;0.0;2.3641359312406167;0.533447396543836;0.466552603456164
1730783144.5104117;/app/bags/user95_2017-02-24.bag;0.834065854549408;0.0;0.9619645476341248;0.0;2.3641359312406167;0.533447396543836;0.466552603456164
1730783144.7104843;/app/bags/user95_2017-02-24.bag;0.834065854549408;0.0;0.9619645476341248;0.0;2.3641359312406167;0.533447396543836;0.466552603456164
1730783144.9104257;/app/bags/user95_2017-02-24.bag;0.834065854549408;0.0;0.9619645476341248;0.0;2.3641359312406167;0.533447396543836;0.466552603456164
1730783145.1103802;/app/bags/user95_2017-02-24.bag;0.834065854549408;0.0;0.9619645476341248;0.0;2.3641359312406167;0.533447396543836;0.466552603456164
1730783145.3103874;/app/bags/user95_2017-02-24.bag;0.834065854549408;0.0;0.9619645476341248;0.0;2.3641359312406167;0.533447396543836;0.466552603456164
1730783145.5103989;/app/bags/user95_2017-02-24.bag;0.834065854549408;0.0;0.9619645476341248;0.0;2.3641359312406167;0.533447396543836;0.466552603456164
1730783145.7103868;/app/bags/user95_2017-02-24.bag;0.834065854549408;0.0;0.9619645476341248;0.0;2.3641359312406167;0.533447396543836;0.466552603456164
1730783145.910383;/app/bags/user95_2017-02-24.bag;0.834065854549408;0.0;0.9619645476341248;0.0;2.3641359312406167;0.533447396543836;0.466552603456164
1730783146.1103587;/app/bags/user95_2017-02-24.bag;0.834065854549408;0.0;0.9619645476341248;0.0;2.3641359312406167;0.533447396543836;0.466552603456164
1730783146.3103874;/app/bags/user95_2017-02-24.bag;0.834065854549408;0.0;0.9619645476341248;0.0;2.3641359312406167;0.533447396543836;0.466552603456164
1730783146.5103548;/app/bags/user95_2017-02-24.bag;0.834065854549408;0.0;0.9619645476341248;0.0;2.3641359312406167;0.533447396543836;0.466552603456164
1730783146.7104402;/app/bags/user95_2017-02-24.bag;0.834065854549408;0.0;0.9619645476341248;0.0;2.3641359312406167;0.533447396543836;0.466552603456164
1730783146.91033;/app/bags/user95_2017-02-24.bag;0.834065854549408;0.0;0.9619645476341248;0.0;2.3641359312406167;0.533447396543836;0.466552603456164
1730783147.1104228;/app/bags/user95_2017-02-24.bag;0.834065854549408;0.0;0.9619645476341248;0.0;2.3641359312406167;0.533447396543836;0.466552603456164
1730783147.3104281;/app/bags/user95_2017-02-24.bag;0.834065854549408;0.0;0.9619645476341248;0.0;2.3641359312406167;0.533447396543836;0.466552603456164
1730783147.5103724;/app/bags/user95_2017-02-24.bag;0.834065854549408;0.0;0.9619645476341248;0.0;2.3641359312406167;0.533447396543836;0.466552603456164
1730783147.7104292;/app/bags/user95_2017-02-24.bag;0.834065854549408;0.0;0.9619645476341248;0.0;2.3641359312406167;0.533447396543836;0.466552603456164
1730783147.9103808;/app/bags/user95_2017-02-24.bag;0.834065854549408;0.0;0.9619645476341248;0.0;2.3641359312406167;0.533447396543836;0.466552603456164
1730783148.1104126;/app/bags/user95_2017-02-24.bag;0.834065854549408;0.0;0.9619645476341248;0.0;2.3641359312406167;0.533447396543836;0.466552603456164
1730783148.3103654;/app/bags/user95_2017-02-24.bag;0.834065854549408;0.0;0.9619645476341248;0.0;2.3641359312406167;0.533447396543836;0.466552603456164
1730783148.510452;/app/bags/user95_2017-02-24.bag;0.834065854549408;0.0;0.9619645476341248;0.0;2.3641359312406167;0.533447396543836;0.466552603456164
1730783148.7105792;/app/bags/user95_2017-02-24.bag;0.834065854549408;0.0;0.9619645476341248;0.0;2.3641359312406167;0.533447396543836;0.466552603456164
1730783148.9103706;/app/bags/user95_2017-02-24.bag;0.834065854549408;0.0;0.9619645476341248;0.0;2.3641359312406167;0.533447396543836;0.466552603456164
1730783149.1103983;/app/bags/user95_2017-02-24.bag;0.834065854549408;0.0;0.9619645476341248;0.0;2.3641359312406167;0.533447396543836;0.466552603456164
1730783149.3104005;/app/bags/user95_2017-02-24.bag;0.834065854549408;0.0;0.9619645476341248;0.0;2.3641359312406167;0.533447396543836;0.466552603456164
1730783149.510442;/app/bags/user95_2017-02-24.bag;0.834065854549408;0.0;0.9619645476341248;0.0;2.3641359312406167;0.533447396543836;0.466552603456164
1730783149.7103848;/app/bags/user95_2017-02-24.bag;0.834065854549408;0.0;0.9619645476341248;0.0;2.3641359312406167;0.533447396543836;0.466552603456164
1730783149.910388;/app/bags/user95_2017-02-24.bag;0.834065854549408;0.0;0.9619645476341248;0.0;2.3641359312406167;0.533447396543836;0.466552603456164
1730783150.1104746;/app/bags/user95_2017-02-24.bag;0.834065854549408;0.0;0.9619645476341248;0.0;2.3641359312406167;0.533447396543836;0.466552603456164
1730783150.310442;/app/bags/user95_2017-02-24.bag;0.834065854549408;0.0;0.9619645476341248;0.0;2.3641359312406167;0.533447396543836;0.466552603456164
1730783150.5104468;/app/bags/user95_2017-02-24.bag;0.834065854549408;0.0;0.9619645476341248;0.0;2.3641359312406167;0.533447396543836;0.466552603456164
1730783150.7103908;/app/bags/user95_2017-02-24.bag;0.834065854549408;0.0;0.9619645476341248;0.0;2.3641359312406167;0.533447396543836;0.466552603456164
1730783150.910385;/app/bags/user95_2017-02-24.bag;0.834065854549408;0.0;0.9619645476341248;0.0;2.3641359312406167;0.533447396543836;0.466552603456164
1730783151.1104164;/app/bags/user95_2017-02-24.bag;0.834065854549408;0.0;0.9619645476341248;0.0;2.3641359312406167;0.533447396543836;0.466552603456164
1730783151.3103979;/app/bags/user95_2017-02-24.bag;0.834065854549408;0.0;0.9619645476341248;0.0;2.3641359312406167;0.533447396543836;0.466552603456164
1730783151.5103893;/app/bags/user95_2017-02-24.bag;0.834065854549408;0.0;0.9619645476341248;0.0;2.3641359312406167;0.533447396543836;0.466552603456164
1730783151.7103908;/app/bags/user95_2017-02-24.bag;0.834065854549408;0.0;0.9619645476341248;0.0;2.3641359312406167;0.533447396543836;0.466552603456164
1730783151.910403;/app/bags/user95_2017-02-24.bag;0.834065854549408;0.0;0.9619645476341248;0.0;2.3641359312406167;0.533447396543836;0.466552603456164
1730783152.1105182;/app/bags/user95_2017-02-24.bag;0.834065854549408;0.0;0.9619645476341248;0.0;2.3641359312406167;0.533447396543836;0.466552603456164
1730783152.3103888;/app/bags/user95_2017-02-24.bag;0.834065854549408;0.0;0.9619645476341248;0.0;2.3641359312406167;0.533447396543836;0.466552603456164
1730783152.510401;/app/bags/user95_2017-02-24.bag;0.834065854549408;0.0;0.9619645476341248;0.0;2.3641359312406167;0.533447396543836;0.466552603456164
1730783152.7104096;/app/bags/user95_2017-02-24.bag;0.834065854549408;0.0;0.9619645476341248;0.0;2.3641359312406167;0.533447396543836;0.466552603456164
1730783152.910366;/app/bags/user95_2017-02-24.bag;0.834065854549408;0.0;0.9619645476341248;0.0;2.3641359312406167;0.533447396543836;0.466552603456164
1730783153.1103864;/app/bags/user95_2017-02-24.bag;0.834065854549408;0.0;0.9619645476341248;0.0;2.3641359312406167;0.533447396543836;0.466552603456164
1730783153.3103838;/app/bags/user95_2017-02-24.bag;0.834065854549408;0.0;0.9619645476341248;0.0;2.3641359312406167;0.533447396543836;0.466552603456164
1730783153.5104132;/app/bags/user95_2017-02-24.bag;0.834065854549408;0.0;0.9619645476341248;0.0;2.3641359312406167;0.533447396543836;0.466552603456164
1730783153.7103798;/app/bags/user95_2017-02-24.bag;0.834065854549408;0.0;0.9619645476341248;0.0;2.3641359312406167;0.533447396543836;0.466552603456164
1730783153.9104025;/app/bags/user95_2017-02-24.bag;0.834065854549408;0.0;0.9619645476341248;0.0;2.3641359312406167;0.533447396543836;0.466552603456164
1730783154.1103723;/app/bags/user95_2017-02-24.bag;0.834065854549408;0.0;0.9619645476341248;0.0;2.3641359312406167;0.533447396543836;0.466552603456164
1730783154.310429;/app/bags/user95_2017-02-24.bag;0.834065854549408;0.0;0.9619645476341248;0.0;2.3641359312406167;0.533447396543836;0.466552603456164
1730783154.5103846;/app/bags/user95_2017-02-24.bag;0.834065854549408;0.0;0.9619645476341248;0.0;2.3641359312406167;0.533447396543836;0.466552603456164
1730783154.7103786;/app/bags/user95_2017-02-24.bag;0.834065854549408;0.0;0.9619645476341248;0.0;2.3641359312406167;0.533447396543836;0.466552603456164
1730783154.9103923;/app/bags/user95_2017-02-24.bag;0.834065854549408;0.0;0.9619645476341248;0.0;2.3641359312406167;0.533447396543836;0.466552603456164
1730783155.110371;/app/bags/user95_2017-02-24.bag;0.834065854549408;0.0;0.9619645476341248;0.0;2.3641359312406167;0.533447396543836;0.466552603456164
1730783155.3103943;/app/bags/user95_2017-02-24.bag;0.834065854549408;0.0;0.9619645476341248;0.0;2.3641359312406167;0.533447396543836;0.466552603456164
1730783155.5104382;/app/bags/user95_2017-02-24.bag;0.834065854549408;0.0;0.9619645476341248;0.0;2.3641359312406167;0.533447396543836;0.466552603456164
1730783155.710408;/app/bags/user95_2017-02-24.bag;0.834065854549408;0.0;0.9619645476341248;0.0;2.3641359312406167;0.533447396543836;0.466552603456164
1730783155.9104025;/app/bags/user95_2017-02-24.bag;0.834065854549408;0.0;0.9619645476341248;0.0;2.3641359312406167;0.533447396543836;0.466552603456164
1730783156.1103868;/app/bags/user95_2017-02-24.bag;0.834065854549408;0.0;0.9619645476341248;0.0;2.3641359312406167;0.533447396543836;0.466552603456164
1730783156.3103938;/app/bags/user95_2017-02-24.bag;0.834065854549408;0.0;0.9619645476341248;0.0;2.3641359312406167;0.533447396543836;0.466552603456164
1730783156.510395;/app/bags/user95_2017-02-24.bag;0.834065854549408;0.0;0.9619645476341248;0.0;2.3641359312406167;0.533447396543836;0.466552603456164
1730783156.710397;/app/bags/user95_2017-02-24.bag;0.834065854549408;0.0;0.9619645476341248;0.0;2.3641359312406167;0.533447396543836;0.466552603456164
1730783156.9105043;/app/bags/user95_2017-02-24.bag;0.834065854549408;0.0;0.9619645476341248;0.0;2.3641359312406167;0.533447396543836;0.466552603456164
1730783157.1103895;/app/bags/user95_2017-02-24.bag;0.834065854549408;0.0;0.9619645476341248;0.0;2.3641359312406167;0.533447396543836;0.466552603456164
1730783157.310376;/app/bags/user95_2017-02-24.bag;0.834065854549408;0.0;0.9619645476341248;0.0;2.3641359312406167;0.533447396543836;0.466552603456164
1730783157.5104115;/app/bags/user95_2017-02-24.bag;0.834065854549408;0.0;0.9619645476341248;0.0;2.3641359312406167;0.533447396543836;0.466552603456164
1730783157.710411;/app/bags/user95_2017-02-24.bag;0.834065854549408;0.0;0.9619645476341248;0.0;2.3641359312406167;0.533447396543836;0.466552603456164
1730783157.9104342;/app/bags/user95_2017-02-24.bag;0.834065854549408;0.0;0.9619645476341248;0.0;2.3641359312406167;0.533447396543836;0.466552603456164
1730783158.1103835;/app/bags/user95_2017-02-24.bag;0.834065854549408;0.0;0.9619645476341248;0.0;2.3641359312406167;0.533447396543836;0.466552603456164
1730783158.3103511;/app/bags/user95_2017-02-24.bag;0.834065854549408;0.0;0.9619645476341248;0.0;2.3641359312406167;0.533447396543836;0.466552603456164
1730783158.5104418;/app/bags/user95_2017-02-24.bag;0.834065854549408;0.0;0.9619645476341248;0.0;2.3641359312406167;0.533447396543836;0.466552603456164
1730783158.7103856;/app/bags/user95_2017-02-24.bag;0.834065854549408;0.0;0.9619645476341248;0.0;2.3641359312406167;0.533447396543836;0.466552603456164
1730783158.9104266;/app/bags/user95_2017-02-24.bag;0.834065854549408;0.0;0.9619645476341248;0.0;2.3641359312406167;0.533447396543836;0.466552603456164
1730783159.1104305;/app/bags/user95_2017-02-24.bag;0.834065854549408;0.0;0.9619645476341248;0.0;2.3641359312406167;0.533447396543836;0.466552603456164
1730783159.3103702;/app/bags/user95_2017-02-24.bag;0.834065854549408;0.0;0.9619645476341248;0.0;2.3641359312406167;0.533447396543836;0.466552603456164
1730783159.5103707;/app/bags/user95_2017-02-24.bag;0.834065854549408;0.0;0.9619645476341248;0.0;2.3641359312406167;0.533447396543836;0.466552603456164
1730783159.7103717;/app/bags/user95_2017-02-24.bag;0.834065854549408;0.0;0.9619645476341248;0.0;2.3641359312406167;0.533447396543836;0.466552603456164
1730783159.910398;/app/bags/user95_2017-02-24.bag;0.834065854549408;0.0;0.9619645476341248;0.0;2.3641359312406167;0.533447396543836;0.466552603456164
1730783160.1104238;/app/bags/user95_2017-02-24.bag;0.834065854549408;0.0;0.9619645476341248;0.0;2.3641359312406167;0.533447396543836;0.466552603456164
1730783160.310443;/app/bags/user95_2017-02-24.bag;0.834065854549408;0.0;0.9619645476341248;0.0;2.3641359312406167;0.533447396543836;0.466552603456164
1730783160.5103452;/app/bags/user95_2017-02-24.bag;0.834065854549408;0.0;0.9619645476341248;0.0;2.3641359312406167;0.533447396543836;0.466552603456164
1730783160.7103565;/app/bags/user95_2017-02-24.bag;0.834065854549408;0.0;0.9619645476341248;0.0;2.3641359312406167;0.533447396543836;0.466552603456164
1730783160.910364;/app/bags/user95_2017-02-24.bag;0.834065854549408;0.0;0.9619645476341248;0.0;2.3641359312406167;0.533447396543836;0.466552603456164
1730783161.1104143;/app/bags/user95_2017-02-24.bag;0.834065854549408;0.0;0.9619645476341248;0.0;2.3641359312406167;0.533447396543836;0.466552603456164
1730783161.3103933;/app/bags/user95_2017-02-24.bag;0.834065854549408;0.0;0.9619645476341248;0.0;2.3641359312406167;0.533447396543836;0.466552603456164
1730783161.5104275;/app/bags/user95_2017-02-24.bag;0.834065854549408;0.0;0.9619645476341248;0.0;2.3641359312406167;0.533447396543836;0.466552603456164
1730783161.710394;/app/bags/user95_2017-02-24.bag;0.834065854549408;0.0;0.9619645476341248;0.0;2.3641359312406167;0.533447396543836;0.466552603456164
1730783161.9103851;/app/bags/user95_2017-02-24.bag;0.834065854549408;0.0;0.9619645476341248;0.0;2.3641359312406167;0.533447396543836;0.466552603456164
1730783162.1104188;/app/bags/user95_2017-02-24.bag;0.834065854549408;0.0;0.9619645476341248;0.0;2.3641359312406167;0.533447396543836;0.466552603456164
1730783162.3103802;/app/bags/user95_2017-02-24.bag;0.834065854549408;0.0;0.9619645476341248;0.0;2.3641359312406167;0.533447396543836;0.466552603456164
1730783162.5103695;/app/bags/user95_2017-02-24.bag;0.834065854549408;0.0;0.9619645476341248;0.0;2.3641359312406167;0.533447396543836;0.466552603456164
1730783162.7103746;/app/bags/user95_2017-02-24.bag;0.834065854549408;0.0;0.9619645476341248;0.0;2.3641359312406167;0.533447396543836;0.466552603456164
1730783162.9104006;/app/bags/user95_2017-02-24.bag;0.834065854549408;0.0;0.9619645476341248;0.0;2.3641359312406167;0.533447396543836;0.466552603456164
1730783163.110397;/app/bags/user95_2017-02-24.bag;0.834065854549408;0.0;0.9619645476341248;0.0;2.3641359312406167;0.533447396543836;0.466552603456164
1730783163.3104277;/app/bags/user95_2017-02-24.bag;0.834065854549408;0.0;0.9619645476341248;0.0;2.3641359312406167;0.533447396543836;0.466552603456164
1730783163.5103905;/app/bags/user95_2017-02-24.bag;0.834065854549408;0.0;0.9619645476341248;0.0;2.3641359312406167;0.533447396543836;0.466552603456164
1730783163.7104318;/app/bags/user95_2017-02-24.bag;0.834065854549408;0.0;0.9619645476341248;0.0;2.3641359312406167;0.533447396543836;0.466552603456164
1730783163.9103713;/app/bags/user95_2017-02-24.bag;0.834065854549408;0.0;0.9619645476341248;0.0;2.3641359312406167;0.533447396543836;0.466552603456164
1730783164.1103783;/app/bags/user95_2017-02-24.bag;0.834065854549408;0.0;0.9619645476341248;0.0;2.3641359312406167;0.533447396543836;0.466552603456164
1730783164.3103883;/app/bags/user95_2017-02-24.bag;0.834065854549408;0.0;0.9619645476341248;0.0;2.3641359312406167;0.533447396543836;0.466552603456164
1730783164.5104084;/app/bags/user95_2017-02-24.bag;0.834065854549408;0.0;0.9619645476341248;0.0;2.3641359312406167;0.533447396543836;0.466552603456164
1730783164.7104018;/app/bags/user95_2017-02-24.bag;0.834065854549408;0.0;0.9619645476341248;0.0;2.3641359312406167;0.533447396543836;0.466552603456164
1730783164.9103436;/app/bags/user95_2017-02-24.bag;0.834065854549408;0.0;0.9619645476341248;0.0;2.3641359312406167;0.533447396543836;0.466552603456164
1730783165.11042;/app/bags/user95_2017-02-24.bag;0.834065854549408;0.0;0.9619645476341248;0.0;2.3641359312406167;0.533447396543836;0.466552603456164
1730783165.3104532;/app/bags/user95_2017-02-24.bag;0.834065854549408;0.0;0.9619645476341248;0.0;2.3641359312406167;0.533447396543836;0.466552603456164
1730783165.510433;/app/bags/user95_2017-02-24.bag;0.834065854549408;0.0;0.9619645476341248;0.0;2.3641359312406167;0.533447396543836;0.466552603456164
1730783165.7103906;/app/bags/user95_2017-02-24.bag;0.834065854549408;0.0;0.9619645476341248;0.0;2.3641359312406167;0.533447396543836;0.466552603456164
1730783165.9103994;/app/bags/user95_2017-02-24.bag;0.834065854549408;0.0;0.9619645476341248;0.0;2.3641359312406167;0.533447396543836;0.466552603456164
1730783166.1104417;/app/bags/user95_2017-02-24.bag;0.834065854549408;0.0;0.9619645476341248;0.0;2.3641359312406167;0.533447396543836;0.466552603456164
1730783166.310389;/app/bags/user95_2017-02-24.bag;0.834065854549408;0.0;0.9619645476341248;0.0;2.3641359312406167;0.533447396543836;0.466552603456164
1730783166.5104527;/app/bags/user95_2017-02-24.bag;0.834065854549408;0.0;0.9619645476341248;0.0;2.3641359312406167;0.533447396543836;0.466552603456164
1730783166.710391;/app/bags/user95_2017-02-24.bag;0.834065854549408;0.0;0.9619645476341248;0.0;2.3641359312406167;0.533447396543836;0.466552603456164
1730783166.9103763;/app/bags/user95_2017-02-24.bag;0.834065854549408;0.0;0.9619645476341248;0.0;2.3641359312406167;0.533447396543836;0.466552603456164
1730783167.1103702;/app/bags/user95_2017-02-24.bag;0.834065854549408;0.0;0.9619645476341248;0.0;2.3641359312406167;0.533447396543836;0.466552603456164
1730783167.3103714;/app/bags/user95_2017-02-24.bag;0.834065854549408;0.0;0.9619645476341248;0.0;2.3641359312406167;0.533447396543836;0.466552603456164
1730783167.5103776;/app/bags/user95_2017-02-24.bag;0.834065854549408;0.0;0.9619645476341248;0.0;2.3641359312406167;0.533447396543836;0.466552603456164
1730783167.7103622;/app/bags/user95_2017-02-24.bag;0.834065854549408;0.0;0.9619645476341248;0.0;2.3641359312406167;0.533447396543836;0.466552603456164
1730783167.9103856;/app/bags/user95_2017-02-24.bag;0.834065854549408;0.0;0.9619645476341248;0.0;2.3641359312406167;0.533447396543836;0.466552603456164
1730783168.1103868;/app/bags/user95_2017-02-24.bag;0.834065854549408;0.0;0.9619645476341248;0.0;2.3641359312406167;0.533447396543836;0.466552603456164
1730783168.3103864;/app/bags/user95_2017-02-24.bag;0.834065854549408;0.0;0.9619645476341248;0.0;2.3641359312406167;0.533447396543836;0.466552603456164
1730783168.5103633;/app/bags/user95_2017-02-24.bag;0.834065854549408;0.0;0.9619645476341248;0.0;2.3641359312406167;0.533447396543836;0.466552603456164
1730783168.710369;/app/bags/user95_2017-02-24.bag;0.834065854549408;0.0;0.9619645476341248;0.0;2.3641359312406167;0.533447396543836;0.466552603456164
1730783168.9104085;/app/bags/user95_2017-02-24.bag;0.834065854549408;0.0;0.9619645476341248;0.0;2.3641359312406167;0.533447396543836;0.466552603456164
1730783169.1103806;/app/bags/user95_2017-02-24.bag;0.834065854549408;0.0;0.9619645476341248;0.0;2.3641359312406167;0.533447396543836;0.466552603456164
1730783169.310383;/app/bags/user95_2017-02-24.bag;0.834065854549408;0.0;0.9619645476341248;0.0;2.3641359312406167;0.533447396543836;0.466552603456164
1730783169.5103726;/app/bags/user95_2017-02-24.bag;0.834065854549408;0.0;0.9619645476341248;0.0;2.3641359312406167;0.533447396543836;0.466552603456164
1730783169.7104058;/app/bags/user95_2017-02-24.bag;0.834065854549408;0.0;0.9619645476341248;0.0;2.3641359312406167;0.533447396543836;0.466552603456164
1730783169.9103863;/app/bags/user95_2017-02-24.bag;0.834065854549408;0.0;0.9619645476341248;0.0;2.3641359312406167;0.533447396543836;0.466552603456164
1730783170.1104257;/app/bags/user95_2017-02-24.bag;0.834065854549408;0.0;0.9619645476341248;0.0;2.3641359312406167;0.533447396543836;0.466552603456164
1730783170.310378;/app/bags/user95_2017-02-24.bag;0.834065854549408;0.0;0.9619645476341248;0.0;2.3641359312406167;0.533447396543836;0.466552603456164
1730783170.510384;/app/bags/user95_2017-02-24.bag;0.834065854549408;0.0;0.9619645476341248;0.0;2.3641359312406167;0.533447396543836;0.466552603456164
1730783170.710391;/app/bags/user95_2017-02-24.bag;0.834065854549408;0.0;0.9619645476341248;0.0;2.3641359312406167;0.533447396543836;0.466552603456164
1730783170.9103575;/app/bags/user95_2017-02-24.bag;0.834065854549408;0.0;0.9619645476341248;0.0;2.3641359312406167;0.533447396543836;0.466552603456164
1730783171.1103706;/app/bags/user95_2017-02-24.bag;0.834065854549408;0.0;0.9619645476341248;0.0;2.3641359312406167;0.533447396543836;0.466552603456164
1730783171.3103836;/app/bags/user95_2017-02-24.bag;0.834065854549408;0.0;0.9619645476341248;0.0;2.3641359312406167;0.533447396543836;0.466552603456164
1730783171.5103939;/app/bags/user95_2017-02-24.bag;0.834065854549408;0.0;0.9619645476341248;0.0;2.3641359312406167;0.533447396543836;0.466552603456164
1730783171.7104063;/app/bags/user95_2017-02-24.bag;0.834065854549408;0.0;0.9619645476341248;0.0;2.3641359312406167;0.533447396543836;0.466552603456164
1730783171.9103742;/app/bags/user95_2017-02-24.bag;0.834065854549408;0.0;0.9619645476341248;0.0;2.3641359312406167;0.533447396543836;0.466552603456164
1730783172.1104407;/app/bags/user95_2017-02-24.bag;0.834065854549408;0.0;0.9619645476341248;0.0;2.3641359312406167;0.533447396543836;0.466552603456164
1730783172.310404;/app/bags/user95_2017-02-24.bag;0.834065854549408;0.0;0.9619645476341248;0.0;2.3641359312406167;0.533447396543836;0.466552603456164
1730783172.5103486;/app/bags/user95_2017-02-24.bag;0.834065854549408;0.0;0.9619645476341248;0.0;2.3641359312406167;0.533447396543836;0.466552603456164
1730783172.7103562;/app/bags/user95_2017-02-24.bag;0.834065854549408;0.0;0.9619645476341248;0.0;2.3641359312406167;0.533447396543836;0.466552603456164
1730783172.9103837;/app/bags/user95_2017-02-24.bag;0.834065854549408;0.0;0.9619645476341248;0.0;2.3641359312406167;0.533447396543836;0.466552603456164
1730783173.110385;/app/bags/user95_2017-02-24.bag;0.834065854549408;0.0;0.9619645476341248;0.0;2.3641359312406167;0.533447396543836;0.466552603456164
1730783173.3103762;/app/bags/user95_2017-02-24.bag;0.834065854549408;0.0;0.9619645476341248;0.0;2.3641359312406167;0.533447396543836;0.466552603456164
1730783173.5103934;/app/bags/user95_2017-02-24.bag;0.834065854549408;0.0;0.9619645476341248;0.0;2.3641359312406167;0.533447396543836;0.466552603456164
1730783173.710391;/app/bags/user95_2017-02-24.bag;0.834065854549408;0.0;0.9619645476341248;0.0;2.3641359312406167;0.533447396543836;0.466552603456164
1730783173.9104776;/app/bags/user95_2017-02-24.bag;0.834065854549408;0.0;0.9619645476341248;0.0;2.3641359312406167;0.533447396543836;0.466552603456164
1730783174.110382;/app/bags/user95_2017-02-24.bag;0.834065854549408;0.0;0.9619645476341248;0.0;2.3641359312406167;0.533447396543836;0.466552603456164
1730783174.3103924;/app/bags/user95_2017-02-24.bag;0.834065854549408;0.0;0.9619645476341248;0.0;2.3641359312406167;0.533447396543836;0.466552603456164
1730783174.510379;/app/bags/user95_2017-02-24.bag;0.834065854549408;0.0;0.9619645476341248;0.0;2.3641359312406167;0.533447396543836;0.466552603456164
1730783174.7104175;/app/bags/user95_2017-02-24.bag;0.834065854549408;0.0;0.9619645476341248;0.0;2.3641359312406167;0.533447396543836;0.466552603456164
1730783174.9104483;/app/bags/user95_2017-02-24.bag;0.834065854549408;0.0;0.9619645476341248;0.0;2.3641359312406167;0.533447396543836;0.466552603456164
1730783175.1104312;/app/bags/user95_2017-02-24.bag;0.834065854549408;0.0;0.9619645476341248;0.0;2.3641359312406167;0.533447396543836;0.466552603456164
1730783175.3103456;/app/bags/user95_2017-02-24.bag;0.834065854549408;0.0;0.9619645476341248;0.0;2.3641359312406167;0.533447396543836;0.466552603456164
1730783175.5103905;/app/bags/user95_2017-02-24.bag;0.834065854549408;0.0;0.9619645476341248;0.0;2.3641359312406167;0.533447396543836;0.466552603456164
1730783175.710465;/app/bags/user95_2017-02-24.bag;0.834065854549408;0.0;0.9619645476341248;0.0;2.3641359312406167;0.533447396543836;0.466552603456164
1730783175.9103813;/app/bags/user95_2017-02-24.bag;0.834065854549408;0.0;0.9619645476341248;0.0;2.3641359312406167;0.533447396543836;0.466552603456164
1730783176.1103911;/app/bags/user95_2017-02-24.bag;0.834065854549408;0.0;0.9619645476341248;0.0;2.3641359312406167;0.533447396543836;0.466552603456164
1730783176.310382;/app/bags/user95_2017-02-24.bag;0.834065854549408;0.0;0.9619645476341248;0.0;2.3641359312406167;0.533447396543836;0.466552603456164
1730783176.5104246;/app/bags/user95_2017-02-24.bag;0.834065854549408;0.0;0.9619645476341248;0.0;2.3641359312406167;0.533447396543836;0.466552603456164
1730783176.710425;/app/bags/user95_2017-02-24.bag;0.834065854549408;0.0;0.9619645476341248;0.0;2.3641359312406167;0.533447396543836;0.466552603456164
1730783176.9103837;/app/bags/user95_2017-02-24.bag;0.834065854549408;0.0;0.9619645476341248;0.0;2.3641359312406167;0.533447396543836;0.466552603456164
1730783177.1103604;/app/bags/user95_2017-02-24.bag;0.834065854549408;0.0;0.9619645476341248;0.0;2.3641359312406167;0.533447396543836;0.466552603456164
1730783177.3104465;/app/bags/user95_2017-02-24.bag;0.834065854549408;0.0;0.9619645476341248;0.0;2.3641359312406167;0.533447396543836;0.466552603456164
1730783177.5103836;/app/bags/user95_2017-02-24.bag;0.834065854549408;0.0;0.9619645476341248;0.0;2.3641359312406167;0.533447396543836;0.466552603456164
1730783177.7103853;/app/bags/user95_2017-02-24.bag;0.834065854549408;0.0;0.9619645476341248;0.0;2.3641359312406167;0.533447396543836;0.466552603456164
1730783177.9103858;/app/bags/user95_2017-02-24.bag;0.834065854549408;0.0;0.9619645476341248;0.0;2.3641359312406167;0.533447396543836;0.466552603456164
1730783178.1104155;/app/bags/user95_2017-02-24.bag;0.834065854549408;0.0;0.9619645476341248;0.0;2.3641359312406167;0.533447396543836;0.466552603456164
1730783178.3104026;/app/bags/user95_2017-02-24.bag;0.834065854549408;0.0;0.9619645476341248;0.0;2.3641359312406167;0.533447396543836;0.466552603456164
1730783178.5104034;/app/bags/user95_2017-02-24.bag;0.834065854549408;0.0;0.9619645476341248;0.0;2.3641359312406167;0.533447396543836;0.466552603456164
1730783178.7104504;/app/bags/user95_2017-02-24.bag;0.834065854549408;0.0;0.9619645476341248;0.0;2.3641359312406167;0.533447396543836;0.466552603456164
1730783178.9104333;/app/bags/user95_2017-02-24.bag;0.834065854549408;0.0;0.9619645476341248;0.0;2.3641359312406167;0.533447396543836;0.466552603456164
1730783179.1104198;/app/bags/user95_2017-02-24.bag;0.834065854549408;0.0;0.9619645476341248;0.0;2.3641359312406167;0.533447396543836;0.466552603456164
1730783179.310386;/app/bags/user95_2017-02-24.bag;0.834065854549408;0.0;0.9619645476341248;0.0;2.3641359312406167;0.533447396543836;0.466552603456164
1730783179.5103798;/app/bags/user95_2017-02-24.bag;0.834065854549408;0.0;0.9619645476341248;0.0;2.3641359312406167;0.533447396543836;0.466552603456164
1730783179.7104542;/app/bags/user95_2017-02-24.bag;0.834065854549408;0.0;0.9619645476341248;0.0;2.3641359312406167;0.533447396543836;0.466552603456164
1730783179.9103987;/app/bags/user95_2017-02-24.bag;0.834065854549408;0.0;0.9619645476341248;0.0;2.3641359312406167;0.533447396543836;0.466552603456164
1730783180.1104114;/app/bags/user95_2017-02-24.bag;0.834065854549408;0.0;0.9619645476341248;0.0;2.3641359312406167;0.533447396543836;0.466552603456164
1730783180.310394;/app/bags/user95_2017-02-24.bag;0.834065854549408;0.0;0.9619645476341248;0.0;2.3641359312406167;0.533447396543836;0.466552603456164
1730783180.510379;/app/bags/user95_2017-02-24.bag;0.834065854549408;0.0;0.9619645476341248;0.0;2.3641359312406167;0.533447396543836;0.466552603456164
1730783180.7104795;/app/bags/user95_2017-02-24.bag;0.834065854549408;0.0;0.9619645476341248;0.0;2.3641359312406167;0.533447396543836;0.466552603456164
1730783180.9103763;/app/bags/user95_2017-02-24.bag;0.834065854549408;0.0;0.9619645476341248;0.0;2.3641359312406167;0.533447396543836;0.466552603456164
1730783181.1104226;/app/bags/user95_2017-02-24.bag;0.834065854549408;0.0;0.9619645476341248;0.0;2.3641359312406167;0.533447396543836;0.466552603456164
1730783181.310428;/app/bags/user95_2017-02-24.bag;0.834065854549408;0.0;0.9619645476341248;0.0;2.3641359312406167;0.533447396543836;0.466552603456164
1730783181.5104065;/app/bags/user95_2017-02-24.bag;0.834065854549408;0.0;0.9619645476341248;0.0;2.3641359312406167;0.533447396543836;0.466552603456164
1730783181.7103703;/app/bags/user95_2017-02-24.bag;0.834065854549408;0.0;0.9619645476341248;0.0;2.3641359312406167;0.533447396543836;0.466552603456164
1730783181.910415;/app/bags/user95_2017-02-24.bag;0.834065854549408;0.0;0.9619645476341248;0.0;2.3641359312406167;0.533447396543836;0.466552603456164
1730783182.1103556;/app/bags/user95_2017-02-24.bag;0.834065854549408;0.0;0.9619645476341248;0.0;2.3641359312406167;0.533447396543836;0.466552603456164
1730783182.3103857;/app/bags/user95_2017-02-24.bag;0.834065854549408;0.0;0.9619645476341248;0.0;2.3641359312406167;0.533447396543836;0.466552603456164
1730783182.510419;/app/bags/user95_2017-02-24.bag;0.834065854549408;0.0;0.9619645476341248;0.0;2.3641359312406167;0.533447396543836;0.466552603456164
1730783182.7103496;/app/bags/user95_2017-02-24.bag;0.834065854549408;0.0;0.9619645476341248;0.0;2.3641359312406167;0.533447396543836;0.466552603456164
1730783182.910478;/app/bags/user95_2017-02-24.bag;0.834065854549408;0.0;0.9619645476341248;0.0;2.3641359312406167;0.533447396543836;0.466552603456164
1730783183.1104288;/app/bags/user95_2017-02-24.bag;0.834065854549408;0.0;0.9619645476341248;0.0;2.3641359312406167;0.533447396543836;0.466552603456164
1730783183.3105009;/app/bags/user95_2017-02-24.bag;0.834065854549408;0.0;0.9619645476341248;0.0;2.3641359312406167;0.533447396543836;0.466552603456164
1730783183.5104473;/app/bags/user95_2017-02-24.bag;0.834065854549408;0.0;0.9619645476341248;0.0;2.3641359312406167;0.533447396543836;0.466552603456164
1730783183.710398;/app/bags/user95_2017-02-24.bag;0.834065854549408;0.0;0.9619645476341248;0.0;2.3641359312406167;0.533447396543836;0.466552603456164
1730783183.910386;/app/bags/user95_2017-02-24.bag;0.834065854549408;0.0;0.9619645476341248;0.0;2.3641359312406167;0.533447396543836;0.466552603456164
1730783184.1103444;/app/bags/user95_2017-02-24.bag;0.834065854549408;0.0;0.9619645476341248;0.0;2.3641359312406167;0.533447396543836;0.466552603456164
1730783184.3103642;/app/bags/user95_2017-02-24.bag;0.834065854549408;0.0;0.9619645476341248;0.0;2.3641359312406167;0.533447396543836;0.466552603456164
1730783184.510345;/app/bags/user95_2017-02-24.bag;0.834065854549408;0.0;0.9619645476341248;0.0;2.3641359312406167;0.533447396543836;0.466552603456164
1730783184.7103903;/app/bags/user95_2017-02-24.bag;0.834065854549408;0.0;0.9619645476341248;0.0;2.3641359312406167;0.533447396543836;0.466552603456164
1730783184.9105818;/app/bags/user95_2017-02-24.bag;0.834065854549408;0.0;0.9619645476341248;0.0;2.3641359312406167;0.533447396543836;0.466552603456164
1730783185.1103847;/app/bags/user95_2017-02-24.bag;0.834065854549408;0.0;0.9619645476341248;0.0;2.3641359312406167;0.533447396543836;0.466552603456164
1730783185.3103964;/app/bags/user95_2017-02-24.bag;0.834065854549408;0.0;0.9619645476341248;0.0;2.3641359312406167;0.533447396543836;0.466552603456164
1730783185.5103796;/app/bags/user95_2017-02-24.bag;0.834065854549408;0.0;0.9619645476341248;0.0;2.3641359312406167;0.533447396543836;0.466552603456164
1730783185.7104065;/app/bags/user95_2017-02-24.bag;0.834065854549408;0.0;0.9619645476341248;0.0;2.3641359312406167;0.533447396543836;0.466552603456164
1730783185.9104028;/app/bags/user95_2017-02-24.bag;0.834065854549408;0.0;0.9619645476341248;0.0;2.3641359312406167;0.533447396543836;0.466552603456164
1730783186.1104143;/app/bags/user95_2017-02-24.bag;0.834065854549408;0.0;0.9619645476341248;0.0;2.3641359312406167;0.533447396543836;0.466552603456164
1730783186.3104017;/app/bags/user95_2017-02-24.bag;0.834065854549408;0.0;0.9619645476341248;0.0;2.3641359312406167;0.533447396543836;0.466552603456164
1730783186.5104287;/app/bags/user95_2017-02-24.bag;0.834065854549408;0.0;0.9619645476341248;0.0;2.3641359312406167;0.533447396543836;0.466552603456164
1730783186.7103782;/app/bags/user95_2017-02-24.bag;0.834065854549408;0.0;0.9619645476341248;0.0;2.3641359312406167;0.533447396543836;0.466552603456164
1730783186.9104426;/app/bags/user95_2017-02-24.bag;0.834065854549408;0.0;0.9619645476341248;0.0;2.3641359312406167;0.533447396543836;0.466552603456164
1730783187.1104114;/app/bags/user95_2017-02-24.bag;0.834065854549408;0.0;0.9619645476341248;0.0;2.3641359312406167;0.533447396543836;0.466552603456164
1730783187.3104126;/app/bags/user95_2017-02-24.bag;0.834065854549408;0.0;0.9619645476341248;0.0;2.3641359312406167;0.533447396543836;0.466552603456164
1730783187.5103838;/app/bags/user95_2017-02-24.bag;0.834065854549408;0.0;0.9619645476341248;0.0;2.3641359312406167;0.533447396543836;0.466552603456164
1730783187.7103717;/app/bags/user95_2017-02-24.bag;0.834065854549408;0.0;0.9619645476341248;0.0;2.3641359312406167;0.533447396543836;0.466552603456164
1730783187.9103835;/app/bags/user95_2017-02-24.bag;0.834065854549408;0.0;0.9619645476341248;0.0;2.3641359312406167;0.533447396543836;0.466552603456164
1730783188.1103635;/app/bags/user95_2017-02-24.bag;0.834065854549408;0.0;0.9619645476341248;0.0;2.3641359312406167;0.533447396543836;0.466552603456164
1730783188.3103645;/app/bags/user95_2017-02-24.bag;0.834065854549408;0.0;0.9619645476341248;0.0;2.3641359312406167;0.533447396543836;0.466552603456164
1730783188.5103734;/app/bags/user95_2017-02-24.bag;0.834065854549408;0.0;0.9619645476341248;0.0;2.3641359312406167;0.533447396543836;0.466552603456164
1730783188.7105258;/app/bags/user95_2017-02-24.bag;0.834065854549408;0.0;0.9619645476341248;0.0;2.3641359312406167;0.533447396543836;0.466552603456164
1730783188.910416;/app/bags/user95_2017-02-24.bag;0.834065854549408;0.0;0.9619645476341248;0.0;2.3641359312406167;0.533447396543836;0.466552603456164
1730783189.1103723;/app/bags/user95_2017-02-24.bag;0.834065854549408;0.0;0.9619645476341248;0.0;2.3641359312406167;0.533447396543836;0.466552603456164
1730783189.3104653;/app/bags/user95_2017-02-24.bag;0.834065854549408;0.0;0.9619645476341248;0.0;2.3641359312406167;0.533447396543836;0.466552603456164
1730783189.510377;/app/bags/user95_2017-02-24.bag;0.834065854549408;0.0;0.9619645476341248;0.0;2.3641359312406167;0.533447396543836;0.466552603456164
1730783189.7104218;/app/bags/user95_2017-02-24.bag;0.834065854549408;0.0;0.9619645476341248;0.0;2.3641359312406167;0.533447396543836;0.466552603456164
1730783189.9103825;/app/bags/user95_2017-02-24.bag;0.834065854549408;0.0;0.9619645476341248;0.0;2.3641359312406167;0.533447396543836;0.466552603456164
1730783190.1103835;/app/bags/user95_2017-02-24.bag;0.834065854549408;0.0;0.9619645476341248;0.0;2.3641359312406167;0.533447396543836;0.466552603456164
1730783190.3104005;/app/bags/user95_2017-02-24.bag;0.834065854549408;0.0;0.9619645476341248;0.0;2.3641359312406167;0.533447396543836;0.466552603456164
1730783190.510383;/app/bags/user95_2017-02-24.bag;0.834065854549408;0.0;0.9619645476341248;0.0;2.3641359312406167;0.533447396543836;0.466552603456164
1730783190.7104056;/app/bags/user95_2017-02-24.bag;0.834065854549408;0.0;0.9619645476341248;0.0;2.3641359312406167;0.533447396543836;0.466552603456164
1730783190.9103937;/app/bags/user95_2017-02-24.bag;0.834065854549408;0.0;0.9619645476341248;0.0;2.3641359312406167;0.533447396543836;0.466552603456164
1730783191.1103806;/app/bags/user95_2017-02-24.bag;0.834065854549408;0.0;0.9619645476341248;0.0;2.3641359312406167;0.533447396543836;0.466552603456164
1730783191.3103778;/app/bags/user95_2017-02-24.bag;0.834065854549408;0.0;0.9619645476341248;0.0;2.3641359312406167;0.533447396543836;0.466552603456164
1730783191.5105183;/app/bags/user95_2017-02-24.bag;0.834065854549408;0.0;0.9619645476341248;0.0;2.3641359312406167;0.533447396543836;0.466552603456164
1730783191.7103927;/app/bags/user95_2017-02-24.bag;0.834065854549408;0.0;0.9619645476341248;0.0;2.3641359312406167;0.533447396543836;0.466552603456164
1730783191.9103913;/app/bags/user95_2017-02-24.bag;0.834065854549408;0.0;0.9619645476341248;0.0;2.3641359312406167;0.533447396543836;0.466552603456164
1730783192.1103997;/app/bags/user95_2017-02-24.bag;0.834065854549408;0.0;0.9619645476341248;0.0;2.3641359312406167;0.533447396543836;0.466552603456164
1730783192.3103838;/app/bags/user95_2017-02-24.bag;0.834065854549408;0.0;0.9619645476341248;0.0;2.3641359312406167;0.533447396543836;0.466552603456164
1730783192.5103745;/app/bags/user95_2017-02-24.bag;0.834065854549408;0.0;0.9619645476341248;0.0;2.3641359312406167;0.533447396543836;0.466552603456164
1730783192.7103786;/app/bags/user95_2017-02-24.bag;0.834065854549408;0.0;0.9619645476341248;0.0;2.3641359312406167;0.533447396543836;0.466552603456164
1730783192.910419;/app/bags/user95_2017-02-24.bag;0.834065854549408;0.0;0.9619645476341248;0.0;2.3641359312406167;0.533447396543836;0.466552603456164
1730783193.1103868;/app/bags/user95_2017-02-24.bag;0.834065854549408;0.0;0.9619645476341248;0.0;2.3641359312406167;0.533447396543836;0.466552603456164
1730783193.3103902;/app/bags/user95_2017-02-24.bag;0.834065854549408;0.0;0.9619645476341248;0.0;2.3641359312406167;0.533447396543836;0.466552603456164
1730783193.5103838;/app/bags/user95_2017-02-24.bag;0.834065854549408;0.0;0.9619645476341248;0.0;2.3641359312406167;0.533447396543836;0.466552603456164
1730783193.71039;/app/bags/user95_2017-02-24.bag;0.834065854549408;0.0;0.9619645476341248;0.0;2.3641359312406167;0.533447396543836;0.466552603456164
1730783193.9104488;/app/bags/user95_2017-02-24.bag;0.834065854549408;0.0;0.9619645476341248;0.0;2.3641359312406167;0.533447396543836;0.466552603456164
1730783194.1103766;/app/bags/user95_2017-02-24.bag;0.834065854549408;0.0;0.9619645476341248;0.0;2.3641359312406167;0.533447396543836;0.466552603456164
1730783194.3104439;/app/bags/user95_2017-02-24.bag;0.834065854549408;0.0;0.9619645476341248;0.0;2.3641359312406167;0.533447396543836;0.466552603456164
1730783194.510373;/app/bags/user95_2017-02-24.bag;0.834065854549408;0.0;0.9619645476341248;0.0;2.3641359312406167;0.533447396543836;0.466552603456164
1730783194.7103453;/app/bags/user95_2017-02-24.bag;0.834065854549408;0.0;0.9619645476341248;0.0;2.3641359312406167;0.533447396543836;0.466552603456164
1730783194.910391;/app/bags/user95_2017-02-24.bag;0.834065854549408;0.0;0.9619645476341248;0.0;2.3641359312406167;0.533447396543836;0.466552603456164
1730783195.1103756;/app/bags/user95_2017-02-24.bag;0.834065854549408;0.0;0.9619645476341248;0.0;2.3641359312406167;0.533447396543836;0.466552603456164
1730783195.310376;/app/bags/user95_2017-02-24.bag;0.834065854549408;0.0;0.9619645476341248;0.0;2.3641359312406167;0.533447396543836;0.466552603456164
1730783195.5104055;/app/bags/user95_2017-02-24.bag;0.834065854549408;0.0;0.9619645476341248;0.0;2.3641359312406167;0.533447396543836;0.466552603456164
1730783195.7104123;/app/bags/user95_2017-02-24.bag;0.834065854549408;0.0;0.9619645476341248;0.0;2.3641359312406167;0.533447396543836;0.466552603456164
1730783195.9105062;/app/bags/user95_2017-02-24.bag;0.834065854549408;0.0;0.9619645476341248;0.0;2.3641359312406167;0.533447396543836;0.466552603456164
1730783196.1103728;/app/bags/user95_2017-02-24.bag;0.834065854549408;0.0;0.9619645476341248;0.0;2.3641359312406167;0.533447396543836;0.466552603456164
1730783196.3104591;/app/bags/user95_2017-02-24.bag;0.834065854549408;0.0;0.9619645476341248;0.0;2.3641359312406167;0.533447396543836;0.466552603456164
1730783196.5103824;/app/bags/user95_2017-02-24.bag;0.834065854549408;0.0;0.9619645476341248;0.0;2.3641359312406167;0.533447396543836;0.466552603456164
1730783196.7103853;/app/bags/user95_2017-02-24.bag;0.834065854549408;0.0;0.9619645476341248;0.0;2.3641359312406167;0.533447396543836;0.466552603456164
1730783196.9103808;/app/bags/user95_2017-02-24.bag;0.834065854549408;0.0;0.9619645476341248;0.0;2.3641359312406167;0.533447396543836;0.466552603456164
1730783197.1103787;/app/bags/user95_2017-02-24.bag;0.834065854549408;0.0;0.9619645476341248;0.0;2.3641359312406167;0.533447396543836;0.466552603456164
1730783197.3104346;/app/bags/user95_2017-02-24.bag;0.834065854549408;0.0;0.9619645476341248;0.0;2.3641359312406167;0.533447396543836;0.466552603456164
1730783197.510393;/app/bags/user95_2017-02-24.bag;0.834065854549408;0.0;0.9619645476341248;0.0;2.3641359312406167;0.533447396543836;0.466552603456164
1730783197.7104073;/app/bags/user95_2017-02-24.bag;0.834065854549408;0.0;0.9619645476341248;0.0;2.3641359312406167;0.533447396543836;0.466552603456164
1730783197.9104815;/app/bags/user95_2017-02-24.bag;0.834065854549408;0.0;0.9619645476341248;0.0;2.3641359312406167;0.533447396543836;0.466552603456164
1730783198.1103725;/app/bags/user95_2017-02-24.bag;0.834065854549408;0.0;0.9619645476341248;0.0;2.3641359312406167;0.533447396543836;0.466552603456164
1730783198.3104134;/app/bags/user95_2017-02-24.bag;0.834065854549408;0.0;0.9619645476341248;0.0;2.3641359312406167;0.533447396543836;0.466552603456164
1730783198.5103786;/app/bags/user95_2017-02-24.bag;0.834065854549408;0.0;0.9619645476341248;0.0;2.3641359312406167;0.533447396543836;0.466552603456164
1730783198.7104063;/app/bags/user95_2017-02-24.bag;0.834065854549408;0.0;0.9619645476341248;0.0;2.3641359312406167;0.533447396543836;0.466552603456164
1730783198.9104233;/app/bags/user95_2017-02-24.bag;0.834065854549408;0.0;0.9619645476341248;0.0;2.3641359312406167;0.533447396543836;0.466552603456164
1730783199.1104064;/app/bags/user95_2017-02-24.bag;0.834065854549408;0.0;0.9619645476341248;0.0;2.3641359312406167;0.533447396543836;0.466552603456164
1730783199.3103642;/app/bags/user95_2017-02-24.bag;0.834065854549408;0.0;0.9619645476341248;0.0;2.3641359312406167;0.533447396543836;0.466552603456164
1730783199.510407;/app/bags/user95_2017-02-24.bag;0.834065854549408;0.0;0.9619645476341248;0.0;2.3641359312406167;0.533447396543836;0.466552603456164
1730783199.710399;/app/bags/user95_2017-02-24.bag;0.834065854549408;0.0;0.9619645476341248;0.0;2.3641359312406167;0.533447396543836;0.466552603456164
1730783199.9104252;/app/bags/user95_2017-02-24.bag;0.834065854549408;0.0;0.9619645476341248;0.0;2.3641359312406167;0.533447396543836;0.466552603456164
1730783200.110339;/app/bags/user95_2017-02-24.bag;0.834065854549408;0.0;0.9619645476341248;0.0;2.3641359312406167;0.533447396543836;0.466552603456164
1730783200.310404;/app/bags/user95_2017-02-24.bag;0.834065854549408;0.0;0.9619645476341248;0.0;2.3641359312406167;0.533447396543836;0.466552603456164
1730783200.5103927;/app/bags/user95_2017-02-24.bag;0.834065854549408;0.0;0.9619645476341248;0.0;2.3641359312406167;0.533447396543836;0.466552603456164
1730783200.7104;/app/bags/user95_2017-02-24.bag;0.834065854549408;0.0;0.9619645476341248;0.0;2.3641359312406167;0.533447396543836;0.466552603456164
1730783200.9105408;/app/bags/user95_2017-02-24.bag;0.834065854549408;0.0;0.9619645476341248;0.0;2.3641359312406167;0.533447396543836;0.466552603456164
1730783201.1106455;/app/bags/user95_2017-02-24.bag;0.834065854549408;0.0;0.9619645476341248;0.0;2.3641359312406167;0.533447396543836;0.466552603456164
1730783201.3104217;/app/bags/user95_2017-02-24.bag;0.834065854549408;0.0;0.9619645476341248;0.0;2.3641359312406167;0.533447396543836;0.466552603456164
1730783201.5104475;/app/bags/user95_2017-02-24.bag;0.834065854549408;0.0;0.9619645476341248;0.0;2.3641359312406167;0.533447396543836;0.466552603456164
1730783201.7104018;/app/bags/user95_2017-02-24.bag;0.834065854549408;0.0;0.9619645476341248;0.0;2.3641359312406167;0.533447396543836;0.466552603456164
1730783201.9103715;/app/bags/user95_2017-02-24.bag;0.834065854549408;0.0;0.9619645476341248;0.0;2.3641359312406167;0.533447396543836;0.466552603456164
1730783202.1103985;/app/bags/user95_2017-02-24.bag;0.834065854549408;0.0;0.9619645476341248;0.0;2.3641359312406167;0.533447396543836;0.466552603456164
1730783202.3104298;/app/bags/user95_2017-02-24.bag;0.834065854549408;0.0;0.9619645476341248;0.0;2.3641359312406167;0.533447396543836;0.466552603456164
1730783202.5103424;/app/bags/user95_2017-02-24.bag;0.834065854549408;0.0;0.9619645476341248;0.0;2.3641359312406167;0.533447396543836;0.466552603456164
1730783202.710384;/app/bags/user95_2017-02-24.bag;0.834065854549408;0.0;0.9619645476341248;0.0;2.3641359312406167;0.533447396543836;0.466552603456164
1730783202.910387;/app/bags/user95_2017-02-24.bag;0.834065854549408;0.0;0.9619645476341248;0.0;2.3641359312406167;0.533447396543836;0.466552603456164
1730783203.1103897;/app/bags/user95_2017-02-24.bag;0.834065854549408;0.0;0.9619645476341248;0.0;2.3641359312406167;0.533447396543836;0.466552603456164
1730783203.3103836;/app/bags/user95_2017-02-24.bag;0.834065854549408;0.0;0.9619645476341248;0.0;2.3641359312406167;0.533447396543836;0.466552603456164
1730783203.5103714;/app/bags/user95_2017-02-24.bag;0.834065854549408;0.0;0.9619645476341248;0.0;2.3641359312406167;0.533447396543836;0.466552603456164
1730783203.7104084;/app/bags/user95_2017-02-24.bag;0.834065854549408;0.0;0.9619645476341248;0.0;2.3641359312406167;0.533447396543836;0.466552603456164
1730783203.910385;/app/bags/user95_2017-02-24.bag;0.834065854549408;0.0;0.9619645476341248;0.0;2.3641359312406167;0.533447396543836;0.466552603456164
1730783204.1104076;/app/bags/user95_2017-02-24.bag;0.834065854549408;0.0;0.9619645476341248;0.0;2.3641359312406167;0.533447396543836;0.466552603456164
1730783204.3103473;/app/bags/user95_2017-02-24.bag;0.834065854549408;0.0;0.9619645476341248;0.0;2.3641359312406167;0.533447396543836;0.466552603456164
1730783204.510392;/app/bags/user95_2017-02-24.bag;0.834065854549408;0.0;0.9619645476341248;0.0;2.3641359312406167;0.533447396543836;0.466552603456164
1730783204.7103739;/app/bags/user95_2017-02-24.bag;0.834065854549408;0.0;0.9619645476341248;0.0;2.3641359312406167;0.533447396543836;0.466552603456164
1730783204.9103913;/app/bags/user95_2017-02-24.bag;0.834065854549408;0.0;0.9619645476341248;0.0;2.3641359312406167;0.533447396543836;0.466552603456164
1730783205.1104884;/app/bags/user95_2017-02-24.bag;0.834065854549408;0.0;0.9619645476341248;0.0;2.3641359312406167;0.533447396543836;0.466552603456164
1730783205.3103948;/app/bags/user95_2017-02-24.bag;0.834065854549408;0.0;0.9619645476341248;0.0;2.3641359312406167;0.533447396543836;0.466552603456164
1730783205.5103722;/app/bags/user95_2017-02-24.bag;0.834065854549408;0.0;0.9619645476341248;0.0;2.3641359312406167;0.533447396543836;0.466552603456164
1730783205.7104132;/app/bags/user95_2017-02-24.bag;0.834065854549408;0.0;0.9619645476341248;0.0;2.3641359312406167;0.533447396543836;0.466552603456164
1730783205.9104853;/app/bags/user95_2017-02-24.bag;0.834065854549408;0.0;0.9619645476341248;0.0;2.3641359312406167;0.533447396543836;0.466552603456164
1730783206.1104133;/app/bags/user95_2017-02-24.bag;0.834065854549408;0.0;0.9619645476341248;0.0;2.3641359312406167;0.533447396543836;0.466552603456164
1730783206.3103623;/app/bags/user95_2017-02-24.bag;0.834065854549408;0.0;0.9619645476341248;0.0;2.3641359312406167;0.533447396543836;0.466552603456164
1730783206.510431;/app/bags/user95_2017-02-24.bag;0.834065854549408;0.0;0.9619645476341248;0.0;2.3641359312406167;0.533447396543836;0.466552603456164
1730783206.710371;/app/bags/user95_2017-02-24.bag;0.834065854549408;0.0;0.9619645476341248;0.0;2.3641359312406167;0.533447396543836;0.466552603456164
1730783206.910378;/app/bags/user95_2017-02-24.bag;0.834065854549408;0.0;0.9619645476341248;0.0;2.3641359312406167;0.533447396543836;0.466552603456164
1730783207.1104114;/app/bags/user95_2017-02-24.bag;0.834065854549408;0.0;0.9619645476341248;0.0;2.3641359312406167;0.533447396543836;0.466552603456164
1730783207.3104002;/app/bags/user95_2017-02-24.bag;0.834065854549408;0.0;0.9619645476341248;0.0;2.3641359312406167;0.533447396543836;0.466552603456164
1730783207.5104196;/app/bags/user95_2017-02-24.bag;0.834065854549408;0.0;0.9619645476341248;0.0;2.3641359312406167;0.533447396543836;0.466552603456164
1730783207.7104907;/app/bags/user95_2017-02-24.bag;0.834065854549408;0.0;0.9619645476341248;0.0;2.3641359312406167;0.533447396543836;0.466552603456164
1730783207.9104028;/app/bags/user95_2017-02-24.bag;0.834065854549408;0.0;0.9619645476341248;0.0;2.3641359312406167;0.533447396543836;0.466552603456164
1730783208.110448;/app/bags/user95_2017-02-24.bag;0.834065854549408;0.0;0.9619645476341248;0.0;2.3641359312406167;0.533447396543836;0.466552603456164
1730783208.310372;/app/bags/user95_2017-02-24.bag;0.834065854549408;0.0;0.9619645476341248;0.0;2.3641359312406167;0.533447396543836;0.466552603456164
1730783208.510392;/app/bags/user95_2017-02-24.bag;0.834065854549408;0.0;0.9619645476341248;0.0;2.3641359312406167;0.533447396543836;0.466552603456164
1730783208.7104583;/app/bags/user95_2017-02-24.bag;0.834065854549408;0.0;0.9619645476341248;0.0;2.3641359312406167;0.533447396543836;0.466552603456164
1730783208.910381;/app/bags/user95_2017-02-24.bag;0.834065854549408;0.0;0.9619645476341248;0.0;2.3641359312406167;0.533447396543836;0.466552603456164
1730783209.1104136;/app/bags/user95_2017-02-24.bag;0.834065854549408;0.0;0.9619645476341248;0.0;2.3641359312406167;0.533447396543836;0.466552603456164
1730783209.3104584;/app/bags/user95_2017-02-24.bag;0.834065854549408;0.0;0.9619645476341248;0.0;2.3641359312406167;0.533447396543836;0.466552603456164
1730783209.5103652;/app/bags/user95_2017-02-24.bag;0.834065854549408;0.0;0.9619645476341248;0.0;2.3641359312406167;0.533447396543836;0.466552603456164
1730783209.7103753;/app/bags/user95_2017-02-24.bag;0.834065854549408;0.0;0.9619645476341248;0.0;2.3641359312406167;0.533447396543836;0.466552603456164
1730783209.9103837;/app/bags/user95_2017-02-24.bag;0.834065854549408;0.0;0.9619645476341248;0.0;2.3641359312406167;0.533447396543836;0.466552603456164
1730783210.110389;/app/bags/user95_2017-02-24.bag;0.834065854549408;0.0;0.9619645476341248;0.0;2.3641359312406167;0.533447396543836;0.466552603456164
1730783210.3103793;/app/bags/user95_2017-02-24.bag;0.834065854549408;0.0;0.9619645476341248;0.0;2.3641359312406167;0.533447396543836;0.466552603456164
1730783210.5104232;/app/bags/user95_2017-02-24.bag;0.834065854549408;0.0;0.9619645476341248;0.0;2.3641359312406167;0.533447396543836;0.466552603456164
1730783210.7103736;/app/bags/user95_2017-02-24.bag;0.834065854549408;0.0;0.9619645476341248;0.0;2.3641359312406167;0.533447396543836;0.466552603456164
1730783210.910435;/app/bags/user95_2017-02-24.bag;0.834065854549408;0.0;0.9619645476341248;0.0;2.3641359312406167;0.533447396543836;0.466552603456164
1730783211.1104395;/app/bags/user95_2017-02-24.bag;0.834065854549408;0.0;0.9619645476341248;0.0;2.3641359312406167;0.533447396543836;0.466552603456164
1730783211.310386;/app/bags/user95_2017-02-24.bag;0.834065854549408;0.0;0.9619645476341248;0.0;2.3641359312406167;0.533447396543836;0.466552603456164
1730783211.5103755;/app/bags/user95_2017-02-24.bag;0.834065854549408;0.0;0.9619645476341248;0.0;2.3641359312406167;0.533447396543836;0.466552603456164
1730783211.710588;/app/bags/user95_2017-02-24.bag;0.834065854549408;0.0;0.9619645476341248;0.0;2.3641359312406167;0.533447396543836;0.466552603456164
1730783211.9105785;/app/bags/user95_2017-02-24.bag;0.834065854549408;0.0;0.9619645476341248;0.0;2.3641359312406167;0.533447396543836;0.466552603456164
1730783212.110423;/app/bags/user95_2017-02-24.bag;0.834065854549408;0.0;0.9619645476341248;0.0;2.3641359312406167;0.533447396543836;0.466552603456164
1730783212.3103843;/app/bags/user95_2017-02-24.bag;0.834065854549408;0.0;0.9619645476341248;0.0;2.3641359312406167;0.533447396543836;0.466552603456164
1730783212.5104437;/app/bags/user95_2017-02-24.bag;0.834065854549408;0.0;0.9619645476341248;0.0;2.3641359312406167;0.533447396543836;0.466552603456164
1730783212.7104495;/app/bags/user95_2017-02-24.bag;0.834065854549408;0.0;0.9619645476341248;0.0;2.3641359312406167;0.533447396543836;0.466552603456164
1730783212.9103873;/app/bags/user95_2017-02-24.bag;0.834065854549408;0.0;0.9619645476341248;0.0;2.3641359312406167;0.533447396543836;0.466552603456164
1730783213.110367;/app/bags/user95_2017-02-24.bag;0.834065854549408;0.0;0.9619645476341248;0.0;2.3641359312406167;0.533447396543836;0.466552603456164
1730783213.310382;/app/bags/user95_2017-02-24.bag;0.834065854549408;0.0;0.9619645476341248;0.0;2.3641359312406167;0.533447396543836;0.466552603456164
1730783213.510425;/app/bags/user95_2017-02-24.bag;0.834065854549408;0.0;0.9619645476341248;0.0;2.3641359312406167;0.533447396543836;0.466552603456164
1730783213.71039;/app/bags/user95_2017-02-24.bag;0.834065854549408;0.0;0.9619645476341248;0.0;2.3641359312406167;0.533447396543836;0.466552603456164
1730783213.9103913;/app/bags/user95_2017-02-24.bag;0.834065854549408;0.0;0.9619645476341248;0.0;2.3641359312406167;0.533447396543836;0.466552603456164
1730783214.1104112;/app/bags/user95_2017-02-24.bag;0.834065854549408;0.0;0.9619645476341248;0.0;2.3641359312406167;0.533447396543836;0.466552603456164
1730783214.3104215;/app/bags/user95_2017-02-24.bag;0.834065854549408;0.0;0.9619645476341248;0.0;2.3641359312406167;0.533447396543836;0.466552603456164
1730783214.5104098;/app/bags/user95_2017-02-24.bag;0.834065854549408;0.0;0.9619645476341248;0.0;2.3641359312406167;0.533447396543836;0.466552603456164
1730783214.710382;/app/bags/user95_2017-02-24.bag;0.834065854549408;0.0;0.9619645476341248;0.0;2.3641359312406167;0.533447396543836;0.466552603456164
1730783214.9103823;/app/bags/user95_2017-02-24.bag;0.834065854549408;0.0;0.9619645476341248;0.0;2.3641359312406167;0.533447396543836;0.466552603456164
1730783215.110432;/app/bags/user95_2017-02-24.bag;0.834065854549408;0.0;0.9619645476341248;0.0;2.3641359312406167;0.533447396543836;0.466552603456164
1730783215.3103871;/app/bags/user95_2017-02-24.bag;0.834065854549408;0.0;0.9619645476341248;0.0;2.3641359312406167;0.533447396543836;0.466552603456164
1730783215.510401;/app/bags/user95_2017-02-24.bag;0.834065854549408;0.0;0.9619645476341248;0.0;2.3641359312406167;0.533447396543836;0.466552603456164
1730783215.7103822;/app/bags/user95_2017-02-24.bag;0.834065854549408;0.0;0.9619645476341248;0.0;2.3641359312406167;0.533447396543836;0.466552603456164
1730783215.9105105;/app/bags/user95_2017-02-24.bag;0.834065854549408;0.0;0.9619645476341248;0.0;2.3641359312406167;0.533447396543836;0.466552603456164
1730783216.1104133;/app/bags/user95_2017-02-24.bag;0.834065854549408;0.0;0.9619645476341248;0.0;2.3641359312406167;0.533447396543836;0.466552603456164
1730783216.3103712;/app/bags/user95_2017-02-24.bag;0.834065854549408;0.0;0.9619645476341248;0.0;2.3641359312406167;0.533447396543836;0.466552603456164
1730783216.5103786;/app/bags/user95_2017-02-24.bag;0.834065854549408;0.0;0.9619645476341248;0.0;2.3641359312406167;0.533447396543836;0.466552603456164
1730783216.7104263;/app/bags/user95_2017-02-24.bag;0.834065854549408;0.0;0.9619645476341248;0.0;2.3641359312406167;0.533447396543836;0.466552603456164
1730783216.9103944;/app/bags/user95_2017-02-24.bag;0.834065854549408;0.0;0.9619645476341248;0.0;2.3641359312406167;0.533447396543836;0.466552603456164
1730783217.11041;/app/bags/user95_2017-02-24.bag;0.834065854549408;0.0;0.9619645476341248;0.0;2.3641359312406167;0.533447396543836;0.466552603456164
1730783217.31046;/app/bags/user95_2017-02-24.bag;0.834065854549408;0.0;0.9619645476341248;0.0;2.3641359312406167;0.533447396543836;0.466552603456164
1730783217.510401;/app/bags/user95_2017-02-24.bag;0.834065854549408;0.0;0.9619645476341248;0.0;2.3641359312406167;0.533447396543836;0.466552603456164
1730783217.7103822;/app/bags/user95_2017-02-24.bag;0.834065854549408;0.0;0.9619645476341248;0.0;2.3641359312406167;0.533447396543836;0.466552603456164
1730783217.910382;/app/bags/user95_2017-02-24.bag;0.834065854549408;0.0;0.9619645476341248;0.0;2.3641359312406167;0.533447396543836;0.466552603456164
1730783218.110427;/app/bags/user95_2017-02-24.bag;0.834065854549408;0.0;0.9619645476341248;0.0;2.3641359312406167;0.533447396543836;0.466552603456164
1730783218.310336;/app/bags/user95_2017-02-24.bag;0.834065854549408;0.0;0.9619645476341248;0.0;2.3641359312406167;0.533447396543836;0.466552603456164
1730783218.5103972;/app/bags/user95_2017-02-24.bag;0.834065854549408;0.0;0.9619645476341248;0.0;2.3641359312406167;0.533447396543836;0.466552603456164
1730783218.710422;/app/bags/user95_2017-02-24.bag;0.834065854549408;0.0;0.9619645476341248;0.0;2.3641359312406167;0.533447396543836;0.466552603456164
1730783218.910407;/app/bags/user95_2017-02-24.bag;0.834065854549408;0.0;0.9619645476341248;0.0;2.3641359312406167;0.533447396543836;0.466552603456164
1730783219.1104088;/app/bags/user95_2017-02-24.bag;0.834065854549408;0.0;0.9619645476341248;0.0;2.3641359312406167;0.533447396543836;0.466552603456164
1730783219.310361;/app/bags/user95_2017-02-24.bag;0.834065854549408;0.0;0.9619645476341248;0.0;2.3641359312406167;0.533447396543836;0.466552603456164
1730783219.510383;/app/bags/user95_2017-02-24.bag;0.834065854549408;0.0;0.9619645476341248;0.0;2.3641359312406167;0.533447396543836;0.466552603456164
1730783219.7103853;/app/bags/user95_2017-02-24.bag;0.834065854549408;0.0;0.9619645476341248;0.0;2.3641359312406167;0.533447396543836;0.466552603456164
1730783219.9104288;/app/bags/user95_2017-02-24.bag;0.834065854549408;0.0;0.9619645476341248;0.0;2.3641359312406167;0.533447396543836;0.466552603456164
1730783220.110393;/app/bags/user95_2017-02-24.bag;0.834065854549408;0.0;0.9619645476341248;0.0;2.3641359312406167;0.533447396543836;0.466552603456164
1730783220.3104336;/app/bags/user95_2017-02-24.bag;0.834065854549408;0.0;0.9619645476341248;0.0;2.3641359312406167;0.533447396543836;0.466552603456164
1730783220.5103676;/app/bags/user95_2017-02-24.bag;0.834065854549408;0.0;0.9619645476341248;0.0;2.3641359312406167;0.533447396543836;0.466552603456164
1730783220.710377;/app/bags/user95_2017-02-24.bag;0.834065854549408;0.0;0.9619645476341248;0.0;2.3641359312406167;0.533447396543836;0.466552603456164
1730783220.9104984;/app/bags/user95_2017-02-24.bag;0.834065854549408;0.0;0.9619645476341248;0.0;2.3641359312406167;0.533447396543836;0.466552603456164
1730783221.110403;/app/bags/user95_2017-02-24.bag;0.834065854549408;0.0;0.9619645476341248;0.0;2.3641359312406167;0.533447396543836;0.466552603456164
1730783221.3103812;/app/bags/user95_2017-02-24.bag;0.834065854549408;0.0;0.9619645476341248;0.0;2.3641359312406167;0.533447396543836;0.466552603456164
1730783221.5103788;/app/bags/user95_2017-02-24.bag;0.834065854549408;0.0;0.9619645476341248;0.0;2.3641359312406167;0.533447396543836;0.466552603456164
1730783221.7104385;/app/bags/user95_2017-02-24.bag;0.834065854549408;0.0;0.9619645476341248;0.0;2.3641359312406167;0.533447396543836;0.466552603456164
1730783221.910398;/app/bags/user95_2017-02-24.bag;0.834065854549408;0.0;0.9619645476341248;0.0;2.3641359312406167;0.533447396543836;0.466552603456164
1730783222.1103945;/app/bags/user95_2017-02-24.bag;0.834065854549408;0.0;0.9619645476341248;0.0;2.3641359312406167;0.533447396543836;0.466552603456164
1730783222.3103864;/app/bags/user95_2017-02-24.bag;0.834065854549408;0.0;0.9619645476341248;0.0;2.3641359312406167;0.533447396543836;0.466552603456164
1730783222.510386;/app/bags/user95_2017-02-24.bag;0.834065854549408;0.0;0.9619645476341248;0.0;2.3641359312406167;0.533447396543836;0.466552603456164
1730783222.7103794;/app/bags/user95_2017-02-24.bag;0.834065854549408;0.0;0.9619645476341248;0.0;2.3641359312406167;0.533447396543836;0.466552603456164
1730783222.910383;/app/bags/user95_2017-02-24.bag;0.834065854549408;0.0;0.9619645476341248;0.0;2.3641359312406167;0.533447396543836;0.466552603456164
1730783223.1103868;/app/bags/user95_2017-02-24.bag;0.834065854549408;0.0;0.9619645476341248;0.0;2.3641359312406167;0.533447396543836;0.466552603456164
1730783223.3103757;/app/bags/user95_2017-02-24.bag;0.834065854549408;0.0;0.9619645476341248;0.0;2.3641359312406167;0.533447396543836;0.466552603456164
1730783223.5104144;/app/bags/user95_2017-02-24.bag;0.834065854549408;0.0;0.9619645476341248;0.0;2.3641359312406167;0.533447396543836;0.466552603456164
1730783223.7104428;/app/bags/user95_2017-02-24.bag;0.834065854549408;0.0;0.9619645476341248;0.0;2.3641359312406167;0.533447396543836;0.466552603456164
1730783223.9104116;/app/bags/user95_2017-02-24.bag;0.834065854549408;0.0;0.9619645476341248;0.0;2.3641359312406167;0.533447396543836;0.466552603456164
1730783224.1103485;/app/bags/user95_2017-02-24.bag;0.834065854549408;0.0;0.9619645476341248;0.0;2.3641359312406167;0.533447396543836;0.466552603456164
1730783224.310436;/app/bags/user95_2017-02-24.bag;0.834065854549408;0.0;0.9619645476341248;0.0;2.3641359312406167;0.533447396543836;0.466552603456164
1730783224.5105937;/app/bags/user95_2017-02-24.bag;0.834065854549408;0.0;0.9619645476341248;0.0;2.3641359312406167;0.533447396543836;0.466552603456164
1730783224.710378;/app/bags/user95_2017-02-24.bag;0.834065854549408;0.0;0.9619645476341248;0.0;2.3641359312406167;0.533447396543836;0.466552603456164
1730783224.91039;/app/bags/user95_2017-02-24.bag;0.834065854549408;0.0;0.9619645476341248;0.0;2.3641359312406167;0.533447396543836;0.466552603456164
1730783225.1104023;/app/bags/user95_2017-02-24.bag;0.834065854549408;0.0;0.9619645476341248;0.0;2.3641359312406167;0.533447396543836;0.466552603456164
1730783225.3104465;/app/bags/user95_2017-02-24.bag;0.834065854549408;0.0;0.9619645476341248;0.0;2.3641359312406167;0.533447396543836;0.466552603456164
1730783225.5103924;/app/bags/user95_2017-02-24.bag;0.834065854549408;0.0;0.9619645476341248;0.0;2.3641359312406167;0.533447396543836;0.466552603456164
1730783225.7104235;/app/bags/user95_2017-02-24.bag;0.834065854549408;0.0;0.9619645476341248;0.0;2.3641359312406167;0.533447396543836;0.466552603456164
1730783225.9103777;/app/bags/user95_2017-02-24.bag;0.834065854549408;0.0;0.9619645476341248;0.0;2.3641359312406167;0.533447396543836;0.466552603456164
1730783226.110412;/app/bags/user95_2017-02-24.bag;0.834065854549408;0.0;0.9619645476341248;0.0;2.3641359312406167;0.533447396543836;0.466552603456164
1730783226.3104682;/app/bags/user95_2017-02-24.bag;0.834065854549408;0.0;0.9619645476341248;0.0;2.3641359312406167;0.533447396543836;0.466552603456164
1730783226.5103815;/app/bags/user95_2017-02-24.bag;0.834065854549408;0.0;0.9619645476341248;0.0;2.3641359312406167;0.533447396543836;0.466552603456164
1730783226.7103727;/app/bags/user95_2017-02-24.bag;0.834065854549408;0.0;0.9619645476341248;0.0;2.3641359312406167;0.533447396543836;0.466552603456164
1730783226.91042;/app/bags/user95_2017-02-24.bag;0.834065854549408;0.0;0.9619645476341248;0.0;2.3641359312406167;0.533447396543836;0.466552603456164
1730783227.1103723;/app/bags/user95_2017-02-24.bag;0.834065854549408;0.0;0.9619645476341248;0.0;2.3641359312406167;0.533447396543836;0.466552603456164
1730783227.3103988;/app/bags/user95_2017-02-24.bag;0.834065854549408;0.0;0.9619645476341248;0.0;2.3641359312406167;0.533447396543836;0.466552603456164
1730783227.5103743;/app/bags/user95_2017-02-24.bag;0.834065854549408;0.0;0.9619645476341248;0.0;2.3641359312406167;0.533447396543836;0.466552603456164
1730783227.7104037;/app/bags/user95_2017-02-24.bag;0.834065854549408;0.0;0.9619645476341248;0.0;2.3641359312406167;0.533447396543836;0.466552603456164
1730783227.9104047;/app/bags/user95_2017-02-24.bag;0.834065854549408;0.0;0.9619645476341248;0.0;2.3641359312406167;0.533447396543836;0.466552603456164
1730783228.1103773;/app/bags/user95_2017-02-24.bag;0.834065854549408;0.0;0.9619645476341248;0.0;2.3641359312406167;0.533447396543836;0.466552603456164
1730783228.3104115;/app/bags/user95_2017-02-24.bag;0.834065854549408;0.0;0.9619645476341248;0.0;2.3641359312406167;0.533447396543836;0.466552603456164
1730783228.5104063;/app/bags/user95_2017-02-24.bag;0.834065854549408;0.0;0.9619645476341248;0.0;2.3641359312406167;0.533447396543836;0.466552603456164
1730783228.7104225;/app/bags/user95_2017-02-24.bag;0.834065854549408;0.0;0.9619645476341248;0.0;2.3641359312406167;0.533447396543836;0.466552603456164
1730783228.9104354;/app/bags/user95_2017-02-24.bag;0.834065854549408;0.0;0.9619645476341248;0.0;2.3641359312406167;0.533447396543836;0.466552603456164
1730783229.1103876;/app/bags/user95_2017-02-24.bag;0.834065854549408;0.0;0.9619645476341248;0.0;2.3641359312406167;0.533447396543836;0.466552603456164
1730783229.3103955;/app/bags/user95_2017-02-24.bag;0.834065854549408;0.0;0.9619645476341248;0.0;2.3641359312406167;0.533447396543836;0.466552603456164
1730783229.5103655;/app/bags/user95_2017-02-24.bag;0.834065854549408;0.0;0.9619645476341248;0.0;2.3641359312406167;0.533447396543836;0.466552603456164
1730783229.7104197;/app/bags/user95_2017-02-24.bag;0.834065854549408;0.0;0.9619645476341248;0.0;2.3641359312406167;0.533447396543836;0.466552603456164
1730783229.91052;/app/bags/user95_2017-02-24.bag;0.834065854549408;0.0;0.9619645476341248;0.0;2.3641359312406167;0.533447396543836;0.466552603456164
1730783230.1104476;/app/bags/user95_2017-02-24.bag;0.834065854549408;0.0;0.9619645476341248;0.0;2.3641359312406167;0.533447396543836;0.466552603456164
1730783230.3103535;/app/bags/user95_2017-02-24.bag;0.834065854549408;0.0;0.9619645476341248;0.0;2.3641359312406167;0.533447396543836;0.466552603456164
1730783230.510414;/app/bags/user95_2017-02-24.bag;0.834065854549408;0.0;0.9619645476341248;0.0;2.3641359312406167;0.533447396543836;0.466552603456164
1730783230.71037;/app/bags/user95_2017-02-24.bag;0.834065854549408;0.0;0.9619645476341248;0.0;2.3641359312406167;0.533447396543836;0.466552603456164
1730783230.910383;/app/bags/user95_2017-02-24.bag;0.834065854549408;0.0;0.9619645476341248;0.0;2.3641359312406167;0.533447396543836;0.466552603456164
1730783231.1103926;/app/bags/user95_2017-02-24.bag;0.834065854549408;0.0;0.9619645476341248;0.0;2.3641359312406167;0.533447396543836;0.466552603456164
1730783231.31039;/app/bags/user95_2017-02-24.bag;0.834065854549408;0.0;0.9619645476341248;0.0;2.3641359312406167;0.533447396543836;0.466552603456164
1730783231.5104172;/app/bags/user95_2017-02-24.bag;0.834065854549408;0.0;0.9619645476341248;0.0;2.3641359312406167;0.533447396543836;0.466552603456164
1730783231.7104013;/app/bags/user95_2017-02-24.bag;0.834065854549408;0.0;0.9619645476341248;0.0;2.3641359312406167;0.533447396543836;0.466552603456164
1730783231.910361;/app/bags/user95_2017-02-24.bag;0.834065854549408;0.0;0.9619645476341248;0.0;2.3641359312406167;0.533447396543836;0.466552603456164
1730783232.110412;/app/bags/user95_2017-02-24.bag;0.834065854549408;0.0;0.9619645476341248;0.0;2.3641359312406167;0.533447396543836;0.466552603456164
1730783232.3103595;/app/bags/user95_2017-02-24.bag;0.834065854549408;0.0;0.9619645476341248;0.0;2.3641359312406167;0.533447396543836;0.466552603456164
1730783232.510459;/app/bags/user95_2017-02-24.bag;0.834065854549408;0.0;0.9619645476341248;0.0;2.3641359312406167;0.533447396543836;0.466552603456164
1730783232.710433;/app/bags/user95_2017-02-24.bag;0.834065854549408;0.0;0.9619645476341248;0.0;2.3641359312406167;0.533447396543836;0.466552603456164
1730783232.910398;/app/bags/user95_2017-02-24.bag;0.834065854549408;0.0;0.9619645476341248;0.0;2.3641359312406167;0.533447396543836;0.466552603456164
1730783233.1104357;/app/bags/user95_2017-02-24.bag;0.834065854549408;0.0;0.9619645476341248;0.0;2.3641359312406167;0.533447396543836;0.466552603456164
1730783233.3103828;/app/bags/user95_2017-02-24.bag;0.834065854549408;0.0;0.9619645476341248;0.0;2.3641359312406167;0.533447396543836;0.466552603456164
1730783233.5103881;/app/bags/user95_2017-02-24.bag;0.834065854549408;0.0;0.9619645476341248;0.0;2.3641359312406167;0.533447396543836;0.466552603456164
1730783233.7103388;/app/bags/user95_2017-02-24.bag;0.834065854549408;0.0;0.9619645476341248;0.0;2.3641359312406167;0.533447396543836;0.466552603456164
1730783233.9104323;/app/bags/user95_2017-02-24.bag;0.834065854549408;0.0;0.9619645476341248;0.0;2.3641359312406167;0.533447396543836;0.466552603456164
1730783234.1103687;/app/bags/user95_2017-02-24.bag;0.834065854549408;0.0;0.9619645476341248;0.0;2.3641359312406167;0.533447396543836;0.466552603456164
1730783234.310384;/app/bags/user95_2017-02-24.bag;0.834065854549408;0.0;0.9619645476341248;0.0;2.3641359312406167;0.533447396543836;0.466552603456164
1730783234.5103552;/app/bags/user95_2017-02-24.bag;0.834065854549408;0.0;0.9619645476341248;0.0;2.3641359312406167;0.533447396543836;0.466552603456164
1730783234.7103672;/app/bags/user95_2017-02-24.bag;0.834065854549408;0.0;0.9619645476341248;0.0;2.3641359312406167;0.533447396543836;0.466552603456164
1730783234.9104064;/app/bags/user95_2017-02-24.bag;0.834065854549408;0.0;0.9619645476341248;0.0;2.3641359312406167;0.533447396543836;0.466552603456164
1730783235.110435;/app/bags/user95_2017-02-24.bag;0.834065854549408;0.0;0.9619645476341248;0.0;2.3641359312406167;0.533447396543836;0.466552603456164
1730783235.3104594;/app/bags/user95_2017-02-24.bag;0.834065854549408;0.0;0.9619645476341248;0.0;2.3641359312406167;0.533447396543836;0.466552603456164
1730783235.5103848;/app/bags/user95_2017-02-24.bag;0.834065854549408;0.0;0.9619645476341248;0.0;2.3641359312406167;0.533447396543836;0.466552603456164
1730783235.710425;/app/bags/user95_2017-02-24.bag;0.834065854549408;0.0;0.9619645476341248;0.0;2.3641359312406167;0.533447396543836;0.466552603456164
1730783235.9103696;/app/bags/user95_2017-02-24.bag;0.834065854549408;0.0;0.9619645476341248;0.0;2.3641359312406167;0.533447396543836;0.466552603456164
1730783236.1103911;/app/bags/user95_2017-02-24.bag;0.834065854549408;0.0;0.9619645476341248;0.0;2.3641359312406167;0.533447396543836;0.466552603456164
1730783236.3103356;/app/bags/user95_2017-02-24.bag;0.834065854549408;0.0;0.9619645476341248;0.0;2.3641359312406167;0.533447396543836;0.466552603456164
1730783236.51036;/app/bags/user95_2017-02-24.bag;0.834065854549408;0.0;0.9619645476341248;0.0;2.3641359312406167;0.533447396543836;0.466552603456164
1730783236.7104282;/app/bags/user95_2017-02-24.bag;0.834065854549408;0.0;0.9619645476341248;0.0;2.3641359312406167;0.533447396543836;0.466552603456164
1730783236.9104161;/app/bags/user95_2017-02-24.bag;0.834065854549408;0.0;0.9619645476341248;0.0;2.3641359312406167;0.533447396543836;0.466552603456164
1730783237.1103747;/app/bags/user95_2017-02-24.bag;0.834065854549408;0.0;0.9619645476341248;0.0;2.3641359312406167;0.533447396543836;0.466552603456164
1730783237.3104358;/app/bags/user95_2017-02-24.bag;0.834065854549408;0.0;0.9619645476341248;0.0;2.3641359312406167;0.533447396543836;0.466552603456164
1730783237.5104153;/app/bags/user95_2017-02-24.bag;0.834065854549408;0.0;0.9619645476341248;0.0;2.3641359312406167;0.533447396543836;0.466552603456164
1730783237.7103531;/app/bags/user95_2017-02-24.bag;0.834065854549408;0.0;0.9619645476341248;0.0;2.3641359312406167;0.533447396543836;0.466552603456164
1730783237.9103432;/app/bags/user95_2017-02-24.bag;0.834065854549408;0.0;0.9619645476341248;0.0;2.3641359312406167;0.533447396543836;0.466552603456164
1730783238.1104074;/app/bags/user95_2017-02-24.bag;0.834065854549408;0.0;0.9619645476341248;0.0;2.3641359312406167;0.533447396543836;0.466552603456164
1730783238.3103855;/app/bags/user95_2017-02-24.bag;0.834065854549408;0.0;0.9619645476341248;0.0;2.3641359312406167;0.533447396543836;0.466552603456164
1730783238.5103576;/app/bags/user95_2017-02-24.bag;0.834065854549408;0.0;0.9619645476341248;0.0;2.3641359312406167;0.533447396543836;0.466552603456164
1730783238.7104356;/app/bags/user95_2017-02-24.bag;0.834065854549408;0.0;0.9619645476341248;0.0;2.3641359312406167;0.533447396543836;0.466552603456164
1730783238.9104254;/app/bags/user95_2017-02-24.bag;0.834065854549408;0.0;0.9619645476341248;0.0;2.3641359312406167;0.533447396543836;0.466552603456164
1730783239.110846;/app/bags/user95_2017-02-24.bag;0.834065854549408;0.0;0.9619645476341248;0.0;2.3641359312406167;0.533447396543836;0.466552603456164
1730783239.3104281;/app/bags/user95_2017-02-24.bag;0.834065854549408;0.0;0.9619645476341248;0.0;2.3641359312406167;0.533447396543836;0.466552603456164
1730783239.510391;/app/bags/user95_2017-02-24.bag;0.834065854549408;0.0;0.9619645476341248;0.0;2.3641359312406167;0.533447396543836;0.466552603456164
1730783239.7103908;/app/bags/user95_2017-02-24.bag;0.834065854549408;0.0;0.9619645476341248;0.0;2.3641359312406167;0.533447396543836;0.466552603456164
1730783239.9103897;/app/bags/user95_2017-02-24.bag;0.834065854549408;0.0;0.9619645476341248;0.0;2.3641359312406167;0.533447396543836;0.466552603456164
1730783240.1103885;/app/bags/user95_2017-02-24.bag;0.834065854549408;0.0;0.9619645476341248;0.0;2.3641359312406167;0.533447396543836;0.466552603456164
1730783240.3104012;/app/bags/user95_2017-02-24.bag;0.834065854549408;0.0;0.9619645476341248;0.0;2.3641359312406167;0.533447396543836;0.466552603456164
1730783240.5104039;/app/bags/user95_2017-02-24.bag;0.834065854549408;0.0;0.9619645476341248;0.0;2.3641359312406167;0.533447396543836;0.466552603456164
1730783240.7103524;/app/bags/user95_2017-02-24.bag;0.834065854549408;0.0;0.9619645476341248;0.0;2.3641359312406167;0.533447396543836;0.466552603456164
1730783240.9103434;/app/bags/user95_2017-02-24.bag;0.834065854549408;0.0;0.9619645476341248;0.0;2.3641359312406167;0.533447396543836;0.466552603456164
1730783241.1104023;/app/bags/user95_2017-02-24.bag;0.834065854549408;0.0;0.9619645476341248;0.0;2.3641359312406167;0.533447396543836;0.466552603456164
1730783241.3105626;/app/bags/user95_2017-02-24.bag;0.834065854549408;0.0;0.9619645476341248;0.0;2.3641359312406167;0.533447396543836;0.466552603456164
1730783241.5104482;/app/bags/user95_2017-02-24.bag;0.834065854549408;0.0;0.9619645476341248;0.0;2.3641359312406167;0.533447396543836;0.466552603456164
1730783241.7103841;/app/bags/user95_2017-02-24.bag;0.834065854549408;0.0;0.9619645476341248;0.0;2.3641359312406167;0.533447396543836;0.466552603456164
1730783241.9103863;/app/bags/user95_2017-02-24.bag;0.834065854549408;0.0;0.9619645476341248;0.0;2.3641359312406167;0.533447396543836;0.466552603456164
1730783242.1103792;/app/bags/user95_2017-02-24.bag;0.834065854549408;0.0;0.9619645476341248;0.0;2.3641359312406167;0.533447396543836;0.466552603456164
1730783242.3103948;/app/bags/user95_2017-02-24.bag;0.834065854549408;0.0;0.9619645476341248;0.0;2.3641359312406167;0.533447396543836;0.466552603456164
1730783242.5103889;/app/bags/user95_2017-02-24.bag;0.834065854549408;0.0;0.9619645476341248;0.0;2.3641359312406167;0.533447396543836;0.466552603456164
1730783242.7104332;/app/bags/user95_2017-02-24.bag;0.834065854549408;0.0;0.9619645476341248;0.0;2.3641359312406167;0.533447396543836;0.466552603456164
1730783242.9103868;/app/bags/user95_2017-02-24.bag;0.834065854549408;0.0;0.9619645476341248;0.0;2.3641359312406167;0.533447396543836;0.466552603456164
1730783243.1103923;/app/bags/user95_2017-02-24.bag;0.834065854549408;0.0;0.9619645476341248;0.0;2.3641359312406167;0.533447396543836;0.466552603456164
1730783243.310354;/app/bags/user95_2017-02-24.bag;0.834065854549408;0.0;0.9619645476341248;0.0;2.3641359312406167;0.533447396543836;0.466552603456164
1730783243.510439;/app/bags/user95_2017-02-24.bag;0.834065854549408;0.0;0.9619645476341248;0.0;2.3641359312406167;0.533447396543836;0.466552603456164
1730783243.710385;/app/bags/user95_2017-02-24.bag;0.834065854549408;0.0;0.9619645476341248;0.0;2.3641359312406167;0.533447396543836;0.466552603456164
1730783243.9103746;/app/bags/user95_2017-02-24.bag;0.834065854549408;0.0;0.9619645476341248;0.0;2.3641359312406167;0.533447396543836;0.466552603456164
1730783244.1103864;/app/bags/user95_2017-02-24.bag;0.834065854549408;0.0;0.9619645476341248;0.0;2.3641359312406167;0.533447396543836;0.466552603456164
1730783244.310452;/app/bags/user95_2017-02-24.bag;0.834065854549408;0.0;0.9619645476341248;0.0;2.3641359312406167;0.533447396543836;0.466552603456164
1730783244.5103865;/app/bags/user95_2017-02-24.bag;0.834065854549408;0.0;0.9619645476341248;0.0;2.3641359312406167;0.533447396543836;0.466552603456164
1730783244.7104995;/app/bags/user95_2017-02-24.bag;0.834065854549408;0.0;0.9619645476341248;0.0;2.3641359312406167;0.533447396543836;0.466552603456164
1730783244.910403;/app/bags/user95_2017-02-24.bag;0.834065854549408;0.0;0.9619645476341248;0.0;2.3641359312406167;0.533447396543836;0.466552603456164
1730783245.1104102;/app/bags/user95_2017-02-24.bag;0.834065854549408;0.0;0.9619645476341248;0.0;2.3641359312406167;0.533447396543836;0.466552603456164
1730783245.3104126;/app/bags/user95_2017-02-24.bag;0.834065854549408;0.0;0.9619645476341248;0.0;2.3641359312406167;0.533447396543836;0.466552603456164
1730783245.5104065;/app/bags/user95_2017-02-24.bag;0.834065854549408;0.0;0.9619645476341248;0.0;2.3641359312406167;0.533447396543836;0.466552603456164
1730783245.7104259;/app/bags/user95_2017-02-24.bag;0.834065854549408;0.0;0.9619645476341248;0.0;2.3641359312406167;0.533447396543836;0.466552603456164
1730783245.9104054;/app/bags/user95_2017-02-24.bag;0.834065854549408;0.0;0.9619645476341248;0.0;2.3641359312406167;0.533447396543836;0.466552603456164
1730783246.110406;/app/bags/user95_2017-02-24.bag;0.834065854549408;0.0;0.9619645476341248;0.0;2.3641359312406167;0.533447396543836;0.466552603456164
1730783246.3104;/app/bags/user95_2017-02-24.bag;0.834065854549408;0.0;0.9619645476341248;0.0;2.3641359312406167;0.533447396543836;0.466552603456164
1730783246.5103717;/app/bags/user95_2017-02-24.bag;0.834065854549408;0.0;0.9619645476341248;0.0;2.3641359312406167;0.533447396543836;0.466552603456164
1730783246.7104008;/app/bags/user95_2017-02-24.bag;0.834065854549408;0.0;0.9619645476341248;0.0;2.3641359312406167;0.533447396543836;0.466552603456164
1730783246.9104035;/app/bags/user95_2017-02-24.bag;0.834065854549408;0.0;0.9619645476341248;0.0;2.3641359312406167;0.533447396543836;0.466552603456164
1730783247.1104136;/app/bags/user95_2017-02-24.bag;0.834065854549408;0.0;0.9619645476341248;0.0;2.3641359312406167;0.533447396543836;0.466552603456164
1730783247.3103974;/app/bags/user95_2017-02-24.bag;0.834065854549408;0.0;0.9619645476341248;0.0;2.3641359312406167;0.533447396543836;0.466552603456164
1730783247.5103495;/app/bags/user95_2017-02-24.bag;0.834065854549408;0.0;0.9619645476341248;0.0;2.3641359312406167;0.533447396543836;0.466552603456164
1730783247.71037;/app/bags/user95_2017-02-24.bag;0.834065854549408;0.0;0.9619645476341248;0.0;2.3641359312406167;0.533447396543836;0.466552603456164
1730783247.9104235;/app/bags/user95_2017-02-24.bag;0.834065854549408;0.0;0.9619645476341248;0.0;2.3641359312406167;0.533447396543836;0.466552603456164
1730783248.1104128;/app/bags/user95_2017-02-24.bag;0.834065854549408;0.0;0.9619645476341248;0.0;2.3641359312406167;0.533447396543836;0.466552603456164
1730783248.3103886;/app/bags/user95_2017-02-24.bag;0.834065854549408;0.0;0.9619645476341248;0.0;2.3641359312406167;0.533447396543836;0.466552603456164
1730783248.5104134;/app/bags/user95_2017-02-24.bag;0.834065854549408;0.0;0.9619645476341248;0.0;2.3641359312406167;0.533447396543836;0.466552603456164
1730783248.710391;/app/bags/user95_2017-02-24.bag;0.834065854549408;0.0;0.9619645476341248;0.0;2.3641359312406167;0.533447396543836;0.466552603456164
1730783248.9103775;/app/bags/user95_2017-02-24.bag;0.834065854549408;0.0;0.9619645476341248;0.0;2.3641359312406167;0.533447396543836;0.466552603456164
1730783249.1103928;/app/bags/user95_2017-02-24.bag;0.834065854549408;0.0;0.9619645476341248;0.0;2.3641359312406167;0.533447396543836;0.466552603456164
1730783249.310446;/app/bags/user95_2017-02-24.bag;0.834065854549408;0.0;0.9619645476341248;0.0;2.3641359312406167;0.533447396543836;0.466552603456164
1730783249.5103598;/app/bags/user95_2017-02-24.bag;0.834065854549408;0.0;0.9619645476341248;0.0;2.3641359312406167;0.533447396543836;0.466552603456164
1730783249.7103808;/app/bags/user95_2017-02-24.bag;0.834065854549408;0.0;0.9619645476341248;0.0;2.3641359312406167;0.533447396543836;0.466552603456164
1730783249.9104056;/app/bags/user95_2017-02-24.bag;0.834065854549408;0.0;0.9619645476341248;0.0;2.3641359312406167;0.533447396543836;0.466552603456164
1730783250.110383;/app/bags/user95_2017-02-24.bag;0.834065854549408;0.0;0.9619645476341248;0.0;2.3641359312406167;0.533447396543836;0.466552603456164
1730783250.3104258;/app/bags/user95_2017-02-24.bag;0.834065854549408;0.0;0.9619645476341248;0.0;2.3641359312406167;0.533447396543836;0.466552603456164
1730783250.5104136;/app/bags/user95_2017-02-24.bag;0.834065854549408;0.0;0.9619645476341248;0.0;2.3641359312406167;0.533447396543836;0.466552603456164
1730783250.7103784;/app/bags/user95_2017-02-24.bag;0.834065854549408;0.0;0.9619645476341248;0.0;2.3641359312406167;0.533447396543836;0.466552603456164
1730783250.9103687;/app/bags/user95_2017-02-24.bag;0.834065854549408;0.0;0.9619645476341248;0.0;2.3641359312406167;0.533447396543836;0.466552603456164
1730783251.1103702;/app/bags/user95_2017-02-24.bag;0.834065854549408;0.0;0.9619645476341248;0.0;2.3641359312406167;0.533447396543836;0.466552603456164
1730783251.3104775;/app/bags/user95_2017-02-24.bag;0.834065854549408;0.0;0.9619645476341248;0.0;2.3641359312406167;0.533447396543836;0.466552603456164
1730783251.5103915;/app/bags/user95_2017-02-24.bag;0.834065854549408;0.0;0.9619645476341248;0.0;2.3641359312406167;0.533447396543836;0.466552603456164
1730783251.710402;/app/bags/user95_2017-02-24.bag;0.834065854549408;0.0;0.9619645476341248;0.0;2.3641359312406167;0.533447396543836;0.466552603456164
1730783251.9103744;/app/bags/user95_2017-02-24.bag;0.834065854549408;0.0;0.9619645476341248;0.0;2.3641359312406167;0.533447396543836;0.466552603456164
1730783252.1105306;/app/bags/user95_2017-02-24.bag;0.834065854549408;0.0;0.9619645476341248;0.0;2.3641359312406167;0.533447396543836;0.466552603456164
1730783252.3104;/app/bags/user95_2017-02-24.bag;0.834065854549408;0.0;0.9619645476341248;0.0;2.3641359312406167;0.533447396543836;0.466552603456164
1730783252.5103889;/app/bags/user95_2017-02-24.bag;0.834065854549408;0.0;0.9619645476341248;0.0;2.3641359312406167;0.533447396543836;0.466552603456164
1730783252.7103531;/app/bags/user95_2017-02-24.bag;0.834065854549408;0.0;0.9619645476341248;0.0;2.3641359312406167;0.533447396543836;0.466552603456164
1730783252.9104273;/app/bags/user95_2017-02-24.bag;0.834065854549408;0.0;0.9619645476341248;0.0;2.3641359312406167;0.533447396543836;0.466552603456164
1730783253.1104057;/app/bags/user95_2017-02-24.bag;0.834065854549408;0.0;0.9619645476341248;0.0;2.3641359312406167;0.533447396543836;0.466552603456164
1730783253.3104167;/app/bags/user95_2017-02-24.bag;0.834065854549408;0.0;0.9619645476341248;0.0;2.3641359312406167;0.533447396543836;0.466552603456164
1730783253.5103624;/app/bags/user95_2017-02-24.bag;0.834065854549408;0.0;0.9619645476341248;0.0;2.3641359312406167;0.533447396543836;0.466552603456164
1730783253.710366;/app/bags/user95_2017-02-24.bag;0.834065854549408;0.0;0.9619645476341248;0.0;2.3641359312406167;0.533447396543836;0.466552603456164
1730783253.9103951;/app/bags/user95_2017-02-24.bag;0.834065854549408;0.0;0.9619645476341248;0.0;2.3641359312406167;0.533447396543836;0.466552603456164
1730783254.1105926;/app/bags/user95_2017-02-24.bag;0.834065854549408;0.0;0.9619645476341248;0.0;2.3641359312406167;0.533447396543836;0.466552603456164
1730783254.3103864;/app/bags/user95_2017-02-24.bag;0.834065854549408;0.0;0.9619645476341248;0.0;2.3641359312406167;0.533447396543836;0.466552603456164
1730783254.5103683;/app/bags/user95_2017-02-24.bag;0.834065854549408;0.0;0.9619645476341248;0.0;2.3641359312406167;0.533447396543836;0.466552603456164
1730783254.7104049;/app/bags/user95_2017-02-24.bag;0.834065854549408;0.0;0.9619645476341248;0.0;2.3641359312406167;0.533447396543836;0.466552603456164
1730783254.9104333;/app/bags/user95_2017-02-24.bag;0.834065854549408;0.0;0.9619645476341248;0.0;2.3641359312406167;0.533447396543836;0.466552603456164
1730783255.110365;/app/bags/user95_2017-02-24.bag;0.834065854549408;0.0;0.9619645476341248;0.0;2.3641359312406167;0.533447396543836;0.466552603456164
1730783255.3104515;/app/bags/user95_2017-02-24.bag;0.834065854549408;0.0;0.9619645476341248;0.0;2.3641359312406167;0.533447396543836;0.466552603456164
1730783255.5103967;/app/bags/user95_2017-02-24.bag;0.834065854549408;0.0;0.9619645476341248;0.0;2.3641359312406167;0.533447396543836;0.466552603456164
1730783255.7103884;/app/bags/user95_2017-02-24.bag;0.834065854549408;0.0;0.9619645476341248;0.0;2.3641359312406167;0.533447396543836;0.466552603456164
1730783255.9103765;/app/bags/user95_2017-02-24.bag;0.834065854549408;0.0;0.9619645476341248;0.0;2.3641359312406167;0.533447396543836;0.466552603456164
1730783256.1104224;/app/bags/user95_2017-02-24.bag;0.834065854549408;0.0;0.9619645476341248;0.0;2.3641359312406167;0.533447396543836;0.466552603456164
1730783256.310387;/app/bags/user95_2017-02-24.bag;0.834065854549408;0.0;0.9619645476341248;0.0;2.3641359312406167;0.533447396543836;0.466552603456164
1730783256.5103765;/app/bags/user95_2017-02-24.bag;0.834065854549408;0.0;0.9619645476341248;0.0;2.3641359312406167;0.533447396543836;0.466552603456164
1730783256.710384;/app/bags/user95_2017-02-24.bag;0.834065854549408;0.0;0.9619645476341248;0.0;2.3641359312406167;0.533447396543836;0.466552603456164
1730783256.9103518;/app/bags/user95_2017-02-24.bag;0.834065854549408;0.0;0.9619645476341248;0.0;2.3641359312406167;0.533447396543836;0.466552603456164
1730783257.1103766;/app/bags/user95_2017-02-24.bag;0.834065854549408;0.0;0.9619645476341248;0.0;2.3641359312406167;0.533447396543836;0.466552603456164
1730783257.310442;/app/bags/user95_2017-02-24.bag;0.834065854549408;0.0;0.9619645476341248;0.0;2.3641359312406167;0.533447396543836;0.466552603456164
1730783257.5104039;/app/bags/user95_2017-02-24.bag;0.834065854549408;0.0;0.9619645476341248;0.0;2.3641359312406167;0.533447396543836;0.466552603456164
1730783257.710406;/app/bags/user95_2017-02-24.bag;0.834065854549408;0.0;0.9619645476341248;0.0;2.3641359312406167;0.533447396543836;0.466552603456164
1730783257.9103963;/app/bags/user95_2017-02-24.bag;0.834065854549408;0.0;0.9619645476341248;0.0;2.3641359312406167;0.533447396543836;0.466552603456164
1730783258.1103556;/app/bags/user95_2017-02-24.bag;0.834065854549408;0.0;0.9619645476341248;0.0;2.3641359312406167;0.533447396543836;0.466552603456164
1730783258.3103805;/app/bags/user95_2017-02-24.bag;0.834065854549408;0.0;0.9619645476341248;0.0;2.3641359312406167;0.533447396543836;0.466552603456164
1730783258.510435;/app/bags/user95_2017-02-24.bag;0.834065854549408;0.0;0.9619645476341248;0.0;2.3641359312406167;0.533447396543836;0.466552603456164
1730783258.7105207;/app/bags/user95_2017-02-24.bag;0.834065854549408;0.0;0.9619645476341248;0.0;2.3641359312406167;0.533447396543836;0.466552603456164
1730783258.9103954;/app/bags/user95_2017-02-24.bag;0.834065854549408;0.0;0.9619645476341248;0.0;2.3641359312406167;0.533447396543836;0.466552603456164
1730783259.1103325;/app/bags/user95_2017-02-24.bag;0.834065854549408;0.0;0.9619645476341248;0.0;2.3641359312406167;0.533447396543836;0.466552603456164
1730783259.310464;/app/bags/user95_2017-02-24.bag;0.834065854549408;0.0;0.9619645476341248;0.0;2.3641359312406167;0.533447396543836;0.466552603456164
1730783259.5103588;/app/bags/user95_2017-02-24.bag;0.834065854549408;0.0;0.9619645476341248;0.0;2.3641359312406167;0.533447396543836;0.466552603456164
1730783259.7103705;/app/bags/user95_2017-02-24.bag;0.834065854549408;0.0;0.9619645476341248;0.0;2.3641359312406167;0.533447396543836;0.466552603456164
1730783259.9103723;/app/bags/user95_2017-02-24.bag;0.834065854549408;0.0;0.9619645476341248;0.0;2.3641359312406167;0.533447396543836;0.466552603456164
1730783260.1104574;/app/bags/user95_2017-02-24.bag;0.834065854549408;0.0;0.9619645476341248;0.0;2.3641359312406167;0.533447396543836;0.466552603456164
1730783260.3103917;/app/bags/user95_2017-02-24.bag;0.834065854549408;0.0;0.9619645476341248;0.0;2.3641359312406167;0.533447396543836;0.466552603456164
1730783260.5104227;/app/bags/user95_2017-02-24.bag;0.834065854549408;0.0;0.9619645476341248;0.0;2.3641359312406167;0.533447396543836;0.466552603456164
1730783260.710415;/app/bags/user95_2017-02-24.bag;0.834065854549408;0.0;0.9619645476341248;0.0;2.3641359312406167;0.533447396543836;0.466552603456164
1730783260.9103885;/app/bags/user95_2017-02-24.bag;0.834065854549408;0.0;0.9619645476341248;0.0;2.3641359312406167;0.533447396543836;0.466552603456164
1730783261.1104376;/app/bags/user95_2017-02-24.bag;0.834065854549408;0.0;0.9619645476341248;0.0;2.3641359312406167;0.533447396543836;0.466552603456164
1730783261.31039;/app/bags/user95_2017-02-24.bag;0.834065854549408;0.0;0.9619645476341248;0.0;2.3641359312406167;0.533447396543836;0.466552603456164
1730783261.5104024;/app/bags/user95_2017-02-24.bag;0.834065854549408;0.0;0.9619645476341248;0.0;2.3641359312406167;0.533447396543836;0.466552603456164
1730783261.710355;/app/bags/user95_2017-02-24.bag;0.834065854549408;0.0;0.9619645476341248;0.0;2.3641359312406167;0.533447396543836;0.466552603456164
1730783261.9104018;/app/bags/user95_2017-02-24.bag;0.834065854549408;0.0;0.9619645476341248;0.0;2.3641359312406167;0.533447396543836;0.466552603456164
1730783262.1103983;/app/bags/user95_2017-02-24.bag;0.834065854549408;0.0;0.9619645476341248;0.0;2.3641359312406167;0.533447396543836;0.466552603456164
1730783262.3104005;/app/bags/user95_2017-02-24.bag;0.834065854549408;0.0;0.9619645476341248;0.0;2.3641359312406167;0.533447396543836;0.466552603456164
1730783262.510379;/app/bags/user95_2017-02-24.bag;0.834065854549408;0.0;0.9619645476341248;0.0;2.3641359312406167;0.533447396543836;0.466552603456164
1730783262.7103696;/app/bags/user95_2017-02-24.bag;0.834065854549408;0.0;0.9619645476341248;0.0;2.3641359312406167;0.533447396543836;0.466552603456164
1730783262.9104238;/app/bags/user95_2017-02-24.bag;0.834065854549408;0.0;0.9619645476341248;0.0;2.3641359312406167;0.533447396543836;0.466552603456164
1730783263.1103983;/app/bags/user95_2017-02-24.bag;0.834065854549408;0.0;0.9619645476341248;0.0;2.3641359312406167;0.533447396543836;0.466552603456164
1730783263.3103642;/app/bags/user95_2017-02-24.bag;0.834065854549408;0.0;0.9619645476341248;0.0;2.3641359312406167;0.533447396543836;0.466552603456164
1730783263.5103803;/app/bags/user95_2017-02-24.bag;0.834065854549408;0.0;0.9619645476341248;0.0;2.3641359312406167;0.533447396543836;0.466552603456164
1730783263.7104104;/app/bags/user95_2017-02-24.bag;0.834065854549408;0.0;0.9619645476341248;0.0;2.3641359312406167;0.533447396543836;0.466552603456164
1730783263.9104397;/app/bags/user95_2017-02-24.bag;0.834065854549408;0.0;0.9619645476341248;0.0;2.3641359312406167;0.533447396543836;0.466552603456164
1730783264.1104174;/app/bags/user95_2017-02-24.bag;0.834065854549408;0.0;0.9619645476341248;0.0;2.3641359312406167;0.533447396543836;0.466552603456164
1730783264.3103771;/app/bags/user95_2017-02-24.bag;0.834065854549408;0.0;0.9619645476341248;0.0;2.3641359312406167;0.533447396543836;0.466552603456164
1730783264.5104003;/app/bags/user95_2017-02-24.bag;0.834065854549408;0.0;0.9619645476341248;0.0;2.3641359312406167;0.533447396543836;0.466552603456164
1730783264.7103667;/app/bags/user95_2017-02-24.bag;0.834065854549408;0.0;0.9619645476341248;0.0;2.3641359312406167;0.533447396543836;0.466552603456164
1730783264.9103792;/app/bags/user95_2017-02-24.bag;0.834065854549408;0.0;0.9619645476341248;0.0;2.3641359312406167;0.533447396543836;0.466552603456164
1730783265.1104252;/app/bags/user95_2017-02-24.bag;0.834065854549408;0.0;0.9619645476341248;0.0;2.3641359312406167;0.533447396543836;0.466552603456164
1730783265.3103926;/app/bags/user95_2017-02-24.bag;0.834065854549408;0.0;0.9619645476341248;0.0;2.3641359312406167;0.533447396543836;0.466552603456164
1730783265.5103943;/app/bags/user95_2017-02-24.bag;0.834065854549408;0.0;0.9619645476341248;0.0;2.3641359312406167;0.533447396543836;0.466552603456164
1730783265.7103925;/app/bags/user95_2017-02-24.bag;0.834065854549408;0.0;0.9619645476341248;0.0;2.3641359312406167;0.533447396543836;0.466552603456164
1730783265.9103913;/app/bags/user95_2017-02-24.bag;0.834065854549408;0.0;0.9619645476341248;0.0;2.3641359312406167;0.533447396543836;0.466552603456164
1730783266.1104403;/app/bags/user95_2017-02-24.bag;0.834065854549408;0.0;0.9619645476341248;0.0;2.3641359312406167;0.533447396543836;0.466552603456164
1730783266.3104389;/app/bags/user95_2017-02-24.bag;0.834065854549408;0.0;0.9619645476341248;0.0;2.3641359312406167;0.533447396543836;0.466552603456164
1730783266.5103824;/app/bags/user95_2017-02-24.bag;0.834065854549408;0.0;0.9619645476341248;0.0;2.3641359312406167;0.533447396543836;0.466552603456164
1730783266.710381;/app/bags/user95_2017-02-24.bag;0.834065854549408;0.0;0.9619645476341248;0.0;2.3641359312406167;0.533447396543836;0.466552603456164
1730783266.9103725;/app/bags/user95_2017-02-24.bag;0.834065854549408;0.0;0.9619645476341248;0.0;2.3641359312406167;0.533447396543836;0.466552603456164
1730783267.1104975;/app/bags/user95_2017-02-24.bag;0.834065854549408;0.0;0.9619645476341248;0.0;2.3641359312406167;0.533447396543836;0.466552603456164
1730783267.3103833;/app/bags/user95_2017-02-24.bag;0.834065854549408;0.0;0.9619645476341248;0.0;2.3641359312406167;0.533447396543836;0.466552603456164
1730783267.5104148;/app/bags/user95_2017-02-24.bag;0.834065854549408;0.0;0.9619645476341248;0.0;2.3641359312406167;0.533447396543836;0.466552603456164
1730783267.7103784;/app/bags/user95_2017-02-24.bag;0.834065854549408;0.0;0.9619645476341248;0.0;2.3641359312406167;0.533447396543836;0.466552603456164
1730783267.9103923;/app/bags/user95_2017-02-24.bag;0.834065854549408;0.0;0.9619645476341248;0.0;2.3641359312406167;0.533447396543836;0.466552603456164
1730783268.110402;/app/bags/user95_2017-02-24.bag;0.834065854549408;0.0;0.9619645476341248;0.0;2.3641359312406167;0.533447396543836;0.466552603456164
1730783268.310398;/app/bags/user95_2017-02-24.bag;0.834065854549408;0.0;0.9619645476341248;0.0;2.3641359312406167;0.533447396543836;0.466552603456164
1730783268.510362;/app/bags/user95_2017-02-24.bag;0.834065854549408;0.0;0.9619645476341248;0.0;2.3641359312406167;0.533447396543836;0.466552603456164
1730783268.7103567;/app/bags/user95_2017-02-24.bag;0.834065854549408;0.0;0.9619645476341248;0.0;2.3641359312406167;0.533447396543836;0.466552603456164
1730783268.9103801;/app/bags/user95_2017-02-24.bag;0.834065854549408;0.0;0.9619645476341248;0.0;2.3641359312406167;0.533447396543836;0.466552603456164
1730783269.1103802;/app/bags/user95_2017-02-24.bag;0.834065854549408;0.0;0.9619645476341248;0.0;2.3641359312406167;0.533447396543836;0.466552603456164
1730783269.3103805;/app/bags/user95_2017-02-24.bag;0.834065854549408;0.0;0.9619645476341248;0.0;2.3641359312406167;0.533447396543836;0.466552603456164
1730783269.5103674;/app/bags/user95_2017-02-24.bag;0.834065854549408;0.0;0.9619645476341248;0.0;2.3641359312406167;0.533447396543836;0.466552603456164
1730783269.7103975;/app/bags/user95_2017-02-24.bag;0.834065854549408;0.0;0.9619645476341248;0.0;2.3641359312406167;0.533447396543836;0.466552603456164
1730783269.9103746;/app/bags/user95_2017-02-24.bag;0.834065854549408;0.0;0.9619645476341248;0.0;2.3641359312406167;0.533447396543836;0.466552603456164
1730783270.1103892;/app/bags/user95_2017-02-24.bag;0.834065854549408;0.0;0.9619645476341248;0.0;2.3641359312406167;0.533447396543836;0.466552603456164
1730783270.3104274;/app/bags/user95_2017-02-24.bag;0.834065854549408;0.0;0.9619645476341248;0.0;2.3641359312406167;0.533447396543836;0.466552603456164
1730783270.510383;/app/bags/user95_2017-02-24.bag;0.834065854549408;0.0;0.9619645476341248;0.0;2.3641359312406167;0.533447396543836;0.466552603456164
1730783270.7103915;/app/bags/user95_2017-02-24.bag;0.834065854549408;0.0;0.9619645476341248;0.0;2.3641359312406167;0.533447396543836;0.466552603456164
1730783270.9103863;/app/bags/user95_2017-02-24.bag;0.834065854549408;0.0;0.9619645476341248;0.0;2.3641359312406167;0.533447396543836;0.466552603456164
1730783271.1103792;/app/bags/user95_2017-02-24.bag;0.834065854549408;0.0;0.9619645476341248;0.0;2.3641359312406167;0.533447396543836;0.466552603456164
1730783271.3104014;/app/bags/user95_2017-02-24.bag;0.834065854549408;0.0;0.9619645476341248;0.0;2.3641359312406167;0.533447396543836;0.466552603456164
1730783271.5103838;/app/bags/user95_2017-02-24.bag;0.834065854549408;0.0;0.9619645476341248;0.0;2.3641359312406167;0.533447396543836;0.466552603456164
1730783271.7103636;/app/bags/user95_2017-02-24.bag;0.834065854549408;0.0;0.9619645476341248;0.0;2.3641359312406167;0.533447396543836;0.466552603456164
1730783271.9103477;/app/bags/user95_2017-02-24.bag;0.834065854549408;0.0;0.9619645476341248;0.0;2.3641359312406167;0.533447396543836;0.466552603456164
1730783272.1103952;/app/bags/user95_2017-02-24.bag;0.834065854549408;0.0;0.9619645476341248;0.0;2.3641359312406167;0.533447396543836;0.466552603456164
1730783272.310378;/app/bags/user95_2017-02-24.bag;0.834065854549408;0.0;0.9619645476341248;0.0;2.3641359312406167;0.533447396543836;0.466552603456164
1730783272.5103698;/app/bags/user95_2017-02-24.bag;0.834065854549408;0.0;0.9619645476341248;0.0;2.3641359312406167;0.533447396543836;0.466552603456164
1730783272.7103906;/app/bags/user95_2017-02-24.bag;0.834065854549408;0.0;0.9619645476341248;0.0;2.3641359312406167;0.533447396543836;0.466552603456164
1730783272.9103773;/app/bags/user95_2017-02-24.bag;0.834065854549408;0.0;0.9619645476341248;0.0;2.3641359312406167;0.533447396543836;0.466552603456164
1730783273.1103778;/app/bags/user95_2017-02-24.bag;0.834065854549408;0.0;0.9619645476341248;0.0;2.3641359312406167;0.533447396543836;0.466552603456164
1730783273.3103998;/app/bags/user95_2017-02-24.bag;0.834065854549408;0.0;0.9619645476341248;0.0;2.3641359312406167;0.533447396543836;0.466552603456164
1730783273.510381;/app/bags/user95_2017-02-24.bag;0.834065854549408;0.0;0.9619645476341248;0.0;2.3641359312406167;0.533447396543836;0.466552603456164
1730783273.7104182;/app/bags/user95_2017-02-24.bag;0.834065854549408;0.0;0.9619645476341248;0.0;2.3641359312406167;0.533447396543836;0.466552603456164
1730783273.9105835;/app/bags/user95_2017-02-24.bag;0.834065854549408;0.0;0.9619645476341248;0.0;2.3641359312406167;0.533447396543836;0.466552603456164
1730783274.1105144;/app/bags/user95_2017-02-24.bag;0.834065854549408;0.0;0.9619645476341248;0.0;2.3641359312406167;0.533447396543836;0.466552603456164
1730783274.310371;/app/bags/user95_2017-02-24.bag;0.834065854549408;0.0;0.9619645476341248;0.0;2.3641359312406167;0.533447396543836;0.466552603456164
1730783274.5103858;/app/bags/user95_2017-02-24.bag;0.834065854549408;0.0;0.9619645476341248;0.0;2.3641359312406167;0.533447396543836;0.466552603456164
1730783274.7103665;/app/bags/user95_2017-02-24.bag;0.834065854549408;0.0;0.9619645476341248;0.0;2.3641359312406167;0.533447396543836;0.466552603456164
1730783274.9104667;/app/bags/user95_2017-02-24.bag;0.834065854549408;0.0;0.9619645476341248;0.0;2.3641359312406167;0.533447396543836;0.466552603456164
1730783275.1104305;/app/bags/user95_2017-02-24.bag;0.834065854549408;0.0;0.9619645476341248;0.0;2.3641359312406167;0.533447396543836;0.466552603456164
1730783275.3104184;/app/bags/user95_2017-02-24.bag;0.834065854549408;0.0;0.9619645476341248;0.0;2.3641359312406167;0.533447396543836;0.466552603456164
1730783275.5103858;/app/bags/user95_2017-02-24.bag;0.834065854549408;0.0;0.9619645476341248;0.0;2.3641359312406167;0.533447396543836;0.466552603456164
1730783275.7104187;/app/bags/user95_2017-02-24.bag;0.834065854549408;0.0;0.9619645476341248;0.0;2.3641359312406167;0.533447396543836;0.466552603456164
1730783275.9103684;/app/bags/user95_2017-02-24.bag;0.834065854549408;0.0;0.9619645476341248;0.0;2.3641359312406167;0.533447396543836;0.466552603456164
1730783276.1103702;/app/bags/user95_2017-02-24.bag;0.834065854549408;0.0;0.9619645476341248;0.0;2.3641359312406167;0.533447396543836;0.466552603456164
1730783276.3103855;/app/bags/user95_2017-02-24.bag;0.834065854549408;0.0;0.9619645476341248;0.0;2.3641359312406167;0.533447396543836;0.466552603456164
1730783276.5103962;/app/bags/user95_2017-02-24.bag;0.834065854549408;0.0;0.9619645476341248;0.0;2.3641359312406167;0.533447396543836;0.466552603456164
1730783276.7103798;/app/bags/user95_2017-02-24.bag;0.834065854549408;0.0;0.9619645476341248;0.0;2.3641359312406167;0.533447396543836;0.466552603456164
1730783276.9103754;/app/bags/user95_2017-02-24.bag;0.834065854549408;0.0;0.9619645476341248;0.0;2.3641359312406167;0.533447396543836;0.466552603456164
1730783277.1104095;/app/bags/user95_2017-02-24.bag;0.834065854549408;0.0;0.9619645476341248;0.0;2.3641359312406167;0.533447396543836;0.466552603456164
1730783277.3102434;/app/bags/user95_2017-02-24.bag;0.834065854549408;0.0;0.9619645476341248;0.0;2.3641359312406167;0.533447396543836;0.466552603456164
1730783277.5103905;/app/bags/user95_2017-02-24.bag;0.834065854549408;0.0;0.9619645476341248;0.0;2.3641359312406167;0.533447396543836;0.466552603456164
1730783277.7103758;/app/bags/user95_2017-02-24.bag;0.834065854549408;0.0;0.9619645476341248;0.0;2.3641359312406167;0.533447396543836;0.466552603456164
1730783277.9103868;/app/bags/user95_2017-02-24.bag;0.834065854549408;0.0;0.9619645476341248;0.0;2.3641359312406167;0.533447396543836;0.466552603456164
1730783278.1104293;/app/bags/user95_2017-02-24.bag;0.834065854549408;0.0;0.9619645476341248;0.0;2.3641359312406167;0.533447396543836;0.466552603456164
1730783278.3104017;/app/bags/user95_2017-02-24.bag;0.834065854549408;0.0;0.9619645476341248;0.0;2.3641359312406167;0.533447396543836;0.466552603456164
1730783278.5103695;/app/bags/user95_2017-02-24.bag;0.834065854549408;0.0;0.9619645476341248;0.0;2.3641359312406167;0.533447396543836;0.466552603456164
1730783278.7103863;/app/bags/user95_2017-02-24.bag;0.834065854549408;0.0;0.9619645476341248;0.0;2.3641359312406167;0.533447396543836;0.466552603456164
1730783278.9104123;/app/bags/user95_2017-02-24.bag;0.834065854549408;0.0;0.9619645476341248;0.0;2.3641359312406167;0.533447396543836;0.466552603456164
1730783279.1104352;/app/bags/user95_2017-02-24.bag;0.834065854549408;0.0;0.9619645476341248;0.0;2.3641359312406167;0.533447396543836;0.466552603456164
1730783279.310467;/app/bags/user95_2017-02-24.bag;0.834065854549408;0.0;0.9619645476341248;0.0;2.3641359312406167;0.533447396543836;0.466552603456164
1730783279.5104344;/app/bags/user95_2017-02-24.bag;0.834065854549408;0.0;0.9619645476341248;0.0;2.3641359312406167;0.533447396543836;0.466552603456164
1730783279.710382;/app/bags/user95_2017-02-24.bag;0.834065854549408;0.0;0.9619645476341248;0.0;2.3641359312406167;0.533447396543836;0.466552603456164
1730783279.9103785;/app/bags/user95_2017-02-24.bag;0.834065854549408;0.0;0.9619645476341248;0.0;2.3641359312406167;0.533447396543836;0.466552603456164
1730783280.1104026;/app/bags/user95_2017-02-24.bag;0.834065854549408;0.0;0.9619645476341248;0.0;2.3641359312406167;0.533447396543836;0.466552603456164
1730783280.3104105;/app/bags/user95_2017-02-24.bag;0.834065854549408;0.0;0.9619645476341248;0.0;2.3641359312406167;0.533447396543836;0.466552603456164
1730783280.5103736;/app/bags/user95_2017-02-24.bag;0.834065854549408;0.0;0.9619645476341248;0.0;2.3641359312406167;0.533447396543836;0.466552603456164
1730783280.7102568;/app/bags/user95_2017-02-24.bag;0.834065854549408;0.0;0.9619645476341248;0.0;2.3641359312406167;0.533447396543836;0.466552603456164
1730783280.9103808;/app/bags/user95_2017-02-24.bag;0.834065854549408;0.0;0.9619645476341248;0.0;2.3641359312406167;0.533447396543836;0.466552603456164
1730783281.1104028;/app/bags/user95_2017-02-24.bag;0.834065854549408;0.0;0.9619645476341248;0.0;2.3641359312406167;0.533447396543836;0.466552603456164
1730783281.3104367;/app/bags/user95_2017-02-24.bag;0.834065854549408;0.0;0.9619645476341248;0.0;2.3641359312406167;0.533447396543836;0.466552603456164
1730783281.5103772;/app/bags/user95_2017-02-24.bag;0.834065854549408;0.0;0.9619645476341248;0.0;2.3641359312406167;0.533447396543836;0.466552603456164
1730783281.7104056;/app/bags/user95_2017-02-24.bag;0.834065854549408;0.0;0.9619645476341248;0.0;2.3641359312406167;0.533447396543836;0.466552603456164
1730783281.9104202;/app/bags/user95_2017-02-24.bag;0.834065854549408;0.0;0.9619645476341248;0.0;2.3641359312406167;0.533447396543836;0.466552603456164
1730783282.1103654;/app/bags/user95_2017-02-24.bag;0.834065854549408;0.0;0.9619645476341248;0.0;2.3641359312406167;0.533447396543836;0.466552603456164
1730783282.3103757;/app/bags/user95_2017-02-24.bag;0.834065854549408;0.0;0.9619645476341248;0.0;2.3641359312406167;0.533447396543836;0.466552603456164
1730783282.5103862;/app/bags/user95_2017-02-24.bag;0.834065854549408;0.0;0.9619645476341248;0.0;2.3641359312406167;0.533447396543836;0.466552603456164
1730783282.7103806;/app/bags/user95_2017-02-24.bag;0.834065854549408;0.0;0.9619645476341248;0.0;2.3641359312406167;0.533447396543836;0.466552603456164
1730783282.9104362;/app/bags/user95_2017-02-24.bag;0.834065854549408;0.0;0.9619645476341248;0.0;2.3641359312406167;0.533447396543836;0.466552603456164
1730783283.1104105;/app/bags/user95_2017-02-24.bag;0.834065854549408;0.0;0.9619645476341248;0.0;2.3641359312406167;0.533447396543836;0.466552603456164
1730783283.3103778;/app/bags/user95_2017-02-24.bag;0.834065854549408;0.0;0.9619645476341248;0.0;2.3641359312406167;0.533447396543836;0.466552603456164
1730783283.5104327;/app/bags/user95_2017-02-24.bag;0.834065854549408;0.0;0.9619645476341248;0.0;2.3641359312406167;0.533447396543836;0.466552603456164
1730783283.7103672;/app/bags/user95_2017-02-24.bag;0.834065854549408;0.0;0.9619645476341248;0.0;2.3641359312406167;0.533447396543836;0.466552603456164
1730783283.9104304;/app/bags/user95_2017-02-24.bag;0.834065854549408;0.0;0.9619645476341248;0.0;2.3641359312406167;0.533447396543836;0.466552603456164
1730783284.1104004;/app/bags/user95_2017-02-24.bag;0.834065854549408;0.0;0.9619645476341248;0.0;2.3641359312406167;0.533447396543836;0.466552603456164
1730783284.3103952;/app/bags/user95_2017-02-24.bag;0.834065854549408;0.0;0.9619645476341248;0.0;2.3641359312406167;0.533447396543836;0.466552603456164
1730783284.5104132;/app/bags/user95_2017-02-24.bag;0.834065854549408;0.0;0.9619645476341248;0.0;2.3641359312406167;0.533447396543836;0.466552603456164
1730783284.710487;/app/bags/user95_2017-02-24.bag;0.834065854549408;0.0;0.9619645476341248;0.0;2.3641359312406167;0.533447396543836;0.466552603456164
1730783284.9103925;/app/bags/user95_2017-02-24.bag;0.834065854549408;0.0;0.9619645476341248;0.0;2.3641359312406167;0.533447396543836;0.466552603456164
1730783285.1104054;/app/bags/user95_2017-02-24.bag;0.834065854549408;0.0;0.9619645476341248;0.0;2.3641359312406167;0.533447396543836;0.466552603456164
1730783285.3104384;/app/bags/user95_2017-02-24.bag;0.834065854549408;0.0;0.9619645476341248;0.0;2.3641359312406167;0.533447396543836;0.466552603456164
1730783285.5104003;/app/bags/user95_2017-02-24.bag;0.834065854549408;0.0;0.9619645476341248;0.0;2.3641359312406167;0.533447396543836;0.466552603456164
1730783285.7103944;/app/bags/user95_2017-02-24.bag;0.834065854549408;0.0;0.9619645476341248;0.0;2.3641359312406167;0.533447396543836;0.466552603456164
1730783285.9103734;/app/bags/user95_2017-02-24.bag;0.834065854549408;0.0;0.9619645476341248;0.0;2.3641359312406167;0.533447396543836;0.466552603456164
1730783286.110409;/app/bags/user95_2017-02-24.bag;0.834065854549408;0.0;0.9619645476341248;0.0;2.3641359312406167;0.533447396543836;0.466552603456164
1730783286.310385;/app/bags/user95_2017-02-24.bag;0.834065854549408;0.0;0.9619645476341248;0.0;2.3641359312406167;0.533447396543836;0.466552603456164
1730783286.510234;/app/bags/user95_2017-02-24.bag;0.834065854549408;0.0;0.9619645476341248;0.0;2.3641359312406167;0.533447396543836;0.466552603456164
1730783286.7103877;/app/bags/user95_2017-02-24.bag;0.834065854549408;0.0;0.9619645476341248;0.0;2.3641359312406167;0.533447396543836;0.466552603456164
1730783286.9103527;/app/bags/user95_2017-02-24.bag;0.834065854549408;0.0;0.9619645476341248;0.0;2.3641359312406167;0.533447396543836;0.466552603456164
1730783287.110349;/app/bags/user95_2017-02-24.bag;0.834065854549408;0.0;0.9619645476341248;0.0;2.3641359312406167;0.533447396543836;0.466552603456164
1730783287.3103595;/app/bags/user95_2017-02-24.bag;0.834065854549408;0.0;0.9619645476341248;0.0;2.3641359312406167;0.533447396543836;0.466552603456164
1730783287.510379;/app/bags/user95_2017-02-24.bag;0.834065854549408;0.0;0.9619645476341248;0.0;2.3641359312406167;0.533447396543836;0.466552603456164
1730783287.7104363;/app/bags/user95_2017-02-24.bag;0.834065854549408;0.0;0.9619645476341248;0.0;2.3641359312406167;0.533447396543836;0.466552603456164
1730783287.9104047;/app/bags/user95_2017-02-24.bag;0.834065854549408;0.0;0.9619645476341248;0.0;2.3641359312406167;0.533447396543836;0.466552603456164
1730783288.1104152;/app/bags/user95_2017-02-24.bag;0.834065854549408;0.0;0.9619645476341248;0.0;2.3641359312406167;0.533447396543836;0.466552603456164
1730783288.310412;/app/bags/user95_2017-02-24.bag;0.834065854549408;0.0;0.9619645476341248;0.0;2.3641359312406167;0.533447396543836;0.466552603456164
1730783288.510432;/app/bags/user95_2017-02-24.bag;0.834065854549408;0.0;0.9619645476341248;0.0;2.3641359312406167;0.533447396543836;0.466552603456164
1730783288.7104394;/app/bags/user95_2017-02-24.bag;0.834065854549408;0.0;0.9619645476341248;0.0;2.3641359312406167;0.533447396543836;0.466552603456164
1730783288.9104104;/app/bags/user95_2017-02-24.bag;0.834065854549408;0.0;0.9619645476341248;0.0;2.3641359312406167;0.533447396543836;0.466552603456164
1730783289.110365;/app/bags/user95_2017-02-24.bag;0.834065854549408;0.0;0.9619645476341248;0.0;2.3641359312406167;0.533447396543836;0.466552603456164
1730783289.310424;/app/bags/user95_2017-02-24.bag;0.834065854549408;0.0;0.9619645476341248;0.0;2.3641359312406167;0.533447396543836;0.466552603456164
1730783289.5103765;/app/bags/user95_2017-02-24.bag;0.834065854549408;0.0;0.9619645476341248;0.0;2.3641359312406167;0.533447396543836;0.466552603456164
1730783289.7104151;/app/bags/user95_2017-02-24.bag;0.834065854549408;0.0;0.9619645476341248;0.0;2.3641359312406167;0.533447396543836;0.466552603456164
1730783289.9104173;/app/bags/user95_2017-02-24.bag;0.834065854549408;0.0;0.9619645476341248;0.0;2.3641359312406167;0.533447396543836;0.466552603456164
1730783290.110425;/app/bags/user95_2017-02-24.bag;0.834065854549408;0.0;0.9619645476341248;0.0;2.3641359312406167;0.533447396543836;0.466552603456164
1730783290.3103933;/app/bags/user95_2017-02-24.bag;0.834065854549408;0.0;0.9619645476341248;0.0;2.3641359312406167;0.533447396543836;0.466552603456164
1730783290.5104725;/app/bags/user95_2017-02-24.bag;0.834065854549408;0.0;0.9619645476341248;0.0;2.3641359312406167;0.533447396543836;0.466552603456164
1730783290.7105162;/app/bags/user95_2017-02-24.bag;0.834065854549408;0.0;0.9619645476341248;0.0;2.3641359312406167;0.533447396543836;0.466552603456164
1730783290.91038;/app/bags/user95_2017-02-24.bag;0.834065854549408;0.0;0.9619645476341248;0.0;2.3641359312406167;0.533447396543836;0.466552603456164
1730783291.1103637;/app/bags/user95_2017-02-24.bag;0.834065854549408;0.0;0.9619645476341248;0.0;2.3641359312406167;0.533447396543836;0.466552603456164
1730783291.310375;/app/bags/user95_2017-02-24.bag;0.834065854549408;0.0;0.9619645476341248;0.0;2.3641359312406167;0.533447396543836;0.466552603456164
1730783291.5104005;/app/bags/user95_2017-02-24.bag;0.834065854549408;0.0;0.9619645476341248;0.0;2.3641359312406167;0.533447396543836;0.466552603456164
1730783291.7103767;/app/bags/user95_2017-02-24.bag;0.834065854549408;0.0;0.9619645476341248;0.0;2.3641359312406167;0.533447396543836;0.466552603456164
1730783291.9103897;/app/bags/user95_2017-02-24.bag;0.834065854549408;0.0;0.9619645476341248;0.0;2.3641359312406167;0.533447396543836;0.466552603456164
1730783292.110365;/app/bags/user95_2017-02-24.bag;0.834065854549408;0.0;0.9619645476341248;0.0;2.3641359312406167;0.533447396543836;0.466552603456164
1730783292.310396;/app/bags/user95_2017-02-24.bag;0.834065854549408;0.0;0.9619645476341248;0.0;2.3641359312406167;0.533447396543836;0.466552603456164
1730783292.5104067;/app/bags/user95_2017-02-24.bag;0.834065854549408;0.0;0.9619645476341248;0.0;2.3641359312406167;0.533447396543836;0.466552603456164
1730783292.7104547;/app/bags/user95_2017-02-24.bag;0.834065854549408;0.0;0.9619645476341248;0.0;2.3641359312406167;0.533447396543836;0.466552603456164
1730783292.9103608;/app/bags/user95_2017-02-24.bag;0.834065854549408;0.0;0.9619645476341248;0.0;2.3641359312406167;0.533447396543836;0.466552603456164
1730783293.1102688;/app/bags/user95_2017-02-24.bag;0.834065854549408;0.0;0.9619645476341248;0.0;2.3641359312406167;0.533447396543836;0.466552603456164
1730783293.310399;/app/bags/user95_2017-02-24.bag;0.834065854549408;0.0;0.9619645476341248;0.0;2.3641359312406167;0.533447396543836;0.466552603456164
1730783293.5103555;/app/bags/user95_2017-02-24.bag;0.834065854549408;0.0;0.9619645476341248;0.0;2.3641359312406167;0.533447396543836;0.466552603456164
1730783293.7103584;/app/bags/user95_2017-02-24.bag;0.834065854549408;0.0;0.9619645476341248;0.0;2.3641359312406167;0.533447396543836;0.466552603456164
1730783293.9103892;/app/bags/user95_2017-02-24.bag;0.834065854549408;0.0;0.9619645476341248;0.0;2.3641359312406167;0.533447396543836;0.466552603456164
1730783294.110366;/app/bags/user95_2017-02-24.bag;0.834065854549408;0.0;0.9619645476341248;0.0;2.3641359312406167;0.533447396543836;0.466552603456164
1730783294.3104024;/app/bags/user95_2017-02-24.bag;0.834065854549408;0.0;0.9619645476341248;0.0;2.3641359312406167;0.533447396543836;0.466552603456164
1730783294.5103874;/app/bags/user95_2017-02-24.bag;0.834065854549408;0.0;0.9619645476341248;0.0;2.3641359312406167;0.533447396543836;0.466552603456164
1730783294.7104506;/app/bags/user95_2017-02-24.bag;0.834065854549408;0.0;0.9619645476341248;0.0;2.3641359312406167;0.533447396543836;0.466552603456164
1730783294.9104009;/app/bags/user95_2017-02-24.bag;0.834065854549408;0.0;0.9619645476341248;0.0;2.3641359312406167;0.533447396543836;0.466552603456164
1730783295.1103938;/app/bags/user95_2017-02-24.bag;0.834065854549408;0.0;0.9619645476341248;0.0;2.3641359312406167;0.533447396543836;0.466552603456164
1730783295.3104033;/app/bags/user95_2017-02-24.bag;0.834065854549408;0.0;0.9619645476341248;0.0;2.3641359312406167;0.533447396543836;0.466552603456164
1730783295.510456;/app/bags/user95_2017-02-24.bag;0.834065854549408;0.0;0.9619645476341248;0.0;2.3641359312406167;0.533447396543836;0.466552603456164
1730783295.7104142;/app/bags/user95_2017-02-24.bag;0.834065854549408;0.0;0.9619645476341248;0.0;2.3641359312406167;0.533447396543836;0.466552603456164
1730783295.910396;/app/bags/user95_2017-02-24.bag;0.834065854549408;0.0;0.9619645476341248;0.0;2.3641359312406167;0.533447396543836;0.466552603456164
1730783296.110438;/app/bags/user95_2017-02-24.bag;0.834065854549408;0.0;0.9619645476341248;0.0;2.3641359312406167;0.533447396543836;0.466552603456164
1730783296.3104134;/app/bags/user95_2017-02-24.bag;0.834065854549408;0.0;0.9619645476341248;0.0;2.3641359312406167;0.533447396543836;0.466552603456164
1730783296.5103943;/app/bags/user95_2017-02-24.bag;0.834065854549408;0.0;0.9619645476341248;0.0;2.3641359312406167;0.533447396543836;0.466552603456164
1730783296.7103992;/app/bags/user95_2017-02-24.bag;0.834065854549408;0.0;0.9619645476341248;0.0;2.3641359312406167;0.533447396543836;0.466552603456164
1730783296.9104328;/app/bags/user95_2017-02-24.bag;0.834065854549408;0.0;0.9619645476341248;0.0;2.3641359312406167;0.533447396543836;0.466552603456164
1730783297.1103802;/app/bags/user95_2017-02-24.bag;0.834065854549408;0.0;0.9619645476341248;0.0;2.3641359312406167;0.533447396543836;0.466552603456164
1730783297.3104029;/app/bags/user95_2017-02-24.bag;0.834065854549408;0.0;0.9619645476341248;0.0;2.3641359312406167;0.533447396543836;0.466552603456164
1730783297.5103912;/app/bags/user95_2017-02-24.bag;0.834065854549408;0.0;0.9619645476341248;0.0;2.3641359312406167;0.533447396543836;0.466552603456164
1730783297.7104087;/app/bags/user95_2017-02-24.bag;0.834065854549408;0.0;0.9619645476341248;0.0;2.3641359312406167;0.533447396543836;0.466552603456164
1730783297.9103632;/app/bags/user95_2017-02-24.bag;0.834065854549408;0.0;0.9619645476341248;0.0;2.3641359312406167;0.533447396543836;0.466552603456164
1730783298.1103885;/app/bags/user95_2017-02-24.bag;0.834065854549408;0.0;0.9619645476341248;0.0;2.3641359312406167;0.533447396543836;0.466552603456164
1730783298.310366;/app/bags/user95_2017-02-24.bag;0.834065854549408;0.0;0.9619645476341248;0.0;2.3641359312406167;0.533447396543836;0.466552603456164
1730783298.5103598;/app/bags/user95_2017-02-24.bag;0.834065854549408;0.0;0.9619645476341248;0.0;2.3641359312406167;0.533447396543836;0.466552603456164
1730783298.7104027;/app/bags/user95_2017-02-24.bag;0.834065854549408;0.0;0.9619645476341248;0.0;2.3641359312406167;0.533447396543836;0.466552603456164
1730783298.9104104;/app/bags/user95_2017-02-24.bag;0.834065854549408;0.0;0.9619645476341248;0.0;2.3641359312406167;0.533447396543836;0.466552603456164
1730783299.1103954;/app/bags/user95_2017-02-24.bag;0.834065854549408;0.0;0.9619645476341248;0.0;2.3641359312406167;0.533447396543836;0.466552603456164
1730783299.3103936;/app/bags/user95_2017-02-24.bag;0.834065854549408;0.0;0.9619645476341248;0.0;2.3641359312406167;0.533447396543836;0.466552603456164
1730783299.5103877;/app/bags/user95_2017-02-24.bag;0.834065854549408;0.0;0.9619645476341248;0.0;2.3641359312406167;0.533447396543836;0.466552603456164
1730783299.7104115;/app/bags/user95_2017-02-24.bag;0.834065854549408;0.0;0.9619645476341248;0.0;2.3641359312406167;0.533447396543836;0.466552603456164
1730783299.9105558;/app/bags/user95_2017-02-24.bag;0.834065854549408;0.0;0.9619645476341248;0.0;2.3641359312406167;0.533447396543836;0.466552603456164
1730783300.1104784;/app/bags/user95_2017-02-24.bag;0.834065854549408;0.0;0.9619645476341248;0.0;2.3641359312406167;0.533447396543836;0.466552603456164
1730783300.3103945;/app/bags/user95_2017-02-24.bag;0.834065854549408;0.0;0.9619645476341248;0.0;2.3641359312406167;0.533447396543836;0.466552603456164
1730783300.5103827;/app/bags/user95_2017-02-24.bag;0.834065854549408;0.0;0.9619645476341248;0.0;2.3641359312406167;0.533447396543836;0.466552603456164
1730783300.7103596;/app/bags/user95_2017-02-24.bag;0.834065854549408;0.0;0.9619645476341248;0.0;2.3641359312406167;0.533447396543836;0.466552603456164
1730783300.9103904;/app/bags/user95_2017-02-24.bag;0.834065854549408;0.0;0.9619645476341248;0.0;2.3641359312406167;0.533447396543836;0.466552603456164
1730783301.1103861;/app/bags/user95_2017-02-24.bag;0.834065854549408;0.0;0.9619645476341248;0.0;2.3641359312406167;0.533447396543836;0.466552603456164
1730783301.3104327;/app/bags/user95_2017-02-24.bag;0.834065854549408;0.0;0.9619645476341248;0.0;2.3641359312406167;0.533447396543836;0.466552603456164
1730783301.5103896;/app/bags/user95_2017-02-24.bag;0.834065854549408;0.0;0.9619645476341248;0.0;2.3641359312406167;0.533447396543836;0.466552603456164
1730783301.7103841;/app/bags/user95_2017-02-24.bag;0.834065854549408;0.0;0.9619645476341248;0.0;2.3641359312406167;0.533447396543836;0.466552603456164
1730783301.9104347;/app/bags/user95_2017-02-24.bag;0.834065854549408;0.0;0.9619645476341248;0.0;2.3641359312406167;0.533447396543836;0.466552603456164
1730783302.1104052;/app/bags/user95_2017-02-24.bag;0.834065854549408;0.0;0.9619645476341248;0.0;2.3641359312406167;0.533447396543836;0.466552603456164
1730783302.3103933;/app/bags/user95_2017-02-24.bag;0.834065854549408;0.0;0.9619645476341248;0.0;2.3641359312406167;0.533447396543836;0.466552603456164
1730783302.5103767;/app/bags/user95_2017-02-24.bag;0.834065854549408;0.0;0.9619645476341248;0.0;2.3641359312406167;0.533447396543836;0.466552603456164
1730783302.7103949;/app/bags/user95_2017-02-24.bag;0.834065854549408;0.0;0.9619645476341248;0.0;2.3641359312406167;0.533447396543836;0.466552603456164
1730783302.9103756;/app/bags/user95_2017-02-24.bag;0.834065854549408;0.0;0.9619645476341248;0.0;2.3641359312406167;0.533447396543836;0.466552603456164
1730783303.110361;/app/bags/user95_2017-02-24.bag;0.834065854549408;0.0;0.9619645476341248;0.0;2.3641359312406167;0.533447396543836;0.466552603456164
1730783303.3104434;/app/bags/user95_2017-02-24.bag;0.834065854549408;0.0;0.9619645476341248;0.0;2.3641359312406167;0.533447396543836;0.466552603456164
1730783303.5103881;/app/bags/user95_2017-02-24.bag;0.834065854549408;0.0;0.9619645476341248;0.0;2.3641359312406167;0.533447396543836;0.466552603456164
1730783303.7104607;/app/bags/user95_2017-02-24.bag;0.834065854549408;0.0;0.9619645476341248;0.0;2.3641359312406167;0.533447396543836;0.466552603456164
1730783303.910395;/app/bags/user95_2017-02-24.bag;0.834065854549408;0.0;0.9619645476341248;0.0;2.3641359312406167;0.533447396543836;0.466552603456164
1730783304.1103885;/app/bags/user95_2017-02-24.bag;0.834065854549408;0.0;0.9619645476341248;0.0;2.3641359312406167;0.533447396543836;0.466552603456164
1730783304.3103604;/app/bags/user95_2017-02-24.bag;0.834065854549408;0.0;0.9619645476341248;0.0;2.3641359312406167;0.533447396543836;0.466552603456164
1730783304.5103495;/app/bags/user95_2017-02-24.bag;0.834065854549408;0.0;0.9619645476341248;0.0;2.3641359312406167;0.533447396543836;0.466552603456164
1730783304.710387;/app/bags/user95_2017-02-24.bag;0.834065854549408;0.0;0.9619645476341248;0.0;2.3641359312406167;0.533447396543836;0.466552603456164
1730783304.9104707;/app/bags/user95_2017-02-24.bag;0.834065854549408;0.0;0.9619645476341248;0.0;2.3641359312406167;0.533447396543836;0.466552603456164
1730783305.1103988;/app/bags/user95_2017-02-24.bag;0.834065854549408;0.0;0.9619645476341248;0.0;2.3641359312406167;0.533447396543836;0.466552603456164
1730783305.3103952;/app/bags/user95_2017-02-24.bag;0.834065854549408;0.0;0.9619645476341248;0.0;2.3641359312406167;0.533447396543836;0.466552603456164
1730783305.5104492;/app/bags/user95_2017-02-24.bag;0.834065854549408;0.0;0.9619645476341248;0.0;2.3641359312406167;0.533447396543836;0.466552603456164
1730783305.7103982;/app/bags/user95_2017-02-24.bag;0.834065854549408;0.0;0.9619645476341248;0.0;2.3641359312406167;0.533447396543836;0.466552603456164
1730783305.9103823;/app/bags/user95_2017-02-24.bag;0.834065854549408;0.0;0.9619645476341248;0.0;2.3641359312406167;0.533447396543836;0.466552603456164
1730783306.1104321;/app/bags/user95_2017-02-24.bag;0.834065854549408;0.0;0.9619645476341248;0.0;2.3641359312406167;0.533447396543836;0.466552603456164
1730783306.3104525;/app/bags/user95_2017-02-24.bag;0.834065854549408;0.0;0.9619645476341248;0.0;2.3641359312406167;0.533447396543836;0.466552603456164
1730783306.5104346;/app/bags/user95_2017-02-24.bag;0.834065854549408;0.0;0.9619645476341248;0.0;2.3641359312406167;0.533447396543836;0.466552603456164
1730783306.710436;/app/bags/user95_2017-02-24.bag;0.834065854549408;0.0;0.9619645476341248;0.0;2.3641359312406167;0.533447396543836;0.466552603456164
1730783306.910394;/app/bags/user95_2017-02-24.bag;0.834065854549408;0.0;0.9619645476341248;0.0;2.3641359312406167;0.533447396543836;0.466552603456164
1730783307.1103883;/app/bags/user95_2017-02-24.bag;0.834065854549408;0.0;0.9619645476341248;0.0;2.3641359312406167;0.533447396543836;0.466552603456164
1730783307.3105018;/app/bags/user95_2017-02-24.bag;0.834065854549408;0.0;0.9619645476341248;0.0;2.3641359312406167;0.533447396543836;0.466552603456164
1730783307.5103953;/app/bags/user95_2017-02-24.bag;0.834065854549408;0.0;0.9619645476341248;0.0;2.3641359312406167;0.533447396543836;0.466552603456164
1730783307.7104037;/app/bags/user95_2017-02-24.bag;0.834065854549408;0.0;0.9619645476341248;0.0;2.3641359312406167;0.533447396543836;0.466552603456164
1730783307.9103823;/app/bags/user95_2017-02-24.bag;0.834065854549408;0.0;0.9619645476341248;0.0;2.3641359312406167;0.533447396543836;0.466552603456164
1730783308.1104102;/app/bags/user95_2017-02-24.bag;0.834065854549408;0.0;0.9619645476341248;0.0;2.3641359312406167;0.533447396543836;0.466552603456164
1730783308.3103495;/app/bags/user95_2017-02-24.bag;0.834065854549408;0.0;0.9619645476341248;0.0;2.3641359312406167;0.533447396543836;0.466552603456164
1730783308.510389;/app/bags/user95_2017-02-24.bag;0.834065854549408;0.0;0.9619645476341248;0.0;2.3641359312406167;0.533447396543836;0.466552603456164
1730783308.7103786;/app/bags/user95_2017-02-24.bag;0.834065854549408;0.0;0.9619645476341248;0.0;2.3641359312406167;0.533447396543836;0.466552603456164
1730783308.9103718;/app/bags/user95_2017-02-24.bag;0.834065854549408;0.0;0.9619645476341248;0.0;2.3641359312406167;0.533447396543836;0.466552603456164
1730783309.1105068;/app/bags/user95_2017-02-24.bag;0.834065854549408;0.0;0.9619645476341248;0.0;2.3641359312406167;0.533447396543836;0.466552603456164
1730783309.3103924;/app/bags/user95_2017-02-24.bag;0.834065854549408;0.0;0.9619645476341248;0.0;2.3641359312406167;0.533447396543836;0.466552603456164
1730783309.5103788;/app/bags/user95_2017-02-24.bag;0.834065854549408;0.0;0.9619645476341248;0.0;2.3641359312406167;0.533447396543836;0.466552603456164
1730783309.7103996;/app/bags/user95_2017-02-24.bag;0.834065854549408;0.0;0.9619645476341248;0.0;2.3641359312406167;0.533447396543836;0.466552603456164
1730783309.9103892;/app/bags/user95_2017-02-24.bag;0.834065854549408;0.0;0.9619645476341248;0.0;2.3641359312406167;0.533447396543836;0.466552603456164
1730783310.1103861;/app/bags/user95_2017-02-24.bag;0.834065854549408;0.0;0.9619645476341248;0.0;2.3641359312406167;0.533447396543836;0.466552603456164
1730783310.3103912;/app/bags/user95_2017-02-24.bag;0.834065854549408;0.0;0.9619645476341248;0.0;2.3641359312406167;0.533447396543836;0.466552603456164
1730783310.510424;/app/bags/user95_2017-02-24.bag;0.834065854549408;0.0;0.9619645476341248;0.0;2.3641359312406167;0.533447396543836;0.466552603456164
1730783310.7105055;/app/bags/user95_2017-02-24.bag;0.834065854549408;0.0;0.9619645476341248;0.0;2.3641359312406167;0.533447396543836;0.466552603456164
1730783310.9103956;/app/bags/user95_2017-02-24.bag;0.834065854549408;0.0;0.9619645476341248;0.0;2.3641359312406167;0.533447396543836;0.466552603456164
1730783311.1103892;/app/bags/user95_2017-02-24.bag;0.834065854549408;0.0;0.9619645476341248;0.0;2.3641359312406167;0.533447396543836;0.466552603456164
1730783311.3104393;/app/bags/user95_2017-02-24.bag;0.834065854549408;0.0;0.9619645476341248;0.0;2.3641359312406167;0.533447396543836;0.466552603456164
1730783311.5104098;/app/bags/user95_2017-02-24.bag;0.834065854549408;0.0;0.9619645476341248;0.0;2.3641359312406167;0.533447396543836;0.466552603456164
1730783311.7104309;/app/bags/user95_2017-02-24.bag;0.834065854549408;0.0;0.9619645476341248;0.0;2.3641359312406167;0.533447396543836;0.466552603456164
1730783311.9104066;/app/bags/user95_2017-02-24.bag;0.834065854549408;0.0;0.9619645476341248;0.0;2.3641359312406167;0.533447396543836;0.466552603456164
1730783312.1103888;/app/bags/user95_2017-02-24.bag;0.834065854549408;0.0;0.9619645476341248;0.0;2.3641359312406167;0.533447396543836;0.466552603456164
1730783312.3104124;/app/bags/user95_2017-02-24.bag;0.834065854549408;0.0;0.9619645476341248;0.0;2.3641359312406167;0.533447396543836;0.466552603456164
1730783312.510386;/app/bags/user95_2017-02-24.bag;0.834065854549408;0.0;0.9619645476341248;0.0;2.3641359312406167;0.533447396543836;0.466552603456164
1730783312.7103832;/app/bags/user95_2017-02-24.bag;0.834065854549408;0.0;0.9619645476341248;0.0;2.3641359312406167;0.533447396543836;0.466552603456164
1730783312.9103856;/app/bags/user95_2017-02-24.bag;0.834065854549408;0.0;0.9619645476341248;0.0;2.3641359312406167;0.533447396543836;0.466552603456164
1730783313.1104057;/app/bags/user95_2017-02-24.bag;0.834065854549408;0.0;0.9619645476341248;0.0;2.3641359312406167;0.533447396543836;0.466552603456164
1730783313.3103964;/app/bags/user95_2017-02-24.bag;0.834065854549408;0.0;0.9619645476341248;0.0;2.3641359312406167;0.533447396543836;0.466552603456164
1730783313.510387;/app/bags/user95_2017-02-24.bag;0.834065854549408;0.0;0.9619645476341248;0.0;2.3641359312406167;0.533447396543836;0.466552603456164
1730783313.7104163;/app/bags/user95_2017-02-24.bag;0.834065854549408;0.0;0.9619645476341248;0.0;2.3641359312406167;0.533447396543836;0.466552603456164
1730783313.9103708;/app/bags/user95_2017-02-24.bag;0.834065854549408;0.0;0.9619645476341248;0.0;2.3641359312406167;0.533447396543836;0.466552603456164
1730783314.1103504;/app/bags/user95_2017-02-24.bag;0.834065854549408;0.0;0.9619645476341248;0.0;2.3641359312406167;0.533447396543836;0.466552603456164
1730783314.3104653;/app/bags/user95_2017-02-24.bag;0.834065854549408;0.0;0.9619645476341248;0.0;2.3641359312406167;0.533447396543836;0.466552603456164
1730783314.5104196;/app/bags/user95_2017-02-24.bag;0.834065854549408;0.0;0.9619645476341248;0.0;2.3641359312406167;0.533447396543836;0.466552603456164
1730783314.7103658;/app/bags/user95_2017-02-24.bag;0.834065854549408;0.0;0.9619645476341248;0.0;2.3641359312406167;0.533447396543836;0.466552603456164
1730783314.910348;/app/bags/user95_2017-02-24.bag;0.834065854549408;0.0;0.9619645476341248;0.0;2.3641359312406167;0.533447396543836;0.466552603456164
1730783315.1106005;/app/bags/user95_2017-02-24.bag;0.834065854549408;0.0;0.9619645476341248;0.0;2.3641359312406167;0.533447396543836;0.466552603456164
1730783315.3104036;/app/bags/user95_2017-02-24.bag;0.834065854549408;0.0;0.9619645476341248;0.0;2.3641359312406167;0.533447396543836;0.466552603456164
1730783315.5104299;/app/bags/user95_2017-02-24.bag;0.834065854549408;0.0;0.9619645476341248;0.0;2.3641359312406167;0.533447396543836;0.466552603456164
1730783315.710358;/app/bags/user95_2017-02-24.bag;0.834065854549408;0.0;0.9619645476341248;0.0;2.3641359312406167;0.533447396543836;0.466552603456164
1730783315.910472;/app/bags/user95_2017-02-24.bag;0.834065854549408;0.0;0.9619645476341248;0.0;2.3641359312406167;0.533447396543836;0.466552603456164
1730783316.110385;/app/bags/user95_2017-02-24.bag;0.834065854549408;0.0;0.9619645476341248;0.0;2.3641359312406167;0.533447396543836;0.466552603456164
1730783316.310393;/app/bags/user95_2017-02-24.bag;0.834065854549408;0.0;0.9619645476341248;0.0;2.3641359312406167;0.533447396543836;0.466552603456164
1730783316.5104203;/app/bags/user95_2017-02-24.bag;0.834065854549408;0.0;0.9619645476341248;0.0;2.3641359312406167;0.533447396543836;0.466552603456164
1730783316.7104185;/app/bags/user95_2017-02-24.bag;0.834065854549408;0.0;0.9619645476341248;0.0;2.3641359312406167;0.533447396543836;0.466552603456164
1730783316.9103956;/app/bags/user95_2017-02-24.bag;0.834065854549408;0.0;0.9619645476341248;0.0;2.3641359312406167;0.533447396543836;0.466552603456164
1730783317.1103673;/app/bags/user95_2017-02-24.bag;0.834065854549408;0.0;0.9619645476341248;0.0;2.3641359312406167;0.533447396543836;0.466552603456164
1730783317.3104382;/app/bags/user95_2017-02-24.bag;0.834065854549408;0.0;0.9619645476341248;0.0;2.3641359312406167;0.533447396543836;0.466552603456164
1730783317.5103984;/app/bags/user95_2017-02-24.bag;0.834065854549408;0.0;0.9619645476341248;0.0;2.3641359312406167;0.533447396543836;0.466552603456164
1730783317.710378;/app/bags/user95_2017-02-24.bag;0.834065854549408;0.0;0.9619645476341248;0.0;2.3641359312406167;0.533447396543836;0.466552603456164
1730783317.9103951;/app/bags/user95_2017-02-24.bag;0.834065854549408;0.0;0.9619645476341248;0.0;2.3641359312406167;0.533447396543836;0.466552603456164
1730783318.1103923;/app/bags/user95_2017-02-24.bag;0.834065854549408;0.0;0.9619645476341248;0.0;2.3641359312406167;0.533447396543836;0.466552603456164
1730783318.3104687;/app/bags/user95_2017-02-24.bag;0.834065854549408;0.0;0.9619645476341248;0.0;2.3641359312406167;0.533447396543836;0.466552603456164
1730783318.5103762;/app/bags/user95_2017-02-24.bag;0.834065854549408;0.0;0.9619645476341248;0.0;2.3641359312406167;0.533447396543836;0.466552603456164
1730783318.7103434;/app/bags/user95_2017-02-24.bag;0.834065854549408;0.0;0.9619645476341248;0.0;2.3641359312406167;0.533447396543836;0.466552603456164
1730783318.910451;/app/bags/user95_2017-02-24.bag;0.834065854549408;0.0;0.9619645476341248;0.0;2.3641359312406167;0.533447396543836;0.466552603456164
1730783319.110625;/app/bags/user95_2017-02-24.bag;0.834065854549408;0.0;0.9619645476341248;0.0;2.3641359312406167;0.533447396543836;0.466552603456164
1730783319.310369;/app/bags/user95_2017-02-24.bag;0.834065854549408;0.0;0.9619645476341248;0.0;2.3641359312406167;0.533447396543836;0.466552603456164
1730783319.5104194;/app/bags/user95_2017-02-24.bag;0.834065854549408;0.0;0.9619645476341248;0.0;2.3641359312406167;0.533447396543836;0.466552603456164
1730783319.710395;/app/bags/user95_2017-02-24.bag;0.834065854549408;0.0;0.9619645476341248;0.0;2.3641359312406167;0.533447396543836;0.466552603456164
1730783319.9104066;/app/bags/user95_2017-02-24.bag;0.834065854549408;0.0;0.9619645476341248;0.0;2.3641359312406167;0.533447396543836;0.466552603456164
1730783320.1103816;/app/bags/user95_2017-02-24.bag;0.834065854549408;0.0;0.9619645476341248;0.0;2.3641359312406167;0.533447396543836;0.466552603456164
1730783320.310417;/app/bags/user95_2017-02-24.bag;0.834065854549408;0.0;0.9619645476341248;0.0;2.3641359312406167;0.533447396543836;0.466552603456164
1730783320.5103803;/app/bags/user95_2017-02-24.bag;0.834065854549408;0.0;0.9619645476341248;0.0;2.3641359312406167;0.533447396543836;0.466552603456164
1730783320.71042;/app/bags/user95_2017-02-24.bag;0.834065854549408;0.0;0.9619645476341248;0.0;2.3641359312406167;0.533447396543836;0.466552603456164
1730783320.9104116;/app/bags/user95_2017-02-24.bag;0.834065854549408;0.0;0.9619645476341248;0.0;2.3641359312406167;0.533447396543836;0.466552603456164
1730783321.1103885;/app/bags/user95_2017-02-24.bag;0.834065854549408;0.0;0.9619645476341248;0.0;2.3641359312406167;0.533447396543836;0.466552603456164
1730783321.310364;/app/bags/user95_2017-02-24.bag;0.834065854549408;0.0;0.9619645476341248;0.0;2.3641359312406167;0.533447396543836;0.466552603456164
1730783321.5104256;/app/bags/user95_2017-02-24.bag;0.834065854549408;0.0;0.9619645476341248;0.0;2.3641359312406167;0.533447396543836;0.466552603456164
1730783321.7103655;/app/bags/user95_2017-02-24.bag;0.834065854549408;0.0;0.9619645476341248;0.0;2.3641359312406167;0.533447396543836;0.466552603456164
1730783321.9103885;/app/bags/user95_2017-02-24.bag;0.834065854549408;0.0;0.9619645476341248;0.0;2.3641359312406167;0.533447396543836;0.466552603456164
1730783322.1104014;/app/bags/user95_2017-02-24.bag;0.834065854549408;0.0;0.9619645476341248;0.0;2.3641359312406167;0.533447396543836;0.466552603456164
1730783322.3104029;/app/bags/user95_2017-02-24.bag;0.834065854549408;0.0;0.9619645476341248;0.0;2.3641359312406167;0.533447396543836;0.466552603456164
1730783322.5103793;/app/bags/user95_2017-02-24.bag;0.834065854549408;0.0;0.9619645476341248;0.0;2.3641359312406167;0.533447396543836;0.466552603456164
1730783322.7103715;/app/bags/user95_2017-02-24.bag;0.834065854549408;0.0;0.9619645476341248;0.0;2.3641359312406167;0.533447396543836;0.466552603456164
1730783322.9104033;/app/bags/user95_2017-02-24.bag;0.834065854549408;0.0;0.9619645476341248;0.0;2.3641359312406167;0.533447396543836;0.466552603456164
1730783323.1103854;/app/bags/user95_2017-02-24.bag;0.834065854549408;0.0;0.9619645476341248;0.0;2.3641359312406167;0.533447396543836;0.466552603456164
1730783323.3103511;/app/bags/user95_2017-02-24.bag;0.834065854549408;0.0;0.9619645476341248;0.0;2.3641359312406167;0.533447396543836;0.466552603456164
1730783323.5104523;/app/bags/user95_2017-02-24.bag;0.834065854549408;0.0;0.9619645476341248;0.0;2.3641359312406167;0.533447396543836;0.466552603456164
1730783323.7103739;/app/bags/user95_2017-02-24.bag;0.834065854549408;0.0;0.9619645476341248;0.0;2.3641359312406167;0.533447396543836;0.466552603456164
1730783323.910375;/app/bags/user95_2017-02-24.bag;0.834065854549408;0.0;0.9619645476341248;0.0;2.3641359312406167;0.533447396543836;0.466552603456164
1730783324.1105452;/app/bags/user95_2017-02-24.bag;0.834065854549408;0.0;0.9619645476341248;0.0;2.3641359312406167;0.533447396543836;0.466552603456164
1730783324.3103898;/app/bags/user95_2017-02-24.bag;0.834065854549408;0.0;0.9619645476341248;0.0;2.3641359312406167;0.533447396543836;0.466552603456164
1730783324.5103931;/app/bags/user95_2017-02-24.bag;0.834065854549408;0.0;0.9619645476341248;0.0;2.3641359312406167;0.533447396543836;0.466552603456164
1730783324.7103887;/app/bags/user95_2017-02-24.bag;0.834065854549408;0.0;0.9619645476341248;0.0;2.3641359312406167;0.533447396543836;0.466552603456164
1730783324.9104102;/app/bags/user95_2017-02-24.bag;0.834065854549408;0.0;0.9619645476341248;0.0;2.3641359312406167;0.533447396543836;0.466552603456164
1730783325.1103938;/app/bags/user95_2017-02-24.bag;0.834065854549408;0.0;0.9619645476341248;0.0;2.3641359312406167;0.533447396543836;0.466552603456164
1730783325.3103435;/app/bags/user95_2017-02-24.bag;0.834065854549408;0.0;0.9619645476341248;0.0;2.3641359312406167;0.533447396543836;0.466552603456164
1730783325.5103483;/app/bags/user95_2017-02-24.bag;0.834065854549408;0.0;0.9619645476341248;0.0;2.3641359312406167;0.533447396543836;0.466552603456164
1730783325.7104044;/app/bags/user95_2017-02-24.bag;0.834065854549408;0.0;0.9619645476341248;0.0;2.3641359312406167;0.533447396543836;0.466552603456164
1730783325.910406;/app/bags/user95_2017-02-24.bag;0.834065854549408;0.0;0.9619645476341248;0.0;2.3641359312406167;0.533447396543836;0.466552603456164
1730783326.1103945;/app/bags/user95_2017-02-24.bag;0.834065854549408;0.0;0.9619645476341248;0.0;2.3641359312406167;0.533447396543836;0.466552603456164
1730783326.3105054;/app/bags/user95_2017-02-24.bag;0.834065854549408;0.0;0.9619645476341248;0.0;2.3641359312406167;0.533447396543836;0.466552603456164
1730783326.510374;/app/bags/user95_2017-02-24.bag;0.834065854549408;0.0;0.9619645476341248;0.0;2.3641359312406167;0.533447396543836;0.466552603456164
1730783326.7103927;/app/bags/user95_2017-02-24.bag;0.834065854549408;0.0;0.9619645476341248;0.0;2.3641359312406167;0.533447396543836;0.466552603456164
1730783326.9105217;/app/bags/user95_2017-02-24.bag;0.834065854549408;0.0;0.9619645476341248;0.0;2.3641359312406167;0.533447396543836;0.466552603456164
1730783327.1104128;/app/bags/user95_2017-02-24.bag;0.834065854549408;0.0;0.9619645476341248;0.0;2.3641359312406167;0.533447396543836;0.466552603456164
1730783327.3104055;/app/bags/user95_2017-02-24.bag;0.834065854549408;0.0;0.9619645476341248;0.0;2.3641359312406167;0.533447396543836;0.466552603456164
1730783327.5103788;/app/bags/user95_2017-02-24.bag;0.834065854549408;0.0;0.9619645476341248;0.0;2.3641359312406167;0.533447396543836;0.466552603456164
1730783327.7104092;/app/bags/user95_2017-02-24.bag;0.834065854549408;0.0;0.9619645476341248;0.0;2.3641359312406167;0.533447396543836;0.466552603456164
1730783327.9103606;/app/bags/user95_2017-02-24.bag;0.834065854549408;0.0;0.9619645476341248;0.0;2.3641359312406167;0.533447396543836;0.466552603456164
1730783328.1103933;/app/bags/user95_2017-02-24.bag;0.834065854549408;0.0;0.9619645476341248;0.0;2.3641359312406167;0.533447396543836;0.466552603456164
1730783328.3105438;/app/bags/user95_2017-02-24.bag;0.834065854549408;0.0;0.9619645476341248;0.0;2.3641359312406167;0.533447396543836;0.466552603456164
1730783328.5103967;/app/bags/user95_2017-02-24.bag;0.834065854549408;0.0;0.9619645476341248;0.0;2.3641359312406167;0.533447396543836;0.466552603456164
1730783328.7103863;/app/bags/user95_2017-02-24.bag;0.834065854549408;0.0;0.9619645476341248;0.0;2.3641359312406167;0.533447396543836;0.466552603456164
1730783328.9104152;/app/bags/user95_2017-02-24.bag;0.834065854549408;0.0;0.9619645476341248;0.0;2.3641359312406167;0.533447396543836;0.466552603456164
1730783329.1104126;/app/bags/user95_2017-02-24.bag;0.834065854549408;0.0;0.9619645476341248;0.0;2.3641359312406167;0.533447396543836;0.466552603456164
1730783329.310394;/app/bags/user95_2017-02-24.bag;0.834065854549408;0.0;0.9619645476341248;0.0;2.3641359312406167;0.533447396543836;0.466552603456164
1730783329.5103977;/app/bags/user95_2017-02-24.bag;0.834065854549408;0.0;0.9619645476341248;0.0;2.3641359312406167;0.533447396543836;0.466552603456164
1730783329.7103639;/app/bags/user95_2017-02-24.bag;0.834065854549408;0.0;0.9619645476341248;0.0;2.3641359312406167;0.533447396543836;0.466552603456164
1730783329.9103997;/app/bags/user95_2017-02-24.bag;0.834065854549408;0.0;0.9619645476341248;0.0;2.3641359312406167;0.533447396543836;0.466552603456164
1730783330.1103845;/app/bags/user95_2017-02-24.bag;0.834065854549408;0.0;0.9619645476341248;0.0;2.3641359312406167;0.533447396543836;0.466552603456164
1730783330.3104258;/app/bags/user95_2017-02-24.bag;0.834065854549408;0.0;0.9619645476341248;0.0;2.3641359312406167;0.533447396543836;0.466552603456164
1730783330.5104072;/app/bags/user95_2017-02-24.bag;0.834065854549408;0.0;0.9619645476341248;0.0;2.3641359312406167;0.533447396543836;0.466552603456164
1730783330.7103784;/app/bags/user95_2017-02-24.bag;0.834065854549408;0.0;0.9619645476341248;0.0;2.3641359312406167;0.533447396543836;0.466552603456164
1730783330.9103668;/app/bags/user95_2017-02-24.bag;0.834065854549408;0.0;0.9619645476341248;0.0;2.3641359312406167;0.533447396543836;0.466552603456164
1730783331.1104257;/app/bags/user95_2017-02-24.bag;0.834065854549408;0.0;0.9619645476341248;0.0;2.3641359312406167;0.533447396543836;0.466552603456164
1730783331.310489;/app/bags/user95_2017-02-24.bag;0.834065854549408;0.0;0.9619645476341248;0.0;2.3641359312406167;0.533447396543836;0.466552603456164
1730783331.510345;/app/bags/user95_2017-02-24.bag;0.834065854549408;0.0;0.9619645476341248;0.0;2.3641359312406167;0.533447396543836;0.466552603456164
1730783331.7104983;/app/bags/user95_2017-02-24.bag;0.834065854549408;0.0;0.9619645476341248;0.0;2.3641359312406167;0.533447396543836;0.466552603456164
1730783331.9104583;/app/bags/user95_2017-02-24.bag;0.834065854549408;0.0;0.9619645476341248;0.0;2.3641359312406167;0.533447396543836;0.466552603456164
1730783332.1104681;/app/bags/user95_2017-02-24.bag;0.834065854549408;0.0;0.9619645476341248;0.0;2.3641359312406167;0.533447396543836;0.466552603456164
1730783332.3104522;/app/bags/user95_2017-02-24.bag;0.834065854549408;0.0;0.9619645476341248;0.0;2.3641359312406167;0.533447396543836;0.466552603456164
1730783332.510376;/app/bags/user95_2017-02-24.bag;0.834065854549408;0.0;0.9619645476341248;0.0;2.3641359312406167;0.533447396543836;0.466552603456164
1730783332.7103794;/app/bags/user95_2017-02-24.bag;0.834065854549408;0.0;0.9619645476341248;0.0;2.3641359312406167;0.533447396543836;0.466552603456164
1730783332.9103808;/app/bags/user95_2017-02-24.bag;0.834065854549408;0.0;0.9619645476341248;0.0;2.3641359312406167;0.533447396543836;0.466552603456164
1730783333.1104436;/app/bags/user95_2017-02-24.bag;0.834065854549408;0.0;0.9619645476341248;0.0;2.3641359312406167;0.533447396543836;0.466552603456164
1730783333.3103547;/app/bags/user95_2017-02-24.bag;0.834065854549408;0.0;0.9619645476341248;0.0;2.3641359312406167;0.533447396543836;0.466552603456164
1730783333.5103517;/app/bags/user95_2017-02-24.bag;0.834065854549408;0.0;0.9619645476341248;0.0;2.3641359312406167;0.533447396543836;0.466552603456164
1730783333.71043;/app/bags/user95_2017-02-24.bag;0.834065854549408;0.0;0.9619645476341248;0.0;2.3641359312406167;0.533447396543836;0.466552603456164
1730783333.9103584;/app/bags/user95_2017-02-24.bag;0.834065854549408;0.0;0.9619645476341248;0.0;2.3641359312406167;0.533447396543836;0.466552603456164
1730783334.1104524;/app/bags/user95_2017-02-24.bag;0.834065854549408;0.0;0.9619645476341248;0.0;2.3641359312406167;0.533447396543836;0.466552603456164
1730783334.3103871;/app/bags/user95_2017-02-24.bag;0.834065854549408;0.0;0.9619645476341248;0.0;2.3641359312406167;0.533447396543836;0.466552603456164
1730783334.5103807;/app/bags/user95_2017-02-24.bag;0.834065854549408;0.0;0.9619645476341248;0.0;2.3641359312406167;0.533447396543836;0.466552603456164
1730783334.710382;/app/bags/user95_2017-02-24.bag;0.834065854549408;0.0;0.9619645476341248;0.0;2.3641359312406167;0.533447396543836;0.466552603456164
1730783334.9103801;/app/bags/user95_2017-02-24.bag;0.834065854549408;0.0;0.9619645476341248;0.0;2.3641359312406167;0.533447396543836;0.466552603456164
1730783335.1103938;/app/bags/user95_2017-02-24.bag;0.834065854549408;0.0;0.9619645476341248;0.0;2.3641359312406167;0.533447396543836;0.466552603456164
1730783335.3103704;/app/bags/user95_2017-02-24.bag;0.834065854549408;0.0;0.9619645476341248;0.0;2.3641359312406167;0.533447396543836;0.466552603456164
1730783335.510374;/app/bags/user95_2017-02-24.bag;0.834065854549408;0.0;0.9619645476341248;0.0;2.3641359312406167;0.533447396543836;0.466552603456164
1730783335.7103875;/app/bags/user95_2017-02-24.bag;0.834065854549408;0.0;0.9619645476341248;0.0;2.3641359312406167;0.533447396543836;0.466552603456164
1730783335.910458;/app/bags/user95_2017-02-24.bag;0.834065854549408;0.0;0.9619645476341248;0.0;2.3641359312406167;0.533447396543836;0.466552603456164
1730783336.1104584;/app/bags/user95_2017-02-24.bag;0.834065854549408;0.0;0.9619645476341248;0.0;2.3641359312406167;0.533447396543836;0.466552603456164
1730783336.31041;/app/bags/user95_2017-02-24.bag;0.834065854549408;0.0;0.9619645476341248;0.0;2.3641359312406167;0.533447396543836;0.466552603456164
1730783336.5104098;/app/bags/user95_2017-02-24.bag;0.834065854549408;0.0;0.9619645476341248;0.0;2.3641359312406167;0.533447396543836;0.466552603456164
1730783336.7104416;/app/bags/user95_2017-02-24.bag;0.834065854549408;0.0;0.9619645476341248;0.0;2.3641359312406167;0.533447396543836;0.466552603456164
1730783336.9103942;/app/bags/user95_2017-02-24.bag;0.834065854549408;0.0;0.9619645476341248;0.0;2.3641359312406167;0.533447396543836;0.466552603456164
1730783337.1103797;/app/bags/user95_2017-02-24.bag;0.834065854549408;0.0;0.9619645476341248;0.0;2.3641359312406167;0.533447396543836;0.466552603456164
1730783337.310338;/app/bags/user95_2017-02-24.bag;0.834065854549408;0.0;0.9619645476341248;0.0;2.3641359312406167;0.533447396543836;0.466552603456164
1730783337.5104287;/app/bags/user95_2017-02-24.bag;0.834065854549408;0.0;0.9619645476341248;0.0;2.3641359312406167;0.533447396543836;0.466552603456164
1730783337.7106872;/app/bags/user95_2017-02-24.bag;0.834065854549408;0.0;0.9619645476341248;0.0;2.3641359312406167;0.533447396543836;0.466552603456164
1730783337.9104228;/app/bags/user95_2017-02-24.bag;0.834065854549408;0.0;0.9619645476341248;0.0;2.3641359312406167;0.533447396543836;0.466552603456164
1730783338.1105072;/app/bags/user95_2017-02-24.bag;0.834065854549408;0.0;0.9619645476341248;0.0;2.3641359312406167;0.533447396543836;0.466552603456164
1730783338.3104181;/app/bags/user95_2017-02-24.bag;0.834065854549408;0.0;0.9619645476341248;0.0;2.3641359312406167;0.533447396543836;0.466552603456164
1730783338.5103564;/app/bags/user95_2017-02-24.bag;0.834065854549408;0.0;0.9619645476341248;0.0;2.3641359312406167;0.533447396543836;0.466552603456164
1730783338.710356;/app/bags/user95_2017-02-24.bag;0.834065854549408;0.0;0.9619645476341248;0.0;2.3641359312406167;0.533447396543836;0.466552603456164
1730783338.9104033;/app/bags/user95_2017-02-24.bag;0.834065854549408;0.0;0.9619645476341248;0.0;2.3641359312406167;0.533447396543836;0.466552603456164
1730783339.1103654;/app/bags/user95_2017-02-24.bag;0.834065854549408;0.0;0.9619645476341248;0.0;2.3641359312406167;0.533447396543836;0.466552603456164
1730783339.3104258;/app/bags/user95_2017-02-24.bag;0.834065854549408;0.0;0.9619645476341248;0.0;2.3641359312406167;0.533447396543836;0.466552603456164
1730783339.510385;/app/bags/user95_2017-02-24.bag;0.834065854549408;0.0;0.9619645476341248;0.0;2.3641359312406167;0.533447396543836;0.466552603456164
1730783339.7105575;/app/bags/user95_2017-02-24.bag;0.834065854549408;0.0;0.9619645476341248;0.0;2.3641359312406167;0.533447396543836;0.466552603456164
1730783339.910409;/app/bags/user95_2017-02-24.bag;0.834065854549408;0.0;0.9619645476341248;0.0;2.3641359312406167;0.533447396543836;0.466552603456164
1730783340.1104236;/app/bags/user95_2017-02-24.bag;0.834065854549408;0.0;0.9619645476341248;0.0;2.3641359312406167;0.533447396543836;0.466552603456164
1730783340.3103807;/app/bags/user95_2017-02-24.bag;0.834065854549408;0.0;0.9619645476341248;0.0;2.3641359312406167;0.533447396543836;0.466552603456164
1730783340.5103846;/app/bags/user95_2017-02-24.bag;0.834065854549408;0.0;0.9619645476341248;0.0;2.3641359312406167;0.533447396543836;0.466552603456164
1730783340.7103832;/app/bags/user95_2017-02-24.bag;0.834065854549408;0.0;0.9619645476341248;0.0;2.3641359312406167;0.533447396543836;0.466552603456164
1730783340.9104114;/app/bags/user95_2017-02-24.bag;0.834065854549408;0.0;0.9619645476341248;0.0;2.3641359312406167;0.533447396543836;0.466552603456164
1730783341.1103952;/app/bags/user95_2017-02-24.bag;0.834065854549408;0.0;0.9619645476341248;0.0;2.3641359312406167;0.533447396543836;0.466552603456164
1730783341.31037;/app/bags/user95_2017-02-24.bag;0.834065854549408;0.0;0.9619645476341248;0.0;2.3641359312406167;0.533447396543836;0.466552603456164
1730783341.510378;/app/bags/user95_2017-02-24.bag;0.834065854549408;0.0;0.9619645476341248;0.0;2.3641359312406167;0.533447396543836;0.466552603456164
1730783341.7103782;/app/bags/user95_2017-02-24.bag;0.834065854549408;0.0;0.9619645476341248;0.0;2.3641359312406167;0.533447396543836;0.466552603456164
1730783341.9104006;/app/bags/user95_2017-02-24.bag;0.834065854549408;0.0;0.9619645476341248;0.0;2.3641359312406167;0.533447396543836;0.466552603456164
1730783342.1103745;/app/bags/user95_2017-02-24.bag;0.834065854549408;0.0;0.9619645476341248;0.0;2.3641359312406167;0.533447396543836;0.466552603456164
1730783342.310372;/app/bags/user95_2017-02-24.bag;0.834065854549408;0.0;0.9619645476341248;0.0;2.3641359312406167;0.533447396543836;0.466552603456164
1730783342.5103798;/app/bags/user95_2017-02-24.bag;0.834065854549408;0.0;0.9619645476341248;0.0;2.3641359312406167;0.533447396543836;0.466552603456164
1730783342.7103994;/app/bags/user95_2017-02-24.bag;0.834065854549408;0.0;0.9619645476341248;0.0;2.3641359312406167;0.533447396543836;0.466552603456164
1730783342.9103606;/app/bags/user95_2017-02-24.bag;0.834065854549408;0.0;0.9619645476341248;0.0;2.3641359312406167;0.533447396543836;0.466552603456164
1730783343.1103783;/app/bags/user95_2017-02-24.bag;0.834065854549408;0.0;0.9619645476341248;0.0;2.3641359312406167;0.533447396543836;0.466552603456164
1730783343.310424;/app/bags/user95_2017-02-24.bag;0.834065854549408;0.0;0.9619645476341248;0.0;2.3641359312406167;0.533447396543836;0.466552603456164
1730783343.5103745;/app/bags/user95_2017-02-24.bag;0.834065854549408;0.0;0.9619645476341248;0.0;2.3641359312406167;0.533447396543836;0.466552603456164
1730783343.7104094;/app/bags/user95_2017-02-24.bag;0.834065854549408;0.0;0.9619645476341248;0.0;2.3641359312406167;0.533447396543836;0.466552603456164
1730783343.9104033;/app/bags/user95_2017-02-24.bag;0.834065854549408;0.0;0.9619645476341248;0.0;2.3641359312406167;0.533447396543836;0.466552603456164
1730783344.1104095;/app/bags/user95_2017-02-24.bag;0.834065854549408;0.0;0.9619645476341248;0.0;2.3641359312406167;0.533447396543836;0.466552603456164
1730783344.3104205;/app/bags/user95_2017-02-24.bag;0.834065854549408;0.0;0.9619645476341248;0.0;2.3641359312406167;0.533447396543836;0.466552603456164
1730783344.5103965;/app/bags/user95_2017-02-24.bag;0.834065854549408;0.0;0.9619645476341248;0.0;2.3641359312406167;0.533447396543836;0.466552603456164
1730783344.7144384;/app/bags/user95_2017-02-24.bag;0.834065854549408;0.0;0.9619645476341248;0.0;2.3641359312406167;0.533447396543836;0.466552603456164
1730783344.9103494;/app/bags/user95_2017-02-24.bag;0.834065854549408;0.0;0.9619645476341248;0.0;2.3641359312406167;0.533447396543836;0.466552603456164
1730783345.1104784;/app/bags/user95_2017-02-24.bag;0.834065854549408;0.0;0.9619645476341248;0.0;2.3641359312406167;0.533447396543836;0.466552603456164
1730783345.3104334;/app/bags/user95_2017-02-24.bag;0.834065854549408;0.0;0.9619645476341248;0.0;2.3641359312406167;0.533447396543836;0.466552603456164
1730783345.510379;/app/bags/user95_2017-02-24.bag;0.834065854549408;0.0;0.9619645476341248;0.0;2.3641359312406167;0.533447396543836;0.466552603456164
1730783345.7103863;/app/bags/user95_2017-02-24.bag;0.834065854549408;0.0;0.9619645476341248;0.0;2.3641359312406167;0.533447396543836;0.466552603456164
1730783345.910409;/app/bags/user95_2017-02-24.bag;0.834065854549408;0.0;0.9619645476341248;0.0;2.3641359312406167;0.533447396543836;0.466552603456164
1730783346.110399;/app/bags/user95_2017-02-24.bag;0.834065854549408;0.0;0.9619645476341248;0.0;2.3641359312406167;0.533447396543836;0.466552603456164
1730783346.3104155;/app/bags/user95_2017-02-24.bag;0.834065854549408;0.0;0.9619645476341248;0.0;2.3641359312406167;0.533447396543836;0.466552603456164
1730783346.510376;/app/bags/user95_2017-02-24.bag;0.834065854549408;0.0;0.9619645476341248;0.0;2.3641359312406167;0.533447396543836;0.466552603456164
1730783346.71039;/app/bags/user95_2017-02-24.bag;0.834065854549408;0.0;0.9619645476341248;0.0;2.3641359312406167;0.533447396543836;0.466552603456164
1730783346.9103541;/app/bags/user95_2017-02-24.bag;0.834065854549408;0.0;0.9619645476341248;0.0;2.3641359312406167;0.533447396543836;0.466552603456164
1730783347.110368;/app/bags/user95_2017-02-24.bag;0.834065854549408;0.0;0.9619645476341248;0.0;2.3641359312406167;0.533447396543836;0.466552603456164
1730783347.310405;/app/bags/user95_2017-02-24.bag;0.834065854549408;0.0;0.9619645476341248;0.0;2.3641359312406167;0.533447396543836;0.466552603456164
1730783347.5104573;/app/bags/user95_2017-02-24.bag;0.834065854549408;0.0;0.9619645476341248;0.0;2.3641359312406167;0.533447396543836;0.466552603456164
1730783347.710384;/app/bags/user95_2017-02-24.bag;0.834065854549408;0.0;0.9619645476341248;0.0;2.3641359312406167;0.533447396543836;0.466552603456164
1730783347.9103775;/app/bags/user95_2017-02-24.bag;0.834065854549408;0.0;0.9619645476341248;0.0;2.3641359312406167;0.533447396543836;0.466552603456164
1730783348.1104376;/app/bags/user95_2017-02-24.bag;0.834065854549408;0.0;0.9619645476341248;0.0;2.3641359312406167;0.533447396543836;0.466552603456164
1730783348.3103817;/app/bags/user95_2017-02-24.bag;0.834065854549408;0.0;0.9619645476341248;0.0;2.3641359312406167;0.533447396543836;0.466552603456164
1730783348.510368;/app/bags/user95_2017-02-24.bag;0.834065854549408;0.0;0.9619645476341248;0.0;2.3641359312406167;0.533447396543836;0.466552603456164
1730783348.710522;/app/bags/user95_2017-02-24.bag;0.834065854549408;0.0;0.9619645476341248;0.0;2.3641359312406167;0.533447396543836;0.466552603456164
1730783348.9103975;/app/bags/user95_2017-02-24.bag;0.834065854549408;0.0;0.9619645476341248;0.0;2.3641359312406167;0.533447396543836;0.466552603456164
1730783349.1103969;/app/bags/user95_2017-02-24.bag;0.834065854549408;0.0;0.9619645476341248;0.0;2.3641359312406167;0.533447396543836;0.466552603456164
1730783349.3103676;/app/bags/user95_2017-02-24.bag;0.834065854549408;0.0;0.9619645476341248;0.0;2.3641359312406167;0.533447396543836;0.466552603456164
1730783349.5103629;/app/bags/user95_2017-02-24.bag;0.834065854549408;0.0;0.9619645476341248;0.0;2.3641359312406167;0.533447396543836;0.466552603456164
1730783349.7103846;/app/bags/user95_2017-02-24.bag;0.834065854549408;0.0;0.9619645476341248;0.0;2.3641359312406167;0.533447396543836;0.466552603456164
1730783349.910387;/app/bags/user95_2017-02-24.bag;0.834065854549408;0.0;0.9619645476341248;0.0;2.3641359312406167;0.533447396543836;0.466552603456164
1730783350.1103888;/app/bags/user95_2017-02-24.bag;0.834065854549408;0.0;0.9619645476341248;0.0;2.3641359312406167;0.533447396543836;0.466552603456164
1730783350.3104372;/app/bags/user95_2017-02-24.bag;0.834065854549408;0.0;0.9619645476341248;0.0;2.3641359312406167;0.533447396543836;0.466552603456164
1730783350.5104017;/app/bags/user95_2017-02-24.bag;0.834065854549408;0.0;0.9619645476341248;0.0;2.3641359312406167;0.533447396543836;0.466552603456164
1730783350.7103775;/app/bags/user95_2017-02-24.bag;0.834065854549408;0.0;0.9619645476341248;0.0;2.3641359312406167;0.533447396543836;0.466552603456164
1730783350.9103847;/app/bags/user95_2017-02-24.bag;0.834065854549408;0.0;0.9619645476341248;0.0;2.3641359312406167;0.533447396543836;0.466552603456164
1730783351.1103954;/app/bags/user95_2017-02-24.bag;0.834065854549408;0.0;0.9619645476341248;0.0;2.3641359312406167;0.533447396543836;0.466552603456164
1730783351.3103697;/app/bags/user95_2017-02-24.bag;0.834065854549408;0.0;0.9619645476341248;0.0;2.3641359312406167;0.533447396543836;0.466552603456164
1730783351.5103834;/app/bags/user95_2017-02-24.bag;0.834065854549408;0.0;0.9619645476341248;0.0;2.3641359312406167;0.533447396543836;0.466552603456164
1730783351.710394;/app/bags/user95_2017-02-24.bag;0.834065854549408;0.0;0.9619645476341248;0.0;2.3641359312406167;0.533447396543836;0.466552603456164
1730783351.91046;/app/bags/user95_2017-02-24.bag;0.834065854549408;0.0;0.9619645476341248;0.0;2.3641359312406167;0.533447396543836;0.466552603456164
1730783352.1104486;/app/bags/user95_2017-02-24.bag;0.834065854549408;0.0;0.9619645476341248;0.0;2.3641359312406167;0.533447396543836;0.466552603456164
1730783352.310379;/app/bags/user95_2017-02-24.bag;0.834065854549408;0.0;0.9619645476341248;0.0;2.3641359312406167;0.533447396543836;0.466552603456164
1730783352.51041;/app/bags/user95_2017-02-24.bag;0.834065854549408;0.0;0.9619645476341248;0.0;2.3641359312406167;0.533447396543836;0.466552603456164
1730783352.71043;/app/bags/user95_2017-02-24.bag;0.834065854549408;0.0;0.9619645476341248;0.0;2.3641359312406167;0.533447396543836;0.466552603456164
1730783352.9103837;/app/bags/user95_2017-02-24.bag;0.834065854549408;0.0;0.9619645476341248;0.0;2.3641359312406167;0.533447396543836;0.466552603456164
1730783353.110401;/app/bags/user95_2017-02-24.bag;0.834065854549408;0.0;0.9619645476341248;0.0;2.3641359312406167;0.533447396543836;0.466552603456164
1730783353.3103764;/app/bags/user95_2017-02-24.bag;0.834065854549408;0.0;0.9619645476341248;0.0;2.3641359312406167;0.533447396543836;0.466552603456164
1730783353.510372;/app/bags/user95_2017-02-24.bag;0.834065854549408;0.0;0.9619645476341248;0.0;2.3641359312406167;0.533447396543836;0.466552603456164
1730783353.7104192;/app/bags/user95_2017-02-24.bag;0.834065854549408;0.0;0.9619645476341248;0.0;2.3641359312406167;0.533447396543836;0.466552603456164
1730783353.9104533;/app/bags/user95_2017-02-24.bag;0.834065854549408;0.0;0.9619645476341248;0.0;2.3641359312406167;0.533447396543836;0.466552603456164
1730783354.110372;/app/bags/user95_2017-02-24.bag;0.834065854549408;0.0;0.9619645476341248;0.0;2.3641359312406167;0.533447396543836;0.466552603456164
1730783354.3103998;/app/bags/user95_2017-02-24.bag;0.834065854549408;0.0;0.9619645476341248;0.0;2.3641359312406167;0.533447396543836;0.466552603456164
1730783354.5103662;/app/bags/user95_2017-02-24.bag;0.834065854549408;0.0;0.9619645476341248;0.0;2.3641359312406167;0.533447396543836;0.466552603456164
1730783354.710356;/app/bags/user95_2017-02-24.bag;0.834065854549408;0.0;0.9619645476341248;0.0;2.3641359312406167;0.533447396543836;0.466552603456164
1730783354.9103663;/app/bags/user95_2017-02-24.bag;0.834065854549408;0.0;0.9619645476341248;0.0;2.3641359312406167;0.533447396543836;0.466552603456164
1730783355.1103623;/app/bags/user95_2017-02-24.bag;0.834065854549408;0.0;0.9619645476341248;0.0;2.3641359312406167;0.533447396543836;0.466552603456164
1730783355.3104482;/app/bags/user95_2017-02-24.bag;0.834065854549408;0.0;0.9619645476341248;0.0;2.3641359312406167;0.533447396543836;0.466552603456164
1730783355.510365;/app/bags/user95_2017-02-24.bag;0.834065854549408;0.0;0.9619645476341248;0.0;2.3641359312406167;0.533447396543836;0.466552603456164
1730783355.7103646;/app/bags/user95_2017-02-24.bag;0.834065854549408;0.0;0.9619645476341248;0.0;2.3641359312406167;0.533447396543836;0.466552603456164
1730783355.9104166;/app/bags/user95_2017-02-24.bag;0.834065854549408;0.0;0.9619645476341248;0.0;2.3641359312406167;0.533447396543836;0.466552603456164
1730783356.1104214;/app/bags/user95_2017-02-24.bag;0.834065854549408;0.0;0.9619645476341248;0.0;2.3641359312406167;0.533447396543836;0.466552603456164
1730783356.3103733;/app/bags/user95_2017-02-24.bag;0.834065854549408;0.0;0.9619645476341248;0.0;2.3641359312406167;0.533447396543836;0.466552603456164
1730783356.5103884;/app/bags/user95_2017-02-24.bag;0.834065854549408;0.0;0.9619645476341248;0.0;2.3641359312406167;0.533447396543836;0.466552603456164
1730783356.7103965;/app/bags/user95_2017-02-24.bag;0.834065854549408;0.0;0.9619645476341248;0.0;2.3641359312406167;0.533447396543836;0.466552603456164
1730783356.9104059;/app/bags/user95_2017-02-24.bag;0.834065854549408;0.0;0.9619645476341248;0.0;2.3641359312406167;0.533447396543836;0.466552603456164
1730783357.1103609;/app/bags/user95_2017-02-24.bag;0.834065854549408;0.0;0.9619645476341248;0.0;2.3641359312406167;0.533447396543836;0.466552603456164
1730783357.3103993;/app/bags/user95_2017-02-24.bag;0.834065854549408;0.0;0.9619645476341248;0.0;2.3641359312406167;0.533447396543836;0.466552603456164
1730783357.510381;/app/bags/user95_2017-02-24.bag;0.834065854549408;0.0;0.9619645476341248;0.0;2.3641359312406167;0.533447396543836;0.466552603456164
1730783357.7103922;/app/bags/user95_2017-02-24.bag;0.834065854549408;0.0;0.9619645476341248;0.0;2.3641359312406167;0.533447396543836;0.466552603456164
1730783357.9103816;/app/bags/user95_2017-02-24.bag;0.834065854549408;0.0;0.9619645476341248;0.0;2.3641359312406167;0.533447396543836;0.466552603456164
1730783358.110413;/app/bags/user95_2017-02-24.bag;0.834065854549408;0.0;0.9619645476341248;0.0;2.3641359312406167;0.533447396543836;0.466552603456164
1730783358.3104026;/app/bags/user95_2017-02-24.bag;0.834065854549408;0.0;0.9619645476341248;0.0;2.3641359312406167;0.533447396543836;0.466552603456164
1730783358.5104024;/app/bags/user95_2017-02-24.bag;0.834065854549408;0.0;0.9619645476341248;0.0;2.3641359312406167;0.533447396543836;0.466552603456164
1730783358.7104218;/app/bags/user95_2017-02-24.bag;0.834065854549408;0.0;0.9619645476341248;0.0;2.3641359312406167;0.533447396543836;0.466552603456164
1730783358.9103384;/app/bags/user95_2017-02-24.bag;0.834065854549408;0.0;0.9619645476341248;0.0;2.3641359312406167;0.533447396543836;0.466552603456164
1730783359.1106272;/app/bags/user95_2017-02-24.bag;0.834065854549408;0.0;0.9619645476341248;0.0;2.3641359312406167;0.533447396543836;0.466552603456164
1730783359.3103685;/app/bags/user95_2017-02-24.bag;0.834065854549408;0.0;0.9619645476341248;0.0;2.3641359312406167;0.533447396543836;0.466552603456164
1730783359.5104353;/app/bags/user95_2017-02-24.bag;0.834065854549408;0.0;0.9619645476341248;0.0;2.3641359312406167;0.533447396543836;0.466552603456164
1730783359.710354;/app/bags/user95_2017-02-24.bag;0.834065854549408;0.0;0.9619645476341248;0.0;2.3641359312406167;0.533447396543836;0.466552603456164
1730783359.9104085;/app/bags/user95_2017-02-24.bag;0.834065854549408;0.0;0.9619645476341248;0.0;2.3641359312406167;0.533447396543836;0.466552603456164
1730783360.1103976;/app/bags/user95_2017-02-24.bag;0.834065854549408;0.0;0.9619645476341248;0.0;2.3641359312406167;0.533447396543836;0.466552603456164
1730783360.3103518;/app/bags/user95_2017-02-24.bag;0.834065854549408;0.0;0.9619645476341248;0.0;2.3641359312406167;0.533447396543836;0.466552603456164
1730783360.5104525;/app/bags/user95_2017-02-24.bag;0.834065854549408;0.0;0.9619645476341248;0.0;2.3641359312406167;0.533447396543836;0.466552603456164
1730783360.7103605;/app/bags/user95_2017-02-24.bag;0.834065854549408;0.0;0.9619645476341248;0.0;2.3641359312406167;0.533447396543836;0.466552603456164
1730783360.9103503;/app/bags/user95_2017-02-24.bag;0.834065854549408;0.0;0.9619645476341248;0.0;2.3641359312406167;0.533447396543836;0.466552603456164
1730783361.110413;/app/bags/user95_2017-02-24.bag;0.834065854549408;0.0;0.9619645476341248;0.0;2.3641359312406167;0.533447396543836;0.466552603456164
1730783361.3104255;/app/bags/user95_2017-02-24.bag;0.834065854549408;0.0;0.9619645476341248;0.0;2.3641359312406167;0.533447396543836;0.466552603456164
1730783361.5103986;/app/bags/user95_2017-02-24.bag;0.834065854549408;0.0;0.9619645476341248;0.0;2.3641359312406167;0.533447396543836;0.466552603456164
1730783361.7103698;/app/bags/user95_2017-02-24.bag;0.834065854549408;0.0;0.9619645476341248;0.0;2.3641359312406167;0.533447396543836;0.466552603456164
1730783361.9103696;/app/bags/user95_2017-02-24.bag;0.834065854549408;0.0;0.9619645476341248;0.0;2.3641359312406167;0.533447396543836;0.466552603456164
1730783362.1104028;/app/bags/user95_2017-02-24.bag;0.834065854549408;0.0;0.9619645476341248;0.0;2.3641359312406167;0.533447396543836;0.466552603456164
1730783362.3103838;/app/bags/user95_2017-02-24.bag;0.834065854549408;0.0;0.9619645476341248;0.0;2.3641359312406167;0.533447396543836;0.466552603456164
1730783362.5104012;/app/bags/user95_2017-02-24.bag;0.834065854549408;0.0;0.9619645476341248;0.0;2.3641359312406167;0.533447396543836;0.466552603456164
1730783362.7104142;/app/bags/user95_2017-02-24.bag;0.834065854549408;0.0;0.9619645476341248;0.0;2.3641359312406167;0.533447396543836;0.466552603456164
1730783362.9103432;/app/bags/user95_2017-02-24.bag;0.834065854549408;0.0;0.9619645476341248;0.0;2.3641359312406167;0.533447396543836;0.466552603456164
1730783363.1103635;/app/bags/user95_2017-02-24.bag;0.834065854549408;0.0;0.9619645476341248;0.0;2.3641359312406167;0.533447396543836;0.466552603456164
1730783363.3104064;/app/bags/user95_2017-02-24.bag;0.834065854549408;0.0;0.9619645476341248;0.0;2.3641359312406167;0.533447396543836;0.466552603456164
1730783363.5103896;/app/bags/user95_2017-02-24.bag;0.834065854549408;0.0;0.9619645476341248;0.0;2.3641359312406167;0.533447396543836;0.466552603456164
1730783363.7103882;/app/bags/user95_2017-02-24.bag;0.834065854549408;0.0;0.9619645476341248;0.0;2.3641359312406167;0.533447396543836;0.466552603456164
1730783363.910369;/app/bags/user95_2017-02-24.bag;0.834065854549408;0.0;0.9619645476341248;0.0;2.3641359312406167;0.533447396543836;0.466552603456164
1730783364.1103737;/app/bags/user95_2017-02-24.bag;0.834065854549408;0.0;0.9619645476341248;0.0;2.3641359312406167;0.533447396543836;0.466552603456164
1730783364.3104184;/app/bags/user95_2017-02-24.bag;0.834065854549408;0.0;0.9619645476341248;0.0;2.3641359312406167;0.533447396543836;0.466552603456164
1730783364.510411;/app/bags/user95_2017-02-24.bag;0.834065854549408;0.0;0.9619645476341248;0.0;2.3641359312406167;0.533447396543836;0.466552603456164
1730783364.7106364;/app/bags/user95_2017-02-24.bag;0.834065854549408;0.0;0.9619645476341248;0.0;2.3641359312406167;0.533447396543836;0.466552603456164
1730783364.910561;/app/bags/user95_2017-02-24.bag;0.834065854549408;0.0;0.9619645476341248;0.0;2.3641359312406167;0.533447396543836;0.466552603456164
1730783365.1103961;/app/bags/user95_2017-02-24.bag;0.834065854549408;0.0;0.9619645476341248;0.0;2.3641359312406167;0.533447396543836;0.466552603456164
1730783365.310437;/app/bags/user95_2017-02-24.bag;0.834065854549408;0.0;0.9619645476341248;0.0;2.3641359312406167;0.533447396543836;0.466552603456164
1730783365.510408;/app/bags/user95_2017-02-24.bag;0.834065854549408;0.0;0.9619645476341248;0.0;2.3641359312406167;0.533447396543836;0.466552603456164
1730783365.7103758;/app/bags/user95_2017-02-24.bag;0.834065854549408;0.0;0.9619645476341248;0.0;2.3641359312406167;0.533447396543836;0.466552603456164
1730783365.9103746;/app/bags/user95_2017-02-24.bag;0.834065854549408;0.0;0.9619645476341248;0.0;2.3641359312406167;0.533447396543836;0.466552603456164
1730783366.1104035;/app/bags/user95_2017-02-24.bag;0.834065854549408;0.0;0.9619645476341248;0.0;2.3641359312406167;0.533447396543836;0.466552603456164
1730783366.3103814;/app/bags/user95_2017-02-24.bag;0.834065854549408;0.0;0.9619645476341248;0.0;2.3641359312406167;0.533447396543836;0.466552603456164
1730783366.5103457;/app/bags/user95_2017-02-24.bag;0.834065854549408;0.0;0.9619645476341248;0.0;2.3641359312406167;0.533447396543836;0.466552603456164
1730783366.710469;/app/bags/user95_2017-02-24.bag;0.834065854549408;0.0;0.9619645476341248;0.0;2.3641359312406167;0.533447396543836;0.466552603456164
1730783366.9103768;/app/bags/user95_2017-02-24.bag;0.834065854549408;0.0;0.9619645476341248;0.0;2.3641359312406167;0.533447396543836;0.466552603456164
1730783367.1104362;/app/bags/user95_2017-02-24.bag;0.834065854549408;0.0;0.9619645476341248;0.0;2.3641359312406167;0.533447396543836;0.466552603456164
1730783367.3104403;/app/bags/user95_2017-02-24.bag;0.834065854549408;0.0;0.9619645476341248;0.0;2.3641359312406167;0.533447396543836;0.466552603456164
1730783367.5104175;/app/bags/user95_2017-02-24.bag;0.834065854549408;0.0;0.9619645476341248;0.0;2.3641359312406167;0.533447396543836;0.466552603456164
1730783367.7103777;/app/bags/user95_2017-02-24.bag;0.834065854549408;0.0;0.9619645476341248;0.0;2.3641359312406167;0.533447396543836;0.466552603456164
1730783367.9103665;/app/bags/user95_2017-02-24.bag;0.834065854549408;0.0;0.9619645476341248;0.0;2.3641359312406167;0.533447396543836;0.466552603456164
1730783368.1104019;/app/bags/user95_2017-02-24.bag;0.834065854549408;0.0;0.9619645476341248;0.0;2.3641359312406167;0.533447396543836;0.466552603456164
1730783368.3103924;/app/bags/user95_2017-02-24.bag;0.834065854549408;0.0;0.9619645476341248;0.0;2.3641359312406167;0.533447396543836;0.466552603456164
1730783368.510396;/app/bags/user95_2017-02-24.bag;0.834065854549408;0.0;0.9619645476341248;0.0;2.3641359312406167;0.533447396543836;0.466552603456164
1730783368.7103734;/app/bags/user95_2017-02-24.bag;0.834065854549408;0.0;0.9619645476341248;0.0;2.3641359312406167;0.533447396543836;0.466552603456164
1730783368.9104028;/app/bags/user95_2017-02-24.bag;0.834065854549408;0.0;0.9619645476341248;0.0;2.3641359312406167;0.533447396543836;0.466552603456164
1730783369.11041;/app/bags/user95_2017-02-24.bag;0.834065854549408;0.0;0.9619645476341248;0.0;2.3641359312406167;0.533447396543836;0.466552603456164
1730783369.310386;/app/bags/user95_2017-02-24.bag;0.834065854549408;0.0;0.9619645476341248;0.0;2.3641359312406167;0.533447396543836;0.466552603456164
1730783369.5103667;/app/bags/user95_2017-02-24.bag;0.834065854549408;0.0;0.9619645476341248;0.0;2.3641359312406167;0.533447396543836;0.466552603456164
1730783369.7102513;/app/bags/user95_2017-02-24.bag;0.834065854549408;0.0;0.9619645476341248;0.0;2.3641359312406167;0.533447396543836;0.466552603456164
1730783369.9104307;/app/bags/user95_2017-02-24.bag;0.834065854549408;0.0;0.9619645476341248;0.0;2.3641359312406167;0.533447396543836;0.466552603456164
1730783370.110377;/app/bags/user95_2017-02-24.bag;0.834065854549408;0.0;0.9619645476341248;0.0;2.3641359312406167;0.533447396543836;0.466552603456164
1730783370.3104026;/app/bags/user95_2017-02-24.bag;0.834065854549408;0.0;0.9619645476341248;0.0;2.3641359312406167;0.533447396543836;0.466552603456164
1730783370.5103722;/app/bags/user95_2017-02-24.bag;0.834065854549408;0.0;0.9619645476341248;0.0;2.3641359312406167;0.533447396543836;0.466552603456164
1730783370.7104385;/app/bags/user95_2017-02-24.bag;0.834065854549408;0.0;0.9619645476341248;0.0;2.3641359312406167;0.533447396543836;0.466552603456164
1730783370.91042;/app/bags/user95_2017-02-24.bag;0.834065854549408;0.0;0.9619645476341248;0.0;2.3641359312406167;0.533447396543836;0.466552603456164
1730783371.110382;/app/bags/user95_2017-02-24.bag;0.834065854549408;0.0;0.9619645476341248;0.0;2.3641359312406167;0.533447396543836;0.466552603456164
1730783371.3103683;/app/bags/user95_2017-02-24.bag;0.834065854549408;0.0;0.9619645476341248;0.0;2.3641359312406167;0.533447396543836;0.466552603456164
1730783371.5105474;/app/bags/user95_2017-02-24.bag;0.834065854549408;0.0;0.9619645476341248;0.0;2.3641359312406167;0.533447396543836;0.466552603456164
1730783371.7103832;/app/bags/user95_2017-02-24.bag;0.834065854549408;0.0;0.9619645476341248;0.0;2.3641359312406167;0.533447396543836;0.466552603456164
1730783371.9103987;/app/bags/user95_2017-02-24.bag;0.834065854549408;0.0;0.9619645476341248;0.0;2.3641359312406167;0.533447396543836;0.466552603456164
1730783372.1104472;/app/bags/user95_2017-02-24.bag;0.834065854549408;0.0;0.9619645476341248;0.0;2.3641359312406167;0.533447396543836;0.466552603456164
1730783372.310418;/app/bags/user95_2017-02-24.bag;0.834065854549408;0.0;0.9619645476341248;0.0;2.3641359312406167;0.533447396543836;0.466552603456164
1730783372.5103834;/app/bags/user95_2017-02-24.bag;0.834065854549408;0.0;0.9619645476341248;0.0;2.3641359312406167;0.533447396543836;0.466552603456164
1730783372.7104;/app/bags/user95_2017-02-24.bag;0.834065854549408;0.0;0.9619645476341248;0.0;2.3641359312406167;0.533447396543836;0.466552603456164
1730783372.9103892;/app/bags/user95_2017-02-24.bag;0.834065854549408;0.0;0.9619645476341248;0.0;2.3641359312406167;0.533447396543836;0.466552603456164
1730783373.1105175;/app/bags/user95_2017-02-24.bag;0.834065854549408;0.0;0.9619645476341248;0.0;2.3641359312406167;0.533447396543836;0.466552603456164
1730783373.310384;/app/bags/user95_2017-02-24.bag;0.834065854549408;0.0;0.9619645476341248;0.0;2.3641359312406167;0.533447396543836;0.466552603456164
1730783373.5103939;/app/bags/user95_2017-02-24.bag;0.834065854549408;0.0;0.9619645476341248;0.0;2.3641359312406167;0.533447396543836;0.466552603456164
1730783373.7104301;/app/bags/user95_2017-02-24.bag;0.834065854549408;0.0;0.9619645476341248;0.0;2.3641359312406167;0.533447396543836;0.466552603456164
1730783373.910377;/app/bags/user95_2017-02-24.bag;0.834065854549408;0.0;0.9619645476341248;0.0;2.3641359312406167;0.533447396543836;0.466552603456164
1730783374.1105;/app/bags/user95_2017-02-24.bag;0.834065854549408;0.0;0.9619645476341248;0.0;2.3641359312406167;0.533447396543836;0.466552603456164
1730783374.3104591;/app/bags/user95_2017-02-24.bag;0.834065854549408;0.0;0.9619645476341248;0.0;2.3641359312406167;0.533447396543836;0.466552603456164
1730783374.5103781;/app/bags/user95_2017-02-24.bag;0.834065854549408;0.0;0.9619645476341248;0.0;2.3641359312406167;0.533447396543836;0.466552603456164
1730783374.710399;/app/bags/user95_2017-02-24.bag;0.834065854549408;0.0;0.9619645476341248;0.0;2.3641359312406167;0.533447396543836;0.466552603456164
1730783374.9104924;/app/bags/user95_2017-02-24.bag;0.834065854549408;0.0;0.9619645476341248;0.0;2.3641359312406167;0.533447396543836;0.466552603456164
1730783375.110376;/app/bags/user95_2017-02-24.bag;0.834065854549408;0.0;0.9619645476341248;0.0;2.3641359312406167;0.533447396543836;0.466552603456164
1730783375.3103783;/app/bags/user95_2017-02-24.bag;0.834065854549408;0.0;0.9619645476341248;0.0;2.3641359312406167;0.533447396543836;0.466552603456164
1730783375.5103729;/app/bags/user95_2017-02-24.bag;0.834065854549408;0.0;0.9619645476341248;0.0;2.3641359312406167;0.533447396543836;0.466552603456164
1730783375.7103822;/app/bags/user95_2017-02-24.bag;0.834065854549408;0.0;0.9619645476341248;0.0;2.3641359312406167;0.533447396543836;0.466552603456164
1730783375.9103913;/app/bags/user95_2017-02-24.bag;0.834065854549408;0.0;0.9619645476341248;0.0;2.3641359312406167;0.533447396543836;0.466552603456164
1730783376.110373;/app/bags/user95_2017-02-24.bag;0.834065854549408;0.0;0.9619645476341248;0.0;2.3641359312406167;0.533447396543836;0.466552603456164
1730783376.310415;/app/bags/user95_2017-02-24.bag;0.834065854549408;0.0;0.9619645476341248;0.0;2.3641359312406167;0.533447396543836;0.466552603456164
1730783376.5103977;/app/bags/user95_2017-02-24.bag;0.834065854549408;0.0;0.9619645476341248;0.0;2.3641359312406167;0.533447396543836;0.466552603456164
1730783376.710391;/app/bags/user95_2017-02-24.bag;0.834065854549408;0.0;0.9619645476341248;0.0;2.3641359312406167;0.533447396543836;0.466552603456164
1730783376.910387;/app/bags/user95_2017-02-24.bag;0.834065854549408;0.0;0.9619645476341248;0.0;2.3641359312406167;0.533447396543836;0.466552603456164
1730783377.1103823;/app/bags/user95_2017-02-24.bag;0.834065854549408;0.0;0.9619645476341248;0.0;2.3641359312406167;0.533447396543836;0.466552603456164
1730783377.3104355;/app/bags/user95_2017-02-24.bag;0.834065854549408;0.0;0.9619645476341248;0.0;2.3641359312406167;0.533447396543836;0.466552603456164
1730783377.5103655;/app/bags/user95_2017-02-24.bag;0.834065854549408;0.0;0.9619645476341248;0.0;2.3641359312406167;0.533447396543836;0.466552603456164
1730783377.7103946;/app/bags/user95_2017-02-24.bag;0.834065854549408;0.0;0.9619645476341248;0.0;2.3641359312406167;0.533447396543836;0.466552603456164
1730783377.91038;/app/bags/user95_2017-02-24.bag;0.834065854549408;0.0;0.9619645476341248;0.0;2.3641359312406167;0.533447396543836;0.466552603456164
1730783378.1103795;/app/bags/user95_2017-02-24.bag;0.834065854549408;0.0;0.9619645476341248;0.0;2.3641359312406167;0.533447396543836;0.466552603456164
1730783378.3103788;/app/bags/user95_2017-02-24.bag;0.834065854549408;0.0;0.9619645476341248;0.0;2.3641359312406167;0.533447396543836;0.466552603456164
1730783378.5103812;/app/bags/user95_2017-02-24.bag;0.834065854549408;0.0;0.9619645476341248;0.0;2.3641359312406167;0.533447396543836;0.466552603456164
1730783378.7104042;/app/bags/user95_2017-02-24.bag;0.834065854549408;0.0;0.9619645476341248;0.0;2.3641359312406167;0.533447396543836;0.466552603456164
1730783378.910378;/app/bags/user95_2017-02-24.bag;0.834065854549408;0.0;0.9619645476341248;0.0;2.3641359312406167;0.533447396543836;0.466552603456164
1730783379.1103382;/app/bags/user95_2017-02-24.bag;0.834065854549408;0.0;0.9619645476341248;0.0;2.3641359312406167;0.533447396543836;0.466552603456164
1730783379.310387;/app/bags/user95_2017-02-24.bag;0.834065854549408;0.0;0.9619645476341248;0.0;2.3641359312406167;0.533447396543836;0.466552603456164
1730783379.51039;/app/bags/user95_2017-02-24.bag;0.834065854549408;0.0;0.9619645476341248;0.0;2.3641359312406167;0.533447396543836;0.466552603456164
1730783379.7104175;/app/bags/user95_2017-02-24.bag;0.834065854549408;0.0;0.9619645476341248;0.0;2.3641359312406167;0.533447396543836;0.466552603456164
1730783379.910367;/app/bags/user95_2017-02-24.bag;0.834065854549408;0.0;0.9619645476341248;0.0;2.3641359312406167;0.533447396543836;0.466552603456164
1730783380.1104083;/app/bags/user95_2017-02-24.bag;0.834065854549408;0.0;0.9619645476341248;0.0;2.3641359312406167;0.533447396543836;0.466552603456164
1730783380.310372;/app/bags/user95_2017-02-24.bag;0.834065854549408;0.0;0.9619645476341248;0.0;2.3641359312406167;0.533447396543836;0.466552603456164
1730783380.5104115;/app/bags/user95_2017-02-24.bag;0.834065854549408;0.0;0.9619645476341248;0.0;2.3641359312406167;0.533447396543836;0.466552603456164
1730783380.7103803;/app/bags/user95_2017-02-24.bag;0.834065854549408;0.0;0.9619645476341248;0.0;2.3641359312406167;0.533447396543836;0.466552603456164
1730783380.9103847;/app/bags/user95_2017-02-24.bag;0.834065854549408;0.0;0.9619645476341248;0.0;2.3641359312406167;0.533447396543836;0.466552603456164
1730783381.1103923;/app/bags/user95_2017-02-24.bag;0.834065854549408;0.0;0.9619645476341248;0.0;2.3641359312406167;0.533447396543836;0.466552603456164
1730783381.310411;/app/bags/user95_2017-02-24.bag;0.834065854549408;0.0;0.9619645476341248;0.0;2.3641359312406167;0.533447396543836;0.466552603456164
1730783381.5103707;/app/bags/user95_2017-02-24.bag;0.834065854549408;0.0;0.9619645476341248;0.0;2.3641359312406167;0.533447396543836;0.466552603456164
1730783381.7104008;/app/bags/user95_2017-02-24.bag;0.834065854549408;0.0;0.9619645476341248;0.0;2.3641359312406167;0.533447396543836;0.466552603456164
1730783381.9103715;/app/bags/user95_2017-02-24.bag;0.834065854549408;0.0;0.9619645476341248;0.0;2.3641359312406167;0.533447396543836;0.466552603456164
1730783382.1104236;/app/bags/user95_2017-02-24.bag;0.834065854549408;0.0;0.9619645476341248;0.0;2.3641359312406167;0.533447396543836;0.466552603456164
1730783382.310407;/app/bags/user95_2017-02-24.bag;0.834065854549408;0.0;0.9619645476341248;0.0;2.3641359312406167;0.533447396543836;0.466552603456164
1730783382.5103843;/app/bags/user95_2017-02-24.bag;0.834065854549408;0.0;0.9619645476341248;0.0;2.3641359312406167;0.533447396543836;0.466552603456164
1730783382.7103775;/app/bags/user95_2017-02-24.bag;0.834065854549408;0.0;0.9619645476341248;0.0;2.3641359312406167;0.533447396543836;0.466552603456164
1730783382.910385;/app/bags/user95_2017-02-24.bag;0.834065854549408;0.0;0.9619645476341248;0.0;2.3641359312406167;0.533447396543836;0.466552603456164
1730783383.1103818;/app/bags/user95_2017-02-24.bag;0.834065854549408;0.0;0.9619645476341248;0.0;2.3641359312406167;0.533447396543836;0.466552603456164
1730783383.310455;/app/bags/user95_2017-02-24.bag;0.834065854549408;0.0;0.9619645476341248;0.0;2.3641359312406167;0.533447396543836;0.466552603456164
1730783383.5103889;/app/bags/user95_2017-02-24.bag;0.834065854549408;0.0;0.9619645476341248;0.0;2.3641359312406167;0.533447396543836;0.466552603456164
1730783383.710385;/app/bags/user95_2017-02-24.bag;0.834065854549408;0.0;0.9619645476341248;0.0;2.3641359312406167;0.533447396543836;0.466552603456164
1730783383.9104135;/app/bags/user95_2017-02-24.bag;0.834065854549408;0.0;0.9619645476341248;0.0;2.3641359312406167;0.533447396543836;0.466552603456164
1730783384.1104136;/app/bags/user95_2017-02-24.bag;0.834065854549408;0.0;0.9619645476341248;0.0;2.3641359312406167;0.533447396543836;0.466552603456164
1730783384.3103974;/app/bags/user95_2017-02-24.bag;0.834065854549408;0.0;0.9619645476341248;0.0;2.3641359312406167;0.533447396543836;0.466552603456164
1730783384.5103648;/app/bags/user95_2017-02-24.bag;0.834065854549408;0.0;0.9619645476341248;0.0;2.3641359312406167;0.533447396543836;0.466552603456164
1730783384.710467;/app/bags/user95_2017-02-24.bag;0.834065854549408;0.0;0.9619645476341248;0.0;2.3641359312406167;0.533447396543836;0.466552603456164
1730783384.9103878;/app/bags/user95_2017-02-24.bag;0.834065854549408;0.0;0.9619645476341248;0.0;2.3641359312406167;0.533447396543836;0.466552603456164
1730783385.1104019;/app/bags/user95_2017-02-24.bag;0.834065854549408;0.0;0.9619645476341248;0.0;2.3641359312406167;0.533447396543836;0.466552603456164
1730783385.3103664;/app/bags/user95_2017-02-24.bag;0.834065854549408;0.0;0.9619645476341248;0.0;2.3641359312406167;0.533447396543836;0.466552603456164
1730783385.5103672;/app/bags/user95_2017-02-24.bag;0.834065854549408;0.0;0.9619645476341248;0.0;2.3641359312406167;0.533447396543836;0.466552603456164
1730783385.710368;/app/bags/user95_2017-02-24.bag;0.834065854549408;0.0;0.9619645476341248;0.0;2.3641359312406167;0.533447396543836;0.466552603456164
1730783385.9104006;/app/bags/user95_2017-02-24.bag;0.834065854549408;0.0;0.9619645476341248;0.0;2.3641359312406167;0.533447396543836;0.466552603456164
1730783386.1103685;/app/bags/user95_2017-02-24.bag;0.834065854549408;0.0;0.9619645476341248;0.0;2.3641359312406167;0.533447396543836;0.466552603456164
1730783386.3103924;/app/bags/user95_2017-02-24.bag;0.834065854549408;0.0;0.9619645476341248;0.0;2.3641359312406167;0.533447396543836;0.466552603456164
1730783386.510387;/app/bags/user95_2017-02-24.bag;0.834065854549408;0.0;0.9619645476341248;0.0;2.3641359312406167;0.533447396543836;0.466552603456164
1730783386.7104304;/app/bags/user95_2017-02-24.bag;0.834065854549408;0.0;0.9619645476341248;0.0;2.3641359312406167;0.533447396543836;0.466552603456164
1730783386.9104633;/app/bags/user95_2017-02-24.bag;0.834065854549408;0.0;0.9619645476341248;0.0;2.3641359312406167;0.533447396543836;0.466552603456164
1730783387.1103745;/app/bags/user95_2017-02-24.bag;0.834065854549408;0.0;0.9619645476341248;0.0;2.3641359312406167;0.533447396543836;0.466552603456164
1730783387.3103888;/app/bags/user95_2017-02-24.bag;0.834065854549408;0.0;0.9619645476341248;0.0;2.3641359312406167;0.533447396543836;0.466552603456164
1730783387.5104313;/app/bags/user95_2017-02-24.bag;0.834065854549408;0.0;0.9619645476341248;0.0;2.3641359312406167;0.533447396543836;0.466552603456164
1730783387.7103777;/app/bags/user95_2017-02-24.bag;0.834065854549408;0.0;0.9619645476341248;0.0;2.3641359312406167;0.533447396543836;0.466552603456164
1730783387.9104128;/app/bags/user95_2017-02-24.bag;0.834065854549408;0.0;0.9619645476341248;0.0;2.3641359312406167;0.533447396543836;0.466552603456164
1730783388.110405;/app/bags/user95_2017-02-24.bag;0.834065854549408;0.0;0.9619645476341248;0.0;2.3641359312406167;0.533447396543836;0.466552603456164
1730783388.3104317;/app/bags/user95_2017-02-24.bag;0.834065854549408;0.0;0.9619645476341248;0.0;2.3641359312406167;0.533447396543836;0.466552603456164
1730783388.5103598;/app/bags/user95_2017-02-24.bag;0.834065854549408;0.0;0.9619645476341248;0.0;2.3641359312406167;0.533447396543836;0.466552603456164
1730783388.7103631;/app/bags/user95_2017-02-24.bag;0.834065854549408;0.0;0.9619645476341248;0.0;2.3641359312406167;0.533447396543836;0.466552603456164
1730783388.910432;/app/bags/user95_2017-02-24.bag;0.834065854549408;0.0;0.9619645476341248;0.0;2.3641359312406167;0.533447396543836;0.466552603456164
1730783389.1104004;/app/bags/user95_2017-02-24.bag;0.834065854549408;0.0;0.9619645476341248;0.0;2.3641359312406167;0.533447396543836;0.466552603456164
1730783389.3104196;/app/bags/user95_2017-02-24.bag;0.834065854549408;0.0;0.9619645476341248;0.0;2.3641359312406167;0.533447396543836;0.466552603456164
1730783389.5103898;/app/bags/user95_2017-02-24.bag;0.834065854549408;0.0;0.9619645476341248;0.0;2.3641359312406167;0.533447396543836;0.466552603456164
1730783389.7103808;/app/bags/user95_2017-02-24.bag;0.834065854549408;0.0;0.9619645476341248;0.0;2.3641359312406167;0.533447396543836;0.466552603456164
1730783389.9103742;/app/bags/user95_2017-02-24.bag;0.834065854549408;0.0;0.9619645476341248;0.0;2.3641359312406167;0.533447396543836;0.466552603456164
1730783390.110433;/app/bags/user95_2017-02-24.bag;0.834065854549408;0.0;0.9619645476341248;0.0;2.3641359312406167;0.533447396543836;0.466552603456164
1730783390.310419;/app/bags/user95_2017-02-24.bag;0.834065854549408;0.0;0.9619645476341248;0.0;2.3641359312406167;0.533447396543836;0.466552603456164
1730783390.5104046;/app/bags/user95_2017-02-24.bag;0.834065854549408;0.0;0.9619645476341248;0.0;2.3641359312406167;0.533447396543836;0.466552603456164
1730783390.7104487;/app/bags/user95_2017-02-24.bag;0.834065854549408;0.0;0.9619645476341248;0.0;2.3641359312406167;0.533447396543836;0.466552603456164
1730783390.910408;/app/bags/user95_2017-02-24.bag;0.834065854549408;0.0;0.9619645476341248;0.0;2.3641359312406167;0.533447396543836;0.466552603456164
1730783391.110375;/app/bags/user95_2017-02-24.bag;0.834065854549408;0.0;0.9619645476341248;0.0;2.3641359312406167;0.533447396543836;0.466552603456164
1730783391.3103938;/app/bags/user95_2017-02-24.bag;0.834065854549408;0.0;0.9619645476341248;0.0;2.3641359312406167;0.533447396543836;0.466552603456164
1730783391.510386;/app/bags/user95_2017-02-24.bag;0.834065854549408;0.0;0.9619645476341248;0.0;2.3641359312406167;0.533447396543836;0.466552603456164
1730783391.7103634;/app/bags/user95_2017-02-24.bag;0.834065854549408;0.0;0.9619645476341248;0.0;2.3641359312406167;0.533447396543836;0.466552603456164
1730783391.9103882;/app/bags/user95_2017-02-24.bag;0.834065854549408;0.0;0.9619645476341248;0.0;2.3641359312406167;0.533447396543836;0.466552603456164
1730783392.1104314;/app/bags/user95_2017-02-24.bag;0.834065854549408;0.0;0.9619645476341248;0.0;2.3641359312406167;0.533447396543836;0.466552603456164
1730783392.3103912;/app/bags/user95_2017-02-24.bag;0.834065854549408;0.0;0.9619645476341248;0.0;2.3641359312406167;0.533447396543836;0.466552603456164
1730783392.510353;/app/bags/user95_2017-02-24.bag;0.834065854549408;0.0;0.9619645476341248;0.0;2.3641359312406167;0.533447396543836;0.466552603456164
1730783392.7103527;/app/bags/user95_2017-02-24.bag;0.834065854549408;0.0;0.9619645476341248;0.0;2.3641359312406167;0.533447396543836;0.466552603456164
1730783392.9104292;/app/bags/user95_2017-02-24.bag;0.834065854549408;0.0;0.9619645476341248;0.0;2.3641359312406167;0.533447396543836;0.466552603456164
1730783393.1103606;/app/bags/user95_2017-02-24.bag;0.834065854549408;0.0;0.9619645476341248;0.0;2.3641359312406167;0.533447396543836;0.466552603456164
1730783393.3103552;/app/bags/user95_2017-02-24.bag;0.834065854549408;0.0;0.9619645476341248;0.0;2.3641359312406167;0.533447396543836;0.466552603456164
1730783393.510634;/app/bags/user95_2017-02-24.bag;0.834065854549408;0.0;0.9619645476341248;0.0;2.3641359312406167;0.533447396543836;0.466552603456164
1730783393.7104728;/app/bags/user95_2017-02-24.bag;0.834065854549408;0.0;0.9619645476341248;0.0;2.3641359312406167;0.533447396543836;0.466552603456164
1730783393.9103968;/app/bags/user95_2017-02-24.bag;0.834065854549408;0.0;0.9619645476341248;0.0;2.3641359312406167;0.533447396543836;0.466552603456164
1730783394.110393;/app/bags/user95_2017-02-24.bag;0.834065854549408;0.0;0.9619645476341248;0.0;2.3641359312406167;0.533447396543836;0.466552603456164
1730783394.310386;/app/bags/user95_2017-02-24.bag;0.834065854549408;0.0;0.9619645476341248;0.0;2.3641359312406167;0.533447396543836;0.466552603456164
1730783394.510469;/app/bags/user95_2017-02-24.bag;0.834065854549408;0.0;0.9619645476341248;0.0;2.3641359312406167;0.533447396543836;0.466552603456164
1730783394.7104025;/app/bags/user95_2017-02-24.bag;0.834065854549408;0.0;0.9619645476341248;0.0;2.3641359312406167;0.533447396543836;0.466552603456164
1730783394.9104085;/app/bags/user95_2017-02-24.bag;0.834065854549408;0.0;0.9619645476341248;0.0;2.3641359312406167;0.533447396543836;0.466552603456164
1730783395.110417;/app/bags/user95_2017-02-24.bag;0.834065854549408;0.0;0.9619645476341248;0.0;2.3641359312406167;0.533447396543836;0.466552603456164
1730783395.3103874;/app/bags/user95_2017-02-24.bag;0.834065854549408;0.0;0.9619645476341248;0.0;2.3641359312406167;0.533447396543836;0.466552603456164
1730783395.5103836;/app/bags/user95_2017-02-24.bag;0.834065854549408;0.0;0.9619645476341248;0.0;2.3641359312406167;0.533447396543836;0.466552603456164
1730783395.7104123;/app/bags/user95_2017-02-24.bag;0.834065854549408;0.0;0.9619645476341248;0.0;2.3641359312406167;0.533447396543836;0.466552603456164
1730783395.9104042;/app/bags/user95_2017-02-24.bag;0.834065854549408;0.0;0.9619645476341248;0.0;2.3641359312406167;0.533447396543836;0.466552603456164
1730783396.1104069;/app/bags/user95_2017-02-24.bag;0.834065854549408;0.0;0.9619645476341248;0.0;2.3641359312406167;0.533447396543836;0.466552603456164
1730783396.3103938;/app/bags/user95_2017-02-24.bag;0.834065854549408;0.0;0.9619645476341248;0.0;2.3641359312406167;0.533447396543836;0.466552603456164
1730783396.5104206;/app/bags/user95_2017-02-24.bag;0.834065854549408;0.0;0.9619645476341248;0.0;2.3641359312406167;0.533447396543836;0.466552603456164
1730783396.710366;/app/bags/user95_2017-02-24.bag;0.834065854549408;0.0;0.9619645476341248;0.0;2.3641359312406167;0.533447396543836;0.466552603456164
1730783396.910395;/app/bags/user95_2017-02-24.bag;0.834065854549408;0.0;0.9619645476341248;0.0;2.3641359312406167;0.533447396543836;0.466552603456164
1730783397.1103792;/app/bags/user95_2017-02-24.bag;0.834065854549408;0.0;0.9619645476341248;0.0;2.3641359312406167;0.533447396543836;0.466552603456164
1730783397.3103864;/app/bags/user95_2017-02-24.bag;0.834065854549408;0.0;0.9619645476341248;0.0;2.3641359312406167;0.533447396543836;0.466552603456164
1730783397.5103855;/app/bags/user95_2017-02-24.bag;0.834065854549408;0.0;0.9619645476341248;0.0;2.3641359312406167;0.533447396543836;0.466552603456164
1730783397.7104287;/app/bags/user95_2017-02-24.bag;0.834065854549408;0.0;0.9619645476341248;0.0;2.3641359312406167;0.533447396543836;0.466552603456164
1730783397.910398;/app/bags/user95_2017-02-24.bag;0.834065854549408;0.0;0.9619645476341248;0.0;2.3641359312406167;0.533447396543836;0.466552603456164
1730783398.1103737;/app/bags/user95_2017-02-24.bag;0.834065854549408;0.0;0.9619645476341248;0.0;2.3641359312406167;0.533447396543836;0.466552603456164
1730783398.310382;/app/bags/user95_2017-02-24.bag;0.834065854549408;0.0;0.9619645476341248;0.0;2.3641359312406167;0.533447396543836;0.466552603456164
1730783398.510379;/app/bags/user95_2017-02-24.bag;0.834065854549408;0.0;0.9619645476341248;0.0;2.3641359312406167;0.533447396543836;0.466552603456164
1730783398.7105114;/app/bags/user95_2017-02-24.bag;0.834065854549408;0.0;0.9619645476341248;0.0;2.3641359312406167;0.533447396543836;0.466552603456164
1730783398.9103944;/app/bags/user95_2017-02-24.bag;0.834065854549408;0.0;0.9619645476341248;0.0;2.3641359312406167;0.533447396543836;0.466552603456164
1730783399.1103818;/app/bags/user95_2017-02-24.bag;0.834065854549408;0.0;0.9619645476341248;0.0;2.3641359312406167;0.533447396543836;0.466552603456164
1730783399.3103726;/app/bags/user95_2017-02-24.bag;0.834065854549408;0.0;0.9619645476341248;0.0;2.3641359312406167;0.533447396543836;0.466552603456164
1730783399.510343;/app/bags/user95_2017-02-24.bag;0.834065854549408;0.0;0.9619645476341248;0.0;2.3641359312406167;0.533447396543836;0.466552603456164
1730783399.7103956;/app/bags/user95_2017-02-24.bag;0.834065854549408;0.0;0.9619645476341248;0.0;2.3641359312406167;0.533447396543836;0.466552603456164
1730783399.910385;/app/bags/user95_2017-02-24.bag;0.834065854549408;0.0;0.9619645476341248;0.0;2.3641359312406167;0.533447396543836;0.466552603456164
1730783400.1103845;/app/bags/user95_2017-02-24.bag;0.834065854549408;0.0;0.9619645476341248;0.0;2.3641359312406167;0.533447396543836;0.466552603456164
1730783400.31043;/app/bags/user95_2017-02-24.bag;0.834065854549408;0.0;0.9619645476341248;0.0;2.3641359312406167;0.533447396543836;0.466552603456164
1730783400.5104077;/app/bags/user95_2017-02-24.bag;0.834065854549408;0.0;0.9619645476341248;0.0;2.3641359312406167;0.533447396543836;0.466552603456164
1730783400.7103817;/app/bags/user95_2017-02-24.bag;0.834065854549408;0.0;0.9619645476341248;0.0;2.3641359312406167;0.533447396543836;0.466552603456164
1730783400.910388;/app/bags/user95_2017-02-24.bag;0.834065854549408;0.0;0.9619645476341248;0.0;2.3641359312406167;0.533447396543836;0.466552603456164
1730783401.1104436;/app/bags/user95_2017-02-24.bag;0.834065854549408;0.0;0.9619645476341248;0.0;2.3641359312406167;0.533447396543836;0.466552603456164
1730783401.310368;/app/bags/user95_2017-02-24.bag;0.834065854549408;0.0;0.9619645476341248;0.0;2.3641359312406167;0.533447396543836;0.466552603456164
1730783401.5104158;/app/bags/user95_2017-02-24.bag;0.834065854549408;0.0;0.9619645476341248;0.0;2.3641359312406167;0.533447396543836;0.466552603456164
1730783401.710378;/app/bags/user95_2017-02-24.bag;0.834065854549408;0.0;0.9619645476341248;0.0;2.3641359312406167;0.533447396543836;0.466552603456164
1730783401.9103758;/app/bags/user95_2017-02-24.bag;0.834065854549408;0.0;0.9619645476341248;0.0;2.3641359312406167;0.533447396543836;0.466552603456164
1730783402.110393;/app/bags/user95_2017-02-24.bag;0.834065854549408;0.0;0.9619645476341248;0.0;2.3641359312406167;0.533447396543836;0.466552603456164
1730783402.3103926;/app/bags/user95_2017-02-24.bag;0.834065854549408;0.0;0.9619645476341248;0.0;2.3641359312406167;0.533447396543836;0.466552603456164
1730783402.5103962;/app/bags/user95_2017-02-24.bag;0.834065854549408;0.0;0.9619645476341248;0.0;2.3641359312406167;0.533447396543836;0.466552603456164
1730783402.7104077;/app/bags/user95_2017-02-24.bag;0.834065854549408;0.0;0.9619645476341248;0.0;2.3641359312406167;0.533447396543836;0.466552603456164
1730783402.9104636;/app/bags/user95_2017-02-24.bag;0.834065854549408;0.0;0.9619645476341248;0.0;2.3641359312406167;0.533447396543836;0.466552603456164
1730783403.1104257;/app/bags/user95_2017-02-24.bag;0.834065854549408;0.0;0.9619645476341248;0.0;2.3641359312406167;0.533447396543836;0.466552603456164
1730783403.3103867;/app/bags/user95_2017-02-24.bag;0.834065854549408;0.0;0.9619645476341248;0.0;2.3641359312406167;0.533447396543836;0.466552603456164
1730783403.510439;/app/bags/user95_2017-02-24.bag;0.834065854549408;0.0;0.9619645476341248;0.0;2.3641359312406167;0.533447396543836;0.466552603456164
1730783403.7103791;/app/bags/user95_2017-02-24.bag;0.834065854549408;0.0;0.9619645476341248;0.0;2.3641359312406167;0.533447396543836;0.466552603456164
1730783403.910424;/app/bags/user95_2017-02-24.bag;0.834065854549408;0.0;0.9619645476341248;0.0;2.3641359312406167;0.533447396543836;0.466552603456164
1730783404.1103976;/app/bags/user95_2017-02-24.bag;0.834065854549408;0.0;0.9619645476341248;0.0;2.3641359312406167;0.533447396543836;0.466552603456164
1730783404.310419;/app/bags/user95_2017-02-24.bag;0.834065854549408;0.0;0.9619645476341248;0.0;2.3641359312406167;0.533447396543836;0.466552603456164
1730783404.5104454;/app/bags/user95_2017-02-24.bag;0.834065854549408;0.0;0.9619645476341248;0.0;2.3641359312406167;0.533447396543836;0.466552603456164
1730783404.710426;/app/bags/user95_2017-02-24.bag;0.834065854549408;0.0;0.9619645476341248;0.0;2.3641359312406167;0.533447396543836;0.466552603456164
1730783404.9104724;/app/bags/user95_2017-02-24.bag;0.834065854549408;0.0;0.9619645476341248;0.0;2.3641359312406167;0.533447396543836;0.466552603456164
1730783405.1103654;/app/bags/user95_2017-02-24.bag;0.834065854549408;0.0;0.9619645476341248;0.0;2.3641359312406167;0.533447396543836;0.466552603456164
1730783405.310391;/app/bags/user95_2017-02-24.bag;0.834065854549408;0.0;0.9619645476341248;0.0;2.3641359312406167;0.533447396543836;0.466552603456164
1730783405.5105226;/app/bags/user95_2017-02-24.bag;0.834065854549408;0.0;0.9619645476341248;0.0;2.3641359312406167;0.533447396543836;0.466552603456164
1730783405.7103717;/app/bags/user95_2017-02-24.bag;0.834065854549408;0.0;0.9619645476341248;0.0;2.3641359312406167;0.533447396543836;0.466552603456164
1730783405.9103973;/app/bags/user95_2017-02-24.bag;0.834065854549408;0.0;0.9619645476341248;0.0;2.3641359312406167;0.533447396543836;0.466552603456164
1730783406.1103961;/app/bags/user95_2017-02-24.bag;0.834065854549408;0.0;0.9619645476341248;0.0;2.3641359312406167;0.533447396543836;0.466552603456164
1730783406.3103678;/app/bags/user95_2017-02-24.bag;0.834065854549408;0.0;0.9619645476341248;0.0;2.3641359312406167;0.533447396543836;0.466552603456164
1730783406.510415;/app/bags/user95_2017-02-24.bag;0.834065854549408;0.0;0.9619645476341248;0.0;2.3641359312406167;0.533447396543836;0.466552603456164
1730783406.7104197;/app/bags/user95_2017-02-24.bag;0.834065854549408;0.0;0.9619645476341248;0.0;2.3641359312406167;0.533447396543836;0.466552603456164
1730783406.9103973;/app/bags/user95_2017-02-24.bag;0.834065854549408;0.0;0.9619645476341248;0.0;2.3641359312406167;0.533447396543836;0.466552603456164
1730783407.1104355;/app/bags/user95_2017-02-24.bag;0.834065854549408;0.0;0.9619645476341248;0.0;2.3641359312406167;0.533447396543836;0.466552603456164
1730783407.310376;/app/bags/user95_2017-02-24.bag;0.834065854549408;0.0;0.9619645476341248;0.0;2.3641359312406167;0.533447396543836;0.466552603456164
1730783407.5103788;/app/bags/user95_2017-02-24.bag;0.834065854549408;0.0;0.9619645476341248;0.0;2.3641359312406167;0.533447396543836;0.466552603456164
1730783407.7104337;/app/bags/user95_2017-02-24.bag;0.834065854549408;0.0;0.9619645476341248;0.0;2.3641359312406167;0.533447396543836;0.466552603456164
1730783407.9104111;/app/bags/user95_2017-02-24.bag;0.834065854549408;0.0;0.9619645476341248;0.0;2.3641359312406167;0.533447396543836;0.466552603456164
1730783408.1104922;/app/bags/user95_2017-02-24.bag;0.834065854549408;0.0;0.9619645476341248;0.0;2.3641359312406167;0.533447396543836;0.466552603456164
1730783408.3103774;/app/bags/user95_2017-02-24.bag;0.834065854549408;0.0;0.9619645476341248;0.0;2.3641359312406167;0.533447396543836;0.466552603456164
1730783408.510404;/app/bags/user95_2017-02-24.bag;0.834065854549408;0.0;0.9619645476341248;0.0;2.3641359312406167;0.533447396543836;0.466552603456164
1730783408.7104232;/app/bags/user95_2017-02-24.bag;0.834065854549408;0.0;0.9619645476341248;0.0;2.3641359312406167;0.533447396543836;0.466552603456164
1730783408.910367;/app/bags/user95_2017-02-24.bag;0.834065854549408;0.0;0.9619645476341248;0.0;2.3641359312406167;0.533447396543836;0.466552603456164
1730783409.1103604;/app/bags/user95_2017-02-24.bag;0.834065854549408;0.0;0.9619645476341248;0.0;2.3641359312406167;0.533447396543836;0.466552603456164
1730783409.3104079;/app/bags/user95_2017-02-24.bag;0.834065854549408;0.0;0.9619645476341248;0.0;2.3641359312406167;0.533447396543836;0.466552603456164
1730783409.5104702;/app/bags/user95_2017-02-24.bag;0.834065854549408;0.0;0.9619645476341248;0.0;2.3641359312406167;0.533447396543836;0.466552603456164
1730783409.710413;/app/bags/user95_2017-02-24.bag;0.834065854549408;0.0;0.9619645476341248;0.0;2.3641359312406167;0.533447396543836;0.466552603456164
1730783409.9104116;/app/bags/user95_2017-02-24.bag;0.834065854549408;0.0;0.9619645476341248;0.0;2.3641359312406167;0.533447396543836;0.466552603456164
1730783410.1103778;/app/bags/user95_2017-02-24.bag;0.834065854549408;0.0;0.9619645476341248;0.0;2.3641359312406167;0.533447396543836;0.466552603456164
1730783410.3104067;/app/bags/user95_2017-02-24.bag;0.834065854549408;0.0;0.9619645476341248;0.0;2.3641359312406167;0.533447396543836;0.466552603456164
1730783410.5105371;/app/bags/user95_2017-02-24.bag;0.834065854549408;0.0;0.9619645476341248;0.0;2.3641359312406167;0.533447396543836;0.466552603456164
1730783410.7104056;/app/bags/user95_2017-02-24.bag;0.834065854549408;0.0;0.9619645476341248;0.0;2.3641359312406167;0.533447396543836;0.466552603456164
1730783410.9104345;/app/bags/user95_2017-02-24.bag;0.834065854549408;0.0;0.9619645476341248;0.0;2.3641359312406167;0.533447396543836;0.466552603456164
1730783411.1104407;/app/bags/user95_2017-02-24.bag;0.834065854549408;0.0;0.9619645476341248;0.0;2.3641359312406167;0.533447396543836;0.466552603456164
1730783411.3104322;/app/bags/user95_2017-02-24.bag;0.834065854549408;0.0;0.9619645476341248;0.0;2.3641359312406167;0.533447396543836;0.466552603456164
1730783411.51042;/app/bags/user95_2017-02-24.bag;0.834065854549408;0.0;0.9619645476341248;0.0;2.3641359312406167;0.533447396543836;0.466552603456164
1730783411.7104058;/app/bags/user95_2017-02-24.bag;0.834065854549408;0.0;0.9619645476341248;0.0;2.3641359312406167;0.533447396543836;0.466552603456164
1730783411.9104025;/app/bags/user95_2017-02-24.bag;0.834065854549408;0.0;0.9619645476341248;0.0;2.3641359312406167;0.533447396543836;0.466552603456164
1730783412.1104546;/app/bags/user95_2017-02-24.bag;0.834065854549408;0.0;0.9619645476341248;0.0;2.3641359312406167;0.533447396543836;0.466552603456164
1730783412.310387;/app/bags/user95_2017-02-24.bag;0.834065854549408;0.0;0.9619645476341248;0.0;2.3641359312406167;0.533447396543836;0.466552603456164
1730783412.5104048;/app/bags/user95_2017-02-24.bag;0.834065854549408;0.0;0.9619645476341248;0.0;2.3641359312406167;0.533447396543836;0.466552603456164
1730783412.7103903;/app/bags/user95_2017-02-24.bag;0.834065854549408;0.0;0.9619645476341248;0.0;2.3641359312406167;0.533447396543836;0.466552603456164
1730783412.9103923;/app/bags/user95_2017-02-24.bag;0.834065854549408;0.0;0.9619645476341248;0.0;2.3641359312406167;0.533447396543836;0.466552603456164
1730783413.1104233;/app/bags/user95_2017-02-24.bag;0.834065854549408;0.0;0.9619645476341248;0.0;2.3641359312406167;0.533447396543836;0.466552603456164
1730783413.3103929;/app/bags/user95_2017-02-24.bag;0.834065854549408;0.0;0.9619645476341248;0.0;2.3641359312406167;0.533447396543836;0.466552603456164
1730783413.510396;/app/bags/user95_2017-02-24.bag;0.834065854549408;0.0;0.9619645476341248;0.0;2.3641359312406167;0.533447396543836;0.466552603456164
1730783413.7103765;/app/bags/user95_2017-02-24.bag;0.834065854549408;0.0;0.9619645476341248;0.0;2.3641359312406167;0.533447396543836;0.466552603456164
1730783413.9104574;/app/bags/user95_2017-02-24.bag;0.834065854549408;0.0;0.9619645476341248;0.0;2.3641359312406167;0.533447396543836;0.466552603456164
1730783414.1103935;/app/bags/user95_2017-02-24.bag;0.834065854549408;0.0;0.9619645476341248;0.0;2.3641359312406167;0.533447396543836;0.466552603456164
1730783414.3103788;/app/bags/user95_2017-02-24.bag;0.834065854549408;0.0;0.9619645476341248;0.0;2.3641359312406167;0.533447396543836;0.466552603456164
1730783414.510388;/app/bags/user95_2017-02-24.bag;0.834065854549408;0.0;0.9619645476341248;0.0;2.3641359312406167;0.533447396543836;0.466552603456164
1730783414.7103853;/app/bags/user95_2017-02-24.bag;0.834065854549408;0.0;0.9619645476341248;0.0;2.3641359312406167;0.533447396543836;0.466552603456164
1730783414.9103715;/app/bags/user95_2017-02-24.bag;0.834065854549408;0.0;0.9619645476341248;0.0;2.3641359312406167;0.533447396543836;0.466552603456164
1730783415.110381;/app/bags/user95_2017-02-24.bag;0.834065854549408;0.0;0.9619645476341248;0.0;2.3641359312406167;0.533447396543836;0.466552603456164
1730783415.3103786;/app/bags/user95_2017-02-24.bag;0.834065854549408;0.0;0.9619645476341248;0.0;2.3641359312406167;0.533447396543836;0.466552603456164
1730783415.5104032;/app/bags/user95_2017-02-24.bag;0.834065854549408;0.0;0.9619645476341248;0.0;2.3641359312406167;0.533447396543836;0.466552603456164
1730783415.7131913;/app/bags/user95_2017-02-24.bag;0.834065854549408;0.0;0.9619645476341248;0.0;2.3641359312406167;0.533447396543836;0.466552603456164
1730783415.9103749;/app/bags/user95_2017-02-24.bag;0.834065854549408;0.0;0.9619645476341248;0.0;2.3641359312406167;0.533447396543836;0.466552603456164
1730783416.1103954;/app/bags/user95_2017-02-24.bag;0.834065854549408;0.0;0.9619645476341248;0.0;2.3641359312406167;0.533447396543836;0.466552603456164
1730783416.3104272;/app/bags/user95_2017-02-24.bag;0.834065854549408;0.0;0.9619645476341248;0.0;2.3641359312406167;0.533447396543836;0.466552603456164
1730783416.5103788;/app/bags/user95_2017-02-24.bag;0.834065854549408;0.0;0.9619645476341248;0.0;2.3641359312406167;0.533447396543836;0.466552603456164
1730783416.7104037;/app/bags/user95_2017-02-24.bag;0.834065854549408;0.0;0.9619645476341248;0.0;2.3641359312406167;0.533447396543836;0.466552603456164
1730783416.9103978;/app/bags/user95_2017-02-24.bag;0.834065854549408;0.0;0.9619645476341248;0.0;2.3641359312406167;0.533447396543836;0.466552603456164
1730783417.1104352;/app/bags/user95_2017-02-24.bag;0.834065854549408;0.0;0.9619645476341248;0.0;2.3641359312406167;0.533447396543836;0.466552603456164
1730783417.3104398;/app/bags/user95_2017-02-24.bag;0.834065854549408;0.0;0.9619645476341248;0.0;2.3641359312406167;0.533447396543836;0.466552603456164
1730783417.5103805;/app/bags/user95_2017-02-24.bag;0.834065854549408;0.0;0.9619645476341248;0.0;2.3641359312406167;0.533447396543836;0.466552603456164
1730783417.7103996;/app/bags/user95_2017-02-24.bag;0.834065854549408;0.0;0.9619645476341248;0.0;2.3641359312406167;0.533447396543836;0.466552603456164
1730783417.9103673;/app/bags/user95_2017-02-24.bag;0.834065854549408;0.0;0.9619645476341248;0.0;2.3641359312406167;0.533447396543836;0.466552603456164
1730783418.1104715;/app/bags/user95_2017-02-24.bag;0.834065854549408;0.0;0.9619645476341248;0.0;2.3641359312406167;0.533447396543836;0.466552603456164
1730783418.3104107;/app/bags/user95_2017-02-24.bag;0.834065854549408;0.0;0.9619645476341248;0.0;2.3641359312406167;0.533447396543836;0.466552603456164
1730783418.510397;/app/bags/user95_2017-02-24.bag;0.834065854549408;0.0;0.9619645476341248;0.0;2.3641359312406167;0.533447396543836;0.466552603456164
1730783418.7103922;/app/bags/user95_2017-02-24.bag;0.834065854549408;0.0;0.9619645476341248;0.0;2.3641359312406167;0.533447396543836;0.466552603456164
1730783418.9103746;/app/bags/user95_2017-02-24.bag;0.834065854549408;0.0;0.9619645476341248;0.0;2.3641359312406167;0.533447396543836;0.466552603456164
1730783419.1104276;/app/bags/user95_2017-02-24.bag;0.834065854549408;0.0;0.9619645476341248;0.0;2.3641359312406167;0.533447396543836;0.466552603456164
1730783419.3103876;/app/bags/user95_2017-02-24.bag;0.834065854549408;0.0;0.9619645476341248;0.0;2.3641359312406167;0.533447396543836;0.466552603456164
1730783419.5104423;/app/bags/user95_2017-02-24.bag;0.834065854549408;0.0;0.9619645476341248;0.0;2.3641359312406167;0.533447396543836;0.466552603456164
1730783419.710414;/app/bags/user95_2017-02-24.bag;0.834065854549408;0.0;0.9619645476341248;0.0;2.3641359312406167;0.533447396543836;0.466552603456164
1730783419.9104111;/app/bags/user95_2017-02-24.bag;0.834065854549408;0.0;0.9619645476341248;0.0;2.3641359312406167;0.533447396543836;0.466552603456164
1730783420.110389;/app/bags/user95_2017-02-24.bag;0.834065854549408;0.0;0.9619645476341248;0.0;2.3641359312406167;0.533447396543836;0.466552603456164
1730783420.3103726;/app/bags/user95_2017-02-24.bag;0.834065854549408;0.0;0.9619645476341248;0.0;2.3641359312406167;0.533447396543836;0.466552603456164
1730783420.5103965;/app/bags/user95_2017-02-24.bag;0.834065854549408;0.0;0.9619645476341248;0.0;2.3641359312406167;0.533447396543836;0.466552603456164
1730783420.7105737;/app/bags/user95_2017-02-24.bag;0.834065854549408;0.0;0.9619645476341248;0.0;2.3641359312406167;0.533447396543836;0.466552603456164
1730783420.9104168;/app/bags/user95_2017-02-24.bag;0.834065854549408;0.0;0.9619645476341248;0.0;2.3641359312406167;0.533447396543836;0.466552603456164
1730783421.1104023;/app/bags/user95_2017-02-24.bag;0.834065854549408;0.0;0.9619645476341248;0.0;2.3641359312406167;0.533447396543836;0.466552603456164
1730783421.310372;/app/bags/user95_2017-02-24.bag;0.834065854549408;0.0;0.9619645476341248;0.0;2.3641359312406167;0.533447396543836;0.466552603456164
1730783421.510393;/app/bags/user95_2017-02-24.bag;0.834065854549408;0.0;0.9619645476341248;0.0;2.3641359312406167;0.533447396543836;0.466552603456164
1730783421.7104607;/app/bags/user95_2017-02-24.bag;0.834065854549408;0.0;0.9619645476341248;0.0;2.3641359312406167;0.533447396543836;0.466552603456164
1730783421.910362;/app/bags/user95_2017-02-24.bag;0.834065854549408;0.0;0.9619645476341248;0.0;2.3641359312406167;0.533447396543836;0.466552603456164
1730783422.1103854;/app/bags/user95_2017-02-24.bag;0.834065854549408;0.0;0.9619645476341248;0.0;2.3641359312406167;0.533447396543836;0.466552603456164
1730783422.3104308;/app/bags/user95_2017-02-24.bag;0.834065854549408;0.0;0.9619645476341248;0.0;2.3641359312406167;0.533447396543836;0.466552603456164
1730783422.5104516;/app/bags/user95_2017-02-24.bag;0.834065854549408;0.0;0.9619645476341248;0.0;2.3641359312406167;0.533447396543836;0.466552603456164
1730783422.7103899;/app/bags/user95_2017-02-24.bag;0.834065854549408;0.0;0.9619645476341248;0.0;2.3641359312406167;0.533447396543836;0.466552603456164
1730783422.910375;/app/bags/user95_2017-02-24.bag;0.834065854549408;0.0;0.9619645476341248;0.0;2.3641359312406167;0.533447396543836;0.466552603456164
1730783423.1104097;/app/bags/user95_2017-02-24.bag;0.834065854549408;0.0;0.9619645476341248;0.0;2.3641359312406167;0.533447396543836;0.466552603456164
1730783423.3104515;/app/bags/user95_2017-02-24.bag;0.834065854549408;0.0;0.9619645476341248;0.0;2.3641359312406167;0.533447396543836;0.466552603456164
1730783423.510429;/app/bags/user95_2017-02-24.bag;0.834065854549408;0.0;0.9619645476341248;0.0;2.3641359312406167;0.533447396543836;0.466552603456164
1730783423.7103927;/app/bags/user95_2017-02-24.bag;0.834065854549408;0.0;0.9619645476341248;0.0;2.3641359312406167;0.533447396543836;0.466552603456164
1730783423.910424;/app/bags/user95_2017-02-24.bag;0.834065854549408;0.0;0.9619645476341248;0.0;2.3641359312406167;0.533447396543836;0.466552603456164
1730783424.1104114;/app/bags/user95_2017-02-24.bag;0.834065854549408;0.0;0.9619645476341248;0.0;2.3641359312406167;0.533447396543836;0.466552603456164
1730783424.3104174;/app/bags/user95_2017-02-24.bag;0.834065854549408;0.0;0.9619645476341248;0.0;2.3641359312406167;0.533447396543836;0.466552603456164
1730783424.510362;/app/bags/user95_2017-02-24.bag;0.834065854549408;0.0;0.9619645476341248;0.0;2.3641359312406167;0.533447396543836;0.466552603456164
1730783424.7103922;/app/bags/user95_2017-02-24.bag;0.834065854549408;0.0;0.9619645476341248;0.0;2.3641359312406167;0.533447396543836;0.466552603456164
1730783424.9103663;/app/bags/user95_2017-02-24.bag;0.834065854549408;0.0;0.9619645476341248;0.0;2.3641359312406167;0.533447396543836;0.466552603456164
1730783425.1104052;/app/bags/user95_2017-02-24.bag;0.834065854549408;0.0;0.9619645476341248;0.0;2.3641359312406167;0.533447396543836;0.466552603456164
1730783425.310415;/app/bags/user95_2017-02-24.bag;0.834065854549408;0.0;0.9619645476341248;0.0;2.3641359312406167;0.533447396543836;0.466552603456164
1730783425.5103722;/app/bags/user95_2017-02-24.bag;0.834065854549408;0.0;0.9619645476341248;0.0;2.3641359312406167;0.533447396543836;0.466552603456164
1730783425.7103717;/app/bags/user95_2017-02-24.bag;0.834065854549408;0.0;0.9619645476341248;0.0;2.3641359312406167;0.533447396543836;0.466552603456164
1730783425.9104407;/app/bags/user95_2017-02-24.bag;0.834065854549408;0.0;0.9619645476341248;0.0;2.3641359312406167;0.533447396543836;0.466552603456164
1730783426.110391;/app/bags/user95_2017-02-24.bag;0.834065854549408;0.0;0.9619645476341248;0.0;2.3641359312406167;0.533447396543836;0.466552603456164
1730783426.3103807;/app/bags/user95_2017-02-24.bag;0.834065854549408;0.0;0.9619645476341248;0.0;2.3641359312406167;0.533447396543836;0.466552603456164
1730783426.5103812;/app/bags/user95_2017-02-24.bag;0.834065854549408;0.0;0.9619645476341248;0.0;2.3641359312406167;0.533447396543836;0.466552603456164
1730783426.710403;/app/bags/user95_2017-02-24.bag;0.834065854549408;0.0;0.9619645476341248;0.0;2.3641359312406167;0.533447396543836;0.466552603456164
1730783426.91041;/app/bags/user95_2017-02-24.bag;0.834065854549408;0.0;0.9619645476341248;0.0;2.3641359312406167;0.533447396543836;0.466552603456164
1730783427.110414;/app/bags/user95_2017-02-24.bag;0.834065854549408;0.0;0.9619645476341248;0.0;2.3641359312406167;0.533447396543836;0.466552603456164
1730783427.3104508;/app/bags/user95_2017-02-24.bag;0.834065854549408;0.0;0.9619645476341248;0.0;2.3641359312406167;0.533447396543836;0.466552603456164
1730783427.5105138;/app/bags/user95_2017-02-24.bag;0.834065854549408;0.0;0.9619645476341248;0.0;2.3641359312406167;0.533447396543836;0.466552603456164
1730783427.710451;/app/bags/user95_2017-02-24.bag;0.834065854549408;0.0;0.9619645476341248;0.0;2.3641359312406167;0.533447396543836;0.466552603456164
1730783427.9103603;/app/bags/user95_2017-02-24.bag;0.834065854549408;0.0;0.9619645476341248;0.0;2.3641359312406167;0.533447396543836;0.466552603456164
1730783428.1103883;/app/bags/user95_2017-02-24.bag;0.834065854549408;0.0;0.9619645476341248;0.0;2.3641359312406167;0.533447396543836;0.466552603456164
1730783428.3103633;/app/bags/user95_2017-02-24.bag;0.834065854549408;0.0;0.9619645476341248;0.0;2.3641359312406167;0.533447396543836;0.466552603456164
1730783428.5104082;/app/bags/user95_2017-02-24.bag;0.834065854549408;0.0;0.9619645476341248;0.0;2.3641359312406167;0.533447396543836;0.466552603456164
1730783428.7103872;/app/bags/user95_2017-02-24.bag;0.834065854549408;0.0;0.9619645476341248;0.0;2.3641359312406167;0.533447396543836;0.466552603456164
1730783428.9104087;/app/bags/user95_2017-02-24.bag;0.834065854549408;0.0;0.9619645476341248;0.0;2.3641359312406167;0.533447396543836;0.466552603456164
1730783429.110426;/app/bags/user95_2017-02-24.bag;0.834065854549408;0.0;0.9619645476341248;0.0;2.3641359312406167;0.533447396543836;0.466552603456164
1730783429.3104086;/app/bags/user95_2017-02-24.bag;0.834065854549408;0.0;0.9619645476341248;0.0;2.3641359312406167;0.533447396543836;0.466552603456164
1730783429.5103962;/app/bags/user95_2017-02-24.bag;0.834065854549408;0.0;0.9619645476341248;0.0;2.3641359312406167;0.533447396543836;0.466552603456164
1730783429.710443;/app/bags/user95_2017-02-24.bag;0.834065854549408;0.0;0.9619645476341248;0.0;2.3641359312406167;0.533447396543836;0.466552603456164
1730783429.910349;/app/bags/user95_2017-02-24.bag;0.834065854549408;0.0;0.9619645476341248;0.0;2.3641359312406167;0.533447396543836;0.466552603456164
1730783430.110355;/app/bags/user95_2017-02-24.bag;0.834065854549408;0.0;0.9619645476341248;0.0;2.3641359312406167;0.533447396543836;0.466552603456164
1730783430.3103797;/app/bags/user95_2017-02-24.bag;0.834065854549408;0.0;0.9619645476341248;0.0;2.3641359312406167;0.533447396543836;0.466552603456164
1730783430.5104022;/app/bags/user95_2017-02-24.bag;0.834065854549408;0.0;0.9619645476341248;0.0;2.3641359312406167;0.533447396543836;0.466552603456164
1730783430.710502;/app/bags/user95_2017-02-24.bag;0.834065854549408;0.0;0.9619645476341248;0.0;2.3641359312406167;0.533447396543836;0.466552603456164
1730783430.910401;/app/bags/user95_2017-02-24.bag;0.834065854549408;0.0;0.9619645476341248;0.0;2.3641359312406167;0.533447396543836;0.466552603456164
1730783431.110399;/app/bags/user95_2017-02-24.bag;0.834065854549408;0.0;0.9619645476341248;0.0;2.3641359312406167;0.533447396543836;0.466552603456164
1730783431.3101988;/app/bags/user95_2017-02-24.bag;0.834065854549408;0.0;0.9619645476341248;0.0;2.3641359312406167;0.533447396543836;0.466552603456164
1730783431.510411;/app/bags/user95_2017-02-24.bag;0.834065854549408;0.0;0.9619645476341248;0.0;2.3641359312406167;0.533447396543836;0.466552603456164
1730783431.7102764;/app/bags/user95_2017-02-24.bag;0.834065854549408;0.0;0.9619645476341248;0.0;2.3641359312406167;0.533447396543836;0.466552603456164
1730783431.9103734;/app/bags/user95_2017-02-24.bag;0.834065854549408;0.0;0.9619645476341248;0.0;2.3641359312406167;0.533447396543836;0.466552603456164
1730783432.1103847;/app/bags/user95_2017-02-24.bag;0.834065854549408;0.0;0.9619645476341248;0.0;2.3641359312406167;0.533447396543836;0.466552603456164
1730783432.3104203;/app/bags/user95_2017-02-24.bag;0.834065854549408;0.0;0.9619645476341248;0.0;2.3641359312406167;0.533447396543836;0.466552603456164
1730783432.5104272;/app/bags/user95_2017-02-24.bag;0.834065854549408;0.0;0.9619645476341248;0.0;2.3641359312406167;0.533447396543836;0.466552603456164
1730783432.710361;/app/bags/user95_2017-02-24.bag;0.834065854549408;0.0;0.9619645476341248;0.0;2.3641359312406167;0.533447396543836;0.466552603456164
1730783432.9103732;/app/bags/user95_2017-02-24.bag;0.834065854549408;0.0;0.9619645476341248;0.0;2.3641359312406167;0.533447396543836;0.466552603456164
1730783433.1103792;/app/bags/user95_2017-02-24.bag;0.834065854549408;0.0;0.9619645476341248;0.0;2.3641359312406167;0.533447396543836;0.466552603456164
1730783433.310411;/app/bags/user95_2017-02-24.bag;0.834065854549408;0.0;0.9619645476341248;0.0;2.3641359312406167;0.533447396543836;0.466552603456164
1730783433.5104086;/app/bags/user95_2017-02-24.bag;0.834065854549408;0.0;0.9619645476341248;0.0;2.3641359312406167;0.533447396543836;0.466552603456164
1730783433.7104046;/app/bags/user95_2017-02-24.bag;0.834065854549408;0.0;0.9619645476341248;0.0;2.3641359312406167;0.533447396543836;0.466552603456164
1730783433.9104514;/app/bags/user95_2017-02-24.bag;0.834065854549408;0.0;0.9619645476341248;0.0;2.3641359312406167;0.533447396543836;0.466552603456164
1730783434.1103637;/app/bags/user95_2017-02-24.bag;0.834065854549408;0.0;0.9619645476341248;0.0;2.3641359312406167;0.533447396543836;0.466552603456164
1730783434.3104322;/app/bags/user95_2017-02-24.bag;0.834065854549408;0.0;0.9619645476341248;0.0;2.3641359312406167;0.533447396543836;0.466552603456164
1730783434.5103683;/app/bags/user95_2017-02-24.bag;0.834065854549408;0.0;0.9619645476341248;0.0;2.3641359312406167;0.533447396543836;0.466552603456164
1730783434.7144587;/app/bags/user95_2017-02-24.bag;0.834065854549408;0.0;0.9619645476341248;0.0;2.3641359312406167;0.533447396543836;0.466552603456164
1730783434.9103868;/app/bags/user95_2017-02-24.bag;0.834065854549408;0.0;0.9619645476341248;0.0;2.3641359312406167;0.533447396543836;0.466552603456164
1730783435.1103854;/app/bags/user95_2017-02-24.bag;0.834065854549408;0.0;0.9619645476341248;0.0;2.3641359312406167;0.533447396543836;0.466552603456164
1730783435.3104076;/app/bags/user95_2017-02-24.bag;0.834065854549408;0.0;0.9619645476341248;0.0;2.3641359312406167;0.533447396543836;0.466552603456164
1730783435.5103717;/app/bags/user95_2017-02-24.bag;0.834065854549408;0.0;0.9619645476341248;0.0;2.3641359312406167;0.533447396543836;0.466552603456164
1730783435.7105508;/app/bags/user95_2017-02-24.bag;0.834065854549408;0.0;0.9619645476341248;0.0;2.3641359312406167;0.533447396543836;0.466552603456164
1730783435.910386;/app/bags/user95_2017-02-24.bag;0.834065854549408;0.0;0.9619645476341248;0.0;2.3641359312406167;0.533447396543836;0.466552603456164
1730783436.110382;/app/bags/user95_2017-02-24.bag;0.834065854549408;0.0;0.9619645476341248;0.0;2.3641359312406167;0.533447396543836;0.466552603456164
1730783436.3103948;/app/bags/user95_2017-02-24.bag;0.834065854549408;0.0;0.9619645476341248;0.0;2.3641359312406167;0.533447396543836;0.466552603456164
1730783436.5103695;/app/bags/user95_2017-02-24.bag;0.834065854549408;0.0;0.9619645476341248;0.0;2.3641359312406167;0.533447396543836;0.466552603456164
1730783436.7104445;/app/bags/user95_2017-02-24.bag;0.834065854549408;0.0;0.9619645476341248;0.0;2.3641359312406167;0.533447396543836;0.466552603456164
1730783436.910389;/app/bags/user95_2017-02-24.bag;0.834065854549408;0.0;0.9619645476341248;0.0;2.3641359312406167;0.533447396543836;0.466552603456164
1730783437.1104026;/app/bags/user95_2017-02-24.bag;0.834065854549408;0.0;0.9619645476341248;0.0;2.3641359312406167;0.533447396543836;0.466552603456164
1730783437.3103929;/app/bags/user95_2017-02-24.bag;0.834065854549408;0.0;0.9619645476341248;0.0;2.3641359312406167;0.533447396543836;0.466552603456164
1730783437.5104237;/app/bags/user95_2017-02-24.bag;0.834065854549408;0.0;0.9619645476341248;0.0;2.3641359312406167;0.533447396543836;0.466552603456164
1730783437.710413;/app/bags/user95_2017-02-24.bag;0.834065854549408;0.0;0.9619645476341248;0.0;2.3641359312406167;0.533447396543836;0.466552603456164
1730783437.910381;/app/bags/user95_2017-02-24.bag;0.834065854549408;0.0;0.9619645476341248;0.0;2.3641359312406167;0.533447396543836;0.466552603456164
1730783438.110394;/app/bags/user95_2017-02-24.bag;0.834065854549408;0.0;0.9619645476341248;0.0;2.3641359312406167;0.533447396543836;0.466552603456164
1730783438.310354;/app/bags/user95_2017-02-24.bag;0.834065854549408;0.0;0.9619645476341248;0.0;2.3641359312406167;0.533447396543836;0.466552603456164
1730783438.5103877;/app/bags/user95_2017-02-24.bag;0.834065854549408;0.0;0.9619645476341248;0.0;2.3641359312406167;0.533447396543836;0.466552603456164
1730783438.7103865;/app/bags/user95_2017-02-24.bag;0.834065854549408;0.0;0.9619645476341248;0.0;2.3641359312406167;0.533447396543836;0.466552603456164
1730783438.910351;/app/bags/user95_2017-02-24.bag;0.834065854549408;0.0;0.9619645476341248;0.0;2.3641359312406167;0.533447396543836;0.466552603456164
1730783439.1105385;/app/bags/user95_2017-02-24.bag;0.834065854549408;0.0;0.9619645476341248;0.0;2.3641359312406167;0.533447396543836;0.466552603456164
1730783439.3105295;/app/bags/user95_2017-02-24.bag;0.834065854549408;0.0;0.9619645476341248;0.0;2.3641359312406167;0.533447396543836;0.466552603456164
1730783439.5103846;/app/bags/user95_2017-02-24.bag;0.834065854549408;0.0;0.9619645476341248;0.0;2.3641359312406167;0.533447396543836;0.466552603456164
1730783439.710437;/app/bags/user95_2017-02-24.bag;0.834065854549408;0.0;0.9619645476341248;0.0;2.3641359312406167;0.533447396543836;0.466552603456164
1730783439.9103613;/app/bags/user95_2017-02-24.bag;0.834065854549408;0.0;0.9619645476341248;0.0;2.3641359312406167;0.533447396543836;0.466552603456164
1730783440.1104653;/app/bags/user95_2017-02-24.bag;0.834065854549408;0.0;0.9619645476341248;0.0;2.3641359312406167;0.533447396543836;0.466552603456164
1730783440.3104336;/app/bags/user95_2017-02-24.bag;0.834065854549408;0.0;0.9619645476341248;0.0;2.3641359312406167;0.533447396543836;0.466552603456164
1730783440.5103648;/app/bags/user95_2017-02-24.bag;0.834065854549408;0.0;0.9619645476341248;0.0;2.3641359312406167;0.533447396543836;0.466552603456164
1730783440.7104502;/app/bags/user95_2017-02-24.bag;0.834065854549408;0.0;0.9619645476341248;0.0;2.3641359312406167;0.533447396543836;0.466552603456164
1730783440.9103973;/app/bags/user95_2017-02-24.bag;0.834065854549408;0.0;0.9619645476341248;0.0;2.3641359312406167;0.533447396543836;0.466552603456164
1730783441.1104093;/app/bags/user95_2017-02-24.bag;0.834065854549408;0.0;0.9619645476341248;0.0;2.3641359312406167;0.533447396543836;0.466552603456164
1730783441.310462;/app/bags/user95_2017-02-24.bag;0.834065854549408;0.0;0.9619645476341248;0.0;2.3641359312406167;0.533447396543836;0.466552603456164
1730783441.5104346;/app/bags/user95_2017-02-24.bag;0.834065854549408;0.0;0.9619645476341248;0.0;2.3641359312406167;0.533447396543836;0.466552603456164
1730783441.7103791;/app/bags/user95_2017-02-24.bag;0.834065854549408;0.0;0.9619645476341248;0.0;2.3641359312406167;0.533447396543836;0.466552603456164
1730783441.9104772;/app/bags/user95_2017-02-24.bag;0.834065854549408;0.0;0.9619645476341248;0.0;2.3641359312406167;0.533447396543836;0.466552603456164
1730783442.1103935;/app/bags/user95_2017-02-24.bag;0.834065854549408;0.0;0.9619645476341248;0.0;2.3641359312406167;0.533447396543836;0.466552603456164
1730783442.3104465;/app/bags/user95_2017-02-24.bag;0.834065854549408;0.0;0.9619645476341248;0.0;2.3641359312406167;0.533447396543836;0.466552603456164
1730783442.510547;/app/bags/user95_2017-02-24.bag;0.834065854549408;0.0;0.9619645476341248;0.0;2.3641359312406167;0.533447396543836;0.466552603456164
1730783442.7105465;/app/bags/user95_2017-02-24.bag;0.834065854549408;0.0;0.9619645476341248;0.0;2.3641359312406167;0.533447396543836;0.466552603456164
1730783442.9103756;/app/bags/user95_2017-02-24.bag;0.834065854549408;0.0;0.9619645476341248;0.0;2.3641359312406167;0.533447396543836;0.466552603456164
1730783443.1104662;/app/bags/user95_2017-02-24.bag;0.834065854549408;0.0;0.9619645476341248;0.0;2.3641359312406167;0.533447396543836;0.466552603456164
1730783443.3104377;/app/bags/user95_2017-02-24.bag;0.834065854549408;0.0;0.9619645476341248;0.0;2.3641359312406167;0.533447396543836;0.466552603456164
1730783443.5104117;/app/bags/user95_2017-02-24.bag;0.834065854549408;0.0;0.9619645476341248;0.0;2.3641359312406167;0.533447396543836;0.466552603456164
1730783443.7102787;/app/bags/user95_2017-02-24.bag;0.834065854549408;0.0;0.9619645476341248;0.0;2.3641359312406167;0.533447396543836;0.466552603456164
1730783443.9104204;/app/bags/user95_2017-02-24.bag;0.834065854549408;0.0;0.9619645476341248;0.0;2.3641359312406167;0.533447396543836;0.466552603456164
1730783444.1104038;/app/bags/user95_2017-02-24.bag;0.834065854549408;0.0;0.9619645476341248;0.0;2.3641359312406167;0.533447396543836;0.466552603456164
1730783444.3104248;/app/bags/user95_2017-02-24.bag;0.834065854549408;0.0;0.9619645476341248;0.0;2.3641359312406167;0.533447396543836;0.466552603456164
1730783444.5103953;/app/bags/user95_2017-02-24.bag;0.834065854549408;0.0;0.9619645476341248;0.0;2.3641359312406167;0.533447396543836;0.466552603456164
1730783444.7103848;/app/bags/user95_2017-02-24.bag;0.834065854549408;0.0;0.9619645476341248;0.0;2.3641359312406167;0.533447396543836;0.466552603456164
1730783444.9103677;/app/bags/user95_2017-02-24.bag;0.834065854549408;0.0;0.9619645476341248;0.0;2.3641359312406167;0.533447396543836;0.466552603456164
1730783445.110411;/app/bags/user95_2017-02-24.bag;0.834065854549408;0.0;0.9619645476341248;0.0;2.3641359312406167;0.533447396543836;0.466552603456164
1730783445.3103757;/app/bags/user95_2017-02-24.bag;0.834065854549408;0.0;0.9619645476341248;0.0;2.3641359312406167;0.533447396543836;0.466552603456164
1730783445.5104084;/app/bags/user95_2017-02-24.bag;0.834065854549408;0.0;0.9619645476341248;0.0;2.3641359312406167;0.533447396543836;0.466552603456164
1730783445.71043;/app/bags/user95_2017-02-24.bag;0.834065854549408;0.0;0.9619645476341248;0.0;2.3641359312406167;0.533447396543836;0.466552603456164
1730783445.9103534;/app/bags/user95_2017-02-24.bag;0.834065854549408;0.0;0.9619645476341248;0.0;2.3641359312406167;0.533447396543836;0.466552603456164
1730783446.1104321;/app/bags/user95_2017-02-24.bag;0.834065854549408;0.0;0.9619645476341248;0.0;2.3641359312406167;0.533447396543836;0.466552603456164
1730783446.3103702;/app/bags/user95_2017-02-24.bag;0.834065854549408;0.0;0.9619645476341248;0.0;2.3641359312406167;0.533447396543836;0.466552603456164
1730783446.5104265;/app/bags/user95_2017-02-24.bag;0.834065854549408;0.0;0.9619645476341248;0.0;2.3641359312406167;0.533447396543836;0.466552603456164
1730783446.7104268;/app/bags/user95_2017-02-24.bag;0.834065854549408;0.0;0.9619645476341248;0.0;2.3641359312406167;0.533447396543836;0.466552603456164
1730783446.9103966;/app/bags/user95_2017-02-24.bag;0.834065854549408;0.0;0.9619645476341248;0.0;2.3641359312406167;0.533447396543836;0.466552603456164
1730783447.1103742;/app/bags/user95_2017-02-24.bag;0.834065854549408;0.0;0.9619645476341248;0.0;2.3641359312406167;0.533447396543836;0.466552603456164
1730783447.3103874;/app/bags/user95_2017-02-24.bag;0.834065854549408;0.0;0.9619645476341248;0.0;2.3641359312406167;0.533447396543836;0.466552603456164
1730783447.5103602;/app/bags/user95_2017-02-24.bag;0.834065854549408;0.0;0.9619645476341248;0.0;2.3641359312406167;0.533447396543836;0.466552603456164
1730783447.71042;/app/bags/user95_2017-02-24.bag;0.834065854549408;0.0;0.9619645476341248;0.0;2.3641359312406167;0.533447396543836;0.466552603456164
1730783447.910396;/app/bags/user95_2017-02-24.bag;0.834065854549408;0.0;0.9619645476341248;0.0;2.3641359312406167;0.533447396543836;0.466552603456164
1730783448.110344;/app/bags/user95_2017-02-24.bag;0.834065854549408;0.0;0.9619645476341248;0.0;2.3641359312406167;0.533447396543836;0.466552603456164
1730783448.3103774;/app/bags/user95_2017-02-24.bag;0.834065854549408;0.0;0.9619645476341248;0.0;2.3641359312406167;0.533447396543836;0.466552603456164
1730783448.5104;/app/bags/user95_2017-02-24.bag;0.834065854549408;0.0;0.9619645476341248;0.0;2.3641359312406167;0.533447396543836;0.466552603456164
1730783448.7103815;/app/bags/user95_2017-02-24.bag;0.834065854549408;0.0;0.9619645476341248;0.0;2.3641359312406167;0.533447396543836;0.466552603456164
1730783448.9103887;/app/bags/user95_2017-02-24.bag;0.834065854549408;0.0;0.9619645476341248;0.0;2.3641359312406167;0.533447396543836;0.466552603456164
1730783449.1103718;/app/bags/user95_2017-02-24.bag;0.834065854549408;0.0;0.9619645476341248;0.0;2.3641359312406167;0.533447396543836;0.466552603456164
1730783449.3103905;/app/bags/user95_2017-02-24.bag;0.834065854549408;0.0;0.9619645476341248;0.0;2.3641359312406167;0.533447396543836;0.466552603456164
1730783449.5103984;/app/bags/user95_2017-02-24.bag;0.834065854549408;0.0;0.9619645476341248;0.0;2.3641359312406167;0.533447396543836;0.466552603456164
1730783449.710385;/app/bags/user95_2017-02-24.bag;0.834065854549408;0.0;0.9619645476341248;0.0;2.3641359312406167;0.533447396543836;0.466552603456164
1730783449.9103746;/app/bags/user95_2017-02-24.bag;0.834065854549408;0.0;0.9619645476341248;0.0;2.3641359312406167;0.533447396543836;0.466552603456164
1730783450.1105413;/app/bags/user95_2017-02-24.bag;0.834065854549408;0.0;0.9619645476341248;0.0;2.3641359312406167;0.533447396543836;0.466552603456164
1730783450.3103814;/app/bags/user95_2017-02-24.bag;0.834065854549408;0.0;0.9619645476341248;0.0;2.3641359312406167;0.533447396543836;0.466552603456164
1730783450.5103815;/app/bags/user95_2017-02-24.bag;0.834065854549408;0.0;0.9619645476341248;0.0;2.3641359312406167;0.533447396543836;0.466552603456164
1730783450.7104175;/app/bags/user95_2017-02-24.bag;0.834065854549408;0.0;0.9619645476341248;0.0;2.3641359312406167;0.533447396543836;0.466552603456164
1730783450.9105346;/app/bags/user95_2017-02-24.bag;0.834065854549408;0.0;0.9619645476341248;0.0;2.3641359312406167;0.533447396543836;0.466552603456164
1730783451.1105917;/app/bags/user95_2017-02-24.bag;0.834065854549408;0.0;0.9619645476341248;0.0;2.3641359312406167;0.533447396543836;0.466552603456164
1730783451.3104458;/app/bags/user95_2017-02-24.bag;0.834065854549408;0.0;0.9619645476341248;0.0;2.3641359312406167;0.533447396543836;0.466552603456164
1730783451.5104;/app/bags/user95_2017-02-24.bag;0.834065854549408;0.0;0.9619645476341248;0.0;2.3641359312406167;0.533447396543836;0.466552603456164
1730783451.710418;/app/bags/user95_2017-02-24.bag;0.834065854549408;0.0;0.9619645476341248;0.0;2.3641359312406167;0.533447396543836;0.466552603456164
1730783451.9104161;/app/bags/user95_2017-02-24.bag;0.834065854549408;0.0;0.9619645476341248;0.0;2.3641359312406167;0.533447396543836;0.466552603456164
1730783452.110385;/app/bags/user95_2017-02-24.bag;0.834065854549408;0.0;0.9619645476341248;0.0;2.3641359312406167;0.533447396543836;0.466552603456164
1730783452.310386;/app/bags/user95_2017-02-24.bag;0.834065854549408;0.0;0.9619645476341248;0.0;2.3641359312406167;0.533447396543836;0.466552603456164
1730783452.5104287;/app/bags/user95_2017-02-24.bag;0.834065854549408;0.0;0.9619645476341248;0.0;2.3641359312406167;0.533447396543836;0.466552603456164
1730783452.710375;/app/bags/user95_2017-02-24.bag;0.834065854549408;0.0;0.9619645476341248;0.0;2.3641359312406167;0.533447396543836;0.466552603456164
1730783452.9103968;/app/bags/user95_2017-02-24.bag;0.834065854549408;0.0;0.9619645476341248;0.0;2.3641359312406167;0.533447396543836;0.466552603456164
1730783453.1103938;/app/bags/user95_2017-02-24.bag;0.834065854549408;0.0;0.9619645476341248;0.0;2.3641359312406167;0.533447396543836;0.466552603456164
1730783453.3103833;/app/bags/user95_2017-02-24.bag;0.834065854549408;0.0;0.9619645476341248;0.0;2.3641359312406167;0.533447396543836;0.466552603456164
1730783453.5104628;/app/bags/user95_2017-02-24.bag;0.834065854549408;0.0;0.9619645476341248;0.0;2.3641359312406167;0.533447396543836;0.466552603456164
1730783453.710367;/app/bags/user95_2017-02-24.bag;0.834065854549408;0.0;0.9619645476341248;0.0;2.3641359312406167;0.533447396543836;0.466552603456164
1730783453.910377;/app/bags/user95_2017-02-24.bag;0.834065854549408;0.0;0.9619645476341248;0.0;2.3641359312406167;0.533447396543836;0.466552603456164
1730783454.1103914;/app/bags/user95_2017-02-24.bag;0.834065854549408;0.0;0.9619645476341248;0.0;2.3641359312406167;0.533447396543836;0.466552603456164
1730783454.3104563;/app/bags/user95_2017-02-24.bag;0.834065854549408;0.0;0.9619645476341248;0.0;2.3641359312406167;0.533447396543836;0.466552603456164
1730783454.5103822;/app/bags/user95_2017-02-24.bag;0.834065854549408;0.0;0.9619645476341248;0.0;2.3641359312406167;0.533447396543836;0.466552603456164
1730783454.710364;/app/bags/user95_2017-02-24.bag;0.834065854549408;0.0;0.9619645476341248;0.0;2.3641359312406167;0.533447396543836;0.466552603456164
1730783454.9103873;/app/bags/user95_2017-02-24.bag;0.834065854549408;0.0;0.9619645476341248;0.0;2.3641359312406167;0.533447396543836;0.466552603456164
1730783455.1103628;/app/bags/user95_2017-02-24.bag;0.834065854549408;0.0;0.9619645476341248;0.0;2.3641359312406167;0.533447396543836;0.466552603456164
1730783455.3104546;/app/bags/user95_2017-02-24.bag;0.834065854549408;0.0;0.9619645476341248;0.0;2.3641359312406167;0.533447396543836;0.466552603456164
1730783455.5104098;/app/bags/user95_2017-02-24.bag;0.834065854549408;0.0;0.9619645476341248;0.0;2.3641359312406167;0.533447396543836;0.466552603456164
1730783455.710378;/app/bags/user95_2017-02-24.bag;0.834065854549408;0.0;0.9619645476341248;0.0;2.3641359312406167;0.533447396543836;0.466552603456164
1730783455.910375;/app/bags/user95_2017-02-24.bag;0.834065854549408;0.0;0.9619645476341248;0.0;2.3641359312406167;0.533447396543836;0.466552603456164
1730783456.110431;/app/bags/user95_2017-02-24.bag;0.834065854549408;0.0;0.9619645476341248;0.0;2.3641359312406167;0.533447396543836;0.466552603456164
1730783456.310401;/app/bags/user95_2017-02-24.bag;0.834065854549408;0.0;0.9619645476341248;0.0;2.3641359312406167;0.533447396543836;0.466552603456164
1730783456.5103493;/app/bags/user95_2017-02-24.bag;0.834065854549408;0.0;0.9619645476341248;0.0;2.3641359312406167;0.533447396543836;0.466552603456164
1730783456.7103848;/app/bags/user95_2017-02-24.bag;0.834065854549408;0.0;0.9619645476341248;0.0;2.3641359312406167;0.533447396543836;0.466552603456164
1730783456.9103937;/app/bags/user95_2017-02-24.bag;0.834065854549408;0.0;0.9619645476341248;0.0;2.3641359312406167;0.533447396543836;0.466552603456164
1730783457.110446;/app/bags/user95_2017-02-24.bag;0.834065854549408;0.0;0.9619645476341248;0.0;2.3641359312406167;0.533447396543836;0.466552603456164
1730783457.3103912;/app/bags/user95_2017-02-24.bag;0.834065854549408;0.0;0.9619645476341248;0.0;2.3641359312406167;0.533447396543836;0.466552603456164
1730783457.510483;/app/bags/user95_2017-02-24.bag;0.834065854549408;0.0;0.9619645476341248;0.0;2.3641359312406167;0.533447396543836;0.466552603456164
1730783457.7103775;/app/bags/user95_2017-02-24.bag;0.834065854549408;0.0;0.9619645476341248;0.0;2.3641359312406167;0.533447396543836;0.466552603456164
1730783457.910399;/app/bags/user95_2017-02-24.bag;0.834065854549408;0.0;0.9619645476341248;0.0;2.3641359312406167;0.533447396543836;0.466552603456164
1730783458.1104422;/app/bags/user95_2017-02-24.bag;0.834065854549408;0.0;0.9619645476341248;0.0;2.3641359312406167;0.533447396543836;0.466552603456164
1730783458.3103728;/app/bags/user95_2017-02-24.bag;0.834065854549408;0.0;0.9619645476341248;0.0;2.3641359312406167;0.533447396543836;0.466552603456164
1730783458.5104034;/app/bags/user95_2017-02-24.bag;0.834065854549408;0.0;0.9619645476341248;0.0;2.3641359312406167;0.533447396543836;0.466552603456164
1730783458.710416;/app/bags/user95_2017-02-24.bag;0.834065854549408;0.0;0.9619645476341248;0.0;2.3641359312406167;0.533447396543836;0.466552603456164
1730783458.9104002;/app/bags/user95_2017-02-24.bag;0.834065854549408;0.0;0.9619645476341248;0.0;2.3641359312406167;0.533447396543836;0.466552603456164
1730783459.1105099;/app/bags/user95_2017-02-24.bag;0.834065854549408;0.0;0.9619645476341248;0.0;2.3641359312406167;0.533447396543836;0.466552603456164
1730783459.31037;/app/bags/user95_2017-02-24.bag;0.834065854549408;0.0;0.9619645476341248;0.0;2.3641359312406167;0.533447396543836;0.466552603456164
1730783459.510371;/app/bags/user95_2017-02-24.bag;0.834065854549408;0.0;0.9619645476341248;0.0;2.3641359312406167;0.533447396543836;0.466552603456164
1730783459.710352;/app/bags/user95_2017-02-24.bag;0.834065854549408;0.0;0.9619645476341248;0.0;2.3641359312406167;0.533447396543836;0.466552603456164
1730783459.9104917;/app/bags/user95_2017-02-24.bag;0.834065854549408;0.0;0.9619645476341248;0.0;2.3641359312406167;0.533447396543836;0.466552603456164
1730783460.110393;/app/bags/user95_2017-02-24.bag;0.834065854549408;0.0;0.9619645476341248;0.0;2.3641359312406167;0.533447396543836;0.466552603456164
1730783460.3103595;/app/bags/user95_2017-02-24.bag;0.834065854549408;0.0;0.9619645476341248;0.0;2.3641359312406167;0.533447396543836;0.466552603456164
1730783460.510393;/app/bags/user95_2017-02-24.bag;0.834065854549408;0.0;0.9619645476341248;0.0;2.3641359312406167;0.533447396543836;0.466552603456164
1730783460.7104063;/app/bags/user95_2017-02-24.bag;0.834065854549408;0.0;0.9619645476341248;0.0;2.3641359312406167;0.533447396543836;0.466552603456164
1730783460.910383;/app/bags/user95_2017-02-24.bag;0.834065854549408;0.0;0.9619645476341248;0.0;2.3641359312406167;0.533447396543836;0.466552603456164
1730783461.1104622;/app/bags/user95_2017-02-24.bag;0.834065854549408;0.0;0.9619645476341248;0.0;2.3641359312406167;0.533447396543836;0.466552603456164
1730783461.3103642;/app/bags/user95_2017-02-24.bag;0.834065854549408;0.0;0.9619645476341248;0.0;2.3641359312406167;0.533447396543836;0.466552603456164
1730783461.5104136;/app/bags/user95_2017-02-24.bag;0.834065854549408;0.0;0.9619645476341248;0.0;2.3641359312406167;0.533447396543836;0.466552603456164
1730783461.7103794;/app/bags/user95_2017-02-24.bag;0.834065854549408;0.0;0.9619645476341248;0.0;2.3641359312406167;0.533447396543836;0.466552603456164
1730783461.9104218;/app/bags/user95_2017-02-24.bag;0.834065854549408;0.0;0.9619645476341248;0.0;2.3641359312406167;0.533447396543836;0.466552603456164
1730783462.1103888;/app/bags/user95_2017-02-24.bag;0.834065854549408;0.0;0.9619645476341248;0.0;2.3641359312406167;0.533447396543836;0.466552603456164
1730783462.3104165;/app/bags/user95_2017-02-24.bag;0.834065854549408;0.0;0.9619645476341248;0.0;2.3641359312406167;0.533447396543836;0.466552603456164
1730783462.5104227;/app/bags/user95_2017-02-24.bag;0.834065854549408;0.0;0.9619645476341248;0.0;2.3641359312406167;0.533447396543836;0.466552603456164
1730783462.7103868;/app/bags/user95_2017-02-24.bag;0.834065854549408;0.0;0.9619645476341248;0.0;2.3641359312406167;0.533447396543836;0.466552603456164
1730783462.9103663;/app/bags/user95_2017-02-24.bag;0.834065854549408;0.0;0.9619645476341248;0.0;2.3641359312406167;0.533447396543836;0.466552603456164
1730783463.1103733;/app/bags/user95_2017-02-24.bag;0.834065854549408;0.0;0.9619645476341248;0.0;2.3641359312406167;0.533447396543836;0.466552603456164
1730783463.310524;/app/bags/user95_2017-02-24.bag;0.834065854549408;0.0;0.9619645476341248;0.0;2.3641359312406167;0.533447396543836;0.466552603456164
1730783463.5103607;/app/bags/user95_2017-02-24.bag;0.834065854549408;0.0;0.9619645476341248;0.0;2.3641359312406167;0.533447396543836;0.466552603456164
1730783463.7104213;/app/bags/user95_2017-02-24.bag;0.834065854549408;0.0;0.9619645476341248;0.0;2.3641359312406167;0.533447396543836;0.466552603456164
1730783463.910375;/app/bags/user95_2017-02-24.bag;0.834065854549408;0.0;0.9619645476341248;0.0;2.3641359312406167;0.533447396543836;0.466552603456164
1730783464.1104143;/app/bags/user95_2017-02-24.bag;0.834065854549408;0.0;0.9619645476341248;0.0;2.3641359312406167;0.533447396543836;0.466552603456164
1730783464.3103898;/app/bags/user95_2017-02-24.bag;0.834065854549408;0.0;0.9619645476341248;0.0;2.3641359312406167;0.533447396543836;0.466552603456164
1730783464.51041;/app/bags/user95_2017-02-24.bag;0.834065854549408;0.0;0.9619645476341248;0.0;2.3641359312406167;0.533447396543836;0.466552603456164
1730783464.710399;/app/bags/user95_2017-02-24.bag;0.834065854549408;0.0;0.9619645476341248;0.0;2.3641359312406167;0.533447396543836;0.466552603456164
1730783464.9103823;/app/bags/user95_2017-02-24.bag;0.834065854549408;0.0;0.9619645476341248;0.0;2.3641359312406167;0.533447396543836;0.466552603456164
1730783465.1104486;/app/bags/user95_2017-02-24.bag;0.834065854549408;0.0;0.9619645476341248;0.0;2.3641359312406167;0.533447396543836;0.466552603456164
1730783465.3103697;/app/bags/user95_2017-02-24.bag;0.834065854549408;0.0;0.9619645476341248;0.0;2.3641359312406167;0.533447396543836;0.466552603456164
1730783465.510488;/app/bags/user95_2017-02-24.bag;0.834065854549408;0.0;0.9619645476341248;0.0;2.3641359312406167;0.533447396543836;0.466552603456164
1730783465.7104058;/app/bags/user95_2017-02-24.bag;0.834065854549408;0.0;0.9619645476341248;0.0;2.3641359312406167;0.533447396543836;0.466552603456164
1730783465.9104233;/app/bags/user95_2017-02-24.bag;0.834065854549408;0.0;0.9619645476341248;0.0;2.3641359312406167;0.533447396543836;0.466552603456164
1730783466.11039;/app/bags/user95_2017-02-24.bag;0.834065854549408;0.0;0.9619645476341248;0.0;2.3641359312406167;0.533447396543836;0.466552603456164
1730783466.310379;/app/bags/user95_2017-02-24.bag;0.834065854549408;0.0;0.9619645476341248;0.0;2.3641359312406167;0.533447396543836;0.466552603456164
1730783466.510374;/app/bags/user95_2017-02-24.bag;0.834065854549408;0.0;0.9619645476341248;0.0;2.3641359312406167;0.533447396543836;0.466552603456164
1730783466.7103922;/app/bags/user95_2017-02-24.bag;0.834065854549408;0.0;0.9619645476341248;0.0;2.3641359312406167;0.533447396543836;0.466552603456164
1730783466.910388;/app/bags/user95_2017-02-24.bag;0.834065854549408;0.0;0.9619645476341248;0.0;2.3641359312406167;0.533447396543836;0.466552603456164
1730783467.1103647;/app/bags/user95_2017-02-24.bag;0.834065854549408;0.0;0.9619645476341248;0.0;2.3641359312406167;0.533447396543836;0.466552603456164
1730783467.3103762;/app/bags/user95_2017-02-24.bag;0.834065854549408;0.0;0.9619645476341248;0.0;2.3641359312406167;0.533447396543836;0.466552603456164
1730783467.5104332;/app/bags/user95_2017-02-24.bag;0.834065854549408;0.0;0.9619645476341248;0.0;2.3641359312406167;0.533447396543836;0.466552603456164
1730783467.7104568;/app/bags/user95_2017-02-24.bag;0.834065854549408;0.0;0.9619645476341248;0.0;2.3641359312406167;0.533447396543836;0.466552603456164
1730783467.9103725;/app/bags/user95_2017-02-24.bag;0.834065854549408;0.0;0.9619645476341248;0.0;2.3641359312406167;0.533447396543836;0.466552603456164
1730783468.1104171;/app/bags/user95_2017-02-24.bag;0.834065854549408;0.0;0.9619645476341248;0.0;2.3641359312406167;0.533447396543836;0.466552603456164
1730783468.310377;/app/bags/user95_2017-02-24.bag;0.834065854549408;0.0;0.9619645476341248;0.0;2.3641359312406167;0.533447396543836;0.466552603456164
1730783468.5104;/app/bags/user95_2017-02-24.bag;0.834065854549408;0.0;0.9619645476341248;0.0;2.3641359312406167;0.533447396543836;0.466552603456164
1730783468.7103627;/app/bags/user95_2017-02-24.bag;0.834065854549408;0.0;0.9619645476341248;0.0;2.3641359312406167;0.533447396543836;0.466552603456164
1730783468.9103825;/app/bags/user95_2017-02-24.bag;0.834065854549408;0.0;0.9619645476341248;0.0;2.3641359312406167;0.533447396543836;0.466552603456164
1730783469.1104107;/app/bags/user95_2017-02-24.bag;0.834065854549408;0.0;0.9619645476341248;0.0;2.3641359312406167;0.533447396543836;0.466552603456164
1730783469.3104255;/app/bags/user95_2017-02-24.bag;0.834065854549408;0.0;0.9619645476341248;0.0;2.3641359312406167;0.533447396543836;0.466552603456164
1730783469.5103815;/app/bags/user95_2017-02-24.bag;0.834065854549408;0.0;0.9619645476341248;0.0;2.3641359312406167;0.533447396543836;0.466552603456164
1730783469.7103856;/app/bags/user95_2017-02-24.bag;0.834065854549408;0.0;0.9619645476341248;0.0;2.3641359312406167;0.533447396543836;0.466552603456164
1730783469.9103773;/app/bags/user95_2017-02-24.bag;0.834065854549408;0.0;0.9619645476341248;0.0;2.3641359312406167;0.533447396543836;0.466552603456164
1730783470.1103761;/app/bags/user95_2017-02-24.bag;0.834065854549408;0.0;0.9619645476341248;0.0;2.3641359312406167;0.533447396543836;0.466552603456164
1730783470.310375;/app/bags/user95_2017-02-24.bag;0.834065854549408;0.0;0.9619645476341248;0.0;2.3641359312406167;0.533447396543836;0.466552603456164
1730783470.5103934;/app/bags/user95_2017-02-24.bag;0.834065854549408;0.0;0.9619645476341248;0.0;2.3641359312406167;0.533447396543836;0.466552603456164
1730783470.7104127;/app/bags/user95_2017-02-24.bag;0.834065854549408;0.0;0.9619645476341248;0.0;2.3641359312406167;0.533447396543836;0.466552603456164
1730783470.9103882;/app/bags/user95_2017-02-24.bag;0.834065854549408;0.0;0.9619645476341248;0.0;2.3641359312406167;0.533447396543836;0.466552603456164
1730783471.1103797;/app/bags/user95_2017-02-24.bag;0.834065854549408;0.0;0.9619645476341248;0.0;2.3641359312406167;0.533447396543836;0.466552603456164
1730783471.3105254;/app/bags/user95_2017-02-24.bag;0.834065854549408;0.0;0.9619645476341248;0.0;2.3641359312406167;0.533447396543836;0.466552603456164
1730783471.5103762;/app/bags/user95_2017-02-24.bag;0.834065854549408;0.0;0.9619645476341248;0.0;2.3641359312406167;0.533447396543836;0.466552603456164
1730783471.7103662;/app/bags/user95_2017-02-24.bag;0.834065854549408;0.0;0.9619645476341248;0.0;2.3641359312406167;0.533447396543836;0.466552603456164
1730783471.9103816;/app/bags/user95_2017-02-24.bag;0.834065854549408;0.0;0.9619645476341248;0.0;2.3641359312406167;0.533447396543836;0.466552603456164
1730783472.1104028;/app/bags/user95_2017-02-24.bag;0.834065854549408;0.0;0.9619645476341248;0.0;2.3641359312406167;0.533447396543836;0.466552603456164
1730783472.3103824;/app/bags/user95_2017-02-24.bag;0.834065854549408;0.0;0.9619645476341248;0.0;2.3641359312406167;0.533447396543836;0.466552603456164
1730783472.5104017;/app/bags/user95_2017-02-24.bag;0.834065854549408;0.0;0.9619645476341248;0.0;2.3641359312406167;0.533447396543836;0.466552603456164
1730783472.7103796;/app/bags/user95_2017-02-24.bag;0.834065854549408;0.0;0.9619645476341248;0.0;2.3641359312406167;0.533447396543836;0.466552603456164
1730783472.9103694;/app/bags/user95_2017-02-24.bag;0.834065854549408;0.0;0.9619645476341248;0.0;2.3641359312406167;0.533447396543836;0.466552603456164
1730783473.1103683;/app/bags/user95_2017-02-24.bag;0.834065854549408;0.0;0.9619645476341248;0.0;2.3641359312406167;0.533447396543836;0.466552603456164
1730783473.3103752;/app/bags/user95_2017-02-24.bag;0.834065854549408;0.0;0.9619645476341248;0.0;2.3641359312406167;0.533447396543836;0.466552603456164
1730783473.5105355;/app/bags/user95_2017-02-24.bag;0.834065854549408;0.0;0.9619645476341248;0.0;2.3641359312406167;0.533447396543836;0.466552603456164
1730783473.7104058;/app/bags/user95_2017-02-24.bag;0.834065854549408;0.0;0.9619645476341248;0.0;2.3641359312406167;0.533447396543836;0.466552603456164
1730783473.9103634;/app/bags/user95_2017-02-24.bag;0.834065854549408;0.0;0.9619645476341248;0.0;2.3641359312406167;0.533447396543836;0.466552603456164
1730783474.1103883;/app/bags/user95_2017-02-24.bag;0.834065854549408;0.0;0.9619645476341248;0.0;2.3641359312406167;0.533447396543836;0.466552603456164
1730783474.3103673;/app/bags/user95_2017-02-24.bag;0.834065854549408;0.0;0.9619645476341248;0.0;2.3641359312406167;0.533447396543836;0.466552603456164
1730783474.5104058;/app/bags/user95_2017-02-24.bag;0.834065854549408;0.0;0.9619645476341248;0.0;2.3641359312406167;0.533447396543836;0.466552603456164
1730783474.71046;/app/bags/user95_2017-02-24.bag;0.834065854549408;0.0;0.9619645476341248;0.0;2.3641359312406167;0.533447396543836;0.466552603456164
1730783474.9104059;/app/bags/user95_2017-02-24.bag;0.834065854549408;0.0;0.9619645476341248;0.0;2.3641359312406167;0.533447396543836;0.466552603456164
1730783475.1104102;/app/bags/user95_2017-02-24.bag;0.834065854549408;0.0;0.9619645476341248;0.0;2.3641359312406167;0.533447396543836;0.466552603456164
1730783475.310413;/app/bags/user95_2017-02-24.bag;0.834065854549408;0.0;0.9619645476341248;0.0;2.3641359312406167;0.533447396543836;0.466552603456164
1730783475.51039;/app/bags/user95_2017-02-24.bag;0.834065854549408;0.0;0.9619645476341248;0.0;2.3641359312406167;0.533447396543836;0.466552603456164
1730783475.7103808;/app/bags/user95_2017-02-24.bag;0.834065854549408;0.0;0.9619645476341248;0.0;2.3641359312406167;0.533447396543836;0.466552603456164
1730783475.9103494;/app/bags/user95_2017-02-24.bag;0.834065854549408;0.0;0.9619645476341248;0.0;2.3641359312406167;0.533447396543836;0.466552603456164
1730783476.1103723;/app/bags/user95_2017-02-24.bag;0.834065854549408;0.0;0.9619645476341248;0.0;2.3641359312406167;0.533447396543836;0.466552603456164
1730783476.3103943;/app/bags/user95_2017-02-24.bag;0.834065854549408;0.0;0.9619645476341248;0.0;2.3641359312406167;0.533447396543836;0.466552603456164
1730783476.510391;/app/bags/user95_2017-02-24.bag;0.834065854549408;0.0;0.9619645476341248;0.0;2.3641359312406167;0.533447396543836;0.466552603456164
1730783476.7104135;/app/bags/user95_2017-02-24.bag;0.834065854549408;0.0;0.9619645476341248;0.0;2.3641359312406167;0.533447396543836;0.466552603456164
1730783476.9105122;/app/bags/user95_2017-02-24.bag;0.834065854549408;0.0;0.9619645476341248;0.0;2.3641359312406167;0.533447396543836;0.466552603456164
1730783477.110341;/app/bags/user95_2017-02-24.bag;0.834065854549408;0.0;0.9619645476341248;0.0;2.3641359312406167;0.533447396543836;0.466552603456164
1730783477.310391;/app/bags/user95_2017-02-24.bag;0.834065854549408;0.0;0.9619645476341248;0.0;2.3641359312406167;0.533447396543836;0.466552603456164
1730783477.5104032;/app/bags/user95_2017-02-24.bag;0.834065854549408;0.0;0.9619645476341248;0.0;2.3641359312406167;0.533447396543836;0.466552603456164
1730783477.7103608;/app/bags/user95_2017-02-24.bag;0.834065854549408;0.0;0.9619645476341248;0.0;2.3641359312406167;0.533447396543836;0.466552603456164
1730783477.9104736;/app/bags/user95_2017-02-24.bag;0.834065854549408;0.0;0.9619645476341248;0.0;2.3641359312406167;0.533447396543836;0.466552603456164
1730783478.1104267;/app/bags/user95_2017-02-24.bag;0.834065854549408;0.0;0.9619645476341248;0.0;2.3641359312406167;0.533447396543836;0.466552603456164
1730783478.3104126;/app/bags/user95_2017-02-24.bag;0.834065854549408;0.0;0.9619645476341248;0.0;2.3641359312406167;0.533447396543836;0.466552603456164
1730783478.5103838;/app/bags/user95_2017-02-24.bag;0.834065854549408;0.0;0.9619645476341248;0.0;2.3641359312406167;0.533447396543836;0.466552603456164
1730783478.7104127;/app/bags/user95_2017-02-24.bag;0.834065854549408;0.0;0.9619645476341248;0.0;2.3641359312406167;0.533447396543836;0.466552603456164
1730783478.9104047;/app/bags/user95_2017-02-24.bag;0.834065854549408;0.0;0.9619645476341248;0.0;2.3641359312406167;0.533447396543836;0.466552603456164
1730783479.110391;/app/bags/user95_2017-02-24.bag;0.834065854549408;0.0;0.9619645476341248;0.0;2.3641359312406167;0.533447396543836;0.466552603456164
1730783479.3103619;/app/bags/user95_2017-02-24.bag;0.834065854549408;0.0;0.9619645476341248;0.0;2.3641359312406167;0.533447396543836;0.466552603456164
1730783479.5103772;/app/bags/user95_2017-02-24.bag;0.834065854549408;0.0;0.9619645476341248;0.0;2.3641359312406167;0.533447396543836;0.466552603456164
1730783479.710412;/app/bags/user95_2017-02-24.bag;0.834065854549408;0.0;0.9619645476341248;0.0;2.3641359312406167;0.533447396543836;0.466552603456164
1730783479.9103842;/app/bags/user95_2017-02-24.bag;0.834065854549408;0.0;0.9619645476341248;0.0;2.3641359312406167;0.533447396543836;0.466552603456164
1730783480.1103833;/app/bags/user95_2017-02-24.bag;0.834065854549408;0.0;0.9619645476341248;0.0;2.3641359312406167;0.533447396543836;0.466552603456164
1730783480.3104131;/app/bags/user95_2017-02-24.bag;0.834065854549408;0.0;0.9619645476341248;0.0;2.3641359312406167;0.533447396543836;0.466552603456164
1730783480.510359;/app/bags/user95_2017-02-24.bag;0.834065854549408;0.0;0.9619645476341248;0.0;2.3641359312406167;0.533447396543836;0.466552603456164
1730783480.710378;/app/bags/user95_2017-02-24.bag;0.834065854549408;0.0;0.9619645476341248;0.0;2.3641359312406167;0.533447396543836;0.466552603456164
1730783480.9103973;/app/bags/user95_2017-02-24.bag;0.834065854549408;0.0;0.9619645476341248;0.0;2.3641359312406167;0.533447396543836;0.466552603456164
1730783481.110387;/app/bags/user95_2017-02-24.bag;0.834065854549408;0.0;0.9619645476341248;0.0;2.3641359312406167;0.533447396543836;0.466552603456164
1730783481.3103926;/app/bags/user95_2017-02-24.bag;0.834065854549408;0.0;0.9619645476341248;0.0;2.3641359312406167;0.533447396543836;0.466552603456164
1730783481.5103915;/app/bags/user95_2017-02-24.bag;0.834065854549408;0.0;0.9619645476341248;0.0;2.3641359312406167;0.533447396543836;0.466552603456164
1730783481.7104037;/app/bags/user95_2017-02-24.bag;0.834065854549408;0.0;0.9619645476341248;0.0;2.3641359312406167;0.533447396543836;0.466552603456164
1730783481.910383;/app/bags/user95_2017-02-24.bag;0.834065854549408;0.0;0.9619645476341248;0.0;2.3641359312406167;0.533447396543836;0.466552603456164
1730783482.110412;/app/bags/user95_2017-02-24.bag;0.834065854549408;0.0;0.9619645476341248;0.0;2.3641359312406167;0.533447396543836;0.466552603456164
1730783482.3104804;/app/bags/user95_2017-02-24.bag;0.834065854549408;0.0;0.9619645476341248;0.0;2.3641359312406167;0.533447396543836;0.466552603456164
1730783482.5103996;/app/bags/user95_2017-02-24.bag;0.834065854549408;0.0;0.9619645476341248;0.0;2.3641359312406167;0.533447396543836;0.466552603456164
1730783482.7103624;/app/bags/user95_2017-02-24.bag;0.834065854549408;0.0;0.9619645476341248;0.0;2.3641359312406167;0.533447396543836;0.466552603456164
1730783482.9106464;/app/bags/user95_2017-02-24.bag;0.834065854549408;0.0;0.9619645476341248;0.0;2.3641359312406167;0.533447396543836;0.466552603456164
1730783483.110447;/app/bags/user95_2017-02-24.bag;0.834065854549408;0.0;0.9619645476341248;0.0;2.3641359312406167;0.533447396543836;0.466552603456164
1730783483.310376;/app/bags/user95_2017-02-24.bag;0.834065854549408;0.0;0.9619645476341248;0.0;2.3641359312406167;0.533447396543836;0.466552603456164
1730783483.5103838;/app/bags/user95_2017-02-24.bag;0.834065854549408;0.0;0.9619645476341248;0.0;2.3641359312406167;0.533447396543836;0.466552603456164
1730783483.7104287;/app/bags/user95_2017-02-24.bag;0.834065854549408;0.0;0.9619645476341248;0.0;2.3641359312406167;0.533447396543836;0.466552603456164
1730783483.9104226;/app/bags/user95_2017-02-24.bag;0.834065854549408;0.0;0.9619645476341248;0.0;2.3641359312406167;0.533447396543836;0.466552603456164
1730783484.1103852;/app/bags/user95_2017-02-24.bag;0.834065854549408;0.0;0.9619645476341248;0.0;2.3641359312406167;0.533447396543836;0.466552603456164
1730783484.3104045;/app/bags/user95_2017-02-24.bag;0.834065854549408;0.0;0.9619645476341248;0.0;2.3641359312406167;0.533447396543836;0.466552603456164
1730783484.5103965;/app/bags/user95_2017-02-24.bag;0.834065854549408;0.0;0.9619645476341248;0.0;2.3641359312406167;0.533447396543836;0.466552603456164
1730783484.7103534;/app/bags/user95_2017-02-24.bag;0.834065854549408;0.0;0.9619645476341248;0.0;2.3641359312406167;0.533447396543836;0.466552603456164
1730783484.910399;/app/bags/user95_2017-02-24.bag;0.834065854549408;0.0;0.9619645476341248;0.0;2.3641359312406167;0.533447396543836;0.466552603456164
1730783485.1104043;/app/bags/user95_2017-02-24.bag;0.834065854549408;0.0;0.9619645476341248;0.0;2.3641359312406167;0.533447396543836;0.466552603456164
1730783485.3103895;/app/bags/user95_2017-02-24.bag;0.834065854549408;0.0;0.9619645476341248;0.0;2.3641359312406167;0.533447396543836;0.466552603456164
1730783485.5103858;/app/bags/user95_2017-02-24.bag;0.834065854549408;0.0;0.9619645476341248;0.0;2.3641359312406167;0.533447396543836;0.466552603456164
1730783485.710401;/app/bags/user95_2017-02-24.bag;0.834065854549408;0.0;0.9619645476341248;0.0;2.3641359312406167;0.533447396543836;0.466552603456164
1730783485.9103808;/app/bags/user95_2017-02-24.bag;0.834065854549408;0.0;0.9619645476341248;0.0;2.3641359312406167;0.533447396543836;0.466552603456164
1730783486.1104093;/app/bags/user95_2017-02-24.bag;0.834065854549408;0.0;0.9619645476341248;0.0;2.3641359312406167;0.533447396543836;0.466552603456164
1730783486.3104143;/app/bags/user95_2017-02-24.bag;0.834065854549408;0.0;0.9619645476341248;0.0;2.3641359312406167;0.533447396543836;0.466552603456164
1730783486.5104058;/app/bags/user95_2017-02-24.bag;0.834065854549408;0.0;0.9619645476341248;0.0;2.3641359312406167;0.533447396543836;0.466552603456164
1730783486.7103481;/app/bags/user95_2017-02-24.bag;0.834065854549408;0.0;0.9619645476341248;0.0;2.3641359312406167;0.533447396543836;0.466552603456164
1730783486.9103618;/app/bags/user95_2017-02-24.bag;0.834065854549408;0.0;0.9619645476341248;0.0;2.3641359312406167;0.533447396543836;0.466552603456164
1730783487.1104167;/app/bags/user95_2017-02-24.bag;0.834065854549408;0.0;0.9619645476341248;0.0;2.3641359312406167;0.533447396543836;0.466552603456164
1730783487.3104172;/app/bags/user95_2017-02-24.bag;0.834065854549408;0.0;0.9619645476341248;0.0;2.3641359312406167;0.533447396543836;0.466552603456164
1730783487.510411;/app/bags/user95_2017-02-24.bag;0.834065854549408;0.0;0.9619645476341248;0.0;2.3641359312406167;0.533447396543836;0.466552603456164
1730783487.7104197;/app/bags/user95_2017-02-24.bag;0.834065854549408;0.0;0.9619645476341248;0.0;2.3641359312406167;0.533447396543836;0.466552603456164
1730783487.910363;/app/bags/user95_2017-02-24.bag;0.834065854549408;0.0;0.9619645476341248;0.0;2.3641359312406167;0.533447396543836;0.466552603456164
1730783488.1103902;/app/bags/user95_2017-02-24.bag;0.834065854549408;0.0;0.9619645476341248;0.0;2.3641359312406167;0.533447396543836;0.466552603456164
1730783488.3104177;/app/bags/user95_2017-02-24.bag;0.834065854549408;0.0;0.9619645476341248;0.0;2.3641359312406167;0.533447396543836;0.466552603456164
1730783488.5103512;/app/bags/user95_2017-02-24.bag;0.834065854549408;0.0;0.9619645476341248;0.0;2.3641359312406167;0.533447396543836;0.466552603456164
1730783488.7103767;/app/bags/user95_2017-02-24.bag;0.834065854549408;0.0;0.9619645476341248;0.0;2.3641359312406167;0.533447396543836;0.466552603456164
1730783488.9104002;/app/bags/user95_2017-02-24.bag;0.834065854549408;0.0;0.9619645476341248;0.0;2.3641359312406167;0.533447396543836;0.466552603456164
1730783489.110369;/app/bags/user95_2017-02-24.bag;0.834065854549408;0.0;0.9619645476341248;0.0;2.3641359312406167;0.533447396543836;0.466552603456164
1730783489.3103883;/app/bags/user95_2017-02-24.bag;0.834065854549408;0.0;0.9619645476341248;0.0;2.3641359312406167;0.533447396543836;0.466552603456164
1730783489.51043;/app/bags/user95_2017-02-24.bag;0.834065854549408;0.0;0.9619645476341248;0.0;2.3641359312406167;0.533447396543836;0.466552603456164
1730783489.710384;/app/bags/user95_2017-02-24.bag;0.834065854549408;0.0;0.9619645476341248;0.0;2.3641359312406167;0.533447396543836;0.466552603456164
1730783489.9103856;/app/bags/user95_2017-02-24.bag;0.834065854549408;0.0;0.9619645476341248;0.0;2.3641359312406167;0.533447396543836;0.466552603456164
1730783490.110412;/app/bags/user95_2017-02-24.bag;0.834065854549408;0.0;0.9619645476341248;0.0;2.3641359312406167;0.533447396543836;0.466552603456164
1730783490.3103685;/app/bags/user95_2017-02-24.bag;0.834065854549408;0.0;0.9619645476341248;0.0;2.3641359312406167;0.533447396543836;0.466552603456164
1730783490.5105789;/app/bags/user95_2017-02-24.bag;0.834065854549408;0.0;0.9619645476341248;0.0;2.3641359312406167;0.533447396543836;0.466552603456164
1730783490.7103808;/app/bags/user95_2017-02-24.bag;0.834065854549408;0.0;0.9619645476341248;0.0;2.3641359312406167;0.533447396543836;0.466552603456164
1730783490.910372;/app/bags/user95_2017-02-24.bag;0.834065854549408;0.0;0.9619645476341248;0.0;2.3641359312406167;0.533447396543836;0.466552603456164
1730783491.1104028;/app/bags/user95_2017-02-24.bag;0.834065854549408;0.0;0.9619645476341248;0.0;2.3641359312406167;0.533447396543836;0.466552603456164
1730783491.310383;/app/bags/user95_2017-02-24.bag;0.834065854549408;0.0;0.9619645476341248;0.0;2.3641359312406167;0.533447396543836;0.466552603456164
1730783491.5103705;/app/bags/user95_2017-02-24.bag;0.834065854549408;0.0;0.9619645476341248;0.0;2.3641359312406167;0.533447396543836;0.466552603456164
1730783491.7103887;/app/bags/user95_2017-02-24.bag;0.834065854549408;0.0;0.9619645476341248;0.0;2.3641359312406167;0.533447396543836;0.466552603456164
1730783491.910372;/app/bags/user95_2017-02-24.bag;0.834065854549408;0.0;0.9619645476341248;0.0;2.3641359312406167;0.533447396543836;0.466552603456164
1730783492.1103847;/app/bags/user95_2017-02-24.bag;0.834065854549408;0.0;0.9619645476341248;0.0;2.3641359312406167;0.533447396543836;0.466552603456164
1730783492.3104384;/app/bags/user95_2017-02-24.bag;0.834065854549408;0.0;0.9619645476341248;0.0;2.3641359312406167;0.533447396543836;0.466552603456164
1730783492.5104556;/app/bags/user95_2017-02-24.bag;0.834065854549408;0.0;0.9619645476341248;0.0;2.3641359312406167;0.533447396543836;0.466552603456164
1730783492.7104342;/app/bags/user95_2017-02-24.bag;0.834065854549408;0.0;0.9619645476341248;0.0;2.3641359312406167;0.533447396543836;0.466552603456164
1730783492.9104397;/app/bags/user95_2017-02-24.bag;0.834065854549408;0.0;0.9619645476341248;0.0;2.3641359312406167;0.533447396543836;0.466552603456164
1730783493.1103928;/app/bags/user95_2017-02-24.bag;0.834065854549408;0.0;0.9619645476341248;0.0;2.3641359312406167;0.533447396543836;0.466552603456164
1730783493.3103673;/app/bags/user95_2017-02-24.bag;0.834065854549408;0.0;0.9619645476341248;0.0;2.3641359312406167;0.533447396543836;0.466552603456164
1730783493.5103974;/app/bags/user95_2017-02-24.bag;0.834065854549408;0.0;0.9619645476341248;0.0;2.3641359312406167;0.533447396543836;0.466552603456164
1730783493.7103739;/app/bags/user95_2017-02-24.bag;0.834065854549408;0.0;0.9619645476341248;0.0;2.3641359312406167;0.533447396543836;0.466552603456164
1730783493.9103456;/app/bags/user95_2017-02-24.bag;0.834065854549408;0.0;0.9619645476341248;0.0;2.3641359312406167;0.533447396543836;0.466552603456164
1730783494.1104922;/app/bags/user95_2017-02-24.bag;0.834065854549408;0.0;0.9619645476341248;0.0;2.3641359312406167;0.533447396543836;0.466552603456164
1730783494.3103862;/app/bags/user95_2017-02-24.bag;0.834065854549408;0.0;0.9619645476341248;0.0;2.3641359312406167;0.533447396543836;0.466552603456164
1730783494.5103934;/app/bags/user95_2017-02-24.bag;0.834065854549408;0.0;0.9619645476341248;0.0;2.3641359312406167;0.533447396543836;0.466552603456164
1730783494.7103765;/app/bags/user95_2017-02-24.bag;0.834065854549408;0.0;0.9619645476341248;0.0;2.3641359312406167;0.533447396543836;0.466552603456164
1730783494.9104667;/app/bags/user95_2017-02-24.bag;0.834065854549408;0.0;0.9619645476341248;0.0;2.3641359312406167;0.533447396543836;0.466552603456164
1730783495.1104066;/app/bags/user95_2017-02-24.bag;0.834065854549408;0.0;0.9619645476341248;0.0;2.3641359312406167;0.533447396543836;0.466552603456164
1730783495.3103971;/app/bags/user95_2017-02-24.bag;0.834065854549408;0.0;0.9619645476341248;0.0;2.3641359312406167;0.533447396543836;0.466552603456164
1730783495.510341;/app/bags/user95_2017-02-24.bag;0.834065854549408;0.0;0.9619645476341248;0.0;2.3641359312406167;0.533447396543836;0.466552603456164
1730783495.7103596;/app/bags/user95_2017-02-24.bag;0.834065854549408;0.0;0.9619645476341248;0.0;2.3641359312406167;0.533447396543836;0.466552603456164
1730783495.9103417;/app/bags/user95_2017-02-24.bag;0.834065854549408;0.0;0.9619645476341248;0.0;2.3641359312406167;0.533447396543836;0.466552603456164
1730783496.1104426;/app/bags/user95_2017-02-24.bag;0.834065854549408;0.0;0.9619645476341248;0.0;2.3641359312406167;0.533447396543836;0.466552603456164
1730783496.3104057;/app/bags/user95_2017-02-24.bag;0.834065854549408;0.0;0.9619645476341248;0.0;2.3641359312406167;0.533447396543836;0.466552603456164
1730783496.5104117;/app/bags/user95_2017-02-24.bag;0.834065854549408;0.0;0.9619645476341248;0.0;2.3641359312406167;0.533447396543836;0.466552603456164
1730783496.7103922;/app/bags/user95_2017-02-24.bag;0.834065854549408;0.0;0.9619645476341248;0.0;2.3641359312406167;0.533447396543836;0.466552603456164
1730783496.9103835;/app/bags/user95_2017-02-24.bag;0.834065854549408;0.0;0.9619645476341248;0.0;2.3641359312406167;0.533447396543836;0.466552603456164
1730783497.1103716;/app/bags/user95_2017-02-24.bag;0.834065854549408;0.0;0.9619645476341248;0.0;2.3641359312406167;0.533447396543836;0.466552603456164
1730783497.3104687;/app/bags/user95_2017-02-24.bag;0.834065854549408;0.0;0.9619645476341248;0.0;2.3641359312406167;0.533447396543836;0.466552603456164
1730783497.5103846;/app/bags/user95_2017-02-24.bag;0.834065854549408;0.0;0.9619645476341248;0.0;2.3641359312406167;0.533447396543836;0.466552603456164
1730783497.710371;/app/bags/user95_2017-02-24.bag;0.834065854549408;0.0;0.9619645476341248;0.0;2.3641359312406167;0.533447396543836;0.466552603456164
1730783497.910357;/app/bags/user95_2017-02-24.bag;0.834065854549408;0.0;0.9619645476341248;0.0;2.3641359312406167;0.533447396543836;0.466552603456164
1730783498.110387;/app/bags/user95_2017-02-24.bag;0.834065854549408;0.0;0.9619645476341248;0.0;2.3641359312406167;0.533447396543836;0.466552603456164
1730783498.3104613;/app/bags/user95_2017-02-24.bag;0.834065854549408;0.0;0.9619645476341248;0.0;2.3641359312406167;0.533447396543836;0.466552603456164
1730783498.5105424;/app/bags/user95_2017-02-24.bag;0.834065854549408;0.0;0.9619645476341248;0.0;2.3641359312406167;0.533447396543836;0.466552603456164
1730783498.7103896;/app/bags/user95_2017-02-24.bag;0.834065854549408;0.0;0.9619645476341248;0.0;2.3641359312406167;0.533447396543836;0.466552603456164
1730783498.9103887;/app/bags/user95_2017-02-24.bag;0.834065854549408;0.0;0.9619645476341248;0.0;2.3641359312406167;0.533447396543836;0.466552603456164
1730783499.1104174;/app/bags/user95_2017-02-24.bag;0.834065854549408;0.0;0.9619645476341248;0.0;2.3641359312406167;0.533447396543836;0.466552603456164
1730783499.3103683;/app/bags/user95_2017-02-24.bag;0.834065854549408;0.0;0.9619645476341248;0.0;2.3641359312406167;0.533447396543836;0.466552603456164
1730783499.5103638;/app/bags/user95_2017-02-24.bag;0.834065854549408;0.0;0.9619645476341248;0.0;2.3641359312406167;0.533447396543836;0.466552603456164
1730783499.7103922;/app/bags/user95_2017-02-24.bag;0.834065854549408;0.0;0.9619645476341248;0.0;2.3641359312406167;0.533447396543836;0.466552603456164
1730783499.9104066;/app/bags/user95_2017-02-24.bag;0.834065854549408;0.0;0.9619645476341248;0.0;2.3641359312406167;0.533447396543836;0.466552603456164
1730783500.1104248;/app/bags/user95_2017-02-24.bag;0.834065854549408;0.0;0.9619645476341248;0.0;2.3641359312406167;0.533447396543836;0.466552603456164
1730783500.310386;/app/bags/user95_2017-02-24.bag;0.834065854549408;0.0;0.9619645476341248;0.0;2.3641359312406167;0.533447396543836;0.466552603456164
1730783500.510438;/app/bags/user95_2017-02-24.bag;0.834065854549408;0.0;0.9619645476341248;0.0;2.3641359312406167;0.533447396543836;0.466552603456164
1730783500.7103853;/app/bags/user95_2017-02-24.bag;0.834065854549408;0.0;0.9619645476341248;0.0;2.3641359312406167;0.533447396543836;0.466552603456164
1730783500.910374;/app/bags/user95_2017-02-24.bag;0.834065854549408;0.0;0.9619645476341248;0.0;2.3641359312406167;0.533447396543836;0.466552603456164
1730783501.1104145;/app/bags/user95_2017-02-24.bag;0.834065854549408;0.0;0.9619645476341248;0.0;2.3641359312406167;0.533447396543836;0.466552603456164
1730783501.3104017;/app/bags/user95_2017-02-24.bag;0.834065854549408;0.0;0.9619645476341248;0.0;2.3641359312406167;0.533447396543836;0.466552603456164
1730783501.5104237;/app/bags/user95_2017-02-24.bag;0.834065854549408;0.0;0.9619645476341248;0.0;2.3641359312406167;0.533447396543836;0.466552603456164
1730783501.7103863;/app/bags/user95_2017-02-24.bag;0.834065854549408;0.0;0.9619645476341248;0.0;2.3641359312406167;0.533447396543836;0.466552603456164
1730783501.9104562;/app/bags/user95_2017-02-24.bag;0.834065854549408;0.0;0.9619645476341248;0.0;2.3641359312406167;0.533447396543836;0.466552603456164
1730783502.11039;/app/bags/user95_2017-02-24.bag;0.834065854549408;0.0;0.9619645476341248;0.0;2.3641359312406167;0.533447396543836;0.466552603456164
1730783502.310376;/app/bags/user95_2017-02-24.bag;0.834065854549408;0.0;0.9619645476341248;0.0;2.3641359312406167;0.533447396543836;0.466552603456164
1730783502.5104778;/app/bags/user95_2017-02-24.bag;0.834065854549408;0.0;0.9619645476341248;0.0;2.3641359312406167;0.533447396543836;0.466552603456164
1730783502.7103813;/app/bags/user95_2017-02-24.bag;0.834065854549408;0.0;0.9619645476341248;0.0;2.3641359312406167;0.533447396543836;0.466552603456164
1730783502.9104095;/app/bags/user95_2017-02-24.bag;0.834065854549408;0.0;0.9619645476341248;0.0;2.3641359312406167;0.533447396543836;0.466552603456164
1730783503.1104343;/app/bags/user95_2017-02-24.bag;0.834065854549408;0.0;0.9619645476341248;0.0;2.3641359312406167;0.533447396543836;0.466552603456164
1730783503.3104408;/app/bags/user95_2017-02-24.bag;0.834065854549408;0.0;0.9619645476341248;0.0;2.3641359312406167;0.533447396543836;0.466552603456164
1730783503.5103815;/app/bags/user95_2017-02-24.bag;0.834065854549408;0.0;0.9619645476341248;0.0;2.3641359312406167;0.533447396543836;0.466552603456164
1730783503.7104256;/app/bags/user95_2017-02-24.bag;0.834065854549408;0.0;0.9619645476341248;0.0;2.3641359312406167;0.533447396543836;0.466552603456164
1730783503.9103875;/app/bags/user95_2017-02-24.bag;0.834065854549408;0.0;0.9619645476341248;0.0;2.3641359312406167;0.533447396543836;0.466552603456164
1730783504.110387;/app/bags/user95_2017-02-24.bag;0.834065854549408;0.0;0.9619645476341248;0.0;2.3641359312406167;0.533447396543836;0.466552603456164
1730783504.3103812;/app/bags/user95_2017-02-24.bag;0.834065854549408;0.0;0.9619645476341248;0.0;2.3641359312406167;0.533447396543836;0.466552603456164
1730783504.510378;/app/bags/user95_2017-02-24.bag;0.834065854549408;0.0;0.9619645476341248;0.0;2.3641359312406167;0.533447396543836;0.466552603456164
1730783504.7103782;/app/bags/user95_2017-02-24.bag;0.834065854549408;0.0;0.9619645476341248;0.0;2.3641359312406167;0.533447396543836;0.466552603456164
1730783504.910365;/app/bags/user95_2017-02-24.bag;0.834065854549408;0.0;0.9619645476341248;0.0;2.3641359312406167;0.533447396543836;0.466552603456164
1730783505.1104;/app/bags/user95_2017-02-24.bag;0.834065854549408;0.0;0.9619645476341248;0.0;2.3641359312406167;0.533447396543836;0.466552603456164
1730783505.3105543;/app/bags/user95_2017-02-24.bag;0.834065854549408;0.0;0.9619645476341248;0.0;2.3641359312406167;0.533447396543836;0.466552603456164
1730783505.510412;/app/bags/user95_2017-02-24.bag;0.834065854549408;0.0;0.9619645476341248;0.0;2.3641359312406167;0.533447396543836;0.466552603456164
1730783505.7103727;/app/bags/user95_2017-02-24.bag;0.834065854549408;0.0;0.9619645476341248;0.0;2.3641359312406167;0.533447396543836;0.466552603456164
1730783505.9103525;/app/bags/user95_2017-02-24.bag;0.834065854549408;0.0;0.9619645476341248;0.0;2.3641359312406167;0.533447396543836;0.466552603456164
1730783506.1104403;/app/bags/user95_2017-02-24.bag;0.834065854549408;0.0;0.9619645476341248;0.0;2.3641359312406167;0.533447396543836;0.466552603456164
1730783506.310405;/app/bags/user95_2017-02-24.bag;0.834065854549408;0.0;0.9619645476341248;0.0;2.3641359312406167;0.533447396543836;0.466552603456164
1730783506.5103862;/app/bags/user95_2017-02-24.bag;0.834065854549408;0.0;0.9619645476341248;0.0;2.3641359312406167;0.533447396543836;0.466552603456164
1730783506.7103934;/app/bags/user95_2017-02-24.bag;0.834065854549408;0.0;0.9619645476341248;0.0;2.3641359312406167;0.533447396543836;0.466552603456164
1730783506.9103782;/app/bags/user95_2017-02-24.bag;0.834065854549408;0.0;0.9619645476341248;0.0;2.3641359312406167;0.533447396543836;0.466552603456164
1730783507.110475;/app/bags/user95_2017-02-24.bag;0.834065854549408;0.0;0.9619645476341248;0.0;2.3641359312406167;0.533447396543836;0.466552603456164
1730783507.310439;/app/bags/user95_2017-02-24.bag;0.834065854549408;0.0;0.9619645476341248;0.0;2.3641359312406167;0.533447396543836;0.466552603456164
1730783507.5104256;/app/bags/user95_2017-02-24.bag;0.834065854549408;0.0;0.9619645476341248;0.0;2.3641359312406167;0.533447396543836;0.466552603456164
1730783507.7104015;/app/bags/user95_2017-02-24.bag;0.834065854549408;0.0;0.9619645476341248;0.0;2.3641359312406167;0.533447396543836;0.466552603456164
1730783507.9104183;/app/bags/user95_2017-02-24.bag;0.834065854549408;0.0;0.9619645476341248;0.0;2.3641359312406167;0.533447396543836;0.466552603456164
1730783508.1103897;/app/bags/user95_2017-02-24.bag;0.834065854549408;0.0;0.9619645476341248;0.0;2.3641359312406167;0.533447396543836;0.466552603456164
1730783508.31039;/app/bags/user95_2017-02-24.bag;0.834065854549408;0.0;0.9619645476341248;0.0;2.3641359312406167;0.533447396543836;0.466552603456164
1730783508.5104132;/app/bags/user95_2017-02-24.bag;0.834065854549408;0.0;0.9619645476341248;0.0;2.3641359312406167;0.533447396543836;0.466552603456164
1730783508.7104335;/app/bags/user95_2017-02-24.bag;0.834065854549408;0.0;0.9619645476341248;0.0;2.3641359312406167;0.533447396543836;0.466552603456164
1730783508.9103663;/app/bags/user95_2017-02-24.bag;0.834065854549408;0.0;0.9619645476341248;0.0;2.3641359312406167;0.533447396543836;0.466552603456164
1730783509.1104093;/app/bags/user95_2017-02-24.bag;0.834065854549408;0.0;0.9619645476341248;0.0;2.3641359312406167;0.533447396543836;0.466552603456164
1730783509.3103826;/app/bags/user95_2017-02-24.bag;0.834065854549408;0.0;0.9619645476341248;0.0;2.3641359312406167;0.533447396543836;0.466552603456164
1730783509.510384;/app/bags/user95_2017-02-24.bag;0.834065854549408;0.0;0.9619645476341248;0.0;2.3641359312406167;0.533447396543836;0.466552603456164
1730783509.710406;/app/bags/user95_2017-02-24.bag;0.834065854549408;0.0;0.9619645476341248;0.0;2.3641359312406167;0.533447396543836;0.466552603456164
1730783509.9103882;/app/bags/user95_2017-02-24.bag;0.834065854549408;0.0;0.9619645476341248;0.0;2.3641359312406167;0.533447396543836;0.466552603456164
1730783510.1103654;/app/bags/user95_2017-02-24.bag;0.834065854549408;0.0;0.9619645476341248;0.0;2.3641359312406167;0.533447396543836;0.466552603456164
1730783510.3106227;/app/bags/user95_2017-02-24.bag;0.834065854549408;0.0;0.9619645476341248;0.0;2.3641359312406167;0.533447396543836;0.466552603456164
1730783510.5103974;/app/bags/user95_2017-02-24.bag;0.834065854549408;0.0;0.9619645476341248;0.0;2.3641359312406167;0.533447396543836;0.466552603456164
1730783510.7103856;/app/bags/user95_2017-02-24.bag;0.834065854549408;0.0;0.9619645476341248;0.0;2.3641359312406167;0.533447396543836;0.466552603456164
1730783510.910418;/app/bags/user95_2017-02-24.bag;0.834065854549408;0.0;0.9619645476341248;0.0;2.3641359312406167;0.533447396543836;0.466552603456164
1730783511.1103675;/app/bags/user95_2017-02-24.bag;0.834065854549408;0.0;0.9619645476341248;0.0;2.3641359312406167;0.533447396543836;0.466552603456164
1730783511.3103971;/app/bags/user95_2017-02-24.bag;0.834065854549408;0.0;0.9619645476341248;0.0;2.3641359312406167;0.533447396543836;0.466552603456164
1730783511.5104077;/app/bags/user95_2017-02-24.bag;0.834065854549408;0.0;0.9619645476341248;0.0;2.3641359312406167;0.533447396543836;0.466552603456164
1730783511.7103765;/app/bags/user95_2017-02-24.bag;0.834065854549408;0.0;0.9619645476341248;0.0;2.3641359312406167;0.533447396543836;0.466552603456164
1730783511.9104059;/app/bags/user95_2017-02-24.bag;0.834065854549408;0.0;0.9619645476341248;0.0;2.3641359312406167;0.533447396543836;0.466552603456164
1730783512.1103737;/app/bags/user95_2017-02-24.bag;0.834065854549408;0.0;0.9619645476341248;0.0;2.3641359312406167;0.533447396543836;0.466552603456164
1730783512.3103893;/app/bags/user95_2017-02-24.bag;0.834065854549408;0.0;0.9619645476341248;0.0;2.3641359312406167;0.533447396543836;0.466552603456164
1730783512.510373;/app/bags/user95_2017-02-24.bag;0.834065854549408;0.0;0.9619645476341248;0.0;2.3641359312406167;0.533447396543836;0.466552603456164
1730783512.7103803;/app/bags/user95_2017-02-24.bag;0.834065854549408;0.0;0.9619645476341248;0.0;2.3641359312406167;0.533447396543836;0.466552603456164
1730783512.9103913;/app/bags/user95_2017-02-24.bag;0.834065854549408;0.0;0.9619645476341248;0.0;2.3641359312406167;0.533447396543836;0.466552603456164
1730783513.1104474;/app/bags/user95_2017-02-24.bag;0.834065854549408;0.0;0.9619645476341248;0.0;2.3641359312406167;0.533447396543836;0.466552603456164
1730783513.3103821;/app/bags/user95_2017-02-24.bag;0.834065854549408;0.0;0.9619645476341248;0.0;2.3641359312406167;0.533447396543836;0.466552603456164
1730783513.5103962;/app/bags/user95_2017-02-24.bag;0.834065854549408;0.0;0.9619645476341248;0.0;2.3641359312406167;0.533447396543836;0.466552603456164
1730783513.7104106;/app/bags/user95_2017-02-24.bag;0.834065854549408;0.0;0.9619645476341248;0.0;2.3641359312406167;0.533447396543836;0.466552603456164
1730783513.910365;/app/bags/user95_2017-02-24.bag;0.834065854549408;0.0;0.9619645476341248;0.0;2.3641359312406167;0.533447396543836;0.466552603456164
1730783514.1103919;/app/bags/user95_2017-02-24.bag;0.834065854549408;0.0;0.9619645476341248;0.0;2.3641359312406167;0.533447396543836;0.466552603456164
1730783514.3103442;/app/bags/user95_2017-02-24.bag;0.834065854549408;0.0;0.9619645476341248;0.0;2.3641359312406167;0.533447396543836;0.466552603456164
1730783514.5103948;/app/bags/user95_2017-02-24.bag;0.834065854549408;0.0;0.9619645476341248;0.0;2.3641359312406167;0.533447396543836;0.466552603456164
1730783514.710391;/app/bags/user95_2017-02-24.bag;0.834065854549408;0.0;0.9619645476341248;0.0;2.3641359312406167;0.533447396543836;0.466552603456164
1730783514.9103603;/app/bags/user95_2017-02-24.bag;0.834065854549408;0.0;0.9619645476341248;0.0;2.3641359312406167;0.533447396543836;0.466552603456164
1730783515.1104348;/app/bags/user95_2017-02-24.bag;0.834065854549408;0.0;0.9619645476341248;0.0;2.3641359312406167;0.533447396543836;0.466552603456164
1730783515.3103864;/app/bags/user95_2017-02-24.bag;0.834065854549408;0.0;0.9619645476341248;0.0;2.3641359312406167;0.533447396543836;0.466552603456164
1730783515.5103998;/app/bags/user95_2017-02-24.bag;0.834065854549408;0.0;0.9619645476341248;0.0;2.3641359312406167;0.533447396543836;0.466552603456164
1730783515.71039;/app/bags/user95_2017-02-24.bag;0.834065854549408;0.0;0.9619645476341248;0.0;2.3641359312406167;0.533447396543836;0.466552603456164
1730783515.9103816;/app/bags/user95_2017-02-24.bag;0.834065854549408;0.0;0.9619645476341248;0.0;2.3641359312406167;0.533447396543836;0.466552603456164
1730783516.1105044;/app/bags/user95_2017-02-24.bag;0.834065854549408;0.0;0.9619645476341248;0.0;2.3641359312406167;0.533447396543836;0.466552603456164
1730783516.3103862;/app/bags/user95_2017-02-24.bag;0.834065854549408;0.0;0.9619645476341248;0.0;2.3641359312406167;0.533447396543836;0.466552603456164
1730783516.5104208;/app/bags/user95_2017-02-24.bag;0.834065854549408;0.0;0.9619645476341248;0.0;2.3641359312406167;0.533447396543836;0.466552603456164
1730783516.710381;/app/bags/user95_2017-02-24.bag;0.834065854549408;0.0;0.9619645476341248;0.0;2.3641359312406167;0.533447396543836;0.466552603456164
1730783516.9103785;/app/bags/user95_2017-02-24.bag;0.834065854549408;0.0;0.9619645476341248;0.0;2.3641359312406167;0.533447396543836;0.466552603456164
1730783517.1103878;/app/bags/user95_2017-02-24.bag;0.834065854549408;0.0;0.9619645476341248;0.0;2.3641359312406167;0.533447396543836;0.466552603456164
1730783517.3104148;/app/bags/user95_2017-02-24.bag;0.834065854549408;0.0;0.9619645476341248;0.0;2.3641359312406167;0.533447396543836;0.466552603456164
1730783517.510404;/app/bags/user95_2017-02-24.bag;0.834065854549408;0.0;0.9619645476341248;0.0;2.3641359312406167;0.533447396543836;0.466552603456164
1730783517.710367;/app/bags/user95_2017-02-24.bag;0.834065854549408;0.0;0.9619645476341248;0.0;2.3641359312406167;0.533447396543836;0.466552603456164
1730783517.9103642;/app/bags/user95_2017-02-24.bag;0.834065854549408;0.0;0.9619645476341248;0.0;2.3641359312406167;0.533447396543836;0.466552603456164
1730783518.1133664;/app/bags/user95_2017-02-24.bag;0.834065854549408;0.0;0.9619645476341248;0.0;2.3641359312406167;0.533447396543836;0.466552603456164
1730783518.3103433;/app/bags/user95_2017-02-24.bag;0.834065854549408;0.0;0.9619645476341248;0.0;2.3641359312406167;0.533447396543836;0.466552603456164
1730783518.5104594;/app/bags/user95_2017-02-24.bag;0.834065854549408;0.0;0.9619645476341248;0.0;2.3641359312406167;0.533447396543836;0.466552603456164
1730783518.710402;/app/bags/user95_2017-02-24.bag;0.834065854549408;0.0;0.9619645476341248;0.0;2.3641359312406167;0.533447396543836;0.466552603456164
1730783518.9103887;/app/bags/user95_2017-02-24.bag;0.834065854549408;0.0;0.9619645476341248;0.0;2.3641359312406167;0.533447396543836;0.466552603456164
1730783519.11041;/app/bags/user95_2017-02-24.bag;0.834065854549408;0.0;0.9619645476341248;0.0;2.3641359312406167;0.533447396543836;0.466552603456164
1730783519.3103886;/app/bags/user95_2017-02-24.bag;0.834065854549408;0.0;0.9619645476341248;0.0;2.3641359312406167;0.533447396543836;0.466552603456164
1730783519.510391;/app/bags/user95_2017-02-24.bag;0.834065854549408;0.0;0.9619645476341248;0.0;2.3641359312406167;0.533447396543836;0.466552603456164
1730783519.710383;/app/bags/user95_2017-02-24.bag;0.834065854549408;0.0;0.9619645476341248;0.0;2.3641359312406167;0.533447396543836;0.466552603456164
1730783519.9104466;/app/bags/user95_2017-02-24.bag;0.834065854549408;0.0;0.9619645476341248;0.0;2.3641359312406167;0.533447396543836;0.466552603456164
1730783520.1104238;/app/bags/user95_2017-02-24.bag;0.834065854549408;0.0;0.9619645476341248;0.0;2.3641359312406167;0.533447396543836;0.466552603456164
1730783520.3103755;/app/bags/user95_2017-02-24.bag;0.834065854549408;0.0;0.9619645476341248;0.0;2.3641359312406167;0.533447396543836;0.466552603456164
1730783520.510379;/app/bags/user95_2017-02-24.bag;0.834065854549408;0.0;0.9619645476341248;0.0;2.3641359312406167;0.533447396543836;0.466552603456164
1730783520.710394;/app/bags/user95_2017-02-24.bag;0.834065854549408;0.0;0.9619645476341248;0.0;2.3641359312406167;0.533447396543836;0.466552603456164
1730783520.9103715;/app/bags/user95_2017-02-24.bag;0.834065854549408;0.0;0.9619645476341248;0.0;2.3641359312406167;0.533447396543836;0.466552603456164
1730783521.110384;/app/bags/user95_2017-02-24.bag;0.834065854549408;0.0;0.9619645476341248;0.0;2.3641359312406167;0.533447396543836;0.466552603456164
1730783521.3104787;/app/bags/user95_2017-02-24.bag;0.834065854549408;0.0;0.9619645476341248;0.0;2.3641359312406167;0.533447396543836;0.466552603456164
1730783521.510401;/app/bags/user95_2017-02-24.bag;0.834065854549408;0.0;0.9619645476341248;0.0;2.3641359312406167;0.533447396543836;0.466552603456164
1730783521.7103639;/app/bags/user95_2017-02-24.bag;0.834065854549408;0.0;0.9619645476341248;0.0;2.3641359312406167;0.533447396543836;0.466552603456164
1730783521.9103532;/app/bags/user95_2017-02-24.bag;0.834065854549408;0.0;0.9619645476341248;0.0;2.3641359312406167;0.533447396543836;0.466552603456164
1730783522.1103878;/app/bags/user95_2017-02-24.bag;0.834065854549408;0.0;0.9619645476341248;0.0;2.3641359312406167;0.533447396543836;0.466552603456164
1730783522.3104002;/app/bags/user95_2017-02-24.bag;0.834065854549408;0.0;0.9619645476341248;0.0;2.3641359312406167;0.533447396543836;0.466552603456164
1730783522.5103805;/app/bags/user95_2017-02-24.bag;0.834065854549408;0.0;0.9619645476341248;0.0;2.3641359312406167;0.533447396543836;0.466552603456164
1730783522.7104053;/app/bags/user95_2017-02-24.bag;0.834065854549408;0.0;0.9619645476341248;0.0;2.3641359312406167;0.533447396543836;0.466552603456164
1730783522.910396;/app/bags/user95_2017-02-24.bag;0.834065854549408;0.0;0.9619645476341248;0.0;2.3641359312406167;0.533447396543836;0.466552603456164
1730783523.1103787;/app/bags/user95_2017-02-24.bag;0.834065854549408;0.0;0.9619645476341248;0.0;2.3641359312406167;0.533447396543836;0.466552603456164
1730783523.31042;/app/bags/user95_2017-02-24.bag;0.834065854549408;0.0;0.9619645476341248;0.0;2.3641359312406167;0.533447396543836;0.466552603456164
1730783523.5103788;/app/bags/user95_2017-02-24.bag;0.834065854549408;0.0;0.9619645476341248;0.0;2.3641359312406167;0.533447396543836;0.466552603456164
1730783523.7104397;/app/bags/user95_2017-02-24.bag;0.834065854549408;0.0;0.9619645476341248;0.0;2.3641359312406167;0.533447396543836;0.466552603456164
1730783523.91039;/app/bags/user95_2017-02-24.bag;0.834065854549408;0.0;0.9619645476341248;0.0;2.3641359312406167;0.533447396543836;0.466552603456164
1730783524.110389;/app/bags/user95_2017-02-24.bag;0.834065854549408;0.0;0.9619645476341248;0.0;2.3641359312406167;0.533447396543836;0.466552603456164
1730783524.3103492;/app/bags/user95_2017-02-24.bag;0.834065854549408;0.0;0.9619645476341248;0.0;2.3641359312406167;0.533447396543836;0.466552603456164
1730783524.51037;/app/bags/user95_2017-02-24.bag;0.834065854549408;0.0;0.9619645476341248;0.0;2.3641359312406167;0.533447396543836;0.466552603456164
1730783524.7104125;/app/bags/user95_2017-02-24.bag;0.834065854549408;0.0;0.9619645476341248;0.0;2.3641359312406167;0.533447396543836;0.466552603456164
1730783524.9104035;/app/bags/user95_2017-02-24.bag;0.834065854549408;0.0;0.9619645476341248;0.0;2.3641359312406167;0.533447396543836;0.466552603456164
1730783525.1103737;/app/bags/user95_2017-02-24.bag;0.834065854549408;0.0;0.9619645476341248;0.0;2.3641359312406167;0.533447396543836;0.466552603456164
1730783525.3104062;/app/bags/user95_2017-02-24.bag;0.834065854549408;0.0;0.9619645476341248;0.0;2.3641359312406167;0.533447396543836;0.466552603456164
1730783525.5103796;/app/bags/user95_2017-02-24.bag;0.834065854549408;0.0;0.9619645476341248;0.0;2.3641359312406167;0.533447396543836;0.466552603456164
1730783525.7103968;/app/bags/user95_2017-02-24.bag;0.834065854549408;0.0;0.9619645476341248;0.0;2.3641359312406167;0.533447396543836;0.466552603456164
1730783525.9103765;/app/bags/user95_2017-02-24.bag;0.834065854549408;0.0;0.9619645476341248;0.0;2.3641359312406167;0.533447396543836;0.466552603456164
1730783526.1104724;/app/bags/user95_2017-02-24.bag;0.834065854549408;0.0;0.9619645476341248;0.0;2.3641359312406167;0.533447396543836;0.466552603456164
1730783526.3103964;/app/bags/user95_2017-02-24.bag;0.834065854549408;0.0;0.9619645476341248;0.0;2.3641359312406167;0.533447396543836;0.466552603456164
1730783526.5103645;/app/bags/user95_2017-02-24.bag;0.834065854549408;0.0;0.9619645476341248;0.0;2.3641359312406167;0.533447396543836;0.466552603456164
1730783526.7103155;/app/bags/user95_2017-02-24.bag;0.834065854549408;0.0;0.9619645476341248;0.0;2.3641359312406167;0.533447396543836;0.466552603456164
1730783526.9103599;/app/bags/user95_2017-02-24.bag;0.834065854549408;0.0;0.9619645476341248;0.0;2.3641359312406167;0.533447396543836;0.466552603456164
1730783527.1103787;/app/bags/user95_2017-02-24.bag;0.834065854549408;0.0;0.9619645476341248;0.0;2.3641359312406167;0.533447396543836;0.466552603456164
1730783527.3103774;/app/bags/user95_2017-02-24.bag;0.834065854549408;0.0;0.9619645476341248;0.0;2.3641359312406167;0.533447396543836;0.466552603456164
1730783527.5103936;/app/bags/user95_2017-02-24.bag;0.834065854549408;0.0;0.9619645476341248;0.0;2.3641359312406167;0.533447396543836;0.466552603456164
1730783527.7104232;/app/bags/user95_2017-02-24.bag;0.834065854549408;0.0;0.9619645476341248;0.0;2.3641359312406167;0.533447396543836;0.466552603456164
1730783527.9103925;/app/bags/user95_2017-02-24.bag;0.834065854549408;0.0;0.9619645476341248;0.0;2.3641359312406167;0.533447396543836;0.466552603456164
1730783528.1103885;/app/bags/user95_2017-02-24.bag;0.834065854549408;0.0;0.9619645476341248;0.0;2.3641359312406167;0.533447396543836;0.466552603456164
1730783528.3103697;/app/bags/user95_2017-02-24.bag;0.834065854549408;0.0;0.9619645476341248;0.0;2.3641359312406167;0.533447396543836;0.466552603456164
1730783528.510386;/app/bags/user95_2017-02-24.bag;0.834065854549408;0.0;0.9619645476341248;0.0;2.3641359312406167;0.533447396543836;0.466552603456164
1730783528.7103772;/app/bags/user95_2017-02-24.bag;0.834065854549408;0.0;0.9619645476341248;0.0;2.3641359312406167;0.533447396543836;0.466552603456164
1730783528.9104016;/app/bags/user95_2017-02-24.bag;0.834065854549408;0.0;0.9619645476341248;0.0;2.3641359312406167;0.533447396543836;0.466552603456164
1730783529.1103778;/app/bags/user95_2017-02-24.bag;0.834065854549408;0.0;0.9619645476341248;0.0;2.3641359312406167;0.533447396543836;0.466552603456164
1730783529.3103678;/app/bags/user95_2017-02-24.bag;0.834065854549408;0.0;0.9619645476341248;0.0;2.3641359312406167;0.533447396543836;0.466552603456164
1730783529.5103645;/app/bags/user95_2017-02-24.bag;0.834065854549408;0.0;0.9619645476341248;0.0;2.3641359312406167;0.533447396543836;0.466552603456164
1730783529.710384;/app/bags/user95_2017-02-24.bag;0.834065854549408;0.0;0.9619645476341248;0.0;2.3641359312406167;0.533447396543836;0.466552603456164
1730783529.9104378;/app/bags/user95_2017-02-24.bag;0.834065854549408;0.0;0.9619645476341248;0.0;2.3641359312406167;0.533447396543836;0.466552603456164
1730783530.1103714;/app/bags/user95_2017-02-24.bag;0.834065854549408;0.0;0.9619645476341248;0.0;2.3641359312406167;0.533447396543836;0.466552603456164
1730783530.3104184;/app/bags/user95_2017-02-24.bag;0.834065854549408;0.0;0.9619645476341248;0.0;2.3641359312406167;0.533447396543836;0.466552603456164
1730783530.5103943;/app/bags/user95_2017-02-24.bag;0.834065854549408;0.0;0.9619645476341248;0.0;2.3641359312406167;0.533447396543836;0.466552603456164
1730783530.7103863;/app/bags/user95_2017-02-24.bag;0.834065854549408;0.0;0.9619645476341248;0.0;2.3641359312406167;0.533447396543836;0.466552603456164
1730783530.9104717;/app/bags/user95_2017-02-24.bag;0.834065854549408;0.0;0.9619645476341248;0.0;2.3641359312406167;0.533447396543836;0.466552603456164
1730783531.110419;/app/bags/user95_2017-02-24.bag;0.834065854549408;0.0;0.9619645476341248;0.0;2.3641359312406167;0.533447396543836;0.466552603456164
1730783531.3105454;/app/bags/user95_2017-02-24.bag;0.834065854549408;0.0;0.9619645476341248;0.0;2.3641359312406167;0.533447396543836;0.466552603456164
1730783531.5103874;/app/bags/user95_2017-02-24.bag;0.834065854549408;0.0;0.9619645476341248;0.0;2.3641359312406167;0.533447396543836;0.466552603456164
1730783531.710405;/app/bags/user95_2017-02-24.bag;0.834065854549408;0.0;0.9619645476341248;0.0;2.3641359312406167;0.533447396543836;0.466552603456164
1730783531.9103818;/app/bags/user95_2017-02-24.bag;0.834065854549408;0.0;0.9619645476341248;0.0;2.3641359312406167;0.533447396543836;0.466552603456164
1730783532.1103783;/app/bags/user95_2017-02-24.bag;0.834065854549408;0.0;0.9619645476341248;0.0;2.3641359312406167;0.533447396543836;0.466552603456164
1730783532.3104;/app/bags/user95_2017-02-24.bag;0.834065854549408;0.0;0.9619645476341248;0.0;2.3641359312406167;0.533447396543836;0.466552603456164
1730783532.5103865;/app/bags/user95_2017-02-24.bag;0.834065854549408;0.0;0.9619645476341248;0.0;2.3641359312406167;0.533447396543836;0.466552603456164
1730783532.7103841;/app/bags/user95_2017-02-24.bag;0.834065854549408;0.0;0.9619645476341248;0.0;2.3641359312406167;0.533447396543836;0.466552603456164
1730783532.910392;/app/bags/user95_2017-02-24.bag;0.834065854549408;0.0;0.9619645476341248;0.0;2.3641359312406167;0.533447396543836;0.466552603456164
1730783533.1104128;/app/bags/user95_2017-02-24.bag;0.834065854549408;0.0;0.9619645476341248;0.0;2.3641359312406167;0.533447396543836;0.466552603456164
1730783533.3103764;/app/bags/user95_2017-02-24.bag;0.834065854549408;0.0;0.9619645476341248;0.0;2.3641359312406167;0.533447396543836;0.466552603456164
1730783533.5104277;/app/bags/user95_2017-02-24.bag;0.834065854549408;0.0;0.9619645476341248;0.0;2.3641359312406167;0.533447396543836;0.466552603456164
1730783533.7104313;/app/bags/user95_2017-02-24.bag;0.834065854549408;0.0;0.9619645476341248;0.0;2.3641359312406167;0.533447396543836;0.466552603456164
1730783533.9104106;/app/bags/user95_2017-02-24.bag;0.834065854549408;0.0;0.9619645476341248;0.0;2.3641359312406167;0.533447396543836;0.466552603456164
1730783534.1103783;/app/bags/user95_2017-02-24.bag;0.834065854549408;0.0;0.9619645476341248;0.0;2.3641359312406167;0.533447396543836;0.466552603456164
1730783534.3103795;/app/bags/user95_2017-02-24.bag;0.834065854549408;0.0;0.9619645476341248;0.0;2.3641359312406167;0.533447396543836;0.466552603456164
1730783534.5104022;/app/bags/user95_2017-02-24.bag;0.834065854549408;0.0;0.9619645476341248;0.0;2.3641359312406167;0.533447396543836;0.466552603456164
1730783534.7104185;/app/bags/user95_2017-02-24.bag;0.834065854549408;0.0;0.9619645476341248;0.0;2.3641359312406167;0.533447396543836;0.466552603456164
1730783534.9104164;/app/bags/user95_2017-02-24.bag;0.834065854549408;0.0;0.9619645476341248;0.0;2.3641359312406167;0.533447396543836;0.466552603456164
1730783535.1103761;/app/bags/user95_2017-02-24.bag;0.834065854549408;0.0;0.9619645476341248;0.0;2.3641359312406167;0.533447396543836;0.466552603456164
1730783535.3104095;/app/bags/user95_2017-02-24.bag;0.834065854549408;0.0;0.9619645476341248;0.0;2.3641359312406167;0.533447396543836;0.466552603456164
1730783535.5105329;/app/bags/user95_2017-02-24.bag;0.834065854549408;0.0;0.9619645476341248;0.0;2.3641359312406167;0.533447396543836;0.466552603456164
1730783535.7103915;/app/bags/user95_2017-02-24.bag;0.834065854549408;0.0;0.9619645476341248;0.0;2.3641359312406167;0.533447396543836;0.466552603456164
1730783535.9103916;/app/bags/user95_2017-02-24.bag;0.834065854549408;0.0;0.9619645476341248;0.0;2.3641359312406167;0.533447396543836;0.466552603456164
1730783536.1103857;/app/bags/user95_2017-02-24.bag;0.834065854549408;0.0;0.9619645476341248;0.0;2.3641359312406167;0.533447396543836;0.466552603456164
1730783536.3104098;/app/bags/user95_2017-02-24.bag;0.834065854549408;0.0;0.9619645476341248;0.0;2.3641359312406167;0.533447396543836;0.466552603456164
1730783536.5103836;/app/bags/user95_2017-02-24.bag;0.834065854549408;0.0;0.9619645476341248;0.0;2.3641359312406167;0.533447396543836;0.466552603456164
1730783536.7103744;/app/bags/user95_2017-02-24.bag;0.834065854549408;0.0;0.9619645476341248;0.0;2.3641359312406167;0.533447396543836;0.466552603456164
1730783536.910366;/app/bags/user95_2017-02-24.bag;0.834065854549408;0.0;0.9619645476341248;0.0;2.3641359312406167;0.533447396543836;0.466552603456164
1730783537.1104295;/app/bags/user95_2017-02-24.bag;0.834065854549408;0.0;0.9619645476341248;0.0;2.3641359312406167;0.533447396543836;0.466552603456164
1730783537.3103793;/app/bags/user95_2017-02-24.bag;0.834065854549408;0.0;0.9619645476341248;0.0;2.3641359312406167;0.533447396543836;0.466552603456164
1730783537.510381;/app/bags/user95_2017-02-24.bag;0.834065854549408;0.0;0.9619645476341248;0.0;2.3641359312406167;0.533447396543836;0.466552603456164
1730783537.7103846;/app/bags/user95_2017-02-24.bag;0.834065854549408;0.0;0.9619645476341248;0.0;2.3641359312406167;0.533447396543836;0.466552603456164
1730783537.910384;/app/bags/user95_2017-02-24.bag;0.834065854549408;0.0;0.9619645476341248;0.0;2.3641359312406167;0.533447396543836;0.466552603456164
1730783538.1103654;/app/bags/user95_2017-02-24.bag;0.834065854549408;0.0;0.9619645476341248;0.0;2.3641359312406167;0.533447396543836;0.466552603456164
1730783538.3103828;/app/bags/user95_2017-02-24.bag;0.834065854549408;0.0;0.9619645476341248;0.0;2.3641359312406167;0.533447396543836;0.466552603456164
1730783538.510314;/app/bags/user95_2017-02-24.bag;0.834065854549408;0.0;0.9619645476341248;0.0;2.3641359312406167;0.533447396543836;0.466552603456164
1730783538.7103746;/app/bags/user95_2017-02-24.bag;0.834065854549408;0.0;0.9619645476341248;0.0;2.3641359312406167;0.533447396543836;0.466552603456164
1730783538.9104018;/app/bags/user95_2017-02-24.bag;0.834065854549408;0.0;0.9619645476341248;0.0;2.3641359312406167;0.533447396543836;0.466552603456164
1730783539.1103396;/app/bags/user95_2017-02-24.bag;0.834065854549408;0.0;0.9619645476341248;0.0;2.3641359312406167;0.533447396543836;0.466552603456164
1730783539.3104618;/app/bags/user95_2017-02-24.bag;0.834065854549408;0.0;0.9619645476341248;0.0;2.3641359312406167;0.533447396543836;0.466552603456164
1730783539.5104117;/app/bags/user95_2017-02-24.bag;0.834065854549408;0.0;0.9619645476341248;0.0;2.3641359312406167;0.533447396543836;0.466552603456164
1730783539.7104232;/app/bags/user95_2017-02-24.bag;0.834065854549408;0.0;0.9619645476341248;0.0;2.3641359312406167;0.533447396543836;0.466552603456164
1730783539.910371;/app/bags/user95_2017-02-24.bag;0.834065854549408;0.0;0.9619645476341248;0.0;2.3641359312406167;0.533447396543836;0.466552603456164
1730783540.110355;/app/bags/user95_2017-02-24.bag;0.834065854549408;0.0;0.9619645476341248;0.0;2.3641359312406167;0.533447396543836;0.466552603456164
1730783540.310405;/app/bags/user95_2017-02-24.bag;0.834065854549408;0.0;0.9619645476341248;0.0;2.3641359312406167;0.533447396543836;0.466552603456164
1730783540.5104034;/app/bags/user95_2017-02-24.bag;0.834065854549408;0.0;0.9619645476341248;0.0;2.3641359312406167;0.533447396543836;0.466552603456164
1730783540.710398;/app/bags/user95_2017-02-24.bag;0.834065854549408;0.0;0.9619645476341248;0.0;2.3641359312406167;0.533447396543836;0.466552603456164
1730783540.910417;/app/bags/user95_2017-02-24.bag;0.834065854549408;0.0;0.9619645476341248;0.0;2.3641359312406167;0.533447396543836;0.466552603456164
1730783541.1103969;/app/bags/user95_2017-02-24.bag;0.834065854549408;0.0;0.9619645476341248;0.0;2.3641359312406167;0.533447396543836;0.466552603456164
1730783541.310404;/app/bags/user95_2017-02-24.bag;0.834065854549408;0.0;0.9619645476341248;0.0;2.3641359312406167;0.533447396543836;0.466552603456164
1730783541.5104573;/app/bags/user95_2017-02-24.bag;0.834065854549408;0.0;0.9619645476341248;0.0;2.3641359312406167;0.533447396543836;0.466552603456164
1730783541.710414;/app/bags/user95_2017-02-24.bag;0.834065854549408;0.0;0.9619645476341248;0.0;2.3641359312406167;0.533447396543836;0.466552603456164
1730783541.9104052;/app/bags/user95_2017-02-24.bag;0.834065854549408;0.0;0.9619645476341248;0.0;2.3641359312406167;0.533447396543836;0.466552603456164
1730783542.1103933;/app/bags/user95_2017-02-24.bag;0.834065854549408;0.0;0.9619645476341248;0.0;2.3641359312406167;0.533447396543836;0.466552603456164
1730783542.3104348;/app/bags/user95_2017-02-24.bag;0.834065854549408;0.0;0.9619645476341248;0.0;2.3641359312406167;0.533447396543836;0.466552603456164
1730783542.510377;/app/bags/user95_2017-02-24.bag;0.834065854549408;0.0;0.9619645476341248;0.0;2.3641359312406167;0.533447396543836;0.466552603456164
1730783542.710387;/app/bags/user95_2017-02-24.bag;0.834065854549408;0.0;0.9619645476341248;0.0;2.3641359312406167;0.533447396543836;0.466552603456164
1730783542.9103239;/app/bags/user95_2017-02-24.bag;0.834065854549408;0.0;0.9619645476341248;0.0;2.3641359312406167;0.533447396543836;0.466552603456164
1730783543.1104312;/app/bags/user95_2017-02-24.bag;0.834065854549408;0.0;0.9619645476341248;0.0;2.3641359312406167;0.533447396543836;0.466552603456164
1730783543.310423;/app/bags/user95_2017-02-24.bag;0.834065854549408;0.0;0.9619645476341248;0.0;2.3641359312406167;0.533447396543836;0.466552603456164
1730783543.510393;/app/bags/user95_2017-02-24.bag;0.834065854549408;0.0;0.9619645476341248;0.0;2.3641359312406167;0.533447396543836;0.466552603456164
1730783543.7103941;/app/bags/user95_2017-02-24.bag;0.834065854549408;0.0;0.9619645476341248;0.0;2.3641359312406167;0.533447396543836;0.466552603456164
1730783543.9103904;/app/bags/user95_2017-02-24.bag;0.834065854549408;0.0;0.9619645476341248;0.0;2.3641359312406167;0.533447396543836;0.466552603456164
1730783544.110362;/app/bags/user95_2017-02-24.bag;0.834065854549408;0.0;0.9619645476341248;0.0;2.3641359312406167;0.533447396543836;0.466552603456164
1730783544.3103476;/app/bags/user95_2017-02-24.bag;0.834065854549408;0.0;0.9619645476341248;0.0;2.3641359312406167;0.533447396543836;0.466552603456164
1730783544.510376;/app/bags/user95_2017-02-24.bag;0.834065854549408;0.0;0.9619645476341248;0.0;2.3641359312406167;0.533447396543836;0.466552603456164
1730783544.7104056;/app/bags/user95_2017-02-24.bag;0.834065854549408;0.0;0.9619645476341248;0.0;2.3641359312406167;0.533447396543836;0.466552603456164
1730783544.9104216;/app/bags/user95_2017-02-24.bag;0.834065854549408;0.0;0.9619645476341248;0.0;2.3641359312406167;0.533447396543836;0.466552603456164
1730783545.1104121;/app/bags/user95_2017-02-24.bag;0.834065854549408;0.0;0.9619645476341248;0.0;2.3641359312406167;0.533447396543836;0.466552603456164
1730783545.310426;/app/bags/user95_2017-02-24.bag;0.834065854549408;0.0;0.9619645476341248;0.0;2.3641359312406167;0.533447396543836;0.466552603456164
1730783545.510372;/app/bags/user95_2017-02-24.bag;0.834065854549408;0.0;0.9619645476341248;0.0;2.3641359312406167;0.533447396543836;0.466552603456164
1730783545.710432;/app/bags/user95_2017-02-24.bag;0.834065854549408;0.0;0.9619645476341248;0.0;2.3641359312406167;0.533447396543836;0.466552603456164
1730783545.9103768;/app/bags/user95_2017-02-24.bag;0.834065854549408;0.0;0.9619645476341248;0.0;2.3641359312406167;0.533447396543836;0.466552603456164
1730783546.1103647;/app/bags/user95_2017-02-24.bag;0.834065854549408;0.0;0.9619645476341248;0.0;2.3641359312406167;0.533447396543836;0.466552603456164
1730783546.3105097;/app/bags/user95_2017-02-24.bag;0.834065854549408;0.0;0.9619645476341248;0.0;2.3641359312406167;0.533447396543836;0.466552603456164
1730783546.5103664;/app/bags/user95_2017-02-24.bag;0.834065854549408;0.0;0.9619645476341248;0.0;2.3641359312406167;0.533447396543836;0.466552603456164
1730783546.7104006;/app/bags/user95_2017-02-24.bag;0.834065854549408;0.0;0.9619645476341248;0.0;2.3641359312406167;0.533447396543836;0.466552603456164
1730783546.9104347;/app/bags/user95_2017-02-24.bag;0.834065854549408;0.0;0.9619645476341248;0.0;2.3641359312406167;0.533447396543836;0.466552603456164
1730783547.110401;/app/bags/user95_2017-02-24.bag;0.834065854549408;0.0;0.9619645476341248;0.0;2.3641359312406167;0.533447396543836;0.466552603456164
1730783547.3103867;/app/bags/user95_2017-02-24.bag;0.834065854549408;0.0;0.9619645476341248;0.0;2.3641359312406167;0.533447396543836;0.466552603456164
1730783547.5104825;/app/bags/user95_2017-02-24.bag;0.834065854549408;0.0;0.9619645476341248;0.0;2.3641359312406167;0.533447396543836;0.466552603456164
1730783547.710409;/app/bags/user95_2017-02-24.bag;0.834065854549408;0.0;0.9619645476341248;0.0;2.3641359312406167;0.533447396543836;0.466552603456164
1730783547.9103856;/app/bags/user95_2017-02-24.bag;0.834065854549408;0.0;0.9619645476341248;0.0;2.3641359312406167;0.533447396543836;0.466552603456164
1730783548.1104;/app/bags/user95_2017-02-24.bag;0.834065854549408;0.0;0.9619645476341248;0.0;2.3641359312406167;0.533447396543836;0.466552603456164
1730783548.3104239;/app/bags/user95_2017-02-24.bag;0.834065854549408;0.0;0.9619645476341248;0.0;2.3641359312406167;0.533447396543836;0.466552603456164
1730783548.5103796;/app/bags/user95_2017-02-24.bag;0.834065854549408;0.0;0.9619645476341248;0.0;2.3641359312406167;0.533447396543836;0.466552603456164
1730783548.7105448;/app/bags/user95_2017-02-24.bag;0.834065854549408;0.0;0.9619645476341248;0.0;2.3641359312406167;0.533447396543836;0.466552603456164
1730783548.9104328;/app/bags/user95_2017-02-24.bag;0.834065854549408;0.0;0.9619645476341248;0.0;2.3641359312406167;0.533447396543836;0.466552603456164
1730783549.1104107;/app/bags/user95_2017-02-24.bag;0.834065854549408;0.0;0.9619645476341248;0.0;2.3641359312406167;0.533447396543836;0.466552603456164
1730783549.310555;/app/bags/user95_2017-02-24.bag;0.834065854549408;0.0;0.9619645476341248;0.0;2.3641359312406167;0.533447396543836;0.466552603456164
1730783549.5103908;/app/bags/user95_2017-02-24.bag;0.834065854549408;0.0;0.9619645476341248;0.0;2.3641359312406167;0.533447396543836;0.466552603456164
1730783549.7103865;/app/bags/user95_2017-02-24.bag;0.834065854549408;0.0;0.9619645476341248;0.0;2.3641359312406167;0.533447396543836;0.466552603456164
1730783549.9103734;/app/bags/user95_2017-02-24.bag;0.834065854549408;0.0;0.9619645476341248;0.0;2.3641359312406167;0.533447396543836;0.466552603456164
1730783550.110397;/app/bags/user95_2017-02-24.bag;0.834065854549408;0.0;0.9619645476341248;0.0;2.3641359312406167;0.533447396543836;0.466552603456164
1730783550.3103971;/app/bags/user95_2017-02-24.bag;0.834065854549408;0.0;0.9619645476341248;0.0;2.3641359312406167;0.533447396543836;0.466552603456164
1730783550.5104032;/app/bags/user95_2017-02-24.bag;0.834065854549408;0.0;0.9619645476341248;0.0;2.3641359312406167;0.533447396543836;0.466552603456164
1730783550.7104568;/app/bags/user95_2017-02-24.bag;0.834065854549408;0.0;0.9619645476341248;0.0;2.3641359312406167;0.533447396543836;0.466552603456164
1730783550.910377;/app/bags/user95_2017-02-24.bag;0.834065854549408;0.0;0.9619645476341248;0.0;2.3641359312406167;0.533447396543836;0.466552603456164
1730783551.1103745;/app/bags/user95_2017-02-24.bag;0.834065854549408;0.0;0.9619645476341248;0.0;2.3641359312406167;0.533447396543836;0.466552603456164
1730783551.3104012;/app/bags/user95_2017-02-24.bag;0.834065854549408;0.0;0.9619645476341248;0.0;2.3641359312406167;0.533447396543836;0.466552603456164
1730783551.5103872;/app/bags/user95_2017-02-24.bag;0.834065854549408;0.0;0.9619645476341248;0.0;2.3641359312406167;0.533447396543836;0.466552603456164
1730783551.710408;/app/bags/user95_2017-02-24.bag;0.834065854549408;0.0;0.9619645476341248;0.0;2.3641359312406167;0.533447396543836;0.466552603456164
1730783551.910419;/app/bags/user95_2017-02-24.bag;0.834065854549408;0.0;0.9619645476341248;0.0;2.3641359312406167;0.533447396543836;0.466552603456164
1730783552.11041;/app/bags/user95_2017-02-24.bag;0.834065854549408;0.0;0.9619645476341248;0.0;2.3641359312406167;0.533447396543836;0.466552603456164
1730783552.310383;/app/bags/user95_2017-02-24.bag;0.834065854549408;0.0;0.9619645476341248;0.0;2.3641359312406167;0.533447396543836;0.466552603456164
1730783552.5103688;/app/bags/user95_2017-02-24.bag;0.834065854549408;0.0;0.9619645476341248;0.0;2.3641359312406167;0.533447396543836;0.466552603456164
1730783552.710582;/app/bags/user95_2017-02-24.bag;0.834065854549408;0.0;0.9619645476341248;0.0;2.3641359312406167;0.533447396543836;0.466552603456164
1730783552.9103813;/app/bags/user95_2017-02-24.bag;0.834065854549408;0.0;0.9619645476341248;0.0;2.3641359312406167;0.533447396543836;0.466552603456164
1730783553.1103897;/app/bags/user95_2017-02-24.bag;0.834065854549408;0.0;0.9619645476341248;0.0;2.3641359312406167;0.533447396543836;0.466552603456164
1730783553.3104553;/app/bags/user95_2017-02-24.bag;0.834065854549408;0.0;0.9619645476341248;0.0;2.3641359312406167;0.533447396543836;0.466552603456164
1730783553.5103838;/app/bags/user95_2017-02-24.bag;0.834065854549408;0.0;0.9619645476341248;0.0;2.3641359312406167;0.533447396543836;0.466552603456164
1730783553.7104025;/app/bags/user95_2017-02-24.bag;0.834065854549408;0.0;0.9619645476341248;0.0;2.3641359312406167;0.533447396543836;0.466552603456164
1730783553.910421;/app/bags/user95_2017-02-24.bag;0.834065854549408;0.0;0.9619645476341248;0.0;2.3641359312406167;0.533447396543836;0.466552603456164
1730783554.1104133;/app/bags/user95_2017-02-24.bag;0.834065854549408;0.0;0.9619645476341248;0.0;2.3641359312406167;0.533447396543836;0.466552603456164
1730783554.310408;/app/bags/user95_2017-02-24.bag;0.834065854549408;0.0;0.9619645476341248;0.0;2.3641359312406167;0.533447396543836;0.466552603456164
1730783554.5104232;/app/bags/user95_2017-02-24.bag;0.834065854549408;0.0;0.9619645476341248;0.0;2.3641359312406167;0.533447396543836;0.466552603456164
1730783554.7104783;/app/bags/user95_2017-02-24.bag;0.834065854549408;0.0;0.9619645476341248;0.0;2.3641359312406167;0.533447396543836;0.466552603456164
1730783554.9103487;/app/bags/user95_2017-02-24.bag;0.834065854549408;0.0;0.9619645476341248;0.0;2.3641359312406167;0.533447396543836;0.466552603456164
1730783555.1103544;/app/bags/user95_2017-02-24.bag;0.834065854549408;0.0;0.9619645476341248;0.0;2.3641359312406167;0.533447396543836;0.466552603456164
1730783555.3103898;/app/bags/user95_2017-02-24.bag;0.834065854549408;0.0;0.9619645476341248;0.0;2.3641359312406167;0.533447396543836;0.466552603456164
1730783555.5104103;/app/bags/user95_2017-02-24.bag;0.834065854549408;0.0;0.9619645476341248;0.0;2.3641359312406167;0.533447396543836;0.466552603456164
1730783555.7103534;/app/bags/user95_2017-02-24.bag;0.834065854549408;0.0;0.9619645476341248;0.0;2.3641359312406167;0.533447396543836;0.466552603456164
1730783555.9103794;/app/bags/user95_2017-02-24.bag;0.834065854549408;0.0;0.9619645476341248;0.0;2.3641359312406167;0.533447396543836;0.466552603456164
1730783556.1103969;/app/bags/user95_2017-02-24.bag;0.834065854549408;0.0;0.9619645476341248;0.0;2.3641359312406167;0.533447396543836;0.466552603456164
1730783556.3103878;/app/bags/user95_2017-02-24.bag;0.834065854549408;0.0;0.9619645476341248;0.0;2.3641359312406167;0.533447396543836;0.466552603456164
1730783556.5103958;/app/bags/user95_2017-02-24.bag;0.834065854549408;0.0;0.9619645476341248;0.0;2.3641359312406167;0.533447396543836;0.466552603456164
1730783556.7103817;/app/bags/user95_2017-02-24.bag;0.834065854549408;0.0;0.9619645476341248;0.0;2.3641359312406167;0.533447396543836;0.466552603456164
1730783556.910399;/app/bags/user95_2017-02-24.bag;0.834065854549408;0.0;0.9619645476341248;0.0;2.3641359312406167;0.533447396543836;0.466552603456164
1730783557.1104114;/app/bags/user95_2017-02-24.bag;0.834065854549408;0.0;0.9619645476341248;0.0;2.3641359312406167;0.533447396543836;0.466552603456164
1730783557.3103642;/app/bags/user95_2017-02-24.bag;0.834065854549408;0.0;0.9619645476341248;0.0;2.3641359312406167;0.533447396543836;0.466552603456164
1730783557.5104468;/app/bags/user95_2017-02-24.bag;0.834065854549408;0.0;0.9619645476341248;0.0;2.3641359312406167;0.533447396543836;0.466552603456164
1730783557.7103984;/app/bags/user95_2017-02-24.bag;0.834065854549408;0.0;0.9619645476341248;0.0;2.3641359312406167;0.533447396543836;0.466552603456164
1730783557.9103808;/app/bags/user95_2017-02-24.bag;0.834065854549408;0.0;0.9619645476341248;0.0;2.3641359312406167;0.533447396543836;0.466552603456164
1730783558.1103656;/app/bags/user95_2017-02-24.bag;0.834065854549408;0.0;0.9619645476341248;0.0;2.3641359312406167;0.533447396543836;0.466552603456164
1730783558.310399;/app/bags/user95_2017-02-24.bag;0.834065854549408;0.0;0.9619645476341248;0.0;2.3641359312406167;0.533447396543836;0.466552603456164
1730783558.5103774;/app/bags/user95_2017-02-24.bag;0.834065854549408;0.0;0.9619645476341248;0.0;2.3641359312406167;0.533447396543836;0.466552603456164
1730783558.710378;/app/bags/user95_2017-02-24.bag;0.834065854549408;0.0;0.9619645476341248;0.0;2.3641359312406167;0.533447396543836;0.466552603456164
1730783558.9104078;/app/bags/user95_2017-02-24.bag;0.834065854549408;0.0;0.9619645476341248;0.0;2.3641359312406167;0.533447396543836;0.466552603456164
1730783559.1104589;/app/bags/user95_2017-02-24.bag;0.834065854549408;0.0;0.9619645476341248;0.0;2.3641359312406167;0.533447396543836;0.466552603456164
1730783559.3103626;/app/bags/user95_2017-02-24.bag;0.834065854549408;0.0;0.9619645476341248;0.0;2.3641359312406167;0.533447396543836;0.466552603456164
1730783559.5104492;/app/bags/user95_2017-02-24.bag;0.834065854549408;0.0;0.9619645476341248;0.0;2.3641359312406167;0.533447396543836;0.466552603456164
1730783559.710371;/app/bags/user95_2017-02-24.bag;0.834065854549408;0.0;0.9619645476341248;0.0;2.3641359312406167;0.533447396543836;0.466552603456164
1730783559.9103498;/app/bags/user95_2017-02-24.bag;0.834065854549408;0.0;0.9619645476341248;0.0;2.3641359312406167;0.533447396543836;0.466552603456164
1730783560.1103973;/app/bags/user95_2017-02-24.bag;0.834065854549408;0.0;0.9619645476341248;0.0;2.3641359312406167;0.533447396543836;0.466552603456164
1730783560.3103895;/app/bags/user95_2017-02-24.bag;0.834065854549408;0.0;0.9619645476341248;0.0;2.3641359312406167;0.533447396543836;0.466552603456164
1730783560.5103927;/app/bags/user95_2017-02-24.bag;0.834065854549408;0.0;0.9619645476341248;0.0;2.3641359312406167;0.533447396543836;0.466552603456164
1730783560.7104182;/app/bags/user95_2017-02-24.bag;0.834065854549408;0.0;0.9619645476341248;0.0;2.3641359312406167;0.533447396543836;0.466552603456164
1730783560.9103804;/app/bags/user95_2017-02-24.bag;0.834065854549408;0.0;0.9619645476341248;0.0;2.3641359312406167;0.533447396543836;0.466552603456164
1730783561.1103635;/app/bags/user95_2017-02-24.bag;0.834065854549408;0.0;0.9619645476341248;0.0;2.3641359312406167;0.533447396543836;0.466552603456164
1730783561.3103392;/app/bags/user95_2017-02-24.bag;0.834065854549408;0.0;0.9619645476341248;0.0;2.3641359312406167;0.533447396543836;0.466552603456164
1730783561.510377;/app/bags/user95_2017-02-24.bag;0.834065854549408;0.0;0.9619645476341248;0.0;2.3641359312406167;0.533447396543836;0.466552603456164
1730783561.7103763;/app/bags/user95_2017-02-24.bag;0.834065854549408;0.0;0.9619645476341248;0.0;2.3641359312406167;0.533447396543836;0.466552603456164
1730783561.9104586;/app/bags/user95_2017-02-24.bag;0.834065854549408;0.0;0.9619645476341248;0.0;2.3641359312406167;0.533447396543836;0.466552603456164
1730783562.1103961;/app/bags/user95_2017-02-24.bag;0.834065854549408;0.0;0.9619645476341248;0.0;2.3641359312406167;0.533447396543836;0.466552603456164
1730783562.310387;/app/bags/user95_2017-02-24.bag;0.834065854549408;0.0;0.9619645476341248;0.0;2.3641359312406167;0.533447396543836;0.466552603456164
1730783562.51041;/app/bags/user95_2017-02-24.bag;0.834065854549408;0.0;0.9619645476341248;0.0;2.3641359312406167;0.533447396543836;0.466552603456164
1730783562.7106133;/app/bags/user95_2017-02-24.bag;0.834065854549408;0.0;0.9619645476341248;0.0;2.3641359312406167;0.533447396543836;0.466552603456164
1730783562.9104023;/app/bags/user95_2017-02-24.bag;0.834065854549408;0.0;0.9619645476341248;0.0;2.3641359312406167;0.533447396543836;0.466552603456164
1730783563.110382;/app/bags/user95_2017-02-24.bag;0.834065854549408;0.0;0.9619645476341248;0.0;2.3641359312406167;0.533447396543836;0.466552603456164
1730783563.3104396;/app/bags/user95_2017-02-24.bag;0.834065854549408;0.0;0.9619645476341248;0.0;2.3641359312406167;0.533447396543836;0.466552603456164
1730783563.5104039;/app/bags/user95_2017-02-24.bag;0.834065854549408;0.0;0.9619645476341248;0.0;2.3641359312406167;0.533447396543836;0.466552603456164
1730783563.7104356;/app/bags/user95_2017-02-24.bag;0.834065854549408;0.0;0.9619645476341248;0.0;2.3641359312406167;0.533447396543836;0.466552603456164
1730783563.9103506;/app/bags/user95_2017-02-24.bag;0.834065854549408;0.0;0.9619645476341248;0.0;2.3641359312406167;0.533447396543836;0.466552603456164
1730783564.1104233;/app/bags/user95_2017-02-24.bag;0.834065854549408;0.0;0.9619645476341248;0.0;2.3641359312406167;0.533447396543836;0.466552603456164
1730783564.3104067;/app/bags/user95_2017-02-24.bag;0.834065854549408;0.0;0.9619645476341248;0.0;2.3641359312406167;0.533447396543836;0.466552603456164
1730783564.5103781;/app/bags/user95_2017-02-24.bag;0.834065854549408;0.0;0.9619645476341248;0.0;2.3641359312406167;0.533447396543836;0.466552603456164
1730783564.7104092;/app/bags/user95_2017-02-24.bag;0.834065854549408;0.0;0.9619645476341248;0.0;2.3641359312406167;0.533447396543836;0.466552603456164
1730783564.9103572;/app/bags/user95_2017-02-24.bag;0.834065854549408;0.0;0.9619645476341248;0.0;2.3641359312406167;0.533447396543836;0.466552603456164
1730783565.1104674;/app/bags/user95_2017-02-24.bag;0.834065854549408;0.0;0.9619645476341248;0.0;2.3641359312406167;0.533447396543836;0.466552603456164
1730783565.3104017;/app/bags/user95_2017-02-24.bag;0.834065854549408;0.0;0.9619645476341248;0.0;2.3641359312406167;0.533447396543836;0.466552603456164
1730783565.5104136;/app/bags/user95_2017-02-24.bag;0.834065854549408;0.0;0.9619645476341248;0.0;2.3641359312406167;0.533447396543836;0.466552603456164
1730783565.7103937;/app/bags/user95_2017-02-24.bag;0.834065854549408;0.0;0.9619645476341248;0.0;2.3641359312406167;0.533447396543836;0.466552603456164
1730783565.9103646;/app/bags/user95_2017-02-24.bag;0.834065854549408;0.0;0.9619645476341248;0.0;2.3641359312406167;0.533447396543836;0.466552603456164
1730783566.1103604;/app/bags/user95_2017-02-24.bag;0.834065854549408;0.0;0.9619645476341248;0.0;2.3641359312406167;0.533447396543836;0.466552603456164
1730783566.310386;/app/bags/user95_2017-02-24.bag;0.834065854549408;0.0;0.9619645476341248;0.0;2.3641359312406167;0.533447396543836;0.466552603456164
1730783566.5103867;/app/bags/user95_2017-02-24.bag;0.834065854549408;0.0;0.9619645476341248;0.0;2.3641359312406167;0.533447396543836;0.466552603456164
1730783566.7103865;/app/bags/user95_2017-02-24.bag;0.834065854549408;0.0;0.9619645476341248;0.0;2.3641359312406167;0.533447396543836;0.466552603456164
1730783566.9104064;/app/bags/user95_2017-02-24.bag;0.834065854549408;0.0;0.9619645476341248;0.0;2.3641359312406167;0.533447396543836;0.466552603456164
1730783567.1104329;/app/bags/user95_2017-02-24.bag;0.834065854549408;0.0;0.9619645476341248;0.0;2.3641359312406167;0.533447396543836;0.466552603456164
1730783567.310379;/app/bags/user95_2017-02-24.bag;0.834065854549408;0.0;0.9619645476341248;0.0;2.3641359312406167;0.533447396543836;0.466552603456164
1730783567.510401;/app/bags/user95_2017-02-24.bag;0.834065854549408;0.0;0.9619645476341248;0.0;2.3641359312406167;0.533447396543836;0.466552603456164
1730783567.7104204;/app/bags/user95_2017-02-24.bag;0.834065854549408;0.0;0.9619645476341248;0.0;2.3641359312406167;0.533447396543836;0.466552603456164
1730783567.9103613;/app/bags/user95_2017-02-24.bag;0.834065854549408;0.0;0.9619645476341248;0.0;2.3641359312406167;0.533447396543836;0.466552603456164
1730783568.11044;/app/bags/user95_2017-02-24.bag;0.834065854549408;0.0;0.9619645476341248;0.0;2.3641359312406167;0.533447396543836;0.466552603456164
1730783568.3103826;/app/bags/user95_2017-02-24.bag;0.834065854549408;0.0;0.9619645476341248;0.0;2.3641359312406167;0.533447396543836;0.466552603456164
1730783568.5103793;/app/bags/user95_2017-02-24.bag;0.834065854549408;0.0;0.9619645476341248;0.0;2.3641359312406167;0.533447396543836;0.466552603456164
1730783568.7103717;/app/bags/user95_2017-02-24.bag;0.834065854549408;0.0;0.9619645476341248;0.0;2.3641359312406167;0.533447396543836;0.466552603456164
1730783568.9103787;/app/bags/user95_2017-02-24.bag;0.834065854549408;0.0;0.9619645476341248;0.0;2.3641359312406167;0.533447396543836;0.466552603456164
1730783569.1103964;/app/bags/user95_2017-02-24.bag;0.834065854549408;0.0;0.9619645476341248;0.0;2.3641359312406167;0.533447396543836;0.466552603456164
1730783569.3103936;/app/bags/user95_2017-02-24.bag;0.834065854549408;0.0;0.9619645476341248;0.0;2.3641359312406167;0.533447396543836;0.466552603456164
1730783569.5104554;/app/bags/user95_2017-02-24.bag;0.834065854549408;0.0;0.9619645476341248;0.0;2.3641359312406167;0.533447396543836;0.466552603456164
1730783569.710398;/app/bags/user95_2017-02-24.bag;0.834065854549408;0.0;0.9619645476341248;0.0;2.3641359312406167;0.533447396543836;0.466552603456164
1730783569.9103677;/app/bags/user95_2017-02-24.bag;0.834065854549408;0.0;0.9619645476341248;0.0;2.3641359312406167;0.533447396543836;0.466552603456164
1730783570.1104097;/app/bags/user95_2017-02-24.bag;0.834065854549408;0.0;0.9619645476341248;0.0;2.3641359312406167;0.533447396543836;0.466552603456164
1730783570.310414;/app/bags/user95_2017-02-24.bag;0.834065854549408;0.0;0.9619645476341248;0.0;2.3641359312406167;0.533447396543836;0.466552603456164
1730783570.5104282;/app/bags/user95_2017-02-24.bag;0.834065854549408;0.0;0.9619645476341248;0.0;2.3641359312406167;0.533447396543836;0.466552603456164
1730783570.710389;/app/bags/user95_2017-02-24.bag;0.834065854549408;0.0;0.9619645476341248;0.0;2.3641359312406167;0.533447396543836;0.466552603456164
1730783570.910419;/app/bags/user95_2017-02-24.bag;0.834065854549408;0.0;0.9619645476341248;0.0;2.3641359312406167;0.533447396543836;0.466552603456164
1730783571.110416;/app/bags/user95_2017-02-24.bag;0.834065854549408;0.0;0.9619645476341248;0.0;2.3641359312406167;0.533447396543836;0.466552603456164
1730783571.3104074;/app/bags/user95_2017-02-24.bag;0.834065854549408;0.0;0.9619645476341248;0.0;2.3641359312406167;0.533447396543836;0.466552603456164
1730783571.5103812;/app/bags/user95_2017-02-24.bag;0.834065854549408;0.0;0.9619645476341248;0.0;2.3641359312406167;0.533447396543836;0.466552603456164
1730783571.710367;/app/bags/user95_2017-02-24.bag;0.834065854549408;0.0;0.9619645476341248;0.0;2.3641359312406167;0.533447396543836;0.466552603456164
1730783571.910335;/app/bags/user95_2017-02-24.bag;0.834065854549408;0.0;0.9619645476341248;0.0;2.3641359312406167;0.533447396543836;0.466552603456164
1730783572.1103773;/app/bags/user95_2017-02-24.bag;0.834065854549408;0.0;0.9619645476341248;0.0;2.3641359312406167;0.533447396543836;0.466552603456164
1730783572.3104382;/app/bags/user95_2017-02-24.bag;0.834065854549408;0.0;0.9619645476341248;0.0;2.3641359312406167;0.533447396543836;0.466552603456164
1730783572.5103765;/app/bags/user95_2017-02-24.bag;0.834065854549408;0.0;0.9619645476341248;0.0;2.3641359312406167;0.533447396543836;0.466552603456164
1730783572.7103956;/app/bags/user95_2017-02-24.bag;0.834065854549408;0.0;0.9619645476341248;0.0;2.3641359312406167;0.533447396543836;0.466552603456164
1730783572.9103808;/app/bags/user95_2017-02-24.bag;0.834065854549408;0.0;0.9619645476341248;0.0;2.3641359312406167;0.533447396543836;0.466552603456164
1730783573.110385;/app/bags/user95_2017-02-24.bag;0.834065854549408;0.0;0.9619645476341248;0.0;2.3641359312406167;0.533447396543836;0.466552603456164
1730783573.3104057;/app/bags/user95_2017-02-24.bag;0.834065854549408;0.0;0.9619645476341248;0.0;2.3641359312406167;0.533447396543836;0.466552603456164
1730783573.5103583;/app/bags/user95_2017-02-24.bag;0.834065854549408;0.0;0.9619645476341248;0.0;2.3641359312406167;0.533447396543836;0.466552603456164
1730783573.710436;/app/bags/user95_2017-02-24.bag;0.834065854549408;0.0;0.9619645476341248;0.0;2.3641359312406167;0.533447396543836;0.466552603456164
1730783573.9104273;/app/bags/user95_2017-02-24.bag;0.834065854549408;0.0;0.9619645476341248;0.0;2.3641359312406167;0.533447396543836;0.466552603456164
1730783574.1103446;/app/bags/user95_2017-02-24.bag;0.834065854549408;0.0;0.9619645476341248;0.0;2.3641359312406167;0.533447396543836;0.466552603456164
1730783574.3103783;/app/bags/user95_2017-02-24.bag;0.834065854549408;0.0;0.9619645476341248;0.0;2.3641359312406167;0.533447396543836;0.466552603456164
1730783574.5104146;/app/bags/user95_2017-02-24.bag;0.834065854549408;0.0;0.9619645476341248;0.0;2.3641359312406167;0.533447396543836;0.466552603456164
1730783574.7103891;/app/bags/user95_2017-02-24.bag;0.834065854549408;0.0;0.9619645476341248;0.0;2.3641359312406167;0.533447396543836;0.466552603456164
1730783574.9103904;/app/bags/user95_2017-02-24.bag;0.834065854549408;0.0;0.9619645476341248;0.0;2.3641359312406167;0.533447396543836;0.466552603456164
1730783575.1103818;/app/bags/user95_2017-02-24.bag;0.834065854549408;0.0;0.9619645476341248;0.0;2.3641359312406167;0.533447396543836;0.466552603456164
1730783575.3104534;/app/bags/user95_2017-02-24.bag;0.834065854549408;0.0;0.9619645476341248;0.0;2.3641359312406167;0.533447396543836;0.466552603456164
1730783575.510403;/app/bags/user95_2017-02-24.bag;0.834065854549408;0.0;0.9619645476341248;0.0;2.3641359312406167;0.533447396543836;0.466552603456164
1730783575.7104144;/app/bags/user95_2017-02-24.bag;0.834065854549408;0.0;0.9619645476341248;0.0;2.3641359312406167;0.533447396543836;0.466552603456164
1730783575.910383;/app/bags/user95_2017-02-24.bag;0.834065854549408;0.0;0.9619645476341248;0.0;2.3641359312406167;0.533447396543836;0.466552603456164
1730783576.110386;/app/bags/user95_2017-02-24.bag;0.834065854549408;0.0;0.9619645476341248;0.0;2.3641359312406167;0.533447396543836;0.466552603456164
1730783576.3104005;/app/bags/user95_2017-02-24.bag;0.834065854549408;0.0;0.9619645476341248;0.0;2.3641359312406167;0.533447396543836;0.466552603456164
1730783576.5103939;/app/bags/user95_2017-02-24.bag;0.834065854549408;0.0;0.9619645476341248;0.0;2.3641359312406167;0.533447396543836;0.466552603456164
1730783576.7103765;/app/bags/user95_2017-02-24.bag;0.834065854549408;0.0;0.9619645476341248;0.0;2.3641359312406167;0.533447396543836;0.466552603456164
1730783576.910379;/app/bags/user95_2017-02-24.bag;0.834065854549408;0.0;0.9619645476341248;0.0;2.3641359312406167;0.533447396543836;0.466552603456164
1730783577.1103563;/app/bags/user95_2017-02-24.bag;0.834065854549408;0.0;0.9619645476341248;0.0;2.3641359312406167;0.533447396543836;0.466552603456164
1730783577.3104444;/app/bags/user95_2017-02-24.bag;0.834065854549408;0.0;0.9619645476341248;0.0;2.3641359312406167;0.533447396543836;0.466552603456164
1730783577.5103986;/app/bags/user95_2017-02-24.bag;0.834065854549408;0.0;0.9619645476341248;0.0;2.3641359312406167;0.533447396543836;0.466552603456164
1730783577.710373;/app/bags/user95_2017-02-24.bag;0.834065854549408;0.0;0.9619645476341248;0.0;2.3641359312406167;0.533447396543836;0.466552603456164
1730783577.9103763;/app/bags/user95_2017-02-24.bag;0.834065854549408;0.0;0.9619645476341248;0.0;2.3641359312406167;0.533447396543836;0.466552603456164
1730783578.1103878;/app/bags/user95_2017-02-24.bag;0.834065854549408;0.0;0.9619645476341248;0.0;2.3641359312406167;0.533447396543836;0.466552603456164
1730783578.3104181;/app/bags/user95_2017-02-24.bag;0.834065854549408;0.0;0.9619645476341248;0.0;2.3641359312406167;0.533447396543836;0.466552603456164
1730783578.5103989;/app/bags/user95_2017-02-24.bag;0.834065854549408;0.0;0.9619645476341248;0.0;2.3641359312406167;0.533447396543836;0.466552603456164
1730783578.7105186;/app/bags/user95_2017-02-24.bag;0.834065854549408;0.0;0.9619645476341248;0.0;2.3641359312406167;0.533447396543836;0.466552603456164
1730783578.910391;/app/bags/user95_2017-02-24.bag;0.834065854549408;0.0;0.9619645476341248;0.0;2.3641359312406167;0.533447396543836;0.466552603456164
1730783579.1103876;/app/bags/user95_2017-02-24.bag;0.834065854549408;0.0;0.9619645476341248;0.0;2.3641359312406167;0.533447396543836;0.466552603456164
1730783579.3103824;/app/bags/user95_2017-02-24.bag;0.834065854549408;0.0;0.9619645476341248;0.0;2.3641359312406167;0.533447396543836;0.466552603456164
1730783579.5103958;/app/bags/user95_2017-02-24.bag;0.834065854549408;0.0;0.9619645476341248;0.0;2.3641359312406167;0.533447396543836;0.466552603456164
1730783579.7104158;/app/bags/user95_2017-02-24.bag;0.834065854549408;0.0;0.9619645476341248;0.0;2.3641359312406167;0.533447396543836;0.466552603456164
1730783579.910355;/app/bags/user95_2017-02-24.bag;0.834065854549408;0.0;0.9619645476341248;0.0;2.3641359312406167;0.533447396543836;0.466552603456164
1730783580.1103795;/app/bags/user95_2017-02-24.bag;0.834065854549408;0.0;0.9619645476341248;0.0;2.3641359312406167;0.533447396543836;0.466552603456164
1730783580.3104177;/app/bags/user95_2017-02-24.bag;0.834065854549408;0.0;0.9619645476341248;0.0;2.3641359312406167;0.533447396543836;0.466552603456164
1730783580.5103772;/app/bags/user95_2017-02-24.bag;0.834065854549408;0.0;0.9619645476341248;0.0;2.3641359312406167;0.533447396543836;0.466552603456164
1730783580.7104216;/app/bags/user95_2017-02-24.bag;0.834065854549408;0.0;0.9619645476341248;0.0;2.3641359312406167;0.533447396543836;0.466552603456164
1730783580.910336;/app/bags/user95_2017-02-24.bag;0.834065854549408;0.0;0.9619645476341248;0.0;2.3641359312406167;0.533447396543836;0.466552603456164
1730783581.1104233;/app/bags/user95_2017-02-24.bag;0.834065854549408;0.0;0.9619645476341248;0.0;2.3641359312406167;0.533447396543836;0.466552603456164
1730783581.3103766;/app/bags/user95_2017-02-24.bag;0.834065854549408;0.0;0.9619645476341248;0.0;2.3641359312406167;0.533447396543836;0.466552603456164
1730783581.510435;/app/bags/user95_2017-02-24.bag;0.834065854549408;0.0;0.9619645476341248;0.0;2.3641359312406167;0.533447396543836;0.466552603456164
1730783581.710374;/app/bags/user95_2017-02-24.bag;0.834065854549408;0.0;0.9619645476341248;0.0;2.3641359312406167;0.533447396543836;0.466552603456164
1730783581.910391;/app/bags/user95_2017-02-24.bag;0.834065854549408;0.0;0.9619645476341248;0.0;2.3641359312406167;0.533447396543836;0.466552603456164
1730783582.110399;/app/bags/user95_2017-02-24.bag;0.834065854549408;0.0;0.9619645476341248;0.0;2.3641359312406167;0.533447396543836;0.466552603456164
1730783582.3103926;/app/bags/user95_2017-02-24.bag;0.834065854549408;0.0;0.9619645476341248;0.0;2.3641359312406167;0.533447396543836;0.466552603456164
1730783582.510392;/app/bags/user95_2017-02-24.bag;0.834065854549408;0.0;0.9619645476341248;0.0;2.3641359312406167;0.533447396543836;0.466552603456164
1730783582.7104433;/app/bags/user95_2017-02-24.bag;0.834065854549408;0.0;0.9619645476341248;0.0;2.3641359312406167;0.533447396543836;0.466552603456164
1730783582.910367;/app/bags/user95_2017-02-24.bag;0.834065854549408;0.0;0.9619645476341248;0.0;2.3641359312406167;0.533447396543836;0.466552603456164
1730783583.1103723;/app/bags/user95_2017-02-24.bag;0.834065854549408;0.0;0.9619645476341248;0.0;2.3641359312406167;0.533447396543836;0.466552603456164
1730783583.3103745;/app/bags/user95_2017-02-24.bag;0.834065854549408;0.0;0.9619645476341248;0.0;2.3641359312406167;0.533447396543836;0.466552603456164
1730783583.5104563;/app/bags/user95_2017-02-24.bag;0.834065854549408;0.0;0.9619645476341248;0.0;2.3641359312406167;0.533447396543836;0.466552603456164
1730783583.7103763;/app/bags/user95_2017-02-24.bag;0.834065854549408;0.0;0.9619645476341248;0.0;2.3641359312406167;0.533447396543836;0.466552603456164
1730783583.910386;/app/bags/user95_2017-02-24.bag;0.834065854549408;0.0;0.9619645476341248;0.0;2.3641359312406167;0.533447396543836;0.466552603456164
1730783584.1104677;/app/bags/user95_2017-02-24.bag;0.834065854549408;0.0;0.9619645476341248;0.0;2.3641359312406167;0.533447396543836;0.466552603456164
1730783584.3103967;/app/bags/user95_2017-02-24.bag;0.834065854549408;0.0;0.9619645476341248;0.0;2.3641359312406167;0.533447396543836;0.466552603456164
1730783584.5103831;/app/bags/user95_2017-02-24.bag;0.834065854549408;0.0;0.9619645476341248;0.0;2.3641359312406167;0.533447396543836;0.466552603456164
1730783584.7103524;/app/bags/user95_2017-02-24.bag;0.834065854549408;0.0;0.9619645476341248;0.0;2.3641359312406167;0.533447396543836;0.466552603456164
1730783584.9103775;/app/bags/user95_2017-02-24.bag;0.834065854549408;0.0;0.9619645476341248;0.0;2.3641359312406167;0.533447396543836;0.466552603456164
1730783585.1103935;/app/bags/user95_2017-02-24.bag;0.834065854549408;0.0;0.9619645476341248;0.0;2.3641359312406167;0.533447396543836;0.466552603456164
1730783585.3104534;/app/bags/user95_2017-02-24.bag;0.834065854549408;0.0;0.9619645476341248;0.0;2.3641359312406167;0.533447396543836;0.466552603456164
1730783585.5103805;/app/bags/user95_2017-02-24.bag;0.834065854549408;0.0;0.9619645476341248;0.0;2.3641359312406167;0.533447396543836;0.466552603456164
1730783585.7104714;/app/bags/user95_2017-02-24.bag;0.834065854549408;0.0;0.9619645476341248;0.0;2.3641359312406167;0.533447396543836;0.466552603456164
1730783585.910391;/app/bags/user95_2017-02-24.bag;0.834065854549408;0.0;0.9619645476341248;0.0;2.3641359312406167;0.533447396543836;0.466552603456164
1730783586.1103544;/app/bags/user95_2017-02-24.bag;0.834065854549408;0.0;0.9619645476341248;0.0;2.3641359312406167;0.533447396543836;0.466552603456164
1730783586.3103867;/app/bags/user95_2017-02-24.bag;0.834065854549408;0.0;0.9619645476341248;0.0;2.3641359312406167;0.533447396543836;0.466552603456164
1730783586.5103889;/app/bags/user95_2017-02-24.bag;0.834065854549408;0.0;0.9619645476341248;0.0;2.3641359312406167;0.533447396543836;0.466552603456164
1730783586.7103548;/app/bags/user95_2017-02-24.bag;0.834065854549408;0.0;0.9619645476341248;0.0;2.3641359312406167;0.533447396543836;0.466552603456164
1730783586.910363;/app/bags/user95_2017-02-24.bag;0.834065854549408;0.0;0.9619645476341248;0.0;2.3641359312406167;0.533447396543836;0.466552603456164
1730783587.1106236;/app/bags/user95_2017-02-24.bag;0.834065854549408;0.0;0.9619645476341248;0.0;2.3641359312406167;0.533447396543836;0.466552603456164
1730783587.31059;/app/bags/user95_2017-02-24.bag;0.834065854549408;0.0;0.9619645476341248;0.0;2.3641359312406167;0.533447396543836;0.466552603456164
1730783587.5103564;/app/bags/user95_2017-02-24.bag;0.834065854549408;0.0;0.9619645476341248;0.0;2.3641359312406167;0.533447396543836;0.466552603456164
1730783587.7104342;/app/bags/user95_2017-02-24.bag;0.834065854549408;0.0;0.9619645476341248;0.0;2.3641359312406167;0.533447396543836;0.466552603456164
1730783587.9103749;/app/bags/user95_2017-02-24.bag;0.834065854549408;0.0;0.9619645476341248;0.0;2.3641359312406167;0.533447396543836;0.466552603456164
1730783588.1103945;/app/bags/user95_2017-02-24.bag;0.834065854549408;0.0;0.9619645476341248;0.0;2.3641359312406167;0.533447396543836;0.466552603456164
1730783588.3104098;/app/bags/user95_2017-02-24.bag;0.834065854549408;0.0;0.9619645476341248;0.0;2.3641359312406167;0.533447396543836;0.466552603456164
1730783588.5103872;/app/bags/user95_2017-02-24.bag;0.834065854549408;0.0;0.9619645476341248;0.0;2.3641359312406167;0.533447396543836;0.466552603456164
1730783588.7104113;/app/bags/user95_2017-02-24.bag;0.834065854549408;0.0;0.9619645476341248;0.0;2.3641359312406167;0.533447396543836;0.466552603456164
1730783588.9103725;/app/bags/user95_2017-02-24.bag;0.834065854549408;0.0;0.9619645476341248;0.0;2.3641359312406167;0.533447396543836;0.466552603456164
1730783589.1103835;/app/bags/user95_2017-02-24.bag;0.834065854549408;0.0;0.9619645476341248;0.0;2.3641359312406167;0.533447396543836;0.466552603456164
1730783589.3103938;/app/bags/user95_2017-02-24.bag;0.834065854549408;0.0;0.9619645476341248;0.0;2.3641359312406167;0.533447396543836;0.466552603456164
1730783589.510397;/app/bags/user95_2017-02-24.bag;0.834065854549408;0.0;0.9619645476341248;0.0;2.3641359312406167;0.533447396543836;0.466552603456164
1730783589.7103996;/app/bags/user95_2017-02-24.bag;0.834065854549408;0.0;0.9619645476341248;0.0;2.3641359312406167;0.533447396543836;0.466552603456164
1730783589.9104018;/app/bags/user95_2017-02-24.bag;0.834065854549408;0.0;0.9619645476341248;0.0;2.3641359312406167;0.533447396543836;0.466552603456164
1730783590.1104045;/app/bags/user95_2017-02-24.bag;0.834065854549408;0.0;0.9619645476341248;0.0;2.3641359312406167;0.533447396543836;0.466552603456164
1730783590.3103526;/app/bags/user95_2017-02-24.bag;0.834065854549408;0.0;0.9619645476341248;0.0;2.3641359312406167;0.533447396543836;0.466552603456164
1730783590.5103612;/app/bags/user95_2017-02-24.bag;0.834065854549408;0.0;0.9619645476341248;0.0;2.3641359312406167;0.533447396543836;0.466552603456164
1730783590.7103875;/app/bags/user95_2017-02-24.bag;0.834065854549408;0.0;0.9619645476341248;0.0;2.3641359312406167;0.533447396543836;0.466552603456164
1730783590.9104025;/app/bags/user95_2017-02-24.bag;0.834065854549408;0.0;0.9619645476341248;0.0;2.3641359312406167;0.533447396543836;0.466552603456164
1730783591.1103823;/app/bags/user95_2017-02-24.bag;0.834065854549408;0.0;0.9619645476341248;0.0;2.3641359312406167;0.533447396543836;0.466552603456164
1730783591.3104503;/app/bags/user95_2017-02-24.bag;0.834065854549408;0.0;0.9619645476341248;0.0;2.3641359312406167;0.533447396543836;0.466552603456164
1730783591.5104291;/app/bags/user95_2017-02-24.bag;0.834065854549408;0.0;0.9619645476341248;0.0;2.3641359312406167;0.533447396543836;0.466552603456164
1730783591.7104065;/app/bags/user95_2017-02-24.bag;0.834065854549408;0.0;0.9619645476341248;0.0;2.3641359312406167;0.533447396543836;0.466552603456164
1730783591.9103527;/app/bags/user95_2017-02-24.bag;0.834065854549408;0.0;0.9619645476341248;0.0;2.3641359312406167;0.533447396543836;0.466552603456164
1730783592.1104267;/app/bags/user95_2017-02-24.bag;0.834065854549408;0.0;0.9619645476341248;0.0;2.3641359312406167;0.533447396543836;0.466552603456164
1730783592.3103893;/app/bags/user95_2017-02-24.bag;0.834065854549408;0.0;0.9619645476341248;0.0;2.3641359312406167;0.533447396543836;0.466552603456164
1730783592.5104434;/app/bags/user95_2017-02-24.bag;0.834065854549408;0.0;0.9619645476341248;0.0;2.3641359312406167;0.533447396543836;0.466552603456164
1730783592.7104115;/app/bags/user95_2017-02-24.bag;0.834065854549408;0.0;0.9619645476341248;0.0;2.3641359312406167;0.533447396543836;0.466552603456164
1730783592.9103758;/app/bags/user95_2017-02-24.bag;0.834065854549408;0.0;0.9619645476341248;0.0;2.3641359312406167;0.533447396543836;0.466552603456164
1730783593.110403;/app/bags/user95_2017-02-24.bag;0.834065854549408;0.0;0.9619645476341248;0.0;2.3641359312406167;0.533447396543836;0.466552603456164
1730783593.3103826;/app/bags/user95_2017-02-24.bag;0.834065854549408;0.0;0.9619645476341248;0.0;2.3641359312406167;0.533447396543836;0.466552603456164
1730783593.5104022;/app/bags/user95_2017-02-24.bag;0.834065854549408;0.0;0.9619645476341248;0.0;2.3641359312406167;0.533447396543836;0.466552603456164
1730783593.7103896;/app/bags/user95_2017-02-24.bag;0.834065854549408;0.0;0.9619645476341248;0.0;2.3641359312406167;0.533447396543836;0.466552603456164
1730783593.9103868;/app/bags/user95_2017-02-24.bag;0.834065854549408;0.0;0.9619645476341248;0.0;2.3641359312406167;0.533447396543836;0.466552603456164
1730783594.1104364;/app/bags/user95_2017-02-24.bag;0.834065854549408;0.0;0.9619645476341248;0.0;2.3641359312406167;0.533447396543836;0.466552603456164
1730783594.310416;/app/bags/user95_2017-02-24.bag;0.834065854549408;0.0;0.9619645476341248;0.0;2.3641359312406167;0.533447396543836;0.466552603456164
1730783594.5103872;/app/bags/user95_2017-02-24.bag;0.834065854549408;0.0;0.9619645476341248;0.0;2.3641359312406167;0.533447396543836;0.466552603456164
1730783594.7103515;/app/bags/user95_2017-02-24.bag;0.834065854549408;0.0;0.9619645476341248;0.0;2.3641359312406167;0.533447396543836;0.466552603456164
1730783594.9103801;/app/bags/user95_2017-02-24.bag;0.834065854549408;0.0;0.9619645476341248;0.0;2.3641359312406167;0.533447396543836;0.466552603456164
1730783595.1103745;/app/bags/user95_2017-02-24.bag;0.834065854549408;0.0;0.9619645476341248;0.0;2.3641359312406167;0.533447396543836;0.466552603456164
1730783595.3103712;/app/bags/user95_2017-02-24.bag;0.834065854549408;0.0;0.9619645476341248;0.0;2.3641359312406167;0.533447396543836;0.466552603456164
1730783595.5104375;/app/bags/user95_2017-02-24.bag;0.834065854549408;0.0;0.9619645476341248;0.0;2.3641359312406167;0.533447396543836;0.466552603456164
1730783595.7103705;/app/bags/user95_2017-02-24.bag;0.834065854549408;0.0;0.9619645476341248;0.0;2.3641359312406167;0.533447396543836;0.466552603456164
1730783595.910436;/app/bags/user95_2017-02-24.bag;0.834065854549408;0.0;0.9619645476341248;0.0;2.3641359312406167;0.533447396543836;0.466552603456164
1730783596.1103635;/app/bags/user95_2017-02-24.bag;0.834065854549408;0.0;0.9619645476341248;0.0;2.3641359312406167;0.533447396543836;0.466552603456164
1730783596.3103826;/app/bags/user95_2017-02-24.bag;0.834065854549408;0.0;0.9619645476341248;0.0;2.3641359312406167;0.533447396543836;0.466552603456164
1730783596.5103724;/app/bags/user95_2017-02-24.bag;0.834065854549408;0.0;0.9619645476341248;0.0;2.3641359312406167;0.533447396543836;0.466552603456164
1730783596.710407;/app/bags/user95_2017-02-24.bag;0.834065854549408;0.0;0.9619645476341248;0.0;2.3641359312406167;0.533447396543836;0.466552603456164
1730783596.910407;/app/bags/user95_2017-02-24.bag;0.834065854549408;0.0;0.9619645476341248;0.0;2.3641359312406167;0.533447396543836;0.466552603456164
1730783597.1103866;/app/bags/user95_2017-02-24.bag;0.834065854549408;0.0;0.9619645476341248;0.0;2.3641359312406167;0.533447396543836;0.466552603456164
1730783597.3104026;/app/bags/user95_2017-02-24.bag;0.834065854549408;0.0;0.9619645476341248;0.0;2.3641359312406167;0.533447396543836;0.466552603456164
1730783597.5104036;/app/bags/user95_2017-02-24.bag;0.834065854549408;0.0;0.9619645476341248;0.0;2.3641359312406167;0.533447396543836;0.466552603456164
1730783597.7103915;/app/bags/user95_2017-02-24.bag;0.834065854549408;0.0;0.9619645476341248;0.0;2.3641359312406167;0.533447396543836;0.466552603456164
1730783597.9103703;/app/bags/user95_2017-02-24.bag;0.834065854549408;0.0;0.9619645476341248;0.0;2.3641359312406167;0.533447396543836;0.466552603456164
1730783598.1103897;/app/bags/user95_2017-02-24.bag;0.834065854549408;0.0;0.9619645476341248;0.0;2.3641359312406167;0.533447396543836;0.466552603456164
1730783598.310389;/app/bags/user95_2017-02-24.bag;0.834065854549408;0.0;0.9619645476341248;0.0;2.3641359312406167;0.533447396543836;0.466552603456164
1730783598.510383;/app/bags/user95_2017-02-24.bag;0.834065854549408;0.0;0.9619645476341248;0.0;2.3641359312406167;0.533447396543836;0.466552603456164
1730783598.7103975;/app/bags/user95_2017-02-24.bag;0.834065854549408;0.0;0.9619645476341248;0.0;2.3641359312406167;0.533447396543836;0.466552603456164
1730783598.9103928;/app/bags/user95_2017-02-24.bag;0.834065854549408;0.0;0.9619645476341248;0.0;2.3641359312406167;0.533447396543836;0.466552603456164
1730783599.1104484;/app/bags/user95_2017-02-24.bag;0.834065854549408;0.0;0.9619645476341248;0.0;2.3641359312406167;0.533447396543836;0.466552603456164
1730783599.3104692;/app/bags/user95_2017-02-24.bag;0.834065854549408;0.0;0.9619645476341248;0.0;2.3641359312406167;0.533447396543836;0.466552603456164
1730783599.5103567;/app/bags/user95_2017-02-24.bag;0.834065854549408;0.0;0.9619645476341248;0.0;2.3641359312406167;0.533447396543836;0.466552603456164
1730783599.7103832;/app/bags/user95_2017-02-24.bag;0.834065854549408;0.0;0.9619645476341248;0.0;2.3641359312406167;0.533447396543836;0.466552603456164
1730783599.9103863;/app/bags/user95_2017-02-24.bag;0.834065854549408;0.0;0.9619645476341248;0.0;2.3641359312406167;0.533447396543836;0.466552603456164
1730783600.1103945;/app/bags/user95_2017-02-24.bag;0.834065854549408;0.0;0.9619645476341248;0.0;2.3641359312406167;0.533447396543836;0.466552603456164
1730783600.3103924;/app/bags/user95_2017-02-24.bag;0.834065854549408;0.0;0.9619645476341248;0.0;2.3641359312406167;0.533447396543836;0.466552603456164
1730783600.510414;/app/bags/user95_2017-02-24.bag;0.834065854549408;0.0;0.9619645476341248;0.0;2.3641359312406167;0.533447396543836;0.466552603456164
1730783600.7104313;/app/bags/user95_2017-02-24.bag;0.834065854549408;0.0;0.9619645476341248;0.0;2.3641359312406167;0.533447396543836;0.466552603456164
1730783600.9103856;/app/bags/user95_2017-02-24.bag;0.834065854549408;0.0;0.9619645476341248;0.0;2.3641359312406167;0.533447396543836;0.466552603456164
1730783601.1104152;/app/bags/user95_2017-02-24.bag;0.834065854549408;0.0;0.9619645476341248;0.0;2.3641359312406167;0.533447396543836;0.466552603456164
1730783601.310373;/app/bags/user95_2017-02-24.bag;0.834065854549408;0.0;0.9619645476341248;0.0;2.3641359312406167;0.533447396543836;0.466552603456164
1730783601.5103931;/app/bags/user95_2017-02-24.bag;0.834065854549408;0.0;0.9619645476341248;0.0;2.3641359312406167;0.533447396543836;0.466552603456164
1730783601.7103744;/app/bags/user95_2017-02-24.bag;0.834065854549408;0.0;0.9619645476341248;0.0;2.3641359312406167;0.533447396543836;0.466552603456164
1730783601.9104514;/app/bags/user95_2017-02-24.bag;0.834065854549408;0.0;0.9619645476341248;0.0;2.3641359312406167;0.533447396543836;0.466552603456164
1730783602.1103773;/app/bags/user95_2017-02-24.bag;0.834065854549408;0.0;0.9619645476341248;0.0;2.3641359312406167;0.533447396543836;0.466552603456164
1730783602.3103838;/app/bags/user95_2017-02-24.bag;0.834065854549408;0.0;0.9619645476341248;0.0;2.3641359312406167;0.533447396543836;0.466552603456164
1730783602.51036;/app/bags/user95_2017-02-24.bag;0.834065854549408;0.0;0.9619645476341248;0.0;2.3641359312406167;0.533447396543836;0.466552603456164
1730783602.710419;/app/bags/user95_2017-02-24.bag;0.834065854549408;0.0;0.9619645476341248;0.0;2.3641359312406167;0.533447396543836;0.466552603456164
1730783602.9103703;/app/bags/user95_2017-02-24.bag;0.834065854549408;0.0;0.9619645476341248;0.0;2.3641359312406167;0.533447396543836;0.466552603456164
1730783603.110393;/app/bags/user95_2017-02-24.bag;0.834065854549408;0.0;0.9619645476341248;0.0;2.3641359312406167;0.533447396543836;0.466552603456164
1730783603.3103757;/app/bags/user95_2017-02-24.bag;0.834065854549408;0.0;0.9619645476341248;0.0;2.3641359312406167;0.533447396543836;0.466552603456164
1730783603.5103674;/app/bags/user95_2017-02-24.bag;0.834065854549408;0.0;0.9619645476341248;0.0;2.3641359312406167;0.533447396543836;0.466552603456164
1730783603.710399;/app/bags/user95_2017-02-24.bag;0.834065854549408;0.0;0.9619645476341248;0.0;2.3641359312406167;0.533447396543836;0.466552603456164
1730783603.9104476;/app/bags/user95_2017-02-24.bag;0.834065854549408;0.0;0.9619645476341248;0.0;2.3641359312406167;0.533447396543836;0.466552603456164
1730783604.1103933;/app/bags/user95_2017-02-24.bag;0.834065854549408;0.0;0.9619645476341248;0.0;2.3641359312406167;0.533447396543836;0.466552603456164
1730783604.3103893;/app/bags/user95_2017-02-24.bag;0.834065854549408;0.0;0.9619645476341248;0.0;2.3641359312406167;0.533447396543836;0.466552603456164
1730783604.510408;/app/bags/user95_2017-02-24.bag;0.834065854549408;0.0;0.9619645476341248;0.0;2.3641359312406167;0.533447396543836;0.466552603456164
1730783604.710364;/app/bags/user95_2017-02-24.bag;0.834065854549408;0.0;0.9619645476341248;0.0;2.3641359312406167;0.533447396543836;0.466552603456164
1730783604.9103754;/app/bags/user95_2017-02-24.bag;0.834065854549408;0.0;0.9619645476341248;0.0;2.3641359312406167;0.533447396543836;0.466552603456164
1730783605.110375;/app/bags/user95_2017-02-24.bag;0.834065854549408;0.0;0.9619645476341248;0.0;2.3641359312406167;0.533447396543836;0.466552603456164
1730783605.3104029;/app/bags/user95_2017-02-24.bag;0.834065854549408;0.0;0.9619645476341248;0.0;2.3641359312406167;0.533447396543836;0.466552603456164
1730783605.5104296;/app/bags/user95_2017-02-24.bag;0.834065854549408;0.0;0.9619645476341248;0.0;2.3641359312406167;0.533447396543836;0.466552603456164
1730783605.7104065;/app/bags/user95_2017-02-24.bag;0.834065854549408;0.0;0.9619645476341248;0.0;2.3641359312406167;0.533447396543836;0.466552603456164
1730783605.9104495;/app/bags/user95_2017-02-24.bag;0.834065854549408;0.0;0.9619645476341248;0.0;2.3641359312406167;0.533447396543836;0.466552603456164
1730783606.1117334;/app/bags/user95_2017-02-24.bag;0.834065854549408;0.0;0.9619645476341248;0.0;2.3641359312406167;0.533447396543836;0.466552603456164
1730783606.310451;/app/bags/user95_2017-02-24.bag;0.834065854549408;0.0;0.9619645476341248;0.0;2.3641359312406167;0.533447396543836;0.466552603456164
1730783606.510455;/app/bags/user95_2017-02-24.bag;0.834065854549408;0.0;0.9619645476341248;0.0;2.3641359312406167;0.533447396543836;0.466552603456164
1730783606.7103553;/app/bags/user95_2017-02-24.bag;0.834065854549408;0.0;0.9619645476341248;0.0;2.3641359312406167;0.533447396543836;0.466552603456164
1730783606.9103777;/app/bags/user95_2017-02-24.bag;0.834065854549408;0.0;0.9619645476341248;0.0;2.3641359312406167;0.533447396543836;0.466552603456164
1730783607.1103864;/app/bags/user95_2017-02-24.bag;0.834065854549408;0.0;0.9619645476341248;0.0;2.3641359312406167;0.533447396543836;0.466552603456164
1730783607.3104281;/app/bags/user95_2017-02-24.bag;0.834065854549408;0.0;0.9619645476341248;0.0;2.3641359312406167;0.533447396543836;0.466552603456164
1730783607.510382;/app/bags/user95_2017-02-24.bag;0.834065854549408;0.0;0.9619645476341248;0.0;2.3641359312406167;0.533447396543836;0.466552603456164
1730783607.7103736;/app/bags/user95_2017-02-24.bag;0.834065854549408;0.0;0.9619645476341248;0.0;2.3641359312406167;0.533447396543836;0.466552603456164
1730783607.9103951;/app/bags/user95_2017-02-24.bag;0.834065854549408;0.0;0.9619645476341248;0.0;2.3641359312406167;0.533447396543836;0.466552603456164
1730783608.1103773;/app/bags/user95_2017-02-24.bag;0.834065854549408;0.0;0.9619645476341248;0.0;2.3641359312406167;0.533447396543836;0.466552603456164
1730783608.3103955;/app/bags/user95_2017-02-24.bag;0.834065854549408;0.0;0.9619645476341248;0.0;2.3641359312406167;0.533447396543836;0.466552603456164
1730783608.5103486;/app/bags/user95_2017-02-24.bag;0.834065854549408;0.0;0.9619645476341248;0.0;2.3641359312406167;0.533447396543836;0.466552603456164
1730783608.7104015;/app/bags/user95_2017-02-24.bag;0.834065854549408;0.0;0.9619645476341248;0.0;2.3641359312406167;0.533447396543836;0.466552603456164
1730783608.9103906;/app/bags/user95_2017-02-24.bag;0.834065854549408;0.0;0.9619645476341248;0.0;2.3641359312406167;0.533447396543836;0.466552603456164
1730783609.110433;/app/bags/user95_2017-02-24.bag;0.834065854549408;0.0;0.9619645476341248;0.0;2.3641359312406167;0.533447396543836;0.466552603456164
1730783609.3103833;/app/bags/user95_2017-02-24.bag;0.834065854549408;0.0;0.9619645476341248;0.0;2.3641359312406167;0.533447396543836;0.466552603456164
1730783609.510407;/app/bags/user95_2017-02-24.bag;0.834065854549408;0.0;0.9619645476341248;0.0;2.3641359312406167;0.533447396543836;0.466552603456164
1730783609.7103958;/app/bags/user95_2017-02-24.bag;0.834065854549408;0.0;0.9619645476341248;0.0;2.3641359312406167;0.533447396543836;0.466552603456164
1730783609.910437;/app/bags/user95_2017-02-24.bag;0.834065854549408;0.0;0.9619645476341248;0.0;2.3641359312406167;0.533447396543836;0.466552603456164
1730783610.110409;/app/bags/user95_2017-02-24.bag;0.834065854549408;0.0;0.9619645476341248;0.0;2.3641359312406167;0.533447396543836;0.466552603456164
1730783610.3104324;/app/bags/user95_2017-02-24.bag;0.834065854549408;0.0;0.9619645476341248;0.0;2.3641359312406167;0.533447396543836;0.466552603456164
1730783610.5103586;/app/bags/user95_2017-02-24.bag;0.834065854549408;0.0;0.9619645476341248;0.0;2.3641359312406167;0.533447396543836;0.466552603456164
1730783610.710374;/app/bags/user95_2017-02-24.bag;0.834065854549408;0.0;0.9619645476341248;0.0;2.3641359312406167;0.533447396543836;0.466552603456164
1730783610.9104204;/app/bags/user95_2017-02-24.bag;0.834065854549408;0.0;0.9619645476341248;0.0;2.3641359312406167;0.533447396543836;0.466552603456164
1730783611.1103692;/app/bags/user95_2017-02-24.bag;0.834065854549408;0.0;0.9619645476341248;0.0;2.3641359312406167;0.533447396543836;0.466552603456164
1730783611.3103907;/app/bags/user95_2017-02-24.bag;0.834065854549408;0.0;0.9619645476341248;0.0;2.3641359312406167;0.533447396543836;0.466552603456164
1730783611.5104177;/app/bags/user95_2017-02-24.bag;0.834065854549408;0.0;0.9619645476341248;0.0;2.3641359312406167;0.533447396543836;0.466552603456164
1730783611.7103746;/app/bags/user95_2017-02-24.bag;0.834065854549408;0.0;0.9619645476341248;0.0;2.3641359312406167;0.533447396543836;0.466552603456164
1730783611.9104;/app/bags/user95_2017-02-24.bag;0.834065854549408;0.0;0.9619645476341248;0.0;2.3641359312406167;0.533447396543836;0.466552603456164
1730783612.1103714;/app/bags/user95_2017-02-24.bag;0.834065854549408;0.0;0.9619645476341248;0.0;2.3641359312406167;0.533447396543836;0.466552603456164
1730783612.3104408;/app/bags/user95_2017-02-24.bag;0.834065854549408;0.0;0.9619645476341248;0.0;2.3641359312406167;0.533447396543836;0.466552603456164
1730783612.5103946;/app/bags/user95_2017-02-24.bag;0.834065854549408;0.0;0.9619645476341248;0.0;2.3641359312406167;0.533447396543836;0.466552603456164
1730783612.710447;/app/bags/user95_2017-02-24.bag;0.834065854549408;0.0;0.9619645476341248;0.0;2.3641359312406167;0.533447396543836;0.466552603456164
1730783612.9103932;/app/bags/user95_2017-02-24.bag;0.834065854549408;0.0;0.9619645476341248;0.0;2.3641359312406167;0.533447396543836;0.466552603456164
1730783613.1103737;/app/bags/user95_2017-02-24.bag;0.834065854549408;0.0;0.9619645476341248;0.0;2.3641359312406167;0.533447396543836;0.466552603456164
1730783613.310371;/app/bags/user95_2017-02-24.bag;0.834065854549408;0.0;0.9619645476341248;0.0;2.3641359312406167;0.533447396543836;0.466552603456164
1730783613.5103686;/app/bags/user95_2017-02-24.bag;0.834065854549408;0.0;0.9619645476341248;0.0;2.3641359312406167;0.533447396543836;0.466552603456164
1730783613.7103922;/app/bags/user95_2017-02-24.bag;0.834065854549408;0.0;0.9619645476341248;0.0;2.3641359312406167;0.533447396543836;0.466552603456164
1730783613.9103808;/app/bags/user95_2017-02-24.bag;0.834065854549408;0.0;0.9619645476341248;0.0;2.3641359312406167;0.533447396543836;0.466552603456164
1730783614.110404;/app/bags/user95_2017-02-24.bag;0.834065854549408;0.0;0.9619645476341248;0.0;2.3641359312406167;0.533447396543836;0.466552603456164
1730783614.3104098;/app/bags/user95_2017-02-24.bag;0.834065854549408;0.0;0.9619645476341248;0.0;2.3641359312406167;0.533447396543836;0.466552603456164
1730783614.5103798;/app/bags/user95_2017-02-24.bag;0.834065854549408;0.0;0.9619645476341248;0.0;2.3641359312406167;0.533447396543836;0.466552603456164
1730783614.7103832;/app/bags/user95_2017-02-24.bag;0.834065854549408;0.0;0.9619645476341248;0.0;2.3641359312406167;0.533447396543836;0.466552603456164
1730783614.9103765;/app/bags/user95_2017-02-24.bag;0.834065854549408;0.0;0.9619645476341248;0.0;2.3641359312406167;0.533447396543836;0.466552603456164
1730783615.1103463;/app/bags/user95_2017-02-24.bag;0.834065854549408;0.0;0.9619645476341248;0.0;2.3641359312406167;0.533447396543836;0.466552603456164
1730783615.3104136;/app/bags/user95_2017-02-24.bag;0.834065854549408;0.0;0.9619645476341248;0.0;2.3641359312406167;0.533447396543836;0.466552603456164
1730783615.5103753;/app/bags/user95_2017-02-24.bag;0.834065854549408;0.0;0.9619645476341248;0.0;2.3641359312406167;0.533447396543836;0.466552603456164
1730783615.7104611;/app/bags/user95_2017-02-24.bag;0.834065854549408;0.0;0.9619645476341248;0.0;2.3641359312406167;0.533447396543836;0.466552603456164
1730783615.9104042;/app/bags/user95_2017-02-24.bag;0.834065854549408;0.0;0.9619645476341248;0.0;2.3641359312406167;0.533447396543836;0.466552603456164
1730783616.1103475;/app/bags/user95_2017-02-24.bag;0.834065854549408;0.0;0.9619645476341248;0.0;2.3641359312406167;0.533447396543836;0.466552603456164
1730783616.3104093;/app/bags/user95_2017-02-24.bag;0.834065854549408;0.0;0.9619645476341248;0.0;2.3641359312406167;0.533447396543836;0.466552603456164
1730783616.510393;/app/bags/user95_2017-02-24.bag;0.834065854549408;0.0;0.9619645476341248;0.0;2.3641359312406167;0.533447396543836;0.466552603456164
1730783616.710408;/app/bags/user95_2017-02-24.bag;0.834065854549408;0.0;0.9619645476341248;0.0;2.3641359312406167;0.533447396543836;0.466552603456164
1730783616.910383;/app/bags/user95_2017-02-24.bag;0.834065854549408;0.0;0.9619645476341248;0.0;2.3641359312406167;0.533447396543836;0.466552603456164
1730783617.1104538;/app/bags/user95_2017-02-24.bag;0.834065854549408;0.0;0.9619645476341248;0.0;2.3641359312406167;0.533447396543836;0.466552603456164
1730783617.310368;/app/bags/user95_2017-02-24.bag;0.834065854549408;0.0;0.9619645476341248;0.0;2.3641359312406167;0.533447396543836;0.466552603456164
1730783617.5104022;/app/bags/user95_2017-02-24.bag;0.834065854549408;0.0;0.9619645476341248;0.0;2.3641359312406167;0.533447396543836;0.466552603456164
1730783617.710383;/app/bags/user95_2017-02-24.bag;0.834065854549408;0.0;0.9619645476341248;0.0;2.3641359312406167;0.533447396543836;0.466552603456164
1730783617.910399;/app/bags/user95_2017-02-24.bag;0.834065854549408;0.0;0.9619645476341248;0.0;2.3641359312406167;0.533447396543836;0.466552603456164
1730783618.1103933;/app/bags/user95_2017-02-24.bag;0.834065854549408;0.0;0.9619645476341248;0.0;2.3641359312406167;0.533447396543836;0.466552603456164
1730783618.3103595;/app/bags/user95_2017-02-24.bag;0.834065854549408;0.0;0.9619645476341248;0.0;2.3641359312406167;0.533447396543836;0.466552603456164
1730783618.5103676;/app/bags/user95_2017-02-24.bag;0.834065854549408;0.0;0.9619645476341248;0.0;2.3641359312406167;0.533447396543836;0.466552603456164
1730783618.7104633;/app/bags/user95_2017-02-24.bag;0.834065854549408;0.0;0.9619645476341248;0.0;2.3641359312406167;0.533447396543836;0.466552603456164
1730783618.9103932;/app/bags/user95_2017-02-24.bag;0.834065854549408;0.0;0.9619645476341248;0.0;2.3641359312406167;0.533447396543836;0.466552603456164
1730783619.1103656;/app/bags/user95_2017-02-24.bag;0.834065854549408;0.0;0.9619645476341248;0.0;2.3641359312406167;0.533447396543836;0.466552603456164
1730783619.3104002;/app/bags/user95_2017-02-24.bag;0.834065854549408;0.0;0.9619645476341248;0.0;2.3641359312406167;0.533447396543836;0.466552603456164
1730783619.5103917;/app/bags/user95_2017-02-24.bag;0.834065854549408;0.0;0.9619645476341248;0.0;2.3641359312406167;0.533447396543836;0.466552603456164
1730783619.7104783;/app/bags/user95_2017-02-24.bag;0.834065854549408;0.0;0.9619645476341248;0.0;2.3641359312406167;0.533447396543836;0.466552603456164
1730783619.9103968;/app/bags/user95_2017-02-24.bag;0.834065854549408;0.0;0.9619645476341248;0.0;2.3641359312406167;0.533447396543836;0.466552603456164
1730783620.1104224;/app/bags/user95_2017-02-24.bag;0.834065854549408;0.0;0.9619645476341248;0.0;2.3641359312406167;0.533447396543836;0.466552603456164
1730783620.3103786;/app/bags/user95_2017-02-24.bag;0.834065854549408;0.0;0.9619645476341248;0.0;2.3641359312406167;0.533447396543836;0.466552603456164
1730783620.5103908;/app/bags/user95_2017-02-24.bag;0.834065854549408;0.0;0.9619645476341248;0.0;2.3641359312406167;0.533447396543836;0.466552603456164
1730783620.7103908;/app/bags/user95_2017-02-24.bag;0.834065854549408;0.0;0.9619645476341248;0.0;2.3641359312406167;0.533447396543836;0.466552603456164
1730783620.9104009;/app/bags/user95_2017-02-24.bag;0.834065854549408;0.0;0.9619645476341248;0.0;2.3641359312406167;0.533447396543836;0.466552603456164
1730783621.1103954;/app/bags/user95_2017-02-24.bag;0.834065854549408;0.0;0.9619645476341248;0.0;2.3641359312406167;0.533447396543836;0.466552603456164
1730783621.3103652;/app/bags/user95_2017-02-24.bag;0.834065854549408;0.0;0.9619645476341248;0.0;2.3641359312406167;0.533447396543836;0.466552603456164
1730783621.5104334;/app/bags/user95_2017-02-24.bag;0.834065854549408;0.0;0.9619645476341248;0.0;2.3641359312406167;0.533447396543836;0.466552603456164
1730783621.7103312;/app/bags/user95_2017-02-24.bag;0.834065854549408;0.0;0.9619645476341248;0.0;2.3641359312406167;0.533447396543836;0.466552603456164
1730783621.910364;/app/bags/user95_2017-02-24.bag;0.834065854549408;0.0;0.9619645476341248;0.0;2.3641359312406167;0.533447396543836;0.466552603456164
1730783622.1103878;/app/bags/user95_2017-02-24.bag;0.834065854549408;0.0;0.9619645476341248;0.0;2.3641359312406167;0.533447396543836;0.466552603456164
1730783622.3104198;/app/bags/user95_2017-02-24.bag;0.834065854549408;0.0;0.9619645476341248;0.0;2.3641359312406167;0.533447396543836;0.466552603456164
1730783622.510398;/app/bags/user95_2017-02-24.bag;0.834065854549408;0.0;0.9619645476341248;0.0;2.3641359312406167;0.533447396543836;0.466552603456164
1730783622.7103844;/app/bags/user95_2017-02-24.bag;0.834065854549408;0.0;0.9619645476341248;0.0;2.3641359312406167;0.533447396543836;0.466552603456164
1730783622.9103773;/app/bags/user95_2017-02-24.bag;0.834065854549408;0.0;0.9619645476341248;0.0;2.3641359312406167;0.533447396543836;0.466552603456164
1730783623.110381;/app/bags/user95_2017-02-24.bag;0.834065854549408;0.0;0.9619645476341248;0.0;2.3641359312406167;0.533447396543836;0.466552603456164
1730783623.3103685;/app/bags/user95_2017-02-24.bag;0.834065854549408;0.0;0.9619645476341248;0.0;2.3641359312406167;0.533447396543836;0.466552603456164
1730783623.510385;/app/bags/user95_2017-02-24.bag;0.834065854549408;0.0;0.9619645476341248;0.0;2.3641359312406167;0.533447396543836;0.466552603456164
1730783623.710405;/app/bags/user95_2017-02-24.bag;0.834065854549408;0.0;0.9619645476341248;0.0;2.3641359312406167;0.533447396543836;0.466552603456164
1730783623.9103847;/app/bags/user95_2017-02-24.bag;0.834065854549408;0.0;0.9619645476341248;0.0;2.3641359312406167;0.533447396543836;0.466552603456164
1730783624.1103806;/app/bags/user95_2017-02-24.bag;0.834065854549408;0.0;0.9619645476341248;0.0;2.3641359312406167;0.533447396543836;0.466552603456164
1730783624.3104663;/app/bags/user95_2017-02-24.bag;0.834065854549408;0.0;0.9619645476341248;0.0;2.3641359312406167;0.533447396543836;0.466552603456164
1730783624.5103881;/app/bags/user95_2017-02-24.bag;0.834065854549408;0.0;0.9619645476341248;0.0;2.3641359312406167;0.533447396543836;0.466552603456164
1730783624.710383;/app/bags/user95_2017-02-24.bag;0.834065854549408;0.0;0.9619645476341248;0.0;2.3641359312406167;0.533447396543836;0.466552603456164
1730783624.9103854;/app/bags/user95_2017-02-24.bag;0.834065854549408;0.0;0.9619645476341248;0.0;2.3641359312406167;0.533447396543836;0.466552603456164
1730783625.110377;/app/bags/user95_2017-02-24.bag;0.834065854549408;0.0;0.9619645476341248;0.0;2.3641359312406167;0.533447396543836;0.466552603456164
1730783625.310338;/app/bags/user95_2017-02-24.bag;0.834065854549408;0.0;0.9619645476341248;0.0;2.3641359312406167;0.533447396543836;0.466552603456164
1730783625.5104215;/app/bags/user95_2017-02-24.bag;0.834065854549408;0.0;0.9619645476341248;0.0;2.3641359312406167;0.533447396543836;0.466552603456164
1730783625.7103949;/app/bags/user95_2017-02-24.bag;0.834065854549408;0.0;0.9619645476341248;0.0;2.3641359312406167;0.533447396543836;0.466552603456164
1730783625.9103608;/app/bags/user95_2017-02-24.bag;0.834065854549408;0.0;0.9619645476341248;0.0;2.3641359312406167;0.533447396543836;0.466552603456164
1730783626.1103535;/app/bags/user95_2017-02-24.bag;0.834065854549408;0.0;0.9619645476341248;0.0;2.3641359312406167;0.533447396543836;0.466552603456164
1730783626.3103912;/app/bags/user95_2017-02-24.bag;0.834065854549408;0.0;0.9619645476341248;0.0;2.3641359312406167;0.533447396543836;0.466552603456164
1730783626.51039;/app/bags/user95_2017-02-24.bag;0.834065854549408;0.0;0.9619645476341248;0.0;2.3641359312406167;0.533447396543836;0.466552603456164
1730783626.7104325;/app/bags/user95_2017-02-24.bag;0.834065854549408;0.0;0.9619645476341248;0.0;2.3641359312406167;0.533447396543836;0.466552603456164
1730783626.9104128;/app/bags/user95_2017-02-24.bag;0.834065854549408;0.0;0.9619645476341248;0.0;2.3641359312406167;0.533447396543836;0.466552603456164
1730783627.110342;/app/bags/user95_2017-02-24.bag;0.834065854549408;0.0;0.9619645476341248;0.0;2.3641359312406167;0.533447396543836;0.466552603456164
1730783627.310514;/app/bags/user95_2017-02-24.bag;0.834065854549408;0.0;0.9619645476341248;0.0;2.3641359312406167;0.533447396543836;0.466552603456164
1730783627.5103786;/app/bags/user95_2017-02-24.bag;0.834065854549408;0.0;0.9619645476341248;0.0;2.3641359312406167;0.533447396543836;0.466552603456164
1730783627.710377;/app/bags/user95_2017-02-24.bag;0.834065854549408;0.0;0.9619645476341248;0.0;2.3641359312406167;0.533447396543836;0.466552603456164
1730783627.9103909;/app/bags/user95_2017-02-24.bag;0.834065854549408;0.0;0.9619645476341248;0.0;2.3641359312406167;0.533447396543836;0.466552603456164
1730783628.1103811;/app/bags/user95_2017-02-24.bag;0.834065854549408;0.0;0.9619645476341248;0.0;2.3641359312406167;0.533447396543836;0.466552603456164
1730783628.3103886;/app/bags/user95_2017-02-24.bag;0.834065854549408;0.0;0.9619645476341248;0.0;2.3641359312406167;0.533447396543836;0.466552603456164
1730783628.510449;/app/bags/user95_2017-02-24.bag;0.834065854549408;0.0;0.9619645476341248;0.0;2.3641359312406167;0.533447396543836;0.466552603456164
1730783628.7103517;/app/bags/user95_2017-02-24.bag;0.834065854549408;0.0;0.9619645476341248;0.0;2.3641359312406167;0.533447396543836;0.466552603456164
1730783628.9103973;/app/bags/user95_2017-02-24.bag;0.834065854549408;0.0;0.9619645476341248;0.0;2.3641359312406167;0.533447396543836;0.466552603456164
1730783629.1103723;/app/bags/user95_2017-02-24.bag;0.834065854549408;0.0;0.9619645476341248;0.0;2.3641359312406167;0.533447396543836;0.466552603456164
1730783629.3103902;/app/bags/user95_2017-02-24.bag;0.834065854549408;0.0;0.9619645476341248;0.0;2.3641359312406167;0.533447396543836;0.466552603456164
1730783629.5104034;/app/bags/user95_2017-02-24.bag;0.834065854549408;0.0;0.9619645476341248;0.0;2.3641359312406167;0.533447396543836;0.466552603456164
1730783629.7104568;/app/bags/user95_2017-02-24.bag;0.834065854549408;0.0;0.9619645476341248;0.0;2.3641359312406167;0.533447396543836;0.466552603456164
1730783629.9103706;/app/bags/user95_2017-02-24.bag;0.834065854549408;0.0;0.9619645476341248;0.0;2.3641359312406167;0.533447396543836;0.466552603456164
1730783630.1103616;/app/bags/user95_2017-02-24.bag;0.834065854549408;0.0;0.9619645476341248;0.0;2.3641359312406167;0.533447396543836;0.466552603456164
1730783630.3104944;/app/bags/user95_2017-02-24.bag;0.834065854549408;0.0;0.9619645476341248;0.0;2.3641359312406167;0.533447396543836;0.466552603456164
1730783630.5103824;/app/bags/user95_2017-02-24.bag;0.834065854549408;0.0;0.9619645476341248;0.0;2.3641359312406167;0.533447396543836;0.466552603456164
1730783630.710403;/app/bags/user95_2017-02-24.bag;0.834065854549408;0.0;0.9619645476341248;0.0;2.3641359312406167;0.533447396543836;0.466552603456164
1730783630.910371;/app/bags/user95_2017-02-24.bag;0.834065854549408;0.0;0.9619645476341248;0.0;2.3641359312406167;0.533447396543836;0.466552603456164
1730783631.1104066;/app/bags/user95_2017-02-24.bag;0.834065854549408;0.0;0.9619645476341248;0.0;2.3641359312406167;0.533447396543836;0.466552603456164
1730783631.3103957;/app/bags/user95_2017-02-24.bag;0.834065854549408;0.0;0.9619645476341248;0.0;2.3641359312406167;0.533447396543836;0.466552603456164
1730783631.5103858;/app/bags/user95_2017-02-24.bag;0.834065854549408;0.0;0.9619645476341248;0.0;2.3641359312406167;0.533447396543836;0.466552603456164
1730783631.7104006;/app/bags/user95_2017-02-24.bag;0.834065854549408;0.0;0.9619645476341248;0.0;2.3641359312406167;0.533447396543836;0.466552603456164
1730783631.9103837;/app/bags/user95_2017-02-24.bag;0.834065854549408;0.0;0.9619645476341248;0.0;2.3641359312406167;0.533447396543836;0.466552603456164
1730783632.1103764;/app/bags/user95_2017-02-24.bag;0.834065854549408;0.0;0.9619645476341248;0.0;2.3641359312406167;0.533447396543836;0.466552603456164
1730783632.3103938;/app/bags/user95_2017-02-24.bag;0.834065854549408;0.0;0.9619645476341248;0.0;2.3641359312406167;0.533447396543836;0.466552603456164
1730783632.510371;/app/bags/user95_2017-02-24.bag;0.834065854549408;0.0;0.9619645476341248;0.0;2.3641359312406167;0.533447396543836;0.466552603456164
1730783632.7103803;/app/bags/user95_2017-02-24.bag;0.834065854549408;0.0;0.9619645476341248;0.0;2.3641359312406167;0.533447396543836;0.466552603456164
1730783632.9103856;/app/bags/user95_2017-02-24.bag;0.834065854549408;0.0;0.9619645476341248;0.0;2.3641359312406167;0.533447396543836;0.466552603456164
1730783633.1104615;/app/bags/user95_2017-02-24.bag;0.834065854549408;0.0;0.9619645476341248;0.0;2.3641359312406167;0.533447396543836;0.466552603456164
1730783633.3103967;/app/bags/user95_2017-02-24.bag;0.834065854549408;0.0;0.9619645476341248;0.0;2.3641359312406167;0.533447396543836;0.466552603456164
1730783633.5104177;/app/bags/user95_2017-02-24.bag;0.834065854549408;0.0;0.9619645476341248;0.0;2.3641359312406167;0.533447396543836;0.466552603456164
1730783633.7103763;/app/bags/user95_2017-02-24.bag;0.834065854549408;0.0;0.9619645476341248;0.0;2.3641359312406167;0.533447396543836;0.466552603456164
1730783633.9103734;/app/bags/user95_2017-02-24.bag;0.834065854549408;0.0;0.9619645476341248;0.0;2.3641359312406167;0.533447396543836;0.466552603456164
1730783634.1105106;/app/bags/user95_2017-02-24.bag;0.834065854549408;0.0;0.9619645476341248;0.0;2.3641359312406167;0.533447396543836;0.466552603456164
1730783634.3103697;/app/bags/user95_2017-02-24.bag;0.834065854549408;0.0;0.9619645476341248;0.0;2.3641359312406167;0.533447396543836;0.466552603456164
1730783634.510397;/app/bags/user95_2017-02-24.bag;0.834065854549408;0.0;0.9619645476341248;0.0;2.3641359312406167;0.533447396543836;0.466552603456164
1730783634.7103887;/app/bags/user95_2017-02-24.bag;0.834065854549408;0.0;0.9619645476341248;0.0;2.3641359312406167;0.533447396543836;0.466552603456164
1730783634.9103825;/app/bags/user95_2017-02-24.bag;0.834065854549408;0.0;0.9619645476341248;0.0;2.3641359312406167;0.533447396543836;0.466552603456164
1730783635.110386;/app/bags/user95_2017-02-24.bag;0.834065854549408;0.0;0.9619645476341248;0.0;2.3641359312406167;0.533447396543836;0.466552603456164
1730783635.3103697;/app/bags/user95_2017-02-24.bag;0.834065854549408;0.0;0.9619645476341248;0.0;2.3641359312406167;0.533447396543836;0.466552603456164
1730783635.5103717;/app/bags/user95_2017-02-24.bag;0.834065854549408;0.0;0.9619645476341248;0.0;2.3641359312406167;0.533447396543836;0.466552603456164
1730783635.710382;/app/bags/user95_2017-02-24.bag;0.834065854549408;0.0;0.9619645476341248;0.0;2.3641359312406167;0.533447396543836;0.466552603456164
1730783635.9103954;/app/bags/user95_2017-02-24.bag;0.834065854549408;0.0;0.9619645476341248;0.0;2.3641359312406167;0.533447396543836;0.466552603456164
1730783636.1103652;/app/bags/user95_2017-02-24.bag;0.834065854549408;0.0;0.9619645476341248;0.0;2.3641359312406167;0.533447396543836;0.466552603456164
1730783636.3103828;/app/bags/user95_2017-02-24.bag;0.834065854549408;0.0;0.9619645476341248;0.0;2.3641359312406167;0.533447396543836;0.466552603456164
1730783636.5103843;/app/bags/user95_2017-02-24.bag;0.834065854549408;0.0;0.9619645476341248;0.0;2.3641359312406167;0.533447396543836;0.466552603456164
1730783636.7103982;/app/bags/user95_2017-02-24.bag;0.834065854549408;0.0;0.9619645476341248;0.0;2.3641359312406167;0.533447396543836;0.466552603456164
1730783636.9103537;/app/bags/user95_2017-02-24.bag;0.834065854549408;0.0;0.9619645476341248;0.0;2.3641359312406167;0.533447396543836;0.466552603456164
1730783637.1103334;/app/bags/user95_2017-02-24.bag;0.834065854549408;0.0;0.9619645476341248;0.0;2.3641359312406167;0.533447396543836;0.466552603456164
1730783637.3104308;/app/bags/user95_2017-02-24.bag;0.834065854549408;0.0;0.9619645476341248;0.0;2.3641359312406167;0.533447396543836;0.466552603456164
1730783637.5103586;/app/bags/user95_2017-02-24.bag;0.834065854549408;0.0;0.9619645476341248;0.0;2.3641359312406167;0.533447396543836;0.466552603456164
1730783637.7104504;/app/bags/user95_2017-02-24.bag;0.834065854549408;0.0;0.9619645476341248;0.0;2.3641359312406167;0.533447396543836;0.466552603456164
1730783637.9104855;/app/bags/user95_2017-02-24.bag;0.834065854549408;0.0;0.9619645476341248;0.0;2.3641359312406167;0.533447396543836;0.466552603456164
1730783638.110433;/app/bags/user95_2017-02-24.bag;0.834065854549408;0.0;0.9619645476341248;0.0;2.3641359312406167;0.533447396543836;0.466552603456164
1730783638.3103855;/app/bags/user95_2017-02-24.bag;0.834065854549408;0.0;0.9619645476341248;0.0;2.3641359312406167;0.533447396543836;0.466552603456164
1730783638.5104363;/app/bags/user95_2017-02-24.bag;0.834065854549408;0.0;0.9619645476341248;0.0;2.3641359312406167;0.533447396543836;0.466552603456164
1730783638.7103684;/app/bags/user95_2017-02-24.bag;0.834065854549408;0.0;0.9619645476341248;0.0;2.3641359312406167;0.533447396543836;0.466552603456164
1730783638.9105215;/app/bags/user95_2017-02-24.bag;0.834065854549408;0.0;0.9619645476341248;0.0;2.3641359312406167;0.533447396543836;0.466552603456164
1730783639.1103969;/app/bags/user95_2017-02-24.bag;0.834065854549408;0.0;0.9619645476341248;0.0;2.3641359312406167;0.533447396543836;0.466552603456164
1730783639.3104138;/app/bags/user95_2017-02-24.bag;0.834065854549408;0.0;0.9619645476341248;0.0;2.3641359312406167;0.533447396543836;0.466552603456164
1730783639.5103586;/app/bags/user95_2017-02-24.bag;0.834065854549408;0.0;0.9619645476341248;0.0;2.3641359312406167;0.533447396543836;0.466552603456164
1730783639.7103992;/app/bags/user95_2017-02-24.bag;0.834065854549408;0.0;0.9619645476341248;0.0;2.3641359312406167;0.533447396543836;0.466552603456164
1730783639.910363;/app/bags/user95_2017-02-24.bag;0.834065854549408;0.0;0.9619645476341248;0.0;2.3641359312406167;0.533447396543836;0.466552603456164
1730783640.1103725;/app/bags/user95_2017-02-24.bag;0.834065854549408;0.0;0.9619645476341248;0.0;2.3641359312406167;0.533447396543836;0.466552603456164
1730783640.3104036;/app/bags/user95_2017-02-24.bag;0.834065854549408;0.0;0.9619645476341248;0.0;2.3641359312406167;0.533447396543836;0.466552603456164
1730783640.5104053;/app/bags/user95_2017-02-24.bag;0.834065854549408;0.0;0.9619645476341248;0.0;2.3641359312406167;0.533447396543836;0.466552603456164
1730783640.7103891;/app/bags/user95_2017-02-24.bag;0.834065854549408;0.0;0.9619645476341248;0.0;2.3641359312406167;0.533447396543836;0.466552603456164
1730783640.9103882;/app/bags/user95_2017-02-24.bag;0.834065854549408;0.0;0.9619645476341248;0.0;2.3641359312406167;0.533447396543836;0.466552603456164
1730783641.110432;/app/bags/user95_2017-02-24.bag;0.834065854549408;0.0;0.9619645476341248;0.0;2.3641359312406167;0.533447396543836;0.466552603456164
1730783641.3104773;/app/bags/user95_2017-02-24.bag;0.834065854549408;0.0;0.9619645476341248;0.0;2.3641359312406167;0.533447396543836;0.466552603456164
1730783641.5104012;/app/bags/user95_2017-02-24.bag;0.834065854549408;0.0;0.9619645476341248;0.0;2.3641359312406167;0.533447396543836;0.466552603456164
1730783641.710378;/app/bags/user95_2017-02-24.bag;0.834065854549408;0.0;0.9619645476341248;0.0;2.3641359312406167;0.533447396543836;0.466552603456164
1730783641.9103756;/app/bags/user95_2017-02-24.bag;0.834065854549408;0.0;0.9619645476341248;0.0;2.3641359312406167;0.533447396543836;0.466552603456164
1730783642.1103632;/app/bags/user95_2017-02-24.bag;0.834065854549408;0.0;0.9619645476341248;0.0;2.3641359312406167;0.533447396543836;0.466552603456164
1730783642.31042;/app/bags/user95_2017-02-24.bag;0.834065854549408;0.0;0.9619645476341248;0.0;2.3641359312406167;0.533447396543836;0.466552603456164
1730783642.5103946;/app/bags/user95_2017-02-24.bag;0.834065854549408;0.0;0.9619645476341248;0.0;2.3641359312406167;0.533447396543836;0.466552603456164
1730783642.7103941;/app/bags/user95_2017-02-24.bag;0.834065854549408;0.0;0.9619645476341248;0.0;2.3641359312406167;0.533447396543836;0.466552603456164
1730783642.9104817;/app/bags/user95_2017-02-24.bag;0.834065854549408;0.0;0.9619645476341248;0.0;2.3641359312406167;0.533447396543836;0.466552603456164
1730783643.1103985;/app/bags/user95_2017-02-24.bag;0.834065854549408;0.0;0.9619645476341248;0.0;2.3641359312406167;0.533447396543836;0.466552603456164
1730783643.3105447;/app/bags/user95_2017-02-24.bag;0.834065854549408;0.0;0.9619645476341248;0.0;2.3641359312406167;0.533447396543836;0.466552603456164
1730783643.510407;/app/bags/user95_2017-02-24.bag;0.834065854549408;0.0;0.9619645476341248;0.0;2.3641359312406167;0.533447396543836;0.466552603456164
1730783643.7103872;/app/bags/user95_2017-02-24.bag;0.834065854549408;0.0;0.9619645476341248;0.0;2.3641359312406167;0.533447396543836;0.466552603456164
1730783643.9103732;/app/bags/user95_2017-02-24.bag;0.834065854549408;0.0;0.9619645476341248;0.0;2.3641359312406167;0.533447396543836;0.466552603456164
1730783644.1103878;/app/bags/user95_2017-02-24.bag;0.834065854549408;0.0;0.9619645476341248;0.0;2.3641359312406167;0.533447396543836;0.466552603456164
1730783644.310379;/app/bags/user95_2017-02-24.bag;0.834065854549408;0.0;0.9619645476341248;0.0;2.3641359312406167;0.533447396543836;0.466552603456164
1730783644.5104141;/app/bags/user95_2017-02-24.bag;0.834065854549408;0.0;0.9619645476341248;0.0;2.3641359312406167;0.533447396543836;0.466552603456164
1730783644.7103777;/app/bags/user95_2017-02-24.bag;0.834065854549408;0.0;0.9619645476341248;0.0;2.3641359312406167;0.533447396543836;0.466552603456164
1730783644.9103734;/app/bags/user95_2017-02-24.bag;0.834065854549408;0.0;0.9619645476341248;0.0;2.3641359312406167;0.533447396543836;0.466552603456164
1730783645.1103778;/app/bags/user95_2017-02-24.bag;0.834065854549408;0.0;0.9619645476341248;0.0;2.3641359312406167;0.533447396543836;0.466552603456164
1730783645.3103876;/app/bags/user95_2017-02-24.bag;0.834065854549408;0.0;0.9619645476341248;0.0;2.3641359312406167;0.533447396543836;0.466552603456164
1730783645.5103767;/app/bags/user95_2017-02-24.bag;0.834065854549408;0.0;0.9619645476341248;0.0;2.3641359312406167;0.533447396543836;0.466552603456164
1730783645.7103863;/app/bags/user95_2017-02-24.bag;0.834065854549408;0.0;0.9619645476341248;0.0;2.3641359312406167;0.533447396543836;0.466552603456164
1730783645.9103975;/app/bags/user95_2017-02-24.bag;0.834065854549408;0.0;0.9619645476341248;0.0;2.3641359312406167;0.533447396543836;0.466552603456164
1730783646.1103885;/app/bags/user95_2017-02-24.bag;0.834065854549408;0.0;0.9619645476341248;0.0;2.3641359312406167;0.533447396543836;0.466552603456164
1730783646.3103774;/app/bags/user95_2017-02-24.bag;0.834065854549408;0.0;0.9619645476341248;0.0;2.3641359312406167;0.533447396543836;0.466552603456164
1730783646.5103612;/app/bags/user95_2017-02-24.bag;0.834065854549408;0.0;0.9619645476341248;0.0;2.3641359312406167;0.533447396543836;0.466552603456164
1730783646.7103696;/app/bags/user95_2017-02-24.bag;0.834065854549408;0.0;0.9619645476341248;0.0;2.3641359312406167;0.533447396543836;0.466552603456164
1730783646.9104166;/app/bags/user95_2017-02-24.bag;0.834065854549408;0.0;0.9619645476341248;0.0;2.3641359312406167;0.533447396543836;0.466552603456164
1730783647.1103547;/app/bags/user95_2017-02-24.bag;0.834065854549408;0.0;0.9619645476341248;0.0;2.3641359312406167;0.533447396543836;0.466552603456164
1730783647.3103416;/app/bags/user95_2017-02-24.bag;0.834065854549408;0.0;0.9619645476341248;0.0;2.3641359312406167;0.533447396543836;0.466552603456164
1730783647.5103846;/app/bags/user95_2017-02-24.bag;0.834065854549408;0.0;0.9619645476341248;0.0;2.3641359312406167;0.533447396543836;0.466552603456164
1730783647.7104561;/app/bags/user95_2017-02-24.bag;0.834065854549408;0.0;0.9619645476341248;0.0;2.3641359312406167;0.533447396543836;0.466552603456164
1730783647.9103582;/app/bags/user95_2017-02-24.bag;0.834065854549408;0.0;0.9619645476341248;0.0;2.3641359312406167;0.533447396543836;0.466552603456164
1730783648.1103988;/app/bags/user95_2017-02-24.bag;0.834065854549408;0.0;0.9619645476341248;0.0;2.3641359312406167;0.533447396543836;0.466552603456164
1730783648.3103871;/app/bags/user95_2017-02-24.bag;0.834065854549408;0.0;0.9619645476341248;0.0;2.3641359312406167;0.533447396543836;0.466552603456164
1730783648.510419;/app/bags/user95_2017-02-24.bag;0.834065854549408;0.0;0.9619645476341248;0.0;2.3641359312406167;0.533447396543836;0.466552603456164
1730783648.7104096;/app/bags/user95_2017-02-24.bag;0.834065854549408;0.0;0.9619645476341248;0.0;2.3641359312406167;0.533447396543836;0.466552603456164
1730783648.910422;/app/bags/user95_2017-02-24.bag;0.834065854549408;0.0;0.9619645476341248;0.0;2.3641359312406167;0.533447396543836;0.466552603456164
1730783649.1103647;/app/bags/user95_2017-02-24.bag;0.834065854549408;0.0;0.9619645476341248;0.0;2.3641359312406167;0.533447396543836;0.466552603456164
1730783649.3103774;/app/bags/user95_2017-02-24.bag;0.834065854549408;0.0;0.9619645476341248;0.0;2.3641359312406167;0.533447396543836;0.466552603456164
1730783649.5104163;/app/bags/user95_2017-02-24.bag;0.834065854549408;0.0;0.9619645476341248;0.0;2.3641359312406167;0.533447396543836;0.466552603456164
1730783649.7105825;/app/bags/user95_2017-02-24.bag;0.834065854549408;0.0;0.9619645476341248;0.0;2.3641359312406167;0.533447396543836;0.466552603456164
1730783649.9103744;/app/bags/user95_2017-02-24.bag;0.834065854549408;0.0;0.9619645476341248;0.0;2.3641359312406167;0.533447396543836;0.466552603456164
1730783650.1103816;/app/bags/user95_2017-02-24.bag;0.834065854549408;0.0;0.9619645476341248;0.0;2.3641359312406167;0.533447396543836;0.466552603456164
1730783650.3103929;/app/bags/user95_2017-02-24.bag;0.834065854549408;0.0;0.9619645476341248;0.0;2.3641359312406167;0.533447396543836;0.466552603456164
1730783650.510393;/app/bags/user95_2017-02-24.bag;0.834065854549408;0.0;0.9619645476341248;0.0;2.3641359312406167;0.533447396543836;0.466552603456164
1730783650.7103958;/app/bags/user95_2017-02-24.bag;0.834065854549408;0.0;0.9619645476341248;0.0;2.3641359312406167;0.533447396543836;0.466552603456164
1730783650.9103777;/app/bags/user95_2017-02-24.bag;0.834065854549408;0.0;0.9619645476341248;0.0;2.3641359312406167;0.533447396543836;0.466552603456164
1730783651.1104052;/app/bags/user95_2017-02-24.bag;0.834065854549408;0.0;0.9619645476341248;0.0;2.3641359312406167;0.533447396543836;0.466552603456164
1730783651.3104224;/app/bags/user95_2017-02-24.bag;0.834065854549408;0.0;0.9619645476341248;0.0;2.3641359312406167;0.533447396543836;0.466552603456164
1730783651.5104067;/app/bags/user95_2017-02-24.bag;0.834065854549408;0.0;0.9619645476341248;0.0;2.3641359312406167;0.533447396543836;0.466552603456164
1730783651.7103758;/app/bags/user95_2017-02-24.bag;0.834065854549408;0.0;0.9619645476341248;0.0;2.3641359312406167;0.533447396543836;0.466552603456164
1730783651.9104023;/app/bags/user95_2017-02-24.bag;0.834065854549408;0.0;0.9619645476341248;0.0;2.3641359312406167;0.533447396543836;0.466552603456164
1730783652.1104467;/app/bags/user95_2017-02-24.bag;0.834065854549408;0.0;0.9619645476341248;0.0;2.3641359312406167;0.533447396543836;0.466552603456164
1730783652.31038;/app/bags/user95_2017-02-24.bag;0.834065854549408;0.0;0.9619645476341248;0.0;2.3641359312406167;0.533447396543836;0.466552603456164
1730783652.5103927;/app/bags/user95_2017-02-24.bag;0.834065854549408;0.0;0.9619645476341248;0.0;2.3641359312406167;0.533447396543836;0.466552603456164
1730783652.7103684;/app/bags/user95_2017-02-24.bag;0.834065854549408;0.0;0.9619645476341248;0.0;2.3641359312406167;0.533447396543836;0.466552603456164
1730783652.9104278;/app/bags/user95_2017-02-24.bag;0.834065854549408;0.0;0.9619645476341248;0.0;2.3641359312406167;0.533447396543836;0.466552603456164
1730783653.1103656;/app/bags/user95_2017-02-24.bag;0.834065854549408;0.0;0.9619645476341248;0.0;2.3641359312406167;0.533447396543836;0.466552603456164
1730783653.3104925;/app/bags/user95_2017-02-24.bag;0.834065854549408;0.0;0.9619645476341248;0.0;2.3641359312406167;0.533447396543836;0.466552603456164
1730783653.5103931;/app/bags/user95_2017-02-24.bag;0.834065854549408;0.0;0.9619645476341248;0.0;2.3641359312406167;0.533447396543836;0.466552603456164
1730783653.7104325;/app/bags/user95_2017-02-24.bag;0.834065854549408;0.0;0.9619645476341248;0.0;2.3641359312406167;0.533447396543836;0.466552603456164
1730783653.9103675;/app/bags/user95_2017-02-24.bag;0.834065854549408;0.0;0.9619645476341248;0.0;2.3641359312406167;0.533447396543836;0.466552603456164
1730783654.110428;/app/bags/user95_2017-02-24.bag;0.834065854549408;0.0;0.9619645476341248;0.0;2.3641359312406167;0.533447396543836;0.466552603456164
1730783654.3104856;/app/bags/user95_2017-02-24.bag;0.834065854549408;0.0;0.9619645476341248;0.0;2.3641359312406167;0.533447396543836;0.466552603456164
1730783654.5104573;/app/bags/user95_2017-02-24.bag;0.834065854549408;0.0;0.9619645476341248;0.0;2.3641359312406167;0.533447396543836;0.466552603456164
1730783654.710386;/app/bags/user95_2017-02-24.bag;0.834065854549408;0.0;0.9619645476341248;0.0;2.3641359312406167;0.533447396543836;0.466552603456164
1730783654.9104354;/app/bags/user95_2017-02-24.bag;0.834065854549408;0.0;0.9619645476341248;0.0;2.3641359312406167;0.533447396543836;0.466552603456164
1730783655.110393;/app/bags/user95_2017-02-24.bag;0.834065854549408;0.0;0.9619645476341248;0.0;2.3641359312406167;0.533447396543836;0.466552603456164
1730783655.3103933;/app/bags/user95_2017-02-24.bag;0.834065854549408;0.0;0.9619645476341248;0.0;2.3641359312406167;0.533447396543836;0.466552603456164
1730783655.5103753;/app/bags/user95_2017-02-24.bag;0.834065854549408;0.0;0.9619645476341248;0.0;2.3641359312406167;0.533447396543836;0.466552603456164
1730783655.7103808;/app/bags/user95_2017-02-24.bag;0.834065854549408;0.0;0.9619645476341248;0.0;2.3641359312406167;0.533447396543836;0.466552603456164
1730783655.9104052;/app/bags/user95_2017-02-24.bag;0.834065854549408;0.0;0.9619645476341248;0.0;2.3641359312406167;0.533447396543836;0.466552603456164
1730783656.1103904;/app/bags/user95_2017-02-24.bag;0.834065854549408;0.0;0.9619645476341248;0.0;2.3641359312406167;0.533447396543836;0.466552603456164
1730783656.3103945;/app/bags/user95_2017-02-24.bag;0.834065854549408;0.0;0.9619645476341248;0.0;2.3641359312406167;0.533447396543836;0.466552603456164
1730783656.5103881;/app/bags/user95_2017-02-24.bag;0.834065854549408;0.0;0.9619645476341248;0.0;2.3641359312406167;0.533447396543836;0.466552603456164
1730783656.7103667;/app/bags/user95_2017-02-24.bag;0.834065854549408;0.0;0.9619645476341248;0.0;2.3641359312406167;0.533447396543836;0.466552603456164
1730783656.9104712;/app/bags/user95_2017-02-24.bag;0.834065854549408;0.0;0.9619645476341248;0.0;2.3641359312406167;0.533447396543836;0.466552603456164
1730783657.1103983;/app/bags/user95_2017-02-24.bag;0.834065854549408;0.0;0.9619645476341248;0.0;2.3641359312406167;0.533447396543836;0.466552603456164
1730783657.3104155;/app/bags/user95_2017-02-24.bag;0.834065854549408;0.0;0.9619645476341248;0.0;2.3641359312406167;0.533447396543836;0.466552603456164
1730783657.5103834;/app/bags/user95_2017-02-24.bag;0.834065854549408;0.0;0.9619645476341248;0.0;2.3641359312406167;0.533447396543836;0.466552603456164
1730783657.7104084;/app/bags/user95_2017-02-24.bag;0.834065854549408;0.0;0.9619645476341248;0.0;2.3641359312406167;0.533447396543836;0.466552603456164
1730783657.9103703;/app/bags/user95_2017-02-24.bag;0.834065854549408;0.0;0.9619645476341248;0.0;2.3641359312406167;0.533447396543836;0.466552603456164
1730783658.1103883;/app/bags/user95_2017-02-24.bag;0.834065854549408;0.0;0.9619645476341248;0.0;2.3641359312406167;0.533447396543836;0.466552603456164
1730783658.3103733;/app/bags/user95_2017-02-24.bag;0.834065854549408;0.0;0.9619645476341248;0.0;2.3641359312406167;0.533447396543836;0.466552603456164
1730783658.5105247;/app/bags/user95_2017-02-24.bag;0.834065854549408;0.0;0.9619645476341248;0.0;2.3641359312406167;0.533447396543836;0.466552603456164
1730783658.710415;/app/bags/user95_2017-02-24.bag;0.834065854549408;0.0;0.9619645476341248;0.0;2.3641359312406167;0.533447396543836;0.466552603456164
1730783658.9105248;/app/bags/user95_2017-02-24.bag;0.834065854549408;0.0;0.9619645476341248;0.0;2.3641359312406167;0.533447396543836;0.466552603456164
1730783659.110439;/app/bags/user95_2017-02-24.bag;0.834065854549408;0.0;0.9619645476341248;0.0;2.3641359312406167;0.533447396543836;0.466552603456164
1730783659.3103902;/app/bags/user95_2017-02-24.bag;0.834065854549408;0.0;0.9619645476341248;0.0;2.3641359312406167;0.533447396543836;0.466552603456164
1730783659.5103803;/app/bags/user95_2017-02-24.bag;0.834065854549408;0.0;0.9619645476341248;0.0;2.3641359312406167;0.533447396543836;0.466552603456164
1730783659.7103953;/app/bags/user95_2017-02-24.bag;0.834065854549408;0.0;0.9619645476341248;0.0;2.3641359312406167;0.533447396543836;0.466552603456164
1730783659.9103475;/app/bags/user95_2017-02-24.bag;0.834065854549408;0.0;0.9619645476341248;0.0;2.3641359312406167;0.533447396543836;0.466552603456164
1730783660.1103754;/app/bags/user95_2017-02-24.bag;0.834065854549408;0.0;0.9619645476341248;0.0;2.3641359312406167;0.533447396543836;0.466552603456164
1730783660.3103986;/app/bags/user95_2017-02-24.bag;0.834065854549408;0.0;0.9619645476341248;0.0;2.3641359312406167;0.533447396543836;0.466552603456164
1730783660.5104566;/app/bags/user95_2017-02-24.bag;0.834065854549408;0.0;0.9619645476341248;0.0;2.3641359312406167;0.533447396543836;0.466552603456164
1730783660.7103605;/app/bags/user95_2017-02-24.bag;0.834065854549408;0.0;0.9619645476341248;0.0;2.3641359312406167;0.533447396543836;0.466552603456164
1730783660.9103851;/app/bags/user95_2017-02-24.bag;0.834065854549408;0.0;0.9619645476341248;0.0;2.3641359312406167;0.533447396543836;0.466552603456164
1730783661.11045;/app/bags/user95_2017-02-24.bag;0.834065854549408;0.0;0.9619645476341248;0.0;2.3641359312406167;0.533447396543836;0.466552603456164
1730783661.3104057;/app/bags/user95_2017-02-24.bag;0.834065854549408;0.0;0.9619645476341248;0.0;2.3641359312406167;0.533447396543836;0.466552603456164
1730783661.5104022;/app/bags/user95_2017-02-24.bag;0.834065854549408;0.0;0.9619645476341248;0.0;2.3641359312406167;0.533447396543836;0.466552603456164
1730783661.7103808;/app/bags/user95_2017-02-24.bag;0.834065854549408;0.0;0.9619645476341248;0.0;2.3641359312406167;0.533447396543836;0.466552603456164
1730783661.9105947;/app/bags/user95_2017-02-24.bag;0.834065854549408;0.0;0.9619645476341248;0.0;2.3641359312406167;0.533447396543836;0.466552603456164
1730783662.1104655;/app/bags/user95_2017-02-24.bag;0.834065854549408;0.0;0.9619645476341248;0.0;2.3641359312406167;0.533447396543836;0.466552603456164
1730783662.3104756;/app/bags/user95_2017-02-24.bag;0.834065854549408;0.0;0.9619645476341248;0.0;2.3641359312406167;0.533447396543836;0.466552603456164
1730783662.5103984;/app/bags/user95_2017-02-24.bag;0.834065854549408;0.0;0.9619645476341248;0.0;2.3641359312406167;0.533447396543836;0.466552603456164
1730783662.7116632;/app/bags/user95_2017-02-24.bag;0.834065854549408;0.0;0.9619645476341248;0.0;2.3641359312406167;0.533447396543836;0.466552603456164
1730783662.910377;/app/bags/user95_2017-02-24.bag;0.834065854549408;0.0;0.9619645476341248;0.0;2.3641359312406167;0.533447396543836;0.466552603456164
1730783663.1104903;/app/bags/user95_2017-02-24.bag;0.834065854549408;0.0;0.9619645476341248;0.0;2.3641359312406167;0.533447396543836;0.466552603456164
1730783663.3104198;/app/bags/user95_2017-02-24.bag;0.834065854549408;0.0;0.9619645476341248;0.0;2.3641359312406167;0.533447396543836;0.466552603456164
1730783663.51039;/app/bags/user95_2017-02-24.bag;0.834065854549408;0.0;0.9619645476341248;0.0;2.3641359312406167;0.533447396543836;0.466552603456164
1730783663.710366;/app/bags/user95_2017-02-24.bag;0.834065854549408;0.0;0.9619645476341248;0.0;2.3641359312406167;0.533447396543836;0.466552603456164
1730783663.9104686;/app/bags/user95_2017-02-24.bag;0.834065854549408;0.0;0.9619645476341248;0.0;2.3641359312406167;0.533447396543836;0.466552603456164
1730783664.1103878;/app/bags/user95_2017-02-24.bag;0.834065854549408;0.0;0.9619645476341248;0.0;2.3641359312406167;0.533447396543836;0.466552603456164
1730783664.3103797;/app/bags/user95_2017-02-24.bag;0.834065854549408;0.0;0.9619645476341248;0.0;2.3641359312406167;0.533447396543836;0.466552603456164
1730783664.510424;/app/bags/user95_2017-02-24.bag;0.834065854549408;0.0;0.9619645476341248;0.0;2.3641359312406167;0.533447396543836;0.466552603456164
1730783664.7103837;/app/bags/user95_2017-02-24.bag;0.834065854549408;0.0;0.9619645476341248;0.0;2.3641359312406167;0.533447396543836;0.466552603456164
1730783664.9103715;/app/bags/user95_2017-02-24.bag;0.834065854549408;0.0;0.9619645476341248;0.0;2.3641359312406167;0.533447396543836;0.466552603456164
1730783665.1103976;/app/bags/user95_2017-02-24.bag;0.834065854549408;0.0;0.9619645476341248;0.0;2.3641359312406167;0.533447396543836;0.466552603456164
1730783665.3103664;/app/bags/user95_2017-02-24.bag;0.834065854549408;0.0;0.9619645476341248;0.0;2.3641359312406167;0.533447396543836;0.466552603456164
1730783665.5103776;/app/bags/user95_2017-02-24.bag;0.834065854549408;0.0;0.9619645476341248;0.0;2.3641359312406167;0.533447396543836;0.466552603456164
1730783665.710447;/app/bags/user95_2017-02-24.bag;0.834065854549408;0.0;0.9619645476341248;0.0;2.3641359312406167;0.533447396543836;0.466552603456164
1730783665.910387;/app/bags/user95_2017-02-24.bag;0.834065854549408;0.0;0.9619645476341248;0.0;2.3641359312406167;0.533447396543836;0.466552603456164
1730783666.11038;/app/bags/user95_2017-02-24.bag;0.834065854549408;0.0;0.9619645476341248;0.0;2.3641359312406167;0.533447396543836;0.466552603456164
1730783666.3104103;/app/bags/user95_2017-02-24.bag;0.834065854549408;0.0;0.9619645476341248;0.0;2.3641359312406167;0.533447396543836;0.466552603456164
1730783666.5103774;/app/bags/user95_2017-02-24.bag;0.834065854549408;0.0;0.9619645476341248;0.0;2.3641359312406167;0.533447396543836;0.466552603456164
1730783666.7103717;/app/bags/user95_2017-02-24.bag;0.834065854549408;0.0;0.9619645476341248;0.0;2.3641359312406167;0.533447396543836;0.466552603456164
1730783666.910498;/app/bags/user95_2017-02-24.bag;0.834065854549408;0.0;0.9619645476341248;0.0;2.3641359312406167;0.533447396543836;0.466552603456164
1730783667.1104913;/app/bags/user95_2017-02-24.bag;0.834065854549408;0.0;0.9619645476341248;0.0;2.3641359312406167;0.533447396543836;0.466552603456164
1730783667.31038;/app/bags/user95_2017-02-24.bag;0.834065854549408;0.0;0.9619645476341248;0.0;2.3641359312406167;0.533447396543836;0.466552603456164
1730783667.5104558;/app/bags/user95_2017-02-24.bag;0.834065854549408;0.0;0.9619645476341248;0.0;2.3641359312406167;0.533447396543836;0.466552603456164
1730783667.7104235;/app/bags/user95_2017-02-24.bag;0.834065854549408;0.0;0.9619645476341248;0.0;2.3641359312406167;0.533447396543836;0.466552603456164
1730783667.910386;/app/bags/user95_2017-02-24.bag;0.834065854549408;0.0;0.9619645476341248;0.0;2.3641359312406167;0.533447396543836;0.466552603456164
1730783668.1103954;/app/bags/user95_2017-02-24.bag;0.834065854549408;0.0;0.9619645476341248;0.0;2.3641359312406167;0.533447396543836;0.466552603456164
1730783668.3103862;/app/bags/user95_2017-02-24.bag;0.834065854549408;0.0;0.9619645476341248;0.0;2.3641359312406167;0.533447396543836;0.466552603456164
1730783668.5104094;/app/bags/user95_2017-02-24.bag;0.834065854549408;0.0;0.9619645476341248;0.0;2.3641359312406167;0.533447396543836;0.466552603456164
1730783668.7103539;/app/bags/user95_2017-02-24.bag;0.834065854549408;0.0;0.9619645476341248;0.0;2.3641359312406167;0.533447396543836;0.466552603456164
1730783668.9104857;/app/bags/user95_2017-02-24.bag;0.834065854549408;0.0;0.9619645476341248;0.0;2.3641359312406167;0.533447396543836;0.466552603456164
1730783669.1104348;/app/bags/user95_2017-02-24.bag;0.834065854549408;0.0;0.9619645476341248;0.0;2.3641359312406167;0.533447396543836;0.466552603456164
1730783669.3103795;/app/bags/user95_2017-02-24.bag;0.834065854549408;0.0;0.9619645476341248;0.0;2.3641359312406167;0.533447396543836;0.466552603456164
1730783669.5103812;/app/bags/user95_2017-02-24.bag;0.834065854549408;0.0;0.9619645476341248;0.0;2.3641359312406167;0.533447396543836;0.466552603456164
1730783669.7104359;/app/bags/user95_2017-02-24.bag;0.834065854549408;0.0;0.9619645476341248;0.0;2.3641359312406167;0.533447396543836;0.466552603456164
1730783669.910363;/app/bags/user95_2017-02-24.bag;0.834065854549408;0.0;0.9619645476341248;0.0;2.3641359312406167;0.533447396543836;0.466552603456164
1730783670.1103923;/app/bags/user95_2017-02-24.bag;0.834065854549408;0.0;0.9619645476341248;0.0;2.3641359312406167;0.533447396543836;0.466552603456164
1730783670.310369;/app/bags/user95_2017-02-24.bag;0.834065854549408;0.0;0.9619645476341248;0.0;2.3641359312406167;0.533447396543836;0.466552603456164
1730783670.5108387;/app/bags/user95_2017-02-24.bag;0.834065854549408;0.0;0.9619645476341248;0.0;2.3641359312406167;0.533447396543836;0.466552603456164
1730783670.7104094;/app/bags/user95_2017-02-24.bag;0.834065854549408;0.0;0.9619645476341248;0.0;2.3641359312406167;0.533447396543836;0.466552603456164
1730783670.9103756;/app/bags/user95_2017-02-24.bag;0.834065854549408;0.0;0.9619645476341248;0.0;2.3641359312406167;0.533447396543836;0.466552603456164
1730783671.1103785;/app/bags/user95_2017-02-24.bag;0.834065854549408;0.0;0.9619645476341248;0.0;2.3641359312406167;0.533447396543836;0.466552603456164
1730783671.310385;/app/bags/user95_2017-02-24.bag;0.834065854549408;0.0;0.9619645476341248;0.0;2.3641359312406167;0.533447396543836;0.466552603456164
1730783671.5103939;/app/bags/user95_2017-02-24.bag;0.834065854549408;0.0;0.9619645476341248;0.0;2.3641359312406167;0.533447396543836;0.466552603456164
1730783671.710527;/app/bags/user95_2017-02-24.bag;0.834065854549408;0.0;0.9619645476341248;0.0;2.3641359312406167;0.533447396543836;0.466552603456164
1730783671.910367;/app/bags/user95_2017-02-24.bag;0.834065854549408;0.0;0.9619645476341248;0.0;2.3641359312406167;0.533447396543836;0.466552603456164
1730783672.1103826;/app/bags/user95_2017-02-24.bag;0.834065854549408;0.0;0.9619645476341248;0.0;2.3641359312406167;0.533447396543836;0.466552603456164
1730783672.3103545;/app/bags/user95_2017-02-24.bag;0.834065854549408;0.0;0.9619645476341248;0.0;2.3641359312406167;0.533447396543836;0.466552603456164
1730783672.5103848;/app/bags/user95_2017-02-24.bag;0.834065854549408;0.0;0.9619645476341248;0.0;2.3641359312406167;0.533447396543836;0.466552603456164
1730783672.7103972;/app/bags/user95_2017-02-24.bag;0.834065854549408;0.0;0.9619645476341248;0.0;2.3641359312406167;0.533447396543836;0.466552603456164
1730783672.910407;/app/bags/user95_2017-02-24.bag;0.834065854549408;0.0;0.9619645476341248;0.0;2.3641359312406167;0.533447396543836;0.466552603456164
1730783673.1104167;/app/bags/user95_2017-02-24.bag;0.834065854549408;0.0;0.9619645476341248;0.0;2.3641359312406167;0.533447396543836;0.466552603456164
1730783673.3104355;/app/bags/user95_2017-02-24.bag;0.834065854549408;0.0;0.9619645476341248;0.0;2.3641359312406167;0.533447396543836;0.466552603456164
1730783673.5105026;/app/bags/user95_2017-02-24.bag;0.834065854549408;0.0;0.9619645476341248;0.0;2.3641359312406167;0.533447396543836;0.466552603456164
1730783673.7103877;/app/bags/user95_2017-02-24.bag;0.834065854549408;0.0;0.9619645476341248;0.0;2.3641359312406167;0.533447396543836;0.466552603456164
1730783673.9104111;/app/bags/user95_2017-02-24.bag;0.834065854549408;0.0;0.9619645476341248;0.0;2.3641359312406167;0.533447396543836;0.466552603456164
1730783674.1103985;/app/bags/user95_2017-02-24.bag;0.834065854549408;0.0;0.9619645476341248;0.0;2.3641359312406167;0.533447396543836;0.466552603456164
1730783674.3104284;/app/bags/user95_2017-02-24.bag;0.834065854549408;0.0;0.9619645476341248;0.0;2.3641359312406167;0.533447396543836;0.466552603456164
1730783674.5103915;/app/bags/user95_2017-02-24.bag;0.834065854549408;0.0;0.9619645476341248;0.0;2.3641359312406167;0.533447396543836;0.466552603456164
1730783674.710409;/app/bags/user95_2017-02-24.bag;0.834065854549408;0.0;0.9619645476341248;0.0;2.3641359312406167;0.533447396543836;0.466552603456164
1730783674.910479;/app/bags/user95_2017-02-24.bag;0.834065854549408;0.0;0.9619645476341248;0.0;2.3641359312406167;0.533447396543836;0.466552603456164
1730783675.1106062;/app/bags/user95_2017-02-24.bag;0.834065854549408;0.0;0.9619645476341248;0.0;2.3641359312406167;0.533447396543836;0.466552603456164
1730783675.3103836;/app/bags/user95_2017-02-24.bag;0.834065854549408;0.0;0.9619645476341248;0.0;2.3641359312406167;0.533447396543836;0.466552603456164
1730783675.510393;/app/bags/user95_2017-02-24.bag;0.834065854549408;0.0;0.9619645476341248;0.0;2.3641359312406167;0.533447396543836;0.466552603456164
1730783675.7103689;/app/bags/user95_2017-02-24.bag;0.834065854549408;0.0;0.9619645476341248;0.0;2.3641359312406167;0.533447396543836;0.466552603456164
1730783675.9104183;/app/bags/user95_2017-02-24.bag;0.834065854549408;0.0;0.9619645476341248;0.0;2.3641359312406167;0.533447396543836;0.466552603456164
1730783676.110393;/app/bags/user95_2017-02-24.bag;0.834065854549408;0.0;0.9619645476341248;0.0;2.3641359312406167;0.533447396543836;0.466552603456164
1730783676.310382;/app/bags/user95_2017-02-24.bag;0.834065854549408;0.0;0.9619645476341248;0.0;2.3641359312406167;0.533447396543836;0.466552603456164
1730783676.5105362;/app/bags/user95_2017-02-24.bag;0.834065854549408;0.0;0.9619645476341248;0.0;2.3641359312406167;0.533447396543836;0.466552603456164
1730783676.7104146;/app/bags/user95_2017-02-24.bag;0.834065854549408;0.0;0.9619645476341248;0.0;2.3641359312406167;0.533447396543836;0.466552603456164
1730783676.9103594;/app/bags/user95_2017-02-24.bag;0.834065854549408;0.0;0.9619645476341248;0.0;2.3641359312406167;0.533447396543836;0.466552603456164
1730783677.1103983;/app/bags/user95_2017-02-24.bag;0.834065854549408;0.0;0.9619645476341248;0.0;2.3641359312406167;0.533447396543836;0.466552603456164
1730783677.3104248;/app/bags/user95_2017-02-24.bag;0.834065854549408;0.0;0.9619645476341248;0.0;2.3641359312406167;0.533447396543836;0.466552603456164
1730783677.5104;/app/bags/user95_2017-02-24.bag;0.834065854549408;0.0;0.9619645476341248;0.0;2.3641359312406167;0.533447396543836;0.466552603456164
1730783677.7103968;/app/bags/user95_2017-02-24.bag;0.834065854549408;0.0;0.9619645476341248;0.0;2.3641359312406167;0.533447396543836;0.466552603456164
1730783677.910375;/app/bags/user95_2017-02-24.bag;0.834065854549408;0.0;0.9619645476341248;0.0;2.3641359312406167;0.533447396543836;0.466552603456164
1730783678.1104453;/app/bags/user95_2017-02-24.bag;0.834065854549408;0.0;0.9619645476341248;0.0;2.3641359312406167;0.533447396543836;0.466552603456164
1730783678.3103955;/app/bags/user95_2017-02-24.bag;0.834065854549408;0.0;0.9619645476341248;0.0;2.3641359312406167;0.533447396543836;0.466552603456164
1730783678.5103576;/app/bags/user95_2017-02-24.bag;0.834065854549408;0.0;0.9619645476341248;0.0;2.3641359312406167;0.533447396543836;0.466552603456164
1730783678.7103727;/app/bags/user95_2017-02-24.bag;0.834065854549408;0.0;0.9619645476341248;0.0;2.3641359312406167;0.533447396543836;0.466552603456164
1730783678.9103897;/app/bags/user95_2017-02-24.bag;0.834065854549408;0.0;0.9619645476341248;0.0;2.3641359312406167;0.533447396543836;0.466552603456164
1730783679.1103654;/app/bags/user95_2017-02-24.bag;0.834065854549408;0.0;0.9619645476341248;0.0;2.3641359312406167;0.533447396543836;0.466552603456164
1730783679.3104255;/app/bags/user95_2017-02-24.bag;0.834065854549408;0.0;0.9619645476341248;0.0;2.3641359312406167;0.533447396543836;0.466552603456164
1730783679.5103762;/app/bags/user95_2017-02-24.bag;0.834065854549408;0.0;0.9619645476341248;0.0;2.3641359312406167;0.533447396543836;0.466552603456164
1730783679.7104232;/app/bags/user95_2017-02-24.bag;0.834065854549408;0.0;0.9619645476341248;0.0;2.3641359312406167;0.533447396543836;0.466552603456164
1730783679.9105422;/app/bags/user95_2017-02-24.bag;0.834065854549408;0.0;0.9619645476341248;0.0;2.3641359312406167;0.533447396543836;0.466552603456164
1730783680.1104007;/app/bags/user95_2017-02-24.bag;0.834065854549408;0.0;0.9619645476341248;0.0;2.3641359312406167;0.533447396543836;0.466552603456164
1730783680.3103704;/app/bags/user95_2017-02-24.bag;0.834065854549408;0.0;0.9619645476341248;0.0;2.3641359312406167;0.533447396543836;0.466552603456164
1730783680.51043;/app/bags/user95_2017-02-24.bag;0.834065854549408;0.0;0.9619645476341248;0.0;2.3641359312406167;0.533447396543836;0.466552603456164
1730783680.7104008;/app/bags/user95_2017-02-24.bag;0.834065854549408;0.0;0.9619645476341248;0.0;2.3641359312406167;0.533447396543836;0.466552603456164
1730783680.9103963;/app/bags/user95_2017-02-24.bag;0.834065854549408;0.0;0.9619645476341248;0.0;2.3641359312406167;0.533447396543836;0.466552603456164
1730783681.1104;/app/bags/user95_2017-02-24.bag;0.834065854549408;0.0;0.9619645476341248;0.0;2.3641359312406167;0.533447396543836;0.466552603456164
1730783681.3103752;/app/bags/user95_2017-02-24.bag;0.834065854549408;0.0;0.9619645476341248;0.0;2.3641359312406167;0.533447396543836;0.466552603456164
1730783681.5103652;/app/bags/user95_2017-02-24.bag;0.834065854549408;0.0;0.9619645476341248;0.0;2.3641359312406167;0.533447396543836;0.466552603456164
1730783681.710435;/app/bags/user95_2017-02-24.bag;0.834065854549408;0.0;0.9619645476341248;0.0;2.3641359312406167;0.533447396543836;0.466552603456164
1730783681.910389;/app/bags/user95_2017-02-24.bag;0.834065854549408;0.0;0.9619645476341248;0.0;2.3641359312406167;0.533447396543836;0.466552603456164
1730783682.1104684;/app/bags/user95_2017-02-24.bag;0.834065854549408;0.0;0.9619645476341248;0.0;2.3641359312406167;0.533447396543836;0.466552603456164
1730783682.3103986;/app/bags/user95_2017-02-24.bag;0.834065854549408;0.0;0.9619645476341248;0.0;2.3641359312406167;0.533447396543836;0.466552603456164
1730783682.5104868;/app/bags/user95_2017-02-24.bag;0.834065854549408;0.0;0.9619645476341248;0.0;2.3641359312406167;0.533447396543836;0.466552603456164
1730783682.7103834;/app/bags/user95_2017-02-24.bag;0.834065854549408;0.0;0.9619645476341248;0.0;2.3641359312406167;0.533447396543836;0.466552603456164
1730783682.9104066;/app/bags/user95_2017-02-24.bag;0.834065854549408;0.0;0.9619645476341248;0.0;2.3641359312406167;0.533447396543836;0.466552603456164
1730783683.1104372;/app/bags/user95_2017-02-24.bag;0.834065854549408;0.0;0.9619645476341248;0.0;2.3641359312406167;0.533447396543836;0.466552603456164
1730783683.3103848;/app/bags/user95_2017-02-24.bag;0.834065854549408;0.0;0.9619645476341248;0.0;2.3641359312406167;0.533447396543836;0.466552603456164
1730783683.5103936;/app/bags/user95_2017-02-24.bag;0.834065854549408;0.0;0.9619645476341248;0.0;2.3641359312406167;0.533447396543836;0.466552603456164
1730783683.710383;/app/bags/user95_2017-02-24.bag;0.834065854549408;0.0;0.9619645476341248;0.0;2.3641359312406167;0.533447396543836;0.466552603456164
1730783683.9103923;/app/bags/user95_2017-02-24.bag;0.834065854549408;0.0;0.9619645476341248;0.0;2.3641359312406167;0.533447396543836;0.466552603456164
1730783684.1104455;/app/bags/user95_2017-02-24.bag;0.834065854549408;0.0;0.9619645476341248;0.0;2.3641359312406167;0.533447396543836;0.466552603456164
1730783684.3104064;/app/bags/user95_2017-02-24.bag;0.834065854549408;0.0;0.9619645476341248;0.0;2.3641359312406167;0.533447396543836;0.466552603456164
1730783684.5103745;/app/bags/user95_2017-02-24.bag;0.834065854549408;0.0;0.9619645476341248;0.0;2.3641359312406167;0.533447396543836;0.466552603456164
1730783684.7104433;/app/bags/user95_2017-02-24.bag;0.834065854549408;0.0;0.9619645476341248;0.0;2.3641359312406167;0.533447396543836;0.466552603456164
1730783684.9104083;/app/bags/user95_2017-02-24.bag;0.834065854549408;0.0;0.9619645476341248;0.0;2.3641359312406167;0.533447396543836;0.466552603456164
1730783685.110395;/app/bags/user95_2017-02-24.bag;0.834065854549408;0.0;0.9619645476341248;0.0;2.3641359312406167;0.533447396543836;0.466552603456164
1730783685.310446;/app/bags/user95_2017-02-24.bag;0.834065854549408;0.0;0.9619645476341248;0.0;2.3641359312406167;0.533447396543836;0.466552603456164
1730783685.5103953;/app/bags/user95_2017-02-24.bag;0.834065854549408;0.0;0.9619645476341248;0.0;2.3641359312406167;0.533447396543836;0.466552603456164
1730783685.710415;/app/bags/user95_2017-02-24.bag;0.834065854549408;0.0;0.9619645476341248;0.0;2.3641359312406167;0.533447396543836;0.466552603456164
1730783685.910381;/app/bags/user95_2017-02-24.bag;0.834065854549408;0.0;0.9619645476341248;0.0;2.3641359312406167;0.533447396543836;0.466552603456164
1730783686.1103745;/app/bags/user95_2017-02-24.bag;0.834065854549408;0.0;0.9619645476341248;0.0;2.3641359312406167;0.533447396543836;0.466552603456164
1730783686.31041;/app/bags/user95_2017-02-24.bag;0.834065854549408;0.0;0.9619645476341248;0.0;2.3641359312406167;0.533447396543836;0.466552603456164
1730783686.510396;/app/bags/user95_2017-02-24.bag;0.834065854549408;0.0;0.9619645476341248;0.0;2.3641359312406167;0.533447396543836;0.466552603456164
1730783686.7103953;/app/bags/user95_2017-02-24.bag;0.834065854549408;0.0;0.9619645476341248;0.0;2.3641359312406167;0.533447396543836;0.466552603456164
1730783686.910377;/app/bags/user95_2017-02-24.bag;0.834065854549408;0.0;0.9619645476341248;0.0;2.3641359312406167;0.533447396543836;0.466552603456164
1730783687.1103818;/app/bags/user95_2017-02-24.bag;0.834065854549408;0.0;0.9619645476341248;0.0;2.3641359312406167;0.533447396543836;0.466552603456164
1730783687.3104224;/app/bags/user95_2017-02-24.bag;0.834065854549408;0.0;0.9619645476341248;0.0;2.3641359312406167;0.533447396543836;0.466552603456164
1730783687.5103788;/app/bags/user95_2017-02-24.bag;0.834065854549408;0.0;0.9619645476341248;0.0;2.3641359312406167;0.533447396543836;0.466552603456164
1730783687.710378;/app/bags/user95_2017-02-24.bag;0.834065854549408;0.0;0.9619645476341248;0.0;2.3641359312406167;0.533447396543836;0.466552603456164
1730783687.9104314;/app/bags/user95_2017-02-24.bag;0.834065854549408;0.0;0.9619645476341248;0.0;2.3641359312406167;0.533447396543836;0.466552603456164
1730783688.1103795;/app/bags/user95_2017-02-24.bag;0.834065854549408;0.0;0.9619645476341248;0.0;2.3641359312406167;0.533447396543836;0.466552603456164
1730783688.3104;/app/bags/user95_2017-02-24.bag;0.834065854549408;0.0;0.9619645476341248;0.0;2.3641359312406167;0.533447396543836;0.466552603456164
1730783688.5103583;/app/bags/user95_2017-02-24.bag;0.834065854549408;0.0;0.9619645476341248;0.0;2.3641359312406167;0.533447396543836;0.466552603456164
1730783688.7105727;/app/bags/user95_2017-02-24.bag;0.834065854549408;0.0;0.9619645476341248;0.0;2.3641359312406167;0.533447396543836;0.466552603456164
1730783688.910386;/app/bags/user95_2017-02-24.bag;0.834065854549408;0.0;0.9619645476341248;0.0;2.3641359312406167;0.533447396543836;0.466552603456164
1730783689.110392;/app/bags/user95_2017-02-24.bag;0.834065854549408;0.0;0.9619645476341248;0.0;2.3641359312406167;0.533447396543836;0.466552603456164
1730783689.310376;/app/bags/user95_2017-02-24.bag;0.834065854549408;0.0;0.9619645476341248;0.0;2.3641359312406167;0.533447396543836;0.466552603456164
1730783689.510384;/app/bags/user95_2017-02-24.bag;0.834065854549408;0.0;0.9619645476341248;0.0;2.3641359312406167;0.533447396543836;0.466552603456164
1730783689.7103696;/app/bags/user95_2017-02-24.bag;0.834065854549408;0.0;0.9619645476341248;0.0;2.3641359312406167;0.533447396543836;0.466552603456164
1730783689.9103887;/app/bags/user95_2017-02-24.bag;0.834065854549408;0.0;0.9619645476341248;0.0;2.3641359312406167;0.533447396543836;0.466552603456164
1730783690.1103778;/app/bags/user95_2017-02-24.bag;0.834065854549408;0.0;0.9619645476341248;0.0;2.3641359312406167;0.533447396543836;0.466552603456164
1730783690.3103938;/app/bags/user95_2017-02-24.bag;0.834065854549408;0.0;0.9619645476341248;0.0;2.3641359312406167;0.533447396543836;0.466552603456164
1730783690.5104525;/app/bags/user95_2017-02-24.bag;0.834065854549408;0.0;0.9619645476341248;0.0;2.3641359312406167;0.533447396543836;0.466552603456164
1730783690.7104247;/app/bags/user95_2017-02-24.bag;0.834065854549408;0.0;0.9619645476341248;0.0;2.3641359312406167;0.533447396543836;0.466552603456164
1730783690.9103951;/app/bags/user95_2017-02-24.bag;0.834065854549408;0.0;0.9619645476341248;0.0;2.3641359312406167;0.533447396543836;0.466552603456164
1730783691.1103806;/app/bags/user95_2017-02-24.bag;0.834065854549408;0.0;0.9619645476341248;0.0;2.3641359312406167;0.533447396543836;0.466552603456164
1730783691.310377;/app/bags/user95_2017-02-24.bag;0.834065854549408;0.0;0.9619645476341248;0.0;2.3641359312406167;0.533447396543836;0.466552603456164
1730783691.510396;/app/bags/user95_2017-02-24.bag;0.834065854549408;0.0;0.9619645476341248;0.0;2.3641359312406167;0.533447396543836;0.466552603456164
1730783691.710362;/app/bags/user95_2017-02-24.bag;0.834065854549408;0.0;0.9619645476341248;0.0;2.3641359312406167;0.533447396543836;0.466552603456164
1730783691.9104557;/app/bags/user95_2017-02-24.bag;0.834065854549408;0.0;0.9619645476341248;0.0;2.3641359312406167;0.533447396543836;0.466552603456164
1730783692.1103883;/app/bags/user95_2017-02-24.bag;0.834065854549408;0.0;0.9619645476341248;0.0;2.3641359312406167;0.533447396543836;0.466552603456164
1730783692.3103895;/app/bags/user95_2017-02-24.bag;0.834065854549408;0.0;0.9619645476341248;0.0;2.3641359312406167;0.533447396543836;0.466552603456164
1730783692.510421;/app/bags/user95_2017-02-24.bag;0.834065854549408;0.0;0.9619645476341248;0.0;2.3641359312406167;0.533447396543836;0.466552603456164
1730783692.710415;/app/bags/user95_2017-02-24.bag;0.834065854549408;0.0;0.9619645476341248;0.0;2.3641359312406167;0.533447396543836;0.466552603456164
1730783692.910386;/app/bags/user95_2017-02-24.bag;0.834065854549408;0.0;0.9619645476341248;0.0;2.3641359312406167;0.533447396543836;0.466552603456164
1730783693.1103935;/app/bags/user95_2017-02-24.bag;0.834065854549408;0.0;0.9619645476341248;0.0;2.3641359312406167;0.533447396543836;0.466552603456164
1730783693.310433;/app/bags/user95_2017-02-24.bag;0.834065854549408;0.0;0.9619645476341248;0.0;2.3641359312406167;0.533447396543836;0.466552603456164
1730783693.5104342;/app/bags/user95_2017-02-24.bag;0.834065854549408;0.0;0.9619645476341248;0.0;2.3641359312406167;0.533447396543836;0.466552603456164
1730783693.7103703;/app/bags/user95_2017-02-24.bag;0.834065854549408;0.0;0.9619645476341248;0.0;2.3641359312406167;0.533447396543836;0.466552603456164
1730783693.910402;/app/bags/user95_2017-02-24.bag;0.834065854549408;0.0;0.9619645476341248;0.0;2.3641359312406167;0.533447396543836;0.466552603456164
1730783694.1103883;/app/bags/user95_2017-02-24.bag;0.834065854549408;0.0;0.9619645476341248;0.0;2.3641359312406167;0.533447396543836;0.466552603456164
1730783694.3103967;/app/bags/user95_2017-02-24.bag;0.834065854549408;0.0;0.9619645476341248;0.0;2.3641359312406167;0.533447396543836;0.466552603456164
1730783694.5103786;/app/bags/user95_2017-02-24.bag;0.834065854549408;0.0;0.9619645476341248;0.0;2.3641359312406167;0.533447396543836;0.466552603456164
1730783694.7103832;/app/bags/user95_2017-02-24.bag;0.834065854549408;0.0;0.9619645476341248;0.0;2.3641359312406167;0.533447396543836;0.466552603456164
1730783694.9104435;/app/bags/user95_2017-02-24.bag;0.834065854549408;0.0;0.9619645476341248;0.0;2.3641359312406167;0.533447396543836;0.466552603456164
1730783695.110388;/app/bags/user95_2017-02-24.bag;0.834065854549408;0.0;0.9619645476341248;0.0;2.3641359312406167;0.533447396543836;0.466552603456164
1730783695.31036;/app/bags/user95_2017-02-24.bag;0.834065854549408;0.0;0.9619645476341248;0.0;2.3641359312406167;0.533447396543836;0.466552603456164
1730783695.5104437;/app/bags/user95_2017-02-24.bag;0.834065854549408;0.0;0.9619645476341248;0.0;2.3641359312406167;0.533447396543836;0.466552603456164
1730783695.710381;/app/bags/user95_2017-02-24.bag;0.834065854549408;0.0;0.9619645476341248;0.0;2.3641359312406167;0.533447396543836;0.466552603456164
1730783695.9103665;/app/bags/user95_2017-02-24.bag;0.834065854549408;0.0;0.9619645476341248;0.0;2.3641359312406167;0.533447396543836;0.466552603456164
1730783696.1103776;/app/bags/user95_2017-02-24.bag;0.834065854549408;0.0;0.9619645476341248;0.0;2.3641359312406167;0.533447396543836;0.466552603456164
1730783696.3103628;/app/bags/user95_2017-02-24.bag;0.834065854549408;0.0;0.9619645476341248;0.0;2.3641359312406167;0.533447396543836;0.466552603456164
1730783696.5103726;/app/bags/user95_2017-02-24.bag;0.834065854549408;0.0;0.9619645476341248;0.0;2.3641359312406167;0.533447396543836;0.466552603456164
1730783696.7104003;/app/bags/user95_2017-02-24.bag;0.834065854549408;0.0;0.9619645476341248;0.0;2.3641359312406167;0.533447396543836;0.466552603456164
1730783696.910381;/app/bags/user95_2017-02-24.bag;0.834065854549408;0.0;0.9619645476341248;0.0;2.3641359312406167;0.533447396543836;0.466552603456164
1730783697.1103792;/app/bags/user95_2017-02-24.bag;0.834065854549408;0.0;0.9619645476341248;0.0;2.3641359312406167;0.533447396543836;0.466552603456164
1730783697.3103962;/app/bags/user95_2017-02-24.bag;0.834065854549408;0.0;0.9619645476341248;0.0;2.3641359312406167;0.533447396543836;0.466552603456164
1730783697.510423;/app/bags/user95_2017-02-24.bag;0.834065854549408;0.0;0.9619645476341248;0.0;2.3641359312406167;0.533447396543836;0.466552603456164
1730783697.7103946;/app/bags/user95_2017-02-24.bag;0.834065854549408;0.0;0.9619645476341248;0.0;2.3641359312406167;0.533447396543836;0.466552603456164
1730783697.9103835;/app/bags/user95_2017-02-24.bag;0.834065854549408;0.0;0.9619645476341248;0.0;2.3641359312406167;0.533447396543836;0.466552603456164
1730783698.1104202;/app/bags/user95_2017-02-24.bag;0.834065854549408;0.0;0.9619645476341248;0.0;2.3641359312406167;0.533447396543836;0.466552603456164
1730783698.3103797;/app/bags/user95_2017-02-24.bag;0.834065854549408;0.0;0.9619645476341248;0.0;2.3641359312406167;0.533447396543836;0.466552603456164
1730783698.5103872;/app/bags/user95_2017-02-24.bag;0.834065854549408;0.0;0.9619645476341248;0.0;2.3641359312406167;0.533447396543836;0.466552603456164
1730783698.7104118;/app/bags/user95_2017-02-24.bag;0.834065854549408;0.0;0.9619645476341248;0.0;2.3641359312406167;0.533447396543836;0.466552603456164
1730783698.9103804;/app/bags/user95_2017-02-24.bag;0.834065854549408;0.0;0.9619645476341248;0.0;2.3641359312406167;0.533447396543836;0.466552603456164
1730783699.1103737;/app/bags/user95_2017-02-24.bag;0.834065854549408;0.0;0.9619645476341248;0.0;2.3641359312406167;0.533447396543836;0.466552603456164
1730783699.310377;/app/bags/user95_2017-02-24.bag;0.834065854549408;0.0;0.9619645476341248;0.0;2.3641359312406167;0.533447396543836;0.466552603456164
1730783699.5103827;/app/bags/user95_2017-02-24.bag;0.834065854549408;0.0;0.9619645476341248;0.0;2.3641359312406167;0.533447396543836;0.466552603456164
1730783699.7103882;/app/bags/user95_2017-02-24.bag;0.834065854549408;0.0;0.9619645476341248;0.0;2.3641359312406167;0.533447396543836;0.466552603456164
1730783699.9103694;/app/bags/user95_2017-02-24.bag;0.834065854549408;0.0;0.9619645476341248;0.0;2.3641359312406167;0.533447396543836;0.466552603456164
1730783700.1103845;/app/bags/user95_2017-02-24.bag;0.834065854549408;0.0;0.9619645476341248;0.0;2.3641359312406167;0.533447396543836;0.466552603456164
1730783700.3104134;/app/bags/user95_2017-02-24.bag;0.834065854549408;0.0;0.9619645476341248;0.0;2.3641359312406167;0.533447396543836;0.466552603456164
1730783700.5103755;/app/bags/user95_2017-02-24.bag;0.834065854549408;0.0;0.9619645476341248;0.0;2.3641359312406167;0.533447396543836;0.466552603456164
1730783700.7103677;/app/bags/user95_2017-02-24.bag;0.834065854549408;0.0;0.9619645476341248;0.0;2.3641359312406167;0.533447396543836;0.466552603456164
1730783700.9103572;/app/bags/user95_2017-02-24.bag;0.834065854549408;0.0;0.9619645476341248;0.0;2.3641359312406167;0.533447396543836;0.466552603456164
1730783701.1104228;/app/bags/user95_2017-02-24.bag;0.834065854549408;0.0;0.9619645476341248;0.0;2.3641359312406167;0.533447396543836;0.466552603456164
1730783701.3103719;/app/bags/user95_2017-02-24.bag;0.834065854549408;0.0;0.9619645476341248;0.0;2.3641359312406167;0.533447396543836;0.466552603456164
1730783701.5103672;/app/bags/user95_2017-02-24.bag;0.834065854549408;0.0;0.9619645476341248;0.0;2.3641359312406167;0.533447396543836;0.466552603456164
1730783701.7104027;/app/bags/user95_2017-02-24.bag;0.834065854549408;0.0;0.9619645476341248;0.0;2.3641359312406167;0.533447396543836;0.466552603456164
1730783701.910371;/app/bags/user95_2017-02-24.bag;0.834065854549408;0.0;0.9619645476341248;0.0;2.3641359312406167;0.533447396543836;0.466552603456164
1730783702.1103938;/app/bags/user95_2017-02-24.bag;0.834065854549408;0.0;0.9619645476341248;0.0;2.3641359312406167;0.533447396543836;0.466552603456164
1730783702.3103907;/app/bags/user95_2017-02-24.bag;0.834065854549408;0.0;0.9619645476341248;0.0;2.3641359312406167;0.533447396543836;0.466552603456164
1730783702.5104294;/app/bags/user95_2017-02-24.bag;0.834065854549408;0.0;0.9619645476341248;0.0;2.3641359312406167;0.533447396543836;0.466552603456164
1730783702.710382;/app/bags/user95_2017-02-24.bag;0.834065854549408;0.0;0.9619645476341248;0.0;2.3641359312406167;0.533447396543836;0.466552603456164
1730783702.910383;/app/bags/user95_2017-02-24.bag;0.834065854549408;0.0;0.9619645476341248;0.0;2.3641359312406167;0.533447396543836;0.466552603456164
1730783703.1103985;/app/bags/user95_2017-02-24.bag;0.834065854549408;0.0;0.9619645476341248;0.0;2.3641359312406167;0.533447396543836;0.466552603456164
1730783703.3103745;/app/bags/user95_2017-02-24.bag;0.834065854549408;0.0;0.9619645476341248;0.0;2.3641359312406167;0.533447396543836;0.466552603456164
1730783703.510396;/app/bags/user95_2017-02-24.bag;0.834065854549408;0.0;0.9619645476341248;0.0;2.3641359312406167;0.533447396543836;0.466552603456164
1730783703.7103748;/app/bags/user95_2017-02-24.bag;0.834065854549408;0.0;0.9619645476341248;0.0;2.3641359312406167;0.533447396543836;0.466552603456164
1730783703.9105213;/app/bags/user95_2017-02-24.bag;0.834065854549408;0.0;0.9619645476341248;0.0;2.3641359312406167;0.533447396543836;0.466552603456164
1730783704.1104019;/app/bags/user95_2017-02-24.bag;0.834065854549408;0.0;0.9619645476341248;0.0;2.3641359312406167;0.533447396543836;0.466552603456164
1730783704.3103857;/app/bags/user95_2017-02-24.bag;0.834065854549408;0.0;0.9619645476341248;0.0;2.3641359312406167;0.533447396543836;0.466552603456164
1730783704.5103607;/app/bags/user95_2017-02-24.bag;0.834065854549408;0.0;0.9619645476341248;0.0;2.3641359312406167;0.533447396543836;0.466552603456164
1730783704.710399;/app/bags/user95_2017-02-24.bag;0.834065854549408;0.0;0.9619645476341248;0.0;2.3641359312406167;0.533447396543836;0.466552603456164
1730783704.910364;/app/bags/user95_2017-02-24.bag;0.834065854549408;0.0;0.9619645476341248;0.0;2.3641359312406167;0.533447396543836;0.466552603456164
1730783705.110435;/app/bags/user95_2017-02-24.bag;0.834065854549408;0.0;0.9619645476341248;0.0;2.3641359312406167;0.533447396543836;0.466552603456164
1730783705.3104162;/app/bags/user95_2017-02-24.bag;0.834065854549408;0.0;0.9619645476341248;0.0;2.3641359312406167;0.533447396543836;0.466552603456164
1730783705.5103786;/app/bags/user95_2017-02-24.bag;0.834065854549408;0.0;0.9619645476341248;0.0;2.3641359312406167;0.533447396543836;0.466552603456164
1730783705.7103813;/app/bags/user95_2017-02-24.bag;0.834065854549408;0.0;0.9619645476341248;0.0;2.3641359312406167;0.533447396543836;0.466552603456164
1730783705.9104416;/app/bags/user95_2017-02-24.bag;0.834065854549408;0.0;0.9619645476341248;0.0;2.3641359312406167;0.533447396543836;0.466552603456164
1730783706.1103919;/app/bags/user95_2017-02-24.bag;0.834065854549408;0.0;0.9619645476341248;0.0;2.3641359312406167;0.533447396543836;0.466552603456164
1730783706.310368;/app/bags/user95_2017-02-24.bag;0.834065854549408;0.0;0.9619645476341248;0.0;2.3641359312406167;0.533447396543836;0.466552603456164
1730783706.5104094;/app/bags/user95_2017-02-24.bag;0.834065854549408;0.0;0.9619645476341248;0.0;2.3641359312406167;0.533447396543836;0.466552603456164
1730783706.7104213;/app/bags/user95_2017-02-24.bag;0.834065854549408;0.0;0.9619645476341248;0.0;2.3641359312406167;0.533447396543836;0.466552603456164
1730783706.910405;/app/bags/user95_2017-02-24.bag;0.834065854549408;0.0;0.9619645476341248;0.0;2.3641359312406167;0.533447396543836;0.466552603456164
1730783707.1103973;/app/bags/user95_2017-02-24.bag;0.834065854549408;0.0;0.9619645476341248;0.0;2.3641359312406167;0.533447396543836;0.466552603456164
1730783707.3103888;/app/bags/user95_2017-02-24.bag;0.834065854549408;0.0;0.9619645476341248;0.0;2.3641359312406167;0.533447396543836;0.466552603456164
1730783707.5104384;/app/bags/user95_2017-02-24.bag;0.834065854549408;0.0;0.9619645476341248;0.0;2.3641359312406167;0.533447396543836;0.466552603456164
1730783707.71038;/app/bags/user95_2017-02-24.bag;0.834065854549408;0.0;0.9619645476341248;0.0;2.3641359312406167;0.533447396543836;0.466552603456164
1730783707.9103582;/app/bags/user95_2017-02-24.bag;0.834065854549408;0.0;0.9619645476341248;0.0;2.3641359312406167;0.533447396543836;0.466552603456164
1730783708.1104438;/app/bags/user95_2017-02-24.bag;0.834065854549408;0.0;0.9619645476341248;0.0;2.3641359312406167;0.533447396543836;0.466552603456164
1730783708.3103745;/app/bags/user95_2017-02-24.bag;0.834065854549408;0.0;0.9619645476341248;0.0;2.3641359312406167;0.533447396543836;0.466552603456164
1730783708.5104153;/app/bags/user95_2017-02-24.bag;0.834065854549408;0.0;0.9619645476341248;0.0;2.3641359312406167;0.533447396543836;0.466552603456164
1730783708.7104373;/app/bags/user95_2017-02-24.bag;0.834065854549408;0.0;0.9619645476341248;0.0;2.3641359312406167;0.533447396543836;0.466552603456164
1730783708.9104085;/app/bags/user95_2017-02-24.bag;0.834065854549408;0.0;0.9619645476341248;0.0;2.3641359312406167;0.533447396543836;0.466552603456164
1730783709.110399;/app/bags/user95_2017-02-24.bag;0.834065854549408;0.0;0.9619645476341248;0.0;2.3641359312406167;0.533447396543836;0.466552603456164
1730783709.3103757;/app/bags/user95_2017-02-24.bag;0.834065854549408;0.0;0.9619645476341248;0.0;2.3641359312406167;0.533447396543836;0.466552603456164
1730783709.510398;/app/bags/user95_2017-02-24.bag;0.834065854549408;0.0;0.9619645476341248;0.0;2.3641359312406167;0.533447396543836;0.466552603456164
1730783709.710413;/app/bags/user95_2017-02-24.bag;0.834065854549408;0.0;0.9619645476341248;0.0;2.3641359312406167;0.533447396543836;0.466552603456164
1730783709.9103773;/app/bags/user95_2017-02-24.bag;0.834065854549408;0.0;0.9619645476341248;0.0;2.3641359312406167;0.533447396543836;0.466552603456164
1730783710.1104207;/app/bags/user95_2017-02-24.bag;0.834065854549408;0.0;0.9619645476341248;0.0;2.3641359312406167;0.533447396543836;0.466552603456164
1730783710.3103814;/app/bags/user95_2017-02-24.bag;0.834065854549408;0.0;0.9619645476341248;0.0;2.3641359312406167;0.533447396543836;0.466552603456164
1730783710.5103827;/app/bags/user95_2017-02-24.bag;0.834065854549408;0.0;0.9619645476341248;0.0;2.3641359312406167;0.533447396543836;0.466552603456164
1730783710.7103744;/app/bags/user95_2017-02-24.bag;0.834065854549408;0.0;0.9619645476341248;0.0;2.3641359312406167;0.533447396543836;0.466552603456164
1730783710.9104311;/app/bags/user95_2017-02-24.bag;0.834065854549408;0.0;0.9619645476341248;0.0;2.3641359312406167;0.533447396543836;0.466552603456164
1730783711.1103992;/app/bags/user95_2017-02-24.bag;0.834065854549408;0.0;0.9619645476341248;0.0;2.3641359312406167;0.533447396543836;0.466552603456164
1730783711.3105423;/app/bags/user95_2017-02-24.bag;0.834065854549408;0.0;0.9619645476341248;0.0;2.3641359312406167;0.533447396543836;0.466552603456164
1730783711.5105424;/app/bags/user95_2017-02-24.bag;0.834065854549408;0.0;0.9619645476341248;0.0;2.3641359312406167;0.533447396543836;0.466552603456164
1730783711.710389;/app/bags/user95_2017-02-24.bag;0.834065854549408;0.0;0.9619645476341248;0.0;2.3641359312406167;0.533447396543836;0.466552603456164
1730783711.9104156;/app/bags/user95_2017-02-24.bag;0.834065854549408;0.0;0.9619645476341248;0.0;2.3641359312406167;0.533447396543836;0.466552603456164
1730783712.1104398;/app/bags/user95_2017-02-24.bag;0.834065854549408;0.0;0.9619645476341248;0.0;2.3641359312406167;0.533447396543836;0.466552603456164
1730783712.310343;/app/bags/user95_2017-02-24.bag;0.834065854549408;0.0;0.9619645476341248;0.0;2.3641359312406167;0.533447396543836;0.466552603456164
1730783712.5103421;/app/bags/user95_2017-02-24.bag;0.834065854549408;0.0;0.9619645476341248;0.0;2.3641359312406167;0.533447396543836;0.466552603456164
1730783712.7104044;/app/bags/user95_2017-02-24.bag;0.834065854549408;0.0;0.9619645476341248;0.0;2.3641359312406167;0.533447396543836;0.466552603456164
1730783712.9103644;/app/bags/user95_2017-02-24.bag;0.834065854549408;0.0;0.9619645476341248;0.0;2.3641359312406167;0.533447396543836;0.466552603456164
1730783713.110392;/app/bags/user95_2017-02-24.bag;0.834065854549408;0.0;0.9619645476341248;0.0;2.3641359312406167;0.533447396543836;0.466552603456164
1730783713.3104117;/app/bags/user95_2017-02-24.bag;0.834065854549408;0.0;0.9619645476341248;0.0;2.3641359312406167;0.533447396543836;0.466552603456164
1730783713.510405;/app/bags/user95_2017-02-24.bag;0.834065854549408;0.0;0.9619645476341248;0.0;2.3641359312406167;0.533447396543836;0.466552603456164
1730783713.7104769;/app/bags/user95_2017-02-24.bag;0.834065854549408;0.0;0.9619645476341248;0.0;2.3641359312406167;0.533447396543836;0.466552603456164
1730783713.9103777;/app/bags/user95_2017-02-24.bag;0.834065854549408;0.0;0.9619645476341248;0.0;2.3641359312406167;0.533447396543836;0.466552603456164
1730783714.1103716;/app/bags/user95_2017-02-24.bag;0.834065854549408;0.0;0.9619645476341248;0.0;2.3641359312406167;0.533447396543836;0.466552603456164
1730783714.3103886;/app/bags/user95_2017-02-24.bag;0.834065854549408;0.0;0.9619645476341248;0.0;2.3641359312406167;0.533447396543836;0.466552603456164
1730783714.5104935;/app/bags/user95_2017-02-24.bag;0.834065854549408;0.0;0.9619645476341248;0.0;2.3641359312406167;0.533447396543836;0.466552603456164
1730783714.7103796;/app/bags/user95_2017-02-24.bag;0.834065854549408;0.0;0.9619645476341248;0.0;2.3641359312406167;0.533447396543836;0.466552603456164
1730783714.9103475;/app/bags/user95_2017-02-24.bag;0.834065854549408;0.0;0.9619645476341248;0.0;2.3641359312406167;0.533447396543836;0.466552603456164
1730783715.1103866;/app/bags/user95_2017-02-24.bag;0.834065854549408;0.0;0.9619645476341248;0.0;2.3641359312406167;0.533447396543836;0.466552603456164
1730783715.3103514;/app/bags/user95_2017-02-24.bag;0.834065854549408;0.0;0.9619645476341248;0.0;2.3641359312406167;0.533447396543836;0.466552603456164
1730783715.5104399;/app/bags/user95_2017-02-24.bag;0.834065854549408;0.0;0.9619645476341248;0.0;2.3641359312406167;0.533447396543836;0.466552603456164
1730783715.7103746;/app/bags/user95_2017-02-24.bag;0.834065854549408;0.0;0.9619645476341248;0.0;2.3641359312406167;0.533447396543836;0.466552603456164
1730783715.9103844;/app/bags/user95_2017-02-24.bag;0.834065854549408;0.0;0.9619645476341248;0.0;2.3641359312406167;0.533447396543836;0.466552603456164
1730783716.1104398;/app/bags/user95_2017-02-24.bag;0.834065854549408;0.0;0.9619645476341248;0.0;2.3641359312406167;0.533447396543836;0.466552603456164
1730783716.310527;/app/bags/user95_2017-02-24.bag;0.834065854549408;0.0;0.9619645476341248;0.0;2.3641359312406167;0.533447396543836;0.466552603456164
1730783716.5103688;/app/bags/user95_2017-02-24.bag;0.834065854549408;0.0;0.9619645476341248;0.0;2.3641359312406167;0.533447396543836;0.466552603456164
1730783716.7104173;/app/bags/user95_2017-02-24.bag;0.834065854549408;0.0;0.9619645476341248;0.0;2.3641359312406167;0.533447396543836;0.466552603456164
1730783716.9103775;/app/bags/user95_2017-02-24.bag;0.834065854549408;0.0;0.9619645476341248;0.0;2.3641359312406167;0.533447396543836;0.466552603456164
1730783717.1104293;/app/bags/user95_2017-02-24.bag;0.834065854549408;0.0;0.9619645476341248;0.0;2.3641359312406167;0.533447396543836;0.466552603456164
1730783717.3104324;/app/bags/user95_2017-02-24.bag;0.834065854549408;0.0;0.9619645476341248;0.0;2.3641359312406167;0.533447396543836;0.466552603456164
1730783717.5103781;/app/bags/user95_2017-02-24.bag;0.834065854549408;0.0;0.9619645476341248;0.0;2.3641359312406167;0.533447396543836;0.466552603456164
1730783717.7103863;/app/bags/user95_2017-02-24.bag;0.834065854549408;0.0;0.9619645476341248;0.0;2.3641359312406167;0.533447396543836;0.466552603456164
1730783717.9106429;/app/bags/user95_2017-02-24.bag;0.834065854549408;0.0;0.9619645476341248;0.0;2.3641359312406167;0.533447396543836;0.466552603456164
